ChatterBot X-ray round 1
ChatterBot Golf round 1
ChatterBot Echo round 1
ChatterBot Mike round 1
ChatterBot Papa round 1
ChatterBot Uniform round 1
ChatterBot Foxtrot round 1
ChatterBot Sierra round 1
ChatterBot November round 1
ChatterBot Delta round 1
randomSelections Golf: {Golf, Papa, Delta, Foxtrot, Echo, November} 
2024-10-14 17:09:47.937874 Golf: Friends?
ChatterBot Papa reevaluating
ChatterBot Delta reevaluating
ChatterBot Foxtrot reevaluating
ChatterBot Echo reevaluating
ChatterBot November reevaluating
2024-10-14 17:09:47.946048 Papa: Yes
2024-10-14 17:09:47.946192 Delta: Yes
2024-10-14 17:09:47.946322 Foxtrot: Yes
2024-10-14 17:09:47.946447 Echo: Yes
2024-10-14 17:09:47.946582 November: Yes
ChatterBot Delta reevaluating
ChatterBot Foxtrot reevaluating
ChatterBot Echo reevaluating
ChatterBot November reevaluating
ChatterBot Papa reevaluating
ChatterBot Foxtrot reevaluating
ChatterBot Echo reevaluating
ChatterBot November reevaluating
ChatterBot Papa reevaluating
ChatterBot Delta reevaluating
ChatterBot Echo reevaluating
ChatterBot November reevaluating
ChatterBot Papa reevaluating
ChatterBot Delta reevaluating
ChatterBot Foxtrot reevaluating
ChatterBot November reevaluating
ChatterBot Papa reevaluating
ChatterBot Delta reevaluating
ChatterBot Foxtrot reevaluating
ChatterBot Echo reevaluating
randomSelections X-ray: {X-ray, Golf, Echo, November, Papa, Uniform} 
2024-10-14 17:09:48.008661 X-ray: We would work well together
ChatterBot Echo reevaluating
ChatterBot November reevaluating
ChatterBot Papa reevaluating
ChatterBot Uniform reevaluating
2024-10-14 17:09:48.024019 Golf: No
2024-10-14 17:09:48.024256 Echo: No
2024-10-14 17:09:48.024578 November: No
2024-10-14 17:09:48.025306 Papa: No
2024-10-14 17:09:48.025495 Uniform: Yes
ChatterBot Echo reevaluating
ChatterBot November reevaluating
ChatterBot Papa reevaluating
ChatterBot Uniform reevaluating
ChatterBot November reevaluating
ChatterBot Papa reevaluating
ChatterBot Uniform reevaluating
ChatterBot Echo reevaluating
ChatterBot Papa reevaluating
ChatterBot Uniform reevaluating
ChatterBot Echo reevaluating
ChatterBot November reevaluating
ChatterBot Uniform reevaluating
ChatterBot Echo reevaluating
ChatterBot November reevaluating
ChatterBot Papa reevaluating
randomSelections Mike: {Mike, Golf, Sierra, Echo, X-ray} 
2024-10-14 17:09:48.065928 Mike: We should group up
ChatterBot Sierra reevaluating
ChatterBot Echo reevaluating
2024-10-14 17:09:48.072079 Golf: No
2024-10-14 17:09:48.072228 Sierra: Yes
2024-10-14 17:09:48.072343 Echo: No
2024-10-14 17:09:48.072502 X-ray: No
ChatterBot Sierra reevaluating
ChatterBot Echo reevaluating
ChatterBot Echo reevaluating
ChatterBot Sierra reevaluating
ChatterBot Sierra reevaluating
ChatterBot Echo reevaluating
2024-10-14 17:09:48.112667 Uniform: X-ray, sending you 3
2024-10-14 17:09:48.114008 Delta: Golf and Papa, sending you 3
2024-10-14 17:09:48.116706 Uniform: November, sending you 2
2024-10-14 17:09:48.117689 November: Golf, sending you 3
2024-10-14 17:09:48.118115 X-ray: Golf, sending you 1
2024-10-14 17:09:48.119191 Delta: Foxtrot and November, sending you 4
2024-10-14 17:09:48.119665 Foxtrot: Golf and November, sending you 2
2024-10-14 17:09:48.120911 Golf: Echo, sending you 5
2024-10-14 17:09:48.121678 Mike: X-ray, sending you 2
2024-10-14 17:09:48.122053 X-ray: Echo and Papa, sending you 3
2024-10-14 17:09:48.122845 Papa: Golf and Echo, sending you 3
2024-10-14 17:09:48.123265 November: Echo, sending you 1
2024-10-14 17:09:48.124682 Foxtrot: Echo, sending you 1
2024-10-14 17:09:48.125962 Golf: Papa and Delta, sending you 2
2024-10-14 17:09:48.126311 Mike: Golf, sending you 5
2024-10-14 17:09:48.126573 X-ray: Uniform and November, sending you 2
2024-10-14 17:09:48.126907 November: Papa and Foxtrot, sending you 2
2024-10-14 17:09:48.127574 Echo: Golf, sending you 3
2024-10-14 17:09:48.127858 Papa: Foxtrot, sending you 2
2024-10-14 17:09:48.129658 Foxtrot: Papa and Delta, sending you 3
2024-10-14 17:09:48.130851 Golf: Foxtrot, sending you 4
2024-10-14 17:09:48.131223 Mike: Echo, sending you 1
2024-10-14 17:09:48.131697 November: Delta, sending you 5
2024-10-14 17:09:48.132071 Papa: November, sending you 4
2024-10-14 17:09:48.132772 Echo: Papa, sending you 2
2024-10-14 17:09:48.134103 Sierra: X-ray, sending you 1
2024-10-14 17:09:48.135746 Golf: November, sending you 1
2024-10-14 17:09:48.136211 Echo: Foxtrot, sending you 4
2024-10-14 17:09:48.136690 Papa: Delta, sending you 1
2024-10-14 17:09:48.137339 Sierra: Golf and Mike, sending you 5
2024-10-14 17:09:48.139683 Echo: November and Delta, sending you 1
2024-10-14 17:09:48.140723 Sierra: Echo, sending you 2
chatterbot X-ray submitting transactions
chatterbot Golf submitting transactions
chatterbot Foxtrot submitting transactions
chatterbot Sierra submitting transactions
chatterbot Papa submitting transactions
chatterbot November submitting transactions
chatterbot Delta submitting transactions
chatterbot Echo submitting transactions
chatterbot Mike submitting transactions
chatterbot Uniform submitting transactions
ChatterBot X-ray round 2
ChatterBot Golf round 2
ChatterBot Echo round 2
ChatterBot Mike round 2
2024-10-14 17:09:49.316978 X-ray: Group up?
ChatterBot Uniform reevaluating
ChatterBot Mike reevaluating
ChatterBot Sierra reevaluating
2024-10-14 17:09:49.362909 Uniform: No
2024-10-14 17:09:49.363149 Mike: No
2024-10-14 17:09:49.363356 Sierra: No
ChatterBot Mike reevaluating
ChatterBot Sierra reevaluating
ChatterBot Uniform reevaluating
ChatterBot Sierra reevaluating
ChatterBot Uniform reevaluating
ChatterBot Mike reevaluating
2024-10-14 17:09:49.475115 Mike: We would work well together
ChatterBot Uniform reevaluating
ChatterBot Sierra reevaluating
2024-10-14 17:09:49.519904 X-ray: Yes
2024-10-14 17:09:49.520154 Uniform: No
2024-10-14 17:09:49.520329 Sierra: No
ChatterBot Uniform reevaluating
ChatterBot Mike reevaluating
ChatterBot Sierra reevaluating
ChatterBot Mike reevaluating
ChatterBot Sierra reevaluating
ChatterBot Uniform reevaluating
ChatterBot Mike reevaluating
ChatterBot Papa round 2
ChatterBot Uniform round 2
ChatterBot Foxtrot round 2
ChatterBot Sierra round 2
ChatterBot November round 2
ChatterBot Delta round 2
2024-10-14 17:09:49.666566 Papa: We should add X-ray
ChatterBot Delta reevaluating
ChatterBot Foxtrot reevaluating
ChatterBot Echo reevaluating
ChatterBot November reevaluating
2024-10-14 17:09:49.757849 Golf: Yes
2024-10-14 17:09:49.758204 Delta: Yes
2024-10-14 17:09:49.759197 Foxtrot: Yes
2024-10-14 17:09:49.759487 Echo: Yes
2024-10-14 17:09:49.759791 November: Yes
ChatterBot Delta reevaluating
ChatterBot Foxtrot reevaluating
ChatterBot Echo reevaluating
ChatterBot November reevaluating
ChatterBot Foxtrot reevaluating
ChatterBot Echo reevaluating
ChatterBot November reevaluating
ChatterBot Delta reevaluating
ChatterBot Echo reevaluating
ChatterBot November reevaluating
ChatterBot Delta reevaluating
ChatterBot Foxtrot reevaluating
ChatterBot November reevaluating
ChatterBot Delta reevaluating
ChatterBot Foxtrot reevaluating
ChatterBot Echo reevaluating
2024-10-14 17:09:49.889414 Papa: X-ray we want you to join our group
2024-10-14 17:09:49.895600 X-ray: No
ChatterBot Echo reevaluating
ChatterBot Foxtrot reevaluating
ChatterBot November reevaluating
ChatterBot Delta reevaluating
2024-10-14 17:09:49.933257 X-ray: Mike, sending you 4
2024-10-14 17:09:50.000579 Echo: We should drop Delta
ChatterBot Foxtrot reevaluating
2024-10-14 17:09:50.025407 Golf: No
2024-10-14 17:09:50.025660 Papa: No
2024-10-14 17:09:50.025847 Foxtrot: No
2024-10-14 17:09:50.026039 November: No
ChatterBot Echo reevaluating
ChatterBot Foxtrot reevaluating
ChatterBot Echo reevaluating
ChatterBot Foxtrot reevaluating
ChatterBot Echo reevaluating
ChatterBot Echo reevaluating
ChatterBot Foxtrot reevaluating
2024-10-14 17:09:50.127019 X-ray: Uniform, sending you 5
2024-10-14 17:09:50.127500 Golf: Echo, Papa, November and Delta, sending you 3
2024-10-14 17:09:50.128492 Mike: X-ray, sending you 1
2024-10-14 17:09:50.128872 November: X-ray we want you to join our group
2024-10-14 17:09:50.134986 X-ray: No
ChatterBot Echo reevaluating
ChatterBot Foxtrot reevaluating
chatterbot X-ray submitting transactions
2024-10-14 17:09:50.172877 X-ray: Sierra, sending you 2
2024-10-14 17:09:50.173249 Mike: Sierra, sending you 9
2024-10-14 17:09:50.173649 Golf: Foxtrot, sending you 2
2024-10-14 17:09:50.174700 Papa: X-ray, Golf, Echo, November and Delta, sending you 2
2024-10-14 17:09:50.220249 Sierra: X-ray, Mike and Uniform, sending you 5
2024-10-14 17:09:50.220621 Delta: Golf, sending you 2
2024-10-14 17:09:50.221856 Foxtrot: We should drop Echo
ChatterBot Golf reevaluating
2024-10-14 17:09:50.237405 Golf: Yes
2024-10-14 17:09:50.237976 Papa: No
2024-10-14 17:09:50.238112 November: No
2024-10-14 17:09:50.238261 Delta: No
ChatterBot Golf reevaluating
ChatterBot Golf reevaluating
ChatterBot Golf reevaluating
2024-10-14 17:09:50.367610 Uniform: X-ray, sending you 3
2024-10-14 17:09:50.368341 Papa: Foxtrot, sending you 3
2024-10-14 17:09:50.370315 Echo: We should drop November
ChatterBot Golf reevaluating
2024-10-14 17:09:50.396220 Golf: No
2024-10-14 17:09:50.396632 Papa: No
2024-10-14 17:09:50.396911 Foxtrot: No
2024-10-14 17:09:50.397223 Delta: No
ChatterBot Echo reevaluating
ChatterBot Echo reevaluating
ChatterBot Golf reevaluating
ChatterBot Echo reevaluating
ChatterBot Golf reevaluating
ChatterBot Echo reevaluating
ChatterBot Golf reevaluating
2024-10-14 17:09:50.506644 Delta: Echo and Papa, sending you 1
2024-10-14 17:09:50.507766 Uniform: Mike, sending you 1
chatterbot Mike submitting transactions
chatterbot Golf submitting transactions
2024-10-14 17:09:50.510055 November: X-ray and Foxtrot, sending you 2
2024-10-14 17:09:50.529791 Delta: Foxtrot, sending you 3
2024-10-14 17:09:50.531173 November: Golf and Echo, sending you 1
2024-10-14 17:09:50.532076 Echo: We should drop Foxtrot
ChatterBot Golf reevaluating
2024-10-14 17:09:50.557885 Golf: No
2024-10-14 17:09:50.558160 Papa: No
2024-10-14 17:09:50.558333 November: No
2024-10-14 17:09:50.558481 Delta: No
ChatterBot Echo reevaluating
ChatterBot Echo reevaluating
ChatterBot Golf reevaluating
ChatterBot Echo reevaluating
ChatterBot Golf reevaluating
ChatterBot Echo reevaluating
ChatterBot Golf reevaluating
2024-10-14 17:09:50.658593 Delta: November, sending you 4
2024-10-14 17:09:50.659548 November: Papa, sending you 4
chatterbot Uniform submitting transactions
chatterbot Papa submitting transactions
chatterbot Sierra submitting transactions
2024-10-14 17:09:50.660712 Foxtrot: Golf, Papa and Delta, sending you 3
2024-10-14 17:09:50.672561 November: Delta, sending you 3
2024-10-14 17:09:50.673704 Foxtrot: November, sending you 2
2024-10-14 17:09:50.751498 Golf: Sorry, I'm actually sending you 0
chatterbot November submitting transactions
2024-10-14 17:09:50.786621 Golf: Papa, November and Delta, sending you 4
2024-10-14 17:09:50.787057 Echo: Golf, sending you 4
2024-10-14 17:09:50.881260 Echo: Papa, sending you 3
chatterbot Delta submitting transactions
2024-10-14 17:09:50.911296 Echo: Foxtrot and November, sending you 2
chatterbot Golf submitting transactions
chatterbot Echo submitting transactions
chatterbot Foxtrot submitting transactions
ChatterBot X-ray round 3
ChatterBot Golf round 3
ChatterBot Echo round 3
ChatterBot Mike round 3
ChatterBot Papa round 3
ChatterBot Uniform round 3
2024-10-14 17:09:51.540092 X-ray: We should add Echo
ChatterBot Uniform reevaluating
ChatterBot Mike reevaluating
2024-10-14 17:09:51.557855 Uniform: No
2024-10-14 17:09:51.558232 Mike: No
2024-10-14 17:09:51.558465 Sierra: No
ChatterBot X-ray reevaluating
ChatterBot Mike reevaluating
ChatterBot X-ray reevaluating
ChatterBot Uniform reevaluating
ChatterBot X-ray reevaluating
ChatterBot Uniform reevaluating
ChatterBot Mike reevaluating
ChatterBot Foxtrot round 3
ChatterBot Sierra round 3
ChatterBot November round 3
ChatterBot Delta round 3
2024-10-14 17:09:51.620327 Echo: We should replace November with Delta
2024-10-14 17:09:51.637033 Golf: No
2024-10-14 17:09:51.637538 Papa: No
2024-10-14 17:09:51.638068 Foxtrot: No
ChatterBot Echo reevaluating
ChatterBot Echo reevaluating
ChatterBot Echo reevaluating
2024-10-14 17:09:51.686513 Uniform: We should replace Mike with Sierra
ChatterBot X-ray reevaluating
2024-10-14 17:09:51.692195 X-ray: No
ChatterBot Uniform reevaluating
2024-10-14 17:09:51.719544 Echo: We should replace Foxtrot with Delta
2024-10-14 17:09:51.726377 Golf: No
2024-10-14 17:09:51.726511 Papa: No
2024-10-14 17:09:51.726623 November: No
ChatterBot Echo reevaluating
ChatterBot Papa reevaluating
ChatterBot Echo reevaluating
ChatterBot Echo reevaluating
ChatterBot Papa reevaluating
2024-10-14 17:09:51.755689 Golf: Papa, Foxtrot and Delta, sending you 4
2024-10-14 17:09:51.759687 Echo: Delta we want you to join our group
2024-10-14 17:09:51.762981 Delta: Yes
ChatterBot Echo reevaluating
ChatterBot Papa reevaluating
2024-10-14 17:09:51.775669 Golf: November, sending you 2
2024-10-14 17:09:51.776232 Sierra: X-ray, sending you 3
2024-10-14 17:09:51.780890 Sierra: Mike, sending you 6
2024-10-14 17:09:51.781138 Delta: Golf and November, sending you 4
2024-10-14 17:09:51.781681 Foxtrot: Golf, Papa and Delta, sending you 3
2024-10-14 17:09:51.782051 November: X-ray, sending you 1
2024-10-14 17:09:51.782432 Mike: X-ray, sending you 4
2024-10-14 17:09:51.782749 X-ray: Mike, sending you 3
2024-10-14 17:09:51.783719 Sierra: Uniform, sending you 1
2024-10-14 17:09:51.784685 Delta: Echo, sending you 1
2024-10-14 17:09:51.785052 Foxtrot: November, sending you 2
2024-10-14 17:09:51.785704 X-ray: Uniform and Sierra, sending you 4
2024-10-14 17:09:51.786688 November: Golf and Delta, sending you 3
2024-10-14 17:09:51.787635 Mike: Uniform, sending you 1
2024-10-14 17:09:51.788657 Uniform: X-ray, sending you 4
2024-10-14 17:09:51.789673 Delta: Papa, sending you 2
2024-10-14 17:09:51.791648 November: Echo, Papa and Foxtrot, sending you 2
2024-10-14 17:09:51.792046 Mike: Sierra, sending you 7
2024-10-14 17:09:51.792677 Echo: Golf, sending you 3
2024-10-14 17:09:51.793656 Uniform: Mike, sending you 1
2024-10-14 17:09:51.793896 Delta: Foxtrot, sending you 3
2024-10-14 17:09:51.794252 Papa: X-ray, sending you 1
2024-10-14 17:09:51.796669 Papa: Golf and November, sending you 3
2024-10-14 17:09:51.797666 Echo: Papa, sending you 4
2024-10-14 17:09:51.799660 Papa: Echo, Foxtrot and Delta, sending you 2
2024-10-14 17:09:51.802658 Echo: November and Delta, sending you 2
chatterbot X-ray submitting transactions
chatterbot November submitting transactions
chatterbot Uniform submitting transactions
chatterbot Sierra submitting transactions
chatterbot Mike submitting transactions
chatterbot Golf submitting transactions
chatterbot Papa submitting transactions
chatterbot Echo submitting transactions
chatterbot Delta submitting transactions
chatterbot Foxtrot submitting transactions
ChatterBot X-ray round 4
ChatterBot Golf round 4
ChatterBot Echo round 4
ChatterBot Mike round 4
ChatterBot Papa round 4
ChatterBot Uniform round 4
ChatterBot Foxtrot round 4
ChatterBot Sierra round 4
ChatterBot November round 4
ChatterBot Delta round 4
2024-10-14 17:09:52.812753 Uniform: We should replace Mike with Sierra
ChatterBot X-ray reevaluating
2024-10-14 17:09:52.821044 X-ray: No
2024-10-14 17:09:52.922944 Uniform: Sierra we want you to join our group
2024-10-14 17:09:52.927848 Sierra: Yes
ChatterBot X-ray reevaluating
2024-10-14 17:09:52.938305 November: We should drop X-ray
2024-10-14 17:09:52.954218 Golf: Yes
2024-10-14 17:09:52.954522 Papa: Yes
2024-10-14 17:09:52.954920 Delta: Yes
2024-10-14 17:09:52.955663 Foxtrot: Yes
2024-10-14 17:09:52.955891 Echo: Yes
ChatterBot Papa reevaluating
ChatterBot Papa reevaluating
ChatterBot Echo reevaluating
ChatterBot Papa reevaluating
ChatterBot Echo reevaluating
ChatterBot November reevaluating
ChatterBot Papa reevaluating
ChatterBot November reevaluating
2024-10-14 17:09:53.050877 Mike: X-ray, sending you 4
2024-10-14 17:09:53.051692 Foxtrot: Golf, Papa and Delta, sending you 3
2024-10-14 17:09:53.052289 Sierra: X-ray, sending you 4
2024-10-14 17:09:53.053181 Golf: Papa and November, sending you 3
2024-10-14 17:09:53.054683 Mike: Uniform, sending you 1
2024-10-14 17:09:53.055831 Golf: Foxtrot and Delta, sending you 4
2024-10-14 17:09:53.056707 Foxtrot: November, sending you 2
2024-10-14 17:09:53.057445 Sierra: Mike, sending you 5
2024-10-14 17:09:53.057802 X-ray: Mike, sending you 3
2024-10-14 17:09:53.058179 Uniform: X-ray, sending you 3
2024-10-14 17:09:53.058452 Mike: Sierra, sending you 7
2024-10-14 17:09:53.062672 Sierra: Uniform, sending you 1
2024-10-14 17:09:53.063704 X-ray: Uniform and Sierra, sending you 4
2024-10-14 17:09:53.064050 Uniform: Sierra, sending you 2
2024-10-14 17:09:53.071689 Delta: Golf and November, sending you 4
2024-10-14 17:09:53.072295 Echo: Golf, Papa and November, sending you 3
2024-10-14 17:09:53.073314 November: Golf, Papa and Delta, sending you 3
2024-10-14 17:09:53.076665 Delta: Echo, sending you 1
2024-10-14 17:09:53.077659 Echo: Delta, sending you 2
2024-10-14 17:09:53.078969 November: Echo and Foxtrot, sending you 2
2024-10-14 17:09:53.079700 Delta: Papa, sending you 2
2024-10-14 17:09:53.082663 Papa: Golf, Echo and Foxtrot, sending you 3
2024-10-14 17:09:53.084678 Delta: Foxtrot, sending you 3
2024-10-14 17:09:53.087655 Papa: November and Delta, sending you 2
chatterbot X-ray submitting transactions
chatterbot Papa submitting transactions
chatterbot Mike submitting transactions
chatterbot Uniform submitting transactions
chatterbot Delta submitting transactions
chatterbot Foxtrot submitting transactions
chatterbot Sierra submitting transactions
chatterbot Echo submitting transactions
chatterbot Golf submitting transactions
chatterbot November submitting transactions
ChatterBot X-ray round 5
ChatterBot Golf round 5
ChatterBot Echo round 5
ChatterBot Mike round 5
ChatterBot Papa round 5
ChatterBot Uniform round 5
ChatterBot Foxtrot round 5
ChatterBot Sierra round 5
ChatterBot November round 5
ChatterBot Delta round 5
2024-10-14 17:09:54.215108 November: We should add Uniform
ChatterBot Papa reevaluating
2024-10-14 17:09:54.231150 Golf: No
2024-10-14 17:09:54.231342 Papa: Yes
2024-10-14 17:09:54.231485 Delta: No
2024-10-14 17:09:54.231628 Foxtrot: No
2024-10-14 17:09:54.231792 Echo: No
ChatterBot Papa reevaluating
ChatterBot November reevaluating
ChatterBot November reevaluating
ChatterBot Papa reevaluating
ChatterBot Echo reevaluating
ChatterBot November reevaluating
ChatterBot Papa reevaluating
ChatterBot Echo reevaluating
ChatterBot November reevaluating
ChatterBot Papa reevaluating
ChatterBot November reevaluating
2024-10-14 17:09:54.326782 Golf: Papa, Foxtrot and November, sending you 3
2024-10-14 17:09:54.327686 Uniform: X-ray, sending you 4
2024-10-14 17:09:54.328204 X-ray: Mike, sending you 3
2024-10-14 17:09:54.331659 Golf: Delta, sending you 5
2024-10-14 17:09:54.333681 Uniform: Sierra, sending you 2
2024-10-14 17:09:54.334317 X-ray: Uniform and Sierra, sending you 4
2024-10-14 17:09:54.335057 Sierra: X-ray, sending you 4
2024-10-14 17:09:54.340133 Sierra: Echo and Uniform, sending you 1
2024-10-14 17:09:54.340783 Mike: X-ray, sending you 4
2024-10-14 17:09:54.343751 Mike: Uniform, sending you 1
2024-10-14 17:09:54.344135 Echo: Golf and Delta, sending you 2
2024-10-14 17:09:54.345945 Sierra: Mike, sending you 5
2024-10-14 17:09:54.346328 Foxtrot: Golf, Papa and Delta, sending you 3
2024-10-14 17:09:54.346833 Papa: Golf, Echo, Foxtrot and November, sending you 3
2024-10-14 17:09:54.347989 Mike: Sierra, sending you 7
2024-10-14 17:09:54.348765 Echo: Papa, sending you 4
2024-10-14 17:09:54.351028 Foxtrot: November, sending you 2
2024-10-14 17:09:54.351598 Delta: Golf, sending you 5
2024-10-14 17:09:54.352802 Papa: Delta, sending you 1
2024-10-14 17:09:54.353435 November: Golf, Papa and Delta, sending you 3
2024-10-14 17:09:54.354560 Echo: November, sending you 3
2024-10-14 17:09:54.356691 Delta: Echo, sending you 1
2024-10-14 17:09:54.358672 November: Echo and Foxtrot, sending you 2
2024-10-14 17:09:54.361683 Delta: Papa, sending you 2
2024-10-14 17:09:54.368130 Delta: Foxtrot and November, sending you 3
chatterbot Echo submitting transactions
chatterbot Foxtrot submitting transactions
chatterbot Uniform submitting transactions
chatterbot Golf submitting transactions
chatterbot Mike submitting transactions
chatterbot Papa submitting transactions
chatterbot Delta submitting transactions
chatterbot Sierra submitting transactions
chatterbot X-ray submitting transactions
chatterbot November submitting transactions
ChatterBot X-ray round 6
ChatterBot Golf round 6
ChatterBot Echo round 6
ChatterBot Mike round 6
ChatterBot Papa round 6
ChatterBot Uniform round 6
ChatterBot Foxtrot round 6
ChatterBot Sierra round 6
ChatterBot November round 6
ChatterBot Delta round 6
2024-10-14 17:09:55.343655 X-ray: Mike, sending you 3
2024-10-14 17:09:55.348059 Golf: Papa, Foxtrot and November, sending you 3
2024-10-14 17:09:55.348542 X-ray: Uniform and Sierra, sending you 4
2024-10-14 17:09:55.350739 Golf: Delta, sending you 5
2024-10-14 17:09:55.351671 Mike: X-ray, sending you 4
2024-10-14 17:09:55.352681 November: Golf, Papa and Delta, sending you 3
2024-10-14 17:09:55.353678 Papa: Golf, Echo, Foxtrot and November, sending you 3
2024-10-14 17:09:55.354673 Mike: Uniform, sending you 1
2024-10-14 17:09:55.356653 Echo: Golf and Delta, sending you 2
2024-10-14 17:09:55.356949 Foxtrot: Golf, Papa and Delta, sending you 3
2024-10-14 17:09:55.358668 November: Echo and Foxtrot, sending you 2
2024-10-14 17:09:55.359267 Papa: Delta, sending you 1
2024-10-14 17:09:55.359758 Mike: Sierra, sending you 7
2024-10-14 17:09:55.360038 Delta: Golf, sending you 5
2024-10-14 17:09:55.360867 Echo: Papa, sending you 4
2024-10-14 17:09:55.361127 Uniform: X-ray, sending you 4
2024-10-14 17:09:55.361665 Foxtrot: November, sending you 2
2024-10-14 17:09:55.363692 Uniform: Sierra, sending you 2
2024-10-14 17:09:55.365505 Delta: Echo, sending you 1
2024-10-14 17:09:55.366234 Echo: November, sending you 3
2024-10-14 17:09:55.367701 Sierra: X-ray and Mike, sending you 5
2024-10-14 17:09:55.370669 Delta: Papa, sending you 2
2024-10-14 17:09:55.371942 Sierra: Uniform, sending you 2
2024-10-14 17:09:55.376673 Delta: Foxtrot and November, sending you 3
chatterbot Mike submitting transactions
chatterbot X-ray submitting transactions
chatterbot Echo submitting transactions
chatterbot Foxtrot submitting transactions
chatterbot Uniform submitting transactions
chatterbot Sierra submitting transactions
chatterbot Delta submitting transactions
chatterbot Golf submitting transactions
chatterbot November submitting transactions
chatterbot Papa submitting transactions
ChatterBot X-ray round 7
ChatterBot Golf round 7
ChatterBot Echo round 7
ChatterBot Mike round 7
ChatterBot Papa round 7
ChatterBot Uniform round 7
ChatterBot Foxtrot round 7
ChatterBot Sierra round 7
ChatterBot November round 7
ChatterBot Delta round 7
2024-10-14 17:09:56.570673 X-ray: Mike, sending you 3
2024-10-14 17:09:56.574682 X-ray: Uniform and Sierra, sending you 4
2024-10-14 17:09:56.575672 Papa: Golf, Echo, Foxtrot and November, sending you 3
2024-10-14 17:09:56.576742 Echo: Golf and Delta, sending you 2
2024-10-14 17:09:56.578691 Foxtrot: Golf, Papa and Delta, sending you 3
2024-10-14 17:09:56.579696 Echo: Papa, sending you 4
2024-10-14 17:09:56.581678 Papa: Delta, sending you 1
2024-10-14 17:09:56.583214 Foxtrot: November, sending you 2
2024-10-14 17:09:56.584099 Golf: Papa, Foxtrot and November, sending you 3
2024-10-14 17:09:56.585225 Echo: November, sending you 3
2024-10-14 17:09:56.585860 Sierra: X-ray, sending you 5
2024-10-14 17:09:56.586682 Delta: Golf, sending you 5
2024-10-14 17:09:56.588031 Golf: Delta, sending you 5
2024-10-14 17:09:56.589242 Uniform: X-ray, sending you 4
2024-10-14 17:09:56.589580 Sierra: Mike, sending you 4
2024-10-14 17:09:56.590706 November: Golf, Papa and Delta, sending you 3
2024-10-14 17:09:56.592683 Delta: Echo, sending you 1
2024-10-14 17:09:56.594276 Uniform: Sierra, sending you 2
2024-10-14 17:09:56.594768 Sierra: Uniform, sending you 2
2024-10-14 17:09:56.595694 November: Echo and Foxtrot, sending you 2
2024-10-14 17:09:56.598902 Delta: Papa, sending you 2
2024-10-14 17:09:56.602677 Delta: Foxtrot and November, sending you 3
chatterbot Golf submitting transactions
chatterbot Foxtrot submitting transactions
chatterbot Papa submitting transactions
chatterbot Sierra submitting transactions
chatterbot November submitting transactions
chatterbot X-ray submitting transactions
chatterbot Echo submitting transactions
chatterbot Uniform submitting transactions
chatterbot Mike submitting transactions
chatterbot Delta submitting transactions
ChatterBot X-ray round 8
ChatterBot Golf round 8
ChatterBot Echo round 8
ChatterBot Mike round 8
2024-10-14 17:09:57.787118 Echo: We should replace Golf with Foxtrot
2024-10-14 17:09:57.795175 Papa: No
2024-10-14 17:09:57.795339 November: No
2024-10-14 17:09:57.795467 Delta: No
ChatterBot Papa round 8
ChatterBot Uniform round 8
ChatterBot Foxtrot round 8
ChatterBot Sierra round 8
ChatterBot November round 8
ChatterBot Delta round 8
2024-10-14 17:09:57.835157 Echo: Foxtrot we want you to join our group
2024-10-14 17:09:57.839128 Foxtrot: No
ChatterBot Papa reevaluating
ChatterBot November reevaluating
ChatterBot Delta reevaluating
2024-10-14 17:09:57.850407 Papa: We should add Sierra
2024-10-14 17:09:57.850652 November: We should add Sierra
2024-10-14 17:09:57.851269 Delta: We should add Uniform
ChatterBot Delta reevaluating
ChatterBot Echo reevaluating
ChatterBot November reevaluating
2024-10-14 17:09:57.864211 Golf: No
ChatterBot Papa reevaluating
2024-10-14 17:09:57.869138 Delta: No
ChatterBot Delta reevaluating
2024-10-14 17:09:57.872150 Foxtrot: No
2024-10-14 17:09:57.874532 Echo: No
ChatterBot Echo reevaluating
2024-10-14 17:09:57.877243 November: Yes
2024-10-14 17:09:57.877409 Golf: No
2024-10-14 17:09:57.879692 Papa: Yes
ChatterBot Papa reevaluating
2024-10-14 17:09:57.882355 Delta: No
2024-10-14 17:09:57.882508 Foxtrot: No
ChatterBot Foxtrot reevaluating
2024-10-14 17:09:57.885051 Echo: No
ChatterBot Echo reevaluating
ChatterBot November reevaluating
2024-10-14 17:09:57.890707 Golf: No
2024-10-14 17:09:57.890873 Papa: Yes
ChatterBot Papa reevaluating
ChatterBot Delta reevaluating
2024-10-14 17:09:57.896481 Foxtrot: No
ChatterBot Foxtrot reevaluating
2024-10-14 17:09:57.899205 Echo: No
ChatterBot Echo reevaluating
2024-10-14 17:09:57.901989 November: Yes
ChatterBot November reevaluating
ChatterBot Papa reevaluating
ChatterBot Foxtrot reevaluating
ChatterBot Echo reevaluating
ChatterBot November reevaluating
ChatterBot Papa reevaluating
ChatterBot Delta reevaluating
ChatterBot Echo reevaluating
ChatterBot November reevaluating
ChatterBot Papa reevaluating
ChatterBot Delta reevaluating
ChatterBot Foxtrot reevaluating
ChatterBot November reevaluating
ChatterBot Papa reevaluating
ChatterBot Delta reevaluating
ChatterBot Foxtrot reevaluating
ChatterBot Echo reevaluating
ChatterBot Papa reevaluating
ChatterBot Delta reevaluating
ChatterBot Foxtrot reevaluating
ChatterBot Echo reevaluating
ChatterBot November reevaluating
ChatterBot Delta reevaluating
ChatterBot Foxtrot reevaluating
ChatterBot Echo reevaluating
ChatterBot November reevaluating
ChatterBot Papa reevaluating
ChatterBot Foxtrot reevaluating
ChatterBot Echo reevaluating
ChatterBot November reevaluating
ChatterBot Papa reevaluating
ChatterBot Delta reevaluating
ChatterBot Echo reevaluating
ChatterBot November reevaluating
ChatterBot Papa reevaluating
ChatterBot Delta reevaluating
ChatterBot Foxtrot reevaluating
ChatterBot November reevaluating
ChatterBot Papa reevaluating
ChatterBot Delta reevaluating
ChatterBot Foxtrot reevaluating
ChatterBot Echo reevaluating
ChatterBot November reevaluating
ChatterBot Delta reevaluating
ChatterBot Foxtrot reevaluating
ChatterBot Echo reevaluating
ChatterBot November reevaluating
ChatterBot Papa reevaluating
ChatterBot Delta reevaluating
ChatterBot Echo reevaluating
ChatterBot November reevaluating
ChatterBot Papa reevaluating
ChatterBot Delta reevaluating
ChatterBot Foxtrot reevaluating
ChatterBot November reevaluating
ChatterBot Papa reevaluating
ChatterBot Delta reevaluating
ChatterBot Foxtrot reevaluating
ChatterBot Echo reevaluating
2024-10-14 17:09:58.147161 Sierra: We should replace Echo with Foxtrot
2024-10-14 17:09:58.153760 X-ray: No
2024-10-14 17:09:58.153894 Uniform: No
2024-10-14 17:09:58.154316 Mike: No
ChatterBot Sierra reevaluating
ChatterBot X-ray reevaluating
ChatterBot Sierra reevaluating
ChatterBot X-ray reevaluating
ChatterBot Sierra reevaluating
2024-10-14 17:09:58.175504 X-ray: We should add Foxtrot
ChatterBot Mike reevaluating
ChatterBot Sierra reevaluating
2024-10-14 17:09:58.182828 Uniform: No
2024-10-14 17:09:58.182969 Mike: Yes
2024-10-14 17:09:58.183100 Sierra: Yes
ChatterBot X-ray reevaluating
ChatterBot Mike reevaluating
ChatterBot Sierra reevaluating
ChatterBot X-ray reevaluating
ChatterBot Sierra reevaluating
ChatterBot X-ray reevaluating
ChatterBot Mike reevaluating
2024-10-14 17:09:58.218921 Sierra: Foxtrot we want you to join our group
ChatterBot Foxtrot reevaluating
2024-10-14 17:09:58.226291 Foxtrot: No
ChatterBot Sierra reevaluating
ChatterBot X-ray reevaluating
ChatterBot Mike reevaluating
2024-10-14 17:09:58.243788 Papa: Uniform we want you to join our group
2024-10-14 17:09:58.247430 Uniform: No
ChatterBot Echo reevaluating
ChatterBot Foxtrot reevaluating
ChatterBot November reevaluating
2024-10-14 17:09:58.271753 X-ray: Foxtrot we want you to join our group
ChatterBot Foxtrot reevaluating
2024-10-14 17:09:58.277129 Foxtrot: No
ChatterBot Sierra reevaluating
ChatterBot X-ray reevaluating
2024-10-14 17:09:58.296345 Sierra: We should replace Echo with November
ChatterBot X-ray reevaluating
2024-10-14 17:09:58.305458 X-ray: Yes
2024-10-14 17:09:58.305590 Uniform: No
2024-10-14 17:09:58.305715 Mike: No
ChatterBot Mike reevaluating
ChatterBot Sierra reevaluating
ChatterBot X-ray reevaluating
ChatterBot Mike reevaluating
ChatterBot Sierra reevaluating
ChatterBot X-ray reevaluating
ChatterBot Sierra reevaluating
2024-10-14 17:09:58.352495 Golf: Papa, Foxtrot and November, sending you 3
2024-10-14 17:09:58.353203 Uniform: X-ray, sending you 4
2024-10-14 17:09:58.353973 November: Uniform we want you to join our group
2024-10-14 17:09:58.357505 Uniform: No
ChatterBot Echo reevaluating
ChatterBot Foxtrot reevaluating
2024-10-14 17:09:58.375231 X-ray: We should add November
ChatterBot Mike reevaluating
ChatterBot Sierra reevaluating
2024-10-14 17:09:58.383625 Uniform: No
2024-10-14 17:09:58.383821 Mike: Yes
2024-10-14 17:09:58.384295 Sierra: Yes
ChatterBot X-ray reevaluating
ChatterBot Mike reevaluating
ChatterBot Sierra reevaluating
ChatterBot X-ray reevaluating
ChatterBot Sierra reevaluating
ChatterBot X-ray reevaluating
ChatterBot Mike reevaluating
2024-10-14 17:09:58.508814 Golf: Delta, sending you 5
2024-10-14 17:09:58.509986 Golf: I was attacked by Mike
ChatterBot Foxtrot reevaluating
ChatterBot Papa reevaluating
ChatterBot November reevaluating
ChatterBot Delta reevaluating
2024-10-14 17:09:58.531331 Golf: Ow
2024-10-14 17:09:58.534251 Uniform: Sierra, sending you 2
2024-10-14 17:09:58.536293 Mike: We should drop Uniform
ChatterBot X-ray reevaluating
ChatterBot Sierra reevaluating
2024-10-14 17:09:58.547854 X-ray: No
2024-10-14 17:09:58.548693 Sierra: No
ChatterBot Mike reevaluating
ChatterBot Sierra reevaluating
ChatterBot Mike reevaluating
ChatterBot X-ray reevaluating
2024-10-14 17:09:58.569279 Sierra: We should replace Echo with Delta
ChatterBot X-ray reevaluating
ChatterBot Mike reevaluating
2024-10-14 17:09:58.579351 X-ray: No
2024-10-14 17:09:58.579491 Uniform: No
2024-10-14 17:09:58.579684 Mike: No
ChatterBot Mike reevaluating
ChatterBot Sierra reevaluating
ChatterBot X-ray reevaluating
ChatterBot Mike reevaluating
ChatterBot Sierra reevaluating
ChatterBot X-ray reevaluating
ChatterBot Sierra reevaluating
2024-10-14 17:09:58.610692 Sierra: We should replace Echo with Papa
ChatterBot X-ray reevaluating
ChatterBot Mike reevaluating
2024-10-14 17:09:58.619601 X-ray: Yes
2024-10-14 17:09:58.620196 Uniform: No
2024-10-14 17:09:58.620408 Mike: No
ChatterBot Mike reevaluating
ChatterBot Sierra reevaluating
ChatterBot X-ray reevaluating
ChatterBot Mike reevaluating
ChatterBot Sierra reevaluating
ChatterBot X-ray reevaluating
ChatterBot Sierra reevaluating
2024-10-14 17:09:58.648037 Delta: Uniform we want you to join our group
2024-10-14 17:09:58.651239 Uniform: No
ChatterBot Papa reevaluating
ChatterBot Echo reevaluating
ChatterBot Foxtrot reevaluating
ChatterBot November reevaluating
ChatterBot Delta reevaluating
2024-10-14 17:09:58.669539 Sierra: November we want you to join our group
ChatterBot November reevaluating
2024-10-14 17:09:58.673093 November: No
ChatterBot Sierra reevaluating
ChatterBot X-ray reevaluating
2024-10-14 17:09:58.686699 X-ray: We should add Papa
ChatterBot Mike reevaluating
ChatterBot Sierra reevaluating
2024-10-14 17:09:58.697389 Uniform: No
2024-10-14 17:09:58.697570 Mike: Yes
2024-10-14 17:09:58.697737 Sierra: No
ChatterBot X-ray reevaluating
ChatterBot Mike reevaluating
ChatterBot Sierra reevaluating
ChatterBot X-ray reevaluating
ChatterBot Sierra reevaluating
ChatterBot X-ray reevaluating
ChatterBot Mike reevaluating
2024-10-14 17:09:58.728161 Delta: We should drop Uniform
ChatterBot Papa reevaluating
ChatterBot Foxtrot reevaluating
ChatterBot Echo reevaluating
ChatterBot November reevaluating
2024-10-14 17:09:58.743994 Golf: Yes
2024-10-14 17:09:58.744146 Papa: Yes
2024-10-14 17:09:58.744262 Foxtrot: Yes
2024-10-14 17:09:58.744370 Echo: Yes
2024-10-14 17:09:58.744478 November: No
ChatterBot Papa reevaluating
ChatterBot Delta reevaluating
ChatterBot Foxtrot reevaluating
ChatterBot Echo reevaluating
ChatterBot November reevaluating
ChatterBot Delta reevaluating
ChatterBot Foxtrot reevaluating
ChatterBot Echo reevaluating
ChatterBot November reevaluating
ChatterBot Papa reevaluating
ChatterBot Delta reevaluating
ChatterBot Echo reevaluating
ChatterBot November reevaluating
ChatterBot Papa reevaluating
ChatterBot Delta reevaluating
ChatterBot Foxtrot reevaluating
ChatterBot November reevaluating
ChatterBot Papa reevaluating
ChatterBot Delta reevaluating
ChatterBot Foxtrot reevaluating
ChatterBot Echo reevaluating
2024-10-14 17:09:58.825084 Delta: We should replace Uniform with Sierra
ChatterBot Papa reevaluating
ChatterBot Foxtrot reevaluating
ChatterBot Echo reevaluating
ChatterBot November reevaluating
2024-10-14 17:09:58.841873 Golf: No
2024-10-14 17:09:58.842659 Papa: No
2024-10-14 17:09:58.842901 Foxtrot: No
2024-10-14 17:09:58.843059 Echo: No
2024-10-14 17:09:58.843210 November: No
ChatterBot Papa reevaluating
ChatterBot Delta reevaluating
ChatterBot Foxtrot reevaluating
ChatterBot Echo reevaluating
ChatterBot November reevaluating
ChatterBot Delta reevaluating
ChatterBot Foxtrot reevaluating
ChatterBot Echo reevaluating
ChatterBot November reevaluating
ChatterBot Papa reevaluating
ChatterBot Delta reevaluating
ChatterBot Echo reevaluating
ChatterBot November reevaluating
ChatterBot Papa reevaluating
ChatterBot Delta reevaluating
ChatterBot Foxtrot reevaluating
ChatterBot November reevaluating
ChatterBot Papa reevaluating
ChatterBot Delta reevaluating
ChatterBot Foxtrot reevaluating
ChatterBot Echo reevaluating
2024-10-14 17:09:58.962823 Mike: Foxtrot we want you to join our group
ChatterBot Foxtrot reevaluating
2024-10-14 17:09:58.967685 Foxtrot: No
ChatterBot X-ray reevaluating
ChatterBot Mike reevaluating
2024-10-14 17:09:58.986267 Foxtrot: We should replace November with Echo
ChatterBot Papa reevaluating
ChatterBot Delta reevaluating
2024-10-14 17:09:59.000628 Golf: No
2024-10-14 17:09:59.000771 Papa: No
2024-10-14 17:09:59.000929 Delta: No
ChatterBot Foxtrot reevaluating
ChatterBot Papa reevaluating
ChatterBot Delta reevaluating
ChatterBot Foxtrot reevaluating
ChatterBot Delta reevaluating
ChatterBot Foxtrot reevaluating
ChatterBot Papa reevaluating
chatterbot Golf submitting transactions
2024-10-14 17:09:59.031210 Sierra: Delta we want you to join our group
ChatterBot Delta reevaluating
2024-10-14 17:09:59.035103 Delta: No
ChatterBot Sierra reevaluating
ChatterBot X-ray reevaluating
2024-10-14 17:09:59.046503 November: Sierra we want you to join our group
ChatterBot Sierra reevaluating
2024-10-14 17:09:59.050327 Sierra: No
ChatterBot November reevaluating
ChatterBot Echo reevaluating
ChatterBot Papa reevaluating
ChatterBot Delta reevaluating
2024-10-14 17:09:59.066973 X-ray: We should drop Mike
ChatterBot Sierra reevaluating
2024-10-14 17:09:59.072014 Uniform: Yes
2024-10-14 17:09:59.072152 Sierra: No
ChatterBot X-ray reevaluating
ChatterBot Sierra reevaluating
ChatterBot X-ray reevaluating
2024-10-14 17:09:59.087983 X-ray: November we want you to join our group
ChatterBot November reevaluating
2024-10-14 17:09:59.092205 November: No
ChatterBot Sierra reevaluating
ChatterBot X-ray reevaluating
2024-10-14 17:09:59.106341 X-ray: We should add Delta
ChatterBot Mike reevaluating
ChatterBot Sierra reevaluating
2024-10-14 17:09:59.115609 Uniform: No
2024-10-14 17:09:59.115777 Mike: Yes
2024-10-14 17:09:59.115921 Sierra: No
ChatterBot X-ray reevaluating
ChatterBot Mike reevaluating
ChatterBot Sierra reevaluating
ChatterBot X-ray reevaluating
ChatterBot Sierra reevaluating
ChatterBot X-ray reevaluating
ChatterBot Mike reevaluating
2024-10-14 17:09:59.150734 Papa: Golf, sending you 3
2024-10-14 17:09:59.152428 Echo: Golf and Delta, sending you 2
2024-10-14 17:09:59.153723 Foxtrot: Golf, Papa and Delta, sending you 3
2024-10-14 17:09:59.155811 Sierra: Papa we want you to join our group
ChatterBot Papa reevaluating
2024-10-14 17:09:59.160121 Papa: No
ChatterBot Sierra reevaluating
ChatterBot X-ray reevaluating
2024-10-14 17:09:59.172977 Echo: Papa, sending you 4
2024-10-14 17:09:59.173436 Foxtrot: November, sending you 2
chatterbot Uniform submitting transactions
2024-10-14 17:09:59.176673 Echo: November, sending you 3
2024-10-14 17:09:59.178661 November: Golf, Echo, Papa and Foxtrot, sending you 1
2024-10-14 17:09:59.180667 Papa: X-ray we want you to join our group
ChatterBot X-ray reevaluating
2024-10-14 17:09:59.186535 X-ray: No
ChatterBot Papa reevaluating
ChatterBot Golf reevaluating
ChatterBot Echo reevaluating
ChatterBot November reevaluating
2024-10-14 17:09:59.222873 Papa: We should drop X-ray
ChatterBot Golf reevaluating
ChatterBot Echo reevaluating
ChatterBot November reevaluating
2024-10-14 17:09:59.260350 Golf: Yes
2024-10-14 17:09:59.260592 Delta: Yes
2024-10-14 17:09:59.260766 Foxtrot: Yes
2024-10-14 17:09:59.262451 Echo: Yes
2024-10-14 17:09:59.262668 November: Yes
ChatterBot Papa reevaluating
ChatterBot Echo reevaluating
ChatterBot November reevaluating
ChatterBot Golf reevaluating
ChatterBot Papa reevaluating
ChatterBot Echo reevaluating
ChatterBot November reevaluating
ChatterBot Golf reevaluating
ChatterBot Papa reevaluating
ChatterBot Delta reevaluating
ChatterBot Echo reevaluating
ChatterBot November reevaluating
ChatterBot Golf reevaluating
ChatterBot Papa reevaluating
ChatterBot Delta reevaluating
ChatterBot November reevaluating
ChatterBot Golf reevaluating
ChatterBot Papa reevaluating
ChatterBot Delta reevaluating
ChatterBot Echo reevaluating
2024-10-14 17:09:59.442721 Golf: Echo we want you to join our group
ChatterBot Echo reevaluating
2024-10-14 17:09:59.451126 Echo: No
ChatterBot Golf reevaluating
ChatterBot Papa reevaluating
ChatterBot Delta reevaluating
2024-10-14 17:09:59.473649 Papa: We should replace X-ray with Uniform
ChatterBot Golf reevaluating
ChatterBot Delta reevaluating
ChatterBot Echo reevaluating
ChatterBot November reevaluating
2024-10-14 17:09:59.501264 Golf: No
2024-10-14 17:09:59.501494 Delta: Yes
2024-10-14 17:09:59.501721 Foxtrot: No
2024-10-14 17:09:59.501935 Echo: No
2024-10-14 17:09:59.502776 November: Yes
