ChatterBot November round 1
ChatterBot Bravo round 1
ChatterBot Charlie round 1
ChatterBot Kilo round 1
ChatterBot Golf round 1
ChatterBot Delta round 1
ChatterBot Foxtrot round 1
ChatterBot Hotel round 1
ChatterBot X-ray round 1
ChatterBot Alpha round 1
randomSelections Alpha: {Alpha, X-ray, Delta, Golf, Hotel, Foxtrot} 
2024-10-14 16:24:32.494719 Alpha: Friends?
ChatterBot X-ray reevaluating
ChatterBot Delta reevaluating
ChatterBot Golf reevaluating
ChatterBot Hotel reevaluating
ChatterBot Foxtrot reevaluating
2024-10-14 16:24:32.583235 X-ray: Yes
2024-10-14 16:24:32.584558 Delta: Yes
2024-10-14 16:24:32.584737 Golf: Yes
2024-10-14 16:24:32.585042 Hotel: Yes
2024-10-14 16:24:32.585190 Foxtrot: Yes
ChatterBot Delta reevaluating
ChatterBot Golf reevaluating
ChatterBot Hotel reevaluating
ChatterBot Foxtrot reevaluating
ChatterBot X-ray reevaluating
ChatterBot Golf reevaluating
ChatterBot Hotel reevaluating
ChatterBot Foxtrot reevaluating
ChatterBot X-ray reevaluating
ChatterBot Delta reevaluating
ChatterBot Hotel reevaluating
ChatterBot Foxtrot reevaluating
ChatterBot X-ray reevaluating
ChatterBot Delta reevaluating
ChatterBot Golf reevaluating
ChatterBot Foxtrot reevaluating
ChatterBot X-ray reevaluating
ChatterBot Delta reevaluating
ChatterBot Golf reevaluating
ChatterBot Hotel reevaluating
randomSelections Bravo: {Bravo, Foxtrot, X-ray, Charlie, Hotel, Golf} 
2024-10-14 16:24:32.644415 Bravo: We should group up
ChatterBot Foxtrot reevaluating
ChatterBot X-ray reevaluating
ChatterBot Charlie reevaluating
ChatterBot Hotel reevaluating
ChatterBot Golf reevaluating
2024-10-14 16:24:32.651824 Foxtrot: No
2024-10-14 16:24:32.652796 X-ray: No
2024-10-14 16:24:32.654255 Charlie: Yes
2024-10-14 16:24:32.654416 Hotel: No
2024-10-14 16:24:32.654900 Golf: No
ChatterBot X-ray reevaluating
ChatterBot Charlie reevaluating
ChatterBot Hotel reevaluating
ChatterBot Golf reevaluating
ChatterBot Foxtrot reevaluating
ChatterBot Charlie reevaluating
ChatterBot Hotel reevaluating
ChatterBot Golf reevaluating
ChatterBot Foxtrot reevaluating
ChatterBot X-ray reevaluating
ChatterBot Hotel reevaluating
ChatterBot Golf reevaluating
ChatterBot Foxtrot reevaluating
ChatterBot X-ray reevaluating
ChatterBot Charlie reevaluating
ChatterBot Golf reevaluating
ChatterBot Foxtrot reevaluating
ChatterBot X-ray reevaluating
ChatterBot Charlie reevaluating
ChatterBot Hotel reevaluating
randomSelections November: {November, Hotel, Golf, Bravo, Foxtrot, Delta} 
2024-10-14 16:24:32.694825 November: Let's form a team
ChatterBot Hotel reevaluating
ChatterBot Golf reevaluating
ChatterBot Foxtrot reevaluating
ChatterBot Delta reevaluating
2024-10-14 16:24:32.700817 Hotel: No
2024-10-14 16:24:32.700946 Golf: No
2024-10-14 16:24:32.701048 Bravo: No
2024-10-14 16:24:32.701594 Foxtrot: No
2024-10-14 16:24:32.701705 Delta: No
ChatterBot Golf reevaluating
ChatterBot Foxtrot reevaluating
ChatterBot Delta reevaluating
ChatterBot Hotel reevaluating
ChatterBot Foxtrot reevaluating
ChatterBot Delta reevaluating
ChatterBot Hotel reevaluating
ChatterBot Golf reevaluating
ChatterBot Foxtrot reevaluating
ChatterBot Delta reevaluating
ChatterBot Hotel reevaluating
ChatterBot Golf reevaluating
ChatterBot Delta reevaluating
ChatterBot Hotel reevaluating
ChatterBot Golf reevaluating
ChatterBot Foxtrot reevaluating
randomSelections Kilo: {Kilo, Bravo, November, Alpha, Delta, X-ray} 
2024-10-14 16:24:32.738478 Kilo: We should group up
ChatterBot Delta reevaluating
ChatterBot X-ray reevaluating
2024-10-14 16:24:32.744663 Bravo: No
2024-10-14 16:24:32.744810 November: No
2024-10-14 16:24:32.744932 Alpha: No
2024-10-14 16:24:32.745090 Delta: No
2024-10-14 16:24:32.745237 X-ray: No
ChatterBot Delta reevaluating
ChatterBot X-ray reevaluating
ChatterBot Delta reevaluating
ChatterBot X-ray reevaluating
ChatterBot Delta reevaluating
ChatterBot X-ray reevaluating
ChatterBot X-ray reevaluating
ChatterBot Delta reevaluating
2024-10-14 16:24:32.844670 Kilo: November and X-ray, sending you 2
2024-10-14 16:24:32.846338 Alpha: Golf and Delta, sending you 1
2024-10-14 16:24:32.847561 Hotel: Golf, Delta and Alpha, sending you 1
2024-10-14 16:24:32.849337 Golf: Delta and X-ray, sending you 3
2024-10-14 16:24:32.850119 Bravo: Charlie and X-ray, sending you 2
2024-10-14 16:24:32.851490 Kilo: Bravo, sending you 1
2024-10-14 16:24:32.852889 Alpha: Foxtrot, sending you 2
2024-10-14 16:24:32.853870 Hotel: Foxtrot, sending you 4
2024-10-14 16:24:32.855439 November: Bravo and Hotel, sending you 2
2024-10-14 16:24:32.855935 Delta: Golf, sending you 4
2024-10-14 16:24:32.857735 Golf: Hotel and Alpha, sending you 1
2024-10-14 16:24:32.858333 Charlie: Golf, sending you 1
2024-10-14 16:24:32.859676 Bravo: Foxtrot, sending you 1
2024-10-14 16:24:32.860269 Kilo: Alpha, sending you 4
2024-10-14 16:24:32.862161 X-ray: Delta, sending you 2
2024-10-14 16:24:32.863630 Hotel: X-ray, sending you 2
2024-10-14 16:24:32.864502 November: Golf and Foxtrot, sending you 1
2024-10-14 16:24:32.865840 Delta: Foxtrot, Hotel and X-ray, sending you 1
2024-10-14 16:24:32.866429 Charlie: Foxtrot, sending you 2
2024-10-14 16:24:32.868015 X-ray: Hotel, sending you 3
2024-10-14 16:24:32.872331 November: Delta, sending you 4
2024-10-14 16:24:32.874013 Delta: Alpha, sending you 3
2024-10-14 16:24:32.875876 Charlie: X-ray, sending you 3
2024-10-14 16:24:32.876590 X-ray: Alpha, sending you 1
chatterbot Delta submitting transactions
chatterbot November submitting transactions
chatterbot X-ray submitting transactions
chatterbot Kilo submitting transactions
chatterbot Hotel submitting transactions
chatterbot Charlie submitting transactions
chatterbot Alpha submitting transactions
chatterbot Foxtrot submitting transactions
chatterbot Bravo submitting transactions
chatterbot Golf submitting transactions
ChatterBot November round 2
ChatterBot Bravo round 2
ChatterBot Charlie round 2
ChatterBot Kilo round 2
ChatterBot Golf round 2
ChatterBot Delta round 2
2024-10-14 16:24:33.974589 November: Let's form a team
ChatterBot Golf reevaluating
ChatterBot Delta reevaluating
ChatterBot Kilo reevaluating
2024-10-14 16:24:34.008832 Golf: No
2024-10-14 16:24:34.009077 Delta: No
2024-10-14 16:24:34.009283 Kilo: Yes
ChatterBot Delta reevaluating
ChatterBot Kilo reevaluating
ChatterBot November reevaluating
ChatterBot Golf reevaluating
ChatterBot Kilo reevaluating
ChatterBot November reevaluating
ChatterBot Golf reevaluating
ChatterBot Delta reevaluating
2024-10-14 16:24:34.093923 Bravo: Can we be friends?
ChatterBot Charlie reevaluating
ChatterBot November reevaluating
2024-10-14 16:24:34.108134 Charlie: Yes
2024-10-14 16:24:34.108289 November: No
ChatterBot November reevaluating
ChatterBot Charlie reevaluating
ChatterBot Foxtrot round 2
ChatterBot Hotel round 2
ChatterBot X-ray round 2
ChatterBot Alpha round 2
2024-10-14 16:24:34.165083 Foxtrot: Let's form a team
ChatterBot November reevaluating
2024-10-14 16:24:34.173069 November: No
2024-10-14 16:24:34.177971 November: We should group up
ChatterBot Kilo reevaluating
ChatterBot Alpha reevaluating
2024-10-14 16:24:34.190024 Kilo: Yes
2024-10-14 16:24:34.190189 Alpha: Yes
ChatterBot November reevaluating
ChatterBot Alpha reevaluating
ChatterBot November reevaluating
ChatterBot Kilo reevaluating
2024-10-14 16:24:34.232438 Hotel: Friends?
ChatterBot November reevaluating
ChatterBot Golf reevaluating
2024-10-14 16:24:34.266223 November: No
2024-10-14 16:24:34.266386 Golf: No
2024-10-14 16:24:34.266517 Delta: No
2024-10-14 16:24:34.266646 X-ray: No
2024-10-14 16:24:34.267083 Bravo: No
ChatterBot Hotel reevaluating
ChatterBot Golf reevaluating
ChatterBot Bravo reevaluating
ChatterBot Hotel reevaluating
ChatterBot November reevaluating
ChatterBot Bravo reevaluating
ChatterBot Hotel reevaluating
ChatterBot November reevaluating
ChatterBot Golf reevaluating
ChatterBot Bravo reevaluating
ChatterBot Hotel reevaluating
ChatterBot November reevaluating
ChatterBot Golf reevaluating
ChatterBot Bravo reevaluating
ChatterBot Hotel reevaluating
ChatterBot November reevaluating
ChatterBot Golf reevaluating
2024-10-14 16:24:34.519574 Delta: We should drop Alpha and Foxtrot
ChatterBot Hotel reevaluating
2024-10-14 16:24:34.540275 Golf: Yes
2024-10-14 16:24:34.540449 Hotel: Yes
2024-10-14 16:24:34.541023 X-ray: Yes
ChatterBot Hotel reevaluating
ChatterBot Hotel reevaluating
2024-10-14 16:24:34.917770 Charlie: November, sending you 1
2024-10-14 16:24:35.321863 Charlie: Bravo, sending you 5
2024-10-14 16:24:35.322226 Alpha: Kilo, sending you 3
2024-10-14 16:24:35.323111 November: Kilo, sending you 7
2024-10-14 16:24:35.323359 Bravo: November, Charlie, Golf, Delta and Hotel, sending you 1
2024-10-14 16:24:35.323672 Delta: Golf, sending you 4
2024-10-14 16:24:35.323907 Kilo: November, Golf and Delta, sending you 2
chatterbot Alpha submitting transactions
chatterbot Charlie submitting transactions
chatterbot Golf submitting transactions
2024-10-14 16:24:35.325836 Alpha: Delta, sending you 1
2024-10-14 16:24:35.326175 November: Golf, Delta and Hotel, sending you 1
2024-10-14 16:24:35.464369 Kilo: Alpha, sending you 3
2024-10-14 16:24:35.465171 X-ray: Golf, sending you 3
2024-10-14 16:24:35.465481 Delta: Hotel and X-ray, sending you 3
2024-10-14 16:24:35.466281 Golf: Delta, sending you 5
2024-10-14 16:24:35.466787 Hotel: November, sending you 2
chatterbot Kilo submitting transactions
chatterbot X-ray submitting transactions
chatterbot Foxtrot submitting transactions
2024-10-14 16:24:35.596026 X-ray: Delta, sending you 1
2024-10-14 16:24:35.596316 Golf: Hotel, sending you 2
2024-10-14 16:24:35.597102 Hotel: Charlie, Golf and Delta, sending you 1
chatterbot November submitting transactions
chatterbot Delta submitting transactions
2024-10-14 16:24:35.660963 X-ray: Hotel, sending you 2
2024-10-14 16:24:35.661339 Hotel: X-ray, sending you 4
2024-10-14 16:24:35.662039 Golf: X-ray, sending you 1
chatterbot Hotel submitting transactions
chatterbot Bravo submitting transactions
ChatterBot November round 3
ChatterBot Bravo round 3
ChatterBot Charlie round 3
ChatterBot Kilo round 3
ChatterBot Golf round 3
ChatterBot Delta round 3
ChatterBot Foxtrot round 3
ChatterBot Hotel round 3
ChatterBot X-ray round 3
ChatterBot Alpha round 3
2024-10-14 16:24:35.805975 Foxtrot: Can we be friends?
ChatterBot Bravo reevaluating
ChatterBot Charlie reevaluating
2024-10-14 16:24:35.820188 Bravo: No
2024-10-14 16:24:35.820513 Charlie: No
ChatterBot Foxtrot reevaluating
ChatterBot Charlie reevaluating
ChatterBot Foxtrot reevaluating
ChatterBot Bravo reevaluating
2024-10-14 16:24:35.884219 Kilo: We should group up
ChatterBot Alpha reevaluating
ChatterBot Bravo reevaluating
ChatterBot Charlie reevaluating
2024-10-14 16:24:35.907517 November: Yes
2024-10-14 16:24:35.907736 Alpha: No
2024-10-14 16:24:35.907944 Bravo: Yes
2024-10-14 16:24:35.908064 Charlie: No
ChatterBot Alpha reevaluating
ChatterBot Bravo reevaluating
ChatterBot Charlie reevaluating
ChatterBot Kilo reevaluating
ChatterBot Bravo reevaluating
ChatterBot Charlie reevaluating
ChatterBot Kilo reevaluating
ChatterBot Alpha reevaluating
ChatterBot Charlie reevaluating
ChatterBot Kilo reevaluating
ChatterBot Alpha reevaluating
ChatterBot Bravo reevaluating
2024-10-14 16:24:36.014142 Alpha: Can we be friends?
ChatterBot Kilo reevaluating
ChatterBot Bravo reevaluating
ChatterBot Charlie reevaluating
2024-10-14 16:24:36.036553 Kilo: Yes
2024-10-14 16:24:36.037028 November: Yes
2024-10-14 16:24:36.037139 Bravo: Yes
2024-10-14 16:24:36.037245 Charlie: No
ChatterBot Alpha reevaluating
ChatterBot Bravo reevaluating
ChatterBot Charlie reevaluating
ChatterBot Kilo reevaluating
ChatterBot Alpha reevaluating
ChatterBot Bravo reevaluating
ChatterBot Charlie reevaluating
ChatterBot Kilo reevaluating
ChatterBot Alpha reevaluating
ChatterBot Charlie reevaluating
ChatterBot Kilo reevaluating
ChatterBot Alpha reevaluating
ChatterBot Bravo reevaluating
2024-10-14 16:24:36.131247 Hotel: We should drop Charlie
2024-10-14 16:24:36.157866 Golf: Yes
2024-10-14 16:24:36.158446 November: No
2024-10-14 16:24:36.158601 Delta: Yes
2024-10-14 16:24:36.158775 X-ray: Yes
ChatterBot Hotel reevaluating
ChatterBot Hotel reevaluating
2024-10-14 16:24:36.383192 November: Bravo and Charlie, sending you 2
2024-10-14 16:24:36.384196 Delta: Golf, sending you 4
2024-10-14 16:24:36.384495 X-ray: Sending you each 2
2024-10-14 16:24:36.395305 Delta: Hotel and X-ray, sending you 3
2024-10-14 16:24:36.396283 November: Kilo, sending you 5
2024-10-14 16:24:36.396587 Kilo: November, sending you 5
2024-10-14 16:24:36.396893 Alpha: Kilo, sending you 3
2024-10-14 16:24:36.397654 Charlie: November, sending you 1
2024-10-14 16:24:36.397894 Golf: Delta, sending you 4
2024-10-14 16:24:36.418009 November: Alpha, sending you 1
2024-10-14 16:24:36.418745 Bravo: November, Kilo and Alpha, sending you 1
2024-10-14 16:24:36.418998 Kilo: Charlie, sending you 1
2024-10-14 16:24:36.419260 Alpha: Delta, sending you 1
2024-10-14 16:24:36.420089 Golf: Hotel and X-ray, sending you 2
2024-10-14 16:24:36.420355 Charlie: Bravo, sending you 5
2024-10-14 16:24:36.424554 Kilo: Alpha, sending you 3
2024-10-14 16:24:36.424839 Bravo: Charlie, sending you 2
2024-10-14 16:24:36.425606 Hotel: November, Golf and Delta, sending you 2
2024-10-14 16:24:36.446965 Hotel: X-ray, sending you 3
chatterbot Foxtrot submitting transactions
chatterbot X-ray submitting transactions
chatterbot November submitting transactions
chatterbot Charlie submitting transactions
chatterbot Delta submitting transactions
chatterbot Golf submitting transactions
chatterbot Bravo submitting transactions
chatterbot Kilo submitting transactions
chatterbot Alpha submitting transactions
chatterbot Hotel submitting transactions
ChatterBot November round 4
ChatterBot Bravo round 4
ChatterBot Charlie round 4
ChatterBot Kilo round 4
ChatterBot Golf round 4
ChatterBot Delta round 4
ChatterBot Foxtrot round 4
ChatterBot Hotel round 4
ChatterBot X-ray round 4
ChatterBot Alpha round 4
2024-10-14 16:24:37.440706 Charlie: We should add Kilo and Alpha
2024-10-14 16:24:37.455881 Bravo: Yes
2024-10-14 16:24:37.456090 November: Yes
2024-10-14 16:24:37.552272 Charlie: Kilo and Alpha we want you to join our group
ChatterBot Kilo reevaluating
2024-10-14 16:24:37.568712 Kilo: No
2024-10-14 16:24:37.569 Alpha: Yes
ChatterBot Kilo reevaluating
2024-10-14 16:24:37.630465 Foxtrot: We should drop Bravo
2024-10-14 16:24:37.638510 Charlie: No
ChatterBot Foxtrot reevaluating
2024-10-14 16:24:37.648980 Hotel: November, sending you 1
2024-10-14 16:24:37.652114 Delta: Golf, sending you 4
2024-10-14 16:24:37.653217 November: Bravo and Charlie, sending you 2
2024-10-14 16:24:37.654077 Hotel: Golf, sending you 2
2024-10-14 16:24:37.673280 Delta: Hotel and X-ray, sending you 3
2024-10-14 16:24:37.674205 November: Kilo, sending you 5
2024-10-14 16:24:37.674789 Kilo: November, sending you 4
2024-10-14 16:24:37.675653 Hotel: Delta and X-ray, sending you 3
2024-10-14 16:24:37.676140 Charlie: November, sending you 2
2024-10-14 16:24:37.676963 X-ray: Same as last round
2024-10-14 16:24:37.680510 November: Alpha, sending you 1
2024-10-14 16:24:37.681487 Kilo: Bravo and Charlie, sending you 1
2024-10-14 16:24:37.681958 Alpha: Kilo, sending you 4
2024-10-14 16:24:37.682450 Bravo: November, Kilo and Alpha, sending you 1
2024-10-14 16:24:37.684588 Golf: Delta, sending you 4
2024-10-14 16:24:37.685065 Charlie: Bravo, sending you 3
2024-10-14 16:24:37.685572 Kilo: Alpha, sending you 3
2024-10-14 16:24:37.689324 Bravo: Charlie, sending you 2
2024-10-14 16:24:37.689890 Charlie: Kilo, sending you 1
2024-10-14 16:24:37.690461 Golf: Hotel and X-ray, sending you 2
chatterbot Charlie submitting transactions
chatterbot Bravo submitting transactions
chatterbot Hotel submitting transactions
chatterbot Delta submitting transactions
chatterbot Alpha submitting transactions
chatterbot November submitting transactions
chatterbot Kilo submitting transactions
chatterbot X-ray submitting transactions
chatterbot Foxtrot submitting transactions
chatterbot Golf submitting transactions
ChatterBot November round 5
ChatterBot Bravo round 5
ChatterBot Charlie round 5
ChatterBot Kilo round 5
ChatterBot Golf round 5
ChatterBot Delta round 5
ChatterBot Foxtrot round 5
ChatterBot Hotel round 5
ChatterBot X-ray round 5
ChatterBot Alpha round 5
2024-10-14 16:24:40.337234 Hotel: We should replace November with Bravo
2024-10-14 16:24:40.355362 Delta: No
2024-10-14 16:24:40.355604 Golf: No
2024-10-14 16:24:40.355815 X-ray: No
ChatterBot Hotel reevaluating
ChatterBot Hotel reevaluating
ChatterBot Hotel reevaluating
2024-10-14 16:24:40.499801 Bravo: November, Kilo and Alpha, sending you 1
2024-10-14 16:24:40.500694 Golf: Delta, sending you 4
2024-10-14 16:24:40.501718 Kilo: November, sending you 4
2024-10-14 16:24:40.505660 Bravo: Charlie, sending you 2
2024-10-14 16:24:40.506765 Golf: Hotel and X-ray, sending you 2
2024-10-14 16:24:40.507929 Kilo: Bravo and Charlie, sending you 1
2024-10-14 16:24:40.509103 X-ray: Same as last round
2024-10-14 16:24:40.510265 Delta: Golf, sending you 4
2024-10-14 16:24:40.511054 Alpha: Bravo, sending you 1
2024-10-14 16:24:40.512672 November: Bravo and Charlie, sending you 2
2024-10-14 16:24:40.513714 Kilo: Alpha, sending you 3
2024-10-14 16:24:40.514666 Charlie: November, sending you 2
2024-10-14 16:24:40.516779 Hotel: November, sending you 1
2024-10-14 16:24:40.519281 Delta: Hotel and X-ray, sending you 3
2024-10-14 16:24:40.521663 Alpha: Kilo, sending you 3
2024-10-14 16:24:40.523889 November: Kilo, sending you 5
2024-10-14 16:24:40.526126 Charlie: Bravo, sending you 3
2024-10-14 16:24:40.528402 Hotel: Golf, sending you 2
2024-10-14 16:24:40.530335 November: Alpha, sending you 1
2024-10-14 16:24:40.532670 Charlie: Kilo, sending you 1
2024-10-14 16:24:40.534209 Hotel: Delta and X-ray, sending you 3
chatterbot Bravo submitting transactions
chatterbot Kilo submitting transactions
chatterbot Foxtrot submitting transactions
chatterbot Alpha submitting transactions
chatterbot Golf submitting transactions
chatterbot November submitting transactions
chatterbot Charlie submitting transactions
chatterbot Delta submitting transactions
chatterbot Hotel submitting transactions
chatterbot X-ray submitting transactions
ChatterBot November round 6
ChatterBot Bravo round 6
ChatterBot Charlie round 6
ChatterBot Kilo round 6
ChatterBot Golf round 6
ChatterBot Delta round 6
ChatterBot Foxtrot round 6
ChatterBot Hotel round 6
ChatterBot X-ray round 6
ChatterBot Alpha round 6
2024-10-14 16:24:41.728896 November: Bravo and Charlie, sending you 2
2024-10-14 16:24:41.735776 November: Kilo, sending you 5
2024-10-14 16:24:41.736916 X-ray: Same as last round
2024-10-14 16:24:41.745663 November: Alpha, sending you 1
2024-10-14 16:24:41.746561 Kilo: November, sending you 4
2024-10-14 16:24:41.747075 Charlie: November and Bravo, sending you 2
2024-10-14 16:24:41.749962 Golf: Delta, sending you 4
2024-10-14 16:24:41.750351 Delta: Golf, sending you 4
2024-10-14 16:24:41.755195 Bravo: November, Kilo and Alpha, sending you 1
2024-10-14 16:24:41.756200 Kilo: Bravo and Charlie, sending you 1
2024-10-14 16:24:41.756604 Charlie: Kilo and Alpha, sending you 1
2024-10-14 16:24:41.757063 Hotel: November, sending you 1
2024-10-14 16:24:41.757892 Golf: Hotel and X-ray, sending you 2
2024-10-14 16:24:41.758484 Delta: Hotel and X-ray, sending you 3
2024-10-14 16:24:41.759650 Bravo: Charlie, sending you 2
2024-10-14 16:24:41.759990 Kilo: Alpha, sending you 3
2024-10-14 16:24:41.761732 Hotel: Golf, sending you 2
2024-10-14 16:24:41.762126 Alpha: Bravo, sending you 1
2024-10-14 16:24:41.891669 Hotel: Delta and X-ray, sending you 3
2024-10-14 16:24:41.892344 Alpha: Kilo, sending you 3
chatterbot Kilo submitting transactions
chatterbot Alpha submitting transactions
chatterbot Bravo submitting transactions
chatterbot Hotel submitting transactions
chatterbot Golf submitting transactions
chatterbot Foxtrot submitting transactions
chatterbot X-ray submitting transactions
chatterbot November submitting transactions
chatterbot Delta submitting transactions
chatterbot Charlie submitting transactions
ChatterBot November round 7
ChatterBot Bravo round 7
ChatterBot Charlie round 7
ChatterBot Kilo round 7
ChatterBot Golf round 7
ChatterBot Delta round 7
ChatterBot Foxtrot round 7
2024-10-14 16:24:42.927758 Bravo: We should add Foxtrot
ChatterBot Kilo reevaluating
ChatterBot November reevaluating
2024-10-14 16:24:42.951932 Kilo: No
2024-10-14 16:24:42.952146 November: No
2024-10-14 16:24:42.952743 Alpha: No
2024-10-14 16:24:42.952887 Charlie: No
ChatterBot November reevaluating
ChatterBot Kilo reevaluating
ChatterBot Bravo reevaluating
ChatterBot Kilo reevaluating
ChatterBot November reevaluating
ChatterBot Bravo reevaluating
ChatterBot Kilo reevaluating
ChatterBot November reevaluating
ChatterBot Bravo reevaluating
2024-10-14 16:24:43.037860 Kilo: We should add Hotel
ChatterBot November reevaluating
ChatterBot Bravo reevaluating
2024-10-14 16:24:43.069806 November: Yes
2024-10-14 16:24:43.070020 Alpha: No
2024-10-14 16:24:43.070186 Bravo: Yes
2024-10-14 16:24:43.070378 Charlie: No
ChatterBot Kilo reevaluating
ChatterBot Bravo reevaluating
ChatterBot Kilo reevaluating
ChatterBot November reevaluating
ChatterBot Bravo reevaluating
ChatterBot Kilo reevaluating
ChatterBot November reevaluating
ChatterBot Kilo reevaluating
ChatterBot November reevaluating
ChatterBot Bravo reevaluating
ChatterBot Hotel round 7
ChatterBot X-ray round 7
ChatterBot Alpha round 7
2024-10-14 16:24:43.328021 Alpha: We should add Hotel
ChatterBot Kilo reevaluating
ChatterBot Bravo reevaluating
2024-10-14 16:24:43.365057 Kilo: Yes
2024-10-14 16:24:43.365404 November: Yes
2024-10-14 16:24:43.365683 Bravo: Yes
2024-10-14 16:24:43.365953 Charlie: No
ChatterBot Bravo reevaluating
ChatterBot Kilo reevaluating
ChatterBot Bravo reevaluating
ChatterBot Kilo reevaluating
ChatterBot Kilo reevaluating
ChatterBot Bravo reevaluating
2024-10-14 16:24:43.501876 November: Hotel we want you to join our group
2024-10-14 16:24:43.507194 Hotel: No
2024-10-14 16:24:43.531400 Alpha: Hotel we want you to join our group
2024-10-14 16:24:43.537676 Hotel: No
2024-10-14 16:24:43.562300 Kilo: Hotel we want you to join our group
2024-10-14 16:24:43.566921 Hotel: No
2024-10-14 16:24:43.589022 Bravo: Hotel we want you to join our group
2024-10-14 16:24:43.593447 Hotel: No
2024-10-14 16:24:43.616856 Golf: Delta, sending you 4
2024-10-14 16:24:43.620201 Charlie: November and Bravo, sending you 2
2024-10-14 16:24:43.627295 Golf: Hotel and X-ray, sending you 2
2024-10-14 16:24:43.627890 Hotel: November, sending you 1
2024-10-14 16:24:43.628807 Delta: Golf, sending you 4
2024-10-14 16:24:43.629199 X-ray: Same as last round
2024-10-14 16:24:43.630025 Charlie: Kilo and Alpha, sending you 1
2024-10-14 16:24:43.657643 Hotel: Golf, sending you 2
2024-10-14 16:24:43.658979 Kilo: November, sending you 4
2024-10-14 16:24:43.659719 Delta: Hotel and X-ray, sending you 3
2024-10-14 16:24:43.660930 November: Bravo, Charlie and Hotel, sending you 2
2024-10-14 16:24:43.662398 Alpha: November and Bravo, sending you 1
2024-10-14 16:24:43.663223 Hotel: Delta and X-ray, sending you 3
2024-10-14 16:24:43.664353 Kilo: Bravo and Charlie, sending you 1
2024-10-14 16:24:43.665509 November: Kilo, sending you 4
2024-10-14 16:24:43.679379 Bravo: November, Charlie, Kilo, Hotel and Alpha, sending you 1
2024-10-14 16:24:43.680180 Alpha: Kilo, sending you 2
2024-10-14 16:24:43.681139 Kilo: Alpha, sending you 3
chatterbot Foxtrot submitting transactions
chatterbot Delta submitting transactions
chatterbot November submitting transactions
chatterbot Charlie submitting transactions
chatterbot Alpha submitting transactions
chatterbot Kilo submitting transactions
chatterbot X-ray submitting transactions
chatterbot Golf submitting transactions
chatterbot Hotel submitting transactions
chatterbot Bravo submitting transactions
ChatterBot November round 8
ChatterBot Bravo round 8
ChatterBot Charlie round 8
ChatterBot Kilo round 8
ChatterBot Golf round 8
ChatterBot Delta round 8
ChatterBot Foxtrot round 8
ChatterBot Hotel round 8
ChatterBot X-ray round 8
ChatterBot Alpha round 8
2024-10-14 16:24:44.679213 Foxtrot: We should drop Charlie
2024-10-14 16:24:44.684288 Bravo: No
ChatterBot Foxtrot reevaluating
2024-10-14 16:24:44.691802 November: Bravo and Alpha, sending you 1
2024-10-14 16:24:44.692709 Charlie: November and Bravo, sending you 2
2024-10-14 16:24:44.694092 Kilo: November and Alpha, sending you 3
2024-10-14 16:24:44.694753 Golf: Delta, sending you 4
2024-10-14 16:24:44.696145 November: Charlie and Hotel, sending you 2
2024-10-14 16:24:44.698726 Charlie: Kilo and Alpha, sending you 1
2024-10-14 16:24:44.700046 Golf: Hotel and X-ray, sending you 2
2024-10-14 16:24:44.700427 Kilo: Bravo, Charlie and Hotel, sending you 1
2024-10-14 16:24:44.701272 November: Kilo, sending you 4
2024-10-14 16:24:44.701704 Hotel: Bravo and Charlie, sending you 1
2024-10-14 16:24:44.702066 X-ray: Same as last round
2024-10-14 16:24:44.702850 Bravo: November, Charlie, Kilo, Hotel and Alpha, sending you 1
2024-10-14 16:24:44.706064 Hotel: Golf and X-ray, sending you 2
2024-10-14 16:24:44.709752 Delta: Golf, sending you 4
2024-10-14 16:24:44.711689 Hotel: Delta, sending you 3
2024-10-14 16:24:44.712708 Alpha: Bravo, sending you 1
2024-10-14 16:24:44.713794 Delta: Hotel and X-ray, sending you 3
2024-10-14 16:24:44.719067 Alpha: Kilo, sending you 3
chatterbot Golf submitting transactions
chatterbot Kilo submitting transactions
chatterbot Alpha submitting transactions
chatterbot Bravo submitting transactions
chatterbot Delta submitting transactions
chatterbot November submitting transactions
chatterbot Foxtrot submitting transactions
chatterbot Charlie submitting transactions
chatterbot X-ray submitting transactions
chatterbot Hotel submitting transactions
ChatterBot November round 9
ChatterBot Bravo round 9
ChatterBot Charlie round 9
ChatterBot Kilo round 9
ChatterBot Golf round 9
ChatterBot Delta round 9
ChatterBot Foxtrot round 9
ChatterBot Hotel round 9
ChatterBot X-ray round 9
ChatterBot Alpha round 9
2024-10-14 16:24:46.056895 Hotel: We should group up
ChatterBot November reevaluating
ChatterBot Kilo reevaluating
ChatterBot Alpha reevaluating
2024-10-14 16:24:46.086702 Golf: No
2024-10-14 16:24:46.086966 Delta: No
2024-10-14 16:24:46.087170 X-ray: No
2024-10-14 16:24:46.087875 November: No
2024-10-14 16:24:46.088032 Bravo: No
2024-10-14 16:24:46.088188 Charlie: No
2024-10-14 16:24:46.088318 Kilo: No
2024-10-14 16:24:46.088497 Alpha: No
ChatterBot November reevaluating
ChatterBot Kilo reevaluating
ChatterBot Alpha reevaluating
ChatterBot Hotel reevaluating
ChatterBot November reevaluating
ChatterBot Kilo reevaluating
ChatterBot Alpha reevaluating
ChatterBot Hotel reevaluating
ChatterBot November reevaluating
ChatterBot Kilo reevaluating
ChatterBot Alpha reevaluating
ChatterBot Hotel reevaluating
ChatterBot Kilo reevaluating
ChatterBot Alpha reevaluating
ChatterBot Hotel reevaluating
ChatterBot November reevaluating
ChatterBot Kilo reevaluating
ChatterBot Alpha reevaluating
ChatterBot Hotel reevaluating
ChatterBot Delta reevaluating
ChatterBot November reevaluating
ChatterBot Kilo reevaluating
ChatterBot Alpha reevaluating
ChatterBot Hotel reevaluating
ChatterBot Delta reevaluating
ChatterBot November reevaluating
ChatterBot Alpha reevaluating
ChatterBot Hotel reevaluating
ChatterBot Delta reevaluating
ChatterBot November reevaluating
ChatterBot Kilo reevaluating
2024-10-14 16:24:46.452562 Foxtrot: We should replace Alpha with Charlie
2024-10-14 16:24:46.460674 Foxtrot: Charlie we want you to join our group
2024-10-14 16:24:46.466529 Charlie: No
2024-10-14 16:24:46.471975 Hotel: We should drop Charlie
ChatterBot Delta reevaluating
2024-10-14 16:24:46.489039 Golf: Yes
2024-10-14 16:24:46.489237 Delta: Yes
2024-10-14 16:24:46.489378 X-ray: Yes
2024-10-14 16:24:46.489514 Bravo: No
ChatterBot Hotel reevaluating
ChatterBot Delta reevaluating
ChatterBot Hotel reevaluating
ChatterBot Hotel reevaluating
ChatterBot Delta reevaluating
ChatterBot Hotel reevaluating
ChatterBot Delta reevaluating
2024-10-14 16:24:46.550275 X-ray: Same as last round
2024-10-14 16:24:46.551010 Alpha: Bravo, sending you 1
2024-10-14 16:24:46.553716 Kilo: November and Alpha, sending you 3
2024-10-14 16:24:46.554291 November: Bravo and Charlie, sending you 2
2024-10-14 16:24:46.554827 Bravo: November, Charlie, Kilo, Hotel and Alpha, sending you 1
2024-10-14 16:24:46.555422 Charlie: November and Bravo, sending you 2
2024-10-14 16:24:46.557052 Delta: We should drop X-ray
ChatterBot Hotel reevaluating
2024-10-14 16:24:46.566216 Golf: Yes
2024-10-14 16:24:46.566372 Hotel: Yes
ChatterBot Delta reevaluating
ChatterBot Hotel reevaluating
ChatterBot Delta reevaluating
2024-10-14 16:24:46.583051 Golf: Delta, sending you 4
2024-10-14 16:24:46.583796 Alpha: Kilo, sending you 3
2024-10-14 16:24:46.584784 November: Kilo, sending you 4
2024-10-14 16:24:46.585187 Kilo: Bravo, Charlie and Hotel, sending you 1
2024-10-14 16:24:46.585619 Charlie: Kilo and Alpha, sending you 1
2024-10-14 16:24:46.586677 Golf: Hotel and X-ray, sending you 2
2024-10-14 16:24:46.588675 November: Hotel and Alpha, sending you 1
2024-10-14 16:24:46.612714 Hotel: November, sending you 1
2024-10-14 16:24:46.613744 Delta: Sending you each 5
2024-10-14 16:24:46.619190 Hotel: Golf and X-ray, sending you 2
2024-10-14 16:24:46.623220 Hotel: Delta, sending you 4
chatterbot Golf submitting transactions
chatterbot Bravo submitting transactions
chatterbot Charlie submitting transactions
chatterbot Hotel submitting transactions
chatterbot Kilo submitting transactions
chatterbot November submitting transactions
chatterbot X-ray submitting transactions
chatterbot Delta submitting transactions
chatterbot Alpha submitting transactions
chatterbot Foxtrot submitting transactions
ChatterBot November round 10
ChatterBot Bravo round 10
ChatterBot Charlie round 10
ChatterBot Kilo round 10
ChatterBot Golf round 10
ChatterBot Delta round 10
ChatterBot Foxtrot round 10
ChatterBot Hotel round 10
ChatterBot X-ray round 10
ChatterBot Alpha round 10
2024-10-14 16:24:47.572109 Charlie: November and Bravo, sending you 2
2024-10-14 16:24:47.573039 Bravo: November, Charlie, Kilo, Hotel and Alpha, sending you 1
2024-10-14 16:24:47.574715 November: Bravo, Charlie and Hotel, sending you 2
2024-10-14 16:24:47.575834 Charlie: Kilo and Alpha, sending you 1
2024-10-14 16:24:47.595608 November: Kilo, sending you 4
2024-10-14 16:24:47.596310 Alpha: November and Bravo, sending you 1
2024-10-14 16:24:47.597183 Hotel: November, Bravo and Kilo, sending you 1
2024-10-14 16:24:47.597672 Golf: Delta, sending you 4
2024-10-14 16:24:47.598501 Delta: Same as last round
2024-10-14 16:24:47.598875 Kilo: November and Alpha, sending you 3
2024-10-14 16:24:47.599281 X-ray: Same as last round
2024-10-14 16:24:47.617292 Alpha: Kilo, sending you 2
2024-10-14 16:24:47.618235 Kilo: Bravo, Charlie and Hotel, sending you 1
2024-10-14 16:24:47.619367 Hotel: Golf, Delta and X-ray, sending you 2
2024-10-14 16:24:47.620719 Golf: Hotel and X-ray, sending you 2
chatterbot Foxtrot submitting transactions
chatterbot Golf submitting transactions
chatterbot X-ray submitting transactions
chatterbot November submitting transactions
chatterbot Delta submitting transactions
chatterbot Kilo submitting transactions
chatterbot Charlie submitting transactions
chatterbot Alpha submitting transactions
chatterbot Bravo submitting transactions
chatterbot Hotel submitting transactions
ChatterBot November round 11
ChatterBot Bravo round 11
ChatterBot Charlie round 11
ChatterBot Kilo round 11
ChatterBot Golf round 11
ChatterBot Delta round 11
ChatterBot Foxtrot round 11
ChatterBot Hotel round 11
ChatterBot X-ray round 11
ChatterBot Alpha round 11
2024-10-14 16:24:48.779094 X-ray: Same as last round
2024-10-14 16:24:48.780192 Bravo: November, Charlie, Kilo, Hotel and Alpha, sending you 1
2024-10-14 16:24:48.782699 Charlie: November and Bravo, sending you 2
2024-10-14 16:24:48.784700 Kilo: November and Alpha, sending you 3
2024-10-14 16:24:48.786693 Golf: Delta, sending you 4
2024-10-14 16:24:48.787658 November: Bravo, Charlie and Hotel, sending you 2
2024-10-14 16:24:48.788745 Hotel: November, sending you 1
2024-10-14 16:24:48.789485 Charlie: Kilo and Alpha, sending you 1
2024-10-14 16:24:48.790601 Delta: Same as last round
2024-10-14 16:24:48.791060 Kilo: Bravo, Charlie and Hotel, sending you 1
2024-10-14 16:24:48.792076 Golf: Hotel and X-ray, sending you 2
2024-10-14 16:24:48.792647 November: Kilo, sending you 4
2024-10-14 16:24:48.793688 Hotel: Golf and X-ray, sending you 2
2024-10-14 16:24:48.794228 Alpha: Bravo and Charlie, sending you 1
2024-10-14 16:24:48.797732 Hotel: Delta, sending you 4
2024-10-14 16:24:48.799764 Alpha: Kilo, sending you 2
chatterbot Alpha submitting transactions
chatterbot Foxtrot submitting transactions
chatterbot X-ray submitting transactions
chatterbot November submitting transactions
chatterbot Golf submitting transactions
chatterbot Kilo submitting transactions
chatterbot Delta submitting transactions
chatterbot Hotel submitting transactions
chatterbot Bravo submitting transactions
chatterbot Charlie submitting transactions
ChatterBot November round 12
ChatterBot Bravo round 12
ChatterBot Charlie round 12
ChatterBot Kilo round 12
ChatterBot Golf round 12
ChatterBot Delta round 12
ChatterBot Foxtrot round 12
ChatterBot Hotel round 12
ChatterBot X-ray round 12
ChatterBot Alpha round 12
2024-10-14 16:24:50.049673 Hotel: November, sending you 1
2024-10-14 16:24:50.052686 Golf: Delta, sending you 4
2024-10-14 16:24:50.053657 Hotel: Golf and X-ray, sending you 2
2024-10-14 16:24:50.054854 X-ray: Same as last round
2024-10-14 16:24:50.055669 Golf: Hotel and X-ray, sending you 2
2024-10-14 16:24:50.057142 Kilo: November, sending you 4
2024-10-14 16:24:50.058029 November: Bravo, Charlie and Hotel, sending you 2
2024-10-14 16:24:50.059667 Hotel: Delta, sending you 4
2024-10-14 16:24:50.060212 Charlie: November and Bravo, sending you 2
2024-10-14 16:24:50.061696 Alpha: Bravo and Charlie, sending you 1
2024-10-14 16:24:50.062506 Kilo: Bravo, Charlie and Hotel, sending you 1
2024-10-14 16:24:50.063841 Bravo: November, Charlie, Kilo, Hotel and Alpha, sending you 1
2024-10-14 16:24:50.065085 November: Kilo, sending you 4
2024-10-14 16:24:50.066056 Charlie: Kilo and Alpha, sending you 1
2024-10-14 16:24:50.067360 Alpha: Kilo, sending you 2
2024-10-14 16:24:50.067982 Delta: Same as last round
2024-10-14 16:24:50.068695 Kilo: Alpha, sending you 2
chatterbot Alpha submitting transactions
chatterbot Hotel submitting transactions
chatterbot Foxtrot submitting transactions
chatterbot Delta submitting transactions
chatterbot Golf submitting transactions
chatterbot November submitting transactions
chatterbot Kilo submitting transactions
chatterbot Charlie submitting transactions
chatterbot X-ray submitting transactions
chatterbot Bravo submitting transactions
ChatterBot November round 13
ChatterBot Bravo round 13
ChatterBot Charlie round 13
ChatterBot Kilo round 13
ChatterBot Golf round 13
ChatterBot Delta round 13
ChatterBot Foxtrot round 13
ChatterBot Hotel round 13
ChatterBot X-ray round 13
ChatterBot Alpha round 13
2024-10-14 16:24:51.186897 Foxtrot: We should replace Alpha with Charlie
2024-10-14 16:24:51.195966 Foxtrot: Charlie we want you to join our group
2024-10-14 16:24:51.199778 Charlie: No
ChatterBot Foxtrot reevaluating
2024-10-14 16:24:51.204375 Foxtrot: We should replace Alpha with Bravo
2024-10-14 16:24:51.277542 Kilo: November and Alpha, sending you 3
2024-10-14 16:24:51.279760 Foxtrot: Bravo we want you to join our group
2024-10-14 16:24:51.284737 Bravo: No
ChatterBot Foxtrot reevaluating
2024-10-14 16:24:51.289951 Alpha: Bravo and Charlie, sending you 1
2024-10-14 16:24:51.292812 X-ray: Golf, sending you 2
2024-10-14 16:24:51.294127 Kilo: Bravo, Charlie and Hotel, sending you 1
2024-10-14 16:24:51.296304 Charlie: November and Bravo, sending you 2
2024-10-14 16:24:51.299205 November: Bravo, Charlie and Hotel, sending you 2
2024-10-14 16:24:51.301792 Delta: Same as last round
2024-10-14 16:24:51.303549 Golf: Delta, sending you 4
2024-10-14 16:24:51.305436 Bravo: November, Charlie, Kilo, Hotel and Alpha, sending you 1
2024-10-14 16:24:51.307543 Alpha: Kilo, sending you 2
2024-10-14 16:24:51.308762 X-ray: Delta, sending you 1
2024-10-14 16:24:51.309295 Charlie: Kilo and Alpha, sending you 1
2024-10-14 16:24:51.310871 November: Kilo, sending you 4
2024-10-14 16:24:51.312025 Golf: Hotel and X-ray, sending you 2
2024-10-14 16:24:51.312804 Hotel: November, Bravo, Kilo, Golf and X-ray, sending you 1
2024-10-14 16:24:51.315879 X-ray: Hotel, sending you 3
2024-10-14 16:24:51.351341 Hotel: Delta, sending you 4
chatterbot November submitting transactions
chatterbot Hotel submitting transactions
chatterbot Delta submitting transactions
chatterbot Alpha submitting transactions
chatterbot X-ray submitting transactions
chatterbot Golf submitting transactions
chatterbot Bravo submitting transactions
chatterbot Kilo submitting transactions
chatterbot Charlie submitting transactions
chatterbot Foxtrot submitting transactions
ChatterBot November round 14
ChatterBot Bravo round 14
ChatterBot Charlie round 14
ChatterBot Kilo round 14
ChatterBot Golf round 14
ChatterBot Delta round 14
ChatterBot Foxtrot round 14
ChatterBot Hotel round 14
ChatterBot X-ray round 14
ChatterBot Alpha round 14
2024-10-14 16:24:52.462712 November: We should replace Hotel with Foxtrot
ChatterBot Kilo reevaluating
2024-10-14 16:24:52.563244 Kilo: Yes
2024-10-14 16:24:52.564351 Alpha: No
2024-10-14 16:24:52.564973 Bravo: No
2024-10-14 16:24:52.565210 Charlie: No
ChatterBot November reevaluating
ChatterBot Alpha reevaluating
ChatterBot Kilo reevaluating
ChatterBot November reevaluating
ChatterBot Kilo reevaluating
ChatterBot November reevaluating
ChatterBot Alpha reevaluating
ChatterBot Kilo reevaluating
ChatterBot November reevaluating
ChatterBot Alpha reevaluating
2024-10-14 16:24:52.663646 X-ray: We should add Bravo
ChatterBot Hotel reevaluating
2024-10-14 16:24:52.676819 Delta: No
2024-10-14 16:24:52.677177 Golf: No
2024-10-14 16:24:52.677321 Hotel: Yes
ChatterBot Hotel reevaluating
ChatterBot X-ray reevaluating
ChatterBot Hotel reevaluating
ChatterBot X-ray reevaluating
ChatterBot Golf reevaluating
ChatterBot X-ray reevaluating
2024-10-14 16:24:52.725652 Golf: Bravo we want you to join our group
2024-10-14 16:24:52.731071 Bravo: No
ChatterBot Golf reevaluating
ChatterBot X-ray reevaluating
2024-10-14 16:24:52.755179 Delta: Same as last round
2024-10-14 16:24:52.756014 Hotel: November, Golf and X-ray, sending you 2
2024-10-14 16:24:52.757293 Kilo: November, sending you 4
2024-10-14 16:24:52.759540 Charlie: November and Bravo, sending you 2
2024-10-14 16:24:52.762557 Hotel: Delta, sending you 3
2024-10-14 16:24:52.764325 Kilo: Bravo, Charlie and Hotel, sending you 1
2024-10-14 16:24:52.765853 Charlie: Kilo and Alpha, sending you 1
2024-10-14 16:24:52.767631 November: Bravo, Charlie and Hotel, sending you 2
2024-10-14 16:24:52.768170 Alpha: Bravo and Charlie, sending you 1
2024-10-14 16:24:52.770080 Kilo: Alpha, sending you 2
2024-10-14 16:24:52.771060 Bravo: November, Charlie, Kilo, Hotel and Alpha, sending you 1
2024-10-14 16:24:52.791942 Alpha: Kilo, sending you 2
2024-10-14 16:24:52.793885 November: Kilo, sending you 4
2024-10-14 16:24:52.805385 X-ray: Golf, sending you 2
2024-10-14 16:24:52.806560 Golf: Delta, sending you 4
2024-10-14 16:24:52.810083 X-ray: Delta, sending you 1
2024-10-14 16:24:52.814298 Golf: Hotel and X-ray, sending you 2
2024-10-14 16:24:52.816913 X-ray: Hotel, sending you 3
chatterbot November submitting transactions
chatterbot Bravo submitting transactions
chatterbot Alpha submitting transactions
chatterbot Delta submitting transactions
chatterbot Hotel submitting transactions
chatterbot X-ray submitting transactions
chatterbot Golf submitting transactions
chatterbot Foxtrot submitting transactions
