ChatterBot Victor round 1
ChatterBot Juliett round 1
ChatterBot Golf round 1
ChatterBot Echo round 1
ChatterBot Uniform round 1
ChatterBot Foxtrot round 1
ChatterBot Zulu round 1
ChatterBot Romeo round 1
ChatterBot X-ray round 1
ChatterBot Mike round 1
randomSelections Victor: {Victor, X-ray, Juliett, Uniform, Zulu, Echo} 
2024-10-14 19:33:20.788977 Victor: Let's form a team
ChatterBot X-ray reevaluating
ChatterBot Juliett reevaluating
ChatterBot Uniform reevaluating
ChatterBot Zulu reevaluating
ChatterBot Echo reevaluating
2024-10-14 19:33:20.820260 X-ray: Yes
2024-10-14 19:33:20.820631 Juliett: Yes
2024-10-14 19:33:20.821963 Uniform: Yes
2024-10-14 19:33:20.822275 Zulu: Yes
2024-10-14 19:33:20.822505 Echo: Yes
ChatterBot Juliett reevaluating
ChatterBot Uniform reevaluating
ChatterBot Zulu reevaluating
ChatterBot Echo reevaluating
ChatterBot X-ray reevaluating
ChatterBot Uniform reevaluating
ChatterBot Zulu reevaluating
ChatterBot Echo reevaluating
ChatterBot X-ray reevaluating
ChatterBot Juliett reevaluating
ChatterBot Zulu reevaluating
ChatterBot Echo reevaluating
ChatterBot X-ray reevaluating
ChatterBot Juliett reevaluating
ChatterBot Uniform reevaluating
ChatterBot Echo reevaluating
ChatterBot X-ray reevaluating
ChatterBot Juliett reevaluating
ChatterBot Uniform reevaluating
ChatterBot Zulu reevaluating
randomSelections Golf: {Golf, Uniform, X-ray, Juliett, Mike, Zulu, Victor, Echo} 
2024-10-14 19:33:20.895001 Golf: Let's form a team
ChatterBot Uniform reevaluating
ChatterBot X-ray reevaluating
ChatterBot Juliett reevaluating
ChatterBot Mike reevaluating
ChatterBot Zulu reevaluating
ChatterBot Echo reevaluating
2024-10-14 19:33:20.912353 Uniform: No
2024-10-14 19:33:20.912681 X-ray: No
2024-10-14 19:33:20.912973 Juliett: No
2024-10-14 19:33:20.913765 Mike: Yes
2024-10-14 19:33:20.913942 Zulu: No
2024-10-14 19:33:20.914264 Victor: No
2024-10-14 19:33:20.914536 Echo: No
ChatterBot X-ray reevaluating
ChatterBot Juliett reevaluating
ChatterBot Mike reevaluating
ChatterBot Zulu reevaluating
ChatterBot Echo reevaluating
ChatterBot Uniform reevaluating
ChatterBot Juliett reevaluating
ChatterBot Mike reevaluating
ChatterBot Zulu reevaluating
ChatterBot Echo reevaluating
ChatterBot Uniform reevaluating
ChatterBot X-ray reevaluating
ChatterBot Mike reevaluating
ChatterBot Zulu reevaluating
ChatterBot Echo reevaluating
ChatterBot Uniform reevaluating
ChatterBot X-ray reevaluating
ChatterBot Juliett reevaluating
ChatterBot Zulu reevaluating
ChatterBot Echo reevaluating
ChatterBot Uniform reevaluating
ChatterBot X-ray reevaluating
ChatterBot Juliett reevaluating
ChatterBot Mike reevaluating
ChatterBot Echo reevaluating
ChatterBot Uniform reevaluating
ChatterBot X-ray reevaluating
ChatterBot Juliett reevaluating
ChatterBot Mike reevaluating
ChatterBot Zulu reevaluating
ChatterBot Echo reevaluating
ChatterBot Uniform reevaluating
ChatterBot X-ray reevaluating
ChatterBot Juliett reevaluating
ChatterBot Mike reevaluating
ChatterBot Zulu reevaluating
randomSelections Romeo: {Romeo, Uniform, Juliett, Mike} 
2024-10-14 19:33:21.059094 Romeo: We should group up
ChatterBot Uniform reevaluating
ChatterBot Juliett reevaluating
ChatterBot Mike reevaluating
2024-10-14 19:33:21.094479 Uniform: No
2024-10-14 19:33:21.094766 Juliett: No
2024-10-14 19:33:21.094944 Mike: No
ChatterBot Juliett reevaluating
ChatterBot Mike reevaluating
ChatterBot Uniform reevaluating
ChatterBot Mike reevaluating
ChatterBot Uniform reevaluating
ChatterBot Juliett reevaluating
randomSelections Foxtrot: {Foxtrot, Echo, Romeo, Golf, Mike, Juliett} 
2024-10-14 19:33:21.161018 Foxtrot: We should group up
ChatterBot Echo reevaluating
ChatterBot Mike reevaluating
ChatterBot Juliett reevaluating
2024-10-14 19:33:21.169344 Echo: No
2024-10-14 19:33:21.169532 Romeo: No
2024-10-14 19:33:21.169740 Golf: No
2024-10-14 19:33:21.170479 Mike: No
2024-10-14 19:33:21.170726 Juliett: No
ChatterBot Mike reevaluating
ChatterBot Juliett reevaluating
ChatterBot Echo reevaluating
ChatterBot Mike reevaluating
ChatterBot Juliett reevaluating
ChatterBot Echo reevaluating
ChatterBot Mike reevaluating
ChatterBot Juliett reevaluating
ChatterBot Echo reevaluating
ChatterBot Juliett reevaluating
ChatterBot Echo reevaluating
ChatterBot Mike reevaluating
2024-10-14 19:33:21.230472 Uniform: Juliett and Echo, sending you 4
2024-10-14 19:33:21.232073 Golf: Victor, Uniform, Zulu and Mike, sending you 2
2024-10-14 19:33:21.236430 Uniform: Zulu and X-ray, sending you 3
2024-10-14 19:33:21.237929 Golf: Juliett, sending you 1
2024-10-14 19:33:21.239527 Echo: Victor, sending you 2
2024-10-14 19:33:21.240418 Romeo: Juliett, sending you 4
chatterbot Victor submitting transactions
2024-10-14 19:33:21.243179 X-ray: Victor and Uniform, sending you 3
2024-10-14 19:33:21.244213 Juliett: Victor, sending you 3
2024-10-14 19:33:21.245957 Victor: Juliett, Uniform and Zulu, sending you 2
2024-10-14 19:33:21.247666 Echo: Juliett, sending you 3
2024-10-14 19:33:21.249421 Zulu: Victor, sending you 4
2024-10-14 19:33:21.250293 Romeo: Uniform and Mike, sending you 6
2024-10-14 19:33:21.251836 Foxtrot: Juliett, sending you 3
2024-10-14 19:33:21.252494 X-ray: Juliett, sending you 6
2024-10-14 19:33:21.253949 Juliett: Uniform and X-ray, sending you 5
2024-10-14 19:33:21.255368 Mike: Victor, Echo and Zulu, sending you 2
2024-10-14 19:33:21.256169 Victor: Echo, sending you 4
2024-10-14 19:33:21.257649 Zulu: Juliett, Uniform and X-ray, sending you 2
2024-10-14 19:33:21.258509 Echo: Uniform and Zulu, sending you 5
2024-10-14 19:33:21.259830 Foxtrot: Golf and Echo, sending you 4
2024-10-14 19:33:21.261077 X-ray: Zulu, sending you 7
2024-10-14 19:33:21.262890 Juliett: Zulu, sending you 2
2024-10-14 19:33:21.263858 Mike: Golf and X-ray, sending you 1
2024-10-14 19:33:21.265535 Victor: X-ray, sending you 3
2024-10-14 19:33:21.266884 Zulu: Echo, sending you 1
2024-10-14 19:33:21.267658 Echo: X-ray, sending you 1
2024-10-14 19:33:21.269112 Foxtrot: Romeo and Mike, sending you 2
chatterbot Golf submitting transactions
chatterbot Echo submitting transactions
chatterbot Mike submitting transactions
chatterbot Uniform submitting transactions
chatterbot Romeo submitting transactions
chatterbot X-ray submitting transactions
chatterbot Zulu submitting transactions
chatterbot Foxtrot submitting transactions
chatterbot Juliett submitting transactions
ChatterBot Victor round 2
ChatterBot Juliett round 2
ChatterBot Golf round 2
ChatterBot Echo round 2
ChatterBot Uniform round 2
ChatterBot Foxtrot round 2
ChatterBot Zulu round 2
ChatterBot Romeo round 2
ChatterBot X-ray round 2
2024-10-14 19:33:22.312529 Echo: We should add Foxtrot
ChatterBot X-ray reevaluating
ChatterBot Juliett reevaluating
ChatterBot Uniform reevaluating
ChatterBot Zulu reevaluating
2024-10-14 19:33:22.344360 Victor: No
2024-10-14 19:33:22.344566 X-ray: No
2024-10-14 19:33:22.344753 Juliett: No
2024-10-14 19:33:22.344939 Uniform: No
2024-10-14 19:33:22.345134 Zulu: No
ChatterBot X-ray reevaluating
ChatterBot Juliett reevaluating
ChatterBot Uniform reevaluating
ChatterBot Zulu reevaluating
ChatterBot Juliett reevaluating
ChatterBot Uniform reevaluating
ChatterBot Zulu reevaluating
ChatterBot X-ray reevaluating
ChatterBot Uniform reevaluating
ChatterBot Zulu reevaluating
ChatterBot X-ray reevaluating
ChatterBot Juliett reevaluating
ChatterBot Zulu reevaluating
ChatterBot X-ray reevaluating
ChatterBot Juliett reevaluating
ChatterBot Uniform reevaluating
ChatterBot Mike round 2
2024-10-14 19:33:22.498328 Golf: Can we be friends?
ChatterBot Romeo reevaluating
ChatterBot Mike reevaluating
2024-10-14 19:33:22.512060 Foxtrot: No
2024-10-14 19:33:22.512273 Romeo: Yes
2024-10-14 19:33:22.512411 Mike: Yes
ChatterBot Romeo reevaluating
ChatterBot Mike reevaluating
ChatterBot Foxtrot reevaluating
ChatterBot Mike reevaluating
ChatterBot Foxtrot reevaluating
ChatterBot Romeo reevaluating
2024-10-14 19:33:22.568441 Echo: Foxtrot we want you to join our group
ChatterBot Foxtrot reevaluating
2024-10-14 19:33:22.573607 Foxtrot: No
ChatterBot Juliett reevaluating
ChatterBot Uniform reevaluating
ChatterBot Zulu reevaluating
ChatterBot X-ray reevaluating
2024-10-14 19:33:22.603476 Uniform: We should add Romeo and Mike
2024-10-14 19:33:22.634131 Victor: No
2024-10-14 19:33:22.634378 X-ray: No
2024-10-14 19:33:22.634550 Juliett: No
2024-10-14 19:33:22.634730 Zulu: No
2024-10-14 19:33:22.635396 Echo: No
ChatterBot Uniform reevaluating
ChatterBot Uniform reevaluating
ChatterBot Uniform reevaluating
ChatterBot Uniform reevaluating
ChatterBot Uniform reevaluating
2024-10-14 19:33:22.853419 Uniform: We should add Golf
2024-10-14 19:33:22.871658 Victor: No
2024-10-14 19:33:22.871881 X-ray: No
2024-10-14 19:33:22.872528 Juliett: No
2024-10-14 19:33:22.872828 Zulu: No
2024-10-14 19:33:22.873001 Echo: No
ChatterBot Uniform reevaluating
ChatterBot Uniform reevaluating
ChatterBot Uniform reevaluating
ChatterBot Uniform reevaluating
ChatterBot Uniform reevaluating
2024-10-14 19:33:23.422896 Victor: Juliett and X-ray, sending you 4
chatterbot Romeo submitting transactions
chatterbot Victor submitting transactions
chatterbot X-ray submitting transactions
2024-10-14 19:33:23.893402 Mike: Golf, Foxtrot and Romeo, sending you 1
2024-10-14 19:33:23.894053 X-ray: Victor and Uniform, sending you 4
2024-10-14 19:33:23.895238 Golf: Foxtrot and Mike, sending you 3
2024-10-14 19:33:23.895659 Zulu: Victor, Juliett and Uniform, sending you 2
2024-10-14 19:33:23.896604 Juliett: Sending you each 3
2024-10-14 19:33:23.897109 Echo: Victor, sending you 4
2024-10-14 19:33:23.897969 Victor: Echo, sending you 3
2024-10-14 19:33:23.898608 Romeo: Golf and Mike, sending you 4
chatterbot Mike submitting transactions
chatterbot Golf submitting transactions
chatterbot Foxtrot submitting transactions
chatterbot Juliett submitting transactions
2024-10-14 19:33:23.900081 Mike: Echo, sending you 2
2024-10-14 19:33:23.900460 Golf: Romeo, sending you 2
2024-10-14 19:33:23.901199 X-ray: Juliett, sending you 5
2024-10-14 19:33:23.901716 Zulu: Echo, sending you 3
2024-10-14 19:33:23.902621 Echo: Juliett, Zulu and X-ray, sending you 2
2024-10-14 19:33:23.903031 Victor: Zulu, sending you 5
2024-10-14 19:33:23.903477 Romeo: Foxtrot, sending you 9
2024-10-14 19:33:23.904224 Uniform: Victor, sending you 2
chatterbot Zulu submitting transactions
2024-10-14 19:33:23.904914 X-ray: Echo and Zulu, sending you 3
2024-10-14 19:33:24.262990 Zulu: X-ray, sending you 5
2024-10-14 19:33:24.263468 Echo: Uniform and Foxtrot, sending you 3
2024-10-14 19:33:24.263791 Uniform: Juliett, sending you 4
chatterbot Echo submitting transactions
chatterbot Uniform submitting transactions
2024-10-14 19:33:24.276984 Uniform: Echo and X-ray, sending you 3
2024-10-14 19:33:24.277372 Echo: Victor did not give me 4 like they said
ChatterBot Victor reevaluating
ChatterBot Juliett reevaluating
ChatterBot Uniform reevaluating
ChatterBot Zulu reevaluating
ChatterBot X-ray reevaluating
ChatterBot Foxtrot reevaluating
2024-10-14 19:33:24.300259 Echo: Uniform did not give me 4 like they said
ChatterBot Victor reevaluating
ChatterBot Juliett reevaluating
ChatterBot Uniform reevaluating
ChatterBot Zulu reevaluating
ChatterBot X-ray reevaluating
ChatterBot Foxtrot reevaluating
2024-10-14 19:33:24.324222 Echo: Foxtrot did not give me 4 like they said
ChatterBot Victor reevaluating
ChatterBot Juliett reevaluating
ChatterBot Uniform reevaluating
ChatterBot Zulu reevaluating
ChatterBot X-ray reevaluating
ChatterBot Foxtrot reevaluating
ChatterBot Victor round 3
ChatterBot Juliett round 3
ChatterBot Golf round 3
ChatterBot Echo round 3
ChatterBot Uniform round 3
ChatterBot Foxtrot round 3
ChatterBot Zulu round 3
ChatterBot Romeo round 3
ChatterBot X-ray round 3
ChatterBot Mike round 3
2024-10-14 19:33:24.744781 Echo: We should drop Foxtrot
ChatterBot Juliett reevaluating
2024-10-14 19:33:24.762884 Victor: Yes
2024-10-14 19:33:24.764135 X-ray: Yes
2024-10-14 19:33:24.766270 Juliett: Yes
2024-10-14 19:33:24.773261 Uniform: Yes
2024-10-14 19:33:24.780185 Zulu: Yes
ChatterBot Juliett reevaluating
ChatterBot Juliett reevaluating
ChatterBot Echo reevaluating
ChatterBot Echo reevaluating
ChatterBot Juliett reevaluating
ChatterBot Echo reevaluating
ChatterBot Juliett reevaluating
ChatterBot Echo reevaluating
2024-10-14 19:33:24.939429 Mike: Golf and Romeo, sending you 1
2024-10-14 19:33:24.939805 Romeo: Golf, sending you 7
2024-10-14 19:33:24.940021 Victor: Juliett, Echo and Zulu, sending you 4
2024-10-14 19:33:24.940994 Golf: Foxtrot and Romeo, sending you 3
2024-10-14 19:33:24.941222 X-ray: Victor, Juliett, Uniform and Zulu, sending you 4
2024-10-14 19:33:24.960057 Mike: Echo and Foxtrot, sending you 2
2024-10-14 19:33:24.961205 Romeo: Foxtrot and Mike, sending you 6
2024-10-14 19:33:24.961519 Victor: Uniform, sending you 2
2024-10-14 19:33:24.962146 Uniform: Victor, sending you 1
2024-10-14 19:33:24.963296 Golf: Mike, sending you 2
2024-10-14 19:33:24.963656 Foxtrot: Golf and Mike, sending you 4
2024-10-14 19:33:24.964488 X-ray: Echo, sending you 3
2024-10-14 19:33:24.964941 Zulu: Victor, Juliett and Echo, sending you 3
2024-10-14 19:33:24.975335 Uniform: Juliett and Echo, sending you 4
2024-10-14 19:33:24.975982 Victor: X-ray, sending you 5
2024-10-14 19:33:24.976937 Foxtrot: Romeo, sending you 3
2024-10-14 19:33:24.977277 Zulu: Uniform, sending you 1
2024-10-14 19:33:24.978256 Juliett: Same as last round
2024-10-14 19:33:24.978842 Uniform: Zulu, sending you 2
2024-10-14 19:33:24.985880 Zulu: X-ray, sending you 4
2024-10-14 19:33:24.987225 Echo: Victor, Juliett, Zulu and X-ray, sending you 3
2024-10-14 19:33:24.987765 Uniform: X-ray, sending you 3
2024-10-14 19:33:24.992456 Echo: Uniform, sending you 4
chatterbot Golf submitting transactions
chatterbot Romeo submitting transactions
chatterbot Victor submitting transactions
chatterbot Uniform submitting transactions
chatterbot X-ray submitting transactions
chatterbot Zulu submitting transactions
chatterbot Foxtrot submitting transactions
chatterbot Mike submitting transactions
chatterbot Echo submitting transactions
chatterbot Juliett submitting transactions
ChatterBot Victor round 4
ChatterBot Juliett round 4
ChatterBot Golf round 4
ChatterBot Echo round 4
ChatterBot Uniform round 4
ChatterBot Foxtrot round 4
ChatterBot Zulu round 4
ChatterBot Romeo round 4
ChatterBot X-ray round 4
ChatterBot Mike round 4
2024-10-14 19:33:26.484694 Juliett: Same as last round
2024-10-14 19:33:26.532949 Foxtrot: Golf and Mike, sending you 4
2024-10-14 19:33:26.533792 Uniform: Victor and Zulu, sending you 2
2024-10-14 19:33:26.534366 X-ray: Victor, Juliett, Uniform and Zulu, sending you 4
2024-10-14 19:33:26.534889 Echo: Victor, Juliett, Zulu and X-ray, sending you 3
2024-10-14 19:33:26.535769 Golf: Sending you each 3
2024-10-14 19:33:26.536043 Victor: Juliett, Echo and Zulu, sending you 1
2024-10-14 19:33:26.536515 Romeo: Golf and Foxtrot, sending you 7
2024-10-14 19:33:26.553580 Uniform: Juliett, Echo and X-ray, sending you 4
2024-10-14 19:33:26.554850 X-ray: Echo, sending you 3
2024-10-14 19:33:26.555490 Foxtrot: Romeo, sending you 3
2024-10-14 19:33:26.556216 Echo: Uniform, sending you 4
2024-10-14 19:33:26.556879 Zulu: Victor, Juliett, Echo and X-ray, sending you 3
2024-10-14 19:33:26.557996 Victor: X-ray, sending you 2
2024-10-14 19:33:26.559101 Mike: Golf, Foxtrot and Romeo, sending you 1
2024-10-14 19:33:26.559442 Romeo: Mike, sending you 5
2024-10-14 19:33:26.580724 Zulu: Uniform, sending you 2
2024-10-14 19:33:26.581603 Mike: Echo, sending you 2
chatterbot X-ray submitting transactions
chatterbot Golf submitting transactions
chatterbot Foxtrot submitting transactions
chatterbot Victor submitting transactions
chatterbot Zulu submitting transactions
chatterbot Echo submitting transactions
chatterbot Mike submitting transactions
chatterbot Romeo submitting transactions
chatterbot Juliett submitting transactions
chatterbot Uniform submitting transactions
ChatterBot Victor round 5
ChatterBot Juliett round 5
ChatterBot Golf round 5
ChatterBot Echo round 5
ChatterBot Uniform round 5
ChatterBot Foxtrot round 5
ChatterBot Zulu round 5
ChatterBot Romeo round 5
ChatterBot X-ray round 5
ChatterBot Mike round 5
2024-10-14 19:33:27.387158 Uniform: We should add Golf
2024-10-14 19:33:27.398131 Victor: No
2024-10-14 19:33:27.398317 X-ray: No
2024-10-14 19:33:27.398437 Juliett: No
2024-10-14 19:33:27.398550 Zulu: No
2024-10-14 19:33:27.398686 Echo: No
ChatterBot Uniform reevaluating
ChatterBot Echo reevaluating
ChatterBot Uniform reevaluating
ChatterBot Echo reevaluating
ChatterBot Uniform reevaluating
ChatterBot Echo reevaluating
ChatterBot Uniform reevaluating
ChatterBot Echo reevaluating
ChatterBot Uniform reevaluating
2024-10-14 19:33:27.488163 Echo: We should add Mike
ChatterBot Victor reevaluating
ChatterBot Uniform reevaluating
2024-10-14 19:33:27.505072 Victor: Yes
2024-10-14 19:33:27.505268 X-ray: No
2024-10-14 19:33:27.505455 Juliett: No
2024-10-14 19:33:27.505660 Uniform: Yes
2024-10-14 19:33:27.505882 Zulu: No
ChatterBot Juliett reevaluating
ChatterBot Uniform reevaluating
ChatterBot Echo reevaluating
ChatterBot Victor reevaluating
ChatterBot Juliett reevaluating
ChatterBot Uniform reevaluating
ChatterBot Echo reevaluating
ChatterBot Victor reevaluating
ChatterBot Uniform reevaluating
ChatterBot Echo reevaluating
ChatterBot Victor reevaluating
ChatterBot Juliett reevaluating
ChatterBot Echo reevaluating
ChatterBot Victor reevaluating
ChatterBot Juliett reevaluating
ChatterBot Uniform reevaluating
ChatterBot Echo reevaluating
2024-10-14 19:33:27.611336 Foxtrot: We should add Echo
2024-10-14 19:33:27.618655 Golf: No
2024-10-14 19:33:27.620547 Romeo: No
2024-10-14 19:33:27.620711 Mike: Yes
ChatterBot Foxtrot reevaluating
ChatterBot Mike reevaluating
ChatterBot Foxtrot reevaluating
ChatterBot Mike reevaluating
ChatterBot Foxtrot reevaluating
2024-10-14 19:33:27.750 Foxtrot: We should add X-ray
ChatterBot Mike reevaluating
2024-10-14 19:33:27.758185 Golf: Yes
2024-10-14 19:33:27.758435 Romeo: Yes
2024-10-14 19:33:27.758603 Mike: Yes
ChatterBot Foxtrot reevaluating
ChatterBot Mike reevaluating
ChatterBot Foxtrot reevaluating
ChatterBot Mike reevaluating
ChatterBot Foxtrot reevaluating
2024-10-14 19:33:27.784254 Mike: We should replace Echo with X-ray
ChatterBot Foxtrot reevaluating
2024-10-14 19:33:27.792597 Golf: No
2024-10-14 19:33:27.793282 Foxtrot: Yes
2024-10-14 19:33:27.793589 Romeo: No
ChatterBot Foxtrot reevaluating
ChatterBot Mike reevaluating
ChatterBot Mike reevaluating
ChatterBot Foxtrot reevaluating
ChatterBot Mike reevaluating
2024-10-14 19:33:27.838750 Uniform: Mike we want you to join our group
ChatterBot Mike reevaluating
2024-10-14 19:33:27.845482 Mike: No
ChatterBot Victor reevaluating
ChatterBot Juliett reevaluating
ChatterBot X-ray reevaluating
chatterbot Golf submitting transactions
2024-10-14 19:33:27.873737 Romeo: I was attacked by Victor
ChatterBot Golf reevaluating
ChatterBot Foxtrot reevaluating
ChatterBot Mike reevaluating
2024-10-14 19:33:27.891757 Romeo: I'm keeping this round to protect myself
2024-10-14 19:33:27.893101 Romeo: Ow
2024-10-14 19:33:27.893761 Victor: Mike we want you to join our group
2024-10-14 19:33:27.898981 Mike: No
ChatterBot Victor reevaluating
ChatterBot Juliett reevaluating
ChatterBot X-ray reevaluating
2024-10-14 19:33:27.930259 Echo: Victor, Juliett, Zulu and X-ray, sending you 3
2024-10-14 19:33:27.931167 Zulu: Victor, Juliett and Echo, sending you 3
2024-10-14 19:33:27.932362 Mike: X-ray we want you to join our group
ChatterBot X-ray reevaluating
2024-10-14 19:33:27.938500 X-ray: No
ChatterBot Foxtrot reevaluating
ChatterBot Golf reevaluating
ChatterBot Mike reevaluating
2024-10-14 19:33:27.960666 Mike: We should replace Echo with Uniform
ChatterBot Golf reevaluating
ChatterBot Foxtrot reevaluating
2024-10-14 19:33:27.976207 Golf: No
2024-10-14 19:33:27.976401 Foxtrot: No
2024-10-14 19:33:27.976564 Romeo: No
ChatterBot Foxtrot reevaluating
ChatterBot Mike reevaluating
ChatterBot Golf reevaluating
ChatterBot Mike reevaluating
ChatterBot Golf reevaluating
ChatterBot Foxtrot reevaluating
ChatterBot Mike reevaluating
2024-10-14 19:33:28.025357 Echo: Uniform, sending you 4
2024-10-14 19:33:28.026821 Zulu: Uniform, sending you 1
2024-10-14 19:33:28.028322 Juliett: Mike we want you to join our group
ChatterBot Mike reevaluating
2024-10-14 19:33:28.032368 Mike: No
ChatterBot Victor reevaluating
ChatterBot Juliett reevaluating
ChatterBot Echo reevaluating
ChatterBot X-ray reevaluating
2024-10-14 19:33:28.052317 Mike: We should replace Echo with Juliett
ChatterBot Golf reevaluating
ChatterBot Foxtrot reevaluating
2024-10-14 19:33:28.062339 Golf: No
2024-10-14 19:33:28.062524 Foxtrot: No
2024-10-14 19:33:28.062703 Romeo: No
ChatterBot Foxtrot reevaluating
ChatterBot Mike reevaluating
ChatterBot Golf reevaluating
ChatterBot Mike reevaluating
ChatterBot Golf reevaluating
ChatterBot Foxtrot reevaluating
ChatterBot Mike reevaluating
2024-10-14 19:33:28.092141 Uniform: Victor, sending you 1
2024-10-14 19:33:28.092753 Zulu: X-ray, sending you 4
2024-10-14 19:33:28.094046 X-ray: Mike we want you to join our group
ChatterBot Mike reevaluating
2024-10-14 19:33:28.098530 Mike: No
ChatterBot Victor reevaluating
ChatterBot Juliett reevaluating
ChatterBot Echo reevaluating
ChatterBot X-ray reevaluating
2024-10-14 19:33:28.118282 Uniform: Juliett, Echo and X-ray, sending you 4
2024-10-14 19:33:28.235140 Mike: Uniform we want you to join our group
2024-10-14 19:33:28.239359 Uniform: No
ChatterBot Golf reevaluating
ChatterBot Mike reevaluating
2024-10-14 19:33:28.260148 Uniform: Zulu, sending you 2
2024-10-14 19:33:28.260757 Echo: Mike we want you to join our group
ChatterBot Mike reevaluating
2024-10-14 19:33:28.266715 Mike: No
ChatterBot Victor reevaluating
ChatterBot Juliett reevaluating
ChatterBot Echo reevaluating
ChatterBot X-ray reevaluating
chatterbot Zulu submitting transactions
2024-10-14 19:33:28.454796 X-ray: Victor, Juliett, Uniform and Zulu, sending you 4
2024-10-14 19:33:28.458324 Juliett: Same as last round
2024-10-14 19:33:28.460721 X-ray: Echo, sending you 3
2024-10-14 19:33:28.488900 Mike: Golf, Foxtrot and Romeo, sending you 1
2024-10-14 19:33:28.489834 Victor: Juliett, Echo and Zulu, sending you 4
2024-10-14 19:33:28.494199 Mike: X-ray, sending you 2
2024-10-14 19:33:28.494976 Victor: Uniform, sending you 2
2024-10-14 19:33:28.498683 Victor: X-ray, sending you 5
chatterbot Uniform submitting transactions
chatterbot Juliett submitting transactions
chatterbot Romeo submitting transactions
chatterbot Mike submitting transactions
chatterbot Echo submitting transactions
chatterbot X-ray submitting transactions
chatterbot Foxtrot submitting transactions
chatterbot Victor submitting transactions
ChatterBot Victor round 6
ChatterBot Juliett round 6
2024-10-14 19:33:29.170994 Juliett: We should add Mike
ChatterBot Echo reevaluating
2024-10-14 19:33:29.193509 Victor: Yes
2024-10-14 19:33:29.193720 X-ray: No
2024-10-14 19:33:29.193893 Uniform: Yes
2024-10-14 19:33:29.194055 Zulu: No
2024-10-14 19:33:29.194218 Echo: Yes
ChatterBot X-ray reevaluating
ChatterBot Juliett reevaluating
ChatterBot Zulu reevaluating
ChatterBot Echo reevaluating
ChatterBot Juliett reevaluating
ChatterBot Zulu reevaluating
ChatterBot Echo reevaluating
ChatterBot X-ray reevaluating
ChatterBot Juliett reevaluating
ChatterBot Zulu reevaluating
ChatterBot Echo reevaluating
ChatterBot X-ray reevaluating
ChatterBot Juliett reevaluating
ChatterBot Echo reevaluating
ChatterBot X-ray reevaluating
ChatterBot Juliett reevaluating
ChatterBot Zulu reevaluating
ChatterBot Golf round 6
ChatterBot Echo round 6
ChatterBot Uniform round 6
ChatterBot Foxtrot round 6
ChatterBot Zulu round 6
ChatterBot Romeo round 6
ChatterBot X-ray round 6
ChatterBot Mike round 6
chatterbot Golf submitting transactions
2024-10-14 19:33:29.324917 X-ray: We should add Mike
ChatterBot Juliett reevaluating
ChatterBot Zulu reevaluating
ChatterBot Echo reevaluating
2024-10-14 19:33:29.343401 Victor: Yes
2024-10-14 19:33:29.343602 Juliett: Yes
2024-10-14 19:33:29.343881 Uniform: Yes
2024-10-14 19:33:29.344058 Zulu: Yes
2024-10-14 19:33:29.344228 Echo: No
ChatterBot X-ray reevaluating
ChatterBot Juliett reevaluating
ChatterBot Zulu reevaluating
ChatterBot Echo reevaluating
ChatterBot X-ray reevaluating
ChatterBot Zulu reevaluating
ChatterBot Echo reevaluating
ChatterBot X-ray reevaluating
ChatterBot Juliett reevaluating
ChatterBot Zulu reevaluating
ChatterBot Echo reevaluating
ChatterBot X-ray reevaluating
ChatterBot Juliett reevaluating
ChatterBot Echo reevaluating
ChatterBot X-ray reevaluating
ChatterBot Juliett reevaluating
ChatterBot Zulu reevaluating
2024-10-14 19:33:29.535878 Mike: We should replace X-ray with Juliett
2024-10-14 19:33:29.548469 Golf: No
2024-10-14 19:33:29.548719 Foxtrot: No
2024-10-14 19:33:29.548998 Romeo: No
ChatterBot Mike reevaluating
ChatterBot Mike reevaluating
2024-10-14 19:33:29.575286 Foxtrot: We should replace Uniform with Echo
ChatterBot Mike reevaluating
2024-10-14 19:33:29.582669 Golf: No
2024-10-14 19:33:29.582872 Romeo: No
2024-10-14 19:33:29.583003 Mike: No
ChatterBot Foxtrot reevaluating
ChatterBot Mike reevaluating
ChatterBot Foxtrot reevaluating
ChatterBot Mike reevaluating
ChatterBot Foxtrot reevaluating
2024-10-14 19:33:29.610015 Juliett: Mike we want you to join our group
ChatterBot Mike reevaluating
2024-10-14 19:33:29.613186 Mike: No
ChatterBot Echo reevaluating
ChatterBot X-ray reevaluating
2024-10-14 19:33:29.629437 Zulu: Mike we want you to join our group
ChatterBot Mike reevaluating
2024-10-14 19:33:29.634663 Mike: No
ChatterBot Echo reevaluating
ChatterBot X-ray reevaluating
2024-10-14 19:33:29.660246 Mike: We should replace X-ray with Uniform
ChatterBot Foxtrot reevaluating
2024-10-14 19:33:29.670687 Golf: No
2024-10-14 19:33:29.671126 Foxtrot: No
2024-10-14 19:33:29.671540 Romeo: No
ChatterBot Foxtrot reevaluating
ChatterBot Mike reevaluating
ChatterBot Mike reevaluating
ChatterBot Foxtrot reevaluating
ChatterBot Mike reevaluating
2024-10-14 19:33:29.700813 Echo: Mike we want you to join our group
ChatterBot Mike reevaluating
2024-10-14 19:33:29.704397 Mike: No
ChatterBot X-ray reevaluating
2024-10-14 19:33:29.719146 Golf: Foxtrot and Romeo, sending you 3
2024-10-14 19:33:29.719512 Victor: Juliett, Echo and Zulu, sending you 4
2024-10-14 19:33:29.723192 Golf: Mike, sending you 2
2024-10-14 19:33:29.723691 Juliett: Victor, Echo, Uniform, Zulu and X-ray, sending you 3
2024-10-14 19:33:29.724828 Mike: Juliett we want you to join our group
2024-10-14 19:33:29.729901 Juliett: No
ChatterBot Foxtrot reevaluating
2024-10-14 19:33:29.749623 Foxtrot: We should replace Uniform with Zulu
ChatterBot Mike reevaluating
2024-10-14 19:33:29.762923 Golf: No
2024-10-14 19:33:29.763118 Romeo: No
2024-10-14 19:33:29.763294 Mike: Yes
ChatterBot Foxtrot reevaluating
ChatterBot Mike reevaluating
ChatterBot Foxtrot reevaluating
ChatterBot Mike reevaluating
ChatterBot Foxtrot reevaluating
2024-10-14 19:33:29.808110 Victor: Uniform, sending you 2
2024-10-14 19:33:29.809589 Uniform: Victor and Zulu, sending you 1
2024-10-14 19:33:29.810237 Zulu: Victor, Juliett, Echo and X-ray, sending you 3
chatterbot Golf submitting transactions
2024-10-14 19:33:29.812820 Uniform: Juliett and X-ray, sending you 2
2024-10-14 19:33:29.813662 Victor: X-ray, sending you 5
2024-10-14 19:33:29.814436 Zulu: Uniform, sending you 2
2024-10-14 19:33:29.814824 Echo: Victor, Juliett, Uniform, Zulu and X-ray, sending you 3
2024-10-14 19:33:29.816707 Uniform: Echo, sending you 3
2024-10-14 19:33:29.819670 Echo: Mike, sending you 1
2024-10-14 19:33:29.827678 Foxtrot: Golf, sending you 3
2024-10-14 19:33:29.832694 Foxtrot: Uniform and Romeo, sending you 2
2024-10-14 19:33:29.836674 Foxtrot: Mike, sending you 4
2024-10-14 19:33:29.837815 Mike: Golf and Romeo, sending you 1
2024-10-14 19:33:29.842226 Mike: Foxtrot and Zulu, sending you 2
chatterbot Uniform submitting transactions
chatterbot Victor submitting transactions
chatterbot Echo submitting transactions
chatterbot Romeo submitting transactions
chatterbot Zulu submitting transactions
chatterbot Mike submitting transactions
chatterbot X-ray submitting transactions
chatterbot Juliett submitting transactions
chatterbot Foxtrot submitting transactions
ChatterBot Victor round 7
ChatterBot Juliett round 7
ChatterBot Golf round 7
ChatterBot Echo round 7
ChatterBot Uniform round 7
ChatterBot Foxtrot round 7
ChatterBot Zulu round 7
ChatterBot Romeo round 7
ChatterBot X-ray round 7
ChatterBot Mike round 7
2024-10-14 19:33:31.030504 X-ray: We should add Mike
2024-10-14 19:33:31.044048 Victor: Yes
2024-10-14 19:33:31.044231 Juliett: Yes
2024-10-14 19:33:31.044386 Uniform: Yes
2024-10-14 19:33:31.044536 Zulu: Yes
2024-10-14 19:33:31.044772 Echo: Yes
2024-10-14 19:33:31.120105 Mike: We should replace Zulu with Juliett
2024-10-14 19:33:31.131348 Golf: No
2024-10-14 19:33:31.131939 Foxtrot: No
2024-10-14 19:33:31.132105 Romeo: No
ChatterBot Foxtrot reevaluating
ChatterBot Mike reevaluating
ChatterBot Mike reevaluating
ChatterBot Foxtrot reevaluating
ChatterBot Mike reevaluating
2024-10-14 19:33:31.165915 X-ray: Mike we want you to join our group
ChatterBot Mike reevaluating
2024-10-14 19:33:31.169354 Mike: No
2024-10-14 19:33:31.184725 Uniform: Victor, Juliett, Echo, Zulu and X-ray, sending you 1
2024-10-14 19:33:31.186679 Victor: Juliett, sending you 2
2024-10-14 19:33:31.187677 Zulu: Victor, Juliett and Echo, sending you 3
2024-10-14 19:33:31.188684 Juliett: Victor, Echo, Uniform, Zulu and X-ray, sending you 3
2024-10-14 19:33:31.189326 Golf: Foxtrot, sending you 3
2024-10-14 19:33:31.189873 Echo: Victor, Juliett, Uniform and Zulu, sending you 3
2024-10-14 19:33:31.191120 Zulu: Uniform and X-ray, sending you 2
2024-10-14 19:33:31.192674 Victor: Echo, Zulu and X-ray, sending you 1
2024-10-14 19:33:31.194023 Echo: X-ray and Mike, sending you 2
2024-10-14 19:33:31.194952 Golf: Romeo and Mike, sending you 2
2024-10-14 19:33:31.195645 Zulu: Mike, sending you 1
2024-10-14 19:33:31.207661 Romeo: Sending you each 2
2024-10-14 19:33:31.212699 Mike: Golf, Foxtrot and Romeo, sending you 1
2024-10-14 19:33:31.218688 Mike: Zulu, sending you 2
chatterbot Juliett submitting transactions
chatterbot Uniform submitting transactions
chatterbot Victor submitting transactions
chatterbot Zulu submitting transactions
chatterbot Romeo submitting transactions
chatterbot Echo submitting transactions
chatterbot Golf submitting transactions
chatterbot X-ray submitting transactions
chatterbot Foxtrot submitting transactions
chatterbot Mike submitting transactions
ChatterBot Victor round 8
ChatterBot Juliett round 8
ChatterBot Golf round 8
ChatterBot Echo round 8
ChatterBot Uniform round 8
ChatterBot Foxtrot round 8
ChatterBot Zulu round 8
ChatterBot Romeo round 8
ChatterBot X-ray round 8
ChatterBot Mike round 8
2024-10-14 19:33:32.467705 Foxtrot: Friends?
ChatterBot Victor reevaluating
2024-10-14 19:33:32.481957 Victor: Yes
2024-10-14 19:33:32.482594 Golf: No
2024-10-14 19:33:32.482742 Mike: No
2024-10-14 19:33:32.482868 Echo: No
ChatterBot Mike reevaluating
ChatterBot Victor reevaluating
ChatterBot Mike reevaluating
ChatterBot Victor reevaluating
ChatterBot Echo reevaluating
ChatterBot Foxtrot reevaluating
ChatterBot Victor reevaluating
ChatterBot Mike reevaluating
2024-10-14 19:33:32.544848 Echo: We should drop Mike
ChatterBot Victor reevaluating
2024-10-14 19:33:32.564302 Victor: Yes
2024-10-14 19:33:32.564529 X-ray: No
2024-10-14 19:33:32.564727 Juliett: No
2024-10-14 19:33:32.564909 Uniform: No
2024-10-14 19:33:32.565071 Zulu: No
ChatterBot X-ray reevaluating
ChatterBot Zulu reevaluating
ChatterBot Echo reevaluating
ChatterBot Victor reevaluating
ChatterBot Zulu reevaluating
ChatterBot Echo reevaluating
ChatterBot Victor reevaluating
ChatterBot X-ray reevaluating
ChatterBot Zulu reevaluating
ChatterBot Echo reevaluating
ChatterBot Victor reevaluating
ChatterBot X-ray reevaluating
ChatterBot Zulu reevaluating
ChatterBot Echo reevaluating
ChatterBot Victor reevaluating
ChatterBot X-ray reevaluating
ChatterBot Echo reevaluating
2024-10-14 19:33:32.657840 Golf: Foxtrot, sending you 3
2024-10-14 19:33:32.658493 Juliett: Victor, Echo, Uniform and Zulu, sending you 3
2024-10-14 19:33:32.660010 Uniform: Victor, sending you 1
2024-10-14 19:33:32.660851 Golf: Romeo and Mike, sending you 2
2024-10-14 19:33:32.662171 Romeo: I was attacked by Victor
ChatterBot Golf reevaluating
ChatterBot Foxtrot reevaluating
ChatterBot Mike reevaluating
2024-10-14 19:33:32.680932 Romeo: I'm keeping this round to protect myself
2024-10-14 19:33:32.682699 Romeo: Ow
2024-10-14 19:33:32.683144 Foxtrot: We should replace Zulu with Echo
ChatterBot Golf reevaluating
ChatterBot Mike reevaluating
ChatterBot Victor reevaluating
2024-10-14 19:33:32.701192 Golf: No
2024-10-14 19:33:32.701479 Mike: Yes
2024-10-14 19:33:32.701676 Victor: No
ChatterBot Foxtrot reevaluating
ChatterBot Victor reevaluating
ChatterBot Mike reevaluating
ChatterBot Foxtrot reevaluating
ChatterBot Victor reevaluating
ChatterBot Golf reevaluating
ChatterBot Foxtrot reevaluating
ChatterBot Golf reevaluating
ChatterBot Mike reevaluating
2024-10-14 19:33:32.755772 Uniform: Juliett and Echo, sending you 4
2024-10-14 19:33:32.756521 Juliett: X-ray, sending you 2
2024-10-14 19:33:32.760014 Uniform: Zulu and X-ray, sending you 3
2024-10-14 19:33:32.760658 Echo: Victor, Juliett, Uniform and Zulu, sending you 3
2024-10-14 19:33:32.761672 Juliett: Mike, sending you 1
2024-10-14 19:33:32.764689 Echo: X-ray and Mike, sending you 2
2024-10-14 19:33:32.774689 Zulu: Victor and Echo, sending you 3
2024-10-14 19:33:32.779068 Victor: Golf, sending you 1
2024-10-14 19:33:32.780695 Zulu: Juliett, sending you 4
2024-10-14 19:33:32.781691 Victor: Uniform, sending you 12
2024-10-14 19:33:32.784694 Zulu: Uniform and X-ray, sending you 2
2024-10-14 19:33:32.785743 Victor: Mike, sending you 2
chatterbot Romeo submitting transactions
chatterbot Zulu submitting transactions
chatterbot Foxtrot submitting transactions
chatterbot Uniform submitting transactions
chatterbot Juliett submitting transactions
chatterbot Golf submitting transactions
chatterbot Victor submitting transactions
chatterbot Echo submitting transactions
chatterbot Mike submitting transactions
chatterbot X-ray submitting transactions
ChatterBot Victor round 9
ChatterBot Juliett round 9
ChatterBot Golf round 9
ChatterBot Echo round 9
ChatterBot Uniform round 9
ChatterBot Foxtrot round 9
ChatterBot Zulu round 9
ChatterBot Romeo round 9
2024-10-14 19:33:33.811902 Foxtrot: We should replace Zulu with Juliett
ChatterBot Victor reevaluating
ChatterBot Mike reevaluating
2024-10-14 19:33:33.831245 Victor: Yes
2024-10-14 19:33:33.831434 Golf: No
2024-10-14 19:33:33.831602 Mike: Yes
ChatterBot Mike reevaluating
ChatterBot Foxtrot reevaluating
ChatterBot Victor reevaluating
ChatterBot Mike reevaluating
ChatterBot Foxtrot reevaluating
ChatterBot Victor reevaluating
ChatterBot X-ray round 9
ChatterBot Mike round 9
2024-10-14 19:33:33.899686 Zulu: We should add Mike
ChatterBot Victor reevaluating
ChatterBot Echo reevaluating
2024-10-14 19:33:33.919190 Victor: No
2024-10-14 19:33:33.919820 X-ray: No
2024-10-14 19:33:33.919995 Juliett: Yes
2024-10-14 19:33:33.920165 Uniform: Yes
2024-10-14 19:33:33.920333 Echo: Yes
ChatterBot Zulu reevaluating
ChatterBot Echo reevaluating
ChatterBot Victor reevaluating
ChatterBot Juliett reevaluating
ChatterBot Zulu reevaluating
ChatterBot Echo reevaluating
ChatterBot Victor reevaluating
ChatterBot X-ray reevaluating
ChatterBot Zulu reevaluating
ChatterBot Echo reevaluating
ChatterBot Victor reevaluating
ChatterBot X-ray reevaluating
ChatterBot Juliett reevaluating
ChatterBot Zulu reevaluating
ChatterBot Echo reevaluating
ChatterBot Victor reevaluating
ChatterBot X-ray reevaluating
ChatterBot Juliett reevaluating
ChatterBot Zulu reevaluating
2024-10-14 19:33:34.042945 Victor: We should replace Uniform with Echo
ChatterBot Foxtrot reevaluating
ChatterBot Mike reevaluating
2024-10-14 19:33:34.053687 Foxtrot: Yes
2024-10-14 19:33:34.053819 Golf: No
2024-10-14 19:33:34.053926 Mike: No
ChatterBot Victor reevaluating
ChatterBot Mike reevaluating
ChatterBot Foxtrot reevaluating
ChatterBot Victor reevaluating
ChatterBot Mike reevaluating
ChatterBot Foxtrot reevaluating
ChatterBot Victor reevaluating
2024-10-14 19:33:34.098713 Victor: We should replace Uniform with Juliett
ChatterBot Foxtrot reevaluating
ChatterBot Mike reevaluating
2024-10-14 19:33:34.111197 Foxtrot: No
2024-10-14 19:33:34.111301 Golf: No
2024-10-14 19:33:34.111391 Mike: No
ChatterBot Victor reevaluating
ChatterBot Mike reevaluating
ChatterBot Foxtrot reevaluating
ChatterBot Victor reevaluating
ChatterBot Mike reevaluating
ChatterBot Foxtrot reevaluating
ChatterBot Victor reevaluating
2024-10-14 19:33:34.146341 Echo: We should drop Mike
ChatterBot Victor reevaluating
ChatterBot X-ray reevaluating
ChatterBot Juliett reevaluating
ChatterBot Zulu reevaluating
2024-10-14 19:33:34.166114 Victor: Yes
2024-10-14 19:33:34.166240 X-ray: Yes
2024-10-14 19:33:34.166364 Juliett: Yes
2024-10-14 19:33:34.166805 Uniform: No
2024-10-14 19:33:34.166937 Zulu: Yes
ChatterBot X-ray reevaluating
ChatterBot Juliett reevaluating
ChatterBot Zulu reevaluating
ChatterBot Echo reevaluating
ChatterBot Victor reevaluating
ChatterBot Juliett reevaluating
ChatterBot Zulu reevaluating
ChatterBot Echo reevaluating
ChatterBot Victor reevaluating
ChatterBot X-ray reevaluating
ChatterBot Uniform reevaluating
ChatterBot Zulu reevaluating
ChatterBot Echo reevaluating
ChatterBot Victor reevaluating
ChatterBot X-ray reevaluating
ChatterBot Juliett reevaluating
ChatterBot Zulu reevaluating
ChatterBot Echo reevaluating
ChatterBot Victor reevaluating
ChatterBot X-ray reevaluating
ChatterBot Juliett reevaluating
ChatterBot Uniform reevaluating
ChatterBot Echo reevaluating
2024-10-14 19:33:34.246982 Foxtrot: We should replace Zulu with Echo
ChatterBot Victor reevaluating
2024-10-14 19:33:34.256398 Victor: No
2024-10-14 19:33:34.256529 Golf: No
2024-10-14 19:33:34.256638 Mike: No
ChatterBot Foxtrot reevaluating
ChatterBot Mike reevaluating
ChatterBot Foxtrot reevaluating
ChatterBot Victor reevaluating
ChatterBot Mike reevaluating
ChatterBot Foxtrot reevaluating
ChatterBot Victor reevaluating
2024-10-14 19:33:34.298174 Mike: We should replace Echo with Juliett
ChatterBot Foxtrot reevaluating
2024-10-14 19:33:34.315498 Golf: No
2024-10-14 19:33:34.315733 Foxtrot: No
2024-10-14 19:33:34.316247 Romeo: No
ChatterBot Foxtrot reevaluating
ChatterBot Mike reevaluating
ChatterBot Mike reevaluating
ChatterBot Foxtrot reevaluating
ChatterBot Mike reevaluating
2024-10-14 19:33:34.348218 Mike: We should replace Echo with Victor
ChatterBot Foxtrot reevaluating
2024-10-14 19:33:34.358196 Golf: No
2024-10-14 19:33:34.358333 Foxtrot: No
2024-10-14 19:33:34.358438 Romeo: No
ChatterBot Foxtrot reevaluating
ChatterBot Mike reevaluating
ChatterBot Mike reevaluating
ChatterBot Foxtrot reevaluating
ChatterBot Mike reevaluating
2024-10-14 19:33:34.391722 Golf: Sending you each 2
2024-10-14 19:33:34.393725 Mike: Juliett we want you to join our group
2024-10-14 19:33:34.397548 Juliett: No
2024-10-14 19:33:34.413039 Zulu: Victor and Echo, sending you 3
2024-10-14 19:33:34.416787 Victor: Juliett, sending you 7
2024-10-14 19:33:34.417653 Zulu: Juliett, sending you 4
2024-10-14 19:33:34.418812 Echo: Victor, Juliett, Uniform and X-ray, sending you 3
2024-10-14 19:33:34.419601 Foxtrot: Victor, Golf and Zulu, sending you 3
2024-10-14 19:33:34.421684 Zulu: Uniform and X-ray, sending you 2
2024-10-14 19:33:34.423063 Victor: Echo and Zulu, sending you 6
2024-10-14 19:33:34.423670 Echo: Zulu, sending you 4
2024-10-14 19:33:34.424281 Foxtrot: Mike, sending you 4
2024-10-14 19:33:34.427681 Uniform: Victor and Juliett, sending you 4
2024-10-14 19:33:34.429802 Juliett: Sending you each 3
2024-10-14 19:33:34.432669 Uniform: Echo, sending you 3
2024-10-14 19:33:34.438660 Uniform: Zulu and X-ray, sending you 2
