ChatterBot Golf round 1
randomSelections Golf: {Golf, Kilo, Oscar, Romeo, X-ray, Charlie} 
2024-10-14 19:33:20.801198 Golf: Friends?
ChatterBot X-ray round 1
ChatterBot X-ray reevaluating
2024-10-14 19:33:20.804817 X-ray: Yes
ChatterBot Foxtrot round 1
ChatterBot Sierra round 1
ChatterBot Kilo round 1
ChatterBot Kilo reevaluating
ChatterBot Kilo reevaluating
2024-10-14 19:33:20.813264 Kilo: Yes
ChatterBot X-ray reevaluating
ChatterBot Yankee round 1
ChatterBot Romeo round 1
ChatterBot Romeo reevaluating
ChatterBot Romeo reevaluating
ChatterBot Romeo reevaluating
2024-10-14 19:33:20.824880 Romeo: Yes
ChatterBot Kilo reevaluating
ChatterBot X-ray reevaluating
ChatterBot Delta round 1
ChatterBot Charlie round 1
ChatterBot Charlie reevaluating
ChatterBot Charlie reevaluating
ChatterBot Charlie reevaluating
ChatterBot Charlie reevaluating
2024-10-14 19:33:20.838333 Charlie: Yes
ChatterBot Kilo reevaluating
ChatterBot Romeo reevaluating
ChatterBot X-ray reevaluating
ChatterBot Oscar round 1
ChatterBot Oscar reevaluating
ChatterBot Oscar reevaluating
ChatterBot Oscar reevaluating
ChatterBot Oscar reevaluating
ChatterBot Oscar reevaluating
2024-10-14 19:33:20.854278 Oscar: Yes
ChatterBot Kilo reevaluating
ChatterBot Romeo reevaluating
ChatterBot X-ray reevaluating
ChatterBot Charlie reevaluating
randomSelections Foxtrot: {Foxtrot, Sierra, Golf, Oscar, Delta, Yankee} 
2024-10-14 19:33:20.866452 Foxtrot: Group up?
ChatterBot Sierra reevaluating
ChatterBot Oscar reevaluating
ChatterBot Delta reevaluating
ChatterBot Yankee reevaluating
2024-10-14 19:33:20.875344 Sierra: Yes
2024-10-14 19:33:20.875498 Golf: No
2024-10-14 19:33:20.875734 Oscar: No
2024-10-14 19:33:20.875916 Delta: Yes
2024-10-14 19:33:20.876036 Yankee: Yes
ChatterBot Oscar reevaluating
ChatterBot Delta reevaluating
ChatterBot Yankee reevaluating
ChatterBot Sierra reevaluating
ChatterBot Oscar reevaluating
ChatterBot Delta reevaluating
ChatterBot Yankee reevaluating
ChatterBot Sierra reevaluating
ChatterBot Delta reevaluating
ChatterBot Yankee reevaluating
ChatterBot Sierra reevaluating
ChatterBot Oscar reevaluating
ChatterBot Yankee reevaluating
ChatterBot Sierra reevaluating
ChatterBot Oscar reevaluating
ChatterBot Delta reevaluating
2024-10-14 19:33:20.957727 Golf: X-ray, sending you 5
2024-10-14 19:33:20.966774 Golf: Kilo, sending you 3
2024-10-14 19:33:20.970027 X-ray: Golf, Romeo and Charlie, sending you 2
2024-10-14 19:33:20.970403 Golf: Charlie, sending you 7
2024-10-14 19:33:20.970914 Yankee: Golf, sending you 1
2024-10-14 19:33:20.972781 Romeo: Golf, sending you 1
2024-10-14 19:33:20.974786 Kilo: Golf, sending you 1
2024-10-14 19:33:20.975171 Foxtrot: Golf, Yankee and Delta, sending you 4
2024-10-14 19:33:20.976037 Golf: Oscar, sending you 4
2024-10-14 19:33:20.976268 Delta: Golf and Sierra, sending you 3
2024-10-14 19:33:20.976542 X-ray: Kilo, sending you 3
2024-10-14 19:33:20.976855 Yankee: Foxtrot and Delta, sending you 4
2024-10-14 19:33:20.977711 Romeo: X-ray and Oscar, sending you 3
2024-10-14 19:33:20.977985 Sierra: Golf, Foxtrot, Yankee and Delta, sending you 3
2024-10-14 19:33:20.978247 Kilo: X-ray and Charlie, sending you 3
2024-10-14 19:33:20.985786 Foxtrot: Sierra, sending you 3
2024-10-14 19:33:20.986295 Delta: Foxtrot, Yankee and Oscar, sending you 2
2024-10-14 19:33:20.987531 Oscar: Golf, X-ray and Kilo, sending you 3
2024-10-14 19:33:20.988161 X-ray: Oscar, sending you 4
2024-10-14 19:33:20.988658 Kilo: Oscar, sending you 5
2024-10-14 19:33:20.990204 Yankee: Sierra, sending you 2
2024-10-14 19:33:20.990660 Romeo: Kilo and Charlie, sending you 2
2024-10-14 19:33:20.991680 Sierra: Oscar, sending you 1
2024-10-14 19:33:20.992160 Foxtrot: Oscar, sending you 2
2024-10-14 19:33:20.993305 Oscar: Romeo, sending you 5
2024-10-14 19:33:20.993831 Charlie: Golf and Oscar, sending you 3
2024-10-14 19:33:20.995669 Yankee: Oscar, sending you 6
2024-10-14 19:33:20.997794 Oscar: Charlie, sending you 2
2024-10-14 19:33:20.999378 Charlie: X-ray and Kilo, sending you 4
2024-10-14 19:33:21.006031 Charlie: Romeo, sending you 2
chatterbot Charlie submitting transactions
chatterbot Golf submitting transactions
chatterbot Romeo submitting transactions
chatterbot Delta submitting transactions
chatterbot Kilo submitting transactions
chatterbot Sierra submitting transactions
chatterbot X-ray submitting transactions
chatterbot Yankee submitting transactions
chatterbot Foxtrot submitting transactions
chatterbot Oscar submitting transactions
ChatterBot Golf round 2
ChatterBot X-ray round 2
ChatterBot Foxtrot round 2
ChatterBot Sierra round 2
ChatterBot Kilo round 2
ChatterBot Yankee round 2
ChatterBot Romeo round 2
ChatterBot Delta round 2
ChatterBot Charlie round 2
ChatterBot Oscar round 2
2024-10-14 19:33:22.097086 Golf: Friends?
ChatterBot X-ray reevaluating
ChatterBot Romeo reevaluating
ChatterBot Charlie reevaluating
ChatterBot Oscar reevaluating
ChatterBot Foxtrot reevaluating
ChatterBot Sierra reevaluating
ChatterBot Yankee reevaluating
ChatterBot Delta reevaluating
2024-10-14 19:33:22.120165 X-ray: No
2024-10-14 19:33:22.120360 Kilo: No
2024-10-14 19:33:22.120487 Romeo: No
2024-10-14 19:33:22.120606 Charlie: No
2024-10-14 19:33:22.120736 Oscar: No
2024-10-14 19:33:22.120851 Foxtrot: No
2024-10-14 19:33:22.120960 Sierra: No
2024-10-14 19:33:22.121075 Yankee: No
2024-10-14 19:33:22.121183 Delta: No
ChatterBot Romeo reevaluating
ChatterBot Charlie reevaluating
ChatterBot Oscar reevaluating
ChatterBot Foxtrot reevaluating
ChatterBot Sierra reevaluating
ChatterBot Yankee reevaluating
ChatterBot Delta reevaluating
ChatterBot X-ray reevaluating
ChatterBot Romeo reevaluating
ChatterBot Charlie reevaluating
ChatterBot Oscar reevaluating
ChatterBot Foxtrot reevaluating
ChatterBot Sierra reevaluating
ChatterBot Yankee reevaluating
ChatterBot Delta reevaluating
ChatterBot X-ray reevaluating
ChatterBot Charlie reevaluating
ChatterBot Oscar reevaluating
ChatterBot Foxtrot reevaluating
ChatterBot Sierra reevaluating
ChatterBot Yankee reevaluating
ChatterBot Delta reevaluating
ChatterBot X-ray reevaluating
ChatterBot Romeo reevaluating
ChatterBot Oscar reevaluating
ChatterBot Foxtrot reevaluating
ChatterBot Sierra reevaluating
ChatterBot Yankee reevaluating
ChatterBot Delta reevaluating
ChatterBot X-ray reevaluating
ChatterBot Romeo reevaluating
ChatterBot Charlie reevaluating
ChatterBot Foxtrot reevaluating
ChatterBot Sierra reevaluating
ChatterBot Yankee reevaluating
ChatterBot Delta reevaluating
ChatterBot X-ray reevaluating
ChatterBot Romeo reevaluating
ChatterBot Charlie reevaluating
ChatterBot Oscar reevaluating
ChatterBot Sierra reevaluating
ChatterBot Yankee reevaluating
ChatterBot Delta reevaluating
ChatterBot X-ray reevaluating
ChatterBot Romeo reevaluating
ChatterBot Charlie reevaluating
ChatterBot Oscar reevaluating
ChatterBot Foxtrot reevaluating
ChatterBot Yankee reevaluating
ChatterBot Delta reevaluating
ChatterBot X-ray reevaluating
ChatterBot Romeo reevaluating
ChatterBot Charlie reevaluating
ChatterBot Oscar reevaluating
ChatterBot Foxtrot reevaluating
ChatterBot Sierra reevaluating
ChatterBot Delta reevaluating
ChatterBot X-ray reevaluating
ChatterBot Romeo reevaluating
ChatterBot Charlie reevaluating
ChatterBot Oscar reevaluating
ChatterBot Foxtrot reevaluating
ChatterBot Sierra reevaluating
ChatterBot Yankee reevaluating
2024-10-14 19:33:22.372163 Oscar: We should add Yankee
ChatterBot Romeo reevaluating
ChatterBot X-ray reevaluating
ChatterBot Charlie reevaluating
2024-10-14 19:33:22.398588 Golf: Yes
2024-10-14 19:33:22.398768 Kilo: No
2024-10-14 19:33:22.399515 Romeo: No
2024-10-14 19:33:22.399701 X-ray: No
2024-10-14 19:33:22.399863 Charlie: No
ChatterBot Oscar reevaluating
ChatterBot Romeo reevaluating
ChatterBot X-ray reevaluating
ChatterBot Charlie reevaluating
ChatterBot Oscar reevaluating
ChatterBot Romeo reevaluating
ChatterBot X-ray reevaluating
ChatterBot Charlie reevaluating
ChatterBot Oscar reevaluating
ChatterBot X-ray reevaluating
ChatterBot Charlie reevaluating
ChatterBot Oscar reevaluating
ChatterBot Romeo reevaluating
ChatterBot Charlie reevaluating
ChatterBot Oscar reevaluating
ChatterBot Romeo reevaluating
ChatterBot X-ray reevaluating
2024-10-14 19:33:22.587006 Sierra: We should drop Oscar
ChatterBot Golf reevaluating
2024-10-14 19:33:22.606775 Foxtrot: Yes
2024-10-14 19:33:22.607527 Yankee: Yes
2024-10-14 19:33:22.607704 Delta: Yes
2024-10-14 19:33:22.607856 Golf: No
ChatterBot Golf reevaluating
ChatterBot Golf reevaluating
ChatterBot Golf reevaluating
2024-10-14 19:33:22.700373 Kilo: Golf, X-ray, Romeo and Oscar, sending you 2
2024-10-14 19:33:23.171811 Romeo: Golf and Kilo, sending you 1
2024-10-14 19:33:23.172201 Sierra: Golf, sending you 3
2024-10-14 19:33:23.172846 Charlie: Golf, sending you 6
2024-10-14 19:33:23.173101 Kilo: Charlie, sending you 4
2024-10-14 19:33:23.173366 X-ray: Golf, sending you 6
2024-10-14 19:33:23.173644 Oscar: Golf and X-ray, sending you 4
chatterbot Golf submitting transactions
2024-10-14 19:33:23.577804 Romeo: X-ray, Charlie and Oscar, sending you 3
2024-10-14 19:33:23.578877 Sierra: Foxtrot, Yankee and Delta, sending you 4
2024-10-14 19:33:23.579631 Charlie: X-ray, Romeo and Oscar, sending you 2
2024-10-14 19:33:23.580072 Golf: X-ray and Oscar, sending you 4
2024-10-14 19:33:23.580646 Yankee: Golf, Sierra and Delta, sending you 4
2024-10-14 19:33:23.581430 Delta: Golf, sending you 1
2024-10-14 19:33:23.581706 Foxtrot: Golf, sending you 2
2024-10-14 19:33:23.582008 X-ray: Kilo, Romeo and Oscar, sending you 3
2024-10-14 19:33:23.582772 Oscar: Kilo, sending you 5
chatterbot Kilo submitting transactions
chatterbot Oscar submitting transactions
chatterbot Foxtrot submitting transactions
chatterbot Delta submitting transactions
2024-10-14 19:33:23.583632 Charlie: Kilo, sending you 3
2024-10-14 19:33:24.126466 Yankee: Foxtrot, sending you 5
2024-10-14 19:33:24.126917 Golf: Kilo and Romeo, sending you 3
2024-10-14 19:33:24.127909 Foxtrot: Sierra, sending you 6
2024-10-14 19:33:24.128217 Oscar: Romeo, sending you 3
2024-10-14 19:33:24.128678 Delta: Foxtrot, Sierra and Yankee, sending you 2
2024-10-14 19:33:24.129362 X-ray: Charlie, sending you 4
chatterbot Sierra submitting transactions
chatterbot Golf submitting transactions
chatterbot Charlie submitting transactions
chatterbot X-ray submitting transactions
chatterbot Romeo submitting transactions
chatterbot Yankee submitting transactions
2024-10-14 19:33:24.150066 Golf: Charlie, sending you 5
2024-10-14 19:33:24.150943 Foxtrot: Yankee, sending you 7
2024-10-14 19:33:24.151267 Oscar: Charlie, sending you 2
2024-10-14 19:33:24.151761 X-ray: Golf did not give me 5 like they said
ChatterBot Golf reevaluating
ChatterBot Kilo reevaluating
ChatterBot Oscar reevaluating
ChatterBot Romeo reevaluating
ChatterBot Charlie reevaluating
2024-10-14 19:33:24.180305 X-ray: Kilo did not give me 3 like they said
ChatterBot Golf reevaluating
ChatterBot Kilo reevaluating
ChatterBot Oscar reevaluating
ChatterBot Romeo reevaluating
ChatterBot Charlie reevaluating
2024-10-14 19:33:24.207608 X-ray: Charlie did not give me 4 like they said
ChatterBot Golf reevaluating
ChatterBot Kilo reevaluating
ChatterBot Oscar reevaluating
ChatterBot Romeo reevaluating
ChatterBot Charlie reevaluating
ChatterBot Golf round 3
ChatterBot X-ray round 3
ChatterBot Foxtrot round 3
ChatterBot Sierra round 3
ChatterBot Kilo round 3
ChatterBot Yankee round 3
2024-10-14 19:33:24.242515 Foxtrot: Delta, sending you 4
ChatterBot Romeo round 3
ChatterBot Delta round 3
2024-10-14 19:33:24.244142 Oscar: X-ray did not give me 4 like they said
ChatterBot Golf reevaluating
ChatterBot Kilo reevaluating
ChatterBot Romeo reevaluating
ChatterBot Charlie reevaluating
2024-10-14 19:33:24.263431 Oscar: Foxtrot did not give me 2 like they said
ChatterBot Golf reevaluating
ChatterBot Kilo reevaluating
ChatterBot Romeo reevaluating
ChatterBot X-ray reevaluating
ChatterBot Charlie reevaluating
2024-10-14 19:33:24.288533 Oscar: Sierra did not give me 1 like they said
ChatterBot Golf reevaluating
ChatterBot Kilo reevaluating
ChatterBot Romeo reevaluating
ChatterBot X-ray reevaluating
ChatterBot Charlie reevaluating
2024-10-14 19:33:24.315340 Oscar: Kilo did not give me 5 like they said
ChatterBot Golf reevaluating
ChatterBot Kilo reevaluating
ChatterBot Romeo reevaluating
ChatterBot X-ray reevaluating
ChatterBot Charlie reevaluating
2024-10-14 19:33:24.342525 Oscar: Yankee did not give me 6 like they said
ChatterBot Golf reevaluating
ChatterBot Kilo reevaluating
ChatterBot Romeo reevaluating
ChatterBot X-ray reevaluating
ChatterBot Charlie reevaluating
2024-10-14 19:33:24.369638 Oscar: Delta did not give me 2 like they said
ChatterBot Golf reevaluating
ChatterBot Kilo reevaluating
ChatterBot Romeo reevaluating
ChatterBot X-ray reevaluating
ChatterBot Charlie reevaluating
2024-10-14 19:33:24.396530 Oscar: Charlie did not give me 3 like they said
ChatterBot Golf reevaluating
ChatterBot Kilo reevaluating
ChatterBot Romeo reevaluating
ChatterBot X-ray reevaluating
ChatterBot Charlie reevaluating
ChatterBot Charlie round 3
ChatterBot Oscar round 3
2024-10-14 19:33:24.458805 Delta: We should replace Golf with Romeo
ChatterBot Sierra reevaluating
2024-10-14 19:33:24.471921 Foxtrot: No
2024-10-14 19:33:24.472118 Sierra: No
2024-10-14 19:33:24.472276 Yankee: No
ChatterBot Sierra reevaluating
ChatterBot Sierra reevaluating
2024-10-14 19:33:24.607296 Delta: Romeo we want you to join our group
2024-10-14 19:33:24.612509 Romeo: No
ChatterBot Delta reevaluating
ChatterBot Sierra reevaluating
2024-10-14 19:33:24.785852 Romeo: Golf, X-ray, Charlie and Oscar, sending you 3
2024-10-14 19:33:24.790227 Kilo: Golf, X-ray and Romeo, sending you 2
2024-10-14 19:33:24.792523 Foxtrot: Golf, sending you 2
2024-10-14 19:33:24.794351 Golf: X-ray and Oscar, sending you 4
2024-10-14 19:33:24.795351 Yankee: Golf, Sierra and Delta, sending you 4
2024-10-14 19:33:24.797881 Sierra: We should drop Golf
ChatterBot Delta reevaluating
ChatterBot Foxtrot reevaluating
ChatterBot Yankee reevaluating
2024-10-14 19:33:24.813941 Delta: Yes
2024-10-14 19:33:24.814197 Foxtrot: Yes
2024-10-14 19:33:24.814383 Yankee: Yes
ChatterBot Foxtrot reevaluating
ChatterBot Yankee reevaluating
ChatterBot Delta reevaluating
ChatterBot Yankee reevaluating
ChatterBot Delta reevaluating
ChatterBot Foxtrot reevaluating
2024-10-14 19:33:24.849535 Romeo: Kilo, sending you 2
2024-10-14 19:33:24.850396 Kilo: Charlie and Oscar, sending you 3
2024-10-14 19:33:24.851423 Golf: Kilo and Romeo, sending you 3
2024-10-14 19:33:24.852631 Oscar: Golf, X-ray and Kilo, sending you 4
2024-10-14 19:33:24.853472 X-ray: Sending you each 1
2024-10-14 19:33:24.854574 Charlie: Golf, sending you 6
2024-10-14 19:33:24.899647 Golf: Charlie, sending you 5
2024-10-14 19:33:24.900848 Oscar: Romeo and Charlie, sending you 3
2024-10-14 19:33:24.902003 Charlie: X-ray and Kilo, sending you 3
2024-10-14 19:33:24.932602 Charlie: Romeo and Oscar, sending you 2
2024-10-14 19:33:24.933120 Sierra: Sending you each 5
chatterbot Oscar submitting transactions
chatterbot Romeo submitting transactions
chatterbot Charlie submitting transactions
chatterbot X-ray submitting transactions
chatterbot Sierra submitting transactions
chatterbot Kilo submitting transactions
chatterbot Golf submitting transactions
chatterbot Delta submitting transactions
chatterbot Foxtrot submitting transactions
chatterbot Yankee submitting transactions
ChatterBot Golf round 4
ChatterBot X-ray round 4
ChatterBot Foxtrot round 4
ChatterBot Sierra round 4
ChatterBot Kilo round 4
ChatterBot Yankee round 4
ChatterBot Romeo round 4
ChatterBot Delta round 4
ChatterBot Charlie round 4
ChatterBot Oscar round 4
2024-10-14 19:33:27.588852 Romeo: We should add Delta
ChatterBot Golf reevaluating
ChatterBot Kilo reevaluating
ChatterBot Oscar reevaluating
2024-10-14 19:33:27.610391 Golf: Yes
2024-10-14 19:33:27.610641 Kilo: Yes
2024-10-14 19:33:27.610861 Oscar: Yes
2024-10-14 19:33:27.611064 X-ray: No
2024-10-14 19:33:27.611329 Charlie: No
ChatterBot Kilo reevaluating
ChatterBot Oscar reevaluating
ChatterBot Golf reevaluating
ChatterBot Oscar reevaluating
ChatterBot X-ray reevaluating
ChatterBot Golf reevaluating
ChatterBot Kilo reevaluating
ChatterBot X-ray reevaluating
ChatterBot Golf reevaluating
ChatterBot Kilo reevaluating
ChatterBot Oscar reevaluating
ChatterBot Golf reevaluating
ChatterBot Kilo reevaluating
ChatterBot Oscar reevaluating
ChatterBot X-ray reevaluating
2024-10-14 19:33:27.790780 Oscar: We should add Sierra
ChatterBot Golf reevaluating
ChatterBot Kilo reevaluating
ChatterBot X-ray reevaluating
2024-10-14 19:33:27.806897 Golf: No
2024-10-14 19:33:27.807166 Kilo: No
2024-10-14 19:33:27.807321 Romeo: No
2024-10-14 19:33:27.807562 X-ray: No
2024-10-14 19:33:27.807786 Charlie: No
ChatterBot Kilo reevaluating
ChatterBot Oscar reevaluating
ChatterBot X-ray reevaluating
ChatterBot Golf reevaluating
ChatterBot Oscar reevaluating
ChatterBot X-ray reevaluating
ChatterBot Golf reevaluating
ChatterBot Kilo reevaluating
ChatterBot Oscar reevaluating
ChatterBot X-ray reevaluating
ChatterBot Golf reevaluating
ChatterBot Kilo reevaluating
ChatterBot Oscar reevaluating
ChatterBot Golf reevaluating
ChatterBot Kilo reevaluating
ChatterBot Oscar reevaluating
ChatterBot X-ray reevaluating
2024-10-14 19:33:27.964274 Foxtrot: We should add Romeo
ChatterBot Delta reevaluating
2024-10-14 19:33:27.978263 Delta: No
2024-10-14 19:33:27.978448 Sierra: No
2024-10-14 19:33:27.978620 Yankee: Yes
ChatterBot Foxtrot reevaluating
ChatterBot Yankee reevaluating
ChatterBot Delta reevaluating
ChatterBot Foxtrot reevaluating
ChatterBot Yankee reevaluating
ChatterBot Delta reevaluating
ChatterBot Foxtrot reevaluating
2024-10-14 19:33:28.046891 Romeo: Delta we want you to join our group
ChatterBot Delta reevaluating
2024-10-14 19:33:28.053239 Delta: No
ChatterBot Golf reevaluating
ChatterBot X-ray reevaluating
ChatterBot Kilo reevaluating
ChatterBot Oscar reevaluating
2024-10-14 19:33:28.088225 Foxtrot: We should add Kilo
ChatterBot Delta reevaluating
ChatterBot Yankee reevaluating
2024-10-14 19:33:28.104719 Delta: Yes
2024-10-14 19:33:28.105023 Sierra: No
2024-10-14 19:33:28.105658 Yankee: Yes
ChatterBot Foxtrot reevaluating
ChatterBot Sierra reevaluating
ChatterBot Yankee reevaluating
ChatterBot Delta reevaluating
ChatterBot Foxtrot reevaluating
ChatterBot Yankee reevaluating
ChatterBot Delta reevaluating
ChatterBot Foxtrot reevaluating
ChatterBot Sierra reevaluating
2024-10-14 19:33:28.158101 Delta: We should replace Golf with Kilo
ChatterBot Foxtrot reevaluating
ChatterBot Sierra reevaluating
ChatterBot Yankee reevaluating
2024-10-14 19:33:28.174408 Foxtrot: Yes
2024-10-14 19:33:28.174576 Sierra: Yes
2024-10-14 19:33:28.175172 Yankee: Yes
ChatterBot Delta reevaluating
ChatterBot Sierra reevaluating
ChatterBot Yankee reevaluating
ChatterBot Delta reevaluating
ChatterBot Foxtrot reevaluating
ChatterBot Yankee reevaluating
ChatterBot Delta reevaluating
ChatterBot Foxtrot reevaluating
ChatterBot Sierra reevaluating
2024-10-14 19:33:28.224481 Yankee: We should replace Romeo with Kilo
ChatterBot Delta reevaluating
ChatterBot Foxtrot reevaluating
ChatterBot Sierra reevaluating
2024-10-14 19:33:28.237077 Delta: Yes
2024-10-14 19:33:28.237196 Foxtrot: Yes
2024-10-14 19:33:28.237301 Sierra: Yes
ChatterBot Foxtrot reevaluating
ChatterBot Sierra reevaluating
ChatterBot Yankee reevaluating
ChatterBot Delta reevaluating
ChatterBot Sierra reevaluating
ChatterBot Yankee reevaluating
ChatterBot Delta reevaluating
ChatterBot Foxtrot reevaluating
ChatterBot Yankee reevaluating
2024-10-14 19:33:28.268654 X-ray: Delta we want you to join our group
ChatterBot Delta reevaluating
2024-10-14 19:33:28.272914 Delta: No
ChatterBot Golf reevaluating
ChatterBot X-ray reevaluating
2024-10-14 19:33:28.330430 Oscar: Delta we want you to join our group
ChatterBot Delta reevaluating
2024-10-14 19:33:28.363491 Delta: No
ChatterBot Golf reevaluating
ChatterBot Kilo reevaluating
chatterbot Romeo submitting transactions
2024-10-14 19:33:28.413415 Yankee: Kilo we want you to join our group
ChatterBot Kilo reevaluating
2024-10-14 19:33:28.420328 Kilo: No
ChatterBot Yankee reevaluating
ChatterBot Foxtrot reevaluating
ChatterBot Delta reevaluating
2024-10-14 19:33:28.444353 Golf: Delta we want you to join our group
ChatterBot Delta reevaluating
2024-10-14 19:33:28.449546 Delta: No
ChatterBot Golf reevaluating
ChatterBot Kilo reevaluating
2024-10-14 19:33:28.467326 Charlie: Golf, sending you 6
2024-10-14 19:33:28.468635 Sierra: Kilo we want you to join our group
ChatterBot Kilo reevaluating
2024-10-14 19:33:28.472098 Kilo: No
ChatterBot Delta reevaluating
2024-10-14 19:33:28.484468 Romeo: Golf and Oscar, sending you 3
2024-10-14 19:33:28.485344 Foxtrot: Kilo we want you to join our group
ChatterBot Kilo reevaluating
2024-10-14 19:33:28.491537 Kilo: No
ChatterBot Delta reevaluating
2024-10-14 19:33:28.503373 Charlie: X-ray, sending you 1
2024-10-14 19:33:28.504585 Romeo: X-ray, Kilo, Delta and Charlie, sending you 2
2024-10-14 19:33:28.505681 Oscar: Golf, sending you 5
2024-10-14 19:33:28.506808 Kilo: Delta we want you to join our group
ChatterBot Delta reevaluating
2024-10-14 19:33:28.510873 Delta: No
ChatterBot Golf reevaluating
ChatterBot Kilo reevaluating
2024-10-14 19:33:28.529880 Charlie: Kilo, Romeo and Oscar, sending you 3
2024-10-14 19:33:28.530915 Oscar: X-ray, Romeo and Charlie, sending you 3
2024-10-14 19:33:28.533692 Delta: Kilo we want you to join our group
ChatterBot Kilo reevaluating
2024-10-14 19:33:28.540954 Kilo: No
ChatterBot Delta reevaluating
2024-10-14 19:33:28.559643 Oscar: Kilo, sending you 4
2024-10-14 19:33:28.561548 X-ray: Golf and Oscar, sending you 5
2024-10-14 19:33:28.562948 Sierra: Foxtrot, sending you 6
2024-10-14 19:33:28.565665 X-ray: Kilo, Romeo and Charlie, sending you 3
2024-10-14 19:33:28.566119 Sierra: Kilo, sending you 3
2024-10-14 19:33:28.567676 Yankee: Foxtrot and Delta, sending you 4
2024-10-14 19:33:28.570735 Sierra: Yankee and Delta, sending you 4
2024-10-14 19:33:28.572655 Yankee: Sierra, sending you 5
2024-10-14 19:33:28.576691 Yankee: Kilo, sending you 3
2024-10-14 19:33:28.585691 Golf: X-ray, Kilo, Romeo, Delta and Oscar, sending you 3
2024-10-14 19:33:28.586348 Delta: Foxtrot, sending you 1
2024-10-14 19:33:28.588990 Kilo: Golf, X-ray, Romeo and Charlie, sending you 2
2024-10-14 19:33:28.590903 Golf: Charlie, sending you 4
2024-10-14 19:33:28.591466 Delta: Sierra, Kilo and Yankee, sending you 2
2024-10-14 19:33:28.591945 Kilo: Delta, sending you 1
2024-10-14 19:33:28.596203 Kilo: Oscar, sending you 3
chatterbot X-ray submitting transactions
chatterbot Foxtrot submitting transactions
chatterbot Oscar submitting transactions
chatterbot Charlie submitting transactions
chatterbot Sierra submitting transactions
chatterbot Yankee submitting transactions
chatterbot Delta submitting transactions
chatterbot Golf submitting transactions
chatterbot Kilo submitting transactions
ChatterBot Golf round 5
ChatterBot X-ray round 5
ChatterBot Foxtrot round 5
ChatterBot Sierra round 5
ChatterBot Kilo round 5
ChatterBot Yankee round 5
ChatterBot Romeo round 5
ChatterBot Delta round 5
2024-10-14 19:33:29.731957 Foxtrot: We should add Kilo
ChatterBot Delta reevaluating
ChatterBot Yankee reevaluating
2024-10-14 19:33:29.741495 Delta: No
2024-10-14 19:33:29.741673 Sierra: Yes
2024-10-14 19:33:29.741805 Yankee: No
ChatterBot Foxtrot reevaluating
ChatterBot Sierra reevaluating
ChatterBot Yankee reevaluating
ChatterBot Delta reevaluating
ChatterBot Foxtrot reevaluating
ChatterBot Yankee reevaluating
ChatterBot Delta reevaluating
ChatterBot Foxtrot reevaluating
ChatterBot Sierra reevaluating
ChatterBot Charlie round 5
ChatterBot Oscar round 5
2024-10-14 19:33:29.798074 Foxtrot: We should add Charlie
ChatterBot Delta reevaluating
ChatterBot Sierra reevaluating
ChatterBot Yankee reevaluating
2024-10-14 19:33:29.807504 Delta: Yes
2024-10-14 19:33:29.807646 Sierra: No
2024-10-14 19:33:29.807766 Yankee: Yes
ChatterBot Foxtrot reevaluating
ChatterBot Sierra reevaluating
ChatterBot Yankee reevaluating
ChatterBot Delta reevaluating
ChatterBot Foxtrot reevaluating
ChatterBot Yankee reevaluating
ChatterBot Delta reevaluating
ChatterBot Foxtrot reevaluating
ChatterBot Sierra reevaluating
2024-10-14 19:33:29.835875 Delta: We should replace Kilo with Charlie
ChatterBot Foxtrot reevaluating
ChatterBot Yankee reevaluating
2024-10-14 19:33:29.844806 Foxtrot: Yes
2024-10-14 19:33:29.844934 Sierra: Yes
2024-10-14 19:33:29.845035 Yankee: Yes
ChatterBot Delta reevaluating
ChatterBot Yankee reevaluating
ChatterBot Delta reevaluating
ChatterBot Foxtrot reevaluating
ChatterBot Yankee reevaluating
ChatterBot Delta reevaluating
ChatterBot Foxtrot reevaluating
2024-10-14 19:33:29.887815 Sierra: Charlie we want you to join our group
2024-10-14 19:33:29.892748 Charlie: No
ChatterBot Foxtrot reevaluating
ChatterBot Delta reevaluating
2024-10-14 19:33:29.910947 Yankee: Charlie we want you to join our group
2024-10-14 19:33:29.915465 Charlie: No
ChatterBot Foxtrot reevaluating
ChatterBot Delta reevaluating
2024-10-14 19:33:29.933588 X-ray: Golf and Oscar, sending you 5
2024-10-14 19:33:29.935660 Golf: X-ray, Kilo, Romeo, Delta and Oscar, sending you 3
2024-10-14 19:33:29.937662 Delta: Charlie we want you to join our group
2024-10-14 19:33:29.941703 Charlie: No
ChatterBot Foxtrot reevaluating
ChatterBot Delta reevaluating
2024-10-14 19:33:29.956595 Romeo: Golf, X-ray, Charlie and Oscar, sending you 3
2024-10-14 19:33:29.957106 Kilo: Golf, X-ray, Romeo and Charlie, sending you 2
2024-10-14 19:33:29.958089 Oscar: Golf and X-ray, sending you 4
2024-10-14 19:33:29.958654 X-ray: Kilo, Romeo and Charlie, sending you 3
2024-10-14 19:33:29.959078 Charlie: Golf, sending you 5
2024-10-14 19:33:29.959919 Golf: Charlie, sending you 4
2024-10-14 19:33:29.960340 Romeo: Kilo, sending you 2
2024-10-14 19:33:29.960934 Kilo: Delta, sending you 1
2024-10-14 19:33:29.962161 Oscar: Kilo, Romeo and Charlie, sending you 3
2024-10-14 19:33:29.962699 Foxtrot: Charlie we want you to join our group
2024-10-14 19:33:29.968073 Charlie: No
ChatterBot Foxtrot reevaluating
ChatterBot Yankee reevaluating
ChatterBot Delta reevaluating
2024-10-14 19:33:29.982392 Sierra: Foxtrot and Yankee, sending you 5
2024-10-14 19:33:29.983050 Charlie: X-ray, Kilo and Oscar, sending you 3
2024-10-14 19:33:29.983729 Romeo: Delta, sending you 1
2024-10-14 19:33:29.985241 Kilo: Oscar, sending you 3
2024-10-14 19:33:29.985726 Oscar: Delta, sending you 1
2024-10-14 19:33:29.987677 Sierra: Delta, sending you 4
2024-10-14 19:33:29.988336 Charlie: Romeo, sending you 2
2024-10-14 19:33:29.992674 Sierra: Charlie, sending you 3
2024-10-14 19:33:30.017688 Delta: Foxtrot, Sierra and Yankee, sending you 2
2024-10-14 19:33:30.022680 Delta: Charlie, sending you 1
chatterbot Oscar submitting transactions
chatterbot Golf submitting transactions
chatterbot Kilo submitting transactions
chatterbot Charlie submitting transactions
chatterbot Sierra submitting transactions
chatterbot Romeo submitting transactions
chatterbot Yankee submitting transactions
chatterbot Foxtrot submitting transactions
chatterbot X-ray submitting transactions
chatterbot Delta submitting transactions
ChatterBot Golf round 6
ChatterBot X-ray round 6
ChatterBot Foxtrot round 6
ChatterBot Sierra round 6
ChatterBot Kilo round 6
ChatterBot Yankee round 6
ChatterBot Romeo round 6
ChatterBot Delta round 6
ChatterBot Charlie round 6
ChatterBot Oscar round 6
2024-10-14 19:33:31.090486 Foxtrot: We should add Charlie
ChatterBot Delta reevaluating
ChatterBot Yankee reevaluating
2024-10-14 19:33:31.102099 Delta: Yes
2024-10-14 19:33:31.102280 Sierra: Yes
2024-10-14 19:33:31.102437 Yankee: Yes
ChatterBot Foxtrot reevaluating
ChatterBot Yankee reevaluating
ChatterBot Delta reevaluating
ChatterBot Foxtrot reevaluating
ChatterBot Yankee reevaluating
ChatterBot Delta reevaluating
ChatterBot Foxtrot reevaluating
2024-10-14 19:33:31.170368 X-ray: We should drop Delta
2024-10-14 19:33:31.188988 Golf: No
2024-10-14 19:33:31.189200 Kilo: No
2024-10-14 19:33:31.189381 Oscar: No
2024-10-14 19:33:31.189568 Romeo: No
2024-10-14 19:33:31.189764 Charlie: Yes
ChatterBot Romeo reevaluating
ChatterBot X-ray reevaluating
ChatterBot Romeo reevaluating
ChatterBot X-ray reevaluating
ChatterBot Romeo reevaluating
ChatterBot X-ray reevaluating
ChatterBot X-ray reevaluating
ChatterBot Romeo reevaluating
ChatterBot X-ray reevaluating
2024-10-14 19:33:31.269450 Golf: X-ray, Kilo, Romeo, Delta and Oscar, sending you 3
2024-10-14 19:33:31.270006 Foxtrot: Charlie we want you to join our group
2024-10-14 19:33:31.272410 Charlie: No
ChatterBot Foxtrot reevaluating
2024-10-14 19:33:31.283117 Golf: Charlie, sending you 4
2024-10-14 19:33:31.285682 Charlie: Golf, sending you 5
2024-10-14 19:33:31.286416 Oscar: Golf and X-ray, sending you 4
2024-10-14 19:33:31.287443 Kilo: Golf, X-ray, Romeo and Charlie, sending you 2
2024-10-14 19:33:31.287891 Sierra: Foxtrot and Yankee, sending you 5
2024-10-14 19:33:31.288674 Charlie: X-ray, Kilo and Oscar, sending you 3
2024-10-14 19:33:31.290103 Delta: Foxtrot and Charlie, sending you 1
2024-10-14 19:33:31.290678 Kilo: Delta, sending you 1
2024-10-14 19:33:31.291898 Oscar: Kilo, Romeo and Charlie, sending you 3
2024-10-14 19:33:31.292849 Sierra: Delta, sending you 4
2024-10-14 19:33:31.293704 Charlie: Romeo, sending you 2
2024-10-14 19:33:31.294382 Delta: Sierra and Yankee, sending you 2
2024-10-14 19:33:31.295680 Kilo: Oscar, sending you 3
2024-10-14 19:33:31.296098 Oscar: Delta, sending you 1
2024-10-14 19:33:31.296693 Sierra: Charlie, sending you 3
2024-10-14 19:33:31.300667 Romeo: Golf, X-ray and Oscar, sending you 3
2024-10-14 19:33:31.305697 Romeo: Kilo and Charlie, sending you 2
2024-10-14 19:33:31.307667 X-ray: Golf, Kilo, Romeo, Charlie and Oscar, sending you 1
2024-10-14 19:33:31.310662 Romeo: Delta, sending you 1
chatterbot Sierra submitting transactions
chatterbot Delta submitting transactions
chatterbot Oscar submitting transactions
chatterbot Charlie submitting transactions
chatterbot Foxtrot submitting transactions
chatterbot Kilo submitting transactions
chatterbot X-ray submitting transactions
chatterbot Golf submitting transactions
chatterbot Yankee submitting transactions
chatterbot Romeo submitting transactions
ChatterBot Golf round 7
ChatterBot X-ray round 7
ChatterBot Foxtrot round 7
ChatterBot Sierra round 7
ChatterBot Kilo round 7
ChatterBot Yankee round 7
ChatterBot Romeo round 7
ChatterBot Delta round 7
ChatterBot Charlie round 7
ChatterBot Oscar round 7
2024-10-14 19:33:32.332507 Yankee: We should replace Kilo with Charlie
ChatterBot Delta reevaluating
ChatterBot Foxtrot reevaluating
2024-10-14 19:33:32.342750 Delta: No
2024-10-14 19:33:32.342942 Foxtrot: Yes
2024-10-14 19:33:32.343110 Sierra: Yes
ChatterBot Foxtrot reevaluating
ChatterBot Delta reevaluating
ChatterBot Delta reevaluating
ChatterBot Foxtrot reevaluating
2024-10-14 19:33:32.375371 Golf: We should drop Delta
ChatterBot Kilo reevaluating
ChatterBot Oscar reevaluating
ChatterBot Romeo reevaluating
ChatterBot X-ray reevaluating
2024-10-14 19:33:32.393692 Kilo: Yes
2024-10-14 19:33:32.393870 Oscar: Yes
2024-10-14 19:33:32.394347 Romeo: Yes
2024-10-14 19:33:32.394470 X-ray: Yes
2024-10-14 19:33:32.394586 Charlie: Yes
ChatterBot Oscar reevaluating
ChatterBot Romeo reevaluating
ChatterBot X-ray reevaluating
ChatterBot Kilo reevaluating
ChatterBot Romeo reevaluating
ChatterBot X-ray reevaluating
ChatterBot Kilo reevaluating
ChatterBot Oscar reevaluating
ChatterBot X-ray reevaluating
ChatterBot Kilo reevaluating
ChatterBot Oscar reevaluating
ChatterBot Romeo reevaluating
ChatterBot Kilo reevaluating
ChatterBot Oscar reevaluating
ChatterBot Romeo reevaluating
ChatterBot X-ray reevaluating
2024-10-14 19:33:32.468187 Yankee: Charlie we want you to join our group
2024-10-14 19:33:32.472191 Charlie: No
ChatterBot Foxtrot reevaluating
ChatterBot Delta reevaluating
2024-10-14 19:33:32.485801 Romeo: We should replace Delta with Yankee
ChatterBot Kilo reevaluating
ChatterBot Oscar reevaluating
ChatterBot X-ray reevaluating
2024-10-14 19:33:32.497893 Golf: No
2024-10-14 19:33:32.498045 Kilo: Yes
2024-10-14 19:33:32.498166 Oscar: Yes
2024-10-14 19:33:32.498278 X-ray: No
2024-10-14 19:33:32.498389 Charlie: No
ChatterBot Kilo reevaluating
ChatterBot Oscar reevaluating
ChatterBot Romeo reevaluating
ChatterBot X-ray reevaluating
ChatterBot Oscar reevaluating
ChatterBot Romeo reevaluating
ChatterBot X-ray reevaluating
ChatterBot Kilo reevaluating
ChatterBot Romeo reevaluating
ChatterBot X-ray reevaluating
ChatterBot Kilo reevaluating
ChatterBot Oscar reevaluating
ChatterBot Romeo reevaluating
ChatterBot Kilo reevaluating
ChatterBot Oscar reevaluating
ChatterBot Romeo reevaluating
ChatterBot X-ray reevaluating
2024-10-14 19:33:32.560675 Foxtrot: Charlie we want you to join our group
2024-10-14 19:33:32.564718 Charlie: No
ChatterBot Delta reevaluating
2024-10-14 19:33:32.581825 Sierra: Foxtrot, Yankee and Delta, sending you 2
2024-10-14 19:33:32.582805 Romeo: Yankee we want you to join our group
2024-10-14 19:33:32.585604 Yankee: No
ChatterBot Oscar reevaluating
2024-10-14 19:33:32.607994 Charlie: Golf, sending you 5
2024-10-14 19:33:32.608851 Golf: X-ray, Romeo, Charlie and Oscar, sending you 4
2024-10-14 19:33:32.610100 Sierra: Charlie, sending you 1
2024-10-14 19:33:32.610600 Sierra: I was attacked by X-ray
ChatterBot Delta reevaluating
2024-10-14 19:33:32.619774 Sierra: Ow
2024-10-14 19:33:32.620700 Charlie: X-ray, sending you 2
2024-10-14 19:33:32.621277 Golf: Kilo, sending you 3
2024-10-14 19:33:32.621809 Oscar: Yankee we want you to join our group
2024-10-14 19:33:32.624156 Yankee: No
2024-10-14 19:33:32.638070 Charlie: Kilo, Romeo and Oscar, sending you 3
2024-10-14 19:33:32.641692 X-ray: Golf and Oscar, sending you 5
2024-10-14 19:33:32.642693 Kilo: Golf, Charlie and Oscar, sending you 3
2024-10-14 19:33:32.644141 Romeo: Golf, Charlie and Oscar, sending you 3
2024-10-14 19:33:32.646697 X-ray: Kilo, Romeo and Charlie, sending you 3
2024-10-14 19:33:32.648274 Kilo: X-ray, sending you 2
2024-10-14 19:33:32.649751 Romeo: X-ray and Kilo, sending you 2
2024-10-14 19:33:32.654676 Kilo: Romeo, sending you 1
2024-10-14 19:33:32.655696 Romeo: Yankee, sending you 1
2024-10-14 19:33:32.659318 Oscar: Golf and Kilo, sending you 4
2024-10-14 19:33:32.660703 Delta: Golf, Romeo and Oscar, sending you 2
2024-10-14 19:33:32.662666 Oscar: X-ray, Romeo and Charlie, sending you 3
2024-10-14 19:33:32.667137 Delta: X-ray and Charlie, sending you 1
2024-10-14 19:33:32.667687 Oscar: Yankee, sending you 1
2024-10-14 19:33:32.671811 Delta: Kilo, sending you 3
chatterbot Golf submitting transactions
chatterbot Charlie submitting transactions
chatterbot Oscar submitting transactions
chatterbot Foxtrot submitting transactions
chatterbot X-ray submitting transactions
chatterbot Delta submitting transactions
chatterbot Romeo submitting transactions
chatterbot Yankee submitting transactions
chatterbot Sierra submitting transactions
chatterbot Kilo submitting transactions
ChatterBot Golf round 8
ChatterBot X-ray round 8
ChatterBot Foxtrot round 8
ChatterBot Sierra round 8
ChatterBot Kilo round 8
ChatterBot Yankee round 8
ChatterBot Romeo round 8
ChatterBot Delta round 8
ChatterBot Charlie round 8
2024-10-14 19:33:33.624642 Foxtrot: We should add Charlie
ChatterBot Delta reevaluating
2024-10-14 19:33:33.643809 Delta: Yes
2024-10-14 19:33:33.644241 Sierra: Yes
2024-10-14 19:33:33.644591 Yankee: Yes
ChatterBot Delta reevaluating
ChatterBot Delta reevaluating
ChatterBot Oscar round 8
2024-10-14 19:33:33.712181 Yankee: We should replace Kilo with Charlie
ChatterBot Delta reevaluating
2024-10-14 19:33:33.729307 Delta: Yes
2024-10-14 19:33:33.729638 Foxtrot: Yes
2024-10-14 19:33:33.730390 Sierra: Yes
ChatterBot Delta reevaluating
ChatterBot Delta reevaluating
2024-10-14 19:33:33.791499 Foxtrot: Charlie we want you to join our group
2024-10-14 19:33:33.797565 Charlie: No
ChatterBot Delta reevaluating
2024-10-14 19:33:33.824811 Yankee: Charlie we want you to join our group
2024-10-14 19:33:33.830095 Charlie: No
ChatterBot Delta reevaluating
2024-10-14 19:33:33.849938 Oscar: We should drop Yankee
2024-10-14 19:33:33.869359 Golf: Yes
2024-10-14 19:33:33.869549 Kilo: Yes
2024-10-14 19:33:33.869680 Romeo: No
2024-10-14 19:33:33.869799 X-ray: Yes
2024-10-14 19:33:33.869915 Charlie: Yes
ChatterBot Romeo reevaluating
ChatterBot Romeo reevaluating
ChatterBot Romeo reevaluating
ChatterBot Romeo reevaluating
2024-10-14 19:33:33.942957 Sierra: Sending you each 2
2024-10-14 19:33:33.945861 X-ray: Sending you each 1
2024-10-14 19:33:33.947988 Kilo: Golf, X-ray and Romeo, sending you 2
2024-10-14 19:33:33.949284 Golf: X-ray, Romeo, Charlie and Oscar, sending you 4
2024-10-14 19:33:33.950195 Charlie: Golf, sending you 5
2024-10-14 19:33:33.952654 Kilo: Charlie and Oscar, sending you 3
2024-10-14 19:33:33.954199 Golf: Kilo, sending you 3
2024-10-14 19:33:33.955140 Charlie: X-ray, Kilo and Oscar, sending you 3
2024-10-14 19:33:33.956926 Delta: Foxtrot, Sierra and Yankee, sending you 1
2024-10-14 19:33:33.960824 Delta: Charlie, sending you 2
2024-10-14 19:33:33.961670 Charlie: Romeo, sending you 2
2024-10-14 19:33:33.968214 Oscar: Golf, X-ray and Kilo, sending you 4
2024-10-14 19:33:33.972880 Oscar: Romeo and Charlie, sending you 3
2024-10-14 19:33:33.977895 Romeo: Golf, X-ray, Charlie and Oscar, sending you 3
2024-10-14 19:33:33.981689 Romeo: Kilo, sending you 2
chatterbot Sierra submitting transactions
chatterbot Delta submitting transactions
chatterbot Golf submitting transactions
chatterbot Oscar submitting transactions
chatterbot X-ray submitting transactions
chatterbot Foxtrot submitting transactions
chatterbot Romeo submitting transactions
chatterbot Charlie submitting transactions
chatterbot Yankee submitting transactions
chatterbot Kilo submitting transactions
ChatterBot Golf round 9
ChatterBot X-ray round 9
ChatterBot Foxtrot round 9
ChatterBot Sierra round 9
ChatterBot Kilo round 9
ChatterBot Yankee round 9
ChatterBot Romeo round 9
ChatterBot Delta round 9
ChatterBot Charlie round 9
2024-10-14 19:33:34.977785 Foxtrot: We should add Charlie
2024-10-14 19:33:34.989442 Delta: Yes
2024-10-14 19:33:34.989734 Sierra: Yes
2024-10-14 19:33:34.989960 Yankee: Yes
ChatterBot Oscar round 9
2024-10-14 19:33:35.038227 Yankee: We should replace Kilo with Charlie
2024-10-14 19:33:35.046042 Delta: Yes
2024-10-14 19:33:35.046201 Foxtrot: Yes
2024-10-14 19:33:35.046314 Sierra: Yes
2024-10-14 19:33:35.074790 Romeo: We should add Foxtrot
ChatterBot Oscar reevaluating
2024-10-14 19:33:35.089696 Golf: No
2024-10-14 19:33:35.090605 Kilo: No
2024-10-14 19:33:35.090772 Oscar: Yes
2024-10-14 19:33:35.090896 X-ray: No
2024-10-14 19:33:35.091022 Charlie: No
ChatterBot Oscar reevaluating
ChatterBot Romeo reevaluating
ChatterBot Oscar reevaluating
ChatterBot Romeo reevaluating
ChatterBot Romeo reevaluating
ChatterBot Oscar reevaluating
ChatterBot Romeo reevaluating
ChatterBot Oscar reevaluating
ChatterBot Romeo reevaluating
2024-10-14 19:33:35.205542 Foxtrot: Charlie we want you to join our group
2024-10-14 19:33:35.210010 Charlie: No
2024-10-14 19:33:35.226821 Yankee: Charlie we want you to join our group
2024-10-14 19:33:35.231549 Charlie: No
2024-10-14 19:33:35.243534 Sierra: I was attacked by X-ray
2024-10-14 19:33:35.254566 Sierra: I'm keeping this round to protect myself
2024-10-14 19:33:35.255762 Sierra: Ow
2024-10-14 19:33:35.269205 X-ray: Golf and Oscar, sending you 5
2024-10-14 19:33:35.270716 Delta: Foxtrot, Sierra and Yankee, sending you 1
2024-10-14 19:33:35.271190 Charlie: Golf, sending you 5
2024-10-14 19:33:35.272553 Kilo: Golf, Charlie and Oscar, sending you 3
2024-10-14 19:33:35.274169 Golf: X-ray, Romeo, Charlie and Oscar, sending you 4
2024-10-14 19:33:35.275818 Delta: Charlie, sending you 2
2024-10-14 19:33:35.277508 Charlie: X-ray, sending you 2
2024-10-14 19:33:35.279654 X-ray: Kilo, Romeo and Charlie, sending you 3
