ChatterBot Charlie round 1
ChatterBot Kilo round 1
ChatterBot Papa round 1
ChatterBot Echo round 1
ChatterBot Tango round 1
ChatterBot Romeo round 1
ChatterBot Hotel round 1
ChatterBot Mike round 1
ChatterBot Whiskey round 1
ChatterBot Victor round 1
randomSelections Echo: {Echo, Hotel, Charlie, Romeo, Victor, Papa, Tango} 
2024-10-14 21:14:37.904259 Echo: Group up?
ChatterBot Hotel reevaluating
ChatterBot Charlie reevaluating
ChatterBot Romeo reevaluating
ChatterBot Victor reevaluating
ChatterBot Papa reevaluating
ChatterBot Tango reevaluating
2024-10-14 21:14:37.927894 Hotel: Yes
2024-10-14 21:14:37.928082 Charlie: Yes
2024-10-14 21:14:37.928236 Romeo: Yes
2024-10-14 21:14:37.928406 Victor: Yes
2024-10-14 21:14:37.928566 Papa: Yes
2024-10-14 21:14:37.928794 Tango: Yes
ChatterBot Charlie reevaluating
ChatterBot Romeo reevaluating
ChatterBot Victor reevaluating
ChatterBot Papa reevaluating
ChatterBot Tango reevaluating
ChatterBot Hotel reevaluating
ChatterBot Romeo reevaluating
ChatterBot Victor reevaluating
ChatterBot Papa reevaluating
ChatterBot Tango reevaluating
ChatterBot Hotel reevaluating
ChatterBot Charlie reevaluating
ChatterBot Victor reevaluating
ChatterBot Papa reevaluating
ChatterBot Tango reevaluating
ChatterBot Hotel reevaluating
ChatterBot Charlie reevaluating
ChatterBot Romeo reevaluating
ChatterBot Papa reevaluating
ChatterBot Tango reevaluating
ChatterBot Hotel reevaluating
ChatterBot Charlie reevaluating
ChatterBot Romeo reevaluating
ChatterBot Victor reevaluating
ChatterBot Tango reevaluating
ChatterBot Hotel reevaluating
ChatterBot Charlie reevaluating
ChatterBot Romeo reevaluating
ChatterBot Victor reevaluating
ChatterBot Papa reevaluating
randomSelections Whiskey: {Whiskey, Echo, Tango, Charlie, Hotel, Romeo, Kilo} 
2024-10-14 21:14:38.125913 Whiskey: Let's form a team
ChatterBot Tango reevaluating
ChatterBot Charlie reevaluating
ChatterBot Hotel reevaluating
ChatterBot Romeo reevaluating
ChatterBot Kilo reevaluating
2024-10-14 21:14:38.138225 Echo: No
2024-10-14 21:14:38.138463 Tango: No
2024-10-14 21:14:38.138754 Charlie: No
2024-10-14 21:14:38.139721 Hotel: No
2024-10-14 21:14:38.139926 Romeo: No
2024-10-14 21:14:38.140192 Kilo: Yes
ChatterBot Tango reevaluating
ChatterBot Charlie reevaluating
ChatterBot Hotel reevaluating
ChatterBot Romeo reevaluating
ChatterBot Kilo reevaluating
ChatterBot Charlie reevaluating
ChatterBot Hotel reevaluating
ChatterBot Romeo reevaluating
ChatterBot Kilo reevaluating
ChatterBot Tango reevaluating
ChatterBot Hotel reevaluating
ChatterBot Romeo reevaluating
ChatterBot Kilo reevaluating
ChatterBot Tango reevaluating
ChatterBot Charlie reevaluating
ChatterBot Romeo reevaluating
ChatterBot Kilo reevaluating
ChatterBot Tango reevaluating
ChatterBot Charlie reevaluating
ChatterBot Hotel reevaluating
ChatterBot Kilo reevaluating
ChatterBot Tango reevaluating
ChatterBot Charlie reevaluating
ChatterBot Hotel reevaluating
ChatterBot Romeo reevaluating
randomSelections Mike: {Mike, Whiskey, Charlie, Romeo, Echo, Victor, Hotel} 
2024-10-14 21:14:38.199292 Mike: Let's form a team
ChatterBot Charlie reevaluating
ChatterBot Romeo reevaluating
ChatterBot Victor reevaluating
ChatterBot Hotel reevaluating
2024-10-14 21:14:38.207705 Whiskey: No
2024-10-14 21:14:38.207920 Charlie: No
2024-10-14 21:14:38.208179 Romeo: No
2024-10-14 21:14:38.209055 Echo: No
2024-10-14 21:14:38.209236 Victor: No
2024-10-14 21:14:38.209419 Hotel: No
ChatterBot Charlie reevaluating
ChatterBot Romeo reevaluating
ChatterBot Victor reevaluating
ChatterBot Hotel reevaluating
ChatterBot Romeo reevaluating
ChatterBot Victor reevaluating
ChatterBot Hotel reevaluating
ChatterBot Charlie reevaluating
ChatterBot Victor reevaluating
ChatterBot Hotel reevaluating
ChatterBot Charlie reevaluating
ChatterBot Romeo reevaluating
ChatterBot Victor reevaluating
ChatterBot Hotel reevaluating
ChatterBot Charlie reevaluating
ChatterBot Romeo reevaluating
ChatterBot Hotel reevaluating
ChatterBot Charlie reevaluating
ChatterBot Romeo reevaluating
ChatterBot Victor reevaluating
2024-10-14 21:14:38.272898 Echo: Charlie and Victor, sending you 4
2024-10-14 21:14:38.274945 Hotel: Charlie and Papa, sending you 4
2024-10-14 21:14:38.277167 Papa: Charlie, Romeo and Victor, sending you 3
2024-10-14 21:14:38.277661 Romeo: Charlie, sending you 3
2024-10-14 21:14:38.277995 Echo: Papa and Romeo, sending you 5
2024-10-14 21:14:38.278250 Hotel: Echo and Romeo, sending you 3
2024-10-14 21:14:38.280693 Charlie: Papa and Romeo, sending you 3
2024-10-14 21:14:38.281865 Echo: Hotel, sending you 2
2024-10-14 21:14:38.282539 Hotel: Tango and Victor, sending you 2
2024-10-14 21:14:38.283019 Whiskey: Romeo and Hotel, sending you 1
2024-10-14 21:14:38.283467 Papa: Echo, sending you 1
2024-10-14 21:14:38.284740 Romeo: Papa and Victor, sending you 4
2024-10-14 21:14:38.285188 Mike: Charlie and Hotel, sending you 2
2024-10-14 21:14:38.285667 Victor: Charlie, sending you 1
2024-10-14 21:14:38.286903 Kilo: Charlie, sending you 6
2024-10-14 21:14:38.287488 Tango: Charlie and Papa, sending you 2
2024-10-14 21:14:38.288159 Charlie: Echo, sending you 6
2024-10-14 21:14:38.289434 Papa: Tango and Hotel, sending you 2
2024-10-14 21:14:38.290042 Romeo: Echo, sending you 5
2024-10-14 21:14:38.290789 Mike: Echo and Victor, sending you 1
2024-10-14 21:14:38.292082 Kilo: Echo, Hotel and Whiskey, sending you 2
2024-10-14 21:14:38.292737 Victor: Papa and Tango, sending you 4
2024-10-14 21:14:38.294037 Tango: Echo, sending you 5
2024-10-14 21:14:38.294684 Charlie: Tango, sending you 1
2024-10-14 21:14:38.295150 Romeo: Tango and Hotel, sending you 1
2024-10-14 21:14:38.295693 Mike: Romeo, sending you 6
2024-10-14 21:14:38.296015 Kilo: Tango and Romeo, sending you 3
2024-10-14 21:14:38.297683 Charlie: Hotel, sending you 2
2024-10-14 21:14:38.298690 Victor: Echo, sending you 7
2024-10-14 21:14:38.299659 Tango: Romeo and Victor, sending you 3
2024-10-14 21:14:38.302694 Tango: Hotel, sending you 1
2024-10-14 21:14:38.303694 Victor: Romeo, sending you 2
chatterbot Echo submitting transactions
chatterbot Romeo submitting transactions
chatterbot Hotel submitting transactions
chatterbot Charlie submitting transactions
chatterbot Kilo submitting transactions
chatterbot Victor submitting transactions
chatterbot Mike submitting transactions
chatterbot Tango submitting transactions
chatterbot Whiskey submitting transactions
chatterbot Papa submitting transactions
ChatterBot Charlie round 2
ChatterBot Kilo round 2
ChatterBot Papa round 2
ChatterBot Echo round 2
ChatterBot Tango round 2
ChatterBot Romeo round 2
ChatterBot Hotel round 2
ChatterBot Mike round 2
ChatterBot Whiskey round 2
ChatterBot Victor round 2
2024-10-14 21:14:39.860281 Romeo: We should add Kilo and Mike
ChatterBot Echo reevaluating
ChatterBot Hotel reevaluating
ChatterBot Charlie reevaluating
ChatterBot Victor reevaluating
ChatterBot Papa reevaluating
ChatterBot Tango reevaluating
2024-10-14 21:14:39.901467 Echo: No
2024-10-14 21:14:39.901831 Hotel: Yes
2024-10-14 21:14:39.902824 Charlie: Yes
2024-10-14 21:14:39.903174 Victor: No
2024-10-14 21:14:39.903548 Papa: No
2024-10-14 21:14:39.904394 Tango: No
ChatterBot Hotel reevaluating
ChatterBot Charlie reevaluating
ChatterBot Victor reevaluating
ChatterBot Papa reevaluating
ChatterBot Tango reevaluating
ChatterBot Echo reevaluating
ChatterBot Charlie reevaluating
ChatterBot Victor reevaluating
ChatterBot Papa reevaluating
ChatterBot Tango reevaluating
ChatterBot Echo reevaluating
ChatterBot Hotel reevaluating
ChatterBot Victor reevaluating
ChatterBot Papa reevaluating
ChatterBot Tango reevaluating
ChatterBot Echo reevaluating
ChatterBot Hotel reevaluating
ChatterBot Charlie reevaluating
ChatterBot Papa reevaluating
ChatterBot Tango reevaluating
ChatterBot Echo reevaluating
ChatterBot Hotel reevaluating
ChatterBot Charlie reevaluating
ChatterBot Victor reevaluating
ChatterBot Tango reevaluating
ChatterBot Echo reevaluating
ChatterBot Hotel reevaluating
ChatterBot Charlie reevaluating
ChatterBot Romeo reevaluating
ChatterBot Victor reevaluating
ChatterBot Papa reevaluating
2024-10-14 21:14:40.171999 Charlie: We should add Kilo
ChatterBot Echo reevaluating
ChatterBot Hotel reevaluating
ChatterBot Romeo reevaluating
ChatterBot Victor reevaluating
ChatterBot Papa reevaluating
ChatterBot Tango reevaluating
2024-10-14 21:14:40.213526 Echo: No
2024-10-14 21:14:40.213796 Hotel: Yes
2024-10-14 21:14:40.213965 Romeo: Yes
2024-10-14 21:14:40.214577 Victor: No
2024-10-14 21:14:40.214741 Papa: No
2024-10-14 21:14:40.214899 Tango: Yes
ChatterBot Hotel reevaluating
ChatterBot Charlie reevaluating
ChatterBot Romeo reevaluating
ChatterBot Victor reevaluating
ChatterBot Papa reevaluating
ChatterBot Tango reevaluating
ChatterBot Echo reevaluating
ChatterBot Charlie reevaluating
ChatterBot Romeo reevaluating
ChatterBot Victor reevaluating
ChatterBot Papa reevaluating
ChatterBot Tango reevaluating
ChatterBot Echo reevaluating
ChatterBot Hotel reevaluating
ChatterBot Charlie reevaluating
ChatterBot Victor reevaluating
ChatterBot Papa reevaluating
ChatterBot Tango reevaluating
ChatterBot Echo reevaluating
ChatterBot Hotel reevaluating
ChatterBot Charlie reevaluating
ChatterBot Romeo reevaluating
ChatterBot Papa reevaluating
ChatterBot Tango reevaluating
ChatterBot Echo reevaluating
ChatterBot Hotel reevaluating
ChatterBot Charlie reevaluating
ChatterBot Romeo reevaluating
ChatterBot Victor reevaluating
ChatterBot Tango reevaluating
ChatterBot Echo reevaluating
ChatterBot Hotel reevaluating
ChatterBot Charlie reevaluating
ChatterBot Romeo reevaluating
ChatterBot Victor reevaluating
ChatterBot Papa reevaluating
2024-10-14 21:14:40.493602 Kilo: Friends?
ChatterBot Mike reevaluating
2024-10-14 21:14:40.501277 Mike: Yes
2024-10-14 21:14:40.507391 Mike: Group up?
2024-10-14 21:14:40.513773 Kilo: Yes
ChatterBot Mike reevaluating
2024-10-14 21:14:40.541581 Whiskey: Let's form a team
2024-10-14 21:14:40.547873 Kilo: No
2024-10-14 21:14:40.584723 Tango: We should replace Echo with Kilo
ChatterBot Charlie reevaluating
ChatterBot Romeo reevaluating
ChatterBot Hotel reevaluating
2024-10-14 21:14:40.619900 Charlie: No
2024-10-14 21:14:40.620174 Papa: No
2024-10-14 21:14:40.620333 Romeo: No
2024-10-14 21:14:40.620504 Hotel: No
2024-10-14 21:14:40.620662 Victor: No
ChatterBot Tango reevaluating
ChatterBot Romeo reevaluating
ChatterBot Hotel reevaluating
ChatterBot Tango reevaluating
ChatterBot Charlie reevaluating
ChatterBot Romeo reevaluating
ChatterBot Hotel reevaluating
ChatterBot Tango reevaluating
ChatterBot Charlie reevaluating
ChatterBot Hotel reevaluating
ChatterBot Tango reevaluating
ChatterBot Charlie reevaluating
ChatterBot Romeo reevaluating
ChatterBot Tango reevaluating
ChatterBot Charlie reevaluating
ChatterBot Romeo reevaluating
ChatterBot Hotel reevaluating
2024-10-14 21:14:41.037182 Romeo: Kilo and Mike we want you to join our group
2024-10-14 21:14:41.045383 Kilo: No
2024-10-14 21:14:41.045963 Mike: No
ChatterBot Echo reevaluating
ChatterBot Echo reevaluating
2024-10-14 21:14:41.104337 Tango: Kilo we want you to join our group
2024-10-14 21:14:41.108632 Kilo: No
2024-10-14 21:14:41.132331 Hotel: Kilo and Mike we want you to join our group
2024-10-14 21:14:41.139933 Kilo: No
2024-10-14 21:14:41.140082 Mike: No
2024-10-14 21:14:41.198627 Charlie: Kilo we want you to join our group
2024-10-14 21:14:41.202997 Kilo: No
chatterbot Papa submitting transactions
chatterbot Echo submitting transactions
2024-10-14 21:14:41.227745 Mike: Sending you 11
2024-10-14 21:14:41.228008 Kilo: Sending you 7
2024-10-14 21:14:41.382283 Whiskey: Sending you 2
2024-10-14 21:14:41.382570 Victor: Charlie, sending you 1
2024-10-14 21:14:41.383313 Papa: Charlie, Echo, Romeo, Hotel and Victor, sending you 3
chatterbot Mike submitting transactions
chatterbot Charlie submitting transactions
chatterbot Kilo submitting transactions
chatterbot Whiskey submitting transactions
2024-10-14 21:14:41.449777 Victor: Papa, Tango and Hotel, sending you 3
2024-10-14 21:14:41.451052 Echo: Charlie, sending you 4
2024-10-14 21:14:41.451816 Tango: Charlie, Papa, Romeo and Hotel, sending you 3
2024-10-14 21:14:41.452823 Papa: Tango, sending you 1
2024-10-14 21:14:41.453438 Romeo: Charlie, Kilo, Papa, Tango, Hotel and Victor, sending you 2
2024-10-14 21:14:41.454403 Charlie: Kilo, sending you 4
2024-10-14 21:14:41.454964 Hotel: Charlie, Kilo, Papa, Echo and Mike, sending you 3
chatterbot Romeo submitting transactions
2024-10-14 21:14:41.456305 Echo: Papa, sending you 2
2024-10-14 21:14:41.456933 Victor: Echo and Romeo, sending you 4
2024-10-14 21:14:41.656824 Tango: Kilo and Victor, sending you 4
2024-10-14 21:14:41.658182 Hotel: Tango, sending you 2
2024-10-14 21:14:41.658900 Romeo: Echo and Mike, sending you 3
2024-10-14 21:14:41.660113 Charlie: Papa, Echo, Tango, Romeo, Hotel and Victor, sending you 2
2024-10-14 21:14:41.661451 Echo: Tango, Romeo and Hotel, sending you 3
chatterbot Victor submitting transactions
2024-10-14 21:14:41.663051 Hotel: Romeo, sending you 1
2024-10-14 21:14:41.773802 Echo: Victor, sending you 5
chatterbot Echo submitting transactions
chatterbot Tango submitting transactions
chatterbot Hotel submitting transactions
ChatterBot Charlie round 3
ChatterBot Kilo round 3
ChatterBot Papa round 3
ChatterBot Echo round 3
ChatterBot Tango round 3
ChatterBot Romeo round 3
ChatterBot Hotel round 3
ChatterBot Mike round 3
ChatterBot Whiskey round 3
ChatterBot Victor round 3
2024-10-14 21:14:42.241478 Whiskey: We should add Mike
2024-10-14 21:14:42.247185 Kilo: Yes
2024-10-14 21:14:42.270741 Tango: We should replace Kilo with Echo
2024-10-14 21:14:42.297173 Charlie: Yes
2024-10-14 21:14:42.297370 Papa: Yes
2024-10-14 21:14:42.297524 Romeo: Yes
2024-10-14 21:14:42.298030 Hotel: Yes
2024-10-14 21:14:42.298192 Victor: Yes
2024-10-14 21:14:42.536039 Charlie: We should drop Kilo
2024-10-14 21:14:42.569407 Echo: Yes
2024-10-14 21:14:42.570293 Hotel: Yes
2024-10-14 21:14:42.570547 Romeo: Yes
2024-10-14 21:14:42.570784 Victor: Yes
2024-10-14 21:14:42.571432 Papa: Yes
2024-10-14 21:14:42.571688 Tango: Yes
2024-10-14 21:14:42.707692 Romeo: We should drop Kilo and Mike
2024-10-14 21:14:42.729116 Echo: Yes
2024-10-14 21:14:42.729261 Hotel: Yes
2024-10-14 21:14:42.729369 Charlie: Yes
2024-10-14 21:14:42.729489 Victor: Yes
2024-10-14 21:14:42.729604 Papa: Yes
2024-10-14 21:14:42.729719 Tango: Yes
2024-10-14 21:14:42.848057 Whiskey: Mike we want you to join our group
2024-10-14 21:14:42.851676 Mike: No
2024-10-14 21:14:42.858359 Tango: Echo we want you to join our group
2024-10-14 21:14:42.862497 Echo: Yes
2024-10-14 21:14:42.900916 Kilo: Sending you 5
2024-10-14 21:14:42.901238 Echo: Charlie, Romeo and Victor, sending you 4
2024-10-14 21:14:42.902207 Papa: Charlie, Echo, Romeo, Hotel and Victor, sending you 3
2024-10-14 21:14:42.902675 Victor: Charlie and Hotel, sending you 2
2024-10-14 21:14:42.947969 Echo: Papa and Hotel, sending you 3
2024-10-14 21:14:42.949089 Papa: Tango, sending you 1
2024-10-14 21:14:42.949666 Victor: Papa, Tango and Romeo, sending you 3
2024-10-14 21:14:42.950735 Tango: Charlie, Papa, Echo, Romeo and Hotel, sending you 3
2024-10-14 21:14:42.951182 Charlie: Papa, Echo, Tango, Romeo and Hotel, sending you 3
2024-10-14 21:14:42.952373 Hotel: Sending you each 3
2024-10-14 21:14:42.952884 Whiskey: Kilo, sending you 2
2024-10-14 21:14:42.953176 Romeo: Charlie, Papa, Tango and Victor, sending you 3
2024-10-14 21:14:42.954648 Echo: Tango, sending you 2
2024-10-14 21:14:42.955773 Victor: Echo, sending you 5
2024-10-14 21:14:42.956380 Tango: Victor, sending you 5
2024-10-14 21:14:42.957476 Charlie: Victor, sending you 1
2024-10-14 21:14:42.994323 Romeo: Echo, sending you 4
chatterbot Mike submitting transactions
chatterbot Victor submitting transactions
2024-10-14 21:14:43.018168 Romeo: Hotel, sending you 2
chatterbot Romeo submitting transactions
chatterbot Charlie submitting transactions
chatterbot Hotel submitting transactions
chatterbot Tango submitting transactions
chatterbot Echo submitting transactions
chatterbot Kilo submitting transactions
chatterbot Whiskey submitting transactions
chatterbot Papa submitting transactions
ChatterBot Charlie round 4
ChatterBot Kilo round 4
ChatterBot Papa round 4
ChatterBot Echo round 4
ChatterBot Tango round 4
ChatterBot Romeo round 4
ChatterBot Hotel round 4
ChatterBot Mike round 4
ChatterBot Whiskey round 4
ChatterBot Victor round 4
2024-10-14 21:14:43.806687 Kilo: Sending you 6
2024-10-14 21:14:43.813838 Echo: Charlie, Papa, Tango and Hotel, sending you 3
2024-10-14 21:14:43.815689 Papa: Charlie, Echo, Romeo, Hotel and Victor, sending you 3
2024-10-14 21:14:43.816418 Tango: Charlie, Papa, Echo, Romeo and Hotel, sending you 3
2024-10-14 21:14:43.817654 Echo: Romeo and Victor, sending you 4
2024-10-14 21:14:43.819673 Victor: Charlie and Hotel, sending you 2
2024-10-14 21:14:43.820821 Papa: Tango, sending you 1
2024-10-14 21:14:43.821430 Tango: Victor, sending you 5
2024-10-14 21:14:43.822478 Romeo: Charlie, Papa, Tango and Victor, sending you 3
2024-10-14 21:14:43.823071 Whiskey: Kilo, sending you 2
2024-10-14 21:14:43.823870 Victor: Papa, Tango and Romeo, sending you 3
2024-10-14 21:14:43.825676 Hotel: Same as last round
2024-10-14 21:14:43.827003 Romeo: Echo, sending you 4
2024-10-14 21:14:43.827703 Mike: Kilo, sending you 12
2024-10-14 21:14:43.827956 Charlie: Papa, Echo, Tango, Romeo and Hotel, sending you 3
2024-10-14 21:14:43.829043 Victor: Echo, sending you 5
2024-10-14 21:14:43.831870 Romeo: Hotel, sending you 2
2024-10-14 21:14:43.832684 Mike: Whiskey, sending you 5
2024-10-14 21:14:43.833503 Charlie: Victor, sending you 1
chatterbot Whiskey submitting transactions
chatterbot Mike submitting transactions
chatterbot Kilo submitting transactions
chatterbot Victor submitting transactions
chatterbot Echo submitting transactions
chatterbot Charlie submitting transactions
chatterbot Hotel submitting transactions
chatterbot Romeo submitting transactions
chatterbot Tango submitting transactions
chatterbot Papa submitting transactions
ChatterBot Charlie round 5
ChatterBot Kilo round 5
ChatterBot Papa round 5
ChatterBot Echo round 5
ChatterBot Tango round 5
ChatterBot Romeo round 5
ChatterBot Hotel round 5
2024-10-14 21:14:44.706605 Kilo: We should add Whiskey
2024-10-14 21:14:44.710164 Mike: Yes
ChatterBot Mike round 5
ChatterBot Whiskey round 5
ChatterBot Victor round 5
2024-10-14 21:14:44.749744 Kilo: Whiskey we want you to join our group
2024-10-14 21:14:44.757362 Whiskey: Yes
2024-10-14 21:14:44.857934 Charlie: Papa, Echo, Tango, Romeo and Hotel, sending you 3
2024-10-14 21:14:44.859461 Papa: Charlie, Echo, Romeo, Hotel and Victor, sending you 3
2024-10-14 21:14:44.867306 Charlie: Victor, sending you 1
2024-10-14 21:14:44.868429 Papa: Tango, sending you 1
2024-10-14 21:14:44.869028 Whiskey: Sending you each 1
2024-10-14 21:14:44.869877 Hotel: Same as last round
2024-10-14 21:14:44.870388 Mike: Kilo, sending you 12
2024-10-14 21:14:44.870592 Tango: Charlie, Papa, Echo, Romeo and Hotel, sending you 3
2024-10-14 21:14:44.871548 Romeo: Charlie, Papa, Tango and Victor, sending you 3
2024-10-14 21:14:44.872066 Kilo: Sending you each 5
2024-10-14 21:14:44.872740 Echo: Charlie, Papa, Tango and Hotel, sending you 3
2024-10-14 21:14:44.879622 Mike: Whiskey, sending you 5
2024-10-14 21:14:44.880455 Tango: Victor, sending you 5
2024-10-14 21:14:44.881084 Romeo: Echo, sending you 4
2024-10-14 21:14:44.882046 Echo: Romeo and Victor, sending you 4
2024-10-14 21:14:44.887124 Romeo: Hotel, sending you 2
2024-10-14 21:14:44.888453 Victor: Charlie, sending you 2
2024-10-14 21:14:44.923580 Victor: Papa, Tango, Romeo and Hotel, sending you 3
2024-10-14 21:14:45.133020 Victor: Echo, sending you 4
chatterbot Papa submitting transactions
chatterbot Charlie submitting transactions
chatterbot Tango submitting transactions
chatterbot Whiskey submitting transactions
chatterbot Victor submitting transactions
chatterbot Mike submitting transactions
chatterbot Echo submitting transactions
chatterbot Romeo submitting transactions
chatterbot Kilo submitting transactions
chatterbot Hotel submitting transactions
ChatterBot Charlie round 6
ChatterBot Kilo round 6
ChatterBot Papa round 6
ChatterBot Echo round 6
ChatterBot Tango round 6
ChatterBot Romeo round 6
ChatterBot Hotel round 6
ChatterBot Mike round 6
ChatterBot Whiskey round 6
ChatterBot Victor round 6
2024-10-14 21:14:46.048672 Charlie: Papa, Echo, Tango, Romeo and Hotel, sending you 3
2024-10-14 21:14:46.051658 Hotel: Same as last round
2024-10-14 21:14:46.052675 Charlie: Victor, sending you 2
2024-10-14 21:14:46.055662 Papa: Charlie, Echo, Romeo, Hotel and Victor, sending you 3
2024-10-14 21:14:46.059673 Papa: Tango, sending you 1
2024-10-14 21:14:46.060352 Tango: Charlie, Papa, Echo, Romeo and Hotel, sending you 3
2024-10-14 21:14:46.061674 Kilo: Mike, sending you 4
2024-10-14 21:14:46.062676 Echo: Charlie, Papa, Tango and Hotel, sending you 3
2024-10-14 21:14:46.063668 Mike: Kilo, sending you 12
2024-10-14 21:14:46.065052 Whiskey: Same as last round
2024-10-14 21:14:46.065321 Victor: Charlie, sending you 1
2024-10-14 21:14:46.066025 Tango: Victor, sending you 5
2024-10-14 21:14:46.066854 Kilo: Whiskey, sending you 6
2024-10-14 21:14:46.067142 Romeo: Charlie, Papa, Tango and Victor, sending you 3
2024-10-14 21:14:46.067911 Echo: Romeo and Victor, sending you 4
2024-10-14 21:14:46.068789 Mike: Whiskey, sending you 5
2024-10-14 21:14:46.070663 Victor: Papa, Romeo and Hotel, sending you 3
2024-10-14 21:14:46.071658 Romeo: Echo, sending you 4
2024-10-14 21:14:46.075137 Victor: Echo and Tango, sending you 4
2024-10-14 21:14:46.075963 Romeo: Hotel, sending you 2
chatterbot Whiskey submitting transactions
chatterbot Kilo submitting transactions
chatterbot Papa submitting transactions
chatterbot Echo submitting transactions
chatterbot Romeo submitting transactions
chatterbot Hotel submitting transactions
chatterbot Mike submitting transactions
chatterbot Victor submitting transactions
chatterbot Charlie submitting transactions
chatterbot Tango submitting transactions
ChatterBot Charlie round 7
ChatterBot Kilo round 7
ChatterBot Papa round 7
ChatterBot Echo round 7
ChatterBot Tango round 7
ChatterBot Romeo round 7
ChatterBot Hotel round 7
ChatterBot Mike round 7
ChatterBot Whiskey round 7
ChatterBot Victor round 7
2024-10-14 21:14:47.311671 Tango: We should drop Papa
2024-10-14 21:14:47.322349 Charlie: No
2024-10-14 21:14:47.322543 Echo: No
2024-10-14 21:14:47.322682 Romeo: No
2024-10-14 21:14:47.322804 Hotel: No
2024-10-14 21:14:47.322920 Victor: No
ChatterBot Tango reevaluating
ChatterBot Tango reevaluating
ChatterBot Tango reevaluating
2024-10-14 21:14:47.380670 Kilo: Mike, sending you 4
2024-10-14 21:14:47.381015 Papa: Charlie, Echo, Romeo, Hotel and Victor, sending you 3
2024-10-14 21:14:47.382674 Romeo: Charlie, Papa, Tango and Victor, sending you 3
2024-10-14 21:14:47.385694 Kilo: Whiskey, sending you 6
2024-10-14 21:14:47.386145 Papa: Tango, sending you 1
2024-10-14 21:14:47.387675 Romeo: Echo, sending you 4
2024-10-14 21:14:47.388696 Whiskey: Same as last round
2024-10-14 21:14:47.391675 Romeo: Hotel, sending you 2
2024-10-14 21:14:47.392427 Charlie: Papa, Echo, Tango, Romeo and Hotel, sending you 3
2024-10-14 21:14:47.395672 Charlie: Victor, sending you 2
2024-10-14 21:14:47.396683 Mike: Kilo, sending you 12
2024-10-14 21:14:47.398168 Echo: Charlie, Papa, Tango and Hotel, sending you 3
2024-10-14 21:14:47.399071 Hotel: Same as last round
2024-10-14 21:14:47.399916 Victor: Charlie, sending you 2
2024-10-14 21:14:47.400874 Mike: Whiskey, sending you 5
2024-10-14 21:14:47.402028 Tango: Charlie, Papa, Echo, Romeo and Hotel, sending you 3
2024-10-14 21:14:47.402918 Echo: Romeo and Victor, sending you 4
2024-10-14 21:14:47.405850 Victor: Papa, Tango, Romeo and Hotel, sending you 3
2024-10-14 21:14:47.407685 Tango: Victor, sending you 5
2024-10-14 21:14:47.410665 Victor: Echo, sending you 4
chatterbot Charlie submitting transactions
chatterbot Whiskey submitting transactions
chatterbot Mike submitting transactions
chatterbot Tango submitting transactions
chatterbot Hotel submitting transactions
chatterbot Kilo submitting transactions
chatterbot Papa submitting transactions
chatterbot Romeo submitting transactions
chatterbot Echo submitting transactions
chatterbot Victor submitting transactions
ChatterBot Charlie round 8
ChatterBot Kilo round 8
ChatterBot Papa round 8
ChatterBot Echo round 8
ChatterBot Tango round 8
ChatterBot Romeo round 8
ChatterBot Hotel round 8
ChatterBot Mike round 8
ChatterBot Whiskey round 8
ChatterBot Victor round 8
2024-10-14 21:14:48.621658 Kilo: Same as last round
2024-10-14 21:14:48.628709 Tango: Charlie, Papa, Echo, Romeo and Hotel, sending you 3
2024-10-14 21:14:48.630103 Hotel: Same as last round
2024-10-14 21:14:48.631478 Whiskey: Same as last round
2024-10-14 21:14:48.631943 Papa: Charlie, Echo, Romeo, Hotel and Victor, sending you 3
2024-10-14 21:14:48.634678 Tango: Victor, sending you 5
2024-10-14 21:14:48.635809 Mike: Kilo, sending you 11
2024-10-14 21:14:48.636723 Echo: Charlie, Papa, Tango and Hotel, sending you 3
2024-10-14 21:14:48.638220 Charlie: Papa, Echo, Tango, Romeo and Hotel, sending you 3
2024-10-14 21:14:48.639364 Victor: Charlie, sending you 2
2024-10-14 21:14:48.640531 Papa: Tango, sending you 1
2024-10-14 21:14:48.642092 Mike: Whiskey, sending you 6
2024-10-14 21:14:48.642463 Romeo: Charlie, Papa, Hotel and Victor, sending you 3
2024-10-14 21:14:48.643311 Echo: Romeo and Victor, sending you 4
2024-10-14 21:14:48.644151 Charlie: Victor, sending you 2
2024-10-14 21:14:48.644887 Victor: Papa, Tango, Romeo and Hotel, sending you 3
2024-10-14 21:14:48.647675 Romeo: Echo, sending you 4
2024-10-14 21:14:48.649671 Victor: Echo, sending you 4
2024-10-14 21:14:48.651659 Romeo: Tango, sending you 2
chatterbot Tango submitting transactions
chatterbot Papa submitting transactions
chatterbot Charlie submitting transactions
chatterbot Romeo submitting transactions
chatterbot Echo submitting transactions
chatterbot Kilo submitting transactions
chatterbot Mike submitting transactions
chatterbot Whiskey submitting transactions
chatterbot Hotel submitting transactions
chatterbot Victor submitting transactions
ChatterBot Charlie round 9
ChatterBot Kilo round 9
ChatterBot Papa round 9
ChatterBot Echo round 9
ChatterBot Tango round 9
ChatterBot Romeo round 9
ChatterBot Hotel round 9
ChatterBot Mike round 9
ChatterBot Whiskey round 9
ChatterBot Victor round 9
2024-10-14 21:14:49.853684 Kilo: Sending you 3
2024-10-14 21:14:49.862690 Tango: Charlie, Papa, Echo, Romeo and Hotel, sending you 3
2024-10-14 21:14:49.864581 Romeo: Charlie, Papa, Hotel and Victor, sending you 3
2024-10-14 21:14:49.865881 Hotel: Same as last round
2024-10-14 21:14:49.867148 Mike: Kilo, sending you 11
2024-10-14 21:14:49.867463 Charlie: Papa, Echo, Tango, Romeo and Hotel, sending you 3
2024-10-14 21:14:49.868241 Tango: Victor, sending you 5
2024-10-14 21:14:49.869004 Whiskey: Same as last round
2024-10-14 21:14:49.869687 Romeo: Echo, sending you 4
2024-10-14 21:14:49.870846 Mike: Whiskey, sending you 6
2024-10-14 21:14:49.871147 Charlie: Victor, sending you 2
2024-10-14 21:14:49.871802 Echo: Charlie, Papa, Tango and Hotel, sending you 3
2024-10-14 21:14:49.872429 Papa: Charlie, Echo, Romeo, Hotel and Victor, sending you 3
2024-10-14 21:14:49.874669 Romeo: Tango, sending you 2
2024-10-14 21:14:49.875666 Echo: Romeo and Victor, sending you 4
2024-10-14 21:14:49.876487 Papa: Tango, sending you 1
2024-10-14 21:14:49.877941 Victor: Charlie, sending you 2
2024-10-14 21:14:49.883692 Victor: Papa, Tango, Romeo and Hotel, sending you 3
2024-10-14 21:14:49.889165 Victor: Echo, sending you 4
chatterbot Tango submitting transactions
chatterbot Hotel submitting transactions
chatterbot Mike submitting transactions
chatterbot Whiskey submitting transactions
chatterbot Romeo submitting transactions
chatterbot Kilo submitting transactions
chatterbot Victor submitting transactions
chatterbot Papa submitting transactions
chatterbot Charlie submitting transactions
chatterbot Echo submitting transactions
ChatterBot Charlie round 10
ChatterBot Kilo round 10
ChatterBot Papa round 10
ChatterBot Echo round 10
ChatterBot Tango round 10
ChatterBot Romeo round 10
ChatterBot Hotel round 10
ChatterBot Mike round 10
ChatterBot Whiskey round 10
ChatterBot Victor round 10
2024-10-14 21:14:51.110685 Papa: Charlie, Echo, Romeo, Hotel and Victor, sending you 3
2024-10-14 21:14:51.112661 Romeo: Charlie, Papa, Hotel and Victor, sending you 3
2024-10-14 21:14:51.114677 Papa: Tango, sending you 1
2024-10-14 21:14:51.116513 Hotel: Same as last round
2024-10-14 21:14:51.117414 Kilo: Same as last round
2024-10-14 21:14:51.117686 Romeo: Echo, sending you 4
2024-10-14 21:14:51.121691 Tango: Charlie, Papa, Echo, Romeo and Hotel, sending you 3
2024-10-14 21:14:51.122808 Victor: Charlie, sending you 2
2024-10-14 21:14:51.123784 Echo: Charlie, Papa, Tango and Hotel, sending you 3
2024-10-14 21:14:51.125149 Romeo: Tango, sending you 2
2024-10-14 21:14:51.126036 Whiskey: Same as last round
2024-10-14 21:14:51.126382 Charlie: Papa, Echo, Tango, Romeo and Hotel, sending you 3
2024-10-14 21:14:51.127217 Mike: Kilo, sending you 11
2024-10-14 21:14:51.127546 Tango: Victor, sending you 5
2024-10-14 21:14:51.128363 Victor: Papa, Tango, Romeo and Hotel, sending you 3
2024-10-14 21:14:51.129675 Echo: Romeo and Victor, sending you 4
2024-10-14 21:14:51.130657 Charlie: Victor, sending you 2
2024-10-14 21:14:51.131525 Mike: Whiskey, sending you 6
2024-10-14 21:14:51.132680 Victor: Echo, sending you 4
chatterbot Whiskey submitting transactions
chatterbot Charlie submitting transactions
chatterbot Hotel submitting transactions
chatterbot Romeo submitting transactions
chatterbot Papa submitting transactions
chatterbot Victor submitting transactions
chatterbot Mike submitting transactions
chatterbot Tango submitting transactions
chatterbot Kilo submitting transactions
chatterbot Echo submitting transactions
ChatterBot Charlie round 11
ChatterBot Kilo round 11
ChatterBot Papa round 11
ChatterBot Echo round 11
ChatterBot Tango round 11
ChatterBot Romeo round 11
ChatterBot Hotel round 11
ChatterBot Mike round 11
ChatterBot Whiskey round 11
ChatterBot Victor round 11
2024-10-14 21:14:52.363459 Tango: We should drop Papa
2024-10-14 21:14:52.375562 Charlie: No
2024-10-14 21:14:52.375755 Echo: No
2024-10-14 21:14:52.375898 Romeo: No
2024-10-14 21:14:52.376340 Hotel: No
2024-10-14 21:14:52.376466 Victor: No
ChatterBot Tango reevaluating
ChatterBot Tango reevaluating
ChatterBot Tango reevaluating
ChatterBot Tango reevaluating
ChatterBot Tango reevaluating
2024-10-14 21:14:52.453687 Kilo: Same as last round
2024-10-14 21:14:52.454079 Echo: Charlie, Papa, Tango and Hotel, sending you 3
2024-10-14 21:14:52.455365 Charlie: Papa, Echo, Tango, Romeo and Hotel, sending you 3
2024-10-14 21:14:52.459706 Echo: Romeo and Victor, sending you 4
2024-10-14 21:14:52.461544 Charlie: Victor, sending you 2
2024-10-14 21:14:52.462783 Whiskey: Same as last round
2024-10-14 21:14:52.463307 Mike: Kilo, sending you 11
2024-10-14 21:14:52.467172 Hotel: Same as last round
2024-10-14 21:14:52.468766 Mike: Whiskey, sending you 6
2024-10-14 21:14:52.469247 Romeo: Charlie, Papa, Hotel and Victor, sending you 3
2024-10-14 21:14:52.471093 Papa: Charlie, Echo, Romeo, Hotel and Victor, sending you 3
2024-10-14 21:14:52.472860 Tango: Charlie, Papa, Echo, Romeo and Hotel, sending you 3
2024-10-14 21:14:52.474670 Romeo: Echo, sending you 4
2024-10-14 21:14:52.476703 Victor: Charlie, sending you 2
2024-10-14 21:14:52.478823 Papa: Tango, sending you 1
2024-10-14 21:14:52.480013 Tango: Victor, sending you 5
2024-10-14 21:14:52.480942 Romeo: Tango, sending you 2
2024-10-14 21:14:52.482666 Victor: Papa, Tango, Romeo and Hotel, sending you 3
2024-10-14 21:14:52.487680 Victor: Echo, sending you 4
chatterbot Tango submitting transactions
chatterbot Romeo submitting transactions
chatterbot Hotel submitting transactions
chatterbot Whiskey submitting transactions
chatterbot Victor submitting transactions
chatterbot Kilo submitting transactions
chatterbot Charlie submitting transactions
chatterbot Echo submitting transactions
chatterbot Mike submitting transactions
chatterbot Papa submitting transactions
ChatterBot Charlie round 12
ChatterBot Kilo round 12
ChatterBot Papa round 12
ChatterBot Echo round 12
ChatterBot Tango round 12
2024-10-14 21:14:53.519583 Kilo: We should add Whiskey
2024-10-14 21:14:53.523952 Mike: Yes
ChatterBot Romeo round 12
ChatterBot Hotel round 12
ChatterBot Mike round 12
ChatterBot Whiskey round 12
ChatterBot Victor round 12
2024-10-14 21:14:53.551829 Kilo: Whiskey we want you to join our group
2024-10-14 21:14:53.555292 Whiskey: Yes
2024-10-14 21:14:53.586689 Tango: Charlie, Papa, Echo, Romeo and Hotel, sending you 3
2024-10-14 21:14:53.592681 Tango: Victor, sending you 5
2024-10-14 21:14:53.593870 Charlie: Papa, Echo, Tango, Romeo and Hotel, sending you 3
2024-10-14 21:14:53.595563 Romeo: Charlie, Papa, Hotel and Victor, sending you 3
2024-10-14 21:14:53.596561 Hotel: Same as last round
2024-10-14 21:14:53.597843 Whiskey: Same as last round
2024-10-14 21:14:53.598197 Victor: Charlie, sending you 2
2024-10-14 21:14:53.599137 Papa: Charlie, Echo, Romeo, Hotel and Victor, sending you 3
2024-10-14 21:14:53.600297 Echo: Charlie, Papa, Tango and Hotel, sending you 3
2024-10-14 21:14:53.601893 Charlie: Victor, sending you 2
2024-10-14 21:14:53.603104 Romeo: Echo, sending you 4
2024-10-14 21:14:53.604734 Victor: Papa, Tango, Romeo and Hotel, sending you 3
2024-10-14 21:14:53.605798 Papa: Tango, sending you 1
2024-10-14 21:14:53.606959 Mike: Kilo, sending you 11
2024-10-14 21:14:53.607932 Echo: Romeo and Victor, sending you 4
2024-10-14 21:14:53.609929 Kilo: Mike, sending you 2
2024-10-14 21:14:53.610499 Romeo: Tango, sending you 2
2024-10-14 21:14:53.613068 Victor: Echo, sending you 4
2024-10-14 21:14:53.616014 Mike: Whiskey, sending you 6
2024-10-14 21:14:53.616611 Kilo: Whiskey, sending you 6
chatterbot Echo submitting transactions
chatterbot Papa submitting transactions
chatterbot Tango submitting transactions
chatterbot Romeo submitting transactions
chatterbot Whiskey submitting transactions
chatterbot Mike submitting transactions
chatterbot Charlie submitting transactions
chatterbot Kilo submitting transactions
chatterbot Hotel submitting transactions
chatterbot Victor submitting transactions
ChatterBot Charlie round 13
ChatterBot Kilo round 13
ChatterBot Papa round 13
ChatterBot Echo round 13
ChatterBot Tango round 13
ChatterBot Romeo round 13
ChatterBot Hotel round 13
ChatterBot Mike round 13
ChatterBot Whiskey round 13
ChatterBot Victor round 13
2024-10-14 21:14:54.718688 Kilo: Mike, sending you 2
2024-10-14 21:14:54.720680 Charlie: Papa, Echo, Tango, Romeo and Hotel, sending you 3
2024-10-14 21:14:54.722570 Romeo: Charlie, Papa, Hotel and Victor, sending you 3
2024-10-14 21:14:54.724313 Papa: Charlie, Echo, Romeo, Hotel and Victor, sending you 3
2024-10-14 21:14:54.725647 Kilo: Whiskey, sending you 6
2024-10-14 21:14:54.726128 Tango: Charlie, Papa, Romeo and Hotel, sending you 3
2024-10-14 21:14:54.727457 Victor: Charlie, sending you 2
2024-10-14 21:14:54.728390 Charlie: Victor, sending you 2
2024-10-14 21:14:54.729697 Romeo: Echo, sending you 4
2024-10-14 21:14:54.730652 Echo: Charlie, Papa, Tango and Hotel, sending you 3
2024-10-14 21:14:54.732017 Hotel: Same as last round
2024-10-14 21:14:54.733455 Papa: Tango, sending you 1
2024-10-14 21:14:54.734351 Mike: Kilo, sending you 11
2024-10-14 21:14:54.734649 Tango: Echo and Victor, sending you 4
2024-10-14 21:14:54.736044 Victor: Papa, Tango, Romeo and Hotel, sending you 3
2024-10-14 21:14:54.738303 Whiskey: Same as last round
2024-10-14 21:14:54.738713 Romeo: Tango, sending you 2
2024-10-14 21:14:54.740306 Echo: Romeo and Victor, sending you 4
2024-10-14 21:14:54.741357 Mike: Whiskey, sending you 6
2024-10-14 21:14:54.742669 Victor: Echo, sending you 4
chatterbot Romeo submitting transactions
chatterbot Victor submitting transactions
chatterbot Hotel submitting transactions
chatterbot Echo submitting transactions
chatterbot Papa submitting transactions
chatterbot Kilo submitting transactions
chatterbot Whiskey submitting transactions
chatterbot Tango submitting transactions
chatterbot Charlie submitting transactions
chatterbot Mike submitting transactions
ChatterBot Charlie round 14
ChatterBot Kilo round 14
ChatterBot Papa round 14
ChatterBot Echo round 14
ChatterBot Tango round 14
ChatterBot Romeo round 14
ChatterBot Hotel round 14
ChatterBot Mike round 14
ChatterBot Whiskey round 14
ChatterBot Victor round 14
2024-10-14 21:14:55.933777 Tango: We should drop Papa
2024-10-14 21:14:55.946128 Charlie: No
2024-10-14 21:14:55.946302 Echo: No
2024-10-14 21:14:55.946439 Romeo: No
2024-10-14 21:14:55.946567 Hotel: No
2024-10-14 21:14:55.946700 Victor: No
ChatterBot Tango reevaluating
ChatterBot Tango reevaluating
ChatterBot Tango reevaluating
ChatterBot Tango reevaluating
ChatterBot Tango reevaluating
2024-10-14 21:14:56.000682 Kilo: Same as last round
2024-10-14 21:14:56.001108 Hotel: Same as last round
2024-10-14 21:14:56.002673 Charlie: Sending you each 3
2024-10-14 21:14:56.009685 Victor: Charlie, sending you 2
2024-10-14 21:14:56.011710 Romeo: Charlie, Papa, Hotel and Victor, sending you 3
2024-10-14 21:14:56.013063 Whiskey: Same as last round
2024-10-14 21:14:56.015672 Romeo: Echo, sending you 4
2024-10-14 21:14:56.017925 Victor: Papa, Tango, Romeo and Hotel, sending you 3
2024-10-14 21:14:56.020034 Echo: Charlie, Papa, Tango and Hotel, sending you 3
2024-10-14 21:14:56.021413 Papa: Charlie, Echo, Romeo, Hotel and Victor, sending you 3
2024-10-14 21:14:56.022917 Romeo: Tango, sending you 2
2024-10-14 21:14:56.025065 Tango: Charlie, Papa, Romeo and Hotel, sending you 3
2024-10-14 21:14:56.026918 Mike: Kilo, sending you 10
2024-10-14 21:14:56.027365 Victor: Echo, sending you 4
2024-10-14 21:14:56.029253 Echo: Romeo and Victor, sending you 4
2024-10-14 21:14:56.031536 Papa: Tango, sending you 1
2024-10-14 21:14:56.033267 Tango: Echo and Victor, sending you 4
2024-10-14 21:14:56.035515 Mike: Whiskey, sending you 7
chatterbot Echo submitting transactions
chatterbot Romeo submitting transactions
chatterbot Hotel submitting transactions
chatterbot Papa submitting transactions
chatterbot Victor submitting transactions
chatterbot Whiskey submitting transactions
chatterbot Charlie submitting transactions
chatterbot Tango submitting transactions
chatterbot Mike submitting transactions
chatterbot Kilo submitting transactions
ChatterBot Charlie round 15
ChatterBot Kilo round 15
ChatterBot Papa round 15
ChatterBot Echo round 15
ChatterBot Tango round 15
ChatterBot Romeo round 15
ChatterBot Hotel round 15
ChatterBot Mike round 15
ChatterBot Whiskey round 15
ChatterBot Victor round 15
2024-10-14 21:14:57.156235 Echo: Charlie, Papa, Tango and Hotel, sending you 3
2024-10-14 21:14:57.160653 Charlie: Same as last round
2024-10-14 21:14:57.162565 Romeo: Charlie, Papa, Hotel and Victor, sending you 3
2024-10-14 21:14:57.164257 Kilo: Same as last round
2024-10-14 21:14:57.164538 Echo: Romeo and Victor, sending you 4
2024-10-14 21:14:57.165534 Tango: Charlie, Papa, Romeo and Hotel, sending you 3
2024-10-14 21:14:57.167375 Mike: Kilo, sending you 10
2024-10-14 21:14:57.167831 Romeo: Echo, sending you 4
2024-10-14 21:14:57.169168 Whiskey: Same as last round
2024-10-14 21:14:57.169684 Tango: Echo and Victor, sending you 4
2024-10-14 21:14:57.171379 Mike: Whiskey, sending you 7
2024-10-14 21:14:57.171874 Hotel: Same as last round
2024-10-14 21:14:57.173757 Papa: Charlie, Echo, Romeo, Hotel and Victor, sending you 3
2024-10-14 21:14:57.174851 Romeo: Tango, sending you 2
2024-10-14 21:14:57.178669 Victor: Sending you each 3
2024-10-14 21:14:57.180660 Papa: Tango, sending you 1
chatterbot Kilo submitting transactions
chatterbot Echo submitting transactions
chatterbot Papa submitting transactions
