ChatterBot Lima round 1
ChatterBot Golf round 1
ChatterBot Echo round 1
ChatterBot Yankee round 1
ChatterBot Victor round 1
ChatterBot Whiskey round 1
ChatterBot Juliett round 1
ChatterBot Foxtrot round 1
ChatterBot Charlie round 1
ChatterBot X-ray round 1
randomSelections Lima: {Lima, Whiskey, Golf, Juliett, Yankee, Foxtrot, Victor} 
2024-10-14 21:14:37.259459 Lima: Friends?
ChatterBot Whiskey reevaluating
ChatterBot Golf reevaluating
ChatterBot Juliett reevaluating
ChatterBot Yankee reevaluating
ChatterBot Foxtrot reevaluating
ChatterBot Victor reevaluating
2024-10-14 21:14:37.277988 Whiskey: Yes
2024-10-14 21:14:37.279682 Golf: Yes
2024-10-14 21:14:37.279870 Juliett: Yes
2024-10-14 21:14:37.280042 Yankee: Yes
2024-10-14 21:14:37.280198 Foxtrot: Yes
2024-10-14 21:14:37.280353 Victor: Yes
ChatterBot Golf reevaluating
ChatterBot Juliett reevaluating
ChatterBot Yankee reevaluating
ChatterBot Foxtrot reevaluating
ChatterBot Victor reevaluating
ChatterBot Whiskey reevaluating
ChatterBot Juliett reevaluating
ChatterBot Yankee reevaluating
ChatterBot Foxtrot reevaluating
ChatterBot Victor reevaluating
ChatterBot Whiskey reevaluating
ChatterBot Golf reevaluating
ChatterBot Yankee reevaluating
ChatterBot Foxtrot reevaluating
ChatterBot Victor reevaluating
ChatterBot Whiskey reevaluating
ChatterBot Golf reevaluating
ChatterBot Juliett reevaluating
ChatterBot Foxtrot reevaluating
ChatterBot Victor reevaluating
ChatterBot Whiskey reevaluating
ChatterBot Golf reevaluating
ChatterBot Juliett reevaluating
ChatterBot Yankee reevaluating
ChatterBot Victor reevaluating
ChatterBot Whiskey reevaluating
ChatterBot Golf reevaluating
ChatterBot Juliett reevaluating
ChatterBot Yankee reevaluating
ChatterBot Foxtrot reevaluating
randomSelections Charlie: {Charlie, Yankee, Victor, Golf, Lima, Juliett, Foxtrot, Echo} 
2024-10-14 21:14:37.505178 Charlie: Let's form a team
ChatterBot Yankee reevaluating
ChatterBot Victor reevaluating
ChatterBot Golf reevaluating
ChatterBot Juliett reevaluating
ChatterBot Foxtrot reevaluating
ChatterBot Echo reevaluating
2024-10-14 21:14:37.516714 Yankee: No
2024-10-14 21:14:37.516902 Victor: No
2024-10-14 21:14:37.517059 Golf: No
2024-10-14 21:14:37.517185 Lima: No
2024-10-14 21:14:37.517345 Juliett: No
2024-10-14 21:14:37.517470 Foxtrot: No
2024-10-14 21:14:37.518232 Echo: Yes
ChatterBot Victor reevaluating
ChatterBot Golf reevaluating
ChatterBot Juliett reevaluating
ChatterBot Foxtrot reevaluating
ChatterBot Echo reevaluating
ChatterBot Yankee reevaluating
ChatterBot Golf reevaluating
ChatterBot Juliett reevaluating
ChatterBot Foxtrot reevaluating
ChatterBot Echo reevaluating
ChatterBot Yankee reevaluating
ChatterBot Victor reevaluating
ChatterBot Juliett reevaluating
ChatterBot Foxtrot reevaluating
ChatterBot Echo reevaluating
ChatterBot Yankee reevaluating
ChatterBot Victor reevaluating
ChatterBot Golf reevaluating
ChatterBot Juliett reevaluating
ChatterBot Foxtrot reevaluating
ChatterBot Echo reevaluating
ChatterBot Yankee reevaluating
ChatterBot Victor reevaluating
ChatterBot Golf reevaluating
ChatterBot Foxtrot reevaluating
ChatterBot Echo reevaluating
ChatterBot Yankee reevaluating
ChatterBot Victor reevaluating
ChatterBot Golf reevaluating
ChatterBot Juliett reevaluating
ChatterBot Echo reevaluating
ChatterBot Yankee reevaluating
ChatterBot Victor reevaluating
ChatterBot Golf reevaluating
ChatterBot Juliett reevaluating
ChatterBot Foxtrot reevaluating
randomSelections X-ray: {X-ray, Foxtrot, Juliett, Charlie, Whiskey, Echo} 
2024-10-14 21:14:37.619710 X-ray: We would work well together
ChatterBot Foxtrot reevaluating
ChatterBot Juliett reevaluating
ChatterBot Whiskey reevaluating
ChatterBot Echo reevaluating
2024-10-14 21:14:37.632114 Foxtrot: No
2024-10-14 21:14:37.632461 Juliett: No
2024-10-14 21:14:37.632785 Charlie: No
2024-10-14 21:14:37.633031 Whiskey: No
2024-10-14 21:14:37.633315 Echo: No
ChatterBot Juliett reevaluating
ChatterBot Whiskey reevaluating
ChatterBot Echo reevaluating
ChatterBot Foxtrot reevaluating
ChatterBot Whiskey reevaluating
ChatterBot Echo reevaluating
ChatterBot Foxtrot reevaluating
ChatterBot Juliett reevaluating
ChatterBot Whiskey reevaluating
ChatterBot Echo reevaluating
ChatterBot Foxtrot reevaluating
ChatterBot Juliett reevaluating
ChatterBot Echo reevaluating
ChatterBot Foxtrot reevaluating
ChatterBot Juliett reevaluating
ChatterBot Whiskey reevaluating
2024-10-14 21:14:37.713726 Lima: Golf, sending you 2
2024-10-14 21:14:37.714130 Victor: Lima, sending you 2
2024-10-14 21:14:37.716222 Yankee: Lima and Whiskey, sending you 5
2024-10-14 21:14:37.716875 Golf: Lima, Victor, Whiskey and Juliett, sending you 3
2024-10-14 21:14:37.718396 Victor: Golf and Whiskey, sending you 3
2024-10-14 21:14:37.718782 Lima: Yankee and Foxtrot, sending you 1
2024-10-14 21:14:37.719677 Charlie: Lima, sending you 5
2024-10-14 21:14:37.720834 Echo: Golf and Yankee, sending you 3
2024-10-14 21:14:37.721682 Yankee: Golf, sending you 4
2024-10-14 21:14:37.723265 Victor: Yankee, sending you 5
2024-10-14 21:14:37.723815 Golf: Yankee, sending you 4
2024-10-14 21:14:37.725212 Lima: Victor, sending you 5
2024-10-14 21:14:37.725764 Charlie: Golf, sending you 2
2024-10-14 21:14:37.726299 Echo: Victor, sending you 4
2024-10-14 21:14:37.727777 X-ray: Whiskey, sending you 5
2024-10-14 21:14:37.728361 Yankee: Victor, sending you 3
2024-10-14 21:14:37.729727 Victor: Juliett, sending you 1
2024-10-14 21:14:37.730296 Golf: Foxtrot, sending you 2
2024-10-14 21:14:37.731406 Juliett: Lima and Victor, sending you 2
2024-10-14 21:14:37.731904 Lima: Whiskey, sending you 3
2024-10-14 21:14:37.732372 Charlie: Echo and Foxtrot, sending you 1
2024-10-14 21:14:37.733899 Whiskey: Victor, sending you 5
2024-10-14 21:14:37.734381 Echo: Juliett and Foxtrot, sending you 1
2024-10-14 21:14:37.735512 X-ray: Juliett, sending you 4
2024-10-14 21:14:37.735904 Yankee: Juliett and Foxtrot, sending you 1
2024-10-14 21:14:37.736480 Victor: Foxtrot, sending you 4
2024-10-14 21:14:37.737721 Foxtrot: Golf, sending you 2
2024-10-14 21:14:37.738259 Lima: Juliett, sending you 4
2024-10-14 21:14:37.739563 Juliett: Golf and Yankee, sending you 3
2024-10-14 21:14:37.740180 Charlie: Juliett, sending you 3
2024-10-14 21:14:37.741369 Whiskey: Juliett, sending you 3
2024-10-14 21:14:37.741973 Echo: Charlie, sending you 5
2024-10-14 21:14:37.743020 X-ray: Foxtrot, sending you 2
2024-10-14 21:14:37.743479 Foxtrot: Whiskey, sending you 1
2024-10-14 21:14:37.793462 Juliett: Whiskey, sending you 1
2024-10-14 21:14:37.794519 Whiskey: Foxtrot, sending you 1
2024-10-14 21:14:37.799538 Juliett: Foxtrot, sending you 4
chatterbot Victor submitting transactions
chatterbot Yankee submitting transactions
chatterbot Lima submitting transactions
chatterbot Charlie submitting transactions
chatterbot Whiskey submitting transactions
chatterbot Juliett submitting transactions
chatterbot Golf submitting transactions
chatterbot X-ray submitting transactions
chatterbot Foxtrot submitting transactions
chatterbot Echo submitting transactions
ChatterBot Lima round 2
ChatterBot Golf round 2
ChatterBot Echo round 2
ChatterBot Yankee round 2
2024-10-14 21:14:38.926051 Lima: We would work well together
ChatterBot Golf reevaluating
ChatterBot Yankee reevaluating
ChatterBot Victor reevaluating
ChatterBot Whiskey reevaluating
ChatterBot Juliett reevaluating
ChatterBot Echo reevaluating
ChatterBot Charlie reevaluating
2024-10-14 21:14:39.026764 Golf: Yes
2024-10-14 21:14:39.027060 Yankee: No
2024-10-14 21:14:39.027232 Victor: No
2024-10-14 21:14:39.027386 Whiskey: No
2024-10-14 21:14:39.027530 Juliett: No
2024-10-14 21:14:39.028123 Echo: No
2024-10-14 21:14:39.028276 Charlie: No
ChatterBot Yankee reevaluating
ChatterBot Victor reevaluating
ChatterBot Whiskey reevaluating
ChatterBot Juliett reevaluating
ChatterBot Echo reevaluating
ChatterBot Charlie reevaluating
ChatterBot Lima reevaluating
ChatterBot Golf reevaluating
ChatterBot Victor reevaluating
ChatterBot Whiskey reevaluating
ChatterBot Juliett reevaluating
ChatterBot Echo reevaluating
ChatterBot Charlie reevaluating
ChatterBot Lima reevaluating
ChatterBot Golf reevaluating
ChatterBot Yankee reevaluating
ChatterBot Whiskey reevaluating
ChatterBot Juliett reevaluating
ChatterBot Echo reevaluating
ChatterBot Charlie reevaluating
ChatterBot Lima reevaluating
ChatterBot Golf reevaluating
ChatterBot Yankee reevaluating
ChatterBot Victor reevaluating
ChatterBot Juliett reevaluating
ChatterBot Echo reevaluating
ChatterBot Charlie reevaluating
ChatterBot Lima reevaluating
ChatterBot Golf reevaluating
ChatterBot Yankee reevaluating
ChatterBot Victor reevaluating
ChatterBot Whiskey reevaluating
ChatterBot Echo reevaluating
ChatterBot Charlie reevaluating
ChatterBot Lima reevaluating
ChatterBot Golf reevaluating
ChatterBot Yankee reevaluating
ChatterBot Victor reevaluating
ChatterBot Whiskey reevaluating
ChatterBot Juliett reevaluating
ChatterBot Charlie reevaluating
ChatterBot Lima reevaluating
ChatterBot Golf reevaluating
ChatterBot Yankee reevaluating
ChatterBot Victor reevaluating
ChatterBot Whiskey reevaluating
ChatterBot Juliett reevaluating
ChatterBot Echo reevaluating
2024-10-14 21:14:39.610132 Echo: Let's form a team
ChatterBot Charlie reevaluating
ChatterBot X-ray reevaluating
2024-10-14 21:14:39.636846 Charlie: No
2024-10-14 21:14:39.637016 X-ray: No
ChatterBot Echo reevaluating
ChatterBot X-ray reevaluating
ChatterBot Echo reevaluating
ChatterBot Charlie reevaluating
2024-10-14 21:14:39.676448 X-ray: Let's form a team
ChatterBot Echo reevaluating
2024-10-14 21:14:39.681782 Echo: No
ChatterBot X-ray reevaluating
ChatterBot Victor round 2
ChatterBot Whiskey round 2
ChatterBot Juliett round 2
ChatterBot Foxtrot round 2
ChatterBot Charlie round 2
ChatterBot X-ray round 2
2024-10-14 21:14:39.712821 Echo: We should replace Foxtrot with Whiskey
ChatterBot Charlie reevaluating
ChatterBot Lima reevaluating
ChatterBot Golf reevaluating
ChatterBot Yankee reevaluating
ChatterBot Victor reevaluating
ChatterBot Juliett reevaluating
2024-10-14 21:14:39.832975 Charlie: No
2024-10-14 21:14:39.833309 Lima: Yes
2024-10-14 21:14:39.833797 Golf: Yes
2024-10-14 21:14:39.834527 Yankee: No
2024-10-14 21:14:39.834770 Victor: Yes
2024-10-14 21:14:39.835455 Juliett: Yes
ChatterBot Echo reevaluating
ChatterBot Lima reevaluating
ChatterBot Golf reevaluating
ChatterBot Yankee reevaluating
ChatterBot Victor reevaluating
ChatterBot Juliett reevaluating
ChatterBot Echo reevaluating
ChatterBot Charlie reevaluating
ChatterBot Golf reevaluating
ChatterBot Yankee reevaluating
ChatterBot Victor reevaluating
ChatterBot Juliett reevaluating
ChatterBot Echo reevaluating
ChatterBot Charlie reevaluating
ChatterBot Lima reevaluating
ChatterBot Yankee reevaluating
ChatterBot Victor reevaluating
ChatterBot Juliett reevaluating
ChatterBot Echo reevaluating
ChatterBot Charlie reevaluating
ChatterBot Lima reevaluating
ChatterBot Golf reevaluating
ChatterBot Victor reevaluating
ChatterBot Juliett reevaluating
ChatterBot Echo reevaluating
ChatterBot Charlie reevaluating
ChatterBot Lima reevaluating
ChatterBot Golf reevaluating
ChatterBot Yankee reevaluating
ChatterBot Juliett reevaluating
ChatterBot Echo reevaluating
ChatterBot Charlie reevaluating
ChatterBot Lima reevaluating
ChatterBot Golf reevaluating
ChatterBot Yankee reevaluating
ChatterBot Victor reevaluating
2024-10-14 21:14:40.082407 Yankee: We should drop Whiskey and Foxtrot
2024-10-14 21:14:40.098282 Lima: No
2024-10-14 21:14:40.098890 Golf: No
2024-10-14 21:14:40.099013 Victor: No
2024-10-14 21:14:40.099122 Juliett: No
ChatterBot Lima reevaluating
ChatterBot Lima reevaluating
2024-10-14 21:14:40.165189 Whiskey: We should drop Foxtrot
ChatterBot Lima reevaluating
2024-10-14 21:14:40.185661 Lima: Yes
2024-10-14 21:14:40.185828 Golf: Yes
2024-10-14 21:14:40.185921 Yankee: Yes
2024-10-14 21:14:40.186010 Victor: Yes
2024-10-14 21:14:40.186097 Juliett: Yes
ChatterBot Whiskey reevaluating
ChatterBot Whiskey reevaluating
ChatterBot Lima reevaluating
ChatterBot Whiskey reevaluating
ChatterBot Lima reevaluating
ChatterBot Whiskey reevaluating
ChatterBot Lima reevaluating
ChatterBot Whiskey reevaluating
ChatterBot Lima reevaluating
2024-10-14 21:14:40.294651 Whiskey: We should replace Foxtrot with X-ray
ChatterBot Lima reevaluating
2024-10-14 21:14:40.317461 Lima: No
2024-10-14 21:14:40.317690 Golf: No
2024-10-14 21:14:40.317792 Yankee: No
2024-10-14 21:14:40.317888 Victor: No
2024-10-14 21:14:40.317973 Juliett: No
ChatterBot Whiskey reevaluating
ChatterBot Whiskey reevaluating
ChatterBot Lima reevaluating
ChatterBot Whiskey reevaluating
ChatterBot Lima reevaluating
ChatterBot Whiskey reevaluating
ChatterBot Lima reevaluating
ChatterBot Whiskey reevaluating
ChatterBot Lima reevaluating
2024-10-14 21:14:40.433174 Echo: Whiskey we want you to join our group
ChatterBot Whiskey reevaluating
2024-10-14 21:14:40.438466 Whiskey: No
ChatterBot Lima reevaluating
ChatterBot Echo reevaluating
2024-10-14 21:14:40.854973 Foxtrot: Lima, Yankee and Whiskey, sending you 2
2024-10-14 21:14:40.856406 Golf: Lima and Charlie, sending you 2
2024-10-14 21:14:40.857374 Juliett: Lima, Golf, Whiskey and Charlie, sending you 3
2024-10-14 21:14:40.858001 Victor: Lima, Golf, Echo, Yankee and Whiskey, sending you 3
2024-10-14 21:14:40.859019 Whiskey: X-ray we want you to join our group
ChatterBot X-ray reevaluating
2024-10-14 21:14:40.866733 X-ray: No
ChatterBot Whiskey reevaluating
ChatterBot Lima reevaluating
2024-10-14 21:14:40.903086 Charlie: Echo, sending you 7
chatterbot Golf submitting transactions
chatterbot Yankee submitting transactions
2024-10-14 21:14:40.904784 Foxtrot: Golf, sending you 3
2024-10-14 21:14:40.905740 Golf: Echo, Victor and Juliett, sending you 3
2024-10-14 21:14:40.907144 Juliett: Echo, sending you 1
2024-10-14 21:14:40.908540 Victor: Juliett, sending you 2
2024-10-14 21:14:40.909917 Yankee: Lima, sending you 4
2024-10-14 21:14:40.910477 Foxtrot: Victor and Juliett, sending you 4
2024-10-14 21:14:40.911505 Golf: Yankee, sending you 4
2024-10-14 21:14:40.912704 Juliett: Yankee and Victor, sending you 2
2024-10-14 21:14:40.913315 Victor: Charlie, sending you 1
2024-10-14 21:14:40.914488 Yankee: Golf and Juliett, sending you 5
2024-10-14 21:14:40.914955 Golf: Whiskey, sending you 1
chatterbot Juliett submitting transactions
2024-10-14 21:14:41.111118 Yankee: Victor, sending you 6
chatterbot Foxtrot submitting transactions
2024-10-14 21:14:41.196674 Echo: Charlie, sending you 10
2024-10-14 21:14:41.197031 Lima: Golf, sending you 3
2024-10-14 21:14:41.283132 Echo: X-ray, sending you 7
2024-10-14 21:14:41.283517 Lima: Yankee and Charlie, sending you 4
chatterbot X-ray submitting transactions
2024-10-14 21:14:41.284869 Whiskey: Lima, Golf, Victor and Juliett, sending you 3
2024-10-14 21:14:41.444266 Lima: Victor and Juliett, sending you 2
2024-10-14 21:14:41.445014 Whiskey: Yankee and X-ray, sending you 4
chatterbot Charlie submitting transactions
chatterbot Victor submitting transactions
2024-10-14 21:14:41.638733 Lima: Whiskey, sending you 1
chatterbot X-ray submitting transactions
chatterbot Echo submitting transactions
chatterbot Whiskey submitting transactions
chatterbot Lima submitting transactions
ChatterBot Lima round 3
ChatterBot Golf round 3
ChatterBot Echo round 3
ChatterBot Yankee round 3
ChatterBot Victor round 3
ChatterBot Whiskey round 3
ChatterBot Juliett round 3
ChatterBot Foxtrot round 3
ChatterBot Charlie round 3
ChatterBot X-ray round 3
2024-10-14 21:14:42.034015 Yankee: We should add Whiskey
ChatterBot Golf reevaluating
ChatterBot Victor reevaluating
ChatterBot Juliett reevaluating
2024-10-14 21:14:42.046960 Lima: Yes
2024-10-14 21:14:42.047098 Golf: Yes
2024-10-14 21:14:42.047207 Victor: Yes
2024-10-14 21:14:42.047331 Juliett: Yes
ChatterBot Golf reevaluating
ChatterBot Victor reevaluating
ChatterBot Juliett reevaluating
ChatterBot Lima reevaluating
ChatterBot Victor reevaluating
ChatterBot Juliett reevaluating
ChatterBot Lima reevaluating
ChatterBot Golf reevaluating
ChatterBot Juliett reevaluating
ChatterBot Lima reevaluating
ChatterBot Golf reevaluating
ChatterBot Victor reevaluating
2024-10-14 21:14:42.121272 Yankee: Whiskey we want you to join our group
2024-10-14 21:14:42.124484 Whiskey: Yes
ChatterBot Lima reevaluating
ChatterBot Golf reevaluating
ChatterBot Victor reevaluating
ChatterBot Juliett reevaluating
2024-10-14 21:14:42.140794 Whiskey: We should drop X-ray
ChatterBot Lima reevaluating
2024-10-14 21:14:42.153438 Lima: Yes
2024-10-14 21:14:42.153598 Golf: Yes
2024-10-14 21:14:42.154142 Yankee: Yes
2024-10-14 21:14:42.154312 Victor: Yes
2024-10-14 21:14:42.154431 Juliett: Yes
ChatterBot Lima reevaluating
ChatterBot Lima reevaluating
ChatterBot Lima reevaluating
ChatterBot Lima reevaluating
2024-10-14 21:14:42.236998 Foxtrot: Lima, Yankee and Whiskey, sending you 2
2024-10-14 21:14:42.237994 Victor: Sending you each 3
2024-10-14 21:14:42.244089 Echo: Lima, Golf, Victor, Whiskey, Juliett, Foxtrot and Charlie, sending you 2
2024-10-14 21:14:42.245879 Whiskey: Lima, sending you 3
2024-10-14 21:14:42.246846 Golf: Lima, Victor, Juliett and Foxtrot, sending you 3
2024-10-14 21:14:42.247551 Lima: Golf, Victor and Juliett, sending you 3
2024-10-14 21:14:42.248748 Yankee: Sending you each 4
2024-10-14 21:14:42.249620 Foxtrot: Golf, sending you 3
2024-10-14 21:14:42.250271 Charlie: Lima and Juliett, sending you 2
2024-10-14 21:14:42.251428 Echo: X-ray, sending you 3
2024-10-14 21:14:42.252067 Whiskey: Golf, Yankee and Juliett, sending you 4
2024-10-14 21:14:42.253040 Golf: Yankee, sending you 4
2024-10-14 21:14:42.253590 Foxtrot: Victor, sending you 4
2024-10-14 21:14:42.254572 Lima: Yankee, sending you 4
2024-10-14 21:14:42.255585 Juliett: Lima, Golf, Yankee, Whiskey and Foxtrot, sending you 3
2024-10-14 21:14:42.256204 Charlie: Golf and Victor, sending you 1
2024-10-14 21:14:42.260491 Whiskey: Victor, sending you 5
2024-10-14 21:14:42.261349 Golf: Whiskey, sending you 2
2024-10-14 21:14:42.261850 Foxtrot: Juliett, sending you 5
2024-10-14 21:14:42.262734 Juliett: Victor, sending you 2
2024-10-14 21:14:42.263199 Lima: Whiskey, sending you 2
2024-10-14 21:14:42.264126 Charlie: Echo, sending you 6
2024-10-14 21:14:42.267760 Lima: Foxtrot, sending you 1
chatterbot Foxtrot submitting transactions
chatterbot Golf submitting transactions
chatterbot Juliett submitting transactions
chatterbot Yankee submitting transactions
chatterbot Whiskey submitting transactions
chatterbot Victor submitting transactions
chatterbot Echo submitting transactions
chatterbot Charlie submitting transactions
chatterbot X-ray submitting transactions
chatterbot Lima submitting transactions
ChatterBot Lima round 4
ChatterBot Golf round 4
ChatterBot Echo round 4
ChatterBot Yankee round 4
ChatterBot Victor round 4
ChatterBot Whiskey round 4
ChatterBot Juliett round 4
ChatterBot Foxtrot round 4
ChatterBot Charlie round 4
ChatterBot X-ray round 4
2024-10-14 21:14:44.273848 Lima: Golf, Yankee, Victor and Juliett, sending you 3
2024-10-14 21:14:44.274825 Whiskey: Sending you each 4
2024-10-14 21:14:44.276097 Golf: Lima, Victor, Whiskey and Juliett, sending you 3
2024-10-14 21:14:44.277595 Yankee: Same as last round
2024-10-14 21:14:44.278493 Echo: Lima, Golf, Victor, Juliett and Foxtrot, sending you 2
2024-10-14 21:14:44.280960 Victor: Same as last round
2024-10-14 21:14:44.282531 Lima: Whiskey and Foxtrot, sending you 2
2024-10-14 21:14:44.283516 Golf: Yankee, sending you 4
2024-10-14 21:14:44.284949 Echo: Whiskey, sending you 1
2024-10-14 21:14:44.286532 Charlie: Lima, sending you 2
2024-10-14 21:14:44.288118 Foxtrot: Lima, Yankee and Whiskey, sending you 2
2024-10-14 21:14:44.289637 Juliett: Lima, Golf, Yankee, Whiskey and Foxtrot, sending you 3
2024-10-14 21:14:44.291176 Golf: Foxtrot, sending you 2
2024-10-14 21:14:44.292039 Echo: Charlie and X-ray, sending you 3
2024-10-14 21:14:44.293403 Charlie: Golf, Victor, Juliett and X-ray, sending you 1
2024-10-14 21:14:44.294860 Foxtrot: Golf, Victor and Juliett, sending you 4
2024-10-14 21:14:44.296672 Juliett: Victor, sending you 2
2024-10-14 21:14:44.298075 Charlie: Echo, sending you 6
chatterbot Lima submitting transactions
chatterbot Charlie submitting transactions
chatterbot Whiskey submitting transactions
chatterbot Victor submitting transactions
chatterbot Juliett submitting transactions
chatterbot Foxtrot submitting transactions
chatterbot X-ray submitting transactions
chatterbot Yankee submitting transactions
chatterbot Golf submitting transactions
chatterbot Echo submitting transactions
ChatterBot Lima round 5
ChatterBot Golf round 5
ChatterBot Echo round 5
ChatterBot Yankee round 5
ChatterBot Victor round 5
ChatterBot Whiskey round 5
ChatterBot Juliett round 5
ChatterBot Foxtrot round 5
ChatterBot Charlie round 5
ChatterBot X-ray round 5
2024-10-14 21:14:45.408426 Whiskey: We should add Foxtrot
2024-10-14 21:14:45.419241 Lima: Yes
2024-10-14 21:14:45.419438 Golf: Yes
2024-10-14 21:14:45.420089 Yankee: No
2024-10-14 21:14:45.420216 Victor: Yes
2024-10-14 21:14:45.420333 Juliett: Yes
ChatterBot Whiskey reevaluating
ChatterBot Whiskey reevaluating
ChatterBot Whiskey reevaluating
ChatterBot Whiskey reevaluating
ChatterBot Whiskey reevaluating
ChatterBot Yankee reevaluating
2024-10-14 21:14:45.494512 Yankee: We should replace Lima with Foxtrot
ChatterBot Whiskey reevaluating
2024-10-14 21:14:45.504751 Golf: No
2024-10-14 21:14:45.504916 Victor: No
2024-10-14 21:14:45.505056 Whiskey: No
2024-10-14 21:14:45.505158 Juliett: No
ChatterBot Yankee reevaluating
ChatterBot Whiskey reevaluating
ChatterBot Yankee reevaluating
ChatterBot Whiskey reevaluating
ChatterBot Yankee reevaluating
ChatterBot Yankee reevaluating
ChatterBot Whiskey reevaluating
2024-10-14 21:14:45.563078 Yankee: We should replace Juliett with Foxtrot
ChatterBot Whiskey reevaluating
2024-10-14 21:14:45.571549 Lima: No
2024-10-14 21:14:45.571687 Golf: No
2024-10-14 21:14:45.571827 Victor: No
2024-10-14 21:14:45.571930 Whiskey: No
ChatterBot Yankee reevaluating
ChatterBot Whiskey reevaluating
ChatterBot Yankee reevaluating
ChatterBot Whiskey reevaluating
ChatterBot Yankee reevaluating
ChatterBot Whiskey reevaluating
ChatterBot Yankee reevaluating
2024-10-14 21:14:45.622685 Golf: Sending you each 3
2024-10-14 21:14:45.623684 Echo: Charlie, sending you 8
2024-10-14 21:14:45.624789 Yankee: Foxtrot we want you to join our group
2024-10-14 21:14:45.627875 Foxtrot: Yes
ChatterBot Yankee reevaluating
2024-10-14 21:14:45.644922 Victor: Same as last round
2024-10-14 21:14:45.645458 Whiskey: Foxtrot we want you to join our group
2024-10-14 21:14:45.648535 Foxtrot: Yes
ChatterBot Yankee reevaluating
2024-10-14 21:14:45.662715 Lima: Golf, Yankee, Victor, Whiskey and Juliett, sending you 3
2024-10-14 21:14:45.663259 Echo: X-ray, sending you 9
2024-10-14 21:14:45.665672 Juliett: Lima, Golf, Yankee, Whiskey and Foxtrot, sending you 3
2024-10-14 21:14:45.666437 Charlie: Lima, sending you 2
2024-10-14 21:14:45.667103 Lima: Foxtrot, sending you 1
2024-10-14 21:14:45.668233 Foxtrot: Lima and Golf, sending you 3
2024-10-14 21:14:45.669679 Juliett: Victor, sending you 2
2024-10-14 21:14:45.670698 Charlie: Golf, Juliett and X-ray, sending you 1
2024-10-14 21:14:45.671793 Foxtrot: Yankee and Whiskey, sending you 2
2024-10-14 21:14:45.674772 Charlie: Echo, sending you 7
2024-10-14 21:14:45.676168 Foxtrot: Victor and Juliett, sending you 4
2024-10-14 21:14:45.680668 Whiskey: Lima and Golf, sending you 3
2024-10-14 21:14:45.684661 Whiskey: Yankee, Victor and Juliett, sending you 4
2024-10-14 21:14:45.687651 Whiskey: Foxtrot, sending you 2
2024-10-14 21:14:45.700054 Yankee: Lima, Victor and Whiskey, sending you 4
2024-10-14 21:14:45.704678 Yankee: Golf, sending you 5
2024-10-14 21:14:45.707677 Yankee: Foxtrot, sending you 3
chatterbot Lima submitting transactions
chatterbot Victor submitting transactions
chatterbot Charlie submitting transactions
chatterbot Foxtrot submitting transactions
chatterbot X-ray submitting transactions
chatterbot Golf submitting transactions
chatterbot Yankee submitting transactions
chatterbot Juliett submitting transactions
chatterbot Whiskey submitting transactions
chatterbot Echo submitting transactions
ChatterBot Lima round 6
ChatterBot Golf round 6
ChatterBot Echo round 6
ChatterBot Yankee round 6
ChatterBot Victor round 6
ChatterBot Whiskey round 6
ChatterBot Juliett round 6
ChatterBot Foxtrot round 6
ChatterBot Charlie round 6
ChatterBot X-ray round 6
2024-10-14 21:14:46.687391 Yankee: We should replace Lima with Juliett
2024-10-14 21:14:46.698665 Golf: No
2024-10-14 21:14:46.698855 Victor: No
2024-10-14 21:14:46.698988 Whiskey: No
2024-10-14 21:14:46.699116 Foxtrot: No
ChatterBot Yankee reevaluating
ChatterBot Yankee reevaluating
2024-10-14 21:14:46.768680 Lima: Golf, Yankee, Victor, Whiskey and Juliett, sending you 3
2024-10-14 21:14:46.769730 Golf: Same as last round
2024-10-14 21:14:46.771008 Juliett: Lima, Golf, Victor, Whiskey and Foxtrot, sending you 3
2024-10-14 21:14:46.771643 Victor: Same as last round
2024-10-14 21:14:46.772465 Echo: Charlie, sending you 8
2024-10-14 21:14:46.773320 Yankee: Lima, Victor and Whiskey, sending you 4
2024-10-14 21:14:46.774050 Foxtrot: Lima, Yankee and Whiskey, sending you 2
2024-10-14 21:14:46.774891 Lima: Foxtrot, sending you 1
2024-10-14 21:14:46.776350 Juliett: Yankee, sending you 2
2024-10-14 21:14:46.777094 Charlie: Lima, Golf, Juliett and X-ray, sending you 1
2024-10-14 21:14:46.778335 Echo: X-ray, sending you 9
2024-10-14 21:14:46.778705 Whiskey: Lima, Golf, Juliett and Foxtrot, sending you 3
2024-10-14 21:14:46.779424 Yankee: Golf, sending you 5
2024-10-14 21:14:46.780424 Foxtrot: Golf, sending you 3
2024-10-14 21:14:46.781707 Whiskey: Yankee and Victor, sending you 4
2024-10-14 21:14:46.783038 Charlie: Echo, sending you 8
2024-10-14 21:14:46.783860 Foxtrot: Victor, sending you 4
2024-10-14 21:14:46.785030 Yankee: Foxtrot, sending you 3
2024-10-14 21:14:46.787672 Foxtrot: Juliett, sending you 5
chatterbot Victor submitting transactions
chatterbot Golf submitting transactions
chatterbot Echo submitting transactions
chatterbot Juliett submitting transactions
chatterbot X-ray submitting transactions
chatterbot Yankee submitting transactions
chatterbot Whiskey submitting transactions
chatterbot Foxtrot submitting transactions
chatterbot Lima submitting transactions
chatterbot Charlie submitting transactions
ChatterBot Lima round 7
ChatterBot Golf round 7
ChatterBot Echo round 7
ChatterBot Yankee round 7
ChatterBot Victor round 7
ChatterBot Whiskey round 7
ChatterBot Juliett round 7
ChatterBot Foxtrot round 7
ChatterBot Charlie round 7
ChatterBot X-ray round 7
2024-10-14 21:14:48.017314 Yankee: We should replace Lima with Juliett
2024-10-14 21:14:48.035437 Golf: No
2024-10-14 21:14:48.035743 Victor: No
2024-10-14 21:14:48.035986 Whiskey: No
2024-10-14 21:14:48.036990 Foxtrot: No
ChatterBot Yankee reevaluating
ChatterBot Yankee reevaluating
ChatterBot Yankee reevaluating
ChatterBot Yankee reevaluating
2024-10-14 21:14:48.113700 Victor: Same as last round
2024-10-14 21:14:48.122297 Echo: Charlie, sending you 8
2024-10-14 21:14:48.124693 Lima: Golf, Yankee, Victor, Whiskey and Juliett, sending you 3
2024-10-14 21:14:48.127074 Whiskey: Lima, Golf, Victor, Juliett and Foxtrot, sending you 2
2024-10-14 21:14:48.129151 Echo: X-ray, sending you 9
2024-10-14 21:14:48.129859 Charlie: Lima and Juliett, sending you 1
2024-10-14 21:14:48.131454 Lima: Foxtrot, sending you 1
2024-10-14 21:14:48.132779 Yankee: Lima, Victor and Whiskey, sending you 4
2024-10-14 21:14:48.146521 Whiskey: Yankee, sending you 3
2024-10-14 21:14:48.151286 Juliett: Lima, Golf, Victor, Whiskey and Foxtrot, sending you 3
2024-10-14 21:14:48.154029 Foxtrot: Lima and Whiskey, sending you 2
2024-10-14 21:14:48.158129 Golf: Lima, Victor, Whiskey and Juliett, sending you 3
2024-10-14 21:14:48.160769 Charlie: Echo, sending you 8
2024-10-14 21:14:48.162305 Yankee: Golf, sending you 5
2024-10-14 21:14:48.164470 Juliett: Yankee, sending you 2
2024-10-14 21:14:48.167598 Foxtrot: Golf and Yankee, sending you 3
2024-10-14 21:14:48.171369 Golf: Yankee, sending you 4
2024-10-14 21:14:48.174496 Charlie: X-ray, sending you 2
2024-10-14 21:14:48.177224 Yankee: Foxtrot, sending you 3
2024-10-14 21:14:48.178362 Foxtrot: Victor and Juliett, sending you 4
2024-10-14 21:14:48.180256 Golf: Foxtrot, sending you 2
chatterbot Juliett submitting transactions
chatterbot Lima submitting transactions
chatterbot X-ray submitting transactions
chatterbot Yankee submitting transactions
chatterbot Victor submitting transactions
chatterbot Echo submitting transactions
chatterbot Charlie submitting transactions
chatterbot Foxtrot submitting transactions
chatterbot Whiskey submitting transactions
chatterbot Golf submitting transactions
ChatterBot Lima round 8
ChatterBot Golf round 8
ChatterBot Echo round 8
ChatterBot Yankee round 8
ChatterBot Victor round 8
ChatterBot Whiskey round 8
ChatterBot Juliett round 8
ChatterBot Foxtrot round 8
ChatterBot Charlie round 8
ChatterBot X-ray round 8
2024-10-14 21:14:49.236490 Yankee: We should replace Victor with Juliett
2024-10-14 21:14:49.248106 Lima: No
2024-10-14 21:14:49.248248 Golf: No
2024-10-14 21:14:49.248355 Whiskey: No
2024-10-14 21:14:49.248450 Foxtrot: No
ChatterBot Yankee reevaluating
ChatterBot Yankee reevaluating
ChatterBot Whiskey reevaluating
ChatterBot Yankee reevaluating
ChatterBot Yankee reevaluating
ChatterBot Whiskey reevaluating
2024-10-14 21:14:49.319650 Yankee: We should replace Lima with Juliett
ChatterBot Victor reevaluating
ChatterBot Whiskey reevaluating
2024-10-14 21:14:49.331425 Golf: No
2024-10-14 21:14:49.331565 Victor: Yes
2024-10-14 21:14:49.331688 Whiskey: No
2024-10-14 21:14:49.331795 Foxtrot: No
ChatterBot Yankee reevaluating
ChatterBot Victor reevaluating
ChatterBot Whiskey reevaluating
ChatterBot Yankee reevaluating
ChatterBot Whiskey reevaluating
ChatterBot Yankee reevaluating
ChatterBot Victor reevaluating
ChatterBot Yankee reevaluating
ChatterBot Victor reevaluating
ChatterBot Whiskey reevaluating
2024-10-14 21:14:49.375153 Echo: I was attacked by Whiskey
ChatterBot Charlie reevaluating
ChatterBot X-ray reevaluating
2024-10-14 21:14:49.382204 Echo: I'm keeping this round to protect myself
2024-10-14 21:14:49.383098 Echo: Ow
2024-10-14 21:14:49.383497 Juliett: Lima, Golf, Victor, Whiskey and Foxtrot, sending you 3
2024-10-14 21:14:49.384256 Lima: Golf, Yankee, Victor and Juliett, sending you 3
2024-10-14 21:14:49.384927 Yankee: Juliett we want you to join our group
2024-10-14 21:14:49.388436 Juliett: Yes
ChatterBot Yankee reevaluating
2024-10-14 21:14:49.402516 Golf: Lima, Victor, Whiskey and Juliett, sending you 3
2024-10-14 21:14:49.403180 Foxtrot: Lima, sending you 1
2024-10-14 21:14:49.403747 Juliett: Yankee, sending you 2
2024-10-14 21:14:49.404382 Lima: Whiskey and Foxtrot, sending you 2
2024-10-14 21:14:49.407654 Golf: Yankee, sending you 4
2024-10-14 21:14:49.408191 Foxtrot: Golf, Yankee and Whiskey, sending you 3
2024-10-14 21:14:49.410679 Golf: Foxtrot, sending you 2
2024-10-14 21:14:49.413676 Foxtrot: Victor and Juliett, sending you 4
2024-10-14 21:14:49.415984 Whiskey: Lima, Golf, Victor, Juliett and Foxtrot, sending you 2
2024-10-14 21:14:49.422658 Victor: Same as last round
2024-10-14 21:14:49.427814 Charlie: Echo, sending you 8
2024-10-14 21:14:49.433028 Charlie: X-ray, sending you 3
2024-10-14 21:14:49.437 Yankee: Golf, sending you 5
2024-10-14 21:14:49.440663 Yankee: Victor, Whiskey and Juliett, sending you 4
2024-10-14 21:14:49.445666 Yankee: Foxtrot, sending you 3
chatterbot X-ray submitting transactions
chatterbot Echo submitting transactions
chatterbot Foxtrot submitting transactions
chatterbot Lima submitting transactions
chatterbot Victor submitting transactions
chatterbot Golf submitting transactions
chatterbot Juliett submitting transactions
chatterbot Yankee submitting transactions
chatterbot Whiskey submitting transactions
chatterbot Charlie submitting transactions
ChatterBot Lima round 9
ChatterBot Golf round 9
ChatterBot Echo round 9
ChatterBot Yankee round 9
ChatterBot Victor round 9
ChatterBot Whiskey round 9
ChatterBot Juliett round 9
ChatterBot Foxtrot round 9
2024-10-14 21:14:50.644808 Yankee: We should replace Whiskey with Lima
2024-10-14 21:14:50.655378 Golf: No
2024-10-14 21:14:50.655515 Victor: No
2024-10-14 21:14:50.655630 Juliett: No
2024-10-14 21:14:50.655737 Foxtrot: No
ChatterBot Charlie round 9
ChatterBot X-ray round 9
2024-10-14 21:14:50.706174 Yankee: Lima we want you to join our group
2024-10-14 21:14:50.708548 Lima: Yes
2024-10-14 21:14:50.733666 Juliett: Lima, Golf, Victor, Whiskey and Foxtrot, sending you 3
2024-10-14 21:14:50.734967 Echo: Charlie, sending you 8
2024-10-14 21:14:50.735656 Foxtrot: Lima, sending you 2
2024-10-14 21:14:50.737667 Juliett: Yankee, sending you 2
2024-10-14 21:14:50.738623 Victor: Same as last round
2024-10-14 21:14:50.739799 Echo: X-ray, sending you 9
2024-10-14 21:14:50.740149 Whiskey: Lima, Golf, Victor, Juliett and Foxtrot, sending you 3
2024-10-14 21:14:50.741391 Foxtrot: Golf, Yankee, Whiskey and Juliett, sending you 3
2024-10-14 21:14:50.742610 Yankee: I was attacked by Whiskey
ChatterBot Lima reevaluating
ChatterBot Golf reevaluating
ChatterBot Victor reevaluating
ChatterBot Juliett reevaluating
ChatterBot Foxtrot reevaluating
2024-10-14 21:14:50.761204 Yankee: I'm keeping this round to protect myself
2024-10-14 21:14:50.762624 Yankee: Ow
2024-10-14 21:14:50.763084 Whiskey: Yankee, sending you 5
2024-10-14 21:14:50.766691 Charlie: Lima, sending you 1
2024-10-14 21:14:50.767867 Victor: We should drop Whiskey
ChatterBot Lima reevaluating
ChatterBot Golf reevaluating
ChatterBot Juliett reevaluating
ChatterBot Foxtrot reevaluating
2024-10-14 21:14:50.782663 Yankee: Yes
2024-10-14 21:14:50.782822 Lima: No
2024-10-14 21:14:50.782941 Golf: No
2024-10-14 21:14:50.783054 Juliett: No
2024-10-14 21:14:50.783163 Foxtrot: No
ChatterBot Lima reevaluating
ChatterBot Golf reevaluating
ChatterBot Victor reevaluating
ChatterBot Juliett reevaluating
ChatterBot Foxtrot reevaluating
ChatterBot Golf reevaluating
ChatterBot Victor reevaluating
ChatterBot Juliett reevaluating
ChatterBot Foxtrot reevaluating
ChatterBot Lima reevaluating
ChatterBot Victor reevaluating
ChatterBot Juliett reevaluating
ChatterBot Foxtrot reevaluating
ChatterBot Lima reevaluating
ChatterBot Golf reevaluating
ChatterBot Victor reevaluating
ChatterBot Foxtrot reevaluating
ChatterBot Lima reevaluating
ChatterBot Golf reevaluating
ChatterBot Victor reevaluating
ChatterBot Juliett reevaluating
2024-10-14 21:14:50.851682 Charlie: Echo, sending you 8
2024-10-14 21:14:50.856680 Charlie: X-ray, sending you 3
2024-10-14 21:14:50.883783 Victor: Sorry, I'm actually sending you 0
2024-10-14 21:14:50.888163 Victor: Lima, Golf, Yankee and Foxtrot, sending you 4
2024-10-14 21:14:50.893688 Victor: Juliett, sending you 2
chatterbot Yankee submitting transactions
chatterbot Lima submitting transactions
chatterbot Echo submitting transactions
chatterbot Whiskey submitting transactions
chatterbot Foxtrot submitting transactions
chatterbot Victor submitting transactions
chatterbot Juliett submitting transactions
chatterbot Golf submitting transactions
chatterbot X-ray submitting transactions
chatterbot Charlie submitting transactions
ChatterBot Lima round 10
ChatterBot Golf round 10
ChatterBot Echo round 10
ChatterBot Yankee round 10
ChatterBot Victor round 10
ChatterBot Whiskey round 10
ChatterBot Juliett round 10
ChatterBot Foxtrot round 10
ChatterBot Charlie round 10
ChatterBot X-ray round 10
2024-10-14 21:14:51.836236 Yankee: We should replace Victor with Whiskey
2024-10-14 21:14:51.850192 Lima: No
2024-10-14 21:14:51.850381 Golf: No
2024-10-14 21:14:51.850513 Juliett: No
2024-10-14 21:14:51.850655 Foxtrot: No
ChatterBot Lima reevaluating
2024-10-14 21:14:51.904675 Victor: We should add Whiskey
ChatterBot Yankee reevaluating
ChatterBot Lima reevaluating
2024-10-14 21:14:51.921716 Yankee: Yes
2024-10-14 21:14:51.921880 Lima: Yes
2024-10-14 21:14:51.921983 Golf: Yes
2024-10-14 21:14:51.922075 Juliett: Yes
2024-10-14 21:14:51.922171 Foxtrot: Yes
ChatterBot Lima reevaluating
ChatterBot Yankee reevaluating
ChatterBot Yankee reevaluating
ChatterBot Lima reevaluating
ChatterBot Yankee reevaluating
ChatterBot Lima reevaluating
ChatterBot Yankee reevaluating
ChatterBot Lima reevaluating
2024-10-14 21:14:52.014683 Yankee: We should replace Golf with Whiskey
ChatterBot Lima reevaluating
2024-10-14 21:14:52.026339 Lima: No
2024-10-14 21:14:52.026500 Victor: No
2024-10-14 21:14:52.026636 Juliett: No
2024-10-14 21:14:52.026771 Foxtrot: No
ChatterBot Yankee reevaluating
ChatterBot Yankee reevaluating
ChatterBot Lima reevaluating
ChatterBot Yankee reevaluating
ChatterBot Lima reevaluating
ChatterBot Yankee reevaluating
ChatterBot Lima reevaluating
2024-10-14 21:14:52.084032 Victor: Whiskey we want you to join our group
2024-10-14 21:14:52.090360 Whiskey: Yes
ChatterBot Lima reevaluating
ChatterBot Yankee reevaluating
2024-10-14 21:14:52.120666 Whiskey: Lima, Golf, Yankee, Victor and Foxtrot, sending you 2
2024-10-14 21:14:52.122827 Yankee: Whiskey we want you to join our group
ChatterBot Whiskey reevaluating
2024-10-14 21:14:52.127481 Whiskey: No
ChatterBot Yankee reevaluating
2024-10-14 21:14:52.142663 Juliett: Lima, Golf, Victor, Whiskey and Foxtrot, sending you 3
2024-10-14 21:14:52.144115 Echo: Charlie, sending you 9
2024-10-14 21:14:52.147630 Whiskey: We should drop Yankee
ChatterBot Victor reevaluating
ChatterBot Juliett reevaluating
2024-10-14 21:14:52.163948 Lima: No
2024-10-14 21:14:52.164150 Golf: No
2024-10-14 21:14:52.164311 Victor: Yes
2024-10-14 21:14:52.164449 Juliett: Yes
2024-10-14 21:14:52.165103 Foxtrot: No
ChatterBot Whiskey reevaluating
ChatterBot Victor reevaluating
ChatterBot Juliett reevaluating
ChatterBot Whiskey reevaluating
ChatterBot Lima reevaluating
ChatterBot Victor reevaluating
ChatterBot Juliett reevaluating
ChatterBot Whiskey reevaluating
ChatterBot Lima reevaluating
ChatterBot Juliett reevaluating
ChatterBot Whiskey reevaluating
ChatterBot Lima reevaluating
ChatterBot Victor reevaluating
ChatterBot Whiskey reevaluating
ChatterBot Lima reevaluating
ChatterBot Victor reevaluating
ChatterBot Juliett reevaluating
2024-10-14 21:14:52.233593 Echo: X-ray, sending you 8
2024-10-14 21:14:52.234056 Foxtrot: Lima and Yankee, sending you 2
2024-10-14 21:14:52.235807 Charlie: Echo, sending you 9
2024-10-14 21:14:52.238712 Foxtrot: Golf and Whiskey, sending you 3
2024-10-14 21:14:52.240085 Charlie: X-ray, sending you 3
2024-10-14 21:14:52.243685 Foxtrot: Victor and Juliett, sending you 4
2024-10-14 21:14:52.253694 Whiskey: Sorry, I'm actually sending you 0
2024-10-14 21:14:52.258678 Whiskey: Lima, Golf, Victor and Juliett, sending you 3
2024-10-14 21:14:52.259716 Yankee: Lima, Whiskey and Juliett, sending you 4
2024-10-14 21:14:52.262784 Victor: Sorry, I'm actually sending you 0
2024-10-14 21:14:52.263504 Whiskey: Foxtrot, sending you 1
2024-10-14 21:14:52.264731 Yankee: Golf, sending you 5
2024-10-14 21:14:52.267152 Juliett: Sorry, I'm actually sending you 0
2024-10-14 21:14:52.267688 Victor: Lima, Golf, Whiskey and Foxtrot, sending you 4
2024-10-14 21:14:52.268686 Yankee: Foxtrot, sending you 3
2024-10-14 21:14:52.270672 Juliett: Lima and Golf, sending you 4
2024-10-14 21:14:52.272710 Victor: Juliett, sending you 2
chatterbot Juliett submitting transactions
chatterbot X-ray submitting transactions
chatterbot Golf submitting transactions
chatterbot Foxtrot submitting transactions
chatterbot Whiskey submitting transactions
chatterbot Whiskey submitting transactions
chatterbot Yankee submitting transactions
chatterbot Charlie submitting transactions
chatterbot Echo submitting transactions
chatterbot Lima submitting transactions
chatterbot Juliett submitting transactions
chatterbot Victor submitting transactions
ChatterBot Lima round 11
ChatterBot Golf round 11
ChatterBot Echo round 11
ChatterBot Yankee round 11
ChatterBot Victor round 11
