ChatterBot Yankee round 1
ChatterBot Delta round 1
ChatterBot Mike round 1
ChatterBot Papa round 1
ChatterBot India round 1
ChatterBot Zulu round 1
ChatterBot X-ray round 1
ChatterBot Bravo round 1
ChatterBot Juliett round 1
ChatterBot Lima round 1
randomSelections Delta: {Delta, India, Lima, Yankee, Bravo, Papa} 
2024-10-14 22:41:11.124191 Delta: Friends?
ChatterBot India reevaluating
ChatterBot Lima reevaluating
ChatterBot Yankee reevaluating
ChatterBot Bravo reevaluating
ChatterBot Papa reevaluating
2024-10-14 22:41:11.135674 India: Yes
2024-10-14 22:41:11.137043 Lima: Yes
2024-10-14 22:41:11.137149 Yankee: Yes
2024-10-14 22:41:11.137254 Bravo: Yes
2024-10-14 22:41:11.137367 Papa: Yes
ChatterBot Lima reevaluating
ChatterBot Yankee reevaluating
ChatterBot Bravo reevaluating
ChatterBot Papa reevaluating
ChatterBot India reevaluating
ChatterBot Yankee reevaluating
ChatterBot Bravo reevaluating
ChatterBot Papa reevaluating
ChatterBot India reevaluating
ChatterBot Lima reevaluating
ChatterBot Bravo reevaluating
ChatterBot Papa reevaluating
ChatterBot India reevaluating
ChatterBot Lima reevaluating
ChatterBot Yankee reevaluating
ChatterBot Papa reevaluating
ChatterBot India reevaluating
ChatterBot Lima reevaluating
ChatterBot Yankee reevaluating
ChatterBot Bravo reevaluating
randomSelections Zulu: {Zulu, India, X-ray, Yankee, Lima, Bravo, Papa} 
2024-10-14 22:41:11.179718 Zulu: Friends?
ChatterBot India reevaluating
ChatterBot X-ray reevaluating
ChatterBot Yankee reevaluating
ChatterBot Lima reevaluating
ChatterBot Bravo reevaluating
ChatterBot Papa reevaluating
2024-10-14 22:41:11.187547 India: No
2024-10-14 22:41:11.187690 X-ray: Yes
2024-10-14 22:41:11.187806 Yankee: No
2024-10-14 22:41:11.187893 Lima: No
2024-10-14 22:41:11.187974 Bravo: No
2024-10-14 22:41:11.188056 Papa: No
ChatterBot X-ray reevaluating
ChatterBot Yankee reevaluating
ChatterBot Lima reevaluating
ChatterBot Bravo reevaluating
ChatterBot Papa reevaluating
ChatterBot India reevaluating
ChatterBot Yankee reevaluating
ChatterBot Lima reevaluating
ChatterBot Bravo reevaluating
ChatterBot Papa reevaluating
ChatterBot India reevaluating
ChatterBot X-ray reevaluating
ChatterBot Lima reevaluating
ChatterBot Bravo reevaluating
ChatterBot Papa reevaluating
ChatterBot India reevaluating
ChatterBot X-ray reevaluating
ChatterBot Yankee reevaluating
ChatterBot Bravo reevaluating
ChatterBot Papa reevaluating
ChatterBot India reevaluating
ChatterBot X-ray reevaluating
ChatterBot Yankee reevaluating
ChatterBot Lima reevaluating
ChatterBot Papa reevaluating
ChatterBot India reevaluating
ChatterBot X-ray reevaluating
ChatterBot Yankee reevaluating
ChatterBot Lima reevaluating
ChatterBot Bravo reevaluating
randomSelections Mike: {Mike, Yankee, X-ray, Lima, India, Juliett} 
2024-10-14 22:41:11.339308 Mike: We would work well together
ChatterBot Yankee reevaluating
ChatterBot X-ray reevaluating
ChatterBot Lima reevaluating
ChatterBot India reevaluating
ChatterBot Juliett reevaluating
2024-10-14 22:41:11.368919 Yankee: No
2024-10-14 22:41:11.370076 X-ray: No
2024-10-14 22:41:11.370501 Lima: No
2024-10-14 22:41:11.370835 India: No
2024-10-14 22:41:11.371949 Juliett: Yes
ChatterBot X-ray reevaluating
ChatterBot Lima reevaluating
ChatterBot India reevaluating
ChatterBot Juliett reevaluating
ChatterBot Yankee reevaluating
ChatterBot Lima reevaluating
ChatterBot India reevaluating
ChatterBot Juliett reevaluating
ChatterBot Yankee reevaluating
ChatterBot X-ray reevaluating
ChatterBot India reevaluating
ChatterBot Juliett reevaluating
ChatterBot Yankee reevaluating
ChatterBot X-ray reevaluating
ChatterBot Lima reevaluating
ChatterBot Juliett reevaluating
ChatterBot Yankee reevaluating
ChatterBot X-ray reevaluating
ChatterBot Lima reevaluating
ChatterBot India reevaluating
2024-10-14 22:41:11.460561 Mike: Yankee and Lima, sending you 4
2024-10-14 22:41:11.461414 Zulu: Yankee and India, sending you 2
2024-10-14 22:41:11.462842 Delta: Yankee and Papa, sending you 3
2024-10-14 22:41:11.463397 Papa: Yankee, sending you 3
2024-10-14 22:41:11.464659 Mike: India, sending you 1
2024-10-14 22:41:11.466663 Zulu: Papa, sending you 3
2024-10-14 22:41:11.468361 Delta: India, sending you 2
2024-10-14 22:41:11.469211 Papa: Delta, sending you 2
2024-10-14 22:41:11.470607 Mike: X-ray, sending you 3
2024-10-14 22:41:11.471725 Zulu: X-ray, sending you 6
2024-10-14 22:41:11.473768 Delta: Bravo, sending you 4
2024-10-14 22:41:11.475400 Papa: India, sending you 4
2024-10-14 22:41:11.475955 Mike: Juliett, sending you 2
2024-10-14 22:41:11.477479 Lima: Yankee, sending you 3
2024-10-14 22:41:11.478574 X-ray: Yankee and Lima, sending you 4
2024-10-14 22:41:11.480371 Zulu: Bravo and Lima, sending you 1
2024-10-14 22:41:11.482081 Delta: Lima, sending you 1
2024-10-14 22:41:11.483864 Juliett: Yankee, sending you 3
2024-10-14 22:41:11.484851 Papa: Bravo, sending you 5
2024-10-14 22:41:11.486524 Yankee: Delta, sending you 5
2024-10-14 22:41:11.488170 Lima: Delta and Papa, sending you 2
2024-10-14 22:41:11.489069 India: Yankee, sending you 5
2024-10-14 22:41:11.490817 X-ray: Papa, sending you 2
2024-10-14 22:41:11.492691 Juliett: Mike, X-ray and Lima, sending you 2
2024-10-14 22:41:11.494434 Papa: Lima, sending you 1
2024-10-14 22:41:11.495108 Yankee: Papa and India, sending you 1
2024-10-14 22:41:11.496875 Lima: India, sending you 4
2024-10-14 22:41:11.498157 X-ray: India, Zulu and Bravo, sending you 3
2024-10-14 22:41:11.499684 India: Delta, Papa, Bravo and Lima, sending you 2
2024-10-14 22:41:11.501794 Juliett: India, sending you 6
2024-10-14 22:41:11.502497 Yankee: Bravo, sending you 4
2024-10-14 22:41:11.503851 Lima: Bravo, sending you 1
2024-10-14 22:41:11.508689 Yankee: Lima, sending you 2
chatterbot Mike submitting transactions
chatterbot Delta submitting transactions
chatterbot Zulu submitting transactions
chatterbot Juliett submitting transactions
chatterbot India submitting transactions
chatterbot Lima submitting transactions
chatterbot Bravo submitting transactions
chatterbot Yankee submitting transactions
chatterbot Papa submitting transactions
chatterbot X-ray submitting transactions
ChatterBot Yankee round 2
ChatterBot Delta round 2
ChatterBot Mike round 2
ChatterBot Papa round 2
ChatterBot India round 2
ChatterBot Zulu round 2
2024-10-14 22:41:12.662906 Papa: Group up?
ChatterBot Yankee reevaluating
ChatterBot Delta reevaluating
ChatterBot India reevaluating
ChatterBot Lima reevaluating
ChatterBot Zulu reevaluating
ChatterBot X-ray reevaluating
2024-10-14 22:41:12.733436 Yankee: Yes
2024-10-14 22:41:12.734179 Delta: No
2024-10-14 22:41:12.734344 India: Yes
2024-10-14 22:41:12.734495 Lima: No
2024-10-14 22:41:12.734660 Zulu: Yes
2024-10-14 22:41:12.734866 X-ray: No
ChatterBot Delta reevaluating
ChatterBot India reevaluating
ChatterBot Lima reevaluating
ChatterBot Zulu reevaluating
ChatterBot X-ray reevaluating
ChatterBot Yankee reevaluating
ChatterBot India reevaluating
ChatterBot Lima reevaluating
ChatterBot Zulu reevaluating
ChatterBot X-ray reevaluating
ChatterBot Yankee reevaluating
ChatterBot Delta reevaluating
ChatterBot Lima reevaluating
ChatterBot Zulu reevaluating
ChatterBot X-ray reevaluating
ChatterBot Yankee reevaluating
ChatterBot Delta reevaluating
ChatterBot India reevaluating
ChatterBot Zulu reevaluating
ChatterBot X-ray reevaluating
ChatterBot Yankee reevaluating
ChatterBot Delta reevaluating
ChatterBot India reevaluating
ChatterBot Lima reevaluating
ChatterBot X-ray reevaluating
ChatterBot Yankee reevaluating
ChatterBot Delta reevaluating
ChatterBot India reevaluating
ChatterBot Lima reevaluating
ChatterBot Zulu reevaluating
ChatterBot X-ray round 2
ChatterBot Bravo round 2
ChatterBot Juliett round 2
ChatterBot Lima round 2
2024-10-14 22:41:13.004865 Mike: Let's form a team
ChatterBot Juliett reevaluating
2024-10-14 22:41:13.009825 Juliett: Yes
2024-10-14 22:41:13.018744 Zulu: We should replace Bravo with Delta
ChatterBot X-ray reevaluating
ChatterBot Yankee reevaluating
ChatterBot India reevaluating
ChatterBot Lima reevaluating
2024-10-14 22:41:13.041123 X-ray: No
2024-10-14 22:41:13.041270 Yankee: Yes
2024-10-14 22:41:13.041794 Papa: Yes
2024-10-14 22:41:13.041905 India: Yes
2024-10-14 22:41:13.042006 Lima: Yes
ChatterBot Zulu reevaluating
ChatterBot Yankee reevaluating
ChatterBot India reevaluating
ChatterBot Lima reevaluating
ChatterBot Zulu reevaluating
ChatterBot X-ray reevaluating
ChatterBot India reevaluating
ChatterBot Lima reevaluating
ChatterBot Zulu reevaluating
ChatterBot X-ray reevaluating
ChatterBot Yankee reevaluating
ChatterBot India reevaluating
ChatterBot Lima reevaluating
ChatterBot Zulu reevaluating
ChatterBot X-ray reevaluating
ChatterBot Yankee reevaluating
ChatterBot Lima reevaluating
ChatterBot Zulu reevaluating
ChatterBot X-ray reevaluating
ChatterBot Yankee reevaluating
ChatterBot India reevaluating
2024-10-14 22:41:13.177830 Delta: We should drop Bravo
2024-10-14 22:41:13.196405 Yankee: Yes
2024-10-14 22:41:13.196623 Papa: Yes
2024-10-14 22:41:13.196729 India: Yes
2024-10-14 22:41:13.196819 Lima: Yes
2024-10-14 22:41:13.343954 Papa: Yankee, India, X-ray and Lima, sending you 2
2024-10-14 22:41:13.344426 Zulu: Delta we want you to join our group
2024-10-14 22:41:13.349627 Delta: No
2024-10-14 22:41:13.375677 Mike: Sending you 4
2024-10-14 22:41:13.376382 Papa: Delta, sending you 4
2024-10-14 22:41:13.968305 India: Yankee, sending you 1
2024-10-14 22:41:13.970083 X-ray: Mike, sending you 5
2024-10-14 22:41:13.971082 Bravo: Yankee, Delta and Papa, sending you 3
2024-10-14 22:41:13.971883 Yankee: Delta, Papa and Lima, sending you 3
2024-10-14 22:41:13.973002 Lima: Yankee, India and X-ray, sending you 3
2024-10-14 22:41:13.973681 Juliett: Sending you 15
2024-10-14 22:41:13.974915 Delta: Yankee and India, sending you 5
2024-10-14 22:41:13.975521 Papa: Zulu, sending you 3
chatterbot Mike submitting transactions
2024-10-14 22:41:13.977726 India: Delta and Zulu, sending you 2
2024-10-14 22:41:13.979003 X-ray: Zulu, sending you 10
2024-10-14 22:41:13.979444 Bravo: India, sending you 2
2024-10-14 22:41:13.980985 Yankee: India and X-ray, sending you 4
2024-10-14 22:41:13.981904 Lima: Delta and Papa, sending you 2
2024-10-14 22:41:13.983137 Delta: Papa and Lima, sending you 4
2024-10-14 22:41:13.983847 Zulu: Yankee, Delta, Papa, India and Lima, sending you 1
2024-10-14 22:41:13.985168 India: Papa, X-ray and Lima, sending you 4
2024-10-14 22:41:13.985901 X-ray: Juliett, sending you 4
2024-10-14 22:41:13.987086 Yankee: Zulu, sending you 1
2024-10-14 22:41:13.987753 Lima: Zulu, sending you 1
2024-10-14 22:41:13.989135 Zulu: X-ray, sending you 6
chatterbot India submitting transactions
chatterbot Papa submitting transactions
chatterbot Delta submitting transactions
chatterbot Juliett submitting transactions
chatterbot Bravo submitting transactions
chatterbot Lima submitting transactions
chatterbot X-ray submitting transactions
chatterbot Yankee submitting transactions
chatterbot Zulu submitting transactions
ChatterBot Yankee round 3
ChatterBot Delta round 3
ChatterBot Mike round 3
ChatterBot Papa round 3
ChatterBot India round 3
ChatterBot Zulu round 3
ChatterBot X-ray round 3
ChatterBot Bravo round 3
2024-10-14 22:41:15.369249 Delta: We should add Zulu and X-ray
2024-10-14 22:41:15.394837 Yankee: Yes
2024-10-14 22:41:15.395147 Papa: Yes
2024-10-14 22:41:15.395379 India: Yes
2024-10-14 22:41:15.396100 Lima: Yes
2024-10-14 22:41:15.512435 Mike: We should add X-ray
ChatterBot Juliett reevaluating
2024-10-14 22:41:15.520220 Juliett: Yes
ChatterBot Mike reevaluating
2024-10-14 22:41:15.527818 Juliett: We should add Zulu and X-ray
ChatterBot Mike reevaluating
2024-10-14 22:41:15.534787 Mike: Yes
ChatterBot Juliett reevaluating
ChatterBot Juliett round 3
ChatterBot Lima round 3
2024-10-14 22:41:15.581209 Delta: Zulu and X-ray we want you to join our group
2024-10-14 22:41:15.595181 Zulu: Yes
2024-10-14 22:41:15.595487 X-ray: Yes
2024-10-14 22:41:15.778198 Juliett: We should add Zulu and X-ray
ChatterBot Mike reevaluating
2024-10-14 22:41:15.786805 Mike: Yes
ChatterBot Juliett reevaluating
2024-10-14 22:41:15.810170 Mike: Zulu and X-ray we want you to join our group
2024-10-14 22:41:15.824691 X-ray: No
2024-10-14 22:41:15.825599 Zulu: No
ChatterBot Mike reevaluating
ChatterBot Juliett reevaluating
ChatterBot Mike reevaluating
ChatterBot Juliett reevaluating
2024-10-14 22:41:15.869185 India: Yankee, Delta and Lima, sending you 4
2024-10-14 22:41:16.039408 Yankee: Delta, India and Lima, sending you 4
2024-10-14 22:41:16.039944 Bravo: Yankee, Delta and Papa, sending you 4
2024-10-14 22:41:16.040811 Zulu: Yankee, India and Lima, sending you 2
2024-10-14 22:41:16.041132 India: Papa, sending you 3
2024-10-14 22:41:16.041463 Papa: Yankee, Delta and India, sending you 3
2024-10-14 22:41:16.042529 X-ray: Yankee and India, sending you 4
2024-10-14 22:41:16.042876 Juliett: Zulu and X-ray we want you to join our group
2024-10-14 22:41:16.051227 X-ray: No
2024-10-14 22:41:16.051819 Zulu: No
ChatterBot Mike reevaluating
ChatterBot Mike reevaluating
2024-10-14 22:41:16.075900 Delta: Yankee, sending you 4
chatterbot Zulu submitting transactions
2024-10-14 22:41:16.077390 Yankee: Papa, sending you 3
2024-10-14 22:41:16.077900 Bravo: India, sending you 3
2024-10-14 22:41:16.078235 India: Zulu and X-ray, sending you 2
2024-10-14 22:41:16.079212 Zulu: Papa, sending you 3
2024-10-14 22:41:16.079610 X-ray: Papa, sending you 1
2024-10-14 22:41:16.080071 Papa: Zulu, X-ray and Lima, sending you 2
2024-10-14 22:41:16.081079 Delta: Papa, India, Zulu, X-ray and Lima, sending you 3
2024-10-14 22:41:16.081605 Lima: Yankee, Delta and India, sending you 3
2024-10-14 22:41:16.082694 Bravo: Lima, sending you 1
2024-10-14 22:41:16.083095 Yankee: Zulu, sending you 1
2024-10-14 22:41:16.084008 Zulu: X-ray, sending you 6
2024-10-14 22:41:16.084673 X-ray: Zulu, sending you 7
2024-10-14 22:41:16.203044 Lima: Papa, Zulu and X-ray, sending you 2
2024-10-14 22:41:16.203761 Yankee: X-ray, sending you 2
2024-10-14 22:41:16.204774 X-ray: Lima, sending you 3
chatterbot India submitting transactions
chatterbot Papa submitting transactions
chatterbot X-ray submitting transactions
2024-10-14 22:41:16.311138 Juliett: Mike, sending you 7
chatterbot Yankee submitting transactions
2024-10-14 22:41:16.411609 Juliett: Zulu, sending you 2
2024-10-14 22:41:16.603655 Mike: Zulu and Juliett, sending you 3
2024-10-14 22:41:16.604805 Juliett: X-ray, sending you 6
chatterbot Mike submitting transactions
chatterbot Delta submitting transactions
chatterbot Bravo submitting transactions
chatterbot Lima submitting transactions
2024-10-14 22:41:16.665689 Mike: X-ray, sending you 4
chatterbot Juliett submitting transactions
ChatterBot Yankee round 4
ChatterBot Delta round 4
ChatterBot Mike round 4
ChatterBot Papa round 4
ChatterBot India round 4
2024-10-14 22:41:17.209924 Papa: We should add Bravo
ChatterBot Yankee reevaluating
2024-10-14 22:41:17.236389 Yankee: Yes
2024-10-14 22:41:17.236597 Delta: No
2024-10-14 22:41:17.236746 India: No
2024-10-14 22:41:17.236902 Lima: No
2024-10-14 22:41:17.237056 Zulu: No
2024-10-14 22:41:17.237178 X-ray: No
ChatterBot India reevaluating
ChatterBot Yankee reevaluating
ChatterBot India reevaluating
ChatterBot Yankee reevaluating
ChatterBot Yankee reevaluating
ChatterBot India reevaluating
ChatterBot Papa reevaluating
ChatterBot Yankee reevaluating
ChatterBot India reevaluating
ChatterBot Papa reevaluating
ChatterBot Yankee reevaluating
ChatterBot India reevaluating
ChatterBot Zulu round 4
ChatterBot X-ray round 4
ChatterBot Bravo round 4
ChatterBot Juliett round 4
ChatterBot Lima round 4
2024-10-14 22:41:17.584063 Bravo: We should add Zulu and X-ray
ChatterBot Papa reevaluating
2024-10-14 22:41:17.614859 Delta: Yes
2024-10-14 22:41:17.615224 India: Yes
2024-10-14 22:41:17.615490 Lima: Yes
2024-10-14 22:41:17.615761 Yankee: Yes
2024-10-14 22:41:17.616017 Papa: Yes
ChatterBot Papa reevaluating
ChatterBot Papa reevaluating
ChatterBot Papa reevaluating
ChatterBot Papa reevaluating
2024-10-14 22:41:17.712227 Mike: We should drop Zulu and X-ray
2024-10-14 22:41:17.714963 Juliett: No
2024-10-14 22:41:17.719077 Bravo: Zulu and X-ray we want you to join our group
2024-10-14 22:41:17.725492 Zulu: No
2024-10-14 22:41:17.725636 X-ray: No
ChatterBot Papa reevaluating
ChatterBot Papa reevaluating
2024-10-14 22:41:17.776078 India: Yankee, Delta and Lima, sending you 4
2024-10-14 22:41:17.776734 Zulu: Yankee, Delta, Papa, India and Lima, sending you 2
2024-10-14 22:41:17.778273 Yankee: Delta and India, sending you 4
2024-10-14 22:41:17.778952 Delta: Yankee, sending you 4
2024-10-14 22:41:17.779479 X-ray: Yankee, India and Lima, sending you 3
2024-10-14 22:41:17.780453 Zulu: X-ray, sending you 6
2024-10-14 22:41:17.781696 India: Papa and X-ray, sending you 3
2024-10-14 22:41:17.782807 Delta: Papa, India, Zulu, X-ray and Lima, sending you 3
2024-10-14 22:41:17.783688 Yankee: Papa, X-ray and Lima, sending you 3
2024-10-14 22:41:17.784920 X-ray: Delta and Papa, sending you 2
2024-10-14 22:41:17.785491 Mike: Same as last round
2024-10-14 22:41:17.785858 India: Zulu, sending you 1
2024-10-14 22:41:17.787674 Yankee: Zulu, sending you 2
2024-10-14 22:41:17.788947 X-ray: Zulu, sending you 6
2024-10-14 22:41:17.790686 Papa: Yankee, Delta and India, sending you 3
2024-10-14 22:41:17.793700 Papa: Zulu, X-ray and Lima, sending you 2
2024-10-14 22:41:17.795341 Lima: Yankee, Delta and India, sending you 3
2024-10-14 22:41:17.796603 Bravo: Yankee and Delta, sending you 3
2024-10-14 22:41:17.797328 Juliett: Mike, sending you 9
2024-10-14 22:41:17.800027 Lima: Papa, Zulu and X-ray, sending you 2
2024-10-14 22:41:17.800956 Bravo: Papa, sending you 4
2024-10-14 22:41:17.801554 Juliett: Zulu, sending you 1
2024-10-14 22:41:17.803721 Bravo: India and X-ray, sending you 2
2024-10-14 22:41:17.806669 Juliett: X-ray, sending you 5
2024-10-14 22:41:17.807671 Bravo: Zulu and Lima, sending you 1
chatterbot Yankee submitting transactions
chatterbot Bravo submitting transactions
chatterbot Papa submitting transactions
chatterbot X-ray submitting transactions
chatterbot Delta submitting transactions
chatterbot Lima submitting transactions
chatterbot Zulu submitting transactions
chatterbot Mike submitting transactions
chatterbot India submitting transactions
chatterbot Juliett submitting transactions
ChatterBot Yankee round 5
ChatterBot Delta round 5
ChatterBot Mike round 5
ChatterBot Papa round 5
ChatterBot India round 5
ChatterBot Zulu round 5
ChatterBot X-ray round 5
ChatterBot Bravo round 5
2024-10-14 22:41:18.691060 Papa: We should add Bravo
2024-10-14 22:41:18.730649 Yankee: No
2024-10-14 22:41:18.731032 Delta: No
2024-10-14 22:41:18.731242 India: No
2024-10-14 22:41:18.731436 Lima: No
2024-10-14 22:41:18.731637 Zulu: No
2024-10-14 22:41:18.732257 X-ray: No
ChatterBot Papa reevaluating
ChatterBot Papa reevaluating
ChatterBot Yankee reevaluating
ChatterBot Papa reevaluating
ChatterBot Yankee reevaluating
ChatterBot Papa reevaluating
ChatterBot Yankee reevaluating
ChatterBot Papa reevaluating
ChatterBot Yankee reevaluating
ChatterBot Papa reevaluating
ChatterBot Yankee reevaluating
ChatterBot Juliett round 5
ChatterBot Lima round 5
2024-10-14 22:41:18.962675 Mike: Same as last round
2024-10-14 22:41:18.970679 India: Yankee and Lima, sending you 4
2024-10-14 22:41:18.971857 Zulu: Yankee, Delta, Papa, India and Lima, sending you 2
2024-10-14 22:41:18.973683 Papa: Yankee, Delta and India, sending you 3
2024-10-14 22:41:18.974368 Yankee: Delta and India, sending you 4
2024-10-14 22:41:18.975693 Bravo: Yankee and Delta, sending you 3
2024-10-14 22:41:18.976799 India: Delta, Papa and X-ray, sending you 3
2024-10-14 22:41:18.977585 Zulu: X-ray, sending you 6
2024-10-14 22:41:18.978876 Delta: Yankee and India, sending you 4
2024-10-14 22:41:18.979850 Papa: Zulu, X-ray and Lima, sending you 2
2024-10-14 22:41:18.980962 Yankee: Papa, X-ray and Lima, sending you 3
2024-10-14 22:41:18.981710 X-ray: Yankee and India, sending you 3
2024-10-14 22:41:18.983205 India: Zulu, sending you 2
2024-10-14 22:41:18.983912 Bravo: Papa, sending you 4
2024-10-14 22:41:18.984882 Juliett: Mike, sending you 13
2024-10-14 22:41:18.985178 Lima: Yankee, Delta and India, sending you 3
2024-10-14 22:41:18.985948 Delta: Papa, Zulu, X-ray and Lima, sending you 3
2024-10-14 22:41:18.987328 Yankee: Zulu, sending you 2
2024-10-14 22:41:18.988699 X-ray: Delta, Papa and Lima, sending you 2
2024-10-14 22:41:18.989510 Bravo: India and X-ray, sending you 2
2024-10-14 22:41:18.990 Juliett: Bravo, sending you 2
2024-10-14 22:41:18.991058 Lima: Papa, Zulu and X-ray, sending you 2
2024-10-14 22:41:18.993253 X-ray: Zulu, sending you 7
2024-10-14 22:41:18.994673 Bravo: Zulu and Lima, sending you 1
chatterbot Lima submitting transactions
chatterbot Bravo submitting transactions
chatterbot India submitting transactions
chatterbot Yankee submitting transactions
chatterbot Papa submitting transactions
chatterbot Zulu submitting transactions
chatterbot Delta submitting transactions
chatterbot Mike submitting transactions
chatterbot X-ray submitting transactions
chatterbot Juliett submitting transactions
ChatterBot Yankee round 6
ChatterBot Delta round 6
ChatterBot Mike round 6
ChatterBot Papa round 6
ChatterBot India round 6
ChatterBot Zulu round 6
ChatterBot X-ray round 6
ChatterBot Bravo round 6
ChatterBot Juliett round 6
ChatterBot Lima round 6
2024-10-14 22:41:20.232064 Papa: We should add Bravo
ChatterBot India reevaluating
ChatterBot Lima reevaluating
ChatterBot Zulu reevaluating
ChatterBot X-ray reevaluating
2024-10-14 22:41:20.257222 Yankee: No
2024-10-14 22:41:20.257427 Delta: No
2024-10-14 22:41:20.257592 India: No
2024-10-14 22:41:20.258175 Lima: No
2024-10-14 22:41:20.258340 Zulu: No
2024-10-14 22:41:20.258507 X-ray: No
ChatterBot Papa reevaluating
ChatterBot India reevaluating
ChatterBot Lima reevaluating
ChatterBot Zulu reevaluating
ChatterBot X-ray reevaluating
ChatterBot Papa reevaluating
ChatterBot India reevaluating
ChatterBot Lima reevaluating
ChatterBot Zulu reevaluating
ChatterBot X-ray reevaluating
ChatterBot Papa reevaluating
ChatterBot Lima reevaluating
ChatterBot Zulu reevaluating
ChatterBot X-ray reevaluating
ChatterBot Papa reevaluating
ChatterBot India reevaluating
ChatterBot Zulu reevaluating
ChatterBot X-ray reevaluating
ChatterBot Papa reevaluating
ChatterBot India reevaluating
ChatterBot Lima reevaluating
ChatterBot X-ray reevaluating
ChatterBot Papa reevaluating
ChatterBot India reevaluating
ChatterBot Lima reevaluating
ChatterBot Zulu reevaluating
2024-10-14 22:41:20.418693 Delta: Yankee and India, sending you 4
2024-10-14 22:41:20.423695 Yankee: Delta and India, sending you 4
2024-10-14 22:41:20.424708 Delta: Papa, Zulu, X-ray and Lima, sending you 3
2024-10-14 22:41:20.426035 Zulu: Yankee, Delta, Papa, India and Lima, sending you 2
2024-10-14 22:41:20.428668 Yankee: Papa, X-ray and Lima, sending you 3
2024-10-14 22:41:20.429979 Zulu: X-ray, sending you 6
2024-10-14 22:41:20.431704 Bravo: Yankee and Delta, sending you 3
2024-10-14 22:41:20.434678 Yankee: Zulu, sending you 2
2024-10-14 22:41:20.436395 India: Yankee, sending you 5
2024-10-14 22:41:20.437930 Bravo: Papa, sending you 4
2024-10-14 22:41:20.439108 Lima: Yankee, Delta and India, sending you 3
2024-10-14 22:41:20.440212 Mike: Sending you 2
2024-10-14 22:41:20.440578 X-ray: Yankee, Delta and India, sending you 3
2024-10-14 22:41:20.442129 Juliett: Mike, sending you 13
2024-10-14 22:41:20.443006 India: Delta, Papa, X-ray and Lima, sending you 3
2024-10-14 22:41:20.444122 Bravo: India and X-ray, sending you 2
2024-10-14 22:41:20.445273 Lima: Papa, Zulu and X-ray, sending you 2
2024-10-14 22:41:20.446786 X-ray: Papa and Lima, sending you 2
2024-10-14 22:41:20.447904 Juliett: Bravo, sending you 2
2024-10-14 22:41:20.448729 India: Zulu, sending you 2
2024-10-14 22:41:20.450122 Papa: Yankee, Delta and India, sending you 3
2024-10-14 22:41:20.451910 Bravo: Zulu and Lima, sending you 1
2024-10-14 22:41:20.452760 X-ray: Zulu, sending you 6
2024-10-14 22:41:20.454246 Papa: Zulu, X-ray and Lima, sending you 2
chatterbot Mike submitting transactions
chatterbot Bravo submitting transactions
chatterbot Zulu submitting transactions
chatterbot India submitting transactions
chatterbot Delta submitting transactions
chatterbot Yankee submitting transactions
chatterbot Papa submitting transactions
chatterbot X-ray submitting transactions
chatterbot Juliett submitting transactions
chatterbot Lima submitting transactions
ChatterBot Yankee round 7
ChatterBot Delta round 7
ChatterBot Mike round 7
ChatterBot Papa round 7
ChatterBot India round 7
ChatterBot Zulu round 7
ChatterBot X-ray round 7
ChatterBot Bravo round 7
ChatterBot Juliett round 7
ChatterBot Lima round 7
2024-10-14 22:41:21.520690 Papa: Yankee, Delta and India, sending you 3
2024-10-14 22:41:21.522705 India: Yankee and Delta, sending you 4
2024-10-14 22:41:21.524655 Papa: Zulu, X-ray and Lima, sending you 2
2024-10-14 22:41:21.525694 Mike: Same as last round
2024-10-14 22:41:21.527673 India: Papa, X-ray and Lima, sending you 3
2024-10-14 22:41:21.528746 Yankee: Delta and India, sending you 4
2024-10-14 22:41:21.529319 Zulu: Yankee, Delta, Papa, India and Lima, sending you 2
2024-10-14 22:41:21.530675 Delta: Yankee and India, sending you 4
2024-10-14 22:41:21.532674 India: Zulu, sending you 2
2024-10-14 22:41:21.533800 Yankee: Papa, X-ray and Lima, sending you 3
2024-10-14 22:41:21.534424 Zulu: X-ray, sending you 6
2024-10-14 22:41:21.535387 Bravo: Yankee and Delta, sending you 3
2024-10-14 22:41:21.535935 Delta: Papa, Zulu, X-ray and Lima, sending you 3
2024-10-14 22:41:21.538687 Yankee: Zulu, sending you 2
2024-10-14 22:41:21.539844 Bravo: Papa, sending you 4
2024-10-14 22:41:21.540287 Lima: Yankee, Delta and India, sending you 3
2024-10-14 22:41:21.544659 Bravo: India and X-ray, sending you 2
2024-10-14 22:41:21.545265 Lima: Papa, Zulu and X-ray, sending you 2
2024-10-14 22:41:21.546216 X-ray: Yankee, Delta and India, sending you 3
2024-10-14 22:41:21.547988 Bravo: Zulu and Lima, sending you 1
2024-10-14 22:41:21.551658 X-ray: Papa and Lima, sending you 2
2024-10-14 22:41:21.554661 X-ray: Zulu, sending you 6
chatterbot Bravo submitting transactions
chatterbot Papa submitting transactions
chatterbot Mike submitting transactions
chatterbot Lima submitting transactions
chatterbot X-ray submitting transactions
chatterbot India submitting transactions
chatterbot Delta submitting transactions
chatterbot Yankee submitting transactions
chatterbot Zulu submitting transactions
chatterbot Juliett submitting transactions
ChatterBot Yankee round 8
ChatterBot Delta round 8
ChatterBot Mike round 8
ChatterBot Papa round 8
ChatterBot India round 8
ChatterBot Zulu round 8
ChatterBot X-ray round 8
ChatterBot Bravo round 8
ChatterBot Juliett round 8
ChatterBot Lima round 8
2024-10-14 22:41:22.526713 Yankee: Delta and India, sending you 3
2024-10-14 22:41:22.531683 Delta: Yankee and India, sending you 4
2024-10-14 22:41:22.534183 India: Yankee, sending you 4
2024-10-14 22:41:22.536503 Yankee: Papa, X-ray and Lima, sending you 2
2024-10-14 22:41:22.538596 Bravo: Yankee and Delta, sending you 3
2024-10-14 22:41:22.540143 Delta: Papa, Zulu, X-ray and Lima, sending you 3
2024-10-14 22:41:22.542380 India: Delta, Papa, X-ray and Lima, sending you 2
2024-10-14 22:41:22.544567 Yankee: Zulu, sending you 1
2024-10-14 22:41:22.547140 Bravo: Papa, sending you 4
2024-10-14 22:41:22.549416 Mike: Same as last round
2024-10-14 22:41:22.550306 Papa: Yankee, Delta and India, sending you 3
2024-10-14 22:41:22.552660 Juliett: Mike, sending you 15
2024-10-14 22:41:22.553340 India: Zulu, sending you 1
2024-10-14 22:41:22.555742 X-ray: Yankee, Delta, Papa, India and Lima, sending you 1
2024-10-14 22:41:22.557806 Zulu: Yankee, Papa, India and Lima, sending you 2
2024-10-14 22:41:22.560036 Bravo: India and X-ray, sending you 2
2024-10-14 22:41:22.562195 Lima: Yankee, Delta, Papa, Zulu and X-ray, sending you 2
2024-10-14 22:41:22.564209 Papa: Zulu, X-ray and Lima, sending you 2
2024-10-14 22:41:22.566484 X-ray: Zulu, sending you 3
2024-10-14 22:41:22.568851 X-ray: I was attacked by Mike
ChatterBot Papa reevaluating
ChatterBot Yankee reevaluating
ChatterBot Delta reevaluating
ChatterBot India reevaluating
ChatterBot Lima reevaluating
ChatterBot Zulu reevaluating
2024-10-14 22:41:22.590708 X-ray: Ow
2024-10-14 22:41:22.592811 Bravo: Zulu and Lima, sending you 1
2024-10-14 22:41:22.613663 India: Yankee and Delta, sending you 4
2024-10-14 22:41:22.615703 Lima: Yankee, Delta and India, sending you 3
2024-10-14 22:41:22.618672 India: Papa, X-ray and Lima, sending you 3
2024-10-14 22:41:22.621092 Yankee: Delta and India, sending you 4
2024-10-14 22:41:22.623691 India: Zulu, sending you 2
2024-10-14 22:41:22.626344 Yankee: Papa, X-ray and Lima, sending you 3
2024-10-14 22:41:22.632666 Yankee: Zulu, sending you 2
chatterbot India submitting transactions
chatterbot Delta submitting transactions
chatterbot Papa submitting transactions
chatterbot Bravo submitting transactions
chatterbot X-ray submitting transactions
chatterbot Zulu submitting transactions
chatterbot Lima submitting transactions
chatterbot Mike submitting transactions
chatterbot Juliett submitting transactions
chatterbot Yankee submitting transactions
ChatterBot Yankee round 9
ChatterBot Delta round 9
ChatterBot Mike round 9
ChatterBot Papa round 9
ChatterBot India round 9
ChatterBot Zulu round 9
ChatterBot X-ray round 9
ChatterBot Bravo round 9
ChatterBot Juliett round 9
ChatterBot Lima round 9
2024-10-14 22:41:23.763677 Delta: We should replace Lima with Bravo
ChatterBot Papa reevaluating
ChatterBot India reevaluating
ChatterBot Zulu reevaluating
2024-10-14 22:41:23.783238 Yankee: No
2024-10-14 22:41:23.783418 Papa: No
2024-10-14 22:41:23.783539 India: No
2024-10-14 22:41:23.783681 Zulu: Yes
2024-10-14 22:41:23.783808 X-ray: No
ChatterBot Papa reevaluating
ChatterBot India reevaluating
ChatterBot Zulu reevaluating
ChatterBot X-ray reevaluating
ChatterBot India reevaluating
ChatterBot Zulu reevaluating
ChatterBot X-ray reevaluating
ChatterBot Yankee reevaluating
ChatterBot Papa reevaluating
ChatterBot Zulu reevaluating
ChatterBot X-ray reevaluating
ChatterBot Yankee reevaluating
ChatterBot Papa reevaluating
ChatterBot India reevaluating
ChatterBot X-ray reevaluating
ChatterBot Yankee reevaluating
ChatterBot Papa reevaluating
ChatterBot India reevaluating
ChatterBot Zulu reevaluating
2024-10-14 22:41:23.871067 X-ray: We should add Bravo
ChatterBot Papa reevaluating
ChatterBot Yankee reevaluating
ChatterBot India reevaluating
ChatterBot Zulu reevaluating
2024-10-14 22:41:23.890778 Papa: Yes
2024-10-14 22:41:23.891004 Yankee: Yes
2024-10-14 22:41:23.891157 Delta: Yes
2024-10-14 22:41:23.891269 India: Yes
2024-10-14 22:41:23.891374 Lima: No
2024-10-14 22:41:23.891513 Zulu: Yes
ChatterBot Yankee reevaluating
ChatterBot India reevaluating
ChatterBot Lima reevaluating
ChatterBot Zulu reevaluating
ChatterBot X-ray reevaluating
ChatterBot Papa reevaluating
ChatterBot India reevaluating
ChatterBot Lima reevaluating
ChatterBot Zulu reevaluating
ChatterBot X-ray reevaluating
ChatterBot Papa reevaluating
ChatterBot Yankee reevaluating
ChatterBot India reevaluating
ChatterBot Lima reevaluating
ChatterBot Zulu reevaluating
ChatterBot X-ray reevaluating
ChatterBot Papa reevaluating
ChatterBot Yankee reevaluating
ChatterBot Lima reevaluating
ChatterBot Zulu reevaluating
ChatterBot X-ray reevaluating
ChatterBot Papa reevaluating
ChatterBot Yankee reevaluating
ChatterBot India reevaluating
ChatterBot Zulu reevaluating
ChatterBot X-ray reevaluating
ChatterBot Papa reevaluating
ChatterBot Yankee reevaluating
ChatterBot India reevaluating
ChatterBot Lima reevaluating
ChatterBot X-ray reevaluating
2024-10-14 22:41:24.048954 Delta: Bravo we want you to join our group
2024-10-14 22:41:24.054325 Bravo: Yes
ChatterBot Yankee reevaluating
ChatterBot Papa reevaluating
ChatterBot India reevaluating
ChatterBot Zulu reevaluating
ChatterBot X-ray reevaluating
2024-10-14 22:41:24.082206 Yankee: Bravo we want you to join our group
2024-10-14 22:41:24.098442 Bravo: Yes
ChatterBot Lima reevaluating
ChatterBot Zulu reevaluating
ChatterBot X-ray reevaluating
2024-10-14 22:41:24.215965 Papa: Bravo we want you to join our group
2024-10-14 22:41:24.225264 Bravo: Yes
ChatterBot Lima reevaluating
ChatterBot Zulu reevaluating
ChatterBot X-ray reevaluating
2024-10-14 22:41:24.266589 India: Bravo we want you to join our group
2024-10-14 22:41:24.272042 Bravo: Yes
ChatterBot Lima reevaluating
ChatterBot Zulu reevaluating
ChatterBot X-ray reevaluating
2024-10-14 22:41:24.308711 Mike: I was attacked by X-ray
2024-10-14 22:41:24.315207 Mike: I'm keeping this round to protect myself
2024-10-14 22:41:24.315656 Mike: Ow
2024-10-14 22:41:24.317134 Delta: Yankee and India, sending you 4
2024-10-14 22:41:24.318839 Lima: Bravo we want you to join our group
2024-10-14 22:41:24.325789 Bravo: Yes
ChatterBot Lima reevaluating
2024-10-14 22:41:24.365557 X-ray: Bravo we want you to join our group
2024-10-14 22:41:24.372465 Bravo: Yes
2024-10-14 22:41:24.405625 Zulu: Bravo we want you to join our group
2024-10-14 22:41:24.412401 Bravo: Yes
2024-10-14 22:41:24.437770 Bravo: Yankee and Delta, sending you 3
2024-10-14 22:41:24.440098 Delta: Papa, Zulu and X-ray, sending you 3
chatterbot Juliett submitting transactions
2024-10-14 22:41:24.443051 Bravo: Papa, sending you 4
2024-10-14 22:41:24.445681 Delta: Bravo, sending you 1
2024-10-14 22:41:24.447590 Yankee: Delta and India, sending you 3
2024-10-14 22:41:24.449828 India: Yankee and Delta, sending you 3
2024-10-14 22:41:24.450732 Papa: Yankee and India, sending you 3
2024-10-14 22:41:24.451698 Bravo: India and X-ray, sending you 2
2024-10-14 22:41:24.454714 Yankee: Papa, X-ray and Lima, sending you 2
2024-10-14 22:41:24.456679 Papa: Delta, Zulu, X-ray and Lima, sending you 2
2024-10-14 22:41:24.457959 India: Papa, X-ray and Lima, sending you 2
2024-10-14 22:41:24.459497 X-ray: Yankee, Delta, India and Zulu, sending you 1
2024-10-14 22:41:24.461195 Bravo: Zulu and Lima, sending you 1
2024-10-14 22:41:24.463051 Yankee: Zulu, sending you 1
2024-10-14 22:41:24.464812 Papa: Bravo, sending you 1
2024-10-14 22:41:24.466339 India: Zulu, sending you 1
2024-10-14 22:41:24.467269 Lima: Yankee and Delta, sending you 3
2024-10-14 22:41:24.470774 Lima: Papa and Zulu, sending you 2
2024-10-14 22:41:24.475710 Lima: India, sending you 4
2024-10-14 22:41:24.480666 Lima: Bravo, sending you 1
chatterbot Papa submitting transactions
chatterbot India submitting transactions
chatterbot Yankee submitting transactions
chatterbot Bravo submitting transactions
chatterbot Lima submitting transactions
chatterbot X-ray submitting transactions
chatterbot Delta submitting transactions
chatterbot Mike submitting transactions
chatterbot Zulu submitting transactions
ChatterBot Yankee round 10
ChatterBot Delta round 10
ChatterBot Mike round 10
ChatterBot Papa round 10
ChatterBot India round 10
ChatterBot Zulu round 10
ChatterBot X-ray round 10
ChatterBot Bravo round 10
ChatterBot Juliett round 10
ChatterBot Lima round 10
2024-10-14 22:41:25.133669 Zulu: We should add Bravo
2024-10-14 22:41:25.161972 Papa: Yes
2024-10-14 22:41:25.162255 Yankee: Yes
2024-10-14 22:41:25.162495 Delta: Yes
2024-10-14 22:41:25.162718 India: Yes
2024-10-14 22:41:25.162931 Lima: Yes
2024-10-14 22:41:25.163132 X-ray: Yes
ChatterBot Lima reevaluating
ChatterBot Lima reevaluating
ChatterBot Lima reevaluating
ChatterBot Lima reevaluating
ChatterBot Delta reevaluating
ChatterBot X-ray reevaluating
ChatterBot Delta reevaluating
ChatterBot Lima reevaluating
2024-10-14 22:41:25.284928 X-ray: We should add Lima
2024-10-14 22:41:25.285203 Delta: We should replace X-ray with Lima
ChatterBot Delta reevaluating
2024-10-14 22:41:25.302617 Delta: No
2024-10-14 22:41:25.302875 Yankee: Yes
2024-10-14 22:41:25.305444 Papa: Yes
2024-10-14 22:41:25.309554 India: Yes
2024-10-14 22:41:25.313522 Zulu: Yes
2024-10-14 22:41:25.317310 Bravo: Yes
2024-10-14 22:41:25.321150 Yankee: No
2024-10-14 22:41:25.321689 Papa: No
2024-10-14 22:41:25.321824 India: No
2024-10-14 22:41:25.321946 Zulu: No
2024-10-14 22:41:25.322066 Bravo: No
ChatterBot X-ray reevaluating
ChatterBot Delta reevaluating
ChatterBot X-ray reevaluating
ChatterBot Delta reevaluating
ChatterBot X-ray reevaluating
ChatterBot Delta reevaluating
ChatterBot X-ray reevaluating
ChatterBot Delta reevaluating
ChatterBot X-ray reevaluating
ChatterBot Delta reevaluating
ChatterBot X-ray reevaluating
ChatterBot Delta reevaluating
ChatterBot Delta reevaluating
ChatterBot Delta reevaluating
ChatterBot Delta reevaluating
ChatterBot Delta reevaluating
2024-10-14 22:41:25.518788 Zulu: Bravo we want you to join our group
2024-10-14 22:41:25.522450 Bravo: Yes
ChatterBot Delta reevaluating
ChatterBot Lima reevaluating
ChatterBot X-ray reevaluating
2024-10-14 22:41:25.543781 Mike: I was attacked by Yankee, India and X-ray
ChatterBot Juliett reevaluating
2024-10-14 22:41:25.547508 Mike: I'm keeping this round to protect myself
2024-10-14 22:41:25.547860 Mike: Ow
2024-10-14 22:41:25.549420 X-ray: Lima we want you to join our group
2024-10-14 22:41:25.554233 Lima: No
ChatterBot Delta reevaluating
ChatterBot X-ray reevaluating
2024-10-14 22:41:25.584065 Papa: Yankee, Delta and India, sending you 3
2024-10-14 22:41:25.587925 Yankee: Delta and India, sending you 4
2024-10-14 22:41:25.589289 India: Yankee and Delta, sending you 4
2024-10-14 22:41:25.590794 Delta: Lima we want you to join our group
2024-10-14 22:41:25.595225 Lima: Yes
ChatterBot Delta reevaluating
2024-10-14 22:41:25.614662 Yankee: Papa and Lima, sending you 3
2024-10-14 22:41:25.615309 Papa: Zulu, Bravo and Lima, sending you 2
2024-10-14 22:41:25.616002 India: Papa and Lima, sending you 3
2024-10-14 22:41:25.617211 Bravo: Yankee, sending you 2
2024-10-14 22:41:25.617833 Yankee: Zulu and X-ray, sending you 2
2024-10-14 22:41:25.619698 Lima: Yankee, Delta, Papa and India, sending you 3
2024-10-14 22:41:25.620697 Bravo: Delta, Papa, Zulu and Lima, sending you 3
2024-10-14 22:41:25.623238 India: Zulu and X-ray, sending you 2
2024-10-14 22:41:25.625075 Yankee: Bravo, sending you 1
2024-10-14 22:41:25.626945 Lima: Zulu, sending you 2
2024-10-14 22:41:25.628161 Bravo: India and X-ray, sending you 1
2024-10-14 22:41:25.629677 India: Bravo, sending you 1
2024-10-14 22:41:25.632662 Lima: Bravo, sending you 1
2024-10-14 22:41:25.641672 X-ray: Yankee, Delta and India, sending you 3
2024-10-14 22:41:25.645676 X-ray: Papa and Lima, sending you 2
2024-10-14 22:41:25.650214 Delta: Yankee and India, sending you 4
2024-10-14 22:41:25.650911 X-ray: Zulu, sending you 5
2024-10-14 22:41:25.655669 Delta: Papa, Zulu and Lima, sending you 3
2024-10-14 22:41:25.656662 X-ray: Bravo, sending you 1
2024-10-14 22:41:25.658673 Delta: Bravo, sending you 1
chatterbot Papa submitting transactions
chatterbot Delta submitting transactions
chatterbot Juliett submitting transactions
chatterbot X-ray submitting transactions
chatterbot Yankee submitting transactions
chatterbot Zulu submitting transactions
chatterbot India submitting transactions
chatterbot Mike submitting transactions
chatterbot Bravo submitting transactions
chatterbot Lima submitting transactions
ChatterBot Yankee round 11
ChatterBot Delta round 11
ChatterBot Mike round 11
ChatterBot Papa round 11
ChatterBot India round 11
ChatterBot Zulu round 11
ChatterBot X-ray round 11
ChatterBot Bravo round 11
ChatterBot Juliett round 11
ChatterBot Lima round 11
2024-10-14 22:41:26.804249 Lima: We should replace Zulu with X-ray
ChatterBot Delta reevaluating
2024-10-14 22:41:26.818585 Delta: No
2024-10-14 22:41:26.818816 India: No
2024-10-14 22:41:26.818956 Yankee: No
2024-10-14 22:41:26.819089 Bravo: No
2024-10-14 22:41:26.819207 Papa: No
ChatterBot Lima reevaluating
ChatterBot Delta reevaluating
ChatterBot Lima reevaluating
ChatterBot Delta reevaluating
ChatterBot Lima reevaluating
ChatterBot Delta reevaluating
ChatterBot Lima reevaluating
