ChatterBot Mike round 1
ChatterBot Golf round 1
ChatterBot Juliett round 1
ChatterBot India round 1
ChatterBot November round 1
ChatterBot Lima round 1
ChatterBot Hotel round 1
ChatterBot Zulu round 1
ChatterBot Echo round 1
ChatterBot Papa round 1
randomSelections Golf: {Golf, Papa, Juliett, Lima, Zulu, Mike} 
2024-10-14 22:41:11.938309 Golf: We should group up
ChatterBot Papa reevaluating
ChatterBot Juliett reevaluating
ChatterBot Lima reevaluating
ChatterBot Zulu reevaluating
ChatterBot Mike reevaluating
2024-10-14 22:41:11.980591 Papa: Yes
2024-10-14 22:41:11.980794 Juliett: Yes
2024-10-14 22:41:11.980989 Lima: Yes
2024-10-14 22:41:11.981336 Zulu: Yes
2024-10-14 22:41:11.981583 Mike: Yes
ChatterBot Juliett reevaluating
ChatterBot Lima reevaluating
ChatterBot Zulu reevaluating
ChatterBot Mike reevaluating
ChatterBot Papa reevaluating
ChatterBot Lima reevaluating
ChatterBot Zulu reevaluating
ChatterBot Mike reevaluating
ChatterBot Papa reevaluating
ChatterBot Juliett reevaluating
ChatterBot Zulu reevaluating
ChatterBot Mike reevaluating
ChatterBot Papa reevaluating
ChatterBot Juliett reevaluating
ChatterBot Lima reevaluating
ChatterBot Mike reevaluating
ChatterBot Papa reevaluating
ChatterBot Juliett reevaluating
ChatterBot Lima reevaluating
ChatterBot Zulu reevaluating
randomSelections India: {India, Papa, Echo, Zulu, Golf, Mike, Lima} 
2024-10-14 22:41:12.042647 India: Can we be friends?
ChatterBot Papa reevaluating
ChatterBot Echo reevaluating
ChatterBot Zulu reevaluating
ChatterBot Mike reevaluating
ChatterBot Lima reevaluating
2024-10-14 22:41:12.056306 Papa: No
2024-10-14 22:41:12.056559 Echo: Yes
2024-10-14 22:41:12.056756 Zulu: No
2024-10-14 22:41:12.057039 Golf: No
2024-10-14 22:41:12.057939 Mike: No
2024-10-14 22:41:12.058235 Lima: No
ChatterBot Echo reevaluating
ChatterBot Zulu reevaluating
ChatterBot Mike reevaluating
ChatterBot Lima reevaluating
ChatterBot Papa reevaluating
ChatterBot Zulu reevaluating
ChatterBot Mike reevaluating
ChatterBot Lima reevaluating
ChatterBot Papa reevaluating
ChatterBot Echo reevaluating
ChatterBot Mike reevaluating
ChatterBot Lima reevaluating
ChatterBot Papa reevaluating
ChatterBot Echo reevaluating
ChatterBot Zulu reevaluating
ChatterBot Mike reevaluating
ChatterBot Lima reevaluating
ChatterBot Papa reevaluating
ChatterBot Echo reevaluating
ChatterBot Zulu reevaluating
ChatterBot Lima reevaluating
ChatterBot Papa reevaluating
ChatterBot Echo reevaluating
ChatterBot Zulu reevaluating
ChatterBot Mike reevaluating
randomSelections Hotel: {Hotel, November, Golf, Juliett, Echo, Papa} 
2024-10-14 22:41:12.144861 Hotel: We should group up
ChatterBot November reevaluating
ChatterBot Juliett reevaluating
ChatterBot Echo reevaluating
ChatterBot Papa reevaluating
2024-10-14 22:41:12.155005 November: Yes
2024-10-14 22:41:12.155161 Golf: No
2024-10-14 22:41:12.155485 Juliett: No
2024-10-14 22:41:12.156136 Echo: No
2024-10-14 22:41:12.156440 Papa: No
ChatterBot Juliett reevaluating
ChatterBot Echo reevaluating
ChatterBot Papa reevaluating
ChatterBot November reevaluating
ChatterBot Juliett reevaluating
ChatterBot Echo reevaluating
ChatterBot Papa reevaluating
ChatterBot November reevaluating
ChatterBot Echo reevaluating
ChatterBot Papa reevaluating
ChatterBot November reevaluating
ChatterBot Juliett reevaluating
ChatterBot Papa reevaluating
ChatterBot November reevaluating
ChatterBot Juliett reevaluating
ChatterBot Echo reevaluating
2024-10-14 22:41:12.220949 Hotel: Golf, sending you 1
2024-10-14 22:41:12.221982 Juliett: Mike and Golf, sending you 2
2024-10-14 22:41:12.222931 India: Mike, sending you 1
2024-10-14 22:41:12.224425 Mike: Golf, sending you 4
2024-10-14 22:41:12.225662 Hotel: Juliett and November, sending you 5
2024-10-14 22:41:12.226152 Papa: Mike and Golf, sending you 4
2024-10-14 22:41:12.227394 India: Golf and Zulu, sending you 2
2024-10-14 22:41:12.227946 Golf: Mike and Papa, sending you 5
2024-10-14 22:41:12.228428 Echo: Mike and Papa, sending you 3
2024-10-14 22:41:12.228952 Juliett: Lima, sending you 4
2024-10-14 22:41:12.229394 Lima: Mike, sending you 2
2024-10-14 22:41:12.230317 Mike: Juliett, sending you 1
2024-10-14 22:41:12.230672 Hotel: Echo, sending you 4
2024-10-14 22:41:12.231023 Papa: Juliett, sending you 2
2024-10-14 22:41:12.231725 Golf: Juliett, sending you 4
2024-10-14 22:41:12.233445 India: Lima and Echo, sending you 3
2024-10-14 22:41:12.233767 Echo: Golf, sending you 1
2024-10-14 22:41:12.234186 Juliett: Zulu and Papa, sending you 3
2024-10-14 22:41:12.234518 Lima: Golf, Zulu and Papa, sending you 3
2024-10-14 22:41:12.234848 November: Golf, sending you 5
2024-10-14 22:41:12.235093 Hotel: Papa, sending you 3
2024-10-14 22:41:12.235368 Papa: Lima, sending you 3
2024-10-14 22:41:12.235724 Mike: Lima and Papa, sending you 3
2024-10-14 22:41:12.236780 Zulu: Mike, sending you 4
2024-10-14 22:41:12.237123 Golf: Lima, sending you 3
2024-10-14 22:41:12.237383 Echo: India, sending you 2
2024-10-14 22:41:12.237713 India: Papa, sending you 4
2024-10-14 22:41:12.239673 Lima: Juliett, sending you 1
2024-10-14 22:41:12.240517 November: Juliett and Papa, sending you 3
2024-10-14 22:41:12.240788 Papa: Zulu, sending you 5
2024-10-14 22:41:12.241030 Golf: Zulu, sending you 2
2024-10-14 22:41:12.241249 Echo: Lima and Zulu, sending you 4
2024-10-14 22:41:12.241662 Zulu: Golf and Lima, sending you 1
2024-10-14 22:41:12.244693 Zulu: Juliett and Papa, sending you 5
2024-10-14 22:41:12.245677 November: Hotel and Echo, sending you 2
chatterbot Golf submitting transactions
chatterbot Papa submitting transactions
chatterbot Hotel submitting transactions
chatterbot India submitting transactions
chatterbot Juliett submitting transactions
chatterbot November submitting transactions
chatterbot Zulu submitting transactions
chatterbot Echo submitting transactions
chatterbot Lima submitting transactions
chatterbot Mike submitting transactions
ChatterBot Mike round 2
ChatterBot Golf round 2
ChatterBot Juliett round 2
ChatterBot India round 2
ChatterBot November round 2
ChatterBot Lima round 2
2024-10-14 22:41:13.897247 India: We should add Juliett
ChatterBot Papa reevaluating
ChatterBot Echo reevaluating
ChatterBot Zulu reevaluating
ChatterBot Golf reevaluating
ChatterBot Mike reevaluating
ChatterBot Lima reevaluating
2024-10-14 22:41:13.993776 Papa: No
2024-10-14 22:41:13.994812 Echo: No
2024-10-14 22:41:13.995073 Zulu: No
2024-10-14 22:41:13.995395 Golf: Yes
2024-10-14 22:41:13.996130 Mike: Yes
2024-10-14 22:41:14.006972 Lima: Yes
ChatterBot India reevaluating
ChatterBot Echo reevaluating
ChatterBot Zulu reevaluating
ChatterBot Golf reevaluating
ChatterBot Mike reevaluating
ChatterBot Lima reevaluating
ChatterBot India reevaluating
ChatterBot Papa reevaluating
ChatterBot Zulu reevaluating
ChatterBot Golf reevaluating
ChatterBot Mike reevaluating
ChatterBot Lima reevaluating
ChatterBot India reevaluating
ChatterBot Papa reevaluating
ChatterBot Echo reevaluating
ChatterBot Golf reevaluating
ChatterBot Mike reevaluating
ChatterBot Lima reevaluating
ChatterBot India reevaluating
ChatterBot Papa reevaluating
ChatterBot Echo reevaluating
ChatterBot Zulu reevaluating
ChatterBot Mike reevaluating
ChatterBot Lima reevaluating
ChatterBot India reevaluating
ChatterBot Papa reevaluating
ChatterBot Echo reevaluating
ChatterBot Zulu reevaluating
ChatterBot Golf reevaluating
ChatterBot Lima reevaluating
ChatterBot India reevaluating
ChatterBot Papa reevaluating
ChatterBot Echo reevaluating
ChatterBot Zulu reevaluating
ChatterBot Golf reevaluating
ChatterBot Mike reevaluating
2024-10-14 22:41:14.387548 Lima: We should add India and Echo
ChatterBot Golf reevaluating
ChatterBot Papa reevaluating
ChatterBot Zulu reevaluating
ChatterBot Mike reevaluating
2024-10-14 22:41:14.424277 Golf: Yes
2024-10-14 22:41:14.424444 Papa: No
2024-10-14 22:41:14.424562 Juliett: No
2024-10-14 22:41:14.425096 Zulu: No
2024-10-14 22:41:14.425207 Mike: No
ChatterBot Papa reevaluating
ChatterBot Lima reevaluating
ChatterBot Zulu reevaluating
ChatterBot Mike reevaluating
ChatterBot Golf reevaluating
ChatterBot Lima reevaluating
ChatterBot Zulu reevaluating
ChatterBot Mike reevaluating
ChatterBot Golf reevaluating
ChatterBot Papa reevaluating
ChatterBot Lima reevaluating
ChatterBot Zulu reevaluating
ChatterBot Mike reevaluating
ChatterBot Golf reevaluating
ChatterBot Papa reevaluating
ChatterBot Lima reevaluating
ChatterBot Mike reevaluating
ChatterBot Golf reevaluating
ChatterBot Papa reevaluating
ChatterBot Lima reevaluating
ChatterBot Zulu reevaluating
ChatterBot Hotel round 2
ChatterBot Zulu round 2
ChatterBot Echo round 2
ChatterBot Papa round 2
2024-10-14 22:41:14.605369 Golf: We should add November and Hotel
ChatterBot Papa reevaluating
ChatterBot Lima reevaluating
ChatterBot Zulu reevaluating
ChatterBot Mike reevaluating
2024-10-14 22:41:14.627240 Papa: Yes
2024-10-14 22:41:14.627396 Juliett: No
2024-10-14 22:41:14.627525 Lima: No
2024-10-14 22:41:14.627651 Zulu: No
2024-10-14 22:41:14.627757 Mike: No
ChatterBot Golf reevaluating
ChatterBot Lima reevaluating
ChatterBot Zulu reevaluating
ChatterBot Mike reevaluating
ChatterBot Golf reevaluating
ChatterBot Papa reevaluating
ChatterBot Lima reevaluating
ChatterBot Zulu reevaluating
ChatterBot Mike reevaluating
ChatterBot Golf reevaluating
ChatterBot Papa reevaluating
ChatterBot Zulu reevaluating
ChatterBot Mike reevaluating
ChatterBot Golf reevaluating
ChatterBot Papa reevaluating
ChatterBot Lima reevaluating
ChatterBot Mike reevaluating
ChatterBot Golf reevaluating
ChatterBot Papa reevaluating
ChatterBot Lima reevaluating
ChatterBot Zulu reevaluating
2024-10-14 22:41:14.736682 Zulu: We should add India and Echo
ChatterBot Golf reevaluating
ChatterBot Papa reevaluating
ChatterBot Lima reevaluating
ChatterBot Mike reevaluating
2024-10-14 22:41:14.760427 Golf: Yes
2024-10-14 22:41:14.760592 Papa: Yes
2024-10-14 22:41:14.760732 Juliett: No
2024-10-14 22:41:14.760850 Lima: Yes
2024-10-14 22:41:14.760988 Mike: No
ChatterBot Papa reevaluating
ChatterBot Lima reevaluating
ChatterBot Zulu reevaluating
ChatterBot Mike reevaluating
ChatterBot Golf reevaluating
ChatterBot Lima reevaluating
ChatterBot Zulu reevaluating
ChatterBot Mike reevaluating
ChatterBot Golf reevaluating
ChatterBot Papa reevaluating
ChatterBot Lima reevaluating
ChatterBot Zulu reevaluating
ChatterBot Mike reevaluating
ChatterBot Golf reevaluating
ChatterBot Papa reevaluating
ChatterBot Zulu reevaluating
ChatterBot Mike reevaluating
ChatterBot Golf reevaluating
ChatterBot Papa reevaluating
ChatterBot Lima reevaluating
ChatterBot Zulu reevaluating
2024-10-14 22:41:15.033957 November: We should group up
ChatterBot Hotel reevaluating
2024-10-14 22:41:15.039420 Hotel: Yes
2024-10-14 22:41:15.044454 Hotel: Friends?
ChatterBot Golf reevaluating
ChatterBot Mike reevaluating
ChatterBot Lima reevaluating
ChatterBot Zulu reevaluating
ChatterBot Papa reevaluating
ChatterBot India reevaluating
ChatterBot Echo reevaluating
2024-10-14 22:41:15.113411 Golf: Yes
2024-10-14 22:41:15.114421 Mike: No
2024-10-14 22:41:15.114926 Juliett: No
2024-10-14 22:41:15.115341 Lima: No
2024-10-14 22:41:15.116538 Zulu: No
2024-10-14 22:41:15.117014 Papa: No
2024-10-14 22:41:15.118628 November: No
2024-10-14 22:41:15.119373 India: No
2024-10-14 22:41:15.119628 Echo: Yes
ChatterBot Mike reevaluating
ChatterBot Lima reevaluating
ChatterBot Zulu reevaluating
ChatterBot Papa reevaluating
ChatterBot Hotel reevaluating
ChatterBot India reevaluating
ChatterBot Echo reevaluating
ChatterBot Golf reevaluating
ChatterBot Lima reevaluating
ChatterBot Zulu reevaluating
ChatterBot Papa reevaluating
ChatterBot Hotel reevaluating
ChatterBot India reevaluating
ChatterBot Echo reevaluating
ChatterBot Golf reevaluating
ChatterBot Mike reevaluating
ChatterBot Lima reevaluating
ChatterBot Zulu reevaluating
ChatterBot Papa reevaluating
ChatterBot Hotel reevaluating
ChatterBot India reevaluating
ChatterBot Echo reevaluating
ChatterBot Golf reevaluating
ChatterBot Mike reevaluating
ChatterBot Zulu reevaluating
ChatterBot Papa reevaluating
ChatterBot Hotel reevaluating
ChatterBot India reevaluating
ChatterBot Echo reevaluating
ChatterBot Golf reevaluating
ChatterBot Mike reevaluating
ChatterBot Lima reevaluating
ChatterBot Papa reevaluating
ChatterBot Hotel reevaluating
ChatterBot India reevaluating
ChatterBot Echo reevaluating
ChatterBot Golf reevaluating
ChatterBot Mike reevaluating
ChatterBot Lima reevaluating
ChatterBot Zulu reevaluating
ChatterBot Hotel reevaluating
ChatterBot India reevaluating
ChatterBot Echo reevaluating
ChatterBot Golf reevaluating
ChatterBot Mike reevaluating
ChatterBot Lima reevaluating
ChatterBot Zulu reevaluating
ChatterBot Papa reevaluating
ChatterBot Hotel reevaluating
ChatterBot India reevaluating
ChatterBot Echo reevaluating
ChatterBot Golf reevaluating
ChatterBot Mike reevaluating
ChatterBot Lima reevaluating
ChatterBot Zulu reevaluating
ChatterBot Papa reevaluating
ChatterBot November reevaluating
ChatterBot Hotel reevaluating
ChatterBot Echo reevaluating
ChatterBot Golf reevaluating
ChatterBot Mike reevaluating
ChatterBot Lima reevaluating
ChatterBot Zulu reevaluating
ChatterBot Papa reevaluating
ChatterBot November reevaluating
ChatterBot Hotel reevaluating
ChatterBot India reevaluating
2024-10-14 22:41:15.696954 Lima: India and Echo we want you to join our group
ChatterBot India reevaluating
2024-10-14 22:41:15.774454 India: Yes
2024-10-14 22:41:15.774753 Echo: Yes
ChatterBot Papa reevaluating
ChatterBot Papa reevaluating
ChatterBot India reevaluating
2024-10-14 22:41:15.847518 Zulu: India and Echo we want you to join our group
ChatterBot India reevaluating
2024-10-14 22:41:15.859435 India: Yes
2024-10-14 22:41:15.860249 Echo: Yes
ChatterBot Papa reevaluating
ChatterBot Papa reevaluating
ChatterBot India reevaluating
2024-10-14 22:41:15.934035 Juliett: Mike and Lima, sending you 2
2024-10-14 22:41:16.091075 India: Juliett we want you to join our group
2024-10-14 22:41:16.095509 Juliett: No
2024-10-14 22:41:16.122339 November: Sending you 5
2024-10-14 22:41:16.122687 Juliett: Golf and Papa, sending you 3
2024-10-14 22:41:16.123518 Mike: Golf, Zulu and Papa, sending you 3
2024-10-14 22:41:16.123979 Hotel: Mike, Golf, Juliett, India and Echo, sending you 1
2024-10-14 22:41:16.124544 Echo: Mike, Golf, Juliett, Lima, Zulu and Papa, sending you 1
2024-10-14 22:41:16.125446 Golf: Mike and Papa, sending you 3
chatterbot Lima submitting transactions
chatterbot Juliett submitting transactions
2024-10-14 22:41:16.234148 Juliett: Zulu, sending you 4
2024-10-14 22:41:16.235114 Mike: Juliett, sending you 2
2024-10-14 22:41:16.235540 Hotel: November, sending you 8
2024-10-14 22:41:16.236354 Echo: India and November, sending you 3
2024-10-14 22:41:16.236690 Golf: Juliett, India and Lima, sending you 2
2024-10-14 22:41:16.237025 Zulu: Mike, sending you 1
2024-10-14 22:41:16.237270 Lima: Mike, Golf, Juliett, India, Echo and Papa, sending you 2
2024-10-14 22:41:16.384208 Mike: Lima, sending you 1
2024-10-14 22:41:16.384862 Golf: November, sending you 4
2024-10-14 22:41:16.385912 Zulu: Golf, Juliett, India and Lima, sending you 2
2024-10-14 22:41:16.386381 Echo: Hotel, sending you 5
2024-10-14 22:41:16.387317 India: Echo, sending you 5
2024-10-14 22:41:16.387763 Papa: Mike, Juliett, India, November, Lima and Hotel, sending you 2
chatterbot Papa submitting transactions
chatterbot Echo submitting transactions
chatterbot November submitting transactions
2024-10-14 22:41:16.459427 Golf: Hotel, Zulu and Echo, sending you 1
2024-10-14 22:41:16.459904 Zulu: Echo, sending you 3
2024-10-14 22:41:16.460631 Papa: Golf and Zulu, sending you 3
chatterbot Golf submitting transactions
2024-10-14 22:41:16.641216 Zulu: Papa, sending you 4
2024-10-14 22:41:16.642777 Papa: Echo, sending you 1
chatterbot Mike submitting transactions
chatterbot Zulu submitting transactions
chatterbot Hotel submitting transactions
chatterbot India submitting transactions
ChatterBot Mike round 3
ChatterBot Golf round 3
ChatterBot Juliett round 3
ChatterBot India round 3
ChatterBot November round 3
ChatterBot Lima round 3
ChatterBot Hotel round 3
ChatterBot Zulu round 3
ChatterBot Echo round 3
2024-10-14 22:41:17.247204 Mike: We should add Echo
ChatterBot Papa reevaluating
ChatterBot Juliett reevaluating
2024-10-14 22:41:17.274388 Golf: Yes
2024-10-14 22:41:17.274624 Papa: Yes
2024-10-14 22:41:17.274822 Juliett: Yes
2024-10-14 22:41:17.274993 Lima: Yes
2024-10-14 22:41:17.275608 Zulu: Yes
ChatterBot Papa reevaluating
ChatterBot Juliett reevaluating
ChatterBot Mike reevaluating
ChatterBot Golf reevaluating
ChatterBot Juliett reevaluating
ChatterBot Mike reevaluating
ChatterBot Golf reevaluating
ChatterBot Papa reevaluating
ChatterBot Mike reevaluating
ChatterBot Golf reevaluating
ChatterBot Papa reevaluating
ChatterBot Juliett reevaluating
ChatterBot Mike reevaluating
ChatterBot Golf reevaluating
ChatterBot Papa reevaluating
ChatterBot Juliett reevaluating
ChatterBot Mike reevaluating
ChatterBot Papa round 3
2024-10-14 22:41:17.551006 November: We should add India and Echo
2024-10-14 22:41:17.557288 Hotel: Yes
2024-10-14 22:41:17.582754 Papa: We should drop November and Hotel
ChatterBot Mike reevaluating
ChatterBot Golf reevaluating
2024-10-14 22:41:17.618350 Lima: Yes
2024-10-14 22:41:17.619260 Mike: Yes
2024-10-14 22:41:17.619582 Golf: Yes
2024-10-14 22:41:17.619900 Juliett: Yes
2024-10-14 22:41:17.620210 Zulu: Yes
2024-10-14 22:41:17.620399 India: Yes
2024-10-14 22:41:17.621147 Echo: No
ChatterBot Mike reevaluating
ChatterBot Golf reevaluating
ChatterBot Juliett reevaluating
ChatterBot Echo reevaluating
ChatterBot Golf reevaluating
ChatterBot Juliett reevaluating
ChatterBot Echo reevaluating
ChatterBot Mike reevaluating
ChatterBot Juliett reevaluating
ChatterBot Echo reevaluating
ChatterBot Mike reevaluating
ChatterBot Golf reevaluating
ChatterBot Echo reevaluating
ChatterBot Mike reevaluating
ChatterBot Golf reevaluating
ChatterBot Juliett reevaluating
ChatterBot Echo reevaluating
ChatterBot Mike reevaluating
ChatterBot Golf reevaluating
ChatterBot Juliett reevaluating
ChatterBot Echo reevaluating
ChatterBot Mike reevaluating
ChatterBot Golf reevaluating
ChatterBot Juliett reevaluating
2024-10-14 22:41:17.794525 November: India and Echo we want you to join our group
ChatterBot Echo reevaluating
2024-10-14 22:41:17.800932 India: No
2024-10-14 22:41:17.801084 Echo: No
ChatterBot November reevaluating
ChatterBot Echo reevaluating
ChatterBot November reevaluating
2024-10-14 22:41:17.820101 Mike: Echo we want you to join our group
2024-10-14 22:41:17.823292 Echo: Yes
2024-10-14 22:41:17.840667 Hotel: Mike and India, sending you 1
2024-10-14 22:41:17.841581 Lima: Mike, Golf, Juliett, Zulu, Echo and Papa, sending you 2
2024-10-14 22:41:17.842694 India: Golf, Lima and Zulu, sending you 3
2024-10-14 22:41:17.843647 Zulu: Mike, Golf, Lima and Echo, sending you 2
2024-10-14 22:41:17.844191 Hotel: Golf, sending you 2
2024-10-14 22:41:17.848673 India: Echo, sending you 5
2024-10-14 22:41:17.849185 Zulu: Juliett, sending you 3
2024-10-14 22:41:17.849692 Hotel: November, sending you 6
2024-10-14 22:41:17.851017 Mike: Golf, sending you 3
2024-10-14 22:41:17.852678 India: Papa, sending you 4
2024-10-14 22:41:17.853554 Hotel: Echo, sending you 5
2024-10-14 22:41:17.854054 Mike: Juliett, Lima, Zulu and Papa, sending you 2
2024-10-14 22:41:17.854685 Zulu: India, sending you 1
2024-10-14 22:41:17.856653 Golf: Mike and Papa, sending you 4
2024-10-14 22:41:17.857160 Hotel: Papa, sending you 3
2024-10-14 22:41:17.857969 Zulu: Papa, sending you 4
2024-10-14 22:41:17.858659 Mike: Echo, sending you 1
2024-10-14 22:41:17.859670 November: India, sending you 2
2024-10-14 22:41:17.860491 Golf: Juliett and Lima, sending you 3
2024-10-14 22:41:17.862647 November: Hotel, sending you 5
2024-10-14 22:41:17.863698 Echo: Golf, Juliett and Papa, sending you 2
2024-10-14 22:41:17.864921 Golf: India, sending you 1
2024-10-14 22:41:17.865407 Papa: Mike, Golf, Juliett and Lima, sending you 3
2024-10-14 22:41:17.866685 November: Echo, sending you 4
2024-10-14 22:41:17.867421 Echo: India, sending you 5
2024-10-14 22:41:17.868680 Golf: Zulu and Echo, sending you 2
2024-10-14 22:41:17.869183 Papa: India, sending you 1
2024-10-14 22:41:17.870673 Echo: Lima and Zulu, sending you 3
2024-10-14 22:41:17.873670 Papa: Zulu, sending you 4
2024-10-14 22:41:17.876676 Papa: Echo, sending you 2
chatterbot India submitting transactions
chatterbot Echo submitting transactions
chatterbot Hotel submitting transactions
chatterbot Papa submitting transactions
chatterbot Zulu submitting transactions
chatterbot Juliett submitting transactions
chatterbot Lima submitting transactions
chatterbot November submitting transactions
chatterbot Golf submitting transactions
chatterbot Mike submitting transactions
ChatterBot Mike round 4
ChatterBot Golf round 4
ChatterBot Juliett round 4
ChatterBot India round 4
ChatterBot November round 4
ChatterBot Lima round 4
ChatterBot Hotel round 4
2024-10-14 22:41:19.044052 Juliett: We should add India and Echo
ChatterBot Mike reevaluating
2024-10-14 22:41:19.069588 Golf: Yes
2024-10-14 22:41:19.070205 Papa: Yes
2024-10-14 22:41:19.070339 Lima: Yes
2024-10-14 22:41:19.070447 Zulu: Yes
2024-10-14 22:41:19.070550 Mike: Yes
ChatterBot Mike reevaluating
ChatterBot Mike reevaluating
ChatterBot Mike reevaluating
ChatterBot Mike reevaluating
ChatterBot Zulu round 4
ChatterBot Echo round 4
ChatterBot Papa round 4
2024-10-14 22:41:19.182670 Juliett: India and Echo we want you to join our group
ChatterBot Echo reevaluating
2024-10-14 22:41:19.190427 India: Yes
2024-10-14 22:41:19.190595 Echo: Yes
ChatterBot Mike reevaluating
ChatterBot Echo reevaluating
ChatterBot Mike reevaluating
2024-10-14 22:41:19.243847 Mike: We should replace Juliett with India
ChatterBot Echo reevaluating
2024-10-14 22:41:19.260419 Golf: No
2024-10-14 22:41:19.260606 Lima: No
2024-10-14 22:41:19.260724 Zulu: No
2024-10-14 22:41:19.260831 Papa: No
2024-10-14 22:41:19.260927 Echo: No
ChatterBot Mike reevaluating
ChatterBot Echo reevaluating
ChatterBot Mike reevaluating
ChatterBot Echo reevaluating
ChatterBot Mike reevaluating
ChatterBot Echo reevaluating
ChatterBot Mike reevaluating
ChatterBot Echo reevaluating
ChatterBot Mike reevaluating
2024-10-14 22:41:19.356729 November: We should drop India and Echo
2024-10-14 22:41:19.360010 Hotel: No
ChatterBot November reevaluating
2024-10-14 22:41:19.363893 Mike: India we want you to join our group
2024-10-14 22:41:19.369146 India: Yes
2024-10-14 22:41:19.390151 Golf: Mike, Juliett and Lima, sending you 3
2024-10-14 22:41:19.394136 India: Golf, Zulu and Papa, sending you 3
2024-10-14 22:41:19.395044 Golf: India, Zulu and Echo, sending you 2
2024-10-14 22:41:19.396630 Echo: Mike, Golf, Juliett, Lima and Papa, sending you 2
2024-10-14 22:41:19.397648 Hotel: Mike, Golf, India, Lima and Zulu, sending you 1
2024-10-14 22:41:19.399168 Juliett: Mike, Golf, Lima, Echo and Papa, sending you 2
2024-10-14 22:41:19.400394 Zulu: Mike, Golf, India, Lima and Echo, sending you 2
2024-10-14 22:41:19.401217 Lima: Mike, Golf, Juliett, India, Echo and Papa, sending you 2
2024-10-14 22:41:19.402526 Papa: Mike, Golf and Juliett, sending you 3
2024-10-14 22:41:19.403894 India: Juliett, sending you 1
2024-10-14 22:41:19.404677 Golf: Papa, sending you 4
2024-10-14 22:41:19.405818 Echo: India, sending you 4
2024-10-14 22:41:19.407208 Juliett: India, sending you 1
2024-10-14 22:41:19.408285 Hotel: November, sending you 8
2024-10-14 22:41:19.409668 Zulu: Juliett and Papa, sending you 3
2024-10-14 22:41:19.411046 Papa: India, Lima and Echo, sending you 2
2024-10-14 22:41:19.411685 November: India, sending you 2
2024-10-14 22:41:19.411978 India: Lima, sending you 2
2024-10-14 22:41:19.413046 Echo: Zulu, sending you 3
2024-10-14 22:41:19.413636 Mike: Golf and Papa, sending you 3
2024-10-14 22:41:19.414611 Juliett: Zulu, sending you 3
2024-10-14 22:41:19.415203 Hotel: Echo, sending you 3
2024-10-14 22:41:19.416068 Papa: Zulu, sending you 4
2024-10-14 22:41:19.416508 November: Hotel, sending you 5
2024-10-14 22:41:19.417668 India: Echo, sending you 6
2024-10-14 22:41:19.419013 Mike: India and Echo, sending you 1
2024-10-14 22:41:19.419841 Hotel: Papa, sending you 2
2024-10-14 22:41:19.420993 November: Echo, sending you 3
2024-10-14 22:41:19.422656 Mike: Lima and Zulu, sending you 2
chatterbot Hotel submitting transactions
chatterbot Golf submitting transactions
chatterbot Papa submitting transactions
chatterbot Echo submitting transactions
chatterbot India submitting transactions
chatterbot November submitting transactions
chatterbot Zulu submitting transactions
chatterbot Juliett submitting transactions
chatterbot Mike submitting transactions
chatterbot Lima submitting transactions
ChatterBot Mike round 5
ChatterBot Golf round 5
ChatterBot Juliett round 5
ChatterBot India round 5
ChatterBot November round 5
ChatterBot Lima round 5
ChatterBot Hotel round 5
ChatterBot Zulu round 5
ChatterBot Echo round 5
ChatterBot Papa round 5
2024-10-14 22:41:20.394278 November: We should drop India and Echo
ChatterBot Hotel reevaluating
2024-10-14 22:41:20.399878 Hotel: No
2024-10-14 22:41:20.407135 India: Mike and Juliett, sending you 1
2024-10-14 22:41:20.408133 Golf: Mike, Juliett and Lima, sending you 3
2024-10-14 22:41:20.409704 Hotel: We should drop November
2024-10-14 22:41:20.428319 Mike: Yes
2024-10-14 22:41:20.428488 Golf: Yes
2024-10-14 22:41:20.428610 Juliett: Yes
2024-10-14 22:41:20.428749 India: Yes
2024-10-14 22:41:20.428899 Lima: Yes
2024-10-14 22:41:20.429448 Zulu: Yes
2024-10-14 22:41:20.429548 Echo: Yes
2024-10-14 22:41:20.429660 Papa: Yes
ChatterBot Hotel reevaluating
ChatterBot Hotel reevaluating
ChatterBot Mike reevaluating
ChatterBot Hotel reevaluating
ChatterBot Mike reevaluating
ChatterBot Hotel reevaluating
ChatterBot Mike reevaluating
ChatterBot Hotel reevaluating
ChatterBot Mike reevaluating
ChatterBot Hotel reevaluating
ChatterBot Mike reevaluating
ChatterBot Hotel reevaluating
ChatterBot Mike reevaluating
ChatterBot Hotel reevaluating
ChatterBot Mike reevaluating
2024-10-14 22:41:20.607418 Lima: Mike, Golf, Juliett, Zulu, Echo and Papa, sending you 2
2024-10-14 22:41:20.608396 India: Golf, Zulu and Papa, sending you 3
2024-10-14 22:41:20.608885 Golf: India, Zulu and Echo, sending you 2
2024-10-14 22:41:20.609701 Papa: Mike, Juliett and Zulu, sending you 3
2024-10-14 22:41:20.611294 Echo: Mike, Golf, Juliett, Lima, Zulu and Papa, sending you 2
2024-10-14 22:41:20.612200 Juliett: Mike, Golf, Lima, Echo and Papa, sending you 2
2024-10-14 22:41:20.613783 Zulu: Mike, Golf, India, Lima and Echo, sending you 2
2024-10-14 22:41:20.615337 Golf: Papa, sending you 4
2024-10-14 22:41:20.617195 India: Lima, sending you 2
2024-10-14 22:41:20.618032 November: Sending you 4
2024-10-14 22:41:20.618392 Papa: Golf, sending you 4
2024-10-14 22:41:20.620020 Echo: India, sending you 5
2024-10-14 22:41:20.620867 Juliett: India, sending you 1
2024-10-14 22:41:20.622065 Zulu: Juliett and Papa, sending you 3
2024-10-14 22:41:20.622940 India: Echo, sending you 6
2024-10-14 22:41:20.624663 Papa: India, Lima and Echo, sending you 2
2024-10-14 22:41:20.626674 Juliett: Zulu, sending you 3
2024-10-14 22:41:20.631698 Mike: Golf and Papa, sending you 3
2024-10-14 22:41:20.635676 Mike: Lima, Zulu and Echo, sending you 2
2024-10-14 22:41:20.643677 Hotel: Mike, India, Lima and Zulu, sending you 1
2024-10-14 22:41:20.648670 Hotel: Golf, sending you 2
2024-10-14 22:41:20.653676 Hotel: Echo, sending you 8
2024-10-14 22:41:20.656677 Hotel: Papa, sending you 4
chatterbot India submitting transactions
chatterbot Juliett submitting transactions
chatterbot Golf submitting transactions
chatterbot Echo submitting transactions
chatterbot Mike submitting transactions
chatterbot Papa submitting transactions
chatterbot Zulu submitting transactions
chatterbot Lima submitting transactions
chatterbot Hotel submitting transactions
chatterbot November submitting transactions
ChatterBot Mike round 6
ChatterBot Golf round 6
ChatterBot Juliett round 6
ChatterBot India round 6
ChatterBot November round 6
2024-10-14 22:41:21.570985 Mike: We should replace Lima with Juliett
2024-10-14 22:41:21.582510 Golf: No
2024-10-14 22:41:21.582681 India: No
2024-10-14 22:41:21.582811 Zulu: No
2024-10-14 22:41:21.582928 Echo: No
2024-10-14 22:41:21.583041 Papa: No
ChatterBot Mike reevaluating
ChatterBot Mike reevaluating
ChatterBot Mike reevaluating
ChatterBot Mike reevaluating
ChatterBot Mike reevaluating
ChatterBot Lima round 6
ChatterBot Hotel round 6
ChatterBot Zulu round 6
ChatterBot Echo round 6
ChatterBot Papa round 6
2024-10-14 22:41:21.683700 Golf: Mike, Juliett and Lima, sending you 3
2024-10-14 22:41:21.685157 Mike: Golf and Papa, sending you 3
2024-10-14 22:41:21.685850 Juliett: Mike, Golf, Lima, Echo and Papa, sending you 2
2024-10-14 22:41:21.686701 Hotel: Mike, India, Lima and Zulu, sending you 1
2024-10-14 22:41:21.687752 Echo: Mike, Golf, Juliett, Lima, Zulu and Papa, sending you 2
2024-10-14 22:41:21.689548 Lima: Mike, Golf, Juliett, Zulu, Echo and Papa, sending you 2
2024-10-14 22:41:21.691106 November: Same as last round
2024-10-14 22:41:21.691392 Golf: India, Zulu and Echo, sending you 2
2024-10-14 22:41:21.692577 Mike: Lima, Zulu and Echo, sending you 2
2024-10-14 22:41:21.693180 Hotel: Golf, sending you 2
2024-10-14 22:41:21.693959 Juliett: India, sending you 1
2024-10-14 22:41:21.695116 Echo: India, sending you 5
2024-10-14 22:41:21.695995 Zulu: Mike, Golf, India, Lima and Echo, sending you 2
2024-10-14 22:41:21.696960 Golf: Papa, sending you 4
2024-10-14 22:41:21.698210 India: Golf, Zulu and Papa, sending you 3
2024-10-14 22:41:21.699103 Hotel: Echo, sending you 8
2024-10-14 22:41:21.700710 Juliett: Zulu, sending you 3
2024-10-14 22:41:21.701815 Zulu: Juliett and Papa, sending you 3
2024-10-14 22:41:21.703158 Papa: Mike, India and Zulu, sending you 3
2024-10-14 22:41:21.703901 India: Juliett, sending you 1
2024-10-14 22:41:21.704826 Hotel: Papa, sending you 4
2024-10-14 22:41:21.707714 India: Lima, sending you 2
2024-10-14 22:41:21.709222 Papa: Golf, sending you 4
2024-10-14 22:41:21.713689 India: Echo, sending you 7
2024-10-14 22:41:21.715200 Papa: Juliett, Lima and Echo, sending you 2
chatterbot Golf submitting transactions
chatterbot Zulu submitting transactions
chatterbot Papa submitting transactions
chatterbot Juliett submitting transactions
chatterbot Mike submitting transactions
chatterbot Hotel submitting transactions
chatterbot India submitting transactions
chatterbot November submitting transactions
chatterbot Lima submitting transactions
chatterbot Echo submitting transactions
ChatterBot Mike round 7
ChatterBot Golf round 7
ChatterBot Juliett round 7
ChatterBot India round 7
ChatterBot November round 7
ChatterBot Lima round 7
ChatterBot Hotel round 7
ChatterBot Zulu round 7
ChatterBot Echo round 7
ChatterBot Papa round 7
2024-10-14 22:41:22.931697 Golf: Mike and Lima, sending you 3
2024-10-14 22:41:22.932809 Mike: Golf and Papa, sending you 3
2024-10-14 22:41:22.933758 Lima: Mike, Golf, Juliett, Zulu, Echo and Papa, sending you 2
2024-10-14 22:41:22.936702 Golf: Juliett, India, Zulu and Echo, sending you 2
2024-10-14 22:41:22.938182 Juliett: Mike, Golf, Lima, Echo and Papa, sending you 2
2024-10-14 22:41:22.939166 November: Same as last round
2024-10-14 22:41:22.939467 Mike: Lima, Zulu and Echo, sending you 2
2024-10-14 22:41:22.940667 Golf: Papa, sending you 5
2024-10-14 22:41:22.942007 Juliett: India, sending you 1
2024-10-14 22:41:22.944680 Echo: Mike, Golf, Juliett, Lima, Zulu and Papa, sending you 2
2024-10-14 22:41:22.945965 Hotel: Mike, India, Lima and Zulu, sending you 1
2024-10-14 22:41:22.947650 Juliett: Zulu, sending you 3
2024-10-14 22:41:22.949052 India: Golf and Zulu, sending you 3
2024-10-14 22:41:22.949843 Zulu: Mike, Golf, India, Lima and Echo, sending you 2
2024-10-14 22:41:22.950606 Echo: India, sending you 5
2024-10-14 22:41:22.951804 Hotel: Golf, sending you 2
2024-10-14 22:41:22.953703 Zulu: Juliett and Papa, sending you 3
2024-10-14 22:41:22.955168 India: Juliett and Lima, sending you 1
2024-10-14 22:41:22.955950 Hotel: Echo, sending you 8
2024-10-14 22:41:22.958703 Papa: Mike, India and Zulu, sending you 3
2024-10-14 22:41:22.959693 India: Echo, sending you 7
2024-10-14 22:41:22.961514 Hotel: Papa, sending you 4
2024-10-14 22:41:22.962277 Papa: Golf, sending you 4
2024-10-14 22:41:22.963719 India: Papa, sending you 4
2024-10-14 22:41:22.968698 Papa: Juliett, Lima and Echo, sending you 2
chatterbot Juliett submitting transactions
chatterbot India submitting transactions
chatterbot Papa submitting transactions
chatterbot Echo submitting transactions
chatterbot Golf submitting transactions
chatterbot Mike submitting transactions
chatterbot Lima submitting transactions
chatterbot Zulu submitting transactions
chatterbot November submitting transactions
chatterbot Hotel submitting transactions
ChatterBot Mike round 8
ChatterBot Golf round 8
ChatterBot Juliett round 8
ChatterBot India round 8
ChatterBot November round 8
ChatterBot Lima round 8
ChatterBot Hotel round 8
ChatterBot Zulu round 8
ChatterBot Echo round 8
ChatterBot Papa round 8
2024-10-14 22:41:24.036660 Golf: Mike, India and Lima, sending you 3
2024-10-14 22:41:24.038218 Mike: Golf and Papa, sending you 3
2024-10-14 22:41:24.043050 Golf: Juliett, Zulu and Echo, sending you 2
2024-10-14 22:41:24.044238 Mike: Lima, Zulu and Echo, sending you 2
2024-10-14 22:41:24.045857 India: Golf and Zulu, sending you 3
2024-10-14 22:41:24.046882 Golf: Papa, sending you 4
2024-10-14 22:41:24.049679 Papa: Mike, India and Zulu, sending you 3
2024-10-14 22:41:24.052054 India: Juliett and Lima, sending you 1
2024-10-14 22:41:24.053803 Hotel: Mike, India, Lima and Zulu, sending you 1
2024-10-14 22:41:24.054564 Echo: Mike, Golf, Juliett, Lima, Zulu and Papa, sending you 2
2024-10-14 22:41:24.056189 Papa: Golf, sending you 4
2024-10-14 22:41:24.057810 India: Echo, sending you 7
2024-10-14 22:41:24.058876 Hotel: Golf, sending you 2
2024-10-14 22:41:24.060628 Juliett: Mike, sending you 1
2024-10-14 22:41:24.062746 Lima: Mike, Golf, Juliett, Zulu, Echo and Papa, sending you 2
2024-10-14 22:41:24.065066 Echo: India, sending you 5
2024-10-14 22:41:24.067222 Zulu: Mike, Golf, India, Lima and Echo, sending you 2
2024-10-14 22:41:24.069551 November: Same as last round
2024-10-14 22:41:24.069982 India: Papa, sending you 4
2024-10-14 22:41:24.071901 Papa: Juliett, Lima and Echo, sending you 2
2024-10-14 22:41:24.073796 Hotel: Echo, sending you 8
2024-10-14 22:41:24.076216 Juliett: Golf, India, Lima, Echo and Papa, sending you 2
2024-10-14 22:41:24.078517 Zulu: Juliett and Papa, sending you 3
2024-10-14 22:41:24.082203 Hotel: Papa, sending you 4
2024-10-14 22:41:24.083658 Juliett: Zulu, sending you 3
chatterbot Golf submitting transactions
chatterbot Mike submitting transactions
chatterbot Echo submitting transactions
chatterbot Zulu submitting transactions
chatterbot India submitting transactions
chatterbot Juliett submitting transactions
chatterbot November submitting transactions
chatterbot Papa submitting transactions
chatterbot Lima submitting transactions
chatterbot Hotel submitting transactions
ChatterBot Mike round 9
ChatterBot Golf round 9
ChatterBot Juliett round 9
ChatterBot India round 9
ChatterBot November round 9
ChatterBot Lima round 9
ChatterBot Hotel round 9
ChatterBot Zulu round 9
ChatterBot Echo round 9
ChatterBot Papa round 9
2024-10-14 22:41:25.174546 Mike: We should replace Lima with Juliett
2024-10-14 22:41:25.194722 Golf: No
2024-10-14 22:41:25.194932 India: No
2024-10-14 22:41:25.195100 Zulu: No
2024-10-14 22:41:25.195691 Echo: No
2024-10-14 22:41:25.195845 Papa: No
ChatterBot Mike reevaluating
ChatterBot Mike reevaluating
ChatterBot Mike reevaluating
ChatterBot Mike reevaluating
2024-10-14 22:41:25.318367 Juliett: We should drop Mike
2024-10-14 22:41:25.342532 Golf: No
2024-10-14 22:41:25.342723 India: No
2024-10-14 22:41:25.342863 Lima: No
2024-10-14 22:41:25.343021 Zulu: No
2024-10-14 22:41:25.343151 Echo: No
2024-10-14 22:41:25.343592 Papa: No
ChatterBot Juliett reevaluating
ChatterBot Juliett reevaluating
ChatterBot Juliett reevaluating
ChatterBot Juliett reevaluating
ChatterBot Juliett reevaluating
ChatterBot Juliett reevaluating
2024-10-14 22:41:25.526714 Hotel: Golf, sending you 3
2024-10-14 22:41:25.528659 India: Golf and Zulu, sending you 3
2024-10-14 22:41:25.530400 November: Sending you 3
2024-10-14 22:41:25.530799 Golf: Mike, India and Lima, sending you 3
2024-10-14 22:41:25.533660 Lima: Mike, Golf, Juliett, Zulu, Echo and Papa, sending you 2
2024-10-14 22:41:25.535535 Hotel: Lima, sending you 1
2024-10-14 22:41:25.537536 India: Juliett, sending you 2
2024-10-14 22:41:25.539753 Golf: Juliett, Zulu and Echo, sending you 2
2024-10-14 22:41:25.542094 Juliett: Mike, sending you 1
2024-10-14 22:41:25.544485 Echo: Mike, Golf, Juliett, Lima, Zulu and Papa, sending you 2
2024-10-14 22:41:25.547404 Hotel: Echo, sending you 9
2024-10-14 22:41:25.549673 Zulu: Mike, Golf, India, Lima and Echo, sending you 2
2024-10-14 22:41:25.552047 India: Echo, sending you 7
2024-10-14 22:41:25.554463 Papa: Mike, India and Zulu, sending you 3
2024-10-14 22:41:25.557084 Golf: Papa, sending you 4
2024-10-14 22:41:25.559446 Juliett: Golf, India, Lima, Echo and Papa, sending you 2
2024-10-14 22:41:25.561752 Echo: India, sending you 5
2024-10-14 22:41:25.564762 Hotel: Papa, sending you 5
2024-10-14 22:41:25.566523 Zulu: Juliett and Papa, sending you 3
2024-10-14 22:41:25.568303 Mike: Golf and Papa, sending you 3
2024-10-14 22:41:25.569716 India: Papa, sending you 4
2024-10-14 22:41:25.571622 Papa: Golf, sending you 4
2024-10-14 22:41:25.572933 Juliett: Zulu, sending you 3
2024-10-14 22:41:25.576027 Mike: Lima, Zulu and Echo, sending you 2
2024-10-14 22:41:25.577415 Papa: Juliett, Lima and Echo, sending you 2
chatterbot Juliett submitting transactions
chatterbot Mike submitting transactions
chatterbot Echo submitting transactions
chatterbot Golf submitting transactions
chatterbot November submitting transactions
chatterbot India submitting transactions
chatterbot Hotel submitting transactions
chatterbot Papa submitting transactions
chatterbot Lima submitting transactions
chatterbot Zulu submitting transactions
ChatterBot Mike round 10
ChatterBot Golf round 10
ChatterBot Juliett round 10
ChatterBot India round 10
ChatterBot November round 10
ChatterBot Lima round 10
ChatterBot Hotel round 10
ChatterBot Zulu round 10
ChatterBot Echo round 10
ChatterBot Papa round 10
2024-10-14 22:41:26.520672 Mike: Golf and Papa, sending you 3
2024-10-14 22:41:26.522684 India: Golf and Zulu, sending you 3
2024-10-14 22:41:26.525724 Hotel: Golf, sending you 3
2024-10-14 22:41:26.528986 Mike: Lima, Zulu and Echo, sending you 2
2024-10-14 22:41:26.530326 Lima: Mike, Golf, Juliett, Zulu, Echo and Papa, sending you 2
2024-10-14 22:41:26.532492 India: Juliett, sending you 2
2024-10-14 22:41:26.533442 Juliett: Mike, sending you 1
2024-10-14 22:41:26.535071 Golf: Mike and India, sending you 3
2024-10-14 22:41:26.536578 Hotel: Lima, sending you 1
2024-10-14 22:41:26.537392 Echo: Mike, Golf, Juliett, Lima, Zulu and Papa, sending you 2
2024-10-14 22:41:26.539299 India: Echo, sending you 7
2024-10-14 22:41:26.540304 November: Same as last round
2024-10-14 22:41:26.540659 Juliett: Golf, India, Lima, Echo and Papa, sending you 2
2024-10-14 22:41:26.542314 Golf: Juliett, Lima, Zulu and Echo, sending you 2
2024-10-14 22:41:26.544971 Hotel: Echo, sending you 9
2024-10-14 22:41:26.547159 Echo: India, sending you 5
2024-10-14 22:41:26.549160 Zulu: Mike, Golf, India, Lima and Echo, sending you 2
2024-10-14 22:41:26.550307 India: Papa, sending you 4
2024-10-14 22:41:26.551820 Juliett: Zulu, sending you 3
2024-10-14 22:41:26.553165 Golf: Papa, sending you 5
2024-10-14 22:41:26.555115 Hotel: Papa, sending you 5
2024-10-14 22:41:26.557205 Zulu: Juliett and Papa, sending you 3
2024-10-14 22:41:26.559547 Papa: Mike, India and Zulu, sending you 3
