ChatterBot X-ray round 1
ChatterBot Mike round 1
ChatterBot Echo round 1
ChatterBot Juliett round 1
ChatterBot Oscar round 1
ChatterBot Tango round 1
ChatterBot Delta round 1
ChatterBot Foxtrot round 1
ChatterBot Charlie round 1
randomSelections X-ray: {X-ray, Tango, Delta, Zulu, Juliett, Oscar, Charlie} 
2024-10-14 22:41:11.694529 X-ray: We should group up
ChatterBot Tango reevaluating
ChatterBot Delta reevaluating
ChatterBot Juliett reevaluating
ChatterBot Oscar reevaluating
ChatterBot Charlie reevaluating
2024-10-14 22:41:11.709830 Tango: Yes
2024-10-14 22:41:11.710421 Delta: Yes
2024-10-14 22:41:11.710587 Juliett: Yes
2024-10-14 22:41:11.710747 Oscar: Yes
2024-10-14 22:41:11.710873 Charlie: Yes
ChatterBot Delta reevaluating
ChatterBot Juliett reevaluating
ChatterBot Oscar reevaluating
ChatterBot Charlie reevaluating
ChatterBot Tango reevaluating
ChatterBot Juliett reevaluating
ChatterBot Oscar reevaluating
ChatterBot Charlie reevaluating
ChatterBot Tango reevaluating
ChatterBot Delta reevaluating
ChatterBot Oscar reevaluating
ChatterBot Charlie reevaluating
ChatterBot Tango reevaluating
ChatterBot Delta reevaluating
ChatterBot Juliett reevaluating
ChatterBot Charlie reevaluating
ChatterBot Tango reevaluating
ChatterBot Delta reevaluating
ChatterBot Juliett reevaluating
ChatterBot Oscar reevaluating
randomSelections Mike: {Mike, Oscar, Delta, Foxtrot, Charlie, Tango, Juliett} 
2024-10-14 22:41:11.775692 Mike: Group up?
ChatterBot Oscar reevaluating
ChatterBot Delta reevaluating
ChatterBot Foxtrot reevaluating
ChatterBot Charlie reevaluating
ChatterBot Tango reevaluating
ChatterBot Juliett reevaluating
2024-10-14 22:41:11.790064 Oscar: No
2024-10-14 22:41:11.790301 Delta: No
2024-10-14 22:41:11.790435 Foxtrot: Yes
2024-10-14 22:41:11.790567 Charlie: No
2024-10-14 22:41:11.790781 Tango: No
2024-10-14 22:41:11.790986 Juliett: No
ChatterBot Delta reevaluating
ChatterBot Foxtrot reevaluating
ChatterBot Charlie reevaluating
ChatterBot Tango reevaluating
ChatterBot Juliett reevaluating
ChatterBot Oscar reevaluating
ChatterBot Foxtrot reevaluating
ChatterBot Charlie reevaluating
ChatterBot Tango reevaluating
ChatterBot Juliett reevaluating
ChatterBot Oscar reevaluating
ChatterBot Delta reevaluating
ChatterBot Charlie reevaluating
ChatterBot Tango reevaluating
ChatterBot Juliett reevaluating
ChatterBot Oscar reevaluating
ChatterBot Delta reevaluating
ChatterBot Foxtrot reevaluating
ChatterBot Tango reevaluating
ChatterBot Juliett reevaluating
ChatterBot Oscar reevaluating
ChatterBot Delta reevaluating
ChatterBot Foxtrot reevaluating
ChatterBot Charlie reevaluating
ChatterBot Juliett reevaluating
ChatterBot Oscar reevaluating
ChatterBot Delta reevaluating
ChatterBot Foxtrot reevaluating
ChatterBot Charlie reevaluating
ChatterBot Tango reevaluating
ChatterBot Zulu round 1
ChatterBot Zulu reevaluating
ChatterBot Zulu reevaluating
ChatterBot Zulu reevaluating
ChatterBot Zulu reevaluating
ChatterBot Zulu reevaluating
ChatterBot Zulu reevaluating
2024-10-14 22:41:11.995812 Zulu: Yes
ChatterBot Tango reevaluating
ChatterBot Delta reevaluating
ChatterBot Juliett reevaluating
ChatterBot Oscar reevaluating
ChatterBot Charlie reevaluating
randomSelections Echo: {Echo, Juliett} 
2024-10-14 22:41:12.029305 Echo: Friends?
ChatterBot Juliett reevaluating
2024-10-14 22:41:12.032131 Juliett: No
2024-10-14 22:41:12.058686 X-ray: Tango, Delta, Charlie and Zulu, sending you 1
2024-10-14 22:41:12.060193 Delta: X-ray and Juliett, sending you 1
2024-10-14 22:41:12.061688 Mike: Juliett, sending you 6
2024-10-14 22:41:12.062873 Foxtrot: Mike and Charlie, sending you 1
2024-10-14 22:41:12.063562 Echo: Sending you 15
2024-10-14 22:41:12.064526 Oscar: X-ray and Charlie, sending you 3
2024-10-14 22:41:12.065230 Tango: X-ray, sending you 3
2024-10-14 22:41:12.066606 Foxtrot: Tango, sending you 2
2024-10-14 22:41:12.067900 Delta: Oscar and Zulu, sending you 2
2024-10-14 22:41:12.068771 Mike: Oscar, sending you 4
2024-10-14 22:41:12.070141 Zulu: X-ray and Juliett, sending you 4
2024-10-14 22:41:12.071417 Oscar: Juliett, sending you 5
2024-10-14 22:41:12.072030 Tango: Juliett, sending you 4
2024-10-14 22:41:12.073363 Juliett: X-ray, Tango and Delta, sending you 3
2024-10-14 22:41:12.074008 Delta: Tango, sending you 4
2024-10-14 22:41:12.075942 Mike: Tango, sending you 3
2024-10-14 22:41:12.077158 Zulu: Oscar, sending you 3
2024-10-14 22:41:12.078088 Oscar: Tango, sending you 1
2024-10-14 22:41:12.080017 Tango: Oscar, Delta, Charlie and Zulu, sending you 2
2024-10-14 22:41:12.082136 Juliett: Charlie, sending you 2
2024-10-14 22:41:12.083920 Delta: Charlie, sending you 3
2024-10-14 22:41:12.085450 Mike: Delta, Foxtrot and Charlie, sending you 1
2024-10-14 22:41:12.086278 Zulu: Tango, sending you 1
2024-10-14 22:41:12.087782 Oscar: Zulu, sending you 4
2024-10-14 22:41:12.088514 Juliett: Zulu, sending you 4
2024-10-14 22:41:12.091745 Zulu: Delta and Charlie, sending you 2
chatterbot X-ray submitting transactions
chatterbot Mike submitting transactions
chatterbot Echo submitting transactions
chatterbot Juliett submitting transactions
chatterbot Foxtrot submitting transactions
chatterbot Charlie submitting transactions
chatterbot Zulu submitting transactions
chatterbot Tango submitting transactions
chatterbot Delta submitting transactions
chatterbot Oscar submitting transactions
ChatterBot X-ray round 2
ChatterBot Mike round 2
ChatterBot Echo round 2
ChatterBot Juliett round 2
ChatterBot Oscar round 2
ChatterBot Tango round 2
ChatterBot Delta round 2
ChatterBot Foxtrot round 2
ChatterBot Charlie round 2
ChatterBot Zulu round 2
2024-10-14 22:41:13.528677 Oscar: We should replace Charlie with Mike
ChatterBot X-ray reevaluating
ChatterBot Juliett reevaluating
ChatterBot Tango reevaluating
ChatterBot Delta reevaluating
ChatterBot Zulu reevaluating
2024-10-14 22:41:13.566208 X-ray: Yes
2024-10-14 22:41:13.566396 Juliett: Yes
2024-10-14 22:41:13.566570 Tango: Yes
2024-10-14 22:41:13.567159 Delta: Yes
2024-10-14 22:41:13.567339 Zulu: Yes
ChatterBot Juliett reevaluating
ChatterBot Tango reevaluating
ChatterBot Delta reevaluating
ChatterBot Zulu reevaluating
ChatterBot X-ray reevaluating
ChatterBot Tango reevaluating
ChatterBot Delta reevaluating
ChatterBot Zulu reevaluating
ChatterBot X-ray reevaluating
ChatterBot Juliett reevaluating
ChatterBot Delta reevaluating
ChatterBot Zulu reevaluating
ChatterBot X-ray reevaluating
ChatterBot Juliett reevaluating
ChatterBot Tango reevaluating
ChatterBot Zulu reevaluating
ChatterBot X-ray reevaluating
ChatterBot Juliett reevaluating
ChatterBot Tango reevaluating
ChatterBot Delta reevaluating
2024-10-14 22:41:13.895687 Charlie: We should add Mike and Echo
ChatterBot X-ray reevaluating
ChatterBot Tango reevaluating
ChatterBot Delta reevaluating
ChatterBot Zulu reevaluating
ChatterBot Juliett reevaluating
2024-10-14 22:41:13.948222 X-ray: No
2024-10-14 22:41:13.948719 Tango: No
2024-10-14 22:41:13.949036 Delta: No
2024-10-14 22:41:13.949290 Zulu: No
2024-10-14 22:41:13.950310 Juliett: Yes
2024-10-14 22:41:13.950602 Oscar: No
ChatterBot Tango reevaluating
ChatterBot Delta reevaluating
ChatterBot Zulu reevaluating
ChatterBot Juliett reevaluating
ChatterBot X-ray reevaluating
ChatterBot Delta reevaluating
ChatterBot Zulu reevaluating
ChatterBot Juliett reevaluating
ChatterBot X-ray reevaluating
ChatterBot Tango reevaluating
ChatterBot Zulu reevaluating
ChatterBot Juliett reevaluating
ChatterBot X-ray reevaluating
ChatterBot Tango reevaluating
ChatterBot Delta reevaluating
ChatterBot Juliett reevaluating
ChatterBot X-ray reevaluating
ChatterBot Tango reevaluating
ChatterBot Delta reevaluating
ChatterBot Zulu reevaluating
ChatterBot X-ray reevaluating
ChatterBot Tango reevaluating
ChatterBot Delta reevaluating
ChatterBot Zulu reevaluating
ChatterBot Juliett reevaluating
2024-10-14 22:41:14.274856 Echo: Let's form a team
ChatterBot X-ray reevaluating
ChatterBot Mike reevaluating
ChatterBot Juliett reevaluating
ChatterBot Tango reevaluating
ChatterBot Delta reevaluating
ChatterBot Zulu reevaluating
2024-10-14 22:41:14.322093 X-ray: No
2024-10-14 22:41:14.322271 Mike: No
2024-10-14 22:41:14.322458 Juliett: Yes
2024-10-14 22:41:14.323156 Tango: Yes
2024-10-14 22:41:14.323299 Delta: No
2024-10-14 22:41:14.323451 Zulu: No
ChatterBot Echo reevaluating
ChatterBot Mike reevaluating
ChatterBot Juliett reevaluating
ChatterBot Tango reevaluating
ChatterBot Delta reevaluating
ChatterBot Zulu reevaluating
ChatterBot Echo reevaluating
ChatterBot X-ray reevaluating
ChatterBot Juliett reevaluating
ChatterBot Tango reevaluating
ChatterBot Delta reevaluating
ChatterBot Zulu reevaluating
ChatterBot Echo reevaluating
ChatterBot X-ray reevaluating
ChatterBot Mike reevaluating
ChatterBot Tango reevaluating
ChatterBot Delta reevaluating
ChatterBot Zulu reevaluating
ChatterBot Echo reevaluating
ChatterBot X-ray reevaluating
ChatterBot Mike reevaluating
ChatterBot Juliett reevaluating
ChatterBot Delta reevaluating
ChatterBot Zulu reevaluating
ChatterBot Echo reevaluating
ChatterBot X-ray reevaluating
ChatterBot Mike reevaluating
ChatterBot Juliett reevaluating
ChatterBot Tango reevaluating
ChatterBot Zulu reevaluating
ChatterBot Echo reevaluating
ChatterBot X-ray reevaluating
ChatterBot Mike reevaluating
ChatterBot Juliett reevaluating
ChatterBot Tango reevaluating
ChatterBot Delta reevaluating
2024-10-14 22:41:14.639704 Foxtrot: Friends?
ChatterBot Mike reevaluating
2024-10-14 22:41:14.644911 Mike: No
2024-10-14 22:41:14.653710 Oscar: Mike we want you to join our group
ChatterBot Mike reevaluating
2024-10-14 22:41:14.659425 Mike: No
ChatterBot X-ray reevaluating
ChatterBot Juliett reevaluating
ChatterBot Tango reevaluating
ChatterBot Delta reevaluating
ChatterBot Zulu reevaluating
2024-10-14 22:41:14.687143 X-ray: We should replace Charlie with Echo
ChatterBot Juliett reevaluating
ChatterBot Tango reevaluating
ChatterBot Delta reevaluating
ChatterBot Zulu reevaluating
2024-10-14 22:41:14.709055 Oscar: No
2024-10-14 22:41:14.709234 Juliett: Yes
2024-10-14 22:41:14.709359 Tango: Yes
2024-10-14 22:41:14.709470 Delta: Yes
2024-10-14 22:41:14.709581 Zulu: Yes
ChatterBot X-ray reevaluating
ChatterBot Juliett reevaluating
ChatterBot Tango reevaluating
ChatterBot Delta reevaluating
ChatterBot Zulu reevaluating
ChatterBot X-ray reevaluating
ChatterBot Tango reevaluating
ChatterBot Delta reevaluating
ChatterBot Zulu reevaluating
ChatterBot X-ray reevaluating
ChatterBot Juliett reevaluating
ChatterBot Delta reevaluating
ChatterBot Zulu reevaluating
ChatterBot X-ray reevaluating
ChatterBot Juliett reevaluating
ChatterBot Tango reevaluating
ChatterBot Zulu reevaluating
ChatterBot X-ray reevaluating
ChatterBot Juliett reevaluating
ChatterBot Tango reevaluating
ChatterBot Delta reevaluating
2024-10-14 22:41:14.979211 Charlie: Mike and Echo we want you to join our group
ChatterBot Mike reevaluating
ChatterBot Echo reevaluating
2024-10-14 22:41:14.996909 Mike: No
2024-10-14 22:41:14.997188 Echo: No
ChatterBot X-ray reevaluating
ChatterBot Echo reevaluating
ChatterBot Tango reevaluating
ChatterBot Delta reevaluating
ChatterBot Zulu reevaluating
ChatterBot X-ray reevaluating
ChatterBot Mike reevaluating
ChatterBot Tango reevaluating
ChatterBot Delta reevaluating
ChatterBot Zulu reevaluating
2024-10-14 22:41:15.314734 X-ray: Echo we want you to join our group
2024-10-14 22:41:15.319490 Echo: No
ChatterBot X-ray reevaluating
2024-10-14 22:41:15.345977 Zulu: Echo we want you to join our group
2024-10-14 22:41:15.350840 Echo: No
2024-10-14 22:41:15.707168 Oscar: X-ray and Juliett, sending you 1
2024-10-14 22:41:15.707627 Juliett: Mike, sending you 3
2024-10-14 22:41:15.709079 Delta: X-ray, sending you 2
2024-10-14 22:41:15.709488 Charlie: X-ray, Mike, Juliett, Oscar, Tango, Delta and Zulu, sending you 2
2024-10-14 22:41:15.709976 Foxtrot: Sending you 8
2024-10-14 22:41:15.712012 Tango: X-ray and Oscar, sending you 2
2024-10-14 22:41:15.712400 Echo: Mike and Juliett, sending you 4
2024-10-14 22:41:15.712779 Mike: Echo, Juliett, Oscar, Tango and Delta, sending you 3
chatterbot Oscar submitting transactions
chatterbot Juliett submitting transactions
chatterbot Zulu submitting transactions
2024-10-14 22:41:15.717086 Oscar: Mike and Zulu, sending you 4
2024-10-14 22:41:15.717559 Juliett: Echo, sending you 5
2024-10-14 22:41:15.717939 Delta: Mike, sending you 1
2024-10-14 22:41:15.720129 Tango: Mike and Juliett, sending you 3
2024-10-14 22:41:15.720535 Echo: Oscar, Tango, Delta and Zulu, sending you 3
2024-10-14 22:41:15.722688 Mike: Zulu, sending you 1
2024-10-14 22:41:15.723103 Zulu: X-ray, sending you 2
2024-10-14 22:41:15.723459 Oscar: Tango and Delta, sending you 3
2024-10-14 22:41:15.729477 Juliett: Oscar, Tango and Zulu, sending you 2
2024-10-14 22:41:15.729998 Tango: Delta, sending you 4
2024-10-14 22:41:15.731428 Delta: Juliett, sending you 4
2024-10-14 22:41:15.731871 Zulu: Juliett and Oscar, sending you 4
chatterbot Charlie submitting transactions
2024-10-14 22:41:16.019490 Tango: Zulu, sending you 1
2024-10-14 22:41:16.020174 Zulu: Tango and Delta, sending you 3
2024-10-14 22:41:16.021259 Delta: Tango and Zulu, sending you 3
2024-10-14 22:41:16.021933 X-ray: Echo and Delta, sending you 1
chatterbot Foxtrot submitting transactions
chatterbot Mike submitting transactions
chatterbot Echo submitting transactions
2024-10-14 22:41:16.126173 X-ray: Juliett, Oscar and Tango, sending you 2
chatterbot Delta submitting transactions
2024-10-14 22:41:16.238714 X-ray: Zulu, sending you 3
chatterbot Tango submitting transactions
chatterbot X-ray submitting transactions
ChatterBot X-ray round 3
ChatterBot Mike round 3
ChatterBot Echo round 3
ChatterBot Juliett round 3
ChatterBot Oscar round 3
ChatterBot Tango round 3
ChatterBot Delta round 3
ChatterBot Foxtrot round 3
ChatterBot Charlie round 3
ChatterBot Zulu round 3
2024-10-14 22:41:16.710640 X-ray: We should replace Echo with Charlie
ChatterBot Oscar reevaluating
ChatterBot Juliett reevaluating
ChatterBot Tango reevaluating
ChatterBot Delta reevaluating
ChatterBot Zulu reevaluating
2024-10-14 22:41:16.738623 Oscar: No
2024-10-14 22:41:16.739407 Juliett: No
2024-10-14 22:41:16.740338 Tango: No
2024-10-14 22:41:16.740685 Delta: No
2024-10-14 22:41:16.741022 Zulu: No
ChatterBot Juliett reevaluating
ChatterBot Tango reevaluating
ChatterBot Delta reevaluating
ChatterBot Zulu reevaluating
ChatterBot Oscar reevaluating
ChatterBot Tango reevaluating
ChatterBot Delta reevaluating
ChatterBot Zulu reevaluating
ChatterBot Oscar reevaluating
ChatterBot Juliett reevaluating
ChatterBot Delta reevaluating
ChatterBot Zulu reevaluating
ChatterBot Oscar reevaluating
ChatterBot Juliett reevaluating
ChatterBot Tango reevaluating
ChatterBot Zulu reevaluating
ChatterBot Oscar reevaluating
ChatterBot Juliett reevaluating
ChatterBot Tango reevaluating
ChatterBot Delta reevaluating
2024-10-14 22:41:16.959125 Oscar: We should add Echo and Charlie
2024-10-14 22:41:16.959545 Zulu: We should add Charlie
ChatterBot X-ray reevaluating
ChatterBot Mike reevaluating
ChatterBot Juliett reevaluating
ChatterBot Tango reevaluating
ChatterBot Delta reevaluating
ChatterBot Zulu reevaluating
ChatterBot Echo reevaluating
ChatterBot Oscar reevaluating
2024-10-14 22:41:17.027348 X-ray: Yes
ChatterBot X-ray reevaluating
2024-10-14 22:41:17.036333 Mike: No
2024-10-14 22:41:17.036548 Juliett: Yes
ChatterBot Juliett reevaluating
2024-10-14 22:41:17.045528 Tango: Yes
ChatterBot Tango reevaluating
2024-10-14 22:41:17.054600 Delta: Yes
ChatterBot Delta reevaluating
2024-10-14 22:41:17.063281 Zulu: Yes
2024-10-14 22:41:17.064766 Echo: No
2024-10-14 22:41:17.064974 Oscar: Yes
2024-10-14 22:41:17.065207 X-ray: Yes
2024-10-14 22:41:17.065377 Juliett: Yes
2024-10-14 22:41:17.065539 Tango: Yes
2024-10-14 22:41:17.066133 Delta: Yes
ChatterBot Oscar reevaluating
ChatterBot Mike reevaluating
ChatterBot Juliett reevaluating
ChatterBot Tango reevaluating
ChatterBot Delta reevaluating
ChatterBot Zulu reevaluating
ChatterBot Oscar reevaluating
ChatterBot X-ray reevaluating
ChatterBot Juliett reevaluating
ChatterBot Tango reevaluating
ChatterBot Delta reevaluating
ChatterBot Zulu reevaluating
ChatterBot Echo reevaluating
ChatterBot Oscar reevaluating
ChatterBot X-ray reevaluating
ChatterBot Mike reevaluating
ChatterBot Tango reevaluating
ChatterBot Delta reevaluating
ChatterBot Zulu reevaluating
ChatterBot Echo reevaluating
ChatterBot Oscar reevaluating
ChatterBot X-ray reevaluating
ChatterBot Mike reevaluating
ChatterBot Juliett reevaluating
ChatterBot Delta reevaluating
ChatterBot Zulu reevaluating
ChatterBot Echo reevaluating
ChatterBot Oscar reevaluating
ChatterBot X-ray reevaluating
ChatterBot Mike reevaluating
ChatterBot Juliett reevaluating
ChatterBot Tango reevaluating
ChatterBot Zulu reevaluating
ChatterBot Echo reevaluating
ChatterBot Oscar reevaluating
ChatterBot X-ray reevaluating
ChatterBot Mike reevaluating
ChatterBot Juliett reevaluating
ChatterBot Tango reevaluating
ChatterBot Delta reevaluating
ChatterBot Echo reevaluating
ChatterBot Oscar reevaluating
ChatterBot X-ray reevaluating
ChatterBot Juliett reevaluating
ChatterBot Tango reevaluating
ChatterBot Delta reevaluating
ChatterBot Zulu reevaluating
ChatterBot X-ray reevaluating
ChatterBot Juliett reevaluating
ChatterBot Tango reevaluating
ChatterBot Delta reevaluating
ChatterBot Zulu reevaluating
ChatterBot Oscar reevaluating
ChatterBot Juliett reevaluating
ChatterBot Tango reevaluating
ChatterBot Delta reevaluating
ChatterBot Zulu reevaluating
ChatterBot Oscar reevaluating
ChatterBot X-ray reevaluating
ChatterBot Tango reevaluating
ChatterBot Delta reevaluating
ChatterBot Zulu reevaluating
ChatterBot Oscar reevaluating
ChatterBot X-ray reevaluating
ChatterBot Juliett reevaluating
ChatterBot Delta reevaluating
ChatterBot Zulu reevaluating
2024-10-14 22:41:17.587677 Mike: We should add Charlie
ChatterBot Oscar reevaluating
ChatterBot X-ray reevaluating
ChatterBot Juliett reevaluating
ChatterBot Tango reevaluating
ChatterBot Zulu reevaluating
ChatterBot Echo reevaluating
ChatterBot Juliett reevaluating
ChatterBot Oscar reevaluating
ChatterBot Tango reevaluating
ChatterBot Delta reevaluating
ChatterBot Zulu reevaluating
2024-10-14 22:41:17.636881 Echo: No
2024-10-14 22:41:17.637147 Juliett: Yes
2024-10-14 22:41:17.637301 Oscar: Yes
2024-10-14 22:41:17.637514 Tango: Yes
2024-10-14 22:41:17.637719 Delta: Yes
2024-10-14 22:41:17.637971 Zulu: Yes
ChatterBot Mike reevaluating
ChatterBot Juliett reevaluating
ChatterBot Oscar reevaluating
ChatterBot Tango reevaluating
ChatterBot Delta reevaluating
ChatterBot Zulu reevaluating
ChatterBot Mike reevaluating
ChatterBot Echo reevaluating
ChatterBot Oscar reevaluating
ChatterBot Tango reevaluating
ChatterBot Delta reevaluating
ChatterBot Zulu reevaluating
ChatterBot Mike reevaluating
ChatterBot Echo reevaluating
ChatterBot Juliett reevaluating
ChatterBot Tango reevaluating
ChatterBot Delta reevaluating
ChatterBot Zulu reevaluating
ChatterBot Mike reevaluating
ChatterBot Echo reevaluating
ChatterBot Juliett reevaluating
ChatterBot Oscar reevaluating
ChatterBot Delta reevaluating
ChatterBot Zulu reevaluating
ChatterBot Mike reevaluating
ChatterBot Echo reevaluating
ChatterBot Juliett reevaluating
ChatterBot Oscar reevaluating
ChatterBot Tango reevaluating
ChatterBot Zulu reevaluating
ChatterBot Mike reevaluating
ChatterBot Echo reevaluating
ChatterBot Juliett reevaluating
ChatterBot Oscar reevaluating
ChatterBot Tango reevaluating
ChatterBot Delta reevaluating
2024-10-14 22:41:17.815817 Zulu: We should add Mike
ChatterBot X-ray reevaluating
ChatterBot Echo reevaluating
ChatterBot Juliett reevaluating
ChatterBot Oscar reevaluating
ChatterBot Tango reevaluating
ChatterBot Delta reevaluating
2024-10-14 22:41:17.839674 X-ray: No
2024-10-14 22:41:17.839806 Echo: Yes
2024-10-14 22:41:17.839897 Juliett: Yes
2024-10-14 22:41:17.839996 Oscar: Yes
2024-10-14 22:41:17.840102 Tango: Yes
2024-10-14 22:41:17.840207 Delta: Yes
ChatterBot Echo reevaluating
ChatterBot Juliett reevaluating
ChatterBot Oscar reevaluating
ChatterBot Tango reevaluating
ChatterBot Delta reevaluating
ChatterBot Zulu reevaluating
ChatterBot X-ray reevaluating
ChatterBot Juliett reevaluating
ChatterBot Oscar reevaluating
ChatterBot Tango reevaluating
ChatterBot Delta reevaluating
ChatterBot Zulu reevaluating
ChatterBot X-ray reevaluating
ChatterBot Echo reevaluating
ChatterBot Oscar reevaluating
ChatterBot Tango reevaluating
ChatterBot Delta reevaluating
ChatterBot Zulu reevaluating
ChatterBot X-ray reevaluating
ChatterBot Echo reevaluating
ChatterBot Juliett reevaluating
ChatterBot Tango reevaluating
ChatterBot Delta reevaluating
ChatterBot Zulu reevaluating
ChatterBot X-ray reevaluating
ChatterBot Echo reevaluating
ChatterBot Juliett reevaluating
ChatterBot Oscar reevaluating
ChatterBot Delta reevaluating
ChatterBot Zulu reevaluating
ChatterBot X-ray reevaluating
ChatterBot Echo reevaluating
ChatterBot Juliett reevaluating
ChatterBot Oscar reevaluating
ChatterBot Tango reevaluating
ChatterBot Zulu reevaluating
2024-10-14 22:41:18.009979 Charlie: We should drop Echo
ChatterBot Mike reevaluating
ChatterBot Juliett reevaluating
ChatterBot X-ray reevaluating
ChatterBot Oscar reevaluating
ChatterBot Tango reevaluating
ChatterBot Delta reevaluating
ChatterBot Zulu reevaluating
2024-10-14 22:41:18.038477 Mike: No
2024-10-14 22:41:18.038598 Juliett: No
2024-10-14 22:41:18.038700 X-ray: No
2024-10-14 22:41:18.038828 Oscar: No
2024-10-14 22:41:18.038924 Tango: No
2024-10-14 22:41:18.039469 Delta: No
2024-10-14 22:41:18.039553 Zulu: No
ChatterBot Charlie reevaluating
ChatterBot Juliett reevaluating
ChatterBot X-ray reevaluating
ChatterBot Oscar reevaluating
ChatterBot Tango reevaluating
ChatterBot Delta reevaluating
ChatterBot Zulu reevaluating
ChatterBot Charlie reevaluating
ChatterBot Mike reevaluating
ChatterBot X-ray reevaluating
ChatterBot Oscar reevaluating
ChatterBot Tango reevaluating
ChatterBot Delta reevaluating
ChatterBot Zulu reevaluating
ChatterBot Charlie reevaluating
ChatterBot Mike reevaluating
ChatterBot Juliett reevaluating
ChatterBot Oscar reevaluating
ChatterBot Tango reevaluating
ChatterBot Delta reevaluating
ChatterBot Zulu reevaluating
ChatterBot Charlie reevaluating
ChatterBot Mike reevaluating
ChatterBot Juliett reevaluating
ChatterBot X-ray reevaluating
ChatterBot Tango reevaluating
ChatterBot Delta reevaluating
ChatterBot Zulu reevaluating
ChatterBot Charlie reevaluating
ChatterBot Mike reevaluating
ChatterBot Juliett reevaluating
ChatterBot X-ray reevaluating
ChatterBot Oscar reevaluating
ChatterBot Delta reevaluating
ChatterBot Zulu reevaluating
ChatterBot Charlie reevaluating
ChatterBot Mike reevaluating
ChatterBot Juliett reevaluating
ChatterBot X-ray reevaluating
ChatterBot Oscar reevaluating
ChatterBot Tango reevaluating
ChatterBot Zulu reevaluating
ChatterBot Charlie reevaluating
ChatterBot Mike reevaluating
ChatterBot Juliett reevaluating
ChatterBot X-ray reevaluating
ChatterBot Oscar reevaluating
ChatterBot Tango reevaluating
ChatterBot Delta reevaluating
2024-10-14 22:41:18.328669 X-ray: Mike we want you to join our group
2024-10-14 22:41:18.334221 Mike: Yes
ChatterBot X-ray reevaluating
ChatterBot Echo reevaluating
ChatterBot Delta reevaluating
2024-10-14 22:41:18.369634 Zulu: Mike we want you to join our group
2024-10-14 22:41:18.374223 Mike: Yes
ChatterBot Echo reevaluating
ChatterBot Delta reevaluating
2024-10-14 22:41:18.489608 Tango: Charlie we want you to join our group
ChatterBot Charlie reevaluating
2024-10-14 22:41:18.507398 Charlie: Yes
ChatterBot Mike reevaluating
ChatterBot Echo reevaluating
ChatterBot Juliett reevaluating
ChatterBot Delta reevaluating
2024-10-14 22:41:18.542444 Oscar: Echo and Charlie we want you to join our group
ChatterBot Charlie reevaluating
ChatterBot Echo reevaluating
2024-10-14 22:41:18.552030 Charlie: Yes
2024-10-14 22:41:18.552189 Echo: No
ChatterBot Mike reevaluating
ChatterBot Echo reevaluating
ChatterBot Juliett reevaluating
ChatterBot Delta reevaluating
ChatterBot Charlie reevaluating
ChatterBot Mike reevaluating
ChatterBot Juliett reevaluating
ChatterBot Delta reevaluating
chatterbot Foxtrot submitting transactions
2024-10-14 22:41:18.668448 Foxtrot: Sending you 11
2024-10-14 22:41:18.670976 Mike: Charlie we want you to join our group
ChatterBot Charlie reevaluating
2024-10-14 22:41:18.677527 Charlie: Yes
2024-10-14 22:41:18.709433 Juliett: Charlie we want you to join our group
ChatterBot Charlie reevaluating
2024-10-14 22:41:18.719388 Charlie: Yes
ChatterBot Echo reevaluating
2024-10-14 22:41:18.761716 Delta: Charlie we want you to join our group
ChatterBot Charlie reevaluating
2024-10-14 22:41:18.768226 Charlie: Yes
ChatterBot Echo reevaluating
2024-10-14 22:41:18.805447 Oscar: X-ray, Echo, Juliett, Tango and Charlie, sending you 2
2024-10-14 22:41:18.807676 X-ray: Juliett, Oscar, Tango and Delta, sending you 2
2024-10-14 22:41:18.808880 Zulu: X-ray, Echo, Tango and Delta, sending you 2
2024-10-14 22:41:18.809540 Tango: X-ray, Mike, Juliett, Oscar and Zulu, sending you 2
2024-10-14 22:41:18.810504 Oscar: Mike and Zulu, sending you 3
2024-10-14 22:41:18.812066 X-ray: Zulu, sending you 3
2024-10-14 22:41:18.813153 Echo: Charlie we want you to join our group
ChatterBot Charlie reevaluating
2024-10-14 22:41:18.821027 Charlie: Yes
ChatterBot Echo reevaluating
2024-10-14 22:41:18.862822 Zulu: Mike, sending you 1
2024-10-14 22:41:18.864067 Tango: Echo and Charlie, sending you 1
2024-10-14 22:41:18.869148 Zulu: Juliett, sending you 3
2024-10-14 22:41:18.870124 Tango: Delta, sending you 3
2024-10-14 22:41:18.870604 Delta: X-ray, Echo, Juliett and Charlie, sending you 1
2024-10-14 22:41:18.872295 Juliett: X-ray, Delta and Charlie, sending you 1
2024-10-14 22:41:18.872747 Mike: Echo, Juliett, Oscar and Tango, sending you 3
2024-10-14 22:41:18.876180 Zulu: Oscar, sending you 4
2024-10-14 22:41:18.876779 Delta: Mike, Oscar and Zulu, sending you 2
2024-10-14 22:41:18.877867 Juliett: Mike, Oscar, Tango and Zulu, sending you 2
2024-10-14 22:41:18.878363 Mike: Delta and Zulu, sending you 1
2024-10-14 22:41:18.880970 Delta: Tango, sending you 3
2024-10-14 22:41:18.881563 Juliett: Echo, sending you 4
2024-10-14 22:41:18.883665 Mike: Charlie, sending you 2
2024-10-14 22:41:18.884784 Echo: Mike, sending you 6
2024-10-14 22:41:18.887925 Echo: Juliett, sending you 14
2024-10-14 22:41:18.892666 Charlie: X-ray, Mike, Echo, Juliett, Tango and Zulu, sending you 2
2024-10-14 22:41:18.895855 Charlie: Oscar and Delta, sending you 3
chatterbot Oscar submitting transactions
chatterbot X-ray submitting transactions
chatterbot Echo submitting transactions
chatterbot Charlie submitting transactions
chatterbot Echo submitting transactions
chatterbot Zulu submitting transactions
chatterbot Tango submitting transactions
chatterbot Juliett submitting transactions
chatterbot Mike submitting transactions
chatterbot Delta submitting transactions
ChatterBot X-ray round 4
ChatterBot Mike round 4
ChatterBot Echo round 4
ChatterBot Juliett round 4
ChatterBot Oscar round 4
ChatterBot Tango round 4
2024-10-14 22:41:19.687460 X-ray: We should add Charlie
ChatterBot Mike reevaluating
ChatterBot Echo reevaluating
2024-10-14 22:41:19.719789 Juliett: Yes
2024-10-14 22:41:19.720071 Mike: Yes
2024-10-14 22:41:19.720429 Echo: Yes
2024-10-14 22:41:19.720711 Oscar: Yes
2024-10-14 22:41:19.721436 Tango: Yes
2024-10-14 22:41:19.721625 Delta: Yes
2024-10-14 22:41:19.721827 Zulu: No
ChatterBot Mike reevaluating
ChatterBot Echo reevaluating
ChatterBot Echo reevaluating
ChatterBot Mike reevaluating
ChatterBot Mike reevaluating
ChatterBot Echo reevaluating
ChatterBot Zulu reevaluating
ChatterBot Mike reevaluating
ChatterBot Echo reevaluating
ChatterBot Zulu reevaluating
ChatterBot Mike reevaluating
ChatterBot Echo reevaluating
ChatterBot Zulu reevaluating
ChatterBot Mike reevaluating
ChatterBot Echo reevaluating
ChatterBot Delta round 4
ChatterBot Foxtrot round 4
ChatterBot Charlie round 4
ChatterBot Zulu round 4
2024-10-14 22:41:19.908697 Mike: We should add Foxtrot
ChatterBot Echo reevaluating
ChatterBot Zulu reevaluating
2024-10-14 22:41:19.932046 Echo: No
2024-10-14 22:41:19.932165 Juliett: No
2024-10-14 22:41:19.932262 Oscar: No
2024-10-14 22:41:19.932357 Tango: No
2024-10-14 22:41:19.932446 Delta: No
2024-10-14 22:41:19.932532 Charlie: No
2024-10-14 22:41:19.932661 Zulu: No
ChatterBot Mike reevaluating
ChatterBot Zulu reevaluating
ChatterBot Mike reevaluating
ChatterBot Echo reevaluating
ChatterBot Zulu reevaluating
ChatterBot Mike reevaluating
ChatterBot Echo reevaluating
ChatterBot Zulu reevaluating
ChatterBot Mike reevaluating
ChatterBot Echo reevaluating
ChatterBot Zulu reevaluating
ChatterBot Mike reevaluating
ChatterBot Echo reevaluating
ChatterBot Zulu reevaluating
ChatterBot Mike reevaluating
ChatterBot Echo reevaluating
ChatterBot Zulu reevaluating
ChatterBot Mike reevaluating
ChatterBot Echo reevaluating
2024-10-14 22:41:20.155451 X-ray: Charlie we want you to join our group
2024-10-14 22:41:20.161866 Charlie: Yes
ChatterBot Mike reevaluating
ChatterBot Echo reevaluating
ChatterBot Zulu reevaluating
2024-10-14 22:41:20.213046 Zulu: We should add Charlie
2024-10-14 22:41:20.253052 Juliett: Yes
2024-10-14 22:41:20.253287 X-ray: Yes
2024-10-14 22:41:20.253457 Mike: Yes
2024-10-14 22:41:20.253626 Echo: Yes
2024-10-14 22:41:20.253823 Oscar: Yes
2024-10-14 22:41:20.254048 Tango: Yes
2024-10-14 22:41:20.254239 Delta: Yes
ChatterBot Zulu reevaluating
ChatterBot Zulu reevaluating
ChatterBot Zulu reevaluating
ChatterBot Zulu reevaluating
ChatterBot Zulu reevaluating
ChatterBot Zulu reevaluating
ChatterBot Zulu reevaluating
2024-10-14 22:41:20.478388 Foxtrot: We should add Echo and Juliett
2024-10-14 22:41:20.482079 Mike: Yes
2024-10-14 22:41:20.494200 Mike: X-ray we want you to join our group
2024-10-14 22:41:20.498485 X-ray: Yes
ChatterBot Zulu reevaluating
2024-10-14 22:41:20.525972 Foxtrot: Echo and Juliett we want you to join our group
2024-10-14 22:41:20.532843 Echo: No
2024-10-14 22:41:20.533009 Juliett: No
2024-10-14 22:41:20.551195 Zulu: Charlie we want you to join our group
2024-10-14 22:41:20.554803 Charlie: Yes
2024-10-14 22:41:20.577898 Tango: X-ray, Mike, Juliett, Oscar, Delta, Charlie and Zulu, sending you 2
2024-10-14 22:41:20.579366 Juliett: X-ray, Oscar, Delta and Charlie, sending you 1
2024-10-14 22:41:20.579886 X-ray: Juliett, Delta and Charlie, sending you 1
2024-10-14 22:41:20.581004 Echo: Mike, sending you 4
2024-10-14 22:41:20.581789 Oscar: X-ray, Juliett, Tango, Delta and Charlie, sending you 2
2024-10-14 22:41:20.582695 Delta: X-ray, Echo, Juliett and Oscar, sending you 1
2024-10-14 22:41:20.583856 Tango: Echo, sending you 1
2024-10-14 22:41:20.584691 Juliett: Mike, Tango and Zulu, sending you 2
2024-10-14 22:41:20.586089 X-ray: Oscar, sending you 2
2024-10-14 22:41:20.586633 Echo: Juliett, sending you 8
2024-10-14 22:41:20.587563 Mike: Echo, Juliett and Oscar, sending you 3
2024-10-14 22:41:20.588585 Charlie: X-ray, Mike, Echo, Juliett, Tango and Zulu, sending you 2
2024-10-14 22:41:20.589255 Oscar: Mike and Zulu, sending you 3
2024-10-14 22:41:20.589999 Delta: Mike, Charlie and Zulu, sending you 2
2024-10-14 22:41:20.590981 Echo: Oscar, Charlie and Zulu, sending you 2
2024-10-14 22:41:20.591506 Juliett: Echo, sending you 5
2024-10-14 22:41:20.592726 X-ray: Tango and Zulu, sending you 3
2024-10-14 22:41:20.593601 Mike: Tango, Delta and Charlie, sending you 2
2024-10-14 22:41:20.594189 Charlie: Oscar and Delta, sending you 3
2024-10-14 22:41:20.595199 Foxtrot: Mike, sending you 9
2024-10-14 22:41:20.595658 Delta: Tango, sending you 3
2024-10-14 22:41:20.597252 Echo: Tango and Delta, sending you 1
2024-10-14 22:41:20.598692 Mike: Zulu, sending you 1
2024-10-14 22:41:20.600536 Foxtrot: Echo and Juliett, sending you 1
2024-10-14 22:41:20.605899 Zulu: X-ray, Tango, Delta and Charlie, sending you 2
2024-10-14 22:41:20.610689 Zulu: Mike and Echo, sending you 1
2024-10-14 22:41:20.613682 Zulu: Juliett and Oscar, sending you 3
chatterbot Juliett submitting transactions
chatterbot Tango submitting transactions
chatterbot X-ray submitting transactions
chatterbot Delta submitting transactions
chatterbot Charlie submitting transactions
chatterbot Zulu submitting transactions
chatterbot Mike submitting transactions
chatterbot Oscar submitting transactions
chatterbot Echo submitting transactions
chatterbot Foxtrot submitting transactions
ChatterBot X-ray round 5
ChatterBot Mike round 5
ChatterBot Echo round 5
ChatterBot Juliett round 5
ChatterBot Oscar round 5
ChatterBot Tango round 5
ChatterBot Delta round 5
ChatterBot Foxtrot round 5
ChatterBot Charlie round 5
ChatterBot Zulu round 5
2024-10-14 22:41:21.583678 X-ray: Juliett, Delta and Charlie, sending you 1
2024-10-14 22:41:21.585705 Juliett: X-ray, Oscar, Delta and Charlie, sending you 1
2024-10-14 22:41:21.587677 X-ray: Oscar, sending you 2
2024-10-14 22:41:21.589675 Echo: Mike, sending you 4
2024-10-14 22:41:21.590740 Juliett: Mike, Tango and Zulu, sending you 2
2024-10-14 22:41:21.591682 Oscar: X-ray, Juliett, Tango, Delta and Charlie, sending you 2
2024-10-14 22:41:21.593390 X-ray: Tango and Zulu, sending you 3
2024-10-14 22:41:21.594494 Tango: X-ray, Mike, Juliett, Oscar, Delta, Charlie and Zulu, sending you 2
2024-10-14 22:41:21.595459 Delta: X-ray, Echo, Juliett and Oscar, sending you 1
2024-10-14 22:41:21.597280 Foxtrot: Mike, sending you 9
2024-10-14 22:41:21.597737 Echo: Juliett, sending you 9
2024-10-14 22:41:21.598424 Juliett: Echo, sending you 5
2024-10-14 22:41:21.599376 Oscar: Mike and Zulu, sending you 3
2024-10-14 22:41:21.600706 Tango: Echo, sending you 1
2024-10-14 22:41:21.601684 Mike: Echo, Juliett and Oscar, sending you 3
2024-10-14 22:41:21.603076 Delta: Mike, Charlie and Zulu, sending you 2
2024-10-14 22:41:21.603934 Foxtrot: Echo and Juliett, sending you 1
2024-10-14 22:41:21.604246 Echo: Oscar, Tango and Delta, sending you 1
2024-10-14 22:41:21.605339 Charlie: X-ray, Echo, Juliett, Tango, Delta and Zulu, sending you 2
2024-10-14 22:41:21.606679 Delta: Tango, sending you 3
2024-10-14 22:41:21.608142 Mike: Tango, Delta and Charlie, sending you 2
2024-10-14 22:41:21.609112 Zulu: X-ray, Tango, Delta and Charlie, sending you 2
2024-10-14 22:41:21.609998 Echo: Charlie and Zulu, sending you 2
2024-10-14 22:41:21.611650 Charlie: Mike and Oscar, sending you 3
2024-10-14 22:41:21.612281 Mike: Zulu, sending you 1
2024-10-14 22:41:21.613671 Zulu: Mike and Echo, sending you 1
2024-10-14 22:41:21.619681 Zulu: Juliett and Oscar, sending you 3
chatterbot Delta submitting transactions
chatterbot X-ray submitting transactions
chatterbot Foxtrot submitting transactions
chatterbot Zulu submitting transactions
chatterbot Oscar submitting transactions
chatterbot Juliett submitting transactions
chatterbot Charlie submitting transactions
chatterbot Tango submitting transactions
chatterbot Mike submitting transactions
chatterbot Echo submitting transactions
ChatterBot X-ray round 6
ChatterBot Mike round 6
ChatterBot Echo round 6
ChatterBot Juliett round 6
ChatterBot Oscar round 6
ChatterBot Tango round 6
ChatterBot Delta round 6
ChatterBot Foxtrot round 6
ChatterBot Charlie round 6
ChatterBot Zulu round 6
2024-10-14 22:41:22.659927 Foxtrot: We should add Delta
2024-10-14 22:41:22.671936 Mike: Yes
2024-10-14 22:41:22.672171 Echo: Yes
2024-10-14 22:41:22.672859 Juliett: Yes
ChatterBot Foxtrot reevaluating
ChatterBot Foxtrot reevaluating
ChatterBot Foxtrot reevaluating
2024-10-14 22:41:22.732668 Echo: Mike, sending you 4
2024-10-14 22:41:22.736791 Foxtrot: Delta we want you to join our group
2024-10-14 22:41:22.740138 Delta: No
ChatterBot Foxtrot reevaluating
2024-10-14 22:41:22.754356 Echo: Juliett, sending you 10
2024-10-14 22:41:22.755210 Juliett: X-ray, Oscar, Delta and Charlie, sending you 1
2024-10-14 22:41:22.756625 Mike: Echo, Juliett and Oscar, sending you 3
2024-10-14 22:41:22.758571 Oscar: X-ray, Juliett, Tango, Delta and Charlie, sending you 2
2024-10-14 22:41:22.760608 Delta: X-ray, Echo and Juliett, sending you 1
2024-10-14 22:41:22.761573 Echo: Oscar, Tango, Delta and Zulu, sending you 1
2024-10-14 22:41:22.762402 Juliett: Mike, Tango and Zulu, sending you 2
2024-10-14 22:41:22.763742 Tango: X-ray, Mike, Juliett, Oscar, Delta, Charlie and Zulu, sending you 2
2024-10-14 22:41:22.764584 X-ray: Juliett and Delta, sending you 1
2024-10-14 22:41:22.765327 Mike: Tango, Delta and Charlie, sending you 2
2024-10-14 22:41:22.766091 Zulu: X-ray, Tango, Delta and Charlie, sending you 2
2024-10-14 22:41:22.767760 Charlie: X-ray, Echo, Juliett, Tango, Delta and Zulu, sending you 2
2024-10-14 22:41:22.768555 Oscar: Mike and Zulu, sending you 3
2024-10-14 22:41:22.769310 Echo: Charlie, sending you 2
2024-10-14 22:41:22.770607 Delta: Mike, Oscar, Tango, Charlie and Zulu, sending you 2
2024-10-14 22:41:22.771398 Juliett: Echo, sending you 5
2024-10-14 22:41:22.772096 Tango: Echo, sending you 1
2024-10-14 22:41:22.773447 X-ray: Oscar, Charlie and Zulu, sending you 2
2024-10-14 22:41:22.774183 Mike: Zulu, sending you 1
2024-10-14 22:41:22.774934 Zulu: Mike and Echo, sending you 1
2024-10-14 22:41:22.775637 Charlie: Mike and Oscar, sending you 3
2024-10-14 22:41:22.777717 X-ray: Tango, sending you 3
2024-10-14 22:41:22.779723 Zulu: Juliett and Oscar, sending you 3
2024-10-14 22:41:22.792669 Foxtrot: Mike, sending you 8
2024-10-14 22:41:22.795664 Foxtrot: Echo, Juliett and Delta, sending you 1
chatterbot Tango submitting transactions
chatterbot Zulu submitting transactions
chatterbot Juliett submitting transactions
chatterbot Delta submitting transactions
chatterbot X-ray submitting transactions
chatterbot Foxtrot submitting transactions
chatterbot Charlie submitting transactions
chatterbot Mike submitting transactions
chatterbot Oscar submitting transactions
chatterbot Echo submitting transactions
ChatterBot X-ray round 7
ChatterBot Mike round 7
ChatterBot Echo round 7
ChatterBot Juliett round 7
ChatterBot Oscar round 7
ChatterBot Tango round 7
ChatterBot Delta round 7
ChatterBot Foxtrot round 7
ChatterBot Charlie round 7
ChatterBot Zulu round 7
2024-10-14 22:41:23.958675 Juliett: X-ray, Oscar, Delta and Charlie, sending you 1
2024-10-14 22:41:23.962929 Juliett: Mike, Tango and Zulu, sending you 2
2024-10-14 22:41:23.963924 X-ray: Juliett and Delta, sending you 1
2024-10-14 22:41:23.965689 Oscar: X-ray, Juliett, Tango, Delta and Charlie, sending you 2
2024-10-14 22:41:23.967718 Tango: X-ray, Mike, Juliett, Oscar, Delta, Charlie and Zulu, sending you 2
2024-10-14 22:41:23.969052 Juliett: Echo, sending you 5
2024-10-14 22:41:23.970200 X-ray: Oscar, Charlie and Zulu, sending you 2
2024-10-14 22:41:23.971084 Echo: Mike, sending you 5
2024-10-14 22:41:23.972529 Mike: Echo, Juliett and Oscar, sending you 3
2024-10-14 22:41:23.974111 Oscar: Mike and Zulu, sending you 3
2024-10-14 22:41:23.975308 Tango: Echo, sending you 1
2024-10-14 22:41:23.976958 Foxtrot: Mike, sending you 7
2024-10-14 22:41:23.977430 X-ray: Tango, sending you 3
2024-10-14 22:41:23.978943 Echo: Juliett, sending you 10
2024-10-14 22:41:23.980570 Delta: X-ray, Echo and Juliett, sending you 1
2024-10-14 22:41:23.982189 Mike: Tango, Delta and Charlie, sending you 2
2024-10-14 22:41:23.983457 Zulu: X-ray, Tango, Delta and Charlie, sending you 2
2024-10-14 22:41:23.984939 Foxtrot: Echo and Juliett, sending you 1
2024-10-14 22:41:23.985641 Charlie: X-ray, Echo, Juliett, Tango, Delta and Zulu, sending you 2
2024-10-14 22:41:23.986398 Echo: Tango, Delta and Zulu, sending you 1
2024-10-14 22:41:23.987683 Delta: Mike, Oscar, Tango, Charlie and Zulu, sending you 2
2024-10-14 22:41:23.988501 Mike: Zulu, sending you 1
2024-10-14 22:41:23.989746 Zulu: Mike and Echo, sending you 1
2024-10-14 22:41:23.990977 Foxtrot: Delta, sending you 2
2024-10-14 22:41:23.992034 Charlie: Mike and Oscar, sending you 3
2024-10-14 22:41:23.993308 Echo: Charlie, sending you 2
2024-10-14 22:41:23.996162 Zulu: Juliett and Oscar, sending you 3
chatterbot Oscar submitting transactions
chatterbot Charlie submitting transactions
