ChatterBot Romeo round 1
ChatterBot Victor round 1
ChatterBot November round 1
ChatterBot Whiskey round 1
ChatterBot Oscar round 1
ChatterBot Yankee round 1
ChatterBot Foxtrot round 1
ChatterBot Zulu round 1
ChatterBot Bravo round 1
ChatterBot Quebec round 1
randomSelections November: {November, Bravo, Oscar, Zulu, Quebec, Foxtrot, Whiskey, Victor} 
2024-10-14 22:41:11.498990 November: Let's form a team
ChatterBot Bravo reevaluating
ChatterBot Oscar reevaluating
ChatterBot Zulu reevaluating
ChatterBot Quebec reevaluating
ChatterBot Foxtrot reevaluating
ChatterBot Whiskey reevaluating
ChatterBot Victor reevaluating
2024-10-14 22:41:11.517066 Bravo: Yes
2024-10-14 22:41:11.517415 Oscar: Yes
2024-10-14 22:41:11.518705 Zulu: Yes
2024-10-14 22:41:11.518922 Quebec: Yes
2024-10-14 22:41:11.519319 Foxtrot: Yes
2024-10-14 22:41:11.519535 Whiskey: Yes
2024-10-14 22:41:11.519864 Victor: Yes
ChatterBot Oscar reevaluating
ChatterBot Zulu reevaluating
ChatterBot Quebec reevaluating
ChatterBot Foxtrot reevaluating
ChatterBot Whiskey reevaluating
ChatterBot Victor reevaluating
ChatterBot Bravo reevaluating
ChatterBot Zulu reevaluating
ChatterBot Quebec reevaluating
ChatterBot Foxtrot reevaluating
ChatterBot Whiskey reevaluating
ChatterBot Victor reevaluating
ChatterBot Bravo reevaluating
ChatterBot Oscar reevaluating
ChatterBot Quebec reevaluating
ChatterBot Foxtrot reevaluating
ChatterBot Whiskey reevaluating
ChatterBot Victor reevaluating
ChatterBot Bravo reevaluating
ChatterBot Oscar reevaluating
ChatterBot Zulu reevaluating
ChatterBot Foxtrot reevaluating
ChatterBot Whiskey reevaluating
ChatterBot Victor reevaluating
ChatterBot Bravo reevaluating
ChatterBot Oscar reevaluating
ChatterBot Zulu reevaluating
ChatterBot Quebec reevaluating
ChatterBot Whiskey reevaluating
ChatterBot Victor reevaluating
ChatterBot Bravo reevaluating
ChatterBot Oscar reevaluating
ChatterBot Zulu reevaluating
ChatterBot Quebec reevaluating
ChatterBot Foxtrot reevaluating
ChatterBot Victor reevaluating
ChatterBot Bravo reevaluating
ChatterBot Oscar reevaluating
ChatterBot Zulu reevaluating
ChatterBot Quebec reevaluating
ChatterBot Foxtrot reevaluating
ChatterBot Whiskey reevaluating
randomSelections Romeo: {Romeo, Victor, Whiskey, Yankee, November, Foxtrot, Quebec, Bravo} 
2024-10-14 22:41:11.645694 Romeo: Let's form a team
ChatterBot Victor reevaluating
ChatterBot Whiskey reevaluating
ChatterBot Yankee reevaluating
ChatterBot Foxtrot reevaluating
ChatterBot Quebec reevaluating
ChatterBot Bravo reevaluating
2024-10-14 22:41:11.660238 Victor: No
2024-10-14 22:41:11.660488 Whiskey: No
2024-10-14 22:41:11.660672 Yankee: Yes
2024-10-14 22:41:11.660866 November: No
2024-10-14 22:41:11.661083 Foxtrot: No
2024-10-14 22:41:11.661992 Quebec: No
2024-10-14 22:41:11.662234 Bravo: No
ChatterBot Whiskey reevaluating
ChatterBot Yankee reevaluating
ChatterBot Foxtrot reevaluating
ChatterBot Quebec reevaluating
ChatterBot Bravo reevaluating
ChatterBot Victor reevaluating
ChatterBot Yankee reevaluating
ChatterBot Foxtrot reevaluating
ChatterBot Quebec reevaluating
ChatterBot Bravo reevaluating
ChatterBot Victor reevaluating
ChatterBot Whiskey reevaluating
ChatterBot Foxtrot reevaluating
ChatterBot Quebec reevaluating
ChatterBot Bravo reevaluating
ChatterBot Victor reevaluating
ChatterBot Whiskey reevaluating
ChatterBot Yankee reevaluating
ChatterBot Foxtrot reevaluating
ChatterBot Quebec reevaluating
ChatterBot Bravo reevaluating
ChatterBot Victor reevaluating
ChatterBot Whiskey reevaluating
ChatterBot Yankee reevaluating
ChatterBot Quebec reevaluating
ChatterBot Bravo reevaluating
ChatterBot Victor reevaluating
ChatterBot Whiskey reevaluating
ChatterBot Yankee reevaluating
ChatterBot Foxtrot reevaluating
ChatterBot Bravo reevaluating
ChatterBot Victor reevaluating
ChatterBot Whiskey reevaluating
ChatterBot Yankee reevaluating
ChatterBot Foxtrot reevaluating
ChatterBot Quebec reevaluating
2024-10-14 22:41:11.788665 Oscar: Victor and Bravo, sending you 2
2024-10-14 22:41:11.789692 Zulu: Victor and Quebec, sending you 2
2024-10-14 22:41:11.790064 Romeo: Victor, Whiskey, Foxtrot and Bravo, sending you 1
2024-10-14 22:41:11.790500 Victor: November, Bravo and Quebec, sending you 1
2024-10-14 22:41:11.791881 Oscar: November, sending you 5
2024-10-14 22:41:11.792696 Romeo: November, sending you 3
2024-10-14 22:41:11.794094 Whiskey: Victor and Quebec, sending you 1
2024-10-14 22:41:11.794721 Zulu: November and Oscar, sending you 3
2024-10-14 22:41:11.795142 Victor: Whiskey, sending you 3
2024-10-14 22:41:11.796849 Yankee: Romeo, sending you 1
2024-10-14 22:41:11.797393 Bravo: November, sending you 2
2024-10-14 22:41:11.797847 Oscar: Whiskey, sending you 4
2024-10-14 22:41:11.799292 Whiskey: Oscar and Zulu, sending you 2
2024-10-14 22:41:11.799806 November: Victor, sending you 5
2024-10-14 22:41:11.800306 Romeo: Yankee, sending you 4
2024-10-14 22:41:11.800724 Zulu: Whiskey, sending you 1
2024-10-14 22:41:11.802189 Victor: Oscar and Foxtrot, sending you 2
2024-10-14 22:41:11.802718 Yankee: November and Whiskey, sending you 2
2024-10-14 22:41:11.803944 Bravo: Whiskey and Oscar, sending you 1
2024-10-14 22:41:11.804406 Oscar: Foxtrot, Zulu and Quebec, sending you 1
2024-10-14 22:41:11.804946 Whiskey: Foxtrot, sending you 3
2024-10-14 22:41:11.806269 November: Whiskey, Bravo and Quebec, sending you 2
2024-10-14 22:41:11.806685 Quebec: Victor and Foxtrot, sending you 3
2024-10-14 22:41:11.807117 Romeo: Quebec, sending you 2
2024-10-14 22:41:11.808377 Zulu: Bravo, sending you 4
2024-10-14 22:41:11.808883 Bravo: Foxtrot and Quebec, sending you 4
2024-10-14 22:41:11.809351 Victor: Zulu, sending you 5
2024-10-14 22:41:11.810476 Yankee: Foxtrot and Quebec, sending you 3
2024-10-14 22:41:11.810886 Whiskey: Bravo, sending you 4
2024-10-14 22:41:11.814952 November: Oscar and Zulu, sending you 3
2024-10-14 22:41:11.815398 Quebec: November, Whiskey, Oscar and Bravo, sending you 2
2024-10-14 22:41:11.816667 Bravo: Zulu, sending you 5
chatterbot November submitting transactions
2024-10-14 22:41:11.817249 Yankee: Bravo, sending you 5
2024-10-14 22:41:11.823051 November: Foxtrot, sending you 1
2024-10-14 22:41:11.823399 Quebec: Zulu, sending you 4
chatterbot Foxtrot submitting transactions
chatterbot Zulu submitting transactions
chatterbot Whiskey submitting transactions
chatterbot Yankee submitting transactions
chatterbot Victor submitting transactions
chatterbot Oscar submitting transactions
chatterbot Quebec submitting transactions
chatterbot Bravo submitting transactions
chatterbot Romeo submitting transactions
ChatterBot Romeo round 2
ChatterBot Victor round 2
ChatterBot November round 2
ChatterBot Whiskey round 2
ChatterBot Oscar round 2
ChatterBot Yankee round 2
ChatterBot Foxtrot round 2
ChatterBot Zulu round 2
ChatterBot Bravo round 2
ChatterBot Quebec round 2
2024-10-14 22:41:13.210171 Yankee: We should group up
ChatterBot Romeo reevaluating
ChatterBot Foxtrot reevaluating
2024-10-14 22:41:13.218117 Romeo: No
2024-10-14 22:41:13.218301 Foxtrot: No
ChatterBot Foxtrot reevaluating
ChatterBot Yankee reevaluating
ChatterBot Romeo reevaluating
2024-10-14 22:41:13.247011 November: Can we be friends?
ChatterBot Whiskey reevaluating
ChatterBot Zulu reevaluating
ChatterBot Romeo reevaluating
ChatterBot Yankee reevaluating
2024-10-14 22:41:13.278754 Victor: No
2024-10-14 22:41:13.278952 Whiskey: No
2024-10-14 22:41:13.279078 Oscar: No
2024-10-14 22:41:13.279652 Zulu: No
2024-10-14 22:41:13.279768 Bravo: No
2024-10-14 22:41:13.279879 Quebec: No
2024-10-14 22:41:13.279980 Romeo: No
2024-10-14 22:41:13.280105 Yankee: No
ChatterBot Whiskey reevaluating
ChatterBot Zulu reevaluating
ChatterBot Romeo reevaluating
ChatterBot Yankee reevaluating
ChatterBot Zulu reevaluating
ChatterBot Romeo reevaluating
ChatterBot Yankee reevaluating
ChatterBot Whiskey reevaluating
ChatterBot Zulu reevaluating
ChatterBot Romeo reevaluating
ChatterBot Yankee reevaluating
ChatterBot Whiskey reevaluating
ChatterBot Romeo reevaluating
ChatterBot Yankee reevaluating
ChatterBot Whiskey reevaluating
ChatterBot Zulu reevaluating
ChatterBot Romeo reevaluating
ChatterBot Yankee reevaluating
ChatterBot Whiskey reevaluating
ChatterBot Zulu reevaluating
ChatterBot Romeo reevaluating
ChatterBot Yankee reevaluating
ChatterBot November reevaluating
ChatterBot Whiskey reevaluating
ChatterBot Zulu reevaluating
ChatterBot Yankee reevaluating
ChatterBot November reevaluating
ChatterBot Whiskey reevaluating
ChatterBot Zulu reevaluating
ChatterBot Romeo reevaluating
2024-10-14 22:41:13.773071 Bravo: We should drop Foxtrot
ChatterBot November reevaluating
ChatterBot Whiskey reevaluating
ChatterBot Zulu reevaluating
2024-10-14 22:41:13.804950 Victor: Yes
2024-10-14 22:41:13.805402 November: Yes
2024-10-14 22:41:13.806277 Whiskey: Yes
2024-10-14 22:41:13.806551 Oscar: Yes
2024-10-14 22:41:13.806812 Zulu: Yes
2024-10-14 22:41:13.807094 Quebec: Yes
ChatterBot November reevaluating
ChatterBot Whiskey reevaluating
ChatterBot Zulu reevaluating
ChatterBot Quebec reevaluating
ChatterBot Whiskey reevaluating
ChatterBot Zulu reevaluating
ChatterBot Quebec reevaluating
ChatterBot November reevaluating
ChatterBot Zulu reevaluating
ChatterBot Quebec reevaluating
ChatterBot November reevaluating
ChatterBot Whiskey reevaluating
ChatterBot Zulu reevaluating
ChatterBot Quebec reevaluating
ChatterBot Bravo reevaluating
ChatterBot November reevaluating
ChatterBot Whiskey reevaluating
ChatterBot Quebec reevaluating
ChatterBot Bravo reevaluating
ChatterBot November reevaluating
ChatterBot Whiskey reevaluating
ChatterBot Zulu reevaluating
2024-10-14 22:41:14.078840 Oscar: We should drop Foxtrot and Whiskey
ChatterBot November reevaluating
ChatterBot Zulu reevaluating
ChatterBot Bravo reevaluating
ChatterBot Quebec reevaluating
2024-10-14 22:41:14.124056 Victor: No
2024-10-14 22:41:14.124360 November: No
2024-10-14 22:41:14.124603 Zulu: No
2024-10-14 22:41:14.125598 Bravo: No
2024-10-14 22:41:14.125794 Quebec: No
ChatterBot November reevaluating
ChatterBot Zulu reevaluating
ChatterBot Bravo reevaluating
ChatterBot Quebec reevaluating
ChatterBot Zulu reevaluating
ChatterBot Bravo reevaluating
ChatterBot Quebec reevaluating
ChatterBot November reevaluating
ChatterBot Bravo reevaluating
ChatterBot Quebec reevaluating
ChatterBot November reevaluating
ChatterBot Zulu reevaluating
ChatterBot Quebec reevaluating
ChatterBot November reevaluating
ChatterBot Zulu reevaluating
ChatterBot Bravo reevaluating
chatterbot Oscar submitting transactions
chatterbot Foxtrot submitting transactions
2024-10-14 22:41:15.187043 Yankee: Sending you 6
2024-10-14 22:41:15.187261 Foxtrot: Victor, November, Whiskey, Oscar, Bravo and Quebec, sending you 3
2024-10-14 22:41:15.188267 Oscar: Victor and Quebec, sending you 4
chatterbot Yankee submitting transactions
chatterbot Whiskey submitting transactions
chatterbot Zulu submitting transactions
chatterbot Quebec submitting transactions
2024-10-14 22:41:15.392617 Oscar: November and Zulu, sending you 5
2024-10-14 22:41:15.393094 November: Romeo and Zulu, sending you 3
2024-10-14 22:41:15.393432 Victor: November, sending you 7
chatterbot Victor submitting transactions
chatterbot Romeo submitting transactions
chatterbot November submitting transactions
2024-10-14 22:41:15.808258 Oscar: Bravo, sending you 2
2024-10-14 22:41:15.809400 November: Victor and Whiskey, sending you 1
2024-10-14 22:41:15.810113 Quebec: Victor, November, Whiskey, Oscar and Zulu, sending you 3
2024-10-14 22:41:15.811391 Bravo: November, Oscar and Quebec, sending you 3
2024-10-14 22:41:15.811909 Whiskey: Victor, sending you 3
2024-10-14 22:41:15.813084 Victor: Whiskey, sending you 1
2024-10-14 22:41:15.814206 Zulu: Victor, sending you 4
chatterbot Bravo submitting transactions
2024-10-14 22:41:15.830902 November: Oscar, sending you 4
2024-10-14 22:41:15.832116 Quebec: Bravo, sending you 4
2024-10-14 22:41:15.832776 Whiskey: November and Quebec, sending you 2
2024-10-14 22:41:15.833722 Bravo: Whiskey and Zulu, sending you 4
2024-10-14 22:41:15.834185 Victor: Oscar and Zulu, sending you 2
2024-10-14 22:41:15.835176 Zulu: November and Whiskey, sending you 2
2024-10-14 22:41:15.835589 Oscar: Zulu did not give me 3 like they said
ChatterBot Victor reevaluating
ChatterBot November reevaluating
ChatterBot Zulu reevaluating
ChatterBot Bravo reevaluating
ChatterBot Quebec reevaluating
ChatterBot Romeo round 3
ChatterBot Victor round 3
ChatterBot November round 3
ChatterBot Whiskey round 3
ChatterBot Oscar round 3
ChatterBot Yankee round 3
ChatterBot Foxtrot round 3
ChatterBot Zulu round 3
ChatterBot Bravo round 3
2024-10-14 22:41:15.863359 Whiskey: Oscar, sending you 4
ChatterBot Quebec round 3
2024-10-14 22:41:15.873165 Zulu: We should drop Foxtrot
ChatterBot Bravo reevaluating
ChatterBot Victor reevaluating
ChatterBot November reevaluating
ChatterBot Oscar reevaluating
ChatterBot Quebec reevaluating
2024-10-14 22:41:15.894519 Bravo: No
2024-10-14 22:41:15.895328 Victor: Yes
2024-10-14 22:41:15.895587 November: No
2024-10-14 22:41:15.895949 Whiskey: Yes
2024-10-14 22:41:15.896164 Oscar: Yes
2024-10-14 22:41:15.896900 Quebec: No
ChatterBot Victor reevaluating
ChatterBot November reevaluating
ChatterBot Oscar reevaluating
ChatterBot Zulu reevaluating
ChatterBot Quebec reevaluating
ChatterBot Bravo reevaluating
ChatterBot November reevaluating
ChatterBot Oscar reevaluating
ChatterBot Zulu reevaluating
ChatterBot Quebec reevaluating
ChatterBot Bravo reevaluating
ChatterBot Victor reevaluating
ChatterBot Oscar reevaluating
ChatterBot Zulu reevaluating
ChatterBot Quebec reevaluating
ChatterBot Bravo reevaluating
ChatterBot Victor reevaluating
ChatterBot November reevaluating
ChatterBot Oscar reevaluating
ChatterBot Zulu reevaluating
ChatterBot Quebec reevaluating
ChatterBot Bravo reevaluating
ChatterBot Victor reevaluating
ChatterBot November reevaluating
ChatterBot Zulu reevaluating
ChatterBot Quebec reevaluating
ChatterBot Bravo reevaluating
ChatterBot Victor reevaluating
ChatterBot November reevaluating
ChatterBot Whiskey reevaluating
ChatterBot Oscar reevaluating
ChatterBot Zulu reevaluating
2024-10-14 22:41:16.040575 Quebec: We should add Foxtrot
ChatterBot Bravo reevaluating
ChatterBot Victor reevaluating
ChatterBot November reevaluating
ChatterBot Whiskey reevaluating
ChatterBot Oscar reevaluating
ChatterBot Zulu reevaluating
2024-10-14 22:41:16.063083 Bravo: Yes
2024-10-14 22:41:16.063686 Victor: No
2024-10-14 22:41:16.063801 November: Yes
2024-10-14 22:41:16.063920 Whiskey: No
2024-10-14 22:41:16.064025 Oscar: No
2024-10-14 22:41:16.064151 Zulu: No
ChatterBot Victor reevaluating
ChatterBot November reevaluating
ChatterBot Whiskey reevaluating
ChatterBot Oscar reevaluating
ChatterBot Zulu reevaluating
ChatterBot Quebec reevaluating
ChatterBot Bravo reevaluating
ChatterBot November reevaluating
ChatterBot Whiskey reevaluating
ChatterBot Oscar reevaluating
ChatterBot Zulu reevaluating
ChatterBot Quebec reevaluating
ChatterBot Bravo reevaluating
ChatterBot Victor reevaluating
ChatterBot Whiskey reevaluating
ChatterBot Oscar reevaluating
ChatterBot Zulu reevaluating
ChatterBot Quebec reevaluating
ChatterBot Bravo reevaluating
ChatterBot Victor reevaluating
ChatterBot November reevaluating
ChatterBot Oscar reevaluating
ChatterBot Zulu reevaluating
ChatterBot Quebec reevaluating
ChatterBot Bravo reevaluating
ChatterBot Victor reevaluating
ChatterBot November reevaluating
ChatterBot Whiskey reevaluating
ChatterBot Zulu reevaluating
ChatterBot Quebec reevaluating
ChatterBot Bravo reevaluating
ChatterBot Victor reevaluating
ChatterBot November reevaluating
ChatterBot Whiskey reevaluating
ChatterBot Oscar reevaluating
ChatterBot Quebec reevaluating
2024-10-14 22:41:16.214739 Yankee: We should add November
2024-10-14 22:41:16.218430 Romeo: No
ChatterBot Yankee reevaluating
2024-10-14 22:41:16.243656 Yankee: We should add Foxtrot
2024-10-14 22:41:16.247216 Romeo: No
ChatterBot Yankee reevaluating
2024-10-14 22:41:16.251935 November: Foxtrot we want you to join our group
2024-10-14 22:41:16.256019 Foxtrot: Yes
ChatterBot Bravo reevaluating
2024-10-14 22:41:16.278886 Oscar: Whiskey we want you to join our group
2024-10-14 22:41:16.282006 Whiskey: Yes
ChatterBot Bravo reevaluating
2024-10-14 22:41:16.302219 Quebec: Foxtrot we want you to join our group
2024-10-14 22:41:16.305639 Foxtrot: Yes
chatterbot Foxtrot submitting transactions
2024-10-14 22:41:16.430188 Foxtrot: Victor, November, Whiskey, Oscar, Bravo and Quebec, sending you 3
2024-10-14 22:41:16.430788 Victor: November, Oscar and Quebec, sending you 3
2024-10-14 22:41:16.431140 Whiskey: Victor, Oscar, Foxtrot, Zulu, Bravo and Quebec, sending you 2
2024-10-14 22:41:16.432137 Romeo: Sending you 5
2024-10-14 22:41:16.432438 November: Sorry, I'm actually sending you 0
2024-10-14 22:41:16.432635 Bravo: Foxtrot we want you to join our group
2024-10-14 22:41:16.436558 Foxtrot: Yes
2024-10-14 22:41:16.456933 Whiskey: November, sending you 1
2024-10-14 22:41:16.457886 Victor: Whiskey, sending you 2
2024-10-14 22:41:16.458235 November: Victor, sending you 3
2024-10-14 22:41:16.458578 Oscar: Victor, Bravo and Quebec, sending you 3
2024-10-14 22:41:16.639880 Quebec: Victor, November, Oscar, Foxtrot, Zulu and Bravo, sending you 3
2024-10-14 22:41:16.641285 Victor: Zulu, sending you 4
2024-10-14 22:41:16.642690 Oscar: November, sending you 5
2024-10-14 22:41:16.643449 November: Whiskey, Foxtrot, Zulu, Bravo and Quebec, sending you 2
2024-10-14 22:41:16.644929 Yankee: Sending you 7
2024-10-14 22:41:16.671186 Quebec: Whiskey, sending you 1
2024-10-14 22:41:16.672852 Oscar: Whiskey, sending you 4
2024-10-14 22:41:16.674205 Bravo: Victor, November, Whiskey, Oscar and Foxtrot, sending you 2
2024-10-14 22:41:16.676005 November: Oscar, sending you 5
chatterbot Oscar submitting transactions
2024-10-14 22:41:16.678153 Oscar: Zulu, sending you 2
2024-10-14 22:41:16.699993 Bravo: Zulu, sending you 4
2024-10-14 22:41:16.724819 Bravo: Quebec, sending you 3
chatterbot Romeo submitting transactions
chatterbot Yankee submitting transactions
chatterbot Victor submitting transactions
chatterbot Zulu submitting transactions
chatterbot Bravo submitting transactions
chatterbot November submitting transactions
chatterbot Whiskey submitting transactions
chatterbot Quebec submitting transactions
ChatterBot Romeo round 4
ChatterBot Victor round 4
ChatterBot November round 4
ChatterBot Whiskey round 4
ChatterBot Oscar round 4
ChatterBot Yankee round 4
2024-10-14 22:41:17.494501 Victor: We should add Foxtrot
ChatterBot Zulu reevaluating
2024-10-14 22:41:17.519322 Bravo: Yes
2024-10-14 22:41:17.519693 November: Yes
2024-10-14 22:41:17.519962 Whiskey: Yes
2024-10-14 22:41:17.520133 Oscar: No
2024-10-14 22:41:17.520879 Zulu: Yes
2024-10-14 22:41:17.521037 Quebec: Yes
ChatterBot Zulu reevaluating
ChatterBot Zulu reevaluating
ChatterBot Zulu reevaluating
ChatterBot Zulu reevaluating
ChatterBot Zulu reevaluating
ChatterBot Foxtrot round 4
ChatterBot Zulu round 4
ChatterBot Bravo round 4
ChatterBot Quebec round 4
2024-10-14 22:41:17.644010 Victor: Foxtrot we want you to join our group
2024-10-14 22:41:17.647690 Foxtrot: Yes
ChatterBot Zulu reevaluating
2024-10-14 22:41:17.667187 Zulu: We should add Foxtrot
2024-10-14 22:41:17.681788 Bravo: Yes
2024-10-14 22:41:17.681959 Victor: Yes
2024-10-14 22:41:17.682073 November: Yes
2024-10-14 22:41:17.682190 Whiskey: Yes
2024-10-14 22:41:17.682300 Oscar: No
2024-10-14 22:41:17.682409 Quebec: Yes
2024-10-14 22:41:17.782886 Zulu: Foxtrot we want you to join our group
2024-10-14 22:41:17.785812 Foxtrot: Yes
2024-10-14 22:41:17.803062 Whiskey: Victor, November, Oscar, Foxtrot, Bravo and Quebec, sending you 2
2024-10-14 22:41:17.805665 Foxtrot: Victor, November, Whiskey, Oscar, Bravo and Quebec, sending you 3
2024-10-14 22:41:17.806876 November: Victor and Quebec, sending you 3
2024-10-14 22:41:17.807572 Whiskey: Zulu, sending you 1
2024-10-14 22:41:17.808632 Yankee: Same as last round
2024-10-14 22:41:17.808937 Oscar: Victor, Whiskey, Zulu, Bravo and Quebec, sending you 3
2024-10-14 22:41:17.809499 Romeo: Same as last round
2024-10-14 22:41:17.809771 Victor: November, Oscar, Zulu and Quebec, sending you 3
2024-10-14 22:41:17.811673 November: Whiskey, sending you 1
2024-10-14 22:41:17.812798 Oscar: November, sending you 5
2024-10-14 22:41:17.813695 Victor: Whiskey, sending you 1
2024-10-14 22:41:17.815694 November: Oscar, sending you 5
2024-10-14 22:41:17.816706 Victor: Foxtrot, sending you 2
2024-10-14 22:41:17.818090 Bravo: Victor, November, Whiskey, Oscar and Foxtrot, sending you 2
2024-10-14 22:41:17.818828 November: Foxtrot, Zulu and Bravo, sending you 2
2024-10-14 22:41:17.822670 Bravo: Zulu, sending you 4
2024-10-14 22:41:17.826684 Quebec: Victor, November, Oscar, Foxtrot, Zulu and Bravo, sending you 3
2024-10-14 22:41:17.827543 Bravo: Quebec, sending you 3
2024-10-14 22:41:17.829677 Quebec: Whiskey, sending you 1
chatterbot Romeo submitting transactions
chatterbot Yankee submitting transactions
chatterbot Quebec submitting transactions
chatterbot Victor submitting transactions
chatterbot November submitting transactions
chatterbot Zulu submitting transactions
chatterbot Bravo submitting transactions
chatterbot Whiskey submitting transactions
chatterbot Oscar submitting transactions
chatterbot Foxtrot submitting transactions
ChatterBot Romeo round 5
ChatterBot Victor round 5
ChatterBot November round 5
ChatterBot Whiskey round 5
ChatterBot Oscar round 5
ChatterBot Yankee round 5
ChatterBot Foxtrot round 5
ChatterBot Zulu round 5
ChatterBot Bravo round 5
ChatterBot Quebec round 5
2024-10-14 22:41:18.831644 Zulu: We should add Foxtrot
2024-10-14 22:41:18.863288 Bravo: Yes
2024-10-14 22:41:18.864033 Victor: Yes
2024-10-14 22:41:18.864312 November: Yes
2024-10-14 22:41:18.864515 Whiskey: Yes
2024-10-14 22:41:18.864708 Oscar: No
2024-10-14 22:41:18.864907 Quebec: Yes
ChatterBot Oscar reevaluating
ChatterBot Oscar reevaluating
ChatterBot Oscar reevaluating
ChatterBot Oscar reevaluating
2024-10-14 22:41:19.029031 Zulu: Foxtrot we want you to join our group
2024-10-14 22:41:19.034135 Foxtrot: Yes
ChatterBot Oscar reevaluating
2024-10-14 22:41:19.061579 Oscar: We should replace Whiskey with Foxtrot
2024-10-14 22:41:19.074006 Victor: No
2024-10-14 22:41:19.074156 November: No
2024-10-14 22:41:19.074271 Zulu: No
2024-10-14 22:41:19.074366 Bravo: No
2024-10-14 22:41:19.074477 Quebec: No
ChatterBot Oscar reevaluating
ChatterBot Oscar reevaluating
ChatterBot Oscar reevaluating
ChatterBot Oscar reevaluating
ChatterBot Oscar reevaluating
2024-10-14 22:41:19.150993 Yankee: Same as last round
2024-10-14 22:41:19.151229 Romeo: Same as last round
2024-10-14 22:41:19.153683 November: Victor and Quebec, sending you 3
2024-10-14 22:41:19.155360 Oscar: Foxtrot we want you to join our group
2024-10-14 22:41:19.161584 Foxtrot: Yes
ChatterBot Oscar reevaluating
2024-10-14 22:41:19.194347 Whiskey: Victor, Oscar, Foxtrot, Zulu, Bravo and Quebec, sending you 2
2024-10-14 22:41:19.195923 Victor: November, Oscar, Zulu and Quebec, sending you 3
2024-10-14 22:41:19.196884 Foxtrot: Victor, November, Whiskey, Zulu, Bravo and Quebec, sending you 3
2024-10-14 22:41:19.198460 November: Whiskey, Foxtrot, Zulu and Bravo, sending you 2
chatterbot Zulu submitting transactions
2024-10-14 22:41:19.200696 Whiskey: November, sending you 1
2024-10-14 22:41:19.202043 Victor: Whiskey, sending you 1
2024-10-14 22:41:19.202915 Bravo: Victor, November, Whiskey and Foxtrot, sending you 2
2024-10-14 22:41:19.204573 Quebec: Victor, November, Oscar, Foxtrot, Zulu and Bravo, sending you 3
2024-10-14 22:41:19.206078 November: Oscar, sending you 4
2024-10-14 22:41:19.207564 Victor: Foxtrot, sending you 2
2024-10-14 22:41:19.208491 Bravo: Oscar, Zulu and Quebec, sending you 3
2024-10-14 22:41:19.209976 Quebec: Whiskey, sending you 1
2024-10-14 22:41:19.217658 Oscar: Victor, Foxtrot, Zulu and Quebec, sending you 3
2024-10-14 22:41:19.222902 Oscar: November, sending you 6
2024-10-14 22:41:19.227693 Oscar: Bravo, sending you 2
chatterbot Whiskey submitting transactions
chatterbot Yankee submitting transactions
chatterbot Victor submitting transactions
chatterbot Quebec submitting transactions
chatterbot November submitting transactions
chatterbot Romeo submitting transactions
chatterbot Foxtrot submitting transactions
chatterbot Oscar submitting transactions
chatterbot Bravo submitting transactions
ChatterBot Romeo round 6
ChatterBot Victor round 6
ChatterBot November round 6
ChatterBot Whiskey round 6
ChatterBot Oscar round 6
2024-10-14 22:41:20.228325 Oscar: We should replace Foxtrot with Whiskey
2024-10-14 22:41:20.247448 Victor: No
2024-10-14 22:41:20.247642 November: No
2024-10-14 22:41:20.247779 Zulu: No
2024-10-14 22:41:20.247894 Bravo: No
2024-10-14 22:41:20.247997 Quebec: No
ChatterBot Oscar reevaluating
ChatterBot Yankee round 6
ChatterBot Foxtrot round 6
ChatterBot Zulu round 6
ChatterBot Bravo round 6
ChatterBot Quebec round 6
2024-10-14 22:41:20.329491 Zulu: We should add Foxtrot
ChatterBot Oscar reevaluating
2024-10-14 22:41:20.344156 Bravo: Yes
2024-10-14 22:41:20.344325 Victor: Yes
2024-10-14 22:41:20.344437 November: Yes
2024-10-14 22:41:20.344558 Whiskey: Yes
2024-10-14 22:41:20.345195 Oscar: Yes
2024-10-14 22:41:20.345308 Quebec: Yes
ChatterBot Oscar reevaluating
ChatterBot Oscar reevaluating
ChatterBot Oscar reevaluating
ChatterBot Oscar reevaluating
ChatterBot Oscar reevaluating
2024-10-14 22:41:20.441748 Zulu: Foxtrot we want you to join our group
2024-10-14 22:41:20.445163 Foxtrot: Yes
ChatterBot Oscar reevaluating
2024-10-14 22:41:20.464014 November: Victor and Quebec, sending you 3
2024-10-14 22:41:20.464740 Romeo: Same as last round
2024-10-14 22:41:20.467658 November: Whiskey, Foxtrot, Zulu and Bravo, sending you 2
2024-10-14 22:41:20.469107 Yankee: Same as last round
2024-10-14 22:41:20.469347 Victor: November, Oscar and Zulu, sending you 3
2024-10-14 22:41:20.470911 Whiskey: Victor, November, Oscar, Foxtrot, Zulu and Bravo, sending you 2
2024-10-14 22:41:20.471879 Bravo: Victor, sending you 1
2024-10-14 22:41:20.473250 November: Oscar, sending you 4
2024-10-14 22:41:20.474678 Victor: Whiskey, Foxtrot and Quebec, sending you 2
2024-10-14 22:41:20.476231 Whiskey: Quebec, sending you 1
2024-10-14 22:41:20.477884 Bravo: November, Whiskey and Foxtrot, sending you 2
2024-10-14 22:41:20.482879 Bravo: Oscar and Quebec, sending you 3
2024-10-14 22:41:20.483765 Quebec: Victor, November, Oscar, Foxtrot, Zulu and Bravo, sending you 3
2024-10-14 22:41:20.486658 Foxtrot: Victor, November, Whiskey, Oscar, Bravo and Quebec, sending you 3
2024-10-14 22:41:20.488731 Bravo: Zulu, sending you 4
2024-10-14 22:41:20.491623 Quebec: Whiskey, sending you 1
2024-10-14 22:41:20.494024 Oscar: Victor and Quebec, sending you 4
2024-10-14 22:41:20.499666 Oscar: November, sending you 6
2024-10-14 22:41:20.503258 Oscar: Zulu and Bravo, sending you 3
chatterbot Whiskey submitting transactions
chatterbot November submitting transactions
chatterbot Victor submitting transactions
chatterbot Oscar submitting transactions
chatterbot Romeo submitting transactions
chatterbot Zulu submitting transactions
chatterbot Bravo submitting transactions
chatterbot Foxtrot submitting transactions
chatterbot Quebec submitting transactions
chatterbot Yankee submitting transactions
ChatterBot Romeo round 7
ChatterBot Victor round 7
ChatterBot November round 7
ChatterBot Whiskey round 7
ChatterBot Oscar round 7
ChatterBot Yankee round 7
ChatterBot Foxtrot round 7
ChatterBot Zulu round 7
ChatterBot Bravo round 7
ChatterBot Quebec round 7
2024-10-14 22:41:21.523626 Zulu: We should add Foxtrot
2024-10-14 22:41:21.544629 Bravo: Yes
2024-10-14 22:41:21.544888 Victor: Yes
2024-10-14 22:41:21.545063 November: Yes
2024-10-14 22:41:21.545238 Whiskey: Yes
2024-10-14 22:41:21.545444 Oscar: Yes
2024-10-14 22:41:21.545604 Quebec: Yes
2024-10-14 22:41:21.620486 Zulu: Foxtrot we want you to join our group
2024-10-14 22:41:21.623201 Foxtrot: Yes
2024-10-14 22:41:21.637809 November: Victor and Quebec, sending you 3
2024-10-14 22:41:21.641654 Whiskey: Victor, November, Oscar, Foxtrot, Zulu and Bravo, sending you 2
2024-10-14 22:41:21.642670 Foxtrot: Victor, November, Whiskey, Oscar, Bravo and Quebec, sending you 3
2024-10-14 22:41:21.643859 November: Whiskey, Foxtrot, Zulu and Bravo, sending you 2
2024-10-14 22:41:21.644641 Oscar: Victor, sending you 4
2024-10-14 22:41:21.645156 Victor: November, Oscar and Zulu, sending you 3
2024-10-14 22:41:21.646031 Romeo: Same as last round
2024-10-14 22:41:21.647036 Whiskey: Quebec, sending you 1
2024-10-14 22:41:21.648671 Oscar: November, sending you 5
2024-10-14 22:41:21.649106 Victor: Whiskey, Foxtrot and Quebec, sending you 2
2024-10-14 22:41:21.649836 Bravo: Victor, sending you 1
2024-10-14 22:41:21.651011 November: Oscar, sending you 4
2024-10-14 22:41:21.651772 Oscar: Foxtrot, sending you 2
2024-10-14 22:41:21.653686 Quebec: Victor, November, Oscar, Foxtrot, Zulu and Bravo, sending you 3
2024-10-14 22:41:21.655681 Bravo: November, Whiskey and Foxtrot, sending you 2
2024-10-14 22:41:21.657684 Oscar: Zulu, Bravo and Quebec, sending you 3
2024-10-14 22:41:21.659661 Quebec: Whiskey, sending you 1
2024-10-14 22:41:21.661097 Bravo: Oscar and Quebec, sending you 3
2024-10-14 22:41:21.665821 Bravo: Zulu, sending you 4
chatterbot Victor submitting transactions
chatterbot November submitting transactions
chatterbot Yankee submitting transactions
chatterbot Bravo submitting transactions
chatterbot Romeo submitting transactions
chatterbot Oscar submitting transactions
chatterbot Quebec submitting transactions
chatterbot Zulu submitting transactions
chatterbot Whiskey submitting transactions
chatterbot Foxtrot submitting transactions
ChatterBot Romeo round 8
ChatterBot Victor round 8
ChatterBot November round 8
ChatterBot Whiskey round 8
ChatterBot Oscar round 8
ChatterBot Yankee round 8
ChatterBot Foxtrot round 8
ChatterBot Zulu round 8
ChatterBot Bravo round 8
ChatterBot Quebec round 8
2024-10-14 22:41:22.779336 Oscar: We should replace Zulu with Whiskey
2024-10-14 22:41:22.792834 Victor: No
2024-10-14 22:41:22.793005 November: No
2024-10-14 22:41:22.793136 Foxtrot: No
2024-10-14 22:41:22.793279 Bravo: No
2024-10-14 22:41:22.793993 Quebec: No
ChatterBot Oscar reevaluating
ChatterBot Oscar reevaluating
ChatterBot Oscar reevaluating
ChatterBot Oscar reevaluating
2024-10-14 22:41:22.863492 Zulu: We should add Foxtrot
ChatterBot Oscar reevaluating
2024-10-14 22:41:22.876669 Bravo: Yes
2024-10-14 22:41:22.876814 Victor: Yes
2024-10-14 22:41:22.876913 November: Yes
2024-10-14 22:41:22.877013 Whiskey: Yes
2024-10-14 22:41:22.877129 Oscar: Yes
2024-10-14 22:41:22.877222 Quebec: Yes
ChatterBot Oscar reevaluating
ChatterBot Oscar reevaluating
ChatterBot Oscar reevaluating
ChatterBot Oscar reevaluating
ChatterBot Oscar reevaluating
2024-10-14 22:41:23.001166 Yankee: We should add November
2024-10-14 22:41:23.004703 Romeo: No
ChatterBot Yankee reevaluating
2024-10-14 22:41:23.014638 Whiskey: We should drop Oscar
2024-10-14 22:41:23.033227 Victor: No
2024-10-14 22:41:23.033405 November: No
2024-10-14 22:41:23.033519 Foxtrot: No
2024-10-14 22:41:23.033608 Zulu: No
2024-10-14 22:41:23.033753 Bravo: No
2024-10-14 22:41:23.033868 Quebec: No
ChatterBot Whiskey reevaluating
ChatterBot Whiskey reevaluating
ChatterBot Whiskey reevaluating
ChatterBot Whiskey reevaluating
ChatterBot Whiskey reevaluating
2024-10-14 22:41:23.117370 Zulu: Foxtrot we want you to join our group
2024-10-14 22:41:23.120163 Foxtrot: Yes
ChatterBot Oscar reevaluating
ChatterBot Whiskey reevaluating
2024-10-14 22:41:23.144679 November: Victor and Quebec, sending you 3
2024-10-14 22:41:23.146064 Romeo: Sending you 6
2024-10-14 22:41:23.146313 Victor: November, Oscar and Zulu, sending you 3
2024-10-14 22:41:23.147565 Whiskey: We should drop Zulu
ChatterBot Oscar reevaluating
2024-10-14 22:41:23.164585 Victor: No
2024-10-14 22:41:23.164762 November: No
2024-10-14 22:41:23.164893 Oscar: Yes
2024-10-14 22:41:23.165008 Foxtrot: No
2024-10-14 22:41:23.165189 Bravo: No
2024-10-14 22:41:23.165306 Quebec: No
ChatterBot Whiskey reevaluating
ChatterBot Oscar reevaluating
ChatterBot Whiskey reevaluating
ChatterBot Oscar reevaluating
ChatterBot Whiskey reevaluating
ChatterBot Whiskey reevaluating
ChatterBot Oscar reevaluating
ChatterBot Whiskey reevaluating
ChatterBot Oscar reevaluating
ChatterBot Whiskey reevaluating
ChatterBot Oscar reevaluating
2024-10-14 22:41:23.249731 Foxtrot: Victor, Whiskey, Oscar and Zulu, sending you 2
2024-10-14 22:41:23.251467 November: Whiskey, sending you 1
2024-10-14 22:41:23.252339 Victor: Whiskey, Foxtrot and Quebec, sending you 2
2024-10-14 22:41:23.253120 Quebec: I was attacked by Yankee
ChatterBot November reevaluating
ChatterBot Bravo reevaluating
ChatterBot Oscar reevaluating
ChatterBot Zulu reevaluating
ChatterBot Foxtrot reevaluating
ChatterBot Whiskey reevaluating
ChatterBot Victor reevaluating
2024-10-14 22:41:23.271854 Quebec: I'm keeping this round to protect myself
2024-10-14 22:41:23.273330 Quebec: Ow
chatterbot Romeo submitting transactions
2024-10-14 22:41:23.276686 Yankee: Sending you 6
2024-10-14 22:41:23.282376 Whiskey: We should drop Victor
ChatterBot November reevaluating
ChatterBot Oscar reevaluating
ChatterBot Foxtrot reevaluating
ChatterBot Zulu reevaluating
ChatterBot Bravo reevaluating
2024-10-14 22:41:23.297294 November: No
2024-10-14 22:41:23.297428 Oscar: No
2024-10-14 22:41:23.297559 Foxtrot: No
2024-10-14 22:41:23.297670 Zulu: No
2024-10-14 22:41:23.297784 Bravo: No
2024-10-14 22:41:23.297883 Quebec: No
ChatterBot Whiskey reevaluating
ChatterBot Oscar reevaluating
ChatterBot Foxtrot reevaluating
ChatterBot Zulu reevaluating
ChatterBot Bravo reevaluating
ChatterBot Whiskey reevaluating
ChatterBot November reevaluating
ChatterBot Foxtrot reevaluating
ChatterBot Zulu reevaluating
ChatterBot Bravo reevaluating
ChatterBot Whiskey reevaluating
ChatterBot November reevaluating
ChatterBot Oscar reevaluating
ChatterBot Zulu reevaluating
ChatterBot Bravo reevaluating
ChatterBot Quebec reevaluating
ChatterBot Whiskey reevaluating
ChatterBot November reevaluating
ChatterBot Oscar reevaluating
ChatterBot Foxtrot reevaluating
ChatterBot Bravo reevaluating
ChatterBot Quebec reevaluating
ChatterBot Whiskey reevaluating
ChatterBot November reevaluating
ChatterBot Oscar reevaluating
ChatterBot Foxtrot reevaluating
ChatterBot Zulu reevaluating
ChatterBot Quebec reevaluating
ChatterBot Whiskey reevaluating
ChatterBot November reevaluating
ChatterBot Oscar reevaluating
ChatterBot Foxtrot reevaluating
ChatterBot Zulu reevaluating
ChatterBot Bravo reevaluating
chatterbot Foxtrot submitting transactions
2024-10-14 22:41:23.421679 Bravo: Victor, sending you 1
2024-10-14 22:41:23.424726 Foxtrot: Sorry, I'm actually sending you 0
2024-10-14 22:41:23.427650 Bravo: November, Whiskey and Foxtrot, sending you 2
2024-10-14 22:41:23.430003 Foxtrot: Victor, November, Whiskey, Oscar, Bravo and Quebec, sending you 2
2024-10-14 22:41:23.432654 Bravo: Oscar and Quebec, sending you 3
2024-10-14 22:41:23.433938 Oscar: Victor, sending you 4
2024-10-14 22:41:23.436661 Bravo: Zulu, sending you 4
2024-10-14 22:41:23.437922 Oscar: November, sending you 5
2024-10-14 22:41:23.439672 Whiskey: Victor, November, Zulu, Bravo and Quebec, sending you 2
2024-10-14 22:41:23.441648 Oscar: Foxtrot, sending you 2
2024-10-14 22:41:23.444677 Whiskey: Foxtrot, sending you 3
2024-10-14 22:41:23.446208 Oscar: Zulu, Bravo and Quebec, sending you 3
chatterbot Whiskey submitting transactions
chatterbot Quebec submitting transactions
chatterbot Victor submitting transactions
chatterbot November submitting transactions
chatterbot Yankee submitting transactions
chatterbot Zulu submitting transactions
chatterbot Victor submitting transactions
chatterbot Bravo submitting transactions
chatterbot Zulu submitting transactions
chatterbot Foxtrot submitting transactions
chatterbot November submitting transactions
chatterbot Oscar submitting transactions
ChatterBot Romeo round 9
ChatterBot Victor round 9
ChatterBot November round 9
ChatterBot Whiskey round 9
ChatterBot Oscar round 9
ChatterBot Yankee round 9
ChatterBot Foxtrot round 9
ChatterBot Zulu round 9
ChatterBot Bravo round 9
ChatterBot Quebec round 9
2024-10-14 22:41:24.619134 Zulu: We should add Foxtrot
ChatterBot November reevaluating
2024-10-14 22:41:24.636062 Bravo: Yes
2024-10-14 22:41:24.636251 Victor: Yes
2024-10-14 22:41:24.636377 November: Yes
2024-10-14 22:41:24.636488 Whiskey: Yes
2024-10-14 22:41:24.636595 Oscar: Yes
2024-10-14 22:41:24.636719 Quebec: Yes
ChatterBot November reevaluating
ChatterBot November reevaluating
ChatterBot Whiskey reevaluating
ChatterBot Whiskey reevaluating
ChatterBot November reevaluating
ChatterBot November reevaluating
ChatterBot Whiskey reevaluating
ChatterBot November reevaluating
ChatterBot Whiskey reevaluating
2024-10-14 22:41:24.728635 Zulu: Foxtrot we want you to join our group
2024-10-14 22:41:24.732075 Foxtrot: Yes
ChatterBot November reevaluating
ChatterBot Whiskey reevaluating
2024-10-14 22:41:24.749245 Yankee: I was attacked by November, Foxtrot and Zulu
ChatterBot Romeo reevaluating
2024-10-14 22:41:24.752185 Yankee: I'm keeping this round to protect myself
2024-10-14 22:41:24.752601 Yankee: Ow
2024-10-14 22:41:24.753050 Foxtrot: Victor, Whiskey and Quebec, sending you 3
2024-10-14 22:41:24.754314 Victor: November, Oscar and Zulu, sending you 3
2024-10-14 22:41:24.755087 Oscar: Victor, sending you 4
2024-10-14 22:41:24.756662 Foxtrot: November, Oscar, Zulu and Bravo, sending you 2
2024-10-14 22:41:24.758197 Bravo: Victor, sending you 1
2024-10-14 22:41:24.759192 Oscar: November, sending you 5
2024-10-14 22:41:24.760091 Victor: Whiskey, Foxtrot and Quebec, sending you 2
2024-10-14 22:41:24.761675 Bravo: November, Whiskey, Foxtrot and Quebec, sending you 2
2024-10-14 22:41:24.763655 Quebec: November did not give me 3 like they said
ChatterBot November reevaluating
ChatterBot Bravo reevaluating
ChatterBot Oscar reevaluating
ChatterBot Zulu reevaluating
ChatterBot Foxtrot reevaluating
ChatterBot Whiskey reevaluating
ChatterBot Victor reevaluating
2024-10-14 22:41:24.788366 Victor: November did not give me 3 like they said
ChatterBot November reevaluating
ChatterBot Bravo reevaluating
ChatterBot Oscar reevaluating
ChatterBot Zulu reevaluating
ChatterBot Quebec reevaluating
ChatterBot Foxtrot reevaluating
ChatterBot Whiskey reevaluating
2024-10-14 22:41:24.812178 Whiskey: We should replace November with Oscar
ChatterBot Victor reevaluating
ChatterBot Foxtrot reevaluating
ChatterBot Zulu reevaluating
ChatterBot Bravo reevaluating
ChatterBot Quebec reevaluating
2024-10-14 22:41:24.826011 Victor: No
2024-10-14 22:41:24.826142 Foxtrot: No
2024-10-14 22:41:24.826263 Zulu: No
2024-10-14 22:41:24.826368 Bravo: No
2024-10-14 22:41:24.826472 Quebec: No
ChatterBot Whiskey reevaluating
ChatterBot Foxtrot reevaluating
ChatterBot Zulu reevaluating
ChatterBot Bravo reevaluating
ChatterBot Quebec reevaluating
ChatterBot Whiskey reevaluating
ChatterBot Victor reevaluating
ChatterBot Zulu reevaluating
ChatterBot Bravo reevaluating
ChatterBot Quebec reevaluating
ChatterBot Whiskey reevaluating
ChatterBot Victor reevaluating
ChatterBot Foxtrot reevaluating
ChatterBot Bravo reevaluating
ChatterBot Quebec reevaluating
ChatterBot Whiskey reevaluating
ChatterBot Victor reevaluating
ChatterBot Foxtrot reevaluating
ChatterBot Zulu reevaluating
ChatterBot Quebec reevaluating
ChatterBot Whiskey reevaluating
ChatterBot Victor reevaluating
ChatterBot Foxtrot reevaluating
ChatterBot Zulu reevaluating
ChatterBot Bravo reevaluating
chatterbot Yankee submitting transactions
2024-10-14 22:41:24.923687 Quebec: Victor, November, Oscar, Foxtrot, Zulu and Bravo, sending you 3
2024-10-14 22:41:24.928684 Quebec: Whiskey, sending you 1
2024-10-14 22:41:24.932695 Whiskey: Victor, November and Bravo, sending you 2
2024-10-14 22:41:24.935673 Whiskey: Foxtrot and Zulu, sending you 3
2024-10-14 22:41:24.938674 Whiskey: Quebec, sending you 1
