ChatterBot Zulu round 1
ChatterBot Sierra round 1
ChatterBot Whiskey round 1
ChatterBot Charlie round 1
ChatterBot Delta round 1
ChatterBot November round 1
ChatterBot Golf round 1
ChatterBot Foxtrot round 1
ChatterBot Hotel round 1
ChatterBot Alpha round 1
randomSelections Zulu: {Zulu, Sierra, Golf, Delta, November, Charlie, Foxtrot} 
2024-10-14 22:41:11.139407 Zulu: We would work well together
ChatterBot Sierra reevaluating
ChatterBot Golf reevaluating
ChatterBot Delta reevaluating
ChatterBot November reevaluating
ChatterBot Charlie reevaluating
ChatterBot Foxtrot reevaluating
2024-10-14 22:41:11.151771 Sierra: Yes
2024-10-14 22:41:11.151934 Golf: Yes
2024-10-14 22:41:11.152067 Delta: Yes
2024-10-14 22:41:11.152154 November: Yes
2024-10-14 22:41:11.152240 Charlie: Yes
2024-10-14 22:41:11.152352 Foxtrot: Yes
ChatterBot Golf reevaluating
ChatterBot Delta reevaluating
ChatterBot November reevaluating
ChatterBot Charlie reevaluating
ChatterBot Foxtrot reevaluating
ChatterBot Sierra reevaluating
ChatterBot Delta reevaluating
ChatterBot November reevaluating
ChatterBot Charlie reevaluating
ChatterBot Foxtrot reevaluating
ChatterBot Sierra reevaluating
ChatterBot Golf reevaluating
ChatterBot November reevaluating
ChatterBot Charlie reevaluating
ChatterBot Foxtrot reevaluating
ChatterBot Sierra reevaluating
ChatterBot Golf reevaluating
ChatterBot Delta reevaluating
ChatterBot Charlie reevaluating
ChatterBot Foxtrot reevaluating
ChatterBot Sierra reevaluating
ChatterBot Golf reevaluating
ChatterBot Delta reevaluating
ChatterBot November reevaluating
ChatterBot Foxtrot reevaluating
ChatterBot Sierra reevaluating
ChatterBot Golf reevaluating
ChatterBot Delta reevaluating
ChatterBot November reevaluating
ChatterBot Charlie reevaluating
randomSelections Whiskey: {Whiskey, Alpha, Foxtrot, Zulu, Golf, Sierra, Charlie} 
2024-10-14 22:41:11.203439 Whiskey: We should group up
ChatterBot Alpha reevaluating
ChatterBot Foxtrot reevaluating
ChatterBot Golf reevaluating
ChatterBot Sierra reevaluating
ChatterBot Charlie reevaluating
2024-10-14 22:41:11.210699 Alpha: Yes
2024-10-14 22:41:11.210870 Foxtrot: No
2024-10-14 22:41:11.210999 Zulu: No
2024-10-14 22:41:11.211096 Golf: No
2024-10-14 22:41:11.211182 Sierra: No
2024-10-14 22:41:11.211903 Charlie: No
ChatterBot Foxtrot reevaluating
ChatterBot Golf reevaluating
ChatterBot Sierra reevaluating
ChatterBot Charlie reevaluating
ChatterBot Alpha reevaluating
ChatterBot Golf reevaluating
ChatterBot Sierra reevaluating
ChatterBot Charlie reevaluating
ChatterBot Alpha reevaluating
ChatterBot Foxtrot reevaluating
ChatterBot Golf reevaluating
ChatterBot Sierra reevaluating
ChatterBot Charlie reevaluating
ChatterBot Alpha reevaluating
ChatterBot Foxtrot reevaluating
ChatterBot Sierra reevaluating
ChatterBot Charlie reevaluating
ChatterBot Alpha reevaluating
ChatterBot Foxtrot reevaluating
ChatterBot Golf reevaluating
ChatterBot Charlie reevaluating
ChatterBot Alpha reevaluating
ChatterBot Foxtrot reevaluating
ChatterBot Golf reevaluating
ChatterBot Sierra reevaluating
randomSelections Hotel: {Hotel, Delta, Foxtrot, Whiskey, Charlie, November, Golf, Zulu} 
2024-10-14 22:41:11.303385 Hotel: Let's form a team
ChatterBot Delta reevaluating
ChatterBot Foxtrot reevaluating
ChatterBot Charlie reevaluating
ChatterBot November reevaluating
ChatterBot Golf reevaluating
2024-10-14 22:41:11.368260 Delta: No
2024-10-14 22:41:11.368564 Foxtrot: No
2024-10-14 22:41:11.368753 Whiskey: No
2024-10-14 22:41:11.369971 Charlie: No
2024-10-14 22:41:11.370206 November: No
2024-10-14 22:41:11.370704 Golf: No
2024-10-14 22:41:11.371065 Zulu: No
ChatterBot Foxtrot reevaluating
ChatterBot Charlie reevaluating
ChatterBot November reevaluating
ChatterBot Golf reevaluating
ChatterBot Delta reevaluating
ChatterBot Charlie reevaluating
ChatterBot November reevaluating
ChatterBot Golf reevaluating
ChatterBot Delta reevaluating
ChatterBot Foxtrot reevaluating
ChatterBot Charlie reevaluating
ChatterBot November reevaluating
ChatterBot Golf reevaluating
ChatterBot Delta reevaluating
ChatterBot Foxtrot reevaluating
ChatterBot November reevaluating
ChatterBot Golf reevaluating
ChatterBot Delta reevaluating
ChatterBot Foxtrot reevaluating
ChatterBot Charlie reevaluating
ChatterBot Golf reevaluating
ChatterBot Delta reevaluating
ChatterBot Foxtrot reevaluating
ChatterBot Charlie reevaluating
ChatterBot November reevaluating
ChatterBot Delta reevaluating
ChatterBot Foxtrot reevaluating
ChatterBot Charlie reevaluating
ChatterBot November reevaluating
ChatterBot Golf reevaluating
2024-10-14 22:41:11.468669 Foxtrot: Zulu, sending you 3
2024-10-14 22:41:11.469419 Alpha: Zulu, Golf and Foxtrot, sending you 1
2024-10-14 22:41:11.470788 Whiskey: Zulu and Foxtrot, sending you 2
2024-10-14 22:41:11.477768 Foxtrot: Sierra, sending you 2
2024-10-14 22:41:11.478434 Alpha: Sierra and Charlie, sending you 2
2024-10-14 22:41:11.479812 Whiskey: Sierra and Alpha, sending you 3
2024-10-14 22:41:11.481008 Zulu: Sierra, November and Foxtrot, sending you 1
2024-10-14 22:41:11.482994 Charlie: Delta, sending you 2
2024-10-14 22:41:11.484471 Hotel: Zulu, Whiskey and Foxtrot, sending you 2
2024-10-14 22:41:11.486292 Sierra: Zulu, Charlie and November, sending you 2
2024-10-14 22:41:11.487952 Foxtrot: Charlie and November, sending you 1
2024-10-14 22:41:11.488957 Alpha: Whiskey, sending you 4
2024-10-14 22:41:11.490658 Whiskey: Charlie, sending you 5
2024-10-14 22:41:11.491971 November: Zulu and Foxtrot, sending you 2
2024-10-14 22:41:11.492693 Golf: Sierra and November, sending you 1
2024-10-14 22:41:11.494103 Zulu: Charlie, sending you 5
2024-10-14 22:41:11.495067 Charlie: Foxtrot, sending you 1
2024-10-14 22:41:11.496805 Hotel: Charlie, sending you 3
2024-10-14 22:41:11.497762 Sierra: Delta, sending you 4
2024-10-14 22:41:11.499216 Foxtrot: Golf, sending you 4
2024-10-14 22:41:11.499972 November: Sierra, sending you 1
2024-10-14 22:41:11.501897 Whiskey: Golf, sending you 1
2024-10-14 22:41:11.502628 Golf: Charlie, sending you 2
2024-10-14 22:41:11.504025 Zulu: Delta and Golf, sending you 2
2024-10-14 22:41:11.504745 Hotel: Delta, sending you 4
2024-10-14 22:41:11.506001 Sierra: Golf and Foxtrot, sending you 3
2024-10-14 22:41:11.506821 November: Charlie and Delta, sending you 3
2024-10-14 22:41:11.509388 Hotel: November, sending you 5
2024-10-14 22:41:11.511078 November: Golf, sending you 5
chatterbot Zulu submitting transactions
2024-10-14 22:41:11.513669 Hotel: Golf, sending you 1
chatterbot Foxtrot submitting transactions
chatterbot Alpha submitting transactions
chatterbot Charlie submitting transactions
chatterbot November submitting transactions
chatterbot Sierra submitting transactions
chatterbot Hotel submitting transactions
chatterbot Golf submitting transactions
chatterbot Whiskey submitting transactions
chatterbot Delta submitting transactions
ChatterBot Zulu round 2
ChatterBot Sierra round 2
ChatterBot Whiskey round 2
ChatterBot Charlie round 2
2024-10-14 22:41:12.449068 Zulu: We should group up
ChatterBot Sierra reevaluating
ChatterBot November reevaluating
ChatterBot Golf reevaluating
ChatterBot Foxtrot reevaluating
ChatterBot Hotel reevaluating
2024-10-14 22:41:12.487790 Sierra: Yes
2024-10-14 22:41:12.487946 November: No
2024-10-14 22:41:12.488055 Golf: No
2024-10-14 22:41:12.488151 Foxtrot: No
2024-10-14 22:41:12.488243 Hotel: No
ChatterBot November reevaluating
ChatterBot Golf reevaluating
ChatterBot Foxtrot reevaluating
ChatterBot Hotel reevaluating
ChatterBot Sierra reevaluating
ChatterBot Golf reevaluating
ChatterBot Foxtrot reevaluating
ChatterBot Hotel reevaluating
ChatterBot Sierra reevaluating
ChatterBot November reevaluating
ChatterBot Foxtrot reevaluating
ChatterBot Hotel reevaluating
ChatterBot Sierra reevaluating
ChatterBot November reevaluating
ChatterBot Golf reevaluating
ChatterBot Hotel reevaluating
ChatterBot Sierra reevaluating
ChatterBot November reevaluating
ChatterBot Golf reevaluating
ChatterBot Foxtrot reevaluating
ChatterBot Delta round 2
ChatterBot November round 2
2024-10-14 22:41:12.658230 Charlie: We should replace Delta with Hotel
ChatterBot Sierra reevaluating
ChatterBot November reevaluating
ChatterBot Golf reevaluating
ChatterBot Foxtrot reevaluating
2024-10-14 22:41:12.691289 Zulu: Yes
2024-10-14 22:41:12.691440 Sierra: Yes
2024-10-14 22:41:12.691545 November: Yes
2024-10-14 22:41:12.691649 Golf: No
2024-10-14 22:41:12.692121 Foxtrot: No
ChatterBot Sierra reevaluating
ChatterBot November reevaluating
ChatterBot Golf reevaluating
ChatterBot Foxtrot reevaluating
ChatterBot November reevaluating
ChatterBot Golf reevaluating
ChatterBot Foxtrot reevaluating
ChatterBot Sierra reevaluating
ChatterBot Golf reevaluating
ChatterBot Foxtrot reevaluating
ChatterBot Sierra reevaluating
ChatterBot November reevaluating
ChatterBot Foxtrot reevaluating
ChatterBot Sierra reevaluating
ChatterBot November reevaluating
ChatterBot Golf reevaluating
ChatterBot Golf round 2
ChatterBot Foxtrot round 2
2024-10-14 22:41:12.941778 Whiskey: Group up?
ChatterBot Alpha reevaluating
ChatterBot Hotel reevaluating
2024-10-14 22:41:12.976442 Charlie: No
2024-10-14 22:41:12.976607 Alpha: No
2024-10-14 22:41:12.976765 Hotel: No
ChatterBot Alpha reevaluating
ChatterBot Hotel reevaluating
ChatterBot Hotel reevaluating
ChatterBot Alpha reevaluating
2024-10-14 22:41:13.054768 Alpha: Let's form a team
2024-10-14 22:41:13.059489 Whiskey: Yes
ChatterBot Alpha reevaluating
ChatterBot Hotel round 2
ChatterBot Alpha round 2
2024-10-14 22:41:13.084369 Delta: We should replace Charlie with Hotel
ChatterBot Sierra reevaluating
ChatterBot November reevaluating
ChatterBot Golf reevaluating
ChatterBot Foxtrot reevaluating
2024-10-14 22:41:13.103739 Zulu: Yes
2024-10-14 22:41:13.103920 Sierra: No
2024-10-14 22:41:13.104030 November: Yes
2024-10-14 22:41:13.104146 Golf: Yes
2024-10-14 22:41:13.104250 Foxtrot: Yes
ChatterBot Sierra reevaluating
ChatterBot November reevaluating
ChatterBot Golf reevaluating
ChatterBot Foxtrot reevaluating
ChatterBot November reevaluating
ChatterBot Golf reevaluating
ChatterBot Foxtrot reevaluating
ChatterBot Sierra reevaluating
ChatterBot Golf reevaluating
ChatterBot Foxtrot reevaluating
ChatterBot Sierra reevaluating
ChatterBot November reevaluating
ChatterBot Foxtrot reevaluating
ChatterBot Sierra reevaluating
ChatterBot November reevaluating
ChatterBot Golf reevaluating
2024-10-14 22:41:13.205973 Charlie: Hotel we want you to join our group
ChatterBot Hotel reevaluating
2024-10-14 22:41:13.210183 Hotel: No
2024-10-14 22:41:13.247121 Delta: Hotel we want you to join our group
2024-10-14 22:41:13.251125 Hotel: No
2024-10-14 22:41:13.273553 Zulu: Sierra, November, Foxtrot and Hotel, sending you 3
2024-10-14 22:41:13.440786 Whiskey: Charlie, sending you 2
chatterbot Zulu submitting transactions
chatterbot Whiskey submitting transactions
2024-10-14 22:41:14.050855 Whiskey: Hotel, sending you 5
2024-10-14 22:41:14.052331 Golf: Zulu and Hotel, sending you 2
2024-10-14 22:41:14.053036 November: Zulu, Golf and Foxtrot, sending you 2
2024-10-14 22:41:14.053944 Charlie: Zulu, November and Hotel, sending you 2
2024-10-14 22:41:14.054458 Delta: Zulu, sending you 3
2024-10-14 22:41:14.055608 Foxtrot: Zulu, sending you 2
2024-10-14 22:41:14.055950 Alpha: Whiskey and Charlie, sending you 4
2024-10-14 22:41:14.056152 Hotel: Zulu, Sierra, November and Golf, sending you 4
chatterbot Charlie submitting transactions
chatterbot Delta submitting transactions
2024-10-14 22:41:14.057231 Whiskey: Alpha, sending you 8
2024-10-14 22:41:14.057492 Charlie: Sierra, Golf and Foxtrot, sending you 1
2024-10-14 22:41:14.675702 Golf: Sierra, sending you 3
2024-10-14 22:41:14.676087 November: Sierra, sending you 3
2024-10-14 22:41:14.676795 Delta: Sierra, sending you 5
2024-10-14 22:41:14.677051 Foxtrot: Sierra, November and Hotel, sending you 3
2024-10-14 22:41:14.677340 Hotel: Foxtrot, sending you 3
2024-10-14 22:41:14.678115 Alpha: Hotel, sending you 3
2024-10-14 22:41:14.678337 Sierra: Zulu, November and Golf, sending you 3
chatterbot Foxtrot submitting transactions
chatterbot November submitting transactions
chatterbot Alpha submitting transactions
2024-10-14 22:41:15.138282 Golf: November and Foxtrot, sending you 4
2024-10-14 22:41:15.139809 Delta: November and Hotel, sending you 4
2024-10-14 22:41:15.141680 November: Hotel, sending you 7
2024-10-14 22:41:15.142378 Sierra: Foxtrot, sending you 6
chatterbot Hotel submitting transactions
chatterbot Golf submitting transactions
chatterbot Sierra submitting transactions
2024-10-14 22:41:15.167542 Golf: Zulu did not give me 2 like they said
ChatterBot Zulu reevaluating
ChatterBot Sierra reevaluating
ChatterBot November reevaluating
ChatterBot Foxtrot reevaluating
ChatterBot Hotel reevaluating
2024-10-14 22:41:15.188269 Golf: Whiskey did not give me 1 like they said
ChatterBot Zulu reevaluating
ChatterBot Sierra reevaluating
ChatterBot November reevaluating
ChatterBot Foxtrot reevaluating
ChatterBot Hotel reevaluating
2024-10-14 22:41:15.208072 Golf: November did not give me 5 like they said
ChatterBot Zulu reevaluating
ChatterBot Sierra reevaluating
ChatterBot November reevaluating
ChatterBot Foxtrot reevaluating
ChatterBot Hotel reevaluating
2024-10-14 22:41:15.229135 Golf: Foxtrot did not give me 4 like they said
ChatterBot Zulu reevaluating
ChatterBot Sierra reevaluating
ChatterBot November reevaluating
ChatterBot Foxtrot reevaluating
ChatterBot Hotel reevaluating
2024-10-14 22:41:15.250463 Golf: Alpha did not give me 1 like they said
ChatterBot Zulu reevaluating
ChatterBot Sierra reevaluating
ChatterBot November reevaluating
ChatterBot Foxtrot reevaluating
ChatterBot Hotel reevaluating
2024-10-14 22:41:15.279381 Delta: Golf and Foxtrot, sending you 1
2024-10-14 22:41:15.280163 November: Hotel did not give me 5 like they said
ChatterBot Zulu reevaluating
ChatterBot Sierra reevaluating
ChatterBot Golf reevaluating
ChatterBot Foxtrot reevaluating
ChatterBot Hotel reevaluating
ChatterBot Zulu round 3
ChatterBot Sierra round 3
ChatterBot Whiskey round 3
ChatterBot Charlie round 3
ChatterBot Delta round 3
ChatterBot November round 3
ChatterBot Golf round 3
ChatterBot Foxtrot round 3
ChatterBot Hotel round 3
ChatterBot Alpha round 3
2024-10-14 22:41:15.322357 Zulu: We should add Charlie
ChatterBot Sierra reevaluating
ChatterBot November reevaluating
ChatterBot Golf reevaluating
ChatterBot Foxtrot reevaluating
ChatterBot Hotel reevaluating
2024-10-14 22:41:15.356958 Sierra: No
2024-10-14 22:41:15.357159 November: No
2024-10-14 22:41:15.357348 Golf: No
2024-10-14 22:41:15.357519 Foxtrot: No
2024-10-14 22:41:15.357712 Hotel: No
ChatterBot Zulu reevaluating
ChatterBot November reevaluating
ChatterBot Golf reevaluating
ChatterBot Foxtrot reevaluating
ChatterBot Hotel reevaluating
ChatterBot Zulu reevaluating
ChatterBot Sierra reevaluating
ChatterBot Golf reevaluating
ChatterBot Foxtrot reevaluating
ChatterBot Hotel reevaluating
ChatterBot Zulu reevaluating
ChatterBot Sierra reevaluating
ChatterBot November reevaluating
ChatterBot Foxtrot reevaluating
ChatterBot Hotel reevaluating
ChatterBot Zulu reevaluating
ChatterBot Sierra reevaluating
ChatterBot November reevaluating
ChatterBot Golf reevaluating
ChatterBot Hotel reevaluating
ChatterBot Zulu reevaluating
ChatterBot Sierra reevaluating
ChatterBot November reevaluating
ChatterBot Golf reevaluating
ChatterBot Foxtrot reevaluating
2024-10-14 22:41:15.533859 Sierra: We should add Delta
2024-10-14 22:41:15.534253 Hotel: We should add Delta
2024-10-14 22:41:15.535025 Zulu: We should add Delta
ChatterBot Zulu reevaluating
ChatterBot November reevaluating
ChatterBot Golf reevaluating
ChatterBot Foxtrot reevaluating
ChatterBot Hotel reevaluating
2024-10-14 22:41:15.566775 Zulu: Yes
ChatterBot Zulu reevaluating
ChatterBot Sierra reevaluating
2024-10-14 22:41:15.579487 November: Yes
ChatterBot November reevaluating
2024-10-14 22:41:15.585975 Golf: Yes
ChatterBot Golf reevaluating
2024-10-14 22:41:15.592472 Foxtrot: No
ChatterBot Foxtrot reevaluating
2024-10-14 22:41:15.599745 Hotel: Yes
2024-10-14 22:41:15.600411 Zulu: Yes
2024-10-14 22:41:15.601141 Sierra: Yes
ChatterBot Sierra reevaluating
2024-10-14 22:41:15.607263 November: Yes
ChatterBot November reevaluating
2024-10-14 22:41:15.614238 Golf: Yes
ChatterBot Golf reevaluating
2024-10-14 22:41:15.620440 Foxtrot: No
ChatterBot Foxtrot reevaluating
ChatterBot Hotel reevaluating
2024-10-14 22:41:15.635077 Sierra: Yes
ChatterBot Sierra reevaluating
2024-10-14 22:41:15.641757 November: Yes
ChatterBot November reevaluating
2024-10-14 22:41:15.648888 Golf: Yes
ChatterBot Golf reevaluating
2024-10-14 22:41:15.675698 Foxtrot: Yes
ChatterBot Foxtrot reevaluating
2024-10-14 22:41:15.713275 Hotel: Yes
ChatterBot Hotel reevaluating
ChatterBot Zulu reevaluating
ChatterBot Sierra reevaluating
ChatterBot Golf reevaluating
ChatterBot Foxtrot reevaluating
ChatterBot Hotel reevaluating
ChatterBot Zulu reevaluating
ChatterBot Sierra reevaluating
ChatterBot November reevaluating
ChatterBot Foxtrot reevaluating
ChatterBot Hotel reevaluating
ChatterBot Zulu reevaluating
ChatterBot Sierra reevaluating
ChatterBot November reevaluating
ChatterBot Golf reevaluating
ChatterBot Hotel reevaluating
ChatterBot Zulu reevaluating
ChatterBot Sierra reevaluating
ChatterBot November reevaluating
ChatterBot Golf reevaluating
ChatterBot Foxtrot reevaluating
ChatterBot Sierra reevaluating
ChatterBot November reevaluating
ChatterBot Golf reevaluating
ChatterBot Foxtrot reevaluating
ChatterBot Hotel reevaluating
ChatterBot Zulu reevaluating
ChatterBot November reevaluating
ChatterBot Golf reevaluating
ChatterBot Foxtrot reevaluating
ChatterBot Hotel reevaluating
ChatterBot Zulu reevaluating
ChatterBot Sierra reevaluating
ChatterBot Golf reevaluating
ChatterBot Foxtrot reevaluating
ChatterBot Hotel reevaluating
ChatterBot Zulu reevaluating
ChatterBot Sierra reevaluating
ChatterBot November reevaluating
ChatterBot Foxtrot reevaluating
ChatterBot Hotel reevaluating
ChatterBot Zulu reevaluating
ChatterBot Sierra reevaluating
ChatterBot November reevaluating
ChatterBot Golf reevaluating
ChatterBot Hotel reevaluating
ChatterBot Zulu reevaluating
ChatterBot November reevaluating
ChatterBot Golf reevaluating
ChatterBot Foxtrot reevaluating
ChatterBot Hotel reevaluating
ChatterBot Zulu reevaluating
ChatterBot Sierra reevaluating
ChatterBot Golf reevaluating
ChatterBot Foxtrot reevaluating
ChatterBot Hotel reevaluating
ChatterBot Zulu reevaluating
ChatterBot Sierra reevaluating
ChatterBot November reevaluating
ChatterBot Foxtrot reevaluating
ChatterBot Hotel reevaluating
ChatterBot Zulu reevaluating
ChatterBot Sierra reevaluating
ChatterBot November reevaluating
ChatterBot Golf reevaluating
ChatterBot Hotel reevaluating
ChatterBot Zulu reevaluating
ChatterBot Sierra reevaluating
ChatterBot November reevaluating
ChatterBot Golf reevaluating
ChatterBot Foxtrot reevaluating
2024-10-14 22:41:16.245397 Charlie: We should add Delta
ChatterBot Zulu reevaluating
ChatterBot Sierra reevaluating
ChatterBot November reevaluating
ChatterBot Golf reevaluating
ChatterBot Foxtrot reevaluating
ChatterBot Hotel reevaluating
2024-10-14 22:41:16.269964 Zulu: Yes
2024-10-14 22:41:16.270089 Sierra: Yes
2024-10-14 22:41:16.270188 November: Yes
2024-10-14 22:41:16.270304 Golf: Yes
2024-10-14 22:41:16.270409 Foxtrot: No
2024-10-14 22:41:16.270503 Hotel: Yes
ChatterBot Sierra reevaluating
ChatterBot November reevaluating
ChatterBot Golf reevaluating
ChatterBot Foxtrot reevaluating
ChatterBot Hotel reevaluating
ChatterBot Charlie reevaluating
ChatterBot Zulu reevaluating
ChatterBot November reevaluating
ChatterBot Golf reevaluating
ChatterBot Foxtrot reevaluating
ChatterBot Hotel reevaluating
ChatterBot Charlie reevaluating
ChatterBot Zulu reevaluating
ChatterBot Sierra reevaluating
ChatterBot Golf reevaluating
ChatterBot Foxtrot reevaluating
ChatterBot Hotel reevaluating
ChatterBot Charlie reevaluating
ChatterBot Zulu reevaluating
ChatterBot Sierra reevaluating
ChatterBot November reevaluating
ChatterBot Foxtrot reevaluating
ChatterBot Hotel reevaluating
ChatterBot Charlie reevaluating
ChatterBot Zulu reevaluating
ChatterBot Sierra reevaluating
ChatterBot November reevaluating
ChatterBot Golf reevaluating
ChatterBot Hotel reevaluating
ChatterBot Charlie reevaluating
ChatterBot Zulu reevaluating
ChatterBot Sierra reevaluating
ChatterBot November reevaluating
ChatterBot Golf reevaluating
ChatterBot Foxtrot reevaluating
2024-10-14 22:41:16.439880 Alpha: We should replace Hotel with Zulu
ChatterBot Whiskey reevaluating
ChatterBot Charlie reevaluating
2024-10-14 22:41:16.448263 Whiskey: Yes
2024-10-14 22:41:16.448401 Charlie: No
ChatterBot Charlie reevaluating
ChatterBot Whiskey reevaluating
2024-10-14 22:41:16.477414 Sierra: Delta we want you to join our group
2024-10-14 22:41:16.491718 Delta: Yes
ChatterBot Zulu reevaluating
2024-10-14 22:41:16.615482 Alpha: Zulu we want you to join our group
ChatterBot Zulu reevaluating
2024-10-14 22:41:16.623482 Zulu: No
ChatterBot Whiskey reevaluating
ChatterBot Charlie reevaluating
2024-10-14 22:41:16.643096 Foxtrot: Delta we want you to join our group
2024-10-14 22:41:16.649245 Delta: Yes
ChatterBot Zulu reevaluating
2024-10-14 22:41:16.683224 November: Delta we want you to join our group
2024-10-14 22:41:16.691121 Delta: Yes
ChatterBot Zulu reevaluating
2024-10-14 22:41:16.726160 Hotel: Delta we want you to join our group
2024-10-14 22:41:16.731713 Delta: Yes
2024-10-14 22:41:16.752184 Golf: Delta we want you to join our group
2024-10-14 22:41:16.756514 Delta: Yes
ChatterBot Foxtrot reevaluating
2024-10-14 22:41:16.777600 Charlie: Delta we want you to join our group
2024-10-14 22:41:16.782783 Delta: No
ChatterBot Charlie reevaluating
ChatterBot Foxtrot reevaluating
2024-10-14 22:41:16.809048 Zulu: Delta we want you to join our group
2024-10-14 22:41:16.815912 Delta: Yes
ChatterBot Foxtrot reevaluating
2024-10-14 22:41:16.852889 Delta: Zulu, sending you 3
2024-10-14 22:41:16.875067 Delta: Sierra, sending you 5
2024-10-14 22:41:16.876603 Whiskey: Charlie, sending you 2
2024-10-14 22:41:16.877788 Alpha: Zulu and Whiskey, sending you 4
2024-10-14 22:41:16.878376 Sierra: Zulu, November and Hotel, sending you 2
2024-10-14 22:41:16.880246 November: Zulu and Foxtrot, sending you 2
2024-10-14 22:41:16.881580 Delta: November and Hotel, sending you 4
2024-10-14 22:41:16.882850 Whiskey: Hotel, sending you 4
2024-10-14 22:41:16.883102 Alpha: Charlie, sending you 3
2024-10-14 22:41:16.883860 Sierra: Delta, sending you 4
2024-10-14 22:41:16.899762 Hotel: Zulu, Golf and Foxtrot, sending you 3
2024-10-14 22:41:16.901358 November: Sierra, Delta, Golf and Hotel, sending you 3
2024-10-14 22:41:16.902814 Golf: Zulu, Delta and Foxtrot, sending you 2
2024-10-14 22:41:16.904108 Zulu: Sending you each 2
2024-10-14 22:41:16.904788 Charlie: Zulu, Sierra, Delta, November, Golf, Foxtrot, Hotel and Alpha, sending you 2
2024-10-14 22:41:16.906243 Delta: Golf and Foxtrot, sending you 1
2024-10-14 22:41:16.907514 Whiskey: Alpha, sending you 9
2024-10-14 22:41:16.907998 Sierra: Golf and Foxtrot, sending you 3
2024-10-14 22:41:16.909330 Hotel: Sierra, sending you 1
2024-10-14 22:41:16.910041 Golf: Sierra, November and Hotel, sending you 3
2024-10-14 22:41:16.911132 Charlie: Whiskey, sending you 3
2024-10-14 22:41:16.936269 Hotel: Delta, sending you 4
chatterbot Whiskey submitting transactions
chatterbot November submitting transactions
2024-10-14 22:41:16.967925 Hotel: November, sending you 5
2024-10-14 22:41:16.968500 Foxtrot: Zulu, November, Golf and Hotel, sending you 2
2024-10-14 22:41:16.986033 Foxtrot: Sierra, sending you 3
chatterbot Delta submitting transactions
chatterbot Golf submitting transactions
chatterbot Alpha submitting transactions
chatterbot Zulu submitting transactions
chatterbot Hotel submitting transactions
chatterbot Sierra submitting transactions
chatterbot Charlie submitting transactions
chatterbot Foxtrot submitting transactions
ChatterBot Zulu round 4
ChatterBot Sierra round 4
ChatterBot Whiskey round 4
ChatterBot Charlie round 4
ChatterBot Delta round 4
ChatterBot November round 4
ChatterBot Golf round 4
ChatterBot Foxtrot round 4
ChatterBot Hotel round 4
ChatterBot Alpha round 4
2024-10-14 22:41:18.239364 Foxtrot: Zulu, November, Golf and Hotel, sending you 2
2024-10-14 22:41:18.241060 Zulu: Same as last round
2024-10-14 22:41:18.241874 Sierra: Zulu and Hotel, sending you 2
2024-10-14 22:41:18.243155 Golf: Zulu, Delta and Foxtrot, sending you 2
2024-10-14 22:41:18.243818 Delta: Zulu and November, sending you 3
2024-10-14 22:41:18.245181 November: Zulu, Sierra and Foxtrot, sending you 2
2024-10-14 22:41:18.245890 Whiskey: Charlie, sending you 5
2024-10-14 22:41:18.246733 Charlie: Zulu, Sierra, Whiskey, Delta, November, Golf, Foxtrot and Hotel, sending you 2
2024-10-14 22:41:18.247359 Foxtrot: Sierra, sending you 3
2024-10-14 22:41:18.255450 Sierra: Delta, November, Golf and Foxtrot, sending you 3
2024-10-14 22:41:18.256844 Golf: Sierra, November and Hotel, sending you 3
2024-10-14 22:41:18.257643 Delta: Sierra, sending you 5
2024-10-14 22:41:18.258846 November: Delta and Golf, sending you 3
2024-10-14 22:41:18.259880 Alpha: Zulu, sending you 3
2024-10-14 22:41:18.260206 Whiskey: Hotel, sending you 3
2024-10-14 22:41:18.260543 Charlie: Alpha, sending you 3
2024-10-14 22:41:18.261628 Hotel: Zulu, Golf and Foxtrot, sending you 3
2024-10-14 22:41:18.262353 Delta: Golf, sending you 2
2024-10-14 22:41:18.271989 November: Hotel, sending you 4
2024-10-14 22:41:18.273483 Alpha: Whiskey and Charlie, sending you 4
2024-10-14 22:41:18.274399 Whiskey: Alpha, sending you 8
2024-10-14 22:41:18.274801 Hotel: Sierra, sending you 2
2024-10-14 22:41:18.275395 Delta: Foxtrot, sending you 1
2024-10-14 22:41:18.280872 Hotel: Delta and November, sending you 4
2024-10-14 22:41:18.282232 Delta: Hotel, sending you 4
chatterbot Foxtrot submitting transactions
chatterbot Delta submitting transactions
chatterbot Hotel submitting transactions
chatterbot November submitting transactions
chatterbot Golf submitting transactions
chatterbot Whiskey submitting transactions
chatterbot Zulu submitting transactions
chatterbot Charlie submitting transactions
chatterbot Alpha submitting transactions
chatterbot Sierra submitting transactions
ChatterBot Zulu round 5
ChatterBot Sierra round 5
ChatterBot Whiskey round 5
ChatterBot Charlie round 5
ChatterBot Delta round 5
ChatterBot November round 5
ChatterBot Golf round 5
ChatterBot Foxtrot round 5
ChatterBot Hotel round 5
ChatterBot Alpha round 5
2024-10-14 22:41:19.392600 Whiskey: We should replace Hotel with Zulu
2024-10-14 22:41:19.399217 Alpha: Yes
2024-10-14 22:41:19.399421 Charlie: No
2024-10-14 22:41:19.425654 Whiskey: Zulu we want you to join our group
2024-10-14 22:41:19.428388 Zulu: No
2024-10-14 22:41:19.439690 Charlie: Zulu, Sierra, Whiskey, Delta, November, Golf, Foxtrot and Hotel, sending you 2
2024-10-14 22:41:19.441027 Delta: Zulu, November and Golf, sending you 3
2024-10-14 22:41:19.442085 Sierra: Zulu, November and Hotel, sending you 2
2024-10-14 22:41:19.445768 Charlie: Alpha, sending you 3
2024-10-14 22:41:19.446665 Delta: Sierra and Hotel, sending you 4
2024-10-14 22:41:19.447768 Zulu: Same as last round
2024-10-14 22:41:19.448524 Sierra: Delta, sending you 4
2024-10-14 22:41:19.451668 Delta: Foxtrot, sending you 1
2024-10-14 22:41:19.453058 Sierra: Golf and Foxtrot, sending you 3
2024-10-14 22:41:19.453756 Hotel: Zulu, Golf and Foxtrot, sending you 3
2024-10-14 22:41:19.454352 Golf: Zulu, Delta and Foxtrot, sending you 2
2024-10-14 22:41:19.455402 Alpha: Zulu, sending you 3
2024-10-14 22:41:19.455885 Whiskey: Zulu, sending you 2
2024-10-14 22:41:19.456393 November: Zulu and Foxtrot, sending you 2
2024-10-14 22:41:19.459777 Foxtrot: Zulu, Sierra, November, Golf and Hotel, sending you 2
2024-10-14 22:41:19.461600 Hotel: Sierra, sending you 2
2024-10-14 22:41:19.462280 Golf: Sierra, November and Hotel, sending you 3
2024-10-14 22:41:19.464294 Whiskey: Charlie, sending you 5
2024-10-14 22:41:19.464843 Alpha: Whiskey and Charlie, sending you 4
2024-10-14 22:41:19.465446 November: Sierra, Delta, Golf and Hotel, sending you 3
2024-10-14 22:41:19.471149 Hotel: Delta and November, sending you 4
2024-10-14 22:41:19.472372 Foxtrot: Delta, sending you 1
2024-10-14 22:41:19.474805 Whiskey: Alpha, sending you 9
chatterbot November submitting transactions
chatterbot Charlie submitting transactions
chatterbot Hotel submitting transactions
chatterbot Zulu submitting transactions
chatterbot Sierra submitting transactions
chatterbot Alpha submitting transactions
chatterbot Delta submitting transactions
chatterbot Golf submitting transactions
chatterbot Foxtrot submitting transactions
chatterbot Whiskey submitting transactions
ChatterBot Zulu round 6
ChatterBot Sierra round 6
ChatterBot Whiskey round 6
ChatterBot Charlie round 6
ChatterBot Delta round 6
ChatterBot November round 6
ChatterBot Golf round 6
ChatterBot Foxtrot round 6
ChatterBot Hotel round 6
ChatterBot Alpha round 6
2024-10-14 22:41:20.644703 Zulu: Same as last round
2024-10-14 22:41:20.649679 November: Zulu, Sierra and Foxtrot, sending you 2
2024-10-14 22:41:20.650512 Golf: Zulu, Delta and Foxtrot, sending you 2
2024-10-14 22:41:20.654673 November: Delta and Golf, sending you 3
2024-10-14 22:41:20.655446 Golf: Sierra, November and Hotel, sending you 3
2024-10-14 22:41:20.656389 Sierra: Zulu and Hotel, sending you 2
2024-10-14 22:41:20.657019 Delta: Zulu, November and Golf, sending you 3
2024-10-14 22:41:20.657542 Whiskey: Zulu, sending you 2
2024-10-14 22:41:20.657873 Charlie: Zulu, Sierra, Whiskey, Delta, November, Golf, Foxtrot and Hotel, sending you 2
2024-10-14 22:41:20.659240 November: Hotel, sending you 4
2024-10-14 22:41:20.660009 Foxtrot: Zulu, Sierra, November, Golf and Hotel, sending you 2
2024-10-14 22:41:20.660814 Sierra: Delta, November, Golf and Foxtrot, sending you 3
2024-10-14 22:41:20.661594 Delta: Sierra and Hotel, sending you 4
2024-10-14 22:41:20.662801 Whiskey: Charlie, sending you 5
2024-10-14 22:41:20.663176 Charlie: Alpha, sending you 3
2024-10-14 22:41:20.663809 Alpha: Whiskey, sending you 4
2024-10-14 22:41:20.664673 Foxtrot: Delta, sending you 1
2024-10-14 22:41:20.665808 Hotel: Zulu, Golf and Foxtrot, sending you 3
2024-10-14 22:41:20.666449 Delta: Foxtrot, sending you 1
2024-10-14 22:41:20.667039 Whiskey: Alpha, sending you 9
2024-10-14 22:41:20.667687 Alpha: Charlie, sending you 5
2024-10-14 22:41:20.668698 Hotel: Sierra, sending you 2
2024-10-14 22:41:20.673677 Hotel: Delta and November, sending you 4
chatterbot Sierra submitting transactions
chatterbot Golf submitting transactions
chatterbot Delta submitting transactions
chatterbot November submitting transactions
chatterbot Zulu submitting transactions
chatterbot Whiskey submitting transactions
chatterbot Charlie submitting transactions
chatterbot Foxtrot submitting transactions
chatterbot Hotel submitting transactions
chatterbot Alpha submitting transactions
ChatterBot Zulu round 7
ChatterBot Sierra round 7
ChatterBot Whiskey round 7
ChatterBot Charlie round 7
ChatterBot Delta round 7
ChatterBot November round 7
ChatterBot Golf round 7
ChatterBot Foxtrot round 7
ChatterBot Hotel round 7
ChatterBot Alpha round 7
2024-10-14 22:41:21.948239 Charlie: Zulu, Sierra, Whiskey, Delta, November, Golf, Foxtrot and Hotel, sending you 2
2024-10-14 22:41:21.949700 November: Zulu and Foxtrot, sending you 2
2024-10-14 22:41:21.952996 Delta: Zulu, November and Golf, sending you 3
2024-10-14 22:41:21.954440 Foxtrot: Zulu, Sierra, November, Golf and Hotel, sending you 2
2024-10-14 22:41:21.955667 Charlie: Alpha, sending you 3
2024-10-14 22:41:21.956408 November: Sierra, Delta, Golf and Hotel, sending you 3
2024-10-14 22:41:21.959032 Delta: Sierra and Hotel, sending you 4
2024-10-14 22:41:21.959784 Foxtrot: Delta, sending you 1
2024-10-14 22:41:21.960486 Whiskey: Zulu, sending you 2
2024-10-14 22:41:21.960918 Zulu: Same as last round
2024-10-14 22:41:21.961558 Hotel: Zulu, Golf and Foxtrot, sending you 3
2024-10-14 22:41:21.962259 Golf: Zulu, Delta and Foxtrot, sending you 2
2024-10-14 22:41:21.963724 Delta: Foxtrot, sending you 1
2024-10-14 22:41:21.966316 Whiskey: Charlie, sending you 5
2024-10-14 22:41:21.967015 Sierra: Zulu and Hotel, sending you 2
2024-10-14 22:41:21.967975 Hotel: Sierra, sending you 2
2024-10-14 22:41:21.968924 Alpha: Whiskey, sending you 4
2024-10-14 22:41:21.969339 Golf: Sierra, November and Hotel, sending you 3
2024-10-14 22:41:21.970696 Sierra: Delta, November, Golf and Foxtrot, sending you 3
2024-10-14 22:41:21.972225 Whiskey: Alpha, sending you 9
2024-10-14 22:41:21.972586 Alpha: Charlie, sending you 5
2024-10-14 22:41:21.973681 Hotel: Delta and November, sending you 4
chatterbot Hotel submitting transactions
chatterbot Foxtrot submitting transactions
chatterbot Sierra submitting transactions
chatterbot Charlie submitting transactions
chatterbot Alpha submitting transactions
chatterbot Golf submitting transactions
chatterbot November submitting transactions
chatterbot Zulu submitting transactions
chatterbot Delta submitting transactions
chatterbot Whiskey submitting transactions
ChatterBot Zulu round 8
ChatterBot Sierra round 8
ChatterBot Whiskey round 8
ChatterBot Charlie round 8
ChatterBot Delta round 8
ChatterBot November round 8
ChatterBot Golf round 8
ChatterBot Foxtrot round 8
ChatterBot Hotel round 8
2024-10-14 22:41:23.124904 Whiskey: We should replace Zulu with Foxtrot
ChatterBot Alpha reevaluating
2024-10-14 22:41:23.131386 Alpha: Yes
2024-10-14 22:41:23.131567 Charlie: No
ChatterBot Alpha reevaluating
ChatterBot Whiskey reevaluating
ChatterBot Alpha round 8
2024-10-14 22:41:23.164959 Alpha: We should replace Zulu with Foxtrot
ChatterBot Whiskey reevaluating
2024-10-14 22:41:23.170006 Whiskey: Yes
2024-10-14 22:41:23.170197 Charlie: No
ChatterBot Alpha reevaluating
ChatterBot Alpha reevaluating
ChatterBot Whiskey reevaluating
2024-10-14 22:41:23.183691 Charlie: Zulu, Sierra, November, Golf, Foxtrot and Hotel, sending you 2
2024-10-14 22:41:23.185786 Alpha: Foxtrot we want you to join our group
2024-10-14 22:41:23.189011 Foxtrot: No
ChatterBot Whiskey reevaluating
ChatterBot Charlie reevaluating
2024-10-14 22:41:23.197449 Charlie: We would work well together
ChatterBot Whiskey reevaluating
2024-10-14 22:41:23.205446 Alpha: Yes
2024-10-14 22:41:23.205590 Whiskey: Yes
2024-10-14 22:41:23.205756 Foxtrot: No
ChatterBot Whiskey reevaluating
ChatterBot Charlie reevaluating
ChatterBot Charlie reevaluating
ChatterBot Whiskey reevaluating
ChatterBot Charlie reevaluating
2024-10-14 22:41:23.236916 Delta: Zulu, Sierra, November and Golf, sending you 3
2024-10-14 22:41:23.241675 Delta: Foxtrot, sending you 2
2024-10-14 22:41:23.243437 Foxtrot: Zulu, Sierra, November, Golf and Hotel, sending you 2
2024-10-14 22:41:23.244302 Zulu: Same as last round
2024-10-14 22:41:23.245716 Golf: Zulu, Delta and Foxtrot, sending you 2
2024-10-14 22:41:23.246702 Sierra: Zulu and Hotel, sending you 2
2024-10-14 22:41:23.248064 Hotel: Zulu, Golf and Foxtrot, sending you 3
2024-10-14 22:41:23.248860 November: Zulu and Foxtrot, sending you 2
2024-10-14 22:41:23.249817 Whiskey: Foxtrot we want you to join our group
2024-10-14 22:41:23.252979 Foxtrot: No
ChatterBot Whiskey reevaluating
ChatterBot Charlie reevaluating
2024-10-14 22:41:23.262537 Delta: Hotel, sending you 4
2024-10-14 22:41:23.263968 Foxtrot: Delta, sending you 1
2024-10-14 22:41:23.264812 Sierra: Delta, November, Golf and Foxtrot, sending you 3
2024-10-14 22:41:23.265543 Golf: Sierra, November and Hotel, sending you 3
2024-10-14 22:41:23.267041 Hotel: Sierra, sending you 2
2024-10-14 22:41:23.267734 November: Sierra, Delta, Golf and Hotel, sending you 3
2024-10-14 22:41:23.270719 Alpha: Whiskey and Charlie, sending you 4
2024-10-14 22:41:23.271727 Hotel: Delta and November, sending you 4
2024-10-14 22:41:23.274866 Alpha: Foxtrot, sending you 3
2024-10-14 22:41:23.279710 Charlie: Sorry, I'm actually sending you 0
2024-10-14 22:41:23.280046 Charlie: Sorry, I'm actually sending you 0
2024-10-14 22:41:23.280332 Charlie: Sorry, I'm actually sending you 0
2024-10-14 22:41:23.280643 Charlie: Sorry, I'm actually sending you 0
2024-10-14 22:41:23.280939 Charlie: Sorry, I'm actually sending you 0
2024-10-14 22:41:23.283683 Charlie: Whiskey, sending you 5
2024-10-14 22:41:23.287656 Charlie: Foxtrot, sending you 6
2024-10-14 22:41:23.291692 Charlie: Alpha, sending you 7
2024-10-14 22:41:23.292673 Whiskey: Charlie, sending you 5
2024-10-14 22:41:23.297649 Whiskey: Foxtrot, sending you 2
2024-10-14 22:41:23.300946 Whiskey: Alpha, sending you 9
chatterbot Zulu submitting transactions
chatterbot Alpha submitting transactions
chatterbot Whiskey submitting transactions
chatterbot Golf submitting transactions
chatterbot Sierra submitting transactions
chatterbot Hotel submitting transactions
chatterbot Delta submitting transactions
chatterbot Charlie submitting transactions
chatterbot Foxtrot submitting transactions
chatterbot November submitting transactions
ChatterBot Zulu round 9
ChatterBot Sierra round 9
ChatterBot Whiskey round 9
ChatterBot Charlie round 9
ChatterBot Delta round 9
ChatterBot November round 9
ChatterBot Golf round 9
ChatterBot Foxtrot round 9
ChatterBot Hotel round 9
ChatterBot Alpha round 9
2024-10-14 22:41:24.368065 Hotel: Zulu, Golf and Foxtrot, sending you 3
2024-10-14 22:41:24.370335 Whiskey: Charlie, sending you 5
2024-10-14 22:41:24.371261 Charlie: Whiskey, sending you 5
2024-10-14 22:41:24.372539 Zulu: Same as last round
2024-10-14 22:41:24.374620 Sierra: Zulu and Hotel, sending you 2
2024-10-14 22:41:24.376406 Foxtrot: Zulu, Sierra, November, Golf and Hotel, sending you 2
2024-10-14 22:41:24.378351 Hotel: Sierra, sending you 2
2024-10-14 22:41:24.380143 Delta: Zulu, Sierra, November and Golf, sending you 3
2024-10-14 22:41:24.382041 November: Zulu and Foxtrot, sending you 2
2024-10-14 22:41:24.383224 Whiskey: Foxtrot, sending you 2
2024-10-14 22:41:24.384241 Charlie: Foxtrot, sending you 6
2024-10-14 22:41:24.384924 Sierra: Delta, November, Golf and Foxtrot, sending you 3
2024-10-14 22:41:24.386879 Golf: Zulu, Delta and Foxtrot, sending you 2
2024-10-14 22:41:24.388303 Foxtrot: Delta, sending you 1
2024-10-14 22:41:24.393197 Hotel: Delta and November, sending you 4
2024-10-14 22:41:24.396850 November: Sierra, Delta, Golf and Hotel, sending you 3
2024-10-14 22:41:24.400712 Delta: Foxtrot, sending you 2
2024-10-14 22:41:24.403378 Whiskey: Alpha, sending you 9
2024-10-14 22:41:24.405105 Alpha: Whiskey and Charlie, sending you 4
2024-10-14 22:41:24.406211 Charlie: Alpha, sending you 7
2024-10-14 22:41:24.408264 Golf: Sierra, November and Hotel, sending you 3
2024-10-14 22:41:24.411138 Delta: Hotel, sending you 4
2024-10-14 22:41:24.413621 Alpha: Foxtrot, sending you 3
chatterbot Foxtrot submitting transactions
chatterbot Charlie submitting transactions
chatterbot Sierra submitting transactions
chatterbot Zulu submitting transactions
chatterbot Delta submitting transactions
chatterbot Golf submitting transactions
chatterbot November submitting transactions
chatterbot Alpha submitting transactions
chatterbot Whiskey submitting transactions
chatterbot Hotel submitting transactions
ChatterBot Zulu round 10
ChatterBot Sierra round 10
ChatterBot Whiskey round 10
ChatterBot Charlie round 10
ChatterBot Delta round 10
ChatterBot November round 10
ChatterBot Golf round 10
ChatterBot Foxtrot round 10
ChatterBot Hotel round 10
ChatterBot Alpha round 10
2024-10-14 22:41:25.564861 Delta: We should drop Foxtrot
ChatterBot November reevaluating
2024-10-14 22:41:25.584969 Zulu: No
2024-10-14 22:41:25.585186 Sierra: No
2024-10-14 22:41:25.585346 November: Yes
2024-10-14 22:41:25.585496 Golf: No
2024-10-14 22:41:25.585660 Hotel: No
ChatterBot Delta reevaluating
ChatterBot November reevaluating
ChatterBot Delta reevaluating
ChatterBot November reevaluating
ChatterBot Delta reevaluating
ChatterBot Sierra reevaluating
ChatterBot Delta reevaluating
ChatterBot Sierra reevaluating
