ChatterBot Mike round 1
ChatterBot India round 1
ChatterBot Victor round 1
ChatterBot Charlie round 1
ChatterBot Foxtrot round 1
ChatterBot X-ray round 1
ChatterBot Juliett round 1
ChatterBot Hotel round 1
ChatterBot Quebec round 1
ChatterBot Zulu round 1
randomSelections Victor: {Victor, Foxtrot, Juliett, Mike, Charlie, Zulu} 
2024-10-14 22:41:11.153723 Victor: We should group up
ChatterBot Foxtrot reevaluating
ChatterBot Juliett reevaluating
ChatterBot Mike reevaluating
ChatterBot Charlie reevaluating
ChatterBot Zulu reevaluating
2024-10-14 22:41:11.180648 Foxtrot: Yes
2024-10-14 22:41:11.180905 Juliett: Yes
2024-10-14 22:41:11.181111 Mike: Yes
2024-10-14 22:41:11.181310 Charlie: Yes
2024-10-14 22:41:11.181523 Zulu: Yes
ChatterBot Juliett reevaluating
ChatterBot Mike reevaluating
ChatterBot Charlie reevaluating
ChatterBot Zulu reevaluating
ChatterBot Foxtrot reevaluating
ChatterBot Mike reevaluating
ChatterBot Charlie reevaluating
ChatterBot Zulu reevaluating
ChatterBot Foxtrot reevaluating
ChatterBot Juliett reevaluating
ChatterBot Charlie reevaluating
ChatterBot Zulu reevaluating
ChatterBot Foxtrot reevaluating
ChatterBot Juliett reevaluating
ChatterBot Mike reevaluating
ChatterBot Zulu reevaluating
ChatterBot Foxtrot reevaluating
ChatterBot Juliett reevaluating
ChatterBot Mike reevaluating
ChatterBot Charlie reevaluating
randomSelections X-ray: {X-ray, Charlie, Mike, Foxtrot, Victor, Quebec, Juliett} 
2024-10-14 22:41:11.331449 X-ray: Group up?
ChatterBot Charlie reevaluating
ChatterBot Mike reevaluating
ChatterBot Foxtrot reevaluating
ChatterBot Quebec reevaluating
ChatterBot Juliett reevaluating
2024-10-14 22:41:11.364223 Charlie: No
2024-10-14 22:41:11.364406 Mike: No
2024-10-14 22:41:11.364583 Foxtrot: No
2024-10-14 22:41:11.364806 Victor: No
2024-10-14 22:41:11.365610 Quebec: Yes
2024-10-14 22:41:11.365748 Juliett: No
ChatterBot Mike reevaluating
ChatterBot Foxtrot reevaluating
ChatterBot Quebec reevaluating
ChatterBot Juliett reevaluating
ChatterBot Charlie reevaluating
ChatterBot Foxtrot reevaluating
ChatterBot Quebec reevaluating
ChatterBot Juliett reevaluating
ChatterBot Charlie reevaluating
ChatterBot Mike reevaluating
ChatterBot Quebec reevaluating
ChatterBot Juliett reevaluating
ChatterBot Charlie reevaluating
ChatterBot Mike reevaluating
ChatterBot Foxtrot reevaluating
ChatterBot Quebec reevaluating
ChatterBot Juliett reevaluating
ChatterBot Charlie reevaluating
ChatterBot Mike reevaluating
ChatterBot Foxtrot reevaluating
ChatterBot Juliett reevaluating
ChatterBot Charlie reevaluating
ChatterBot Mike reevaluating
ChatterBot Foxtrot reevaluating
ChatterBot Quebec reevaluating
randomSelections India: {India, Victor, Zulu, Mike, Juliett, X-ray, Hotel} 
2024-10-14 22:41:11.464860 India: Can we be friends?
ChatterBot Zulu reevaluating
ChatterBot Mike reevaluating
ChatterBot Juliett reevaluating
ChatterBot Hotel reevaluating
2024-10-14 22:41:11.478591 Victor: No
2024-10-14 22:41:11.479704 Zulu: No
2024-10-14 22:41:11.480021 Mike: No
2024-10-14 22:41:11.480874 Juliett: No
2024-10-14 22:41:11.482156 X-ray: No
2024-10-14 22:41:11.482877 Hotel: Yes
ChatterBot Zulu reevaluating
ChatterBot Mike reevaluating
ChatterBot Juliett reevaluating
ChatterBot Hotel reevaluating
ChatterBot Mike reevaluating
ChatterBot Juliett reevaluating
ChatterBot Hotel reevaluating
ChatterBot Zulu reevaluating
ChatterBot Juliett reevaluating
ChatterBot Hotel reevaluating
ChatterBot Zulu reevaluating
ChatterBot Mike reevaluating
ChatterBot Hotel reevaluating
ChatterBot Zulu reevaluating
ChatterBot Mike reevaluating
ChatterBot Juliett reevaluating
ChatterBot Hotel reevaluating
ChatterBot Zulu reevaluating
ChatterBot Mike reevaluating
ChatterBot Juliett reevaluating
2024-10-14 22:41:11.614672 X-ray: Mike, sending you 3
2024-10-14 22:41:11.616063 India: Mike and Juliett, sending you 1
2024-10-14 22:41:11.616480 Mike: Victor, sending you 4
2024-10-14 22:41:11.616879 Hotel: Mike and Juliett, sending you 3
2024-10-14 22:41:11.617956 Victor: Mike and Foxtrot, sending you 3
2024-10-14 22:41:11.618292 Foxtrot: Mike and Zulu, sending you 3
2024-10-14 22:41:11.618646 Juliett: Mike and Zulu, sending you 2
2024-10-14 22:41:11.619733 Charlie: Mike, sending you 2
2024-10-14 22:41:11.620074 Quebec: Mike, Victor and Foxtrot, sending you 2
2024-10-14 22:41:11.620520 X-ray: Victor and Foxtrot, sending you 2
2024-10-14 22:41:11.621668 India: Victor and Hotel, sending you 2
2024-10-14 22:41:11.622038 Hotel: India, sending you 4
2024-10-14 22:41:11.622345 Victor: Charlie and Juliett, sending you 2
2024-10-14 22:41:11.622698 Mike: Charlie and Foxtrot, sending you 3
2024-10-14 22:41:11.623725 Foxtrot: Victor, sending you 4
2024-10-14 22:41:11.624040 Charlie: Foxtrot and Juliett, sending you 5
2024-10-14 22:41:11.625623 Juliett: Victor, sending you 4
2024-10-14 22:41:11.626024 Quebec: Charlie and Juliett, sending you 3
2024-10-14 22:41:11.626462 India: X-ray and Zulu, sending you 4
2024-10-14 22:41:11.627568 Hotel: X-ray, sending you 1
2024-10-14 22:41:11.627948 X-ray: Charlie, sending you 5
2024-10-14 22:41:11.628277 Victor: Zulu, sending you 1
2024-10-14 22:41:11.628592 Charlie: Zulu, sending you 4
2024-10-14 22:41:11.629811 Mike: Juliett, sending you 5
2024-10-14 22:41:11.630119 Foxtrot: Charlie, sending you 1
2024-10-14 22:41:11.630477 Juliett: Charlie, sending you 6
2024-10-14 22:41:11.631346 Quebec: X-ray, sending you 1
2024-10-14 22:41:11.631741 X-ray: Juliett and Quebec, sending you 1
2024-10-14 22:41:11.632776 Hotel: Zulu, sending you 5
2024-10-14 22:41:11.636354 Foxtrot: Juliett, sending you 2
2024-10-14 22:41:11.636634 Mike: Zulu, sending you 1
2024-10-14 22:41:11.636887 Juliett: Foxtrot, sending you 1
2024-10-14 22:41:11.637766 Zulu: Victor, Charlie and Foxtrot, sending you 3
2024-10-14 22:41:11.643399 Zulu: Juliett, sending you 4
chatterbot X-ray submitting transactions
chatterbot India submitting transactions
chatterbot Juliett submitting transactions
chatterbot Foxtrot submitting transactions
chatterbot Quebec submitting transactions
chatterbot Victor submitting transactions
chatterbot Hotel submitting transactions
chatterbot Mike submitting transactions
chatterbot Charlie submitting transactions
chatterbot Zulu submitting transactions
ChatterBot Mike round 2
ChatterBot India round 2
ChatterBot Victor round 2
ChatterBot Charlie round 2
ChatterBot Foxtrot round 2
ChatterBot X-ray round 2
2024-10-14 22:41:12.828838 India: We should group up
ChatterBot Hotel reevaluating
ChatterBot Quebec reevaluating
2024-10-14 22:41:12.870550 Hotel: No
2024-10-14 22:41:12.871268 Quebec: No
ChatterBot Quebec reevaluating
ChatterBot Hotel reevaluating
2024-10-14 22:41:12.927808 Quebec: Group up?
ChatterBot Hotel reevaluating
2024-10-14 22:41:12.948766 Hotel: Yes
ChatterBot Quebec reevaluating
ChatterBot Juliett round 2
2024-10-14 22:41:12.979640 Victor: We should add Quebec
ChatterBot Foxtrot reevaluating
ChatterBot Juliett reevaluating
ChatterBot Mike reevaluating
ChatterBot Charlie reevaluating
ChatterBot Zulu reevaluating
2024-10-14 22:41:13.038193 Foxtrot: Yes
2024-10-14 22:41:13.038870 Juliett: Yes
2024-10-14 22:41:13.039033 Mike: Yes
2024-10-14 22:41:13.039202 Charlie: Yes
2024-10-14 22:41:13.039377 Zulu: No
ChatterBot Juliett reevaluating
ChatterBot Mike reevaluating
ChatterBot Charlie reevaluating
ChatterBot Zulu reevaluating
ChatterBot Foxtrot reevaluating
ChatterBot Mike reevaluating
ChatterBot Charlie reevaluating
ChatterBot Zulu reevaluating
ChatterBot Foxtrot reevaluating
ChatterBot Juliett reevaluating
ChatterBot Charlie reevaluating
ChatterBot Zulu reevaluating
ChatterBot Foxtrot reevaluating
ChatterBot Juliett reevaluating
ChatterBot Mike reevaluating
ChatterBot Zulu reevaluating
ChatterBot Foxtrot reevaluating
ChatterBot Juliett reevaluating
ChatterBot Mike reevaluating
ChatterBot Charlie reevaluating
ChatterBot Hotel round 2
ChatterBot Quebec round 2
ChatterBot Zulu round 2
2024-10-14 22:41:13.304870 X-ray: We should group up
ChatterBot India reevaluating
ChatterBot Hotel reevaluating
ChatterBot Quebec reevaluating
2024-10-14 22:41:13.320547 India: No
2024-10-14 22:41:13.320682 Hotel: Yes
2024-10-14 22:41:13.320802 Quebec: Yes
ChatterBot X-ray reevaluating
ChatterBot Hotel reevaluating
ChatterBot Quebec reevaluating
ChatterBot X-ray reevaluating
ChatterBot India reevaluating
ChatterBot Quebec reevaluating
ChatterBot X-ray reevaluating
ChatterBot India reevaluating
ChatterBot Hotel reevaluating
2024-10-14 22:41:13.374225 Victor: Quebec we want you to join our group
ChatterBot Quebec reevaluating
2024-10-14 22:41:13.379782 Quebec: No
ChatterBot Mike reevaluating
ChatterBot Foxtrot reevaluating
ChatterBot Charlie reevaluating
ChatterBot Juliett reevaluating
ChatterBot Zulu reevaluating
2024-10-14 22:41:13.413038 Zulu: We should add Hotel
ChatterBot Foxtrot reevaluating
ChatterBot Juliett reevaluating
ChatterBot Mike reevaluating
ChatterBot Charlie reevaluating
2024-10-14 22:41:13.439131 Victor: No
2024-10-14 22:41:13.439275 Foxtrot: No
2024-10-14 22:41:13.439417 Juliett: No
2024-10-14 22:41:13.439527 Mike: No
2024-10-14 22:41:13.439638 Charlie: No
ChatterBot Foxtrot reevaluating
ChatterBot Juliett reevaluating
ChatterBot Mike reevaluating
ChatterBot Charlie reevaluating
ChatterBot Zulu reevaluating
ChatterBot Juliett reevaluating
ChatterBot Mike reevaluating
ChatterBot Charlie reevaluating
ChatterBot Zulu reevaluating
ChatterBot Foxtrot reevaluating
ChatterBot Mike reevaluating
ChatterBot Charlie reevaluating
ChatterBot Zulu reevaluating
ChatterBot Foxtrot reevaluating
ChatterBot Juliett reevaluating
ChatterBot Charlie reevaluating
ChatterBot Zulu reevaluating
ChatterBot Foxtrot reevaluating
ChatterBot Juliett reevaluating
ChatterBot Mike reevaluating
ChatterBot Zulu reevaluating
2024-10-14 22:41:13.630530 Juliett: Quebec we want you to join our group
ChatterBot Quebec reevaluating
2024-10-14 22:41:13.676865 Quebec: No
2024-10-14 22:41:13.740859 Mike: Quebec we want you to join our group
ChatterBot Quebec reevaluating
2024-10-14 22:41:13.749898 Quebec: No
ChatterBot Foxtrot reevaluating
ChatterBot Zulu reevaluating
2024-10-14 22:41:13.798922 Charlie: Quebec we want you to join our group
ChatterBot Quebec reevaluating
2024-10-14 22:41:13.806702 Quebec: No
ChatterBot Foxtrot reevaluating
ChatterBot Zulu reevaluating
chatterbot Victor submitting transactions
2024-10-14 22:41:14.573031 India: Hotel, sending you 4
2024-10-14 22:41:14.573471 Victor: Mike, sending you 4
2024-10-14 22:41:14.574450 X-ray: India, sending you 5
2024-10-14 22:41:14.574886 Hotel: India, sending you 6
chatterbot X-ray submitting transactions
chatterbot Charlie submitting transactions
chatterbot India submitting transactions
chatterbot Hotel submitting transactions
chatterbot Juliett submitting transactions
2024-10-14 22:41:14.936744 India: Quebec, sending you 3
2024-10-14 22:41:14.937137 Victor: Charlie, sending you 1
2024-10-14 22:41:14.937670 Mike: Victor and Foxtrot, sending you 4
2024-10-14 22:41:14.938499 Hotel: X-ray and Quebec, sending you 2
2024-10-14 22:41:14.938890 Juliett: Mike and Charlie, sending you 4
2024-10-14 22:41:14.939762 Charlie: Mike, Quebec and Zulu, sending you 3
2024-10-14 22:41:14.940295 X-ray: Hotel and Quebec, sending you 3
chatterbot Foxtrot submitting transactions
chatterbot Zulu submitting transactions
chatterbot Mike submitting transactions
2024-10-14 22:41:14.941571 Victor: Foxtrot, Juliett and Zulu, sending you 3
2024-10-14 22:41:14.942643 Mike: Charlie and Juliett, sending you 3
2024-10-14 22:41:15.258998 Charlie: Victor, sending you 2
2024-10-14 22:41:15.259926 Zulu: Mike, Victor and Juliett, sending you 2
2024-10-14 22:41:15.260270 Juliett: Victor and Foxtrot, sending you 1
2024-10-14 22:41:15.260687 Quebec: India and Hotel, sending you 2
2024-10-14 22:41:15.261472 Foxtrot: Mike, Victor and Zulu, sending you 3
2024-10-14 22:41:15.261809 Victor: Quebec, sending you 2
2024-10-14 22:41:15.262120 Mike: Quebec, sending you 2
chatterbot Quebec submitting transactions
2024-10-14 22:41:15.277801 Charlie: Foxtrot, sending you 1
2024-10-14 22:41:15.278202 Zulu: Charlie, sending you 4
2024-10-14 22:41:15.278546 Juliett: Quebec, sending you 2
2024-10-14 22:41:15.279274 Quebec: Victor, sending you 1
2024-10-14 22:41:15.279507 Foxtrot: Charlie, sending you 4
2024-10-14 22:41:15.280058 Victor: India did not give me 2 like they said
ChatterBot Mike reevaluating
ChatterBot Foxtrot reevaluating
ChatterBot Charlie reevaluating
ChatterBot Juliett reevaluating
ChatterBot Zulu reevaluating
ChatterBot Quebec reevaluating
2024-10-14 22:41:15.314643 Victor: Foxtrot did not give me 4 like they said
ChatterBot Mike reevaluating
ChatterBot Foxtrot reevaluating
ChatterBot Charlie reevaluating
ChatterBot Juliett reevaluating
ChatterBot Zulu reevaluating
ChatterBot Quebec reevaluating
2024-10-14 22:41:15.349364 Victor: X-ray did not give me 2 like they said
ChatterBot Mike reevaluating
ChatterBot Foxtrot reevaluating
ChatterBot Charlie reevaluating
ChatterBot Juliett reevaluating
ChatterBot Zulu reevaluating
ChatterBot Quebec reevaluating
2024-10-14 22:41:15.385321 Victor: Juliett did not give me 4 like they said
ChatterBot Mike reevaluating
ChatterBot Foxtrot reevaluating
ChatterBot Charlie reevaluating
ChatterBot Juliett reevaluating
ChatterBot Zulu reevaluating
ChatterBot Quebec reevaluating
2024-10-14 22:41:15.420681 Victor: Quebec did not give me 2 like they said
ChatterBot Mike reevaluating
ChatterBot Foxtrot reevaluating
ChatterBot Charlie reevaluating
ChatterBot Juliett reevaluating
ChatterBot Zulu reevaluating
ChatterBot Quebec reevaluating
2024-10-14 22:41:15.456057 Victor: Zulu did not give me 3 like they said
ChatterBot Mike reevaluating
ChatterBot Foxtrot reevaluating
ChatterBot Charlie reevaluating
ChatterBot Juliett reevaluating
ChatterBot Zulu reevaluating
ChatterBot Quebec reevaluating
ChatterBot Mike round 3
ChatterBot India round 3
ChatterBot Victor round 3
ChatterBot Charlie round 3
ChatterBot Foxtrot round 3
ChatterBot X-ray round 3
ChatterBot Juliett round 3
ChatterBot Hotel round 3
ChatterBot Quebec round 3
ChatterBot Zulu round 3
2024-10-14 22:41:15.497174 Foxtrot: We should add Quebec
ChatterBot Juliett reevaluating
ChatterBot Mike reevaluating
ChatterBot Charlie reevaluating
ChatterBot Zulu reevaluating
2024-10-14 22:41:15.520243 Victor: Yes
2024-10-14 22:41:15.520482 Juliett: No
2024-10-14 22:41:15.521045 Mike: Yes
2024-10-14 22:41:15.521161 Charlie: Yes
2024-10-14 22:41:15.521261 Zulu: No
ChatterBot Foxtrot reevaluating
ChatterBot Juliett reevaluating
ChatterBot Mike reevaluating
ChatterBot Charlie reevaluating
ChatterBot Zulu reevaluating
ChatterBot Foxtrot reevaluating
ChatterBot Mike reevaluating
ChatterBot Charlie reevaluating
ChatterBot Zulu reevaluating
ChatterBot Foxtrot reevaluating
ChatterBot Juliett reevaluating
ChatterBot Charlie reevaluating
ChatterBot Zulu reevaluating
ChatterBot Foxtrot reevaluating
ChatterBot Juliett reevaluating
ChatterBot Mike reevaluating
ChatterBot Zulu reevaluating
ChatterBot Foxtrot reevaluating
ChatterBot Juliett reevaluating
ChatterBot Mike reevaluating
ChatterBot Charlie reevaluating
2024-10-14 22:41:15.649476 India: We should add X-ray
ChatterBot Hotel reevaluating
ChatterBot Quebec reevaluating
2024-10-14 22:41:15.704693 Hotel: Yes
2024-10-14 22:41:15.704968 Quebec: Yes
ChatterBot Quebec reevaluating
ChatterBot India reevaluating
ChatterBot Hotel reevaluating
2024-10-14 22:41:15.781531 Quebec: We should replace Charlie with Victor
ChatterBot X-ray reevaluating
ChatterBot India reevaluating
ChatterBot Hotel reevaluating
2024-10-14 22:41:15.794527 X-ray: No
2024-10-14 22:41:15.794879 India: No
2024-10-14 22:41:15.795036 Hotel: No
ChatterBot India reevaluating
ChatterBot Hotel reevaluating
ChatterBot Quebec reevaluating
ChatterBot X-ray reevaluating
ChatterBot Hotel reevaluating
ChatterBot Quebec reevaluating
ChatterBot X-ray reevaluating
ChatterBot India reevaluating
ChatterBot Quebec reevaluating
2024-10-14 22:41:15.863303 Foxtrot: Quebec we want you to join our group
ChatterBot Quebec reevaluating
2024-10-14 22:41:15.868412 Quebec: No
ChatterBot Foxtrot reevaluating
2024-10-14 22:41:15.893875 Quebec: We should replace Charlie with Mike
ChatterBot India reevaluating
2024-10-14 22:41:15.904953 X-ray: No
2024-10-14 22:41:15.905375 India: No
2024-10-14 22:41:15.905754 Hotel: No
ChatterBot India reevaluating
ChatterBot Quebec reevaluating
ChatterBot Quebec reevaluating
ChatterBot India reevaluating
ChatterBot Quebec reevaluating
2024-10-14 22:41:15.940736 Juliett: We should drop Quebec
ChatterBot Foxtrot reevaluating
2024-10-14 22:41:15.963568 Victor: No
2024-10-14 22:41:15.964478 Foxtrot: Yes
2024-10-14 22:41:15.964950 Mike: No
2024-10-14 22:41:15.965223 Charlie: No
2024-10-14 22:41:15.965474 Zulu: Yes
ChatterBot Foxtrot reevaluating
ChatterBot Mike reevaluating
ChatterBot Charlie reevaluating
ChatterBot Victor reevaluating
ChatterBot Foxtrot reevaluating
ChatterBot Charlie reevaluating
ChatterBot Victor reevaluating
ChatterBot Foxtrot reevaluating
ChatterBot Mike reevaluating
ChatterBot Victor reevaluating
ChatterBot Foxtrot reevaluating
ChatterBot Mike reevaluating
ChatterBot Charlie reevaluating
2024-10-14 22:41:16.086773 India: X-ray we want you to join our group
2024-10-14 22:41:16.090783 X-ray: Yes
ChatterBot India reevaluating
2024-10-14 22:41:16.098531 Quebec: Mike we want you to join our group
ChatterBot Mike reevaluating
2024-10-14 22:41:16.103795 Mike: No
ChatterBot Quebec reevaluating
2024-10-14 22:41:16.119050 Zulu: Mike, sending you 1
2024-10-14 22:41:16.119513 Hotel: India, sending you 7
2024-10-14 22:41:16.119798 X-ray: India and Quebec, sending you 6
2024-10-14 22:41:16.220394 Hotel: X-ray, sending you 5
2024-10-14 22:41:16.221178 Zulu: Victor, sending you 2
2024-10-14 22:41:16.221559 Juliett: Mike, sending you 4
2024-10-14 22:41:16.221928 X-ray: Hotel, sending you 5
2024-10-14 22:41:16.222628 Quebec: Victor we want you to join our group
ChatterBot Victor reevaluating
2024-10-14 22:41:16.227450 Victor: No
ChatterBot Quebec reevaluating
chatterbot Hotel submitting transactions
chatterbot Juliett submitting transactions
2024-10-14 22:41:16.243059 Hotel: Quebec, sending you 4
2024-10-14 22:41:16.243364 Zulu: Charlie, sending you 4
2024-10-14 22:41:16.243813 Juliett: Victor and Zulu, sending you 3
2024-10-14 22:41:16.244865 Foxtrot: Mike, Victor, Charlie and Zulu, sending you 3
2024-10-14 22:41:16.390543 Foxtrot: Juliett, sending you 1
2024-10-14 22:41:16.391648 Zulu: Foxtrot and Juliett, sending you 3
2024-10-14 22:41:16.392230 India: X-ray and Hotel, sending you 4
2024-10-14 22:41:16.392630 Juliett: Charlie, sending you 5
2024-10-14 22:41:16.464865 India: Quebec, sending you 3
2024-10-14 22:41:16.645380 Victor: Mike and Foxtrot, sending you 4
2024-10-14 22:41:16.675799 Victor: Charlie, sending you 2
2024-10-14 22:41:16.677345 Quebec: India, Victor, X-ray and Hotel, sending you 4
2024-10-14 22:41:16.698522 Victor: Juliett and Zulu, sending you 3
chatterbot Victor submitting transactions
chatterbot X-ray submitting transactions
chatterbot Foxtrot submitting transactions
chatterbot Zulu submitting transactions
chatterbot Mike submitting transactions
chatterbot India submitting transactions
chatterbot Charlie submitting transactions
chatterbot Quebec submitting transactions
ChatterBot Mike round 4
ChatterBot India round 4
ChatterBot Victor round 4
ChatterBot Charlie round 4
ChatterBot Foxtrot round 4
ChatterBot X-ray round 4
ChatterBot Juliett round 4
ChatterBot Hotel round 4
ChatterBot Quebec round 4
ChatterBot Zulu round 4
2024-10-14 22:41:17.609686 India: Sending you each 4
2024-10-14 22:41:17.612879 Victor: Mike and Foxtrot, sending you 4
2024-10-14 22:41:17.616749 Victor: Charlie, sending you 2
2024-10-14 22:41:17.619704 Victor: Juliett and Zulu, sending you 3
2024-10-14 22:41:17.621208 Hotel: India, sending you 6
2024-10-14 22:41:17.621968 Zulu: Mike, sending you 1
2024-10-14 22:41:17.623672 X-ray: India, sending you 6
2024-10-14 22:41:17.624094 Juliett: Mike, Victor and Zulu, sending you 3
2024-10-14 22:41:17.625504 Quebec: India, X-ray and Hotel, sending you 4
2024-10-14 22:41:17.625903 Hotel: X-ray and Quebec, sending you 5
2024-10-14 22:41:17.627821 Zulu: Victor, Charlie, Foxtrot and Juliett, sending you 3
2024-10-14 22:41:17.628582 Juliett: Charlie, sending you 5
2024-10-14 22:41:17.629790 Foxtrot: Mike, Victor, Charlie and Zulu, sending you 3
2024-10-14 22:41:17.630400 X-ray: Hotel and Quebec, sending you 5
2024-10-14 22:41:17.630861 Quebec: Victor, sending you 2
2024-10-14 22:41:17.632673 Juliett: Foxtrot, sending you 1
2024-10-14 22:41:17.634062 Foxtrot: Juliett, sending you 1
chatterbot Foxtrot submitting transactions
chatterbot Juliett submitting transactions
chatterbot India submitting transactions
chatterbot Quebec submitting transactions
chatterbot Mike submitting transactions
chatterbot X-ray submitting transactions
chatterbot Charlie submitting transactions
chatterbot Hotel submitting transactions
chatterbot Victor submitting transactions
chatterbot Zulu submitting transactions
ChatterBot Mike round 5
ChatterBot India round 5
ChatterBot Victor round 5
ChatterBot Charlie round 5
ChatterBot Foxtrot round 5
ChatterBot X-ray round 5
ChatterBot Juliett round 5
ChatterBot Hotel round 5
ChatterBot Quebec round 5
ChatterBot Zulu round 5
2024-10-14 22:41:18.921225 Quebec: We should replace Victor with Mike
2024-10-14 22:41:18.933290 X-ray: No
2024-10-14 22:41:18.933951 India: No
2024-10-14 22:41:18.934175 Hotel: No
ChatterBot Quebec reevaluating
ChatterBot Quebec reevaluating
2024-10-14 22:41:18.981665 India: X-ray and Quebec, sending you 4
2024-10-14 22:41:18.985686 Victor: Mike, sending you 4
2024-10-14 22:41:18.987659 India: Hotel, sending you 3
2024-10-14 22:41:18.991041 Victor: Charlie, Foxtrot, Juliett and Zulu, sending you 3
2024-10-14 22:41:18.991687 X-ray: Sending you each 1
2024-10-14 22:41:18.993247 Hotel: India, sending you 6
2024-10-14 22:41:18.993815 Foxtrot: Mike, Victor, Charlie and Zulu, sending you 3
2024-10-14 22:41:18.996652 Juliett: Mike, Victor and Zulu, sending you 3
2024-10-14 22:41:18.997606 Hotel: X-ray and Quebec, sending you 5
2024-10-14 22:41:18.998683 Foxtrot: Juliett, sending you 1
2024-10-14 22:41:19.001707 Juliett: Charlie, sending you 5
2024-10-14 22:41:19.003699 Zulu: Mike, sending you 1
2024-10-14 22:41:19.006973 Juliett: Foxtrot, sending you 1
2024-10-14 22:41:19.009216 Zulu: Victor, Charlie, Foxtrot and Juliett, sending you 3
2024-10-14 22:41:19.009985 Quebec: India, sending you 5
2024-10-14 22:41:19.013666 Quebec: Victor, sending you 2
2024-10-14 22:41:19.017689 Quebec: X-ray and Hotel, sending you 4
chatterbot Quebec submitting transactions
chatterbot Hotel submitting transactions
chatterbot X-ray submitting transactions
chatterbot India submitting transactions
chatterbot Charlie submitting transactions
chatterbot Foxtrot submitting transactions
chatterbot Zulu submitting transactions
chatterbot Mike submitting transactions
chatterbot Victor submitting transactions
chatterbot Juliett submitting transactions
ChatterBot Mike round 6
ChatterBot India round 6
ChatterBot Victor round 6
ChatterBot Charlie round 6
ChatterBot Foxtrot round 6
ChatterBot X-ray round 6
ChatterBot Juliett round 6
ChatterBot Hotel round 6
ChatterBot Quebec round 6
ChatterBot Zulu round 6
2024-10-14 22:41:20.167219 Quebec: We should replace Victor with Charlie
2024-10-14 22:41:20.181706 X-ray: No
2024-10-14 22:41:20.182009 India: No
2024-10-14 22:41:20.182272 Hotel: No
ChatterBot Quebec reevaluating
ChatterBot Quebec reevaluating
ChatterBot Quebec reevaluating
2024-10-14 22:41:20.214100 Victor: I was attacked by X-ray
ChatterBot Mike reevaluating
ChatterBot Charlie reevaluating
2024-10-14 22:41:20.229746 Victor: I'm keeping this round to protect myself
2024-10-14 22:41:20.231154 Victor: Ow
2024-10-14 22:41:20.231696 Quebec: We should replace Victor with Mike
2024-10-14 22:41:20.240635 X-ray: No
2024-10-14 22:41:20.240795 India: No
2024-10-14 22:41:20.240935 Hotel: No
ChatterBot Quebec reevaluating
ChatterBot Quebec reevaluating
ChatterBot Quebec reevaluating
2024-10-14 22:41:20.268667 Foxtrot: Mike, Charlie and Zulu, sending you 2
2024-10-14 22:41:20.270366 India: X-ray and Quebec, sending you 4
2024-10-14 22:41:20.270951 Hotel: India, sending you 6
2024-10-14 22:41:20.271463 Zulu: Mike, sending you 1
2024-10-14 22:41:20.272484 Juliett: Mike, Victor and Zulu, sending you 3
2024-10-14 22:41:20.273062 X-ray: India, sending you 5
2024-10-14 22:41:20.273809 India: Hotel, sending you 3
2024-10-14 22:41:20.274688 Quebec: Mike we want you to join our group
ChatterBot Mike reevaluating
2024-10-14 22:41:20.278965 Mike: No
ChatterBot Quebec reevaluating
2024-10-14 22:41:20.290511 Foxtrot: Victor, sending you 3
2024-10-14 22:41:20.291396 Hotel: X-ray and Quebec, sending you 5
2024-10-14 22:41:20.292306 Zulu: Victor, Foxtrot and Juliett, sending you 2
2024-10-14 22:41:20.293021 X-ray: Hotel and Quebec, sending you 4
2024-10-14 22:41:20.293858 Juliett: Charlie, sending you 5
2024-10-14 22:41:20.294542 Foxtrot: Juliett, sending you 1
2024-10-14 22:41:20.295889 Zulu: Charlie, sending you 3
2024-10-14 22:41:20.296708 Juliett: Foxtrot, sending you 1
2024-10-14 22:41:20.322689 Quebec: Mike, sending you 2
2024-10-14 22:41:20.325848 Quebec: India and X-ray, sending you 5
2024-10-14 22:41:20.329665 Quebec: Hotel, sending you 4
chatterbot Juliett submitting transactions
chatterbot Charlie submitting transactions
chatterbot Foxtrot submitting transactions
chatterbot Zulu submitting transactions
chatterbot Hotel submitting transactions
chatterbot India submitting transactions
chatterbot X-ray submitting transactions
chatterbot Mike submitting transactions
chatterbot Victor submitting transactions
chatterbot Quebec submitting transactions
ChatterBot Mike round 7
ChatterBot India round 7
ChatterBot Victor round 7
ChatterBot Charlie round 7
ChatterBot Foxtrot round 7
ChatterBot X-ray round 7
ChatterBot Juliett round 7
ChatterBot Hotel round 7
ChatterBot Quebec round 7
ChatterBot Zulu round 7
2024-10-14 22:41:21.541508 Hotel: We should add Mike
2024-10-14 22:41:21.553526 X-ray: No
2024-10-14 22:41:21.553783 India: No
2024-10-14 22:41:21.554372 Quebec: Yes
ChatterBot Hotel reevaluating
ChatterBot Quebec reevaluating
ChatterBot Hotel reevaluating
ChatterBot Quebec reevaluating
ChatterBot Hotel reevaluating
2024-10-14 22:41:21.586747 Victor: Mike, sending you 2
2024-10-14 22:41:21.591680 Victor: Charlie, Foxtrot, Juliett and Zulu, sending you 1
2024-10-14 22:41:21.592663 India: X-ray, sending you 4
2024-10-14 22:41:21.594675 X-ray: I was attacked by Mike, Charlie, Foxtrot and Zulu
ChatterBot India reevaluating
ChatterBot Hotel reevaluating
ChatterBot Quebec reevaluating
2024-10-14 22:41:21.606590 X-ray: I'm keeping this round to protect myself
2024-10-14 22:41:21.608010 X-ray: Ow
2024-10-14 22:41:21.608554 Quebec: We should replace Mike with Juliett
ChatterBot India reevaluating
ChatterBot Hotel reevaluating
2024-10-14 22:41:21.619290 X-ray: No
2024-10-14 22:41:21.619475 India: No
2024-10-14 22:41:21.619681 Hotel: No
ChatterBot India reevaluating
ChatterBot Hotel reevaluating
ChatterBot Quebec reevaluating
ChatterBot Hotel reevaluating
ChatterBot Quebec reevaluating
ChatterBot India reevaluating
ChatterBot Quebec reevaluating
2024-10-14 22:41:21.644861 Foxtrot: Mike, Victor and Zulu, sending you 2
2024-10-14 22:41:21.645408 Juliett: Mike and Zulu, sending you 3
2024-10-14 22:41:21.648687 Foxtrot: Charlie, sending you 3
2024-10-14 22:41:21.649674 Juliett: Victor, sending you 2
2024-10-14 22:41:21.650893 Zulu: Mike, sending you 1
2024-10-14 22:41:21.652676 Foxtrot: Juliett, sending you 1
2024-10-14 22:41:21.654659 Juliett: Charlie, sending you 6
2024-10-14 22:41:21.655791 Quebec: Juliett we want you to join our group
2024-10-14 22:41:21.658972 Juliett: No
ChatterBot Quebec reevaluating
2024-10-14 22:41:21.667314 Zulu: Victor, Foxtrot and Juliett, sending you 2
2024-10-14 22:41:21.667890 Juliett: Foxtrot, sending you 1
2024-10-14 22:41:21.672109 Zulu: Charlie, sending you 3
2024-10-14 22:41:21.672999 Hotel: India, sending you 6
2024-10-14 22:41:21.676687 Hotel: X-ray and Quebec, sending you 5
2024-10-14 22:41:21.700672 Quebec: India, sending you 5
2024-10-14 22:41:21.703699 Quebec: X-ray and Hotel, sending you 4
2024-10-14 22:41:21.707699 Quebec: Juliett, sending you 1
chatterbot X-ray submitting transactions
chatterbot Mike submitting transactions
chatterbot Juliett submitting transactions
chatterbot Charlie submitting transactions
chatterbot Quebec submitting transactions
chatterbot Zulu submitting transactions
chatterbot Foxtrot submitting transactions
chatterbot India submitting transactions
chatterbot Victor submitting transactions
chatterbot Hotel submitting transactions
ChatterBot Mike round 8
ChatterBot India round 8
ChatterBot Victor round 8
ChatterBot Charlie round 8
ChatterBot Foxtrot round 8
ChatterBot X-ray round 8
ChatterBot Juliett round 8
ChatterBot Hotel round 8
2024-10-14 22:41:22.816457 Mike: We should replace X-ray with Quebec
ChatterBot Charlie reevaluating
2024-10-14 22:41:22.826332 Victor: No
2024-10-14 22:41:22.826473 Foxtrot: No
2024-10-14 22:41:22.826584 Juliett: No
2024-10-14 22:41:22.826712 Charlie: No
2024-10-14 22:41:22.826826 Zulu: No
ChatterBot Mike reevaluating
ChatterBot Charlie reevaluating
ChatterBot Mike reevaluating
ChatterBot Charlie reevaluating
ChatterBot Mike reevaluating
ChatterBot Charlie reevaluating
ChatterBot Mike reevaluating
ChatterBot Mike reevaluating
ChatterBot Charlie reevaluating
ChatterBot Quebec round 8
ChatterBot Zulu round 8
2024-10-14 22:41:22.899008 Quebec: We should replace Juliett with Mike
2024-10-14 22:41:22.905240 X-ray: No
2024-10-14 22:41:22.905380 India: No
2024-10-14 22:41:22.905489 Hotel: No
ChatterBot Quebec reevaluating
ChatterBot Quebec reevaluating
ChatterBot Quebec reevaluating
2024-10-14 22:41:22.927521 Mike: Quebec we want you to join our group
ChatterBot Quebec reevaluating
2024-10-14 22:41:22.930362 Quebec: No
ChatterBot Mike reevaluating
2024-10-14 22:41:22.944095 X-ray: I was attacked by Mike, Charlie, Foxtrot and Zulu
ChatterBot India reevaluating
ChatterBot Hotel reevaluating
ChatterBot Quebec reevaluating
2024-10-14 22:41:22.951659 X-ray: I'm keeping this round to protect myself
2024-10-14 22:41:22.952355 X-ray: Ow
2024-10-14 22:41:22.952606 Quebec: We should replace Juliett with Victor
ChatterBot India reevaluating
ChatterBot Hotel reevaluating
2024-10-14 22:41:22.959389 X-ray: No
2024-10-14 22:41:22.959505 India: No
2024-10-14 22:41:22.959641 Hotel: No
ChatterBot India reevaluating
ChatterBot Hotel reevaluating
ChatterBot Quebec reevaluating
ChatterBot Hotel reevaluating
ChatterBot Quebec reevaluating
ChatterBot India reevaluating
ChatterBot Quebec reevaluating
2024-10-14 22:41:22.980763 Victor: Mike, sending you 4
2024-10-14 22:41:22.983700 Victor: Charlie, Foxtrot, Juliett and Zulu, sending you 3
2024-10-14 22:41:22.984789 Foxtrot: Mike, Victor, Charlie and Zulu, sending you 2
2024-10-14 22:41:22.985539 Juliett: Mike, sending you 4
2024-10-14 22:41:22.986725 Zulu: Mike and Victor, sending you 1
2024-10-14 22:41:22.987723 Foxtrot: Juliett, sending you 1
2024-10-14 22:41:22.989664 Zulu: Charlie, sending you 3
2024-10-14 22:41:22.990811 Juliett: Victor, sending you 2
2024-10-14 22:41:22.993652 Zulu: Foxtrot and Juliett, sending you 2
2024-10-14 22:41:22.995666 Juliett: Charlie, sending you 5
2024-10-14 22:41:22.999683 Juliett: Foxtrot, sending you 1
2024-10-14 22:41:23.000683 India: X-ray, sending you 4
2024-10-14 22:41:23.002674 Hotel: India and Quebec, sending you 6
2024-10-14 22:41:23.003134 Juliett: Zulu, sending you 3
2024-10-14 22:41:23.004658 India: Hotel and Quebec, sending you 3
2024-10-14 22:41:23.006666 Hotel: X-ray, sending you 4
2024-10-14 22:41:23.010669 Quebec: India and X-ray, sending you 5
2024-10-14 22:41:23.015672 Quebec: Juliett, sending you 2
2024-10-14 22:41:23.018666 Quebec: Hotel, sending you 4
chatterbot X-ray submitting transactions
chatterbot Juliett submitting transactions
chatterbot India submitting transactions
chatterbot Victor submitting transactions
chatterbot Quebec submitting transactions
chatterbot Mike submitting transactions
chatterbot Foxtrot submitting transactions
chatterbot Charlie submitting transactions
chatterbot Zulu submitting transactions
chatterbot Hotel submitting transactions
ChatterBot Mike round 9
ChatterBot India round 9
ChatterBot Victor round 9
ChatterBot Charlie round 9
ChatterBot Foxtrot round 9
ChatterBot X-ray round 9
ChatterBot Juliett round 9
ChatterBot Hotel round 9
ChatterBot Quebec round 9
2024-10-14 22:41:24.063448 Mike: We should replace X-ray with Quebec
2024-10-14 22:41:24.108500 Victor: No
2024-10-14 22:41:24.108708 Foxtrot: No
2024-10-14 22:41:24.109796 Juliett: No
2024-10-14 22:41:24.109986 Charlie: No
2024-10-14 22:41:24.110167 Zulu: No
ChatterBot Mike reevaluating
ChatterBot Mike reevaluating
ChatterBot Mike reevaluating
ChatterBot Mike reevaluating
ChatterBot Mike reevaluating
ChatterBot Zulu round 9
2024-10-14 22:41:24.317731 Quebec: We should replace Juliett with Charlie
2024-10-14 22:41:24.332536 X-ray: No
2024-10-14 22:41:24.333332 India: No
2024-10-14 22:41:24.333639 Hotel: No
ChatterBot Quebec reevaluating
2024-10-14 22:41:24.383018 Mike: Quebec we want you to join our group
ChatterBot Quebec reevaluating
2024-10-14 22:41:24.392693 Quebec: No
ChatterBot Mike reevaluating
2024-10-14 22:41:24.413453 Quebec: We should replace Juliett with Victor
2024-10-14 22:41:24.423561 X-ray: No
2024-10-14 22:41:24.423743 India: No
2024-10-14 22:41:24.423976 Hotel: No
ChatterBot Quebec reevaluating
ChatterBot Quebec reevaluating
ChatterBot Quebec reevaluating
2024-10-14 22:41:24.453646 India: X-ray, sending you 4
2024-10-14 22:41:24.454062 Hotel: India and Quebec, sending you 6
2024-10-14 22:41:24.454581 Foxtrot: Mike, Victor, Juliett and Zulu, sending you 1
2024-10-14 22:41:24.456109 X-ray: I was attacked by Mike, Charlie, Foxtrot and Zulu
ChatterBot India reevaluating
ChatterBot Hotel reevaluating
ChatterBot Quebec reevaluating
2024-10-14 22:41:24.471672 X-ray: I'm keeping this round to protect myself
2024-10-14 22:41:24.473230 X-ray: Ow
2024-10-14 22:41:24.473984 Foxtrot: Charlie, sending you 2
2024-10-14 22:41:24.475757 Victor: Mike, sending you 4
2024-10-14 22:41:24.478680 Juliett: Mike, Victor and Zulu, sending you 3
2024-10-14 22:41:24.481691 Victor: Charlie, Foxtrot, Juliett and Zulu, sending you 3
2024-10-14 22:41:24.482407 Zulu: Mike, Victor, Foxtrot and Juliett, sending you 1
2024-10-14 22:41:24.484660 Juliett: Charlie, sending you 5
2024-10-14 22:41:24.488762 Zulu: Charlie, sending you 2
2024-10-14 22:41:24.489682 Juliett: Foxtrot, sending you 1
2024-10-14 22:41:24.504679 Quebec: India, sending you 5
chatterbot Hotel submitting transactions
2024-10-14 22:41:24.509047 Quebec: X-ray and Hotel, sending you 4
2024-10-14 22:41:24.513082 Quebec: Juliett, sending you 2
chatterbot Foxtrot submitting transactions
chatterbot Victor submitting transactions
chatterbot Zulu submitting transactions
chatterbot Juliett submitting transactions
chatterbot Charlie submitting transactions
chatterbot India submitting transactions
chatterbot Quebec submitting transactions
chatterbot Hotel submitting transactions
chatterbot X-ray submitting transactions
chatterbot India submitting transactions
chatterbot Mike submitting transactions
ChatterBot Mike round 10
ChatterBot India round 10
ChatterBot Victor round 10
ChatterBot Charlie round 10
ChatterBot Foxtrot round 10
ChatterBot X-ray round 10
ChatterBot Juliett round 10
ChatterBot Hotel round 10
ChatterBot Quebec round 10
ChatterBot Zulu round 10
2024-10-14 22:41:25.604395 Mike: We should replace X-ray with Quebec
2024-10-14 22:41:25.625108 Victor: No
2024-10-14 22:41:25.625343 Foxtrot: No
2024-10-14 22:41:25.625524 Juliett: No
2024-10-14 22:41:25.625712 Charlie: No
2024-10-14 22:41:25.625885 Zulu: No
ChatterBot Mike reevaluating
ChatterBot Mike reevaluating
ChatterBot Mike reevaluating
ChatterBot Mike reevaluating
ChatterBot Mike reevaluating
2024-10-14 22:41:25.727465 Quebec: We should replace Juliett with Victor
2024-10-14 22:41:25.758763 X-ray: No
2024-10-14 22:41:25.759006 India: No
2024-10-14 22:41:25.759173 Hotel: No
ChatterBot Quebec reevaluating
ChatterBot Quebec reevaluating
ChatterBot Quebec reevaluating
2024-10-14 22:41:25.843010 Quebec: We should replace Juliett with Mike
2024-10-14 22:41:25.851341 X-ray: No
2024-10-14 22:41:25.851563 India: No
2024-10-14 22:41:25.851736 Hotel: No
ChatterBot Quebec reevaluating
ChatterBot Quebec reevaluating
ChatterBot Quebec reevaluating
2024-10-14 22:41:25.877611 Victor: Mike and Juliett, sending you 4
2024-10-14 22:41:25.879061 Mike: Quebec we want you to join our group
ChatterBot Quebec reevaluating
2024-10-14 22:41:25.883357 Quebec: No
ChatterBot Mike reevaluating
2024-10-14 22:41:25.902930 X-ray: I was attacked by Mike, Charlie, Foxtrot and Zulu
ChatterBot India reevaluating
ChatterBot Hotel reevaluating
ChatterBot Quebec reevaluating
2024-10-14 22:41:25.920922 X-ray: I'm keeping this round to protect myself
2024-10-14 22:41:25.923113 X-ray: Ow
2024-10-14 22:41:25.924922 Victor: Charlie and Foxtrot, sending you 3
2024-10-14 22:41:25.928698 Foxtrot: Mike, Victor, Charlie and Zulu, sending you 3
2024-10-14 22:41:25.930987 Juliett: Mike, sending you 4
2024-10-14 22:41:25.932930 Zulu: Mike and Foxtrot, sending you 2
2024-10-14 22:41:25.934891 Victor: Zulu, sending you 2
2024-10-14 22:41:25.936891 Quebec: Victor we want you to join our group
2024-10-14 22:41:25.941518 Victor: No
ChatterBot Quebec reevaluating
ChatterBot India reevaluating
ChatterBot Hotel reevaluating
2024-10-14 22:41:25.959503 Quebec: We should replace Juliett with Charlie
ChatterBot India reevaluating
ChatterBot Hotel reevaluating
2024-10-14 22:41:25.971826 X-ray: No
2024-10-14 22:41:25.972309 India: No
2024-10-14 22:41:25.972536 Hotel: No
ChatterBot India reevaluating
ChatterBot Hotel reevaluating
ChatterBot Quebec reevaluating
ChatterBot Hotel reevaluating
ChatterBot Quebec reevaluating
ChatterBot India reevaluating
ChatterBot Quebec reevaluating
2024-10-14 22:41:26.009778 Foxtrot: Juliett, sending you 1
2024-10-14 22:41:26.013618 Juliett: Victor and Zulu, sending you 3
2024-10-14 22:41:26.016398 Zulu: Victor, Charlie and Juliett, sending you 3
2024-10-14 22:41:26.020667 Juliett: Charlie, sending you 5
2024-10-14 22:41:26.024687 Quebec: Mike we want you to join our group
ChatterBot Mike reevaluating
2024-10-14 22:41:26.030591 Mike: No
ChatterBot Quebec reevaluating
2024-10-14 22:41:26.052134 Hotel: India and Quebec, sending you 6
2024-10-14 22:41:26.055671 Hotel: X-ray, sending you 4
2024-10-14 22:41:26.061800 Quebec: India, sending you 6
2024-10-14 22:41:26.066838 Quebec: X-ray, sending you 4
2024-10-14 22:41:26.070666 Quebec: Juliett, sending you 1
2024-10-14 22:41:26.076674 Quebec: Hotel, sending you 3
chatterbot Victor submitting transactions
chatterbot Juliett submitting transactions
chatterbot Charlie submitting transactions
chatterbot Quebec submitting transactions
chatterbot Mike submitting transactions
chatterbot India submitting transactions
chatterbot Hotel submitting transactions
chatterbot Zulu submitting transactions
chatterbot X-ray submitting transactions
chatterbot Foxtrot submitting transactions
ChatterBot Mike round 11
ChatterBot India round 11
ChatterBot Victor round 11
ChatterBot Charlie round 11
ChatterBot Foxtrot round 11
ChatterBot X-ray round 11
ChatterBot Juliett round 11
ChatterBot Hotel round 11
ChatterBot Quebec round 11
ChatterBot Zulu round 11
2024-10-14 22:41:26.991065 Mike: We should replace X-ray with Quebec
2024-10-14 22:41:27.009958 Victor: No
2024-10-14 22:41:27.010116 Foxtrot: No
2024-10-14 22:41:27.010230 Juliett: No
2024-10-14 22:41:27.010338 Charlie: No
2024-10-14 22:41:27.010443 Zulu: No
ChatterBot Mike reevaluating
ChatterBot Mike reevaluating
ChatterBot Mike reevaluating
ChatterBot Mike reevaluating
ChatterBot Mike reevaluating
