ChatterBot Juliett round 1
ChatterBot Tango round 1
ChatterBot Victor round 1
ChatterBot Yankee round 1
ChatterBot Zulu round 1
ChatterBot Kilo round 1
ChatterBot X-ray round 1
ChatterBot Oscar round 1
ChatterBot Papa round 1
ChatterBot Whiskey round 1
randomSelections Yankee: {Yankee, Zulu, Oscar, Victor, Papa, Whiskey, Tango, X-ray} 
2024-10-14 22:41:11.094879 Yankee: Can we be friends?
ChatterBot Zulu reevaluating
ChatterBot Oscar reevaluating
ChatterBot Victor reevaluating
ChatterBot Papa reevaluating
ChatterBot Whiskey reevaluating
ChatterBot Tango reevaluating
ChatterBot X-ray reevaluating
2024-10-14 22:41:11.129804 Zulu: Yes
2024-10-14 22:41:11.130021 Oscar: Yes
2024-10-14 22:41:11.130191 Victor: Yes
2024-10-14 22:41:11.130387 Papa: Yes
2024-10-14 22:41:11.130569 Whiskey: Yes
2024-10-14 22:41:11.131885 Tango: Yes
2024-10-14 22:41:11.132080 X-ray: Yes
ChatterBot Oscar reevaluating
ChatterBot Victor reevaluating
ChatterBot Papa reevaluating
ChatterBot Whiskey reevaluating
ChatterBot Tango reevaluating
ChatterBot X-ray reevaluating
ChatterBot Zulu reevaluating
ChatterBot Victor reevaluating
ChatterBot Papa reevaluating
ChatterBot Whiskey reevaluating
ChatterBot Tango reevaluating
ChatterBot X-ray reevaluating
ChatterBot Zulu reevaluating
ChatterBot Oscar reevaluating
ChatterBot Papa reevaluating
ChatterBot Whiskey reevaluating
ChatterBot Tango reevaluating
ChatterBot X-ray reevaluating
ChatterBot Zulu reevaluating
ChatterBot Oscar reevaluating
ChatterBot Victor reevaluating
ChatterBot Whiskey reevaluating
ChatterBot Tango reevaluating
ChatterBot X-ray reevaluating
ChatterBot Zulu reevaluating
ChatterBot Oscar reevaluating
ChatterBot Victor reevaluating
ChatterBot Papa reevaluating
ChatterBot Tango reevaluating
ChatterBot X-ray reevaluating
ChatterBot Zulu reevaluating
ChatterBot Oscar reevaluating
ChatterBot Victor reevaluating
ChatterBot Papa reevaluating
ChatterBot Whiskey reevaluating
ChatterBot X-ray reevaluating
ChatterBot Zulu reevaluating
ChatterBot Oscar reevaluating
ChatterBot Victor reevaluating
ChatterBot Papa reevaluating
ChatterBot Whiskey reevaluating
ChatterBot Tango reevaluating
randomSelections Kilo: {Kilo, X-ray, Tango, Papa, Whiskey, Juliett, Oscar} 
2024-10-14 22:41:11.389550 Kilo: We should group up
ChatterBot X-ray reevaluating
ChatterBot Tango reevaluating
ChatterBot Papa reevaluating
ChatterBot Whiskey reevaluating
ChatterBot Juliett reevaluating
ChatterBot Oscar reevaluating
2024-10-14 22:41:11.404797 X-ray: No
2024-10-14 22:41:11.405153 Tango: No
2024-10-14 22:41:11.405347 Papa: No
2024-10-14 22:41:11.405647 Whiskey: No
2024-10-14 22:41:11.406493 Juliett: Yes
2024-10-14 22:41:11.406671 Oscar: No
ChatterBot Tango reevaluating
ChatterBot Papa reevaluating
ChatterBot Whiskey reevaluating
ChatterBot Juliett reevaluating
ChatterBot Oscar reevaluating
ChatterBot X-ray reevaluating
ChatterBot Papa reevaluating
ChatterBot Whiskey reevaluating
ChatterBot Juliett reevaluating
ChatterBot Oscar reevaluating
ChatterBot X-ray reevaluating
ChatterBot Tango reevaluating
ChatterBot Whiskey reevaluating
ChatterBot Juliett reevaluating
ChatterBot Oscar reevaluating
ChatterBot X-ray reevaluating
ChatterBot Tango reevaluating
ChatterBot Papa reevaluating
ChatterBot Juliett reevaluating
ChatterBot Oscar reevaluating
ChatterBot X-ray reevaluating
ChatterBot Tango reevaluating
ChatterBot Papa reevaluating
ChatterBot Whiskey reevaluating
ChatterBot Oscar reevaluating
ChatterBot X-ray reevaluating
ChatterBot Tango reevaluating
ChatterBot Papa reevaluating
ChatterBot Whiskey reevaluating
ChatterBot Juliett reevaluating
2024-10-14 22:41:11.542363 Yankee: Tango, Victor and Oscar, sending you 4
2024-10-14 22:41:11.544895 Victor: Tango, Yankee, X-ray and Oscar, sending you 1
2024-10-14 22:41:11.547069 Tango: Victor, sending you 2
2024-10-14 22:41:11.548244 Whiskey: Tango, sending you 1
2024-10-14 22:41:11.550503 Papa: Tango, sending you 5
2024-10-14 22:41:11.552655 Juliett: Tango, sending you 3
2024-10-14 22:41:11.554453 Oscar: Tango, Zulu and Whiskey, sending you 3
2024-10-14 22:41:11.555380 Yankee: Zulu, X-ray and Whiskey, sending you 1
2024-10-14 22:41:11.556968 Victor: Zulu, sending you 3
2024-10-14 22:41:11.558490 Tango: Yankee, sending you 5
2024-10-14 22:41:11.559075 Kilo: Juliett and Whiskey, sending you 1
2024-10-14 22:41:11.559594 Zulu: Tango, X-ray and Papa, sending you 2
2024-10-14 22:41:11.560920 Whiskey: Yankee, sending you 2
2024-10-14 22:41:11.561569 X-ray: Tango and Papa, sending you 4
2024-10-14 22:41:11.563074 Papa: Victor and Whiskey, sending you 3
2024-10-14 22:41:11.563956 Juliett: Kilo, sending you 2
2024-10-14 22:41:11.565222 Oscar: Victor, sending you 1
2024-10-14 22:41:11.565981 Victor: Papa, sending you 2
2024-10-14 22:41:11.567206 Yankee: Papa, sending you 2
2024-10-14 22:41:11.567870 Kilo: Tango and X-ray, sending you 2
2024-10-14 22:41:11.568582 Tango: Zulu and Whiskey, sending you 1
2024-10-14 22:41:11.569975 Zulu: Victor, Yankee and Oscar, sending you 1
2024-10-14 22:41:11.570634 Whiskey: Zulu, sending you 4
2024-10-14 22:41:11.572036 X-ray: Victor and Oscar, sending you 2
2024-10-14 22:41:11.572529 Papa: Yankee, Zulu and X-ray, sending you 2
2024-10-14 22:41:11.573633 Juliett: X-ray, sending you 5
2024-10-14 22:41:11.574032 Oscar: Yankee, sending you 2
2024-10-14 22:41:11.574455 Kilo: Oscar, sending you 5
2024-10-14 22:41:11.575481 Tango: X-ray, sending you 4
2024-10-14 22:41:11.575917 Zulu: Whiskey, sending you 4
2024-10-14 22:41:11.577007 Whiskey: X-ray, Oscar and Papa, sending you 3
2024-10-14 22:41:11.577566 X-ray: Yankee and Whiskey, sending you 3
2024-10-14 22:41:11.578783 Papa: Oscar, sending you 1
2024-10-14 22:41:11.580169 Juliett: Papa, sending you 1
2024-10-14 22:41:11.582553 Oscar: Papa, sending you 4
2024-10-14 22:41:11.584560 Kilo: Papa, sending you 4
2024-10-14 22:41:11.586092 Tango: Papa, sending you 3
2024-10-14 22:41:11.586992 X-ray: Zulu, sending you 1
2024-10-14 22:41:11.588199 Juliett: Whiskey, sending you 4
chatterbot X-ray submitting transactions
chatterbot Victor submitting transactions
chatterbot Whiskey submitting transactions
chatterbot Tango submitting transactions
chatterbot Kilo submitting transactions
chatterbot Papa submitting transactions
chatterbot Yankee submitting transactions
chatterbot Zulu submitting transactions
chatterbot Oscar submitting transactions
chatterbot Juliett submitting transactions
ChatterBot Juliett round 2
ChatterBot Tango round 2
ChatterBot Victor round 2
ChatterBot Yankee round 2
ChatterBot Zulu round 2
2024-10-14 22:41:12.704369 Juliett: We would work well together
ChatterBot Kilo reevaluating
2024-10-14 22:41:12.725447 Kilo: Yes
2024-10-14 22:41:12.731708 Kilo: Can we be friends?
2024-10-14 22:41:12.738513 Juliett: Yes
ChatterBot Kilo reevaluating
ChatterBot Kilo round 2
ChatterBot X-ray round 2
ChatterBot Oscar round 2
ChatterBot Papa round 2
ChatterBot Whiskey round 2
2024-10-14 22:41:12.783302 X-ray: We should add Juliett and Kilo
ChatterBot Oscar reevaluating
ChatterBot Papa reevaluating
ChatterBot Whiskey reevaluating
2024-10-14 22:41:12.815633 Yankee: No
2024-10-14 22:41:12.815906 Zulu: No
2024-10-14 22:41:12.816074 Oscar: No
2024-10-14 22:41:12.816560 Victor: No
2024-10-14 22:41:12.816685 Papa: No
2024-10-14 22:41:12.816802 Whiskey: No
2024-10-14 22:41:12.816961 Tango: No
ChatterBot Oscar reevaluating
ChatterBot Papa reevaluating
ChatterBot Whiskey reevaluating
ChatterBot Oscar reevaluating
ChatterBot Papa reevaluating
ChatterBot Whiskey reevaluating
ChatterBot Papa reevaluating
ChatterBot Whiskey reevaluating
ChatterBot Oscar reevaluating
ChatterBot Papa reevaluating
ChatterBot Whiskey reevaluating
ChatterBot Oscar reevaluating
ChatterBot Whiskey reevaluating
ChatterBot X-ray reevaluating
ChatterBot Oscar reevaluating
ChatterBot Papa reevaluating
ChatterBot X-ray reevaluating
ChatterBot Oscar reevaluating
ChatterBot Papa reevaluating
ChatterBot Whiskey reevaluating
ChatterBot X-ray reevaluating
2024-10-14 22:41:13.048954 Oscar: We should add Kilo
ChatterBot Papa reevaluating
ChatterBot Whiskey reevaluating
ChatterBot X-ray reevaluating
2024-10-14 22:41:13.080643 Yankee: No
2024-10-14 22:41:13.080816 Zulu: No
2024-10-14 22:41:13.080921 Victor: No
2024-10-14 22:41:13.081030 Papa: No
2024-10-14 22:41:13.081122 Whiskey: No
2024-10-14 22:41:13.081214 Tango: No
2024-10-14 22:41:13.081327 X-ray: Yes
ChatterBot Oscar reevaluating
ChatterBot Papa reevaluating
ChatterBot Whiskey reevaluating
ChatterBot X-ray reevaluating
ChatterBot Oscar reevaluating
ChatterBot Papa reevaluating
ChatterBot Whiskey reevaluating
ChatterBot X-ray reevaluating
ChatterBot Oscar reevaluating
ChatterBot Papa reevaluating
ChatterBot Whiskey reevaluating
ChatterBot X-ray reevaluating
ChatterBot Oscar reevaluating
ChatterBot Whiskey reevaluating
ChatterBot X-ray reevaluating
ChatterBot Oscar reevaluating
ChatterBot Papa reevaluating
ChatterBot X-ray reevaluating
ChatterBot Oscar reevaluating
ChatterBot Papa reevaluating
ChatterBot Whiskey reevaluating
ChatterBot X-ray reevaluating
ChatterBot Oscar reevaluating
ChatterBot Papa reevaluating
ChatterBot Whiskey reevaluating
2024-10-14 22:41:13.321064 Tango: We should drop Victor
ChatterBot X-ray reevaluating
ChatterBot Papa reevaluating
ChatterBot Oscar reevaluating
ChatterBot Whiskey reevaluating
2024-10-14 22:41:13.350110 Yankee: No
2024-10-14 22:41:13.350245 X-ray: No
2024-10-14 22:41:13.350395 Papa: No
2024-10-14 22:41:13.350506 Zulu: No
2024-10-14 22:41:13.351066 Oscar: No
2024-10-14 22:41:13.351163 Whiskey: Yes
ChatterBot X-ray reevaluating
ChatterBot Papa reevaluating
ChatterBot Oscar reevaluating
ChatterBot Whiskey reevaluating
ChatterBot Papa reevaluating
ChatterBot Oscar reevaluating
ChatterBot Whiskey reevaluating
ChatterBot X-ray reevaluating
ChatterBot Oscar reevaluating
ChatterBot Whiskey reevaluating
ChatterBot X-ray reevaluating
ChatterBot Papa reevaluating
ChatterBot Oscar reevaluating
ChatterBot Whiskey reevaluating
ChatterBot X-ray reevaluating
ChatterBot Papa reevaluating
ChatterBot Whiskey reevaluating
ChatterBot X-ray reevaluating
ChatterBot Papa reevaluating
ChatterBot Oscar reevaluating
2024-10-14 22:41:14.273185 Juliett: Sending you 15
2024-10-14 22:41:14.274192 Zulu: Tango, Yankee and X-ray, sending you 1
2024-10-14 22:41:14.274807 X-ray: Juliett and Kilo we want you to join our group
2024-10-14 22:41:14.282758 Juliett: No
2024-10-14 22:41:14.282909 Kilo: No
ChatterBot X-ray reevaluating
ChatterBot Oscar reevaluating
ChatterBot X-ray reevaluating
ChatterBot Oscar reevaluating
chatterbot Yankee submitting transactions
chatterbot Zulu submitting transactions
chatterbot Juliett submitting transactions
2024-10-14 22:41:14.362831 Zulu: Victor, Oscar and Papa, sending you 2
2024-10-14 22:41:14.363393 Victor: Tango, Zulu, X-ray, Oscar and Whiskey, sending you 1
2024-10-14 22:41:14.364270 Yankee: Tango, sending you 4
2024-10-14 22:41:14.728096 Zulu: Whiskey, sending you 4
2024-10-14 22:41:14.729220 Papa: Tango, Victor, Yankee, X-ray, Oscar and Whiskey, sending you 3
2024-10-14 22:41:14.730168 Tango: Yankee, X-ray and Oscar, sending you 3
2024-10-14 22:41:14.730505 Kilo: Same as last round
2024-10-14 22:41:14.730763 Yankee: Victor, Zulu, Oscar, Papa and Whiskey, sending you 2
2024-10-14 22:41:14.731928 Oscar: Kilo we want you to join our group
2024-10-14 22:41:14.736288 Kilo: No
ChatterBot Papa reevaluating
2024-10-14 22:41:14.878753 Victor: Yankee and Papa, sending you 2
chatterbot Tango submitting transactions
chatterbot Victor submitting transactions
chatterbot Kilo submitting transactions
2024-10-14 22:41:14.882664 Tango: Zulu, sending you 2
2024-10-14 22:41:14.884340 Yankee: X-ray, sending you 3
chatterbot Whiskey submitting transactions
2024-10-14 22:41:14.887513 Whiskey: Tango, Zulu, X-ray, Oscar and Papa, sending you 3
2024-10-14 22:41:14.889074 Papa: Kilo we want you to join our group
2024-10-14 22:41:14.893480 Kilo: No
ChatterBot Papa reevaluating
2024-10-14 22:41:14.934249 Tango: Papa, sending you 4
2024-10-14 22:41:14.935703 Whiskey: Yankee, sending you 1
2024-10-14 22:41:15.257005 Tango: Whiskey, sending you 1
2024-10-14 22:41:15.257455 X-ray: Juliett, sending you 4
2024-10-14 22:41:15.258339 Oscar: Tango, Victor, Zulu and Papa, sending you 1
chatterbot Papa submitting transactions
2024-10-14 22:41:15.494891 X-ray: Tango and Whiskey, sending you 3
2024-10-14 22:41:15.495547 Oscar: Yankee and Whiskey, sending you 3
2024-10-14 22:41:15.930562 X-ray: Victor, Yankee and Oscar, sending you 1
2024-10-14 22:41:15.932088 Oscar: Kilo, sending you 4
chatterbot Oscar submitting transactions
chatterbot Papa submitting transactions
chatterbot X-ray submitting transactions
2024-10-14 22:41:15.955676 X-ray: Zulu, Kilo and Papa, sending you 2
2024-10-14 22:41:15.957189 Oscar: X-ray, sending you 2
ChatterBot Juliett round 3
ChatterBot Tango round 3
ChatterBot Victor round 3
ChatterBot Yankee round 3
ChatterBot Zulu round 3
ChatterBot Kilo round 3
ChatterBot X-ray round 3
ChatterBot Oscar round 3
ChatterBot Papa round 3
2024-10-14 22:41:15.975208 Juliett: We should add X-ray
2024-10-14 22:41:15.980510 Kilo: Yes
ChatterBot Whiskey round 3
2024-10-14 22:41:16.027856 Juliett: X-ray we want you to join our group
2024-10-14 22:41:16.031709 X-ray: No
2024-10-14 22:41:16.042869 Oscar: We should drop Kilo
2024-10-14 22:41:16.065111 Yankee: Yes
2024-10-14 22:41:16.065314 Zulu: Yes
2024-10-14 22:41:16.065453 Victor: Yes
2024-10-14 22:41:16.065576 Papa: Yes
2024-10-14 22:41:16.065701 Whiskey: Yes
2024-10-14 22:41:16.065820 Tango: Yes
2024-10-14 22:41:16.065931 X-ray: Yes
2024-10-14 22:41:16.219869 X-ray: We should drop Juliett and Kilo
2024-10-14 22:41:16.243531 Yankee: Yes
2024-10-14 22:41:16.243737 Zulu: Yes
2024-10-14 22:41:16.243932 Oscar: Yes
2024-10-14 22:41:16.244648 Victor: Yes
2024-10-14 22:41:16.244798 Papa: Yes
2024-10-14 22:41:16.244910 Whiskey: Yes
2024-10-14 22:41:16.245069 Tango: Yes
2024-10-14 22:41:16.462151 Tango: Yankee and X-ray, sending you 3
2024-10-14 22:41:16.462548 Victor: Tango, Zulu, X-ray, Oscar and Whiskey, sending you 1
2024-10-14 22:41:16.463418 Zulu: Tango, Victor, Yankee, X-ray and Oscar, sending you 2
2024-10-14 22:41:16.463983 Kilo: Sending you 5
chatterbot Papa submitting transactions
2024-10-14 22:41:16.645162 Tango: Zulu, Oscar and Whiskey, sending you 2
2024-10-14 22:41:16.646579 Victor: Yankee and Papa, sending you 2
2024-10-14 22:41:16.648085 Oscar: Tango, Victor, Zulu, X-ray and Papa, sending you 2
2024-10-14 22:41:16.649939 Whiskey: Tango, sending you 1
2024-10-14 22:41:16.650811 Papa: Tango, Victor, Zulu, X-ray, Oscar and Whiskey, sending you 3
2024-10-14 22:41:16.652231 X-ray: Tango, sending you 4
2024-10-14 22:41:16.653590 Yankee: Tango, Oscar and Papa, sending you 3
2024-10-14 22:41:16.655200 Zulu: Whiskey, sending you 3
2024-10-14 22:41:16.656450 Juliett: Kilo, sending you 8
chatterbot Tango submitting transactions
chatterbot X-ray submitting transactions
chatterbot Juliett submitting transactions
2024-10-14 22:41:16.658024 Tango: Papa, sending you 4
2024-10-14 22:41:16.658701 Oscar: Yankee and Whiskey, sending you 3
2024-10-14 22:41:16.660326 Whiskey: Yankee, Zulu, X-ray, Oscar and Papa, sending you 3
2024-10-14 22:41:16.661533 X-ray: Victor, Zulu and Oscar, sending you 2
2024-10-14 22:41:16.662655 Yankee: Victor, Zulu, X-ray and Whiskey, sending you 2
2024-10-14 22:41:16.664362 Juliett: X-ray, sending you 7
2024-10-14 22:41:16.691546 X-ray: Yankee, Papa and Whiskey, sending you 3
chatterbot Oscar submitting transactions
chatterbot Yankee submitting transactions
chatterbot Victor submitting transactions
chatterbot Kilo submitting transactions
chatterbot Whiskey submitting transactions
chatterbot Zulu submitting transactions
ChatterBot Juliett round 4
ChatterBot Tango round 4
ChatterBot Victor round 4
ChatterBot Yankee round 4
ChatterBot Zulu round 4
ChatterBot Kilo round 4
ChatterBot X-ray round 4
ChatterBot Oscar round 4
ChatterBot Papa round 4
ChatterBot Whiskey round 4
2024-10-14 22:41:17.526182 Yankee: Tango, sending you 4
2024-10-14 22:41:17.527848 Tango: Yankee and X-ray, sending you 3
2024-10-14 22:41:17.528548 Victor: Tango, Zulu, X-ray, Oscar and Whiskey, sending you 1
2024-10-14 22:41:17.536001 Tango: Zulu, Oscar and Whiskey, sending you 2
2024-10-14 22:41:17.537423 Yankee: Victor, Zulu, X-ray, Papa and Whiskey, sending you 2
2024-10-14 22:41:17.538522 Victor: Yankee and Papa, sending you 2
2024-10-14 22:41:17.540370 Kilo: Sending you 4
2024-10-14 22:41:17.541288 X-ray: Tango, sending you 4
2024-10-14 22:41:17.542348 Juliett: Sending you 15
2024-10-14 22:41:17.542637 Zulu: Tango, Yankee, X-ray, Oscar and Papa, sending you 2
2024-10-14 22:41:17.544076 Oscar: Tango, Zulu and X-ray, sending you 2
2024-10-14 22:41:17.544837 Tango: Papa, sending you 4
2024-10-14 22:41:17.546190 Yankee: Oscar, sending you 3
2024-10-14 22:41:17.547333 X-ray: Victor, Zulu and Oscar, sending you 2
2024-10-14 22:41:17.549464 Papa: Tango, Victor, Yankee, X-ray, Oscar and Whiskey, sending you 3
2024-10-14 22:41:17.551400 Zulu: Whiskey, sending you 3
2024-10-14 22:41:17.553060 Whiskey: Tango, sending you 1
2024-10-14 22:41:17.554714 Oscar: Victor, sending you 1
2024-10-14 22:41:17.556893 X-ray: Yankee, Papa and Whiskey, sending you 3
2024-10-14 22:41:17.558768 Whiskey: Yankee, Zulu, X-ray, Oscar and Papa, sending you 3
2024-10-14 22:41:17.562281 Oscar: Yankee, Papa and Whiskey, sending you 3
chatterbot Victor submitting transactions
chatterbot X-ray submitting transactions
chatterbot Zulu submitting transactions
chatterbot Oscar submitting transactions
chatterbot Papa submitting transactions
chatterbot Yankee submitting transactions
chatterbot Kilo submitting transactions
chatterbot Tango submitting transactions
chatterbot Juliett submitting transactions
chatterbot Whiskey submitting transactions
ChatterBot Juliett round 5
ChatterBot Tango round 5
ChatterBot Victor round 5
ChatterBot Yankee round 5
ChatterBot Zulu round 5
ChatterBot Kilo round 5
ChatterBot X-ray round 5
ChatterBot Oscar round 5
ChatterBot Papa round 5
ChatterBot Whiskey round 5
2024-10-14 22:41:18.695114 Zulu: Tango, Victor, Yankee, X-ray and Oscar, sending you 2
2024-10-14 22:41:18.700003 Juliett: Same as last round
2024-10-14 22:41:18.704378 X-ray: Tango, sending you 4
2024-10-14 22:41:18.708539 Zulu: Whiskey, sending you 3
2024-10-14 22:41:18.711168 Victor: Tango, Zulu, X-ray, Oscar and Whiskey, sending you 1
2024-10-14 22:41:18.714888 Yankee: Tango, X-ray and Oscar, sending you 3
2024-10-14 22:41:18.718036 Oscar: Tango, Zulu and X-ray, sending you 2
2024-10-14 22:41:18.721743 Papa: Tango, Victor, Yankee, X-ray, Oscar and Whiskey, sending you 3
2024-10-14 22:41:18.724919 Kilo: Same as last round
2024-10-14 22:41:18.726688 X-ray: Victor, Zulu and Oscar, sending you 2
2024-10-14 22:41:18.729933 Victor: Yankee and Papa, sending you 2
2024-10-14 22:41:18.732344 Yankee: Victor, Zulu, Papa and Whiskey, sending you 2
2024-10-14 22:41:18.733275 Oscar: Victor, sending you 1
2024-10-14 22:41:18.734630 Tango: Yankee and Papa, sending you 3
2024-10-14 22:41:18.735757 Whiskey: Tango, sending you 1
2024-10-14 22:41:18.736629 X-ray: Yankee, Papa and Whiskey, sending you 3
2024-10-14 22:41:18.738542 Oscar: Yankee, Papa and Whiskey, sending you 3
2024-10-14 22:41:18.740268 Tango: Zulu, Oscar and Whiskey, sending you 2
2024-10-14 22:41:18.741535 Whiskey: Yankee, Zulu, X-ray, Oscar and Papa, sending you 3
2024-10-14 22:41:18.743677 Tango: X-ray, sending you 4
chatterbot Zulu submitting transactions
chatterbot Oscar submitting transactions
chatterbot Papa submitting transactions
chatterbot Tango submitting transactions
chatterbot Whiskey submitting transactions
chatterbot Juliett submitting transactions
chatterbot Kilo submitting transactions
chatterbot X-ray submitting transactions
chatterbot Yankee submitting transactions
chatterbot Victor submitting transactions
ChatterBot Juliett round 6
ChatterBot Tango round 6
ChatterBot Victor round 6
ChatterBot Yankee round 6
ChatterBot Zulu round 6
ChatterBot Kilo round 6
ChatterBot X-ray round 6
ChatterBot Oscar round 6
ChatterBot Papa round 6
2024-10-14 22:41:19.691917 Juliett: We should add Victor
2024-10-14 22:41:19.696582 Kilo: No
ChatterBot Juliett reevaluating
ChatterBot Whiskey round 6
2024-10-14 22:41:19.748682 Yankee: Tango, Oscar and Whiskey, sending you 3
2024-10-14 22:41:19.754673 Yankee: Victor, Zulu, X-ray and Papa, sending you 2
2024-10-14 22:41:19.756771 Victor: Tango, Zulu and Oscar, sending you 1
2024-10-14 22:41:19.758165 Kilo: Sending you 3
2024-10-14 22:41:19.759126 Oscar: Tango, Zulu and X-ray, sending you 2
2024-10-14 22:41:19.761106 Whiskey: Tango, sending you 1
2024-10-14 22:41:19.761846 Zulu: Tango, Yankee, X-ray and Oscar, sending you 2
2024-10-14 22:41:19.763703 Victor: Yankee, X-ray and Papa, sending you 2
2024-10-14 22:41:19.765405 Juliett: Same as last round
2024-10-14 22:41:19.765921 Oscar: Victor, sending you 1
2024-10-14 22:41:19.767376 Tango: Yankee and Papa, sending you 3
2024-10-14 22:41:19.768095 X-ray: Tango, sending you 4
2024-10-14 22:41:19.769552 Whiskey: Yankee, Zulu, X-ray, Oscar and Papa, sending you 3
2024-10-14 22:41:19.770939 Zulu: Victor and Papa, sending you 1
2024-10-14 22:41:19.774252 Oscar: Yankee, Papa and Whiskey, sending you 3
2024-10-14 22:41:19.776698 Papa: Tango, Victor, Yankee, X-ray, Oscar and Whiskey, sending you 3
2024-10-14 22:41:19.778854 Tango: Zulu, Oscar and Whiskey, sending you 2
2024-10-14 22:41:19.780114 X-ray: Victor, Zulu and Oscar, sending you 2
2024-10-14 22:41:19.782411 Zulu: Whiskey, sending you 3
2024-10-14 22:41:19.784701 Tango: X-ray, sending you 4
2024-10-14 22:41:19.786723 X-ray: Yankee, Papa and Whiskey, sending you 3
chatterbot Zulu submitting transactions
chatterbot Tango submitting transactions
chatterbot Victor submitting transactions
chatterbot Papa submitting transactions
chatterbot Juliett submitting transactions
chatterbot Yankee submitting transactions
chatterbot X-ray submitting transactions
chatterbot Kilo submitting transactions
chatterbot Oscar submitting transactions
chatterbot Whiskey submitting transactions
ChatterBot Juliett round 7
ChatterBot Tango round 7
ChatterBot Victor round 7
ChatterBot Yankee round 7
ChatterBot Zulu round 7
ChatterBot Kilo round 7
ChatterBot X-ray round 7
ChatterBot Oscar round 7
ChatterBot Papa round 7
ChatterBot Whiskey round 7
2024-10-14 22:41:21.078682 Tango: Yankee and Papa, sending you 3
2024-10-14 22:41:21.080251 Juliett: Same as last round
2024-10-14 22:41:21.080554 Zulu: Tango, Yankee, X-ray and Oscar, sending you 2
2024-10-14 22:41:21.084672 Tango: Zulu, Oscar and Whiskey, sending you 2
2024-10-14 22:41:21.085514 Zulu: Victor and Papa, sending you 1
2024-10-14 22:41:21.087316 X-ray: Tango, sending you 4
2024-10-14 22:41:21.089239 Yankee: Tango, X-ray, Oscar and Whiskey, sending you 3
2024-10-14 22:41:21.090546 Tango: X-ray, sending you 4
2024-10-14 22:41:21.091868 Zulu: Whiskey, sending you 3
2024-10-14 22:41:21.093089 X-ray: Victor, Zulu and Oscar, sending you 2
2024-10-14 22:41:21.094806 Kilo: Same as last round
2024-10-14 22:41:21.095221 Yankee: Victor and Papa, sending you 2
2024-10-14 22:41:21.096980 Victor: Tango, Zulu and Oscar, sending you 1
2024-10-14 22:41:21.098732 Papa: Tango, Victor, Yankee, X-ray, Oscar and Whiskey, sending you 3
2024-10-14 22:41:21.100393 Oscar: Tango, Zulu and X-ray, sending you 2
2024-10-14 22:41:21.101925 X-ray: Yankee, Papa and Whiskey, sending you 3
2024-10-14 22:41:21.102970 Whiskey: Tango, sending you 1
2024-10-14 22:41:21.104169 Yankee: Zulu, sending you 1
2024-10-14 22:41:21.105768 Victor: Yankee, X-ray and Papa, sending you 2
2024-10-14 22:41:21.106892 Oscar: Victor, sending you 1
2024-10-14 22:41:21.108405 Whiskey: Yankee, Zulu, X-ray, Oscar and Papa, sending you 3
2024-10-14 22:41:21.112699 Oscar: Yankee, Papa and Whiskey, sending you 3
chatterbot X-ray submitting transactions
chatterbot Oscar submitting transactions
chatterbot Papa submitting transactions
chatterbot Yankee submitting transactions
chatterbot Tango submitting transactions
chatterbot Victor submitting transactions
chatterbot Kilo submitting transactions
chatterbot Zulu submitting transactions
chatterbot Whiskey submitting transactions
chatterbot Juliett submitting transactions
ChatterBot Juliett round 8
ChatterBot Tango round 8
ChatterBot Victor round 8
ChatterBot Yankee round 8
ChatterBot Zulu round 8
ChatterBot Kilo round 8
ChatterBot X-ray round 8
ChatterBot Oscar round 8
ChatterBot Papa round 8
ChatterBot Whiskey round 8
2024-10-14 22:41:22.097698 Tango: Yankee and Papa, sending you 3
2024-10-14 22:41:22.100160 Juliett: Same as last round
2024-10-14 22:41:22.101678 Kilo: Sending you 2
2024-10-14 22:41:22.103028 Victor: Tango, Zulu and Oscar, sending you 1
2024-10-14 22:41:22.104897 Zulu: Tango, Yankee, X-ray and Oscar, sending you 2
2024-10-14 22:41:22.107185 Tango: Zulu, Oscar and Whiskey, sending you 2
2024-10-14 22:41:22.108726 Yankee: Tango, X-ray, Oscar and Whiskey, sending you 3
2024-10-14 22:41:22.110319 Oscar: Tango, Zulu and X-ray, sending you 2
2024-10-14 22:41:22.112432 Victor: Yankee, X-ray and Papa, sending you 2
2024-10-14 22:41:22.114033 Zulu: Victor and Papa, sending you 1
2024-10-14 22:41:22.115069 Yankee: Victor and Papa, sending you 2
2024-10-14 22:41:22.116050 Tango: X-ray, sending you 4
2024-10-14 22:41:22.117173 Whiskey: Tango, sending you 1
2024-10-14 22:41:22.117797 Oscar: Victor, sending you 1
2024-10-14 22:41:22.119677 X-ray: Tango, sending you 4
2024-10-14 22:41:22.121102 Zulu: Whiskey, sending you 3
2024-10-14 22:41:22.122858 Yankee: Zulu, sending you 1
2024-10-14 22:41:22.124502 Whiskey: Yankee, Zulu, X-ray, Oscar and Papa, sending you 3
2024-10-14 22:41:22.125158 Papa: Tango, Victor, Yankee, X-ray, Oscar and Whiskey, sending you 3
2024-10-14 22:41:22.126197 Oscar: Yankee, Papa and Whiskey, sending you 3
2024-10-14 22:41:22.127960 X-ray: Victor, Zulu and Oscar, sending you 2
2024-10-14 22:41:22.132737 X-ray: Yankee, Papa and Whiskey, sending you 3
chatterbot Kilo submitting transactions
chatterbot Yankee submitting transactions
chatterbot Papa submitting transactions
chatterbot Zulu submitting transactions
chatterbot Juliett submitting transactions
chatterbot Tango submitting transactions
chatterbot Victor submitting transactions
chatterbot Oscar submitting transactions
chatterbot Whiskey submitting transactions
chatterbot X-ray submitting transactions
ChatterBot Juliett round 9
ChatterBot Tango round 9
ChatterBot Victor round 9
ChatterBot Yankee round 9
ChatterBot Zulu round 9
ChatterBot Kilo round 9
ChatterBot X-ray round 9
ChatterBot Oscar round 9
ChatterBot Papa round 9
ChatterBot Whiskey round 9
2024-10-14 22:41:23.229674 Tango: Yankee and Papa, sending you 3
2024-10-14 22:41:23.234969 Tango: Zulu, Oscar and Whiskey, sending you 2
2024-10-14 22:41:23.235674 Zulu: Tango, Yankee, X-ray and Oscar, sending you 2
2024-10-14 22:41:23.237675 Yankee: Tango, X-ray, Oscar and Whiskey, sending you 3
2024-10-14 22:41:23.239531 Tango: X-ray, sending you 4
2024-10-14 22:41:23.241681 Zulu: Victor and Papa, sending you 1
2024-10-14 22:41:23.243540 Juliett: Same as last round
2024-10-14 22:41:23.243848 Yankee: Victor and Papa, sending you 2
2024-10-14 22:41:23.245389 Kilo: Same as last round
2024-10-14 22:41:23.245672 X-ray: Tango, sending you 4
2024-10-14 22:41:23.246865 Victor: Tango, Zulu and Oscar, sending you 1
2024-10-14 22:41:23.248340 Oscar: Tango, Zulu and X-ray, sending you 2
2024-10-14 22:41:23.249494 Zulu: Whiskey, sending you 3
2024-10-14 22:41:23.251104 Yankee: Zulu, sending you 1
2024-10-14 22:41:23.252084 X-ray: Victor, Zulu and Oscar, sending you 2
2024-10-14 22:41:23.253067 Victor: Yankee, X-ray and Papa, sending you 2
2024-10-14 22:41:23.254513 Oscar: Victor, sending you 1
2024-10-14 22:41:23.255326 Papa: Tango, Victor, Yankee, X-ray, Oscar and Whiskey, sending you 3
2024-10-14 22:41:23.256693 X-ray: Yankee, Papa and Whiskey, sending you 3
2024-10-14 22:41:23.257757 Whiskey: Tango, sending you 1
2024-10-14 22:41:23.259037 Oscar: Yankee, Papa and Whiskey, sending you 3
2024-10-14 22:41:23.262683 Whiskey: Yankee, Zulu, X-ray, Oscar and Papa, sending you 3
chatterbot Zulu submitting transactions
chatterbot Tango submitting transactions
chatterbot Yankee submitting transactions
chatterbot Juliett submitting transactions
chatterbot X-ray submitting transactions
chatterbot Oscar submitting transactions
chatterbot Papa submitting transactions
chatterbot Whiskey submitting transactions
chatterbot Kilo submitting transactions
chatterbot Victor submitting transactions
ChatterBot Juliett round 10
ChatterBot Tango round 10
ChatterBot Victor round 10
ChatterBot Yankee round 10
ChatterBot Zulu round 10
ChatterBot Kilo round 10
ChatterBot X-ray round 10
ChatterBot Oscar round 10
ChatterBot Papa round 10
ChatterBot Whiskey round 10
2024-10-14 22:41:24.396699 Victor: Tango, Zulu and Oscar, sending you 1
2024-10-14 22:41:24.402643 Juliett: Same as last round
2024-10-14 22:41:24.403435 Tango: Yankee and Papa, sending you 3
2024-10-14 22:41:24.406596 Victor: Yankee, X-ray and Papa, sending you 2
2024-10-14 22:41:24.411228 Yankee: Tango, X-ray, Oscar and Whiskey, sending you 3
2024-10-14 22:41:24.414796 Tango: Zulu, Oscar and Whiskey, sending you 2
2024-10-14 22:41:24.417490 Kilo: Same as last round
2024-10-14 22:41:24.419747 Zulu: Tango, Yankee, X-ray and Oscar, sending you 2
2024-10-14 22:41:24.424863 Yankee: Victor and Papa, sending you 2
2024-10-14 22:41:24.428463 Whiskey: Tango, sending you 1
2024-10-14 22:41:24.430722 Tango: X-ray, sending you 4
2024-10-14 22:41:24.432844 Papa: Tango, Victor, Yankee, X-ray, Oscar and Whiskey, sending you 3
2024-10-14 22:41:24.435830 Oscar: Tango, Zulu and X-ray, sending you 2
2024-10-14 22:41:24.438173 X-ray: Tango, sending you 4
2024-10-14 22:41:24.441079 Zulu: Victor and Papa, sending you 1
2024-10-14 22:41:24.445251 Yankee: Zulu, sending you 1
2024-10-14 22:41:24.447715 Whiskey: Yankee, Zulu, X-ray, Oscar and Papa, sending you 3
2024-10-14 22:41:24.449889 Oscar: Victor, sending you 1
2024-10-14 22:41:24.451867 X-ray: Victor, Zulu and Oscar, sending you 2
2024-10-14 22:41:24.454701 Zulu: Whiskey, sending you 3
2024-10-14 22:41:24.457732 Oscar: Yankee, Papa and Whiskey, sending you 3
2024-10-14 22:41:24.461117 X-ray: Yankee, Papa and Whiskey, sending you 3
chatterbot Juliett submitting transactions
chatterbot Whiskey submitting transactions
chatterbot Tango submitting transactions
chatterbot Oscar submitting transactions
chatterbot Yankee submitting transactions
chatterbot Kilo submitting transactions
chatterbot Papa submitting transactions
chatterbot Victor submitting transactions
chatterbot Zulu submitting transactions
chatterbot X-ray submitting transactions
ChatterBot Juliett round 11
ChatterBot Tango round 11
ChatterBot Victor round 11
ChatterBot Yankee round 11
ChatterBot Zulu round 11
ChatterBot Kilo round 11
ChatterBot X-ray round 11
ChatterBot Oscar round 11
ChatterBot Papa round 11
ChatterBot Whiskey round 11
2024-10-14 22:41:25.382670 Victor: Tango, Zulu and Oscar, sending you 1
2024-10-14 22:41:25.384491 Juliett: Same as last round
2024-10-14 22:41:25.388685 Victor: Yankee, X-ray and Papa, sending you 2
2024-10-14 22:41:25.391098 Zulu: Tango, Yankee, X-ray and Oscar, sending you 2
2024-10-14 22:41:25.392814 Kilo: Same as last round
2024-10-14 22:41:25.395683 Zulu: Victor and Papa, sending you 1
2024-10-14 22:41:25.398158 Tango: Yankee and Papa, sending you 3
2024-10-14 22:41:25.399580 Oscar: Tango, Zulu and X-ray, sending you 2
2024-10-14 22:41:25.401394 Yankee: Tango, X-ray, Oscar, Papa and Whiskey, sending you 3
2024-10-14 22:41:25.403936 X-ray: Tango, sending you 4
2024-10-14 22:41:25.406141 Tango: Zulu, Oscar and Whiskey, sending you 2
2024-10-14 22:41:25.407427 Zulu: Whiskey, sending you 3
2024-10-14 22:41:25.409296 Papa: Tango, Victor, Yankee, X-ray, Oscar and Whiskey, sending you 3
2024-10-14 22:41:25.411792 Oscar: Victor, sending you 1
2024-10-14 22:41:25.414569 Yankee: Victor, sending you 2
2024-10-14 22:41:25.416873 Whiskey: Tango, sending you 1
2024-10-14 22:41:25.418952 X-ray: Victor, Zulu and Oscar, sending you 2
2024-10-14 22:41:25.420472 Tango: X-ray, sending you 4
2024-10-14 22:41:25.422014 Oscar: Yankee, Papa and Whiskey, sending you 3
2024-10-14 22:41:25.423062 Whiskey: Yankee, Zulu, X-ray, Oscar and Papa, sending you 3
2024-10-14 22:41:25.424684 X-ray: Yankee, Papa and Whiskey, sending you 3
chatterbot Victor submitting transactions
chatterbot Oscar submitting transactions
chatterbot Whiskey submitting transactions
chatterbot Kilo submitting transactions
chatterbot Yankee submitting transactions
chatterbot X-ray submitting transactions
chatterbot Tango submitting transactions
chatterbot Juliett submitting transactions
chatterbot Zulu submitting transactions
chatterbot Papa submitting transactions
ChatterBot Juliett round 12
ChatterBot Tango round 12
ChatterBot Victor round 12
ChatterBot Yankee round 12
ChatterBot Zulu round 12
ChatterBot Kilo round 12
ChatterBot X-ray round 12
ChatterBot Oscar round 12
ChatterBot Papa round 12
ChatterBot Whiskey round 12
2024-10-14 22:41:26.595851 Zulu: We should drop Victor
2024-10-14 22:41:26.612882 Tango: Yes
2024-10-14 22:41:26.613084 Yankee: No
2024-10-14 22:41:26.613227 X-ray: No
2024-10-14 22:41:26.613351 Papa: No
2024-10-14 22:41:26.613475 Oscar: No
2024-10-14 22:41:26.613595 Whiskey: Yes
ChatterBot Zulu reevaluating
ChatterBot Zulu reevaluating
ChatterBot Zulu reevaluating
ChatterBot Zulu reevaluating
ChatterBot Zulu reevaluating
ChatterBot Zulu reevaluating
2024-10-14 22:41:26.706675 Victor: Tango, Zulu and Oscar, sending you 1
2024-10-14 22:41:26.708296 Juliett: Same as last round
2024-10-14 22:41:26.709394 Tango: Yankee and Papa, sending you 3
2024-10-14 22:41:26.712664 Victor: Yankee, X-ray and Papa, sending you 2
2024-10-14 22:41:26.714563 Tango: Zulu, Oscar and Whiskey, sending you 2
2024-10-14 22:41:26.717684 Whiskey: Tango, sending you 1
2024-10-14 22:41:26.718849 Tango: X-ray, sending you 4
2024-10-14 22:41:26.719775 Kilo: Same as last round
2024-10-14 22:41:26.720203 Papa: Tango, Victor, Yankee, X-ray, Oscar and Whiskey, sending you 3
2024-10-14 22:41:26.722569 Yankee: Tango, X-ray, Oscar, Papa and Whiskey, sending you 3
2024-10-14 22:41:26.724754 Whiskey: Yankee, Zulu, X-ray, Oscar and Papa, sending you 3
2024-10-14 22:41:26.725702 Oscar: Tango, Zulu and X-ray, sending you 2
2024-10-14 22:41:26.727646 X-ray: Tango, sending you 4
2024-10-14 22:41:26.729557 Yankee: Victor, sending you 2
2024-10-14 22:41:26.731565 Oscar: Victor, sending you 1
2024-10-14 22:41:26.733331 Zulu: Tango, X-ray and Oscar, sending you 2
2024-10-14 22:41:26.735334 X-ray: Victor, Zulu and Oscar, sending you 2
2024-10-14 22:41:26.738130 Oscar: Yankee, Papa and Whiskey, sending you 3
2024-10-14 22:41:26.740042 Zulu: Victor, Yankee and Papa, sending you 1
2024-10-14 22:41:26.742995 X-ray: Yankee, Papa and Whiskey, sending you 3
2024-10-14 22:41:26.747650 Zulu: Whiskey, sending you 4
chatterbot Whiskey submitting transactions
chatterbot Juliett submitting transactions
chatterbot X-ray submitting transactions
chatterbot Papa submitting transactions
chatterbot Yankee submitting transactions
chatterbot Victor submitting transactions
chatterbot Kilo submitting transactions
chatterbot Oscar submitting transactions
chatterbot Zulu submitting transactions
chatterbot Tango submitting transactions
ChatterBot Juliett round 13
ChatterBot Tango round 13
ChatterBot Victor round 13
ChatterBot Yankee round 13
ChatterBot Zulu round 13
ChatterBot Kilo round 13
ChatterBot X-ray round 13
ChatterBot Oscar round 13
ChatterBot Papa round 13
ChatterBot Whiskey round 13
2024-10-14 22:41:27.773688 Juliett: Same as last round
2024-10-14 22:41:27.776693 Tango: Yankee and Papa, sending you 3
2024-10-14 22:41:27.778294 X-ray: Tango, sending you 4
2024-10-14 22:41:27.780086 Papa: Tango, Victor, Yankee, X-ray, Oscar and Whiskey, sending you 3
2024-10-14 22:41:27.782004 Victor: Tango, Zulu and Oscar, sending you 1
2024-10-14 22:41:27.784288 Kilo: Sending you 1
2024-10-14 22:41:27.784577 Tango: Zulu, Oscar and Whiskey, sending you 2
2024-10-14 22:41:27.785152 X-ray: Victor, Zulu and Oscar, sending you 2
2024-10-14 22:41:27.786999 Yankee: Tango, X-ray, Oscar, Papa and Whiskey, sending you 3
2024-10-14 22:41:27.788132 Victor: Yankee, X-ray and Papa, sending you 2
2024-10-14 22:41:27.789248 Whiskey: Tango, sending you 1
2024-10-14 22:41:27.790965 Zulu: Tango, X-ray and Oscar, sending you 2
2024-10-14 22:41:27.792139 X-ray: Yankee, Papa and Whiskey, sending you 3
2024-10-14 22:41:27.794317 Tango: X-ray, sending you 4
2024-10-14 22:41:27.795456 Yankee: Victor, sending you 2
2024-10-14 22:41:27.798003 Whiskey: Yankee, Zulu, X-ray, Oscar and Papa, sending you 3
2024-10-14 22:41:27.799056 Oscar: Tango, Zulu and X-ray, sending you 2
2024-10-14 22:41:27.801363 Zulu: Victor, Yankee and Papa, sending you 1
2024-10-14 22:41:27.805666 Oscar: Victor, sending you 1
2024-10-14 22:41:27.807727 Zulu: Whiskey, sending you 4
2024-10-14 22:41:27.812663 Oscar: Yankee, Papa and Whiskey, sending you 3
chatterbot Kilo submitting transactions
chatterbot Whiskey submitting transactions
chatterbot Zulu submitting transactions
chatterbot X-ray submitting transactions
chatterbot Oscar submitting transactions
chatterbot Papa submitting transactions
chatterbot Tango submitting transactions
chatterbot Juliett submitting transactions
chatterbot Victor submitting transactions
chatterbot Yankee submitting transactions
ChatterBot Juliett round 14
ChatterBot Tango round 14
ChatterBot Victor round 14
ChatterBot Yankee round 14
ChatterBot Zulu round 14
ChatterBot Kilo round 14
ChatterBot X-ray round 14
ChatterBot Oscar round 14
ChatterBot Papa round 14
ChatterBot Whiskey round 14
2024-10-14 22:41:28.973671 Whiskey: Tango, sending you 1
2024-10-14 22:41:28.979658 Whiskey: Yankee, Zulu, X-ray, Oscar and Papa, sending you 3
2024-10-14 22:41:28.981365 Tango: Yankee and Papa, sending you 3
2024-10-14 22:41:28.982745 Papa: Tango, Victor, Yankee, X-ray, Oscar and Whiskey, sending you 3
2024-10-14 22:41:28.984611 X-ray: Tango, sending you 4
2024-10-14 22:41:28.985756 Juliett: Same as last round
2024-10-14 22:41:28.986070 Tango: Zulu, Oscar and Whiskey, sending you 2
2024-10-14 22:41:28.986772 Yankee: Tango, X-ray, Oscar, Papa and Whiskey, sending you 3
2024-10-14 22:41:28.989315 Kilo: Same as last round
2024-10-14 22:41:28.989639 Victor: Tango, Zulu and Oscar, sending you 1
2024-10-14 22:41:28.990979 Oscar: Tango, Zulu and X-ray, sending you 2
2024-10-14 22:41:28.992898 Tango: X-ray, sending you 4
2024-10-14 22:41:28.993577 X-ray: Victor, Zulu and Oscar, sending you 2
2024-10-14 22:41:28.994754 Zulu: Tango, X-ray and Oscar, sending you 2
2024-10-14 22:41:28.996591 Yankee: Victor, sending you 2
2024-10-14 22:41:28.997730 Victor: Yankee, X-ray and Papa, sending you 2
2024-10-14 22:41:28.999687 Oscar: Victor, sending you 1
2024-10-14 22:41:29.001288 X-ray: Yankee, Papa and Whiskey, sending you 3
2024-10-14 22:41:29.003060 Zulu: Victor, Yankee and Papa, sending you 1
2024-10-14 22:41:29.004755 Oscar: Yankee, Papa and Whiskey, sending you 3
2024-10-14 22:41:29.008665 Zulu: Whiskey, sending you 4
chatterbot Papa submitting transactions
chatterbot Kilo submitting transactions
chatterbot Whiskey submitting transactions
chatterbot Oscar submitting transactions
chatterbot Yankee submitting transactions
chatterbot Juliett submitting transactions
chatterbot X-ray submitting transactions
chatterbot Zulu submitting transactions
chatterbot Victor submitting transactions
chatterbot Tango submitting transactions
ChatterBot Juliett round 15
ChatterBot Tango round 15
ChatterBot Victor round 15
ChatterBot Yankee round 15
ChatterBot Zulu round 15
ChatterBot Kilo round 15
ChatterBot X-ray round 15
ChatterBot Oscar round 15
ChatterBot Papa round 15
ChatterBot Whiskey round 15
2024-10-14 22:41:30.126480 Zulu: We should drop Victor
2024-10-14 22:41:30.146351 Tango: Yes
2024-10-14 22:41:30.147353 Yankee: No
2024-10-14 22:41:30.147490 X-ray: No
