ChatterBot Foxtrot round 1
ChatterBot Uniform round 1
ChatterBot Delta round 1
ChatterBot Whiskey round 1
ChatterBot Quebec round 1
ChatterBot Papa round 1
ChatterBot November round 1
randomSelections Foxtrot: {Foxtrot, Yankee, Quebec, Uniform, Papa, Whiskey, November} 
2024-10-14 22:41:11.103219 Foxtrot: Group up?
ChatterBot Quebec reevaluating
ChatterBot Uniform reevaluating
ChatterBot Papa reevaluating
ChatterBot Whiskey reevaluating
ChatterBot November reevaluating
2024-10-14 22:41:11.137171 Quebec: Yes
2024-10-14 22:41:11.137365 Uniform: Yes
2024-10-14 22:41:11.137554 Papa: Yes
2024-10-14 22:41:11.137721 Whiskey: Yes
2024-10-14 22:41:11.137871 November: Yes
ChatterBot Uniform reevaluating
ChatterBot Papa reevaluating
ChatterBot Whiskey reevaluating
ChatterBot November reevaluating
ChatterBot Quebec reevaluating
ChatterBot Papa reevaluating
ChatterBot Whiskey reevaluating
ChatterBot November reevaluating
ChatterBot Quebec reevaluating
ChatterBot Uniform reevaluating
ChatterBot Whiskey reevaluating
ChatterBot November reevaluating
ChatterBot Quebec reevaluating
ChatterBot Uniform reevaluating
ChatterBot Papa reevaluating
ChatterBot November reevaluating
ChatterBot Quebec reevaluating
ChatterBot Uniform reevaluating
ChatterBot Papa reevaluating
ChatterBot Whiskey reevaluating
randomSelections Delta: {Delta, Whiskey} 
2024-10-14 22:41:11.264095 Delta: We would work well together
ChatterBot Whiskey reevaluating
2024-10-14 22:41:11.281242 Whiskey: No
ChatterBot Oscar round 1
ChatterBot Juliett round 1
ChatterBot Yankee round 1
ChatterBot Yankee reevaluating
ChatterBot Yankee reevaluating
ChatterBot Yankee reevaluating
ChatterBot Yankee reevaluating
ChatterBot Yankee reevaluating
ChatterBot Yankee reevaluating
2024-10-14 22:41:11.370338 Yankee: Yes
ChatterBot Quebec reevaluating
ChatterBot Uniform reevaluating
ChatterBot Papa reevaluating
ChatterBot Whiskey reevaluating
ChatterBot November reevaluating
randomSelections Oscar: {Oscar, Delta, Foxtrot, Yankee, Papa, Uniform} 
2024-10-14 22:41:11.391591 Oscar: We should group up
ChatterBot Yankee reevaluating
2024-10-14 22:41:11.403251 Delta: No
2024-10-14 22:41:11.403690 Foxtrot: No
2024-10-14 22:41:11.404025 Yankee: No
2024-10-14 22:41:11.404781 Papa: No
2024-10-14 22:41:11.405122 Uniform: No
ChatterBot Yankee reevaluating
ChatterBot Yankee reevaluating
ChatterBot Yankee reevaluating
ChatterBot Yankee reevaluating
randomSelections Juliett: {Juliett, Yankee, Whiskey, Oscar, Delta, Papa} 
2024-10-14 22:41:11.461330 Juliett: We would work well together
ChatterBot Yankee reevaluating
2024-10-14 22:41:11.470561 Yankee: No
2024-10-14 22:41:11.470873 Whiskey: No
2024-10-14 22:41:11.471111 Oscar: No
2024-10-14 22:41:11.471365 Delta: No
2024-10-14 22:41:11.471708 Papa: No
ChatterBot Yankee reevaluating
ChatterBot Yankee reevaluating
ChatterBot Yankee reevaluating
ChatterBot Yankee reevaluating
2024-10-14 22:41:11.516661 Delta: Sending you 15
2024-10-14 22:41:11.517685 Foxtrot: Uniform and Yankee, sending you 3
2024-10-14 22:41:11.524903 Foxtrot: Whiskey and November, sending you 1
2024-10-14 22:41:11.526276 Oscar: Foxtrot, Uniform and Yankee, sending you 4
2024-10-14 22:41:11.528057 Whiskey: Foxtrot, sending you 1
2024-10-14 22:41:11.528953 Quebec: Foxtrot, sending you 1
2024-10-14 22:41:11.531150 Foxtrot: Quebec, sending you 2
2024-10-14 22:41:11.533235 Oscar: Delta and Papa, sending you 2
2024-10-14 22:41:11.534206 Whiskey: Uniform, sending you 3
2024-10-14 22:41:11.537085 Uniform: Foxtrot and Yankee, sending you 1
2024-10-14 22:41:11.539150 Quebec: Whiskey and Papa, sending you 3
2024-10-14 22:41:11.541019 November: Foxtrot and Quebec, sending you 4
2024-10-14 22:41:11.542393 Juliett: Delta, Papa and Yankee, sending you 4
2024-10-14 22:41:11.544798 Whiskey: Quebec, sending you 2
2024-10-14 22:41:11.546857 Uniform: Whiskey and Quebec, sending you 2
2024-10-14 22:41:11.548204 Quebec: November and Yankee, sending you 2
2024-10-14 22:41:11.550347 November: Uniform, sending you 5
2024-10-14 22:41:11.551965 Yankee: Foxtrot, Whiskey and Papa, sending you 2
2024-10-14 22:41:11.552898 Juliett: Whiskey, sending you 3
2024-10-14 22:41:11.554689 Uniform: Papa, sending you 3
2024-10-14 22:41:11.555474 Whiskey: Papa, November and Yankee, sending you 4
2024-10-14 22:41:11.557568 November: Whiskey and Yankee, sending you 1
2024-10-14 22:41:11.559117 Yankee: Uniform, sending you 1
2024-10-14 22:41:11.562079 November: Papa, sending you 3
2024-10-14 22:41:11.575213 Yankee: Quebec and November, sending you 3
chatterbot Delta submitting transactions
chatterbot Whiskey submitting transactions
chatterbot Uniform submitting transactions
chatterbot Papa submitting transactions
chatterbot Quebec submitting transactions
chatterbot Oscar submitting transactions
chatterbot November submitting transactions
chatterbot Juliett submitting transactions
chatterbot Foxtrot submitting transactions
chatterbot Yankee submitting transactions
ChatterBot Foxtrot round 2
ChatterBot Uniform round 2
ChatterBot Delta round 2
ChatterBot Whiskey round 2
ChatterBot Quebec round 2
2024-10-14 22:41:12.459804 Foxtrot: We should replace Papa with Oscar
ChatterBot Uniform reevaluating
ChatterBot Whiskey reevaluating
ChatterBot Quebec reevaluating
ChatterBot November reevaluating
ChatterBot Yankee reevaluating
2024-10-14 22:41:12.495556 Uniform: Yes
2024-10-14 22:41:12.495744 Whiskey: No
2024-10-14 22:41:12.495899 Quebec: Yes
2024-10-14 22:41:12.496055 November: No
2024-10-14 22:41:12.496202 Yankee: No
ChatterBot Whiskey reevaluating
ChatterBot Quebec reevaluating
ChatterBot November reevaluating
ChatterBot Yankee reevaluating
ChatterBot Uniform reevaluating
ChatterBot Quebec reevaluating
ChatterBot November reevaluating
ChatterBot Yankee reevaluating
ChatterBot Uniform reevaluating
ChatterBot Whiskey reevaluating
ChatterBot November reevaluating
ChatterBot Yankee reevaluating
ChatterBot Uniform reevaluating
ChatterBot Whiskey reevaluating
ChatterBot Quebec reevaluating
ChatterBot Yankee reevaluating
ChatterBot Uniform reevaluating
ChatterBot Whiskey reevaluating
ChatterBot Quebec reevaluating
ChatterBot November reevaluating
ChatterBot Papa round 2
2024-10-14 22:41:12.652332 Delta: Let's form a team
ChatterBot Papa reevaluating
ChatterBot Juliett reevaluating
2024-10-14 22:41:12.671741 Papa: Yes
2024-10-14 22:41:12.671899 Juliett: No
ChatterBot Juliett reevaluating
ChatterBot Papa reevaluating
ChatterBot November round 2
ChatterBot Oscar round 2
ChatterBot Juliett round 2
ChatterBot Yankee round 2
2024-10-14 22:41:12.709853 Foxtrot: Oscar we want you to join our group
ChatterBot Oscar reevaluating
2024-10-14 22:41:12.715420 Oscar: Yes
ChatterBot Uniform reevaluating
ChatterBot Whiskey reevaluating
ChatterBot Quebec reevaluating
ChatterBot November reevaluating
ChatterBot Yankee reevaluating
2024-10-14 22:41:12.743479 November: We should replace Papa with Oscar
2024-10-14 22:41:12.744515 Yankee: We should replace Papa with Oscar
ChatterBot Uniform reevaluating
ChatterBot Whiskey reevaluating
ChatterBot Quebec reevaluating
ChatterBot Yankee reevaluating
2024-10-14 22:41:12.768643 Foxtrot: Yes
2024-10-14 22:41:12.775357 Uniform: Yes
ChatterBot Uniform reevaluating
2024-10-14 22:41:12.783318 Whiskey: Yes
ChatterBot Whiskey reevaluating
2024-10-14 22:41:12.790847 Quebec: Yes
ChatterBot Quebec reevaluating
ChatterBot November reevaluating
2024-10-14 22:41:12.806247 Yankee: Yes
2024-10-14 22:41:12.806549 Foxtrot: Yes
2024-10-14 22:41:12.807186 Uniform: Yes
2024-10-14 22:41:12.807347 Whiskey: Yes
2024-10-14 22:41:12.807507 Quebec: Yes
2024-10-14 22:41:12.807677 November: Yes
ChatterBot Uniform reevaluating
ChatterBot Whiskey reevaluating
ChatterBot Quebec reevaluating
ChatterBot November reevaluating
ChatterBot Yankee reevaluating
ChatterBot Whiskey reevaluating
ChatterBot Quebec reevaluating
ChatterBot November reevaluating
ChatterBot Yankee reevaluating
ChatterBot Uniform reevaluating
ChatterBot Quebec reevaluating
ChatterBot November reevaluating
ChatterBot Yankee reevaluating
ChatterBot Uniform reevaluating
ChatterBot Whiskey reevaluating
ChatterBot November reevaluating
ChatterBot Yankee reevaluating
ChatterBot Uniform reevaluating
ChatterBot Whiskey reevaluating
ChatterBot Quebec reevaluating
ChatterBot November reevaluating
ChatterBot Uniform reevaluating
ChatterBot Whiskey reevaluating
ChatterBot Quebec reevaluating
ChatterBot November reevaluating
ChatterBot Yankee reevaluating
ChatterBot Whiskey reevaluating
ChatterBot Quebec reevaluating
ChatterBot November reevaluating
ChatterBot Yankee reevaluating
ChatterBot Uniform reevaluating
ChatterBot Quebec reevaluating
ChatterBot November reevaluating
ChatterBot Yankee reevaluating
ChatterBot Uniform reevaluating
ChatterBot Whiskey reevaluating
ChatterBot November reevaluating
ChatterBot Yankee reevaluating
ChatterBot Uniform reevaluating
ChatterBot Whiskey reevaluating
ChatterBot Quebec reevaluating
ChatterBot Yankee reevaluating
2024-10-14 22:41:13.163318 Oscar: Let's form a team
ChatterBot Uniform reevaluating
ChatterBot Whiskey reevaluating
ChatterBot Quebec reevaluating
2024-10-14 22:41:13.210149 Foxtrot: No
2024-10-14 22:41:13.210361 Uniform: No
2024-10-14 22:41:13.210527 Delta: No
2024-10-14 22:41:13.211234 Whiskey: No
2024-10-14 22:41:13.211390 Quebec: No
2024-10-14 22:41:13.211565 November: No
2024-10-14 22:41:13.211745 Yankee: No
ChatterBot Oscar reevaluating
ChatterBot Uniform reevaluating
ChatterBot Whiskey reevaluating
ChatterBot Quebec reevaluating
ChatterBot Oscar reevaluating
ChatterBot Whiskey reevaluating
ChatterBot Quebec reevaluating
ChatterBot Oscar reevaluating
ChatterBot Uniform reevaluating
ChatterBot Whiskey reevaluating
ChatterBot Quebec reevaluating
ChatterBot Oscar reevaluating
ChatterBot Uniform reevaluating
ChatterBot Quebec reevaluating
ChatterBot Oscar reevaluating
ChatterBot Uniform reevaluating
ChatterBot Whiskey reevaluating
ChatterBot Oscar reevaluating
ChatterBot Uniform reevaluating
ChatterBot Whiskey reevaluating
ChatterBot Quebec reevaluating
ChatterBot Oscar reevaluating
ChatterBot Uniform reevaluating
ChatterBot Whiskey reevaluating
ChatterBot Quebec reevaluating
2024-10-14 22:41:14.149927 November: Oscar we want you to join our group
ChatterBot Oscar reevaluating
2024-10-14 22:41:14.160445 Oscar: Yes
ChatterBot Uniform reevaluating
2024-10-14 22:41:14.204276 Yankee: Oscar we want you to join our group
ChatterBot Oscar reevaluating
2024-10-14 22:41:14.211690 Oscar: No
ChatterBot Uniform reevaluating
2024-10-14 22:41:14.251454 Delta: Papa, sending you 7
2024-10-14 22:41:14.251945 Whiskey: Oscar we want you to join our group
ChatterBot Oscar reevaluating
2024-10-14 22:41:14.260299 Oscar: No
ChatterBot Uniform reevaluating
ChatterBot Whiskey reevaluating
2024-10-14 22:41:14.302734 Quebec: Oscar we want you to join our group
ChatterBot Oscar reevaluating
2024-10-14 22:41:14.311200 Oscar: Yes
chatterbot Foxtrot submitting transactions
chatterbot Papa submitting transactions
2024-10-14 22:41:14.350371 Delta: Juliett, sending you 8
chatterbot Delta submitting transactions
2024-10-14 22:41:14.351395 Uniform: Oscar we want you to join our group
ChatterBot Oscar reevaluating
2024-10-14 22:41:14.359598 Oscar: No
2024-10-14 22:41:14.394962 Papa: Foxtrot and Delta, sending you 1
2024-10-14 22:41:14.395808 Foxtrot: Uniform, Whiskey, November, Oscar and Yankee, sending you 2
2024-10-14 22:41:14.733597 Juliett: Delta, sending you 5
chatterbot Yankee submitting transactions
2024-10-14 22:41:14.734537 Papa: Uniform, Quebec, November, Oscar and Yankee, sending you 2
2024-10-14 22:41:14.735099 Whiskey: Foxtrot, Uniform, Delta, Quebec, November and Yankee, sending you 3
2024-10-14 22:41:14.736111 Yankee: Foxtrot and Whiskey, sending you 4
2024-10-14 22:41:14.736554 November: Foxtrot and Quebec, sending you 3
chatterbot Juliett submitting transactions
2024-10-14 22:41:15.203196 Juliett: Papa, sending you 6
2024-10-14 22:41:15.203511 Papa: Whiskey and Juliett, sending you 3
2024-10-14 22:41:15.204425 Yankee: Uniform and November, sending you 2
2024-10-14 22:41:15.204768 Whiskey: Oscar, sending you 1
2024-10-14 22:41:15.205801 November: Uniform, sending you 2
2024-10-14 22:41:15.206106 Quebec: Foxtrot, Uniform, Whiskey, November and Yankee, sending you 2
2024-10-14 22:41:15.206416 Uniform: Foxtrot and Whiskey, sending you 3
chatterbot November submitting transactions
chatterbot Quebec submitting transactions
2024-10-14 22:41:15.456508 Yankee: Quebec and Oscar, sending you 3
2024-10-14 22:41:15.457462 November: Whiskey, sending you 5
2024-10-14 22:41:15.457878 Quebec: Oscar, sending you 1
2024-10-14 22:41:15.458293 Uniform: Quebec, sending you 1
2024-10-14 22:41:15.459156 Oscar: Sending you each 8
chatterbot Uniform submitting transactions
chatterbot Oscar submitting transactions
chatterbot Whiskey submitting transactions
2024-10-14 22:41:15.474427 Yankee: Foxtrot did not give me 3 like they said
ChatterBot Foxtrot reevaluating
ChatterBot Uniform reevaluating
ChatterBot Whiskey reevaluating
ChatterBot Quebec reevaluating
ChatterBot November reevaluating
ChatterBot Oscar reevaluating
2024-10-14 22:41:15.503075 Yankee: Whiskey did not give me 4 like they said
ChatterBot Foxtrot reevaluating
ChatterBot Uniform reevaluating
ChatterBot Whiskey reevaluating
ChatterBot Quebec reevaluating
ChatterBot November reevaluating
ChatterBot Oscar reevaluating
2024-10-14 22:41:15.546895 Yankee: Oscar did not give me 4 like they said
ChatterBot Foxtrot reevaluating
ChatterBot Uniform reevaluating
ChatterBot Whiskey reevaluating
ChatterBot Quebec reevaluating
ChatterBot November reevaluating
ChatterBot Oscar reevaluating
2024-10-14 22:41:15.590149 Yankee: Juliett did not give me 4 like they said
ChatterBot Foxtrot reevaluating
ChatterBot Uniform reevaluating
ChatterBot Whiskey reevaluating
ChatterBot Quebec reevaluating
ChatterBot November reevaluating
ChatterBot Oscar reevaluating
ChatterBot Foxtrot round 3
ChatterBot Uniform round 3
ChatterBot Delta round 3
ChatterBot Whiskey round 3
ChatterBot Quebec round 3
ChatterBot Papa round 3
ChatterBot November round 3
ChatterBot Oscar round 3
ChatterBot Juliett round 3
ChatterBot Yankee round 3
2024-10-14 22:41:15.704746 Juliett: We should add Oscar
ChatterBot Delta reevaluating
ChatterBot Papa reevaluating
2024-10-14 22:41:15.771837 Delta: Yes
2024-10-14 22:41:15.772197 Papa: No
ChatterBot Papa reevaluating
ChatterBot Delta reevaluating
2024-10-14 22:41:15.827887 Foxtrot: We should drop Oscar
ChatterBot Uniform reevaluating
ChatterBot Whiskey reevaluating
ChatterBot Quebec reevaluating
2024-10-14 22:41:15.851216 Uniform: Yes
2024-10-14 22:41:15.851620 Whiskey: Yes
2024-10-14 22:41:15.852301 Quebec: No
2024-10-14 22:41:15.852590 November: No
2024-10-14 22:41:15.852850 Yankee: Yes
ChatterBot Whiskey reevaluating
ChatterBot Quebec reevaluating
ChatterBot Uniform reevaluating
ChatterBot Quebec reevaluating
ChatterBot Uniform reevaluating
ChatterBot Whiskey reevaluating
ChatterBot Uniform reevaluating
ChatterBot Whiskey reevaluating
ChatterBot Quebec reevaluating
ChatterBot Uniform reevaluating
ChatterBot Whiskey reevaluating
ChatterBot Quebec reevaluating
2024-10-14 22:41:15.946349 Juliett: Oscar we want you to join our group
ChatterBot Oscar reevaluating
2024-10-14 22:41:15.950286 Oscar: No
ChatterBot Delta reevaluating
ChatterBot Papa reevaluating
2024-10-14 22:41:16.224532 Quebec: Foxtrot, Uniform, Whiskey, November and Yankee, sending you 2
2024-10-14 22:41:16.225108 Whiskey: Foxtrot, sending you 3
2024-10-14 22:41:16.225926 Foxtrot: Sending you each 2
2024-10-14 22:41:16.226277 Juliett: Sending you each 4
2024-10-14 22:41:16.356857 Quebec: Oscar, sending you 1
2024-10-14 22:41:16.358070 Delta: Papa, sending you 7
2024-10-14 22:41:16.358323 Oscar: Foxtrot, sending you 3
2024-10-14 22:41:16.358683 Papa: Foxtrot, sending you 1
2024-10-14 22:41:16.359416 Whiskey: Uniform, Quebec, November and Yankee, sending you 4
2024-10-14 22:41:16.359756 Yankee: Foxtrot and November, sending you 4
2024-10-14 22:41:16.449023 Delta: Juliett, sending you 8
2024-10-14 22:41:16.449345 Oscar: Uniform, sending you 5
2024-10-14 22:41:16.449871 Papa: Uniform, Quebec, November and Yankee, sending you 3
2024-10-14 22:41:16.450694 Yankee: Uniform and Quebec, sending you 3
2024-10-14 22:41:16.637436 Oscar: Whiskey and Quebec, sending you 2
2024-10-14 22:41:16.638988 Yankee: Whiskey, sending you 5
2024-10-14 22:41:16.639814 Papa: Whiskey, sending you 5
chatterbot Quebec submitting transactions
2024-10-14 22:41:16.669464 Oscar: Yankee, sending you 4
chatterbot Oscar submitting transactions
chatterbot Uniform submitting transactions
chatterbot Whiskey submitting transactions
chatterbot November submitting transactions
chatterbot Yankee submitting transactions
chatterbot Juliett submitting transactions
chatterbot Foxtrot submitting transactions
chatterbot Papa submitting transactions
chatterbot Delta submitting transactions
ChatterBot Foxtrot round 4
ChatterBot Uniform round 4
ChatterBot Delta round 4
ChatterBot Whiskey round 4
ChatterBot Quebec round 4
ChatterBot Papa round 4
ChatterBot November round 4
ChatterBot Oscar round 4
ChatterBot Juliett round 4
ChatterBot Yankee round 4
2024-10-14 22:41:17.113658 Quebec: Foxtrot, Uniform, Whiskey, November and Yankee, sending you 2
2024-10-14 22:41:17.118320 Papa: Foxtrot, sending you 1
2024-10-14 22:41:17.119266 Oscar: Foxtrot, Whiskey and Quebec, sending you 2
2024-10-14 22:41:17.119933 Quebec: Oscar, sending you 1
2024-10-14 22:41:17.120996 Foxtrot: Same as last round
2024-10-14 22:41:17.121410 Whiskey: Foxtrot, sending you 3
2024-10-14 22:41:17.121809 Delta: Papa, sending you 7
2024-10-14 22:41:17.122155 Juliett: Same as last round
2024-10-14 22:41:17.122933 Yankee: Foxtrot and November, sending you 4
2024-10-14 22:41:17.123291 Papa: Uniform, Quebec, November and Yankee, sending you 3
2024-10-14 22:41:17.124414 Oscar: Uniform, sending you 4
2024-10-14 22:41:17.137556 Whiskey: Uniform, Quebec, November and Yankee, sending you 4
2024-10-14 22:41:17.138134 Delta: Juliett, sending you 8
2024-10-14 22:41:17.138839 Yankee: Uniform and Quebec, sending you 3
2024-10-14 22:41:17.139326 Oscar: November and Yankee, sending you 3
2024-10-14 22:41:17.140209 Papa: Whiskey, sending you 5
2024-10-14 22:41:17.145548 Yankee: Whiskey, sending you 5
chatterbot Papa submitting transactions
chatterbot Oscar submitting transactions
chatterbot Yankee submitting transactions
chatterbot November submitting transactions
chatterbot Uniform submitting transactions
chatterbot Quebec submitting transactions
chatterbot Whiskey submitting transactions
chatterbot Delta submitting transactions
chatterbot Juliett submitting transactions
chatterbot Foxtrot submitting transactions
ChatterBot Foxtrot round 5
ChatterBot Uniform round 5
ChatterBot Delta round 5
ChatterBot Whiskey round 5
ChatterBot Quebec round 5
ChatterBot Papa round 5
ChatterBot November round 5
ChatterBot Oscar round 5
ChatterBot Juliett round 5
ChatterBot Yankee round 5
2024-10-14 22:41:18.299223 Papa: We should add Oscar
ChatterBot Yankee reevaluating
ChatterBot Quebec reevaluating
ChatterBot Uniform reevaluating
ChatterBot Whiskey reevaluating
ChatterBot November reevaluating
2024-10-14 22:41:18.320534 Foxtrot: No
2024-10-14 22:41:18.320719 Yankee: Yes
2024-10-14 22:41:18.320856 Quebec: Yes
2024-10-14 22:41:18.320984 Uniform: Yes
2024-10-14 22:41:18.321124 Whiskey: Yes
2024-10-14 22:41:18.321241 November: Yes
ChatterBot Yankee reevaluating
ChatterBot Quebec reevaluating
ChatterBot Uniform reevaluating
ChatterBot Papa reevaluating
ChatterBot Whiskey reevaluating
ChatterBot November reevaluating
ChatterBot Quebec reevaluating
ChatterBot Uniform reevaluating
ChatterBot Papa reevaluating
ChatterBot Whiskey reevaluating
ChatterBot November reevaluating
ChatterBot Yankee reevaluating
ChatterBot Uniform reevaluating
ChatterBot Papa reevaluating
ChatterBot Whiskey reevaluating
ChatterBot November reevaluating
ChatterBot Yankee reevaluating
ChatterBot Quebec reevaluating
ChatterBot Papa reevaluating
ChatterBot Whiskey reevaluating
ChatterBot November reevaluating
ChatterBot Foxtrot reevaluating
ChatterBot Yankee reevaluating
ChatterBot Quebec reevaluating
ChatterBot Uniform reevaluating
ChatterBot Papa reevaluating
ChatterBot November reevaluating
ChatterBot Foxtrot reevaluating
ChatterBot Yankee reevaluating
ChatterBot Quebec reevaluating
ChatterBot Uniform reevaluating
ChatterBot Papa reevaluating
ChatterBot Whiskey reevaluating
2024-10-14 22:41:18.547899 Yankee: We should replace Foxtrot with Oscar
ChatterBot Uniform reevaluating
ChatterBot Whiskey reevaluating
2024-10-14 22:41:18.557398 Uniform: No
2024-10-14 22:41:18.557658 Whiskey: No
2024-10-14 22:41:18.557927 Quebec: No
2024-10-14 22:41:18.558159 November: No
ChatterBot Yankee reevaluating
ChatterBot Whiskey reevaluating
ChatterBot Yankee reevaluating
ChatterBot Uniform reevaluating
ChatterBot Yankee reevaluating
ChatterBot Uniform reevaluating
ChatterBot Whiskey reevaluating
ChatterBot Yankee reevaluating
ChatterBot Uniform reevaluating
ChatterBot Whiskey reevaluating
2024-10-14 22:41:18.597313 Foxtrot: Oscar we want you to join our group
ChatterBot Oscar reevaluating
2024-10-14 22:41:18.601031 Oscar: Yes
ChatterBot Foxtrot reevaluating
ChatterBot Uniform reevaluating
ChatterBot Whiskey reevaluating
ChatterBot Yankee reevaluating
2024-10-14 22:41:18.619510 Papa: Oscar we want you to join our group
ChatterBot Oscar reevaluating
2024-10-14 22:41:18.623228 Oscar: Yes
ChatterBot Papa reevaluating
ChatterBot Foxtrot reevaluating
ChatterBot Uniform reevaluating
2024-10-14 22:41:18.642595 Oscar: We should add Papa
ChatterBot Foxtrot reevaluating
ChatterBot Uniform reevaluating
ChatterBot Whiskey reevaluating
2024-10-14 22:41:18.664836 Foxtrot: No
2024-10-14 22:41:18.665193 Uniform: No
2024-10-14 22:41:18.665571 Whiskey: Yes
2024-10-14 22:41:18.666408 Quebec: No
2024-10-14 22:41:18.666735 November: No
2024-10-14 22:41:18.667133 Yankee: No
ChatterBot Uniform reevaluating
ChatterBot Whiskey reevaluating
ChatterBot Oscar reevaluating
ChatterBot Foxtrot reevaluating
ChatterBot Whiskey reevaluating
ChatterBot Oscar reevaluating
ChatterBot Foxtrot reevaluating
ChatterBot Uniform reevaluating
ChatterBot Oscar reevaluating
ChatterBot Foxtrot reevaluating
ChatterBot Uniform reevaluating
ChatterBot Whiskey reevaluating
ChatterBot Oscar reevaluating
ChatterBot Foxtrot reevaluating
ChatterBot Uniform reevaluating
ChatterBot Whiskey reevaluating
ChatterBot Oscar reevaluating
ChatterBot Foxtrot reevaluating
ChatterBot Uniform reevaluating
ChatterBot Whiskey reevaluating
ChatterBot Oscar reevaluating
2024-10-14 22:41:18.840709 Delta: Papa, sending you 7
2024-10-14 22:41:18.841477 Yankee: Oscar we want you to join our group
ChatterBot Oscar reevaluating
2024-10-14 22:41:18.847488 Oscar: Yes
ChatterBot Uniform reevaluating
2024-10-14 22:41:18.870020 Delta: Juliett, sending you 8
2024-10-14 22:41:18.870533 Whiskey: Oscar we want you to join our group
ChatterBot Oscar reevaluating
2024-10-14 22:41:18.877134 Oscar: Yes
ChatterBot Foxtrot reevaluating
2024-10-14 22:41:18.901825 Quebec: Foxtrot, Uniform, Whiskey, November and Yankee, sending you 2
2024-10-14 22:41:18.903125 Juliett: Delta, sending you 3
2024-10-14 22:41:18.907820 Quebec: Oscar, sending you 1
2024-10-14 22:41:18.908389 Juliett: Papa, sending you 5
2024-10-14 22:41:18.913695 Yankee: Uniform and November, sending you 4
2024-10-14 22:41:18.918715 Yankee: Whiskey, sending you 5
2024-10-14 22:41:18.921668 Whiskey: Foxtrot, Uniform, Quebec, November and Oscar, sending you 3
2024-10-14 22:41:18.922873 Yankee: Quebec and Oscar, sending you 3
2024-10-14 22:41:18.924660 Papa: Foxtrot, sending you 1
2024-10-14 22:41:18.928046 Whiskey: Yankee, sending you 4
2024-10-14 22:41:18.929897 Papa: Uniform, Quebec, November and Yankee, sending you 2
2024-10-14 22:41:18.930901 Foxtrot: Uniform, Whiskey, Quebec, November and Yankee, sending you 2
2024-10-14 22:41:18.932440 Oscar: Foxtrot and Yankee, sending you 2
2024-10-14 22:41:18.935987 Papa: Whiskey, sending you 3
2024-10-14 22:41:18.936656 Oscar: Uniform, sending you 5
2024-10-14 22:41:18.938662 Papa: Oscar, sending you 6
2024-10-14 22:41:18.939857 Oscar: Quebec, sending you 3
2024-10-14 22:41:18.942677 Oscar: November, sending you 4
chatterbot Papa submitting transactions
chatterbot Quebec submitting transactions
chatterbot November submitting transactions
chatterbot Whiskey submitting transactions
chatterbot Uniform submitting transactions
chatterbot Delta submitting transactions
chatterbot Yankee submitting transactions
chatterbot Juliett submitting transactions
chatterbot Oscar submitting transactions
chatterbot Foxtrot submitting transactions
ChatterBot Foxtrot round 6
ChatterBot Uniform round 6
ChatterBot Delta round 6
ChatterBot Whiskey round 6
ChatterBot Quebec round 6
ChatterBot Papa round 6
ChatterBot November round 6
ChatterBot Oscar round 6
ChatterBot Juliett round 6
ChatterBot Yankee round 6
2024-10-14 22:41:20.097783 Foxtrot: We should drop Quebec
ChatterBot Oscar reevaluating
2024-10-14 22:41:20.118621 Uniform: No
2024-10-14 22:41:20.118868 Whiskey: No
2024-10-14 22:41:20.119049 November: No
2024-10-14 22:41:20.119226 Oscar: No
2024-10-14 22:41:20.119381 Yankee: No
ChatterBot Oscar reevaluating
ChatterBot Oscar reevaluating
ChatterBot Foxtrot reevaluating
ChatterBot Oscar reevaluating
ChatterBot Foxtrot reevaluating
ChatterBot Foxtrot reevaluating
ChatterBot Oscar reevaluating
2024-10-14 22:41:20.239004 Oscar: We should add Papa
ChatterBot Foxtrot reevaluating
ChatterBot Uniform reevaluating
2024-10-14 22:41:20.266547 Foxtrot: No
2024-10-14 22:41:20.266774 Uniform: Yes
2024-10-14 22:41:20.266955 Whiskey: No
2024-10-14 22:41:20.267108 Quebec: No
2024-10-14 22:41:20.267299 November: No
2024-10-14 22:41:20.267462 Yankee: No
ChatterBot Uniform reevaluating
ChatterBot Oscar reevaluating
ChatterBot Foxtrot reevaluating
ChatterBot Oscar reevaluating
ChatterBot Foxtrot reevaluating
ChatterBot Uniform reevaluating
ChatterBot Oscar reevaluating
ChatterBot Foxtrot reevaluating
ChatterBot Uniform reevaluating
ChatterBot Oscar reevaluating
ChatterBot Foxtrot reevaluating
ChatterBot Uniform reevaluating
ChatterBot Whiskey reevaluating
ChatterBot Oscar reevaluating
ChatterBot Foxtrot reevaluating
ChatterBot Uniform reevaluating
ChatterBot Whiskey reevaluating
ChatterBot Oscar reevaluating
2024-10-14 22:41:20.425732 Delta: Papa, sending you 7
2024-10-14 22:41:20.428701 Oscar: Papa we want you to join our group
2024-10-14 22:41:20.433797 Papa: Yes
ChatterBot Foxtrot reevaluating
ChatterBot Whiskey reevaluating
ChatterBot Oscar reevaluating
2024-10-14 22:41:20.474770 Delta: Juliett, sending you 8
2024-10-14 22:41:20.475292 Quebec: Foxtrot, Uniform, Whiskey, November and Yankee, sending you 2
2024-10-14 22:41:20.479675 Juliett: Delta, sending you 3
2024-10-14 22:41:20.480130 Yankee: Uniform and November, sending you 4
2024-10-14 22:41:20.481227 Papa: Uniform, Whiskey, Quebec and November, sending you 3
2024-10-14 22:41:20.481913 Quebec: Oscar, sending you 1
2024-10-14 22:41:20.483219 Juliett: Papa, sending you 5
2024-10-14 22:41:20.484681 Yankee: Whiskey, sending you 5
2024-10-14 22:41:20.486682 Papa: Oscar, sending you 5
2024-10-14 22:41:20.488722 Yankee: Quebec and Oscar, sending you 3
2024-10-14 22:41:20.490710 Foxtrot: Uniform, Whiskey, Quebec, November and Yankee, sending you 2
2024-10-14 22:41:20.492692 Papa: Yankee, sending you 1
2024-10-14 22:41:20.494491 Oscar: Foxtrot, sending you 1
2024-10-14 22:41:20.499679 Oscar: Uniform, sending you 4
2024-10-14 22:41:20.501691 Whiskey: Foxtrot, Uniform, Quebec, Papa, November and Yankee, sending you 3
2024-10-14 22:41:20.504967 Oscar: Whiskey, November and Yankee, sending you 3
2024-10-14 22:41:20.506841 Whiskey: Oscar, sending you 1
2024-10-14 22:41:20.509670 Oscar: Quebec, sending you 2
chatterbot Papa submitting transactions
chatterbot Delta submitting transactions
chatterbot Uniform submitting transactions
chatterbot Oscar submitting transactions
chatterbot Whiskey submitting transactions
chatterbot Quebec submitting transactions
chatterbot Juliett submitting transactions
chatterbot Foxtrot submitting transactions
chatterbot November submitting transactions
chatterbot Yankee submitting transactions
ChatterBot Foxtrot round 7
ChatterBot Uniform round 7
ChatterBot Delta round 7
ChatterBot Whiskey round 7
ChatterBot Quebec round 7
ChatterBot Papa round 7
ChatterBot November round 7
ChatterBot Oscar round 7
ChatterBot Juliett round 7
ChatterBot Yankee round 7
2024-10-14 22:41:21.693224 Foxtrot: We should drop Quebec
ChatterBot Oscar reevaluating
2024-10-14 22:41:21.707350 Uniform: No
2024-10-14 22:41:21.707521 Whiskey: No
2024-10-14 22:41:21.707662 November: No
2024-10-14 22:41:21.708261 Oscar: No
2024-10-14 22:41:21.708443 Yankee: No
ChatterBot Oscar reevaluating
ChatterBot Oscar reevaluating
ChatterBot Yankee reevaluating
ChatterBot Oscar reevaluating
ChatterBot Yankee reevaluating
ChatterBot Uniform reevaluating
ChatterBot Yankee reevaluating
ChatterBot Uniform reevaluating
ChatterBot Oscar reevaluating
2024-10-14 22:41:21.771541 Oscar: We should add Papa
ChatterBot Uniform reevaluating
ChatterBot Yankee reevaluating
2024-10-14 22:41:21.784914 Foxtrot: No
2024-10-14 22:41:21.785037 Uniform: No
2024-10-14 22:41:21.785141 Whiskey: Yes
2024-10-14 22:41:21.785238 Quebec: No
2024-10-14 22:41:21.785359 November: No
2024-10-14 22:41:21.785458 Yankee: No
ChatterBot Uniform reevaluating
ChatterBot Oscar reevaluating
ChatterBot Yankee reevaluating
ChatterBot Oscar reevaluating
ChatterBot Yankee reevaluating
ChatterBot Uniform reevaluating
ChatterBot Oscar reevaluating
ChatterBot Yankee reevaluating
ChatterBot Uniform reevaluating
ChatterBot Oscar reevaluating
ChatterBot Yankee reevaluating
ChatterBot Uniform reevaluating
ChatterBot Oscar reevaluating
ChatterBot Yankee reevaluating
ChatterBot Foxtrot reevaluating
ChatterBot Uniform reevaluating
ChatterBot Oscar reevaluating
2024-10-14 22:41:21.910221 Papa: We should add Delta and Juliett
ChatterBot Foxtrot reevaluating
ChatterBot Uniform reevaluating
ChatterBot Whiskey reevaluating
ChatterBot Oscar reevaluating
ChatterBot Yankee reevaluating
2024-10-14 22:41:21.935027 Foxtrot: No
2024-10-14 22:41:21.935186 Uniform: No
2024-10-14 22:41:21.935323 Whiskey: No
2024-10-14 22:41:21.935443 Quebec: No
2024-10-14 22:41:21.935567 November: No
2024-10-14 22:41:21.935702 Oscar: No
2024-10-14 22:41:21.935846 Yankee: No
ChatterBot Papa reevaluating
ChatterBot Uniform reevaluating
ChatterBot Whiskey reevaluating
ChatterBot Oscar reevaluating
ChatterBot Yankee reevaluating
ChatterBot Papa reevaluating
ChatterBot Foxtrot reevaluating
ChatterBot Whiskey reevaluating
ChatterBot Oscar reevaluating
ChatterBot Yankee reevaluating
ChatterBot Papa reevaluating
ChatterBot Foxtrot reevaluating
ChatterBot Uniform reevaluating
ChatterBot Oscar reevaluating
ChatterBot Yankee reevaluating
ChatterBot Papa reevaluating
ChatterBot Foxtrot reevaluating
ChatterBot Uniform reevaluating
ChatterBot Whiskey reevaluating
ChatterBot Oscar reevaluating
ChatterBot Yankee reevaluating
ChatterBot Papa reevaluating
ChatterBot Foxtrot reevaluating
ChatterBot Uniform reevaluating
ChatterBot Whiskey reevaluating
ChatterBot Oscar reevaluating
ChatterBot Yankee reevaluating
ChatterBot Papa reevaluating
ChatterBot Foxtrot reevaluating
ChatterBot Uniform reevaluating
ChatterBot Whiskey reevaluating
ChatterBot Yankee reevaluating
ChatterBot Papa reevaluating
ChatterBot Foxtrot reevaluating
ChatterBot Uniform reevaluating
ChatterBot Whiskey reevaluating
ChatterBot Oscar reevaluating
2024-10-14 22:41:22.055832 Whiskey: We should drop Papa
ChatterBot Foxtrot reevaluating
ChatterBot Uniform reevaluating
2024-10-14 22:41:22.073587 Foxtrot: Yes
2024-10-14 22:41:22.073827 Uniform: Yes
2024-10-14 22:41:22.073997 Quebec: Yes
2024-10-14 22:41:22.074208 November: Yes
2024-10-14 22:41:22.074379 Oscar: No
2024-10-14 22:41:22.074517 Yankee: Yes
ChatterBot Uniform reevaluating
ChatterBot Whiskey reevaluating
ChatterBot Foxtrot reevaluating
ChatterBot Whiskey reevaluating
ChatterBot Foxtrot reevaluating
ChatterBot Uniform reevaluating
ChatterBot Whiskey reevaluating
ChatterBot Foxtrot reevaluating
ChatterBot Uniform reevaluating
ChatterBot Whiskey reevaluating
ChatterBot Yankee reevaluating
ChatterBot Foxtrot reevaluating
ChatterBot Uniform reevaluating
ChatterBot Whiskey reevaluating
ChatterBot Yankee reevaluating
ChatterBot Foxtrot reevaluating
ChatterBot Uniform reevaluating
ChatterBot Whiskey reevaluating
2024-10-14 22:41:22.176271 Oscar: Papa we want you to join our group
ChatterBot Papa reevaluating
2024-10-14 22:41:22.181314 Papa: Yes
ChatterBot Foxtrot reevaluating
ChatterBot Uniform reevaluating
ChatterBot Whiskey reevaluating
ChatterBot Yankee reevaluating
chatterbot Delta submitting transactions
2024-10-14 22:41:22.200693 Quebec: Foxtrot, Uniform, Whiskey, November and Yankee, sending you 2
2024-10-14 22:41:22.201893 Delta: Papa, sending you 7
2024-10-14 22:41:22.202694 Juliett: Delta, sending you 3
2024-10-14 22:41:22.204673 Quebec: Oscar, sending you 1
2024-10-14 22:41:22.205404 Delta: Juliett, sending you 8
2024-10-14 22:41:22.207331 Juliett: Papa, sending you 2
2024-10-14 22:41:22.216668 Whiskey: Foxtrot, Uniform, Quebec, Papa, November and Yankee, sending you 3
2024-10-14 22:41:22.218084 Oscar: Foxtrot, sending you 1
2024-10-14 22:41:22.222004 Whiskey: Oscar, sending you 1
2024-10-14 22:41:22.222562 Yankee: Uniform and November, sending you 4
2024-10-14 22:41:22.222956 Oscar: Uniform, Papa and Yankee, sending you 3
2024-10-14 22:41:22.225671 Foxtrot: Sending you each 2
2024-10-14 22:41:22.226120 Papa: Uniform, Quebec, November and Yankee, sending you 2
2024-10-14 22:41:22.226648 Yankee: Whiskey, sending you 5
2024-10-14 22:41:22.227666 Oscar: Whiskey, Quebec and November, sending you 2
2024-10-14 22:41:22.228673 Papa: Whiskey, sending you 6
2024-10-14 22:41:22.231735 Yankee: Quebec and Oscar, sending you 3
2024-10-14 22:41:22.232677 Papa: Oscar, sending you 4
chatterbot Juliett submitting transactions
chatterbot Yankee submitting transactions
chatterbot Quebec submitting transactions
chatterbot Whiskey submitting transactions
chatterbot Papa submitting transactions
chatterbot Uniform submitting transactions
chatterbot November submitting transactions
chatterbot Oscar submitting transactions
chatterbot Foxtrot submitting transactions
ChatterBot Foxtrot round 8
ChatterBot Uniform round 8
ChatterBot Delta round 8
ChatterBot Whiskey round 8
ChatterBot Quebec round 8
ChatterBot Papa round 8
ChatterBot November round 8
2024-10-14 22:41:23.292787 Quebec: We should replace Foxtrot with Papa
ChatterBot Yankee reevaluating
ChatterBot Uniform reevaluating
ChatterBot Whiskey reevaluating
ChatterBot November reevaluating
2024-10-14 22:41:23.306532 Yankee: No
2024-10-14 22:41:23.306706 Uniform: Yes
2024-10-14 22:41:23.306843 Whiskey: Yes
2024-10-14 22:41:23.306976 November: Yes
2024-10-14 22:41:23.307102 Oscar: No
ChatterBot Uniform reevaluating
ChatterBot Whiskey reevaluating
ChatterBot November reevaluating
ChatterBot Yankee reevaluating
ChatterBot Whiskey reevaluating
ChatterBot November reevaluating
ChatterBot Yankee reevaluating
ChatterBot Uniform reevaluating
ChatterBot November reevaluating
ChatterBot Yankee reevaluating
ChatterBot Uniform reevaluating
ChatterBot Whiskey reevaluating
ChatterBot Yankee reevaluating
ChatterBot Uniform reevaluating
ChatterBot Whiskey reevaluating
ChatterBot November reevaluating
ChatterBot Oscar round 8
ChatterBot Juliett round 8
ChatterBot Yankee round 8
2024-10-14 22:41:23.375808 Papa: We should drop Foxtrot
ChatterBot Uniform reevaluating
ChatterBot Whiskey reevaluating
ChatterBot November reevaluating
ChatterBot Oscar reevaluating
ChatterBot Yankee reevaluating
2024-10-14 22:41:23.394924 Uniform: Yes
2024-10-14 22:41:23.395073 Whiskey: Yes
2024-10-14 22:41:23.395201 Quebec: Yes
2024-10-14 22:41:23.395347 November: Yes
2024-10-14 22:41:23.395472 Oscar: No
2024-10-14 22:41:23.395608 Yankee: Yes
ChatterBot Whiskey reevaluating
ChatterBot November reevaluating
ChatterBot Oscar reevaluating
ChatterBot Yankee reevaluating
ChatterBot Uniform reevaluating
ChatterBot November reevaluating
ChatterBot Oscar reevaluating
ChatterBot Yankee reevaluating
ChatterBot Uniform reevaluating
ChatterBot Whiskey reevaluating
ChatterBot November reevaluating
ChatterBot Oscar reevaluating
ChatterBot Yankee reevaluating
ChatterBot Uniform reevaluating
ChatterBot Whiskey reevaluating
ChatterBot Oscar reevaluating
ChatterBot Yankee reevaluating
ChatterBot Uniform reevaluating
ChatterBot Whiskey reevaluating
ChatterBot November reevaluating
ChatterBot Yankee reevaluating
ChatterBot Uniform reevaluating
ChatterBot Whiskey reevaluating
ChatterBot November reevaluating
ChatterBot Oscar reevaluating
2024-10-14 22:41:23.475175 Yankee: We should add Papa
ChatterBot Uniform reevaluating
ChatterBot Whiskey reevaluating
ChatterBot November reevaluating
ChatterBot Oscar reevaluating
2024-10-14 22:41:23.486868 Uniform: Yes
2024-10-14 22:41:23.486984 Whiskey: Yes
2024-10-14 22:41:23.487072 Quebec: Yes
2024-10-14 22:41:23.487161 November: Yes
2024-10-14 22:41:23.487256 Oscar: Yes
ChatterBot Yankee reevaluating
ChatterBot Whiskey reevaluating
ChatterBot November reevaluating
ChatterBot Oscar reevaluating
ChatterBot Yankee reevaluating
ChatterBot Uniform reevaluating
ChatterBot November reevaluating
ChatterBot Oscar reevaluating
ChatterBot Yankee reevaluating
ChatterBot Uniform reevaluating
ChatterBot Whiskey reevaluating
ChatterBot November reevaluating
ChatterBot Oscar reevaluating
ChatterBot Yankee reevaluating
ChatterBot Uniform reevaluating
ChatterBot Whiskey reevaluating
ChatterBot Oscar reevaluating
ChatterBot Yankee reevaluating
ChatterBot Uniform reevaluating
ChatterBot Whiskey reevaluating
ChatterBot November reevaluating
2024-10-14 22:41:23.568422 Quebec: Papa we want you to join our group
2024-10-14 22:41:23.571032 Papa: Yes
ChatterBot Uniform reevaluating
ChatterBot Whiskey reevaluating
ChatterBot November reevaluating
ChatterBot Oscar reevaluating
ChatterBot Yankee reevaluating
2024-10-14 22:41:23.591991 November: Papa we want you to join our group
2024-10-14 22:41:23.594075 Papa: Yes
ChatterBot Uniform reevaluating
ChatterBot November reevaluating
2024-10-14 22:41:23.605995 Foxtrot: Uniform, Quebec, November, Oscar and Yankee, sending you 1
2024-10-14 22:41:23.606798 Yankee: Papa we want you to join our group
2024-10-14 22:41:23.609096 Papa: Yes
2024-10-14 22:41:23.619024 Foxtrot: Whiskey, sending you 2
2024-10-14 22:41:23.619557 Papa: Uniform, sending you 3
2024-10-14 22:41:23.620018 Uniform: Papa we want you to join our group
2024-10-14 22:41:23.622228 Papa: Yes
2024-10-14 22:41:23.631930 Quebec: Uniform, Whiskey, Papa, November and Yankee, sending you 2
2024-10-14 22:41:23.632360 Delta: Papa, sending you 7
2024-10-14 22:41:23.632590 Papa: Whiskey, sending you 5
2024-10-14 22:41:23.633275 Juliett: Delta, sending you 2
2024-10-14 22:41:23.635670 Oscar: Foxtrot, sending you 1
2024-10-14 22:41:23.636431 Delta: Juliett, sending you 8
2024-10-14 22:41:23.636796 Papa: Quebec and November, sending you 2
2024-10-14 22:41:23.637682 Juliett: Papa, sending you 5
2024-10-14 22:41:23.638694 Oscar: Uniform and Papa, sending you 3
2024-10-14 22:41:23.639840 Papa: Oscar, sending you 4
2024-10-14 22:41:23.642676 Yankee: Uniform, Quebec, November and Oscar, sending you 3
2024-10-14 22:41:23.643235 Oscar: Whiskey, Quebec, November and Yankee, sending you 2
2024-10-14 22:41:23.643830 Papa: Yankee, sending you 1
2024-10-14 22:41:23.647703 Yankee: Whiskey, sending you 5
2024-10-14 22:41:23.652674 Yankee: Papa, sending you 2
chatterbot November submitting transactions
chatterbot Oscar submitting transactions
chatterbot Papa submitting transactions
chatterbot Quebec submitting transactions
chatterbot Whiskey submitting transactions
chatterbot Delta submitting transactions
chatterbot Foxtrot submitting transactions
chatterbot Juliett submitting transactions
