ChatterBot Alpha round 1
ChatterBot Golf round 1
ChatterBot Juliett round 1
ChatterBot Papa round 1
ChatterBot Romeo round 1
ChatterBot Quebec round 1
ChatterBot Whiskey round 1
ChatterBot Mike round 1
randomSelections Golf: {Golf, Juliett, Alpha, Mike, Papa, X-ray, Quebec} 
2024-10-14 22:41:11.117411 Golf: Let's form a team
ChatterBot Juliett reevaluating
ChatterBot Alpha reevaluating
ChatterBot Mike reevaluating
ChatterBot Papa reevaluating
ChatterBot Quebec reevaluating
2024-10-14 22:41:11.150271 Juliett: Yes
2024-10-14 22:41:11.150530 Alpha: Yes
2024-10-14 22:41:11.150807 Mike: Yes
2024-10-14 22:41:11.151497 Papa: Yes
2024-10-14 22:41:11.151714 Quebec: Yes
ChatterBot Alpha reevaluating
ChatterBot Mike reevaluating
ChatterBot Papa reevaluating
ChatterBot Quebec reevaluating
ChatterBot Juliett reevaluating
ChatterBot Mike reevaluating
ChatterBot Papa reevaluating
ChatterBot Quebec reevaluating
ChatterBot Juliett reevaluating
ChatterBot Alpha reevaluating
ChatterBot Papa reevaluating
ChatterBot Quebec reevaluating
ChatterBot Juliett reevaluating
ChatterBot Alpha reevaluating
ChatterBot Mike reevaluating
ChatterBot Quebec reevaluating
ChatterBot Juliett reevaluating
ChatterBot Alpha reevaluating
ChatterBot Mike reevaluating
ChatterBot Papa reevaluating
ChatterBot Oscar round 1
ChatterBot X-ray round 1
ChatterBot X-ray reevaluating
ChatterBot X-ray reevaluating
ChatterBot X-ray reevaluating
ChatterBot X-ray reevaluating
ChatterBot X-ray reevaluating
ChatterBot X-ray reevaluating
2024-10-14 22:41:11.354719 X-ray: Yes
ChatterBot Juliett reevaluating
ChatterBot Alpha reevaluating
ChatterBot Mike reevaluating
ChatterBot Papa reevaluating
ChatterBot Quebec reevaluating
randomSelections Romeo: {Romeo, X-ray, Golf, Mike, Quebec, Juliett, Whiskey} 
2024-10-14 22:41:11.372813 Romeo: Friends?
ChatterBot X-ray reevaluating
ChatterBot Mike reevaluating
ChatterBot Quebec reevaluating
ChatterBot Juliett reevaluating
ChatterBot Whiskey reevaluating
2024-10-14 22:41:11.383026 X-ray: No
2024-10-14 22:41:11.383384 Golf: No
2024-10-14 22:41:11.384144 Mike: No
2024-10-14 22:41:11.384390 Quebec: No
2024-10-14 22:41:11.384649 Juliett: No
2024-10-14 22:41:11.385079 Whiskey: Yes
ChatterBot Mike reevaluating
ChatterBot Quebec reevaluating
ChatterBot Juliett reevaluating
ChatterBot Whiskey reevaluating
ChatterBot X-ray reevaluating
ChatterBot Mike reevaluating
ChatterBot Quebec reevaluating
ChatterBot Juliett reevaluating
ChatterBot Whiskey reevaluating
ChatterBot X-ray reevaluating
ChatterBot Quebec reevaluating
ChatterBot Juliett reevaluating
ChatterBot Whiskey reevaluating
ChatterBot X-ray reevaluating
ChatterBot Mike reevaluating
ChatterBot Juliett reevaluating
ChatterBot Whiskey reevaluating
ChatterBot X-ray reevaluating
ChatterBot Mike reevaluating
ChatterBot Quebec reevaluating
ChatterBot Whiskey reevaluating
ChatterBot X-ray reevaluating
ChatterBot Mike reevaluating
ChatterBot Quebec reevaluating
ChatterBot Juliett reevaluating
randomSelections Oscar: {Oscar, Alpha, Romeo, Juliett, Papa, Whiskey, Golf} 
2024-10-14 22:41:11.486690 Oscar: We would work well together
ChatterBot Juliett reevaluating
ChatterBot Whiskey reevaluating
2024-10-14 22:41:11.495344 Alpha: No
2024-10-14 22:41:11.495675 Romeo: No
2024-10-14 22:41:11.496865 Juliett: No
2024-10-14 22:41:11.497282 Papa: No
2024-10-14 22:41:11.497578 Whiskey: No
2024-10-14 22:41:11.497906 Golf: No
ChatterBot Juliett reevaluating
ChatterBot Whiskey reevaluating
ChatterBot Juliett reevaluating
ChatterBot Whiskey reevaluating
ChatterBot Whiskey reevaluating
ChatterBot Juliett reevaluating
ChatterBot Whiskey reevaluating
ChatterBot Juliett reevaluating
ChatterBot Juliett reevaluating
ChatterBot Whiskey reevaluating
2024-10-14 22:41:11.614736 Papa: Alpha, Golf and Quebec, sending you 2
2024-10-14 22:41:11.616228 Juliett: Alpha, sending you 5
2024-10-14 22:41:11.616702 Quebec: Alpha, Golf, Mike and X-ray, sending you 3
2024-10-14 22:41:11.617899 Alpha: Golf, Quebec and X-ray, sending you 3
2024-10-14 22:41:11.618319 Oscar: Alpha, Juliett and Romeo, sending you 3
2024-10-14 22:41:11.619495 Mike: Alpha, Golf and Juliett, sending you 4
2024-10-14 22:41:11.619972 Papa: Juliett, sending you 4
2024-10-14 22:41:11.620397 Juliett: Golf, Papa, Mike and X-ray, sending you 2
2024-10-14 22:41:11.621684 Romeo: Golf, Quebec, Mike and X-ray, sending you 2
2024-10-14 22:41:11.622120 Quebec: Papa, sending you 5
2024-10-14 22:41:11.622594 Alpha: Juliett, sending you 1
2024-10-14 22:41:11.623677 Whiskey: Golf, sending you 2
2024-10-14 22:41:11.624206 Papa: Mike, sending you 1
2024-10-14 22:41:11.624637 Oscar: Golf, sending you 5
2024-10-14 22:41:11.625982 Mike: Papa, sending you 2
2024-10-14 22:41:11.626575 Juliett: Quebec, sending you 3
2024-10-14 22:41:11.627807 Romeo: Juliett and Whiskey, sending you 4
2024-10-14 22:41:11.628363 X-ray: Alpha and Quebec, sending you 1
2024-10-14 22:41:11.629838 Papa: X-ray, sending you 5
2024-10-14 22:41:11.630463 Alpha: Papa, sending you 2
2024-10-14 22:41:11.631479 Whiskey: Juliett and Romeo, sending you 1
2024-10-14 22:41:11.632006 Mike: Quebec and X-ray, sending you 1
2024-10-14 22:41:11.633237 Oscar: Papa, sending you 1
2024-10-14 22:41:11.634419 X-ray: Juliett, sending you 4
2024-10-14 22:41:11.638375 Alpha: Mike, sending you 4
2024-10-14 22:41:11.639301 Whiskey: Quebec and Mike, sending you 3
2024-10-14 22:41:11.639680 X-ray: Papa, sending you 2
2024-10-14 22:41:11.644639 Whiskey: X-ray, sending you 5
2024-10-14 22:41:11.645648 X-ray: Mike, sending you 3
chatterbot Papa submitting transactions
chatterbot Oscar submitting transactions
chatterbot X-ray submitting transactions
chatterbot Whiskey submitting transactions
chatterbot Alpha submitting transactions
chatterbot Golf submitting transactions
chatterbot Quebec submitting transactions
chatterbot Mike submitting transactions
chatterbot Romeo submitting transactions
chatterbot Juliett submitting transactions
ChatterBot Alpha round 2
ChatterBot Golf round 2
ChatterBot Juliett round 2
ChatterBot Papa round 2
ChatterBot Romeo round 2
ChatterBot Quebec round 2
ChatterBot Whiskey round 2
2024-10-14 22:41:12.545081 Whiskey: Friends?
ChatterBot Romeo reevaluating
ChatterBot Golf reevaluating
ChatterBot Oscar reevaluating
ChatterBot Juliett reevaluating
2024-10-14 22:41:12.566228 Romeo: No
2024-10-14 22:41:12.566402 Golf: No
2024-10-14 22:41:12.566522 Oscar: No
2024-10-14 22:41:12.566642 Juliett: No
ChatterBot Whiskey reevaluating
ChatterBot Golf reevaluating
ChatterBot Oscar reevaluating
ChatterBot Juliett reevaluating
ChatterBot Whiskey reevaluating
ChatterBot Romeo reevaluating
ChatterBot Oscar reevaluating
ChatterBot Juliett reevaluating
ChatterBot Whiskey reevaluating
ChatterBot Romeo reevaluating
ChatterBot Golf reevaluating
ChatterBot Juliett reevaluating
ChatterBot Whiskey reevaluating
ChatterBot Romeo reevaluating
ChatterBot Golf reevaluating
ChatterBot Oscar reevaluating
ChatterBot Mike round 2
ChatterBot Oscar round 2
ChatterBot X-ray round 2
2024-10-14 22:41:12.663860 Quebec: Group up?
ChatterBot Whiskey reevaluating
ChatterBot Romeo reevaluating
ChatterBot Juliett reevaluating
ChatterBot Mike reevaluating
ChatterBot X-ray reevaluating
2024-10-14 22:41:12.706001 Whiskey: Yes
2024-10-14 22:41:12.706681 Romeo: No
2024-10-14 22:41:12.706861 Alpha: No
2024-10-14 22:41:12.707035 Juliett: Yes
2024-10-14 22:41:12.707169 Papa: No
2024-10-14 22:41:12.707793 Mike: Yes
2024-10-14 22:41:12.707967 X-ray: No
ChatterBot Romeo reevaluating
ChatterBot Juliett reevaluating
ChatterBot Mike reevaluating
ChatterBot X-ray reevaluating
ChatterBot Whiskey reevaluating
ChatterBot Juliett reevaluating
ChatterBot Papa reevaluating
ChatterBot Mike reevaluating
ChatterBot X-ray reevaluating
ChatterBot Whiskey reevaluating
ChatterBot Romeo reevaluating
ChatterBot Juliett reevaluating
ChatterBot Papa reevaluating
ChatterBot Mike reevaluating
ChatterBot X-ray reevaluating
ChatterBot Whiskey reevaluating
ChatterBot Romeo reevaluating
ChatterBot Alpha reevaluating
ChatterBot Papa reevaluating
ChatterBot Mike reevaluating
ChatterBot X-ray reevaluating
ChatterBot Whiskey reevaluating
ChatterBot Romeo reevaluating
ChatterBot Alpha reevaluating
ChatterBot Juliett reevaluating
ChatterBot Mike reevaluating
ChatterBot X-ray reevaluating
ChatterBot Whiskey reevaluating
ChatterBot Romeo reevaluating
ChatterBot Alpha reevaluating
ChatterBot Juliett reevaluating
ChatterBot Papa reevaluating
ChatterBot X-ray reevaluating
ChatterBot Whiskey reevaluating
ChatterBot Romeo reevaluating
ChatterBot Alpha reevaluating
ChatterBot Juliett reevaluating
ChatterBot Papa reevaluating
ChatterBot Mike reevaluating
2024-10-14 22:41:12.925592 Alpha: We should replace Golf with Whiskey
ChatterBot Papa reevaluating
ChatterBot Mike reevaluating
ChatterBot X-ray reevaluating
2024-10-14 22:41:12.944899 Juliett: Yes
2024-10-14 22:41:12.945093 Papa: Yes
2024-10-14 22:41:12.945745 Quebec: Yes
2024-10-14 22:41:12.945851 Mike: Yes
2024-10-14 22:41:12.945953 X-ray: No
ChatterBot Alpha reevaluating
ChatterBot Papa reevaluating
ChatterBot Mike reevaluating
ChatterBot X-ray reevaluating
ChatterBot Alpha reevaluating
ChatterBot Mike reevaluating
ChatterBot X-ray reevaluating
ChatterBot Alpha reevaluating
ChatterBot Papa reevaluating
ChatterBot Mike reevaluating
ChatterBot X-ray reevaluating
ChatterBot Alpha reevaluating
ChatterBot Papa reevaluating
ChatterBot X-ray reevaluating
ChatterBot Alpha reevaluating
ChatterBot Papa reevaluating
ChatterBot Mike reevaluating
2024-10-14 22:41:13.051783 X-ray: We should drop Golf
ChatterBot Alpha reevaluating
ChatterBot Papa reevaluating
2024-10-14 22:41:13.069065 Alpha: Yes
2024-10-14 22:41:13.069231 Juliett: Yes
2024-10-14 22:41:13.069356 Papa: Yes
2024-10-14 22:41:13.069459 Quebec: Yes
2024-10-14 22:41:13.069585 Mike: Yes
ChatterBot Papa reevaluating
ChatterBot X-ray reevaluating
ChatterBot Alpha reevaluating
ChatterBot Papa reevaluating
ChatterBot X-ray reevaluating
ChatterBot Alpha reevaluating
ChatterBot X-ray reevaluating
ChatterBot Alpha reevaluating
ChatterBot Papa reevaluating
ChatterBot X-ray reevaluating
ChatterBot Alpha reevaluating
ChatterBot Papa reevaluating
ChatterBot X-ray reevaluating
2024-10-14 22:41:13.198085 Golf: Alpha and Quebec, sending you 3
2024-10-14 22:41:13.199352 Alpha: Whiskey we want you to join our group
ChatterBot Whiskey reevaluating
2024-10-14 22:41:13.204370 Whiskey: Yes
ChatterBot Alpha reevaluating
ChatterBot Papa reevaluating
ChatterBot X-ray reevaluating
2024-10-14 22:41:13.226073 Quebec: Alpha and Juliett, sending you 4
2024-10-14 22:41:13.227083 Oscar: Golf, Romeo and Whiskey, sending you 5
2024-10-14 22:41:13.227346 Romeo: Whiskey, sending you 5
2024-10-14 22:41:13.227559 Golf: Juliett and Papa, sending you 2
chatterbot Golf submitting transactions
2024-10-14 22:41:13.304256 Quebec: Papa and Romeo, sending you 2
2024-10-14 22:41:13.304769 Romeo: Oscar, sending you 6
2024-10-14 22:41:13.305391 Golf: Mike, sending you 4
2024-10-14 22:41:13.305724 Mike: Alpha, Quebec, Whiskey and X-ray, sending you 3
2024-10-14 22:41:13.306071 Juliett: Alpha, Quebec and Whiskey, sending you 1
2024-10-14 22:41:13.588438 Quebec: Whiskey, sending you 3
2024-10-14 22:41:13.589037 Golf: X-ray, sending you 1
2024-10-14 22:41:13.590441 Mike: Juliett and Romeo, sending you 2
2024-10-14 22:41:13.590946 Juliett: Papa, sending you 4
2024-10-14 22:41:14.343528 Quebec: Mike and X-ray, sending you 1
2024-10-14 22:41:14.344079 Papa: Alpha, sending you 3
2024-10-14 22:41:14.344940 Juliett: Romeo, Mike and X-ray, sending you 3
2024-10-14 22:41:14.345413 Whiskey: Romeo, sending you 10
2024-10-14 22:41:14.346260 X-ray: Alpha, Quebec and Whiskey, sending you 2
chatterbot Oscar submitting transactions
chatterbot Juliett submitting transactions
chatterbot X-ray submitting transactions
chatterbot Quebec submitting transactions
chatterbot Whiskey submitting transactions
chatterbot Whiskey submitting transactions
chatterbot Romeo submitting transactions
chatterbot Mike submitting transactions
chatterbot Alpha submitting transactions
chatterbot Papa submitting transactions
2024-10-14 22:41:14.371260 Papa: Juliett, Mike and X-ray, sending you 2
2024-10-14 22:41:14.371834 X-ray: Juliett and Mike, sending you 1
2024-10-14 22:41:14.372648 Alpha: Juliett, Papa, Quebec, Mike and X-ray, sending you 3
2024-10-14 22:41:14.373061 Quebec: Juliett did not give me 3 like they said
ChatterBot Whiskey reevaluating
ChatterBot Romeo reevaluating
ChatterBot Alpha reevaluating
ChatterBot Juliett reevaluating
ChatterBot Papa reevaluating
ChatterBot Mike reevaluating
ChatterBot X-ray reevaluating
2024-10-14 22:41:14.418918 Quebec: Romeo did not give me 2 like they said
ChatterBot Whiskey reevaluating
ChatterBot Romeo reevaluating
ChatterBot Alpha reevaluating
ChatterBot Juliett reevaluating
ChatterBot Papa reevaluating
ChatterBot Mike reevaluating
ChatterBot X-ray reevaluating
2024-10-14 22:41:14.466736 Quebec: Whiskey did not give me 3 like they said
ChatterBot Whiskey reevaluating
ChatterBot Romeo reevaluating
ChatterBot Alpha reevaluating
ChatterBot Juliett reevaluating
ChatterBot Papa reevaluating
ChatterBot Mike reevaluating
ChatterBot X-ray reevaluating
ChatterBot Alpha round 3
ChatterBot Golf round 3
ChatterBot Juliett round 3
ChatterBot Papa round 3
ChatterBot Romeo round 3
ChatterBot Quebec round 3
ChatterBot Whiskey round 3
ChatterBot Mike round 3
ChatterBot Oscar round 3
ChatterBot X-ray round 3
2024-10-14 22:41:14.532078 Papa: We should add Golf
ChatterBot Alpha reevaluating
ChatterBot Juliett reevaluating
ChatterBot Quebec reevaluating
ChatterBot Mike reevaluating
ChatterBot X-ray reevaluating
2024-10-14 22:41:14.548738 Alpha: No
2024-10-14 22:41:14.548934 Juliett: No
2024-10-14 22:41:14.549044 Quebec: Yes
2024-10-14 22:41:14.549185 Mike: No
2024-10-14 22:41:14.549293 X-ray: No
ChatterBot Juliett reevaluating
ChatterBot Papa reevaluating
ChatterBot Quebec reevaluating
ChatterBot Mike reevaluating
ChatterBot X-ray reevaluating
ChatterBot Alpha reevaluating
ChatterBot Papa reevaluating
ChatterBot Quebec reevaluating
ChatterBot Mike reevaluating
ChatterBot X-ray reevaluating
ChatterBot Alpha reevaluating
ChatterBot Juliett reevaluating
ChatterBot Papa reevaluating
ChatterBot Mike reevaluating
ChatterBot X-ray reevaluating
ChatterBot Alpha reevaluating
ChatterBot Juliett reevaluating
ChatterBot Papa reevaluating
ChatterBot Quebec reevaluating
ChatterBot X-ray reevaluating
ChatterBot Alpha reevaluating
ChatterBot Juliett reevaluating
ChatterBot Papa reevaluating
ChatterBot Quebec reevaluating
ChatterBot Mike reevaluating
2024-10-14 22:41:14.644974 Whiskey: We should add Oscar and Golf
ChatterBot Romeo reevaluating
ChatterBot Alpha reevaluating
ChatterBot Juliett reevaluating
ChatterBot Papa reevaluating
ChatterBot Quebec reevaluating
ChatterBot Mike reevaluating
ChatterBot X-ray reevaluating
2024-10-14 22:41:14.667607 Romeo: No
2024-10-14 22:41:14.668320 Alpha: No
2024-10-14 22:41:14.668440 Juliett: No
2024-10-14 22:41:14.668540 Papa: No
2024-10-14 22:41:14.668662 Quebec: No
2024-10-14 22:41:14.668770 Mike: No
2024-10-14 22:41:14.668861 X-ray: No
ChatterBot Whiskey reevaluating
ChatterBot Alpha reevaluating
ChatterBot Juliett reevaluating
ChatterBot Papa reevaluating
ChatterBot Quebec reevaluating
ChatterBot Mike reevaluating
ChatterBot X-ray reevaluating
ChatterBot Whiskey reevaluating
ChatterBot Romeo reevaluating
ChatterBot Juliett reevaluating
ChatterBot Papa reevaluating
ChatterBot Quebec reevaluating
ChatterBot Mike reevaluating
ChatterBot X-ray reevaluating
ChatterBot Whiskey reevaluating
ChatterBot Romeo reevaluating
ChatterBot Alpha reevaluating
ChatterBot Papa reevaluating
ChatterBot Quebec reevaluating
ChatterBot Mike reevaluating
ChatterBot X-ray reevaluating
ChatterBot Whiskey reevaluating
ChatterBot Romeo reevaluating
ChatterBot Alpha reevaluating
ChatterBot Juliett reevaluating
ChatterBot Quebec reevaluating
ChatterBot Mike reevaluating
ChatterBot X-ray reevaluating
ChatterBot Whiskey reevaluating
ChatterBot Romeo reevaluating
ChatterBot Alpha reevaluating
ChatterBot Juliett reevaluating
ChatterBot Papa reevaluating
ChatterBot Mike reevaluating
ChatterBot X-ray reevaluating
ChatterBot Whiskey reevaluating
ChatterBot Romeo reevaluating
ChatterBot Alpha reevaluating
ChatterBot Juliett reevaluating
ChatterBot Papa reevaluating
ChatterBot Quebec reevaluating
ChatterBot X-ray reevaluating
ChatterBot Whiskey reevaluating
ChatterBot Romeo reevaluating
ChatterBot Alpha reevaluating
ChatterBot Juliett reevaluating
ChatterBot Papa reevaluating
ChatterBot Quebec reevaluating
ChatterBot Mike reevaluating
2024-10-14 22:41:15.011124 Oscar: We should drop Golf
ChatterBot Romeo reevaluating
2024-10-14 22:41:15.022497 Romeo: Yes
2024-10-14 22:41:15.023316 Whiskey: No
ChatterBot Romeo reevaluating
2024-10-14 22:41:15.299173 Golf: Alpha and Quebec, sending you 3
2024-10-14 22:41:15.299827 Whiskey: Oscar and Golf we want you to join our group
ChatterBot Oscar reevaluating
2024-10-14 22:41:15.306337 Oscar: No
2024-10-14 22:41:15.306504 Golf: No
ChatterBot Oscar reevaluating
2024-10-14 22:41:15.351242 Alpha: Sorry, I'm actually sending you 0
2024-10-14 22:41:15.352144 Golf: Juliett and Papa, sending you 2
2024-10-14 22:41:15.352541 Juliett: Alpha, Papa, Quebec and X-ray, sending you 3
2024-10-14 22:41:15.682781 Mike: Alpha and Juliett, sending you 4
2024-10-14 22:41:15.683289 X-ray: Alpha, Juliett, Quebec and Mike, sending you 2
2024-10-14 22:41:15.684311 Romeo: Whiskey, sending you 6
2024-10-14 22:41:15.684618 Alpha: Juliett, Papa, Mike and X-ray, sending you 3
2024-10-14 22:41:15.685124 Quebec: Alpha, Golf and Mike, sending you 3
2024-10-14 22:41:15.687698 Golf: Mike, sending you 5
2024-10-14 22:41:15.688236 Juliett: Mike, sending you 4
chatterbot X-ray submitting transactions
chatterbot Romeo submitting transactions
chatterbot Golf submitting transactions
2024-10-14 22:41:15.690870 Mike: Papa, sending you 2
2024-10-14 22:41:15.694392 X-ray: Papa, sending you 3
2024-10-14 22:41:15.694835 Romeo: Oscar, sending you 4
2024-10-14 22:41:15.695168 Alpha: Quebec, sending you 4
2024-10-14 22:41:15.696879 Quebec: Juliett and X-ray, sending you 2
2024-10-14 22:41:15.697319 Golf: X-ray, sending you 1
2024-10-14 22:41:15.697795 Whiskey: Alpha, Juliett and X-ray, sending you 1
2024-10-14 22:41:15.961025 Mike: Quebec and X-ray, sending you 3
2024-10-14 22:41:15.962365 Oscar: Romeo, sending you 12
2024-10-14 22:41:15.962777 Quebec: Papa, sending you 4
2024-10-14 22:41:15.963349 Whiskey: Romeo, sending you 5
chatterbot Oscar submitting transactions
chatterbot Papa submitting transactions
chatterbot Mike submitting transactions
2024-10-14 22:41:16.123585 Oscar: Whiskey, sending you 3
2024-10-14 22:41:16.123989 Whiskey: Quebec and Mike, sending you 2
chatterbot Alpha submitting transactions
chatterbot Quebec submitting transactions
2024-10-14 22:41:16.226655 Whiskey: Oscar, sending you 3
chatterbot Whiskey submitting transactions
chatterbot Juliett submitting transactions
ChatterBot Alpha round 4
ChatterBot Golf round 4
ChatterBot Juliett round 4
ChatterBot Papa round 4
ChatterBot Romeo round 4
ChatterBot Quebec round 4
ChatterBot Whiskey round 4
ChatterBot Mike round 4
ChatterBot Oscar round 4
ChatterBot X-ray round 4
2024-10-14 22:41:16.404642 Papa: We should add Golf
ChatterBot Juliett reevaluating
2024-10-14 22:41:16.418581 Alpha: No
2024-10-14 22:41:16.418762 Juliett: Yes
2024-10-14 22:41:16.418873 Quebec: Yes
2024-10-14 22:41:16.418974 Mike: No
2024-10-14 22:41:16.419072 X-ray: No
ChatterBot Juliett reevaluating
ChatterBot Alpha reevaluating
ChatterBot Alpha reevaluating
ChatterBot Juliett reevaluating
ChatterBot X-ray reevaluating
ChatterBot Alpha reevaluating
ChatterBot Juliett reevaluating
ChatterBot X-ray reevaluating
ChatterBot Alpha reevaluating
ChatterBot Juliett reevaluating
2024-10-14 22:41:16.638116 Papa: Golf we want you to join our group
2024-10-14 22:41:16.643447 Golf: Yes
ChatterBot Juliett reevaluating
ChatterBot Alpha reevaluating
ChatterBot Mike reevaluating
ChatterBot X-ray reevaluating
2024-10-14 22:41:16.677705 Mike: We should replace X-ray with Golf
ChatterBot Alpha reevaluating
ChatterBot Juliett reevaluating
2024-10-14 22:41:16.699847 Alpha: No
2024-10-14 22:41:16.700893 Juliett: No
2024-10-14 22:41:16.701222 Papa: No
2024-10-14 22:41:16.701572 Quebec: No
ChatterBot Mike reevaluating
ChatterBot Juliett reevaluating
ChatterBot Mike reevaluating
ChatterBot Alpha reevaluating
ChatterBot Mike reevaluating
ChatterBot Alpha reevaluating
ChatterBot Juliett reevaluating
ChatterBot Mike reevaluating
ChatterBot Alpha reevaluating
ChatterBot Juliett reevaluating
chatterbot Oscar submitting transactions
2024-10-14 22:41:16.796191 Golf: Alpha and Mike, sending you 3
2024-10-14 22:41:16.811530 Alpha: Golf we want you to join our group
2024-10-14 22:41:16.818197 Golf: Yes
ChatterBot Alpha reevaluating
ChatterBot Mike reevaluating
2024-10-14 22:41:16.855289 Juliett: Golf we want you to join our group
2024-10-14 22:41:16.862062 Golf: Yes
ChatterBot Alpha reevaluating
ChatterBot Mike reevaluating
2024-10-14 22:41:16.897418 Golf: Juliett and Papa, sending you 2
2024-10-14 22:41:16.913266 Golf: Quebec, sending you 5
2024-10-14 22:41:16.914358 X-ray: Alpha, Juliett, Quebec and Mike, sending you 2
2024-10-14 22:41:16.914900 Oscar: Romeo, sending you 10
2024-10-14 22:41:16.915817 Whiskey: Romeo, sending you 8
2024-10-14 22:41:16.916391 Mike: Golf we want you to join our group
2024-10-14 22:41:16.922009 Golf: Yes
ChatterBot Mike reevaluating
ChatterBot Alpha reevaluating
2024-10-14 22:41:16.939122 Romeo: Whiskey, sending you 5
2024-10-14 22:41:16.940010 Quebec: Alpha, Golf, Juliett and Mike, sending you 3
2024-10-14 22:41:16.940593 Golf: X-ray, sending you 1
2024-10-14 22:41:16.941537 Oscar: Whiskey, sending you 5
2024-10-14 22:41:16.941892 Whiskey: Quebec, Mike and X-ray, sending you 1
2024-10-14 22:41:16.942884 X-ray: Papa, sending you 3
2024-10-14 22:41:16.943340 Romeo: Oscar, sending you 4
2024-10-14 22:41:16.943572 Quebec: Papa, sending you 4
2024-10-14 22:41:16.944499 Juliett: Alpha, Papa, Mike and X-ray, sending you 3
2024-10-14 22:41:16.969451 Whiskey: Oscar, sending you 4
2024-10-14 22:41:16.970849 Quebec: X-ray, sending you 1
2024-10-14 22:41:16.972112 Juliett: Golf and Quebec, sending you 2
2024-10-14 22:41:17.105465 Mike: Alpha and Golf, sending you 4
2024-10-14 22:41:17.111115 Mike: Juliett and Quebec, sending you 3
2024-10-14 22:41:17.111624 Alpha: Golf, Juliett, Papa, Quebec and Mike, sending you 3
2024-10-14 22:41:17.125067 Alpha: X-ray, sending you 1
2024-10-14 22:41:17.126575 Mike: Papa, sending you 2
chatterbot Alpha submitting transactions
chatterbot X-ray submitting transactions
chatterbot Papa submitting transactions
chatterbot Quebec submitting transactions
chatterbot Whiskey submitting transactions
chatterbot Mike submitting transactions
chatterbot Romeo submitting transactions
chatterbot Juliett submitting transactions
chatterbot Golf submitting transactions
ChatterBot Alpha round 5
ChatterBot Golf round 5
ChatterBot Juliett round 5
ChatterBot Papa round 5
ChatterBot Romeo round 5
ChatterBot Quebec round 5
ChatterBot Whiskey round 5
ChatterBot Mike round 5
ChatterBot Oscar round 5
2024-10-14 22:41:17.792758 Papa: We should add Golf
2024-10-14 22:41:17.808712 Alpha: Yes
2024-10-14 22:41:17.808909 Juliett: Yes
2024-10-14 22:41:17.809069 Quebec: Yes
2024-10-14 22:41:17.809235 Mike: Yes
2024-10-14 22:41:17.809379 X-ray: No
ChatterBot X-ray round 5
2024-10-14 22:41:17.895905 Papa: Golf we want you to join our group
2024-10-14 22:41:17.899836 Golf: Yes
ChatterBot X-ray reevaluating
2024-10-14 22:41:17.917126 X-ray: We should add Golf
2024-10-14 22:41:17.931375 Alpha: Yes
2024-10-14 22:41:17.931557 Juliett: Yes
2024-10-14 22:41:17.931717 Papa: Yes
2024-10-14 22:41:17.931947 Quebec: Yes
2024-10-14 22:41:17.932110 Mike: Yes
ChatterBot X-ray reevaluating
ChatterBot X-ray reevaluating
ChatterBot X-ray reevaluating
ChatterBot X-ray reevaluating
ChatterBot X-ray reevaluating
chatterbot Oscar submitting transactions
2024-10-14 22:41:17.999890 Oscar: We should drop Golf
2024-10-14 22:41:18.004994 Romeo: Yes
2024-10-14 22:41:18.005185 Whiskey: No
ChatterBot Whiskey reevaluating
2024-10-14 22:41:18.018689 Romeo: Whiskey, sending you 5
2024-10-14 22:41:18.019122 Golf: Alpha, sending you 3
2024-10-14 22:41:18.019765 Alpha: Golf, Juliett, Papa, Quebec and Mike, sending you 3
2024-10-14 22:41:18.020886 X-ray: Golf we want you to join our group
2024-10-14 22:41:18.023749 Golf: Yes
2024-10-14 22:41:18.041190 Whiskey: We should drop Romeo and Oscar
2024-10-14 22:41:18.061275 Alpha: Yes
2024-10-14 22:41:18.061514 Golf: Yes
2024-10-14 22:41:18.061670 Juliett: Yes
2024-10-14 22:41:18.061842 Papa: Yes
2024-10-14 22:41:18.061977 Quebec: Yes
2024-10-14 22:41:18.062532 Mike: Yes
2024-10-14 22:41:18.062688 X-ray: Yes
ChatterBot Whiskey reevaluating
ChatterBot Whiskey reevaluating
ChatterBot Whiskey reevaluating
ChatterBot Whiskey reevaluating
ChatterBot X-ray reevaluating
ChatterBot Whiskey reevaluating
ChatterBot X-ray reevaluating
ChatterBot Whiskey reevaluating
ChatterBot X-ray reevaluating
ChatterBot Whiskey reevaluating
2024-10-14 22:41:18.245826 Romeo: Oscar, sending you 4
2024-10-14 22:41:18.246810 Golf: Juliett and Papa, sending you 2
2024-10-14 22:41:18.247574 Alpha: X-ray, sending you 1
2024-10-14 22:41:18.264087 Juliett: Alpha, Papa, Quebec and Mike, sending you 3
2024-10-14 22:41:18.265493 Golf: Quebec and Mike, sending you 4
2024-10-14 22:41:18.266720 Mike: Alpha, sending you 5
2024-10-14 22:41:18.267116 Oscar: Romeo, sending you 9
2024-10-14 22:41:18.267813 Quebec: Alpha, Golf and Mike, sending you 3
2024-10-14 22:41:18.268388 Juliett: Golf and X-ray, sending you 2
2024-10-14 22:41:18.275269 Golf: X-ray, sending you 1
2024-10-14 22:41:18.277107 Quebec: Juliett and X-ray, sending you 2
2024-10-14 22:41:18.278688 Mike: Golf, Juliett and Quebec, sending you 3
2024-10-14 22:41:18.279230 Oscar: Whiskey, sending you 6
2024-10-14 22:41:18.281663 Quebec: Papa, sending you 4
2024-10-14 22:41:18.283820 Mike: Papa, sending you 2
2024-10-14 22:41:18.287909 Whiskey: Alpha, Juliett and Papa, sending you 1
2024-10-14 22:41:18.292194 Whiskey: Quebec, sending you 4
2024-10-14 22:41:18.295688 Whiskey: Mike, sending you 5
2024-10-14 22:41:18.299661 Whiskey: X-ray, sending you 3
chatterbot Romeo submitting transactions
chatterbot Oscar submitting transactions
chatterbot Juliett submitting transactions
chatterbot Alpha submitting transactions
chatterbot Golf submitting transactions
chatterbot Whiskey submitting transactions
chatterbot Mike submitting transactions
chatterbot Quebec submitting transactions
chatterbot X-ray submitting transactions
chatterbot Papa submitting transactions
ChatterBot Alpha round 6
ChatterBot Golf round 6
ChatterBot Juliett round 6
ChatterBot Papa round 6
ChatterBot Romeo round 6
ChatterBot Quebec round 6
ChatterBot Whiskey round 6
ChatterBot Mike round 6
ChatterBot Oscar round 6
ChatterBot X-ray round 6
2024-10-14 22:41:19.234807 Papa: We should add Golf
ChatterBot X-ray reevaluating
2024-10-14 22:41:19.248873 Alpha: Yes
2024-10-14 22:41:19.249040 Juliett: Yes
2024-10-14 22:41:19.249187 Quebec: Yes
2024-10-14 22:41:19.249316 Mike: Yes
2024-10-14 22:41:19.249437 X-ray: Yes
ChatterBot X-ray reevaluating
ChatterBot X-ray reevaluating
ChatterBot X-ray reevaluating
ChatterBot X-ray reevaluating
2024-10-14 22:41:19.334732 Papa: Golf we want you to join our group
2024-10-14 22:41:19.338098 Golf: Yes
ChatterBot X-ray reevaluating
2024-10-14 22:41:19.357698 Quebec: Alpha, Golf, Juliett, Papa and Mike, sending you 3
2024-10-14 22:41:19.358966 Alpha: Golf, Juliett, Papa, Quebec and Mike, sending you 3
2024-10-14 22:41:19.360868 Romeo: Whiskey, sending you 5
2024-10-14 22:41:19.361426 Golf: Alpha and Mike, sending you 3
2024-10-14 22:41:19.363052 X-ray: Golf we want you to join our group
2024-10-14 22:41:19.367301 Golf: Yes
2024-10-14 22:41:19.384988 Quebec: X-ray, sending you 2
2024-10-14 22:41:19.385984 Alpha: X-ray, sending you 1
2024-10-14 22:41:19.387261 Romeo: Oscar, sending you 3
2024-10-14 22:41:19.387602 Oscar: Romeo, sending you 10
2024-10-14 22:41:19.388362 Golf: Juliett and Papa, sending you 2
2024-10-14 22:41:19.389333 Whiskey: Alpha, Juliett and Papa, sending you 1
2024-10-14 22:41:19.392146 Oscar: Whiskey, sending you 5
2024-10-14 22:41:19.392658 Mike: Alpha, sending you 4
2024-10-14 22:41:19.393253 Golf: Quebec, sending you 5
2024-10-14 22:41:19.394793 Juliett: Alpha, Papa, Quebec and Mike, sending you 3
2024-10-14 22:41:19.396292 Whiskey: Quebec, sending you 4
2024-10-14 22:41:19.396809 Mike: Golf, Juliett, Papa and Quebec, sending you 3
2024-10-14 22:41:19.399684 Golf: X-ray, sending you 1
2024-10-14 22:41:19.401269 Juliett: Golf and X-ray, sending you 2
2024-10-14 22:41:19.402784 Whiskey: Mike, sending you 5
2024-10-14 22:41:19.404085 X-ray: Alpha, Juliett and Quebec, sending you 2
2024-10-14 22:41:19.407679 Whiskey: X-ray, sending you 3
2024-10-14 22:41:19.409025 X-ray: Golf and Mike, sending you 1
2024-10-14 22:41:19.412771 X-ray: Papa, sending you 3
chatterbot Papa submitting transactions
chatterbot Mike submitting transactions
chatterbot Romeo submitting transactions
chatterbot Whiskey submitting transactions
chatterbot Alpha submitting transactions
chatterbot Quebec submitting transactions
chatterbot Juliett submitting transactions
chatterbot Oscar submitting transactions
chatterbot Golf submitting transactions
chatterbot X-ray submitting transactions
ChatterBot Alpha round 7
ChatterBot Golf round 7
ChatterBot Juliett round 7
ChatterBot Papa round 7
ChatterBot Romeo round 7
ChatterBot Quebec round 7
ChatterBot Whiskey round 7
ChatterBot Mike round 7
ChatterBot Oscar round 7
ChatterBot X-ray round 7
2024-10-14 22:41:20.437176 Papa: We should add Golf
2024-10-14 22:41:20.457336 Alpha: Yes
2024-10-14 22:41:20.457546 Juliett: Yes
2024-10-14 22:41:20.457715 Quebec: Yes
2024-10-14 22:41:20.457885 Mike: Yes
2024-10-14 22:41:20.458008 X-ray: Yes
2024-10-14 22:41:20.535082 Papa: Golf we want you to join our group
2024-10-14 22:41:20.538587 Golf: Yes
2024-10-14 22:41:20.554707 Golf: Alpha and Mike, sending you 3
2024-10-14 22:41:20.556205 Alpha: Golf, Juliett, Papa, Quebec and Mike, sending you 3
2024-10-14 22:41:20.557351 Romeo: Whiskey, sending you 5
2024-10-14 22:41:20.558663 Golf: Juliett, Papa and X-ray, sending you 2
2024-10-14 22:41:20.559834 Alpha: X-ray, sending you 1
2024-10-14 22:41:20.560696 Romeo: Oscar, sending you 3
2024-10-14 22:41:20.562686 Golf: Quebec, sending you 4
2024-10-14 22:41:20.565946 Oscar: Romeo, sending you 10
2024-10-14 22:41:20.570222 Juliett: Alpha, Papa, Quebec and Mike, sending you 3
2024-10-14 22:41:20.571641 Oscar: Whiskey, sending you 5
2024-10-14 22:41:20.572581 X-ray: Alpha, Juliett and Quebec, sending you 2
2024-10-14 22:41:20.574379 Quebec: Alpha, Golf, Juliett, Papa and Mike, sending you 3
2024-10-14 22:41:20.575269 Mike: Alpha, sending you 4
2024-10-14 22:41:20.576282 Juliett: Golf and X-ray, sending you 2
2024-10-14 22:41:20.576995 Whiskey: Alpha, Juliett and Papa, sending you 1
2024-10-14 22:41:20.577968 X-ray: Golf and Mike, sending you 1
2024-10-14 22:41:20.579531 Quebec: X-ray, sending you 2
2024-10-14 22:41:20.581144 Mike: Golf, Juliett, Papa and Quebec, sending you 3
2024-10-14 22:41:20.581893 X-ray: Papa, sending you 3
2024-10-14 22:41:20.582878 Whiskey: Quebec, sending you 4
2024-10-14 22:41:20.588712 Whiskey: Mike, sending you 5
2024-10-14 22:41:20.591710 Whiskey: X-ray, sending you 3
chatterbot Alpha submitting transactions
chatterbot Oscar submitting transactions
chatterbot Papa submitting transactions
chatterbot Juliett submitting transactions
chatterbot Mike submitting transactions
chatterbot Whiskey submitting transactions
chatterbot Romeo submitting transactions
chatterbot Golf submitting transactions
chatterbot Quebec submitting transactions
chatterbot X-ray submitting transactions
ChatterBot Alpha round 8
ChatterBot Golf round 8
ChatterBot Juliett round 8
ChatterBot Papa round 8
ChatterBot Romeo round 8
ChatterBot Quebec round 8
ChatterBot Whiskey round 8
ChatterBot Mike round 8
ChatterBot Oscar round 8
ChatterBot X-ray round 8
2024-10-14 22:41:21.737876 Papa: We should add Golf
2024-10-14 22:41:21.749147 Alpha: Yes
2024-10-14 22:41:21.749335 Juliett: Yes
2024-10-14 22:41:21.749472 Quebec: Yes
2024-10-14 22:41:21.749602 Mike: Yes
2024-10-14 22:41:21.749745 X-ray: Yes
2024-10-14 22:41:21.805540 Papa: Golf we want you to join our group
2024-10-14 22:41:21.810970 Golf: Yes
2024-10-14 22:41:21.831700 Alpha: Golf, Juliett, Papa, Quebec and Mike, sending you 3
2024-10-14 22:41:21.833960 Golf: Alpha and Mike, sending you 3
2024-10-14 22:41:21.834915 Romeo: Whiskey, sending you 5
2024-10-14 22:41:21.835305 Oscar: Romeo, sending you 10
2024-10-14 22:41:21.835694 Quebec: Alpha, Golf, Juliett, Papa and Mike, sending you 3
2024-10-14 22:41:21.837713 Golf: Juliett, Papa and X-ray, sending you 2
2024-10-14 22:41:21.838698 Alpha: X-ray, sending you 1
2024-10-14 22:41:21.840206 Oscar: Whiskey, sending you 5
2024-10-14 22:41:21.840681 Romeo: Oscar, sending you 3
2024-10-14 22:41:21.841686 Quebec: X-ray, sending you 2
2024-10-14 22:41:21.843482 Whiskey: Alpha, Juliett and Papa, sending you 1
2024-10-14 22:41:21.844221 Golf: Quebec, sending you 4
2024-10-14 22:41:21.846223 Juliett: Alpha, Papa, Quebec and Mike, sending you 3
2024-10-14 22:41:21.847511 X-ray: Alpha, Juliett and Quebec, sending you 2
2024-10-14 22:41:21.849275 Whiskey: Quebec, sending you 4
2024-10-14 22:41:21.851088 Juliett: Golf and X-ray, sending you 2
2024-10-14 22:41:21.852669 Mike: Alpha, sending you 4
2024-10-14 22:41:21.853899 X-ray: Golf and Mike, sending you 1
2024-10-14 22:41:21.854790 Whiskey: Mike, sending you 5
2024-10-14 22:41:21.856692 Mike: Golf, Juliett, Papa and Quebec, sending you 3
2024-10-14 22:41:21.859046 X-ray: Papa, sending you 3
2024-10-14 22:41:21.859981 Whiskey: X-ray, sending you 3
chatterbot Whiskey submitting transactions
chatterbot Quebec submitting transactions
chatterbot Juliett submitting transactions
chatterbot Romeo submitting transactions
chatterbot Golf submitting transactions
chatterbot Oscar submitting transactions
chatterbot Alpha submitting transactions
chatterbot X-ray submitting transactions
chatterbot Mike submitting transactions
chatterbot Papa submitting transactions
ChatterBot Alpha round 9
ChatterBot Golf round 9
ChatterBot Juliett round 9
ChatterBot Papa round 9
ChatterBot Romeo round 9
ChatterBot Quebec round 9
ChatterBot Whiskey round 9
ChatterBot Mike round 9
ChatterBot Oscar round 9
ChatterBot X-ray round 9
2024-10-14 22:41:22.907334 Papa: We should add Golf
2024-10-14 22:41:22.924271 Alpha: Yes
2024-10-14 22:41:22.924472 Juliett: Yes
2024-10-14 22:41:22.924648 Quebec: Yes
2024-10-14 22:41:22.924819 Mike: Yes
2024-10-14 22:41:22.924973 X-ray: Yes
2024-10-14 22:41:23.014309 Papa: Golf we want you to join our group
2024-10-14 22:41:23.018538 Golf: Yes
2024-10-14 22:41:23.033253 Alpha: Golf, Juliett, Papa, Quebec and Mike, sending you 3
2024-10-14 22:41:23.035817 Juliett: Alpha, Papa, Quebec and Mike, sending you 3
2024-10-14 22:41:23.036886 Alpha: X-ray, sending you 1
2024-10-14 22:41:23.037504 Golf: Alpha and Mike, sending you 3
2024-10-14 22:41:23.038126 Romeo: Whiskey, sending you 5
2024-10-14 22:41:23.038495 Whiskey: Alpha, Juliett and Papa, sending you 1
2024-10-14 22:41:23.040538 Juliett: Golf and X-ray, sending you 2
2024-10-14 22:41:23.041767 Romeo: Oscar, sending you 3
2024-10-14 22:41:23.042113 Golf: Juliett, Papa and X-ray, sending you 2
2024-10-14 22:41:23.042925 Whiskey: Quebec, sending you 4
2024-10-14 22:41:23.046676 Whiskey: Mike, sending you 5
2024-10-14 22:41:23.047961 Golf: Quebec, sending you 4
2024-10-14 22:41:23.048983 Mike: Alpha, sending you 4
2024-10-14 22:41:23.050770 Whiskey: X-ray, sending you 3
2024-10-14 22:41:23.051720 Quebec: Alpha, Golf, Juliett, Papa and Mike, sending you 3
2024-10-14 22:41:23.052685 Mike: Golf, Juliett, Papa and Quebec, sending you 3
2024-10-14 22:41:23.054069 X-ray: Alpha, Golf, Juliett and Quebec, sending you 2
2024-10-14 22:41:23.054936 Quebec: X-ray, sending you 2
2024-10-14 22:41:23.055832 Oscar: Romeo, sending you 11
2024-10-14 22:41:23.058673 Oscar: Whiskey, sending you 4
2024-10-14 22:41:23.059710 X-ray: Papa, sending you 3
chatterbot X-ray submitting transactions
chatterbot Papa submitting transactions
chatterbot Whiskey submitting transactions
chatterbot Golf submitting transactions
chatterbot Alpha submitting transactions
chatterbot Quebec submitting transactions
chatterbot Oscar submitting transactions
chatterbot Romeo submitting transactions
chatterbot Juliett submitting transactions
chatterbot Mike submitting transactions
ChatterBot Alpha round 10
ChatterBot Golf round 10
ChatterBot Juliett round 10
ChatterBot Papa round 10
ChatterBot Romeo round 10
ChatterBot Quebec round 10
ChatterBot Whiskey round 10
ChatterBot Mike round 10
ChatterBot Oscar round 10
ChatterBot X-ray round 10
2024-10-14 22:41:24.264278 Papa: We should add Golf
ChatterBot Alpha reevaluating
2024-10-14 22:41:24.284366 Alpha: Yes
2024-10-14 22:41:24.284637 Juliett: Yes
2024-10-14 22:41:24.284798 Quebec: Yes
2024-10-14 22:41:24.285119 Mike: Yes
2024-10-14 22:41:24.285400 X-ray: Yes
ChatterBot Alpha reevaluating
ChatterBot Alpha reevaluating
ChatterBot Alpha reevaluating
ChatterBot Alpha reevaluating
2024-10-14 22:41:24.361556 Papa: Golf we want you to join our group
2024-10-14 22:41:24.365559 Golf: Yes
ChatterBot Alpha reevaluating
2024-10-14 22:41:24.389686 Mike: Alpha, sending you 4
2024-10-14 22:41:24.396348 Juliett: Alpha, Papa, Quebec and Mike, sending you 3
2024-10-14 22:41:24.401466 Romeo: Whiskey, sending you 4
2024-10-14 22:41:24.403397 Oscar: Romeo, sending you 11
2024-10-14 22:41:24.405552 Golf: Alpha and Mike, sending you 3
2024-10-14 22:41:24.410021 Whiskey: Alpha, Juliett and Papa, sending you 1
2024-10-14 22:41:24.412980 Quebec: Alpha, Golf, Juliett, Papa and Mike, sending you 3
2024-10-14 22:41:24.417033 Alpha: We should drop X-ray
2024-10-14 22:41:24.440877 Mike: Yes
2024-10-14 22:41:24.441144 Golf: Yes
2024-10-14 22:41:24.442132 Juliett: Yes
2024-10-14 22:41:24.442417 Papa: Yes
2024-10-14 22:41:24.442637 Quebec: Yes
ChatterBot Alpha reevaluating
ChatterBot Alpha reevaluating
ChatterBot Alpha reevaluating
ChatterBot Quebec reevaluating
ChatterBot Alpha reevaluating
ChatterBot Quebec reevaluating
ChatterBot Alpha reevaluating
ChatterBot Golf reevaluating
2024-10-14 22:41:24.523414 Mike: Golf, Juliett, Papa and Quebec, sending you 3
2024-10-14 22:41:24.524140 Juliett: Golf and X-ray, sending you 2
2024-10-14 22:41:24.525678 Romeo: Oscar, sending you 3
2024-10-14 22:41:24.525975 Oscar: Whiskey, sending you 4
2024-10-14 22:41:24.526416 Whiskey: Quebec, sending you 4
2024-10-14 22:41:24.527761 X-ray: Alpha, Golf, Juliett and Quebec, sending you 2
2024-10-14 22:41:24.529681 Whiskey: Mike, sending you 5
2024-10-14 22:41:24.531829 X-ray: Papa, sending you 3
2024-10-14 22:41:24.536673 Whiskey: X-ray, sending you 3
chatterbot Papa submitting transactions
2024-10-14 22:41:24.555748 Quebec: Sorry, I'm actually sending you 0
2024-10-14 22:41:24.556449 Alpha: Golf, Juliett, Papa and Quebec, sending you 3
2024-10-14 22:41:24.559662 Quebec: Alpha and Golf, sending you 4
2024-10-14 22:41:24.561087 Alpha: Mike, sending you 4
chatterbot Juliett submitting transactions
chatterbot Romeo submitting transactions
chatterbot Whiskey submitting transactions
chatterbot Mike submitting transactions
chatterbot X-ray submitting transactions
chatterbot Quebec submitting transactions
chatterbot Oscar submitting transactions
chatterbot Golf submitting transactions
chatterbot Alpha submitting transactions
ChatterBot Alpha round 11
ChatterBot Golf round 11
ChatterBot Juliett round 11
ChatterBot Papa round 11
ChatterBot Romeo round 11
ChatterBot Quebec round 11
ChatterBot Whiskey round 11
ChatterBot Mike round 11
ChatterBot Oscar round 11
ChatterBot X-ray round 11
