ChatterBot Lima round 1
ChatterBot India round 1
ChatterBot Charlie round 1
ChatterBot November round 1
ChatterBot Delta round 1
ChatterBot Quebec round 1
ChatterBot Zulu round 1
ChatterBot Tango round 1
ChatterBot Foxtrot round 1
ChatterBot Romeo round 1
randomSelections Charlie: {Charlie, India, Romeo, Delta, Quebec, Foxtrot, Tango, November} 
2024-10-14 22:41:11.094868 Charlie: Let's form a team
ChatterBot India reevaluating
ChatterBot Romeo reevaluating
ChatterBot Delta reevaluating
ChatterBot Quebec reevaluating
ChatterBot Foxtrot reevaluating
ChatterBot Tango reevaluating
ChatterBot November reevaluating
2024-10-14 22:41:11.124514 India: Yes
2024-10-14 22:41:11.124762 Romeo: Yes
2024-10-14 22:41:11.126220 Delta: Yes
2024-10-14 22:41:11.126411 Quebec: Yes
2024-10-14 22:41:11.126578 Foxtrot: Yes
2024-10-14 22:41:11.126781 Tango: Yes
2024-10-14 22:41:11.126974 November: Yes
ChatterBot Romeo reevaluating
ChatterBot Delta reevaluating
ChatterBot Quebec reevaluating
ChatterBot Foxtrot reevaluating
ChatterBot Tango reevaluating
ChatterBot November reevaluating
ChatterBot India reevaluating
ChatterBot Delta reevaluating
ChatterBot Quebec reevaluating
ChatterBot Foxtrot reevaluating
ChatterBot Tango reevaluating
ChatterBot November reevaluating
ChatterBot India reevaluating
ChatterBot Romeo reevaluating
ChatterBot Quebec reevaluating
ChatterBot Foxtrot reevaluating
ChatterBot Tango reevaluating
ChatterBot November reevaluating
ChatterBot India reevaluating
ChatterBot Romeo reevaluating
ChatterBot Delta reevaluating
ChatterBot Foxtrot reevaluating
ChatterBot Tango reevaluating
ChatterBot November reevaluating
ChatterBot India reevaluating
ChatterBot Romeo reevaluating
ChatterBot Delta reevaluating
ChatterBot Quebec reevaluating
ChatterBot Tango reevaluating
ChatterBot November reevaluating
ChatterBot India reevaluating
ChatterBot Romeo reevaluating
ChatterBot Delta reevaluating
ChatterBot Quebec reevaluating
ChatterBot Foxtrot reevaluating
ChatterBot November reevaluating
ChatterBot India reevaluating
ChatterBot Romeo reevaluating
ChatterBot Delta reevaluating
ChatterBot Quebec reevaluating
ChatterBot Foxtrot reevaluating
ChatterBot Tango reevaluating
randomSelections Lima: {Lima, Foxtrot, Quebec, Romeo, Tango, Zulu, November} 
2024-10-14 22:41:11.252143 Lima: Let's form a team
ChatterBot Foxtrot reevaluating
ChatterBot Quebec reevaluating
ChatterBot Romeo reevaluating
ChatterBot Tango reevaluating
ChatterBot Zulu reevaluating
ChatterBot November reevaluating
2024-10-14 22:41:11.305045 Foxtrot: No
2024-10-14 22:41:11.307204 Quebec: No
2024-10-14 22:41:11.307417 Romeo: No
2024-10-14 22:41:11.307589 Tango: No
2024-10-14 22:41:11.307798 Zulu: Yes
2024-10-14 22:41:11.307969 November: No
ChatterBot Quebec reevaluating
ChatterBot Romeo reevaluating
ChatterBot Tango reevaluating
ChatterBot Zulu reevaluating
ChatterBot November reevaluating
ChatterBot Foxtrot reevaluating
ChatterBot Romeo reevaluating
ChatterBot Tango reevaluating
ChatterBot Zulu reevaluating
ChatterBot November reevaluating
ChatterBot Foxtrot reevaluating
ChatterBot Quebec reevaluating
ChatterBot Tango reevaluating
ChatterBot Zulu reevaluating
ChatterBot November reevaluating
ChatterBot Foxtrot reevaluating
ChatterBot Quebec reevaluating
ChatterBot Romeo reevaluating
ChatterBot Zulu reevaluating
ChatterBot November reevaluating
ChatterBot Foxtrot reevaluating
ChatterBot Quebec reevaluating
ChatterBot Romeo reevaluating
ChatterBot Tango reevaluating
ChatterBot November reevaluating
ChatterBot Foxtrot reevaluating
ChatterBot Quebec reevaluating
ChatterBot Romeo reevaluating
ChatterBot Tango reevaluating
ChatterBot Zulu reevaluating
2024-10-14 22:41:11.482136 Quebec: India and Delta, sending you 3
2024-10-14 22:41:11.483983 Lima: November, Zulu and Tango, sending you 1
2024-10-14 22:41:11.486166 Delta: India, Foxtrot and Romeo, sending you 3
2024-10-14 22:41:11.491123 Quebec: Charlie and November, sending you 2
2024-10-14 22:41:11.492419 Zulu: Lima, November, Quebec and Foxtrot, sending you 2
2024-10-14 22:41:11.493033 Lima: Quebec, sending you 3
2024-10-14 22:41:11.494457 Charlie: India, sending you 1
2024-10-14 22:41:11.495107 Delta: Charlie and Quebec, sending you 2
2024-10-14 22:41:11.496764 Tango: India, Charlie and Delta, sending you 3
2024-10-14 22:41:11.497516 November: India and Charlie, sending you 2
2024-10-14 22:41:11.499160 Foxtrot: India, sending you 6
2024-10-14 22:41:11.500281 India: Charlie and Quebec, sending you 2
2024-10-14 22:41:11.502097 Romeo: India, sending you 1
2024-10-14 22:41:11.503787 Quebec: Tango and Romeo, sending you 1
2024-10-14 22:41:11.505077 Zulu: Tango, sending you 3
2024-10-14 22:41:11.506633 Lima: Foxtrot, sending you 4
2024-10-14 22:41:11.508268 Charlie: November, sending you 4
2024-10-14 22:41:11.509202 Delta: November, sending you 4
2024-10-14 22:41:11.510720 Tango: November, Foxtrot and Romeo, sending you 2
2024-10-14 22:41:11.511373 November: Delta, sending you 5
2024-10-14 22:41:11.512924 Foxtrot: Charlie, sending you 4
2024-10-14 22:41:11.513836 India: November and Romeo, sending you 1
2024-10-14 22:41:11.515014 Romeo: Charlie and Tango, sending you 2
2024-10-14 22:41:11.516382 Quebec: Foxtrot, sending you 4
2024-10-14 22:41:11.517192 Zulu: Romeo, sending you 5
2024-10-14 22:41:11.519321 Lima: Romeo, sending you 5
2024-10-14 22:41:11.520345 Charlie: Delta, sending you 5
2024-10-14 22:41:11.522281 Delta: Tango, sending you 1
2024-10-14 22:41:11.523067 Tango: Quebec, sending you 1
2024-10-14 22:41:11.525278 November: Tango and Romeo, sending you 3
2024-10-14 22:41:11.526081 India: Delta and Tango, sending you 3
2024-10-14 22:41:11.528078 Foxtrot: November, sending you 2
2024-10-14 22:41:11.529097 Romeo: November and Foxtrot, sending you 4
2024-10-14 22:41:11.530912 Charlie: Quebec and Tango, sending you 2
2024-10-14 22:41:11.532636 November: Foxtrot, sending you 1
2024-10-14 22:41:11.533962 India: Foxtrot, sending you 4
2024-10-14 22:41:11.536011 Foxtrot: Quebec, Tango and Romeo, sending you 1
2024-10-14 22:41:11.538040 Charlie: Romeo, sending you 3
2024-10-14 22:41:11.539039 Romeo: Delta and Quebec, sending you 3
chatterbot Charlie submitting transactions
chatterbot Foxtrot submitting transactions
chatterbot Zulu submitting transactions
chatterbot November submitting transactions
chatterbot Quebec submitting transactions
chatterbot Romeo submitting transactions
chatterbot Tango submitting transactions
chatterbot Lima submitting transactions
chatterbot India submitting transactions
chatterbot Delta submitting transactions
ChatterBot Lima round 2
ChatterBot India round 2
ChatterBot Charlie round 2
ChatterBot November round 2
ChatterBot Delta round 2
ChatterBot Quebec round 2
ChatterBot Zulu round 2
2024-10-14 22:41:12.744673 Lima: We would work well together
ChatterBot Zulu reevaluating
2024-10-14 22:41:12.750647 Zulu: Yes
ChatterBot Tango round 2
ChatterBot Foxtrot round 2
ChatterBot Romeo round 2
2024-10-14 22:41:12.785912 Quebec: We should add Lima and Zulu
ChatterBot Romeo reevaluating
ChatterBot Foxtrot reevaluating
ChatterBot Tango reevaluating
2024-10-14 22:41:12.828309 Charlie: No
2024-10-14 22:41:12.828570 India: No
2024-10-14 22:41:12.828791 Romeo: Yes
2024-10-14 22:41:12.829410 Delta: No
2024-10-14 22:41:12.829579 Foxtrot: Yes
2024-10-14 22:41:12.829763 Tango: Yes
2024-10-14 22:41:12.829926 November: No
ChatterBot Romeo reevaluating
ChatterBot Foxtrot reevaluating
ChatterBot Tango reevaluating
ChatterBot Romeo reevaluating
ChatterBot Foxtrot reevaluating
ChatterBot Tango reevaluating
ChatterBot Foxtrot reevaluating
ChatterBot Tango reevaluating
ChatterBot Romeo reevaluating
ChatterBot Foxtrot reevaluating
ChatterBot Tango reevaluating
ChatterBot Romeo reevaluating
ChatterBot Tango reevaluating
ChatterBot Romeo reevaluating
ChatterBot Foxtrot reevaluating
ChatterBot Romeo reevaluating
ChatterBot Foxtrot reevaluating
ChatterBot Tango reevaluating
2024-10-14 22:41:13.124933 November: We should drop Foxtrot
ChatterBot Tango reevaluating
ChatterBot Romeo reevaluating
2024-10-14 22:41:13.160244 India: No
2024-10-14 22:41:13.160476 Charlie: No
2024-10-14 22:41:13.161127 Delta: No
2024-10-14 22:41:13.161272 Quebec: No
2024-10-14 22:41:13.161419 Tango: No
2024-10-14 22:41:13.161587 Romeo: No
ChatterBot Tango reevaluating
ChatterBot Romeo reevaluating
ChatterBot Tango reevaluating
ChatterBot Romeo reevaluating
ChatterBot Tango reevaluating
ChatterBot Romeo reevaluating
ChatterBot Tango reevaluating
ChatterBot Romeo reevaluating
ChatterBot Romeo reevaluating
ChatterBot Tango reevaluating
2024-10-14 22:41:13.395665 Quebec: Lima and Zulu we want you to join our group
2024-10-14 22:41:13.407482 Lima: No
2024-10-14 22:41:13.407768 Zulu: No
ChatterBot Tango reevaluating
ChatterBot Foxtrot reevaluating
ChatterBot Romeo reevaluating
ChatterBot Tango reevaluating
ChatterBot Foxtrot reevaluating
ChatterBot Romeo reevaluating
2024-10-14 22:41:13.514014 Charlie: India, November, Delta, Quebec and Romeo, sending you 2
2024-10-14 22:41:14.057849 Foxtrot: Lima and Zulu we want you to join our group
2024-10-14 22:41:14.065299 Lima: No
2024-10-14 22:41:14.065477 Zulu: No
2024-10-14 22:41:14.133124 Lima: Sending you 6
2024-10-14 22:41:14.133712 Charlie: Tango, sending you 3
2024-10-14 22:41:14.134978 Tango: Lima and Zulu we want you to join our group
2024-10-14 22:41:14.142757 Lima: No
2024-10-14 22:41:14.143769 Zulu: No
2024-10-14 22:41:14.203500 India: Charlie and Romeo, sending you 1
2024-10-14 22:41:14.204518 Zulu: Sending you 9
2024-10-14 22:41:14.204736 Delta: India, Charlie, November, Quebec, Tango and Romeo, sending you 3
2024-10-14 22:41:14.205162 Romeo: Lima and Zulu we want you to join our group
2024-10-14 22:41:14.211568 Lima: No
2024-10-14 22:41:14.211730 Zulu: No
ChatterBot Tango reevaluating
ChatterBot Tango reevaluating
chatterbot Delta submitting transactions
chatterbot Lima submitting transactions
chatterbot November submitting transactions
chatterbot India submitting transactions
2024-10-14 22:41:14.271277 Charlie: Foxtrot, sending you 4
2024-10-14 22:41:14.271849 India: November, Quebec and Tango, sending you 2
chatterbot Quebec submitting transactions
2024-10-14 22:41:14.272845 November: India, Quebec and Tango, sending you 2
2024-10-14 22:41:14.681416 Quebec: Lima and Romeo, sending you 3
2024-10-14 22:41:14.682392 November: Charlie, sending you 4
2024-10-14 22:41:14.682681 India: Delta, sending you 3
chatterbot Charlie submitting transactions
chatterbot Zulu submitting transactions
2024-10-14 22:41:15.149306 Quebec: India, Charlie, Delta and Zulu, sending you 2
2024-10-14 22:41:15.150591 Romeo: Lima and Zulu, sending you 4
2024-10-14 22:41:15.151067 India: Foxtrot, sending you 5
2024-10-14 22:41:15.152187 November: Delta and Romeo, sending you 3
2024-10-14 22:41:15.152590 Foxtrot: Lima, India, Delta, Quebec, Zulu, Tango and Romeo, sending you 2
chatterbot Foxtrot submitting transactions
chatterbot Tango submitting transactions
chatterbot Romeo submitting transactions
2024-10-14 22:41:15.173990 Quebec: Tango and Foxtrot, sending you 1
2024-10-14 22:41:15.174419 Romeo: India, Quebec and Foxtrot, sending you 1
2024-10-14 22:41:15.175358 November: Lima did not give me 1 like they said
ChatterBot India reevaluating
ChatterBot Charlie reevaluating
ChatterBot Delta reevaluating
ChatterBot Quebec reevaluating
ChatterBot Tango reevaluating
ChatterBot Romeo reevaluating
2024-10-14 22:41:15.196714 November: Charlie did not give me 4 like they said
ChatterBot India reevaluating
ChatterBot Charlie reevaluating
ChatterBot Delta reevaluating
ChatterBot Quebec reevaluating
ChatterBot Tango reevaluating
ChatterBot Romeo reevaluating
2024-10-14 22:41:15.221935 November: Delta did not give me 4 like they said
ChatterBot India reevaluating
ChatterBot Charlie reevaluating
ChatterBot Delta reevaluating
ChatterBot Quebec reevaluating
ChatterBot Tango reevaluating
ChatterBot Romeo reevaluating
2024-10-14 22:41:15.251273 November: Quebec did not give me 2 like they said
ChatterBot India reevaluating
ChatterBot Charlie reevaluating
ChatterBot Delta reevaluating
ChatterBot Quebec reevaluating
ChatterBot Tango reevaluating
ChatterBot Romeo reevaluating
2024-10-14 22:41:15.284357 November: Zulu did not give me 2 like they said
ChatterBot India reevaluating
ChatterBot Charlie reevaluating
ChatterBot Delta reevaluating
ChatterBot Quebec reevaluating
ChatterBot Tango reevaluating
ChatterBot Romeo reevaluating
2024-10-14 22:41:15.315825 November: Foxtrot did not give me 2 like they said
ChatterBot India reevaluating
ChatterBot Charlie reevaluating
ChatterBot Delta reevaluating
ChatterBot Quebec reevaluating
ChatterBot Tango reevaluating
ChatterBot Romeo reevaluating
2024-10-14 22:41:15.345029 November: Romeo did not give me 4 like they said
ChatterBot India reevaluating
ChatterBot Charlie reevaluating
ChatterBot Delta reevaluating
ChatterBot Quebec reevaluating
ChatterBot Tango reevaluating
ChatterBot Romeo reevaluating
2024-10-14 22:41:15.380208 Foxtrot: November, sending you 1
2024-10-14 22:41:15.381429 India: Quebec did not give me 3 like they said
ChatterBot Charlie reevaluating
ChatterBot Romeo reevaluating
ChatterBot Delta reevaluating
ChatterBot Quebec reevaluating
ChatterBot Foxtrot reevaluating
ChatterBot Tango reevaluating
ChatterBot November reevaluating
2024-10-14 22:41:15.428248 India: Foxtrot did not give me 6 like they said
ChatterBot Charlie reevaluating
ChatterBot Romeo reevaluating
ChatterBot Delta reevaluating
ChatterBot Quebec reevaluating
ChatterBot Foxtrot reevaluating
ChatterBot Tango reevaluating
ChatterBot November reevaluating
ChatterBot Lima round 3
ChatterBot India round 3
ChatterBot Charlie round 3
ChatterBot November round 3
ChatterBot Delta round 3
ChatterBot Quebec round 3
ChatterBot Zulu round 3
ChatterBot Tango round 3
ChatterBot Foxtrot round 3
ChatterBot Romeo round 3
2024-10-14 22:41:15.484690 Tango: We should add Lima and Zulu
ChatterBot Charlie reevaluating
ChatterBot India reevaluating
ChatterBot Romeo reevaluating
ChatterBot Delta reevaluating
ChatterBot Quebec reevaluating
ChatterBot Foxtrot reevaluating
ChatterBot November reevaluating
2024-10-14 22:41:15.529372 Charlie: No
2024-10-14 22:41:15.529663 India: No
2024-10-14 22:41:15.530262 Romeo: No
2024-10-14 22:41:15.530469 Delta: No
2024-10-14 22:41:15.530671 Quebec: No
2024-10-14 22:41:15.530890 Foxtrot: No
2024-10-14 22:41:15.531062 November: No
ChatterBot India reevaluating
ChatterBot Romeo reevaluating
ChatterBot Delta reevaluating
ChatterBot Quebec reevaluating
ChatterBot Foxtrot reevaluating
ChatterBot Tango reevaluating
ChatterBot November reevaluating
ChatterBot Charlie reevaluating
ChatterBot Romeo reevaluating
ChatterBot Delta reevaluating
ChatterBot Quebec reevaluating
ChatterBot Foxtrot reevaluating
ChatterBot Tango reevaluating
ChatterBot November reevaluating
ChatterBot Charlie reevaluating
ChatterBot India reevaluating
ChatterBot Delta reevaluating
ChatterBot Quebec reevaluating
ChatterBot Foxtrot reevaluating
ChatterBot Tango reevaluating
ChatterBot November reevaluating
ChatterBot Charlie reevaluating
ChatterBot India reevaluating
ChatterBot Romeo reevaluating
ChatterBot Quebec reevaluating
ChatterBot Foxtrot reevaluating
ChatterBot Tango reevaluating
ChatterBot November reevaluating
ChatterBot Charlie reevaluating
ChatterBot India reevaluating
ChatterBot Romeo reevaluating
ChatterBot Delta reevaluating
ChatterBot Foxtrot reevaluating
ChatterBot Tango reevaluating
ChatterBot November reevaluating
ChatterBot Charlie reevaluating
ChatterBot India reevaluating
ChatterBot Romeo reevaluating
ChatterBot Delta reevaluating
ChatterBot Quebec reevaluating
ChatterBot Tango reevaluating
ChatterBot November reevaluating
ChatterBot Charlie reevaluating
ChatterBot India reevaluating
ChatterBot Romeo reevaluating
ChatterBot Delta reevaluating
ChatterBot Quebec reevaluating
ChatterBot Foxtrot reevaluating
ChatterBot Tango reevaluating
2024-10-14 22:41:15.955211 November: We should replace Quebec with Foxtrot
ChatterBot India reevaluating
ChatterBot Charlie reevaluating
ChatterBot Delta reevaluating
ChatterBot Tango reevaluating
ChatterBot Romeo reevaluating
2024-10-14 22:41:15.991960 India: No
2024-10-14 22:41:15.992596 Charlie: No
2024-10-14 22:41:15.993151 Delta: No
2024-10-14 22:41:15.994110 Tango: No
2024-10-14 22:41:15.994419 Romeo: No
ChatterBot November reevaluating
ChatterBot Charlie reevaluating
ChatterBot Delta reevaluating
ChatterBot Tango reevaluating
ChatterBot Romeo reevaluating
ChatterBot November reevaluating
ChatterBot India reevaluating
ChatterBot Delta reevaluating
ChatterBot Tango reevaluating
ChatterBot Romeo reevaluating
ChatterBot November reevaluating
ChatterBot India reevaluating
ChatterBot Charlie reevaluating
ChatterBot Tango reevaluating
ChatterBot Romeo reevaluating
ChatterBot November reevaluating
ChatterBot India reevaluating
ChatterBot Charlie reevaluating
ChatterBot Delta reevaluating
ChatterBot Romeo reevaluating
ChatterBot November reevaluating
ChatterBot India reevaluating
ChatterBot Charlie reevaluating
ChatterBot Delta reevaluating
ChatterBot Tango reevaluating
2024-10-14 22:41:16.178609 Zulu: We should add Romeo
2024-10-14 22:41:16.184320 Lima: No
ChatterBot Zulu reevaluating
2024-10-14 22:41:16.236415 November: We should add Foxtrot
ChatterBot Charlie reevaluating
ChatterBot Tango reevaluating
2024-10-14 22:41:16.271289 India: Yes
2024-10-14 22:41:16.271497 Charlie: Yes
2024-10-14 22:41:16.271682 Delta: Yes
2024-10-14 22:41:16.271865 Quebec: Yes
2024-10-14 22:41:16.272045 Tango: Yes
2024-10-14 22:41:16.272718 Romeo: Yes
ChatterBot Charlie reevaluating
ChatterBot Tango reevaluating
ChatterBot November reevaluating
ChatterBot Tango reevaluating
ChatterBot November reevaluating
ChatterBot Charlie reevaluating
ChatterBot Tango reevaluating
ChatterBot November reevaluating
ChatterBot Charlie reevaluating
ChatterBot Tango reevaluating
ChatterBot November reevaluating
ChatterBot Charlie reevaluating
ChatterBot November reevaluating
ChatterBot Charlie reevaluating
ChatterBot Tango reevaluating
2024-10-14 22:41:16.478446 Foxtrot: We should drop Lima and Zulu
ChatterBot November reevaluating
2024-10-14 22:41:16.606208 Charlie: Yes
2024-10-14 22:41:16.606511 India: Yes
2024-10-14 22:41:16.606730 Romeo: Yes
2024-10-14 22:41:16.606927 Delta: Yes
2024-10-14 22:41:16.607198 Quebec: Yes
2024-10-14 22:41:16.608133 Tango: Yes
2024-10-14 22:41:16.608405 November: Yes
ChatterBot November reevaluating
ChatterBot November reevaluating
ChatterBot November reevaluating
ChatterBot Quebec reevaluating
ChatterBot November reevaluating
ChatterBot November reevaluating
ChatterBot Quebec reevaluating
ChatterBot November reevaluating
ChatterBot Quebec reevaluating
2024-10-14 22:41:17.079341 Delta: India, Charlie, November and Romeo, sending you 3
2024-10-14 22:41:17.081436 November: Foxtrot we want you to join our group
2024-10-14 22:41:17.088135 Foxtrot: Yes
2024-10-14 22:41:17.118834 Romeo: India and Foxtrot, sending you 2
2024-10-14 22:41:17.120367 India: Charlie, November and Quebec, sending you 2
chatterbot India submitting transactions
chatterbot Tango submitting transactions
chatterbot Foxtrot submitting transactions
2024-10-14 22:41:17.122738 Delta: Quebec, Tango and Foxtrot, sending you 2
2024-10-14 22:41:17.123641 Romeo: Charlie, November, Delta, Quebec and Tango, sending you 3
2024-10-14 22:41:17.146695 India: Delta, Tango and Foxtrot, sending you 3
2024-10-14 22:41:17.148194 Lima: Sending you 5
2024-10-14 22:41:17.148700 Zulu: Same as last round
2024-10-14 22:41:17.149151 Tango: India, Charlie and November, sending you 3
2024-10-14 22:41:17.150744 Foxtrot: India, sending you 3
2024-10-14 22:41:17.152035 Charlie: India, Quebec, Foxtrot and Romeo, sending you 2
chatterbot Quebec submitting transactions
2024-10-14 22:41:17.153681 India: Romeo, sending you 1
2024-10-14 22:41:17.155121 Tango: Delta, Foxtrot and Romeo, sending you 2
2024-10-14 22:41:17.156298 Foxtrot: Charlie, November, Delta, Quebec, Tango and Romeo, sending you 2
2024-10-14 22:41:17.157898 Charlie: November, Delta and Tango, sending you 3
2024-10-14 22:41:17.159680 November: India and Foxtrot, sending you 2
2024-10-14 22:41:17.161085 Quebec: India, Charlie, November, Tango, Foxtrot and Romeo, sending you 2
2024-10-14 22:41:17.162197 Tango: Quebec, sending you 1
2024-10-14 22:41:17.171301 November: Charlie, Delta, Tango and Romeo, sending you 3
2024-10-14 22:41:17.171798 Quebec: Delta, sending you 4
chatterbot Zulu submitting transactions
chatterbot Charlie submitting transactions
chatterbot Lima submitting transactions
chatterbot Romeo submitting transactions
chatterbot Delta submitting transactions
chatterbot November submitting transactions
ChatterBot Lima round 4
ChatterBot India round 4
ChatterBot Charlie round 4
ChatterBot November round 4
ChatterBot Delta round 4
ChatterBot Quebec round 4
ChatterBot Zulu round 4
ChatterBot Tango round 4
ChatterBot Foxtrot round 4
ChatterBot Romeo round 4
2024-10-14 22:41:18.141027 November: We should add Quebec
2024-10-14 22:41:18.162096 India: Yes
2024-10-14 22:41:18.162284 Charlie: Yes
2024-10-14 22:41:18.162462 Delta: Yes
2024-10-14 22:41:18.162656 Tango: Yes
2024-10-14 22:41:18.162811 Foxtrot: Yes
2024-10-14 22:41:18.162989 Romeo: Yes
ChatterBot November reevaluating
ChatterBot November reevaluating
ChatterBot November reevaluating
ChatterBot November reevaluating
ChatterBot November reevaluating
2024-10-14 22:41:18.323805 Lima: Same as last round
2024-10-14 22:41:18.328198 November: Quebec we want you to join our group
2024-10-14 22:41:18.332312 Quebec: Yes
ChatterBot November reevaluating
2024-10-14 22:41:18.359810 Romeo: India and Foxtrot, sending you 2
2024-10-14 22:41:18.360729 India: Charlie, November and Quebec, sending you 2
2024-10-14 22:41:18.362682 Quebec: India, Delta and Romeo, sending you 3
2024-10-14 22:41:18.363912 Delta: India, Charlie, November, Quebec and Romeo, sending you 3
2024-10-14 22:41:18.365139 Zulu: Sending you 10
2024-10-14 22:41:18.365460 Tango: India, Charlie and November, sending you 3
2024-10-14 22:41:18.366911 Charlie: India, Quebec, Foxtrot and Romeo, sending you 2
2024-10-14 22:41:18.367758 Foxtrot: India, sending you 3
2024-10-14 22:41:18.369017 Romeo: Charlie, November, Delta, Quebec and Tango, sending you 3
2024-10-14 22:41:18.369965 India: Delta, Tango and Foxtrot, sending you 3
2024-10-14 22:41:18.371268 Quebec: Charlie, Tango and Foxtrot, sending you 2
2024-10-14 22:41:18.372079 Delta: Tango, sending you 2
2024-10-14 22:41:18.373452 Tango: Delta, Foxtrot and Romeo, sending you 2
2024-10-14 22:41:18.374493 Charlie: November, Delta and Tango, sending you 3
2024-10-14 22:41:18.375936 Foxtrot: Charlie, November, Delta, Quebec, Tango and Romeo, sending you 2
2024-10-14 22:41:18.377392 India: Romeo, sending you 1
2024-10-14 22:41:18.379356 Quebec: November, sending you 1
2024-10-14 22:41:18.380293 Delta: Foxtrot, sending you 1
2024-10-14 22:41:18.381723 Tango: Quebec, sending you 1
2024-10-14 22:41:18.388147 November: India and Foxtrot, sending you 2
2024-10-14 22:41:18.393689 November: Charlie, Delta, Tango and Romeo, sending you 3
chatterbot India submitting transactions
chatterbot Quebec submitting transactions
chatterbot Tango submitting transactions
chatterbot Charlie submitting transactions
chatterbot Romeo submitting transactions
chatterbot Foxtrot submitting transactions
chatterbot Delta submitting transactions
chatterbot Zulu submitting transactions
chatterbot Lima submitting transactions
chatterbot November submitting transactions
ChatterBot Lima round 5
ChatterBot India round 5
ChatterBot Charlie round 5
ChatterBot November round 5
ChatterBot Delta round 5
ChatterBot Quebec round 5
ChatterBot Zulu round 5
ChatterBot Tango round 5
ChatterBot Foxtrot round 5
ChatterBot Romeo round 5
2024-10-14 22:41:19.674632 November: We should drop India
2024-10-14 22:41:19.696086 Charlie: No
2024-10-14 22:41:19.696404 Delta: No
2024-10-14 22:41:19.696729 Quebec: No
2024-10-14 22:41:19.697697 Tango: No
2024-10-14 22:41:19.697870 Foxtrot: No
2024-10-14 22:41:19.698195 Romeo: No
ChatterBot November reevaluating
ChatterBot November reevaluating
ChatterBot November reevaluating
2024-10-14 22:41:19.799680 Lima: Same as last round
2024-10-14 22:41:19.800103 Delta: India, Charlie, November, Quebec and Romeo, sending you 3
2024-10-14 22:41:19.802393 Quebec: India, Charlie, Tango and Foxtrot, sending you 2
2024-10-14 22:41:19.804583 Charlie: India, Quebec, Foxtrot and Romeo, sending you 2
2024-10-14 22:41:19.806804 India: Charlie, November and Quebec, sending you 2
2024-10-14 22:41:19.808395 Delta: Tango, sending you 2
2024-10-14 22:41:19.809987 Quebec: November, sending you 1
2024-10-14 22:41:19.810919 Charlie: November, Delta and Tango, sending you 3
2024-10-14 22:41:19.811815 India: Delta, Tango and Foxtrot, sending you 3
2024-10-14 22:41:19.813663 Romeo: India, sending you 1
2024-10-14 22:41:19.814720 Tango: India, Charlie and November, sending you 3
2024-10-14 22:41:19.816767 Delta: Foxtrot, sending you 1
2024-10-14 22:41:19.817769 Quebec: Delta, sending you 4
2024-10-14 22:41:19.819213 Foxtrot: India, sending you 3
2024-10-14 22:41:19.820221 India: Romeo, sending you 1
2024-10-14 22:41:19.821746 Romeo: Charlie, November, Delta, Quebec, Tango and Foxtrot, sending you 3
2024-10-14 22:41:19.823397 Tango: Delta, Foxtrot and Romeo, sending you 2
2024-10-14 22:41:19.824517 Quebec: Romeo, sending you 3
2024-10-14 22:41:19.826070 November: India and Foxtrot, sending you 2
2024-10-14 22:41:19.827144 Foxtrot: Charlie, November, Delta, Quebec, Tango and Romeo, sending you 2
2024-10-14 22:41:19.828443 Zulu: Sending you 11
2024-10-14 22:41:19.828787 Tango: Quebec, sending you 1
2024-10-14 22:41:19.831679 November: Charlie, Delta, Tango and Romeo, sending you 3
chatterbot Romeo submitting transactions
chatterbot Delta submitting transactions
chatterbot Lima submitting transactions
chatterbot Quebec submitting transactions
chatterbot India submitting transactions
chatterbot Charlie submitting transactions
chatterbot Zulu submitting transactions
chatterbot Tango submitting transactions
chatterbot Foxtrot submitting transactions
chatterbot November submitting transactions
ChatterBot Lima round 6
ChatterBot India round 6
ChatterBot Charlie round 6
ChatterBot November round 6
ChatterBot Delta round 6
ChatterBot Quebec round 6
ChatterBot Zulu round 6
ChatterBot Tango round 6
ChatterBot Foxtrot round 6
ChatterBot Romeo round 6
2024-10-14 22:41:20.898093 November: We should drop Tango
2024-10-14 22:41:20.914677 India: No
2024-10-14 22:41:20.915002 Charlie: No
2024-10-14 22:41:20.915162 Delta: No
2024-10-14 22:41:20.915329 Quebec: No
2024-10-14 22:41:20.915507 Foxtrot: No
2024-10-14 22:41:20.915668 Romeo: No
ChatterBot November reevaluating
ChatterBot November reevaluating
ChatterBot November reevaluating
ChatterBot November reevaluating
ChatterBot November reevaluating
ChatterBot November reevaluating
2024-10-14 22:41:21.036669 Charlie: India, Quebec, Foxtrot and Romeo, sending you 2
2024-10-14 22:41:21.038859 India: Charlie, November and Quebec, sending you 2
2024-10-14 22:41:21.041559 Quebec: India, Charlie, Tango and Foxtrot, sending you 2
2024-10-14 22:41:21.044284 November: We should drop Delta
2024-10-14 22:41:21.070736 India: No
2024-10-14 22:41:21.071463 Charlie: No
2024-10-14 22:41:21.071678 Quebec: No
2024-10-14 22:41:21.071882 Tango: No
2024-10-14 22:41:21.072085 Foxtrot: No
2024-10-14 22:41:21.072283 Romeo: No
ChatterBot November reevaluating
ChatterBot November reevaluating
ChatterBot November reevaluating
ChatterBot November reevaluating
ChatterBot November reevaluating
ChatterBot November reevaluating
2024-10-14 22:41:21.161145 Charlie: November, Delta and Tango, sending you 3
2024-10-14 22:41:21.161872 India: Delta, Tango and Foxtrot, sending you 3
2024-10-14 22:41:21.162680 Quebec: November, sending you 1
2024-10-14 22:41:21.163792 Lima: Sending you 4
2024-10-14 22:41:21.164657 Tango: India, Charlie and November, sending you 3
2024-10-14 22:41:21.166675 India: Romeo, sending you 1
2024-10-14 22:41:21.167681 Romeo: India, sending you 1
2024-10-14 22:41:21.168784 Delta: India, Charlie, November, Quebec and Romeo, sending you 3
2024-10-14 22:41:21.170270 Zulu: Sending you 12
2024-10-14 22:41:21.170535 Quebec: Delta, sending you 4
2024-10-14 22:41:21.171529 Tango: Delta, Foxtrot and Romeo, sending you 2
2024-10-14 22:41:21.173171 Foxtrot: India, sending you 3
2024-10-14 22:41:21.174355 Romeo: Charlie, November, Delta, Quebec, Tango and Foxtrot, sending you 3
2024-10-14 22:41:21.175990 Delta: Tango, sending you 2
2024-10-14 22:41:21.177036 Quebec: Romeo, sending you 3
2024-10-14 22:41:21.178366 Tango: Quebec, sending you 1
2024-10-14 22:41:21.179457 Foxtrot: Charlie, November, Delta, Quebec, Tango and Romeo, sending you 2
2024-10-14 22:41:21.181499 November: We should drop Romeo
2024-10-14 22:41:21.202153 India: No
2024-10-14 22:41:21.202374 Charlie: No
2024-10-14 22:41:21.202532 Delta: No
2024-10-14 22:41:21.202695 Quebec: No
2024-10-14 22:41:21.202846 Tango: No
2024-10-14 22:41:21.202996 Foxtrot: No
ChatterBot November reevaluating
ChatterBot November reevaluating
ChatterBot November reevaluating
ChatterBot November reevaluating
ChatterBot November reevaluating
ChatterBot November reevaluating
2024-10-14 22:41:21.286380 Delta: Foxtrot, sending you 1
chatterbot Lima submitting transactions
2024-10-14 22:41:21.316689 November: India, Quebec and Foxtrot, sending you 2
2024-10-14 22:41:21.321167 November: Charlie and Romeo, sending you 3
2024-10-14 22:41:21.324703 November: Delta, sending you 4
chatterbot Delta submitting transactions
chatterbot Zulu submitting transactions
chatterbot November submitting transactions
chatterbot Quebec submitting transactions
chatterbot India submitting transactions
chatterbot Charlie submitting transactions
chatterbot Tango submitting transactions
chatterbot Romeo submitting transactions
chatterbot Foxtrot submitting transactions
ChatterBot Lima round 7
ChatterBot India round 7
ChatterBot Charlie round 7
ChatterBot November round 7
ChatterBot Delta round 7
ChatterBot Quebec round 7
ChatterBot Zulu round 7
ChatterBot Tango round 7
2024-10-14 22:41:22.248636 November: We should add Tango
2024-10-14 22:41:22.265746 India: Yes
2024-10-14 22:41:22.265998 Charlie: Yes
2024-10-14 22:41:22.266729 Delta: Yes
2024-10-14 22:41:22.266939 Quebec: Yes
2024-10-14 22:41:22.267124 Foxtrot: Yes
2024-10-14 22:41:22.267311 Romeo: Yes
ChatterBot November reevaluating
ChatterBot November reevaluating
ChatterBot November reevaluating
ChatterBot November reevaluating
ChatterBot November reevaluating
ChatterBot Foxtrot round 7
ChatterBot Romeo round 7
2024-10-14 22:41:22.487813 November: We should replace Foxtrot with Tango
2024-10-14 22:41:22.511530 India: No
2024-10-14 22:41:22.511816 Charlie: No
2024-10-14 22:41:22.512114 Delta: No
2024-10-14 22:41:22.512963 Quebec: No
2024-10-14 22:41:22.513276 Romeo: No
ChatterBot November reevaluating
ChatterBot November reevaluating
ChatterBot November reevaluating
ChatterBot November reevaluating
ChatterBot November reevaluating
2024-10-14 22:41:22.593382 November: We should replace Charlie with Tango
2024-10-14 22:41:22.606629 India: No
2024-10-14 22:41:22.607036 Delta: No
2024-10-14 22:41:22.607265 Quebec: No
2024-10-14 22:41:22.607554 Foxtrot: No
2024-10-14 22:41:22.608336 Romeo: No
ChatterBot November reevaluating
ChatterBot November reevaluating
ChatterBot November reevaluating
ChatterBot November reevaluating
ChatterBot November reevaluating
2024-10-14 22:41:22.682710 India: Charlie, November and Quebec, sending you 2
2024-10-14 22:41:22.684795 Quebec: India, Charlie, Tango and Foxtrot, sending you 2
2024-10-14 22:41:22.686435 Charlie: India, Quebec, Foxtrot and Romeo, sending you 2
2024-10-14 22:41:22.688166 Lima: Same as last round
2024-10-14 22:41:22.688470 Tango: India and Charlie, sending you 3
2024-10-14 22:41:22.690214 November: Tango we want you to join our group
2024-10-14 22:41:22.695251 Tango: Yes
ChatterBot November reevaluating
2024-10-14 22:41:22.713883 Delta: India, Charlie, November, Quebec and Romeo, sending you 3
2024-10-14 22:41:22.715448 Zulu: Sending you 13
2024-10-14 22:41:22.715841 India: Delta, Tango and Foxtrot, sending you 3
2024-10-14 22:41:22.716859 Quebec: November, sending you 1
2024-10-14 22:41:22.718391 Charlie: November, Delta and Tango, sending you 3
2024-10-14 22:41:22.719195 Tango: November, Delta, Quebec, Foxtrot and Romeo, sending you 2
2024-10-14 22:41:22.720440 Delta: Tango, sending you 2
2024-10-14 22:41:22.721664 India: Romeo, sending you 1
2024-10-14 22:41:22.723309 Quebec: Delta, sending you 4
2024-10-14 22:41:22.724221 Romeo: India, sending you 1
2024-10-14 22:41:22.725918 Foxtrot: India, sending you 3
2024-10-14 22:41:22.726999 Delta: Foxtrot, sending you 1
2024-10-14 22:41:22.727887 Quebec: Romeo, sending you 3
2024-10-14 22:41:22.729674 Foxtrot: Charlie, November, Delta, Quebec, Tango and Romeo, sending you 2
2024-10-14 22:41:22.730712 Romeo: Charlie, November, Delta, Quebec, Tango and Foxtrot, sending you 3
2024-10-14 22:41:22.741708 November: India, Quebec and Foxtrot, sending you 2
2024-10-14 22:41:22.746665 November: Delta, sending you 4
2024-10-14 22:41:22.749717 November: Tango and Romeo, sending you 3
chatterbot Charlie submitting transactions
chatterbot Zulu submitting transactions
chatterbot Romeo submitting transactions
chatterbot Delta submitting transactions
chatterbot November submitting transactions
chatterbot India submitting transactions
chatterbot Lima submitting transactions
chatterbot Foxtrot submitting transactions
chatterbot Tango submitting transactions
chatterbot Quebec submitting transactions
ChatterBot Lima round 8
ChatterBot India round 8
ChatterBot Charlie round 8
ChatterBot November round 8
ChatterBot Delta round 8
ChatterBot Quebec round 8
ChatterBot Zulu round 8
ChatterBot Tango round 8
ChatterBot Foxtrot round 8
ChatterBot Romeo round 8
2024-10-14 22:41:23.685689 Delta: India, Charlie, November, Quebec and Romeo, sending you 3
2024-10-14 22:41:23.689646 Delta: Tango, sending you 2
2024-10-14 22:41:23.692681 Charlie: India, November, Quebec and Foxtrot, sending you 2
2024-10-14 22:41:23.694825 Delta: Foxtrot, sending you 1
2024-10-14 22:41:23.695753 Tango: India and Charlie, sending you 3
2024-10-14 22:41:23.697693 Quebec: India, Charlie, November, Tango and Foxtrot, sending you 2
2024-10-14 22:41:23.699662 Charlie: Delta, Tango and Romeo, sending you 3
2024-10-14 22:41:23.702250 Lima: Sending you 3
2024-10-14 22:41:23.702661 India: Charlie, November and Quebec, sending you 2
2024-10-14 22:41:23.704525 Tango: November, Delta, Quebec, Foxtrot and Romeo, sending you 2
2024-10-14 22:41:23.706285 Quebec: Delta and Romeo, sending you 3
2024-10-14 22:41:23.707536 Zulu: Sending you 15
2024-10-14 22:41:23.707865 India: Delta, Tango and Foxtrot, sending you 3
2024-10-14 22:41:23.709250 November: India, Quebec and Foxtrot, sending you 2
2024-10-14 22:41:23.710299 Foxtrot: India, sending you 3
2024-10-14 22:41:23.711647 Romeo: India and Foxtrot, sending you 2
2024-10-14 22:41:23.712929 India: Romeo, sending you 1
2024-10-14 22:41:23.714211 November: Delta, sending you 4
2024-10-14 22:41:23.715720 Foxtrot: Charlie, November, Delta, Quebec, Tango and Romeo, sending you 2
2024-10-14 22:41:23.717490 Romeo: Charlie, November, Delta, Quebec and Tango, sending you 3
2024-10-14 22:41:23.719707 November: Tango and Romeo, sending you 3
chatterbot Zulu submitting transactions
chatterbot Charlie submitting transactions
chatterbot Tango submitting transactions
chatterbot India submitting transactions
chatterbot Foxtrot submitting transactions
chatterbot Romeo submitting transactions
chatterbot Quebec submitting transactions
chatterbot Delta submitting transactions
chatterbot Lima submitting transactions
chatterbot November submitting transactions
ChatterBot Lima round 9
ChatterBot India round 9
ChatterBot Charlie round 9
ChatterBot November round 9
ChatterBot Delta round 9
ChatterBot Quebec round 9
ChatterBot Zulu round 9
ChatterBot Tango round 9
ChatterBot Foxtrot round 9
ChatterBot Romeo round 9
2024-10-14 22:41:24.861098 November: We should replace India with Charlie
2024-10-14 22:41:24.876061 Delta: No
2024-10-14 22:41:24.876207 Quebec: No
2024-10-14 22:41:24.876315 Tango: No
2024-10-14 22:41:24.876431 Foxtrot: No
2024-10-14 22:41:24.876555 Romeo: No
2024-10-14 22:41:24.954905 November: Charlie we want you to join our group
2024-10-14 22:41:24.959201 Charlie: Yes
2024-10-14 22:41:24.982678 Zulu: Sending you 17
2024-10-14 22:41:24.983742 Charlie: India, November, Quebec and Foxtrot, sending you 2
2024-10-14 22:41:24.985966 Quebec: India, Charlie, November, Tango and Foxtrot, sending you 2
2024-10-14 22:41:24.990664 Charlie: Delta, Tango and Romeo, sending you 3
2024-10-14 22:41:24.992789 Quebec: Delta and Romeo, sending you 3
2024-10-14 22:41:24.994462 Delta: India, Charlie, November, Quebec and Romeo, sending you 3
2024-10-14 22:41:24.995436 Lima: Same as last round
2024-10-14 22:41:24.995669 Romeo: India and Foxtrot, sending you 2
2024-10-14 22:41:24.996694 Tango: India and Charlie, sending you 3
2024-10-14 22:41:24.998867 Foxtrot: India, sending you 3
2024-10-14 22:41:25.000977 Delta: Tango, sending you 2
2024-10-14 22:41:25.003438 Romeo: Charlie, November, Delta, Quebec and Tango, sending you 3
2024-10-14 22:41:25.005486 India: Charlie, November and Quebec, sending you 2
2024-10-14 22:41:25.007775 Tango: November, Delta, Quebec, Foxtrot and Romeo, sending you 2
2024-10-14 22:41:25.008870 Foxtrot: Charlie, November, Delta, Quebec, Tango and Romeo, sending you 2
2024-10-14 22:41:25.010371 November: Charlie, Delta, Tango and Romeo, sending you 3
2024-10-14 22:41:25.011447 Delta: Foxtrot, sending you 1
2024-10-14 22:41:25.012483 India: Delta, Tango and Foxtrot, sending you 3
2024-10-14 22:41:25.013677 November: Quebec and Foxtrot, sending you 2
2024-10-14 22:41:25.016713 India: Romeo, sending you 1
chatterbot Romeo submitting transactions
chatterbot Charlie submitting transactions
chatterbot Lima submitting transactions
chatterbot Zulu submitting transactions
chatterbot Delta submitting transactions
chatterbot Foxtrot submitting transactions
chatterbot November submitting transactions
chatterbot Quebec submitting transactions
chatterbot India submitting transactions
chatterbot Tango submitting transactions
ChatterBot Lima round 10
ChatterBot India round 10
ChatterBot Charlie round 10
ChatterBot November round 10
ChatterBot Delta round 10
ChatterBot Quebec round 10
ChatterBot Zulu round 10
ChatterBot Tango round 10
ChatterBot Foxtrot round 10
ChatterBot Romeo round 10
2024-10-14 22:41:26.255634 November: We should replace Delta with India
2024-10-14 22:41:26.275453 Charlie: No
2024-10-14 22:41:26.275654 Quebec: No
2024-10-14 22:41:26.275781 Tango: No
2024-10-14 22:41:26.275953 Foxtrot: No
2024-10-14 22:41:26.276074 Romeo: No
ChatterBot November reevaluating
ChatterBot November reevaluating
ChatterBot November reevaluating
ChatterBot November reevaluating
ChatterBot November reevaluating
2024-10-14 22:41:26.362686 Zulu: Sending you 18
2024-10-14 22:41:26.364913 Foxtrot: India, sending you 3
2024-10-14 22:41:26.367925 Lima: Sending you 2
2024-10-14 22:41:26.371681 Foxtrot: Charlie, November, Delta, Quebec, Tango and Romeo, sending you 2
2024-10-14 22:41:26.373883 November: Charlie, Delta, Tango and Romeo, sending you 3
2024-10-14 22:41:26.375329 India: Charlie, November and Quebec, sending you 2
2024-10-14 22:41:26.376667 Delta: India, Charlie, November, Quebec and Romeo, sending you 3
2024-10-14 22:41:26.378511 Tango: India and Charlie, sending you 3
2024-10-14 22:41:26.379963 Charlie: India, November, Quebec and Foxtrot, sending you 2
2024-10-14 22:41:26.382319 November: Quebec and Foxtrot, sending you 2
2024-10-14 22:41:26.383451 India: Delta, Tango and Foxtrot, sending you 3
2024-10-14 22:41:26.385586 Delta: Tango, sending you 2
