ChatterBot Romeo round 1
ChatterBot Delta round 1
ChatterBot Quebec round 1
ChatterBot Alpha round 1
ChatterBot Tango round 1
ChatterBot Golf round 1
ChatterBot Sierra round 1
ChatterBot Bravo round 1
ChatterBot Mike round 1
ChatterBot X-ray round 1
randomSelections Romeo: {Romeo, Golf, Mike, Tango, X-ray, Quebec, Bravo} 
2024-10-14 22:41:11.093892 Romeo: Can we be friends?
ChatterBot Golf reevaluating
ChatterBot Mike reevaluating
ChatterBot Tango reevaluating
ChatterBot X-ray reevaluating
ChatterBot Quebec reevaluating
ChatterBot Bravo reevaluating
2024-10-14 22:41:11.134480 Golf: Yes
2024-10-14 22:41:11.134761 Mike: Yes
2024-10-14 22:41:11.134967 Tango: Yes
2024-10-14 22:41:11.135169 X-ray: Yes
2024-10-14 22:41:11.135408 Quebec: Yes
2024-10-14 22:41:11.135658 Bravo: Yes
ChatterBot Mike reevaluating
ChatterBot Tango reevaluating
ChatterBot X-ray reevaluating
ChatterBot Quebec reevaluating
ChatterBot Bravo reevaluating
ChatterBot Golf reevaluating
ChatterBot Tango reevaluating
ChatterBot X-ray reevaluating
ChatterBot Quebec reevaluating
ChatterBot Bravo reevaluating
ChatterBot Golf reevaluating
ChatterBot Mike reevaluating
ChatterBot X-ray reevaluating
ChatterBot Quebec reevaluating
ChatterBot Bravo reevaluating
ChatterBot Golf reevaluating
ChatterBot Mike reevaluating
ChatterBot Tango reevaluating
ChatterBot Quebec reevaluating
ChatterBot Bravo reevaluating
ChatterBot Golf reevaluating
ChatterBot Mike reevaluating
ChatterBot Tango reevaluating
ChatterBot X-ray reevaluating
ChatterBot Bravo reevaluating
ChatterBot Golf reevaluating
ChatterBot Mike reevaluating
ChatterBot Tango reevaluating
ChatterBot X-ray reevaluating
ChatterBot Quebec reevaluating
randomSelections Delta: {Delta, Bravo, Alpha, Mike, Tango, Golf, Sierra} 
2024-10-14 22:41:11.363972 Delta: Friends?
ChatterBot Bravo reevaluating
ChatterBot Alpha reevaluating
ChatterBot Mike reevaluating
ChatterBot Tango reevaluating
ChatterBot Golf reevaluating
ChatterBot Sierra reevaluating
2024-10-14 22:41:11.381335 Bravo: No
2024-10-14 22:41:11.381726 Alpha: Yes
2024-10-14 22:41:11.382530 Mike: No
2024-10-14 22:41:11.382780 Tango: No
2024-10-14 22:41:11.383028 Golf: No
2024-10-14 22:41:11.383222 Sierra: Yes
ChatterBot Alpha reevaluating
ChatterBot Mike reevaluating
ChatterBot Tango reevaluating
ChatterBot Golf reevaluating
ChatterBot Sierra reevaluating
ChatterBot Bravo reevaluating
ChatterBot Mike reevaluating
ChatterBot Tango reevaluating
ChatterBot Golf reevaluating
ChatterBot Sierra reevaluating
ChatterBot Bravo reevaluating
ChatterBot Alpha reevaluating
ChatterBot Tango reevaluating
ChatterBot Golf reevaluating
ChatterBot Sierra reevaluating
ChatterBot Bravo reevaluating
ChatterBot Alpha reevaluating
ChatterBot Mike reevaluating
ChatterBot Golf reevaluating
ChatterBot Sierra reevaluating
ChatterBot Bravo reevaluating
ChatterBot Alpha reevaluating
ChatterBot Mike reevaluating
ChatterBot Tango reevaluating
ChatterBot Sierra reevaluating
ChatterBot Bravo reevaluating
ChatterBot Alpha reevaluating
ChatterBot Mike reevaluating
ChatterBot Tango reevaluating
ChatterBot Golf reevaluating
2024-10-14 22:41:11.504762 Delta: Alpha, sending you 4
2024-10-14 22:41:11.506320 Sierra: Delta, sending you 5
2024-10-14 22:41:11.506942 Alpha: Delta, Tango and Bravo, sending you 3
2024-10-14 22:41:11.508184 Tango: Romeo, sending you 3
2024-10-14 22:41:11.509117 Romeo: Quebec, sending you 5
2024-10-14 22:41:11.509527 Golf: Romeo, sending you 4
2024-10-14 22:41:11.510771 X-ray: Romeo and Mike, sending you 1
2024-10-14 22:41:11.511289 Delta: Tango and Bravo, sending you 1
2024-10-14 22:41:11.512903 Sierra: Alpha and Tango, sending you 3
2024-10-14 22:41:11.513446 Alpha: Golf, sending you 5
2024-10-14 22:41:11.514501 Tango: Quebec and Golf, sending you 5
2024-10-14 22:41:11.514954 Romeo: Tango and Mike, sending you 3
2024-10-14 22:41:11.516122 X-ray: Tango, sending you 2
2024-10-14 22:41:11.516718 Bravo: Romeo and Mike, sending you 5
2024-10-14 22:41:11.517309 Golf: Quebec, sending you 1
2024-10-14 22:41:11.519194 Mike: Romeo and Golf, sending you 4
2024-10-14 22:41:11.520318 Sierra: Golf, sending you 2
2024-10-14 22:41:11.522239 Delta: Sierra, sending you 6
2024-10-14 22:41:11.522982 Quebec: Romeo, sending you 4
2024-10-14 22:41:11.525112 Alpha: Sierra, sending you 4
2024-10-14 22:41:11.526051 Tango: Bravo, sending you 4
2024-10-14 22:41:11.527823 Romeo: Golf, sending you 2
2024-10-14 22:41:11.528915 X-ray: Golf, sending you 3
2024-10-14 22:41:11.530628 Bravo: Quebec and Tango, sending you 1
2024-10-14 22:41:11.531362 Golf: Tango and X-ray, sending you 3
2024-10-14 22:41:11.533042 Mike: Quebec and Bravo, sending you 2
2024-10-14 22:41:11.534014 Delta: Mike, sending you 2
2024-10-14 22:41:11.536040 Sierra: Bravo, sending you 4
2024-10-14 22:41:11.537162 Quebec: Tango, Mike and X-ray, sending you 2
2024-10-14 22:41:11.539447 Alpha: Mike, sending you 1
2024-10-14 22:41:11.541193 Tango: Mike, sending you 1
2024-10-14 22:41:11.542280 Romeo: Bravo and X-ray, sending you 1
2024-10-14 22:41:11.544199 Bravo: Golf and X-ray, sending you 2
2024-10-14 22:41:11.545173 Golf: Bravo and Mike, sending you 2
2024-10-14 22:41:11.547003 Mike: Tango, sending you 3
2024-10-14 22:41:11.547954 Sierra: Mike, sending you 1
2024-10-14 22:41:11.549944 Quebec: Golf and Bravo, sending you 3
2024-10-14 22:41:11.550835 Mike: X-ray, sending you 1
chatterbot Romeo submitting transactions
chatterbot Mike submitting transactions
chatterbot Delta submitting transactions
chatterbot Sierra submitting transactions
chatterbot Alpha submitting transactions
chatterbot Golf submitting transactions
chatterbot Bravo submitting transactions
chatterbot Tango submitting transactions
chatterbot X-ray submitting transactions
chatterbot Quebec submitting transactions
ChatterBot Romeo round 2
ChatterBot Delta round 2
ChatterBot Quebec round 2
ChatterBot Alpha round 2
ChatterBot Tango round 2
ChatterBot Golf round 2
ChatterBot Sierra round 2
2024-10-14 22:41:12.676146 Delta: We should group up
ChatterBot Alpha reevaluating
ChatterBot Sierra reevaluating
ChatterBot X-ray reevaluating
2024-10-14 22:41:12.696681 Alpha: No
2024-10-14 22:41:12.696852 Sierra: No
2024-10-14 22:41:12.696986 X-ray: No
ChatterBot Sierra reevaluating
ChatterBot X-ray reevaluating
ChatterBot Alpha reevaluating
ChatterBot X-ray reevaluating
ChatterBot Alpha reevaluating
ChatterBot Sierra reevaluating
2024-10-14 22:41:12.747289 Sierra: Friends?
ChatterBot Alpha reevaluating
2024-10-14 22:41:12.751783 Alpha: Yes
2024-10-14 22:41:12.754580 Delta: Yes
ChatterBot Delta reevaluating
ChatterBot Sierra reevaluating
ChatterBot Alpha reevaluating
ChatterBot Sierra reevaluating
ChatterBot Bravo round 2
ChatterBot Mike round 2
ChatterBot X-ray round 2
2024-10-14 22:41:12.805982 Quebec: We should drop X-ray
ChatterBot Bravo reevaluating
ChatterBot Mike reevaluating
2024-10-14 22:41:12.830203 Romeo: Yes
2024-10-14 22:41:12.830792 Tango: Yes
2024-10-14 22:41:12.830967 Golf: Yes
2024-10-14 22:41:12.831146 Bravo: Yes
2024-10-14 22:41:12.831354 Mike: Yes
ChatterBot Bravo reevaluating
ChatterBot Mike reevaluating
ChatterBot Bravo reevaluating
ChatterBot Mike reevaluating
ChatterBot Bravo reevaluating
ChatterBot Mike reevaluating
ChatterBot Romeo reevaluating
ChatterBot Mike reevaluating
ChatterBot Romeo reevaluating
ChatterBot Bravo reevaluating
2024-10-14 22:41:13.009034 Delta: Alpha, sending you 5
2024-10-14 22:41:13.009659 Tango: Romeo, Golf and Mike, sending you 4
2024-10-14 22:41:13.010189 Golf: Romeo, Quebec, Bravo and X-ray, sending you 2
2024-10-14 22:41:13.235959 Delta: Sierra, sending you 6
2024-10-14 22:41:13.236248 Alpha: Delta, sending you 11
2024-10-14 22:41:13.236430 Golf: Tango, sending you 4
2024-10-14 22:41:13.237292 Sierra: Delta, sending you 5
2024-10-14 22:41:13.237483 Tango: Quebec and X-ray, sending you 3
2024-10-14 22:41:13.237828 Quebec: Romeo and Tango, sending you 5
2024-10-14 22:41:13.313893 Delta: Bravo, sending you 3
2024-10-14 22:41:13.314274 Alpha: Sierra, sending you 8
2024-10-14 22:41:13.314931 Sierra: Alpha, sending you 4
2024-10-14 22:41:13.315148 Mike: Romeo, Quebec, Tango, Golf and X-ray, sending you 3
2024-10-14 22:41:13.315560 Tango: Bravo, sending you 1
2024-10-14 22:41:13.316339 Golf: Mike, sending you 3
2024-10-14 22:41:13.316684 X-ray: Romeo and Mike, sending you 3
2024-10-14 22:41:13.317442 Quebec: Golf, sending you 2
2024-10-14 22:41:13.317695 Romeo: Sending you each 3
chatterbot Delta submitting transactions
2024-10-14 22:41:13.754996 Mike: Bravo, sending you 4
2024-10-14 22:41:13.756082 X-ray: Quebec and Bravo, sending you 4
2024-10-14 22:41:13.757495 Quebec: Bravo, sending you 1
2024-10-14 22:41:13.757899 Bravo: Romeo, sending you 1
chatterbot Alpha submitting transactions
chatterbot Bravo submitting transactions
chatterbot Quebec submitting transactions
chatterbot Sierra submitting transactions
chatterbot Golf submitting transactions
2024-10-14 22:41:14.493107 Bravo: Quebec, sending you 4
2024-10-14 22:41:14.493936 X-ray: Golf, sending you 5
2024-10-14 22:41:14.494450 Quebec: Mike, sending you 3
chatterbot Mike submitting transactions
chatterbot Tango submitting transactions
chatterbot X-ray submitting transactions
chatterbot Romeo submitting transactions
2024-10-14 22:41:14.518114 Bravo: Tango, sending you 5
2024-10-14 22:41:14.519064 X-ray: Romeo did not give me 1 like they said
ChatterBot Romeo reevaluating
ChatterBot Golf reevaluating
ChatterBot Mike reevaluating
ChatterBot Tango reevaluating
ChatterBot Quebec reevaluating
ChatterBot Bravo reevaluating
2024-10-14 22:41:14.551590 X-ray: Quebec did not give me 2 like they said
ChatterBot Romeo reevaluating
ChatterBot Golf reevaluating
ChatterBot Mike reevaluating
ChatterBot Tango reevaluating
ChatterBot Quebec reevaluating
ChatterBot Bravo reevaluating
2024-10-14 22:41:14.584290 X-ray: Golf did not give me 3 like they said
ChatterBot Romeo reevaluating
ChatterBot Golf reevaluating
ChatterBot Mike reevaluating
ChatterBot Tango reevaluating
ChatterBot Quebec reevaluating
ChatterBot Bravo reevaluating
2024-10-14 22:41:14.613759 X-ray: Bravo did not give me 2 like they said
ChatterBot Romeo reevaluating
ChatterBot Golf reevaluating
ChatterBot Mike reevaluating
ChatterBot Tango reevaluating
ChatterBot Quebec reevaluating
ChatterBot Bravo reevaluating
2024-10-14 22:41:14.652310 Quebec: Romeo did not give me 5 like they said
ChatterBot Romeo reevaluating
ChatterBot Tango reevaluating
ChatterBot Golf reevaluating
ChatterBot Bravo reevaluating
ChatterBot Mike reevaluating
2024-10-14 22:41:14.680255 Quebec: Tango did not give me 5 like they said
ChatterBot Romeo reevaluating
ChatterBot Tango reevaluating
ChatterBot Golf reevaluating
ChatterBot Bravo reevaluating
ChatterBot Mike reevaluating
ChatterBot Romeo round 3
ChatterBot Delta round 3
ChatterBot Quebec round 3
ChatterBot Alpha round 3
ChatterBot Tango round 3
ChatterBot Golf round 3
ChatterBot Sierra round 3
ChatterBot Bravo round 3
ChatterBot Mike round 3
ChatterBot X-ray round 3
2024-10-14 22:41:14.716109 Romeo: We should add X-ray
ChatterBot Quebec reevaluating
ChatterBot Tango reevaluating
ChatterBot Golf reevaluating
ChatterBot Bravo reevaluating
ChatterBot Mike reevaluating
2024-10-14 22:41:14.743516 Quebec: Yes
2024-10-14 22:41:14.743748 Tango: Yes
2024-10-14 22:41:14.744419 Golf: Yes
2024-10-14 22:41:14.744593 Bravo: Yes
2024-10-14 22:41:14.744765 Mike: Yes
ChatterBot Romeo reevaluating
ChatterBot Tango reevaluating
ChatterBot Golf reevaluating
ChatterBot Bravo reevaluating
ChatterBot Mike reevaluating
ChatterBot Quebec reevaluating
ChatterBot Romeo reevaluating
ChatterBot Golf reevaluating
ChatterBot Bravo reevaluating
ChatterBot Mike reevaluating
ChatterBot Quebec reevaluating
ChatterBot Romeo reevaluating
ChatterBot Tango reevaluating
ChatterBot Bravo reevaluating
ChatterBot Mike reevaluating
ChatterBot Quebec reevaluating
ChatterBot Romeo reevaluating
ChatterBot Tango reevaluating
ChatterBot Golf reevaluating
ChatterBot Mike reevaluating
ChatterBot Quebec reevaluating
ChatterBot Romeo reevaluating
ChatterBot Tango reevaluating
ChatterBot Golf reevaluating
ChatterBot Bravo reevaluating
2024-10-14 22:41:15.013643 Delta: We should replace Bravo with X-ray
2024-10-14 22:41:15.019533 Alpha: No
2024-10-14 22:41:15.019796 Sierra: No
2024-10-14 22:41:15.050468 Romeo: X-ray we want you to join our group
2024-10-14 22:41:15.055444 X-ray: Yes
ChatterBot Romeo reevaluating
ChatterBot Quebec reevaluating
2024-10-14 22:41:15.088805 Delta: X-ray we want you to join our group
2024-10-14 22:41:15.093934 X-ray: No
ChatterBot Delta reevaluating
2024-10-14 22:41:15.114242 Bravo: X-ray we want you to join our group
2024-10-14 22:41:15.119533 X-ray: Yes
2024-10-14 22:41:15.148985 Quebec: X-ray we want you to join our group
2024-10-14 22:41:15.154231 X-ray: Yes
2024-10-14 22:41:15.180171 Delta: We should drop Bravo
2024-10-14 22:41:15.188822 Alpha: Yes
2024-10-14 22:41:15.189039 Sierra: Yes
ChatterBot Delta reevaluating
ChatterBot Delta reevaluating
2024-10-14 22:41:15.471695 Sierra: Delta, sending you 5
2024-10-14 22:41:15.472102 X-ray: Romeo, Quebec and Bravo, sending you 2
2024-10-14 22:41:15.473278 Golf: Romeo, Quebec and Bravo, sending you 2
2024-10-14 22:41:15.474247 Alpha: Delta, sending you 10
2024-10-14 22:41:15.474571 Tango: Romeo, Bravo and Mike, sending you 3
2024-10-14 22:41:15.475176 Mike: Romeo and Bravo, sending you 4
2024-10-14 22:41:15.476355 Sierra: Alpha, sending you 4
2024-10-14 22:41:15.902243 Golf: Tango, Mike and X-ray, sending you 3
2024-10-14 22:41:15.903718 X-ray: Tango and Mike, sending you 4
2024-10-14 22:41:15.905342 Alpha: Sierra, sending you 9
2024-10-14 22:41:15.906578 Tango: Quebec and Golf, sending you 4
2024-10-14 22:41:15.907535 Mike: Quebec, Tango, Golf and X-ray, sending you 3
2024-10-14 22:41:15.908966 Romeo: Quebec, Tango and Mike, sending you 3
2024-10-14 22:41:15.910152 Quebec: Romeo, Tango, Bravo and Mike, sending you 3
2024-10-14 22:41:15.911521 Bravo: Romeo, Tango, Golf, Mike and X-ray, sending you 3
chatterbot Alpha submitting transactions
chatterbot X-ray submitting transactions
chatterbot Delta submitting transactions
chatterbot Sierra submitting transactions
chatterbot Tango submitting transactions
chatterbot Quebec submitting transactions
2024-10-14 22:41:15.914531 X-ray: Golf, sending you 5
2024-10-14 22:41:15.915331 Tango: X-ray, sending you 2
2024-10-14 22:41:15.916659 Romeo: Golf, Bravo and X-ray, sending you 2
2024-10-14 22:41:15.918043 Quebec: Golf and X-ray, sending you 2
2024-10-14 22:41:15.919447 Bravo: Quebec, sending you 1
2024-10-14 22:41:16.204561 Delta: Alpha, sending you 6
chatterbot Romeo submitting transactions
chatterbot Golf submitting transactions
2024-10-14 22:41:16.312139 Delta: Sierra, sending you 5
chatterbot Bravo submitting transactions
2024-10-14 22:41:16.411993 Delta: X-ray, sending you 3
chatterbot Mike submitting transactions
ChatterBot Romeo round 4
ChatterBot Delta round 4
ChatterBot Quebec round 4
ChatterBot Alpha round 4
ChatterBot Tango round 4
ChatterBot Golf round 4
ChatterBot Sierra round 4
ChatterBot Bravo round 4
ChatterBot Mike round 4
ChatterBot X-ray round 4
2024-10-14 22:41:16.704776 Delta: We should drop X-ray
2024-10-14 22:41:16.711559 Alpha: Yes
2024-10-14 22:41:16.711791 Sierra: Yes
2024-10-14 22:41:16.752570 Romeo: Quebec, Tango and Mike, sending you 3
2024-10-14 22:41:16.759436 Delta: Sending you each 7
2024-10-14 22:41:16.760739 Tango: Romeo, Quebec, Bravo and Mike, sending you 3
2024-10-14 22:41:16.761758 Mike: Romeo and Bravo, sending you 4
2024-10-14 22:41:16.763188 Golf: Romeo, Quebec and Bravo, sending you 2
2024-10-14 22:41:16.764739 Bravo: Romeo, Golf and X-ray, sending you 2
2024-10-14 22:41:16.766236 Sierra: Delta, sending you 4
2024-10-14 22:41:16.766588 Romeo: Golf, Bravo and X-ray, sending you 2
2024-10-14 22:41:16.767317 X-ray: Romeo, sending you 2
2024-10-14 22:41:16.768908 Alpha: Delta, sending you 11
2024-10-14 22:41:16.769842 Quebec: Romeo and Mike, sending you 3
2024-10-14 22:41:16.770619 Tango: Golf, sending you 5
2024-10-14 22:41:16.771773 Mike: Quebec, Tango, Golf and X-ray, sending you 3
2024-10-14 22:41:16.772456 Bravo: Quebec and Tango, sending you 3
2024-10-14 22:41:16.773548 Golf: Tango, Mike and X-ray, sending you 3
2024-10-14 22:41:16.774298 Sierra: Alpha, sending you 3
2024-10-14 22:41:16.775127 X-ray: Quebec, Tango and Bravo, sending you 3
2024-10-14 22:41:16.775839 Alpha: Sierra, sending you 8
2024-10-14 22:41:16.776798 Quebec: Tango, sending you 4
2024-10-14 22:41:16.777549 Tango: X-ray, sending you 2
2024-10-14 22:41:16.779237 Bravo: Mike, sending you 4
2024-10-14 22:41:16.780765 Quebec: Golf, Bravo and X-ray, sending you 2
2024-10-14 22:41:16.781528 X-ray: Golf and Mike, sending you 4
chatterbot Bravo submitting transactions
chatterbot Golf submitting transactions
chatterbot Sierra submitting transactions
chatterbot Mike submitting transactions
chatterbot Quebec submitting transactions
chatterbot Delta submitting transactions
chatterbot X-ray submitting transactions
chatterbot Alpha submitting transactions
chatterbot Tango submitting transactions
chatterbot Romeo submitting transactions
ChatterBot Romeo round 5
ChatterBot Delta round 5
ChatterBot Quebec round 5
ChatterBot Alpha round 5
ChatterBot Tango round 5
ChatterBot Golf round 5
ChatterBot Sierra round 5
ChatterBot Bravo round 5
ChatterBot Mike round 5
ChatterBot X-ray round 5
2024-10-14 22:41:18.014795 Delta: Alpha, sending you 8
2024-10-14 22:41:18.015672 Alpha: Delta, sending you 11
2024-10-14 22:41:18.016699 Romeo: Quebec, Tango and Mike, sending you 3
2024-10-14 22:41:18.018660 Delta: Sierra, sending you 6
2024-10-14 22:41:18.019677 Romeo: Golf, Bravo and X-ray, sending you 2
2024-10-14 22:41:18.020941 Alpha: Sierra, sending you 8
2024-10-14 22:41:18.024662 Sierra: Delta, sending you 4
2024-10-14 22:41:18.026668 X-ray: Romeo, sending you 2
2024-10-14 22:41:18.028675 Sierra: Alpha, sending you 3
2024-10-14 22:41:18.030658 Tango: Romeo, Quebec, Bravo, Mike and X-ray, sending you 3
2024-10-14 22:41:18.031275 Golf: Romeo, Quebec and Bravo, sending you 2
2024-10-14 22:41:18.031799 X-ray: Quebec, Tango and Bravo, sending you 3
2024-10-14 22:41:18.032744 Mike: Romeo, Quebec, Tango and X-ray, sending you 3
2024-10-14 22:41:18.033678 Tango: Golf, sending you 4
2024-10-14 22:41:18.035781 Quebec: Romeo and Mike, sending you 3
2024-10-14 22:41:18.036563 Golf: Tango, Mike and X-ray, sending you 3
2024-10-14 22:41:18.037762 X-ray: Golf and Mike, sending you 4
2024-10-14 22:41:18.038265 Mike: Golf and Bravo, sending you 4
2024-10-14 22:41:18.038826 Quebec: Tango, sending you 4
2024-10-14 22:41:18.041675 Bravo: Romeo, Quebec, Golf and X-ray, sending you 2
2024-10-14 22:41:18.042898 Quebec: Golf, Bravo and X-ray, sending you 2
2024-10-14 22:41:18.044678 Bravo: Tango and Mike, sending you 4
chatterbot Sierra submitting transactions
chatterbot Alpha submitting transactions
chatterbot Quebec submitting transactions
chatterbot Bravo submitting transactions
chatterbot Delta submitting transactions
chatterbot Mike submitting transactions
chatterbot Tango submitting transactions
chatterbot Golf submitting transactions
chatterbot Romeo submitting transactions
chatterbot X-ray submitting transactions
ChatterBot Romeo round 6
ChatterBot Delta round 6
ChatterBot Quebec round 6
ChatterBot Alpha round 6
ChatterBot Tango round 6
ChatterBot Golf round 6
ChatterBot Sierra round 6
ChatterBot Bravo round 6
ChatterBot Mike round 6
ChatterBot X-ray round 6
2024-10-14 22:41:19.308676 Bravo: Romeo, Quebec, Golf and X-ray, sending you 2
2024-10-14 22:41:19.310074 Delta: Alpha, sending you 8
2024-10-14 22:41:19.312667 Sierra: Delta, sending you 4
2024-10-14 22:41:19.314664 Bravo: Tango, sending you 3
2024-10-14 22:41:19.316252 Delta: Sierra, sending you 6
2024-10-14 22:41:19.316591 Quebec: Romeo and Mike, sending you 3
2024-10-14 22:41:19.317459 Mike: Romeo, Quebec, Tango and X-ray, sending you 3
2024-10-14 22:41:19.318862 X-ray: Romeo, Tango and Bravo, sending you 3
2024-10-14 22:41:19.319629 Sierra: Alpha, sending you 3
2024-10-14 22:41:19.320590 Romeo: Quebec, Tango and Mike, sending you 3
2024-10-14 22:41:19.321313 Alpha: Delta, sending you 12
2024-10-14 22:41:19.321709 Bravo: Mike, sending you 5
2024-10-14 22:41:19.322984 Quebec: Tango, sending you 4
2024-10-14 22:41:19.323743 X-ray: Quebec, sending you 2
2024-10-14 22:41:19.324893 Tango: Romeo, Golf, Bravo, Mike and X-ray, sending you 3
2024-10-14 22:41:19.325706 Mike: Golf and Bravo, sending you 4
2024-10-14 22:41:19.326880 Romeo: Golf, Bravo and X-ray, sending you 2
2024-10-14 22:41:19.328012 Alpha: Sierra, sending you 7
2024-10-14 22:41:19.328362 Golf: Romeo, Quebec and Bravo, sending you 2
2024-10-14 22:41:19.329177 Quebec: Golf, Bravo and X-ray, sending you 2
2024-10-14 22:41:19.330489 X-ray: Golf and Mike, sending you 4
2024-10-14 22:41:19.331819 Tango: Quebec, sending you 4
2024-10-14 22:41:19.333723 Golf: Tango, Mike and X-ray, sending you 3
chatterbot X-ray submitting transactions
chatterbot Romeo submitting transactions
chatterbot Bravo submitting transactions
chatterbot Mike submitting transactions
chatterbot Tango submitting transactions
chatterbot Golf submitting transactions
chatterbot Sierra submitting transactions
chatterbot Delta submitting transactions
chatterbot Quebec submitting transactions
chatterbot Alpha submitting transactions
ChatterBot Romeo round 7
ChatterBot Delta round 7
ChatterBot Quebec round 7
ChatterBot Alpha round 7
ChatterBot Tango round 7
ChatterBot Golf round 7
ChatterBot Sierra round 7
ChatterBot Bravo round 7
ChatterBot Mike round 7
ChatterBot X-ray round 7
2024-10-14 22:41:20.580948 Delta: Alpha, sending you 8
2024-10-14 22:41:20.583683 Romeo: Quebec, Tango and Mike, sending you 3
2024-10-14 22:41:20.586036 Delta: Sierra, sending you 6
2024-10-14 22:41:20.586541 Alpha: Delta, sending you 12
2024-10-14 22:41:20.586938 Tango: Romeo, Golf, Bravo, Mike and X-ray, sending you 3
2024-10-14 22:41:20.587757 Romeo: Golf, Bravo and X-ray, sending you 2
2024-10-14 22:41:20.589036 Quebec: Romeo and Mike, sending you 3
2024-10-14 22:41:20.589969 Golf: Romeo, Quebec and Bravo, sending you 2
2024-10-14 22:41:20.591233 Tango: Quebec, sending you 4
2024-10-14 22:41:20.592643 Alpha: Sierra, sending you 7
2024-10-14 22:41:20.593088 X-ray: Romeo, Tango and Bravo, sending you 3
2024-10-14 22:41:20.594043 Golf: Tango, Mike and X-ray, sending you 3
2024-10-14 22:41:20.595251 Sierra: Delta, sending you 4
2024-10-14 22:41:20.595686 Quebec: Tango, sending you 4
2024-10-14 22:41:20.597430 Mike: Romeo, Quebec, Tango and X-ray, sending you 3
2024-10-14 22:41:20.598800 X-ray: Quebec, sending you 2
2024-10-14 22:41:20.600701 Sierra: Alpha, sending you 3
2024-10-14 22:41:20.601594 Bravo: Romeo, Quebec, Golf and X-ray, sending you 2
2024-10-14 22:41:20.602443 Quebec: Golf, Bravo and X-ray, sending you 2
2024-10-14 22:41:20.603660 Mike: Golf and Bravo, sending you 4
2024-10-14 22:41:20.604216 X-ray: Golf and Mike, sending you 4
2024-10-14 22:41:20.606641 Bravo: Tango, sending you 3
2024-10-14 22:41:20.609717 Bravo: Mike, sending you 5
chatterbot Bravo submitting transactions
chatterbot Sierra submitting transactions
chatterbot Delta submitting transactions
chatterbot Tango submitting transactions
chatterbot Quebec submitting transactions
chatterbot X-ray submitting transactions
chatterbot Romeo submitting transactions
chatterbot Golf submitting transactions
chatterbot Mike submitting transactions
chatterbot Alpha submitting transactions
ChatterBot Romeo round 8
ChatterBot Delta round 8
ChatterBot Quebec round 8
ChatterBot Alpha round 8
ChatterBot Tango round 8
ChatterBot Golf round 8
ChatterBot Sierra round 8
ChatterBot Bravo round 8
ChatterBot Mike round 8
ChatterBot X-ray round 8
2024-10-14 22:41:21.801738 Delta: Alpha, sending you 8
2024-10-14 22:41:21.802746 Quebec: Romeo and Mike, sending you 3
2024-10-14 22:41:21.804681 Delta: Sierra, sending you 6
2024-10-14 22:41:21.806257 Romeo: Quebec, Tango and Mike, sending you 3
2024-10-14 22:41:21.808013 Alpha: Delta, sending you 12
2024-10-14 22:41:21.808347 Golf: Romeo, Quebec and Bravo, sending you 2
2024-10-14 22:41:21.809078 Quebec: Tango, sending you 4
2024-10-14 22:41:21.810908 Romeo: Golf, Bravo and X-ray, sending you 2
2024-10-14 22:41:21.812415 Alpha: Sierra, sending you 7
2024-10-14 22:41:21.813009 Sierra: Delta, sending you 4
2024-10-14 22:41:21.814026 X-ray: Romeo, Tango and Bravo, sending you 3
2024-10-14 22:41:21.815130 Golf: Tango, Mike and X-ray, sending you 3
2024-10-14 22:41:21.816800 Quebec: Golf, Bravo and X-ray, sending you 2
2024-10-14 22:41:21.818069 Bravo: Romeo, Quebec and Golf, sending you 2
2024-10-14 22:41:21.820175 Tango: Romeo, Golf, Bravo, Mike and X-ray, sending you 3
2024-10-14 22:41:21.821425 X-ray: Quebec, sending you 2
2024-10-14 22:41:21.823799 Sierra: Alpha, sending you 3
2024-10-14 22:41:21.824435 Bravo: Tango and X-ray, sending you 3
2024-10-14 22:41:21.826317 Tango: Quebec, sending you 4
2024-10-14 22:41:21.827418 Mike: Romeo, Quebec, Tango and X-ray, sending you 3
2024-10-14 22:41:21.829398 X-ray: Golf and Mike, sending you 4
2024-10-14 22:41:21.831322 Bravo: Mike, sending you 4
2024-10-14 22:41:21.832704 Mike: Golf and Bravo, sending you 4
chatterbot Tango submitting transactions
chatterbot Alpha submitting transactions
chatterbot Bravo submitting transactions
chatterbot X-ray submitting transactions
chatterbot Mike submitting transactions
chatterbot Golf submitting transactions
chatterbot Delta submitting transactions
chatterbot Romeo submitting transactions
chatterbot Sierra submitting transactions
chatterbot Quebec submitting transactions
ChatterBot Romeo round 9
ChatterBot Delta round 9
ChatterBot Quebec round 9
ChatterBot Alpha round 9
ChatterBot Tango round 9
ChatterBot Golf round 9
ChatterBot Sierra round 9
ChatterBot Bravo round 9
ChatterBot Mike round 9
ChatterBot X-ray round 9
2024-10-14 22:41:22.837663 Romeo: Quebec, Tango and Mike, sending you 3
2024-10-14 22:41:22.840671 Delta: Alpha, sending you 8
2024-10-14 22:41:22.841015 Romeo: Golf, Bravo and X-ray, sending you 2
2024-10-14 22:41:22.843686 Bravo: Romeo, Quebec and Golf, sending you 2
2024-10-14 22:41:22.845676 Delta: Sierra, sending you 6
2024-10-14 22:41:22.846676 Quebec: Romeo and Mike, sending you 3
2024-10-14 22:41:22.847772 Bravo: Tango and X-ray, sending you 3
2024-10-14 22:41:22.850661 Alpha: Delta, sending you 12
2024-10-14 22:41:22.850960 Quebec: Tango, sending you 4
2024-10-14 22:41:22.851803 Bravo: Mike, sending you 4
2024-10-14 22:41:22.852814 Golf: Romeo, Quebec and Bravo, sending you 2
2024-10-14 22:41:22.853669 Tango: Romeo, Golf, Bravo, Mike and X-ray, sending you 3
2024-10-14 22:41:22.854899 Mike: Romeo, Quebec, Tango and X-ray, sending you 3
2024-10-14 22:41:22.855937 X-ray: Romeo, Tango and Bravo, sending you 3
2024-10-14 22:41:22.856907 Sierra: Delta, sending you 4
2024-10-14 22:41:22.857251 Alpha: Sierra, sending you 7
2024-10-14 22:41:22.858003 Quebec: Golf, Bravo and X-ray, sending you 2
2024-10-14 22:41:22.858972 Golf: Tango, Mike and X-ray, sending you 3
2024-10-14 22:41:22.860021 Tango: Quebec, sending you 4
2024-10-14 22:41:22.861466 X-ray: Quebec, sending you 2
2024-10-14 22:41:22.862445 Mike: Golf and Bravo, sending you 4
2024-10-14 22:41:22.863875 Sierra: Alpha, sending you 3
2024-10-14 22:41:22.864678 X-ray: Golf and Mike, sending you 4
chatterbot Tango submitting transactions
chatterbot Delta submitting transactions
chatterbot Mike submitting transactions
chatterbot Quebec submitting transactions
chatterbot Romeo submitting transactions
chatterbot Alpha submitting transactions
chatterbot Sierra submitting transactions
chatterbot X-ray submitting transactions
chatterbot Bravo submitting transactions
chatterbot Golf submitting transactions
ChatterBot Romeo round 10
ChatterBot Delta round 10
ChatterBot Quebec round 10
ChatterBot Alpha round 10
ChatterBot Tango round 10
ChatterBot Golf round 10
ChatterBot Sierra round 10
ChatterBot Bravo round 10
ChatterBot Mike round 10
ChatterBot X-ray round 10
2024-10-14 22:41:24.230192 Golf: Romeo, Quebec and Bravo, sending you 2
2024-10-14 22:41:24.236017 Romeo: Quebec, Tango and Mike, sending you 3
2024-10-14 22:41:24.238173 Sierra: Delta, sending you 4
2024-10-14 22:41:24.238911 Golf: Tango, Mike and X-ray, sending you 3
2024-10-14 22:41:24.241222 Delta: Alpha, sending you 8
2024-10-14 22:41:24.241891 Quebec: Romeo and Mike, sending you 3
2024-10-14 22:41:24.244015 Alpha: Delta, sending you 12
2024-10-14 22:41:24.244596 Sierra: Alpha, sending you 3
2024-10-14 22:41:24.245842 Romeo: Golf, Bravo and X-ray, sending you 2
2024-10-14 22:41:24.247806 Mike: Romeo, Quebec, Tango and Golf, sending you 3
2024-10-14 22:41:24.249708 Tango: Romeo, Golf, Bravo, Mike and X-ray, sending you 3
2024-10-14 22:41:24.251876 Delta: Sierra, sending you 6
2024-10-14 22:41:24.253014 Quebec: Tango, sending you 4
2024-10-14 22:41:24.254722 Bravo: Romeo, Quebec and Golf, sending you 2
2024-10-14 22:41:24.256488 Alpha: Sierra, sending you 7
2024-10-14 22:41:24.257057 X-ray: Romeo, Quebec, Tango, Bravo and Mike, sending you 3
2024-10-14 22:41:24.259023 Mike: Bravo and X-ray, sending you 4
2024-10-14 22:41:24.260899 Tango: Quebec, sending you 4
2024-10-14 22:41:24.263038 Quebec: Golf, Bravo and X-ray, sending you 2
2024-10-14 22:41:24.265850 Bravo: Tango and X-ray, sending you 3
2024-10-14 22:41:24.268107 X-ray: Golf, sending you 4
2024-10-14 22:41:24.270686 Bravo: Mike, sending you 4
chatterbot Golf submitting transactions
chatterbot Quebec submitting transactions
chatterbot Sierra submitting transactions
chatterbot Delta submitting transactions
chatterbot Romeo submitting transactions
chatterbot Tango submitting transactions
chatterbot X-ray submitting transactions
chatterbot Mike submitting transactions
chatterbot Alpha submitting transactions
chatterbot Bravo submitting transactions
ChatterBot Romeo round 11
ChatterBot Delta round 11
ChatterBot Quebec round 11
ChatterBot Alpha round 11
ChatterBot Tango round 11
ChatterBot Golf round 11
ChatterBot Sierra round 11
ChatterBot Bravo round 11
ChatterBot Mike round 11
ChatterBot X-ray round 11
2024-10-14 22:41:25.447688 Tango: Romeo, Golf, Bravo, Mike and X-ray, sending you 3
2024-10-14 22:41:25.451660 Quebec: Romeo and Mike, sending you 3
2024-10-14 22:41:25.452703 Tango: Quebec, sending you 4
2024-10-14 22:41:25.454680 Alpha: Delta, sending you 12
2024-10-14 22:41:25.455693 Quebec: Tango, sending you 4
2024-10-14 22:41:25.458692 Delta: Alpha, sending you 8
2024-10-14 22:41:25.459071 Alpha: Sierra, sending you 7
2024-10-14 22:41:25.461867 Romeo: Quebec, Tango and Mike, sending you 3
2024-10-14 22:41:25.463576 Sierra: Delta, sending you 4
2024-10-14 22:41:25.464500 Delta: Sierra, sending you 6
2024-10-14 22:41:25.464994 Quebec: Golf, Bravo and X-ray, sending you 2
2024-10-14 22:41:25.466966 Bravo: Romeo, Quebec and Golf, sending you 2
2024-10-14 22:41:25.469055 Mike: Romeo, Quebec, Tango and X-ray, sending you 3
2024-10-14 22:41:25.471283 Romeo: Golf, Bravo and X-ray, sending you 2
2024-10-14 22:41:25.473168 Sierra: Alpha, sending you 3
2024-10-14 22:41:25.473666 Golf: Romeo, Quebec and Bravo, sending you 2
2024-10-14 22:41:25.475383 X-ray: Romeo, Tango and Bravo, sending you 3
2024-10-14 22:41:25.476628 Bravo: Tango and X-ray, sending you 3
2024-10-14 22:41:25.477410 Mike: Golf and Bravo, sending you 4
2024-10-14 22:41:25.479673 Golf: Tango, Mike and X-ray, sending you 3
2024-10-14 22:41:25.481048 Bravo: Mike, sending you 4
2024-10-14 22:41:25.481942 X-ray: Quebec, sending you 2
2024-10-14 22:41:25.488001 X-ray: Golf and Mike, sending you 4
chatterbot Bravo submitting transactions
chatterbot Delta submitting transactions
chatterbot Sierra submitting transactions
chatterbot Tango submitting transactions
chatterbot Mike submitting transactions
chatterbot Quebec submitting transactions
chatterbot X-ray submitting transactions
chatterbot Golf submitting transactions
chatterbot Romeo submitting transactions
chatterbot Alpha submitting transactions
ChatterBot Romeo round 12
ChatterBot Delta round 12
ChatterBot Quebec round 12
ChatterBot Alpha round 12
ChatterBot Tango round 12
2024-10-14 22:41:26.627165 Delta: We should add Romeo
2024-10-14 22:41:26.632583 Alpha: No
2024-10-14 22:41:26.632804 Sierra: No
ChatterBot Delta reevaluating
ChatterBot Delta reevaluating
ChatterBot Golf round 12
ChatterBot Sierra round 12
ChatterBot Bravo round 12
ChatterBot Mike round 12
ChatterBot X-ray round 12
2024-10-14 22:41:26.667684 Tango: Romeo, Golf, Bravo, Mike and X-ray, sending you 3
2024-10-14 22:41:26.670673 Delta: Alpha, sending you 8
2024-10-14 22:41:26.671676 Romeo: Quebec, Tango and Mike, sending you 3
2024-10-14 22:41:26.672675 Tango: Quebec, sending you 4
2024-10-14 22:41:26.674687 Alpha: Delta, sending you 12
2024-10-14 22:41:26.675207 Romeo: Golf, Bravo and X-ray, sending you 2
2024-10-14 22:41:26.676040 Delta: Sierra, sending you 6
2024-10-14 22:41:26.677666 Alpha: Sierra, sending you 7
2024-10-14 22:41:26.678685 Quebec: Romeo and Mike, sending you 3
2024-10-14 22:41:26.680553 Golf: Romeo, Quebec and Bravo, sending you 2
2024-10-14 22:41:26.681696 Sierra: Delta, sending you 4
2024-10-14 22:41:26.682036 Bravo: Romeo, Quebec and Golf, sending you 2
2024-10-14 22:41:26.684959 Quebec: Tango, sending you 4
2024-10-14 22:41:26.686039 Golf: Tango, Mike and X-ray, sending you 3
2024-10-14 22:41:26.686965 Sierra: Alpha, sending you 3
2024-10-14 22:41:26.687820 Mike: Romeo, Quebec, Tango and Golf, sending you 3
2024-10-14 22:41:26.688690 Bravo: Tango and X-ray, sending you 3
2024-10-14 22:41:26.689855 Quebec: Golf, Bravo and X-ray, sending you 2
2024-10-14 22:41:26.690654 X-ray: Romeo, Tango and Bravo, sending you 3
2024-10-14 22:41:26.692034 Mike: Bravo and X-ray, sending you 4
2024-10-14 22:41:26.693315 Bravo: Mike, sending you 4
2024-10-14 22:41:26.695671 X-ray: Quebec, sending you 2
2024-10-14 22:41:26.701683 X-ray: Golf and Mike, sending you 4
chatterbot Tango submitting transactions
chatterbot X-ray submitting transactions
chatterbot Golf submitting transactions
chatterbot Delta submitting transactions
chatterbot Quebec submitting transactions
chatterbot Romeo submitting transactions
chatterbot Sierra submitting transactions
chatterbot Mike submitting transactions
chatterbot Alpha submitting transactions
chatterbot Bravo submitting transactions
ChatterBot Romeo round 13
ChatterBot Delta round 13
ChatterBot Quebec round 13
ChatterBot Alpha round 13
ChatterBot Tango round 13
ChatterBot Golf round 13
ChatterBot Sierra round 13
ChatterBot Bravo round 13
ChatterBot Mike round 13
ChatterBot X-ray round 13
2024-10-14 22:41:27.982695 Romeo: Quebec, Tango and Mike, sending you 3
2024-10-14 22:41:27.985052 Delta: Alpha, sending you 8
2024-10-14 22:41:27.987693 Romeo: Golf, Bravo and X-ray, sending you 2
2024-10-14 22:41:27.989550 Delta: Sierra, sending you 6
2024-10-14 22:41:27.990056 Quebec: Romeo and Mike, sending you 3
2024-10-14 22:41:27.994676 Quebec: Tango, sending you 4
2024-10-14 22:41:27.996338 Bravo: Romeo, Quebec and Golf, sending you 2
2024-10-14 22:41:27.997448 Golf: Romeo, Quebec and Bravo, sending you 2
2024-10-14 22:41:27.999777 Tango: Romeo, Golf, Bravo, Mike and X-ray, sending you 3
2024-10-14 22:41:28.002254 Alpha: Delta, sending you 12
2024-10-14 22:41:28.002939 Bravo: Tango and X-ray, sending you 3
2024-10-14 22:41:28.005016 Quebec: Golf, Bravo and X-ray, sending you 2
2024-10-14 22:41:28.007004 Mike: Romeo, Quebec, Tango and Golf, sending you 3
2024-10-14 22:41:28.008629 Sierra: Delta, sending you 4
2024-10-14 22:41:28.009864 Golf: Tango, Mike and X-ray, sending you 3
2024-10-14 22:41:28.011994 Tango: Quebec, sending you 4
2024-10-14 22:41:28.014654 Alpha: Sierra, sending you 7
2024-10-14 22:41:28.015399 Bravo: Mike, sending you 4
2024-10-14 22:41:28.018195 Mike: Bravo and X-ray, sending you 4
2024-10-14 22:41:28.020478 Sierra: Alpha, sending you 3
2024-10-14 22:41:28.021178 X-ray: Romeo, Quebec, Tango, Golf and Bravo, sending you 3
2024-10-14 22:41:28.028693 X-ray: Mike, sending you 4
chatterbot Quebec submitting transactions
chatterbot Romeo submitting transactions
chatterbot Bravo submitting transactions
chatterbot Golf submitting transactions
chatterbot Mike submitting transactions
chatterbot Delta submitting transactions
chatterbot Tango submitting transactions
chatterbot Alpha submitting transactions
chatterbot X-ray submitting transactions
chatterbot Sierra submitting transactions
ChatterBot Romeo round 14
ChatterBot Delta round 14
ChatterBot Quebec round 14
ChatterBot Alpha round 14
ChatterBot Tango round 14
ChatterBot Golf round 14
ChatterBot Sierra round 14
ChatterBot Bravo round 14
ChatterBot Mike round 14
ChatterBot X-ray round 14
2024-10-14 22:41:28.864649 Quebec: Romeo and Mike, sending you 3
2024-10-14 22:41:28.867677 Delta: Alpha, sending you 8
2024-10-14 22:41:28.868673 Quebec: Tango, sending you 4
2024-10-14 22:41:28.871654 Alpha: Delta, sending you 12
2024-10-14 22:41:28.872669 Delta: Sierra, sending you 6
2024-10-14 22:41:28.873063 Quebec: Golf, Bravo and X-ray, sending you 2
2024-10-14 22:41:28.874669 Tango: Romeo, Golf, Bravo, Mike and X-ray, sending you 3
2024-10-14 22:41:28.875738 Alpha: Sierra, sending you 7
2024-10-14 22:41:28.876685 Bravo: Romeo, Quebec and Golf, sending you 2
2024-10-14 22:41:28.878521 Mike: Romeo, Quebec, Tango and Golf, sending you 3
2024-10-14 22:41:28.879439 Romeo: Quebec, Tango and Mike, sending you 3
2024-10-14 22:41:28.880611 X-ray: Romeo, Quebec, Tango, Golf and Bravo, sending you 3
2024-10-14 22:41:28.881793 Tango: Quebec, sending you 4
2024-10-14 22:41:28.882687 Bravo: Tango and X-ray, sending you 3
2024-10-14 22:41:28.884114 Mike: Bravo and X-ray, sending you 4
2024-10-14 22:41:28.885056 Romeo: Golf, Bravo and X-ray, sending you 2
2024-10-14 22:41:28.886086 X-ray: Mike, sending you 4
2024-10-14 22:41:28.887866 Golf: Romeo, Quebec and Bravo, sending you 2
2024-10-14 22:41:28.888930 Bravo: Mike, sending you 4
2024-10-14 22:41:28.890991 Sierra: Delta, sending you 4
2024-10-14 22:41:28.893672 Golf: Tango, Mike and X-ray, sending you 3
2024-10-14 22:41:28.895387 Sierra: Alpha, sending you 3
chatterbot X-ray submitting transactions
chatterbot Bravo submitting transactions
chatterbot Tango submitting transactions
chatterbot Alpha submitting transactions
chatterbot Sierra submitting transactions
chatterbot Quebec submitting transactions
chatterbot Romeo submitting transactions
chatterbot Golf submitting transactions
chatterbot Delta submitting transactions
chatterbot Mike submitting transactions
ChatterBot Romeo round 15
ChatterBot Delta round 15
ChatterBot Quebec round 15
ChatterBot Alpha round 15
ChatterBot Tango round 15
ChatterBot Golf round 15
ChatterBot Sierra round 15
ChatterBot Bravo round 15
ChatterBot Mike round 15
ChatterBot X-ray round 15
2024-10-14 22:41:30.103268 Delta: We should drop Sierra
2024-10-14 22:41:30.108387 Alpha: No
ChatterBot Delta reevaluating
2024-10-14 22:41:30.116677 Sierra: Delta, sending you 4
2024-10-14 22:41:30.117711 Romeo: Quebec, Tango and Mike, sending you 3
2024-10-14 22:41:30.121198 Quebec: Romeo and Mike, sending you 3
2024-10-14 22:41:30.124403 Sierra: Alpha, sending you 3
2024-10-14 22:41:30.125245 Romeo: Golf, Bravo and X-ray, sending you 2
2024-10-14 22:41:30.128662 Alpha: Delta, sending you 12
2024-10-14 22:41:30.129426 X-ray: Romeo, Quebec, Tango, Golf and Bravo, sending you 3
2024-10-14 22:41:30.131448 Quebec: Tango, sending you 4
2024-10-14 22:41:30.134535 Tango: Romeo, Golf, Bravo, Mike and X-ray, sending you 3
2024-10-14 22:41:30.135850 Alpha: Sierra, sending you 7
2024-10-14 22:41:30.136255 Golf: Romeo, Quebec and Bravo, sending you 2
2024-10-14 22:41:30.138206 X-ray: Mike, sending you 4
2024-10-14 22:41:30.139240 Bravo: Romeo, Quebec and Golf, sending you 2
2024-10-14 22:41:30.141153 Quebec: Golf, Bravo and X-ray, sending you 2
2024-10-14 22:41:30.142275 Mike: Romeo, Quebec, Tango and Golf, sending you 3
2024-10-14 22:41:30.143132 Tango: Quebec, sending you 4
