ChatterBot Victor round 1
ChatterBot Charlie round 1
ChatterBot Quebec round 1
ChatterBot Bravo round 1
ChatterBot Echo round 1
ChatterBot Romeo round 1
ChatterBot X-ray round 1
ChatterBot Uniform round 1
ChatterBot Papa round 1
ChatterBot Mike round 1
randomSelections Romeo: {Romeo, Mike, Papa, Quebec, Uniform, Echo, Charlie} 
2024-10-14 22:41:11.095207 Romeo: Friends?
ChatterBot Mike reevaluating
ChatterBot Papa reevaluating
ChatterBot Quebec reevaluating
ChatterBot Uniform reevaluating
ChatterBot Echo reevaluating
ChatterBot Charlie reevaluating
2024-10-14 22:41:11.135191 Mike: Yes
2024-10-14 22:41:11.135416 Papa: Yes
2024-10-14 22:41:11.135658 Quebec: Yes
2024-10-14 22:41:11.137100 Uniform: Yes
2024-10-14 22:41:11.137260 Echo: Yes
2024-10-14 22:41:11.137417 Charlie: Yes
ChatterBot Papa reevaluating
ChatterBot Quebec reevaluating
ChatterBot Uniform reevaluating
ChatterBot Echo reevaluating
ChatterBot Charlie reevaluating
ChatterBot Mike reevaluating
ChatterBot Quebec reevaluating
ChatterBot Uniform reevaluating
ChatterBot Echo reevaluating
ChatterBot Charlie reevaluating
ChatterBot Mike reevaluating
ChatterBot Papa reevaluating
ChatterBot Uniform reevaluating
ChatterBot Echo reevaluating
ChatterBot Charlie reevaluating
ChatterBot Mike reevaluating
ChatterBot Papa reevaluating
ChatterBot Quebec reevaluating
ChatterBot Echo reevaluating
ChatterBot Charlie reevaluating
ChatterBot Mike reevaluating
ChatterBot Papa reevaluating
ChatterBot Quebec reevaluating
ChatterBot Uniform reevaluating
ChatterBot Charlie reevaluating
ChatterBot Mike reevaluating
ChatterBot Papa reevaluating
ChatterBot Quebec reevaluating
ChatterBot Uniform reevaluating
ChatterBot Echo reevaluating
randomSelections Victor: {Victor, Echo, Papa, Mike, Bravo, X-ray, Charlie} 
2024-10-14 22:41:11.368373 Victor: Group up?
ChatterBot Echo reevaluating
ChatterBot Papa reevaluating
ChatterBot Mike reevaluating
ChatterBot Bravo reevaluating
ChatterBot X-ray reevaluating
ChatterBot Charlie reevaluating
2024-10-14 22:41:11.384632 Echo: No
2024-10-14 22:41:11.385068 Papa: No
2024-10-14 22:41:11.385348 Mike: No
2024-10-14 22:41:11.386199 Bravo: Yes
2024-10-14 22:41:11.386506 X-ray: Yes
2024-10-14 22:41:11.386686 Charlie: No
ChatterBot Papa reevaluating
ChatterBot Mike reevaluating
ChatterBot Bravo reevaluating
ChatterBot X-ray reevaluating
ChatterBot Charlie reevaluating
ChatterBot Echo reevaluating
ChatterBot Mike reevaluating
ChatterBot Bravo reevaluating
ChatterBot X-ray reevaluating
ChatterBot Charlie reevaluating
ChatterBot Echo reevaluating
ChatterBot Papa reevaluating
ChatterBot Bravo reevaluating
ChatterBot X-ray reevaluating
ChatterBot Charlie reevaluating
ChatterBot Echo reevaluating
ChatterBot Papa reevaluating
ChatterBot Mike reevaluating
ChatterBot X-ray reevaluating
ChatterBot Charlie reevaluating
ChatterBot Echo reevaluating
ChatterBot Papa reevaluating
ChatterBot Mike reevaluating
ChatterBot Bravo reevaluating
ChatterBot Charlie reevaluating
ChatterBot Echo reevaluating
ChatterBot Papa reevaluating
ChatterBot Mike reevaluating
ChatterBot Bravo reevaluating
ChatterBot X-ray reevaluating
2024-10-14 22:41:11.475923 Quebec: Charlie, sending you 1
2024-10-14 22:41:11.479441 Bravo: Victor and Papa, sending you 2
2024-10-14 22:41:11.480739 Uniform: Charlie, Quebec, Romeo and Mike, sending you 1
2024-10-14 22:41:11.482309 Echo: Charlie and Uniform, sending you 2
2024-10-14 22:41:11.483979 Quebec: Echo and Papa, sending you 3
2024-10-14 22:41:11.485039 Romeo: Charlie and Papa, sending you 4
2024-10-14 22:41:11.486875 Victor: Charlie, sending you 4
2024-10-14 22:41:11.488212 X-ray: Victor and Mike, sending you 3
2024-10-14 22:41:11.489033 Uniform: Echo and Papa, sending you 2
2024-10-14 22:41:11.490578 Bravo: Charlie, sending you 1
2024-10-14 22:41:11.491318 Echo: Quebec, sending you 7
2024-10-14 22:41:11.492578 Papa: Charlie, sending you 2
2024-10-14 22:41:11.494146 Charlie: Quebec and Echo, sending you 3
2024-10-14 22:41:11.494853 Quebec: Uniform, sending you 4
2024-10-14 22:41:11.495316 Romeo: Quebec, Echo and Mike, sending you 2
2024-10-14 22:41:11.496781 Victor: Bravo and Mike, sending you 2
2024-10-14 22:41:11.497689 X-ray: Charlie, sending you 4
2024-10-14 22:41:11.499143 Bravo: Echo, sending you 4
2024-10-14 22:41:11.500160 Echo: Romeo and Mike, sending you 1
2024-10-14 22:41:11.502075 Quebec: Mike, sending you 5
2024-10-14 22:41:11.503785 Papa: Echo and Mike, sending you 3
2024-10-14 22:41:11.504813 Mike: Quebec and Romeo, sending you 1
2024-10-14 22:41:11.506373 Charlie: Romeo, sending you 5
2024-10-14 22:41:11.507295 Romeo: Uniform, sending you 1
2024-10-14 22:41:11.509038 Victor: X-ray and Papa, sending you 3
2024-10-14 22:41:11.510470 Bravo: Mike, sending you 3
2024-10-14 22:41:11.510870 X-ray: Bravo and Echo, sending you 2
2024-10-14 22:41:11.511823 Echo: Papa, sending you 3
2024-10-14 22:41:11.513281 Mike: Echo, sending you 5
2024-10-14 22:41:11.514500 Papa: Romeo, sending you 7
2024-10-14 22:41:11.514970 Charlie: Uniform, sending you 2
2024-10-14 22:41:11.516692 X-ray: Papa, sending you 1
2024-10-14 22:41:11.519005 Mike: Papa, sending you 3
2024-10-14 22:41:11.520122 Papa: Uniform, sending you 1
2024-10-14 22:41:11.522151 Charlie: Papa, sending you 4
2024-10-14 22:41:11.525814 Charlie: Mike, sending you 1
chatterbot Quebec submitting transactions
chatterbot Echo submitting transactions
chatterbot Romeo submitting transactions
chatterbot Charlie submitting transactions
chatterbot Mike submitting transactions
chatterbot Papa submitting transactions
chatterbot Victor submitting transactions
chatterbot Uniform submitting transactions
chatterbot X-ray submitting transactions
chatterbot Bravo submitting transactions
ChatterBot Victor round 2
ChatterBot Charlie round 2
ChatterBot Quebec round 2
ChatterBot Bravo round 2
ChatterBot Echo round 2
ChatterBot Romeo round 2
ChatterBot X-ray round 2
2024-10-14 22:41:12.630309 Victor: Friends?
ChatterBot Bravo reevaluating
ChatterBot X-ray reevaluating
ChatterBot Mike reevaluating
2024-10-14 22:41:12.650195 Bravo: No
2024-10-14 22:41:12.650391 X-ray: No
2024-10-14 22:41:12.650526 Mike: No
ChatterBot X-ray reevaluating
ChatterBot Mike reevaluating
ChatterBot Bravo reevaluating
ChatterBot Mike reevaluating
ChatterBot Bravo reevaluating
ChatterBot X-ray reevaluating
ChatterBot Uniform round 2
ChatterBot Papa round 2
ChatterBot Mike round 2
2024-10-14 22:41:12.718837 Charlie: We would work well together
ChatterBot Quebec reevaluating
ChatterBot Echo reevaluating
ChatterBot Uniform reevaluating
ChatterBot Romeo reevaluating
ChatterBot Papa reevaluating
ChatterBot Mike reevaluating
ChatterBot Victor reevaluating
ChatterBot Bravo reevaluating
ChatterBot X-ray reevaluating
2024-10-14 22:41:12.762266 Quebec: No
2024-10-14 22:41:12.762429 Echo: No
2024-10-14 22:41:12.762551 Uniform: No
2024-10-14 22:41:12.762705 Romeo: No
2024-10-14 22:41:12.762889 Papa: No
2024-10-14 22:41:12.763057 Mike: No
2024-10-14 22:41:12.763885 Victor: No
2024-10-14 22:41:12.764064 Bravo: No
2024-10-14 22:41:12.764231 X-ray: No
ChatterBot Echo reevaluating
ChatterBot Uniform reevaluating
ChatterBot Romeo reevaluating
ChatterBot Papa reevaluating
ChatterBot Mike reevaluating
ChatterBot Victor reevaluating
ChatterBot Bravo reevaluating
ChatterBot X-ray reevaluating
ChatterBot Quebec reevaluating
ChatterBot Uniform reevaluating
ChatterBot Romeo reevaluating
ChatterBot Papa reevaluating
ChatterBot Mike reevaluating
ChatterBot Victor reevaluating
ChatterBot Bravo reevaluating
ChatterBot X-ray reevaluating
ChatterBot Quebec reevaluating
ChatterBot Echo reevaluating
ChatterBot Romeo reevaluating
ChatterBot Papa reevaluating
ChatterBot Mike reevaluating
ChatterBot Victor reevaluating
ChatterBot Bravo reevaluating
ChatterBot X-ray reevaluating
ChatterBot Quebec reevaluating
ChatterBot Echo reevaluating
ChatterBot Uniform reevaluating
ChatterBot Papa reevaluating
ChatterBot Mike reevaluating
ChatterBot Victor reevaluating
ChatterBot Bravo reevaluating
ChatterBot X-ray reevaluating
ChatterBot Quebec reevaluating
ChatterBot Echo reevaluating
ChatterBot Uniform reevaluating
ChatterBot Romeo reevaluating
ChatterBot Mike reevaluating
ChatterBot Victor reevaluating
ChatterBot Bravo reevaluating
ChatterBot X-ray reevaluating
ChatterBot Quebec reevaluating
ChatterBot Echo reevaluating
ChatterBot Uniform reevaluating
ChatterBot Romeo reevaluating
ChatterBot Papa reevaluating
ChatterBot Victor reevaluating
ChatterBot Bravo reevaluating
ChatterBot X-ray reevaluating
ChatterBot Quebec reevaluating
ChatterBot Echo reevaluating
ChatterBot Uniform reevaluating
ChatterBot Romeo reevaluating
ChatterBot Papa reevaluating
ChatterBot Mike reevaluating
ChatterBot Bravo reevaluating
ChatterBot X-ray reevaluating
ChatterBot Quebec reevaluating
ChatterBot Echo reevaluating
ChatterBot Uniform reevaluating
ChatterBot Romeo reevaluating
ChatterBot Papa reevaluating
ChatterBot Mike reevaluating
ChatterBot Victor reevaluating
ChatterBot X-ray reevaluating
ChatterBot Quebec reevaluating
ChatterBot Echo reevaluating
ChatterBot Uniform reevaluating
ChatterBot Romeo reevaluating
ChatterBot Papa reevaluating
ChatterBot Mike reevaluating
ChatterBot Victor reevaluating
ChatterBot Bravo reevaluating
2024-10-14 22:41:13.304351 Mike: We should drop Uniform
2024-10-14 22:41:13.326681 Quebec: No
2024-10-14 22:41:13.327417 Echo: No
2024-10-14 22:41:13.327553 Charlie: No
2024-10-14 22:41:13.327674 Romeo: No
2024-10-14 22:41:13.327802 Papa: No
ChatterBot Charlie reevaluating
ChatterBot Charlie reevaluating
ChatterBot Charlie reevaluating
ChatterBot Charlie reevaluating
2024-10-14 22:41:14.014414 Victor: Charlie, sending you 3
2024-10-14 22:41:14.016143 Bravo: Victor and X-ray, sending you 4
2024-10-14 22:41:14.017888 Quebec: Charlie, sending you 3
2024-10-14 22:41:14.022422 Romeo: Charlie, sending you 4
2024-10-14 22:41:14.023955 Uniform: Charlie and Echo, sending you 3
2024-10-14 22:41:14.025675 X-ray: Victor, sending you 13
2024-10-14 22:41:14.026818 Echo: Charlie, Quebec, Uniform, Papa and Mike, sending you 3
2024-10-14 22:41:14.028607 Papa: Charlie, Quebec, Echo, Romeo and Mike, sending you 3
chatterbot Charlie submitting transactions
chatterbot Quebec submitting transactions
chatterbot Victor submitting transactions
chatterbot Echo submitting transactions
chatterbot Bravo submitting transactions
chatterbot Romeo submitting transactions
2024-10-14 22:41:14.031721 Victor: Bravo, sending you 5
2024-10-14 22:41:14.033007 Quebec: Echo, sending you 6
2024-10-14 22:41:14.034813 Romeo: Quebec, Echo, Uniform and Mike, sending you 1
2024-10-14 22:41:14.036591 Uniform: Quebec, sending you 5
2024-10-14 22:41:14.037652 X-ray: Bravo, sending you 2
2024-10-14 22:41:14.038936 Echo: Romeo, sending you 1
2024-10-14 22:41:14.040424 Mike: Charlie, Echo and Romeo, sending you 3
2024-10-14 22:41:14.041234 Papa: Uniform, sending you 1
2024-10-14 22:41:14.043411 Victor: X-ray, sending you 6
2024-10-14 22:41:14.044731 Quebec: Romeo, Uniform and Mike, sending you 2
2024-10-14 22:41:14.047049 Romeo: Papa, sending you 7
2024-10-14 22:41:14.048515 Uniform: Romeo and Papa, sending you 2
chatterbot X-ray submitting transactions
2024-10-14 22:41:14.050288 Mike: Quebec, sending you 6
2024-10-14 22:41:14.653155 Quebec: Papa, sending you 1
2024-10-14 22:41:14.653774 Uniform: Mike, sending you 1
2024-10-14 22:41:14.654829 Charlie: Victor, Romeo and X-ray, sending you 3
2024-10-14 22:41:14.655314 Mike: Papa, sending you 4
chatterbot Charlie submitting transactions
chatterbot Uniform submitting transactions
chatterbot Papa submitting transactions
chatterbot Mike submitting transactions
2024-10-14 22:41:14.670514 Charlie: Quebec, Bravo, Echo, Uniform and Papa, sending you 2
2024-10-14 22:41:14.671422 Mike: Victor did not give me 2 like they said
ChatterBot Quebec reevaluating
ChatterBot Echo reevaluating
ChatterBot Charlie reevaluating
ChatterBot Romeo reevaluating
ChatterBot Papa reevaluating
2024-10-14 22:41:14.696434 Mike: Charlie did not give me 1 like they said
ChatterBot Quebec reevaluating
ChatterBot Echo reevaluating
ChatterBot Charlie reevaluating
ChatterBot Romeo reevaluating
ChatterBot Papa reevaluating
2024-10-14 22:41:14.721779 Mike: Quebec did not give me 5 like they said
ChatterBot Quebec reevaluating
ChatterBot Echo reevaluating
ChatterBot Charlie reevaluating
ChatterBot Romeo reevaluating
ChatterBot Papa reevaluating
2024-10-14 22:41:14.747760 Mike: Bravo did not give me 3 like they said
ChatterBot Quebec reevaluating
ChatterBot Echo reevaluating
ChatterBot Charlie reevaluating
ChatterBot Romeo reevaluating
ChatterBot Papa reevaluating
2024-10-14 22:41:14.880010 Mike: Romeo did not give me 2 like they said
ChatterBot Quebec reevaluating
ChatterBot Echo reevaluating
ChatterBot Charlie reevaluating
ChatterBot Romeo reevaluating
ChatterBot Papa reevaluating
2024-10-14 22:41:14.908519 Mike: X-ray did not give me 3 like they said
ChatterBot Quebec reevaluating
ChatterBot Echo reevaluating
ChatterBot Charlie reevaluating
ChatterBot Romeo reevaluating
ChatterBot Papa reevaluating
2024-10-14 22:41:14.938859 Quebec: Charlie did not give me 3 like they said
ChatterBot Romeo reevaluating
ChatterBot Mike reevaluating
ChatterBot Papa reevaluating
ChatterBot Uniform reevaluating
ChatterBot Echo reevaluating
ChatterBot Charlie reevaluating
2024-10-14 22:41:14.970393 Quebec: Echo did not give me 7 like they said
ChatterBot Romeo reevaluating
ChatterBot Mike reevaluating
ChatterBot Papa reevaluating
ChatterBot Uniform reevaluating
ChatterBot Echo reevaluating
ChatterBot Charlie reevaluating
2024-10-14 22:41:15.003075 Quebec: Romeo did not give me 2 like they said
ChatterBot Romeo reevaluating
ChatterBot Mike reevaluating
ChatterBot Papa reevaluating
ChatterBot Uniform reevaluating
ChatterBot Echo reevaluating
ChatterBot Charlie reevaluating
2024-10-14 22:41:15.038519 Uniform: Quebec did not give me 4 like they said
ChatterBot Romeo reevaluating
ChatterBot Mike reevaluating
ChatterBot Papa reevaluating
ChatterBot Quebec reevaluating
ChatterBot Echo reevaluating
ChatterBot Charlie reevaluating
ChatterBot Victor round 3
ChatterBot Charlie round 3
ChatterBot Quebec round 3
ChatterBot Bravo round 3
ChatterBot Echo round 3
ChatterBot Romeo round 3
ChatterBot X-ray round 3
ChatterBot Uniform round 3
ChatterBot Papa round 3
ChatterBot Mike round 3
2024-10-14 22:41:15.075713 Mike: We should add Uniform
ChatterBot Quebec reevaluating
ChatterBot Echo reevaluating
ChatterBot Charlie reevaluating
ChatterBot Romeo reevaluating
ChatterBot Papa reevaluating
2024-10-14 22:41:15.102997 Quebec: Yes
2024-10-14 22:41:15.103268 Echo: Yes
2024-10-14 22:41:15.103470 Charlie: Yes
2024-10-14 22:41:15.103619 Romeo: Yes
2024-10-14 22:41:15.104325 Papa: Yes
ChatterBot Mike reevaluating
ChatterBot Echo reevaluating
ChatterBot Charlie reevaluating
ChatterBot Romeo reevaluating
ChatterBot Papa reevaluating
ChatterBot Mike reevaluating
ChatterBot Quebec reevaluating
ChatterBot Charlie reevaluating
ChatterBot Romeo reevaluating
ChatterBot Papa reevaluating
ChatterBot Mike reevaluating
ChatterBot Quebec reevaluating
ChatterBot Echo reevaluating
ChatterBot Romeo reevaluating
ChatterBot Papa reevaluating
ChatterBot Mike reevaluating
ChatterBot Quebec reevaluating
ChatterBot Echo reevaluating
ChatterBot Charlie reevaluating
ChatterBot Papa reevaluating
ChatterBot Mike reevaluating
ChatterBot Quebec reevaluating
ChatterBot Echo reevaluating
ChatterBot Charlie reevaluating
ChatterBot Romeo reevaluating
2024-10-14 22:41:15.278384 Bravo: We should replace Mike with Charlie
ChatterBot X-ray reevaluating
2024-10-14 22:41:15.286335 X-ray: Yes
2024-10-14 22:41:15.286982 Victor: Yes
ChatterBot Bravo reevaluating
ChatterBot X-ray reevaluating
ChatterBot Bravo reevaluating
2024-10-14 22:41:15.304042 X-ray: We should add Charlie
ChatterBot Bravo reevaluating
2024-10-14 22:41:15.311692 Victor: Yes
2024-10-14 22:41:15.312432 Bravo: Yes
ChatterBot X-ray reevaluating
ChatterBot Bravo reevaluating
ChatterBot X-ray reevaluating
2024-10-14 22:41:15.375005 Mike: Uniform we want you to join our group
2024-10-14 22:41:15.380981 Uniform: Yes
ChatterBot Mike reevaluating
2024-10-14 22:41:15.409061 X-ray: Charlie we want you to join our group
2024-10-14 22:41:15.414031 Charlie: No
ChatterBot Bravo reevaluating
ChatterBot X-ray reevaluating
2024-10-14 22:41:15.427021 Bravo: We should replace Mike with Uniform
ChatterBot X-ray reevaluating
2024-10-14 22:41:15.435505 X-ray: No
2024-10-14 22:41:15.435661 Victor: No
ChatterBot Bravo reevaluating
ChatterBot X-ray reevaluating
ChatterBot Bravo reevaluating
2024-10-14 22:41:15.849766 Victor: Charlie and Bravo, sending you 4
2024-10-14 22:41:15.850722 Uniform: Charlie, sending you 3
2024-10-14 22:41:15.851502 Charlie: Quebec, Echo, Uniform, Papa and Mike, sending you 3
2024-10-14 22:41:15.852530 Echo: Charlie, Quebec, Uniform, Papa and Mike, sending you 3
2024-10-14 22:41:15.853305 Romeo: Charlie, sending you 4
2024-10-14 22:41:15.854751 Quebec: Charlie, Romeo and Papa, sending you 2
2024-10-14 22:41:15.856130 Bravo: Charlie we want you to join our group
2024-10-14 22:41:15.864238 Charlie: No
ChatterBot Bravo reevaluating
2024-10-14 22:41:15.885726 Victor: X-ray, sending you 6
2024-10-14 22:41:15.886302 Uniform: Quebec and Echo, sending you 4
2024-10-14 22:41:15.887836 Charlie: Romeo, sending you 4
2024-10-14 22:41:15.889345 Echo: Romeo, sending you 1
2024-10-14 22:41:15.890686 Romeo: Quebec and Echo, sending you 1
2024-10-14 22:41:15.892055 Quebec: Echo, sending you 4
2024-10-14 22:41:15.893573 Papa: Charlie, Quebec and Uniform, sending you 2
2024-10-14 22:41:15.894636 Bravo: Uniform we want you to join our group
2024-10-14 22:41:15.903159 Uniform: No
ChatterBot Bravo reevaluating
2024-10-14 22:41:15.922988 Uniform: Romeo and Papa, sending you 2
2024-10-14 22:41:15.924621 Romeo: Uniform and Mike, sending you 2
2024-10-14 22:41:15.925927 Quebec: Uniform and Mike, sending you 3
2024-10-14 22:41:15.927391 Papa: Echo and Mike, sending you 3
2024-10-14 22:41:15.929021 Uniform: Mike, sending you 1
2024-10-14 22:41:16.089592 Romeo: Papa, sending you 5
2024-10-14 22:41:16.090707 Papa: Romeo, sending you 4
2024-10-14 22:41:16.091229 Mike: Charlie, sending you 1
2024-10-14 22:41:16.091661 X-ray: Victor, sending you 7
chatterbot Papa submitting transactions
2024-10-14 22:41:16.217010 Mike: Quebec and Papa, sending you 5
2024-10-14 22:41:16.217648 X-ray: Charlie and Bravo, sending you 4
chatterbot Quebec submitting transactions
2024-10-14 22:41:16.326834 Mike: Echo, sending you 4
2024-10-14 22:41:16.327467 Bravo: Victor, sending you 5
chatterbot Bravo submitting transactions
2024-10-14 22:41:16.434963 Mike: Romeo, sending you 3
2024-10-14 22:41:16.435506 Bravo: Charlie, sending you 3
2024-10-14 22:41:16.612980 Mike: Uniform, sending you 2
2024-10-14 22:41:16.614966 Bravo: X-ray, sending you 4
chatterbot Romeo submitting transactions
chatterbot Victor submitting transactions
chatterbot Uniform submitting transactions
chatterbot Charlie submitting transactions
chatterbot Echo submitting transactions
chatterbot Mike submitting transactions
chatterbot X-ray submitting transactions
ChatterBot Victor round 4
ChatterBot Charlie round 4
ChatterBot Quebec round 4
ChatterBot Bravo round 4
ChatterBot Echo round 4
ChatterBot Romeo round 4
ChatterBot X-ray round 4
ChatterBot Uniform round 4
ChatterBot Papa round 4
ChatterBot Mike round 4
2024-10-14 22:41:16.983681 Bravo: We should drop Charlie
ChatterBot Victor reevaluating
2024-10-14 22:41:16.995227 X-ray: Yes
2024-10-14 22:41:16.995413 Victor: Yes
ChatterBot Victor reevaluating
ChatterBot Bravo reevaluating
ChatterBot Bravo reevaluating
2024-10-14 22:41:17.039646 Charlie: Quebec, Echo, Uniform and Papa, sending you 3
2024-10-14 22:41:17.040949 Quebec: Charlie, Echo, Uniform and Mike, sending you 3
2024-10-14 22:41:17.050197 Charlie: Romeo, sending you 5
2024-10-14 22:41:17.051484 Mike: Charlie and Romeo, sending you 3
2024-10-14 22:41:17.052183 Papa: Charlie, Echo and Mike, sending you 3
2024-10-14 22:41:17.053334 Quebec: Romeo and Papa, sending you 2
2024-10-14 22:41:17.054425 Romeo: Charlie and Papa, sending you 4
2024-10-14 22:41:17.055163 Echo: Charlie, Quebec, Uniform, Papa and Mike, sending you 3
2024-10-14 22:41:17.056300 Uniform: Charlie and Quebec, sending you 3
2024-10-14 22:41:17.057707 Charlie: Mike, sending you 2
2024-10-14 22:41:17.058996 Mike: Quebec, Echo and Papa, sending you 4
2024-10-14 22:41:17.059661 Papa: Quebec, sending you 2
2024-10-14 22:41:17.060807 Romeo: Quebec, Uniform and Mike, sending you 2
2024-10-14 22:41:17.061889 Echo: Romeo, sending you 1
2024-10-14 22:41:17.063076 Uniform: Echo, sending you 4
2024-10-14 22:41:17.063859 X-ray: Victor, sending you 9
2024-10-14 22:41:17.064767 Mike: Uniform, sending you 2
2024-10-14 22:41:17.072645 Papa: Romeo, sending you 4
2024-10-14 22:41:17.073973 Romeo: Echo, sending you 1
2024-10-14 22:41:17.075187 Uniform: Romeo, Papa and Mike, sending you 2
2024-10-14 22:41:17.076450 X-ray: Bravo, sending you 6
2024-10-14 22:41:17.076882 Papa: Uniform, sending you 1
2024-10-14 22:41:17.117747 Victor: Bravo, sending you 6
2024-10-14 22:41:17.118125 Bravo: Victor, sending you 5
2024-10-14 22:41:17.122818 Victor: X-ray, sending you 8
2024-10-14 22:41:17.123079 Bravo: X-ray, sending you 4
chatterbot Bravo submitting transactions
chatterbot Echo submitting transactions
chatterbot Romeo submitting transactions
chatterbot X-ray submitting transactions
chatterbot Mike submitting transactions
chatterbot Papa submitting transactions
chatterbot Victor submitting transactions
chatterbot Charlie submitting transactions
chatterbot Quebec submitting transactions
chatterbot Uniform submitting transactions
ChatterBot Victor round 5
ChatterBot Charlie round 5
ChatterBot Quebec round 5
ChatterBot Bravo round 5
ChatterBot Echo round 5
ChatterBot Romeo round 5
ChatterBot X-ray round 5
ChatterBot Uniform round 5
ChatterBot Papa round 5
ChatterBot Mike round 5
2024-10-14 22:41:18.210266 Victor: Bravo, sending you 6
2024-10-14 22:41:18.222945 Bravo: Sending you each 4
2024-10-14 22:41:18.223336 Charlie: Quebec, Echo, Uniform, Papa and Mike, sending you 3
2024-10-14 22:41:18.224542 Quebec: Charlie, Echo, Uniform and Mike, sending you 3
2024-10-14 22:41:18.225225 Victor: X-ray, sending you 8
2024-10-14 22:41:18.225948 Romeo: Charlie and Papa, sending you 4
2024-10-14 22:41:18.236375 Charlie: Romeo, sending you 4
2024-10-14 22:41:18.237851 Quebec: Romeo and Papa, sending you 2
2024-10-14 22:41:18.238546 Uniform: Charlie and Quebec, sending you 3
2024-10-14 22:41:18.239717 Papa: Charlie, Echo and Mike, sending you 3
2024-10-14 22:41:18.241157 Romeo: Quebec, Uniform and Mike, sending you 2
2024-10-14 22:41:18.241968 Echo: Charlie, Quebec, Uniform, Papa and Mike, sending you 3
2024-10-14 22:41:18.243251 X-ray: Victor, sending you 9
2024-10-14 22:41:18.248942 Uniform: Echo, sending you 4
2024-10-14 22:41:18.250125 Romeo: Echo, sending you 1
2024-10-14 22:41:18.250733 Papa: Quebec, sending you 2
2024-10-14 22:41:18.251760 Echo: Romeo, sending you 1
2024-10-14 22:41:18.252299 X-ray: Bravo, sending you 6
2024-10-14 22:41:18.252651 Mike: Charlie and Romeo, sending you 3
2024-10-14 22:41:18.254058 Uniform: Romeo, Papa and Mike, sending you 2
2024-10-14 22:41:18.271113 Papa: Romeo, sending you 4
2024-10-14 22:41:18.273128 Mike: Quebec, Echo and Papa, sending you 4
2024-10-14 22:41:18.277334 Papa: Uniform, sending you 1
2024-10-14 22:41:18.278857 Mike: Uniform, sending you 2
chatterbot Mike submitting transactions
chatterbot X-ray submitting transactions
chatterbot Uniform submitting transactions
chatterbot Victor submitting transactions
chatterbot Charlie submitting transactions
chatterbot Quebec submitting transactions
chatterbot Bravo submitting transactions
chatterbot Romeo submitting transactions
chatterbot Papa submitting transactions
chatterbot Echo submitting transactions
ChatterBot Victor round 6
ChatterBot Charlie round 6
ChatterBot Quebec round 6
ChatterBot Bravo round 6
ChatterBot Echo round 6
ChatterBot Romeo round 6
ChatterBot X-ray round 6
ChatterBot Uniform round 6
ChatterBot Papa round 6
ChatterBot Mike round 6
2024-10-14 22:41:19.351204 Victor: Bravo, sending you 6
2024-10-14 22:41:19.353676 Victor: X-ray, sending you 8
2024-10-14 22:41:19.355667 Charlie: Quebec, Echo, Uniform, Papa and Mike, sending you 3
2024-10-14 22:41:19.357698 X-ray: Victor, sending you 9
2024-10-14 22:41:19.358670 Quebec: Charlie, Echo, Uniform and Mike, sending you 3
2024-10-14 22:41:19.360807 Romeo: Charlie and Papa, sending you 4
2024-10-14 22:41:19.362180 Charlie: Romeo, sending you 4
2024-10-14 22:41:19.362983 Uniform: Charlie and Quebec, sending you 3
2024-10-14 22:41:19.363640 Echo: Charlie, Quebec, Uniform, Papa and Mike, sending you 3
2024-10-14 22:41:19.364982 X-ray: Bravo, sending you 6
2024-10-14 22:41:19.365268 Quebec: Romeo and Papa, sending you 2
2024-10-14 22:41:19.365867 Papa: Charlie, Echo and Mike, sending you 3
2024-10-14 22:41:19.367236 Uniform: Echo, sending you 4
2024-10-14 22:41:19.367958 Romeo: Quebec, Uniform and Mike, sending you 2
2024-10-14 22:41:19.369368 Bravo: Same as last round
2024-10-14 22:41:19.369673 Echo: Romeo, sending you 1
2024-10-14 22:41:19.371205 Papa: Quebec, sending you 2
2024-10-14 22:41:19.373324 Uniform: Romeo, Papa and Mike, sending you 2
2024-10-14 22:41:19.374137 Romeo: Echo, sending you 1
2024-10-14 22:41:19.375977 Papa: Romeo, sending you 4
2024-10-14 22:41:19.380657 Papa: Uniform, sending you 1
2024-10-14 22:41:19.382546 Mike: Charlie and Romeo, sending you 3
2024-10-14 22:41:19.388661 Mike: Quebec, Echo and Papa, sending you 4
2024-10-14 22:41:19.394132 Mike: Uniform, sending you 2
chatterbot Echo submitting transactions
chatterbot Quebec submitting transactions
chatterbot Romeo submitting transactions
chatterbot Papa submitting transactions
chatterbot Charlie submitting transactions
chatterbot X-ray submitting transactions
chatterbot Victor submitting transactions
chatterbot Mike submitting transactions
chatterbot Bravo submitting transactions
chatterbot Uniform submitting transactions
ChatterBot Victor round 7
ChatterBot Charlie round 7
ChatterBot Quebec round 7
ChatterBot Bravo round 7
ChatterBot Echo round 7
ChatterBot Romeo round 7
ChatterBot X-ray round 7
ChatterBot Uniform round 7
ChatterBot Papa round 7
ChatterBot Mike round 7
2024-10-14 22:41:20.503681 Echo: Charlie, Quebec, Uniform, Papa and Mike, sending you 3
2024-10-14 22:41:20.506849 Victor: Bravo, sending you 6
2024-10-14 22:41:20.507668 Echo: Romeo, sending you 1
2024-10-14 22:41:20.509217 X-ray: Victor, sending you 9
2024-10-14 22:41:20.510668 Bravo: Same as last round
2024-10-14 22:41:20.512067 Victor: X-ray, sending you 8
2024-10-14 22:41:20.512543 Uniform: Charlie and Quebec, sending you 3
2024-10-14 22:41:20.513983 Romeo: Charlie and Papa, sending you 4
2024-10-14 22:41:20.514683 X-ray: Bravo, sending you 6
2024-10-14 22:41:20.515011 Quebec: Charlie, Echo, Uniform and Mike, sending you 3
2024-10-14 22:41:20.516682 Uniform: Echo, sending you 4
2024-10-14 22:41:20.518156 Romeo: Quebec, Uniform and Mike, sending you 2
2024-10-14 22:41:20.519726 Charlie: Quebec, Echo, Uniform, Papa and Mike, sending you 3
2024-10-14 22:41:20.520877 Quebec: Romeo and Papa, sending you 2
2024-10-14 22:41:20.522262 Uniform: Romeo, Papa and Mike, sending you 2
2024-10-14 22:41:20.523406 Romeo: Echo, sending you 1
2024-10-14 22:41:20.524303 Mike: Charlie and Romeo, sending you 3
2024-10-14 22:41:20.525871 Charlie: Romeo, sending you 4
2024-10-14 22:41:20.527684 Papa: Charlie, Echo and Mike, sending you 3
2024-10-14 22:41:20.529713 Mike: Quebec, Echo and Papa, sending you 4
2024-10-14 22:41:20.532701 Papa: Quebec, sending you 2
2024-10-14 22:41:20.536108 Mike: Uniform, sending you 2
2024-10-14 22:41:20.537326 Papa: Romeo, sending you 4
2024-10-14 22:41:20.543913 Papa: Uniform, sending you 1
chatterbot Uniform submitting transactions
chatterbot Echo submitting transactions
chatterbot Bravo submitting transactions
chatterbot Romeo submitting transactions
chatterbot Quebec submitting transactions
chatterbot X-ray submitting transactions
chatterbot Papa submitting transactions
chatterbot Victor submitting transactions
chatterbot Mike submitting transactions
chatterbot Charlie submitting transactions
ChatterBot Victor round 8
ChatterBot Charlie round 8
ChatterBot Quebec round 8
ChatterBot Bravo round 8
ChatterBot Echo round 8
ChatterBot Romeo round 8
ChatterBot X-ray round 8
ChatterBot Uniform round 8
ChatterBot Papa round 8
ChatterBot Mike round 8
2024-10-14 22:41:21.704671 Victor: Bravo, sending you 6
2024-10-14 22:41:21.709682 Victor: X-ray, sending you 8
2024-10-14 22:41:21.710144 X-ray: Victor, sending you 9
2024-10-14 22:41:21.711031 Echo: Charlie, Quebec, Uniform, Papa and Mike, sending you 3
2024-10-14 22:41:21.713671 Quebec: Charlie, Echo, Uniform and Mike, sending you 3
2024-10-14 22:41:21.715146 X-ray: Bravo, sending you 6
2024-10-14 22:41:21.715672 Echo: Romeo, sending you 1
2024-10-14 22:41:21.716320 Romeo: Charlie and Papa, sending you 4
2024-10-14 22:41:21.719665 Quebec: Romeo and Papa, sending you 2
2024-10-14 22:41:21.721040 Uniform: Charlie and Quebec, sending you 3
2024-10-14 22:41:21.722081 Mike: Charlie and Romeo, sending you 3
2024-10-14 22:41:21.722853 Bravo: Victor, sending you 4
2024-10-14 22:41:21.723220 Romeo: Quebec, Uniform and Mike, sending you 2
2024-10-14 22:41:21.724457 Charlie: Quebec, Echo, Uniform, Papa and Mike, sending you 3
2024-10-14 22:41:21.725246 Uniform: Echo, sending you 4
2024-10-14 22:41:21.725926 Bravo: X-ray, sending you 3
2024-10-14 22:41:21.726908 Mike: Quebec, Echo and Papa, sending you 4
2024-10-14 22:41:21.728314 Charlie: Romeo, sending you 4
2024-10-14 22:41:21.729928 Romeo: Echo, sending you 1
2024-10-14 22:41:21.731068 Uniform: Romeo, Papa and Mike, sending you 2
2024-10-14 22:41:21.732740 Papa: Charlie, Echo and Mike, sending you 3
2024-10-14 22:41:21.733977 Mike: Uniform, sending you 2
2024-10-14 22:41:21.736677 Papa: Quebec, sending you 2
2024-10-14 22:41:21.741665 Papa: Romeo, sending you 4
2024-10-14 22:41:21.745682 Papa: Uniform, sending you 1
chatterbot X-ray submitting transactions
chatterbot Mike submitting transactions
chatterbot Papa submitting transactions
chatterbot Victor submitting transactions
chatterbot Bravo submitting transactions
chatterbot Charlie submitting transactions
chatterbot Echo submitting transactions
chatterbot Quebec submitting transactions
chatterbot Romeo submitting transactions
chatterbot Uniform submitting transactions
ChatterBot Victor round 9
ChatterBot Charlie round 9
ChatterBot Quebec round 9
ChatterBot Bravo round 9
ChatterBot Echo round 9
ChatterBot Romeo round 9
ChatterBot X-ray round 9
ChatterBot Uniform round 9
ChatterBot Papa round 9
ChatterBot Mike round 9
2024-10-14 22:41:22.973669 Victor: Bravo, sending you 6
2024-10-14 22:41:22.975668 Charlie: Quebec, Echo, Uniform, Papa and Mike, sending you 3
2024-10-14 22:41:22.977682 Victor: X-ray, sending you 8
2024-10-14 22:41:22.979665 Uniform: Charlie and Quebec, sending you 3
2024-10-14 22:41:22.980594 Charlie: Romeo, sending you 4
2024-10-14 22:41:22.981739 Romeo: Charlie and Papa, sending you 4
2024-10-14 22:41:22.983481 Quebec: Charlie, Echo, Uniform and Mike, sending you 3
2024-10-14 22:41:22.984739 Uniform: Echo, sending you 4
2024-10-14 22:41:22.985923 Echo: Charlie, Quebec, Uniform, Papa and Mike, sending you 3
2024-10-14 22:41:22.987473 Mike: Charlie and Romeo, sending you 3
2024-10-14 22:41:22.988671 Bravo: Victor, sending you 4
2024-10-14 22:41:22.989041 Romeo: Quebec, Uniform and Mike, sending you 2
2024-10-14 22:41:22.990013 X-ray: Victor, sending you 9
2024-10-14 22:41:22.990303 Quebec: Romeo and Papa, sending you 2
2024-10-14 22:41:22.991163 Uniform: Romeo, Papa and Mike, sending you 2
2024-10-14 22:41:22.991916 Echo: Romeo, sending you 1
2024-10-14 22:41:22.993306 Bravo: X-ray, sending you 3
2024-10-14 22:41:22.993681 Mike: Quebec, Echo and Papa, sending you 4
2024-10-14 22:41:22.994771 Papa: Charlie, Echo and Mike, sending you 3
2024-10-14 22:41:22.995810 Romeo: Echo, sending you 1
2024-10-14 22:41:22.996757 X-ray: Bravo, sending you 6
2024-10-14 22:41:22.998648 Mike: Uniform, sending you 2
2024-10-14 22:41:22.999536 Papa: Quebec, sending you 2
2024-10-14 22:41:23.002690 Papa: Romeo, sending you 4
2024-10-14 22:41:23.008680 Papa: Uniform, sending you 1
chatterbot Echo submitting transactions
chatterbot Bravo submitting transactions
chatterbot Victor submitting transactions
chatterbot Mike submitting transactions
chatterbot Quebec submitting transactions
chatterbot Romeo submitting transactions
chatterbot X-ray submitting transactions
chatterbot Papa submitting transactions
chatterbot Charlie submitting transactions
chatterbot Uniform submitting transactions
ChatterBot Victor round 10
ChatterBot Charlie round 10
ChatterBot Quebec round 10
ChatterBot Bravo round 10
ChatterBot Echo round 10
ChatterBot Romeo round 10
ChatterBot X-ray round 10
ChatterBot Uniform round 10
ChatterBot Papa round 10
ChatterBot Mike round 10
2024-10-14 22:41:23.993495 Bravo: We should add Uniform
2024-10-14 22:41:24.000389 X-ray: No
2024-10-14 22:41:24.000976 Victor: No
ChatterBot Bravo reevaluating
ChatterBot Bravo reevaluating
2024-10-14 22:41:24.037690 Charlie: Quebec, Echo, Uniform, Papa and Mike, sending you 3
2024-10-14 22:41:24.039440 Victor: Bravo, sending you 6
2024-10-14 22:41:24.043090 Quebec: Charlie, Echo, Uniform and Mike, sending you 3
2024-10-14 22:41:24.044465 Charlie: Romeo, sending you 4
2024-10-14 22:41:24.046129 Victor: X-ray, sending you 8
2024-10-14 22:41:24.046482 X-ray: Victor, sending you 9
2024-10-14 22:41:24.046851 Romeo: Charlie and Papa, sending you 4
2024-10-14 22:41:24.048289 Papa: Charlie, Echo and Mike, sending you 3
2024-10-14 22:41:24.049170 Quebec: Romeo and Papa, sending you 2
2024-10-14 22:41:24.051331 X-ray: Bravo, sending you 6
2024-10-14 22:41:24.051750 Romeo: Quebec, Uniform and Mike, sending you 2
2024-10-14 22:41:24.053576 Papa: Quebec, sending you 2
2024-10-14 22:41:24.054928 Uniform: Charlie and Quebec, sending you 3
2024-10-14 22:41:24.056693 Romeo: Echo, sending you 1
2024-10-14 22:41:24.058356 Bravo: Victor, sending you 4
2024-10-14 22:41:24.058791 Papa: Romeo, sending you 4
2024-10-14 22:41:24.061025 Echo: Charlie, Quebec, Uniform, Papa and Mike, sending you 3
2024-10-14 22:41:24.062972 Uniform: Echo, sending you 4
2024-10-14 22:41:24.065162 Bravo: X-ray, sending you 3
2024-10-14 22:41:24.065671 Mike: Charlie and Romeo, sending you 3
2024-10-14 22:41:24.067849 Papa: Uniform, sending you 1
2024-10-14 22:41:24.069989 Echo: Romeo, sending you 1
2024-10-14 22:41:24.071897 Uniform: Romeo, Papa and Mike, sending you 2
2024-10-14 22:41:24.073898 Mike: Quebec, Echo and Papa, sending you 4
2024-10-14 22:41:24.078677 Mike: Uniform, sending you 2
chatterbot Victor submitting transactions
chatterbot Bravo submitting transactions
chatterbot Romeo submitting transactions
chatterbot Charlie submitting transactions
chatterbot Papa submitting transactions
chatterbot X-ray submitting transactions
chatterbot Uniform submitting transactions
chatterbot Echo submitting transactions
chatterbot Mike submitting transactions
chatterbot Quebec submitting transactions
ChatterBot Victor round 11
ChatterBot Charlie round 11
ChatterBot Quebec round 11
ChatterBot Bravo round 11
ChatterBot Echo round 11
ChatterBot Romeo round 11
ChatterBot X-ray round 11
ChatterBot Uniform round 11
ChatterBot Papa round 11
ChatterBot Mike round 11
2024-10-14 22:41:25.279918 Quebec: Charlie, Echo, Uniform and Mike, sending you 3
2024-10-14 22:41:25.281164 Victor: Bravo, sending you 6
2024-10-14 22:41:25.281996 Bravo: Sending you each 3
2024-10-14 22:41:25.285908 Quebec: Romeo and Papa, sending you 2
2024-10-14 22:41:25.287403 Victor: X-ray, sending you 8
2024-10-14 22:41:25.288138 Romeo: Charlie and Papa, sending you 4
2024-10-14 22:41:25.289043 Mike: Charlie and Romeo, sending you 3
2024-10-14 22:41:25.290321 Papa: Charlie, Echo, Romeo and Mike, sending you 3
2024-10-14 22:41:25.293703 Romeo: Quebec, Uniform and Mike, sending you 2
2024-10-14 22:41:25.295928 Mike: Quebec, Echo and Papa, sending you 4
2024-10-14 22:41:25.297757 Papa: Quebec and Uniform, sending you 2
2024-10-14 22:41:25.299193 X-ray: Victor, sending you 9
2024-10-14 22:41:25.300142 Charlie: Quebec, Echo, Uniform, Papa and Mike, sending you 3
2024-10-14 22:41:25.301632 Echo: Charlie, Quebec, Uniform, Papa and Mike, sending you 3
2024-10-14 22:41:25.303973 Romeo: Echo, sending you 1
2024-10-14 22:41:25.305699 Mike: Uniform, sending you 2
2024-10-14 22:41:25.307719 Charlie: Romeo, sending you 4
2024-10-14 22:41:25.309737 X-ray: Bravo, sending you 6
2024-10-14 22:41:25.310264 Echo: Romeo, sending you 1
2024-10-14 22:41:25.312399 Uniform: Charlie and Quebec, sending you 3
2024-10-14 22:41:25.316960 Uniform: Echo, sending you 4
2024-10-14 22:41:25.322661 Uniform: Romeo, Papa and Mike, sending you 2
chatterbot Quebec submitting transactions
chatterbot Echo submitting transactions
chatterbot Uniform submitting transactions
chatterbot Mike submitting transactions
chatterbot Victor submitting transactions
chatterbot Papa submitting transactions
chatterbot Romeo submitting transactions
chatterbot Charlie submitting transactions
chatterbot X-ray submitting transactions
chatterbot Bravo submitting transactions
ChatterBot Victor round 12
ChatterBot Charlie round 12
ChatterBot Quebec round 12
ChatterBot Bravo round 12
ChatterBot Echo round 12
ChatterBot Romeo round 12
ChatterBot X-ray round 12
ChatterBot Uniform round 12
ChatterBot Papa round 12
ChatterBot Mike round 12
2024-10-14 22:41:26.491672 Charlie: Quebec, Echo, Uniform, Papa and Mike, sending you 3
2024-10-14 22:41:26.496961 Charlie: Romeo, sending you 4
2024-10-14 22:41:26.498632 Victor: Bravo, sending you 6
2024-10-14 22:41:26.499355 Uniform: Charlie and Quebec, sending you 3
2024-10-14 22:41:26.501404 Echo: Charlie, Quebec, Uniform, Papa and Mike, sending you 3
2024-10-14 22:41:26.503524 X-ray: Victor, sending you 9
2024-10-14 22:41:26.503894 Victor: X-ray, sending you 8
2024-10-14 22:41:26.504711 Uniform: Echo, sending you 4
2024-10-14 22:41:26.507024 Romeo: Charlie and Papa, sending you 4
2024-10-14 22:41:26.508755 Bravo: Same as last round
2024-10-14 22:41:26.509136 Papa: Charlie, Echo, Romeo and Mike, sending you 3
2024-10-14 22:41:26.510556 Echo: Romeo, sending you 1
2024-10-14 22:41:26.513087 X-ray: Bravo, sending you 6
2024-10-14 22:41:26.513589 Mike: Charlie, Quebec, Echo and Papa, sending you 4
2024-10-14 22:41:26.515642 Uniform: Romeo, Papa and Mike, sending you 2
2024-10-14 22:41:26.517677 Romeo: Quebec, Uniform and Mike, sending you 2
2024-10-14 22:41:26.519296 Quebec: Charlie, Echo, Uniform and Mike, sending you 3
2024-10-14 22:41:26.520680 Papa: Quebec and Uniform, sending you 2
2024-10-14 22:41:26.522851 Mike: Romeo, sending you 3
2024-10-14 22:41:26.524897 Romeo: Echo, sending you 1
2024-10-14 22:41:26.526938 Quebec: Romeo and Papa, sending you 2
2024-10-14 22:41:26.529679 Mike: Uniform, sending you 1
chatterbot Charlie submitting transactions
chatterbot Victor submitting transactions
chatterbot Papa submitting transactions
chatterbot X-ray submitting transactions
chatterbot Romeo submitting transactions
chatterbot Mike submitting transactions
chatterbot Quebec submitting transactions
chatterbot Uniform submitting transactions
chatterbot Bravo submitting transactions
chatterbot Echo submitting transactions
ChatterBot Victor round 13
ChatterBot Charlie round 13
ChatterBot Quebec round 13
ChatterBot Bravo round 13
ChatterBot Echo round 13
ChatterBot Romeo round 13
ChatterBot X-ray round 13
ChatterBot Uniform round 13
ChatterBot Papa round 13
ChatterBot Mike round 13
2024-10-14 22:41:27.663676 Victor: Bravo, sending you 6
2024-10-14 22:41:27.669157 Papa: Charlie, Echo, Romeo and Mike, sending you 3
2024-10-14 22:41:27.682499 Victor: X-ray, sending you 8
2024-10-14 22:41:27.688171 Quebec: Charlie, Echo, Uniform and Mike, sending you 3
