ChatterBot Alpha round 1
ChatterBot Golf round 1
ChatterBot Quebec round 1
ChatterBot Oscar round 1
ChatterBot Bravo round 1
ChatterBot Lima round 1
ChatterBot Uniform round 1
ChatterBot Victor round 1
ChatterBot Zulu round 1
ChatterBot Kilo round 1
randomSelections Victor: {Victor, Quebec, Oscar, Golf, Alpha} 
2024-10-15 03:25:40.514710 Victor: Friends?
ChatterBot Quebec reevaluating
ChatterBot Oscar reevaluating
ChatterBot Golf reevaluating
ChatterBot Alpha reevaluating
2024-10-15 03:25:40.545411 Quebec: Yes
2024-10-15 03:25:40.545721 Oscar: Yes
2024-10-15 03:25:40.548080 Golf: Yes
2024-10-15 03:25:40.548334 Alpha: Yes
ChatterBot Oscar reevaluating
ChatterBot Golf reevaluating
ChatterBot Alpha reevaluating
ChatterBot Quebec reevaluating
ChatterBot Golf reevaluating
ChatterBot Alpha reevaluating
ChatterBot Quebec reevaluating
ChatterBot Oscar reevaluating
ChatterBot Alpha reevaluating
ChatterBot Quebec reevaluating
ChatterBot Oscar reevaluating
ChatterBot Golf reevaluating
randomSelections Zulu: {Zulu, Bravo, Uniform, Oscar, Quebec} 
2024-10-15 03:25:40.636871 Zulu: Let's form a team
ChatterBot Bravo reevaluating
ChatterBot Uniform reevaluating
ChatterBot Oscar reevaluating
ChatterBot Quebec reevaluating
2024-10-15 03:25:40.659347 Bravo: Yes
2024-10-15 03:25:40.659635 Uniform: Yes
2024-10-15 03:25:40.659856 Oscar: No
2024-10-15 03:25:40.660098 Quebec: No
ChatterBot Uniform reevaluating
ChatterBot Oscar reevaluating
ChatterBot Quebec reevaluating
ChatterBot Bravo reevaluating
ChatterBot Oscar reevaluating
ChatterBot Quebec reevaluating
ChatterBot Bravo reevaluating
ChatterBot Uniform reevaluating
ChatterBot Quebec reevaluating
ChatterBot Bravo reevaluating
ChatterBot Uniform reevaluating
ChatterBot Oscar reevaluating
randomSelections Lima: {Lima, Kilo, Zulu, Quebec, Victor, Bravo} 
2024-10-15 03:25:40.793621 Lima: We should group up
ChatterBot Kilo reevaluating
ChatterBot Quebec reevaluating
ChatterBot Bravo reevaluating
2024-10-15 03:25:40.853275 Kilo: Yes
2024-10-15 03:25:40.853551 Zulu: No
2024-10-15 03:25:40.855109 Quebec: No
2024-10-15 03:25:40.855769 Victor: No
2024-10-15 03:25:40.856210 Bravo: No
ChatterBot Quebec reevaluating
ChatterBot Bravo reevaluating
ChatterBot Kilo reevaluating
ChatterBot Quebec reevaluating
ChatterBot Bravo reevaluating
ChatterBot Kilo reevaluating
ChatterBot Bravo reevaluating
ChatterBot Kilo reevaluating
ChatterBot Quebec reevaluating
ChatterBot Bravo reevaluating
ChatterBot Kilo reevaluating
ChatterBot Quebec reevaluating
2024-10-15 03:25:40.941205 Lima: Quebec and Kilo, sending you 1
2024-10-15 03:25:40.942252 Bravo: Quebec and Zulu, sending you 2
2024-10-15 03:25:40.944223 Victor: Golf, sending you 2
2024-10-15 03:25:40.946546 Oscar: Alpha, sending you 3
2024-10-15 03:25:40.947207 Golf: Alpha, sending you 1
2024-10-15 03:25:40.947831 Lima: Bravo and Zulu, sending you 2
2024-10-15 03:25:40.949606 Bravo: Oscar, sending you 1
2024-10-15 03:25:40.951489 Quebec: Alpha, sending you 2
2024-10-15 03:25:40.952236 Alpha: Golf and Oscar, sending you 2
2024-10-15 03:25:40.954 Kilo: Quebec, sending you 1
2024-10-15 03:25:40.955805 Victor: Quebec, sending you 1
2024-10-15 03:25:40.957539 Oscar: Golf, sending you 5
2024-10-15 03:25:40.958482 Bravo: Uniform, sending you 4
2024-10-15 03:25:40.960183 Quebec: Golf, sending you 5
2024-10-15 03:25:40.961268 Alpha: Quebec, sending you 1
2024-10-15 03:25:40.962990 Kilo: Bravo, Victor and Zulu, sending you 2
2024-10-15 03:25:40.964786 Uniform: Quebec and Oscar, sending you 2
2024-10-15 03:25:40.966559 Oscar: Quebec, sending you 4
2024-10-15 03:25:40.968279 Quebec: Oscar, sending you 3
2024-10-15 03:25:40.969143 Alpha: Victor, sending you 3
2024-10-15 03:25:40.970475 Kilo: Lima, sending you 3
2024-10-15 03:25:40.971275 Uniform: Bravo and Zulu, sending you 3
2024-10-15 03:25:40.972781 Oscar: Victor, sending you 2
chatterbot Uniform submitting transactions
chatterbot Golf submitting transactions
chatterbot Zulu submitting transactions
chatterbot Alpha submitting transactions
chatterbot Victor submitting transactions
chatterbot Quebec submitting transactions
chatterbot Lima submitting transactions
chatterbot Oscar submitting transactions
chatterbot Kilo submitting transactions
chatterbot Bravo submitting transactions
ChatterBot Alpha round 2
ChatterBot Golf round 2
ChatterBot Quebec round 2
ChatterBot Oscar round 2
ChatterBot Bravo round 2
ChatterBot Lima round 2
ChatterBot Uniform round 2
ChatterBot Victor round 2
2024-10-15 03:25:42.020597 Oscar: We would work well together
ChatterBot Bravo reevaluating
ChatterBot Uniform reevaluating
2024-10-15 03:25:42.031149 Bravo: No
2024-10-15 03:25:42.031333 Uniform: No
ChatterBot Uniform reevaluating
ChatterBot Bravo reevaluating
ChatterBot Zulu round 2
ChatterBot Kilo round 2
2024-10-15 03:25:42.074090 Lima: Friends?
ChatterBot Kilo reevaluating
ChatterBot Zulu reevaluating
2024-10-15 03:25:42.082713 Kilo: Yes
2024-10-15 03:25:42.082863 Zulu: Yes
ChatterBot Zulu reevaluating
ChatterBot Kilo reevaluating
2024-10-15 03:25:42.099596 Zulu: Group up?
ChatterBot Kilo reevaluating
2024-10-15 03:25:42.107893 Lima: Yes
2024-10-15 03:25:42.108645 Kilo: Yes
ChatterBot Kilo reevaluating
ChatterBot Zulu reevaluating
ChatterBot Zulu reevaluating
2024-10-15 03:25:42.145008 Uniform: We should drop Oscar and Quebec
2024-10-15 03:25:42.157230 Bravo: Yes
2024-10-15 03:25:42.157412 Zulu: Yes
2024-10-15 03:25:42.192107 Oscar: Bravo, sending you 6
2024-10-15 03:25:42.195155 Oscar: Uniform, sending you 7
2024-10-15 03:25:42.195525 Zulu: Sending you each 4
2024-10-15 03:25:42.195875 Bravo: Lima and Kilo, sending you 3
2024-10-15 03:25:42.196241 Alpha: Sending you each 2
2024-10-15 03:25:42.197188 Lima: Zulu, sending you 1
2024-10-15 03:25:42.197598 Victor: Alpha, Golf and Oscar, sending you 1
2024-10-15 03:25:42.198496 Quebec: Alpha, Golf and Victor, sending you 2
2024-10-15 03:25:42.198950 Golf: Alpha and Victor, sending you 2
2024-10-15 03:25:42.218646 Bravo: Uniform, sending you 4
2024-10-15 03:25:42.219146 Lima: Kilo, sending you 5
2024-10-15 03:25:42.220195 Quebec: Oscar, sending you 4
2024-10-15 03:25:42.220674 Golf: Quebec, sending you 4
2024-10-15 03:25:42.224727 Kilo: Lima, sending you 4
2024-10-15 03:25:42.225086 Uniform: Bravo, sending you 4
2024-10-15 03:25:42.229905 Golf: Oscar, sending you 3
2024-10-15 03:25:42.230490 Uniform: Zulu, sending you 2
2024-10-15 03:25:42.231530 Kilo: Zulu, sending you 2
chatterbot Golf submitting transactions
chatterbot Bravo submitting transactions
chatterbot Quebec submitting transactions
chatterbot Kilo submitting transactions
chatterbot Uniform submitting transactions
chatterbot Zulu submitting transactions
chatterbot Alpha submitting transactions
chatterbot Lima submitting transactions
chatterbot Victor submitting transactions
chatterbot Oscar submitting transactions
ChatterBot Alpha round 3
ChatterBot Golf round 3
ChatterBot Quebec round 3
ChatterBot Oscar round 3
ChatterBot Bravo round 3
ChatterBot Lima round 3
ChatterBot Uniform round 3
ChatterBot Victor round 3
ChatterBot Zulu round 3
ChatterBot Kilo round 3
2024-10-15 03:25:45.163091 Lima: We should add Bravo and Uniform
ChatterBot Kilo reevaluating
ChatterBot Zulu reevaluating
2024-10-15 03:25:45.176886 Kilo: No
2024-10-15 03:25:45.177720 Zulu: Yes
ChatterBot Lima reevaluating
ChatterBot Zulu reevaluating
ChatterBot Lima reevaluating
ChatterBot Kilo reevaluating
2024-10-15 03:25:45.232891 Alpha: We should add Bravo
ChatterBot Victor reevaluating
2024-10-15 03:25:45.256958 Victor: No
2024-10-15 03:25:45.257351 Quebec: No
2024-10-15 03:25:45.258477 Oscar: Yes
2024-10-15 03:25:45.258770 Golf: No
ChatterBot Oscar reevaluating
ChatterBot Alpha reevaluating
ChatterBot Victor reevaluating
ChatterBot Oscar reevaluating
ChatterBot Alpha reevaluating
ChatterBot Victor reevaluating
ChatterBot Alpha reevaluating
ChatterBot Victor reevaluating
ChatterBot Oscar reevaluating
ChatterBot Alpha reevaluating
2024-10-15 03:25:45.385102 Bravo: We should add Zulu
ChatterBot Lima reevaluating
ChatterBot Kilo reevaluating
2024-10-15 03:25:45.406851 Uniform: Yes
2024-10-15 03:25:45.407270 Lima: Yes
2024-10-15 03:25:45.408802 Kilo: Yes
ChatterBot Lima reevaluating
ChatterBot Kilo reevaluating
ChatterBot Uniform reevaluating
ChatterBot Kilo reevaluating
ChatterBot Uniform reevaluating
ChatterBot Lima reevaluating
2024-10-15 03:25:45.469494 Uniform: We should add Lima and Kilo
ChatterBot Zulu reevaluating
2024-10-15 03:25:45.481406 Bravo: Yes
2024-10-15 03:25:45.482187 Zulu: Yes
ChatterBot Uniform reevaluating
ChatterBot Zulu reevaluating
ChatterBot Uniform reevaluating
2024-10-15 03:25:45.523140 Alpha: We should add Uniform
ChatterBot Victor reevaluating
ChatterBot Oscar reevaluating
2024-10-15 03:25:45.547470 Victor: No
2024-10-15 03:25:45.547679 Quebec: No
2024-10-15 03:25:45.547851 Oscar: Yes
2024-10-15 03:25:45.548047 Golf: No
ChatterBot Oscar reevaluating
ChatterBot Alpha reevaluating
ChatterBot Victor reevaluating
ChatterBot Oscar reevaluating
ChatterBot Alpha reevaluating
ChatterBot Victor reevaluating
ChatterBot Alpha reevaluating
ChatterBot Victor reevaluating
ChatterBot Oscar reevaluating
ChatterBot Alpha reevaluating
2024-10-15 03:25:45.646935 Alpha: We should add Lima
ChatterBot Victor reevaluating
ChatterBot Oscar reevaluating
2024-10-15 03:25:45.670220 Victor: No
2024-10-15 03:25:45.670918 Quebec: No
2024-10-15 03:25:45.671084 Oscar: No
2024-10-15 03:25:45.671233 Golf: No
ChatterBot Oscar reevaluating
ChatterBot Alpha reevaluating
ChatterBot Victor reevaluating
ChatterBot Oscar reevaluating
ChatterBot Alpha reevaluating
ChatterBot Victor reevaluating
ChatterBot Alpha reevaluating
ChatterBot Victor reevaluating
ChatterBot Oscar reevaluating
ChatterBot Alpha reevaluating
2024-10-15 03:25:45.768450 Bravo: Zulu we want you to join our group
2024-10-15 03:25:45.774567 Zulu: Yes
ChatterBot Uniform reevaluating
ChatterBot Lima reevaluating
ChatterBot Kilo reevaluating
2024-10-15 03:25:45.801636 Zulu: Bravo and Uniform we want you to join our group
ChatterBot Uniform reevaluating
2024-10-15 03:25:45.813307 Bravo: Yes
2024-10-15 03:25:45.813538 Uniform: Yes
ChatterBot Uniform reevaluating
ChatterBot Lima reevaluating
ChatterBot Lima reevaluating
2024-10-15 03:25:45.860141 Alpha: We should add Zulu
ChatterBot Oscar reevaluating
2024-10-15 03:25:45.882743 Victor: No
2024-10-15 03:25:45.882965 Quebec: No
2024-10-15 03:25:45.883149 Oscar: No
2024-10-15 03:25:45.883351 Golf: No
ChatterBot Oscar reevaluating
ChatterBot Alpha reevaluating
ChatterBot Oscar reevaluating
ChatterBot Alpha reevaluating
ChatterBot Alpha reevaluating
ChatterBot Oscar reevaluating
ChatterBot Alpha reevaluating
2024-10-15 03:25:45.950864 Alpha: We should add Kilo
ChatterBot Oscar reevaluating
2024-10-15 03:25:45.963091 Victor: No
2024-10-15 03:25:45.963596 Quebec: No
2024-10-15 03:25:45.963717 Oscar: No
2024-10-15 03:25:45.963847 Golf: No
ChatterBot Oscar reevaluating
ChatterBot Alpha reevaluating
ChatterBot Oscar reevaluating
ChatterBot Alpha reevaluating
ChatterBot Alpha reevaluating
ChatterBot Oscar reevaluating
ChatterBot Alpha reevaluating
2024-10-15 03:25:46.019214 Kilo: Bravo and Uniform we want you to join our group
ChatterBot Uniform reevaluating
2024-10-15 03:25:46.027198 Bravo: Yes
2024-10-15 03:25:46.027775 Uniform: Yes
ChatterBot Uniform reevaluating
2024-10-15 03:25:46.182664 Lima: Bravo and Uniform we want you to join our group
2024-10-15 03:25:46.206480 Bravo: Yes
2024-10-15 03:25:46.206800 Uniform: Yes
2024-10-15 03:25:46.254706 Quebec: Alpha and Victor, sending you 2
2024-10-15 03:25:46.256897 Golf: Alpha, Quebec and Oscar, sending you 3
2024-10-15 03:25:46.258545 Alpha: Bravo we want you to join our group
2024-10-15 03:25:46.264925 Bravo: No
ChatterBot Alpha reevaluating
ChatterBot Oscar reevaluating
2024-10-15 03:25:46.296698 Quebec: Golf and Oscar, sending you 3
2024-10-15 03:25:46.297953 Golf: Victor, sending you 2
2024-10-15 03:25:46.314632 Bravo: Lima and Kilo, sending you 2
2024-10-15 03:25:46.315215 Victor: Alpha, Golf and Quebec, sending you 1
2024-10-15 03:25:46.316763 Zulu: Bravo, Lima, Uniform and Kilo, sending you 2
chatterbot Golf submitting transactions
2024-10-15 03:25:46.337429 Bravo: Uniform, sending you 4
2024-10-15 03:25:46.338152 Kilo: Bravo, sending you 2
2024-10-15 03:25:46.339443 Uniform: Bravo, sending you 4
2024-10-15 03:25:46.340608 Lima: Bravo, sending you 1
2024-10-15 03:25:46.372623 Bravo: Zulu, sending you 1
2024-10-15 03:25:46.373371 Kilo: Lima, sending you 4
2024-10-15 03:25:46.374752 Uniform: Lima, Zulu and Kilo, sending you 1
2024-10-15 03:25:46.376253 Oscar: Alpha, sending you 5
2024-10-15 03:25:46.376926 Lima: Zulu, sending you 2
chatterbot Quebec submitting transactions
2024-10-15 03:25:46.378257 Kilo: Uniform, sending you 1
2024-10-15 03:25:46.415451 Oscar: Quebec, sending you 6
2024-10-15 03:25:46.416057 Lima: Kilo, sending you 3
2024-10-15 03:25:46.417438 Alpha: Golf, Quebec, Oscar and Victor, sending you 2
2024-10-15 03:25:46.417815 Kilo: Zulu, sending you 3
chatterbot Lima submitting transactions
2024-10-15 03:25:46.453164 Oscar: Victor, sending you 3
chatterbot Bravo submitting transactions
chatterbot Kilo submitting transactions
chatterbot Zulu submitting transactions
chatterbot Victor submitting transactions
chatterbot Oscar submitting transactions
chatterbot Alpha submitting transactions
chatterbot Uniform submitting transactions
ChatterBot Alpha round 4
ChatterBot Golf round 4
ChatterBot Quebec round 4
ChatterBot Oscar round 4
ChatterBot Bravo round 4
ChatterBot Lima round 4
ChatterBot Uniform round 4
ChatterBot Victor round 4
2024-10-15 03:25:47.190230 Alpha: We should replace Bravo with Uniform
ChatterBot Oscar reevaluating
2024-10-15 03:25:47.204329 Victor: No
2024-10-15 03:25:47.204485 Quebec: No
2024-10-15 03:25:47.204603 Oscar: No
2024-10-15 03:25:47.204725 Golf: No
ChatterBot Oscar reevaluating
ChatterBot Alpha reevaluating
ChatterBot Oscar reevaluating
ChatterBot Alpha reevaluating
ChatterBot Alpha reevaluating
ChatterBot Oscar reevaluating
ChatterBot Alpha reevaluating
ChatterBot Zulu round 4
ChatterBot Kilo round 4
2024-10-15 03:25:47.422170 Lima: We should add Alpha
ChatterBot Zulu reevaluating
ChatterBot Kilo reevaluating
2024-10-15 03:25:47.440506 Bravo: No
2024-10-15 03:25:47.440760 Uniform: No
2024-10-15 03:25:47.441585 Zulu: No
2024-10-15 03:25:47.441827 Kilo: No
ChatterBot Lima reevaluating
ChatterBot Zulu reevaluating
ChatterBot Kilo reevaluating
ChatterBot Lima reevaluating
ChatterBot Zulu reevaluating
ChatterBot Kilo reevaluating
ChatterBot Lima reevaluating
ChatterBot Kilo reevaluating
ChatterBot Lima reevaluating
ChatterBot Zulu reevaluating
2024-10-15 03:25:47.513180 Oscar: We should replace Alpha with Golf
2024-10-15 03:25:47.522426 Quebec: No
2024-10-15 03:25:47.522649 Victor: No
ChatterBot Oscar reevaluating
ChatterBot Oscar reevaluating
2024-10-15 03:25:47.544740 Oscar: We should replace Victor with Golf
ChatterBot Alpha reevaluating
2024-10-15 03:25:47.554440 Alpha: No
2024-10-15 03:25:47.554638 Quebec: No
ChatterBot Oscar reevaluating
ChatterBot Oscar reevaluating
ChatterBot Alpha reevaluating
2024-10-15 03:25:47.567629 Lima: We should add Oscar
ChatterBot Zulu reevaluating
ChatterBot Kilo reevaluating
2024-10-15 03:25:47.582015 Bravo: No
2024-10-15 03:25:47.582236 Uniform: No
2024-10-15 03:25:47.582462 Zulu: No
2024-10-15 03:25:47.583232 Kilo: No
ChatterBot Lima reevaluating
ChatterBot Zulu reevaluating
ChatterBot Kilo reevaluating
ChatterBot Lima reevaluating
ChatterBot Zulu reevaluating
ChatterBot Kilo reevaluating
ChatterBot Lima reevaluating
ChatterBot Kilo reevaluating
ChatterBot Lima reevaluating
ChatterBot Zulu reevaluating
2024-10-15 03:25:47.637991 Golf: Alpha, sending you 3
2024-10-15 03:25:47.642227 Quebec: Alpha and Victor, sending you 2
2024-10-15 03:25:47.643132 Bravo: Lima, Zulu and Kilo, sending you 2
2024-10-15 03:25:47.643896 Uniform: Bravo, sending you 4
2024-10-15 03:25:47.644552 Golf: Quebec, sending you 4
2024-10-15 03:25:47.645910 Victor: Alpha, Golf and Oscar, sending you 1
2024-10-15 03:25:47.647022 Oscar: Golf we want you to join our group
2024-10-15 03:25:47.651800 Golf: Yes
ChatterBot Alpha reevaluating
2024-10-15 03:25:47.666477 Quebec: Golf and Oscar, sending you 3
2024-10-15 03:25:47.667326 Uniform: Lima and Kilo, sending you 1
2024-10-15 03:25:47.667985 Bravo: Uniform, sending you 4
2024-10-15 03:25:47.668513 Golf: Oscar and Victor, sending you 2
2024-10-15 03:25:47.670666 Lima: Bravo and Uniform, sending you 1
2024-10-15 03:25:47.671681 Uniform: Zulu, sending you 2
2024-10-15 03:25:47.672726 Zulu: Bravo, Lima, Uniform and Kilo, sending you 2
2024-10-15 03:25:47.673791 Alpha: Uniform we want you to join our group
2024-10-15 03:25:47.677396 Uniform: No
ChatterBot Alpha reevaluating
2024-10-15 03:25:47.691807 Lima: Zulu and Kilo, sending you 2
2024-10-15 03:25:47.694289 Kilo: Bravo, sending you 2
2024-10-15 03:25:47.699656 Kilo: Lima, sending you 4
2024-10-15 03:25:47.701414 Oscar: Alpha, sending you 4
2024-10-15 03:25:47.705685 Kilo: Uniform, sending you 1
2024-10-15 03:25:47.707531 Oscar: Golf and Quebec, sending you 5
2024-10-15 03:25:47.711985 Kilo: Zulu, sending you 3
2024-10-15 03:25:47.722167 Alpha: Golf, Quebec, Oscar and Victor, sending you 2
chatterbot Golf submitting transactions
chatterbot Quebec submitting transactions
chatterbot Oscar submitting transactions
chatterbot Victor submitting transactions
chatterbot Alpha submitting transactions
chatterbot Uniform submitting transactions
chatterbot Bravo submitting transactions
chatterbot Lima submitting transactions
chatterbot Zulu submitting transactions
chatterbot Kilo submitting transactions
ChatterBot Alpha round 5
ChatterBot Golf round 5
ChatterBot Quebec round 5
ChatterBot Oscar round 5
ChatterBot Bravo round 5
ChatterBot Lima round 5
ChatterBot Uniform round 5
ChatterBot Victor round 5
2024-10-15 03:25:48.910355 Alpha: We should replace Bravo with Uniform
2024-10-15 03:25:48.933871 Victor: No
2024-10-15 03:25:48.934873 Quebec: No
2024-10-15 03:25:48.935209 Oscar: No
2024-10-15 03:25:48.935518 Golf: No
ChatterBot Alpha reevaluating
ChatterBot Alpha reevaluating
ChatterBot Alpha reevaluating
ChatterBot Zulu round 5
ChatterBot Kilo round 5
2024-10-15 03:25:49.054701 Bravo: Lima, Zulu and Kilo, sending you 2
2024-10-15 03:25:49.057690 Oscar: Alpha, sending you 4
2024-10-15 03:25:49.059049 Quebec: Alpha and Victor, sending you 2
2024-10-15 03:25:49.059948 Bravo: Uniform, sending you 4
2024-10-15 03:25:49.061534 Golf: Alpha, Quebec and Oscar, sending you 3
2024-10-15 03:25:49.063714 Oscar: Golf and Quebec, sending you 5
2024-10-15 03:25:49.065258 Quebec: Golf and Oscar, sending you 3
2024-10-15 03:25:49.066684 Kilo: Bravo, sending you 2
2024-10-15 03:25:49.067966 Lima: Bravo and Uniform, sending you 1
2024-10-15 03:25:49.068590 Golf: Victor, sending you 2
2024-10-15 03:25:49.069793 Victor: Alpha, Golf and Quebec, sending you 1
2024-10-15 03:25:49.070332 Alpha: Golf, Quebec, Oscar and Victor, sending you 2
2024-10-15 03:25:49.071830 Uniform: Bravo, sending you 4
2024-10-15 03:25:49.072432 Lima: Zulu and Kilo, sending you 2
2024-10-15 03:25:49.073069 Kilo: Lima, sending you 4
2024-10-15 03:25:49.076163 Zulu: Bravo, Lima, Uniform and Kilo, sending you 2
2024-10-15 03:25:49.076801 Uniform: Lima, sending you 1
2024-10-15 03:25:49.078693 Kilo: Uniform, sending you 1
2024-10-15 03:25:49.079683 Uniform: Zulu and Kilo, sending you 2
2024-10-15 03:25:49.081690 Kilo: Zulu, sending you 3
chatterbot Kilo submitting transactions
chatterbot Zulu submitting transactions
chatterbot Alpha submitting transactions
chatterbot Lima submitting transactions
chatterbot Quebec submitting transactions
chatterbot Bravo submitting transactions
chatterbot Golf submitting transactions
chatterbot Oscar submitting transactions
chatterbot Victor submitting transactions
chatterbot Uniform submitting transactions
ChatterBot Alpha round 6
ChatterBot Golf round 6
ChatterBot Quebec round 6
ChatterBot Oscar round 6
ChatterBot Bravo round 6
ChatterBot Lima round 6
ChatterBot Uniform round 6
ChatterBot Victor round 6
ChatterBot Zulu round 6
2024-10-15 03:25:50.253738 Alpha: We should replace Bravo with Uniform
2024-10-15 03:25:50.265547 Victor: No
2024-10-15 03:25:50.265891 Quebec: No
2024-10-15 03:25:50.266174 Oscar: No
2024-10-15 03:25:50.266294 Golf: No
2024-10-15 03:25:50.316287 Lima: We should add Golf
2024-10-15 03:25:50.328503 Bravo: No
2024-10-15 03:25:50.328775 Uniform: No
2024-10-15 03:25:50.329427 Zulu: No
2024-10-15 03:25:50.329655 Kilo: No
ChatterBot Lima reevaluating
ChatterBot Lima reevaluating
ChatterBot Lima reevaluating
ChatterBot Lima reevaluating
ChatterBot Kilo round 6
2024-10-15 03:25:50.398249 Alpha: Uniform we want you to join our group
2024-10-15 03:25:50.402609 Uniform: No
2024-10-15 03:25:50.425665 Quebec: Alpha and Victor, sending you 2
2024-10-15 03:25:50.430669 Quebec: Golf and Oscar, sending you 3
2024-10-15 03:25:50.431923 Golf: Alpha, Quebec and Oscar, sending you 3
2024-10-15 03:25:50.432669 Oscar: Alpha, sending you 4
2024-10-15 03:25:50.433718 Uniform: Bravo, sending you 4
2024-10-15 03:25:50.435681 Bravo: Lima, Zulu and Kilo, sending you 2
2024-10-15 03:25:50.436462 Golf: Victor, sending you 2
2024-10-15 03:25:50.438411 Oscar: Golf and Quebec, sending you 5
2024-10-15 03:25:50.439078 Victor: Alpha, Golf and Quebec, sending you 1
2024-10-15 03:25:50.439996 Alpha: Golf, Quebec, Oscar and Victor, sending you 2
2024-10-15 03:25:50.441491 Zulu: Bravo, Lima, Uniform and Kilo, sending you 2
2024-10-15 03:25:50.442422 Uniform: Lima, sending you 1
2024-10-15 03:25:50.443824 Lima: Bravo and Uniform, sending you 1
2024-10-15 03:25:50.444585 Bravo: Uniform, sending you 4
2024-10-15 03:25:50.447684 Uniform: Zulu and Kilo, sending you 2
2024-10-15 03:25:50.448371 Lima: Zulu and Kilo, sending you 2
2024-10-15 03:25:50.450100 Kilo: Bravo and Uniform, sending you 2
2024-10-15 03:25:50.455674 Kilo: Lima and Zulu, sending you 3
chatterbot Oscar submitting transactions
chatterbot Zulu submitting transactions
chatterbot Quebec submitting transactions
chatterbot Golf submitting transactions
chatterbot Kilo submitting transactions
chatterbot Victor submitting transactions
chatterbot Uniform submitting transactions
chatterbot Lima submitting transactions
chatterbot Alpha submitting transactions
chatterbot Bravo submitting transactions
ChatterBot Alpha round 7
ChatterBot Golf round 7
ChatterBot Quebec round 7
ChatterBot Oscar round 7
ChatterBot Bravo round 7
ChatterBot Lima round 7
ChatterBot Uniform round 7
ChatterBot Victor round 7
ChatterBot Zulu round 7
ChatterBot Kilo round 7
2024-10-15 03:25:51.629897 Lima: We should add Victor
2024-10-15 03:25:51.725766 Bravo: No
2024-10-15 03:25:51.726928 Uniform: No
2024-10-15 03:25:51.727408 Zulu: No
2024-10-15 03:25:51.728004 Kilo: No
ChatterBot Lima reevaluating
ChatterBot Lima reevaluating
ChatterBot Lima reevaluating
ChatterBot Lima reevaluating
2024-10-15 03:25:51.865253 Bravo: Lima, Zulu and Kilo, sending you 2
2024-10-15 03:25:51.867361 Oscar: Alpha, sending you 4
2024-10-15 03:25:51.868369 Quebec: Alpha and Victor, sending you 2
2024-10-15 03:25:51.870423 Golf: Alpha, Quebec and Oscar, sending you 3
2024-10-15 03:25:51.872170 Bravo: Uniform, sending you 4
2024-10-15 03:25:51.874107 Oscar: Golf and Quebec, sending you 5
2024-10-15 03:25:51.875102 Quebec: Golf and Oscar, sending you 3
2024-10-15 03:25:51.875963 Golf: Victor, sending you 2
2024-10-15 03:25:51.877685 Victor: Alpha, Golf and Quebec, sending you 1
2024-10-15 03:25:51.879491 Alpha: Golf, Quebec, Oscar and Victor, sending you 2
2024-10-15 03:25:51.881193 Zulu: Bravo, Lima, Uniform and Kilo, sending you 2
2024-10-15 03:25:51.885684 Uniform: Bravo, sending you 4
2024-10-15 03:25:51.889703 Uniform: Lima, Zulu and Kilo, sending you 2
2024-10-15 03:25:51.895663 Lima: Bravo and Uniform, sending you 1
2024-10-15 03:25:51.897382 Kilo: Bravo and Uniform, sending you 2
2024-10-15 03:25:51.899846 Lima: Zulu and Kilo, sending you 2
2024-10-15 03:25:51.900817 Kilo: Lima and Zulu, sending you 3
chatterbot Oscar submitting transactions
chatterbot Quebec submitting transactions
chatterbot Lima submitting transactions
chatterbot Alpha submitting transactions
chatterbot Bravo submitting transactions
chatterbot Victor submitting transactions
chatterbot Golf submitting transactions
chatterbot Kilo submitting transactions
chatterbot Uniform submitting transactions
chatterbot Zulu submitting transactions
ChatterBot Alpha round 8
ChatterBot Golf round 8
ChatterBot Quebec round 8
ChatterBot Oscar round 8
ChatterBot Bravo round 8
ChatterBot Lima round 8
ChatterBot Uniform round 8
ChatterBot Victor round 8
ChatterBot Zulu round 8
ChatterBot Kilo round 8
2024-10-15 03:25:53.027002 Alpha: We should replace Uniform with Bravo
2024-10-15 03:25:53.039972 Victor: No
2024-10-15 03:25:53.040172 Quebec: No
2024-10-15 03:25:53.040319 Oscar: No
2024-10-15 03:25:53.041153 Golf: No
ChatterBot Alpha reevaluating
ChatterBot Alpha reevaluating
2024-10-15 03:25:53.121920 Bravo: Lima, Zulu and Kilo, sending you 2
2024-10-15 03:25:53.124076 Quebec: Alpha and Victor, sending you 2
2024-10-15 03:25:53.126336 Alpha: Bravo we want you to join our group
2024-10-15 03:25:53.132751 Bravo: No
ChatterBot Alpha reevaluating
2024-10-15 03:25:53.160190 Bravo: Uniform, sending you 4
2024-10-15 03:25:53.161225 Quebec: Golf and Oscar, sending you 3
2024-10-15 03:25:53.162923 Golf: Alpha, Quebec and Oscar, sending you 3
2024-10-15 03:25:53.164265 Oscar: Bravo, sending you 6
2024-10-15 03:25:53.164722 Victor: Alpha, Golf and Quebec, sending you 1
2024-10-15 03:25:53.167689 Golf: Victor, sending you 2
2024-10-15 03:25:53.168598 Lima: Bravo and Uniform, sending you 1
2024-10-15 03:25:53.169911 Zulu: Bravo, Lima, Uniform and Kilo, sending you 2
2024-10-15 03:25:53.170669 Uniform: Bravo, sending you 4
2024-10-15 03:25:53.171911 Kilo: Bravo and Uniform, sending you 2
2024-10-15 03:25:53.172591 Oscar: Uniform, sending you 8
2024-10-15 03:25:53.173680 Lima: Zulu and Kilo, sending you 2
2024-10-15 03:25:53.175120 Uniform: Lima, Zulu and Kilo, sending you 2
2024-10-15 03:25:53.175753 Kilo: Lima and Zulu, sending you 3
2024-10-15 03:25:53.186922 Alpha: Golf, Quebec, Oscar and Victor, sending you 2
chatterbot Bravo submitting transactions
chatterbot Lima submitting transactions
chatterbot Oscar submitting transactions
chatterbot Zulu submitting transactions
chatterbot Victor submitting transactions
chatterbot Alpha submitting transactions
chatterbot Kilo submitting transactions
chatterbot Golf submitting transactions
chatterbot Uniform submitting transactions
chatterbot Quebec submitting transactions
ChatterBot Alpha round 9
ChatterBot Golf round 9
ChatterBot Quebec round 9
ChatterBot Oscar round 9
ChatterBot Bravo round 9
ChatterBot Lima round 9
ChatterBot Uniform round 9
ChatterBot Victor round 9
ChatterBot Zulu round 9
ChatterBot Kilo round 9
2024-10-15 03:25:54.314897 Alpha: Golf, Quebec, Oscar and Victor, sending you 2
2024-10-15 03:25:54.316697 Oscar: Alpha, sending you 4
2024-10-15 03:25:54.319671 Uniform: Bravo, sending you 4
2024-10-15 03:25:54.320712 Golf: Alpha, Quebec and Oscar, sending you 3
2024-10-15 03:25:54.321952 Oscar: Golf and Quebec, sending you 5
2024-10-15 03:25:54.324623 Lima: Bravo and Uniform, sending you 1
2024-10-15 03:25:54.325607 Uniform: Lima, Zulu and Kilo, sending you 2
2024-10-15 03:25:54.326399 Golf: Victor, sending you 2
2024-10-15 03:25:54.327891 Bravo: Lima, Zulu and Kilo, sending you 2
2024-10-15 03:25:54.329476 Lima: Zulu and Kilo, sending you 2
2024-10-15 03:25:54.330322 Quebec: Alpha and Victor, sending you 2
2024-10-15 03:25:54.332664 Bravo: Uniform, sending you 4
2024-10-15 03:25:54.333930 Victor: Alpha, Golf and Quebec, sending you 1
2024-10-15 03:25:54.334643 Zulu: Bravo, Lima, Uniform and Kilo, sending you 2
2024-10-15 03:25:54.336665 Quebec: Golf and Oscar, sending you 3
2024-10-15 03:25:54.342684 Kilo: Bravo and Uniform, sending you 2
2024-10-15 03:25:54.345679 Kilo: Lima and Zulu, sending you 3
chatterbot Lima submitting transactions
chatterbot Zulu submitting transactions
chatterbot Kilo submitting transactions
chatterbot Victor submitting transactions
chatterbot Oscar submitting transactions
chatterbot Bravo submitting transactions
chatterbot Alpha submitting transactions
chatterbot Quebec submitting transactions
chatterbot Golf submitting transactions
chatterbot Uniform submitting transactions
ChatterBot Alpha round 10
ChatterBot Golf round 10
ChatterBot Quebec round 10
ChatterBot Oscar round 10
ChatterBot Bravo round 10
ChatterBot Lima round 10
ChatterBot Uniform round 10
ChatterBot Victor round 10
ChatterBot Zulu round 10
ChatterBot Kilo round 10
2024-10-15 03:25:55.714032 Alpha: We should replace Bravo with Uniform
ChatterBot Oscar reevaluating
2024-10-15 03:25:55.729389 Victor: No
2024-10-15 03:25:55.729668 Quebec: No
2024-10-15 03:25:55.729835 Oscar: No
2024-10-15 03:25:55.729979 Golf: No
ChatterBot Oscar reevaluating
ChatterBot Oscar reevaluating
ChatterBot Oscar reevaluating
ChatterBot Alpha reevaluating
2024-10-15 03:25:55.814690 Golf: Alpha, Quebec and Oscar, sending you 3
2024-10-15 03:25:55.815451 Uniform: Bravo, sending you 4
2024-10-15 03:25:55.819686 Quebec: Alpha and Victor, sending you 2
2024-10-15 03:25:55.820629 Golf: Victor, sending you 2
2024-10-15 03:25:55.822168 Uniform: Lima, Zulu and Kilo, sending you 2
2024-10-15 03:25:55.823413 Victor: Alpha, Golf and Quebec, sending you 1
2024-10-15 03:25:55.824175 Quebec: Golf and Oscar, sending you 3
2024-10-15 03:25:55.826912 Lima: Bravo, Uniform and Zulu, sending you 1
2024-10-15 03:25:55.828674 Bravo: Lima, Zulu and Kilo, sending you 2
2024-10-15 03:25:55.829728 Kilo: Bravo and Uniform, sending you 2
2024-10-15 03:25:55.830990 Zulu: Bravo, Lima, Uniform and Kilo, sending you 2
2024-10-15 03:25:55.832380 Alpha: Golf, Quebec, Oscar and Victor, sending you 2
2024-10-15 03:25:55.833227 Oscar: Alpha, sending you 4
2024-10-15 03:25:55.833698 Lima: Kilo, sending you 3
2024-10-15 03:25:55.835050 Bravo: Uniform, sending you 4
2024-10-15 03:25:55.836312 Kilo: Lima and Zulu, sending you 3
2024-10-15 03:25:55.838682 Oscar: Golf and Quebec, sending you 5
chatterbot Uniform submitting transactions
chatterbot Quebec submitting transactions
chatterbot Oscar submitting transactions
chatterbot Bravo submitting transactions
chatterbot Alpha submitting transactions
chatterbot Victor submitting transactions
chatterbot Lima submitting transactions
chatterbot Zulu submitting transactions
chatterbot Golf submitting transactions
chatterbot Kilo submitting transactions
ChatterBot Alpha round 11
ChatterBot Golf round 11
ChatterBot Quebec round 11
ChatterBot Oscar round 11
ChatterBot Bravo round 11
ChatterBot Lima round 11
ChatterBot Uniform round 11
ChatterBot Victor round 11
ChatterBot Zulu round 11
ChatterBot Kilo round 11
2024-10-15 03:25:57.037285 Alpha: We should replace Bravo with Uniform
2024-10-15 03:25:57.059662 Victor: No
2024-10-15 03:25:57.060506 Quebec: No
2024-10-15 03:25:57.060908 Oscar: No
2024-10-15 03:25:57.061241 Golf: No
ChatterBot Oscar reevaluating
ChatterBot Oscar reevaluating
ChatterBot Alpha reevaluating
ChatterBot Alpha reevaluating
ChatterBot Oscar reevaluating
ChatterBot Alpha reevaluating
2024-10-15 03:25:57.213446 Lima: Bravo, Uniform and Zulu, sending you 1
2024-10-15 03:25:57.214397 Quebec: Alpha and Victor, sending you 2
2024-10-15 03:25:57.219496 Lima: Kilo, sending you 3
2024-10-15 03:25:57.221148 Quebec: Golf and Oscar, sending you 3
2024-10-15 03:25:57.222781 Uniform: Bravo, sending you 4
2024-10-15 03:25:57.223467 Victor: Alpha, Golf and Quebec, sending you 1
2024-10-15 03:25:57.225148 Bravo: Lima, Zulu and Kilo, sending you 2
2024-10-15 03:25:57.226690 Oscar: Alpha, sending you 4
2024-10-15 03:25:57.227464 Golf: Alpha, Quebec and Oscar, sending you 3
2024-10-15 03:25:57.232432 Uniform: Lima, Zulu and Kilo, sending you 2
2024-10-15 03:25:57.233678 Oscar: Golf and Quebec, sending you 5
2024-10-15 03:25:57.234178 Bravo: Uniform, sending you 4
2024-10-15 03:25:57.235649 Zulu: Bravo, Lima, Uniform and Kilo, sending you 2
2024-10-15 03:25:57.236492 Golf: Victor, sending you 2
2024-10-15 03:25:57.238316 Alpha: Golf, Quebec, Oscar and Victor, sending you 2
2024-10-15 03:25:57.241001 Kilo: Bravo, Uniform and Zulu, sending you 2
2024-10-15 03:25:57.245809 Kilo: Lima, sending you 4
chatterbot Quebec submitting transactions
chatterbot Bravo submitting transactions
chatterbot Oscar submitting transactions
chatterbot Lima submitting transactions
chatterbot Golf submitting transactions
chatterbot Kilo submitting transactions
chatterbot Zulu submitting transactions
chatterbot Alpha submitting transactions
chatterbot Victor submitting transactions
chatterbot Uniform submitting transactions
ChatterBot Alpha round 12
ChatterBot Golf round 12
ChatterBot Quebec round 12
ChatterBot Oscar round 12
ChatterBot Bravo round 12
ChatterBot Lima round 12
ChatterBot Uniform round 12
2024-10-15 03:25:58.205316 Alpha: We should replace Bravo with Uniform
2024-10-15 03:25:58.221821 Victor: No
2024-10-15 03:25:58.222761 Quebec: No
2024-10-15 03:25:58.222998 Oscar: No
2024-10-15 03:25:58.223231 Golf: No
ChatterBot Oscar reevaluating
ChatterBot Alpha reevaluating
ChatterBot Oscar reevaluating
ChatterBot Alpha reevaluating
ChatterBot Alpha reevaluating
ChatterBot Oscar reevaluating
ChatterBot Alpha reevaluating
ChatterBot Victor round 12
ChatterBot Zulu round 12
ChatterBot Kilo round 12
2024-10-15 03:25:58.316360 Alpha: Uniform we want you to join our group
2024-10-15 03:25:58.319307 Uniform: No
ChatterBot Alpha reevaluating
2024-10-15 03:25:58.330341 Alpha: We should replace Bravo with Kilo
2024-10-15 03:25:58.338652 Victor: No
2024-10-15 03:25:58.338815 Quebec: No
2024-10-15 03:25:58.338970 Oscar: No
2024-10-15 03:25:58.339087 Golf: No
ChatterBot Alpha reevaluating
ChatterBot Alpha reevaluating
ChatterBot Alpha reevaluating
ChatterBot Alpha reevaluating
2024-10-15 03:25:58.378585 Alpha: We should replace Bravo with Zulu
ChatterBot Oscar reevaluating
2024-10-15 03:25:58.413869 Victor: No
2024-10-15 03:25:58.414076 Quebec: No
2024-10-15 03:25:58.414276 Oscar: No
2024-10-15 03:25:58.414435 Golf: No
ChatterBot Oscar reevaluating
ChatterBot Alpha reevaluating
ChatterBot Oscar reevaluating
ChatterBot Alpha reevaluating
ChatterBot Alpha reevaluating
ChatterBot Oscar reevaluating
ChatterBot Alpha reevaluating
2024-10-15 03:25:58.614734 Golf: Alpha, Quebec and Oscar, sending you 3
2024-10-15 03:25:58.616761 Bravo: Lima, Zulu and Kilo, sending you 2
2024-10-15 03:25:58.618524 Lima: Bravo, Uniform and Zulu, sending you 1
2024-10-15 03:25:58.619537 Quebec: Alpha and Victor, sending you 2
2024-10-15 03:25:58.622138 Uniform: Bravo, sending you 4
2024-10-15 03:25:58.624323 Golf: Victor, sending you 2
2024-10-15 03:25:58.626083 Bravo: Uniform, sending you 4
2024-10-15 03:25:58.627752 Lima: Kilo, sending you 3
2024-10-15 03:25:58.629300 Quebec: Golf and Oscar, sending you 3
2024-10-15 03:25:58.630957 Uniform: Lima, Zulu and Kilo, sending you 2
2024-10-15 03:25:58.632561 Kilo: Bravo, Uniform and Zulu, sending you 2
2024-10-15 03:25:58.633553 Victor: Alpha, Golf and Quebec, sending you 1
2024-10-15 03:25:58.635013 Zulu: Bravo, Lima, Uniform and Kilo, sending you 2
2024-10-15 03:25:58.637160 Kilo: Lima, sending you 4
2024-10-15 03:25:58.682147 Alpha: Golf, Quebec, Oscar and Victor, sending you 2
chatterbot Zulu submitting transactions
chatterbot Kilo submitting transactions
chatterbot Victor submitting transactions
chatterbot Golf submitting transactions
chatterbot Bravo submitting transactions
chatterbot Uniform submitting transactions
chatterbot Lima submitting transactions
chatterbot Oscar submitting transactions
chatterbot Alpha submitting transactions
chatterbot Quebec submitting transactions
ChatterBot Alpha round 13
ChatterBot Golf round 13
ChatterBot Quebec round 13
ChatterBot Oscar round 13
ChatterBot Bravo round 13
ChatterBot Lima round 13
ChatterBot Uniform round 13
ChatterBot Victor round 13
ChatterBot Zulu round 13
ChatterBot Kilo round 13
2024-10-15 03:25:59.617381 Alpha: We should replace Bravo with Zulu
2024-10-15 03:25:59.629501 Victor: No
2024-10-15 03:25:59.630234 Quebec: No
2024-10-15 03:25:59.630398 Oscar: No
2024-10-15 03:25:59.630541 Golf: No
ChatterBot Alpha reevaluating
ChatterBot Alpha reevaluating
ChatterBot Alpha reevaluating
ChatterBot Alpha reevaluating
2024-10-15 03:25:59.683956 Alpha: We should replace Bravo with Kilo
2024-10-15 03:25:59.693632 Victor: No
2024-10-15 03:25:59.693847 Quebec: No
2024-10-15 03:25:59.693978 Oscar: No
2024-10-15 03:25:59.694102 Golf: No
ChatterBot Alpha reevaluating
ChatterBot Alpha reevaluating
ChatterBot Alpha reevaluating
ChatterBot Alpha reevaluating
2024-10-15 03:25:59.730672 Golf: Alpha, Quebec and Oscar, sending you 3
2024-10-15 03:25:59.733666 Zulu: Same as last round
2024-10-15 03:25:59.734665 Victor: Alpha, Golf and Quebec, sending you 1
2024-10-15 03:25:59.735337 Uniform: Bravo, sending you 4
2024-10-15 03:25:59.735998 Golf: Victor, sending you 2
2024-10-15 03:25:59.737106 Lima: Bravo, Uniform and Zulu, sending you 1
2024-10-15 03:25:59.740689 Uniform: Lima, Zulu and Kilo, sending you 2
2024-10-15 03:25:59.741675 Lima: Kilo, sending you 3
2024-10-15 03:25:59.747697 Kilo: Bravo, Uniform and Zulu, sending you 2
2024-10-15 03:25:59.750663 Quebec: Alpha and Victor, sending you 2
2024-10-15 03:25:59.751540 Kilo: Lima, sending you 4
2024-10-15 03:25:59.754671 Bravo: Lima, Zulu and Kilo, sending you 2
2024-10-15 03:25:59.756289 Quebec: Golf and Oscar, sending you 3
2024-10-15 03:25:59.757052 Alpha: Golf, Quebec, Oscar and Victor, sending you 2
2024-10-15 03:25:59.758672 Bravo: Uniform, sending you 4
chatterbot Bravo submitting transactions
chatterbot Uniform submitting transactions
chatterbot Oscar submitting transactions
chatterbot Alpha submitting transactions
chatterbot Golf submitting transactions
chatterbot Lima submitting transactions
chatterbot Victor submitting transactions
chatterbot Quebec submitting transactions
chatterbot Zulu submitting transactions
chatterbot Kilo submitting transactions
ChatterBot Alpha round 14
ChatterBot Golf round 14
ChatterBot Quebec round 14
ChatterBot Oscar round 14
ChatterBot Bravo round 14
ChatterBot Lima round 14
ChatterBot Uniform round 14
ChatterBot Victor round 14
ChatterBot Zulu round 14
ChatterBot Kilo round 14
2024-10-15 03:26:00.919808 Alpha: We should replace Bravo with Lima
2024-10-15 03:26:00.933346 Victor: No
2024-10-15 03:26:00.933526 Quebec: No
2024-10-15 03:26:00.933670 Oscar: No
2024-10-15 03:26:00.934410 Golf: No
ChatterBot Quebec reevaluating
ChatterBot Alpha reevaluating
ChatterBot Alpha reevaluating
ChatterBot Quebec reevaluating
ChatterBot Alpha reevaluating
ChatterBot Quebec reevaluating
ChatterBot Alpha reevaluating
2024-10-15 03:26:00.989820 Alpha: We should replace Bravo with Uniform
ChatterBot Quebec reevaluating
ChatterBot Oscar reevaluating
2024-10-15 03:26:01.001746 Victor: No
2024-10-15 03:26:01.001984 Quebec: No
2024-10-15 03:26:01.002156 Oscar: No
2024-10-15 03:26:01.002826 Golf: No
ChatterBot Quebec reevaluating
ChatterBot Oscar reevaluating
ChatterBot Alpha reevaluating
ChatterBot Oscar reevaluating
ChatterBot Alpha reevaluating
ChatterBot Quebec reevaluating
ChatterBot Alpha reevaluating
ChatterBot Quebec reevaluating
ChatterBot Oscar reevaluating
ChatterBot Alpha reevaluating
2024-10-15 03:26:01.059706 Uniform: Bravo, sending you 4
2024-10-15 03:26:01.061665 Lima: Bravo, Uniform and Zulu, sending you 1
2024-10-15 03:26:01.063246 Golf: Alpha, Quebec and Oscar, sending you 3
2024-10-15 03:26:01.063980 Victor: Alpha, Golf and Quebec, sending you 1
2024-10-15 03:26:01.065948 Zulu: Same as last round
2024-10-15 03:26:01.067302 Bravo: Lima, Zulu and Kilo, sending you 2
2024-10-15 03:26:01.068102 Uniform: Lima, Zulu and Kilo, sending you 2
2024-10-15 03:26:01.069400 Lima: Kilo, sending you 3
2024-10-15 03:26:01.070171 Golf: Victor, sending you 2
