ChatterBot Uniform round 1
ChatterBot Oscar round 1
ChatterBot Foxtrot round 1
ChatterBot Alpha round 1
ChatterBot Romeo round 1
ChatterBot Hotel round 1
ChatterBot Kilo round 1
ChatterBot Whiskey round 1
ChatterBot Quebec round 1
ChatterBot X-ray round 1
randomSelections Alpha: {Alpha, Kilo, Foxtrot, Oscar, Quebec, Whiskey} 
2024-10-14 18:10:41.773973 Alpha: Group up?
ChatterBot Kilo reevaluating
ChatterBot Foxtrot reevaluating
ChatterBot Oscar reevaluating
ChatterBot Quebec reevaluating
ChatterBot Whiskey reevaluating
2024-10-14 18:10:41.790490 Kilo: Yes
2024-10-14 18:10:41.790647 Foxtrot: Yes
2024-10-14 18:10:41.790783 Oscar: Yes
2024-10-14 18:10:41.790905 Quebec: Yes
2024-10-14 18:10:41.791034 Whiskey: Yes
ChatterBot Foxtrot reevaluating
ChatterBot Oscar reevaluating
ChatterBot Quebec reevaluating
ChatterBot Whiskey reevaluating
ChatterBot Kilo reevaluating
ChatterBot Oscar reevaluating
ChatterBot Quebec reevaluating
ChatterBot Whiskey reevaluating
ChatterBot Kilo reevaluating
ChatterBot Foxtrot reevaluating
ChatterBot Quebec reevaluating
ChatterBot Whiskey reevaluating
ChatterBot Kilo reevaluating
ChatterBot Foxtrot reevaluating
ChatterBot Oscar reevaluating
ChatterBot Whiskey reevaluating
ChatterBot Kilo reevaluating
ChatterBot Foxtrot reevaluating
ChatterBot Oscar reevaluating
ChatterBot Quebec reevaluating
randomSelections Uniform: {Uniform, Foxtrot, Oscar, Kilo, Alpha, Romeo, Quebec} 
2024-10-14 18:10:41.862711 Uniform: We should group up
ChatterBot Foxtrot reevaluating
ChatterBot Oscar reevaluating
ChatterBot Kilo reevaluating
ChatterBot Romeo reevaluating
ChatterBot Quebec reevaluating
2024-10-14 18:10:41.878654 Foxtrot: No
2024-10-14 18:10:41.878875 Oscar: No
2024-10-14 18:10:41.879085 Kilo: No
2024-10-14 18:10:41.879269 Alpha: No
2024-10-14 18:10:41.879504 Romeo: Yes
2024-10-14 18:10:41.880366 Quebec: No
ChatterBot Oscar reevaluating
ChatterBot Kilo reevaluating
ChatterBot Romeo reevaluating
ChatterBot Quebec reevaluating
ChatterBot Foxtrot reevaluating
ChatterBot Kilo reevaluating
ChatterBot Romeo reevaluating
ChatterBot Quebec reevaluating
ChatterBot Foxtrot reevaluating
ChatterBot Oscar reevaluating
ChatterBot Romeo reevaluating
ChatterBot Quebec reevaluating
ChatterBot Foxtrot reevaluating
ChatterBot Oscar reevaluating
ChatterBot Kilo reevaluating
ChatterBot Romeo reevaluating
ChatterBot Quebec reevaluating
ChatterBot Foxtrot reevaluating
ChatterBot Oscar reevaluating
ChatterBot Kilo reevaluating
ChatterBot Quebec reevaluating
ChatterBot Foxtrot reevaluating
ChatterBot Oscar reevaluating
ChatterBot Kilo reevaluating
ChatterBot Romeo reevaluating
randomSelections X-ray: {X-ray} 
randomSelections Hotel: {Hotel, X-ray, Uniform, Romeo} 
2024-10-14 18:10:41.965439 Hotel: Let's form a team
ChatterBot Romeo reevaluating
2024-10-14 18:10:41.968408 X-ray: No
2024-10-14 18:10:41.968517 Uniform: No
2024-10-14 18:10:41.968608 Romeo: No
ChatterBot Romeo reevaluating
ChatterBot Romeo reevaluating
2024-10-14 18:10:41.989052 Whiskey: Oscar, sending you 3
2024-10-14 18:10:41.989411 Uniform: Foxtrot, Alpha and Kilo, sending you 2
2024-10-14 18:10:41.991680 Whiskey: Foxtrot, sending you 2
2024-10-14 18:10:41.992668 Romeo: Uniform, sending you 2
2024-10-14 18:10:41.993700 Uniform: Romeo, sending you 1
2024-10-14 18:10:41.994078 Hotel: Uniform, sending you 1
2024-10-14 18:10:41.994693 Whiskey: Kilo, sending you 4
2024-10-14 18:10:41.995676 Oscar: Foxtrot, sending you 2
2024-10-14 18:10:41.996656 Kilo: Oscar, sending you 6
2024-10-14 18:10:41.996948 Romeo: Oscar, sending you 4
2024-10-14 18:10:41.998047 Alpha: Oscar, Kilo and Whiskey, sending you 2
2024-10-14 18:10:41.998666 Foxtrot: Alpha and Whiskey, sending you 2
2024-10-14 18:10:41.998921 Uniform: Quebec, sending you 3
2024-10-14 18:10:41.999156 Hotel: Romeo, sending you 2
2024-10-14 18:10:41.999347 Oscar: Alpha and Quebec, sending you 4
2024-10-14 18:10:41.999674 Whiskey: Quebec, sending you 1
2024-10-14 18:10:42.000261 Kilo: Alpha and Quebec, sending you 3
2024-10-14 18:10:42.000460 Romeo: Foxtrot, sending you 1
2024-10-14 18:10:42.000719 Alpha: Foxtrot, sending you 1
2024-10-14 18:10:42.001659 Foxtrot: Kilo, sending you 3
2024-10-14 18:10:42.002681 Hotel: X-ray, sending you 3
2024-10-14 18:10:42.003672 Quebec: Oscar and Alpha, sending you 3
2024-10-14 18:10:42.003989 Oscar: Kilo, sending you 1
2024-10-14 18:10:42.004285 Romeo: Kilo, sending you 5
2024-10-14 18:10:42.004681 Alpha: Quebec, sending you 5
2024-10-14 18:10:42.005355 Foxtrot: Quebec, sending you 4
2024-10-14 18:10:42.006686 Oscar: Whiskey, sending you 3
2024-10-14 18:10:42.007858 Quebec: Foxtrot and Whiskey, sending you 2
2024-10-14 18:10:42.011672 Quebec: Kilo, sending you 8
chatterbot Kilo submitting transactions
chatterbot Uniform submitting transactions
chatterbot Foxtrot submitting transactions
chatterbot Hotel submitting transactions
chatterbot Romeo submitting transactions
chatterbot Alpha submitting transactions
chatterbot X-ray submitting transactions
chatterbot Quebec submitting transactions
chatterbot Whiskey submitting transactions
chatterbot Oscar submitting transactions
ChatterBot Uniform round 2
ChatterBot Oscar round 2
ChatterBot Foxtrot round 2
ChatterBot Alpha round 2
ChatterBot Romeo round 2
2024-10-14 18:10:43.678733 Uniform: We should group up
ChatterBot Romeo reevaluating
ChatterBot Hotel reevaluating
2024-10-14 18:10:43.698101 Romeo: Yes
2024-10-14 18:10:43.698325 Hotel: No
ChatterBot Hotel reevaluating
ChatterBot Romeo reevaluating
ChatterBot Hotel round 2
ChatterBot Kilo round 2
ChatterBot Whiskey round 2
ChatterBot Quebec round 2
2024-10-14 18:10:43.728186 Alpha: We should add Uniform
ChatterBot Kilo reevaluating
ChatterBot Foxtrot reevaluating
ChatterBot Oscar reevaluating
ChatterBot Quebec reevaluating
ChatterBot Whiskey reevaluating
2024-10-14 18:10:43.749286 Kilo: No
2024-10-14 18:10:43.749515 Foxtrot: No
2024-10-14 18:10:43.749672 Oscar: No
2024-10-14 18:10:43.749866 Quebec: Yes
2024-10-14 18:10:43.749997 Whiskey: No
ChatterBot Foxtrot reevaluating
ChatterBot Oscar reevaluating
ChatterBot Quebec reevaluating
ChatterBot Whiskey reevaluating
ChatterBot Alpha reevaluating
ChatterBot Kilo reevaluating
ChatterBot Oscar reevaluating
ChatterBot Quebec reevaluating
ChatterBot Whiskey reevaluating
ChatterBot Alpha reevaluating
ChatterBot Kilo reevaluating
ChatterBot Foxtrot reevaluating
ChatterBot Quebec reevaluating
ChatterBot Whiskey reevaluating
ChatterBot Alpha reevaluating
ChatterBot Kilo reevaluating
ChatterBot Foxtrot reevaluating
ChatterBot Oscar reevaluating
ChatterBot Whiskey reevaluating
ChatterBot Alpha reevaluating
ChatterBot Kilo reevaluating
ChatterBot Foxtrot reevaluating
ChatterBot Oscar reevaluating
ChatterBot Quebec reevaluating
ChatterBot X-ray round 2
2024-10-14 18:10:43.900513 Quebec: We should add Uniform and Romeo
ChatterBot Alpha reevaluating
ChatterBot Kilo reevaluating
ChatterBot Foxtrot reevaluating
ChatterBot Oscar reevaluating
ChatterBot Whiskey reevaluating
2024-10-14 18:10:43.924980 Alpha: No
2024-10-14 18:10:43.925167 Kilo: No
2024-10-14 18:10:43.925314 Foxtrot: No
2024-10-14 18:10:43.925451 Oscar: No
2024-10-14 18:10:43.925580 Whiskey: No
ChatterBot Kilo reevaluating
ChatterBot Foxtrot reevaluating
ChatterBot Oscar reevaluating
ChatterBot Quebec reevaluating
ChatterBot Whiskey reevaluating
ChatterBot Alpha reevaluating
ChatterBot Foxtrot reevaluating
ChatterBot Oscar reevaluating
ChatterBot Quebec reevaluating
ChatterBot Whiskey reevaluating
ChatterBot Alpha reevaluating
ChatterBot Kilo reevaluating
ChatterBot Oscar reevaluating
ChatterBot Quebec reevaluating
ChatterBot Whiskey reevaluating
ChatterBot Alpha reevaluating
ChatterBot Kilo reevaluating
ChatterBot Foxtrot reevaluating
ChatterBot Quebec reevaluating
ChatterBot Whiskey reevaluating
ChatterBot Alpha reevaluating
ChatterBot Kilo reevaluating
ChatterBot Foxtrot reevaluating
ChatterBot Oscar reevaluating
ChatterBot Quebec reevaluating
2024-10-14 18:10:44.270317 Uniform: Romeo, sending you 6
2024-10-14 18:10:44.271943 Foxtrot: Uniform we want you to join our group
2024-10-14 18:10:44.278703 Uniform: No
ChatterBot Foxtrot reevaluating
ChatterBot Alpha reevaluating
2024-10-14 18:10:44.314295 Uniform: Hotel, sending you 4
2024-10-14 18:10:44.345458 Romeo: Uniform, sending you 4
2024-10-14 18:10:44.345699 Whiskey: Oscar, sending you 4
2024-10-14 18:10:44.346090 Hotel: Sending you each 8
2024-10-14 18:10:44.346861 Oscar: Foxtrot, sending you 2
2024-10-14 18:10:44.347203 Quebec: Oscar, Foxtrot, Alpha and Kilo, sending you 4
2024-10-14 18:10:44.347554 Alpha: Uniform we want you to join our group
2024-10-14 18:10:44.351423 Uniform: No
ChatterBot Alpha reevaluating
ChatterBot Kilo reevaluating
chatterbot Uniform submitting transactions
2024-10-14 18:10:44.373874 Romeo: Hotel, sending you 8
2024-10-14 18:10:44.374547 Whiskey: Foxtrot, Alpha and Quebec, sending you 2
2024-10-14 18:10:44.375016 X-ray: Sending you 17
2024-10-14 18:10:44.375251 Oscar: Alpha, Whiskey and Quebec, sending you 3
2024-10-14 18:10:44.376209 Quebec: Whiskey, sending you 3
2024-10-14 18:10:44.393998 Foxtrot: Oscar, Whiskey and Quebec, sending you 4
2024-10-14 18:10:44.394985 Oscar: Kilo, sending you 6
2024-10-14 18:10:44.395471 Kilo: Romeo we want you to join our group
2024-10-14 18:10:44.399339 Romeo: No
ChatterBot Kilo reevaluating
ChatterBot Alpha reevaluating
chatterbot Oscar submitting transactions
2024-10-14 18:10:44.420662 Foxtrot: Alpha, sending you 3
2024-10-14 18:10:44.437475 Foxtrot: Kilo, sending you 1
2024-10-14 18:10:44.468346 Alpha: Oscar, Kilo and Quebec, sending you 3
chatterbot X-ray submitting transactions
2024-10-14 18:10:44.472056 Alpha: Foxtrot, sending you 2
2024-10-14 18:10:44.472893 Kilo: Oscar, Foxtrot, Alpha, Romeo, Whiskey and Quebec, sending you 2
2024-10-14 18:10:44.486035 Alpha: Whiskey, sending you 1
chatterbot Hotel submitting transactions
chatterbot Whiskey submitting transactions
chatterbot Foxtrot submitting transactions
chatterbot Romeo submitting transactions
chatterbot Quebec submitting transactions
chatterbot Kilo submitting transactions
chatterbot Alpha submitting transactions
ChatterBot Uniform round 3
ChatterBot Oscar round 3
ChatterBot Foxtrot round 3
ChatterBot Alpha round 3
ChatterBot Romeo round 3
ChatterBot Hotel round 3
2024-10-14 18:10:45.785217 Uniform: We should add X-ray
ChatterBot Hotel reevaluating
2024-10-14 18:10:45.795767 Romeo: Yes
2024-10-14 18:10:45.796343 Hotel: Yes
ChatterBot Hotel reevaluating
ChatterBot Kilo round 3
ChatterBot Whiskey round 3
ChatterBot Quebec round 3
ChatterBot X-ray round 3
2024-10-14 18:10:45.830786 Uniform: X-ray we want you to join our group
ChatterBot X-ray reevaluating
2024-10-14 18:10:45.835102 X-ray: Yes
ChatterBot Hotel reevaluating
ChatterBot Romeo reevaluating
2024-10-14 18:10:45.845126 X-ray: We should add Uniform and Romeo
ChatterBot Hotel reevaluating
2024-10-14 18:10:45.849216 Hotel: Yes
ChatterBot X-ray reevaluating
2024-10-14 18:10:45.869331 Romeo: X-ray we want you to join our group
ChatterBot X-ray reevaluating
2024-10-14 18:10:45.873129 X-ray: Yes
ChatterBot Romeo reevaluating
2024-10-14 18:10:45.885733 Hotel: X-ray we want you to join our group
ChatterBot X-ray reevaluating
2024-10-14 18:10:45.890323 X-ray: Yes
ChatterBot Romeo reevaluating
2024-10-14 18:10:45.902257 Kilo: We should drop Romeo
2024-10-14 18:10:45.917627 Alpha: Yes
2024-10-14 18:10:45.917850 Foxtrot: Yes
2024-10-14 18:10:45.918023 Oscar: Yes
2024-10-14 18:10:45.918175 Quebec: Yes
2024-10-14 18:10:45.918320 Whiskey: Yes
2024-10-14 18:10:46.062782 Oscar: Foxtrot, sending you 2
2024-10-14 18:10:46.064672 Foxtrot: Oscar, Alpha and Whiskey, sending you 3
2024-10-14 18:10:46.066455 X-ray: Uniform and Romeo we want you to join our group
ChatterBot Romeo reevaluating
2024-10-14 18:10:46.078496 Uniform: Yes
2024-10-14 18:10:46.079159 Romeo: Yes
ChatterBot Romeo reevaluating
2024-10-14 18:10:46.107909 Oscar: Alpha, sending you 3
2024-10-14 18:10:46.109245 Foxtrot: Kilo, sending you 2
2024-10-14 18:10:46.110295 Alpha: Oscar and Quebec, sending you 3
2024-10-14 18:10:46.110999 Uniform: Romeo, sending you 4
2024-10-14 18:10:46.112399 Quebec: Oscar, Foxtrot, Alpha and Kilo, sending you 4
2024-10-14 18:10:46.113665 Foxtrot: Quebec, sending you 5
2024-10-14 18:10:46.114263 Oscar: Kilo, Whiskey and Quebec, sending you 4
2024-10-14 18:10:46.119901 Alpha: Foxtrot, Kilo and Whiskey, sending you 2
2024-10-14 18:10:46.121450 Uniform: Hotel, sending you 6
2024-10-14 18:10:46.122582 Whiskey: Oscar and Foxtrot, sending you 3
2024-10-14 18:10:46.123646 Hotel: Uniform, sending you 4
2024-10-14 18:10:46.124899 Quebec: Whiskey, sending you 3
2024-10-14 18:10:46.126870 Kilo: Oscar, Foxtrot, Alpha and Whiskey, sending you 2
2024-10-14 18:10:46.128585 Whiskey: Alpha and Kilo, sending you 1
2024-10-14 18:10:46.129680 Hotel: Romeo, sending you 5
2024-10-14 18:10:46.130891 X-ray: Uniform and Romeo, sending you 3
2024-10-14 18:10:46.131448 Kilo: Quebec, sending you 4
2024-10-14 18:10:46.133151 Whiskey: Quebec, sending you 2
2024-10-14 18:10:46.135320 X-ray: Hotel, sending you 11
2024-10-14 18:10:46.136816 Hotel: X-ray, sending you 8
2024-10-14 18:10:46.151669 Romeo: Uniform, sending you 5
2024-10-14 18:10:46.157027 Romeo: Hotel, sending you 6
2024-10-14 18:10:46.159923 Romeo: X-ray, sending you 1
chatterbot Uniform submitting transactions
chatterbot Kilo submitting transactions
chatterbot X-ray submitting transactions
chatterbot Hotel submitting transactions
chatterbot Foxtrot submitting transactions
chatterbot Whiskey submitting transactions
chatterbot Romeo submitting transactions
chatterbot Alpha submitting transactions
chatterbot Oscar submitting transactions
chatterbot Quebec submitting transactions
ChatterBot Uniform round 4
ChatterBot Oscar round 4
ChatterBot Foxtrot round 4
ChatterBot Alpha round 4
ChatterBot Romeo round 4
ChatterBot Hotel round 4
ChatterBot Kilo round 4
ChatterBot Whiskey round 4
ChatterBot Quebec round 4
ChatterBot X-ray round 4
2024-10-14 18:10:46.964753 Alpha: Oscar and Quebec, sending you 3
2024-10-14 18:10:46.969667 Alpha: Foxtrot, Kilo and Whiskey, sending you 2
2024-10-14 18:10:46.972677 Oscar: Foxtrot, Alpha, Kilo and Whiskey, sending you 3
2024-10-14 18:10:46.973651 Uniform: Romeo, sending you 4
2024-10-14 18:10:46.974659 Hotel: Uniform and Romeo, sending you 5
2024-10-14 18:10:46.975690 Romeo: Uniform, sending you 4
2024-10-14 18:10:46.976014 Oscar: Quebec, sending you 5
2024-10-14 18:10:46.976669 Foxtrot: Oscar, Alpha, Kilo and Whiskey, sending you 3
2024-10-14 18:10:46.977151 Uniform: Hotel, sending you 5
2024-10-14 18:10:46.979666 Hotel: X-ray, sending you 7
2024-10-14 18:10:46.979987 Quebec: Oscar, Foxtrot, Alpha and Kilo, sending you 4
2024-10-14 18:10:46.980659 X-ray: Uniform and Romeo, sending you 3
2024-10-14 18:10:46.980977 Romeo: Hotel, sending you 6
2024-10-14 18:10:46.981247 Kilo: Oscar and Quebec, sending you 3
2024-10-14 18:10:46.981957 Uniform: X-ray, sending you 1
2024-10-14 18:10:46.982222 Whiskey: Oscar, sending you 4
2024-10-14 18:10:46.982643 Foxtrot: Quebec, sending you 4
2024-10-14 18:10:46.983060 Quebec: Whiskey, sending you 3
2024-10-14 18:10:46.983666 X-ray: Hotel, sending you 11
2024-10-14 18:10:46.985785 Romeo: X-ray, sending you 2
2024-10-14 18:10:46.986096 Kilo: Foxtrot, Alpha and Whiskey, sending you 2
2024-10-14 18:10:46.986670 Whiskey: Foxtrot and Quebec, sending you 2
2024-10-14 18:10:46.990652 Whiskey: Alpha and Kilo, sending you 1
chatterbot Kilo submitting transactions
chatterbot Oscar submitting transactions
chatterbot Quebec submitting transactions
chatterbot X-ray submitting transactions
chatterbot Whiskey submitting transactions
chatterbot Foxtrot submitting transactions
chatterbot Uniform submitting transactions
chatterbot Romeo submitting transactions
chatterbot Alpha submitting transactions
chatterbot Hotel submitting transactions
ChatterBot Uniform round 5
ChatterBot Oscar round 5
ChatterBot Foxtrot round 5
ChatterBot Alpha round 5
ChatterBot Romeo round 5
ChatterBot Hotel round 5
ChatterBot Kilo round 5
ChatterBot Whiskey round 5
ChatterBot Quebec round 5
ChatterBot X-ray round 5
2024-10-14 18:10:48.243676 Uniform: Romeo, sending you 4
2024-10-14 18:10:48.247694 Uniform: Hotel, sending you 5
2024-10-14 18:10:48.249676 Quebec: Oscar, Foxtrot, Alpha and Kilo, sending you 4
2024-10-14 18:10:48.250671 Alpha: Oscar, Foxtrot, Kilo and Whiskey, sending you 2
2024-10-14 18:10:48.251668 Foxtrot: Oscar, Alpha, Kilo and Whiskey, sending you 3
2024-10-14 18:10:48.252894 Uniform: X-ray, sending you 1
2024-10-14 18:10:48.253340 Kilo: Oscar, Foxtrot, Alpha and Whiskey, sending you 2
2024-10-14 18:10:48.254703 Quebec: Whiskey, sending you 3
2024-10-14 18:10:48.255379 Alpha: Quebec, sending you 4
2024-10-14 18:10:48.256082 Whiskey: Oscar, sending you 3
2024-10-14 18:10:48.256747 Foxtrot: Quebec, sending you 4
2024-10-14 18:10:48.257680 Hotel: Uniform and Romeo, sending you 5
2024-10-14 18:10:48.258809 Kilo: Quebec, sending you 4
2024-10-14 18:10:48.259426 Oscar: Foxtrot, Alpha and Kilo, sending you 3
2024-10-14 18:10:48.259978 Whiskey: Foxtrot, Kilo and Quebec, sending you 2
2024-10-14 18:10:48.260680 Romeo: Uniform, sending you 4
2024-10-14 18:10:48.261735 Hotel: X-ray, sending you 7
2024-10-14 18:10:48.262688 X-ray: Uniform, sending you 3
2024-10-14 18:10:48.263027 Oscar: Whiskey and Quebec, sending you 4
2024-10-14 18:10:48.263530 Whiskey: Alpha, sending you 1
2024-10-14 18:10:48.265673 Romeo: Hotel, sending you 6
2024-10-14 18:10:48.265999 X-ray: Romeo, sending you 4
2024-10-14 18:10:48.269662 Romeo: X-ray, sending you 2
2024-10-14 18:10:48.269930 X-ray: Hotel, sending you 10
chatterbot Hotel submitting transactions
chatterbot Kilo submitting transactions
chatterbot X-ray submitting transactions
chatterbot Romeo submitting transactions
chatterbot Oscar submitting transactions
chatterbot Foxtrot submitting transactions
chatterbot Quebec submitting transactions
chatterbot Alpha submitting transactions
chatterbot Uniform submitting transactions
chatterbot Whiskey submitting transactions
ChatterBot Uniform round 6
ChatterBot Oscar round 6
ChatterBot Foxtrot round 6
ChatterBot Alpha round 6
ChatterBot Romeo round 6
ChatterBot Hotel round 6
ChatterBot Kilo round 6
ChatterBot Whiskey round 6
ChatterBot Quebec round 6
ChatterBot X-ray round 6
2024-10-14 18:10:49.448668 Kilo: Oscar, Foxtrot, Alpha and Whiskey, sending you 2
2024-10-14 18:10:49.450935 Quebec: Oscar, Foxtrot, Alpha and Kilo, sending you 4
2024-10-14 18:10:49.451776 Uniform: Romeo, sending you 3
2024-10-14 18:10:49.452187 Oscar: Foxtrot, Alpha and Kilo, sending you 3
2024-10-14 18:10:49.452900 Kilo: Quebec, sending you 4
2024-10-14 18:10:49.453668 Alpha: Oscar, Foxtrot, Kilo and Whiskey, sending you 2
2024-10-14 18:10:49.454203 Romeo: Uniform, sending you 4
2024-10-14 18:10:49.454493 Hotel: Uniform and Romeo, sending you 5
2024-10-14 18:10:49.454812 Foxtrot: Oscar, Alpha, Kilo and Whiskey, sending you 3
2024-10-14 18:10:49.456664 Quebec: Whiskey, sending you 3
2024-10-14 18:10:49.457361 Uniform: Hotel, sending you 5
2024-10-14 18:10:49.457712 Alpha: Quebec, sending you 4
2024-10-14 18:10:49.458269 Oscar: Whiskey and Quebec, sending you 4
2024-10-14 18:10:49.458784 Hotel: X-ray, sending you 7
2024-10-14 18:10:49.459116 Foxtrot: Quebec, sending you 4
2024-10-14 18:10:49.459623 Romeo: Hotel, sending you 6
2024-10-14 18:10:49.460288 X-ray: Uniform, sending you 3
2024-10-14 18:10:49.461672 Uniform: X-ray, sending you 2
2024-10-14 18:10:49.463693 Romeo: X-ray, sending you 2
2024-10-14 18:10:49.464683 X-ray: Romeo, sending you 4
2024-10-14 18:10:49.465699 Whiskey: Oscar, sending you 3
2024-10-14 18:10:49.468680 X-ray: Hotel, sending you 10
2024-10-14 18:10:49.469708 Whiskey: Foxtrot, Kilo and Quebec, sending you 2
2024-10-14 18:10:49.475661 Whiskey: Alpha, sending you 1
chatterbot Whiskey submitting transactions
chatterbot Alpha submitting transactions
chatterbot Quebec submitting transactions
chatterbot Kilo submitting transactions
chatterbot Romeo submitting transactions
chatterbot Oscar submitting transactions
chatterbot Foxtrot submitting transactions
chatterbot Hotel submitting transactions
chatterbot X-ray submitting transactions
chatterbot Uniform submitting transactions
ChatterBot Uniform round 7
ChatterBot Oscar round 7
ChatterBot Foxtrot round 7
ChatterBot Alpha round 7
ChatterBot Romeo round 7
ChatterBot Hotel round 7
ChatterBot Kilo round 7
ChatterBot Whiskey round 7
ChatterBot Quebec round 7
ChatterBot X-ray round 7
2024-10-14 18:10:50.690681 Foxtrot: Oscar, Alpha, Kilo and Whiskey, sending you 3
2024-10-14 18:10:50.694688 Uniform: Romeo, sending you 3
2024-10-14 18:10:50.695114 Hotel: Uniform and Romeo, sending you 5
2024-10-14 18:10:50.695687 Foxtrot: Quebec, sending you 4
2024-10-14 18:10:50.696466 Romeo: Uniform, sending you 4
2024-10-14 18:10:50.697414 Quebec: Oscar, Foxtrot, Alpha and Kilo, sending you 4
2024-10-14 18:10:50.698130 Hotel: X-ray, sending you 7
2024-10-14 18:10:50.698683 Alpha: Oscar, Foxtrot, Kilo and Whiskey, sending you 2
2024-10-14 18:10:50.699636 Uniform: Hotel, sending you 5
2024-10-14 18:10:50.700586 Whiskey: Oscar, sending you 3
2024-10-14 18:10:50.701549 Romeo: Hotel, sending you 5
2024-10-14 18:10:50.702054 Quebec: Whiskey, sending you 3
2024-10-14 18:10:50.703175 Oscar: Foxtrot, Alpha and Kilo, sending you 3
2024-10-14 18:10:50.703936 Alpha: Quebec, sending you 4
2024-10-14 18:10:50.704753 Uniform: X-ray, sending you 2
2024-10-14 18:10:50.705151 Kilo: Oscar, Foxtrot, Alpha and Whiskey, sending you 2
2024-10-14 18:10:50.706204 Whiskey: Foxtrot, Kilo and Quebec, sending you 2
2024-10-14 18:10:50.707245 Romeo: X-ray, sending you 3
2024-10-14 18:10:50.708991 Oscar: Whiskey and Quebec, sending you 4
2024-10-14 18:10:50.709963 X-ray: Uniform and Romeo, sending you 4
2024-10-14 18:10:50.710689 Kilo: Quebec, sending you 4
2024-10-14 18:10:50.711966 Whiskey: Alpha, sending you 1
2024-10-14 18:10:50.713927 X-ray: Hotel, sending you 9
chatterbot Alpha submitting transactions
chatterbot Quebec submitting transactions
chatterbot X-ray submitting transactions
chatterbot Hotel submitting transactions
chatterbot Uniform submitting transactions
chatterbot Kilo submitting transactions
chatterbot Oscar submitting transactions
chatterbot Foxtrot submitting transactions
chatterbot Whiskey submitting transactions
chatterbot Romeo submitting transactions
ChatterBot Uniform round 8
ChatterBot Oscar round 8
ChatterBot Foxtrot round 8
ChatterBot Alpha round 8
ChatterBot Romeo round 8
ChatterBot Hotel round 8
ChatterBot Kilo round 8
ChatterBot Whiskey round 8
ChatterBot Quebec round 8
ChatterBot X-ray round 8
2024-10-14 18:10:52.002661 Kilo: Oscar, Foxtrot, Alpha and Whiskey, sending you 2
2024-10-14 18:10:52.003905 Oscar: Foxtrot, Alpha and Kilo, sending you 3
2024-10-14 18:10:52.005408 Foxtrot: Oscar, Alpha, Kilo and Whiskey, sending you 3
2024-10-14 18:10:52.006543 Hotel: Uniform and Romeo, sending you 5
2024-10-14 18:10:52.007278 Kilo: Quebec, sending you 4
2024-10-14 18:10:52.009212 X-ray: Uniform and Romeo, sending you 4
2024-10-14 18:10:52.010656 Oscar: Whiskey and Quebec, sending you 4
2024-10-14 18:10:52.012019 Foxtrot: Quebec, sending you 4
2024-10-14 18:10:52.013686 Romeo: Uniform, sending you 4
2024-10-14 18:10:52.014511 Hotel: X-ray, sending you 7
2024-10-14 18:10:52.016194 Uniform: Romeo, sending you 3
2024-10-14 18:10:52.017114 Alpha: Oscar, Foxtrot, Kilo and Whiskey, sending you 2
2024-10-14 18:10:52.018870 Quebec: Oscar, Foxtrot, Alpha and Kilo, sending you 4
2024-10-14 18:10:52.020053 X-ray: Hotel, sending you 9
2024-10-14 18:10:52.021427 Whiskey: Oscar, sending you 3
2024-10-14 18:10:52.022658 Romeo: Hotel, sending you 5
2024-10-14 18:10:52.023457 Uniform: Hotel, sending you 5
2024-10-14 18:10:52.024926 Alpha: Quebec, sending you 4
2024-10-14 18:10:52.026525 Quebec: Whiskey, sending you 3
2024-10-14 18:10:52.028525 Whiskey: Foxtrot, Kilo and Quebec, sending you 2
2024-10-14 18:10:52.029765 Romeo: X-ray, sending you 3
2024-10-14 18:10:52.031304 Uniform: X-ray, sending you 2
2024-10-14 18:10:52.033701 Whiskey: Alpha, sending you 1
chatterbot Whiskey submitting transactions
chatterbot Kilo submitting transactions
chatterbot Uniform submitting transactions
chatterbot X-ray submitting transactions
chatterbot Foxtrot submitting transactions
chatterbot Romeo submitting transactions
chatterbot Alpha submitting transactions
chatterbot Hotel submitting transactions
chatterbot Oscar submitting transactions
chatterbot Quebec submitting transactions
ChatterBot Uniform round 9
ChatterBot Oscar round 9
ChatterBot Foxtrot round 9
ChatterBot Alpha round 9
ChatterBot Romeo round 9
ChatterBot Hotel round 9
ChatterBot Kilo round 9
ChatterBot Whiskey round 9
ChatterBot Quebec round 9
ChatterBot X-ray round 9
2024-10-14 18:10:53.259748 Hotel: Uniform and Romeo, sending you 5
2024-10-14 18:10:53.260416 Oscar: Foxtrot, Alpha and Kilo, sending you 3
2024-10-14 18:10:53.262952 Hotel: X-ray, sending you 7
2024-10-14 18:10:53.263687 Romeo: Uniform, sending you 4
2024-10-14 18:10:53.265934 Oscar: Whiskey and Quebec, sending you 4
2024-10-14 18:10:53.267033 Kilo: Oscar, Foxtrot, Alpha and Whiskey, sending you 2
2024-10-14 18:10:53.268044 Romeo: Hotel, sending you 5
2024-10-14 18:10:53.268668 Alpha: Oscar, Foxtrot, Kilo and Whiskey, sending you 2
2024-10-14 18:10:53.269752 Foxtrot: Oscar, Alpha, Kilo and Whiskey, sending you 3
2024-10-14 18:10:53.270680 Kilo: Quebec, sending you 4
2024-10-14 18:10:53.272660 Romeo: X-ray, sending you 3
2024-10-14 18:10:53.273268 Uniform: Romeo, sending you 3
2024-10-14 18:10:53.273924 Alpha: Quebec, sending you 4
2024-10-14 18:10:53.274969 Foxtrot: Quebec, sending you 4
2024-10-14 18:10:53.276684 Whiskey: Oscar, sending you 3
2024-10-14 18:10:53.278990 Uniform: Hotel, sending you 5
2024-10-14 18:10:53.279701 Quebec: Oscar, Foxtrot, Alpha and Kilo, sending you 4
2024-10-14 18:10:53.280750 Whiskey: Foxtrot, Kilo and Quebec, sending you 2
2024-10-14 18:10:53.282566 Uniform: X-ray, sending you 2
2024-10-14 18:10:53.285435 Quebec: Whiskey, sending you 3
2024-10-14 18:10:53.286672 Whiskey: Alpha, sending you 1
2024-10-14 18:10:53.287487 X-ray: Uniform and Romeo, sending you 4
2024-10-14 18:10:53.292656 X-ray: Hotel, sending you 9
chatterbot Romeo submitting transactions
chatterbot Hotel submitting transactions
chatterbot Oscar submitting transactions
chatterbot Uniform submitting transactions
chatterbot X-ray submitting transactions
chatterbot Whiskey submitting transactions
chatterbot Kilo submitting transactions
chatterbot Foxtrot submitting transactions
chatterbot Alpha submitting transactions
chatterbot Quebec submitting transactions
ChatterBot Uniform round 10
ChatterBot Oscar round 10
ChatterBot Foxtrot round 10
ChatterBot Alpha round 10
ChatterBot Romeo round 10
ChatterBot Hotel round 10
ChatterBot Kilo round 10
ChatterBot Whiskey round 10
ChatterBot Quebec round 10
ChatterBot X-ray round 10
2024-10-14 18:10:54.500644 Uniform: Romeo, sending you 3
2024-10-14 18:10:54.504677 Uniform: Hotel, sending you 5
2024-10-14 18:10:54.505340 Foxtrot: Oscar, Alpha, Kilo and Whiskey, sending you 3
2024-10-14 18:10:54.506710 Romeo: Uniform, sending you 4
2024-10-14 18:10:54.507872 Kilo: Oscar, Foxtrot, Alpha and Whiskey, sending you 2
2024-10-14 18:10:54.508896 Uniform: X-ray, sending you 2
2024-10-14 18:10:54.509669 Oscar: Foxtrot, Alpha and Kilo, sending you 3
2024-10-14 18:10:54.510684 Foxtrot: Quebec, sending you 4
2024-10-14 18:10:54.512159 X-ray: Uniform, sending you 4
2024-10-14 18:10:54.512778 Romeo: Hotel, sending you 5
2024-10-14 18:10:54.513146 Hotel: Uniform and Romeo, sending you 5
2024-10-14 18:10:54.513484 Quebec: Oscar, Foxtrot, Alpha and Kilo, sending you 4
2024-10-14 18:10:54.514431 Oscar: Whiskey and Quebec, sending you 4
2024-10-14 18:10:54.515775 Kilo: Quebec, sending you 4
2024-10-14 18:10:54.516442 Hotel: X-ray, sending you 7
2024-10-14 18:10:54.516917 Alpha: Oscar, Foxtrot, Kilo and Whiskey, sending you 2
2024-10-14 18:10:54.517739 X-ray: Romeo, sending you 5
2024-10-14 18:10:54.518347 Romeo: X-ray, sending you 3
2024-10-14 18:10:54.518862 Quebec: Whiskey, sending you 3
2024-10-14 18:10:54.520288 Whiskey: Oscar, sending you 3
2024-10-14 18:10:54.521164 X-ray: Hotel, sending you 8
2024-10-14 18:10:54.521692 Alpha: Quebec, sending you 4
2024-10-14 18:10:54.524653 Whiskey: Foxtrot, Kilo and Quebec, sending you 2
2024-10-14 18:10:54.528708 Whiskey: Alpha, sending you 1
chatterbot Foxtrot submitting transactions
chatterbot Hotel submitting transactions
chatterbot Kilo submitting transactions
chatterbot Romeo submitting transactions
chatterbot Oscar submitting transactions
chatterbot Uniform submitting transactions
chatterbot X-ray submitting transactions
chatterbot Alpha submitting transactions
chatterbot Quebec submitting transactions
chatterbot Whiskey submitting transactions
ChatterBot Uniform round 11
ChatterBot Oscar round 11
ChatterBot Foxtrot round 11
ChatterBot Alpha round 11
ChatterBot Romeo round 11
ChatterBot Hotel round 11
ChatterBot Kilo round 11
ChatterBot Whiskey round 11
ChatterBot Quebec round 11
ChatterBot X-ray round 11
2024-10-14 18:10:55.614664 Oscar: Foxtrot, Alpha and Kilo, sending you 3
2024-10-14 18:10:55.615689 Uniform: Romeo, sending you 3
2024-10-14 18:10:55.617684 Oscar: Whiskey and Quebec, sending you 4
2024-10-14 18:10:55.618879 Uniform: Hotel, sending you 5
2024-10-14 18:10:55.621672 Uniform: X-ray, sending you 2
2024-10-14 18:10:55.625029 Kilo: Oscar, Foxtrot, Alpha and Whiskey, sending you 2
2024-10-14 18:10:55.626067 Alpha: Oscar, Foxtrot, Kilo and Whiskey, sending you 2
2024-10-14 18:10:55.626962 Whiskey: Oscar, sending you 3
2024-10-14 18:10:55.627935 Hotel: Uniform and Romeo, sending you 5
2024-10-14 18:10:55.628711 X-ray: Uniform, sending you 4
2024-10-14 18:10:55.629341 Kilo: Quebec, sending you 4
2024-10-14 18:10:55.631714 Alpha: Quebec, sending you 4
2024-10-14 18:10:55.632821 Whiskey: Foxtrot, Kilo and Quebec, sending you 2
2024-10-14 18:10:55.633506 Hotel: X-ray, sending you 7
2024-10-14 18:10:55.633901 X-ray: Romeo, sending you 5
2024-10-14 18:10:55.634825 Foxtrot: Oscar, Alpha, Kilo and Whiskey, sending you 3
2024-10-14 18:10:55.635878 Romeo: Uniform, sending you 4
2024-10-14 18:10:55.636679 Whiskey: Alpha, sending you 1
2024-10-14 18:10:55.637757 X-ray: Hotel, sending you 8
2024-10-14 18:10:55.638719 Foxtrot: Quebec, sending you 4
2024-10-14 18:10:55.639500 Romeo: Hotel, sending you 5
2024-10-14 18:10:55.640141 Quebec: Oscar, Foxtrot, Alpha and Kilo, sending you 4
2024-10-14 18:10:55.642661 Romeo: X-ray, sending you 3
2024-10-14 18:10:55.644687 Quebec: Whiskey, sending you 3
chatterbot Kilo submitting transactions
chatterbot Uniform submitting transactions
chatterbot Oscar submitting transactions
chatterbot Foxtrot submitting transactions
chatterbot Quebec submitting transactions
chatterbot Whiskey submitting transactions
chatterbot X-ray submitting transactions
chatterbot Romeo submitting transactions
chatterbot Hotel submitting transactions
chatterbot Alpha submitting transactions
ChatterBot Uniform round 12
ChatterBot Oscar round 12
ChatterBot Foxtrot round 12
ChatterBot Alpha round 12
ChatterBot Romeo round 12
ChatterBot Hotel round 12
ChatterBot Kilo round 12
ChatterBot Whiskey round 12
ChatterBot Quebec round 12
ChatterBot X-ray round 12
2024-10-14 18:10:56.785970 Uniform: Romeo, sending you 3
2024-10-14 18:10:56.788674 Uniform: Hotel, sending you 5
2024-10-14 18:10:56.792665 Uniform: X-ray, sending you 2
2024-10-14 18:10:56.793669 Foxtrot: Oscar, Alpha, Kilo and Whiskey, sending you 3
2024-10-14 18:10:56.795673 Oscar: Foxtrot, Alpha and Kilo, sending you 3
2024-10-14 18:10:56.796667 Kilo: Oscar, Foxtrot, Alpha and Whiskey, sending you 2
2024-10-14 18:10:56.797685 Foxtrot: Quebec, sending you 4
2024-10-14 18:10:56.799081 Whiskey: Oscar, sending you 3
2024-10-14 18:10:56.799790 Romeo: Uniform and X-ray, sending you 3
2024-10-14 18:10:56.800255 Oscar: Whiskey and Quebec, sending you 4
2024-10-14 18:10:56.800921 X-ray: Uniform, sending you 4
2024-10-14 18:10:56.801443 Hotel: Uniform and Romeo, sending you 5
2024-10-14 18:10:56.801914 Kilo: Quebec, sending you 4
2024-10-14 18:10:56.802800 Alpha: Oscar, Foxtrot, Kilo and Whiskey, sending you 2
2024-10-14 18:10:56.803748 Whiskey: Foxtrot, Kilo and Quebec, sending you 2
2024-10-14 18:10:56.804459 X-ray: Romeo, sending you 5
2024-10-14 18:10:56.804864 Romeo: Hotel, sending you 6
2024-10-14 18:10:56.805238 Hotel: X-ray, sending you 7
2024-10-14 18:10:56.806674 Whiskey: Alpha, sending you 1
2024-10-14 18:10:56.807958 Alpha: Quebec, sending you 4
2024-10-14 18:10:56.809686 X-ray: Hotel, sending you 8
2024-10-14 18:10:56.810697 Quebec: Oscar, Foxtrot, Alpha and Kilo, sending you 4
2024-10-14 18:10:56.813667 Quebec: Whiskey, sending you 3
chatterbot Hotel submitting transactions
chatterbot Quebec submitting transactions
chatterbot Whiskey submitting transactions
chatterbot Romeo submitting transactions
chatterbot Oscar submitting transactions
chatterbot Uniform submitting transactions
chatterbot X-ray submitting transactions
chatterbot Alpha submitting transactions
chatterbot Foxtrot submitting transactions
chatterbot Kilo submitting transactions
ChatterBot Uniform round 13
ChatterBot Oscar round 13
ChatterBot Foxtrot round 13
ChatterBot Alpha round 13
ChatterBot Romeo round 13
ChatterBot Hotel round 13
ChatterBot Kilo round 13
ChatterBot Whiskey round 13
ChatterBot Quebec round 13
ChatterBot X-ray round 13
2024-10-14 18:10:58.078665 Uniform: Romeo and X-ray, sending you 3
2024-10-14 18:10:58.081924 Foxtrot: Oscar, Alpha, Kilo and Whiskey, sending you 3
2024-10-14 18:10:58.082916 Alpha: Oscar, Foxtrot, Kilo and Whiskey, sending you 2
2024-10-14 18:10:58.083945 Uniform: Hotel, sending you 4
2024-10-14 18:10:58.086663 Foxtrot: Quebec, sending you 4
2024-10-14 18:10:58.087870 Alpha: Quebec, sending you 4
2024-10-14 18:10:58.088606 Oscar: Foxtrot, Alpha and Kilo, sending you 3
2024-10-14 18:10:58.089663 Romeo: Uniform and X-ray, sending you 3
2024-10-14 18:10:58.091419 Whiskey: Oscar, sending you 3
2024-10-14 18:10:58.092196 Kilo: Oscar, Foxtrot, Alpha and Whiskey, sending you 2
2024-10-14 18:10:58.092954 Hotel: Uniform and Romeo, sending you 5
2024-10-14 18:10:58.093441 Oscar: Whiskey and Quebec, sending you 4
2024-10-14 18:10:58.094243 Romeo: Hotel, sending you 6
2024-10-14 18:10:58.095123 Whiskey: Foxtrot, Kilo and Quebec, sending you 2
2024-10-14 18:10:58.096178 Hotel: X-ray, sending you 7
2024-10-14 18:10:58.097301 Kilo: Quebec, sending you 4
2024-10-14 18:10:58.098675 Whiskey: Alpha, sending you 1
2024-10-14 18:10:58.101663 Quebec: Oscar, Foxtrot, Alpha and Kilo, sending you 4
2024-10-14 18:10:58.103380 X-ray: Uniform, sending you 4
2024-10-14 18:10:58.106655 Quebec: Whiskey, sending you 3
2024-10-14 18:10:58.108024 X-ray: Romeo, sending you 5
2024-10-14 18:10:58.113673 X-ray: Hotel, sending you 8
chatterbot Whiskey submitting transactions
chatterbot Alpha submitting transactions
chatterbot Kilo submitting transactions
chatterbot Quebec submitting transactions
chatterbot Uniform submitting transactions
chatterbot Foxtrot submitting transactions
chatterbot Oscar submitting transactions
chatterbot Romeo submitting transactions
chatterbot X-ray submitting transactions
chatterbot Hotel submitting transactions
ChatterBot Uniform round 14
ChatterBot Oscar round 14
ChatterBot Foxtrot round 14
ChatterBot Alpha round 14
ChatterBot Romeo round 14
ChatterBot Hotel round 14
ChatterBot Kilo round 14
ChatterBot Whiskey round 14
ChatterBot Quebec round 14
ChatterBot X-ray round 14
2024-10-14 18:10:59.233727 Hotel: Uniform, sending you 5
2024-10-14 18:10:59.237660 Hotel: Romeo and X-ray, sending you 6
2024-10-14 18:10:59.239684 Uniform: Romeo and X-ray, sending you 3
2024-10-14 18:10:59.243680 Romeo: Uniform, sending you 3
2024-10-14 18:10:59.244249 Uniform: Hotel, sending you 4
2024-10-14 18:10:59.245106 Quebec: Oscar, Foxtrot, Alpha and Kilo, sending you 4
2024-10-14 18:10:59.246237 Oscar: Foxtrot, Alpha and Kilo, sending you 3
2024-10-14 18:10:59.248432 X-ray: Uniform, sending you 4
2024-10-14 18:10:59.249200 Kilo: Oscar, Foxtrot, Alpha and Whiskey, sending you 2
2024-10-14 18:10:59.250483 Romeo: Hotel, sending you 5
2024-10-14 18:10:59.251460 Quebec: Whiskey, sending you 3
2024-10-14 18:10:59.252682 Oscar: Whiskey and Quebec, sending you 4
2024-10-14 18:10:59.254496 X-ray: Romeo, sending you 5
2024-10-14 18:10:59.254946 Alpha: Oscar, Foxtrot, Kilo and Whiskey, sending you 2
2024-10-14 18:10:59.256076 Kilo: Quebec, sending you 4
2024-10-14 18:10:59.256756 Romeo: X-ray, sending you 4
2024-10-14 18:10:59.257325 Whiskey: Oscar, sending you 3
2024-10-14 18:10:59.258318 Foxtrot: Oscar, Alpha, Kilo and Whiskey, sending you 3
2024-10-14 18:10:59.259675 X-ray: Hotel, sending you 8
2024-10-14 18:10:59.260448 Alpha: Quebec, sending you 4
2024-10-14 18:10:59.261980 Whiskey: Foxtrot, Kilo and Quebec, sending you 2
2024-10-14 18:10:59.263991 Foxtrot: Quebec, sending you 4
2024-10-14 18:10:59.267675 Whiskey: Alpha, sending you 1
chatterbot Romeo submitting transactions
chatterbot Whiskey submitting transactions
chatterbot Alpha submitting transactions
chatterbot Quebec submitting transactions
chatterbot Uniform submitting transactions
chatterbot X-ray submitting transactions
chatterbot Hotel submitting transactions
chatterbot Foxtrot submitting transactions
chatterbot Kilo submitting transactions
chatterbot Oscar submitting transactions
ChatterBot Uniform round 15
ChatterBot Oscar round 15
ChatterBot Foxtrot round 15
ChatterBot Alpha round 15
ChatterBot Romeo round 15
ChatterBot Hotel round 15
ChatterBot Kilo round 15
ChatterBot Whiskey round 15
ChatterBot Quebec round 15
ChatterBot X-ray round 15
2024-10-14 18:11:00.443709 Foxtrot: Oscar, Alpha, Kilo and Whiskey, sending you 3
2024-10-14 18:11:00.446236 Romeo: Uniform, sending you 3
2024-10-14 18:11:00.449706 Romeo: Hotel, sending you 5
2024-10-14 18:11:00.451727 Foxtrot: Quebec, sending you 4
2024-10-14 18:11:00.454683 Uniform: Romeo and X-ray, sending you 3
2024-10-14 18:11:00.455519 Hotel: Uniform, sending you 5
2024-10-14 18:11:00.456597 Romeo: X-ray, sending you 4
2024-10-14 18:11:00.458466 Alpha: Oscar, Foxtrot, Kilo and Whiskey, sending you 2
2024-10-14 18:11:00.460426 Quebec: Oscar, Foxtrot, Alpha and Kilo, sending you 4
2024-10-14 18:11:00.462420 Oscar: Foxtrot, Alpha and Kilo, sending you 3
2024-10-14 18:11:00.464729 Kilo: Oscar, Foxtrot, Alpha and Whiskey, sending you 2
2024-10-14 18:11:00.465781 Uniform: Hotel, sending you 4
2024-10-14 18:11:00.466368 Hotel: Romeo and X-ray, sending you 6
2024-10-14 18:11:00.467715 Alpha: Quebec, sending you 4
2024-10-14 18:11:00.469708 Quebec: Whiskey, sending you 3
2024-10-14 18:11:00.471161 Oscar: Whiskey and Quebec, sending you 4
2024-10-14 18:11:00.474030 Kilo: Quebec, sending you 4
2024-10-14 18:11:00.476765 Whiskey: Oscar, sending you 3
2024-10-14 18:11:00.479302 X-ray: Uniform, sending you 4
2024-10-14 18:11:00.481658 Whiskey: Foxtrot, Kilo and Quebec, sending you 2
2024-10-14 18:11:00.483699 X-ray: Romeo, sending you 5
2024-10-14 18:11:00.485955 Whiskey: Alpha, sending you 1
2024-10-14 18:11:00.488535 X-ray: Hotel, sending you 8
chatterbot Alpha submitting transactions
chatterbot Hotel submitting transactions
chatterbot Uniform submitting transactions
chatterbot Romeo submitting transactions
chatterbot Whiskey submitting transactions
chatterbot Quebec submitting transactions
chatterbot X-ray submitting transactions
chatterbot Foxtrot submitting transactions
chatterbot Kilo submitting transactions
chatterbot Oscar submitting transactions
ChatterBot Uniform round 16
ChatterBot Oscar round 16
ChatterBot Foxtrot round 16
ChatterBot Alpha round 16
ChatterBot Romeo round 16
ChatterBot Hotel round 16
ChatterBot Kilo round 16
ChatterBot Whiskey round 16
ChatterBot Quebec round 16
ChatterBot X-ray round 16
2024-10-14 18:11:01.672675 Oscar: Foxtrot, Alpha and Kilo, sending you 3
2024-10-14 18:11:01.677664 Uniform: Romeo and X-ray, sending you 3
