ChatterBot Hotel round 1
ChatterBot November round 1
ChatterBot Kilo round 1
ChatterBot Juliett round 1
ChatterBot Papa round 1
ChatterBot Zulu round 1
ChatterBot Quebec round 1
ChatterBot Delta round 1
ChatterBot Romeo round 1
ChatterBot India round 1
randomSelections Kilo: {Kilo, Quebec, Hotel, Zulu, Papa} 
2024-10-14 18:10:41.148303 Kilo: Can we be friends?
ChatterBot Quebec reevaluating
ChatterBot Hotel reevaluating
ChatterBot Zulu reevaluating
ChatterBot Papa reevaluating
2024-10-14 18:10:41.186517 Quebec: Yes
2024-10-14 18:10:41.188006 Hotel: Yes
2024-10-14 18:10:41.188245 Zulu: Yes
2024-10-14 18:10:41.188781 Papa: Yes
ChatterBot Hotel reevaluating
ChatterBot Zulu reevaluating
ChatterBot Papa reevaluating
ChatterBot Quebec reevaluating
ChatterBot Zulu reevaluating
ChatterBot Papa reevaluating
ChatterBot Quebec reevaluating
ChatterBot Hotel reevaluating
ChatterBot Papa reevaluating
ChatterBot Quebec reevaluating
ChatterBot Hotel reevaluating
ChatterBot Zulu reevaluating
randomSelections Juliett: {Juliett, Delta, India, Quebec, Romeo, November, Zulu} 
2024-10-14 18:10:41.255254 Juliett: Let's form a team
ChatterBot Delta reevaluating
ChatterBot India reevaluating
ChatterBot Quebec reevaluating
ChatterBot Romeo reevaluating
ChatterBot November reevaluating
ChatterBot Zulu reevaluating
2024-10-14 18:10:41.273636 Delta: Yes
2024-10-14 18:10:41.273918 India: Yes
2024-10-14 18:10:41.274173 Quebec: No
2024-10-14 18:10:41.275030 Romeo: Yes
2024-10-14 18:10:41.275257 November: Yes
2024-10-14 18:10:41.275498 Zulu: No
ChatterBot India reevaluating
ChatterBot Quebec reevaluating
ChatterBot Romeo reevaluating
ChatterBot November reevaluating
ChatterBot Zulu reevaluating
ChatterBot Delta reevaluating
ChatterBot Quebec reevaluating
ChatterBot Romeo reevaluating
ChatterBot November reevaluating
ChatterBot Zulu reevaluating
ChatterBot Delta reevaluating
ChatterBot India reevaluating
ChatterBot Romeo reevaluating
ChatterBot November reevaluating
ChatterBot Zulu reevaluating
ChatterBot Delta reevaluating
ChatterBot India reevaluating
ChatterBot Quebec reevaluating
ChatterBot November reevaluating
ChatterBot Zulu reevaluating
ChatterBot Delta reevaluating
ChatterBot India reevaluating
ChatterBot Quebec reevaluating
ChatterBot Romeo reevaluating
ChatterBot Zulu reevaluating
ChatterBot Delta reevaluating
ChatterBot India reevaluating
ChatterBot Quebec reevaluating
ChatterBot Romeo reevaluating
ChatterBot November reevaluating
2024-10-14 18:10:41.399030 Kilo: Hotel and Zulu, sending you 2
2024-10-14 18:10:41.401172 Hotel: Kilo, sending you 6
2024-10-14 18:10:41.402298 Zulu: Hotel, sending you 2
2024-10-14 18:10:41.402700 Kilo: Papa, sending you 1
2024-10-14 18:10:41.405671 November: Zulu, sending you 3
2024-10-14 18:10:41.406671 Hotel: Papa, sending you 2
2024-10-14 18:10:41.407042 Zulu: Kilo, sending you 6
2024-10-14 18:10:41.410471 Quebec: Hotel and Kilo, sending you 2
2024-10-14 18:10:41.410879 Delta: November, sending you 2
2024-10-14 18:10:41.411358 Romeo: November and Juliett, sending you 2
2024-10-14 18:10:41.412430 November: Quebec and Romeo, sending you 1
2024-10-14 18:10:41.412945 Hotel: Zulu, sending you 4
2024-10-14 18:10:41.413403 Zulu: Papa and Quebec, sending you 4
2024-10-14 18:10:41.414488 Juliett: November and Quebec, sending you 2
2024-10-14 18:10:41.414970 Papa: Hotel, sending you 5
2024-10-14 18:10:41.415319 Delta: Juliett, Quebec, Romeo and India, sending you 1
2024-10-14 18:10:41.416318 Quebec: Papa, sending you 5
2024-10-14 18:10:41.416755 Romeo: Zulu and India, sending you 1
2024-10-14 18:10:41.417793 India: November, sending you 4
2024-10-14 18:10:41.418204 Hotel: Quebec, sending you 3
2024-10-14 18:10:41.419599 Juliett: Zulu and Romeo, sending you 1
2024-10-14 18:10:41.420050 Papa: Kilo, sending you 2
2024-10-14 18:10:41.420360 Quebec: Zulu, sending you 1
2024-10-14 18:10:41.423189 India: Juliett and Romeo, sending you 1
2024-10-14 18:10:41.423548 Romeo: Quebec, sending you 3
2024-10-14 18:10:41.425097 Papa: Zulu and Quebec, sending you 4
2024-10-14 18:10:41.426209 Juliett: Delta, sending you 4
2024-10-14 18:10:41.470991 India: Quebec, sending you 3
2024-10-14 18:10:41.471639 Romeo: Delta, sending you 4
2024-10-14 18:10:41.474788 India: Delta, sending you 2
chatterbot Quebec submitting transactions
chatterbot Kilo submitting transactions
chatterbot November submitting transactions
chatterbot Papa submitting transactions
chatterbot Hotel submitting transactions
chatterbot India submitting transactions
chatterbot Romeo submitting transactions
chatterbot Juliett submitting transactions
chatterbot Zulu submitting transactions
chatterbot Delta submitting transactions
ChatterBot Hotel round 2
ChatterBot November round 2
ChatterBot Kilo round 2
ChatterBot Juliett round 2
ChatterBot Papa round 2
ChatterBot Zulu round 2
ChatterBot Quebec round 2
ChatterBot Delta round 2
ChatterBot Romeo round 2
ChatterBot India round 2
2024-10-14 18:10:42.566066 Hotel: We should drop Kilo
ChatterBot Zulu reevaluating
ChatterBot Quebec reevaluating
2024-10-14 18:10:42.581346 Papa: No
2024-10-14 18:10:42.581570 Zulu: No
2024-10-14 18:10:42.581775 Quebec: Yes
ChatterBot Zulu reevaluating
ChatterBot Quebec reevaluating
ChatterBot Quebec reevaluating
ChatterBot Papa reevaluating
ChatterBot Zulu reevaluating
2024-10-14 18:10:42.619025 Zulu: We should add November
ChatterBot Quebec reevaluating
ChatterBot Hotel reevaluating
ChatterBot Papa reevaluating
2024-10-14 18:10:42.636267 Kilo: No
2024-10-14 18:10:42.636484 Quebec: No
2024-10-14 18:10:42.636655 Hotel: No
2024-10-14 18:10:42.636808 Papa: No
ChatterBot Quebec reevaluating
ChatterBot Hotel reevaluating
ChatterBot Zulu reevaluating
ChatterBot Papa reevaluating
ChatterBot Hotel reevaluating
ChatterBot Zulu reevaluating
ChatterBot Papa reevaluating
ChatterBot Quebec reevaluating
ChatterBot Zulu reevaluating
ChatterBot Papa reevaluating
ChatterBot Quebec reevaluating
ChatterBot Hotel reevaluating
ChatterBot Zulu reevaluating
2024-10-14 18:10:42.709591 Quebec: We should add India
2024-10-14 18:10:42.710389 Zulu: We should add Juliett
ChatterBot Hotel reevaluating
ChatterBot Zulu reevaluating
ChatterBot Papa reevaluating
2024-10-14 18:10:42.721502 Kilo: No
ChatterBot Quebec reevaluating
2024-10-14 18:10:42.729354 Hotel: No
ChatterBot Hotel reevaluating
2024-10-14 18:10:42.734608 Zulu: No
2024-10-14 18:10:42.734843 Papa: No
ChatterBot Papa reevaluating
2024-10-14 18:10:42.740 Kilo: No
2024-10-14 18:10:42.740572 Quebec: No
2024-10-14 18:10:42.740748 Hotel: No
2024-10-14 18:10:42.740903 Papa: No
ChatterBot Quebec reevaluating
ChatterBot Hotel reevaluating
ChatterBot Zulu reevaluating
ChatterBot Papa reevaluating
ChatterBot Quebec reevaluating
ChatterBot Zulu reevaluating
ChatterBot Papa reevaluating
ChatterBot Quebec reevaluating
ChatterBot Hotel reevaluating
ChatterBot Papa reevaluating
ChatterBot Quebec reevaluating
ChatterBot Hotel reevaluating
ChatterBot Zulu reevaluating
ChatterBot Quebec reevaluating
ChatterBot Hotel reevaluating
ChatterBot Zulu reevaluating
ChatterBot Papa reevaluating
ChatterBot Hotel reevaluating
ChatterBot Zulu reevaluating
ChatterBot Papa reevaluating
ChatterBot Quebec reevaluating
ChatterBot Zulu reevaluating
ChatterBot Papa reevaluating
ChatterBot Quebec reevaluating
ChatterBot Hotel reevaluating
ChatterBot Zulu reevaluating
2024-10-14 18:10:42.934533 November: We should drop Quebec and Zulu
2024-10-14 18:10:42.951480 Juliett: Yes
2024-10-14 18:10:42.952009 Delta: Yes
2024-10-14 18:10:42.952183 Romeo: Yes
2024-10-14 18:10:42.952355 India: Yes
2024-10-14 18:10:43.024688 Zulu: We should add Romeo
ChatterBot Hotel reevaluating
ChatterBot Papa reevaluating
2024-10-14 18:10:43.044200 Kilo: No
2024-10-14 18:10:43.044782 Quebec: No
2024-10-14 18:10:43.044969 Hotel: No
2024-10-14 18:10:43.045156 Papa: No
ChatterBot Quebec reevaluating
ChatterBot Hotel reevaluating
ChatterBot Zulu reevaluating
ChatterBot Papa reevaluating
ChatterBot Hotel reevaluating
ChatterBot Zulu reevaluating
ChatterBot Papa reevaluating
ChatterBot Quebec reevaluating
ChatterBot Zulu reevaluating
ChatterBot Papa reevaluating
ChatterBot Quebec reevaluating
ChatterBot Hotel reevaluating
ChatterBot Zulu reevaluating
2024-10-14 18:10:43.639032 Kilo: Hotel and Zulu, sending you 2
2024-10-14 18:10:43.640044 Zulu: India we want you to join our group
2024-10-14 18:10:43.642927 India: No
chatterbot Delta submitting transactions
chatterbot India submitting transactions
chatterbot Kilo submitting transactions
chatterbot Juliett submitting transactions
2024-10-14 18:10:43.656217 Kilo: Papa, sending you 1
2024-10-14 18:10:43.656908 November: Juliett, Delta and Romeo, sending you 1
2024-10-14 18:10:43.971711 Juliett: Delta, sending you 3
2024-10-14 18:10:43.972218 November: India, sending you 3
2024-10-14 18:10:43.973070 Quebec: Hotel and Zulu, sending you 3
2024-10-14 18:10:43.973578 Papa: Hotel, sending you 4
2024-10-14 18:10:44.254435 Juliett: Romeo, sending you 5
2024-10-14 18:10:44.256456 Quebec: Papa, sending you 4
2024-10-14 18:10:44.257681 Zulu: Hotel and Papa, sending you 5
2024-10-14 18:10:44.258271 Delta: November, sending you 2
2024-10-14 18:10:44.259444 Papa: Zulu and Quebec, sending you 6
2024-10-14 18:10:44.260761 Hotel: Papa, sending you 6
2024-10-14 18:10:44.261841 India: November and Juliett, sending you 2
2024-10-14 18:10:44.262571 Romeo: November, sending you 4
chatterbot Romeo submitting transactions
chatterbot Quebec submitting transactions
chatterbot November submitting transactions
chatterbot Hotel submitting transactions
2024-10-14 18:10:44.266075 Juliett: India, sending you 2
2024-10-14 18:10:44.267299 Delta: Juliett, sending you 4
2024-10-14 18:10:44.268801 Zulu: Kilo, sending you 4
2024-10-14 18:10:44.270024 Hotel: Zulu and Quebec, sending you 4
2024-10-14 18:10:44.270970 India: Delta, sending you 4
2024-10-14 18:10:44.272649 Romeo: Juliett, Delta and India, sending you 3
2024-10-14 18:10:44.274168 Delta: Romeo and India, sending you 3
2024-10-14 18:10:44.275435 Zulu: Quebec, sending you 3
2024-10-14 18:10:44.336839 India: Romeo, sending you 3
2024-10-14 18:10:44.337198 Zulu: India, sending you 2
chatterbot Zulu submitting transactions
chatterbot Papa submitting transactions
ChatterBot Hotel round 3
ChatterBot November round 3
ChatterBot Kilo round 3
ChatterBot Juliett round 3
ChatterBot Papa round 3
ChatterBot Zulu round 3
ChatterBot Quebec round 3
ChatterBot Delta round 3
ChatterBot Romeo round 3
ChatterBot India round 3
2024-10-14 18:10:44.997381 Zulu: We should drop India
2024-10-14 18:10:45.009078 Kilo: Yes
2024-10-14 18:10:45.009281 Quebec: Yes
2024-10-14 18:10:45.009421 Hotel: Yes
2024-10-14 18:10:45.009556 Papa: Yes
2024-10-14 18:10:45.166574 Hotel: Sending you each 5
2024-10-14 18:10:45.167460 Juliett: November, sending you 1
2024-10-14 18:10:45.167895 Papa: Hotel and Zulu, sending you 5
2024-10-14 18:10:45.168568 Delta: November, sending you 3
2024-10-14 18:10:45.168891 Kilo: Hotel, Papa and Quebec, sending you 1
2024-10-14 18:10:45.209829 Juliett: Delta, sending you 4
2024-10-14 18:10:45.210195 Zulu: Hotel, sending you 5
2024-10-14 18:10:45.210538 Papa: Quebec, sending you 6
2024-10-14 18:10:45.210789 Delta: Juliett, Romeo and India, sending you 4
2024-10-14 18:10:45.211407 Kilo: Zulu, sending you 2
2024-10-14 18:10:45.211774 Romeo: November, sending you 2
2024-10-14 18:10:45.212068 Quebec: Hotel and Zulu, sending you 3
chatterbot Hotel submitting transactions
2024-10-14 18:10:45.212912 Zulu: Kilo and Quebec, sending you 4
2024-10-14 18:10:45.254588 Juliett: Romeo, sending you 3
2024-10-14 18:10:45.255015 Romeo: Juliett, sending you 5
2024-10-14 18:10:45.255317 Quebec: Papa, sending you 4
2024-10-14 18:10:45.256054 Zulu: Papa, sending you 6
2024-10-14 18:10:45.266681 Juliett: India, sending you 2
2024-10-14 18:10:45.267210 Romeo: Delta and India, sending you 3
chatterbot November submitting transactions
chatterbot Romeo submitting transactions
chatterbot India submitting transactions
chatterbot Zulu submitting transactions
chatterbot Juliett submitting transactions
chatterbot Quebec submitting transactions
chatterbot Delta submitting transactions
chatterbot Papa submitting transactions
chatterbot Kilo submitting transactions
ChatterBot Hotel round 4
ChatterBot November round 4
ChatterBot Kilo round 4
ChatterBot Juliett round 4
ChatterBot Papa round 4
ChatterBot Zulu round 4
ChatterBot Quebec round 4
ChatterBot Delta round 4
ChatterBot Romeo round 4
ChatterBot India round 4
2024-10-14 18:10:45.983502 Quebec: We should add Kilo
2024-10-14 18:10:46.061222 Hotel: No
2024-10-14 18:10:46.062235 Papa: No
2024-10-14 18:10:46.062821 Zulu: Yes
ChatterBot Zulu reevaluating
ChatterBot Zulu reevaluating
ChatterBot Quebec reevaluating
ChatterBot Quebec reevaluating
2024-10-14 18:10:46.129772 Kilo: Hotel and Quebec, sending you 1
2024-10-14 18:10:46.131358 Papa: Sending you each 5
2024-10-14 18:10:46.132805 Hotel: Papa and Quebec, sending you 5
2024-10-14 18:10:46.134100 Kilo: Zulu, sending you 3
2024-10-14 18:10:46.136315 Hotel: Zulu, sending you 4
2024-10-14 18:10:46.137057 November: Sending you each 2
2024-10-14 18:10:46.138720 Juliett: November and India, sending you 1
2024-10-14 18:10:46.139692 Delta: November, sending you 3
2024-10-14 18:10:46.142684 Juliett: Delta and Romeo, sending you 4
2024-10-14 18:10:46.143675 Romeo: November, sending you 2
2024-10-14 18:10:46.146247 Delta: Juliett, Romeo and India, sending you 4
2024-10-14 18:10:46.147156 Quebec: Hotel and Papa, sending you 3
2024-10-14 18:10:46.148466 Romeo: Juliett and Delta, sending you 4
2024-10-14 18:10:46.151963 Quebec: Zulu, sending you 2
2024-10-14 18:10:46.153169 Romeo: India, sending you 3
2024-10-14 18:10:46.159009 India: November, sending you 2
2024-10-14 18:10:46.162660 India: Juliett, Delta and Romeo, sending you 3
chatterbot Hotel submitting transactions
chatterbot Quebec submitting transactions
chatterbot Delta submitting transactions
chatterbot November submitting transactions
chatterbot Zulu submitting transactions
chatterbot India submitting transactions
chatterbot Kilo submitting transactions
chatterbot Juliett submitting transactions
chatterbot Papa submitting transactions
chatterbot Romeo submitting transactions
ChatterBot Hotel round 5
ChatterBot November round 5
ChatterBot Kilo round 5
ChatterBot Juliett round 5
ChatterBot Papa round 5
ChatterBot Zulu round 5
ChatterBot Quebec round 5
ChatterBot Delta round 5
ChatterBot Romeo round 5
ChatterBot India round 5
2024-10-14 18:10:47.362650 Romeo: November, sending you 2
2024-10-14 18:10:47.367667 Romeo: Juliett and Delta, sending you 4
2024-10-14 18:10:47.369014 Kilo: Hotel and Quebec, sending you 1
2024-10-14 18:10:47.369696 Hotel: Papa, sending you 6
2024-10-14 18:10:47.370690 Delta: November, sending you 3
2024-10-14 18:10:47.371704 Papa: Hotel and Quebec, sending you 6
2024-10-14 18:10:47.372294 Kilo: Zulu, sending you 3
2024-10-14 18:10:47.372804 Romeo: India, sending you 3
2024-10-14 18:10:47.373220 Juliett: November, sending you 1
2024-10-14 18:10:47.374020 November: Same as last round
2024-10-14 18:10:47.374464 Delta: Juliett, Romeo and India, sending you 4
2024-10-14 18:10:47.374887 Hotel: Zulu, sending you 4
2024-10-14 18:10:47.375679 Papa: Zulu, sending you 4
2024-10-14 18:10:47.376365 Juliett: Delta, sending you 4
2024-10-14 18:10:47.377681 Quebec: Hotel and Papa, sending you 3
2024-10-14 18:10:47.378061 Hotel: Quebec, sending you 5
2024-10-14 18:10:47.380678 Juliett: Romeo, sending you 3
2024-10-14 18:10:47.381446 India: November, Delta and Romeo, sending you 3
2024-10-14 18:10:47.382660 Quebec: Zulu, sending you 1
2024-10-14 18:10:47.385673 Juliett: India, sending you 2
2024-10-14 18:10:47.386658 India: Juliett, sending you 2
2024-10-14 18:10:47.387075 India: I was attacked by Quebec
ChatterBot November reevaluating
ChatterBot Juliett reevaluating
ChatterBot Delta reevaluating
ChatterBot Romeo reevaluating
2024-10-14 18:10:47.402276 India: Ow
chatterbot Hotel submitting transactions
chatterbot Delta submitting transactions
chatterbot Zulu submitting transactions
chatterbot India submitting transactions
chatterbot Papa submitting transactions
chatterbot Quebec submitting transactions
chatterbot November submitting transactions
chatterbot Romeo submitting transactions
chatterbot Kilo submitting transactions
chatterbot Juliett submitting transactions
ChatterBot Hotel round 6
ChatterBot November round 6
ChatterBot Kilo round 6
ChatterBot Juliett round 6
ChatterBot Papa round 6
ChatterBot Zulu round 6
ChatterBot Quebec round 6
ChatterBot Delta round 6
ChatterBot Romeo round 6
ChatterBot India round 6
2024-10-14 18:10:48.585662 Hotel: Papa, sending you 6
2024-10-14 18:10:48.590670 Hotel: Zulu, sending you 4
2024-10-14 18:10:48.591673 November: Same as last round
2024-10-14 18:10:48.592658 Papa: Hotel and Quebec, sending you 6
2024-10-14 18:10:48.595646 Hotel: Quebec, sending you 5
2024-10-14 18:10:48.596692 Juliett: November and India, sending you 2
2024-10-14 18:10:48.597664 Papa: Zulu, sending you 4
2024-10-14 18:10:48.598032 Romeo: November, sending you 2
2024-10-14 18:10:48.599655 Quebec: Hotel and Papa, sending you 4
2024-10-14 18:10:48.600668 Kilo: Hotel and Quebec, sending you 1
2024-10-14 18:10:48.601095 Romeo: Juliett and Delta, sending you 4
2024-10-14 18:10:48.601684 Juliett: Delta and Romeo, sending you 3
2024-10-14 18:10:48.602656 India: November, Delta and Romeo, sending you 3
2024-10-14 18:10:48.603676 Quebec: Zulu, sending you 2
2024-10-14 18:10:48.603995 Kilo: Zulu, sending you 3
2024-10-14 18:10:48.605665 Romeo: India, sending you 3
2024-10-14 18:10:48.606642 India: Juliett, sending you 2
2024-10-14 18:10:48.606972 India: I was attacked by Quebec
ChatterBot November reevaluating
ChatterBot Juliett reevaluating
ChatterBot Delta reevaluating
ChatterBot Romeo reevaluating
2024-10-14 18:10:48.618781 India: Ow
2024-10-14 18:10:48.640653 Delta: November, sending you 3
2024-10-14 18:10:48.643665 Delta: Juliett, Romeo and India, sending you 4
chatterbot Quebec submitting transactions
chatterbot Romeo submitting transactions
chatterbot November submitting transactions
chatterbot Kilo submitting transactions
chatterbot Zulu submitting transactions
chatterbot Hotel submitting transactions
chatterbot Juliett submitting transactions
chatterbot Delta submitting transactions
chatterbot Papa submitting transactions
chatterbot India submitting transactions
ChatterBot Hotel round 7
ChatterBot November round 7
ChatterBot Kilo round 7
ChatterBot Juliett round 7
ChatterBot Papa round 7
ChatterBot Zulu round 7
ChatterBot Quebec round 7
ChatterBot Delta round 7
2024-10-14 18:10:49.661112 Hotel: We should replace Zulu with Kilo
ChatterBot Papa reevaluating
ChatterBot Quebec reevaluating
2024-10-14 18:10:49.666878 Papa: Yes
2024-10-14 18:10:49.667001 Quebec: No
ChatterBot Hotel reevaluating
ChatterBot Quebec reevaluating
ChatterBot Hotel reevaluating
ChatterBot Papa reevaluating
2024-10-14 18:10:49.678914 Quebec: We should add Kilo
ChatterBot Hotel reevaluating
ChatterBot Papa reevaluating
2024-10-14 18:10:49.690569 Hotel: Yes
2024-10-14 18:10:49.690729 Papa: Yes
2024-10-14 18:10:49.690859 Zulu: Yes
ChatterBot Papa reevaluating
ChatterBot Quebec reevaluating
ChatterBot Hotel reevaluating
ChatterBot Quebec reevaluating
ChatterBot Hotel reevaluating
ChatterBot Papa reevaluating
ChatterBot Quebec reevaluating
ChatterBot Romeo round 7
ChatterBot India round 7
2024-10-14 18:10:49.736850 India: We should add Kilo
2024-10-14 18:10:49.744645 November: No
2024-10-14 18:10:49.744800 Juliett: No
2024-10-14 18:10:49.744916 Delta: No
2024-10-14 18:10:49.745038 Romeo: No
ChatterBot India reevaluating
ChatterBot India reevaluating
ChatterBot India reevaluating
ChatterBot India reevaluating
2024-10-14 18:10:49.779893 Quebec: Kilo we want you to join our group
2024-10-14 18:10:49.782543 Kilo: Yes
ChatterBot Hotel reevaluating
ChatterBot Papa reevaluating
2024-10-14 18:10:49.794667 Delta: November, sending you 3
2024-10-14 18:10:49.795139 November: Juliett, Romeo and India, sending you 2
2024-10-14 18:10:49.798660 Delta: Juliett, Romeo and India, sending you 4
2024-10-14 18:10:49.799690 November: Delta, sending you 3
2024-10-14 18:10:49.800732 Papa: Kilo we want you to join our group
2024-10-14 18:10:49.803862 Kilo: Yes
ChatterBot Hotel reevaluating
2024-10-14 18:10:49.813146 Juliett: November and India, sending you 2
2024-10-14 18:10:49.813607 Quebec: Hotel and Papa, sending you 4
2024-10-14 18:10:49.814084 Romeo: November, sending you 2
2024-10-14 18:10:49.815817 Kilo: Hotel and Quebec, sending you 1
2024-10-14 18:10:49.816304 Juliett: Delta and Romeo, sending you 3
2024-10-14 18:10:49.816718 Quebec: Kilo and Zulu, sending you 1
2024-10-14 18:10:49.817683 Romeo: Juliett and Delta, sending you 4
2024-10-14 18:10:49.818660 Kilo: Zulu, sending you 3
2024-10-14 18:10:49.819666 Hotel: Kilo we want you to join our group
2024-10-14 18:10:49.823431 Kilo: Yes
ChatterBot Hotel reevaluating
2024-10-14 18:10:49.834845 Romeo: India, sending you 3
2024-10-14 18:10:49.839667 Papa: Hotel, sending you 7
2024-10-14 18:10:49.844668 Papa: Kilo, sending you 3
2024-10-14 18:10:49.848692 Papa: Quebec, sending you 6
2024-10-14 18:10:49.871655 Hotel: Kilo, sending you 4
2024-10-14 18:10:49.876654 Hotel: Papa, sending you 6
2024-10-14 18:10:49.879673 Hotel: Quebec, sending you 5
chatterbot Juliett submitting transactions
chatterbot Hotel submitting transactions
chatterbot Kilo submitting transactions
chatterbot India submitting transactions
chatterbot Delta submitting transactions
chatterbot Zulu submitting transactions
chatterbot Romeo submitting transactions
chatterbot Papa submitting transactions
chatterbot November submitting transactions
chatterbot Quebec submitting transactions
ChatterBot Hotel round 8
ChatterBot November round 8
ChatterBot Kilo round 8
ChatterBot Juliett round 8
ChatterBot Papa round 8
ChatterBot Zulu round 8
ChatterBot Quebec round 8
ChatterBot Delta round 8
ChatterBot Romeo round 8
ChatterBot India round 8
2024-10-14 18:10:50.970506 Papa: I was attacked by India
ChatterBot Hotel reevaluating
ChatterBot Kilo reevaluating
ChatterBot Quebec reevaluating
2024-10-14 18:10:50.978841 Papa: I'm keeping this round to protect myself
2024-10-14 18:10:50.979513 Papa: Ow
2024-10-14 18:10:50.983659 November: Sending you each 2
2024-10-14 18:10:50.990656 Juliett: November and India, sending you 2
2024-10-14 18:10:50.993664 India: November, Delta and Romeo, sending you 3
2024-10-14 18:10:50.994671 Juliett: Delta and Romeo, sending you 3
2024-10-14 18:10:50.995658 Delta: November, Juliett and Romeo, sending you 4
2024-10-14 18:10:50.996661 India: Juliett, sending you 2
2024-10-14 18:10:50.997652 Romeo: November, sending you 2
2024-10-14 18:10:50.998659 Quebec: Hotel and Papa, sending you 4
2024-10-14 18:10:51.000655 Delta: India, sending you 3
2024-10-14 18:10:51.001053 Romeo: Juliett and Delta, sending you 4
2024-10-14 18:10:51.002646 Quebec: Kilo and Zulu, sending you 1
2024-10-14 18:10:51.003665 Hotel: Kilo, sending you 4
2024-10-14 18:10:51.005684 Romeo: India, sending you 3
2024-10-14 18:10:51.008673 Kilo: Hotel, sending you 1
2024-10-14 18:10:51.009756 Hotel: Papa and Quebec, sending you 5
chatterbot Juliett submitting transactions
chatterbot Hotel submitting transactions
chatterbot Zulu submitting transactions
chatterbot Kilo submitting transactions
chatterbot Romeo submitting transactions
chatterbot Delta submitting transactions
chatterbot India submitting transactions
chatterbot Papa submitting transactions
chatterbot November submitting transactions
chatterbot Quebec submitting transactions
ChatterBot Hotel round 9
ChatterBot November round 9
ChatterBot Kilo round 9
ChatterBot Juliett round 9
ChatterBot Papa round 9
ChatterBot Zulu round 9
ChatterBot Quebec round 9
ChatterBot Delta round 9
ChatterBot Romeo round 9
ChatterBot India round 9
2024-10-14 18:10:52.248493 Quebec: We should drop Zulu
2024-10-14 18:10:52.257717 Papa: Yes
2024-10-14 18:10:52.257954 Hotel: Yes
2024-10-14 18:10:52.258145 Kilo: No
ChatterBot Kilo reevaluating
2024-10-14 18:10:52.284246 Hotel: Kilo, sending you 4
2024-10-14 18:10:52.286701 Juliett: November and India, sending you 2
2024-10-14 18:10:52.287678 Hotel: Papa, sending you 5
2024-10-14 18:10:52.288054 Zulu: Sending you each 2
2024-10-14 18:10:52.289351 November: Juliett, Romeo and India, sending you 2
2024-10-14 18:10:52.290164 Juliett: Delta and Romeo, sending you 3
2024-10-14 18:10:52.290920 Hotel: Quebec, sending you 6
2024-10-14 18:10:52.292671 November: Delta, sending you 3
2024-10-14 18:10:52.296684 Quebec: Hotel and Papa, sending you 2
2024-10-14 18:10:52.299659 Delta: November, sending you 3
2024-10-14 18:10:52.300704 India: November, Delta and Romeo, sending you 3
2024-10-14 18:10:52.303678 Delta: Juliett, Romeo and India, sending you 4
2024-10-14 18:10:52.304209 Romeo: November, sending you 2
2024-10-14 18:10:52.304671 India: Juliett, sending you 2
2024-10-14 18:10:52.305855 India: I was attacked by Kilo
ChatterBot November reevaluating
ChatterBot Juliett reevaluating
ChatterBot Delta reevaluating
ChatterBot Romeo reevaluating
2024-10-14 18:10:52.325130 India: Ow
2024-10-14 18:10:52.327003 Kilo: Hotel, sending you 3
2024-10-14 18:10:52.330705 Kilo: Papa and Quebec, sending you 1
chatterbot Papa submitting transactions
chatterbot India submitting transactions
chatterbot Hotel submitting transactions
chatterbot Quebec submitting transactions
chatterbot Delta submitting transactions
chatterbot Juliett submitting transactions
chatterbot November submitting transactions
chatterbot Zulu submitting transactions
chatterbot Kilo submitting transactions
chatterbot Romeo submitting transactions
ChatterBot Hotel round 10
ChatterBot November round 10
ChatterBot Kilo round 10
ChatterBot Juliett round 10
ChatterBot Papa round 10
ChatterBot Zulu round 10
ChatterBot Quebec round 10
ChatterBot Delta round 10
ChatterBot Romeo round 10
ChatterBot India round 10
2024-10-14 18:10:53.646670 Papa: Hotel, sending you 5
2024-10-14 18:10:53.648700 Hotel: Kilo, sending you 4
2024-10-14 18:10:53.650274 Juliett: November and India, sending you 2
2024-10-14 18:10:53.652695 Papa: Kilo, sending you 2
2024-10-14 18:10:53.654099 Hotel: Papa, sending you 5
2024-10-14 18:10:53.654941 Delta: November, sending you 3
2024-10-14 18:10:53.656381 Juliett: Delta and Romeo, sending you 3
2024-10-14 18:10:53.657678 November: Delta and India, sending you 1
2024-10-14 18:10:53.659059 Quebec: Hotel, sending you 5
2024-10-14 18:10:53.659770 Papa: Quebec, sending you 4
2024-10-14 18:10:53.661206 Hotel: Quebec, sending you 6
2024-10-14 18:10:53.662159 Zulu: Sending you each 3
2024-10-14 18:10:53.663623 India: I was attacked by Quebec
ChatterBot November reevaluating
ChatterBot Juliett reevaluating
ChatterBot Delta reevaluating
ChatterBot Romeo reevaluating
2024-10-14 18:10:53.683426 India: Ow
2024-10-14 18:10:53.685063 Quebec: Kilo, sending you 1
2024-10-14 18:10:53.685730 Kilo: Hotel, sending you 3
2024-10-14 18:10:53.689664 Quebec: Papa, sending you 4
2024-10-14 18:10:53.691026 Kilo: Papa and Quebec, sending you 1
chatterbot Juliett submitting transactions
chatterbot Romeo submitting transactions
chatterbot Kilo submitting transactions
chatterbot Delta submitting transactions
chatterbot Hotel submitting transactions
chatterbot India submitting transactions
chatterbot November submitting transactions
chatterbot Zulu submitting transactions
chatterbot Quebec submitting transactions
chatterbot Papa submitting transactions
ChatterBot Hotel round 11
ChatterBot November round 11
ChatterBot Kilo round 11
ChatterBot Juliett round 11
ChatterBot Papa round 11
ChatterBot Zulu round 11
ChatterBot Quebec round 11
ChatterBot Delta round 11
ChatterBot Romeo round 11
2024-10-14 18:10:54.857431 Zulu: We should add November
ChatterBot Kilo reevaluating
2024-10-14 18:10:54.878993 Kilo: No
2024-10-14 18:10:54.879255 Quebec: No
2024-10-14 18:10:54.879625 Hotel: No
2024-10-14 18:10:54.879879 Papa: No
ChatterBot Zulu reevaluating
ChatterBot Kilo reevaluating
ChatterBot Zulu reevaluating
ChatterBot Kilo reevaluating
ChatterBot Zulu reevaluating
ChatterBot Kilo reevaluating
ChatterBot Zulu reevaluating
2024-10-14 18:10:54.933909 Kilo: We should add Zulu
2024-10-14 18:10:54.942306 Papa: No
2024-10-14 18:10:54.942481 Hotel: No
2024-10-14 18:10:54.942700 Quebec: No
ChatterBot Kilo reevaluating
ChatterBot Kilo reevaluating
ChatterBot Kilo reevaluating
ChatterBot India round 11
2024-10-14 18:10:55.006932 Zulu: We should add Delta
ChatterBot Kilo reevaluating
2024-10-14 18:10:55.026552 Kilo: No
2024-10-14 18:10:55.027004 Quebec: No
2024-10-14 18:10:55.027331 Hotel: No
2024-10-14 18:10:55.028222 Papa: No
ChatterBot Zulu reevaluating
ChatterBot Kilo reevaluating
ChatterBot Zulu reevaluating
ChatterBot Kilo reevaluating
ChatterBot Zulu reevaluating
ChatterBot Kilo reevaluating
ChatterBot Zulu reevaluating
2024-10-14 18:10:55.067356 Zulu: We should add Juliett
ChatterBot Kilo reevaluating
2024-10-14 18:10:55.076643 Kilo: No
2024-10-14 18:10:55.076769 Quebec: No
2024-10-14 18:10:55.076871 Hotel: No
2024-10-14 18:10:55.076961 Papa: No
ChatterBot Zulu reevaluating
ChatterBot Kilo reevaluating
ChatterBot Zulu reevaluating
ChatterBot Kilo reevaluating
ChatterBot Zulu reevaluating
ChatterBot Kilo reevaluating
ChatterBot Zulu reevaluating
2024-10-14 18:10:55.121383 Hotel: I was attacked by November and India
ChatterBot Papa reevaluating
ChatterBot Kilo reevaluating
ChatterBot Quebec reevaluating
2024-10-14 18:10:55.130428 Hotel: I'm keeping this round to protect myself
2024-10-14 18:10:55.131545 Hotel: Ow
2024-10-14 18:10:55.136454 Kilo: Zulu we want you to join our group
ChatterBot Zulu reevaluating
2024-10-14 18:10:55.141630 Zulu: Yes
ChatterBot Quebec reevaluating
ChatterBot Hotel reevaluating
ChatterBot Papa reevaluating
2024-10-14 18:10:55.165263 Hotel: We should replace Quebec with Zulu
2024-10-14 18:10:55.165623 Papa: We should replace Quebec with Zulu
ChatterBot Kilo reevaluating
ChatterBot Papa reevaluating
ChatterBot Hotel reevaluating
2024-10-14 18:10:55.179804 Kilo: Yes
ChatterBot Kilo reevaluating
2024-10-14 18:10:55.185243 Papa: Yes
2024-10-14 18:10:55.185465 Hotel: Yes
2024-10-14 18:10:55.185637 Kilo: Yes
ChatterBot Hotel reevaluating
ChatterBot Papa reevaluating
ChatterBot Hotel reevaluating
ChatterBot Kilo reevaluating
ChatterBot Kilo reevaluating
ChatterBot Papa reevaluating
ChatterBot Hotel reevaluating
ChatterBot Papa reevaluating
2024-10-14 18:10:55.223303 November: Juliett, Romeo and India, sending you 2
2024-10-14 18:10:55.224121 Juliett: November and India, sending you 2
2024-10-14 18:10:55.224909 Quebec: Zulu we want you to join our group
ChatterBot Zulu reevaluating
2024-10-14 18:10:55.229151 Zulu: Yes
ChatterBot Kilo reevaluating
ChatterBot Quebec reevaluating
ChatterBot Hotel reevaluating
ChatterBot Papa reevaluating
2024-10-14 18:10:55.247419 Zulu: We should add India
ChatterBot Kilo reevaluating
ChatterBot Quebec reevaluating
ChatterBot Hotel reevaluating
ChatterBot Papa reevaluating
2024-10-14 18:10:55.264358 Kilo: No
2024-10-14 18:10:55.264585 Quebec: No
2024-10-14 18:10:55.265241 Hotel: No
2024-10-14 18:10:55.265434 Papa: No
ChatterBot Quebec reevaluating
ChatterBot Hotel reevaluating
ChatterBot Zulu reevaluating
ChatterBot Papa reevaluating
ChatterBot Kilo reevaluating
ChatterBot Hotel reevaluating
ChatterBot Zulu reevaluating
ChatterBot Papa reevaluating
ChatterBot Kilo reevaluating
ChatterBot Quebec reevaluating
ChatterBot Zulu reevaluating
ChatterBot Papa reevaluating
ChatterBot Kilo reevaluating
ChatterBot Quebec reevaluating
ChatterBot Hotel reevaluating
ChatterBot Zulu reevaluating
2024-10-14 18:10:55.338100 November: Delta, sending you 4
2024-10-14 18:10:55.339097 Delta: November and India, sending you 3
2024-10-14 18:10:55.340810 Juliett: Delta and Romeo, sending you 3
2024-10-14 18:10:55.341746 India: November, sending you 2
2024-10-14 18:10:55.344734 Delta: Juliett, sending you 4
2024-10-14 18:10:55.346709 India: Juliett, Delta and Romeo, sending you 3
2024-10-14 18:10:55.348714 Delta: Romeo, sending you 5
2024-10-14 18:10:55.356946 Kilo: Hotel and Zulu, sending you 2
2024-10-14 18:10:55.358715 Papa: Hotel, sending you 4
2024-10-14 18:10:55.360226 Kilo: Papa, sending you 1
2024-10-14 18:10:55.362948 Papa: Kilo, sending you 3
2024-10-14 18:10:55.368057 Zulu: Hotel, Kilo and Papa, sending you 5
2024-10-14 18:10:55.368848 Papa: Zulu, sending you 5
2024-10-14 18:10:55.371671 Zulu: Quebec, sending you 4
2024-10-14 18:10:55.377676 Quebec: Hotel, sending you 4
2024-10-14 18:10:55.382656 Quebec: Kilo, sending you 1
2024-10-14 18:10:55.385700 Quebec: Papa, sending you 3
2024-10-14 18:10:55.389662 Quebec: Zulu, sending you 2
chatterbot Hotel submitting transactions
chatterbot Delta submitting transactions
chatterbot Zulu submitting transactions
chatterbot Quebec submitting transactions
chatterbot India submitting transactions
chatterbot Hotel submitting transactions
chatterbot November submitting transactions
chatterbot Juliett submitting transactions
chatterbot Romeo submitting transactions
chatterbot Kilo submitting transactions
chatterbot Papa submitting transactions
ChatterBot Hotel round 12
ChatterBot November round 12
ChatterBot Kilo round 12
ChatterBot Juliett round 12
ChatterBot Papa round 12
ChatterBot Zulu round 12
ChatterBot Quebec round 12
ChatterBot Delta round 12
2024-10-14 18:10:56.405910 Zulu: We should add Romeo
2024-10-14 18:10:56.426912 Kilo: No
2024-10-14 18:10:56.428126 Quebec: No
2024-10-14 18:10:56.428545 Hotel: No
2024-10-14 18:10:56.429010 Papa: No
ChatterBot Zulu reevaluating
ChatterBot Zulu reevaluating
ChatterBot Zulu reevaluating
ChatterBot Zulu reevaluating
ChatterBot Romeo round 12
ChatterBot India round 12
2024-10-14 18:10:56.499474 Zulu: We should add Juliett
2024-10-14 18:10:56.509261 Kilo: No
2024-10-14 18:10:56.509440 Quebec: No
2024-10-14 18:10:56.509567 Hotel: No
2024-10-14 18:10:56.509698 Papa: No
ChatterBot Zulu reevaluating
ChatterBot Zulu reevaluating
ChatterBot Zulu reevaluating
ChatterBot Zulu reevaluating
2024-10-14 18:10:56.574667 Papa: Hotel and Zulu, sending you 6
2024-10-14 18:10:56.575912 November: Juliett, Romeo and India, sending you 2
2024-10-14 18:10:56.577660 Papa: Kilo, sending you 3
2024-10-14 18:10:56.578674 Quebec: Hotel, sending you 4
2024-10-14 18:10:56.580049 Delta: November, Juliett and Romeo, sending you 4
2024-10-14 18:10:56.580745 November: Delta, sending you 4
2024-10-14 18:10:56.581689 Quebec: Kilo, sending you 1
2024-10-14 18:10:56.582673 Zulu: Hotel, sending you 4
2024-10-14 18:10:56.584676 Delta: India, sending you 3
2024-10-14 18:10:56.585238 Kilo: Hotel and Zulu, sending you 2
2024-10-14 18:10:56.585674 Juliett: November and India, sending you 2
2024-10-14 18:10:56.586391 India: November, Delta and Romeo, sending you 3
2024-10-14 18:10:56.587022 Quebec: Papa, sending you 3
2024-10-14 18:10:56.588015 Zulu: Kilo, Papa and Quebec, sending you 5
2024-10-14 18:10:56.588774 Kilo: Papa, sending you 1
2024-10-14 18:10:56.589686 Juliett: Delta and Romeo, sending you 3
2024-10-14 18:10:56.590281 India: Juliett, sending you 2
2024-10-14 18:10:56.591235 Quebec: Zulu, sending you 2
chatterbot Quebec submitting transactions
chatterbot Zulu submitting transactions
chatterbot Papa submitting transactions
chatterbot India submitting transactions
chatterbot Kilo submitting transactions
chatterbot Hotel submitting transactions
chatterbot Romeo submitting transactions
chatterbot November submitting transactions
chatterbot Delta submitting transactions
chatterbot Juliett submitting transactions
ChatterBot Hotel round 13
ChatterBot November round 13
ChatterBot Kilo round 13
ChatterBot Juliett round 13
ChatterBot Papa round 13
ChatterBot Zulu round 13
ChatterBot Quebec round 13
ChatterBot Delta round 13
ChatterBot Romeo round 13
ChatterBot India round 13
2024-10-14 18:10:57.740146 Papa: We should add Quebec
ChatterBot Kilo reevaluating
2024-10-14 18:10:57.750149 Kilo: Yes
2024-10-14 18:10:57.750371 Hotel: No
2024-10-14 18:10:57.750523 Zulu: Yes
ChatterBot Papa reevaluating
ChatterBot Kilo reevaluating
ChatterBot Papa reevaluating
ChatterBot Kilo reevaluating
ChatterBot Papa reevaluating
2024-10-14 18:10:57.880725 November: Juliett, sending you 2
2024-10-14 18:10:57.886701 November: Delta, Romeo and India, sending you 3
2024-10-14 18:10:57.888676 Delta: November, Juliett and Romeo, sending you 4
2024-10-14 18:10:57.890261 Juliett: November and India, sending you 2
2024-10-14 18:10:57.893716 Delta: India, sending you 3
2024-10-14 18:10:57.895687 Juliett: Delta and Romeo, sending you 3
2024-10-14 18:10:57.897209 Quebec: Hotel, Papa and Zulu, sending you 3
2024-10-14 18:10:57.898277 Zulu: Hotel, sending you 3
2024-10-14 18:10:57.899676 India: November, Delta and Romeo, sending you 3
2024-10-14 18:10:57.900634 Quebec: Kilo, sending you 1
2024-10-14 18:10:57.902715 India: Juliett, sending you 2
2024-10-14 18:10:57.904083 Papa: Hotel and Zulu, sending you 6
2024-10-14 18:10:57.905471 Zulu: Kilo and Quebec, sending you 5
2024-10-14 18:10:57.910282 Papa: Kilo, sending you 4
2024-10-14 18:10:57.911051 Zulu: Papa, sending you 6
chatterbot Quebec submitting transactions
chatterbot November submitting transactions
chatterbot Kilo submitting transactions
chatterbot Zulu submitting transactions
chatterbot Romeo submitting transactions
chatterbot Juliett submitting transactions
chatterbot India submitting transactions
chatterbot Hotel submitting transactions
chatterbot Delta submitting transactions
chatterbot Papa submitting transactions
ChatterBot Hotel round 14
ChatterBot November round 14
ChatterBot Kilo round 14
ChatterBot Juliett round 14
ChatterBot Papa round 14
ChatterBot Zulu round 14
2024-10-14 18:10:59.011548 Hotel: We should replace Kilo with Quebec
ChatterBot Papa reevaluating
2024-10-14 18:10:59.018591 Papa: Yes
2024-10-14 18:10:59.018759 Zulu: No
ChatterBot Papa reevaluating
ChatterBot Quebec round 14
2024-10-14 18:10:59.031854 Kilo: We should add Quebec
ChatterBot Papa reevaluating
2024-10-14 18:10:59.039457 Hotel: Yes
2024-10-14 18:10:59.039594 Papa: Yes
2024-10-14 18:10:59.039703 Zulu: Yes
ChatterBot Kilo reevaluating
ChatterBot Papa reevaluating
ChatterBot Kilo reevaluating
ChatterBot Kilo reevaluating
ChatterBot Papa reevaluating
ChatterBot Delta round 14
ChatterBot Romeo round 14
ChatterBot India round 14
2024-10-14 18:10:59.071245 Zulu: We should add Juliett
ChatterBot Kilo reevaluating
ChatterBot Papa reevaluating
2024-10-14 18:10:59.081263 Kilo: No
2024-10-14 18:10:59.081408 Quebec: No
2024-10-14 18:10:59.081587 Hotel: No
2024-10-14 18:10:59.081778 Papa: No
ChatterBot Zulu reevaluating
ChatterBot Papa reevaluating
ChatterBot Kilo reevaluating
ChatterBot Zulu reevaluating
ChatterBot Papa reevaluating
ChatterBot Kilo reevaluating
ChatterBot Zulu reevaluating
ChatterBot Papa reevaluating
ChatterBot Kilo reevaluating
ChatterBot Zulu reevaluating
2024-10-14 18:10:59.129172 Hotel: Quebec we want you to join our group
2024-10-14 18:10:59.132519 Quebec: Yes
ChatterBot Papa reevaluating
ChatterBot Zulu reevaluating
2024-10-14 18:10:59.154609 Kilo: Quebec we want you to join our group
2024-10-14 18:10:59.158033 Quebec: Yes
ChatterBot Kilo reevaluating
ChatterBot Zulu reevaluating
2024-10-14 18:10:59.173249 Juliett: November and India, sending you 2
2024-10-14 18:10:59.176692 Juliett: Delta and Romeo, sending you 3
2024-10-14 18:10:59.177782 November: Juliett, sending you 2
2024-10-14 18:10:59.179676 Quebec: Hotel, sending you 3
2024-10-14 18:10:59.181597 Papa: Hotel and Zulu, sending you 5
2024-10-14 18:10:59.183813 Quebec: Kilo, sending you 1
2024-10-14 18:10:59.184880 November: Delta, Romeo and India, sending you 3
2024-10-14 18:10:59.186754 Papa: Quebec, sending you 6
2024-10-14 18:10:59.188952 Quebec: Papa, sending you 2
2024-10-14 18:10:59.190464 Zulu: Hotel, sending you 3
2024-10-14 18:10:59.193656 Quebec: Zulu, sending you 4
2024-10-14 18:10:59.194797 Delta: November, Juliett and Romeo, sending you 4
