ChatterBot Papa round 1
ChatterBot Uniform round 1
ChatterBot Alpha round 1
ChatterBot Juliett round 1
ChatterBot Golf round 1
ChatterBot Charlie round 1
ChatterBot Mike round 1
ChatterBot Hotel round 1
ChatterBot Oscar round 1
ChatterBot Foxtrot round 1
randomSelections Uniform: {Uniform, Oscar, Charlie, Hotel, Mike, Alpha} 
2024-10-14 18:10:41.126068 Uniform: Group up?
ChatterBot Oscar reevaluating
ChatterBot Charlie reevaluating
ChatterBot Hotel reevaluating
ChatterBot Mike reevaluating
ChatterBot Alpha reevaluating
2024-10-14 18:10:41.188038 Oscar: Yes
2024-10-14 18:10:41.188562 Charlie: Yes
2024-10-14 18:10:41.189473 Hotel: Yes
2024-10-14 18:10:41.189802 Mike: Yes
2024-10-14 18:10:41.191026 Alpha: Yes
ChatterBot Charlie reevaluating
ChatterBot Hotel reevaluating
ChatterBot Mike reevaluating
ChatterBot Alpha reevaluating
ChatterBot Oscar reevaluating
ChatterBot Hotel reevaluating
ChatterBot Mike reevaluating
ChatterBot Alpha reevaluating
ChatterBot Oscar reevaluating
ChatterBot Charlie reevaluating
ChatterBot Mike reevaluating
ChatterBot Alpha reevaluating
ChatterBot Oscar reevaluating
ChatterBot Charlie reevaluating
ChatterBot Hotel reevaluating
ChatterBot Alpha reevaluating
ChatterBot Oscar reevaluating
ChatterBot Charlie reevaluating
ChatterBot Hotel reevaluating
ChatterBot Mike reevaluating
randomSelections Papa: {Papa, Juliett, Mike, Alpha, Charlie, Foxtrot, Golf} 
2024-10-14 18:10:41.280223 Papa: Friends?
ChatterBot Juliett reevaluating
ChatterBot Mike reevaluating
ChatterBot Alpha reevaluating
ChatterBot Charlie reevaluating
ChatterBot Foxtrot reevaluating
ChatterBot Golf reevaluating
2024-10-14 18:10:41.298776 Juliett: Yes
2024-10-14 18:10:41.298964 Mike: No
2024-10-14 18:10:41.299202 Alpha: No
2024-10-14 18:10:41.299507 Charlie: No
2024-10-14 18:10:41.300365 Foxtrot: Yes
2024-10-14 18:10:41.300493 Golf: Yes
ChatterBot Mike reevaluating
ChatterBot Alpha reevaluating
ChatterBot Charlie reevaluating
ChatterBot Foxtrot reevaluating
ChatterBot Golf reevaluating
ChatterBot Juliett reevaluating
ChatterBot Alpha reevaluating
ChatterBot Charlie reevaluating
ChatterBot Foxtrot reevaluating
ChatterBot Golf reevaluating
ChatterBot Juliett reevaluating
ChatterBot Mike reevaluating
ChatterBot Charlie reevaluating
ChatterBot Foxtrot reevaluating
ChatterBot Golf reevaluating
ChatterBot Juliett reevaluating
ChatterBot Mike reevaluating
ChatterBot Alpha reevaluating
ChatterBot Foxtrot reevaluating
ChatterBot Golf reevaluating
ChatterBot Juliett reevaluating
ChatterBot Mike reevaluating
ChatterBot Alpha reevaluating
ChatterBot Charlie reevaluating
ChatterBot Golf reevaluating
ChatterBot Juliett reevaluating
ChatterBot Mike reevaluating
ChatterBot Alpha reevaluating
ChatterBot Charlie reevaluating
ChatterBot Foxtrot reevaluating
2024-10-14 18:10:41.418689 Uniform: Alpha, sending you 3
2024-10-14 18:10:41.421191 Mike: Uniform and Oscar, sending you 2
2024-10-14 18:10:41.421483 Charlie: Uniform, sending you 5
2024-10-14 18:10:41.429018 Papa: Alpha and Foxtrot, sending you 2
2024-10-14 18:10:41.429869 Alpha: Uniform, sending you 3
2024-10-14 18:10:41.430261 Mike: Alpha, sending you 3
2024-10-14 18:10:41.430687 Uniform: Mike, sending you 2
2024-10-14 18:10:41.431068 Juliett: Papa, sending you 2
2024-10-14 18:10:41.432567 Charlie: Alpha, sending you 4
2024-10-14 18:10:41.433093 Foxtrot: Alpha and Charlie, sending you 3
2024-10-14 18:10:41.433488 Alpha: Charlie, sending you 1
2024-10-14 18:10:41.436640 Papa: Juliett, sending you 4
2024-10-14 18:10:41.437039 Mike: Charlie, sending you 1
2024-10-14 18:10:41.437441 Hotel: Uniform, sending you 5
2024-10-14 18:10:41.437800 Juliett: Alpha, sending you 1
2024-10-14 18:10:41.439569 Golf: Papa and Foxtrot, sending you 2
2024-10-14 18:10:41.439967 Charlie: Mike, sending you 1
2024-10-14 18:10:41.440372 Oscar: Uniform and Mike, sending you 2
2024-10-14 18:10:41.440764 Foxtrot: Juliett and Mike, sending you 1
2024-10-14 18:10:41.443141 Alpha: Mike, sending you 4
2024-10-14 18:10:41.447596 Papa: Golf and Mike, sending you 1
2024-10-14 18:10:41.448159 Mike: Hotel, sending you 6
2024-10-14 18:10:41.448559 Hotel: Alpha, sending you 2
2024-10-14 18:10:41.451159 Juliett: Mike, sending you 3
2024-10-14 18:10:41.451562 Charlie: Hotel, sending you 3
2024-10-14 18:10:41.451920 Golf: Alpha and Juliett, sending you 3
2024-10-14 18:10:41.454539 Oscar: Charlie, sending you 1
2024-10-14 18:10:41.454985 Foxtrot: Golf, sending you 2
2024-10-14 18:10:41.459249 Alpha: Hotel, sending you 5
2024-10-14 18:10:41.459796 Golf: Charlie, sending you 1
2024-10-14 18:10:41.460278 Hotel: Charlie, sending you 1
2024-10-14 18:10:41.460726 Juliett: Foxtrot, sending you 5
2024-10-14 18:10:41.463453 Oscar: Hotel, sending you 4
2024-10-14 18:10:41.464032 Alpha: Oscar, sending you 2
2024-10-14 18:10:41.464446 Golf: Mike, sending you 4
2024-10-14 18:10:41.466811 Hotel: Mike, sending you 3
2024-10-14 18:10:41.472578 Hotel: Oscar, sending you 4
chatterbot Oscar submitting transactions
chatterbot Alpha submitting transactions
chatterbot Juliett submitting transactions
chatterbot Mike submitting transactions
chatterbot Charlie submitting transactions
chatterbot Papa submitting transactions
chatterbot Hotel submitting transactions
chatterbot Golf submitting transactions
chatterbot Foxtrot submitting transactions
chatterbot Uniform submitting transactions
ChatterBot Papa round 2
ChatterBot Uniform round 2
ChatterBot Alpha round 2
ChatterBot Juliett round 2
ChatterBot Golf round 2
ChatterBot Charlie round 2
2024-10-14 18:10:42.388420 Charlie: We should add Foxtrot
ChatterBot Uniform reevaluating
ChatterBot Oscar reevaluating
ChatterBot Hotel reevaluating
ChatterBot Mike reevaluating
ChatterBot Alpha reevaluating
2024-10-14 18:10:42.432507 Uniform: No
2024-10-14 18:10:42.432691 Oscar: No
2024-10-14 18:10:42.432845 Hotel: No
2024-10-14 18:10:42.432992 Mike: No
2024-10-14 18:10:42.433130 Alpha: No
ChatterBot Oscar reevaluating
ChatterBot Charlie reevaluating
ChatterBot Hotel reevaluating
ChatterBot Mike reevaluating
ChatterBot Alpha reevaluating
ChatterBot Uniform reevaluating
ChatterBot Charlie reevaluating
ChatterBot Hotel reevaluating
ChatterBot Mike reevaluating
ChatterBot Alpha reevaluating
ChatterBot Uniform reevaluating
ChatterBot Oscar reevaluating
ChatterBot Charlie reevaluating
ChatterBot Mike reevaluating
ChatterBot Alpha reevaluating
ChatterBot Uniform reevaluating
ChatterBot Oscar reevaluating
ChatterBot Charlie reevaluating
ChatterBot Hotel reevaluating
ChatterBot Alpha reevaluating
ChatterBot Uniform reevaluating
ChatterBot Oscar reevaluating
ChatterBot Charlie reevaluating
ChatterBot Hotel reevaluating
ChatterBot Mike reevaluating
ChatterBot Mike round 2
ChatterBot Hotel round 2
2024-10-14 18:10:42.586742 Juliett: We would work well together
ChatterBot Golf reevaluating
ChatterBot Foxtrot reevaluating
2024-10-14 18:10:42.602878 Papa: Yes
2024-10-14 18:10:42.603345 Golf: Yes
2024-10-14 18:10:42.603462 Foxtrot: No
ChatterBot Golf reevaluating
ChatterBot Foxtrot reevaluating
ChatterBot Foxtrot reevaluating
ChatterBot Golf reevaluating
2024-10-14 18:10:42.665196 Golf: We should group up
ChatterBot Foxtrot reevaluating
2024-10-14 18:10:42.695873 Juliett: Yes
2024-10-14 18:10:42.696487 Foxtrot: No
2024-10-14 18:10:42.696661 Papa: Yes
ChatterBot Golf reevaluating
ChatterBot Foxtrot reevaluating
ChatterBot Golf reevaluating
ChatterBot Golf reevaluating
ChatterBot Foxtrot reevaluating
ChatterBot Oscar round 2
ChatterBot Foxtrot round 2
2024-10-14 18:10:42.795747 Papa: We should drop Mike and Alpha
ChatterBot Golf reevaluating
ChatterBot Foxtrot reevaluating
ChatterBot Charlie reevaluating
2024-10-14 18:10:42.814829 Juliett: Yes
2024-10-14 18:10:42.815012 Golf: Yes
2024-10-14 18:10:42.815129 Foxtrot: Yes
2024-10-14 18:10:42.815228 Charlie: No
ChatterBot Golf reevaluating
ChatterBot Foxtrot reevaluating
ChatterBot Charlie reevaluating
ChatterBot Foxtrot reevaluating
ChatterBot Charlie reevaluating
ChatterBot Golf reevaluating
ChatterBot Charlie reevaluating
ChatterBot Golf reevaluating
ChatterBot Foxtrot reevaluating
2024-10-14 18:10:42.901480 Alpha: We should drop Oscar
ChatterBot Charlie reevaluating
2024-10-14 18:10:42.918235 Uniform: No
2024-10-14 18:10:42.918447 Charlie: Yes
2024-10-14 18:10:42.918586 Mike: No
2024-10-14 18:10:42.918737 Hotel: No
ChatterBot Charlie reevaluating
ChatterBot Alpha reevaluating
ChatterBot Charlie reevaluating
ChatterBot Alpha reevaluating
ChatterBot Charlie reevaluating
2024-10-14 18:10:42.987823 Hotel: We should drop Uniform
ChatterBot Alpha reevaluating
ChatterBot Charlie reevaluating
2024-10-14 18:10:43.006130 Alpha: No
2024-10-14 18:10:43.006290 Charlie: Yes
2024-10-14 18:10:43.006412 Mike: No
2024-10-14 18:10:43.006514 Oscar: No
ChatterBot Charlie reevaluating
ChatterBot Oscar reevaluating
ChatterBot Alpha reevaluating
ChatterBot Oscar reevaluating
ChatterBot Alpha reevaluating
ChatterBot Charlie reevaluating
ChatterBot Oscar reevaluating
ChatterBot Alpha reevaluating
ChatterBot Charlie reevaluating
2024-10-14 18:10:43.255998 Uniform: Alpha, Mike and Oscar, sending you 1
2024-10-14 18:10:43.257211 Juliett: Papa and Golf, sending you 4
2024-10-14 18:10:43.258294 Mike: Uniform, Hotel and Oscar, sending you 3
chatterbot Papa submitting transactions
chatterbot Mike submitting transactions
2024-10-14 18:10:43.684947 Uniform: Charlie and Hotel, sending you 2
2024-10-14 18:10:43.685957 Mike: Alpha, sending you 4
2024-10-14 18:10:43.686362 Juliett: Foxtrot, sending you 3
2024-10-14 18:10:43.687246 Papa: Juliett and Golf, sending you 4
2024-10-14 18:10:43.687597 Hotel: Alpha and Oscar, sending you 4
2024-10-14 18:10:43.688389 Golf: Papa, sending you 5
2024-10-14 18:10:43.688686 Foxtrot: Papa and Golf, sending you 2
chatterbot Uniform submitting transactions
chatterbot Hotel submitting transactions
chatterbot Juliett submitting transactions
chatterbot Golf submitting transactions
2024-10-14 18:10:43.689876 Mike: Charlie, sending you 1
2024-10-14 18:10:44.131939 Papa: Charlie and Foxtrot, sending you 1
2024-10-14 18:10:44.133066 Golf: Juliett, sending you 2
2024-10-14 18:10:44.134415 Foxtrot: Juliett, sending you 6
2024-10-14 18:10:44.135049 Charlie: Golf, sending you 4
2024-10-14 18:10:44.136188 Hotel: Charlie, sending you 3
chatterbot Foxtrot submitting transactions
2024-10-14 18:10:44.137925 Golf: Foxtrot, sending you 8
2024-10-14 18:10:44.286588 Alpha: Uniform and Mike, sending you 4
2024-10-14 18:10:44.287395 Charlie: Foxtrot, sending you 9
2024-10-14 18:10:44.287627 Hotel: Mike, sending you 5
2024-10-14 18:10:44.287895 Oscar: Alpha, Charlie and Mike, sending you 2
2024-10-14 18:10:44.341205 Alpha: Charlie, sending you 5
2024-10-14 18:10:44.341624 Oscar: Hotel, sending you 3
2024-10-14 18:10:44.390593 Alpha: Hotel, sending you 3
chatterbot Oscar submitting transactions
chatterbot Charlie submitting transactions
chatterbot Alpha submitting transactions
ChatterBot Papa round 3
ChatterBot Uniform round 3
ChatterBot Alpha round 3
ChatterBot Juliett round 3
ChatterBot Golf round 3
ChatterBot Charlie round 3
ChatterBot Mike round 3
ChatterBot Hotel round 3
ChatterBot Oscar round 3
ChatterBot Foxtrot round 3
2024-10-14 18:10:44.949405 Alpha: We should add Oscar
ChatterBot Charlie reevaluating
ChatterBot Hotel reevaluating
2024-10-14 18:10:44.964459 Uniform: Yes
2024-10-14 18:10:44.964714 Charlie: Yes
2024-10-14 18:10:44.964855 Mike: Yes
2024-10-14 18:10:44.965459 Hotel: Yes
ChatterBot Charlie reevaluating
ChatterBot Hotel reevaluating
ChatterBot Hotel reevaluating
ChatterBot Charlie reevaluating
ChatterBot Hotel reevaluating
ChatterBot Alpha reevaluating
ChatterBot Charlie reevaluating
2024-10-14 18:10:45.106140 Oscar: We should add Uniform
ChatterBot Hotel reevaluating
ChatterBot Alpha reevaluating
ChatterBot Charlie reevaluating
2024-10-14 18:10:45.133901 Hotel: No
2024-10-14 18:10:45.134131 Alpha: No
2024-10-14 18:10:45.134656 Charlie: Yes
2024-10-14 18:10:45.134815 Mike: Yes
ChatterBot Alpha reevaluating
ChatterBot Charlie reevaluating
ChatterBot Oscar reevaluating
ChatterBot Hotel reevaluating
ChatterBot Charlie reevaluating
ChatterBot Oscar reevaluating
ChatterBot Hotel reevaluating
ChatterBot Alpha reevaluating
ChatterBot Oscar reevaluating
ChatterBot Hotel reevaluating
ChatterBot Alpha reevaluating
ChatterBot Charlie reevaluating
ChatterBot Oscar reevaluating
2024-10-14 18:10:45.262644 Alpha: Oscar we want you to join our group
ChatterBot Oscar reevaluating
2024-10-14 18:10:45.266849 Oscar: No
ChatterBot Alpha reevaluating
2024-10-14 18:10:45.327140 Foxtrot: Papa, sending you 1
2024-10-14 18:10:45.327616 Juliett: Papa and Foxtrot, sending you 4
2024-10-14 18:10:45.331532 Uniform: Alpha, Charlie, Mike and Hotel, sending you 2
2024-10-14 18:10:45.332120 Mike: Uniform, sending you 2
2024-10-14 18:10:45.332710 Papa: Juliett, sending you 3
2024-10-14 18:10:45.334574 Golf: Papa, Juliett and Charlie, sending you 4
2024-10-14 18:10:45.335033 Foxtrot: Juliett, Golf and Charlie, sending you 3
2024-10-14 18:10:45.335418 Juliett: Golf, sending you 3
2024-10-14 18:10:45.337122 Mike: Alpha and Hotel, sending you 4
2024-10-14 18:10:45.337637 Papa: Golf, sending you 4
2024-10-14 18:10:45.337990 Golf: Foxtrot, sending you 3
2024-10-14 18:10:45.388807 Hotel: Alpha and Oscar, sending you 4
2024-10-14 18:10:45.389921 Charlie: Uniform, Mike and Oscar, sending you 2
2024-10-14 18:10:45.391810 Mike: Charlie, sending you 1
2024-10-14 18:10:45.393097 Papa: Charlie, sending you 1
2024-10-14 18:10:45.407461 Hotel: Charlie, sending you 3
2024-10-14 18:10:45.408013 Charlie: Alpha, sending you 4
2024-10-14 18:10:45.409269 Oscar: Alpha, sending you 2
2024-10-14 18:10:45.409745 Papa: Foxtrot, sending you 2
2024-10-14 18:10:45.410679 Mike: Oscar, sending you 3
2024-10-14 18:10:45.422007 Charlie: Hotel, sending you 3
2024-10-14 18:10:45.423017 Hotel: Mike, sending you 5
2024-10-14 18:10:45.424202 Oscar: Charlie, sending you 1
2024-10-14 18:10:45.425362 Alpha: Uniform and Charlie, sending you 3
2024-10-14 18:10:45.433944 Oscar: Mike and Hotel, sending you 3
2024-10-14 18:10:45.435370 Alpha: Mike and Hotel, sending you 4
2024-10-14 18:10:45.444910 Alpha: Oscar, sending you 2
chatterbot Foxtrot submitting transactions
chatterbot Papa submitting transactions
chatterbot Charlie submitting transactions
chatterbot Uniform submitting transactions
chatterbot Alpha submitting transactions
chatterbot Golf submitting transactions
chatterbot Oscar submitting transactions
chatterbot Juliett submitting transactions
chatterbot Mike submitting transactions
chatterbot Hotel submitting transactions
ChatterBot Papa round 4
ChatterBot Uniform round 4
ChatterBot Alpha round 4
ChatterBot Juliett round 4
ChatterBot Golf round 4
ChatterBot Charlie round 4
ChatterBot Mike round 4
ChatterBot Hotel round 4
ChatterBot Oscar round 4
ChatterBot Foxtrot round 4
2024-10-14 18:10:46.471265 Golf: We should drop Charlie
ChatterBot Papa reevaluating
ChatterBot Foxtrot reevaluating
2024-10-14 18:10:46.483842 Juliett: Yes
2024-10-14 18:10:46.484027 Papa: Yes
2024-10-14 18:10:46.484192 Foxtrot: Yes
ChatterBot Papa reevaluating
ChatterBot Foxtrot reevaluating
ChatterBot Foxtrot reevaluating
ChatterBot Papa reevaluating
2024-10-14 18:10:46.528241 Hotel: We should add Uniform
ChatterBot Oscar reevaluating
2024-10-14 18:10:46.548991 Alpha: Yes
2024-10-14 18:10:46.549181 Charlie: Yes
2024-10-14 18:10:46.549372 Mike: Yes
2024-10-14 18:10:46.550035 Oscar: Yes
ChatterBot Oscar reevaluating
ChatterBot Oscar reevaluating
ChatterBot Oscar reevaluating
2024-10-14 18:10:46.614254 Hotel: Uniform we want you to join our group
2024-10-14 18:10:46.618330 Uniform: Yes
ChatterBot Oscar reevaluating
2024-10-14 18:10:46.634650 Uniform: Alpha, Charlie, Mike and Hotel, sending you 2
2024-10-14 18:10:46.635056 Juliett: Papa and Foxtrot, sending you 4
2024-10-14 18:10:46.641274 Charlie: Uniform, Mike and Oscar, sending you 2
2024-10-14 18:10:46.642311 Golf: Sending you each 5
2024-10-14 18:10:46.642761 Mike: Uniform and Charlie, sending you 2
2024-10-14 18:10:46.643348 Juliett: Golf, sending you 3
2024-10-14 18:10:46.644031 Alpha: Uniform and Charlie, sending you 3
2024-10-14 18:10:46.644535 Oscar: Uniform we want you to join our group
2024-10-14 18:10:46.648100 Uniform: Yes
2024-10-14 18:10:46.741474 Charlie: Alpha, sending you 4
2024-10-14 18:10:46.742604 Mike: Alpha and Oscar, sending you 3
2024-10-14 18:10:46.743991 Alpha: Mike and Hotel, sending you 4
2024-10-14 18:10:46.746031 Charlie: Hotel, sending you 3
2024-10-14 18:10:46.746852 Hotel: Uniform, sending you 2
2024-10-14 18:10:46.750541 Mike: Hotel, sending you 4
2024-10-14 18:10:46.752227 Alpha: Oscar, sending you 2
2024-10-14 18:10:46.753809 Foxtrot: Papa, sending you 2
2024-10-14 18:10:46.754728 Papa: Juliett and Golf, sending you 5
2024-10-14 18:10:46.756081 Hotel: Alpha and Mike, sending you 4
2024-10-14 18:10:46.760568 Foxtrot: Juliett and Golf, sending you 4
2024-10-14 18:10:46.761060 Papa: Foxtrot, sending you 2
2024-10-14 18:10:46.762104 Oscar: Uniform and Charlie, sending you 1
2024-10-14 18:10:46.763070 Hotel: Charlie and Oscar, sending you 3
2024-10-14 18:10:46.775067 Oscar: Alpha and Mike, sending you 2
2024-10-14 18:10:46.785229 Oscar: Hotel, sending you 3
chatterbot Papa submitting transactions
chatterbot Oscar submitting transactions
chatterbot Mike submitting transactions
chatterbot Golf submitting transactions
chatterbot Uniform submitting transactions
chatterbot Juliett submitting transactions
chatterbot Alpha submitting transactions
chatterbot Hotel submitting transactions
chatterbot Foxtrot submitting transactions
chatterbot Charlie submitting transactions
ChatterBot Papa round 5
ChatterBot Uniform round 5
ChatterBot Alpha round 5
ChatterBot Juliett round 5
ChatterBot Golf round 5
ChatterBot Charlie round 5
ChatterBot Mike round 5
ChatterBot Hotel round 5
ChatterBot Oscar round 5
ChatterBot Foxtrot round 5
2024-10-14 18:10:47.772752 Uniform: Alpha, Charlie, Mike and Hotel, sending you 2
2024-10-14 18:10:47.782791 Charlie: Uniform, Mike and Oscar, sending you 2
2024-10-14 18:10:47.783904 Hotel: Uniform, sending you 2
2024-10-14 18:10:47.785698 Juliett: Papa and Foxtrot, sending you 4
2024-10-14 18:10:47.786698 Alpha: Uniform and Charlie, sending you 3
2024-10-14 18:10:47.788660 Charlie: Alpha, sending you 4
2024-10-14 18:10:47.790800 Golf: Same as last round
2024-10-14 18:10:47.791810 Hotel: Alpha and Mike, sending you 4
2024-10-14 18:10:47.793790 Juliett: Golf, sending you 3
2024-10-14 18:10:47.795304 Mike: Uniform and Charlie, sending you 2
2024-10-14 18:10:47.796783 Alpha: Mike and Hotel, sending you 4
2024-10-14 18:10:47.798162 Charlie: Hotel, sending you 3
2024-10-14 18:10:47.799403 Oscar: Uniform, sending you 1
2024-10-14 18:10:47.801141 Papa: Juliett, sending you 4
2024-10-14 18:10:47.802519 Hotel: Charlie and Oscar, sending you 3
2024-10-14 18:10:47.803683 Foxtrot: Papa, sending you 2
2024-10-14 18:10:47.804792 Mike: Alpha and Oscar, sending you 3
2024-10-14 18:10:47.805734 Alpha: Oscar, sending you 2
2024-10-14 18:10:47.807259 Oscar: Alpha, Charlie, Mike and Hotel, sending you 2
2024-10-14 18:10:47.808933 Papa: Golf, sending you 5
2024-10-14 18:10:47.809581 Foxtrot: Juliett and Golf, sending you 4
2024-10-14 18:10:47.810932 Mike: Hotel, sending you 4
2024-10-14 18:10:47.813664 Papa: Foxtrot, sending you 3
chatterbot Hotel submitting transactions
chatterbot Papa submitting transactions
chatterbot Charlie submitting transactions
chatterbot Mike submitting transactions
chatterbot Foxtrot submitting transactions
chatterbot Juliett submitting transactions
chatterbot Golf submitting transactions
chatterbot Uniform submitting transactions
chatterbot Alpha submitting transactions
chatterbot Oscar submitting transactions
ChatterBot Papa round 6
ChatterBot Uniform round 6
ChatterBot Alpha round 6
ChatterBot Juliett round 6
ChatterBot Golf round 6
ChatterBot Charlie round 6
ChatterBot Mike round 6
ChatterBot Hotel round 6
ChatterBot Oscar round 6
ChatterBot Foxtrot round 6
2024-10-14 18:10:49.076705 Papa: Juliett and Golf, sending you 5
2024-10-14 18:10:49.079712 Papa: Foxtrot, sending you 3
2024-10-14 18:10:49.083206 Alpha: Uniform, Charlie, Mike and Oscar, sending you 3
2024-10-14 18:10:49.084492 Charlie: Uniform, Mike and Oscar, sending you 2
2024-10-14 18:10:49.085742 Hotel: Uniform, sending you 2
2024-10-14 18:10:49.087122 Alpha: Hotel, sending you 4
2024-10-14 18:10:49.087918 Charlie: Alpha, sending you 4
2024-10-14 18:10:49.088747 Mike: Uniform and Charlie, sending you 2
2024-10-14 18:10:49.090027 Uniform: Alpha, Charlie, Mike and Hotel, sending you 2
2024-10-14 18:10:49.091792 Juliett: Papa and Foxtrot, sending you 4
2024-10-14 18:10:49.092285 Hotel: Alpha and Mike, sending you 4
2024-10-14 18:10:49.093235 Golf: Same as last round
2024-10-14 18:10:49.094376 Charlie: Hotel, sending you 3
2024-10-14 18:10:49.095461 Mike: Alpha and Oscar, sending you 3
2024-10-14 18:10:49.096303 Juliett: Golf, sending you 3
2024-10-14 18:10:49.096701 Hotel: Charlie and Oscar, sending you 3
2024-10-14 18:10:49.097766 Oscar: Uniform, sending you 1
2024-10-14 18:10:49.101044 Mike: Hotel, sending you 4
2024-10-14 18:10:49.101886 Foxtrot: Papa, sending you 2
2024-10-14 18:10:49.102377 Oscar: Alpha, Charlie, Mike and Hotel, sending you 2
2024-10-14 18:10:49.106720 Foxtrot: Juliett and Golf, sending you 4
chatterbot Alpha submitting transactions
chatterbot Charlie submitting transactions
chatterbot Hotel submitting transactions
chatterbot Juliett submitting transactions
chatterbot Papa submitting transactions
chatterbot Golf submitting transactions
chatterbot Oscar submitting transactions
chatterbot Foxtrot submitting transactions
chatterbot Uniform submitting transactions
chatterbot Mike submitting transactions
ChatterBot Papa round 7
ChatterBot Uniform round 7
ChatterBot Alpha round 7
ChatterBot Juliett round 7
ChatterBot Golf round 7
ChatterBot Charlie round 7
ChatterBot Mike round 7
ChatterBot Hotel round 7
ChatterBot Oscar round 7
ChatterBot Foxtrot round 7
2024-10-14 18:10:50.354101 Uniform: Alpha, Charlie, Mike and Hotel, sending you 2
2024-10-14 18:10:50.355007 Alpha: Uniform, Charlie, Mike and Oscar, sending you 3
2024-10-14 18:10:50.355762 Papa: Juliett and Golf, sending you 5
2024-10-14 18:10:50.356941 Golf: Same as last round
2024-10-14 18:10:50.357688 Uniform: Oscar, sending you 1
2024-10-14 18:10:50.365258 Alpha: Hotel, sending you 4
2024-10-14 18:10:50.366026 Papa: Foxtrot, sending you 3
2024-10-14 18:10:50.372411 Charlie: Uniform, Mike and Oscar, sending you 2
2024-10-14 18:10:50.374195 Oscar: Uniform, sending you 1
2024-10-14 18:10:50.375961 Mike: Uniform, Alpha, Hotel and Oscar, sending you 3
2024-10-14 18:10:50.377384 Juliett: Papa and Foxtrot, sending you 4
2024-10-14 18:10:50.378344 Foxtrot: Papa, sending you 2
2024-10-14 18:10:50.379865 Hotel: Uniform, sending you 2
2024-10-14 18:10:50.381291 Charlie: Alpha, sending you 4
2024-10-14 18:10:50.383556 Oscar: Alpha, Charlie, Mike and Hotel, sending you 2
2024-10-14 18:10:50.384775 Mike: Charlie, sending you 2
2024-10-14 18:10:50.386455 Juliett: Golf, sending you 3
2024-10-14 18:10:50.387279 Foxtrot: Juliett and Golf, sending you 4
2024-10-14 18:10:50.388271 Hotel: Alpha and Mike, sending you 4
2024-10-14 18:10:50.389872 Charlie: Hotel, sending you 3
2024-10-14 18:10:50.393688 Hotel: Charlie and Oscar, sending you 3
chatterbot Papa submitting transactions
chatterbot Charlie submitting transactions
chatterbot Juliett submitting transactions
chatterbot Mike submitting transactions
chatterbot Uniform submitting transactions
chatterbot Hotel submitting transactions
chatterbot Foxtrot submitting transactions
chatterbot Alpha submitting transactions
chatterbot Golf submitting transactions
chatterbot Oscar submitting transactions
ChatterBot Papa round 8
ChatterBot Uniform round 8
ChatterBot Alpha round 8
ChatterBot Juliett round 8
ChatterBot Golf round 8
ChatterBot Charlie round 8
ChatterBot Mike round 8
ChatterBot Hotel round 8
ChatterBot Oscar round 8
ChatterBot Foxtrot round 8
2024-10-14 18:10:51.555656 Papa: Juliett and Golf, sending you 5
2024-10-14 18:10:51.560654 Papa: Foxtrot, sending you 4
2024-10-14 18:10:51.563698 Uniform: Alpha, Charlie, Mike and Hotel, sending you 2
2024-10-14 18:10:51.565666 Alpha: Uniform and Mike, sending you 3
2024-10-14 18:10:51.567663 Charlie: Uniform, Mike and Oscar, sending you 2
2024-10-14 18:10:51.568309 Uniform: Oscar, sending you 1
2024-10-14 18:10:51.568939 Mike: Uniform, Alpha, Hotel and Oscar, sending you 3
2024-10-14 18:10:51.569536 Juliett: Papa and Foxtrot, sending you 4
2024-10-14 18:10:51.569878 Alpha: Charlie and Hotel, sending you 4
2024-10-14 18:10:51.570474 Hotel: Uniform, sending you 2
2024-10-14 18:10:51.571105 Oscar: Uniform, sending you 1
2024-10-14 18:10:51.571830 Foxtrot: Papa, sending you 2
2024-10-14 18:10:51.572201 Charlie: Alpha, sending you 4
2024-10-14 18:10:51.573675 Mike: Charlie, sending you 2
2024-10-14 18:10:51.574329 Juliett: Golf, sending you 3
2024-10-14 18:10:51.574684 Alpha: Oscar, sending you 2
2024-10-14 18:10:51.575335 Hotel: Alpha and Mike, sending you 4
2024-10-14 18:10:51.575992 Golf: Same as last round
2024-10-14 18:10:51.576386 Oscar: Alpha, Charlie, Mike and Hotel, sending you 2
2024-10-14 18:10:51.577067 Foxtrot: Juliett and Golf, sending you 4
2024-10-14 18:10:51.577687 Charlie: Hotel, sending you 3
2024-10-14 18:10:51.579674 Hotel: Charlie and Oscar, sending you 3
chatterbot Charlie submitting transactions
chatterbot Mike submitting transactions
chatterbot Hotel submitting transactions
chatterbot Oscar submitting transactions
chatterbot Uniform submitting transactions
chatterbot Papa submitting transactions
chatterbot Juliett submitting transactions
chatterbot Foxtrot submitting transactions
chatterbot Golf submitting transactions
chatterbot Alpha submitting transactions
ChatterBot Papa round 9
ChatterBot Uniform round 9
ChatterBot Alpha round 9
ChatterBot Juliett round 9
ChatterBot Golf round 9
ChatterBot Charlie round 9
ChatterBot Mike round 9
ChatterBot Hotel round 9
ChatterBot Oscar round 9
ChatterBot Foxtrot round 9
2024-10-14 18:10:52.768108 Papa: Juliett and Golf, sending you 5
2024-10-14 18:10:52.769713 Alpha: Uniform and Mike, sending you 3
2024-10-14 18:10:52.773666 Papa: Foxtrot, sending you 4
2024-10-14 18:10:52.774220 Alpha: Charlie and Hotel, sending you 4
2024-10-14 18:10:52.779688 Alpha: Oscar, sending you 2
2024-10-14 18:10:52.780964 Uniform: Sending you each 2
2024-10-14 18:10:52.781822 Juliett: Papa and Foxtrot, sending you 4
2024-10-14 18:10:52.782283 Mike: Uniform, Alpha, Hotel and Oscar, sending you 3
2024-10-14 18:10:52.783426 Foxtrot: Papa, sending you 2
2024-10-14 18:10:52.784660 Hotel: Uniform, sending you 2
2024-10-14 18:10:52.785384 Charlie: Uniform, Mike and Oscar, sending you 2
2024-10-14 18:10:52.786146 Juliett: Golf, sending you 3
2024-10-14 18:10:52.786986 Foxtrot: Juliett and Golf, sending you 4
2024-10-14 18:10:52.787669 Mike: Charlie, sending you 2
2024-10-14 18:10:52.788690 Golf: Same as last round
2024-10-14 18:10:52.789102 Charlie: Alpha, sending you 4
2024-10-14 18:10:52.789853 Hotel: Alpha and Mike, sending you 4
2024-10-14 18:10:52.791692 Oscar: Uniform, sending you 1
2024-10-14 18:10:52.792692 Charlie: Hotel, sending you 3
2024-10-14 18:10:52.793666 Hotel: Charlie and Oscar, sending you 3
2024-10-14 18:10:52.796702 Oscar: Alpha, Charlie, Mike and Hotel, sending you 2
chatterbot Foxtrot submitting transactions
chatterbot Uniform submitting transactions
chatterbot Alpha submitting transactions
chatterbot Charlie submitting transactions
chatterbot Hotel submitting transactions
chatterbot Oscar submitting transactions
chatterbot Golf submitting transactions
chatterbot Mike submitting transactions
chatterbot Papa submitting transactions
chatterbot Juliett submitting transactions
ChatterBot Papa round 10
ChatterBot Uniform round 10
ChatterBot Alpha round 10
ChatterBot Juliett round 10
ChatterBot Golf round 10
ChatterBot Charlie round 10
ChatterBot Mike round 10
ChatterBot Hotel round 10
ChatterBot Oscar round 10
ChatterBot Foxtrot round 10
2024-10-14 18:10:54.033801 Uniform: Same as last round
2024-10-14 18:10:54.041680 Oscar: Uniform, sending you 1
2024-10-14 18:10:54.042668 Golf: Same as last round
2024-10-14 18:10:54.044659 Foxtrot: Papa, sending you 2
2024-10-14 18:10:54.045676 Oscar: Alpha, Charlie, Mike and Hotel, sending you 2
2024-10-14 18:10:54.047675 Foxtrot: Juliett and Golf, sending you 4
2024-10-14 18:10:54.048953 Charlie: Uniform, Mike and Oscar, sending you 2
2024-10-14 18:10:54.049775 Juliett: Papa and Foxtrot, sending you 4
2024-10-14 18:10:54.051656 Papa: Juliett and Golf, sending you 5
2024-10-14 18:10:54.052100 Alpha: Uniform and Mike, sending you 3
2024-10-14 18:10:54.053201 Charlie: Alpha, sending you 4
2024-10-14 18:10:54.054498 Juliett: Golf, sending you 3
2024-10-14 18:10:54.054977 Hotel: Uniform, Charlie, Mike and Oscar, sending you 3
2024-10-14 18:10:54.056664 Papa: Foxtrot, sending you 4
2024-10-14 18:10:54.057193 Alpha: Charlie and Hotel, sending you 4
2024-10-14 18:10:54.058664 Charlie: Hotel, sending you 3
2024-10-14 18:10:54.060208 Mike: Uniform, Alpha, Hotel and Oscar, sending you 3
2024-10-14 18:10:54.061274 Hotel: Alpha, sending you 4
2024-10-14 18:10:54.062725 Alpha: Oscar, sending you 2
2024-10-14 18:10:54.065663 Mike: Charlie, sending you 2
chatterbot Oscar submitting transactions
chatterbot Papa submitting transactions
chatterbot Mike submitting transactions
chatterbot Alpha submitting transactions
chatterbot Hotel submitting transactions
chatterbot Foxtrot submitting transactions
chatterbot Golf submitting transactions
chatterbot Uniform submitting transactions
chatterbot Charlie submitting transactions
chatterbot Juliett submitting transactions
ChatterBot Papa round 11
ChatterBot Uniform round 11
ChatterBot Alpha round 11
ChatterBot Juliett round 11
ChatterBot Golf round 11
ChatterBot Charlie round 11
ChatterBot Mike round 11
ChatterBot Hotel round 11
ChatterBot Oscar round 11
ChatterBot Foxtrot round 11
2024-10-14 18:10:55.307525 Hotel: We should drop Oscar
2024-10-14 18:10:55.320789 Alpha: No
2024-10-14 18:10:55.321039 Uniform: No
2024-10-14 18:10:55.321243 Charlie: No
2024-10-14 18:10:55.321432 Mike: No
ChatterBot Hotel reevaluating
ChatterBot Hotel reevaluating
ChatterBot Hotel reevaluating
ChatterBot Hotel reevaluating
2024-10-14 18:10:55.385685 Golf: Same as last round
2024-10-14 18:10:55.386485 Alpha: Uniform and Mike, sending you 3
2024-10-14 18:10:55.388189 Uniform: Same as last round
2024-10-14 18:10:55.389244 Papa: Juliett and Golf, sending you 6
2024-10-14 18:10:55.389687 Charlie: Uniform, Mike and Oscar, sending you 2
2024-10-14 18:10:55.390524 Juliett: Papa and Foxtrot, sending you 4
2024-10-14 18:10:55.391659 Alpha: Charlie and Hotel, sending you 4
2024-10-14 18:10:55.392688 Charlie: Alpha, sending you 4
2024-10-14 18:10:55.394698 Papa: Foxtrot, sending you 3
2024-10-14 18:10:55.395312 Foxtrot: Papa, sending you 2
2024-10-14 18:10:55.395751 Juliett: Golf, sending you 3
2024-10-14 18:10:55.396122 Oscar: Uniform, sending you 1
2024-10-14 18:10:55.397280 Alpha: Oscar, sending you 2
2024-10-14 18:10:55.398669 Charlie: Hotel, sending you 3
2024-10-14 18:10:55.399715 Foxtrot: Juliett and Golf, sending you 4
2024-10-14 18:10:55.400896 Oscar: Alpha, Charlie, Mike and Hotel, sending you 2
2024-10-14 18:10:55.402680 Mike: Uniform, Alpha, Hotel and Oscar, sending you 3
2024-10-14 18:10:55.404699 Hotel: Uniform, Charlie, Mike and Oscar, sending you 3
2024-10-14 18:10:55.406672 Mike: Charlie, sending you 2
2024-10-14 18:10:55.408687 Hotel: Alpha, sending you 4
chatterbot Alpha submitting transactions
chatterbot Papa submitting transactions
chatterbot Hotel submitting transactions
chatterbot Foxtrot submitting transactions
chatterbot Golf submitting transactions
chatterbot Uniform submitting transactions
chatterbot Oscar submitting transactions
chatterbot Charlie submitting transactions
chatterbot Mike submitting transactions
chatterbot Juliett submitting transactions
ChatterBot Papa round 12
ChatterBot Uniform round 12
ChatterBot Alpha round 12
ChatterBot Juliett round 12
ChatterBot Golf round 12
ChatterBot Charlie round 12
ChatterBot Mike round 12
ChatterBot Hotel round 12
ChatterBot Oscar round 12
ChatterBot Foxtrot round 12
2024-10-14 18:10:56.505701 Golf: Same as last round
2024-10-14 18:10:56.507059 Charlie: Uniform, Mike and Oscar, sending you 2
2024-10-14 18:10:56.508827 Mike: Uniform, Alpha, Hotel and Oscar, sending you 3
2024-10-14 18:10:56.509934 Papa: Juliett, sending you 6
2024-10-14 18:10:56.511663 Juliett: Papa and Foxtrot, sending you 4
2024-10-14 18:10:56.512652 Charlie: Alpha, sending you 4
2024-10-14 18:10:56.514156 Alpha: Uniform and Mike, sending you 3
2024-10-14 18:10:56.515144 Mike: Charlie, sending you 2
2024-10-14 18:10:56.516352 Uniform: Alpha, sending you 3
2024-10-14 18:10:56.517904 Papa: Golf, sending you 5
2024-10-14 18:10:56.518323 Juliett: Golf, sending you 3
2024-10-14 18:10:56.518685 Charlie: Hotel, sending you 3
2024-10-14 18:10:56.519311 Hotel: Uniform, Charlie, Mike and Oscar, sending you 3
2024-10-14 18:10:56.520572 Alpha: Charlie and Hotel, sending you 4
2024-10-14 18:10:56.521284 Uniform: Charlie, Mike, Hotel and Oscar, sending you 2
2024-10-14 18:10:56.522933 Papa: Foxtrot, sending you 4
2024-10-14 18:10:56.523463 Oscar: Uniform, sending you 1
2024-10-14 18:10:56.524374 Alpha: Oscar, sending you 2
2024-10-14 18:10:56.525156 Hotel: Alpha, sending you 4
2024-10-14 18:10:56.526811 Foxtrot: Papa, sending you 2
2024-10-14 18:10:56.527684 Oscar: Alpha, Charlie, Mike and Hotel, sending you 2
2024-10-14 18:10:56.531669 Foxtrot: Juliett and Golf, sending you 4
chatterbot Juliett submitting transactions
chatterbot Mike submitting transactions
chatterbot Charlie submitting transactions
chatterbot Uniform submitting transactions
chatterbot Hotel submitting transactions
chatterbot Oscar submitting transactions
chatterbot Alpha submitting transactions
chatterbot Golf submitting transactions
chatterbot Foxtrot submitting transactions
chatterbot Papa submitting transactions
ChatterBot Papa round 13
ChatterBot Uniform round 13
2024-10-14 18:10:57.694871 Papa: We should add Uniform
2024-10-14 18:10:57.706684 Juliett: No
2024-10-14 18:10:57.706864 Golf: No
2024-10-14 18:10:57.707006 Foxtrot: No
ChatterBot Papa reevaluating
ChatterBot Papa reevaluating
ChatterBot Papa reevaluating
ChatterBot Alpha round 13
ChatterBot Juliett round 13
ChatterBot Golf round 13
ChatterBot Charlie round 13
ChatterBot Mike round 13
ChatterBot Hotel round 13
ChatterBot Oscar round 13
ChatterBot Foxtrot round 13
2024-10-14 18:10:57.782880 Papa: Juliett, sending you 6
2024-10-14 18:10:57.785664 Papa: Golf, sending you 5
2024-10-14 18:10:57.787680 Uniform: Alpha, sending you 3
2024-10-14 18:10:57.790690 Papa: Foxtrot, sending you 4
2024-10-14 18:10:57.791512 Hotel: Uniform, Charlie, Mike and Oscar, sending you 3
2024-10-14 18:10:57.796573 Mike: Uniform, Alpha, Hotel and Oscar, sending you 3
2024-10-14 18:10:57.798289 Uniform: Charlie, Mike, Hotel and Oscar, sending you 2
2024-10-14 18:10:57.800833 Oscar: Uniform, sending you 1
2024-10-14 18:10:57.802532 Hotel: Alpha, sending you 4
2024-10-14 18:10:57.810034 Mike: Charlie, sending you 2
2024-10-14 18:10:57.812565 Charlie: Uniform, Mike and Oscar, sending you 2
2024-10-14 18:10:57.814197 Golf: Same as last round
2024-10-14 18:10:57.816957 Oscar: Alpha, Charlie, Mike and Hotel, sending you 2
2024-10-14 18:10:57.818620 Juliett: Papa and Foxtrot, sending you 4
2024-10-14 18:10:57.823021 Foxtrot: Papa, sending you 2
2024-10-14 18:10:57.823819 Alpha: Uniform and Mike, sending you 3
2024-10-14 18:10:57.827184 Charlie: Alpha, sending you 4
2024-10-14 18:10:57.829086 Juliett: Golf, sending you 3
2024-10-14 18:10:57.831767 Foxtrot: Juliett and Golf, sending you 4
2024-10-14 18:10:57.835578 Alpha: Charlie and Hotel, sending you 4
2024-10-14 18:10:57.836924 Charlie: Hotel, sending you 3
2024-10-14 18:10:57.840665 Alpha: Oscar, sending you 2
chatterbot Uniform submitting transactions
chatterbot Charlie submitting transactions
chatterbot Papa submitting transactions
chatterbot Hotel submitting transactions
chatterbot Mike submitting transactions
chatterbot Alpha submitting transactions
chatterbot Oscar submitting transactions
chatterbot Golf submitting transactions
chatterbot Foxtrot submitting transactions
chatterbot Juliett submitting transactions
ChatterBot Papa round 14
ChatterBot Uniform round 14
ChatterBot Alpha round 14
ChatterBot Juliett round 14
ChatterBot Golf round 14
ChatterBot Charlie round 14
ChatterBot Mike round 14
ChatterBot Hotel round 14
ChatterBot Oscar round 14
ChatterBot Foxtrot round 14
2024-10-14 18:10:58.780664 Charlie: Uniform, Mike and Oscar, sending you 2
2024-10-14 18:10:58.782688 Papa: Juliett, sending you 6
2024-10-14 18:10:58.783280 Golf: Same as last round
2024-10-14 18:10:58.784688 Charlie: Alpha, sending you 4
2024-10-14 18:10:58.786481 Hotel: Uniform, Charlie, Mike and Oscar, sending you 3
2024-10-14 18:10:58.787907 Papa: Golf, sending you 5
2024-10-14 18:10:58.790655 Charlie: Hotel, sending you 3
2024-10-14 18:10:58.791547 Oscar: Uniform, sending you 1
2024-10-14 18:10:58.793138 Uniform: Alpha, sending you 3
2024-10-14 18:10:58.794119 Alpha: Uniform and Mike, sending you 3
2024-10-14 18:10:58.795125 Papa: Foxtrot, sending you 4
2024-10-14 18:10:58.795648 Hotel: Alpha, sending you 4
2024-10-14 18:10:58.797170 Mike: Uniform, Alpha, Hotel and Oscar, sending you 3
2024-10-14 18:10:58.798141 Oscar: Alpha, Charlie, Mike and Hotel, sending you 2
2024-10-14 18:10:58.799075 Juliett: Papa and Foxtrot, sending you 4
2024-10-14 18:10:58.799583 Foxtrot: Papa, sending you 2
2024-10-14 18:10:58.800537 Uniform: Charlie, Mike, Hotel and Oscar, sending you 2
2024-10-14 18:10:58.801509 Alpha: Charlie and Hotel, sending you 4
2024-10-14 18:10:58.802495 Mike: Charlie, sending you 2
2024-10-14 18:10:58.803844 Juliett: Golf, sending you 3
2024-10-14 18:10:58.804672 Foxtrot: Juliett and Golf, sending you 4
2024-10-14 18:10:58.805262 Alpha: Oscar, sending you 2
chatterbot Uniform submitting transactions
chatterbot Papa submitting transactions
chatterbot Mike submitting transactions
chatterbot Charlie submitting transactions
chatterbot Golf submitting transactions
chatterbot Oscar submitting transactions
chatterbot Juliett submitting transactions
chatterbot Hotel submitting transactions
chatterbot Alpha submitting transactions
chatterbot Foxtrot submitting transactions
ChatterBot Papa round 15
ChatterBot Uniform round 15
ChatterBot Alpha round 15
ChatterBot Juliett round 15
ChatterBot Golf round 15
ChatterBot Charlie round 15
ChatterBot Mike round 15
ChatterBot Hotel round 15
ChatterBot Oscar round 15
ChatterBot Foxtrot round 15
2024-10-14 18:11:00.059342 Papa: We should add Oscar
2024-10-14 18:11:00.070956 Juliett: No
2024-10-14 18:11:00.071228 Golf: No
2024-10-14 18:11:00.071439 Foxtrot: No
ChatterBot Papa reevaluating
ChatterBot Papa reevaluating
ChatterBot Papa reevaluating
2024-10-14 18:11:00.129673 Uniform: Alpha, sending you 4
2024-10-14 18:11:00.132684 Alpha: Uniform and Mike, sending you 3
2024-10-14 18:11:00.136698 Uniform: Charlie, Mike, Hotel and Oscar, sending you 2
2024-10-14 18:11:00.138007 Mike: Uniform, Alpha, Hotel and Oscar, sending you 3
2024-10-14 18:11:00.139245 Juliett: Papa and Foxtrot, sending you 4
2024-10-14 18:11:00.139950 Alpha: Charlie and Hotel, sending you 4
2024-10-14 18:11:00.141598 Charlie: Uniform, Mike and Oscar, sending you 2
2024-10-14 18:11:00.142981 Golf: Same as last round
2024-10-14 18:11:00.143608 Mike: Charlie, sending you 2
2024-10-14 18:11:00.144909 Juliett: Golf, sending you 3
2024-10-14 18:11:00.145635 Alpha: Oscar, sending you 2
2024-10-14 18:11:00.147368 Charlie: Alpha, sending you 4
2024-10-14 18:11:00.149667 Foxtrot: Papa, sending you 2
2024-10-14 18:11:00.150236 Oscar: Uniform, sending you 1
2024-10-14 18:11:00.152701 Charlie: Hotel, sending you 3
2024-10-14 18:11:00.154056 Papa: Juliett, sending you 6
