ChatterBot Whiskey round 1
ChatterBot Yankee round 1
ChatterBot X-ray round 1
ChatterBot Uniform round 1
ChatterBot Delta round 1
ChatterBot Golf round 1
ChatterBot Romeo round 1
ChatterBot Papa round 1
ChatterBot Quebec round 1
ChatterBot Mike round 1
randomSelections X-ray: {X-ray, Papa, Yankee, Delta, Quebec, Romeo, Mike} 
2024-10-14 18:10:41.878819 X-ray: Friends?
ChatterBot Papa reevaluating
ChatterBot Yankee reevaluating
ChatterBot Delta reevaluating
ChatterBot Quebec reevaluating
ChatterBot Romeo reevaluating
ChatterBot Mike reevaluating
2024-10-14 18:10:41.892792 Papa: Yes
2024-10-14 18:10:41.892920 Yankee: Yes
2024-10-14 18:10:41.893016 Delta: Yes
2024-10-14 18:10:41.893170 Quebec: Yes
2024-10-14 18:10:41.893261 Romeo: Yes
2024-10-14 18:10:41.893352 Mike: Yes
ChatterBot Yankee reevaluating
ChatterBot Delta reevaluating
ChatterBot Quebec reevaluating
ChatterBot Romeo reevaluating
ChatterBot Mike reevaluating
ChatterBot Papa reevaluating
ChatterBot Delta reevaluating
ChatterBot Quebec reevaluating
ChatterBot Romeo reevaluating
ChatterBot Mike reevaluating
ChatterBot Papa reevaluating
ChatterBot Yankee reevaluating
ChatterBot Quebec reevaluating
ChatterBot Romeo reevaluating
ChatterBot Mike reevaluating
ChatterBot Papa reevaluating
ChatterBot Yankee reevaluating
ChatterBot Delta reevaluating
ChatterBot Romeo reevaluating
ChatterBot Mike reevaluating
ChatterBot Papa reevaluating
ChatterBot Yankee reevaluating
ChatterBot Delta reevaluating
ChatterBot Quebec reevaluating
ChatterBot Mike reevaluating
ChatterBot Papa reevaluating
ChatterBot Yankee reevaluating
ChatterBot Delta reevaluating
ChatterBot Quebec reevaluating
ChatterBot Romeo reevaluating
randomSelections Whiskey: {Whiskey, Mike, Quebec, Papa, X-ray, Uniform, Romeo} 
2024-10-14 18:10:41.946392 Whiskey: We should group up
ChatterBot Mike reevaluating
ChatterBot Quebec reevaluating
ChatterBot Papa reevaluating
ChatterBot Uniform reevaluating
ChatterBot Romeo reevaluating
2024-10-14 18:10:41.952603 Mike: No
2024-10-14 18:10:41.952719 Quebec: No
2024-10-14 18:10:41.952810 Papa: No
2024-10-14 18:10:41.952894 X-ray: No
2024-10-14 18:10:41.953 Uniform: Yes
2024-10-14 18:10:41.953090 Romeo: No
ChatterBot Quebec reevaluating
ChatterBot Papa reevaluating
ChatterBot Uniform reevaluating
ChatterBot Romeo reevaluating
ChatterBot Mike reevaluating
ChatterBot Papa reevaluating
ChatterBot Uniform reevaluating
ChatterBot Romeo reevaluating
ChatterBot Mike reevaluating
ChatterBot Quebec reevaluating
ChatterBot Uniform reevaluating
ChatterBot Romeo reevaluating
ChatterBot Mike reevaluating
ChatterBot Quebec reevaluating
ChatterBot Papa reevaluating
ChatterBot Uniform reevaluating
ChatterBot Romeo reevaluating
ChatterBot Mike reevaluating
ChatterBot Quebec reevaluating
ChatterBot Papa reevaluating
ChatterBot Romeo reevaluating
ChatterBot Mike reevaluating
ChatterBot Quebec reevaluating
ChatterBot Papa reevaluating
ChatterBot Uniform reevaluating
randomSelections Golf: {Golf, Mike, Yankee, Whiskey, Delta, Papa, Quebec} 
2024-10-14 18:10:41.995687 Golf: We should group up
ChatterBot Mike reevaluating
ChatterBot Yankee reevaluating
ChatterBot Delta reevaluating
ChatterBot Papa reevaluating
ChatterBot Quebec reevaluating
2024-10-14 18:10:42.001327 Mike: No
2024-10-14 18:10:42.001424 Yankee: No
2024-10-14 18:10:42.001506 Whiskey: No
2024-10-14 18:10:42.001588 Delta: No
2024-10-14 18:10:42.001677 Papa: No
2024-10-14 18:10:42.001769 Quebec: No
ChatterBot Yankee reevaluating
ChatterBot Delta reevaluating
ChatterBot Papa reevaluating
ChatterBot Quebec reevaluating
ChatterBot Mike reevaluating
ChatterBot Delta reevaluating
ChatterBot Papa reevaluating
ChatterBot Quebec reevaluating
ChatterBot Mike reevaluating
ChatterBot Yankee reevaluating
ChatterBot Delta reevaluating
ChatterBot Papa reevaluating
ChatterBot Quebec reevaluating
ChatterBot Mike reevaluating
ChatterBot Yankee reevaluating
ChatterBot Papa reevaluating
ChatterBot Quebec reevaluating
ChatterBot Mike reevaluating
ChatterBot Yankee reevaluating
ChatterBot Delta reevaluating
ChatterBot Quebec reevaluating
ChatterBot Mike reevaluating
ChatterBot Yankee reevaluating
ChatterBot Delta reevaluating
ChatterBot Papa reevaluating
2024-10-14 18:10:42.045667 Whiskey: X-ray and Papa, sending you 1
2024-10-14 18:10:42.049671 Whiskey: Uniform, Romeo and Quebec, sending you 2
2024-10-14 18:10:42.051692 Uniform: Whiskey and Mike, sending you 2
2024-10-14 18:10:42.053670 Whiskey: Mike, sending you 3
2024-10-14 18:10:42.053975 X-ray: Delta and Papa, sending you 1
2024-10-14 18:10:42.054677 Papa: Yankee, Romeo and Mike, sending you 1
2024-10-14 18:10:42.056704 Golf: Whiskey and Quebec, sending you 1
2024-10-14 18:10:42.056988 Uniform: X-ray, sending you 1
2024-10-14 18:10:42.057222 Romeo: Yankee, sending you 1
2024-10-14 18:10:42.057683 X-ray: Romeo, sending you 2
2024-10-14 18:10:42.058659 Papa: X-ray, sending you 5
2024-10-14 18:10:42.060667 Uniform: Romeo, sending you 4
2024-10-14 18:10:42.061656 Golf: Yankee, sending you 2
2024-10-14 18:10:42.061957 Romeo: Delta, Quebec and Mike, sending you 2
2024-10-14 18:10:42.062257 X-ray: Mike, sending you 3
2024-10-14 18:10:42.062691 Yankee: X-ray and Quebec, sending you 3
2024-10-14 18:10:42.062960 Papa: Delta and Quebec, sending you 2
2024-10-14 18:10:42.063730 Quebec: X-ray, sending you 1
2024-10-14 18:10:42.064072 Delta: Yankee, Romeo and Mike, sending you 3
2024-10-14 18:10:42.065657 Uniform: Papa and Quebec, sending you 3
2024-10-14 18:10:42.066678 Golf: Papa, sending you 3
2024-10-14 18:10:42.067083 Quebec: Romeo, sending you 4
2024-10-14 18:10:42.067692 Yankee: Delta, Romeo and Papa, sending you 2
2024-10-14 18:10:42.068658 Delta: X-ray and Papa, sending you 1
2024-10-14 18:10:42.069673 Quebec: Papa, sending you 2
2024-10-14 18:10:42.070698 Mike: Yankee, sending you 1
2024-10-14 18:10:42.071005 Yankee: Mike, sending you 4
2024-10-14 18:10:42.072684 Quebec: Mike, sending you 3
2024-10-14 18:10:42.074668 Mike: X-ray, Romeo and Papa, sending you 3
2024-10-14 18:10:42.078657 Mike: Delta and Quebec, sending you 2
chatterbot Uniform submitting transactions
chatterbot Golf submitting transactions
chatterbot Mike submitting transactions
chatterbot Quebec submitting transactions
chatterbot Papa submitting transactions
chatterbot Delta submitting transactions
chatterbot Yankee submitting transactions
chatterbot Whiskey submitting transactions
chatterbot X-ray submitting transactions
chatterbot Romeo submitting transactions
ChatterBot Whiskey round 2
ChatterBot Yankee round 2
ChatterBot X-ray round 2
ChatterBot Uniform round 2
ChatterBot Delta round 2
ChatterBot Golf round 2
ChatterBot Romeo round 2
ChatterBot Papa round 2
ChatterBot Quebec round 2
2024-10-14 18:10:44.710021 Whiskey: We should group up
ChatterBot Uniform reevaluating
ChatterBot Golf reevaluating
2024-10-14 18:10:44.729844 Uniform: Yes
2024-10-14 18:10:44.730529 Golf: Yes
ChatterBot Golf reevaluating
ChatterBot Uniform reevaluating
2024-10-14 18:10:44.747742 Golf: Let's form a team
ChatterBot Uniform reevaluating
2024-10-14 18:10:44.756600 Whiskey: Yes
2024-10-14 18:10:44.756898 Uniform: Yes
ChatterBot Uniform reevaluating
ChatterBot Golf reevaluating
ChatterBot Golf reevaluating
2024-10-14 18:10:44.791112 Yankee: We should add Golf
ChatterBot Papa reevaluating
ChatterBot Quebec reevaluating
ChatterBot Romeo reevaluating
ChatterBot Mike reevaluating
2024-10-14 18:10:44.844482 X-ray: No
2024-10-14 18:10:44.844899 Papa: Yes
2024-10-14 18:10:44.845556 Delta: No
2024-10-14 18:10:44.845783 Quebec: No
2024-10-14 18:10:44.845973 Romeo: No
2024-10-14 18:10:44.846190 Mike: No
ChatterBot Papa reevaluating
ChatterBot Quebec reevaluating
ChatterBot Romeo reevaluating
ChatterBot Mike reevaluating
ChatterBot Quebec reevaluating
ChatterBot Romeo reevaluating
ChatterBot Mike reevaluating
ChatterBot Papa reevaluating
ChatterBot Quebec reevaluating
ChatterBot Romeo reevaluating
ChatterBot Mike reevaluating
ChatterBot Papa reevaluating
ChatterBot Romeo reevaluating
ChatterBot Mike reevaluating
ChatterBot Papa reevaluating
ChatterBot Quebec reevaluating
ChatterBot Mike reevaluating
ChatterBot Papa reevaluating
ChatterBot Quebec reevaluating
ChatterBot Romeo reevaluating
2024-10-14 18:10:45.233427 Papa: We should add Uniform
ChatterBot Quebec reevaluating
ChatterBot Romeo reevaluating
ChatterBot Mike reevaluating
2024-10-14 18:10:45.310736 X-ray: No
2024-10-14 18:10:45.310936 Yankee: No
2024-10-14 18:10:45.311115 Delta: No
2024-10-14 18:10:45.311280 Quebec: No
2024-10-14 18:10:45.311447 Romeo: No
2024-10-14 18:10:45.312779 Mike: No
ChatterBot Papa reevaluating
ChatterBot Quebec reevaluating
ChatterBot Romeo reevaluating
ChatterBot Mike reevaluating
ChatterBot Papa reevaluating
ChatterBot Quebec reevaluating
ChatterBot Romeo reevaluating
ChatterBot Mike reevaluating
ChatterBot Papa reevaluating
ChatterBot Quebec reevaluating
ChatterBot Romeo reevaluating
ChatterBot Mike reevaluating
ChatterBot Papa reevaluating
ChatterBot Romeo reevaluating
ChatterBot Mike reevaluating
ChatterBot Papa reevaluating
ChatterBot Quebec reevaluating
ChatterBot Mike reevaluating
ChatterBot Papa reevaluating
ChatterBot Quebec reevaluating
ChatterBot Romeo reevaluating
ChatterBot Mike round 2
2024-10-14 18:10:45.638623 Yankee: Golf we want you to join our group
2024-10-14 18:10:45.643261 Golf: No
ChatterBot Romeo reevaluating
ChatterBot Papa reevaluating
ChatterBot Quebec reevaluating
ChatterBot Mike reevaluating
2024-10-14 18:10:45.686677 Delta: Yankee, X-ray, Romeo, Papa and Mike, sending you 2
2024-10-14 18:10:45.687332 X-ray: Yankee and Mike, sending you 3
2024-10-14 18:10:45.688297 Whiskey: Uniform, sending you 6
2024-10-14 18:10:45.689687 Uniform: Whiskey, sending you 9
2024-10-14 18:10:45.690691 Whiskey: Golf, sending you 5
2024-10-14 18:10:45.691684 Delta: Quebec, sending you 1
2024-10-14 18:10:45.692978 X-ray: Delta and Quebec, sending you 2
2024-10-14 18:10:45.693526 Papa: Yankee, X-ray, Delta and Quebec, sending you 2
2024-10-14 18:10:45.694697 Uniform: Golf, sending you 6
2024-10-14 18:10:45.695686 Yankee: X-ray, Romeo, Papa, Quebec and Mike, sending you 2
2024-10-14 18:10:45.697693 X-ray: Papa, sending you 4
2024-10-14 18:10:45.698504 Golf: Whiskey, sending you 10
2024-10-14 18:10:45.698760 Quebec: Yankee, Romeo, Papa and Mike, sending you 2
2024-10-14 18:10:45.699200 Papa: Romeo, sending you 1
2024-10-14 18:10:45.700667 Yankee: Delta and Golf, sending you 3
2024-10-14 18:10:45.702190 Quebec: X-ray and Delta, sending you 1
2024-10-14 18:10:45.702742 Romeo: Yankee and X-ray, sending you 3
2024-10-14 18:10:45.703162 Golf: Uniform, sending you 9
2024-10-14 18:10:45.704671 Papa: Mike, sending you 3
2024-10-14 18:10:45.705883 Romeo: Delta, Quebec and Mike, sending you 4
2024-10-14 18:10:45.706682 Mike: Yankee, sending you 4
2024-10-14 18:10:45.709663 Romeo: Papa, sending you 1
2024-10-14 18:10:45.713021 Mike: X-ray, Delta and Quebec, sending you 3
2024-10-14 18:10:45.716669 Mike: Romeo, sending you 2
2024-10-14 18:10:45.720676 Mike: Papa, sending you 1
chatterbot Delta submitting transactions
chatterbot Golf submitting transactions
chatterbot Whiskey submitting transactions
chatterbot Yankee submitting transactions
chatterbot Uniform submitting transactions
chatterbot Mike submitting transactions
chatterbot Romeo submitting transactions
chatterbot Quebec submitting transactions
chatterbot X-ray submitting transactions
chatterbot Papa submitting transactions
ChatterBot Whiskey round 3
ChatterBot Yankee round 3
ChatterBot X-ray round 3
ChatterBot Uniform round 3
ChatterBot Delta round 3
ChatterBot Golf round 3
ChatterBot Romeo round 3
ChatterBot Papa round 3
ChatterBot Quebec round 3
ChatterBot Mike round 3
2024-10-14 18:10:46.559887 Yankee: We should drop Golf
2024-10-14 18:10:46.584337 X-ray: Yes
2024-10-14 18:10:46.584568 Papa: Yes
2024-10-14 18:10:46.585250 Delta: Yes
2024-10-14 18:10:46.585433 Quebec: Yes
2024-10-14 18:10:46.585598 Romeo: Yes
2024-10-14 18:10:46.585787 Mike: Yes
2024-10-14 18:10:46.807654 Delta: Yankee, X-ray, Romeo, Papa and Mike, sending you 2
2024-10-14 18:10:46.810278 X-ray: Yankee and Mike, sending you 3
2024-10-14 18:10:46.811179 Uniform: Whiskey, sending you 7
2024-10-14 18:10:46.811624 Whiskey: Uniform, sending you 5
2024-10-14 18:10:46.812819 Delta: Quebec, sending you 1
2024-10-14 18:10:46.814963 Uniform: Golf, sending you 8
2024-10-14 18:10:46.815954 X-ray: Delta, Romeo and Quebec, sending you 2
2024-10-14 18:10:46.816714 Whiskey: Golf, sending you 6
2024-10-14 18:10:46.818811 Mike: Yankee, X-ray, Romeo and Quebec, sending you 3
2024-10-14 18:10:46.820475 Quebec: Yankee, Romeo, Papa and Mike, sending you 2
2024-10-14 18:10:46.822408 Golf: Whiskey, sending you 9
2024-10-14 18:10:46.822973 Yankee: X-ray, Delta, Romeo and Mike, sending you 3
2024-10-14 18:10:46.824807 X-ray: Papa, sending you 4
2024-10-14 18:10:46.826885 Mike: Delta and Papa, sending you 2
2024-10-14 18:10:46.828246 Quebec: X-ray and Delta, sending you 1
2024-10-14 18:10:46.829722 Golf: Uniform, sending you 10
2024-10-14 18:10:46.831096 Yankee: Papa and Quebec, sending you 2
2024-10-14 18:10:46.832167 Papa: Yankee, Delta, Quebec and Mike, sending you 2
2024-10-14 18:10:46.833917 Romeo: Yankee, sending you 3
2024-10-14 18:10:46.836872 Papa: X-ray, sending you 3
2024-10-14 18:10:46.838698 Romeo: X-ray and Papa, sending you 2
2024-10-14 18:10:46.840656 Papa: Romeo, sending you 1
2024-10-14 18:10:46.844087 Romeo: Delta, Quebec and Mike, sending you 4
chatterbot Mike submitting transactions
chatterbot Romeo submitting transactions
chatterbot Golf submitting transactions
chatterbot X-ray submitting transactions
chatterbot Papa submitting transactions
chatterbot Uniform submitting transactions
chatterbot Yankee submitting transactions
chatterbot Whiskey submitting transactions
chatterbot Quebec submitting transactions
chatterbot Delta submitting transactions
ChatterBot Whiskey round 4
ChatterBot Yankee round 4
ChatterBot X-ray round 4
ChatterBot Uniform round 4
ChatterBot Delta round 4
ChatterBot Golf round 4
ChatterBot Romeo round 4
ChatterBot Papa round 4
ChatterBot Quebec round 4
ChatterBot Mike round 4
2024-10-14 18:10:47.762698 Uniform: Whiskey, sending you 7
2024-10-14 18:10:47.765693 Yankee: X-ray, Delta, Romeo and Mike, sending you 3
2024-10-14 18:10:47.766918 Golf: Whiskey, sending you 9
2024-10-14 18:10:47.767970 Uniform: Golf, sending you 8
2024-10-14 18:10:47.768656 X-ray: Yankee, Delta and Romeo, sending you 3
2024-10-14 18:10:47.770634 Papa: Yankee, Delta, Quebec and Mike, sending you 2
2024-10-14 18:10:47.772951 Yankee: Papa and Quebec, sending you 2
2024-10-14 18:10:47.774426 Golf: Uniform, sending you 10
2024-10-14 18:10:47.775604 X-ray: Papa and Mike, sending you 4
2024-10-14 18:10:47.776532 Whiskey: Uniform, sending you 5
2024-10-14 18:10:47.777662 Papa: X-ray, sending you 3
2024-10-14 18:10:47.778735 Delta: Yankee, X-ray, Romeo, Papa and Mike, sending you 2
2024-10-14 18:10:47.779652 Romeo: Yankee, X-ray and Delta, sending you 3
2024-10-14 18:10:47.781099 Quebec: Yankee, Romeo, Papa and Mike, sending you 2
2024-10-14 18:10:47.782867 X-ray: Quebec, sending you 1
2024-10-14 18:10:47.783943 Whiskey: Golf, sending you 6
2024-10-14 18:10:47.784439 Papa: Romeo, sending you 1
2024-10-14 18:10:47.786272 Delta: Quebec, sending you 1
2024-10-14 18:10:47.786975 Romeo: Papa, sending you 2
2024-10-14 18:10:47.788940 Quebec: X-ray and Delta, sending you 1
2024-10-14 18:10:47.790492 Mike: Yankee, X-ray, Delta, Romeo and Quebec, sending you 1
2024-10-14 18:10:47.791813 Romeo: Quebec and Mike, sending you 4
chatterbot Whiskey submitting transactions
chatterbot Yankee submitting transactions
chatterbot Quebec submitting transactions
chatterbot Mike submitting transactions
chatterbot X-ray submitting transactions
chatterbot Delta submitting transactions
chatterbot Papa submitting transactions
chatterbot Romeo submitting transactions
chatterbot Golf submitting transactions
chatterbot Uniform submitting transactions
ChatterBot Whiskey round 5
ChatterBot Yankee round 5
ChatterBot X-ray round 5
ChatterBot Uniform round 5
ChatterBot Delta round 5
ChatterBot Golf round 5
ChatterBot Romeo round 5
ChatterBot Papa round 5
ChatterBot Quebec round 5
ChatterBot Mike round 5
2024-10-14 18:10:48.756685 Whiskey: Uniform, sending you 5
2024-10-14 18:10:48.758128 Mike: We should drop Delta
2024-10-14 18:10:48.772017 Yankee: No
2024-10-14 18:10:48.772202 X-ray: No
2024-10-14 18:10:48.772383 Romeo: No
2024-10-14 18:10:48.772927 Papa: No
2024-10-14 18:10:48.773074 Quebec: No
ChatterBot Mike reevaluating
ChatterBot Mike reevaluating
ChatterBot Mike reevaluating
ChatterBot Mike reevaluating
2024-10-14 18:10:48.835251 X-ray: Yankee, Delta, Romeo and Mike, sending you 3
2024-10-14 18:10:48.837535 Whiskey: Golf, sending you 6
2024-10-14 18:10:48.837976 Golf: I was attacked by Mike
ChatterBot Whiskey reevaluating
ChatterBot Uniform reevaluating
2024-10-14 18:10:48.869539 Golf: I'm keeping this round to protect myself
2024-10-14 18:10:48.873699 Golf: Ow
2024-10-14 18:10:48.874173 Yankee: X-ray, Delta, Romeo, Papa and Mike, sending you 3
2024-10-14 18:10:48.876601 Mike: We should drop Papa
2024-10-14 18:10:48.924365 Yankee: No
2024-10-14 18:10:48.924541 X-ray: No
2024-10-14 18:10:48.924722 Delta: No
2024-10-14 18:10:48.924909 Romeo: No
2024-10-14 18:10:48.925077 Quebec: No
ChatterBot Mike reevaluating
ChatterBot Mike reevaluating
ChatterBot Mike reevaluating
ChatterBot Mike reevaluating
ChatterBot Mike reevaluating
2024-10-14 18:10:48.978713 X-ray: Papa, sending you 5
2024-10-14 18:10:48.979444 Romeo: Yankee and Quebec, sending you 4
2024-10-14 18:10:48.980466 Quebec: Yankee, Romeo, Papa and Mike, sending you 2
2024-10-14 18:10:48.981178 Papa: Yankee, Delta, Romeo and Quebec, sending you 2
2024-10-14 18:10:48.981729 Delta: Yankee, X-ray, Romeo, Papa and Mike, sending you 2
2024-10-14 18:10:48.982267 Yankee: Quebec, sending you 1
2024-10-14 18:10:48.982900 Romeo: X-ray, Delta and Mike, sending you 3
2024-10-14 18:10:48.983681 X-ray: Quebec, sending you 2
2024-10-14 18:10:48.985081 Quebec: X-ray and Delta, sending you 1
2024-10-14 18:10:48.985980 Delta: Quebec, sending you 1
2024-10-14 18:10:48.987221 Mike: We should drop Quebec
2024-10-14 18:10:48.999693 Yankee: No
2024-10-14 18:10:49.000045 X-ray: No
2024-10-14 18:10:49.000402 Delta: No
2024-10-14 18:10:49.000672 Romeo: No
2024-10-14 18:10:49.000976 Papa: No
ChatterBot Mike reevaluating
ChatterBot Mike reevaluating
ChatterBot Papa reevaluating
ChatterBot Mike reevaluating
ChatterBot X-ray reevaluating
ChatterBot Romeo reevaluating
ChatterBot Papa reevaluating
ChatterBot Mike reevaluating
ChatterBot X-ray reevaluating
ChatterBot Papa reevaluating
ChatterBot Mike reevaluating
ChatterBot X-ray reevaluating
ChatterBot Romeo reevaluating
2024-10-14 18:10:49.094200 Mike: Yankee and Quebec, sending you 3
2024-10-14 18:10:49.098693 Mike: X-ray and Romeo, sending you 4
2024-10-14 18:10:49.101703 Mike: Delta, sending you 2
chatterbot Uniform submitting transactions
chatterbot X-ray submitting transactions
chatterbot Golf submitting transactions
chatterbot Delta submitting transactions
chatterbot Whiskey submitting transactions
chatterbot X-ray submitting transactions
chatterbot Papa submitting transactions
chatterbot Quebec submitting transactions
chatterbot Romeo submitting transactions
chatterbot Yankee submitting transactions
chatterbot Mike submitting transactions
ChatterBot Whiskey round 6
ChatterBot Yankee round 6
ChatterBot X-ray round 6
ChatterBot Uniform round 6
ChatterBot Delta round 6
ChatterBot Golf round 6
ChatterBot Romeo round 6
ChatterBot Papa round 6
ChatterBot Quebec round 6
ChatterBot Mike round 6
2024-10-14 18:10:50.264623 Mike: We should replace Delta with Papa
2024-10-14 18:10:50.274097 Yankee: No
2024-10-14 18:10:50.274262 X-ray: No
2024-10-14 18:10:50.274390 Romeo: No
2024-10-14 18:10:50.274507 Quebec: No
ChatterBot Mike reevaluating
ChatterBot Mike reevaluating
ChatterBot Mike reevaluating
ChatterBot Mike reevaluating
2024-10-14 18:10:50.376701 Mike: We should replace Quebec with Papa
2024-10-14 18:10:50.384673 Yankee: No
2024-10-14 18:10:50.384899 X-ray: No
2024-10-14 18:10:50.385733 Delta: No
2024-10-14 18:10:50.385877 Romeo: No
ChatterBot Mike reevaluating
ChatterBot Mike reevaluating
ChatterBot Mike reevaluating
ChatterBot Mike reevaluating
2024-10-14 18:10:50.427829 Romeo: Yankee, X-ray, Delta and Quebec, sending you 3
2024-10-14 18:10:50.429445 Whiskey: Uniform, sending you 6
2024-10-14 18:10:50.429953 Yankee: X-ray, Delta, Romeo, Papa and Mike, sending you 3
2024-10-14 18:10:50.430945 X-ray: Yankee, Delta and Romeo, sending you 3
2024-10-14 18:10:50.432833 Delta: Yankee, X-ray, Romeo, Papa and Mike, sending you 2
2024-10-14 18:10:50.433821 Mike: Papa we want you to join our group
ChatterBot Papa reevaluating
2024-10-14 18:10:50.437420 Papa: Yes
ChatterBot Mike reevaluating
2024-10-14 18:10:50.451322 Romeo: Papa, sending you 2
2024-10-14 18:10:50.453268 Whiskey: Golf, sending you 5
2024-10-14 18:10:50.453807 Yankee: Quebec, sending you 1
2024-10-14 18:10:50.455925 X-ray: Papa and Mike, sending you 4
2024-10-14 18:10:50.457102 Delta: Quebec, sending you 1
2024-10-14 18:10:50.459494 Romeo: Mike, sending you 5
2024-10-14 18:10:50.461673 X-ray: Quebec, sending you 2
2024-10-14 18:10:50.463573 Quebec: Yankee, Romeo, Papa and Mike, sending you 2
2024-10-14 18:10:50.470581 Quebec: X-ray and Delta, sending you 1
2024-10-14 18:10:50.479692 Mike: Yankee and Quebec, sending you 3
2024-10-14 18:10:50.482659 Mike: X-ray and Romeo, sending you 4
2024-10-14 18:10:50.486651 Mike: Papa, sending you 2
chatterbot Romeo submitting transactions
chatterbot Delta submitting transactions
chatterbot Yankee submitting transactions
chatterbot Mike submitting transactions
chatterbot Uniform submitting transactions
chatterbot X-ray submitting transactions
chatterbot Whiskey submitting transactions
chatterbot Papa submitting transactions
chatterbot Golf submitting transactions
chatterbot Quebec submitting transactions
ChatterBot Whiskey round 7
ChatterBot Yankee round 7
ChatterBot X-ray round 7
ChatterBot Uniform round 7
ChatterBot Delta round 7
ChatterBot Golf round 7
ChatterBot Romeo round 7
ChatterBot Papa round 7
ChatterBot Quebec round 7
ChatterBot Mike round 7
2024-10-14 18:10:51.544690 Whiskey: Uniform, sending you 6
2024-10-14 18:10:51.549665 Whiskey: Golf, sending you 5
2024-10-14 18:10:51.551680 Yankee: X-ray, Delta, Romeo, Quebec and Mike, sending you 3
2024-10-14 18:10:51.554655 Delta: Yankee, X-ray, Romeo, Papa and Mike, sending you 2
2024-10-14 18:10:51.555670 Romeo: Yankee, X-ray, Delta, Papa and Quebec, sending you 3
2024-10-14 18:10:51.556351 Yankee: Papa, sending you 1
2024-10-14 18:10:51.557947 Delta: Quebec, sending you 1
2024-10-14 18:10:51.559677 X-ray: Yankee, Delta and Romeo, sending you 3
2024-10-14 18:10:51.560327 Romeo: Mike, sending you 4
2024-10-14 18:10:51.561014 Mike: X-ray, Romeo, Papa and Quebec, sending you 1
2024-10-14 18:10:51.561668 Quebec: Yankee and Delta, sending you 1
2024-10-14 18:10:51.564664 X-ray: Papa and Mike, sending you 4
2024-10-14 18:10:51.565493 Quebec: X-ray, Romeo, Papa and Mike, sending you 2
2024-10-14 18:10:51.568656 X-ray: Quebec, sending you 2
chatterbot Quebec submitting transactions
chatterbot Whiskey submitting transactions
chatterbot Papa submitting transactions
chatterbot Uniform submitting transactions
chatterbot Mike submitting transactions
chatterbot Golf submitting transactions
chatterbot Delta submitting transactions
chatterbot Yankee submitting transactions
chatterbot Romeo submitting transactions
chatterbot X-ray submitting transactions
ChatterBot Whiskey round 8
ChatterBot Yankee round 8
ChatterBot X-ray round 8
ChatterBot Uniform round 8
ChatterBot Delta round 8
ChatterBot Golf round 8
ChatterBot Romeo round 8
ChatterBot Papa round 8
ChatterBot Quebec round 8
ChatterBot Mike round 8
2024-10-14 18:10:52.463720 Yankee: We should drop Mike
ChatterBot X-ray reevaluating
ChatterBot Romeo reevaluating
ChatterBot Papa reevaluating
ChatterBot Quebec reevaluating
2024-10-14 18:10:52.485655 X-ray: Yes
2024-10-14 18:10:52.485836 Delta: No
2024-10-14 18:10:52.485987 Romeo: Yes
2024-10-14 18:10:52.486133 Papa: Yes
2024-10-14 18:10:52.486274 Quebec: No
ChatterBot Romeo reevaluating
ChatterBot Papa reevaluating
ChatterBot Quebec reevaluating
ChatterBot X-ray reevaluating
ChatterBot Romeo reevaluating
ChatterBot Papa reevaluating
ChatterBot Quebec reevaluating
ChatterBot X-ray reevaluating
ChatterBot Papa reevaluating
ChatterBot Quebec reevaluating
ChatterBot X-ray reevaluating
ChatterBot Romeo reevaluating
ChatterBot Quebec reevaluating
ChatterBot X-ray reevaluating
ChatterBot Delta reevaluating
ChatterBot Romeo reevaluating
ChatterBot Papa reevaluating
2024-10-14 18:10:52.556594 Mike: We should add Delta
ChatterBot X-ray reevaluating
ChatterBot Romeo reevaluating
ChatterBot Papa reevaluating
ChatterBot Quebec reevaluating
2024-10-14 18:10:52.575152 Yankee: Yes
2024-10-14 18:10:52.575277 X-ray: Yes
2024-10-14 18:10:52.575369 Romeo: Yes
2024-10-14 18:10:52.575471 Papa: Yes
2024-10-14 18:10:52.575555 Quebec: Yes
ChatterBot X-ray reevaluating
ChatterBot Romeo reevaluating
ChatterBot Papa reevaluating
ChatterBot Quebec reevaluating
ChatterBot Romeo reevaluating
ChatterBot Papa reevaluating
ChatterBot Quebec reevaluating
ChatterBot X-ray reevaluating
ChatterBot Papa reevaluating
ChatterBot Quebec reevaluating
ChatterBot X-ray reevaluating
ChatterBot Romeo reevaluating
ChatterBot Quebec reevaluating
ChatterBot X-ray reevaluating
ChatterBot Romeo reevaluating
ChatterBot Papa reevaluating
2024-10-14 18:10:52.640041 Mike: Delta we want you to join our group
ChatterBot Delta reevaluating
2024-10-14 18:10:52.643639 Delta: No
ChatterBot X-ray reevaluating
ChatterBot Papa reevaluating
2024-10-14 18:10:52.660094 Quebec: We should drop Yankee
ChatterBot Delta reevaluating
ChatterBot Papa reevaluating
2024-10-14 18:10:52.673795 X-ray: No
2024-10-14 18:10:52.673947 Delta: No
2024-10-14 18:10:52.674053 Romeo: No
2024-10-14 18:10:52.674155 Papa: No
2024-10-14 18:10:52.674633 Mike: No
ChatterBot Delta reevaluating
ChatterBot Papa reevaluating
ChatterBot Quebec reevaluating
ChatterBot Papa reevaluating
ChatterBot Quebec reevaluating
ChatterBot Delta reevaluating
ChatterBot Papa reevaluating
ChatterBot Quebec reevaluating
ChatterBot Delta reevaluating
ChatterBot Quebec reevaluating
ChatterBot Delta reevaluating
ChatterBot Papa reevaluating
2024-10-14 18:10:52.737233 Yankee: I was attacked by Mike
ChatterBot X-ray reevaluating
ChatterBot Delta reevaluating
ChatterBot Romeo reevaluating
ChatterBot Papa reevaluating
ChatterBot Quebec reevaluating
2024-10-14 18:10:52.750458 Yankee: I'm keeping this round to protect myself
2024-10-14 18:10:52.751372 Yankee: Ow
2024-10-14 18:10:52.758673 Mike: Yankee and X-ray, sending you 3
2024-10-14 18:10:52.764677 Mike: Delta, Papa and Quebec, sending you 2
2024-10-14 18:10:52.770680 Mike: Romeo, sending you 4
2024-10-14 18:10:52.772230 Romeo: Yankee, X-ray, Delta and Quebec, sending you 4
2024-10-14 18:10:52.773695 X-ray: Yankee and Romeo, sending you 4
2024-10-14 18:10:52.776696 Romeo: Papa, sending you 3
2024-10-14 18:10:52.777691 X-ray: Delta and Quebec, sending you 3
2024-10-14 18:10:52.778685 Delta: Yankee, X-ray, Romeo and Papa, sending you 1
2024-10-14 18:10:52.779696 Quebec: Yankee, X-ray, Romeo, Papa and Mike, sending you 2
2024-10-14 18:10:52.781682 X-ray: Papa, sending you 5
chatterbot Golf submitting transactions
chatterbot X-ray submitting transactions
chatterbot Uniform submitting transactions
chatterbot Yankee submitting transactions
chatterbot Delta submitting transactions
chatterbot Quebec submitting transactions
chatterbot Mike submitting transactions
chatterbot Whiskey submitting transactions
chatterbot Romeo submitting transactions
chatterbot Papa submitting transactions
ChatterBot Whiskey round 9
ChatterBot Yankee round 9
ChatterBot X-ray round 9
ChatterBot Uniform round 9
ChatterBot Delta round 9
ChatterBot Golf round 9
ChatterBot Romeo round 9
ChatterBot Papa round 9
ChatterBot Quebec round 9
ChatterBot Mike round 9
2024-10-14 18:10:53.763607 X-ray: We should add Mike
ChatterBot Yankee reevaluating
ChatterBot Romeo reevaluating
ChatterBot Quebec reevaluating
2024-10-14 18:10:53.776359 Yankee: Yes
2024-10-14 18:10:53.776569 Delta: Yes
2024-10-14 18:10:53.776745 Romeo: Yes
2024-10-14 18:10:53.776915 Papa: Yes
2024-10-14 18:10:53.777054 Quebec: Yes
ChatterBot Romeo reevaluating
ChatterBot Quebec reevaluating
ChatterBot Yankee reevaluating
ChatterBot Romeo reevaluating
ChatterBot Quebec reevaluating
ChatterBot Yankee reevaluating
ChatterBot Quebec reevaluating
ChatterBot Yankee reevaluating
ChatterBot Romeo reevaluating
ChatterBot Quebec reevaluating
ChatterBot Yankee reevaluating
ChatterBot Romeo reevaluating
2024-10-14 18:10:53.846848 X-ray: Mike we want you to join our group
2024-10-14 18:10:53.850112 Mike: No
ChatterBot Yankee reevaluating
ChatterBot Quebec reevaluating
ChatterBot Romeo reevaluating
2024-10-14 18:10:53.865387 Mike: We should drop Quebec
ChatterBot Yankee reevaluating
2024-10-14 18:10:53.875964 Yankee: No
2024-10-14 18:10:53.876110 X-ray: No
2024-10-14 18:10:53.876214 Delta: No
2024-10-14 18:10:53.876315 Romeo: No
2024-10-14 18:10:53.876430 Papa: No
ChatterBot Mike reevaluating
ChatterBot Mike reevaluating
ChatterBot Yankee reevaluating
ChatterBot Mike reevaluating
ChatterBot Yankee reevaluating
ChatterBot Mike reevaluating
ChatterBot Yankee reevaluating
ChatterBot Mike reevaluating
ChatterBot Yankee reevaluating
2024-10-14 18:10:53.933676 Delta: Yankee, X-ray, Romeo, Papa and Mike, sending you 2
2024-10-14 18:10:53.935251 Golf: Sending you each 2
2024-10-14 18:10:53.935658 Whiskey: Uniform, sending you 7
2024-10-14 18:10:53.937663 Delta: Quebec, sending you 1
2024-10-14 18:10:53.939839 Mike: We should drop Delta
ChatterBot Yankee reevaluating
2024-10-14 18:10:53.951866 Yankee: No
2024-10-14 18:10:53.952025 X-ray: No
2024-10-14 18:10:53.952147 Romeo: No
2024-10-14 18:10:53.952265 Papa: No
2024-10-14 18:10:53.952393 Quebec: No
ChatterBot Mike reevaluating
ChatterBot Mike reevaluating
ChatterBot Yankee reevaluating
ChatterBot Mike reevaluating
ChatterBot Yankee reevaluating
ChatterBot Mike reevaluating
ChatterBot Yankee reevaluating
ChatterBot Mike reevaluating
ChatterBot Yankee reevaluating
2024-10-14 18:10:54.023752 Whiskey: Golf, sending you 4
2024-10-14 18:10:54.024197 Quebec: Yankee and Delta, sending you 1
2024-10-14 18:10:54.026681 Romeo: Yankee, X-ray, Delta, Papa and Quebec, sending you 3
2024-10-14 18:10:54.028413 X-ray: Yankee, Delta and Romeo, sending you 3
2024-10-14 18:10:54.029278 Quebec: X-ray, Romeo, Papa and Mike, sending you 2
2024-10-14 18:10:54.031671 X-ray: Papa and Mike, sending you 4
2024-10-14 18:10:54.032708 Romeo: Mike, sending you 4
2024-10-14 18:10:54.034660 X-ray: Quebec, sending you 2
chatterbot Delta submitting transactions
chatterbot Uniform submitting transactions
chatterbot Quebec submitting transactions
chatterbot Golf submitting transactions
chatterbot Romeo submitting transactions
chatterbot Papa submitting transactions
chatterbot Whiskey submitting transactions
chatterbot Yankee submitting transactions
chatterbot X-ray submitting transactions
chatterbot Mike submitting transactions
ChatterBot Whiskey round 10
ChatterBot Yankee round 10
ChatterBot X-ray round 10
ChatterBot Uniform round 10
ChatterBot Delta round 10
ChatterBot Golf round 10
ChatterBot Romeo round 10
ChatterBot Papa round 10
ChatterBot Quebec round 10
ChatterBot Mike round 10
2024-10-14 18:10:54.927515 Mike: We should replace Yankee with Delta
2024-10-14 18:10:54.938532 X-ray: No
2024-10-14 18:10:54.939248 Romeo: No
2024-10-14 18:10:54.939890 Papa: No
2024-10-14 18:10:54.940224 Quebec: No
2024-10-14 18:10:54.999685 Yankee: We should drop Mike
2024-10-14 18:10:55.012704 X-ray: No
2024-10-14 18:10:55.013410 Delta: No
2024-10-14 18:10:55.013706 Romeo: No
2024-10-14 18:10:55.013987 Papa: No
2024-10-14 18:10:55.014263 Quebec: No
ChatterBot Quebec reevaluating
ChatterBot Quebec reevaluating
ChatterBot Yankee reevaluating
ChatterBot Quebec reevaluating
ChatterBot Yankee reevaluating
ChatterBot Quebec reevaluating
ChatterBot Yankee reevaluating
2024-10-14 18:10:55.073018 Mike: Delta we want you to join our group
2024-10-14 18:10:55.075725 Delta: Yes
ChatterBot Quebec reevaluating
ChatterBot X-ray reevaluating
ChatterBot Papa reevaluating
2024-10-14 18:10:55.091663 Golf: Whiskey, sending you 5
2024-10-14 18:10:55.092843 Papa: We should drop Yankee
ChatterBot X-ray reevaluating
ChatterBot Romeo reevaluating
2024-10-14 18:10:55.104654 Quebec: Yes
2024-10-14 18:10:55.105434 X-ray: Yes
2024-10-14 18:10:55.105547 Delta: No
2024-10-14 18:10:55.105648 Romeo: Yes
2024-10-14 18:10:55.105815 Mike: Yes
ChatterBot X-ray reevaluating
ChatterBot Romeo reevaluating
ChatterBot Papa reevaluating
ChatterBot Romeo reevaluating
ChatterBot Papa reevaluating
ChatterBot X-ray reevaluating
ChatterBot Romeo reevaluating
ChatterBot Papa reevaluating
ChatterBot X-ray reevaluating
ChatterBot Papa reevaluating
ChatterBot X-ray reevaluating
ChatterBot Romeo reevaluating
ChatterBot Papa reevaluating
2024-10-14 18:10:55.168225 Whiskey: Uniform, sending you 6
2024-10-14 18:10:55.168482 Golf: Uniform, sending you 6
2024-10-14 18:10:55.168704 Delta: Yankee, X-ray, Romeo, Papa and Mike, sending you 2
2024-10-14 18:10:55.173358 Whiskey: Golf, sending you 5
2024-10-14 18:10:55.173732 Delta: Quebec, sending you 1
2024-10-14 18:10:55.187959 Quebec: Sending you each 2
2024-10-14 18:10:55.190684 X-ray: Delta and Quebec, sending you 3
2024-10-14 18:10:55.196658 X-ray: Romeo and Mike, sending you 4
2024-10-14 18:10:55.200683 X-ray: Papa, sending you 5
2024-10-14 18:10:55.208130 Romeo: X-ray, sending you 5
2024-10-14 18:10:55.211686 Romeo: Delta and Papa, sending you 3
2024-10-14 18:10:55.216752 Romeo: Quebec and Mike, sending you 4
chatterbot Delta submitting transactions
chatterbot Mike submitting transactions
chatterbot Quebec submitting transactions
chatterbot Uniform submitting transactions
chatterbot X-ray submitting transactions
chatterbot Papa submitting transactions
chatterbot Whiskey submitting transactions
chatterbot Golf submitting transactions
chatterbot Yankee submitting transactions
chatterbot Romeo submitting transactions
ChatterBot Whiskey round 11
ChatterBot Yankee round 11
ChatterBot X-ray round 11
ChatterBot Uniform round 11
ChatterBot Delta round 11
ChatterBot Golf round 11
ChatterBot Romeo round 11
ChatterBot Papa round 11
ChatterBot Quebec round 11
ChatterBot Mike round 11
2024-10-14 18:10:56.407253 Yankee: We should drop Mike
ChatterBot Papa reevaluating
2024-10-14 18:10:56.432371 X-ray: No
2024-10-14 18:10:56.433603 Delta: No
2024-10-14 18:10:56.433998 Romeo: No
2024-10-14 18:10:56.434465 Papa: No
2024-10-14 18:10:56.434870 Quebec: No
ChatterBot Yankee reevaluating
ChatterBot Papa reevaluating
ChatterBot Yankee reevaluating
ChatterBot Papa reevaluating
ChatterBot Yankee reevaluating
ChatterBot Papa reevaluating
ChatterBot Yankee reevaluating
ChatterBot Yankee reevaluating
ChatterBot Delta reevaluating
ChatterBot Papa reevaluating
2024-10-14 18:10:56.547657 Golf: Whiskey, sending you 7
2024-10-14 18:10:56.551708 Golf: Uniform, sending you 8
2024-10-14 18:10:56.552733 Whiskey: Uniform, sending you 6
2024-10-14 18:10:56.555670 Romeo: X-ray, Delta, Quebec and Mike, sending you 4
2024-10-14 18:10:56.557392 Papa: We should drop Yankee
ChatterBot Delta reevaluating
2024-10-14 18:10:56.568149 Quebec: Yes
2024-10-14 18:10:56.568378 X-ray: Yes
2024-10-14 18:10:56.568503 Delta: Yes
2024-10-14 18:10:56.568627 Romeo: Yes
2024-10-14 18:10:56.568772 Mike: Yes
ChatterBot Delta reevaluating
ChatterBot Delta reevaluating
ChatterBot Delta reevaluating
ChatterBot Delta reevaluating
2024-10-14 18:10:56.619383 Whiskey: Golf, sending you 5
2024-10-14 18:10:56.619784 Romeo: Papa, sending you 3
2024-10-14 18:10:56.624686 X-ray: Delta, Quebec and Mike, sending you 3
2024-10-14 18:10:56.625241 Quebec: Same as last round
2024-10-14 18:10:56.628695 X-ray: Romeo, sending you 4
2024-10-14 18:10:56.632670 X-ray: Papa, sending you 6
chatterbot Mike submitting transactions
chatterbot Romeo submitting transactions
chatterbot X-ray submitting transactions
chatterbot Uniform submitting transactions
chatterbot Papa submitting transactions
chatterbot Golf submitting transactions
chatterbot Delta submitting transactions
chatterbot Whiskey submitting transactions
chatterbot Quebec submitting transactions
chatterbot Yankee submitting transactions
ChatterBot Whiskey round 12
ChatterBot Yankee round 12
ChatterBot X-ray round 12
ChatterBot Uniform round 12
ChatterBot Delta round 12
ChatterBot Golf round 12
ChatterBot Romeo round 12
ChatterBot Papa round 12
ChatterBot Quebec round 12
ChatterBot Mike round 12
2024-10-14 18:10:57.693161 Papa: We should drop Yankee
2024-10-14 18:10:57.710664 Quebec: Yes
2024-10-14 18:10:57.710823 X-ray: Yes
2024-10-14 18:10:57.711344 Delta: Yes
2024-10-14 18:10:57.711459 Romeo: Yes
2024-10-14 18:10:57.711558 Mike: Yes
2024-10-14 18:10:57.893681 Whiskey: Uniform, sending you 6
2024-10-14 18:10:57.895740 X-ray: Delta, Quebec and Mike, sending you 3
2024-10-14 18:10:57.897811 Romeo: X-ray, sending you 5
2024-10-14 18:10:57.899698 Golf: Sending you each 8
2024-10-14 18:10:57.900484 Delta: X-ray, Papa, Quebec and Mike, sending you 2
2024-10-14 18:10:57.902603 Quebec: X-ray, Papa and Mike, sending you 2
2024-10-14 18:10:57.903649 Whiskey: Golf, sending you 5
2024-10-14 18:10:57.905096 X-ray: Romeo, sending you 4
2024-10-14 18:10:57.905984 Romeo: Delta and Mike, sending you 3
2024-10-14 18:10:57.906904 Delta: Romeo, sending you 3
2024-10-14 18:10:57.908517 Quebec: Delta, sending you 1
2024-10-14 18:10:57.910272 X-ray: Papa, sending you 6
2024-10-14 18:10:57.911549 Romeo: Papa and Quebec, sending you 4
2024-10-14 18:10:57.913070 Mike: X-ray and Romeo, sending you 3
2024-10-14 18:10:57.914059 Quebec: Romeo, sending you 3
2024-10-14 18:10:57.917823 Mike: Delta, Papa and Quebec, sending you 2
chatterbot Golf submitting transactions
chatterbot Yankee submitting transactions
chatterbot Mike submitting transactions
chatterbot X-ray submitting transactions
chatterbot Whiskey submitting transactions
chatterbot Uniform submitting transactions
chatterbot Romeo submitting transactions
chatterbot Delta submitting transactions
chatterbot Papa submitting transactions
chatterbot Quebec submitting transactions
ChatterBot Whiskey round 13
ChatterBot Yankee round 13
ChatterBot X-ray round 13
ChatterBot Uniform round 13
ChatterBot Delta round 13
ChatterBot Golf round 13
ChatterBot Romeo round 13
ChatterBot Papa round 13
ChatterBot Quebec round 13
ChatterBot Mike round 13
2024-10-14 18:10:58.966409 Papa: We should drop Yankee
2024-10-14 18:10:58.983796 Quebec: Yes
2024-10-14 18:10:58.983952 X-ray: Yes
2024-10-14 18:10:58.984060 Delta: Yes
2024-10-14 18:10:58.984170 Romeo: Yes
2024-10-14 18:10:58.984285 Mike: Yes
2024-10-14 18:10:59.054676 Romeo: X-ray, Delta, Quebec and Mike, sending you 4
2024-10-14 18:10:59.055666 Golf: Whiskey, sending you 10
2024-10-14 18:10:59.055981 Whiskey: Uniform, sending you 5
2024-10-14 18:10:59.056250 Delta: X-ray, Papa, Quebec and Mike, sending you 2
2024-10-14 18:10:59.056821 X-ray: Delta and Quebec, sending you 3
2024-10-14 18:10:59.058679 Whiskey: Golf, sending you 6
2024-10-14 18:10:59.060662 Romeo: Papa, sending you 3
2024-10-14 18:10:59.061234 Golf: Uniform, sending you 8
2024-10-14 18:10:59.061512 X-ray: Romeo and Mike, sending you 4
2024-10-14 18:10:59.062227 Delta: Romeo, sending you 3
2024-10-14 18:10:59.066668 X-ray: Papa, sending you 5
2024-10-14 18:10:59.075686 Mike: X-ray, Delta and Quebec, sending you 1
2024-10-14 18:10:59.076711 Quebec: X-ray, Delta, Romeo, Papa and Mike, sending you 2
chatterbot X-ray submitting transactions
chatterbot Romeo submitting transactions
chatterbot Whiskey submitting transactions
chatterbot Uniform submitting transactions
chatterbot Mike submitting transactions
