ChatterBot Mike round 1
ChatterBot Foxtrot round 1
ChatterBot Papa round 1
ChatterBot Kilo round 1
ChatterBot Tango round 1
ChatterBot Yankee round 1
ChatterBot Charlie round 1
ChatterBot Echo round 1
ChatterBot Bravo round 1
ChatterBot Oscar round 1
randomSelections Papa: {Papa, Yankee, Charlie, Kilo, Bravo, Mike, Oscar} 
2024-10-14 18:10:41.411512 Papa: Group up?
ChatterBot Yankee reevaluating
ChatterBot Charlie reevaluating
ChatterBot Kilo reevaluating
ChatterBot Bravo reevaluating
ChatterBot Mike reevaluating
ChatterBot Oscar reevaluating
2024-10-14 18:10:41.423441 Yankee: Yes
2024-10-14 18:10:41.423553 Charlie: Yes
2024-10-14 18:10:41.423665 Kilo: Yes
2024-10-14 18:10:41.424987 Bravo: Yes
2024-10-14 18:10:41.425144 Mike: Yes
2024-10-14 18:10:41.428736 Oscar: Yes
ChatterBot Charlie reevaluating
ChatterBot Kilo reevaluating
ChatterBot Bravo reevaluating
ChatterBot Mike reevaluating
ChatterBot Oscar reevaluating
ChatterBot Yankee reevaluating
ChatterBot Kilo reevaluating
ChatterBot Bravo reevaluating
ChatterBot Mike reevaluating
ChatterBot Oscar reevaluating
ChatterBot Yankee reevaluating
ChatterBot Charlie reevaluating
ChatterBot Bravo reevaluating
ChatterBot Mike reevaluating
ChatterBot Oscar reevaluating
ChatterBot Yankee reevaluating
ChatterBot Charlie reevaluating
ChatterBot Kilo reevaluating
ChatterBot Mike reevaluating
ChatterBot Oscar reevaluating
ChatterBot Yankee reevaluating
ChatterBot Charlie reevaluating
ChatterBot Kilo reevaluating
ChatterBot Bravo reevaluating
ChatterBot Oscar reevaluating
ChatterBot Yankee reevaluating
ChatterBot Charlie reevaluating
ChatterBot Kilo reevaluating
ChatterBot Bravo reevaluating
ChatterBot Mike reevaluating
randomSelections Echo: {Echo, Charlie, Papa, Foxtrot, Mike, Oscar, Tango} 
2024-10-14 18:10:41.569575 Echo: Group up?
ChatterBot Charlie reevaluating
ChatterBot Foxtrot reevaluating
ChatterBot Mike reevaluating
ChatterBot Oscar reevaluating
ChatterBot Tango reevaluating
2024-10-14 18:10:41.580259 Charlie: No
2024-10-14 18:10:41.580937 Papa: No
2024-10-14 18:10:41.581274 Foxtrot: Yes
2024-10-14 18:10:41.582224 Mike: No
2024-10-14 18:10:41.582629 Oscar: No
2024-10-14 18:10:41.582912 Tango: Yes
ChatterBot Foxtrot reevaluating
ChatterBot Mike reevaluating
ChatterBot Oscar reevaluating
ChatterBot Tango reevaluating
ChatterBot Charlie reevaluating
ChatterBot Foxtrot reevaluating
ChatterBot Mike reevaluating
ChatterBot Oscar reevaluating
ChatterBot Tango reevaluating
ChatterBot Charlie reevaluating
ChatterBot Mike reevaluating
ChatterBot Oscar reevaluating
ChatterBot Tango reevaluating
ChatterBot Charlie reevaluating
ChatterBot Foxtrot reevaluating
ChatterBot Oscar reevaluating
ChatterBot Tango reevaluating
ChatterBot Charlie reevaluating
ChatterBot Foxtrot reevaluating
ChatterBot Mike reevaluating
ChatterBot Tango reevaluating
ChatterBot Charlie reevaluating
ChatterBot Foxtrot reevaluating
ChatterBot Mike reevaluating
ChatterBot Oscar reevaluating
2024-10-14 18:10:41.675708 Echo: Mike, sending you 3
2024-10-14 18:10:41.676804 Foxtrot: Mike, Tango and Echo, sending you 3
2024-10-14 18:10:41.678847 Echo: Foxtrot and Tango, sending you 1
2024-10-14 18:10:41.684777 Papa: Bravo, sending you 1
2024-10-14 18:10:41.685758 Foxtrot: Papa, sending you 1
2024-10-14 18:10:41.686095 Echo: Papa and Oscar, sending you 5
2024-10-14 18:10:41.687798 Mike: Papa, Kilo, Charlie, Bravo and Oscar, sending you 1
2024-10-14 18:10:41.688979 Oscar: Mike and Bravo, sending you 1
2024-10-14 18:10:41.689730 Bravo: Mike, Kilo and Yankee, sending you 2
2024-10-14 18:10:41.690855 Foxtrot: Charlie and Oscar, sending you 2
2024-10-14 18:10:41.691398 Charlie: Mike, Kilo and Oscar, sending you 1
2024-10-14 18:10:41.692402 Kilo: Mike, Charlie and Bravo, sending you 1
2024-10-14 18:10:41.692868 Tango: Mike and Charlie, sending you 1
2024-10-14 18:10:41.693701 Yankee: Mike, Kilo and Charlie, sending you 3
2024-10-14 18:10:41.694105 Oscar: Papa, sending you 3
2024-10-14 18:10:41.695953 Bravo: Papa, sending you 4
2024-10-14 18:10:41.696873 Kilo: Papa and Oscar, sending you 2
2024-10-14 18:10:41.697240 Charlie: Papa, sending you 2
2024-10-14 18:10:41.700533 Tango: Foxtrot, sending you 2
2024-10-14 18:10:41.701272 Yankee: Papa, sending you 1
2024-10-14 18:10:41.701574 Oscar: Yankee, sending you 5
2024-10-14 18:10:41.701900 Kilo: Yankee, sending you 3
2024-10-14 18:10:41.702622 Bravo: Charlie and Oscar, sending you 1
2024-10-14 18:10:41.702901 Charlie: Yankee, sending you 4
2024-10-14 18:10:41.711199 Yankee: Oscar, sending you 4
2024-10-14 18:10:41.711734 Tango: Papa and Echo, sending you 3
2024-10-14 18:10:41.712275 Charlie: Bravo, sending you 5
2024-10-14 18:10:41.713290 Oscar: Charlie, sending you 2
chatterbot Papa submitting transactions
chatterbot Kilo submitting transactions
chatterbot Bravo submitting transactions
chatterbot Echo submitting transactions
chatterbot Charlie submitting transactions
chatterbot Tango submitting transactions
chatterbot Yankee submitting transactions
chatterbot Oscar submitting transactions
chatterbot Foxtrot submitting transactions
chatterbot Mike submitting transactions
ChatterBot Mike round 2
ChatterBot Foxtrot round 2
ChatterBot Papa round 2
ChatterBot Kilo round 2
2024-10-14 18:10:44.516513 Foxtrot: Can we be friends?
ChatterBot Papa reevaluating
ChatterBot Tango reevaluating
ChatterBot Echo reevaluating
2024-10-14 18:10:44.562520 Papa: No
2024-10-14 18:10:44.562755 Tango: No
2024-10-14 18:10:44.563396 Echo: No
ChatterBot Foxtrot reevaluating
ChatterBot Tango reevaluating
ChatterBot Echo reevaluating
ChatterBot Foxtrot reevaluating
ChatterBot Papa reevaluating
ChatterBot Echo reevaluating
ChatterBot Foxtrot reevaluating
ChatterBot Papa reevaluating
ChatterBot Tango reevaluating
2024-10-14 18:10:44.740769 Tango: Can we be friends?
ChatterBot Foxtrot reevaluating
2024-10-14 18:10:44.745777 Foxtrot: Yes
ChatterBot Tango reevaluating
ChatterBot Tango round 2
ChatterBot Yankee round 2
ChatterBot Charlie round 2
ChatterBot Echo round 2
ChatterBot Bravo round 2
ChatterBot Oscar round 2
2024-10-14 18:10:44.823150 Mike: We should drop Papa
ChatterBot Bravo reevaluating
2024-10-14 18:10:44.852498 Kilo: No
2024-10-14 18:10:44.853157 Yankee: Yes
2024-10-14 18:10:44.853524 Charlie: Yes
2024-10-14 18:10:44.854447 Bravo: Yes
2024-10-14 18:10:44.854811 Oscar: Yes
ChatterBot Bravo reevaluating
ChatterBot Bravo reevaluating
ChatterBot Oscar reevaluating
ChatterBot Bravo reevaluating
ChatterBot Oscar reevaluating
ChatterBot Kilo reevaluating
ChatterBot Oscar reevaluating
ChatterBot Kilo reevaluating
ChatterBot Bravo reevaluating
2024-10-14 18:10:44.969223 Echo: We should drop Charlie and Oscar
ChatterBot Foxtrot reevaluating
2024-10-14 18:10:44.983083 Foxtrot: Yes
2024-10-14 18:10:44.983318 Papa: No
2024-10-14 18:10:44.983462 Tango: Yes
2024-10-14 18:10:44.983600 Mike: No
ChatterBot Foxtrot reevaluating
ChatterBot Echo reevaluating
ChatterBot Foxtrot reevaluating
ChatterBot Echo reevaluating
ChatterBot Foxtrot reevaluating
2024-10-14 18:10:45.158846 Tango: Foxtrot, sending you 5
2024-10-14 18:10:45.159115 Papa: Bravo, sending you 1
2024-10-14 18:10:45.160067 Oscar: We should drop Papa and Mike
ChatterBot Kilo reevaluating
2024-10-14 18:10:45.171678 Kilo: No
2024-10-14 18:10:45.171849 Yankee: No
2024-10-14 18:10:45.171993 Charlie: No
2024-10-14 18:10:45.172133 Bravo: No
ChatterBot Oscar reevaluating
ChatterBot Bravo reevaluating
ChatterBot Oscar reevaluating
ChatterBot Kilo reevaluating
ChatterBot Bravo reevaluating
ChatterBot Oscar reevaluating
ChatterBot Kilo reevaluating
ChatterBot Bravo reevaluating
ChatterBot Oscar reevaluating
ChatterBot Kilo reevaluating
2024-10-14 18:10:45.223121 Tango: Papa, sending you 1
2024-10-14 18:10:45.223785 Mike: Kilo, Charlie and Bravo, sending you 1
2024-10-14 18:10:45.259463 Charlie: Mike, Kilo and Oscar, sending you 1
2024-10-14 18:10:45.259896 Yankee: Mike and Bravo, sending you 2
2024-10-14 18:10:45.260174 Tango: Echo, sending you 3
2024-10-14 18:10:45.260873 Mike: Yankee, sending you 2
2024-10-14 18:10:45.268467 Charlie: Yankee, sending you 2
2024-10-14 18:10:45.268883 Yankee: Kilo and Charlie, sending you 3
2024-10-14 18:10:45.269641 Echo: Mike and Papa, sending you 3
2024-10-14 18:10:45.289325 Yankee: Oscar, sending you 4
2024-10-14 18:10:45.289764 Echo: Foxtrot, sending you 5
2024-10-14 18:10:45.344645 Bravo: Kilo and Oscar, sending you 2
2024-10-14 18:10:45.345410 Echo: Tango, sending you 4
2024-10-14 18:10:45.345815 Oscar: Mike and Charlie, sending you 2
2024-10-14 18:10:45.393728 Bravo: Yankee, sending you 1
2024-10-14 18:10:45.394781 Oscar: Kilo, sending you 3
2024-10-14 18:10:45.408946 Bravo: Charlie, sending you 7
2024-10-14 18:10:45.409344 Oscar: Yankee, sending you 5
chatterbot Charlie submitting transactions
chatterbot Papa submitting transactions
chatterbot Oscar submitting transactions
chatterbot Mike submitting transactions
chatterbot Echo submitting transactions
chatterbot Tango submitting transactions
chatterbot Yankee submitting transactions
chatterbot Kilo submitting transactions
chatterbot Bravo submitting transactions
chatterbot Foxtrot submitting transactions
ChatterBot Mike round 3
ChatterBot Foxtrot round 3
ChatterBot Papa round 3
ChatterBot Kilo round 3
ChatterBot Tango round 3
ChatterBot Yankee round 3
ChatterBot Charlie round 3
ChatterBot Echo round 3
ChatterBot Bravo round 3
ChatterBot Oscar round 3
2024-10-14 18:10:46.162739 Papa: Friends?
ChatterBot Foxtrot reevaluating
ChatterBot Tango reevaluating
ChatterBot Echo reevaluating
2024-10-14 18:10:46.176973 Foxtrot: Yes
2024-10-14 18:10:46.177274 Tango: Yes
2024-10-14 18:10:46.177466 Echo: Yes
ChatterBot Tango reevaluating
ChatterBot Echo reevaluating
ChatterBot Foxtrot reevaluating
ChatterBot Echo reevaluating
ChatterBot Foxtrot reevaluating
ChatterBot Tango reevaluating
2024-10-14 18:10:46.236548 Echo: We should drop Mike
ChatterBot Foxtrot reevaluating
ChatterBot Tango reevaluating
2024-10-14 18:10:46.246226 Foxtrot: Yes
2024-10-14 18:10:46.246349 Papa: Yes
2024-10-14 18:10:46.246495 Tango: Yes
ChatterBot Tango reevaluating
ChatterBot Foxtrot reevaluating
ChatterBot Tango reevaluating
ChatterBot Foxtrot reevaluating
2024-10-14 18:10:46.277655 Papa: Echo, sending you 1
2024-10-14 18:10:46.278693 Yankee: Mike and Bravo, sending you 2
2024-10-14 18:10:46.279648 Charlie: Mike and Kilo, sending you 2
2024-10-14 18:10:46.280262 Mike: Sending you each 1
2024-10-14 18:10:46.282847 Charlie: Yankee, sending you 4
2024-10-14 18:10:46.283681 Yankee: Kilo and Charlie, sending you 3
2024-10-14 18:10:46.285962 Echo: Foxtrot, sending you 8
2024-10-14 18:10:46.286663 Charlie: Bravo, sending you 5
2024-10-14 18:10:46.286965 Yankee: Oscar, sending you 4
2024-10-14 18:10:46.287671 Bravo: Mike and Yankee, sending you 2
2024-10-14 18:10:46.288705 Oscar: Mike, sending you 1
2024-10-14 18:10:46.289667 Echo: Tango, sending you 7
2024-10-14 18:10:46.289984 Charlie: Oscar, sending you 3
2024-10-14 18:10:46.292661 Bravo: Kilo, sending you 3
2024-10-14 18:10:46.293677 Oscar: Kilo, Charlie and Bravo, sending you 2
2024-10-14 18:10:46.297023 Oscar: Yankee, sending you 5
2024-10-14 18:10:46.297666 Bravo: Charlie, sending you 4
2024-10-14 18:10:46.299669 Tango: Foxtrot and Echo, sending you 4
2024-10-14 18:10:46.302670 Bravo: Oscar, sending you 1
chatterbot Foxtrot submitting transactions
chatterbot Echo submitting transactions
chatterbot Kilo submitting transactions
chatterbot Mike submitting transactions
chatterbot Yankee submitting transactions
chatterbot Oscar submitting transactions
chatterbot Charlie submitting transactions
chatterbot Papa submitting transactions
chatterbot Bravo submitting transactions
chatterbot Tango submitting transactions
ChatterBot Mike round 4
ChatterBot Foxtrot round 4
ChatterBot Papa round 4
ChatterBot Kilo round 4
ChatterBot Tango round 4
ChatterBot Yankee round 4
ChatterBot Charlie round 4
ChatterBot Echo round 4
2024-10-14 18:10:47.520952 Foxtrot: We should add Papa
2024-10-14 18:10:47.532690 Tango: Yes
2024-10-14 18:10:47.532884 Echo: Yes
ChatterBot Foxtrot reevaluating
ChatterBot Foxtrot reevaluating
ChatterBot Bravo round 4
ChatterBot Oscar round 4
2024-10-14 18:10:47.588576 Foxtrot: Papa we want you to join our group
2024-10-14 18:10:47.591447 Papa: Yes
ChatterBot Foxtrot reevaluating
2024-10-14 18:10:47.601606 Tango: Foxtrot and Echo, sending you 4
2024-10-14 18:10:47.601906 Papa: Echo, sending you 1
2024-10-14 18:10:47.602259 Bravo: We should drop Mike
ChatterBot Oscar reevaluating
ChatterBot Kilo reevaluating
2024-10-14 18:10:47.614583 Oscar: Yes
2024-10-14 18:10:47.614730 Kilo: No
2024-10-14 18:10:47.614836 Yankee: No
2024-10-14 18:10:47.614929 Charlie: No
ChatterBot Kilo reevaluating
ChatterBot Oscar reevaluating
ChatterBot Bravo reevaluating
ChatterBot Oscar reevaluating
ChatterBot Kilo reevaluating
ChatterBot Bravo reevaluating
ChatterBot Oscar reevaluating
ChatterBot Kilo reevaluating
ChatterBot Bravo reevaluating
2024-10-14 18:10:47.754828 Mike: Same as last round
2024-10-14 18:10:47.759274 Yankee: Mike and Bravo, sending you 2
2024-10-14 18:10:47.760065 Echo: Foxtrot, Papa and Tango, sending you 5
2024-10-14 18:10:47.761090 Charlie: Mike and Kilo, sending you 2
2024-10-14 18:10:47.763696 Yankee: Kilo and Charlie, sending you 3
2024-10-14 18:10:47.765670 Charlie: Yankee, sending you 4
2024-10-14 18:10:47.767671 Yankee: Oscar, sending you 4
2024-10-14 18:10:47.768667 Charlie: Bravo, sending you 5
2024-10-14 18:10:47.772750 Charlie: Oscar, sending you 3
2024-10-14 18:10:47.773977 Foxtrot: Papa, sending you 4
2024-10-14 18:10:47.775292 Bravo: Mike and Yankee, sending you 2
2024-10-14 18:10:47.777677 Foxtrot: Tango and Echo, sending you 5
2024-10-14 18:10:47.780310 Oscar: Kilo and Bravo, sending you 2
2024-10-14 18:10:47.780872 Bravo: Kilo, sending you 3
2024-10-14 18:10:47.783691 Oscar: Yankee, sending you 5
2024-10-14 18:10:47.785279 Bravo: Charlie, sending you 4
2024-10-14 18:10:47.789661 Oscar: Charlie, sending you 3
2024-10-14 18:10:47.790954 Bravo: Oscar, sending you 1
chatterbot Papa submitting transactions
chatterbot Mike submitting transactions
chatterbot Charlie submitting transactions
chatterbot Echo submitting transactions
chatterbot Foxtrot submitting transactions
chatterbot Bravo submitting transactions
chatterbot Tango submitting transactions
chatterbot Yankee submitting transactions
chatterbot Oscar submitting transactions
chatterbot Kilo submitting transactions
ChatterBot Mike round 5
ChatterBot Foxtrot round 5
ChatterBot Papa round 5
ChatterBot Kilo round 5
ChatterBot Tango round 5
ChatterBot Yankee round 5
ChatterBot Charlie round 5
ChatterBot Echo round 5
ChatterBot Bravo round 5
ChatterBot Oscar round 5
2024-10-14 18:10:48.705890 Bravo: We should drop Mike
2024-10-14 18:10:48.716156 Oscar: Yes
2024-10-14 18:10:48.716348 Kilo: No
2024-10-14 18:10:48.716476 Yankee: No
2024-10-14 18:10:48.716591 Charlie: No
ChatterBot Kilo reevaluating
ChatterBot Oscar reevaluating
ChatterBot Bravo reevaluating
ChatterBot Oscar reevaluating
ChatterBot Kilo reevaluating
ChatterBot Bravo reevaluating
ChatterBot Oscar reevaluating
ChatterBot Kilo reevaluating
ChatterBot Bravo reevaluating
2024-10-14 18:10:48.760301 Mike: Same as last round
2024-10-14 18:10:48.763683 Tango: Foxtrot and Echo, sending you 4
2024-10-14 18:10:48.764184 Papa: Echo, sending you 1
2024-10-14 18:10:48.765670 Echo: Same as last round
2024-10-14 18:10:48.766450 Yankee: Mike and Bravo, sending you 2
2024-10-14 18:10:48.766881 Foxtrot: Papa, sending you 4
2024-10-14 18:10:48.767190 Charlie: Sending you each 1
2024-10-14 18:10:48.770672 Yankee: Kilo and Charlie, sending you 3
2024-10-14 18:10:48.771174 Foxtrot: Tango and Echo, sending you 5
2024-10-14 18:10:48.774687 Yankee: Oscar, sending you 4
2024-10-14 18:10:48.775165 Bravo: Mike, Kilo, Yankee and Oscar, sending you 2
2024-10-14 18:10:48.780664 Bravo: Charlie, sending you 4
2024-10-14 18:10:48.781763 Oscar: Mike, sending you 1
2024-10-14 18:10:48.785680 Oscar: Kilo and Bravo, sending you 2
2024-10-14 18:10:48.790673 Oscar: Yankee, sending you 4
2024-10-14 18:10:48.795677 Oscar: Charlie, sending you 3
chatterbot Charlie submitting transactions
chatterbot Yankee submitting transactions
chatterbot Foxtrot submitting transactions
chatterbot Bravo submitting transactions
chatterbot Papa submitting transactions
chatterbot Echo submitting transactions
chatterbot Oscar submitting transactions
chatterbot Mike submitting transactions
chatterbot Tango submitting transactions
chatterbot Kilo submitting transactions
ChatterBot Mike round 6
ChatterBot Foxtrot round 6
ChatterBot Papa round 6
ChatterBot Kilo round 6
ChatterBot Tango round 6
ChatterBot Yankee round 6
ChatterBot Charlie round 6
ChatterBot Echo round 6
ChatterBot Bravo round 6
ChatterBot Oscar round 6
2024-10-14 18:10:49.974037 Kilo: We should replace Papa with Tango
2024-10-14 18:10:49.988318 Mike: No
2024-10-14 18:10:49.988484 Yankee: No
2024-10-14 18:10:49.988605 Charlie: No
2024-10-14 18:10:49.988733 Bravo: No
2024-10-14 18:10:49.988850 Oscar: No
ChatterBot Oscar reevaluating
ChatterBot Kilo reevaluating
ChatterBot Oscar reevaluating
ChatterBot Kilo reevaluating
ChatterBot Oscar reevaluating
ChatterBot Kilo reevaluating
ChatterBot Oscar reevaluating
ChatterBot Kilo reevaluating
2024-10-14 18:10:50.066721 Mike: Same as last round
2024-10-14 18:10:50.075675 Charlie: Mike and Kilo, sending you 2
2024-10-14 18:10:50.076696 Bravo: Mike, Kilo, Yankee and Oscar, sending you 2
2024-10-14 18:10:50.077692 Tango: Foxtrot, sending you 3
2024-10-14 18:10:50.079212 Charlie: Yankee, sending you 4
2024-10-14 18:10:50.080695 Foxtrot: Tango and Echo, sending you 7
2024-10-14 18:10:50.081213 Foxtrot: I was attacked by Charlie
ChatterBot Papa reevaluating
ChatterBot Tango reevaluating
ChatterBot Echo reevaluating
2024-10-14 18:10:50.095601 Foxtrot: Ow
2024-10-14 18:10:50.096322 Yankee: Mike and Bravo, sending you 2
2024-10-14 18:10:50.097416 Bravo: Charlie, sending you 4
2024-10-14 18:10:50.097947 Charlie: Bravo, sending you 5
2024-10-14 18:10:50.100674 Yankee: Kilo and Charlie, sending you 3
2024-10-14 18:10:50.101295 Oscar: Mike, sending you 1
2024-10-14 18:10:50.102669 Charlie: Oscar, sending you 3
2024-10-14 18:10:50.104701 Yankee: Oscar, sending you 4
2024-10-14 18:10:50.105265 Oscar: Kilo, Charlie and Bravo, sending you 2
2024-10-14 18:10:50.109688 Oscar: Yankee, sending you 5
chatterbot Foxtrot submitting transactions
chatterbot Kilo submitting transactions
chatterbot Mike submitting transactions
chatterbot Bravo submitting transactions
chatterbot Papa submitting transactions
chatterbot Tango submitting transactions
chatterbot Charlie submitting transactions
chatterbot Echo submitting transactions
chatterbot Oscar submitting transactions
chatterbot Yankee submitting transactions
ChatterBot Mike round 7
ChatterBot Foxtrot round 7
ChatterBot Papa round 7
ChatterBot Kilo round 7
ChatterBot Tango round 7
ChatterBot Yankee round 7
ChatterBot Charlie round 7
ChatterBot Echo round 7
ChatterBot Bravo round 7
ChatterBot Oscar round 7
2024-10-14 18:10:51.304050 Kilo: We should replace Papa with Tango
ChatterBot Oscar reevaluating
2024-10-14 18:10:51.316549 Mike: No
2024-10-14 18:10:51.316988 Yankee: No
2024-10-14 18:10:51.317137 Charlie: No
2024-10-14 18:10:51.317272 Bravo: No
2024-10-14 18:10:51.317391 Oscar: No
ChatterBot Kilo reevaluating
ChatterBot Oscar reevaluating
ChatterBot Kilo reevaluating
ChatterBot Oscar reevaluating
ChatterBot Kilo reevaluating
ChatterBot Yankee reevaluating
ChatterBot Bravo reevaluating
ChatterBot Oscar reevaluating
ChatterBot Kilo reevaluating
ChatterBot Yankee reevaluating
ChatterBot Oscar reevaluating
ChatterBot Kilo reevaluating
ChatterBot Yankee reevaluating
ChatterBot Bravo reevaluating
2024-10-14 18:10:51.398245 Echo: We should add Kilo
2024-10-14 18:10:51.404288 Foxtrot: No
2024-10-14 18:10:51.404423 Papa: No
2024-10-14 18:10:51.404523 Tango: No
ChatterBot Echo reevaluating
ChatterBot Echo reevaluating
ChatterBot Echo reevaluating
2024-10-14 18:10:51.428665 Mike: Same as last round
2024-10-14 18:10:51.429684 Tango: Foxtrot, sending you 3
2024-10-14 18:10:51.430102 Papa: Echo, sending you 1
2024-10-14 18:10:51.433769 Kilo: Tango we want you to join our group
2024-10-14 18:10:51.437565 Tango: No
ChatterBot Kilo reevaluating
ChatterBot Yankee reevaluating
2024-10-14 18:10:51.454050 Tango: Echo, sending you 4
2024-10-14 18:10:51.454401 Bravo: Mike, Kilo, Yankee and Oscar, sending you 2
2024-10-14 18:10:51.454869 Charlie: Mike, sending you 2
2024-10-14 18:10:51.456668 Foxtrot: Tango and Echo, sending you 7
2024-10-14 18:10:51.457660 Oscar: Mike, sending you 1
2024-10-14 18:10:51.458683 Bravo: Charlie, sending you 4
2024-10-14 18:10:51.459111 Echo: Same as last round
2024-10-14 18:10:51.459658 Charlie: Kilo and Oscar, sending you 3
2024-10-14 18:10:51.462659 Oscar: Kilo and Bravo, sending you 2
2024-10-14 18:10:51.464725 Charlie: Yankee and Bravo, sending you 4
2024-10-14 18:10:51.466664 Oscar: Yankee, sending you 4
2024-10-14 18:10:51.470692 Oscar: Charlie, sending you 3
2024-10-14 18:10:51.475661 Yankee: Mike and Bravo, sending you 2
2024-10-14 18:10:51.479665 Yankee: Kilo and Charlie, sending you 3
2024-10-14 18:10:51.482672 Yankee: Oscar, sending you 4
chatterbot Papa submitting transactions
chatterbot Kilo submitting transactions
chatterbot Charlie submitting transactions
chatterbot Oscar submitting transactions
chatterbot Yankee submitting transactions
chatterbot Bravo submitting transactions
chatterbot Mike submitting transactions
chatterbot Echo submitting transactions
chatterbot Tango submitting transactions
chatterbot Foxtrot submitting transactions
ChatterBot Mike round 8
ChatterBot Foxtrot round 8
ChatterBot Papa round 8
ChatterBot Kilo round 8
ChatterBot Tango round 8
ChatterBot Yankee round 8
ChatterBot Charlie round 8
ChatterBot Echo round 8
ChatterBot Bravo round 8
ChatterBot Oscar round 8
2024-10-14 18:10:52.659025 Kilo: We should replace Papa with Tango
2024-10-14 18:10:52.674250 Mike: No
2024-10-14 18:10:52.674807 Yankee: No
2024-10-14 18:10:52.674943 Charlie: No
2024-10-14 18:10:52.675064 Bravo: No
2024-10-14 18:10:52.675166 Oscar: No
ChatterBot Kilo reevaluating
ChatterBot Kilo reevaluating
ChatterBot Bravo reevaluating
ChatterBot Kilo reevaluating
ChatterBot Bravo reevaluating
ChatterBot Oscar reevaluating
ChatterBot Kilo reevaluating
ChatterBot Oscar reevaluating
ChatterBot Kilo reevaluating
ChatterBot Bravo reevaluating
2024-10-14 18:10:52.749609 Echo: We should add Bravo
2024-10-14 18:10:52.756858 Foxtrot: No
2024-10-14 18:10:52.757 Papa: No
2024-10-14 18:10:52.757134 Tango: No
ChatterBot Echo reevaluating
ChatterBot Echo reevaluating
2024-10-14 18:10:52.786894 Oscar: We should drop Mike
ChatterBot Kilo reevaluating
ChatterBot Yankee reevaluating
ChatterBot Bravo reevaluating
2024-10-14 18:10:52.798298 Kilo: No
2024-10-14 18:10:52.798446 Yankee: Yes
2024-10-14 18:10:52.798591 Charlie: No
2024-10-14 18:10:52.798720 Bravo: No
ChatterBot Oscar reevaluating
ChatterBot Yankee reevaluating
ChatterBot Bravo reevaluating
ChatterBot Oscar reevaluating
ChatterBot Kilo reevaluating
ChatterBot Bravo reevaluating
ChatterBot Oscar reevaluating
ChatterBot Kilo reevaluating
ChatterBot Yankee reevaluating
ChatterBot Bravo reevaluating
ChatterBot Oscar reevaluating
ChatterBot Kilo reevaluating
ChatterBot Yankee reevaluating
2024-10-14 18:10:52.842665 Foxtrot: Tango and Echo, sending you 7
2024-10-14 18:10:52.843198 Mike: Same as last round
2024-10-14 18:10:52.846706 Papa: Echo, sending you 1
2024-10-14 18:10:52.847960 Tango: Foxtrot, sending you 3
2024-10-14 18:10:52.850681 Tango: Echo, sending you 4
2024-10-14 18:10:52.851790 Kilo: Echo we want you to join our group
ChatterBot Echo reevaluating
2024-10-14 18:10:52.854978 Echo: No
ChatterBot Kilo reevaluating
ChatterBot Oscar reevaluating
2024-10-14 18:10:52.872063 Charlie: Sending you each 1
2024-10-14 18:10:52.872729 Yankee: Mike and Bravo, sending you 2
2024-10-14 18:10:52.873280 Kilo: Tango we want you to join our group
2024-10-14 18:10:52.876171 Tango: No
ChatterBot Kilo reevaluating
ChatterBot Oscar reevaluating
2024-10-14 18:10:52.892641 Yankee: Kilo and Charlie, sending you 3
2024-10-14 18:10:52.895663 Yankee: Oscar, sending you 4
2024-10-14 18:10:52.903671 Echo: Same as last round
2024-10-14 18:10:52.907673 Bravo: Kilo and Yankee, sending you 3
2024-10-14 18:10:52.911679 Bravo: Charlie, sending you 4
2024-10-14 18:10:52.915657 Oscar: Mike, sending you 1
2024-10-14 18:10:52.916678 Bravo: Oscar, sending you 2
2024-10-14 18:10:52.919654 Oscar: Kilo and Bravo, sending you 2
2024-10-14 18:10:52.923674 Oscar: Yankee, sending you 4
2024-10-14 18:10:52.928664 Oscar: Charlie, sending you 3
chatterbot Foxtrot submitting transactions
chatterbot Echo submitting transactions
chatterbot Oscar submitting transactions
chatterbot Kilo submitting transactions
chatterbot Papa submitting transactions
chatterbot Mike submitting transactions
chatterbot Bravo submitting transactions
chatterbot Charlie submitting transactions
chatterbot Tango submitting transactions
chatterbot Yankee submitting transactions
ChatterBot Mike round 9
ChatterBot Foxtrot round 9
ChatterBot Papa round 9
ChatterBot Kilo round 9
ChatterBot Tango round 9
ChatterBot Yankee round 9
ChatterBot Charlie round 9
ChatterBot Echo round 9
ChatterBot Bravo round 9
ChatterBot Oscar round 9
2024-10-14 18:10:54.065667 Papa: Echo, sending you 1
2024-10-14 18:10:54.067694 Yankee: Mike, sending you 2
2024-10-14 18:10:54.072988 Oscar: We should drop Mike
ChatterBot Kilo reevaluating
ChatterBot Bravo reevaluating
2024-10-14 18:10:54.086478 Kilo: No
2024-10-14 18:10:54.086657 Yankee: No
2024-10-14 18:10:54.086849 Charlie: No
2024-10-14 18:10:54.086986 Bravo: Yes
ChatterBot Oscar reevaluating
ChatterBot Bravo reevaluating
ChatterBot Oscar reevaluating
ChatterBot Kilo reevaluating
ChatterBot Bravo reevaluating
ChatterBot Oscar reevaluating
ChatterBot Kilo reevaluating
ChatterBot Bravo reevaluating
ChatterBot Oscar reevaluating
ChatterBot Kilo reevaluating
2024-10-14 18:10:54.140274 Yankee: Kilo, Charlie, Bravo and Oscar, sending you 3
2024-10-14 18:10:54.141586 Mike: Same as last round
2024-10-14 18:10:54.142668 Echo: Foxtrot and Tango, sending you 5
2024-10-14 18:10:54.143706 Charlie: Mike, sending you 2
2024-10-14 18:10:54.146675 Foxtrot: Tango and Echo, sending you 7
2024-10-14 18:10:54.147210 Tango: Foxtrot and Echo, sending you 3
2024-10-14 18:10:54.147595 Echo: Papa, sending you 4
2024-10-14 18:10:54.148309 Echo: I was attacked by Charlie
ChatterBot Foxtrot reevaluating
ChatterBot Papa reevaluating
ChatterBot Tango reevaluating
2024-10-14 18:10:54.156471 Echo: Ow
2024-10-14 18:10:54.157506 Charlie: Kilo and Oscar, sending you 3
2024-10-14 18:10:54.161712 Charlie: Yankee and Bravo, sending you 4
2024-10-14 18:10:54.162972 Oscar: Mike, sending you 1
2024-10-14 18:10:54.167672 Oscar: Kilo, Charlie and Bravo, sending you 2
2024-10-14 18:10:54.169905 Bravo: Mike, Kilo, Yankee and Oscar, sending you 2
2024-10-14 18:10:54.172828 Oscar: Yankee, sending you 5
2024-10-14 18:10:54.173656 Bravo: Charlie, sending you 4
chatterbot Charlie submitting transactions
chatterbot Echo submitting transactions
chatterbot Mike submitting transactions
chatterbot Foxtrot submitting transactions
chatterbot Papa submitting transactions
chatterbot Tango submitting transactions
chatterbot Kilo submitting transactions
chatterbot Yankee submitting transactions
chatterbot Bravo submitting transactions
chatterbot Oscar submitting transactions
ChatterBot Mike round 10
ChatterBot Foxtrot round 10
ChatterBot Papa round 10
ChatterBot Kilo round 10
ChatterBot Tango round 10
ChatterBot Yankee round 10
ChatterBot Charlie round 10
ChatterBot Echo round 10
ChatterBot Bravo round 10
ChatterBot Oscar round 10
2024-10-14 18:10:55.290526 Papa: We should add Yankee
ChatterBot Echo reevaluating
2024-10-14 18:10:55.300844 Foxtrot: No
2024-10-14 18:10:55.301046 Tango: No
2024-10-14 18:10:55.301207 Echo: Yes
ChatterBot Papa reevaluating
ChatterBot Echo reevaluating
ChatterBot Papa reevaluating
ChatterBot Echo reevaluating
ChatterBot Papa reevaluating
2024-10-14 18:10:55.346524 Kilo: We should replace Papa with Tango
2024-10-14 18:10:55.360483 Mike: No
2024-10-14 18:10:55.360679 Yankee: No
2024-10-14 18:10:55.360912 Charlie: No
2024-10-14 18:10:55.361039 Bravo: No
2024-10-14 18:10:55.361164 Oscar: No
ChatterBot Kilo reevaluating
ChatterBot Yankee reevaluating
ChatterBot Kilo reevaluating
ChatterBot Kilo reevaluating
ChatterBot Yankee reevaluating
ChatterBot Kilo reevaluating
ChatterBot Yankee reevaluating
ChatterBot Kilo reevaluating
ChatterBot Yankee reevaluating
2024-10-14 18:10:55.439693 Charlie: Sending you each 1
2024-10-14 18:10:55.441354 Foxtrot: Tango and Echo, sending you 7
2024-10-14 18:10:55.443668 Yankee: Mike and Bravo, sending you 2
2024-10-14 18:10:55.447697 Yankee: Kilo and Charlie, sending you 3
2024-10-14 18:10:55.450756 Tango: Foxtrot and Echo, sending you 3
2024-10-14 18:10:55.451697 Mike: Same as last round
2024-10-14 18:10:55.452672 Echo: Foxtrot and Tango, sending you 5
2024-10-14 18:10:55.453666 Yankee: Oscar, sending you 4
2024-10-14 18:10:55.454866 Bravo: Mike, sending you 1
2024-10-14 18:10:55.455400 Oscar: Mike, sending you 1
2024-10-14 18:10:55.455957 Tango: Yankee, sending you 1
2024-10-14 18:10:55.456665 Echo: Papa, sending you 4
2024-10-14 18:10:55.457052 Papa: Echo, sending you 1
2024-10-14 18:10:55.458853 Bravo: Kilo and Oscar, sending you 2
2024-10-14 18:10:55.459667 Oscar: Kilo and Bravo, sending you 2
2024-10-14 18:10:55.461680 Bravo: Yankee, sending you 3
2024-10-14 18:10:55.463663 Oscar: Yankee, sending you 4
2024-10-14 18:10:55.467656 Bravo: Charlie, sending you 4
2024-10-14 18:10:55.468362 Oscar: Charlie, sending you 3
chatterbot Foxtrot submitting transactions
chatterbot Bravo submitting transactions
chatterbot Kilo submitting transactions
chatterbot Echo submitting transactions
chatterbot Charlie submitting transactions
chatterbot Oscar submitting transactions
chatterbot Mike submitting transactions
chatterbot Papa submitting transactions
chatterbot Yankee submitting transactions
chatterbot Tango submitting transactions
ChatterBot Mike round 11
ChatterBot Foxtrot round 11
ChatterBot Papa round 11
ChatterBot Kilo round 11
ChatterBot Tango round 11
ChatterBot Yankee round 11
ChatterBot Charlie round 11
ChatterBot Echo round 11
ChatterBot Bravo round 11
ChatterBot Oscar round 11
2024-10-14 18:10:56.651001 Yankee: We should drop Mike
ChatterBot Oscar reevaluating
ChatterBot Kilo reevaluating
ChatterBot Charlie reevaluating
ChatterBot Bravo reevaluating
2024-10-14 18:10:56.668140 Oscar: Yes
2024-10-14 18:10:56.668316 Kilo: No
2024-10-14 18:10:56.668478 Charlie: Yes
2024-10-14 18:10:56.668639 Bravo: Yes
ChatterBot Kilo reevaluating
ChatterBot Charlie reevaluating
ChatterBot Bravo reevaluating
ChatterBot Oscar reevaluating
ChatterBot Yankee reevaluating
ChatterBot Charlie reevaluating
ChatterBot Bravo reevaluating
ChatterBot Oscar reevaluating
ChatterBot Kilo reevaluating
ChatterBot Yankee reevaluating
ChatterBot Bravo reevaluating
ChatterBot Oscar reevaluating
ChatterBot Kilo reevaluating
ChatterBot Yankee reevaluating
ChatterBot Charlie reevaluating
2024-10-14 18:10:56.722701 Foxtrot: Tango and Echo, sending you 7
2024-10-14 18:10:56.723495 Foxtrot: I was attacked by Charlie
ChatterBot Papa reevaluating
ChatterBot Tango reevaluating
ChatterBot Echo reevaluating
2024-10-14 18:10:56.735866 Foxtrot: Ow
2024-10-14 18:10:56.736882 Mike: Same as last round
2024-10-14 18:10:56.756672 Echo: Foxtrot and Tango, sending you 5
2024-10-14 18:10:56.759681 Echo: Papa, sending you 4
2024-10-14 18:10:56.762681 Papa: Echo, sending you 1
2024-10-14 18:10:56.764183 Tango: Foxtrot, sending you 2
2024-10-14 18:10:56.765689 Charlie: Kilo, sending you 3
2024-10-14 18:10:56.766684 Bravo: Kilo and Yankee, sending you 3
2024-10-14 18:10:56.767879 Tango: Echo, sending you 3
2024-10-14 18:10:56.768675 Charlie: Yankee and Oscar, sending you 4
2024-10-14 18:10:56.771684 Charlie: Bravo, sending you 5
2024-10-14 18:10:56.772659 Bravo: Charlie, sending you 4
2024-10-14 18:10:56.773129 Oscar: Kilo and Charlie, sending you 3
2024-10-14 18:10:56.777666 Bravo: Oscar, sending you 2
2024-10-14 18:10:56.778566 Oscar: Yankee, sending you 4
2024-10-14 18:10:56.782669 Oscar: Bravo, sending you 2
chatterbot Foxtrot submitting transactions
chatterbot Charlie submitting transactions
chatterbot Papa submitting transactions
chatterbot Echo submitting transactions
chatterbot Kilo submitting transactions
chatterbot Mike submitting transactions
chatterbot Yankee submitting transactions
chatterbot Oscar submitting transactions
chatterbot Bravo submitting transactions
chatterbot Tango submitting transactions
ChatterBot Mike round 12
ChatterBot Foxtrot round 12
ChatterBot Papa round 12
ChatterBot Kilo round 12
ChatterBot Tango round 12
ChatterBot Yankee round 12
ChatterBot Charlie round 12
ChatterBot Echo round 12
ChatterBot Bravo round 12
ChatterBot Oscar round 12
2024-10-14 18:10:57.975742 Yankee: We should drop Mike
ChatterBot Kilo reevaluating
2024-10-14 18:10:57.988403 Oscar: Yes
2024-10-14 18:10:57.988692 Kilo: No
2024-10-14 18:10:57.988987 Charlie: Yes
2024-10-14 18:10:57.989244 Bravo: Yes
ChatterBot Kilo reevaluating
ChatterBot Yankee reevaluating
ChatterBot Yankee reevaluating
ChatterBot Kilo reevaluating
ChatterBot Yankee reevaluating
ChatterBot Kilo reevaluating
ChatterBot Yankee reevaluating
2024-10-14 18:10:58.037668 Bravo: Kilo and Yankee, sending you 3
2024-10-14 18:10:58.038670 Echo: Foxtrot and Tango, sending you 5
2024-10-14 18:10:58.039260 Papa: Echo, sending you 1
2024-10-14 18:10:58.040760 Foxtrot: Tango and Echo, sending you 7
2024-10-14 18:10:58.041501 Mike: Same as last round
2024-10-14 18:10:58.042726 Echo: Papa, sending you 4
2024-10-14 18:10:58.043679 Bravo: Charlie, sending you 4
2024-10-14 18:10:58.047678 Bravo: Oscar, sending you 2
2024-10-14 18:10:58.053668 Charlie: Kilo, Yankee and Oscar, sending you 1
2024-10-14 18:10:58.055665 Tango: Foxtrot, sending you 2
2024-10-14 18:10:58.056163 Oscar: Kilo and Bravo, sending you 2
2024-10-14 18:10:58.058670 Charlie: Bravo, sending you 2
2024-10-14 18:10:58.059665 Oscar: Yankee, sending you 5
2024-10-14 18:10:58.061365 Tango: Echo, sending you 3
2024-10-14 18:10:58.062683 Oscar: Charlie, sending you 3
2024-10-14 18:10:58.070704 Yankee: Kilo and Bravo, sending you 3
2024-10-14 18:10:58.073656 Yankee: Charlie and Oscar, sending you 4
chatterbot Echo submitting transactions
chatterbot Papa submitting transactions
chatterbot Charlie submitting transactions
chatterbot Yankee submitting transactions
chatterbot Foxtrot submitting transactions
chatterbot Bravo submitting transactions
chatterbot Kilo submitting transactions
chatterbot Mike submitting transactions
chatterbot Oscar submitting transactions
chatterbot Tango submitting transactions
ChatterBot Mike round 13
ChatterBot Foxtrot round 13
ChatterBot Papa round 13
ChatterBot Kilo round 13
ChatterBot Tango round 13
ChatterBot Yankee round 13
ChatterBot Charlie round 13
ChatterBot Echo round 13
ChatterBot Bravo round 13
ChatterBot Oscar round 13
2024-10-14 18:10:59.215394 Kilo: We should group up
2024-10-14 18:10:59.229537 Yankee: No
2024-10-14 18:10:59.229680 Charlie: No
2024-10-14 18:10:59.229789 Bravo: No
2024-10-14 18:10:59.229887 Oscar: No
2024-10-14 18:10:59.229985 Tango: No
ChatterBot Kilo reevaluating
ChatterBot Kilo reevaluating
ChatterBot Kilo reevaluating
ChatterBot Kilo reevaluating
ChatterBot Kilo reevaluating
2024-10-14 18:10:59.327092 Foxtrot: Tango and Echo, sending you 7
2024-10-14 18:10:59.327795 Tango: Foxtrot and Echo, sending you 2
2024-10-14 18:10:59.333673 Charlie: Kilo, sending you 3
2024-10-14 18:10:59.334335 Papa: Echo, sending you 1
2024-10-14 18:10:59.335696 Bravo: Kilo and Yankee, sending you 3
2024-10-14 18:10:59.337690 Yankee: Kilo, Charlie and Bravo, sending you 3
2024-10-14 18:10:59.339780 Oscar: Kilo and Charlie, sending you 3
2024-10-14 18:10:59.340364 Charlie: Yankee and Oscar, sending you 4
2024-10-14 18:10:59.340870 Mike: Same as last round
2024-10-14 18:10:59.341520 Echo: Foxtrot and Tango, sending you 4
2024-10-14 18:10:59.341924 Bravo: Charlie, sending you 4
2024-10-14 18:10:59.342666 Yankee: Oscar, sending you 5
2024-10-14 18:10:59.344934 Oscar: Yankee, sending you 4
2024-10-14 18:10:59.345574 Charlie: Bravo, sending you 5
2024-10-14 18:10:59.346846 Echo: Papa, sending you 3
2024-10-14 18:10:59.347317 Echo: I was attacked by Charlie
ChatterBot Foxtrot reevaluating
ChatterBot Papa reevaluating
ChatterBot Tango reevaluating
2024-10-14 18:10:59.401117 Echo: Ow
2024-10-14 18:10:59.402969 Bravo: Oscar, sending you 2
2024-10-14 18:10:59.406929 Oscar: Bravo, sending you 2
chatterbot Echo submitting transactions
chatterbot Oscar submitting transactions
chatterbot Foxtrot submitting transactions
chatterbot Mike submitting transactions
chatterbot Papa submitting transactions
chatterbot Bravo submitting transactions
chatterbot Tango submitting transactions
chatterbot Yankee submitting transactions
chatterbot Kilo submitting transactions
chatterbot Charlie submitting transactions
ChatterBot Mike round 14
ChatterBot Foxtrot round 14
ChatterBot Papa round 14
ChatterBot Kilo round 14
ChatterBot Tango round 14
ChatterBot Yankee round 14
ChatterBot Charlie round 14
ChatterBot Echo round 14
ChatterBot Bravo round 14
ChatterBot Oscar round 14
2024-10-14 18:11:00.592676 Foxtrot: Tango and Echo, sending you 7
2024-10-14 18:11:00.593229 Charlie: Kilo, Yankee and Oscar, sending you 1
2024-10-14 18:11:00.593902 Bravo: Kilo and Oscar, sending you 2
2024-10-14 18:11:00.594686 Echo: Foxtrot and Papa, sending you 3
2024-10-14 18:11:00.596698 Charlie: Bravo, sending you 2
2024-10-14 18:11:00.597674 Echo: Tango, sending you 4
2024-10-14 18:11:00.598675 Bravo: Yankee, sending you 3
2024-10-14 18:11:00.599138 Tango: Foxtrot and Echo, sending you 2
2024-10-14 18:11:00.599514 Oscar: Kilo and Bravo, sending you 2
2024-10-14 18:11:00.600115 Yankee: Kilo, Charlie and Bravo, sending you 3
2024-10-14 18:11:00.601662 Mike: Same as last round
2024-10-14 18:11:00.602503 Papa: Echo, sending you 1
2024-10-14 18:11:00.603021 Bravo: Charlie, sending you 5
2024-10-14 18:11:00.603897 Oscar: Yankee, sending you 5
2024-10-14 18:11:00.604605 Yankee: Oscar, sending you 5
2024-10-14 18:11:00.608663 Oscar: Charlie, sending you 3
chatterbot Mike submitting transactions
chatterbot Yankee submitting transactions
chatterbot Tango submitting transactions
chatterbot Echo submitting transactions
chatterbot Oscar submitting transactions
chatterbot Papa submitting transactions
chatterbot Kilo submitting transactions
chatterbot Charlie submitting transactions
chatterbot Bravo submitting transactions
chatterbot Foxtrot submitting transactions
ChatterBot Mike round 15
ChatterBot Foxtrot round 15
ChatterBot Papa round 15
ChatterBot Kilo round 15
ChatterBot Tango round 15
ChatterBot Yankee round 15
ChatterBot Charlie round 15
ChatterBot Echo round 15
2024-10-14 18:11:01.802582 Mike: Group up?
ChatterBot Echo reevaluating
ChatterBot Foxtrot reevaluating
ChatterBot Papa reevaluating
ChatterBot Tango reevaluating
2024-10-14 18:11:01.819961 Echo: Yes
2024-10-14 18:11:01.820498 Foxtrot: Yes
2024-10-14 18:11:01.820649 Papa: Yes
2024-10-14 18:11:01.820844 Tango: Yes
ChatterBot Foxtrot reevaluating
ChatterBot Papa reevaluating
ChatterBot Tango reevaluating
ChatterBot Echo reevaluating
ChatterBot Papa reevaluating
ChatterBot Tango reevaluating
ChatterBot Echo reevaluating
ChatterBot Foxtrot reevaluating
ChatterBot Tango reevaluating
ChatterBot Echo reevaluating
ChatterBot Foxtrot reevaluating
ChatterBot Papa reevaluating
2024-10-14 18:11:01.873862 Echo: We should add Mike
2024-10-14 18:11:01.874226 Papa: We should add Mike
2024-10-14 18:11:01.874460 Tango: We should add Mike
ChatterBot Foxtrot reevaluating
ChatterBot Papa reevaluating
ChatterBot Tango reevaluating
2024-10-14 18:11:01.883212 Foxtrot: Yes
ChatterBot Foxtrot reevaluating
2024-10-14 18:11:01.886265 Papa: Yes
