ChatterBot Foxtrot round 1
ChatterBot Uniform round 1
ChatterBot India round 1
ChatterBot Romeo round 1
ChatterBot Golf round 1
ChatterBot Tango round 1
ChatterBot Juliett round 1
ChatterBot Zulu round 1
ChatterBot Papa round 1
ChatterBot Kilo round 1
randomSelections Golf: {Golf, India, Romeo, Foxtrot, Uniform, Kilo, Tango} 
2024-10-14 18:10:41.520704 Golf: We would work well together
ChatterBot India reevaluating
ChatterBot Romeo reevaluating
ChatterBot Foxtrot reevaluating
ChatterBot Uniform reevaluating
ChatterBot Kilo reevaluating
ChatterBot Tango reevaluating
2024-10-14 18:10:41.534137 India: Yes
2024-10-14 18:10:41.534559 Romeo: Yes
2024-10-14 18:10:41.534779 Foxtrot: Yes
2024-10-14 18:10:41.534980 Uniform: Yes
2024-10-14 18:10:41.535241 Kilo: Yes
2024-10-14 18:10:41.536111 Tango: Yes
ChatterBot Romeo reevaluating
ChatterBot Foxtrot reevaluating
ChatterBot Uniform reevaluating
ChatterBot Kilo reevaluating
ChatterBot Tango reevaluating
ChatterBot India reevaluating
ChatterBot Foxtrot reevaluating
ChatterBot Uniform reevaluating
ChatterBot Kilo reevaluating
ChatterBot Tango reevaluating
ChatterBot India reevaluating
ChatterBot Romeo reevaluating
ChatterBot Uniform reevaluating
ChatterBot Kilo reevaluating
ChatterBot Tango reevaluating
ChatterBot India reevaluating
ChatterBot Romeo reevaluating
ChatterBot Foxtrot reevaluating
ChatterBot Kilo reevaluating
ChatterBot Tango reevaluating
ChatterBot India reevaluating
ChatterBot Romeo reevaluating
ChatterBot Foxtrot reevaluating
ChatterBot Uniform reevaluating
ChatterBot Tango reevaluating
ChatterBot India reevaluating
ChatterBot Romeo reevaluating
ChatterBot Foxtrot reevaluating
ChatterBot Uniform reevaluating
ChatterBot Kilo reevaluating
randomSelections Zulu: {Zulu, India, Papa, Juliett, Kilo, Golf, Romeo, Uniform} 
2024-10-14 18:10:41.615188 Zulu: We should group up
ChatterBot India reevaluating
ChatterBot Papa reevaluating
ChatterBot Juliett reevaluating
ChatterBot Kilo reevaluating
ChatterBot Romeo reevaluating
ChatterBot Uniform reevaluating
2024-10-14 18:10:41.627346 India: No
2024-10-14 18:10:41.627523 Papa: Yes
2024-10-14 18:10:41.627687 Juliett: Yes
2024-10-14 18:10:41.627799 Kilo: No
2024-10-14 18:10:41.627994 Golf: No
2024-10-14 18:10:41.628146 Romeo: No
2024-10-14 18:10:41.628926 Uniform: No
ChatterBot Papa reevaluating
ChatterBot Juliett reevaluating
ChatterBot Kilo reevaluating
ChatterBot Romeo reevaluating
ChatterBot Uniform reevaluating
ChatterBot India reevaluating
ChatterBot Juliett reevaluating
ChatterBot Kilo reevaluating
ChatterBot Romeo reevaluating
ChatterBot Uniform reevaluating
ChatterBot India reevaluating
ChatterBot Papa reevaluating
ChatterBot Kilo reevaluating
ChatterBot Romeo reevaluating
ChatterBot Uniform reevaluating
ChatterBot India reevaluating
ChatterBot Papa reevaluating
ChatterBot Juliett reevaluating
ChatterBot Romeo reevaluating
ChatterBot Uniform reevaluating
ChatterBot India reevaluating
ChatterBot Papa reevaluating
ChatterBot Juliett reevaluating
ChatterBot Kilo reevaluating
ChatterBot Romeo reevaluating
ChatterBot Uniform reevaluating
ChatterBot India reevaluating
ChatterBot Papa reevaluating
ChatterBot Juliett reevaluating
ChatterBot Kilo reevaluating
ChatterBot Uniform reevaluating
ChatterBot India reevaluating
ChatterBot Papa reevaluating
ChatterBot Juliett reevaluating
ChatterBot Kilo reevaluating
ChatterBot Romeo reevaluating
2024-10-14 18:10:41.747895 Foxtrot: Uniform and Golf, sending you 1
2024-10-14 18:10:41.751341 Foxtrot: India and Kilo, sending you 4
2024-10-14 18:10:41.753103 India: Foxtrot, sending you 3
2024-10-14 18:10:41.753714 Uniform: Foxtrot and Romeo, sending you 1
2024-10-14 18:10:41.754876 Papa: Uniform and Zulu, sending you 4
2024-10-14 18:10:41.755411 Romeo: Uniform, sending you 3
2024-10-14 18:10:41.756502 Foxtrot: Romeo and Tango, sending you 2
2024-10-14 18:10:41.757036 India: Uniform, sending you 1
2024-10-14 18:10:41.758797 Papa: India, Golf and Kilo, sending you 1
2024-10-14 18:10:41.759820 Uniform: India and Golf, sending you 3
2024-10-14 18:10:41.760342 Zulu: Uniform and Papa, sending you 3
2024-10-14 18:10:41.761344 Romeo: India, sending you 2
2024-10-14 18:10:41.761797 Juliett: Uniform, Romeo and Zulu, sending you 1
2024-10-14 18:10:41.762835 Golf: Foxtrot, India and Tango, sending you 1
2024-10-14 18:10:41.763348 India: Romeo, sending you 4
2024-10-14 18:10:41.764367 Zulu: India, Romeo, Golf and Juliett, sending you 1
2024-10-14 18:10:41.766050 Papa: Juliett, sending you 3
2024-10-14 18:10:41.766582 Uniform: Tango and Kilo, sending you 2
2024-10-14 18:10:41.767591 Kilo: Foxtrot and Golf, sending you 3
2024-10-14 18:10:41.768106 Romeo: Golf, sending you 4
2024-10-14 18:10:41.768516 Golf: Uniform, sending you 4
2024-10-14 18:10:41.769365 Tango: Foxtrot, Romeo and Golf, sending you 1
2024-10-14 18:10:41.769843 India: Golf and Kilo, sending you 2
2024-10-14 18:10:41.770775 Juliett: India, sending you 3
2024-10-14 18:10:41.777403 Golf: Romeo, sending you 2
2024-10-14 18:10:41.778448 Kilo: Uniform, sending you 2
2024-10-14 18:10:41.778850 Romeo: Tango, sending you 7
2024-10-14 18:10:41.779234 Tango: Uniform, sending you 3
2024-10-14 18:10:41.780160 India: Tango, sending you 6
2024-10-14 18:10:41.780536 Juliett: Golf, sending you 2
2024-10-14 18:10:41.780999 Golf: Kilo, sending you 5
2024-10-14 18:10:41.783832 Kilo: India and Romeo, sending you 1
2024-10-14 18:10:41.784279 Tango: India and Kilo, sending you 2
2024-10-14 18:10:41.785820 Juliett: Papa and Kilo, sending you 5
chatterbot India submitting transactions
chatterbot Kilo submitting transactions
chatterbot Juliett submitting transactions
chatterbot Uniform submitting transactions
chatterbot Zulu submitting transactions
chatterbot Tango submitting transactions
chatterbot Golf submitting transactions
chatterbot Romeo submitting transactions
chatterbot Foxtrot submitting transactions
chatterbot Papa submitting transactions
ChatterBot Foxtrot round 2
ChatterBot Uniform round 2
ChatterBot India round 2
ChatterBot Romeo round 2
ChatterBot Golf round 2
ChatterBot Tango round 2
ChatterBot Juliett round 2
ChatterBot Zulu round 2
ChatterBot Papa round 2
ChatterBot Kilo round 2
2024-10-14 18:10:43.389279 Zulu: Friends?
ChatterBot Juliett reevaluating
ChatterBot Papa reevaluating
2024-10-14 18:10:43.401978 Juliett: Yes
2024-10-14 18:10:43.402239 Papa: Yes
ChatterBot Papa reevaluating
ChatterBot Juliett reevaluating
2024-10-14 18:10:43.427062 Papa: Friends?
ChatterBot Juliett reevaluating
2024-10-14 18:10:43.439909 Zulu: Yes
2024-10-14 18:10:43.440118 Juliett: Yes
ChatterBot Juliett reevaluating
ChatterBot Papa reevaluating
ChatterBot Papa reevaluating
2024-10-14 18:10:44.159447 Tango: Foxtrot, Uniform, Golf and Kilo, sending you 1
2024-10-14 18:10:44.160595 Romeo: Foxtrot, Uniform, Golf and Tango, sending you 3
2024-10-14 18:10:44.161497 Kilo: Foxtrot, sending you 2
2024-10-14 18:10:44.162679 Golf: Foxtrot and India, sending you 2
2024-10-14 18:10:44.163783 India: Foxtrot, sending you 4
2024-10-14 18:10:44.164398 Uniform: Foxtrot and India, sending you 1
2024-10-14 18:10:44.165313 Foxtrot: Uniform, Golf and Tango, sending you 2
2024-10-14 18:10:44.165907 Zulu: Juliett, sending you 3
chatterbot Zulu submitting transactions
chatterbot India submitting transactions
chatterbot Uniform submitting transactions
chatterbot Golf submitting transactions
chatterbot Romeo submitting transactions
2024-10-14 18:10:44.167507 Tango: India, sending you 2
2024-10-14 18:10:44.168621 Romeo: India, sending you 4
2024-10-14 18:10:44.169201 Kilo: Uniform, India, Romeo and Tango, sending you 1
2024-10-14 18:10:44.170335 Golf: Uniform, Romeo and Kilo, sending you 3
2024-10-14 18:10:44.171442 India: Uniform, Romeo, Golf and Tango, sending you 3
2024-10-14 18:10:44.171931 Uniform: Romeo, Tango and Kilo, sending you 2
2024-10-14 18:10:44.173029 Foxtrot: India, sending you 4
2024-10-14 18:10:44.173602 Juliett: Zulu, sending you 8
2024-10-14 18:10:44.174037 Papa: Juliett, sending you 5
2024-10-14 18:10:44.174781 Zulu: Papa, sending you 7
2024-10-14 18:10:44.175188 Tango: Romeo, sending you 4
2024-10-14 18:10:44.176203 Romeo: Kilo, sending you 2
2024-10-14 18:10:44.176810 Golf: Tango, sending you 1
2024-10-14 18:10:44.178025 Kilo: Golf, sending you 4
2024-10-14 18:10:44.179180 India: Kilo, sending you 2
2024-10-14 18:10:44.179948 Uniform: Golf, sending you 4
2024-10-14 18:10:44.181604 Foxtrot: Romeo, sending you 1
2024-10-14 18:10:44.182949 Juliett: Papa, sending you 11
2024-10-14 18:10:44.183334 Papa: Zulu, sending you 6
2024-10-14 18:10:44.319989 Foxtrot: Kilo, sending you 3
chatterbot Papa submitting transactions
chatterbot Foxtrot submitting transactions
chatterbot Juliett submitting transactions
chatterbot Kilo submitting transactions
chatterbot Tango submitting transactions
ChatterBot Foxtrot round 3
ChatterBot Uniform round 3
ChatterBot India round 3
ChatterBot Romeo round 3
ChatterBot Golf round 3
ChatterBot Tango round 3
ChatterBot Juliett round 3
ChatterBot Zulu round 3
ChatterBot Papa round 3
ChatterBot Kilo round 3
2024-10-14 18:10:45.046839 India: We should drop Tango
2024-10-14 18:10:45.060450 Foxtrot: No
2024-10-14 18:10:45.060705 Uniform: No
2024-10-14 18:10:45.060854 Romeo: No
2024-10-14 18:10:45.060999 Golf: No
2024-10-14 18:10:45.061159 Kilo: No
ChatterBot India reevaluating
ChatterBot India reevaluating
ChatterBot India reevaluating
ChatterBot India reevaluating
2024-10-14 18:10:45.184519 Juliett: Zulu, sending you 8
2024-10-14 18:10:45.185373 Romeo: Foxtrot, Uniform and Golf, sending you 3
2024-10-14 18:10:45.185846 Uniform: Foxtrot, sending you 1
2024-10-14 18:10:45.186257 Kilo: Foxtrot, Uniform, India and Golf, sending you 2
2024-10-14 18:10:45.187219 Golf: Foxtrot and India, sending you 2
2024-10-14 18:10:45.187876 Foxtrot: Uniform, Romeo, Golf and Tango, sending you 2
2024-10-14 18:10:45.188579 Zulu: Sending you each 5
2024-10-14 18:10:45.188882 Tango: Foxtrot, Uniform, India and Romeo, sending you 2
2024-10-14 18:10:45.189316 Juliett: Papa, sending you 11
2024-10-14 18:10:45.216674 Romeo: India and Tango, sending you 4
2024-10-14 18:10:45.217805 Uniform: India, Romeo, Tango and Kilo, sending you 2
2024-10-14 18:10:45.218207 Golf: Uniform, Romeo and Kilo, sending you 3
2024-10-14 18:10:45.218599 Foxtrot: India and Kilo, sending you 3
2024-10-14 18:10:45.219589 Kilo: Romeo and Tango, sending you 1
2024-10-14 18:10:45.220137 Papa: Juliett, sending you 4
2024-10-14 18:10:45.220773 Tango: Golf and Kilo, sending you 1
2024-10-14 18:10:45.221267 Uniform: Golf, sending you 3
2024-10-14 18:10:45.221643 Golf: Tango, sending you 1
2024-10-14 18:10:45.257805 Romeo: Kilo, sending you 2
2024-10-14 18:10:45.258416 India: Foxtrot, sending you 4
2024-10-14 18:10:45.259397 Papa: Zulu, sending you 5
2024-10-14 18:10:45.268119 India: Uniform, Romeo, Golf and Tango, sending you 3
2024-10-14 18:10:45.288320 India: Kilo, sending you 2
chatterbot Kilo submitting transactions
chatterbot Zulu submitting transactions
chatterbot Golf submitting transactions
chatterbot Uniform submitting transactions
chatterbot Papa submitting transactions
chatterbot Romeo submitting transactions
chatterbot Juliett submitting transactions
chatterbot Foxtrot submitting transactions
chatterbot India submitting transactions
chatterbot Tango submitting transactions
ChatterBot Foxtrot round 4
ChatterBot Uniform round 4
ChatterBot India round 4
ChatterBot Romeo round 4
ChatterBot Golf round 4
ChatterBot Tango round 4
ChatterBot Juliett round 4
ChatterBot Zulu round 4
ChatterBot Papa round 4
ChatterBot Kilo round 4
2024-10-14 18:10:46.261672 Juliett: Zulu, sending you 9
2024-10-14 18:10:46.262024 Romeo: Foxtrot, Uniform and Tango, sending you 3
2024-10-14 18:10:46.262715 India: Sending you each 3
2024-10-14 18:10:46.263732 Tango: Foxtrot, Uniform, India and Romeo, sending you 2
2024-10-14 18:10:46.265665 Juliett: Papa, sending you 10
2024-10-14 18:10:46.265956 Romeo: India and Golf, sending you 4
2024-10-14 18:10:46.267683 Golf: Foxtrot and India, sending you 2
2024-10-14 18:10:46.268669 Tango: Golf and Kilo, sending you 1
2024-10-14 18:10:46.269766 Kilo: Foxtrot, Uniform, India and Golf, sending you 2
2024-10-14 18:10:46.270426 Romeo: Kilo, sending you 2
2024-10-14 18:10:46.270972 Uniform: Foxtrot, sending you 1
2024-10-14 18:10:46.271970 Golf: Uniform, Romeo and Kilo, sending you 3
2024-10-14 18:10:46.274658 Foxtrot: Uniform, Romeo, Golf, Tango and Kilo, sending you 2
2024-10-14 18:10:46.275276 Kilo: Romeo and Tango, sending you 1
2024-10-14 18:10:46.275778 Uniform: India, Romeo, Tango and Kilo, sending you 2
2024-10-14 18:10:46.276275 Zulu: Same as last round
2024-10-14 18:10:46.276980 Papa: Juliett, sending you 4
2024-10-14 18:10:46.277254 Golf: Tango, sending you 1
2024-10-14 18:10:46.278658 Foxtrot: India, sending you 4
2024-10-14 18:10:46.279667 Uniform: Golf, sending you 3
2024-10-14 18:10:46.281679 Papa: Zulu, sending you 5
chatterbot Papa submitting transactions
chatterbot Zulu submitting transactions
chatterbot Golf submitting transactions
chatterbot Uniform submitting transactions
chatterbot Tango submitting transactions
chatterbot Romeo submitting transactions
chatterbot India submitting transactions
chatterbot Kilo submitting transactions
chatterbot Juliett submitting transactions
chatterbot Foxtrot submitting transactions
ChatterBot Foxtrot round 5
ChatterBot Uniform round 5
ChatterBot India round 5
ChatterBot Romeo round 5
ChatterBot Golf round 5
ChatterBot Tango round 5
ChatterBot Juliett round 5
ChatterBot Zulu round 5
ChatterBot Papa round 5
ChatterBot Kilo round 5
2024-10-14 18:10:47.554692 Foxtrot: Uniform, Romeo, Golf, Tango and Kilo, sending you 2
2024-10-14 18:10:47.556694 India: Same as last round
2024-10-14 18:10:47.558685 Golf: Foxtrot, India, Tango and Kilo, sending you 2
2024-10-14 18:10:47.560012 Romeo: Foxtrot, Uniform and Tango, sending you 3
2024-10-14 18:10:47.560655 Kilo: Foxtrot, Uniform, India and Golf, sending you 2
2024-10-14 18:10:47.561335 Juliett: Zulu, sending you 9
2024-10-14 18:10:47.562117 Foxtrot: India, sending you 4
2024-10-14 18:10:47.562688 Zulu: Same as last round
2024-10-14 18:10:47.563114 Golf: Uniform and Romeo, sending you 3
2024-10-14 18:10:47.564147 Uniform: Foxtrot, sending you 1
2024-10-14 18:10:47.564839 Tango: Foxtrot, Uniform, India and Romeo, sending you 2
2024-10-14 18:10:47.565965 Romeo: India and Golf, sending you 4
2024-10-14 18:10:47.566753 Kilo: Romeo and Tango, sending you 1
2024-10-14 18:10:47.567845 Juliett: Papa, sending you 10
2024-10-14 18:10:47.568344 Uniform: India, Romeo, Tango and Kilo, sending you 2
2024-10-14 18:10:47.568912 Papa: Juliett, sending you 4
2024-10-14 18:10:47.569693 Tango: Golf and Kilo, sending you 1
2024-10-14 18:10:47.570865 Romeo: Kilo, sending you 2
2024-10-14 18:10:47.572724 Uniform: Golf, sending you 3
2024-10-14 18:10:47.573824 Papa: Zulu, sending you 5
chatterbot Zulu submitting transactions
chatterbot Juliett submitting transactions
chatterbot Foxtrot submitting transactions
chatterbot India submitting transactions
chatterbot Tango submitting transactions
chatterbot Romeo submitting transactions
chatterbot Uniform submitting transactions
chatterbot Papa submitting transactions
chatterbot Kilo submitting transactions
chatterbot Golf submitting transactions
ChatterBot Foxtrot round 6
ChatterBot Uniform round 6
ChatterBot India round 6
ChatterBot Romeo round 6
ChatterBot Golf round 6
ChatterBot Tango round 6
ChatterBot Juliett round 6
ChatterBot Zulu round 6
ChatterBot Papa round 6
ChatterBot Kilo round 6
2024-10-14 18:10:48.676205 India: We should drop Tango
2024-10-14 18:10:48.687530 Foxtrot: No
2024-10-14 18:10:48.687731 Uniform: No
2024-10-14 18:10:48.687871 Romeo: No
2024-10-14 18:10:48.688004 Golf: No
2024-10-14 18:10:48.688129 Kilo: No
ChatterBot India reevaluating
ChatterBot India reevaluating
ChatterBot India reevaluating
ChatterBot India reevaluating
ChatterBot India reevaluating
2024-10-14 18:10:48.743696 Foxtrot: Uniform, Romeo, Golf, Tango and Kilo, sending you 2
2024-10-14 18:10:48.749494 Foxtrot: India, sending you 4
2024-10-14 18:10:48.750450 Golf: Foxtrot, India, Tango and Kilo, sending you 2
2024-10-14 18:10:48.751664 Kilo: Foxtrot, Uniform, India and Golf, sending you 2
2024-10-14 18:10:48.753013 Tango: Foxtrot, Uniform, India and Romeo, sending you 2
2024-10-14 18:10:48.754654 Juliett: Zulu, sending you 10
2024-10-14 18:10:48.754974 Golf: Uniform and Romeo, sending you 3
2024-10-14 18:10:48.755679 Romeo: Foxtrot, Uniform and Tango, sending you 3
2024-10-14 18:10:48.756931 Tango: Golf and Kilo, sending you 1
2024-10-14 18:10:48.757680 Kilo: Romeo and Tango, sending you 1
2024-10-14 18:10:48.758333 Juliett: Papa, sending you 9
2024-10-14 18:10:48.758711 India: Same as last round
2024-10-14 18:10:48.760165 Zulu: Same as last round
2024-10-14 18:10:48.760448 Romeo: India and Golf, sending you 4
2024-10-14 18:10:48.762944 Papa: Juliett, sending you 3
2024-10-14 18:10:48.763263 Uniform: Foxtrot, sending you 1
2024-10-14 18:10:48.763997 Romeo: Kilo, sending you 2
2024-10-14 18:10:48.766705 Papa: Zulu, sending you 5
2024-10-14 18:10:48.767023 Uniform: India, Romeo, Tango and Kilo, sending you 2
2024-10-14 18:10:48.772813 Uniform: Golf, sending you 3
chatterbot Papa submitting transactions
chatterbot Kilo submitting transactions
chatterbot Juliett submitting transactions
chatterbot Romeo submitting transactions
chatterbot Uniform submitting transactions
chatterbot Foxtrot submitting transactions
chatterbot India submitting transactions
chatterbot Golf submitting transactions
chatterbot Zulu submitting transactions
chatterbot Tango submitting transactions
ChatterBot Foxtrot round 7
ChatterBot Uniform round 7
ChatterBot India round 7
ChatterBot Romeo round 7
ChatterBot Golf round 7
ChatterBot Tango round 7
ChatterBot Juliett round 7
ChatterBot Zulu round 7
ChatterBot Papa round 7
ChatterBot Kilo round 7
2024-10-14 18:10:49.940692 Foxtrot: Uniform, Romeo, Golf, Tango and Kilo, sending you 2
2024-10-14 18:10:49.941692 India: Same as last round
2024-10-14 18:10:49.942361 Golf: Foxtrot, India, Tango and Kilo, sending you 2
2024-10-14 18:10:49.945669 Foxtrot: India, sending you 4
2024-10-14 18:10:49.946723 Romeo: Foxtrot, Uniform and Tango, sending you 3
2024-10-14 18:10:49.947718 Tango: Foxtrot, Uniform, India and Romeo, sending you 2
2024-10-14 18:10:49.948638 Golf: Uniform and Romeo, sending you 3
2024-10-14 18:10:49.949575 Zulu: Same as last round
2024-10-14 18:10:49.949958 Kilo: Foxtrot, Uniform, India and Golf, sending you 2
2024-10-14 18:10:49.950920 Uniform: Foxtrot, sending you 1
2024-10-14 18:10:49.951832 Tango: Golf and Kilo, sending you 1
2024-10-14 18:10:49.952752 Romeo: India and Golf, sending you 4
2024-10-14 18:10:49.954938 Papa: Juliett, sending you 3
2024-10-14 18:10:49.955314 Juliett: Zulu, sending you 10
2024-10-14 18:10:49.955650 Kilo: Romeo and Tango, sending you 1
2024-10-14 18:10:49.956652 Uniform: India, Romeo, Tango and Kilo, sending you 2
2024-10-14 18:10:49.958685 Juliett: Papa, sending you 9
2024-10-14 18:10:49.959685 Romeo: Kilo, sending you 2
2024-10-14 18:10:49.960493 Papa: Zulu, sending you 5
2024-10-14 18:10:49.961671 Uniform: Golf, sending you 3
chatterbot Tango submitting transactions
chatterbot India submitting transactions
chatterbot Foxtrot submitting transactions
chatterbot Papa submitting transactions
chatterbot Golf submitting transactions
chatterbot Uniform submitting transactions
chatterbot Zulu submitting transactions
chatterbot Juliett submitting transactions
chatterbot Kilo submitting transactions
chatterbot Romeo submitting transactions
ChatterBot Foxtrot round 8
ChatterBot Uniform round 8
ChatterBot India round 8
ChatterBot Romeo round 8
ChatterBot Golf round 8
ChatterBot Tango round 8
ChatterBot Juliett round 8
ChatterBot Zulu round 8
ChatterBot Papa round 8
ChatterBot Kilo round 8
2024-10-14 18:10:51.168025 India: We should drop Kilo
2024-10-14 18:10:51.178129 Foxtrot: No
2024-10-14 18:10:51.178278 Uniform: No
2024-10-14 18:10:51.178390 Romeo: No
2024-10-14 18:10:51.178494 Golf: No
2024-10-14 18:10:51.178596 Tango: No
ChatterBot India reevaluating
ChatterBot India reevaluating
ChatterBot India reevaluating
ChatterBot India reevaluating
ChatterBot India reevaluating
2024-10-14 18:10:51.235683 Papa: Juliett, sending you 3
2024-10-14 18:10:51.236167 Uniform: Sending you each 2
2024-10-14 18:10:51.237759 Golf: Foxtrot, India, Tango and Kilo, sending you 2
2024-10-14 18:10:51.238378 Juliett: Zulu, sending you 10
2024-10-14 18:10:51.238684 Romeo: Foxtrot, Uniform, India, Tango and Kilo, sending you 3
2024-10-14 18:10:51.239367 Foxtrot: Uniform, Romeo, Golf, Tango and Kilo, sending you 2
2024-10-14 18:10:51.240074 Papa: Zulu, sending you 5
2024-10-14 18:10:51.241134 Golf: Uniform and Romeo, sending you 3
2024-10-14 18:10:51.242032 Romeo: Golf, sending you 4
2024-10-14 18:10:51.243241 Juliett: Papa, sending you 9
2024-10-14 18:10:51.243611 Foxtrot: India, sending you 4
2024-10-14 18:10:51.245116 Tango: Foxtrot, Uniform, India, Romeo and Golf, sending you 2
2024-10-14 18:10:51.249658 Kilo: Foxtrot, Uniform, India and Golf, sending you 2
2024-10-14 18:10:51.253695 Zulu: Same as last round
2024-10-14 18:10:51.254146 India: Same as last round
2024-10-14 18:10:51.255713 Kilo: Romeo and Tango, sending you 1
chatterbot Zulu submitting transactions
chatterbot Papa submitting transactions
chatterbot Uniform submitting transactions
chatterbot Tango submitting transactions
chatterbot Foxtrot submitting transactions
chatterbot Juliett submitting transactions
chatterbot Kilo submitting transactions
chatterbot Golf submitting transactions
chatterbot Romeo submitting transactions
chatterbot India submitting transactions
ChatterBot Foxtrot round 9
ChatterBot Uniform round 9
ChatterBot India round 9
ChatterBot Romeo round 9
ChatterBot Golf round 9
ChatterBot Tango round 9
ChatterBot Juliett round 9
ChatterBot Zulu round 9
ChatterBot Papa round 9
ChatterBot Kilo round 9
2024-10-14 18:10:52.495653 Foxtrot: Uniform, Romeo, Golf, Tango and Kilo, sending you 2
2024-10-14 18:10:52.499665 Foxtrot: India, sending you 4
2024-10-14 18:10:52.501685 Papa: Juliett, sending you 3
2024-10-14 18:10:52.504691 Golf: Foxtrot, India, Tango and Kilo, sending you 2
2024-10-14 18:10:52.505752 Papa: Zulu, sending you 5
2024-10-14 18:10:52.506138 Tango: Foxtrot, Uniform, India, Romeo and Golf, sending you 2
2024-10-14 18:10:52.507585 India: Same as last round
2024-10-14 18:10:52.508681 Uniform: Same as last round
2024-10-14 18:10:52.509477 Zulu: Same as last round
2024-10-14 18:10:52.510664 Golf: Uniform and Romeo, sending you 3
2024-10-14 18:10:52.511672 Juliett: Zulu, sending you 3
2024-10-14 18:10:52.511964 Romeo: Foxtrot, Uniform, India, Tango and Kilo, sending you 3
2024-10-14 18:10:52.512635 Kilo: Foxtrot, Uniform, India, Romeo and Golf, sending you 2
2024-10-14 18:10:52.514695 Romeo: Golf, sending you 4
2024-10-14 18:10:52.516667 Juliett: Papa, sending you 2
chatterbot Uniform submitting transactions
chatterbot Tango submitting transactions
chatterbot Romeo submitting transactions
chatterbot Foxtrot submitting transactions
chatterbot Papa submitting transactions
chatterbot Golf submitting transactions
chatterbot Juliett submitting transactions
chatterbot Zulu submitting transactions
chatterbot Kilo submitting transactions
chatterbot India submitting transactions
ChatterBot Foxtrot round 10
ChatterBot Uniform round 10
ChatterBot India round 10
ChatterBot Romeo round 10
ChatterBot Golf round 10
ChatterBot Tango round 10
ChatterBot Juliett round 10
2024-10-14 18:10:53.343565 Romeo: We should add Zulu
ChatterBot India reevaluating
2024-10-14 18:10:53.359149 Golf: No
2024-10-14 18:10:53.359364 India: No
2024-10-14 18:10:53.359586 Foxtrot: No
2024-10-14 18:10:53.359748 Uniform: No
2024-10-14 18:10:53.359912 Kilo: No
2024-10-14 18:10:53.360488 Tango: No
ChatterBot India reevaluating
ChatterBot Romeo reevaluating
ChatterBot India reevaluating
ChatterBot Romeo reevaluating
ChatterBot India reevaluating
ChatterBot Romeo reevaluating
ChatterBot India reevaluating
ChatterBot Romeo reevaluating
ChatterBot India reevaluating
ChatterBot Romeo reevaluating
ChatterBot Zulu round 10
ChatterBot Papa round 10
ChatterBot Kilo round 10
2024-10-14 18:10:53.585801 Romeo: We should add Papa
ChatterBot India reevaluating
2024-10-14 18:10:53.608526 Golf: No
2024-10-14 18:10:53.608932 India: No
2024-10-14 18:10:53.609228 Foxtrot: No
2024-10-14 18:10:53.609533 Uniform: No
2024-10-14 18:10:53.610537 Kilo: No
2024-10-14 18:10:53.610873 Tango: No
ChatterBot India reevaluating
ChatterBot Romeo reevaluating
ChatterBot Romeo reevaluating
ChatterBot India reevaluating
ChatterBot Romeo reevaluating
ChatterBot India reevaluating
ChatterBot Romeo reevaluating
ChatterBot India reevaluating
ChatterBot Romeo reevaluating
ChatterBot India reevaluating
ChatterBot Romeo reevaluating
2024-10-14 18:10:53.733205 India: We should drop Golf
ChatterBot Romeo reevaluating
2024-10-14 18:10:53.745599 Foxtrot: No
2024-10-14 18:10:53.745815 Uniform: No
2024-10-14 18:10:53.745929 Romeo: No
2024-10-14 18:10:53.746049 Tango: No
2024-10-14 18:10:53.746152 Kilo: No
ChatterBot India reevaluating
ChatterBot Romeo reevaluating
ChatterBot India reevaluating
ChatterBot Romeo reevaluating
ChatterBot India reevaluating
ChatterBot India reevaluating
ChatterBot Romeo reevaluating
ChatterBot India reevaluating
ChatterBot Romeo reevaluating
ChatterBot Tango reevaluating
2024-10-14 18:10:53.807008 Uniform: Same as last round
2024-10-14 18:10:53.808161 Foxtrot: Uniform, Romeo, Golf, Tango and Kilo, sending you 2
2024-10-14 18:10:53.813066 Tango: We should drop India
2024-10-14 18:10:53.831858 Foxtrot: No
2024-10-14 18:10:53.832049 Uniform: No
2024-10-14 18:10:53.832205 Romeo: No
2024-10-14 18:10:53.832354 Golf: No
2024-10-14 18:10:53.832501 Kilo: No
ChatterBot Tango reevaluating
ChatterBot Tango reevaluating
ChatterBot Tango reevaluating
ChatterBot Tango reevaluating
ChatterBot Tango reevaluating
2024-10-14 18:10:53.896193 Foxtrot: India, sending you 4
2024-10-14 18:10:53.896921 Golf: Sending you each 2
2024-10-14 18:10:53.897522 Juliett: Zulu, sending you 10
2024-10-14 18:10:53.898520 India: We should drop Romeo
ChatterBot Tango reevaluating
2024-10-14 18:10:53.909386 Foxtrot: No
2024-10-14 18:10:53.909504 Uniform: No
2024-10-14 18:10:53.909596 Golf: No
2024-10-14 18:10:53.909696 Tango: No
2024-10-14 18:10:53.909804 Kilo: No
ChatterBot India reevaluating
ChatterBot Tango reevaluating
ChatterBot India reevaluating
ChatterBot Tango reevaluating
ChatterBot India reevaluating
ChatterBot Tango reevaluating
ChatterBot India reevaluating
ChatterBot India reevaluating
ChatterBot Tango reevaluating
2024-10-14 18:10:53.966686 Papa: Juliett, sending you 4
2024-10-14 18:10:53.966983 Zulu: Same as last round
2024-10-14 18:10:53.967218 Juliett: Papa, sending you 9
2024-10-14 18:10:53.969264 Kilo: Foxtrot, Uniform, India, Romeo and Golf, sending you 2
2024-10-14 18:10:53.970352 Papa: Zulu, sending you 5
2024-10-14 18:10:53.975096 India: We should drop Uniform
2024-10-14 18:10:53.991661 Foxtrot: No
2024-10-14 18:10:53.991822 Romeo: No
2024-10-14 18:10:53.991946 Golf: No
2024-10-14 18:10:53.992064 Tango: No
2024-10-14 18:10:53.992185 Kilo: No
ChatterBot India reevaluating
ChatterBot India reevaluating
ChatterBot India reevaluating
ChatterBot India reevaluating
ChatterBot India reevaluating
2024-10-14 18:10:54.076113 India: We should drop Foxtrot
ChatterBot Golf reevaluating
2024-10-14 18:10:54.088455 Uniform: No
2024-10-14 18:10:54.088597 Romeo: No
2024-10-14 18:10:54.088714 Golf: No
2024-10-14 18:10:54.088821 Tango: No
2024-10-14 18:10:54.088923 Kilo: No
ChatterBot India reevaluating
ChatterBot Golf reevaluating
ChatterBot Tango reevaluating
ChatterBot India reevaluating
ChatterBot Golf reevaluating
ChatterBot Tango reevaluating
ChatterBot India reevaluating
ChatterBot Tango reevaluating
ChatterBot India reevaluating
ChatterBot Golf reevaluating
ChatterBot India reevaluating
ChatterBot Golf reevaluating
ChatterBot Tango reevaluating
chatterbot Juliett submitting transactions
2024-10-14 18:10:54.167912 India: We should drop Tango
ChatterBot Golf reevaluating
2024-10-14 18:10:54.185340 Foxtrot: No
2024-10-14 18:10:54.185906 Uniform: No
2024-10-14 18:10:54.186046 Romeo: No
2024-10-14 18:10:54.186163 Golf: No
2024-10-14 18:10:54.186283 Kilo: No
ChatterBot India reevaluating
ChatterBot Golf reevaluating
ChatterBot India reevaluating
ChatterBot Golf reevaluating
ChatterBot India reevaluating
ChatterBot Golf reevaluating
ChatterBot India reevaluating
ChatterBot India reevaluating
ChatterBot Foxtrot reevaluating
ChatterBot Golf reevaluating
2024-10-14 18:10:54.259832 India: We should drop Kilo
ChatterBot Foxtrot reevaluating
ChatterBot Golf reevaluating
2024-10-14 18:10:54.279597 Foxtrot: No
2024-10-14 18:10:54.279808 Uniform: No
2024-10-14 18:10:54.279976 Romeo: No
2024-10-14 18:10:54.280112 Golf: No
2024-10-14 18:10:54.280264 Tango: No
ChatterBot India reevaluating
ChatterBot Golf reevaluating
ChatterBot India reevaluating
ChatterBot Foxtrot reevaluating
ChatterBot Golf reevaluating
ChatterBot India reevaluating
ChatterBot Foxtrot reevaluating
ChatterBot Golf reevaluating
ChatterBot India reevaluating
ChatterBot Foxtrot reevaluating
ChatterBot India reevaluating
ChatterBot Foxtrot reevaluating
ChatterBot Golf reevaluating
chatterbot Foxtrot submitting transactions
2024-10-14 18:10:54.365733 Tango: Sorry, I'm actually sending you 0
2024-10-14 18:10:54.369711 Tango: Sending you each 2
2024-10-14 18:10:54.381679 India: Foxtrot, sending you 5
2024-10-14 18:10:54.385674 Foxtrot: India, sending you 3
2024-10-14 18:10:54.386695 India: Uniform, Golf and Kilo, sending you 3
2024-10-14 18:10:54.389683 India: Romeo, sending you 4
chatterbot Uniform submitting transactions
chatterbot Zulu submitting transactions
chatterbot Tango submitting transactions
chatterbot Romeo submitting transactions
chatterbot Kilo submitting transactions
chatterbot Foxtrot submitting transactions
chatterbot Papa submitting transactions
chatterbot Golf submitting transactions
chatterbot Golf submitting transactions
chatterbot India submitting transactions
ChatterBot Foxtrot round 11
ChatterBot Uniform round 11
ChatterBot India round 11
ChatterBot Romeo round 11
ChatterBot Golf round 11
ChatterBot Tango round 11
ChatterBot Juliett round 11
ChatterBot Zulu round 11
ChatterBot Papa round 11
ChatterBot Kilo round 11
2024-10-14 18:10:55.189701 Juliett: We should add Kilo
2024-10-14 18:10:55.197647 Zulu: No
2024-10-14 18:10:55.198269 Papa: No
ChatterBot Juliett reevaluating
ChatterBot Juliett reevaluating
2024-10-14 18:10:55.224512 Golf: We should drop India
ChatterBot Foxtrot reevaluating
2024-10-14 18:10:55.243464 Tango: Yes
2024-10-14 18:10:55.243683 Foxtrot: Yes
2024-10-14 18:10:55.243864 Uniform: No
2024-10-14 18:10:55.244017 Romeo: No
2024-10-14 18:10:55.244172 Kilo: No
ChatterBot Foxtrot reevaluating
ChatterBot Romeo reevaluating
ChatterBot Kilo reevaluating
ChatterBot Foxtrot reevaluating
ChatterBot Romeo reevaluating
ChatterBot Kilo reevaluating
ChatterBot Foxtrot reevaluating
ChatterBot Kilo reevaluating
ChatterBot Foxtrot reevaluating
ChatterBot Romeo reevaluating
2024-10-14 18:10:55.354231 Tango: Foxtrot, Romeo and Golf, sending you 2
2024-10-14 18:10:55.358706 Tango: Uniform, sending you 3
2024-10-14 18:10:55.360301 Uniform: Same as last round
2024-10-14 18:10:55.361670 Papa: Juliett, sending you 3
2024-10-14 18:10:55.362943 Tango: Kilo, sending you 1
2024-10-14 18:10:55.365702 Papa: Zulu, sending you 5
2024-10-14 18:10:55.368055 India: Foxtrot, sending you 5
2024-10-14 18:10:55.369008 Zulu: Same as last round
2024-10-14 18:10:55.369681 Golf: Foxtrot, Romeo, Tango and Kilo, sending you 2
2024-10-14 18:10:55.371714 India: Uniform, sending you 4
2024-10-14 18:10:55.373671 Romeo: Foxtrot, Uniform, Golf and Tango, sending you 3
2024-10-14 18:10:55.374669 Golf: Uniform, sending you 4
2024-10-14 18:10:55.375236 India: Romeo, Golf and Kilo, sending you 3
2024-10-14 18:10:55.375775 Foxtrot: Uniform, Golf, Tango and Kilo, sending you 3
2024-10-14 18:10:55.376829 Romeo: Kilo, sending you 2
2024-10-14 18:10:55.382189 Foxtrot: Romeo, sending you 2
2024-10-14 18:10:55.383684 Kilo: Foxtrot, Uniform and Romeo, sending you 2
2024-10-14 18:10:55.388175 Kilo: Golf, sending you 3
2024-10-14 18:10:55.392685 Kilo: Tango, sending you 1
chatterbot India submitting transactions
chatterbot Zulu submitting transactions
chatterbot Uniform submitting transactions
chatterbot Foxtrot submitting transactions
chatterbot Tango submitting transactions
chatterbot Juliett submitting transactions
chatterbot Kilo submitting transactions
chatterbot Golf submitting transactions
chatterbot Papa submitting transactions
chatterbot Romeo submitting transactions
ChatterBot Foxtrot round 12
ChatterBot Uniform round 12
ChatterBot India round 12
ChatterBot Romeo round 12
ChatterBot Golf round 12
ChatterBot Tango round 12
ChatterBot Juliett round 12
ChatterBot Zulu round 12
ChatterBot Papa round 12
ChatterBot Kilo round 12
2024-10-14 18:10:56.599661 Foxtrot: Uniform, sending you 2
2024-10-14 18:10:56.603691 India: Foxtrot, sending you 5
2024-10-14 18:10:56.604702 Foxtrot: Romeo, Golf, Tango and Kilo, sending you 3
2024-10-14 18:10:56.607699 Papa: Juliett, sending you 4
2024-10-14 18:10:56.608184 India: Uniform, sending you 4
2024-10-14 18:10:56.610684 Romeo: Foxtrot, Uniform, Tango and Kilo, sending you 3
2024-10-14 18:10:56.611243 Papa: Zulu, sending you 5
2024-10-14 18:10:56.611682 Tango: Foxtrot, Romeo and Golf, sending you 2
2024-10-14 18:10:56.612144 India: Romeo, Golf and Kilo, sending you 3
2024-10-14 18:10:56.614782 Golf: Foxtrot, Uniform, Romeo and Kilo, sending you 3
2024-10-14 18:10:56.615710 Romeo: Golf, sending you 5
2024-10-14 18:10:56.616487 Tango: Uniform, sending you 3
2024-10-14 18:10:56.617286 Juliett: I was attacked by Golf
ChatterBot Zulu reevaluating
ChatterBot Papa reevaluating
2024-10-14 18:10:56.629943 Juliett: I'm keeping this round to protect myself
2024-10-14 18:10:56.630490 Juliett: Ow
2024-10-14 18:10:56.630765 Kilo: Foxtrot, Romeo and Golf, sending you 2
2024-10-14 18:10:56.631710 Uniform: Same as last round
2024-10-14 18:10:56.632526 Golf: Tango, sending you 2
2024-10-14 18:10:56.633038 Tango: Kilo, sending you 1
2024-10-14 18:10:56.636668 Kilo: Uniform, sending you 3
2024-10-14 18:10:56.641653 Kilo: Tango, sending you 1
chatterbot India submitting transactions
chatterbot Tango submitting transactions
chatterbot Kilo submitting transactions
chatterbot Foxtrot submitting transactions
chatterbot Romeo submitting transactions
chatterbot Uniform submitting transactions
chatterbot Papa submitting transactions
chatterbot Golf submitting transactions
chatterbot Zulu submitting transactions
chatterbot Juliett submitting transactions
ChatterBot Foxtrot round 13
ChatterBot Uniform round 13
ChatterBot India round 13
ChatterBot Romeo round 13
ChatterBot Golf round 13
ChatterBot Tango round 13
ChatterBot Juliett round 13
ChatterBot Zulu round 13
ChatterBot Papa round 13
ChatterBot Kilo round 13
2024-10-14 18:10:57.920083 Uniform: We should drop India
ChatterBot Kilo reevaluating
2024-10-14 18:10:57.939621 Tango: Yes
2024-10-14 18:10:57.939903 Foxtrot: Yes
2024-10-14 18:10:57.940844 Romeo: Yes
2024-10-14 18:10:57.941108 Golf: Yes
2024-10-14 18:10:57.941323 Kilo: Yes
ChatterBot Kilo reevaluating
ChatterBot Kilo reevaluating
ChatterBot Kilo reevaluating
ChatterBot Kilo reevaluating
2024-10-14 18:10:58.010672 Foxtrot: Uniform, sending you 2
2024-10-14 18:10:58.012103 India: Foxtrot, sending you 4
2024-10-14 18:10:58.012742 Romeo: Foxtrot, Uniform, Golf and Tango, sending you 4
2024-10-14 18:10:58.013432 Golf: Foxtrot, Uniform, Romeo and Kilo, sending you 3
2024-10-14 18:10:58.014673 Foxtrot: Romeo, Golf, Tango and Kilo, sending you 3
2024-10-14 18:10:58.017665 India: Uniform, sending you 5
2024-10-14 18:10:58.018293 Romeo: Kilo, sending you 2
2024-10-14 18:10:58.019284 Tango: Sending you each 2
2024-10-14 18:10:58.019880 Golf: Tango, sending you 2
2024-10-14 18:10:58.020672 India: Romeo, Golf and Kilo, sending you 3
2024-10-14 18:10:58.025720 Uniform: Foxtrot, Romeo, Tango and Kilo, sending you 2
2024-10-14 18:10:58.027680 Papa: Juliett, sending you 4
2024-10-14 18:10:58.031661 Uniform: Golf, sending you 4
2024-10-14 18:10:58.032317 Kilo: Foxtrot, Uniform and Romeo, sending you 2
2024-10-14 18:10:58.033522 Juliett: Sending you each 1
2024-10-14 18:10:58.033964 Papa: Zulu, sending you 5
2024-10-14 18:10:58.037685 Kilo: Golf, sending you 3
2024-10-14 18:10:58.040653 Kilo: Tango, sending you 1
chatterbot Juliett submitting transactions
chatterbot Golf submitting transactions
chatterbot India submitting transactions
chatterbot Zulu submitting transactions
chatterbot Romeo submitting transactions
chatterbot Uniform submitting transactions
chatterbot Foxtrot submitting transactions
chatterbot Papa submitting transactions
chatterbot Tango submitting transactions
chatterbot Kilo submitting transactions
ChatterBot Foxtrot round 14
ChatterBot Uniform round 14
ChatterBot India round 14
ChatterBot Romeo round 14
ChatterBot Golf round 14
ChatterBot Tango round 14
ChatterBot Juliett round 14
ChatterBot Zulu round 14
ChatterBot Papa round 14
ChatterBot Kilo round 14
2024-10-14 18:10:59.072671 India: Foxtrot, sending you 4
2024-10-14 18:10:59.076688 India: Uniform, sending you 5
2024-10-14 18:10:59.080796 Golf: Foxtrot, Uniform, Romeo and Kilo, sending you 3
2024-10-14 18:10:59.081543 India: Romeo, Golf and Kilo, sending you 3
2024-10-14 18:10:59.082329 Juliett: Sending you each 5
2024-10-14 18:10:59.082735 Tango: Same as last round
2024-10-14 18:10:59.085707 Uniform: Foxtrot, Romeo, Tango and Kilo, sending you 2
2024-10-14 18:10:59.086965 Golf: Tango, sending you 2
2024-10-14 18:10:59.087531 Romeo: Foxtrot, Uniform, Golf and Tango, sending you 4
2024-10-14 18:10:59.088205 Foxtrot: Uniform, Romeo, Golf and Kilo, sending you 3
2024-10-14 18:10:59.090675 Uniform: Golf, sending you 4
2024-10-14 18:10:59.091681 Romeo: Kilo, sending you 3
2024-10-14 18:10:59.092679 Foxtrot: Tango, sending you 2
2024-10-14 18:10:59.097673 Papa: Sending you each 5
2024-10-14 18:10:59.100244 Kilo: Foxtrot, Uniform and Romeo, sending you 2
2024-10-14 18:10:59.107197 Kilo: Golf, sending you 3
2024-10-14 18:10:59.110676 Kilo: Tango, sending you 1
chatterbot Uniform submitting transactions
chatterbot Papa submitting transactions
chatterbot India submitting transactions
chatterbot Tango submitting transactions
chatterbot Juliett submitting transactions
chatterbot Romeo submitting transactions
chatterbot Foxtrot submitting transactions
chatterbot Kilo submitting transactions
chatterbot Zulu submitting transactions
chatterbot Golf submitting transactions
ChatterBot Foxtrot round 15
ChatterBot Uniform round 15
ChatterBot India round 15
ChatterBot Romeo round 15
ChatterBot Golf round 15
ChatterBot Tango round 15
ChatterBot Juliett round 15
ChatterBot Zulu round 15
ChatterBot Papa round 15
2024-10-14 18:11:00.051040 Juliett: We should add India
ChatterBot Zulu reevaluating
ChatterBot Papa reevaluating
2024-10-14 18:11:00.057897 Zulu: No
2024-10-14 18:11:00.058084 Papa: Yes
ChatterBot Juliett reevaluating
ChatterBot Papa reevaluating
ChatterBot Zulu reevaluating
ChatterBot Juliett reevaluating
ChatterBot Kilo round 15
2024-10-14 18:11:00.087043 India: We should replace Uniform with Tango
2024-10-14 18:11:00.095834 Foxtrot: No
2024-10-14 18:11:00.095983 Romeo: No
2024-10-14 18:11:00.096090 Golf: No
2024-10-14 18:11:00.096198 Kilo: No
ChatterBot India reevaluating
ChatterBot India reevaluating
ChatterBot India reevaluating
ChatterBot India reevaluating
2024-10-14 18:11:00.139751 Juliett: We should add Uniform
ChatterBot Zulu reevaluating
ChatterBot Papa reevaluating
2024-10-14 18:11:00.144988 Zulu: No
2024-10-14 18:11:00.145174 Papa: No
ChatterBot Juliett reevaluating
ChatterBot Papa reevaluating
ChatterBot Zulu reevaluating
ChatterBot Juliett reevaluating
