ChatterBot India round 1
ChatterBot Tango round 1
ChatterBot Golf round 1
ChatterBot Oscar round 1
ChatterBot X-ray round 1
ChatterBot Victor round 1
ChatterBot Alpha round 1
ChatterBot Juliett round 1
ChatterBot Lima round 1
ChatterBot Whiskey round 1
randomSelections Oscar: {Oscar, X-ray, Juliett, Victor, India, Lima} 
2024-10-14 18:10:41.821678 Oscar: Let's form a team
ChatterBot X-ray reevaluating
ChatterBot Juliett reevaluating
ChatterBot Victor reevaluating
ChatterBot India reevaluating
ChatterBot Lima reevaluating
2024-10-14 18:10:41.831791 X-ray: Yes
2024-10-14 18:10:41.831945 Juliett: Yes
2024-10-14 18:10:41.832051 Victor: Yes
2024-10-14 18:10:41.832787 India: Yes
2024-10-14 18:10:41.832921 Lima: Yes
ChatterBot Juliett reevaluating
ChatterBot Victor reevaluating
ChatterBot India reevaluating
ChatterBot Lima reevaluating
ChatterBot X-ray reevaluating
ChatterBot Victor reevaluating
ChatterBot India reevaluating
ChatterBot Lima reevaluating
ChatterBot X-ray reevaluating
ChatterBot Juliett reevaluating
ChatterBot India reevaluating
ChatterBot Lima reevaluating
ChatterBot X-ray reevaluating
ChatterBot Juliett reevaluating
ChatterBot Victor reevaluating
ChatterBot Lima reevaluating
ChatterBot X-ray reevaluating
ChatterBot Juliett reevaluating
ChatterBot Victor reevaluating
ChatterBot India reevaluating
randomSelections Golf: {Golf, Alpha, Oscar, Victor, India, Whiskey, Juliett} 
2024-10-14 18:10:41.889561 Golf: We should group up
ChatterBot Alpha reevaluating
ChatterBot Victor reevaluating
ChatterBot India reevaluating
ChatterBot Whiskey reevaluating
ChatterBot Juliett reevaluating
2024-10-14 18:10:41.900223 Alpha: Yes
2024-10-14 18:10:41.900918 Oscar: No
2024-10-14 18:10:41.901123 Victor: No
2024-10-14 18:10:41.901246 India: No
2024-10-14 18:10:41.901369 Whiskey: Yes
2024-10-14 18:10:41.901462 Juliett: No
ChatterBot Victor reevaluating
ChatterBot India reevaluating
ChatterBot Whiskey reevaluating
ChatterBot Juliett reevaluating
ChatterBot Alpha reevaluating
ChatterBot Victor reevaluating
ChatterBot India reevaluating
ChatterBot Whiskey reevaluating
ChatterBot Juliett reevaluating
ChatterBot Alpha reevaluating
ChatterBot India reevaluating
ChatterBot Whiskey reevaluating
ChatterBot Juliett reevaluating
ChatterBot Alpha reevaluating
ChatterBot Victor reevaluating
ChatterBot Whiskey reevaluating
ChatterBot Juliett reevaluating
ChatterBot Alpha reevaluating
ChatterBot Victor reevaluating
ChatterBot India reevaluating
ChatterBot Juliett reevaluating
ChatterBot Alpha reevaluating
ChatterBot Victor reevaluating
ChatterBot India reevaluating
ChatterBot Whiskey reevaluating
randomSelections Tango: {Tango, Whiskey, X-ray, India, Victor, Oscar} 
2024-10-14 18:10:41.954460 Tango: We would work well together
ChatterBot Whiskey reevaluating
ChatterBot X-ray reevaluating
ChatterBot India reevaluating
ChatterBot Victor reevaluating
2024-10-14 18:10:41.959917 Whiskey: No
2024-10-14 18:10:41.960041 X-ray: No
2024-10-14 18:10:41.960191 India: No
2024-10-14 18:10:41.960296 Victor: No
2024-10-14 18:10:41.960392 Oscar: No
ChatterBot X-ray reevaluating
ChatterBot India reevaluating
ChatterBot Victor reevaluating
ChatterBot Whiskey reevaluating
ChatterBot India reevaluating
ChatterBot Victor reevaluating
ChatterBot Whiskey reevaluating
ChatterBot X-ray reevaluating
ChatterBot Victor reevaluating
ChatterBot Whiskey reevaluating
ChatterBot X-ray reevaluating
ChatterBot India reevaluating
ChatterBot Whiskey reevaluating
ChatterBot X-ray reevaluating
ChatterBot India reevaluating
ChatterBot Victor reevaluating
2024-10-14 18:10:42.000652 Juliett: Oscar and Lima, sending you 5
2024-10-14 18:10:42.001659 Golf: India and Whiskey, sending you 4
2024-10-14 18:10:42.002711 Lima: India, Oscar, Victor and Juliett, sending you 1
2024-10-14 18:10:42.003004 Alpha: India and Juliett, sending you 3
2024-10-14 18:10:42.004671 Golf: Oscar and Juliett, sending you 2
2024-10-14 18:10:42.005683 Juliett: X-ray, sending you 2
2024-10-14 18:10:42.006720 Lima: X-ray, sending you 6
2024-10-14 18:10:42.007119 Alpha: Golf and Oscar, sending you 1
2024-10-14 18:10:42.007924 Whiskey: Golf and Oscar, sending you 3
2024-10-14 18:10:42.008662 Tango: Oscar and Whiskey, sending you 1
2024-10-14 18:10:42.008926 Oscar: India and X-ray, sending you 1
2024-10-14 18:10:42.009182 Golf: Victor and Alpha, sending you 1
2024-10-14 18:10:42.009686 Juliett: Victor, sending you 3
2024-10-14 18:10:42.010298 India: Oscar, sending you 6
2024-10-14 18:10:42.010656 Alpha: Victor, sending you 4
2024-10-14 18:10:42.010881 Whiskey: Victor and Alpha, sending you 2
2024-10-14 18:10:42.011703 Oscar: Victor, sending you 2
2024-10-14 18:10:42.013651 Tango: X-ray and Victor, sending you 2
2024-10-14 18:10:42.014673 Victor: India and X-ray, sending you 2
2024-10-14 18:10:42.014963 India: X-ray, sending you 1
2024-10-14 18:10:42.015211 Oscar: Juliett, sending you 7
2024-10-14 18:10:42.015826 X-ray: India and Lima, sending you 2
2024-10-14 18:10:42.016093 Alpha: Whiskey, sending you 2
2024-10-14 18:10:42.016346 Whiskey: Juliett, sending you 1
2024-10-14 18:10:42.017668 Victor: Juliett, sending you 3
2024-10-14 18:10:42.019668 India: Victor, sending you 4
2024-10-14 18:10:42.020032 Oscar: Lima, sending you 4
2024-10-14 18:10:42.020389 X-ray: Oscar, sending you 3
2024-10-14 18:10:42.022656 Victor: Lima, sending you 6
2024-10-14 18:10:42.023663 India: Juliett and Lima, sending you 3
2024-10-14 18:10:42.025661 X-ray: Victor, sending you 4
2024-10-14 18:10:42.028685 X-ray: Juliett, sending you 5
chatterbot Victor submitting transactions
chatterbot Alpha submitting transactions
chatterbot Juliett submitting transactions
chatterbot Tango submitting transactions
chatterbot India submitting transactions
chatterbot Oscar submitting transactions
chatterbot Whiskey submitting transactions
chatterbot Golf submitting transactions
chatterbot X-ray submitting transactions
chatterbot Lima submitting transactions
ChatterBot India round 2
ChatterBot Tango round 2
ChatterBot Golf round 2
ChatterBot Oscar round 2
ChatterBot X-ray round 2
ChatterBot Victor round 2
ChatterBot Alpha round 2
ChatterBot Juliett round 2
ChatterBot Lima round 2
ChatterBot Whiskey round 2
2024-10-14 18:10:44.194410 Tango: We should group up
ChatterBot Golf reevaluating
2024-10-14 18:10:44.199104 Golf: Yes
2024-10-14 18:10:44.203213 Golf: Can we be friends?
ChatterBot Alpha reevaluating
ChatterBot Whiskey reevaluating
ChatterBot Tango reevaluating
2024-10-14 18:10:44.215812 Alpha: No
2024-10-14 18:10:44.216519 Whiskey: Yes
2024-10-14 18:10:44.216649 Tango: Yes
ChatterBot Golf reevaluating
ChatterBot Whiskey reevaluating
ChatterBot Tango reevaluating
ChatterBot Golf reevaluating
ChatterBot Alpha reevaluating
ChatterBot Tango reevaluating
ChatterBot Golf reevaluating
ChatterBot Alpha reevaluating
ChatterBot Whiskey reevaluating
2024-10-14 18:10:44.264290 X-ray: We should add Tango
ChatterBot Juliett reevaluating
ChatterBot Victor reevaluating
ChatterBot Lima reevaluating
2024-10-14 18:10:44.286151 Oscar: No
2024-10-14 18:10:44.286295 Juliett: No
2024-10-14 18:10:44.286419 Victor: No
2024-10-14 18:10:44.286531 India: No
2024-10-14 18:10:44.286654 Lima: No
ChatterBot Juliett reevaluating
ChatterBot Victor reevaluating
ChatterBot Lima reevaluating
ChatterBot Victor reevaluating
ChatterBot Lima reevaluating
ChatterBot Juliett reevaluating
ChatterBot Lima reevaluating
ChatterBot Juliett reevaluating
ChatterBot Victor reevaluating
ChatterBot Lima reevaluating
ChatterBot Juliett reevaluating
ChatterBot Victor reevaluating
2024-10-14 18:10:44.380530 Victor: We should add Alpha
ChatterBot Juliett reevaluating
ChatterBot Lima reevaluating
2024-10-14 18:10:44.397689 Oscar: No
2024-10-14 18:10:44.397809 X-ray: No
2024-10-14 18:10:44.397906 Juliett: No
2024-10-14 18:10:44.397997 India: No
2024-10-14 18:10:44.398084 Lima: No
ChatterBot Juliett reevaluating
ChatterBot Victor reevaluating
ChatterBot Lima reevaluating
ChatterBot Juliett reevaluating
ChatterBot Victor reevaluating
ChatterBot Lima reevaluating
ChatterBot Victor reevaluating
ChatterBot Lima reevaluating
ChatterBot Juliett reevaluating
ChatterBot Victor reevaluating
ChatterBot Lima reevaluating
ChatterBot Juliett reevaluating
ChatterBot Victor reevaluating
2024-10-14 18:10:44.556942 X-ray: Tango we want you to join our group
2024-10-14 18:10:44.562620 Tango: No
ChatterBot Victor reevaluating
ChatterBot Juliett reevaluating
ChatterBot Lima reevaluating
2024-10-14 18:10:44.604212 Oscar: India and Juliett, sending you 4
2024-10-14 18:10:44.604734 India: Oscar and Lima, sending you 3
2024-10-14 18:10:44.605586 Tango: Golf, sending you 4
2024-10-14 18:10:45.546259 India: X-ray and Victor, sending you 5
2024-10-14 18:10:45.547373 Tango: Alpha and Whiskey, sending you 3
2024-10-14 18:10:45.547717 Oscar: X-ray, sending you 3
chatterbot India submitting transactions
chatterbot Oscar submitting transactions
chatterbot X-ray submitting transactions
chatterbot Tango submitting transactions
2024-10-14 18:10:45.566995 India: Juliett, sending you 1
2024-10-14 18:10:45.567949 Whiskey: Tango and Alpha, sending you 3
2024-10-14 18:10:45.568276 Oscar: Victor and Lima, sending you 2
2024-10-14 18:10:45.569171 Golf: Tango and Alpha, sending you 1
2024-10-14 18:10:45.569473 Alpha: Tango, sending you 2
2024-10-14 18:10:45.569766 Juliett: India, X-ray and Victor, sending you 3
2024-10-14 18:10:45.570204 X-ray: India, sending you 2
2024-10-14 18:10:45.588867 Whiskey: Golf, sending you 5
2024-10-14 18:10:45.589325 Juliett: Oscar, sending you 4
2024-10-14 18:10:45.590262 Lima: India, Oscar and Juliett, sending you 2
2024-10-14 18:10:45.590734 Victor: India, X-ray and Juliett, sending you 3
2024-10-14 18:10:45.591606 Alpha: Golf, sending you 5
2024-10-14 18:10:45.591947 X-ray: Tango, Victor and Juliett, sending you 3
2024-10-14 18:10:45.607311 Juliett: Lima, sending you 2
2024-10-14 18:10:45.608490 Lima: X-ray, sending you 1
2024-10-14 18:10:45.609031 Victor: Oscar and Lima, sending you 2
2024-10-14 18:10:45.610023 Alpha: Whiskey, sending you 7
2024-10-14 18:10:45.610422 X-ray: Oscar, sending you 1
2024-10-14 18:10:45.616628 Lima: Victor, sending you 3
2024-10-14 18:10:45.617811 X-ray: Lima, sending you 4
chatterbot Lima submitting transactions
chatterbot Victor submitting transactions
chatterbot Juliett submitting transactions
chatterbot Alpha submitting transactions
chatterbot Whiskey submitting transactions
chatterbot Golf submitting transactions
ChatterBot India round 3
ChatterBot Tango round 3
ChatterBot Golf round 3
ChatterBot Oscar round 3
ChatterBot X-ray round 3
ChatterBot Victor round 3
ChatterBot Alpha round 3
ChatterBot Juliett round 3
ChatterBot Lima round 3
ChatterBot Whiskey round 3
2024-10-14 18:10:46.424545 Golf: We should add Lima
ChatterBot Alpha reevaluating
ChatterBot Whiskey reevaluating
2024-10-14 18:10:46.444771 Alpha: No
2024-10-14 18:10:46.445098 Whiskey: No
2024-10-14 18:10:46.445348 Tango: No
ChatterBot Golf reevaluating
ChatterBot Whiskey reevaluating
ChatterBot Golf reevaluating
ChatterBot Alpha reevaluating
ChatterBot Golf reevaluating
ChatterBot Alpha reevaluating
ChatterBot Whiskey reevaluating
2024-10-14 18:10:46.512465 X-ray: We should drop Tango
2024-10-14 18:10:46.534398 Oscar: Yes
2024-10-14 18:10:46.534666 Juliett: Yes
2024-10-14 18:10:46.535371 Victor: Yes
2024-10-14 18:10:46.535548 India: Yes
2024-10-14 18:10:46.535719 Lima: Yes
ChatterBot X-ray reevaluating
2024-10-14 18:10:46.618534 X-ray: We should replace Tango with Golf
2024-10-14 18:10:46.633534 Oscar: No
2024-10-14 18:10:46.633739 Juliett: No
2024-10-14 18:10:46.634263 Victor: No
2024-10-14 18:10:46.634385 India: No
2024-10-14 18:10:46.634497 Lima: No
ChatterBot X-ray reevaluating
ChatterBot X-ray reevaluating
ChatterBot X-ray reevaluating
ChatterBot X-ray reevaluating
ChatterBot X-ray reevaluating
2024-10-14 18:10:46.793479 India: Oscar and Victor, sending you 4
2024-10-14 18:10:46.794235 Tango: Golf and Alpha, sending you 3
2024-10-14 18:10:46.797700 India: X-ray, Juliett and Lima, sending you 3
2024-10-14 18:10:46.801087 Tango: Whiskey, sending you 4
2024-10-14 18:10:46.801773 Lima: Sending you each 2
2024-10-14 18:10:46.807783 Alpha: Tango, sending you 5
2024-10-14 18:10:46.809032 Victor: India, X-ray and Juliett, sending you 3
2024-10-14 18:10:46.811663 Whiskey: Tango, sending you 3
2024-10-14 18:10:46.814455 Oscar: India, X-ray and Lima, sending you 3
2024-10-14 18:10:46.815288 Alpha: Golf, sending you 3
2024-10-14 18:10:46.816088 Juliett: India, X-ray and Victor, sending you 3
2024-10-14 18:10:46.816751 Victor: Oscar and Lima, sending you 2
2024-10-14 18:10:46.817416 Whiskey: Golf, sending you 2
2024-10-14 18:10:46.818555 Oscar: Victor, sending you 2
2024-10-14 18:10:46.820772 Juliett: Oscar, sending you 4
2024-10-14 18:10:46.822366 Alpha: Whiskey, sending you 6
2024-10-14 18:10:46.822955 Golf: Tango, sending you 1
2024-10-14 18:10:46.823606 X-ray: India, Oscar, Victor and Juliett, sending you 3
2024-10-14 18:10:46.825570 Whiskey: Alpha, sending you 4
2024-10-14 18:10:46.827357 Whiskey: I was attacked by Golf
ChatterBot Golf reevaluating
ChatterBot Alpha reevaluating
ChatterBot Tango reevaluating
2024-10-14 18:10:46.841620 Whiskey: Ow
2024-10-14 18:10:46.843252 Golf: We should add X-ray
ChatterBot Alpha reevaluating
ChatterBot Tango reevaluating
2024-10-14 18:10:46.856650 Alpha: Yes
2024-10-14 18:10:46.856807 Whiskey: Yes
2024-10-14 18:10:46.857195 Tango: Yes
ChatterBot Golf reevaluating
ChatterBot Tango reevaluating
ChatterBot Golf reevaluating
ChatterBot Alpha reevaluating
ChatterBot Tango reevaluating
ChatterBot Golf reevaluating
ChatterBot Alpha reevaluating
2024-10-14 18:10:46.886482 Oscar: Juliett, sending you 4
2024-10-14 18:10:46.886962 Juliett: Lima, sending you 2
2024-10-14 18:10:46.887412 X-ray: Lima, sending you 4
chatterbot Tango submitting transactions
2024-10-14 18:10:46.901701 Golf: Tango and Alpha, sending you 1
2024-10-14 18:10:46.907663 Golf: Whiskey, sending you 3
chatterbot Juliett submitting transactions
chatterbot Alpha submitting transactions
chatterbot X-ray submitting transactions
chatterbot Golf submitting transactions
chatterbot Tango submitting transactions
chatterbot Oscar submitting transactions
chatterbot Golf submitting transactions
chatterbot Lima submitting transactions
chatterbot Victor submitting transactions
chatterbot Whiskey submitting transactions
chatterbot India submitting transactions
ChatterBot India round 4
ChatterBot Tango round 4
ChatterBot Golf round 4
ChatterBot Oscar round 4
ChatterBot X-ray round 4
ChatterBot Victor round 4
ChatterBot Alpha round 4
2024-10-14 18:10:47.797606 Oscar: We should add Whiskey
ChatterBot X-ray reevaluating
ChatterBot India reevaluating
2024-10-14 18:10:47.815321 X-ray: No
2024-10-14 18:10:47.815618 Juliett: No
2024-10-14 18:10:47.815938 Victor: No
2024-10-14 18:10:47.816168 India: No
2024-10-14 18:10:47.816477 Lima: No
ChatterBot India reevaluating
ChatterBot Oscar reevaluating
ChatterBot X-ray reevaluating
ChatterBot India reevaluating
ChatterBot Oscar reevaluating
ChatterBot X-ray reevaluating
ChatterBot India reevaluating
ChatterBot Oscar reevaluating
ChatterBot X-ray reevaluating
ChatterBot Oscar reevaluating
ChatterBot X-ray reevaluating
ChatterBot India reevaluating
ChatterBot Juliett round 4
ChatterBot Lima round 4
ChatterBot Whiskey round 4
2024-10-14 18:10:47.918142 X-ray: Tango we want you to join our group
2024-10-14 18:10:47.920942 Tango: No
ChatterBot X-ray reevaluating
ChatterBot India reevaluating
ChatterBot Oscar reevaluating
2024-10-14 18:10:47.940670 Tango: Golf and Whiskey, sending you 3
2024-10-14 18:10:47.941195 Golf: Tango, sending you 4
2024-10-14 18:10:47.941669 Victor: India, X-ray and Juliett, sending you 3
2024-10-14 18:10:47.943664 Tango: Alpha, sending you 4
2024-10-14 18:10:47.945157 India: We should drop Lima
ChatterBot Oscar reevaluating
2024-10-14 18:10:47.962732 Oscar: No
2024-10-14 18:10:47.962942 X-ray: No
2024-10-14 18:10:47.963101 Victor: No
2024-10-14 18:10:47.963252 Juliett: No
ChatterBot India reevaluating
ChatterBot Oscar reevaluating
ChatterBot India reevaluating
ChatterBot Oscar reevaluating
ChatterBot India reevaluating
ChatterBot Oscar reevaluating
2024-10-14 18:10:48.018893 Victor: Oscar and Lima, sending you 2
2024-10-14 18:10:48.019391 Golf: X-ray, sending you 1
chatterbot Alpha submitting transactions
2024-10-14 18:10:48.022799 Lima: Same as last round
2024-10-14 18:10:48.023402 Whiskey: Tango and Alpha, sending you 5
2024-10-14 18:10:48.023782 Golf: Alpha, sending you 5
2024-10-14 18:10:48.024052 Alpha: Tango, sending you 5
2024-10-14 18:10:48.025134 Juliett: India, X-ray and Victor, sending you 3
2024-10-14 18:10:48.027775 Alpha: Golf, sending you 3
2024-10-14 18:10:48.028670 Golf: Whiskey, sending you 6
2024-10-14 18:10:48.030284 Juliett: Oscar, sending you 4
2024-10-14 18:10:48.030997 Alpha: Whiskey, sending you 6
2024-10-14 18:10:48.033674 Juliett: Lima, sending you 2
2024-10-14 18:10:48.042706 X-ray: India, Oscar, Juliett and Lima, sending you 3
2024-10-14 18:10:48.048696 X-ray: Victor, sending you 4
2024-10-14 18:10:48.051716 Oscar: India, X-ray and Lima, sending you 3
2024-10-14 18:10:48.056674 Oscar: Victor, sending you 2
2024-10-14 18:10:48.060700 Oscar: Juliett, sending you 4
chatterbot Whiskey submitting transactions
chatterbot Juliett submitting transactions
chatterbot X-ray submitting transactions
chatterbot Victor submitting transactions
chatterbot Tango submitting transactions
chatterbot Golf submitting transactions
chatterbot Lima submitting transactions
chatterbot Alpha submitting transactions
chatterbot India submitting transactions
chatterbot Oscar submitting transactions
ChatterBot India round 5
ChatterBot Tango round 5
ChatterBot Golf round 5
ChatterBot Oscar round 5
ChatterBot X-ray round 5
ChatterBot Victor round 5
ChatterBot Alpha round 5
ChatterBot Juliett round 5
ChatterBot Lima round 5
ChatterBot Whiskey round 5
2024-10-14 18:10:49.296191 India: We should drop Juliett
2024-10-14 18:10:49.308972 Oscar: No
2024-10-14 18:10:49.309135 X-ray: No
2024-10-14 18:10:49.310063 Victor: No
2024-10-14 18:10:49.310240 Lima: No
ChatterBot India reevaluating
ChatterBot X-ray reevaluating
ChatterBot India reevaluating
ChatterBot India reevaluating
ChatterBot X-ray reevaluating
ChatterBot India reevaluating
ChatterBot X-ray reevaluating
2024-10-14 18:10:49.388381 India: We should drop Victor
ChatterBot X-ray reevaluating
2024-10-14 18:10:49.403700 Oscar: No
2024-10-14 18:10:49.404488 X-ray: No
2024-10-14 18:10:49.404600 Juliett: No
2024-10-14 18:10:49.404717 Lima: No
ChatterBot India reevaluating
ChatterBot X-ray reevaluating
ChatterBot India reevaluating
ChatterBot India reevaluating
ChatterBot X-ray reevaluating
ChatterBot India reevaluating
ChatterBot X-ray reevaluating
2024-10-14 18:10:49.449028 India: We should drop Oscar
ChatterBot X-ray reevaluating
2024-10-14 18:10:49.460583 X-ray: No
2024-10-14 18:10:49.460780 Victor: No
2024-10-14 18:10:49.460930 Juliett: No
2024-10-14 18:10:49.461066 Lima: No
ChatterBot India reevaluating
ChatterBot India reevaluating
ChatterBot X-ray reevaluating
ChatterBot India reevaluating
ChatterBot X-ray reevaluating
ChatterBot India reevaluating
ChatterBot X-ray reevaluating
2024-10-14 18:10:49.506073 Tango: Golf and Alpha, sending you 3
2024-10-14 18:10:49.506356 Golf: Tango and Alpha, sending you 2
2024-10-14 18:10:49.509143 Golf: Whiskey, sending you 1
2024-10-14 18:10:49.509541 Juliett: India, sending you 2
2024-10-14 18:10:49.510073 X-ray: Tango we want you to join our group
2024-10-14 18:10:49.512580 Tango: No
ChatterBot X-ray reevaluating
ChatterBot India reevaluating
2024-10-14 18:10:49.528432 Tango: Whiskey, sending you 4
2024-10-14 18:10:49.528824 Lima: India, sending you 1
2024-10-14 18:10:49.529333 Alpha: Tango and Golf, sending you 4
2024-10-14 18:10:49.529622 Whiskey: Tango, sending you 3
2024-10-14 18:10:49.529885 Oscar: India, X-ray and Lima, sending you 3
2024-10-14 18:10:49.530337 Victor: India, X-ray and Juliett, sending you 3
2024-10-14 18:10:49.530804 Juliett: Oscar, sending you 4
2024-10-14 18:10:49.531668 Lima: Oscar, Victor and Juliett, sending you 2
2024-10-14 18:10:49.532667 Alpha: Whiskey, sending you 6
2024-10-14 18:10:49.532966 Whiskey: Golf and Alpha, sending you 4
2024-10-14 18:10:49.534108 India: We should drop X-ray
2024-10-14 18:10:49.543326 Oscar: Yes
2024-10-14 18:10:49.543500 Victor: Yes
2024-10-14 18:10:49.543626 Juliett: Yes
2024-10-14 18:10:49.543740 Lima: Yes
ChatterBot India reevaluating
ChatterBot India reevaluating
ChatterBot India reevaluating
ChatterBot India reevaluating
ChatterBot Oscar reevaluating
2024-10-14 18:10:49.583977 Oscar: We should add Alpha
ChatterBot X-ray reevaluating
ChatterBot India reevaluating
2024-10-14 18:10:49.600546 X-ray: No
2024-10-14 18:10:49.600767 Juliett: No
2024-10-14 18:10:49.600920 Victor: No
2024-10-14 18:10:49.601060 India: No
2024-10-14 18:10:49.601197 Lima: No
ChatterBot Oscar reevaluating
ChatterBot India reevaluating
ChatterBot Oscar reevaluating
ChatterBot X-ray reevaluating
ChatterBot India reevaluating
ChatterBot Oscar reevaluating
ChatterBot X-ray reevaluating
ChatterBot India reevaluating
ChatterBot Oscar reevaluating
ChatterBot X-ray reevaluating
ChatterBot Oscar reevaluating
ChatterBot X-ray reevaluating
ChatterBot India reevaluating
2024-10-14 18:10:49.665902 Victor: Oscar and Lima, sending you 2
2024-10-14 18:10:49.666368 Juliett: X-ray, Victor and Lima, sending you 3
2024-10-14 18:10:49.666814 Lima: X-ray, sending you 3
chatterbot Tango submitting transactions
2024-10-14 18:10:49.674786 X-ray: Whiskey we want you to join our group
2024-10-14 18:10:49.678648 Whiskey: No
ChatterBot X-ray reevaluating
ChatterBot Oscar reevaluating
chatterbot Victor submitting transactions
2024-10-14 18:10:49.714077 India: Oscar, Juliett and Lima, sending you 4
2024-10-14 18:10:49.718689 India: Victor, sending you 5
2024-10-14 18:10:49.729664 X-ray: India and Tango, sending you 2
2024-10-14 18:10:49.733646 X-ray: Oscar, Victor, Juliett and Lima, sending you 3
chatterbot Juliett submitting transactions
chatterbot Alpha submitting transactions
chatterbot X-ray submitting transactions
chatterbot Whiskey submitting transactions
chatterbot Lima submitting transactions
chatterbot India submitting transactions
chatterbot Oscar submitting transactions
chatterbot Golf submitting transactions
ChatterBot India round 6
ChatterBot Tango round 6
ChatterBot Golf round 6
ChatterBot Oscar round 6
ChatterBot X-ray round 6
ChatterBot Victor round 6
ChatterBot Alpha round 6
ChatterBot Juliett round 6
ChatterBot Lima round 6
ChatterBot Whiskey round 6
2024-10-14 18:10:50.611051 X-ray: We should drop Tango
ChatterBot Oscar reevaluating
2024-10-14 18:10:50.627868 Oscar: Yes
2024-10-14 18:10:50.628059 Juliett: Yes
2024-10-14 18:10:50.628181 Victor: Yes
2024-10-14 18:10:50.628306 India: Yes
2024-10-14 18:10:50.629024 Lima: Yes
ChatterBot X-ray reevaluating
ChatterBot Oscar reevaluating
ChatterBot X-ray reevaluating
ChatterBot Oscar reevaluating
ChatterBot X-ray reevaluating
ChatterBot Oscar reevaluating
ChatterBot X-ray reevaluating
ChatterBot Oscar reevaluating
ChatterBot X-ray reevaluating
2024-10-14 18:10:50.698666 Tango: Golf and Alpha, sending you 3
2024-10-14 18:10:50.699689 India: Oscar and Victor, sending you 5
2024-10-14 18:10:50.700609 Victor: India, X-ray and Juliett, sending you 3
2024-10-14 18:10:50.701668 Golf: Tango, sending you 1
2024-10-14 18:10:50.702108 Alpha: Tango and Whiskey, sending you 5
2024-10-14 18:10:50.702559 Tango: Whiskey, sending you 4
2024-10-14 18:10:50.703397 India: Juliett, sending you 4
2024-10-14 18:10:50.706045 Victor: Oscar and Lima, sending you 2
2024-10-14 18:10:50.706697 Golf: Alpha and Whiskey, sending you 2
2024-10-14 18:10:50.707044 Alpha: Golf, sending you 4
2024-10-14 18:10:50.707670 India: Lima, sending you 3
2024-10-14 18:10:50.709002 Juliett: Sending you each 3
2024-10-14 18:10:50.709603 Juliett: I was attacked by Golf
ChatterBot Oscar reevaluating
ChatterBot X-ray reevaluating
ChatterBot Victor reevaluating
ChatterBot India reevaluating
ChatterBot Lima reevaluating
2024-10-14 18:10:50.721573 Juliett: Ow
2024-10-14 18:10:50.722462 Whiskey: Tango and Alpha, sending you 4
2024-10-14 18:10:50.725698 Whiskey: Golf, sending you 3
2024-10-14 18:10:50.747852 X-ray: India, Oscar, Juliett and Lima, sending you 3
2024-10-14 18:10:50.750658 X-ray: Victor, sending you 4
chatterbot Juliett submitting transactions
chatterbot Lima submitting transactions
chatterbot Golf submitting transactions
chatterbot Tango submitting transactions
chatterbot Oscar submitting transactions
chatterbot Whiskey submitting transactions
chatterbot India submitting transactions
chatterbot Victor submitting transactions
chatterbot Alpha submitting transactions
chatterbot X-ray submitting transactions
ChatterBot India round 7
ChatterBot Tango round 7
ChatterBot Golf round 7
ChatterBot Oscar round 7
ChatterBot X-ray round 7
ChatterBot Victor round 7
ChatterBot Alpha round 7
ChatterBot Juliett round 7
ChatterBot Lima round 7
ChatterBot Whiskey round 7
2024-10-14 18:10:51.989070 India: I was attacked by Golf
ChatterBot Oscar reevaluating
ChatterBot Victor reevaluating
ChatterBot Juliett reevaluating
ChatterBot Lima reevaluating
2024-10-14 18:10:52.001340 India: I'm keeping this round to protect myself
2024-10-14 18:10:52.002916 India: Ow
2024-10-14 18:10:52.006708 Tango: Golf and Alpha, sending you 3
2024-10-14 18:10:52.008191 Golf: Tango, sending you 1
2024-10-14 18:10:52.010648 Tango: Whiskey, sending you 4
2024-10-14 18:10:52.011676 Golf: Alpha and Whiskey, sending you 2
2024-10-14 18:10:52.017659 Alpha: Tango and Whiskey, sending you 5
2024-10-14 18:10:52.019695 Whiskey: Tango and Alpha, sending you 4
2024-10-14 18:10:52.022698 Victor: India, X-ray and Juliett, sending you 3
2024-10-14 18:10:52.023915 Alpha: Golf, sending you 4
2024-10-14 18:10:52.025254 Whiskey: Golf, sending you 3
2024-10-14 18:10:52.026105 X-ray: India, Oscar, Juliett and Lima, sending you 3
2024-10-14 18:10:52.027044 Lima: Same as last round
2024-10-14 18:10:52.028786 Victor: Oscar and Lima, sending you 2
2024-10-14 18:10:52.029944 Juliett: Same as last round
2024-10-14 18:10:52.031941 X-ray: Victor, sending you 4
chatterbot Lima submitting transactions
chatterbot Golf submitting transactions
chatterbot Oscar submitting transactions
chatterbot Tango submitting transactions
chatterbot Alpha submitting transactions
chatterbot India submitting transactions
chatterbot X-ray submitting transactions
chatterbot Victor submitting transactions
chatterbot Whiskey submitting transactions
chatterbot Juliett submitting transactions
ChatterBot India round 8
ChatterBot Tango round 8
ChatterBot Golf round 8
ChatterBot Oscar round 8
ChatterBot X-ray round 8
ChatterBot Victor round 8
ChatterBot Alpha round 8
ChatterBot Juliett round 8
ChatterBot Lima round 8
ChatterBot Whiskey round 8
2024-10-14 18:10:53.292157 Oscar: We should add Whiskey
2024-10-14 18:10:53.310655 X-ray: No
2024-10-14 18:10:53.311298 Juliett: No
2024-10-14 18:10:53.311521 Victor: No
2024-10-14 18:10:53.311758 India: No
2024-10-14 18:10:53.311977 Lima: No
ChatterBot Oscar reevaluating
ChatterBot Oscar reevaluating
ChatterBot Oscar reevaluating
ChatterBot Oscar reevaluating
ChatterBot Oscar reevaluating
2024-10-14 18:10:53.406793 Alpha: We should add X-ray
2024-10-14 18:10:53.438488 Golf: Yes
2024-10-14 18:10:53.438724 Whiskey: Yes
2024-10-14 18:10:53.438889 Tango: Yes
ChatterBot Alpha reevaluating
2024-10-14 18:10:53.527885 Tango: Golf and Alpha, sending you 3
2024-10-14 18:10:53.528747 Victor: India, X-ray and Juliett, sending you 3
2024-10-14 18:10:53.532501 Tango: Whiskey, sending you 4
2024-10-14 18:10:53.533217 Lima: I was attacked by Golf
ChatterBot Oscar reevaluating
ChatterBot X-ray reevaluating
ChatterBot Juliett reevaluating
ChatterBot Victor reevaluating
ChatterBot India reevaluating
2024-10-14 18:10:53.557622 Lima: I'm keeping this round to protect myself
2024-10-14 18:10:53.560143 Lima: Ow
2024-10-14 18:10:53.560585 Golf: Alpha, sending you 1
2024-10-14 18:10:53.561147 Golf: I was attacked by Oscar
ChatterBot Tango reevaluating
ChatterBot Alpha reevaluating
ChatterBot Whiskey reevaluating
ChatterBot X-ray reevaluating
2024-10-14 18:10:53.576917 Golf: Ow
2024-10-14 18:10:53.582843 Alpha: X-ray we want you to join our group
ChatterBot X-ray reevaluating
2024-10-14 18:10:53.587556 X-ray: No
ChatterBot Tango reevaluating
ChatterBot Alpha reevaluating
ChatterBot Whiskey reevaluating
2024-10-14 18:10:53.606799 X-ray: We should add Tango
ChatterBot Oscar reevaluating
ChatterBot Juliett reevaluating
ChatterBot Victor reevaluating
ChatterBot India reevaluating
2024-10-14 18:10:53.624087 Oscar: No
2024-10-14 18:10:53.624672 Juliett: No
2024-10-14 18:10:53.626545 Victor: No
2024-10-14 18:10:53.627723 India: No
2024-10-14 18:10:53.628032 Lima: No
ChatterBot X-ray reevaluating
ChatterBot Juliett reevaluating
ChatterBot Victor reevaluating
ChatterBot India reevaluating
ChatterBot Oscar reevaluating
ChatterBot X-ray reevaluating
ChatterBot Victor reevaluating
ChatterBot India reevaluating
ChatterBot Oscar reevaluating
ChatterBot X-ray reevaluating
ChatterBot Juliett reevaluating
ChatterBot India reevaluating
ChatterBot Oscar reevaluating
ChatterBot X-ray reevaluating
ChatterBot Juliett reevaluating
ChatterBot Victor reevaluating
ChatterBot Oscar reevaluating
ChatterBot X-ray reevaluating
ChatterBot Juliett reevaluating
ChatterBot Victor reevaluating
ChatterBot India reevaluating
2024-10-14 18:10:53.703688 Tango: X-ray we want you to join our group
ChatterBot X-ray reevaluating
2024-10-14 18:10:53.707040 X-ray: No
ChatterBot Tango reevaluating
ChatterBot Alpha reevaluating
ChatterBot Whiskey reevaluating
2024-10-14 18:10:53.731667 India: Oscar and Victor, sending you 3
2024-10-14 18:10:53.735679 India: Juliett and Lima, sending you 2
2024-10-14 18:10:53.738666 Whiskey: Tango and Alpha, sending you 4
2024-10-14 18:10:53.743680 Juliett: Same as last round
2024-10-14 18:10:53.745504 Whiskey: Golf, sending you 3
chatterbot Lima submitting transactions
chatterbot X-ray submitting transactions
chatterbot Whiskey submitting transactions
chatterbot India submitting transactions
chatterbot Oscar submitting transactions
chatterbot Golf submitting transactions
chatterbot Victor submitting transactions
chatterbot Alpha submitting transactions
chatterbot Juliett submitting transactions
chatterbot Tango submitting transactions
ChatterBot India round 9
ChatterBot Tango round 9
ChatterBot Golf round 9
ChatterBot Oscar round 9
ChatterBot X-ray round 9
ChatterBot Victor round 9
ChatterBot Alpha round 9
ChatterBot Juliett round 9
ChatterBot Lima round 9
ChatterBot Whiskey round 9
2024-10-14 18:10:54.977680 Golf: I was attacked by Oscar
ChatterBot Tango reevaluating
ChatterBot Alpha reevaluating
ChatterBot Whiskey reevaluating
ChatterBot X-ray reevaluating
2024-10-14 18:10:54.995132 Golf: I'm keeping this round to protect myself
2024-10-14 18:10:54.997697 Golf: Ow
2024-10-14 18:10:55.001978 Victor: India, Oscar, X-ray and Juliett, sending you 2
2024-10-14 18:10:55.005225 India: Oscar, Juliett and Lima, sending you 3
2024-10-14 18:10:55.007336 Juliett: Same as last round
2024-10-14 18:10:55.010437 Lima: Sending you each 1
2024-10-14 18:10:55.013742 Alpha: We should drop X-ray
ChatterBot Whiskey reevaluating
ChatterBot Tango reevaluating
2024-10-14 18:10:55.026710 Golf: Yes
2024-10-14 18:10:55.027012 Whiskey: Yes
2024-10-14 18:10:55.027291 Tango: Yes
ChatterBot Alpha reevaluating
ChatterBot Whiskey reevaluating
ChatterBot Tango reevaluating
ChatterBot Alpha reevaluating
ChatterBot Tango reevaluating
ChatterBot Golf reevaluating
ChatterBot Alpha reevaluating
ChatterBot Whiskey reevaluating
2024-10-14 18:10:55.054645 Golf: We should replace X-ray with Juliett
ChatterBot Alpha reevaluating
ChatterBot Whiskey reevaluating
ChatterBot Tango reevaluating
2024-10-14 18:10:55.067367 Alpha: No
2024-10-14 18:10:55.067597 Whiskey: No
2024-10-14 18:10:55.067767 Tango: No
ChatterBot Golf reevaluating
ChatterBot Whiskey reevaluating
ChatterBot Tango reevaluating
ChatterBot Golf reevaluating
ChatterBot Alpha reevaluating
ChatterBot Tango reevaluating
ChatterBot Golf reevaluating
ChatterBot Alpha reevaluating
ChatterBot Whiskey reevaluating
2024-10-14 18:10:55.096574 Victor: Lima, sending you 1
2024-10-14 18:10:55.097273 Victor: I was attacked by Golf
ChatterBot Oscar reevaluating
ChatterBot X-ray reevaluating
ChatterBot Juliett reevaluating
ChatterBot India reevaluating
ChatterBot Lima reevaluating
2024-10-14 18:10:55.111067 Victor: Ow
2024-10-14 18:10:55.121795 Golf: Juliett we want you to join our group
ChatterBot Juliett reevaluating
2024-10-14 18:10:55.126712 Juliett: No
ChatterBot Golf reevaluating
ChatterBot Alpha reevaluating
2024-10-14 18:10:55.138920 Golf: We should replace X-ray with Oscar
ChatterBot Alpha reevaluating
2024-10-14 18:10:55.148240 Alpha: No
2024-10-14 18:10:55.148402 Whiskey: No
2024-10-14 18:10:55.148543 Tango: No
ChatterBot Golf reevaluating
ChatterBot Golf reevaluating
ChatterBot Alpha reevaluating
ChatterBot Golf reevaluating
ChatterBot Alpha reevaluating
2024-10-14 18:10:55.173536 Golf: We should replace X-ray with Victor
ChatterBot Alpha reevaluating
2024-10-14 18:10:55.180023 Alpha: No
2024-10-14 18:10:55.180158 Whiskey: No
2024-10-14 18:10:55.180260 Tango: No
ChatterBot Golf reevaluating
ChatterBot Golf reevaluating
ChatterBot Alpha reevaluating
ChatterBot Golf reevaluating
ChatterBot Alpha reevaluating
2024-10-14 18:10:55.200552 India: Oscar, Victor and Juliett, sending you 4
2024-10-14 18:10:55.202047 Whiskey: Tango and Alpha, sending you 4
2024-10-14 18:10:55.202392 Lima: Sending you each 2
2024-10-14 18:10:55.203186 Tango: Golf and Alpha, sending you 3
2024-10-14 18:10:55.203561 Golf: We should replace X-ray with India
ChatterBot Alpha reevaluating
2024-10-14 18:10:55.209753 Alpha: No
2024-10-14 18:10:55.209864 Whiskey: No
2024-10-14 18:10:55.209966 Tango: No
ChatterBot Golf reevaluating
ChatterBot Golf reevaluating
ChatterBot Alpha reevaluating
ChatterBot Golf reevaluating
ChatterBot Alpha reevaluating
2024-10-14 18:10:55.229466 India: Lima, sending you 2
2024-10-14 18:10:55.229864 Whiskey: Golf, sending you 3
2024-10-14 18:10:55.230226 Tango: Whiskey, sending you 4
2024-10-14 18:10:55.236811 Golf: Oscar we want you to join our group
ChatterBot Oscar reevaluating
2024-10-14 18:10:55.240663 Oscar: No
ChatterBot Golf reevaluating
ChatterBot Alpha reevaluating
chatterbot Tango submitting transactions
chatterbot X-ray submitting transactions
chatterbot Oscar submitting transactions
chatterbot Alpha submitting transactions
chatterbot Whiskey submitting transactions
chatterbot Lima submitting transactions
chatterbot Victor submitting transactions
chatterbot Juliett submitting transactions
chatterbot Golf submitting transactions
chatterbot India submitting transactions
ChatterBot India round 10
ChatterBot Tango round 10
ChatterBot Golf round 10
ChatterBot Oscar round 10
ChatterBot X-ray round 10
ChatterBot Victor round 10
ChatterBot Alpha round 10
ChatterBot Juliett round 10
ChatterBot Lima round 10
2024-10-14 18:10:56.333145 Oscar: We should add Tango
ChatterBot X-ray reevaluating
2024-10-14 18:10:56.355678 X-ray: No
2024-10-14 18:10:56.355999 Juliett: No
2024-10-14 18:10:56.356362 Victor: No
2024-10-14 18:10:56.357244 India: No
2024-10-14 18:10:56.357537 Lima: No
ChatterBot Oscar reevaluating
ChatterBot Oscar reevaluating
ChatterBot X-ray reevaluating
ChatterBot Oscar reevaluating
ChatterBot X-ray reevaluating
ChatterBot Oscar reevaluating
ChatterBot X-ray reevaluating
ChatterBot Oscar reevaluating
ChatterBot X-ray reevaluating
ChatterBot Whiskey round 10
2024-10-14 18:10:56.506600 Alpha: We should drop X-ray
2024-10-14 18:10:56.513042 Golf: Yes
2024-10-14 18:10:56.513227 Whiskey: Yes
2024-10-14 18:10:56.513359 Tango: Yes
ChatterBot Alpha reevaluating
ChatterBot Golf reevaluating
ChatterBot Alpha reevaluating
ChatterBot Golf reevaluating
ChatterBot Alpha reevaluating
2024-10-14 18:10:56.538669 Victor: India, X-ray and Juliett, sending you 3
2024-10-14 18:10:56.539700 India: Oscar, Victor and Juliett, sending you 4
2024-10-14 18:10:56.540605 Tango: Golf and Alpha, sending you 3
2024-10-14 18:10:56.543669 Victor: Oscar and Lima, sending you 2
2024-10-14 18:10:56.544708 India: Lima, sending you 3
2024-10-14 18:10:56.545164 Tango: Whiskey, sending you 4
2024-10-14 18:10:56.549673 Lima: Same as last round
2024-10-14 18:10:56.553678 Golf: Tango, Alpha and Whiskey, sending you 3
2024-10-14 18:10:56.557239 Juliett: Same as last round
2024-10-14 18:10:56.558300 Whiskey: Tango and Alpha, sending you 4
2024-10-14 18:10:56.561647 Whiskey: Golf, sending you 3
chatterbot Tango submitting transactions
chatterbot X-ray submitting transactions
chatterbot Golf submitting transactions
chatterbot Oscar submitting transactions
chatterbot Juliett submitting transactions
chatterbot Alpha submitting transactions
chatterbot Whiskey submitting transactions
chatterbot Lima submitting transactions
chatterbot Victor submitting transactions
chatterbot India submitting transactions
ChatterBot India round 11
ChatterBot Tango round 11
ChatterBot Golf round 11
ChatterBot Oscar round 11
2024-10-14 18:10:57.669893 Golf: We should replace Oscar with Juliett
ChatterBot Alpha reevaluating
2024-10-14 18:10:57.680629 Alpha: No
2024-10-14 18:10:57.680911 Whiskey: No
2024-10-14 18:10:57.681136 Tango: No
ChatterBot Golf reevaluating
ChatterBot Golf reevaluating
ChatterBot Alpha reevaluating
ChatterBot Golf reevaluating
ChatterBot Alpha reevaluating
ChatterBot X-ray round 11
ChatterBot Victor round 11
ChatterBot Alpha round 11
ChatterBot Juliett round 11
ChatterBot Lima round 11
ChatterBot Whiskey round 11
2024-10-14 18:10:57.746832 Alpha: We should drop X-ray
ChatterBot Golf reevaluating
2024-10-14 18:10:57.754347 Golf: Yes
2024-10-14 18:10:57.754518 Whiskey: Yes
2024-10-14 18:10:57.754680 Tango: Yes
ChatterBot Alpha reevaluating
ChatterBot Golf reevaluating
ChatterBot Alpha reevaluating
ChatterBot Golf reevaluating
ChatterBot Alpha reevaluating
2024-10-14 18:10:57.885471 Tango: Golf and Alpha, sending you 3
2024-10-14 18:10:57.888685 India: Oscar and Juliett, sending you 4
2024-10-14 18:10:57.890184 Lima: Same as last round
2024-10-14 18:10:57.891275 Whiskey: Tango and Alpha, sending you 4
2024-10-14 18:10:57.892363 Tango: Whiskey, sending you 4
2024-10-14 18:10:57.892881 Victor: India, X-ray and Juliett, sending you 3
2024-10-14 18:10:57.894751 India: Victor, sending you 5
2024-10-14 18:10:57.897099 Whiskey: Golf, sending you 3
2024-10-14 18:10:57.898221 Victor: Oscar and Lima, sending you 2
2024-10-14 18:10:57.900486 India: Lima, sending you 3
2024-10-14 18:10:57.908708 Juliett: Same as last round
chatterbot Lima submitting transactions
chatterbot India submitting transactions
chatterbot Victor submitting transactions
chatterbot Golf submitting transactions
chatterbot Juliett submitting transactions
chatterbot Tango submitting transactions
chatterbot Oscar submitting transactions
chatterbot X-ray submitting transactions
chatterbot Whiskey submitting transactions
chatterbot Alpha submitting transactions
ChatterBot India round 12
ChatterBot Tango round 12
ChatterBot Golf round 12
ChatterBot Oscar round 12
ChatterBot X-ray round 12
ChatterBot Victor round 12
ChatterBot Alpha round 12
ChatterBot Juliett round 12
2024-10-14 18:10:59.075193 Golf: We should replace Oscar with Juliett
ChatterBot Alpha reevaluating
2024-10-14 18:10:59.082934 Alpha: No
2024-10-14 18:10:59.083119 Whiskey: No
2024-10-14 18:10:59.083626 Tango: No
ChatterBot Golf reevaluating
ChatterBot Golf reevaluating
ChatterBot Alpha reevaluating
ChatterBot Golf reevaluating
ChatterBot Alpha reevaluating
ChatterBot Lima round 12
ChatterBot Whiskey round 12
2024-10-14 18:10:59.134555 Alpha: We should drop X-ray
ChatterBot Golf reevaluating
2024-10-14 18:10:59.143158 Golf: Yes
2024-10-14 18:10:59.143364 Whiskey: Yes
2024-10-14 18:10:59.143545 Tango: Yes
