ChatterBot Lima round 1
ChatterBot Delta round 1
ChatterBot Hotel round 1
ChatterBot Foxtrot round 1
ChatterBot Mike round 1
ChatterBot Whiskey round 1
ChatterBot Kilo round 1
ChatterBot Romeo round 1
ChatterBot Oscar round 1
ChatterBot Zulu round 1
randomSelections Lima: {Lima, Oscar, Hotel, Kilo, Romeo, Mike} 
2024-10-14 18:10:41.728360 Lima: Let's form a team
ChatterBot Oscar reevaluating
ChatterBot Hotel reevaluating
ChatterBot Kilo reevaluating
ChatterBot Romeo reevaluating
ChatterBot Mike reevaluating
2024-10-14 18:10:41.737716 Oscar: Yes
2024-10-14 18:10:41.737879 Hotel: Yes
2024-10-14 18:10:41.738443 Kilo: Yes
2024-10-14 18:10:41.738532 Romeo: Yes
2024-10-14 18:10:41.738637 Mike: Yes
ChatterBot Hotel reevaluating
ChatterBot Kilo reevaluating
ChatterBot Romeo reevaluating
ChatterBot Mike reevaluating
ChatterBot Oscar reevaluating
ChatterBot Kilo reevaluating
ChatterBot Romeo reevaluating
ChatterBot Mike reevaluating
ChatterBot Oscar reevaluating
ChatterBot Hotel reevaluating
ChatterBot Romeo reevaluating
ChatterBot Mike reevaluating
ChatterBot Oscar reevaluating
ChatterBot Hotel reevaluating
ChatterBot Kilo reevaluating
ChatterBot Mike reevaluating
ChatterBot Oscar reevaluating
ChatterBot Hotel reevaluating
ChatterBot Kilo reevaluating
ChatterBot Romeo reevaluating
randomSelections Delta: {Delta, Hotel, Foxtrot, Oscar, Whiskey, Romeo} 
2024-10-14 18:10:41.779921 Delta: Friends?
ChatterBot Hotel reevaluating
ChatterBot Foxtrot reevaluating
ChatterBot Oscar reevaluating
ChatterBot Whiskey reevaluating
ChatterBot Romeo reevaluating
2024-10-14 18:10:41.787835 Hotel: No
2024-10-14 18:10:41.787974 Foxtrot: Yes
2024-10-14 18:10:41.788621 Oscar: No
2024-10-14 18:10:41.788801 Whiskey: Yes
2024-10-14 18:10:41.788936 Romeo: No
ChatterBot Foxtrot reevaluating
ChatterBot Oscar reevaluating
ChatterBot Whiskey reevaluating
ChatterBot Romeo reevaluating
ChatterBot Hotel reevaluating
ChatterBot Oscar reevaluating
ChatterBot Whiskey reevaluating
ChatterBot Romeo reevaluating
ChatterBot Hotel reevaluating
ChatterBot Foxtrot reevaluating
ChatterBot Whiskey reevaluating
ChatterBot Romeo reevaluating
ChatterBot Hotel reevaluating
ChatterBot Foxtrot reevaluating
ChatterBot Oscar reevaluating
ChatterBot Romeo reevaluating
ChatterBot Hotel reevaluating
ChatterBot Foxtrot reevaluating
ChatterBot Oscar reevaluating
ChatterBot Whiskey reevaluating
randomSelections Zulu: {Zulu, Foxtrot, Oscar, Hotel, Delta, Mike, Whiskey} 
2024-10-14 18:10:41.843178 Zulu: We would work well together
ChatterBot Foxtrot reevaluating
ChatterBot Oscar reevaluating
ChatterBot Hotel reevaluating
ChatterBot Mike reevaluating
ChatterBot Whiskey reevaluating
2024-10-14 18:10:41.851837 Foxtrot: No
2024-10-14 18:10:41.852877 Oscar: No
2024-10-14 18:10:41.852994 Hotel: No
2024-10-14 18:10:41.853109 Delta: No
2024-10-14 18:10:41.853220 Mike: No
2024-10-14 18:10:41.853330 Whiskey: No
ChatterBot Oscar reevaluating
ChatterBot Hotel reevaluating
ChatterBot Mike reevaluating
ChatterBot Whiskey reevaluating
ChatterBot Foxtrot reevaluating
ChatterBot Hotel reevaluating
ChatterBot Mike reevaluating
ChatterBot Whiskey reevaluating
ChatterBot Foxtrot reevaluating
ChatterBot Oscar reevaluating
ChatterBot Mike reevaluating
ChatterBot Whiskey reevaluating
ChatterBot Foxtrot reevaluating
ChatterBot Oscar reevaluating
ChatterBot Hotel reevaluating
ChatterBot Mike reevaluating
ChatterBot Whiskey reevaluating
ChatterBot Foxtrot reevaluating
ChatterBot Oscar reevaluating
ChatterBot Hotel reevaluating
ChatterBot Whiskey reevaluating
ChatterBot Foxtrot reevaluating
ChatterBot Oscar reevaluating
ChatterBot Hotel reevaluating
ChatterBot Mike reevaluating
2024-10-14 18:10:41.922725 Kilo: Lima, sending you 1
2024-10-14 18:10:41.923652 Delta: Hotel, Foxtrot and Romeo, sending you 2
2024-10-14 18:10:41.925706 Lima: Hotel and Mike, sending you 2
2024-10-14 18:10:41.926721 Zulu: Delta, Hotel and Mike, sending you 1
2024-10-14 18:10:41.927064 Kilo: Hotel, Mike and Romeo, sending you 4
2024-10-14 18:10:41.928089 Delta: Whiskey, sending you 1
2024-10-14 18:10:41.928316 Oscar: Hotel, Kilo and Romeo, sending you 1
2024-10-14 18:10:41.928688 Romeo: Lima, sending you 1
2024-10-14 18:10:41.928954 Lima: Kilo, sending you 4
2024-10-14 18:10:41.929666 Kilo: Oscar, sending you 2
2024-10-14 18:10:41.930680 Zulu: Foxtrot and Whiskey, sending you 2
2024-10-14 18:10:41.931702 Romeo: Mike and Oscar, sending you 2
2024-10-14 18:10:41.932706 Mike: Lima, sending you 4
2024-10-14 18:10:41.933092 Delta: Oscar, sending you 3
2024-10-14 18:10:41.933694 Lima: Romeo and Oscar, sending you 1
2024-10-14 18:10:41.934663 Whiskey: Delta and Hotel, sending you 3
2024-10-14 18:10:41.935178 Zulu: Oscar, sending you 3
2024-10-14 18:10:41.936028 Romeo: Kilo, sending you 3
2024-10-14 18:10:41.936420 Foxtrot: Delta, sending you 1
2024-10-14 18:10:41.936828 Mike: Hotel, sending you 6
2024-10-14 18:10:41.938690 Whiskey: Foxtrot, sending you 6
2024-10-14 18:10:41.941717 Foxtrot: Hotel, sending you 2
2024-10-14 18:10:41.942127 Mike: Kilo, sending you 3
2024-10-14 18:10:41.943672 Whiskey: Romeo, sending you 1
2024-10-14 18:10:41.944110 Hotel: Lima and Kilo, sending you 1
2024-10-14 18:10:41.945050 Foxtrot: Romeo and Oscar, sending you 3
2024-10-14 18:10:41.946649 Mike: Romeo, sending you 2
2024-10-14 18:10:41.947060 Whiskey: Oscar, sending you 4
2024-10-14 18:10:41.948687 Hotel: Mike, sending you 2
2024-10-14 18:10:41.951909 Mike: Oscar, sending you 1
2024-10-14 18:10:41.953778 Hotel: Romeo, sending you 3
2024-10-14 18:10:41.958678 Hotel: Oscar, sending you 4
chatterbot Romeo submitting transactions
chatterbot Whiskey submitting transactions
chatterbot Hotel submitting transactions
chatterbot Zulu submitting transactions
chatterbot Kilo submitting transactions
chatterbot Mike submitting transactions
chatterbot Delta submitting transactions
chatterbot Oscar submitting transactions
chatterbot Lima submitting transactions
chatterbot Foxtrot submitting transactions
ChatterBot Lima round 2
ChatterBot Delta round 2
ChatterBot Hotel round 2
ChatterBot Foxtrot round 2
2024-10-14 18:10:44.634561 Delta: Can we be friends?
ChatterBot Foxtrot reevaluating
ChatterBot Whiskey reevaluating
ChatterBot Zulu reevaluating
2024-10-14 18:10:44.750242 Foxtrot: Yes
2024-10-14 18:10:44.750589 Whiskey: No
2024-10-14 18:10:44.750814 Zulu: No
ChatterBot Whiskey reevaluating
ChatterBot Zulu reevaluating
ChatterBot Foxtrot reevaluating
ChatterBot Zulu reevaluating
ChatterBot Foxtrot reevaluating
ChatterBot Whiskey reevaluating
2024-10-14 18:10:44.859903 Whiskey: Can we be friends?
ChatterBot Zulu reevaluating
2024-10-14 18:10:44.879059 Zulu: Yes
ChatterBot Whiskey reevaluating
ChatterBot Mike round 2
ChatterBot Whiskey round 2
ChatterBot Kilo round 2
ChatterBot Romeo round 2
ChatterBot Oscar round 2
ChatterBot Zulu round 2
2024-10-14 18:10:44.940485 Hotel: We should drop Oscar
ChatterBot Romeo reevaluating
2024-10-14 18:10:44.960952 Lima: No
2024-10-14 18:10:44.961276 Mike: Yes
2024-10-14 18:10:44.961501 Kilo: No
2024-10-14 18:10:44.962120 Romeo: Yes
ChatterBot Romeo reevaluating
ChatterBot Romeo reevaluating
ChatterBot Romeo reevaluating
ChatterBot Hotel reevaluating
ChatterBot Lima reevaluating
ChatterBot Kilo reevaluating
2024-10-14 18:10:45.014551 Hotel: We should replace Oscar with Whiskey
2024-10-14 18:10:45.015255 Lima: We should replace Oscar with Zulu
ChatterBot Lima reevaluating
ChatterBot Kilo reevaluating
ChatterBot Romeo reevaluating
ChatterBot Hotel reevaluating
2024-10-14 18:10:45.030824 Lima: Yes
2024-10-14 18:10:45.030988 Mike: No
2024-10-14 18:10:45.033551 Kilo: No
ChatterBot Kilo reevaluating
2024-10-14 18:10:45.037230 Romeo: No
ChatterBot Romeo reevaluating
2024-10-14 18:10:45.040280 Hotel: No
2024-10-14 18:10:45.040496 Mike: No
2024-10-14 18:10:45.040599 Kilo: No
2024-10-14 18:10:45.040716 Romeo: No
ChatterBot Hotel reevaluating
ChatterBot Kilo reevaluating
ChatterBot Romeo reevaluating
ChatterBot Hotel reevaluating
ChatterBot Lima reevaluating
ChatterBot Kilo reevaluating
ChatterBot Romeo reevaluating
ChatterBot Hotel reevaluating
ChatterBot Lima reevaluating
ChatterBot Romeo reevaluating
ChatterBot Hotel reevaluating
ChatterBot Lima reevaluating
ChatterBot Kilo reevaluating
ChatterBot Lima reevaluating
ChatterBot Kilo reevaluating
ChatterBot Romeo reevaluating
ChatterBot Hotel reevaluating
ChatterBot Lima reevaluating
ChatterBot Kilo reevaluating
ChatterBot Romeo reevaluating
ChatterBot Hotel reevaluating
ChatterBot Lima reevaluating
ChatterBot Romeo reevaluating
ChatterBot Hotel reevaluating
ChatterBot Lima reevaluating
ChatterBot Kilo reevaluating
chatterbot Delta submitting transactions
2024-10-14 18:10:45.213291 Delta: Foxtrot and Zulu, sending you 3
2024-10-14 18:10:45.213707 Foxtrot: Delta and Zulu, sending you 3
2024-10-14 18:10:45.214869 Lima: Whiskey we want you to join our group
2024-10-14 18:10:45.218017 Whiskey: No
ChatterBot Lima reevaluating
2024-10-14 18:10:45.232122 Delta: Whiskey, sending you 4
2024-10-14 18:10:45.232470 Foxtrot: Whiskey, sending you 4
2024-10-14 18:10:45.259753 Oscar: Lima and Mike, sending you 1
2024-10-14 18:10:45.260197 Whiskey: Delta and Zulu, sending you 6
2024-10-14 18:10:45.260918 Zulu: Delta, sending you 4
2024-10-14 18:10:45.268828 Oscar: Hotel, Kilo and Romeo, sending you 2
2024-10-14 18:10:45.269691 Whiskey: Foxtrot, sending you 1
2024-10-14 18:10:45.269961 Zulu: Foxtrot and Whiskey, sending you 3
2024-10-14 18:10:45.270171 Hotel: Lima, sending you 3
2024-10-14 18:10:45.270409 Mike: Lima, Hotel and Romeo, sending you 3
2024-10-14 18:10:45.271086 Romeo: Lima and Mike, sending you 2
2024-10-14 18:10:45.292445 Hotel: Mike, sending you 7
2024-10-14 18:10:45.293015 Romeo: Hotel and Kilo, sending you 3
2024-10-14 18:10:45.293500 Mike: Kilo, sending you 6
2024-10-14 18:10:45.347735 Hotel: Kilo, sending you 5
chatterbot Whiskey submitting transactions
2024-10-14 18:10:45.348293 Lima: Hotel, Mike, Whiskey, Kilo and Romeo, sending you 2
2024-10-14 18:10:45.348689 Kilo: Lima, sending you 5
2024-10-14 18:10:45.394001 Hotel: Romeo, sending you 1
2024-10-14 18:10:45.395070 Kilo: Hotel, sending you 2
2024-10-14 18:10:45.409951 Kilo: Mike and Romeo, sending you 4
chatterbot Foxtrot submitting transactions
chatterbot Kilo submitting transactions
chatterbot Romeo submitting transactions
chatterbot Lima submitting transactions
chatterbot Hotel submitting transactions
chatterbot Zulu submitting transactions
chatterbot Mike submitting transactions
chatterbot Oscar submitting transactions
ChatterBot Lima round 3
ChatterBot Delta round 3
ChatterBot Hotel round 3
ChatterBot Foxtrot round 3
ChatterBot Mike round 3
ChatterBot Whiskey round 3
ChatterBot Kilo round 3
ChatterBot Romeo round 3
ChatterBot Oscar round 3
2024-10-14 18:10:46.421947 Hotel: We should add Oscar
ChatterBot Lima reevaluating
ChatterBot Kilo reevaluating
ChatterBot Romeo reevaluating
2024-10-14 18:10:46.445819 Lima: Yes
2024-10-14 18:10:46.446044 Mike: No
2024-10-14 18:10:46.446253 Kilo: Yes
2024-10-14 18:10:46.446474 Romeo: Yes
ChatterBot Kilo reevaluating
ChatterBot Romeo reevaluating
ChatterBot Lima reevaluating
ChatterBot Kilo reevaluating
ChatterBot Romeo reevaluating
ChatterBot Lima reevaluating
ChatterBot Romeo reevaluating
ChatterBot Lima reevaluating
ChatterBot Kilo reevaluating
ChatterBot Zulu round 3
2024-10-14 18:10:46.536846 Lima: We should replace Whiskey with Oscar
ChatterBot Kilo reevaluating
ChatterBot Romeo reevaluating
2024-10-14 18:10:46.548595 Hotel: Yes
2024-10-14 18:10:46.548730 Mike: No
2024-10-14 18:10:46.548848 Kilo: Yes
2024-10-14 18:10:46.548940 Romeo: Yes
ChatterBot Lima reevaluating
ChatterBot Mike reevaluating
ChatterBot Kilo reevaluating
ChatterBot Romeo reevaluating
ChatterBot Lima reevaluating
ChatterBot Kilo reevaluating
ChatterBot Romeo reevaluating
ChatterBot Lima reevaluating
ChatterBot Mike reevaluating
ChatterBot Romeo reevaluating
ChatterBot Lima reevaluating
ChatterBot Mike reevaluating
ChatterBot Kilo reevaluating
2024-10-14 18:10:46.609017 Hotel: Oscar we want you to join our group
2024-10-14 18:10:46.612347 Oscar: Yes
ChatterBot Lima reevaluating
ChatterBot Kilo reevaluating
ChatterBot Romeo reevaluating
ChatterBot Mike reevaluating
2024-10-14 18:10:46.636883 Foxtrot: Sending you each 3
2024-10-14 18:10:46.638282 Romeo: Oscar we want you to join our group
2024-10-14 18:10:46.643883 Oscar: Yes
ChatterBot Lima reevaluating
ChatterBot Hotel reevaluating
ChatterBot Mike reevaluating
2024-10-14 18:10:46.742267 Delta: Foxtrot and Zulu, sending you 3
2024-10-14 18:10:46.743550 Kilo: Oscar we want you to join our group
2024-10-14 18:10:46.748023 Oscar: Yes
ChatterBot Lima reevaluating
ChatterBot Hotel reevaluating
ChatterBot Mike reevaluating
2024-10-14 18:10:46.764790 Delta: Whiskey, sending you 4
2024-10-14 18:10:46.769059 Oscar: Lima, Mike, Kilo and Romeo, sending you 1
2024-10-14 18:10:46.770478 Whiskey: Delta, sending you 7
2024-10-14 18:10:46.773151 Lima: Oscar we want you to join our group
2024-10-14 18:10:46.776850 Oscar: Yes
ChatterBot Lima reevaluating
ChatterBot Hotel reevaluating
ChatterBot Mike reevaluating
2024-10-14 18:10:46.793779 Oscar: Hotel, sending you 3
2024-10-14 18:10:46.795042 Whiskey: Foxtrot and Zulu, sending you 6
chatterbot Delta submitting transactions
2024-10-14 18:10:46.799080 Mike: Oscar we want you to join our group
2024-10-14 18:10:46.802277 Oscar: Yes
ChatterBot Lima reevaluating
ChatterBot Hotel reevaluating
ChatterBot Mike reevaluating
2024-10-14 18:10:46.820455 Zulu: Delta and Foxtrot, sending you 3
2024-10-14 18:10:46.821087 Romeo: Sending you each 2
2024-10-14 18:10:46.822294 Kilo: Lima, Hotel and Romeo, sending you 3
2024-10-14 18:10:46.827023 Zulu: Whiskey, sending you 4
2024-10-14 18:10:46.827796 Kilo: Mike, sending you 4
2024-10-14 18:10:46.832751 Kilo: Oscar, sending you 2
2024-10-14 18:10:46.839668 Mike: Lima, sending you 2
2024-10-14 18:10:46.843664 Mike: Hotel, sending you 6
2024-10-14 18:10:46.847148 Lima: Sending you each 2
2024-10-14 18:10:46.849228 Mike: Kilo, sending you 4
2024-10-14 18:10:46.853668 Mike: Romeo, sending you 3
2024-10-14 18:10:46.858698 Mike: Oscar, sending you 1
2024-10-14 18:10:46.860876 Hotel: Lima, Kilo and Oscar, sending you 3
2024-10-14 18:10:46.864684 Hotel: Mike, sending you 5
2024-10-14 18:10:46.870674 Hotel: Romeo, sending you 2
chatterbot Zulu submitting transactions
chatterbot Kilo submitting transactions
chatterbot Mike submitting transactions
chatterbot Foxtrot submitting transactions
chatterbot Oscar submitting transactions
chatterbot Romeo submitting transactions
chatterbot Whiskey submitting transactions
chatterbot Lima submitting transactions
chatterbot Hotel submitting transactions
ChatterBot Lima round 4
ChatterBot Delta round 4
ChatterBot Hotel round 4
ChatterBot Foxtrot round 4
ChatterBot Mike round 4
ChatterBot Whiskey round 4
ChatterBot Kilo round 4
ChatterBot Romeo round 4
ChatterBot Oscar round 4
ChatterBot Zulu round 4
2024-10-14 18:10:48.043691 Mike: Lima, sending you 2
2024-10-14 18:10:48.044696 Hotel: Lima, sending you 2
2024-10-14 18:10:48.046683 Delta: Foxtrot and Zulu, sending you 3
2024-10-14 18:10:48.047958 Lima: Same as last round
2024-10-14 18:10:48.048696 Mike: Hotel, sending you 6
2024-10-14 18:10:48.049690 Hotel: Mike, sending you 5
2024-10-14 18:10:48.050512 Delta: Whiskey, sending you 4
2024-10-14 18:10:48.050887 Whiskey: Delta, sending you 7
2024-10-14 18:10:48.051674 Oscar: Lima, Hotel, Kilo and Romeo, sending you 2
2024-10-14 18:10:48.052822 Foxtrot: Delta and Zulu, sending you 3
2024-10-14 18:10:48.053169 Mike: Kilo, sending you 4
2024-10-14 18:10:48.054829 Hotel: Kilo, Romeo and Oscar, sending you 3
2024-10-14 18:10:48.055663 Whiskey: Foxtrot and Zulu, sending you 6
2024-10-14 18:10:48.055989 Foxtrot: Whiskey, sending you 4
2024-10-14 18:10:48.056256 Mike: Romeo, sending you 3
2024-10-14 18:10:48.056758 Oscar: Mike, sending you 1
2024-10-14 18:10:48.059682 Mike: Oscar, sending you 1
2024-10-14 18:10:48.063694 Kilo: Lima, Hotel and Romeo, sending you 3
2024-10-14 18:10:48.068678 Romeo: Lima, Hotel, Mike and Oscar, sending you 2
2024-10-14 18:10:48.069540 Kilo: Mike, sending you 4
2024-10-14 18:10:48.070722 Zulu: Delta and Foxtrot, sending you 3
2024-10-14 18:10:48.071719 Romeo: Kilo, sending you 3
2024-10-14 18:10:48.072930 Kilo: Oscar, sending you 2
2024-10-14 18:10:48.075662 Zulu: Whiskey, sending you 4
chatterbot Foxtrot submitting transactions
chatterbot Romeo submitting transactions
chatterbot Oscar submitting transactions
chatterbot Mike submitting transactions
chatterbot Lima submitting transactions
chatterbot Zulu submitting transactions
chatterbot Delta submitting transactions
chatterbot Hotel submitting transactions
chatterbot Kilo submitting transactions
chatterbot Whiskey submitting transactions
ChatterBot Lima round 5
ChatterBot Delta round 5
ChatterBot Hotel round 5
ChatterBot Foxtrot round 5
ChatterBot Mike round 5
ChatterBot Whiskey round 5
ChatterBot Kilo round 5
ChatterBot Romeo round 5
ChatterBot Oscar round 5
ChatterBot Zulu round 5
2024-10-14 18:10:49.232152 Lima: Same as last round
2024-10-14 18:10:49.233102 Hotel: Lima, sending you 2
2024-10-14 18:10:49.234735 Foxtrot: Delta and Zulu, sending you 3
2024-10-14 18:10:49.237274 Hotel: Mike, sending you 5
2024-10-14 18:10:49.238069 Delta: Foxtrot and Zulu, sending you 3
2024-10-14 18:10:49.238634 Mike: Lima, sending you 2
2024-10-14 18:10:49.240477 Kilo: Lima, Hotel and Romeo, sending you 3
2024-10-14 18:10:49.241728 Foxtrot: Whiskey, sending you 4
2024-10-14 18:10:49.242599 Hotel: Kilo, Romeo and Oscar, sending you 3
2024-10-14 18:10:49.244491 Delta: Whiskey, sending you 4
2024-10-14 18:10:49.245163 Romeo: Lima, Hotel, Mike and Oscar, sending you 2
2024-10-14 18:10:49.247099 Mike: Hotel, sending you 6
2024-10-14 18:10:49.248158 Zulu: Delta and Foxtrot, sending you 3
2024-10-14 18:10:49.249771 Kilo: Mike, sending you 4
2024-10-14 18:10:49.251040 Whiskey: Delta, sending you 7
2024-10-14 18:10:49.252584 Oscar: Sending you each 2
2024-10-14 18:10:49.253739 Romeo: Kilo, sending you 3
2024-10-14 18:10:49.255124 Mike: Kilo, sending you 4
2024-10-14 18:10:49.256 Zulu: Whiskey, sending you 4
2024-10-14 18:10:49.257126 Whiskey: Foxtrot and Zulu, sending you 6
2024-10-14 18:10:49.257836 Kilo: Oscar, sending you 2
2024-10-14 18:10:49.260675 Mike: Romeo, sending you 3
2024-10-14 18:10:49.264730 Mike: Oscar, sending you 1
chatterbot Kilo submitting transactions
chatterbot Foxtrot submitting transactions
chatterbot Romeo submitting transactions
chatterbot Whiskey submitting transactions
chatterbot Oscar submitting transactions
chatterbot Lima submitting transactions
chatterbot Zulu submitting transactions
chatterbot Mike submitting transactions
chatterbot Delta submitting transactions
chatterbot Hotel submitting transactions
ChatterBot Lima round 6
ChatterBot Delta round 6
ChatterBot Hotel round 6
ChatterBot Foxtrot round 6
ChatterBot Mike round 6
ChatterBot Whiskey round 6
ChatterBot Kilo round 6
ChatterBot Romeo round 6
ChatterBot Oscar round 6
ChatterBot Zulu round 6
2024-10-14 18:10:50.420160 Lima: Same as last round
2024-10-14 18:10:50.421654 Delta: Foxtrot and Zulu, sending you 3
2024-10-14 18:10:50.423791 Kilo: Lima, Hotel and Romeo, sending you 3
2024-10-14 18:10:50.424760 Zulu: Delta and Foxtrot, sending you 3
2024-10-14 18:10:50.426684 Delta: Whiskey, sending you 4
2024-10-14 18:10:50.428008 Kilo: Mike, sending you 4
2024-10-14 18:10:50.428731 Zulu: Whiskey, sending you 4
2024-10-14 18:10:50.429258 Foxtrot: Delta and Zulu, sending you 3
2024-10-14 18:10:50.430681 Mike: Lima and Oscar, sending you 2
2024-10-14 18:10:50.432778 Whiskey: Delta, sending you 7
2024-10-14 18:10:50.433420 Kilo: Oscar, sending you 2
2024-10-14 18:10:50.434127 Romeo: Lima, Hotel, Mike and Oscar, sending you 2
2024-10-14 18:10:50.435015 Foxtrot: Whiskey, sending you 4
2024-10-14 18:10:50.436378 Oscar: Same as last round
2024-10-14 18:10:50.437723 Hotel: Lima, sending you 2
2024-10-14 18:10:50.438757 Mike: Hotel, sending you 5
2024-10-14 18:10:50.440263 Whiskey: Foxtrot and Zulu, sending you 6
2024-10-14 18:10:50.440930 Romeo: Kilo, sending you 3
2024-10-14 18:10:50.442665 Hotel: Mike, sending you 5
2024-10-14 18:10:50.443696 Mike: Kilo, sending you 4
2024-10-14 18:10:50.446682 Hotel: Kilo, Romeo and Oscar, sending you 3
2024-10-14 18:10:50.448925 Mike: Romeo, sending you 3
chatterbot Romeo submitting transactions
chatterbot Lima submitting transactions
chatterbot Mike submitting transactions
chatterbot Zulu submitting transactions
chatterbot Oscar submitting transactions
chatterbot Whiskey submitting transactions
chatterbot Foxtrot submitting transactions
chatterbot Delta submitting transactions
chatterbot Hotel submitting transactions
chatterbot Kilo submitting transactions
ChatterBot Lima round 7
ChatterBot Delta round 7
ChatterBot Hotel round 7
ChatterBot Foxtrot round 7
ChatterBot Mike round 7
ChatterBot Whiskey round 7
ChatterBot Kilo round 7
ChatterBot Romeo round 7
ChatterBot Oscar round 7
ChatterBot Zulu round 7
2024-10-14 18:10:51.701658 Hotel: Lima, sending you 2
2024-10-14 18:10:51.704653 Hotel: Mike, sending you 5
2024-10-14 18:10:51.709003 Hotel: Kilo, Romeo and Oscar, sending you 3
2024-10-14 18:10:51.712654 Oscar: Lima, Mike, Kilo and Romeo, sending you 2
2024-10-14 18:10:51.713213 Delta: Foxtrot and Zulu, sending you 3
2024-10-14 18:10:51.714252 Mike: Lima and Oscar, sending you 2
2024-10-14 18:10:51.714804 Zulu: Delta and Foxtrot, sending you 3
2024-10-14 18:10:51.715144 Lima: Same as last round
2024-10-14 18:10:51.716674 Oscar: Hotel, sending you 3
2024-10-14 18:10:51.717312 Delta: Whiskey, sending you 4
2024-10-14 18:10:51.717707 Kilo: Lima, Hotel and Romeo, sending you 3
2024-10-14 18:10:51.718342 Mike: Hotel, sending you 5
2024-10-14 18:10:51.719658 Zulu: Whiskey, sending you 4
2024-10-14 18:10:51.720690 Foxtrot: Delta and Zulu, sending you 3
2024-10-14 18:10:51.721130 Whiskey: Delta, sending you 7
2024-10-14 18:10:51.721414 Kilo: Mike, sending you 4
2024-10-14 18:10:51.722678 Romeo: Lima, Hotel and Oscar, sending you 2
2024-10-14 18:10:51.723318 Mike: Kilo, sending you 4
2024-10-14 18:10:51.724659 Whiskey: Foxtrot and Zulu, sending you 6
2024-10-14 18:10:51.725668 Foxtrot: Whiskey, sending you 4
2024-10-14 18:10:51.725981 Kilo: Oscar, sending you 2
2024-10-14 18:10:51.726654 Romeo: Mike and Kilo, sending you 3
2024-10-14 18:10:51.728673 Mike: Romeo, sending you 3
chatterbot Delta submitting transactions
chatterbot Hotel submitting transactions
chatterbot Whiskey submitting transactions
chatterbot Kilo submitting transactions
chatterbot Foxtrot submitting transactions
chatterbot Lima submitting transactions
chatterbot Romeo submitting transactions
chatterbot Zulu submitting transactions
chatterbot Oscar submitting transactions
chatterbot Mike submitting transactions
ChatterBot Lima round 8
ChatterBot Delta round 8
ChatterBot Hotel round 8
ChatterBot Foxtrot round 8
ChatterBot Mike round 8
ChatterBot Whiskey round 8
ChatterBot Kilo round 8
ChatterBot Romeo round 8
ChatterBot Oscar round 8
ChatterBot Zulu round 8
2024-10-14 18:10:52.970680 Hotel: Lima, sending you 2
2024-10-14 18:10:52.975072 Hotel: Mike, sending you 5
2024-10-14 18:10:52.976669 Romeo: Lima, Hotel and Oscar, sending you 2
2024-10-14 18:10:52.978668 Lima: Same as last round
2024-10-14 18:10:52.979279 Kilo: Lima, Hotel and Romeo, sending you 3
2024-10-14 18:10:52.979881 Hotel: Kilo, Romeo and Oscar, sending you 3
2024-10-14 18:10:52.980665 Romeo: Mike and Kilo, sending you 3
2024-10-14 18:10:52.981275 Delta: Foxtrot and Zulu, sending you 3
2024-10-14 18:10:52.982675 Kilo: Mike, sending you 4
2024-10-14 18:10:52.983665 Mike: Lima and Oscar, sending you 2
2024-10-14 18:10:52.984680 Whiskey: Delta, sending you 7
2024-10-14 18:10:52.985070 Delta: Whiskey, sending you 4
2024-10-14 18:10:52.985669 Kilo: Oscar, sending you 2
2024-10-14 18:10:52.986663 Oscar: Lima, Mike, Kilo and Romeo, sending you 2
2024-10-14 18:10:52.987695 Mike: Hotel, sending you 5
2024-10-14 18:10:52.988486 Foxtrot: Delta and Zulu, sending you 3
2024-10-14 18:10:52.988858 Zulu: Delta and Foxtrot, sending you 3
2024-10-14 18:10:52.989672 Whiskey: Foxtrot and Zulu, sending you 6
2024-10-14 18:10:52.990877 Oscar: Hotel, sending you 4
2024-10-14 18:10:52.991484 Mike: Kilo, sending you 4
2024-10-14 18:10:52.992075 Foxtrot: Whiskey, sending you 4
2024-10-14 18:10:52.993662 Zulu: Whiskey, sending you 4
2024-10-14 18:10:52.995683 Mike: Romeo, sending you 3
chatterbot Hotel submitting transactions
chatterbot Delta submitting transactions
chatterbot Whiskey submitting transactions
chatterbot Kilo submitting transactions
chatterbot Foxtrot submitting transactions
chatterbot Mike submitting transactions
chatterbot Lima submitting transactions
chatterbot Oscar submitting transactions
chatterbot Romeo submitting transactions
chatterbot Zulu submitting transactions
ChatterBot Lima round 9
ChatterBot Delta round 9
ChatterBot Hotel round 9
ChatterBot Foxtrot round 9
ChatterBot Mike round 9
ChatterBot Whiskey round 9
ChatterBot Kilo round 9
ChatterBot Romeo round 9
ChatterBot Oscar round 9
ChatterBot Zulu round 9
2024-10-14 18:10:54.200659 Delta: Foxtrot and Zulu, sending you 3
2024-10-14 18:10:54.201705 Kilo: Lima, Hotel and Romeo, sending you 3
2024-10-14 18:10:54.203649 Mike: Lima and Oscar, sending you 2
2024-10-14 18:10:54.204667 Delta: Whiskey, sending you 4
2024-10-14 18:10:54.206655 Hotel: Lima, sending you 2
2024-10-14 18:10:54.207290 Lima: Same as last round
2024-10-14 18:10:54.207895 Foxtrot: Delta and Zulu, sending you 3
2024-10-14 18:10:54.208572 Whiskey: Delta, sending you 7
2024-10-14 18:10:54.208817 Mike: Hotel, sending you 5
2024-10-14 18:10:54.209305 Kilo: Mike, sending you 4
2024-10-14 18:10:54.209743 Romeo: Lima, Hotel and Oscar, sending you 2
2024-10-14 18:10:54.210251 Hotel: Mike, sending you 5
2024-10-14 18:10:54.211059 Oscar: Lima, Hotel, Kilo and Romeo, sending you 3
2024-10-14 18:10:54.211814 Zulu: Delta and Foxtrot, sending you 3
2024-10-14 18:10:54.212165 Mike: Kilo, sending you 4
2024-10-14 18:10:54.212795 Foxtrot: Whiskey, sending you 4
2024-10-14 18:10:54.213289 Whiskey: Foxtrot and Zulu, sending you 6
2024-10-14 18:10:54.214147 Romeo: Mike and Kilo, sending you 3
2024-10-14 18:10:54.215115 Kilo: Oscar, sending you 2
2024-10-14 18:10:54.215701 Hotel: Kilo, Romeo and Oscar, sending you 3
2024-10-14 18:10:54.216744 Oscar: Mike, sending you 1
2024-10-14 18:10:54.217306 Zulu: Whiskey, sending you 4
2024-10-14 18:10:54.217657 Mike: Romeo, sending you 3
chatterbot Whiskey submitting transactions
chatterbot Foxtrot submitting transactions
chatterbot Zulu submitting transactions
chatterbot Oscar submitting transactions
chatterbot Hotel submitting transactions
chatterbot Kilo submitting transactions
chatterbot Delta submitting transactions
chatterbot Romeo submitting transactions
chatterbot Lima submitting transactions
chatterbot Mike submitting transactions
ChatterBot Lima round 10
ChatterBot Delta round 10
ChatterBot Hotel round 10
ChatterBot Foxtrot round 10
ChatterBot Mike round 10
ChatterBot Whiskey round 10
ChatterBot Kilo round 10
ChatterBot Romeo round 10
ChatterBot Oscar round 10
ChatterBot Zulu round 10
2024-10-14 18:10:55.377687 Hotel: Lima, sending you 2
2024-10-14 18:10:55.379705 Lima: Same as last round
2024-10-14 18:10:55.382182 Hotel: Mike, sending you 5
2024-10-14 18:10:55.385692 Zulu: Delta and Foxtrot, sending you 3
2024-10-14 18:10:55.386337 Hotel: Kilo, Romeo and Oscar, sending you 3
2024-10-14 18:10:55.388670 Zulu: Whiskey, sending you 4
2024-10-14 18:10:55.391163 Whiskey: Delta, sending you 7
2024-10-14 18:10:55.393942 Delta: Foxtrot and Zulu, sending you 3
2024-10-14 18:10:55.394738 Mike: Lima and Oscar, sending you 2
2024-10-14 18:10:55.397164 Whiskey: Foxtrot and Zulu, sending you 6
2024-10-14 18:10:55.397663 Foxtrot: Delta and Zulu, sending you 3
2024-10-14 18:10:55.398141 Delta: Whiskey, sending you 4
2024-10-14 18:10:55.398555 Mike: Hotel, sending you 5
2024-10-14 18:10:55.399115 Oscar: Lima, Hotel and Romeo, sending you 3
2024-10-14 18:10:55.399801 Kilo: Lima, sending you 2
2024-10-14 18:10:55.401256 Foxtrot: Whiskey, sending you 4
2024-10-14 18:10:55.401723 Mike: Kilo, sending you 4
2024-10-14 18:10:55.403667 Oscar: Mike and Kilo, sending you 2
2024-10-14 18:10:55.404865 Romeo: Lima, sending you 1
2024-10-14 18:10:55.405815 Kilo: Hotel, Romeo and Oscar, sending you 3
2024-10-14 18:10:55.406694 Mike: Romeo, sending you 3
2024-10-14 18:10:55.408673 Kilo: Mike, sending you 4
2024-10-14 18:10:55.410682 Romeo: Hotel, Mike, Kilo and Oscar, sending you 3
chatterbot Zulu submitting transactions
chatterbot Hotel submitting transactions
chatterbot Oscar submitting transactions
chatterbot Kilo submitting transactions
chatterbot Whiskey submitting transactions
chatterbot Mike submitting transactions
chatterbot Romeo submitting transactions
chatterbot Delta submitting transactions
chatterbot Foxtrot submitting transactions
chatterbot Lima submitting transactions
ChatterBot Lima round 11
ChatterBot Delta round 11
ChatterBot Hotel round 11
ChatterBot Foxtrot round 11
ChatterBot Mike round 11
ChatterBot Whiskey round 11
ChatterBot Kilo round 11
ChatterBot Romeo round 11
ChatterBot Oscar round 11
ChatterBot Zulu round 11
2024-10-14 18:10:56.655690 Hotel: Lima, sending you 2
2024-10-14 18:10:56.659655 Delta: Foxtrot and Zulu, sending you 3
2024-10-14 18:10:56.661670 Hotel: Mike, sending you 5
2024-10-14 18:10:56.662694 Mike: Lima and Oscar, sending you 2
2024-10-14 18:10:56.664665 Delta: Whiskey, sending you 4
2024-10-14 18:10:56.665315 Whiskey: Delta, sending you 7
2024-10-14 18:10:56.665842 Hotel: Kilo, Romeo and Oscar, sending you 3
2024-10-14 18:10:56.668645 Mike: Hotel, sending you 5
2024-10-14 18:10:56.669519 Whiskey: Foxtrot and Zulu, sending you 6
2024-10-14 18:10:56.669893 Oscar: Lima and Mike, sending you 2
2024-10-14 18:10:56.670693 Lima: Same as last round
2024-10-14 18:10:56.671706 Mike: Kilo, sending you 4
2024-10-14 18:10:56.674807 Oscar: Hotel, Kilo and Romeo, sending you 3
2024-10-14 18:10:56.675478 Romeo: Lima, sending you 1
2024-10-14 18:10:56.676162 Foxtrot: Delta and Zulu, sending you 3
2024-10-14 18:10:56.676601 Zulu: Delta and Foxtrot, sending you 3
2024-10-14 18:10:56.677011 Mike: Romeo, sending you 3
2024-10-14 18:10:56.677956 Kilo: Lima, sending you 2
2024-10-14 18:10:56.679697 Foxtrot: Whiskey, sending you 4
2024-10-14 18:10:56.680730 Zulu: Whiskey, sending you 4
2024-10-14 18:10:56.681294 Romeo: Hotel, Mike, Kilo and Oscar, sending you 3
2024-10-14 18:10:56.683695 Kilo: Hotel, Romeo and Oscar, sending you 3
2024-10-14 18:10:56.687663 Kilo: Mike, sending you 4
chatterbot Mike submitting transactions
chatterbot Whiskey submitting transactions
chatterbot Delta submitting transactions
chatterbot Zulu submitting transactions
chatterbot Oscar submitting transactions
chatterbot Lima submitting transactions
chatterbot Romeo submitting transactions
chatterbot Foxtrot submitting transactions
chatterbot Hotel submitting transactions
chatterbot Kilo submitting transactions
ChatterBot Lima round 12
ChatterBot Delta round 12
ChatterBot Hotel round 12
ChatterBot Foxtrot round 12
ChatterBot Mike round 12
ChatterBot Whiskey round 12
ChatterBot Kilo round 12
ChatterBot Romeo round 12
ChatterBot Oscar round 12
ChatterBot Zulu round 12
2024-10-14 18:10:57.893862 Whiskey: We should add Lima
2024-10-14 18:10:57.905550 Delta: No
2024-10-14 18:10:57.905823 Foxtrot: No
2024-10-14 18:10:57.906084 Zulu: No
ChatterBot Whiskey reevaluating
ChatterBot Whiskey reevaluating
ChatterBot Whiskey reevaluating
2024-10-14 18:10:57.969713 Hotel: Lima, sending you 2
2024-10-14 18:10:57.971396 Romeo: Lima, sending you 1
2024-10-14 18:10:57.973368 Delta: Foxtrot and Zulu, sending you 3
2024-10-14 18:10:57.974260 Kilo: Lima, sending you 2
2024-10-14 18:10:57.975272 Foxtrot: Delta and Zulu, sending you 3
2024-10-14 18:10:57.976092 Hotel: Mike, sending you 5
2024-10-14 18:10:57.978082 Romeo: Hotel, Mike, Kilo and Oscar, sending you 3
2024-10-14 18:10:57.979661 Lima: Same as last round
2024-10-14 18:10:57.981787 Oscar: Lima and Mike, sending you 2
2024-10-14 18:10:57.983222 Delta: Whiskey, sending you 4
2024-10-14 18:10:57.984725 Kilo: Hotel, Romeo and Oscar, sending you 3
2024-10-14 18:10:57.986398 Foxtrot: Whiskey, sending you 4
2024-10-14 18:10:57.987670 Hotel: Kilo, Romeo and Oscar, sending you 3
2024-10-14 18:10:57.988961 Oscar: Hotel, Kilo and Romeo, sending you 3
2024-10-14 18:10:57.990995 Kilo: Mike, sending you 4
2024-10-14 18:10:57.992169 Whiskey: Delta, sending you 7
2024-10-14 18:10:57.993427 Mike: Lima and Oscar, sending you 2
2024-10-14 18:10:57.996110 Zulu: Delta and Foxtrot, sending you 3
2024-10-14 18:10:57.997226 Whiskey: Foxtrot and Zulu, sending you 6
2024-10-14 18:10:57.999704 Mike: Hotel, sending you 5
2024-10-14 18:10:58.001717 Zulu: Whiskey, sending you 4
2024-10-14 18:10:58.004681 Mike: Kilo, sending you 4
2024-10-14 18:10:58.008674 Mike: Romeo, sending you 3
chatterbot Hotel submitting transactions
chatterbot Delta submitting transactions
chatterbot Oscar submitting transactions
chatterbot Lima submitting transactions
chatterbot Zulu submitting transactions
chatterbot Whiskey submitting transactions
chatterbot Kilo submitting transactions
chatterbot Romeo submitting transactions
chatterbot Mike submitting transactions
chatterbot Foxtrot submitting transactions
ChatterBot Lima round 13
ChatterBot Delta round 13
ChatterBot Hotel round 13
ChatterBot Foxtrot round 13
ChatterBot Mike round 13
ChatterBot Whiskey round 13
ChatterBot Kilo round 13
ChatterBot Romeo round 13
ChatterBot Oscar round 13
ChatterBot Zulu round 13
2024-10-14 18:10:59.175790 Hotel: Lima, sending you 2
2024-10-14 18:10:59.176853 Lima: Same as last round
2024-10-14 18:10:59.180980 Hotel: Mike, sending you 5
2024-10-14 18:10:59.184682 Mike: Lima and Oscar, sending you 2
2024-10-14 18:10:59.187047 Hotel: Kilo, Romeo and Oscar, sending you 3
2024-10-14 18:10:59.189675 Foxtrot: Delta and Zulu, sending you 3
2024-10-14 18:10:59.191048 Mike: Hotel, sending you 5
2024-10-14 18:10:59.192525 Oscar: Lima and Mike, sending you 2
2024-10-14 18:10:59.194664 Whiskey: Delta, sending you 7
2024-10-14 18:10:59.195951 Delta: Foxtrot and Zulu, sending you 3
2024-10-14 18:10:59.196744 Foxtrot: Whiskey, sending you 4
2024-10-14 18:10:59.198247 Mike: Kilo, sending you 4
2024-10-14 18:10:59.199500 Zulu: Delta and Foxtrot, sending you 3
2024-10-14 18:10:59.200842 Oscar: Hotel, Kilo and Romeo, sending you 3
2024-10-14 18:10:59.202729 Romeo: Lima, sending you 1
2024-10-14 18:10:59.204033 Kilo: Lima, sending you 2
2024-10-14 18:10:59.205643 Whiskey: Foxtrot and Zulu, sending you 6
2024-10-14 18:10:59.206712 Delta: Whiskey, sending you 4
2024-10-14 18:10:59.207328 Mike: Romeo, sending you 3
2024-10-14 18:10:59.209159 Zulu: Whiskey, sending you 4
2024-10-14 18:10:59.210262 Romeo: Hotel, Mike, Kilo and Oscar, sending you 3
2024-10-14 18:10:59.212323 Kilo: Hotel, Romeo and Oscar, sending you 3
2024-10-14 18:10:59.217706 Kilo: Mike, sending you 4
chatterbot Whiskey submitting transactions
chatterbot Mike submitting transactions
chatterbot Lima submitting transactions
chatterbot Delta submitting transactions
chatterbot Romeo submitting transactions
chatterbot Zulu submitting transactions
chatterbot Foxtrot submitting transactions
chatterbot Kilo submitting transactions
chatterbot Hotel submitting transactions
chatterbot Oscar submitting transactions
ChatterBot Lima round 14
ChatterBot Delta round 14
ChatterBot Hotel round 14
ChatterBot Foxtrot round 14
ChatterBot Mike round 14
ChatterBot Whiskey round 14
ChatterBot Kilo round 14
ChatterBot Romeo round 14
ChatterBot Oscar round 14
ChatterBot Zulu round 14
2024-10-14 18:11:00.423761 Kilo: Lima, sending you 2
2024-10-14 18:11:00.425878 Mike: Lima and Oscar, sending you 2
2024-10-14 18:11:00.428777 Whiskey: Delta, sending you 7
2024-10-14 18:11:00.430583 Kilo: Hotel, Romeo and Oscar, sending you 3
2024-10-14 18:11:00.434630 Mike: Hotel, sending you 5
2024-10-14 18:11:00.438013 Whiskey: Foxtrot and Zulu, sending you 6
2024-10-14 18:11:00.440011 Kilo: Mike, sending you 4
2024-10-14 18:11:00.443259 Lima: Same as last round
2024-10-14 18:11:00.446491 Delta: Foxtrot and Zulu, sending you 3
2024-10-14 18:11:00.447640 Foxtrot: Delta and Zulu, sending you 3
2024-10-14 18:11:00.449389 Hotel: Lima, sending you 2
2024-10-14 18:11:00.452457 Mike: Kilo, sending you 4
2024-10-14 18:11:00.455203 Romeo: Lima, sending you 2
2024-10-14 18:11:00.457992 Delta: Whiskey, sending you 4
2024-10-14 18:11:00.458789 Foxtrot: Whiskey, sending you 4
2024-10-14 18:11:00.460247 Hotel: Mike, sending you 5
2024-10-14 18:11:00.462811 Mike: Romeo, sending you 3
2024-10-14 18:11:00.465011 Oscar: Lima and Mike, sending you 2
2024-10-14 18:11:00.467107 Zulu: Delta and Foxtrot, sending you 3
2024-10-14 18:11:00.467874 Romeo: Hotel, Mike, Kilo and Oscar, sending you 3
2024-10-14 18:11:00.469996 Hotel: Kilo, Romeo and Oscar, sending you 3
2024-10-14 18:11:00.472873 Oscar: Hotel, Kilo and Romeo, sending you 3
2024-10-14 18:11:00.475897 Zulu: Whiskey, sending you 4
chatterbot Delta submitting transactions
chatterbot Zulu submitting transactions
chatterbot Lima submitting transactions
chatterbot Foxtrot submitting transactions
chatterbot Romeo submitting transactions
chatterbot Kilo submitting transactions
chatterbot Mike submitting transactions
chatterbot Whiskey submitting transactions
chatterbot Oscar submitting transactions
chatterbot Hotel submitting transactions
ChatterBot Lima round 15
ChatterBot Delta round 15
ChatterBot Hotel round 15
ChatterBot Foxtrot round 15
ChatterBot Mike round 15
ChatterBot Whiskey round 15
ChatterBot Kilo round 15
ChatterBot Romeo round 15
ChatterBot Oscar round 15
ChatterBot Zulu round 15
2024-10-14 18:11:01.429685 Lima: Same as last round
2024-10-14 18:11:01.436671 Zulu: Delta and Foxtrot, sending you 3
2024-10-14 18:11:01.440142 Mike: Lima and Oscar, sending you 2
2024-10-14 18:11:01.441125 Romeo: Lima, sending you 2
2024-10-14 18:11:01.441949 Foxtrot: Delta and Zulu, sending you 3
2024-10-14 18:11:01.442427 Kilo: Lima, sending you 2
2024-10-14 18:11:01.443199 Zulu: Whiskey, sending you 4
2024-10-14 18:11:01.443727 Oscar: Lima and Mike, sending you 2
2024-10-14 18:11:01.444522 Delta: Foxtrot and Zulu, sending you 3
2024-10-14 18:11:01.445052 Romeo: Hotel, Mike, Kilo and Oscar, sending you 3
2024-10-14 18:11:01.446157 Whiskey: Delta, sending you 7
2024-10-14 18:11:01.446665 Mike: Hotel, sending you 5
2024-10-14 18:11:01.447419 Foxtrot: Whiskey, sending you 4
2024-10-14 18:11:01.447818 Hotel: Lima, sending you 2
2024-10-14 18:11:01.448581 Oscar: Hotel, Kilo and Romeo, sending you 3
2024-10-14 18:11:01.449440 Kilo: Hotel, Romeo and Oscar, sending you 3
2024-10-14 18:11:01.450348 Delta: Whiskey, sending you 4
2024-10-14 18:11:01.450900 Whiskey: Foxtrot and Zulu, sending you 6
2024-10-14 18:11:01.451660 Mike: Kilo, sending you 4
2024-10-14 18:11:01.452735 Hotel: Mike, sending you 5
2024-10-14 18:11:01.454117 Kilo: Mike, sending you 4
2024-10-14 18:11:01.456675 Mike: Romeo, sending you 3
2024-10-14 18:11:01.458669 Hotel: Kilo, Romeo and Oscar, sending you 3
chatterbot Zulu submitting transactions
chatterbot Oscar submitting transactions
chatterbot Delta submitting transactions
chatterbot Hotel submitting transactions
chatterbot Romeo submitting transactions
chatterbot Kilo submitting transactions
chatterbot Whiskey submitting transactions
chatterbot Mike submitting transactions
chatterbot Lima submitting transactions
chatterbot Foxtrot submitting transactions
ChatterBot Lima round 16
ChatterBot Delta round 16
ChatterBot Hotel round 16
ChatterBot Foxtrot round 16
ChatterBot Mike round 16
ChatterBot Whiskey round 16
ChatterBot Kilo round 16
ChatterBot Romeo round 16
ChatterBot Oscar round 16
ChatterBot Zulu round 16
2024-10-14 18:11:02.710685 Lima: Same as last round
2024-10-14 18:11:02.713563 Oscar: Lima and Mike, sending you 2
2024-10-14 18:11:02.716442 Delta: Foxtrot and Zulu, sending you 3
