ChatterBot X-ray round 1
ChatterBot Tango round 1
ChatterBot Sierra round 1
ChatterBot Foxtrot round 1
ChatterBot Juliett round 1
ChatterBot Delta round 1
ChatterBot Lima round 1
ChatterBot Echo round 1
ChatterBot Quebec round 1
randomSelections X-ray: {X-ray, Echo, Sierra, Delta, Alpha, Lima} 
2024-10-14 18:10:41.310184 X-ray: We should group up
ChatterBot Echo reevaluating
ChatterBot Sierra reevaluating
ChatterBot Delta reevaluating
ChatterBot Lima reevaluating
2024-10-14 18:10:41.320114 Echo: Yes
2024-10-14 18:10:41.320291 Sierra: Yes
2024-10-14 18:10:41.320398 Delta: Yes
2024-10-14 18:10:41.320574 Lima: Yes
ChatterBot Sierra reevaluating
ChatterBot Delta reevaluating
ChatterBot Lima reevaluating
ChatterBot Echo reevaluating
ChatterBot Delta reevaluating
ChatterBot Lima reevaluating
ChatterBot Echo reevaluating
ChatterBot Sierra reevaluating
ChatterBot Lima reevaluating
ChatterBot Echo reevaluating
ChatterBot Sierra reevaluating
ChatterBot Delta reevaluating
randomSelections Tango: {Tango, Foxtrot, Juliett, Echo, Delta, X-ray, Sierra} 
2024-10-14 18:10:41.353125 Tango: Group up?
ChatterBot Foxtrot reevaluating
ChatterBot Juliett reevaluating
ChatterBot Echo reevaluating
ChatterBot Delta reevaluating
ChatterBot Sierra reevaluating
2024-10-14 18:10:41.364979 Foxtrot: Yes
2024-10-14 18:10:41.365697 Juliett: Yes
2024-10-14 18:10:41.365826 Echo: No
2024-10-14 18:10:41.366025 Delta: No
2024-10-14 18:10:41.366207 X-ray: No
2024-10-14 18:10:41.366337 Sierra: No
ChatterBot Juliett reevaluating
ChatterBot Echo reevaluating
ChatterBot Delta reevaluating
ChatterBot Sierra reevaluating
ChatterBot Foxtrot reevaluating
ChatterBot Echo reevaluating
ChatterBot Delta reevaluating
ChatterBot Sierra reevaluating
ChatterBot Foxtrot reevaluating
ChatterBot Juliett reevaluating
ChatterBot Delta reevaluating
ChatterBot Sierra reevaluating
ChatterBot Foxtrot reevaluating
ChatterBot Juliett reevaluating
ChatterBot Echo reevaluating
ChatterBot Sierra reevaluating
ChatterBot Foxtrot reevaluating
ChatterBot Juliett reevaluating
ChatterBot Echo reevaluating
ChatterBot Delta reevaluating
ChatterBot Sierra reevaluating
ChatterBot Foxtrot reevaluating
ChatterBot Juliett reevaluating
ChatterBot Echo reevaluating
ChatterBot Delta reevaluating
ChatterBot Alpha round 1
ChatterBot Alpha reevaluating
ChatterBot Alpha reevaluating
ChatterBot Alpha reevaluating
ChatterBot Alpha reevaluating
ChatterBot Alpha reevaluating
2024-10-14 18:10:41.530564 Alpha: Yes
ChatterBot Echo reevaluating
ChatterBot Sierra reevaluating
ChatterBot Delta reevaluating
ChatterBot Lima reevaluating
randomSelections Quebec: {Quebec, Lima, Juliett, Sierra, Delta, Alpha} 
2024-10-14 18:10:41.560577 Quebec: Friends?
ChatterBot Lima reevaluating
ChatterBot Juliett reevaluating
ChatterBot Sierra reevaluating
ChatterBot Delta reevaluating
ChatterBot Alpha reevaluating
2024-10-14 18:10:41.574455 Lima: No
2024-10-14 18:10:41.575368 Juliett: No
2024-10-14 18:10:41.575774 Sierra: No
2024-10-14 18:10:41.576229 Delta: No
2024-10-14 18:10:41.576919 Alpha: No
ChatterBot Juliett reevaluating
ChatterBot Sierra reevaluating
ChatterBot Delta reevaluating
ChatterBot Alpha reevaluating
ChatterBot Lima reevaluating
ChatterBot Sierra reevaluating
ChatterBot Delta reevaluating
ChatterBot Alpha reevaluating
ChatterBot Lima reevaluating
ChatterBot Juliett reevaluating
ChatterBot Delta reevaluating
ChatterBot Alpha reevaluating
ChatterBot Lima reevaluating
ChatterBot Juliett reevaluating
ChatterBot Sierra reevaluating
ChatterBot Alpha reevaluating
ChatterBot Lima reevaluating
ChatterBot Juliett reevaluating
ChatterBot Sierra reevaluating
ChatterBot Delta reevaluating
2024-10-14 18:10:41.670443 Echo: X-ray, Delta and Lima, sending you 3
2024-10-14 18:10:41.671841 Quebec: Juliett, sending you 1
2024-10-14 18:10:41.674015 Sierra: X-ray and Alpha, sending you 2
2024-10-14 18:10:41.675169 Echo: Sierra, sending you 1
2024-10-14 18:10:41.675559 Tango: X-ray and Delta, sending you 4
2024-10-14 18:10:41.676787 Quebec: Delta and Lima, sending you 4
2024-10-14 18:10:41.677176 X-ray: Sierra, Lima and Echo, sending you 3
2024-10-14 18:10:41.677686 Sierra: Delta and Echo, sending you 1
2024-10-14 18:10:41.678471 Foxtrot: X-ray and Juliett, sending you 2
2024-10-14 18:10:41.680253 Echo: Alpha, sending you 2
2024-10-14 18:10:41.680640 Tango: Sierra, sending you 1
2024-10-14 18:10:41.681021 Quebec: Alpha, sending you 6
2024-10-14 18:10:41.682284 X-ray: Delta, sending you 2
2024-10-14 18:10:41.682742 Lima: X-ray, sending you 5
2024-10-14 18:10:41.683828 Sierra: Lima, sending you 3
2024-10-14 18:10:41.684176 Alpha: X-ray, sending you 1
2024-10-14 18:10:41.684532 Foxtrot: Tango, Sierra and Delta, sending you 3
2024-10-14 18:10:41.685453 Delta: X-ray, sending you 2
2024-10-14 18:10:41.685832 Tango: Foxtrot, sending you 3
2024-10-14 18:10:41.686254 Juliett: X-ray, Sierra and Echo, sending you 1
2024-10-14 18:10:41.687700 X-ray: Alpha, sending you 5
2024-10-14 18:10:41.688843 Lima: Sierra and Delta, sending you 3
2024-10-14 18:10:41.689359 Alpha: Sierra and Echo, sending you 4
2024-10-14 18:10:41.689896 Foxtrot: Echo, sending you 1
2024-10-14 18:10:41.690867 Tango: Juliett, sending you 2
2024-10-14 18:10:41.691360 Delta: Sierra, sending you 4
2024-10-14 18:10:41.692942 Juliett: Foxtrot, sending you 3
2024-10-14 18:10:41.693834 Lima: Echo and Alpha, sending you 2
2024-10-14 18:10:41.695402 Alpha: Delta, sending you 5
2024-10-14 18:10:41.698293 Delta: Lima, Echo and Alpha, sending you 3
2024-10-14 18:10:41.698677 Juliett: Delta, sending you 4
chatterbot Foxtrot submitting transactions
chatterbot Tango submitting transactions
chatterbot Echo submitting transactions
chatterbot Sierra submitting transactions
chatterbot Lima submitting transactions
chatterbot Delta submitting transactions
chatterbot X-ray submitting transactions
chatterbot Juliett submitting transactions
chatterbot Quebec submitting transactions
chatterbot Alpha submitting transactions
ChatterBot X-ray round 2
ChatterBot Tango round 2
ChatterBot Sierra round 2
ChatterBot Foxtrot round 2
ChatterBot Juliett round 2
ChatterBot Delta round 2
2024-10-14 18:10:45.562183 Tango: Can we be friends?
ChatterBot Foxtrot reevaluating
ChatterBot Juliett reevaluating
2024-10-14 18:10:45.570912 Foxtrot: Yes
2024-10-14 18:10:45.571178 Juliett: Yes
ChatterBot Juliett reevaluating
ChatterBot Foxtrot reevaluating
ChatterBot Lima round 2
ChatterBot Echo round 2
2024-10-14 18:10:45.610654 X-ray: We would work well together
ChatterBot Delta reevaluating
ChatterBot Lima reevaluating
ChatterBot Echo reevaluating
ChatterBot Quebec reevaluating
ChatterBot Alpha reevaluating
ChatterBot Foxtrot reevaluating
ChatterBot Juliett reevaluating
2024-10-14 18:10:45.685009 Sierra: No
2024-10-14 18:10:45.685272 Delta: No
2024-10-14 18:10:45.685450 Lima: No
2024-10-14 18:10:45.686071 Echo: No
2024-10-14 18:10:45.686240 Quebec: No
2024-10-14 18:10:45.686386 Alpha: No
2024-10-14 18:10:45.686530 Tango: No
2024-10-14 18:10:45.686675 Foxtrot: No
2024-10-14 18:10:45.686870 Juliett: No
ChatterBot Delta reevaluating
ChatterBot Lima reevaluating
ChatterBot Echo reevaluating
ChatterBot Quebec reevaluating
ChatterBot Alpha reevaluating
ChatterBot Foxtrot reevaluating
ChatterBot Juliett reevaluating
ChatterBot Lima reevaluating
ChatterBot Echo reevaluating
ChatterBot Quebec reevaluating
ChatterBot Alpha reevaluating
ChatterBot Foxtrot reevaluating
ChatterBot Juliett reevaluating
ChatterBot X-ray reevaluating
ChatterBot Delta reevaluating
ChatterBot Echo reevaluating
ChatterBot Quebec reevaluating
ChatterBot Alpha reevaluating
ChatterBot Foxtrot reevaluating
ChatterBot Juliett reevaluating
ChatterBot X-ray reevaluating
ChatterBot Delta reevaluating
ChatterBot Lima reevaluating
ChatterBot Quebec reevaluating
ChatterBot Alpha reevaluating
ChatterBot Foxtrot reevaluating
ChatterBot Juliett reevaluating
ChatterBot X-ray reevaluating
ChatterBot Delta reevaluating
ChatterBot Lima reevaluating
ChatterBot Echo reevaluating
ChatterBot Alpha reevaluating
ChatterBot Foxtrot reevaluating
ChatterBot Juliett reevaluating
ChatterBot X-ray reevaluating
ChatterBot Delta reevaluating
ChatterBot Lima reevaluating
ChatterBot Echo reevaluating
ChatterBot Quebec reevaluating
ChatterBot Foxtrot reevaluating
ChatterBot Juliett reevaluating
ChatterBot X-ray reevaluating
ChatterBot Delta reevaluating
ChatterBot Lima reevaluating
ChatterBot Echo reevaluating
ChatterBot Quebec reevaluating
ChatterBot Alpha reevaluating
ChatterBot Foxtrot reevaluating
ChatterBot Juliett reevaluating
ChatterBot X-ray reevaluating
ChatterBot Delta reevaluating
ChatterBot Lima reevaluating
ChatterBot Echo reevaluating
ChatterBot Quebec reevaluating
ChatterBot Alpha reevaluating
ChatterBot Juliett reevaluating
ChatterBot X-ray reevaluating
ChatterBot Delta reevaluating
ChatterBot Lima reevaluating
ChatterBot Echo reevaluating
ChatterBot Quebec reevaluating
ChatterBot Alpha reevaluating
ChatterBot Foxtrot reevaluating
2024-10-14 18:10:46.333926 Delta: We should add Quebec
2024-10-14 18:10:46.334234 Lima: We should add Quebec
ChatterBot X-ray reevaluating
ChatterBot Echo reevaluating
ChatterBot Alpha reevaluating
ChatterBot Lima reevaluating
2024-10-14 18:10:46.353498 X-ray: Yes
ChatterBot X-ray reevaluating
2024-10-14 18:10:46.356151 Echo: No
ChatterBot Echo reevaluating
2024-10-14 18:10:46.358766 Sierra: No
ChatterBot Delta reevaluating
2024-10-14 18:10:46.363761 Alpha: No
ChatterBot Alpha reevaluating
2024-10-14 18:10:46.373383 Lima: Yes
2024-10-14 18:10:46.374054 X-ray: Yes
2024-10-14 18:10:46.374188 Echo: No
2024-10-14 18:10:46.374301 Sierra: No
2024-10-14 18:10:46.374476 Delta: Yes
2024-10-14 18:10:46.374595 Alpha: No
ChatterBot Echo reevaluating
ChatterBot Delta reevaluating
ChatterBot Alpha reevaluating
ChatterBot Lima reevaluating
ChatterBot X-ray reevaluating
ChatterBot Delta reevaluating
ChatterBot Alpha reevaluating
ChatterBot Lima reevaluating
ChatterBot X-ray reevaluating
ChatterBot Echo reevaluating
ChatterBot Delta reevaluating
ChatterBot Alpha reevaluating
ChatterBot Lima reevaluating
ChatterBot X-ray reevaluating
ChatterBot Echo reevaluating
ChatterBot Delta reevaluating
ChatterBot Lima reevaluating
ChatterBot X-ray reevaluating
ChatterBot Echo reevaluating
ChatterBot Delta reevaluating
ChatterBot Alpha reevaluating
ChatterBot Echo reevaluating
ChatterBot Delta reevaluating
ChatterBot Alpha reevaluating
ChatterBot Lima reevaluating
ChatterBot X-ray reevaluating
ChatterBot Delta reevaluating
ChatterBot Alpha reevaluating
ChatterBot Lima reevaluating
ChatterBot X-ray reevaluating
ChatterBot Echo reevaluating
ChatterBot Delta reevaluating
ChatterBot Alpha reevaluating
ChatterBot Lima reevaluating
ChatterBot X-ray reevaluating
ChatterBot Echo reevaluating
ChatterBot Alpha reevaluating
ChatterBot Lima reevaluating
ChatterBot X-ray reevaluating
ChatterBot Echo reevaluating
ChatterBot Delta reevaluating
ChatterBot Lima reevaluating
2024-10-14 18:10:46.661446 X-ray: We should add Quebec and Tango
ChatterBot Echo reevaluating
ChatterBot Delta reevaluating
ChatterBot Alpha reevaluating
ChatterBot Lima reevaluating
2024-10-14 18:10:46.766971 Echo: No
2024-10-14 18:10:46.767384 Sierra: No
2024-10-14 18:10:46.768325 Delta: No
2024-10-14 18:10:46.768695 Alpha: No
2024-10-14 18:10:46.769105 Lima: No
ChatterBot X-ray reevaluating
ChatterBot Delta reevaluating
ChatterBot Alpha reevaluating
ChatterBot Lima reevaluating
ChatterBot X-ray reevaluating
ChatterBot Echo reevaluating
ChatterBot Delta reevaluating
ChatterBot Alpha reevaluating
ChatterBot Lima reevaluating
ChatterBot X-ray reevaluating
ChatterBot Echo reevaluating
ChatterBot Alpha reevaluating
ChatterBot Lima reevaluating
ChatterBot X-ray reevaluating
ChatterBot Echo reevaluating
ChatterBot Delta reevaluating
ChatterBot Lima reevaluating
ChatterBot X-ray reevaluating
ChatterBot Echo reevaluating
ChatterBot Delta reevaluating
ChatterBot Alpha reevaluating
ChatterBot Quebec round 2
ChatterBot Alpha round 2
2024-10-14 18:10:46.920621 Alpha: We should add Quebec
2024-10-14 18:10:46.933819 X-ray: No
2024-10-14 18:10:46.934030 Echo: No
2024-10-14 18:10:46.934187 Sierra: No
2024-10-14 18:10:46.934354 Delta: No
2024-10-14 18:10:46.934507 Lima: Yes
ChatterBot Alpha reevaluating
ChatterBot Alpha reevaluating
ChatterBot Alpha reevaluating
ChatterBot Alpha reevaluating
ChatterBot Delta reevaluating
ChatterBot Alpha reevaluating
2024-10-14 18:10:46.994325 Quebec: We would work well together
ChatterBot X-ray reevaluating
ChatterBot Echo reevaluating
2024-10-14 18:10:47.006350 X-ray: Yes
2024-10-14 18:10:47.006485 Sierra: No
2024-10-14 18:10:47.006577 Delta: Yes
2024-10-14 18:10:47.006677 Lima: Yes
2024-10-14 18:10:47.006834 Echo: Yes
2024-10-14 18:10:47.006937 Alpha: Yes
ChatterBot Echo reevaluating
ChatterBot X-ray reevaluating
ChatterBot Echo reevaluating
ChatterBot X-ray reevaluating
ChatterBot Echo reevaluating
ChatterBot X-ray reevaluating
ChatterBot Echo reevaluating
ChatterBot X-ray reevaluating
ChatterBot X-ray reevaluating
ChatterBot Echo reevaluating
2024-10-14 18:10:47.085437 Lima: Quebec we want you to join our group
2024-10-14 18:10:47.087775 Quebec: Yes
ChatterBot X-ray reevaluating
ChatterBot Echo reevaluating
2024-10-14 18:10:47.101707 Delta: Quebec we want you to join our group
2024-10-14 18:10:47.104105 Quebec: Yes
ChatterBot X-ray reevaluating
ChatterBot Echo reevaluating
2024-10-14 18:10:47.118158 Tango: Foxtrot, sending you 10
2024-10-14 18:10:47.118459 Sierra: X-ray, Delta, Lima and Alpha, sending you 2
2024-10-14 18:10:47.118849 Alpha: Quebec we want you to join our group
2024-10-14 18:10:47.121524 Quebec: Yes
ChatterBot X-ray reevaluating
2024-10-14 18:10:47.135105 Sierra: Echo, sending you 1
2024-10-14 18:10:47.135510 Foxtrot: Sending you each 7
2024-10-14 18:10:47.135739 Juliett: Sending you each 5
2024-10-14 18:10:47.136413 Tango: Juliett, sending you 4
2024-10-14 18:10:47.136642 Echo: Quebec we want you to join our group
2024-10-14 18:10:47.139321 Quebec: Yes
ChatterBot X-ray reevaluating
2024-10-14 18:10:47.155682 Lima: X-ray, Sierra, Delta, Echo and Quebec, sending you 3
2024-10-14 18:10:47.156225 Quebec: X-ray, Sierra, Delta, Lima and Echo, sending you 3
2024-10-14 18:10:47.156653 Delta: X-ray, sending you 2
2024-10-14 18:10:47.157768 X-ray: Quebec and Tango we want you to join our group
ChatterBot Tango reevaluating
2024-10-14 18:10:47.163926 Quebec: No
2024-10-14 18:10:47.164122 Tango: No
ChatterBot X-ray reevaluating
ChatterBot Sierra reevaluating
ChatterBot Tango reevaluating
ChatterBot X-ray reevaluating
ChatterBot Sierra reevaluating
2024-10-14 18:10:47.205459 Tango: We should add Quebec
2024-10-14 18:10:47.210523 Foxtrot: No
2024-10-14 18:10:47.210734 Juliett: No
ChatterBot Tango reevaluating
ChatterBot Tango reevaluating
2024-10-14 18:10:47.221040 Delta: Sierra, sending you 1
2024-10-14 18:10:47.221499 Sierra: Quebec we want you to join our group
2024-10-14 18:10:47.224492 Quebec: Yes
ChatterBot X-ray reevaluating
ChatterBot Sierra reevaluating
2024-10-14 18:10:47.239082 Echo: X-ray, Delta and Lima, sending you 2
2024-10-14 18:10:47.239452 Alpha: X-ray and Quebec, sending you 3
2024-10-14 18:10:47.240166 Delta: Lima, Echo, Quebec and Alpha, sending you 3
2024-10-14 18:10:47.242695 Echo: Sierra and Quebec, sending you 1
2024-10-14 18:10:47.244680 Alpha: Sierra, Delta, Lima and Echo, sending you 2
2024-10-14 18:10:47.247658 Echo: Alpha, sending you 4
chatterbot Juliett submitting transactions
2024-10-14 18:10:47.267916 X-ray: Tango and Lima, sending you 3
2024-10-14 18:10:47.272669 X-ray: Sierra, Delta, Echo, Quebec and Alpha, sending you 2
chatterbot Alpha submitting transactions
chatterbot Quebec submitting transactions
chatterbot Tango submitting transactions
chatterbot X-ray submitting transactions
chatterbot Sierra submitting transactions
chatterbot Tango submitting transactions
chatterbot Quebec submitting transactions
chatterbot Foxtrot submitting transactions
chatterbot Sierra submitting transactions
chatterbot Delta submitting transactions
chatterbot Echo submitting transactions
chatterbot Lima submitting transactions
ChatterBot X-ray round 3
ChatterBot Tango round 3
ChatterBot Sierra round 3
ChatterBot Foxtrot round 3
ChatterBot Juliett round 3
ChatterBot Delta round 3
ChatterBot Lima round 3
ChatterBot Echo round 3
ChatterBot Quebec round 3
ChatterBot Alpha round 3
2024-10-14 18:10:48.170056 X-ray: We should drop Tango
2024-10-14 18:10:48.185099 Quebec: Yes
2024-10-14 18:10:48.185297 Sierra: Yes
2024-10-14 18:10:48.185446 Delta: Yes
2024-10-14 18:10:48.185589 Lima: Yes
2024-10-14 18:10:48.185784 Echo: Yes
2024-10-14 18:10:48.185941 Alpha: Yes
2024-10-14 18:10:48.256668 Juliett: Tango, sending you 4
2024-10-14 18:10:48.257066 Foxtrot: Tango, sending you 8
2024-10-14 18:10:48.259679 Foxtrot: Juliett, sending you 6
2024-10-14 18:10:48.260667 Juliett: Foxtrot, sending you 6
2024-10-14 18:10:48.264692 Alpha: X-ray, Delta and Echo, sending you 3
2024-10-14 18:10:48.267019 Quebec: X-ray, Sierra and Echo, sending you 2
2024-10-14 18:10:48.267716 Delta: X-ray, Sierra and Echo, sending you 2
2024-10-14 18:10:48.268192 X-ray: Sierra, Delta, Lima, Echo and Alpha, sending you 3
2024-10-14 18:10:48.268665 Lima: X-ray, Sierra, Delta and Quebec, sending you 3
2024-10-14 18:10:48.269676 Alpha: Sierra and Quebec, sending you 2
2024-10-14 18:10:48.270119 Echo: X-ray, Lima and Alpha, sending you 2
2024-10-14 18:10:48.270463 Quebec: Delta, Lima and Alpha, sending you 3
2024-10-14 18:10:48.270818 X-ray: Quebec, sending you 1
2024-10-14 18:10:48.271782 Sierra: X-ray, Delta, Lima and Alpha, sending you 2
2024-10-14 18:10:48.272675 Delta: Lima, Quebec and Alpha, sending you 3
2024-10-14 18:10:48.273099 Echo: Sierra and Quebec, sending you 1
2024-10-14 18:10:48.273662 Lima: Echo, sending you 2
2024-10-14 18:10:48.274075 Alpha: Lima, sending you 1
2024-10-14 18:10:48.274675 Sierra: Quebec, sending you 1
2024-10-14 18:10:48.275667 Tango: Foxtrot, sending you 8
2024-10-14 18:10:48.275871 Echo: Delta, sending you 4
2024-10-14 18:10:48.277683 Lima: Alpha, sending you 1
2024-10-14 18:10:48.278680 Tango: Juliett, sending you 6
chatterbot Echo submitting transactions
chatterbot Delta submitting transactions
chatterbot X-ray submitting transactions
chatterbot Lima submitting transactions
chatterbot Juliett submitting transactions
chatterbot Sierra submitting transactions
chatterbot Tango submitting transactions
chatterbot Alpha submitting transactions
chatterbot Quebec submitting transactions
chatterbot Foxtrot submitting transactions
ChatterBot X-ray round 4
ChatterBot Tango round 4
ChatterBot Sierra round 4
ChatterBot Foxtrot round 4
ChatterBot Juliett round 4
ChatterBot Delta round 4
ChatterBot Lima round 4
ChatterBot Echo round 4
ChatterBot Quebec round 4
ChatterBot Alpha round 4
2024-10-14 18:10:49.358786 X-ray: Sierra, Delta, Lima, Echo and Alpha, sending you 3
2024-10-14 18:10:49.359472 Sierra: X-ray, Delta, Lima and Alpha, sending you 2
2024-10-14 18:10:49.361663 X-ray: Quebec, sending you 1
2024-10-14 18:10:49.362659 Foxtrot: Tango, sending you 8
2024-10-14 18:10:49.363684 Sierra: Quebec, sending you 1
2024-10-14 18:10:49.365124 Tango: Foxtrot, sending you 8
2024-10-14 18:10:49.365692 Foxtrot: Juliett, sending you 6
2024-10-14 18:10:49.368694 Echo: X-ray, Delta, Lima and Quebec, sending you 2
2024-10-14 18:10:49.369972 Quebec: X-ray, Sierra and Echo, sending you 2
2024-10-14 18:10:49.370771 Tango: Juliett, sending you 6
2024-10-14 18:10:49.371684 Juliett: Sending you each 5
2024-10-14 18:10:49.372685 Lima: X-ray, Delta and Quebec, sending you 3
2024-10-14 18:10:49.373719 Echo: Sierra, sending you 1
2024-10-14 18:10:49.374911 Delta: X-ray, Sierra and Quebec, sending you 2
2024-10-14 18:10:49.375767 Quebec: Delta, Lima and Alpha, sending you 3
2024-10-14 18:10:49.376490 Lima: Sierra, Echo and Alpha, sending you 2
2024-10-14 18:10:49.377671 Echo: Alpha, sending you 3
2024-10-14 18:10:49.378678 Alpha: X-ray, sending you 3
2024-10-14 18:10:49.380672 Delta: Lima, Echo and Alpha, sending you 3
2024-10-14 18:10:49.383678 Alpha: Sierra, Echo and Quebec, sending you 2
2024-10-14 18:10:49.386683 Alpha: Delta, sending you 4
2024-10-14 18:10:49.389666 Alpha: Lima, sending you 1
chatterbot Delta submitting transactions
chatterbot Foxtrot submitting transactions
chatterbot Quebec submitting transactions
chatterbot Tango submitting transactions
chatterbot Lima submitting transactions
chatterbot Echo submitting transactions
chatterbot Juliett submitting transactions
chatterbot Sierra submitting transactions
chatterbot X-ray submitting transactions
chatterbot Alpha submitting transactions
ChatterBot X-ray round 5
ChatterBot Tango round 5
ChatterBot Sierra round 5
ChatterBot Foxtrot round 5
ChatterBot Juliett round 5
ChatterBot Delta round 5
ChatterBot Lima round 5
ChatterBot Echo round 5
ChatterBot Quebec round 5
ChatterBot Alpha round 5
2024-10-14 18:10:50.616685 X-ray: Sierra, Delta, Lima, Echo and Alpha, sending you 3
2024-10-14 18:10:50.618089 Sierra: X-ray, Delta, Lima and Alpha, sending you 2
2024-10-14 18:10:50.621696 X-ray: Quebec, sending you 1
2024-10-14 18:10:50.623711 Sierra: Quebec, sending you 1
2024-10-14 18:10:50.625244 Lima: X-ray, Delta and Quebec, sending you 3
2024-10-14 18:10:50.626677 Foxtrot: Tango, sending you 8
2024-10-14 18:10:50.627686 Tango: Foxtrot, sending you 8
2024-10-14 18:10:50.627978 Juliett: Same as last round
2024-10-14 18:10:50.628941 Lima: Sierra, Echo and Alpha, sending you 2
2024-10-14 18:10:50.631155 Quebec: X-ray, Sierra and Echo, sending you 2
2024-10-14 18:10:50.631998 Delta: X-ray, Sierra, Echo and Quebec, sending you 2
2024-10-14 18:10:50.632606 Foxtrot: Juliett, sending you 6
2024-10-14 18:10:50.632890 Tango: Juliett, sending you 6
2024-10-14 18:10:50.633734 Echo: X-ray, Lima, Quebec and Alpha, sending you 2
2024-10-14 18:10:50.634687 Quebec: Delta, Lima and Alpha, sending you 3
2024-10-14 18:10:50.635693 Delta: Lima, sending you 3
2024-10-14 18:10:50.638970 Echo: Sierra, sending you 1
2024-10-14 18:10:50.639756 Alpha: X-ray and Delta, sending you 3
2024-10-14 18:10:50.641777 Delta: Alpha, sending you 4
2024-10-14 18:10:50.642723 Echo: Delta, sending you 3
2024-10-14 18:10:50.644230 Alpha: Sierra, Lima, Echo and Quebec, sending you 2
chatterbot Foxtrot submitting transactions
chatterbot Delta submitting transactions
chatterbot X-ray submitting transactions
chatterbot Echo submitting transactions
chatterbot Lima submitting transactions
chatterbot Sierra submitting transactions
chatterbot Juliett submitting transactions
chatterbot Tango submitting transactions
chatterbot Alpha submitting transactions
chatterbot Quebec submitting transactions
ChatterBot X-ray round 6
ChatterBot Tango round 6
ChatterBot Sierra round 6
ChatterBot Foxtrot round 6
ChatterBot Juliett round 6
ChatterBot Delta round 6
ChatterBot Lima round 6
ChatterBot Echo round 6
ChatterBot Quebec round 6
ChatterBot Alpha round 6
2024-10-14 18:10:51.932696 Sierra: X-ray, Delta, Lima and Alpha, sending you 2
2024-10-14 18:10:51.933905 Juliett: Same as last round
2024-10-14 18:10:51.937038 X-ray: Sierra, Delta, Lima, Echo and Alpha, sending you 3
2024-10-14 18:10:51.938091 Sierra: Quebec, sending you 1
2024-10-14 18:10:51.940704 X-ray: Quebec, sending you 1
2024-10-14 18:10:51.942697 Tango: Foxtrot, sending you 8
2024-10-14 18:10:51.943194 Foxtrot: Tango, sending you 8
2024-10-14 18:10:51.945665 Echo: X-ray, sending you 3
2024-10-14 18:10:51.949811 Lima: X-ray, Delta and Quebec, sending you 3
2024-10-14 18:10:51.950731 Foxtrot: Juliett, sending you 6
2024-10-14 18:10:51.951864 Tango: Juliett, sending you 6
2024-10-14 18:10:51.953684 Echo: Sierra, sending you 1
2024-10-14 18:10:51.954703 Lima: Sierra, Echo and Alpha, sending you 2
2024-10-14 18:10:51.955517 Delta: X-ray, Sierra and Quebec, sending you 2
2024-10-14 18:10:51.957729 Quebec: X-ray, Sierra and Echo, sending you 2
2024-10-14 18:10:51.958518 Echo: Delta, Lima, Quebec and Alpha, sending you 2
2024-10-14 18:10:51.963994 Alpha: X-ray and Delta, sending you 3
2024-10-14 18:10:51.964839 Delta: Lima, Echo and Alpha, sending you 3
2024-10-14 18:10:51.966917 Quebec: Delta, Lima and Alpha, sending you 3
2024-10-14 18:10:51.968677 Alpha: Sierra, Lima, Echo and Quebec, sending you 2
chatterbot Delta submitting transactions
chatterbot Quebec submitting transactions
chatterbot Echo submitting transactions
chatterbot Sierra submitting transactions
chatterbot Alpha submitting transactions
chatterbot Lima submitting transactions
chatterbot X-ray submitting transactions
chatterbot Tango submitting transactions
chatterbot Foxtrot submitting transactions
chatterbot Juliett submitting transactions
ChatterBot X-ray round 7
ChatterBot Tango round 7
ChatterBot Sierra round 7
ChatterBot Foxtrot round 7
ChatterBot Juliett round 7
ChatterBot Delta round 7
ChatterBot Lima round 7
ChatterBot Echo round 7
ChatterBot Quebec round 7
ChatterBot Alpha round 7
2024-10-14 18:10:53.007662 Sierra: X-ray, Delta, Lima and Alpha, sending you 2
2024-10-14 18:10:53.012662 Sierra: Quebec, sending you 1
2024-10-14 18:10:53.014037 X-ray: Sierra, Delta, Lima, Echo and Alpha, sending you 3
2024-10-14 18:10:53.014799 Echo: X-ray and Delta, sending you 3
2024-10-14 18:10:53.016672 Lima: X-ray, Delta and Quebec, sending you 3
2024-10-14 18:10:53.018342 Foxtrot: Tango, sending you 8
2024-10-14 18:10:53.019684 X-ray: Quebec, sending you 1
2024-10-14 18:10:53.020447 Echo: Lima, Quebec and Alpha, sending you 2
2024-10-14 18:10:53.021117 Juliett: Same as last round
2024-10-14 18:10:53.021382 Lima: Sierra, Echo and Alpha, sending you 2
2024-10-14 18:10:53.023050 Foxtrot: Juliett, sending you 6
2024-10-14 18:10:53.023467 Tango: Foxtrot, sending you 8
2024-10-14 18:10:53.023909 Delta: X-ray, Lima and Alpha, sending you 3
2024-10-14 18:10:53.027653 Tango: Juliett, sending you 6
2024-10-14 18:10:53.028696 Alpha: X-ray and Delta, sending you 3
2024-10-14 18:10:53.029465 Delta: Sierra, Echo and Quebec, sending you 2
2024-10-14 18:10:53.030677 Quebec: X-ray, Sierra and Echo, sending you 2
2024-10-14 18:10:53.031665 Alpha: Sierra, Lima, Echo and Quebec, sending you 2
2024-10-14 18:10:53.034683 Quebec: Delta, Lima and Alpha, sending you 3
chatterbot Echo submitting transactions
chatterbot Sierra submitting transactions
chatterbot Quebec submitting transactions
chatterbot Tango submitting transactions
chatterbot Delta submitting transactions
chatterbot Juliett submitting transactions
chatterbot X-ray submitting transactions
chatterbot Alpha submitting transactions
chatterbot Foxtrot submitting transactions
chatterbot Lima submitting transactions
ChatterBot X-ray round 8
ChatterBot Tango round 8
ChatterBot Sierra round 8
ChatterBot Foxtrot round 8
ChatterBot Juliett round 8
ChatterBot Delta round 8
ChatterBot Lima round 8
ChatterBot Echo round 8
ChatterBot Quebec round 8
ChatterBot Alpha round 8
2024-10-14 18:10:54.241685 Sierra: X-ray, Delta, Lima and Alpha, sending you 2
2024-10-14 18:10:54.242971 Foxtrot: Tango, sending you 8
2024-10-14 18:10:54.243259 Tango: Foxtrot, sending you 8
2024-10-14 18:10:54.243535 Juliett: Same as last round
2024-10-14 18:10:54.243844 Delta: X-ray, Lima and Alpha, sending you 3
2024-10-14 18:10:54.245791 Tango: Juliett, sending you 6
2024-10-14 18:10:54.246684 Sierra: Quebec, sending you 1
2024-10-14 18:10:54.247718 Foxtrot: Juliett, sending you 6
2024-10-14 18:10:54.248685 X-ray: Sierra, Delta, Lima, Echo and Alpha, sending you 3
2024-10-14 18:10:54.249996 Delta: Sierra, Echo and Quebec, sending you 2
2024-10-14 18:10:54.250760 Quebec: X-ray, Sierra and Echo, sending you 2
2024-10-14 18:10:54.252695 X-ray: Quebec, sending you 1
2024-10-14 18:10:54.255667 Quebec: Delta, Lima and Alpha, sending you 3
2024-10-14 18:10:54.256715 Alpha: X-ray and Delta, sending you 3
2024-10-14 18:10:54.260667 Alpha: Sierra, Lima, Echo and Quebec, sending you 2
2024-10-14 18:10:54.262170 Lima: X-ray, sending you 3
2024-10-14 18:10:54.263168 Echo: X-ray and Delta, sending you 3
2024-10-14 18:10:54.266669 Lima: Sierra, Echo, Quebec and Alpha, sending you 2
2024-10-14 18:10:54.267346 Echo: Lima, Quebec and Alpha, sending you 2
2024-10-14 18:10:54.270662 Lima: Delta, sending you 4
chatterbot Quebec submitting transactions
chatterbot Tango submitting transactions
chatterbot Delta submitting transactions
chatterbot Juliett submitting transactions
chatterbot Sierra submitting transactions
chatterbot Echo submitting transactions
chatterbot Lima submitting transactions
chatterbot Alpha submitting transactions
chatterbot X-ray submitting transactions
chatterbot Foxtrot submitting transactions
ChatterBot X-ray round 9
ChatterBot Tango round 9
ChatterBot Sierra round 9
ChatterBot Foxtrot round 9
ChatterBot Juliett round 9
ChatterBot Delta round 9
ChatterBot Lima round 9
ChatterBot Echo round 9
ChatterBot Quebec round 9
ChatterBot Alpha round 9
2024-10-14 18:10:55.486662 Juliett: Same as last round
2024-10-14 18:10:55.487667 Lima: X-ray, sending you 3
2024-10-14 18:10:55.488596 Echo: X-ray, sending you 3
2024-10-14 18:10:55.489463 X-ray: Sierra, Delta, Lima, Echo and Alpha, sending you 3
2024-10-14 18:10:55.490313 Sierra: X-ray, Delta, Lima and Alpha, sending you 2
2024-10-14 18:10:55.491524 Foxtrot: Tango, sending you 8
2024-10-14 18:10:55.493091 Lima: Sierra, Echo, Quebec and Alpha, sending you 2
2024-10-14 18:10:55.494312 Echo: Sierra, sending you 1
2024-10-14 18:10:55.495116 X-ray: Quebec, sending you 1
2024-10-14 18:10:55.495913 Quebec: X-ray, Sierra and Echo, sending you 2
2024-10-14 18:10:55.496761 Sierra: Quebec, sending you 1
2024-10-14 18:10:55.497566 Foxtrot: Juliett, sending you 6
2024-10-14 18:10:55.497883 Tango: Foxtrot, sending you 8
2024-10-14 18:10:55.498912 Delta: X-ray, Lima and Alpha, sending you 3
2024-10-14 18:10:55.499789 Lima: Delta, sending you 4
2024-10-14 18:10:55.500645 Echo: Delta, Lima, Quebec and Alpha, sending you 2
2024-10-14 18:10:55.501691 Quebec: Delta, Lima and Alpha, sending you 3
2024-10-14 18:10:55.502683 Tango: Juliett, sending you 6
2024-10-14 18:10:55.503695 Alpha: X-ray and Delta, sending you 3
2024-10-14 18:10:55.505055 Delta: Sierra, Echo and Quebec, sending you 2
2024-10-14 18:10:55.508684 Alpha: Sierra, Lima, Echo and Quebec, sending you 2
chatterbot Foxtrot submitting transactions
chatterbot Alpha submitting transactions
chatterbot Lima submitting transactions
chatterbot X-ray submitting transactions
chatterbot Juliett submitting transactions
chatterbot Delta submitting transactions
chatterbot Echo submitting transactions
chatterbot Quebec submitting transactions
chatterbot Sierra submitting transactions
chatterbot Tango submitting transactions
ChatterBot X-ray round 10
ChatterBot Tango round 10
ChatterBot Sierra round 10
ChatterBot Foxtrot round 10
ChatterBot Juliett round 10
ChatterBot Delta round 10
ChatterBot Lima round 10
ChatterBot Echo round 10
ChatterBot Quebec round 10
ChatterBot Alpha round 10
2024-10-14 18:10:56.722684 X-ray: Sierra, Delta, Lima, Echo and Alpha, sending you 3
2024-10-14 18:10:56.723906 Foxtrot: Tango, sending you 8
2024-10-14 18:10:56.724246 Sierra: X-ray, Delta, Lima and Alpha, sending you 2
2024-10-14 18:10:56.725072 Quebec: X-ray, Sierra and Echo, sending you 2
2024-10-14 18:10:56.726841 Lima: X-ray, sending you 3
2024-10-14 18:10:56.728098 Foxtrot: Juliett, sending you 6
2024-10-14 18:10:56.728567 Alpha: X-ray and Delta, sending you 3
2024-10-14 18:10:56.729678 X-ray: Quebec, sending you 1
2024-10-14 18:10:56.730827 Sierra: Quebec, sending you 1
2024-10-14 18:10:56.731802 Quebec: Delta, Lima and Alpha, sending you 3
2024-10-14 18:10:56.733241 Lima: Sierra, Echo, Quebec and Alpha, sending you 2
2024-10-14 18:10:56.734449 Echo: X-ray, sending you 3
2024-10-14 18:10:56.735403 Juliett: Same as last round
2024-10-14 18:10:56.735730 Tango: Foxtrot, sending you 8
2024-10-14 18:10:56.736046 Alpha: Sierra, Lima, Echo and Quebec, sending you 2
2024-10-14 18:10:56.736870 Delta: X-ray, Lima and Alpha, sending you 3
2024-10-14 18:10:56.738291 Lima: Delta, sending you 4
2024-10-14 18:10:56.739086 Echo: Sierra, sending you 1
2024-10-14 18:10:56.739780 Tango: Juliett, sending you 6
2024-10-14 18:10:56.743080 Delta: Sierra, Echo and Quebec, sending you 2
2024-10-14 18:10:56.743949 Echo: Delta, Lima, Quebec and Alpha, sending you 2
chatterbot X-ray submitting transactions
chatterbot Tango submitting transactions
chatterbot Alpha submitting transactions
chatterbot Lima submitting transactions
chatterbot Echo submitting transactions
chatterbot Juliett submitting transactions
chatterbot Sierra submitting transactions
chatterbot Quebec submitting transactions
chatterbot Delta submitting transactions
chatterbot Foxtrot submitting transactions
ChatterBot X-ray round 11
ChatterBot Tango round 11
ChatterBot Sierra round 11
ChatterBot Foxtrot round 11
ChatterBot Juliett round 11
ChatterBot Delta round 11
ChatterBot Lima round 11
ChatterBot Echo round 11
ChatterBot Quebec round 11
ChatterBot Alpha round 11
2024-10-14 18:10:57.917837 Sierra: X-ray, Delta, Lima and Alpha, sending you 2
2024-10-14 18:10:57.923682 Sierra: Quebec, sending you 1
2024-10-14 18:10:57.925393 Juliett: Same as last round
2024-10-14 18:10:57.926862 Foxtrot: Tango, sending you 8
2024-10-14 18:10:57.927510 Lima: X-ray, sending you 3
2024-10-14 18:10:57.929324 Quebec: X-ray, sending you 1
2024-10-14 18:10:57.931221 Foxtrot: Juliett, sending you 6
2024-10-14 18:10:57.931701 Tango: Foxtrot, sending you 8
2024-10-14 18:10:57.932409 Lima: Sierra, Echo, Quebec and Alpha, sending you 2
2024-10-14 18:10:57.934776 Echo: X-ray, sending you 3
2024-10-14 18:10:57.935743 X-ray: Sierra, Delta, Lima, Echo and Alpha, sending you 3
2024-10-14 18:10:57.936734 Quebec: Sierra, sending you 2
2024-10-14 18:10:57.938238 Delta: X-ray, Lima and Alpha, sending you 3
2024-10-14 18:10:57.939395 Tango: Juliett, sending you 6
2024-10-14 18:10:57.939936 Lima: Delta, sending you 4
2024-10-14 18:10:57.941885 Alpha: X-ray and Delta, sending you 3
2024-10-14 18:10:57.942921 X-ray: Quebec, sending you 1
2024-10-14 18:10:57.944461 Echo: Sierra, sending you 1
2024-10-14 18:10:57.945407 Quebec: Delta, Lima, Echo and Alpha, sending you 3
2024-10-14 18:10:57.947333 Delta: Sierra, Echo and Quebec, sending you 2
2024-10-14 18:10:57.948411 Alpha: Sierra, Lima, Echo and Quebec, sending you 2
2024-10-14 18:10:57.950133 Echo: Delta, Lima, Quebec and Alpha, sending you 2
chatterbot Tango submitting transactions
chatterbot Alpha submitting transactions
chatterbot Delta submitting transactions
chatterbot Quebec submitting transactions
chatterbot Foxtrot submitting transactions
chatterbot Echo submitting transactions
chatterbot Juliett submitting transactions
chatterbot Sierra submitting transactions
chatterbot Lima submitting transactions
chatterbot X-ray submitting transactions
ChatterBot X-ray round 12
ChatterBot Tango round 12
ChatterBot Sierra round 12
ChatterBot Foxtrot round 12
ChatterBot Juliett round 12
ChatterBot Delta round 12
ChatterBot Lima round 12
ChatterBot Echo round 12
ChatterBot Quebec round 12
ChatterBot Alpha round 12
2024-10-14 18:10:59.171716 Sierra: X-ray, Delta, Lima and Alpha, sending you 2
2024-10-14 18:10:59.174630 X-ray: Sierra, Delta, Lima, Echo and Alpha, sending you 3
2024-10-14 18:10:59.176908 Sierra: Quebec, sending you 1
2024-10-14 18:10:59.179675 X-ray: Quebec, sending you 1
2024-10-14 18:10:59.181684 Tango: Foxtrot, sending you 8
2024-10-14 18:10:59.182714 Foxtrot: Tango, sending you 8
2024-10-14 18:10:59.184031 Echo: X-ray, sending you 3
2024-10-14 18:10:59.187123 Lima: X-ray, sending you 3
2024-10-14 18:10:59.190052 Tango: Juliett, sending you 6
2024-10-14 18:10:59.191158 Foxtrot: Juliett, sending you 6
2024-10-14 18:10:59.191743 Echo: Sierra, sending you 1
2024-10-14 18:10:59.194005 Juliett: Same as last round
2024-10-14 18:10:59.194542 Delta: X-ray, Lima and Alpha, sending you 3
2024-10-14 18:10:59.196502 Quebec: X-ray, sending you 1
2024-10-14 18:10:59.198904 Lima: Sierra, Echo, Quebec and Alpha, sending you 2
2024-10-14 18:10:59.201117 Echo: Delta, Lima, Quebec and Alpha, sending you 2
2024-10-14 18:10:59.202887 Delta: Sierra, Echo and Quebec, sending you 2
2024-10-14 18:10:59.204218 Quebec: Sierra, sending you 2
2024-10-14 18:10:59.205517 Alpha: X-ray and Delta, sending you 3
2024-10-14 18:10:59.206904 Lima: Delta, sending you 4
2024-10-14 18:10:59.209686 Quebec: Delta, Lima, Echo and Alpha, sending you 3
2024-10-14 18:10:59.211674 Alpha: Sierra, Lima, Echo and Quebec, sending you 2
chatterbot X-ray submitting transactions
chatterbot Foxtrot submitting transactions
chatterbot Juliett submitting transactions
chatterbot Tango submitting transactions
chatterbot Echo submitting transactions
chatterbot Alpha submitting transactions
chatterbot Sierra submitting transactions
chatterbot Lima submitting transactions
chatterbot Quebec submitting transactions
chatterbot Delta submitting transactions
ChatterBot X-ray round 13
ChatterBot Tango round 13
ChatterBot Sierra round 13
ChatterBot Foxtrot round 13
ChatterBot Juliett round 13
ChatterBot Delta round 13
ChatterBot Lima round 13
ChatterBot Echo round 13
ChatterBot Quebec round 13
ChatterBot Alpha round 13
2024-10-14 18:11:00.405854 X-ray: Sierra, Delta, Lima, Echo and Alpha, sending you 3
2024-10-14 18:11:00.408107 Foxtrot: Tango, sending you 8
2024-10-14 18:11:00.408699 Sierra: X-ray, Delta, Lima and Alpha, sending you 2
2024-10-14 18:11:00.410881 X-ray: Quebec, sending you 1
2024-10-14 18:11:00.413150 Delta: X-ray, Lima and Alpha, sending you 3
2024-10-14 18:11:00.415892 Foxtrot: Juliett, sending you 6
2024-10-14 18:11:00.416586 Echo: X-ray, sending you 3
2024-10-14 18:11:00.419375 Sierra: Quebec, sending you 1
2024-10-14 18:11:00.422582 Juliett: Same as last round
2024-10-14 18:11:00.423840 Lima: X-ray, sending you 3
2024-10-14 18:11:00.426831 Delta: Sierra, Echo and Quebec, sending you 2
2024-10-14 18:11:00.428405 Echo: Sierra, sending you 1
2024-10-14 18:11:00.430510 Tango: Foxtrot, sending you 8
2024-10-14 18:11:00.430992 Alpha: X-ray and Delta, sending you 3
2024-10-14 18:11:00.434495 Lima: Sierra, Echo, Quebec and Alpha, sending you 2
2024-10-14 18:11:00.437233 Quebec: X-ray, sending you 1
2024-10-14 18:11:00.440118 Echo: Delta, Lima, Quebec and Alpha, sending you 2
2024-10-14 18:11:00.442691 Tango: Juliett, sending you 6
2024-10-14 18:11:00.443262 Alpha: Sierra, Lima, Echo and Quebec, sending you 2
2024-10-14 18:11:00.446057 Lima: Delta, sending you 4
2024-10-14 18:11:00.448580 Quebec: Sierra, sending you 2
2024-10-14 18:11:00.454693 Quebec: Delta, Lima, Echo and Alpha, sending you 3
chatterbot Quebec submitting transactions
chatterbot X-ray submitting transactions
chatterbot Delta submitting transactions
chatterbot Tango submitting transactions
chatterbot Alpha submitting transactions
chatterbot Juliett submitting transactions
chatterbot Echo submitting transactions
chatterbot Lima submitting transactions
chatterbot Sierra submitting transactions
chatterbot Foxtrot submitting transactions
ChatterBot X-ray round 14
ChatterBot Tango round 14
ChatterBot Sierra round 14
ChatterBot Foxtrot round 14
ChatterBot Juliett round 14
ChatterBot Delta round 14
ChatterBot Lima round 14
ChatterBot Echo round 14
ChatterBot Quebec round 14
ChatterBot Alpha round 14
2024-10-14 18:11:01.575678 X-ray: Sierra, Delta, Lima, Echo and Alpha, sending you 3
2024-10-14 18:11:01.581688 X-ray: Quebec, sending you 1
2024-10-14 18:11:01.583687 Juliett: Same as last round
2024-10-14 18:11:01.585975 Sierra: X-ray, Delta, Lima and Alpha, sending you 2
2024-10-14 18:11:01.587639 Quebec: X-ray, sending you 1
2024-10-14 18:11:01.589188 Delta: X-ray, Lima and Alpha, sending you 3
2024-10-14 18:11:01.591415 Sierra: Quebec, sending you 1
2024-10-14 18:11:01.593217 Tango: Sending you each 7
2024-10-14 18:11:01.593797 Quebec: Sierra, sending you 2
2024-10-14 18:11:01.596503 Lima: X-ray, sending you 3
2024-10-14 18:11:01.598923 Delta: Sierra, Echo and Quebec, sending you 2
2024-10-14 18:11:01.602265 Echo: X-ray, sending you 3
2024-10-14 18:11:01.604888 Foxtrot: Tango, sending you 8
