ChatterBot Mike round 1
ChatterBot Sierra round 1
ChatterBot Uniform round 1
ChatterBot Zulu round 1
ChatterBot Hotel round 1
ChatterBot Echo round 1
ChatterBot Lima round 1
ChatterBot X-ray round 1
ChatterBot Juliett round 1
ChatterBot Whiskey round 1
randomSelections Zulu: {Zulu, Echo, X-ray, Uniform, Mike, Sierra} 
2024-10-14 18:10:41.813907 Zulu: We would work well together
ChatterBot Echo reevaluating
ChatterBot X-ray reevaluating
ChatterBot Uniform reevaluating
ChatterBot Mike reevaluating
ChatterBot Sierra reevaluating
2024-10-14 18:10:41.829685 Echo: Yes
2024-10-14 18:10:41.829829 X-ray: Yes
2024-10-14 18:10:41.829965 Uniform: Yes
2024-10-14 18:10:41.830085 Mike: Yes
2024-10-14 18:10:41.830237 Sierra: Yes
ChatterBot X-ray reevaluating
ChatterBot Uniform reevaluating
ChatterBot Mike reevaluating
ChatterBot Sierra reevaluating
ChatterBot Echo reevaluating
ChatterBot Uniform reevaluating
ChatterBot Mike reevaluating
ChatterBot Sierra reevaluating
ChatterBot Echo reevaluating
ChatterBot X-ray reevaluating
ChatterBot Mike reevaluating
ChatterBot Sierra reevaluating
ChatterBot Echo reevaluating
ChatterBot X-ray reevaluating
ChatterBot Uniform reevaluating
ChatterBot Sierra reevaluating
ChatterBot Echo reevaluating
ChatterBot X-ray reevaluating
ChatterBot Uniform reevaluating
ChatterBot Mike reevaluating
randomSelections Juliett: {Juliett, Whiskey, Lima, Echo, X-ray, Hotel} 
2024-10-14 18:10:41.876827 Juliett: We should group up
ChatterBot Whiskey reevaluating
ChatterBot Lima reevaluating
ChatterBot Echo reevaluating
ChatterBot X-ray reevaluating
ChatterBot Hotel reevaluating
2024-10-14 18:10:41.885989 Whiskey: Yes
2024-10-14 18:10:41.886101 Lima: Yes
2024-10-14 18:10:41.886186 Echo: No
2024-10-14 18:10:41.886315 X-ray: No
2024-10-14 18:10:41.886433 Hotel: Yes
ChatterBot Lima reevaluating
ChatterBot Echo reevaluating
ChatterBot X-ray reevaluating
ChatterBot Hotel reevaluating
ChatterBot Whiskey reevaluating
ChatterBot Echo reevaluating
ChatterBot X-ray reevaluating
ChatterBot Hotel reevaluating
ChatterBot Whiskey reevaluating
ChatterBot Lima reevaluating
ChatterBot X-ray reevaluating
ChatterBot Hotel reevaluating
ChatterBot Whiskey reevaluating
ChatterBot Lima reevaluating
ChatterBot Echo reevaluating
ChatterBot Hotel reevaluating
ChatterBot Whiskey reevaluating
ChatterBot Lima reevaluating
ChatterBot Echo reevaluating
ChatterBot X-ray reevaluating
2024-10-14 18:10:41.943652 Sierra: Mike and Uniform, sending you 1
2024-10-14 18:10:41.947653 Echo: Mike, sending you 5
2024-10-14 18:10:41.948453 Sierra: Zulu, sending you 5
2024-10-14 18:10:41.948815 Mike: Sierra and X-ray, sending you 3
2024-10-14 18:10:41.950681 Echo: Sierra and X-ray, sending you 4
2024-10-14 18:10:41.951888 Hotel: Echo and Juliett, sending you 3
2024-10-14 18:10:41.952138 Sierra: Echo, sending you 4
2024-10-14 18:10:41.952353 Whiskey: Hotel, sending you 2
2024-10-14 18:10:41.952539 Mike: Uniform, sending you 1
2024-10-14 18:10:41.953787 X-ray: Sierra, sending you 4
2024-10-14 18:10:41.954687 Juliett: Hotel, sending you 4
2024-10-14 18:10:41.954953 Echo: Uniform, sending you 1
2024-10-14 18:10:41.955629 Whiskey: Echo, sending you 4
2024-10-14 18:10:41.955895 Uniform: Mike and Zulu, sending you 3
2024-10-14 18:10:41.956133 Mike: Zulu, sending you 6
2024-10-14 18:10:41.956683 Hotel: Lima, sending you 4
2024-10-14 18:10:41.957025 Zulu: Mike, Sierra and X-ray, sending you 3
2024-10-14 18:10:41.957767 Echo: Zulu, sending you 3
2024-10-14 18:10:41.958702 X-ray: Zulu and Echo, sending you 1
2024-10-14 18:10:41.959691 Juliett: Echo, sending you 2
2024-10-14 18:10:41.960039 Mike: Echo, sending you 4
2024-10-14 18:10:41.960403 Lima: Hotel and Juliett, sending you 4
2024-10-14 18:10:41.960746 Uniform: Sierra and Echo, sending you 1
2024-10-14 18:10:41.961574 Whiskey: Lima and Juliett, sending you 1
2024-10-14 18:10:41.961883 Hotel: X-ray, sending you 2
2024-10-14 18:10:41.962961 Zulu: Uniform and Echo, sending you 5
2024-10-14 18:10:41.963681 Juliett: Lima and Whiskey, sending you 3
2024-10-14 18:10:41.963928 Uniform: X-ray, sending you 2
2024-10-14 18:10:41.964679 Lima: Echo, sending you 5
2024-10-14 18:10:41.965675 Hotel: Whiskey, sending you 5
2024-10-14 18:10:41.966666 Whiskey: X-ray, sending you 3
2024-10-14 18:10:41.969985 Lima: Whiskey, sending you 3
chatterbot Mike submitting transactions
chatterbot Zulu submitting transactions
chatterbot Whiskey submitting transactions
chatterbot Sierra submitting transactions
chatterbot Hotel submitting transactions
chatterbot Lima submitting transactions
chatterbot Echo submitting transactions
chatterbot Juliett submitting transactions
chatterbot Uniform submitting transactions
chatterbot X-ray submitting transactions
ChatterBot Mike round 2
ChatterBot Sierra round 2
ChatterBot Uniform round 2
ChatterBot Zulu round 2
ChatterBot Hotel round 2
ChatterBot Echo round 2
ChatterBot Lima round 2
ChatterBot X-ray round 2
ChatterBot Juliett round 2
ChatterBot Whiskey round 2
2024-10-14 18:10:43.690353 Mike: We should drop X-ray
ChatterBot Echo reevaluating
2024-10-14 18:10:43.710571 Sierra: Yes
2024-10-14 18:10:43.710794 Uniform: Yes
2024-10-14 18:10:43.711015 Zulu: Yes
2024-10-14 18:10:43.711186 Echo: Yes
ChatterBot Echo reevaluating
ChatterBot Echo reevaluating
ChatterBot Uniform reevaluating
ChatterBot Echo reevaluating
ChatterBot Uniform reevaluating
ChatterBot Zulu reevaluating
2024-10-14 18:10:43.821350 Hotel: We should drop Echo and X-ray
2024-10-14 18:10:43.835586 Lima: Yes
2024-10-14 18:10:43.835828 Juliett: Yes
2024-10-14 18:10:43.836035 Whiskey: Yes
ChatterBot Whiskey reevaluating
ChatterBot Whiskey reevaluating
ChatterBot Lima reevaluating
2024-10-14 18:10:43.882883 Lima: Can we be friends?
ChatterBot Whiskey reevaluating
ChatterBot Uniform reevaluating
2024-10-14 18:10:43.903529 Hotel: No
2024-10-14 18:10:43.903758 Juliett: No
2024-10-14 18:10:43.903948 Whiskey: No
2024-10-14 18:10:43.904098 Uniform: No
ChatterBot Lima reevaluating
ChatterBot Whiskey reevaluating
ChatterBot Uniform reevaluating
ChatterBot Lima reevaluating
ChatterBot Whiskey reevaluating
ChatterBot Uniform reevaluating
ChatterBot Lima reevaluating
ChatterBot Uniform reevaluating
ChatterBot Lima reevaluating
ChatterBot Whiskey reevaluating
2024-10-14 18:10:44.264381 Sierra: Mike, Uniform, Zulu and X-ray, sending you 2
2024-10-14 18:10:44.267177 Whiskey: We should drop Echo
ChatterBot Lima reevaluating
2024-10-14 18:10:44.281641 Hotel: Yes
2024-10-14 18:10:44.281842 Lima: Yes
2024-10-14 18:10:44.282051 Juliett: Yes
2024-10-14 18:10:44.282186 X-ray: No
ChatterBot Whiskey reevaluating
ChatterBot Lima reevaluating
ChatterBot Whiskey reevaluating
ChatterBot Whiskey reevaluating
ChatterBot Lima reevaluating
ChatterBot Whiskey reevaluating
ChatterBot Lima reevaluating
2024-10-14 18:10:44.333496 Sierra: Echo, sending you 3
2024-10-14 18:10:44.334509 Mike: Sierra, sending you 3
2024-10-14 18:10:44.380909 Hotel: Lima and Juliett, sending you 6
2024-10-14 18:10:44.381387 Zulu: Mike, Sierra and Uniform, sending you 5
2024-10-14 18:10:44.382280 X-ray: Sending you each 2
2024-10-14 18:10:44.382838 Echo: Mike, Sierra and Zulu, sending you 5
2024-10-14 18:10:44.383341 Juliett: Hotel, sending you 4
2024-10-14 18:10:44.384482 Uniform: Mike, Sierra and Echo, sending you 2
2024-10-14 18:10:44.385405 Mike: Uniform, Zulu and Echo, sending you 5
chatterbot Zulu submitting transactions
2024-10-14 18:10:44.386001 Zulu: Echo, sending you 4
2024-10-14 18:10:44.386419 Hotel: Whiskey, sending you 5
2024-10-14 18:10:44.387392 Echo: Uniform, sending you 2
2024-10-14 18:10:44.387842 Juliett: Lima, sending you 6
2024-10-14 18:10:44.433120 Uniform: Zulu, sending you 4
2024-10-14 18:10:44.433881 Juliett: Whiskey, sending you 2
chatterbot Uniform submitting transactions
chatterbot Echo submitting transactions
2024-10-14 18:10:44.443963 Lima: Uniform, sending you 3
2024-10-14 18:10:44.462248 Lima: Hotel and Juliett, sending you 6
2024-10-14 18:10:44.463193 Whiskey: Hotel, sending you 4
2024-10-14 18:10:44.469558 Whiskey: Lima and Juliett, sending you 3
2024-10-14 18:10:44.469805 Lima: Whiskey, sending you 4
2024-10-14 18:10:44.485528 Whiskey: X-ray, sending you 1
chatterbot Juliett submitting transactions
chatterbot Hotel submitting transactions
chatterbot X-ray submitting transactions
chatterbot Mike submitting transactions
chatterbot Sierra submitting transactions
chatterbot Lima submitting transactions
chatterbot Whiskey submitting transactions
ChatterBot Mike round 3
ChatterBot Sierra round 3
ChatterBot Uniform round 3
ChatterBot Zulu round 3
ChatterBot Hotel round 3
ChatterBot Echo round 3
ChatterBot Lima round 3
ChatterBot X-ray round 3
ChatterBot Juliett round 3
ChatterBot Whiskey round 3
2024-10-14 18:10:45.435876 Zulu: We should add X-ray
2024-10-14 18:10:45.447508 Mike: Yes
2024-10-14 18:10:45.447761 Sierra: Yes
2024-10-14 18:10:45.448015 Uniform: Yes
2024-10-14 18:10:45.448383 Echo: Yes
ChatterBot Uniform reevaluating
ChatterBot Uniform reevaluating
ChatterBot Uniform reevaluating
2024-10-14 18:10:45.522062 Zulu: X-ray we want you to join our group
2024-10-14 18:10:45.527765 X-ray: Yes
ChatterBot Echo reevaluating
ChatterBot Uniform reevaluating
2024-10-14 18:10:45.570919 Echo: X-ray we want you to join our group
2024-10-14 18:10:45.576072 X-ray: Yes
ChatterBot Echo reevaluating
ChatterBot Mike reevaluating
2024-10-14 18:10:45.601991 Sierra: Mike, Uniform, Zulu and X-ray, sending you 2
2024-10-14 18:10:45.603054 Uniform: X-ray we want you to join our group
2024-10-14 18:10:45.608562 X-ray: Yes
ChatterBot Echo reevaluating
ChatterBot Mike reevaluating
2024-10-14 18:10:45.631782 Sierra: Echo, sending you 3
2024-10-14 18:10:45.632166 Juliett: Hotel, sending you 4
2024-10-14 18:10:45.632455 Lima: Uniform, sending you 3
2024-10-14 18:10:45.644449 X-ray: Same as last round
2024-10-14 18:10:45.644990 Whiskey: Hotel and Lima, sending you 4
2024-10-14 18:10:45.645790 Lima: Hotel and Juliett, sending you 6
2024-10-14 18:10:45.646167 Hotel: Lima and Juliett, sending you 6
2024-10-14 18:10:45.646502 Zulu: Mike, Sierra, Uniform and Echo, sending you 4
2024-10-14 18:10:45.647513 Juliett: Lima, sending you 5
2024-10-14 18:10:45.652033 Hotel: Whiskey, sending you 5
2024-10-14 18:10:45.652420 Whiskey: Juliett, sending you 3
2024-10-14 18:10:45.652814 Lima: Whiskey, sending you 4
2024-10-14 18:10:45.653713 Uniform: Mike, Sierra and Echo, sending you 2
2024-10-14 18:10:45.654282 Zulu: X-ray, sending you 3
2024-10-14 18:10:45.654692 Juliett: Whiskey, sending you 3
2024-10-14 18:10:45.656681 Uniform: Zulu, sending you 3
2024-10-14 18:10:45.660725 Uniform: X-ray, sending you 1
2024-10-14 18:10:45.663673 Mike: Sierra and Uniform, sending you 4
2024-10-14 18:10:45.668662 Mike: Zulu and Echo, sending you 5
2024-10-14 18:10:45.669709 Echo: Mike, Sierra and Zulu, sending you 4
2024-10-14 18:10:45.674673 Echo: Uniform, sending you 2
2024-10-14 18:10:45.679662 Echo: X-ray, sending you 3
chatterbot Uniform submitting transactions
chatterbot Juliett submitting transactions
chatterbot Whiskey submitting transactions
chatterbot X-ray submitting transactions
chatterbot Lima submitting transactions
chatterbot Mike submitting transactions
chatterbot Echo submitting transactions
chatterbot Hotel submitting transactions
chatterbot Sierra submitting transactions
chatterbot Zulu submitting transactions
ChatterBot Mike round 4
ChatterBot Sierra round 4
ChatterBot Uniform round 4
ChatterBot Zulu round 4
ChatterBot Hotel round 4
ChatterBot Echo round 4
ChatterBot Lima round 4
ChatterBot X-ray round 4
ChatterBot Juliett round 4
ChatterBot Whiskey round 4
2024-10-14 18:10:46.751199 Mike: We should add X-ray
2024-10-14 18:10:46.761393 Sierra: Yes
2024-10-14 18:10:46.762292 Uniform: Yes
2024-10-14 18:10:46.762764 Zulu: Yes
2024-10-14 18:10:46.762977 Echo: Yes
2024-10-14 18:10:46.818477 Whiskey: We should add X-ray
ChatterBot Lima reevaluating
2024-10-14 18:10:46.832716 Hotel: Yes
2024-10-14 18:10:46.833067 Lima: Yes
2024-10-14 18:10:46.833323 Juliett: Yes
ChatterBot Lima reevaluating
ChatterBot Whiskey reevaluating
ChatterBot Whiskey reevaluating
ChatterBot Lima reevaluating
ChatterBot Whiskey reevaluating
2024-10-14 18:10:46.881416 Mike: X-ray we want you to join our group
2024-10-14 18:10:46.883805 X-ray: Yes
2024-10-14 18:10:46.903703 Lima: X-ray we want you to join our group
2024-10-14 18:10:46.908172 X-ray: No
ChatterBot Whiskey reevaluating
2024-10-14 18:10:46.923040 Echo: Mike, Sierra and Zulu, sending you 4
2024-10-14 18:10:46.926178 Sierra: Mike, Uniform, Zulu and X-ray, sending you 2
2024-10-14 18:10:46.926686 Whiskey: X-ray we want you to join our group
2024-10-14 18:10:46.929784 X-ray: No
ChatterBot Whiskey reevaluating
2024-10-14 18:10:46.940492 Uniform: Mike, Sierra and Echo, sending you 2
2024-10-14 18:10:46.941094 Zulu: Mike, Sierra, Uniform and Echo, sending you 4
2024-10-14 18:10:46.941485 Mike: Sierra, Uniform and X-ray, sending you 3
2024-10-14 18:10:46.942465 X-ray: Same as last round
2024-10-14 18:10:46.942849 Echo: Uniform, sending you 3
2024-10-14 18:10:46.943309 Hotel: Lima and Juliett, sending you 6
2024-10-14 18:10:46.943558 Juliett: Hotel, sending you 4
2024-10-14 18:10:46.943791 Sierra: Echo, sending you 3
2024-10-14 18:10:46.944163 Uniform: Zulu, sending you 3
2024-10-14 18:10:46.945699 Zulu: X-ray, sending you 3
2024-10-14 18:10:46.946187 Mike: Zulu, sending you 4
2024-10-14 18:10:46.946667 Hotel: Whiskey, sending you 5
2024-10-14 18:10:46.947041 Juliett: Lima, sending you 5
2024-10-14 18:10:46.947311 Lima: Hotel and Juliett, sending you 7
2024-10-14 18:10:46.947586 Uniform: X-ray, sending you 1
2024-10-14 18:10:46.948285 Echo: X-ray, sending you 2
2024-10-14 18:10:46.949325 Mike: Echo, sending you 5
2024-10-14 18:10:46.949769 Juliett: Whiskey, sending you 3
2024-10-14 18:10:46.951960 Lima: Whiskey, sending you 5
2024-10-14 18:10:46.966659 Whiskey: Hotel and Lima, sending you 4
2024-10-14 18:10:46.969659 Whiskey: Juliett, sending you 3
chatterbot Mike submitting transactions
chatterbot Lima submitting transactions
chatterbot Whiskey submitting transactions
chatterbot Juliett submitting transactions
chatterbot X-ray submitting transactions
chatterbot Zulu submitting transactions
chatterbot Uniform submitting transactions
chatterbot Echo submitting transactions
chatterbot Sierra submitting transactions
chatterbot Hotel submitting transactions
ChatterBot Mike round 5
ChatterBot Sierra round 5
ChatterBot Uniform round 5
ChatterBot Zulu round 5
ChatterBot Hotel round 5
ChatterBot Echo round 5
ChatterBot Lima round 5
ChatterBot X-ray round 5
ChatterBot Juliett round 5
ChatterBot Whiskey round 5
2024-10-14 18:10:48.041295 Mike: We should drop Uniform
2024-10-14 18:10:48.053343 Sierra: No
2024-10-14 18:10:48.053535 Zulu: No
2024-10-14 18:10:48.053705 Echo: No
2024-10-14 18:10:48.053900 X-ray: No
ChatterBot Mike reevaluating
ChatterBot Mike reevaluating
ChatterBot Mike reevaluating
ChatterBot Mike reevaluating
2024-10-14 18:10:48.090667 Uniform: Mike, Sierra and Echo, sending you 2
2024-10-14 18:10:48.091978 Hotel: Lima, sending you 7
2024-10-14 18:10:48.093660 Uniform: Zulu, sending you 3
2024-10-14 18:10:48.096670 Hotel: Juliett and Whiskey, sending you 5
2024-10-14 18:10:48.097676 Sierra: Mike, Uniform, Zulu and X-ray, sending you 2
2024-10-14 18:10:48.098679 Uniform: X-ray, sending you 1
2024-10-14 18:10:48.099235 Zulu: Mike, Sierra, Uniform and Echo, sending you 4
2024-10-14 18:10:48.101683 Echo: Mike, Sierra and Zulu, sending you 4
2024-10-14 18:10:48.102685 Mike: Sierra, Uniform and X-ray, sending you 3
2024-10-14 18:10:48.103532 Sierra: Echo, sending you 3
2024-10-14 18:10:48.104045 X-ray: Same as last round
2024-10-14 18:10:48.104522 Lima: Hotel and Juliett, sending you 7
2024-10-14 18:10:48.104890 Zulu: X-ray, sending you 3
2024-10-14 18:10:48.105350 Echo: Uniform, sending you 3
2024-10-14 18:10:48.107701 Mike: Zulu, sending you 4
2024-10-14 18:10:48.108673 Echo: X-ray, sending you 2
2024-10-14 18:10:48.109669 Lima: Whiskey, sending you 5
2024-10-14 18:10:48.110661 Juliett: Hotel, sending you 4
2024-10-14 18:10:48.110956 Mike: Echo, sending you 5
2024-10-14 18:10:48.115762 Juliett: Lima, sending you 5
2024-10-14 18:10:48.118666 Whiskey: Hotel and Lima, sending you 4
2024-10-14 18:10:48.119666 Juliett: Whiskey, sending you 3
2024-10-14 18:10:48.122675 Whiskey: Juliett, sending you 3
chatterbot Mike submitting transactions
chatterbot Echo submitting transactions
chatterbot X-ray submitting transactions
chatterbot Juliett submitting transactions
chatterbot Uniform submitting transactions
chatterbot Sierra submitting transactions
chatterbot Hotel submitting transactions
chatterbot Lima submitting transactions
chatterbot Zulu submitting transactions
chatterbot Whiskey submitting transactions
ChatterBot Mike round 6
ChatterBot Sierra round 6
ChatterBot Uniform round 6
ChatterBot Zulu round 6
ChatterBot Hotel round 6
ChatterBot Echo round 6
ChatterBot Lima round 6
ChatterBot X-ray round 6
ChatterBot Juliett round 6
ChatterBot Whiskey round 6
2024-10-14 18:10:49.363294 Whiskey: We should add X-ray
2024-10-14 18:10:49.373084 Hotel: Yes
2024-10-14 18:10:49.373289 Lima: Yes
2024-10-14 18:10:49.373450 Juliett: Yes
ChatterBot Whiskey reevaluating
ChatterBot Whiskey reevaluating
ChatterBot Whiskey reevaluating
2024-10-14 18:10:49.406647 Echo: Mike, Sierra and Zulu, sending you 4
2024-10-14 18:10:49.407713 Uniform: Sending you each 2
2024-10-14 18:10:49.408299 Hotel: Lima, sending you 7
2024-10-14 18:10:49.411668 Hotel: Juliett and Whiskey, sending you 5
2024-10-14 18:10:49.413093 Echo: Uniform, sending you 3
2024-10-14 18:10:49.414683 Zulu: Mike, Sierra, Uniform and Echo, sending you 4
2024-10-14 18:10:49.415955 Lima: Hotel, sending you 7
2024-10-14 18:10:49.418660 Echo: X-ray, sending you 2
2024-10-14 18:10:49.419265 Zulu: X-ray, sending you 3
2024-10-14 18:10:49.420029 Lima: Juliett and Whiskey, sending you 6
2024-10-14 18:10:49.420422 X-ray: Same as last round
2024-10-14 18:10:49.422698 Juliett: Hotel, sending you 4
2024-10-14 18:10:49.424656 Mike: Sierra, Uniform and X-ray, sending you 3
2024-10-14 18:10:49.425684 Sierra: Mike, Uniform, Zulu and X-ray, sending you 2
2024-10-14 18:10:49.426219 Juliett: Lima, sending you 5
2024-10-14 18:10:49.427941 Mike: Zulu, sending you 4
2024-10-14 18:10:49.428674 Sierra: Echo, sending you 3
2024-10-14 18:10:49.429206 Juliett: Whiskey, sending you 3
2024-10-14 18:10:49.430680 Whiskey: Hotel and Lima, sending you 4
2024-10-14 18:10:49.431060 Mike: Echo, sending you 5
2024-10-14 18:10:49.435799 Whiskey: Juliett, sending you 3
chatterbot Zulu submitting transactions
chatterbot Juliett submitting transactions
chatterbot Hotel submitting transactions
chatterbot Lima submitting transactions
chatterbot X-ray submitting transactions
chatterbot Echo submitting transactions
chatterbot Uniform submitting transactions
chatterbot Whiskey submitting transactions
chatterbot Mike submitting transactions
chatterbot Sierra submitting transactions
ChatterBot Mike round 7
ChatterBot Sierra round 7
ChatterBot Uniform round 7
ChatterBot Zulu round 7
ChatterBot Hotel round 7
ChatterBot Echo round 7
ChatterBot Lima round 7
ChatterBot X-ray round 7
ChatterBot Juliett round 7
ChatterBot Whiskey round 7
2024-10-14 18:10:50.576059 Whiskey: We should add X-ray
ChatterBot Lima reevaluating
2024-10-14 18:10:50.587922 Hotel: Yes
2024-10-14 18:10:50.588123 Lima: Yes
2024-10-14 18:10:50.588295 Juliett: Yes
ChatterBot Lima reevaluating
ChatterBot Whiskey reevaluating
ChatterBot Lima reevaluating
ChatterBot Whiskey reevaluating
2024-10-14 18:10:50.629305 Lima: We should replace X-ray with Zulu
ChatterBot Whiskey reevaluating
2024-10-14 18:10:50.640238 Hotel: No
2024-10-14 18:10:50.640412 Juliett: No
2024-10-14 18:10:50.640551 Whiskey: No
ChatterBot Lima reevaluating
ChatterBot Whiskey reevaluating
ChatterBot Lima reevaluating
ChatterBot Whiskey reevaluating
ChatterBot Lima reevaluating
2024-10-14 18:10:50.687694 X-ray: Same as last round
2024-10-14 18:10:50.689690 Zulu: Mike, Sierra, Uniform and Echo, sending you 4
2024-10-14 18:10:50.690312 Hotel: Lima, sending you 7
2024-10-14 18:10:50.691696 Sierra: Mike, Uniform, Zulu and X-ray, sending you 2
2024-10-14 18:10:50.692406 Mike: Sierra, Uniform and X-ray, sending you 3
2024-10-14 18:10:50.693710 Zulu: X-ray, sending you 3
2024-10-14 18:10:50.695694 Hotel: Juliett and Whiskey, sending you 5
2024-10-14 18:10:50.696285 Mike: Zulu, sending you 4
2024-10-14 18:10:50.697471 Sierra: Echo, sending you 3
2024-10-14 18:10:50.698070 Echo: Mike, Sierra and Zulu, sending you 4
2024-10-14 18:10:50.698712 Whiskey: Hotel and Lima, sending you 4
2024-10-14 18:10:50.699700 Mike: Echo, sending you 5
2024-10-14 18:10:50.700727 Uniform: Same as last round
2024-10-14 18:10:50.701434 Juliett: Hotel, sending you 4
2024-10-14 18:10:50.701943 Whiskey: Juliett, sending you 3
2024-10-14 18:10:50.702666 Echo: Uniform, sending you 3
2024-10-14 18:10:50.704664 Lima: Hotel, sending you 7
2024-10-14 18:10:50.706047 Juliett: Lima, sending you 5
2024-10-14 18:10:50.709010 Echo: X-ray, sending you 2
2024-10-14 18:10:50.709778 Lima: Juliett and Whiskey, sending you 6
2024-10-14 18:10:50.710160 Juliett: Whiskey, sending you 3
chatterbot Sierra submitting transactions
chatterbot Mike submitting transactions
chatterbot Uniform submitting transactions
chatterbot Hotel submitting transactions
chatterbot X-ray submitting transactions
chatterbot Juliett submitting transactions
chatterbot Zulu submitting transactions
chatterbot Lima submitting transactions
chatterbot Echo submitting transactions
chatterbot Whiskey submitting transactions
ChatterBot Mike round 8
ChatterBot Sierra round 8
ChatterBot Uniform round 8
ChatterBot Zulu round 8
ChatterBot Hotel round 8
ChatterBot Echo round 8
ChatterBot Lima round 8
ChatterBot X-ray round 8
ChatterBot Juliett round 8
ChatterBot Whiskey round 8
2024-10-14 18:10:51.990676 Sierra: Mike, Uniform, Zulu and X-ray, sending you 2
2024-10-14 18:10:51.994741 Sierra: Echo, sending you 3
2024-10-14 18:10:51.997113 Hotel: Sending you each 3
2024-10-14 18:10:52.000669 Juliett: Hotel, sending you 4
2024-10-14 18:10:52.005688 Juliett: Lima, sending you 5
2024-10-14 18:10:52.006685 X-ray: Same as last round
2024-10-14 18:10:52.008442 Lima: Hotel, sending you 7
2024-10-14 18:10:52.009273 Whiskey: Hotel and Lima, sending you 4
2024-10-14 18:10:52.009914 Uniform: Same as last round
2024-10-14 18:10:52.011297 Echo: Mike, Sierra and Zulu, sending you 4
2024-10-14 18:10:52.012199 Zulu: Mike, Sierra, Uniform and Echo, sending you 4
2024-10-14 18:10:52.013606 Juliett: Whiskey, sending you 3
2024-10-14 18:10:52.014171 Mike: Sierra, Uniform and X-ray, sending you 3
2024-10-14 18:10:52.015208 Lima: Juliett and Whiskey, sending you 6
2024-10-14 18:10:52.016465 Whiskey: Juliett, sending you 3
2024-10-14 18:10:52.017156 Echo: Uniform, sending you 3
2024-10-14 18:10:52.018563 Zulu: X-ray, sending you 3
2024-10-14 18:10:52.019417 Mike: Zulu, sending you 4
2024-10-14 18:10:52.022691 Echo: X-ray, sending you 2
2024-10-14 18:10:52.024690 Mike: Echo, sending you 5
chatterbot Zulu submitting transactions
chatterbot Lima submitting transactions
chatterbot Echo submitting transactions
chatterbot Sierra submitting transactions
chatterbot X-ray submitting transactions
chatterbot Uniform submitting transactions
chatterbot Mike submitting transactions
chatterbot Juliett submitting transactions
chatterbot Hotel submitting transactions
chatterbot Whiskey submitting transactions
ChatterBot Mike round 9
ChatterBot Sierra round 9
ChatterBot Uniform round 9
ChatterBot Zulu round 9
ChatterBot Hotel round 9
ChatterBot Echo round 9
ChatterBot Lima round 9
ChatterBot X-ray round 9
ChatterBot Juliett round 9
ChatterBot Whiskey round 9
2024-10-14 18:10:53.282697 Mike: We should drop Sierra
ChatterBot Echo reevaluating
2024-10-14 18:10:53.293969 Uniform: No
2024-10-14 18:10:53.294133 Zulu: No
2024-10-14 18:10:53.294259 Echo: No
2024-10-14 18:10:53.294402 X-ray: No
ChatterBot Echo reevaluating
ChatterBot Mike reevaluating
ChatterBot Echo reevaluating
ChatterBot Mike reevaluating
ChatterBot Mike reevaluating
ChatterBot Echo reevaluating
2024-10-14 18:10:53.331288 Whiskey: We should add Sierra
ChatterBot Lima reevaluating
2024-10-14 18:10:53.339168 Hotel: No
2024-10-14 18:10:53.339334 Lima: Yes
2024-10-14 18:10:53.339469 Juliett: No
ChatterBot Lima reevaluating
ChatterBot Whiskey reevaluating
ChatterBot Whiskey reevaluating
ChatterBot Lima reevaluating
ChatterBot Whiskey reevaluating
2024-10-14 18:10:53.361198 Echo: We should drop Mike
2024-10-14 18:10:53.368883 Sierra: No
2024-10-14 18:10:53.369022 Uniform: No
2024-10-14 18:10:53.369142 Zulu: No
2024-10-14 18:10:53.369238 X-ray: No
ChatterBot Echo reevaluating
ChatterBot Echo reevaluating
2024-10-14 18:10:53.400635 Whiskey: We should add Uniform
ChatterBot Lima reevaluating
2024-10-14 18:10:53.411534 Hotel: No
2024-10-14 18:10:53.411728 Lima: No
2024-10-14 18:10:53.412513 Juliett: No
ChatterBot Lima reevaluating
ChatterBot Whiskey reevaluating
ChatterBot Whiskey reevaluating
ChatterBot Lima reevaluating
ChatterBot Whiskey reevaluating
2024-10-14 18:10:53.519984 Zulu: Mike, Sierra, Uniform and Echo, sending you 4
2024-10-14 18:10:53.521217 Sierra: Mike, Uniform, Zulu and X-ray, sending you 2
2024-10-14 18:10:53.522957 Uniform: Same as last round
2024-10-14 18:10:53.523989 Juliett: Hotel, sending you 4
2024-10-14 18:10:53.525569 Hotel: Lima, sending you 7
2024-10-14 18:10:53.526332 X-ray: Same as last round
2024-10-14 18:10:53.528524 Zulu: X-ray, sending you 3
2024-10-14 18:10:53.530478 Zulu: I was attacked by Hotel
ChatterBot Echo reevaluating
ChatterBot X-ray reevaluating
ChatterBot Uniform reevaluating
ChatterBot Mike reevaluating
ChatterBot Sierra reevaluating
2024-10-14 18:10:53.559060 Zulu: Ow
2024-10-14 18:10:53.562307 Hotel: Juliett and Whiskey, sending you 5
2024-10-14 18:10:53.563309 Juliett: Lima, sending you 5
2024-10-14 18:10:53.564889 Lima: Mike we want you to join our group
ChatterBot Mike reevaluating
2024-10-14 18:10:53.571757 Mike: No
ChatterBot Whiskey reevaluating
2024-10-14 18:10:53.591169 Juliett: Whiskey, sending you 3
2024-10-14 18:10:53.595162 Whiskey: Sierra we want you to join our group
ChatterBot Sierra reevaluating
2024-10-14 18:10:53.600087 Sierra: No
ChatterBot Whiskey reevaluating
2024-10-14 18:10:53.613847 Mike: We should drop Uniform
ChatterBot Sierra reevaluating
ChatterBot Echo reevaluating
ChatterBot X-ray reevaluating
2024-10-14 18:10:53.631354 Sierra: No
2024-10-14 18:10:53.631668 Zulu: No
2024-10-14 18:10:53.632012 Echo: Yes
2024-10-14 18:10:53.632754 X-ray: No
ChatterBot Mike reevaluating
ChatterBot Echo reevaluating
ChatterBot X-ray reevaluating
ChatterBot Mike reevaluating
ChatterBot Sierra reevaluating
ChatterBot Echo reevaluating
ChatterBot X-ray reevaluating
ChatterBot Mike reevaluating
ChatterBot Sierra reevaluating
ChatterBot X-ray reevaluating
ChatterBot Mike reevaluating
ChatterBot Sierra reevaluating
ChatterBot Echo reevaluating
2024-10-14 18:10:53.686672 Lima: Mike, sending you 3
2024-10-14 18:10:53.692058 Mike: We should drop Echo
ChatterBot Sierra reevaluating
2024-10-14 18:10:53.704140 Sierra: No
2024-10-14 18:10:53.704305 Uniform: No
2024-10-14 18:10:53.704440 Zulu: No
2024-10-14 18:10:53.704565 X-ray: No
ChatterBot Mike reevaluating
ChatterBot Mike reevaluating
ChatterBot Sierra reevaluating
ChatterBot Mike reevaluating
ChatterBot Sierra reevaluating
ChatterBot Mike reevaluating
ChatterBot Sierra reevaluating
2024-10-14 18:10:53.749255 Lima: Hotel and Whiskey, sending you 5
chatterbot Juliett submitting transactions
chatterbot Hotel submitting transactions
2024-10-14 18:10:53.752652 Lima: Juliett, sending you 6
2024-10-14 18:10:53.754847 Whiskey: Sierra, sending you 2
2024-10-14 18:10:53.759131 Whiskey: Hotel, Lima and Juliett, sending you 3
2024-10-14 18:10:53.776663 Mike: Sierra and X-ray, sending you 4
2024-10-14 18:10:53.779685 Mike: Zulu and Echo, sending you 5
2024-10-14 18:10:53.781666 Echo: Sierra and Zulu, sending you 5
2024-10-14 18:10:53.784665 Echo: Uniform, sending you 4
2024-10-14 18:10:53.787657 Echo: X-ray, sending you 3
chatterbot Zulu submitting transactions
chatterbot Lima submitting transactions
chatterbot Sierra submitting transactions
chatterbot Uniform submitting transactions
chatterbot X-ray submitting transactions
chatterbot Uniform submitting transactions
chatterbot Echo submitting transactions
chatterbot Sierra submitting transactions
chatterbot Mike submitting transactions
chatterbot Whiskey submitting transactions
ChatterBot Mike round 10
ChatterBot Sierra round 10
ChatterBot Uniform round 10
ChatterBot Zulu round 10
ChatterBot Hotel round 10
ChatterBot Echo round 10
ChatterBot Lima round 10
ChatterBot X-ray round 10
ChatterBot Juliett round 10
ChatterBot Whiskey round 10
2024-10-14 18:10:54.894117 Lima: We should replace Mike with X-ray
2024-10-14 18:10:54.906121 Hotel: No
2024-10-14 18:10:54.906401 Juliett: No
2024-10-14 18:10:54.906680 Whiskey: No
ChatterBot Lima reevaluating
ChatterBot Whiskey reevaluating
ChatterBot Lima reevaluating
2024-10-14 18:10:54.939293 Whiskey: We should replace Sierra with Echo
ChatterBot Lima reevaluating
2024-10-14 18:10:54.947694 Hotel: No
2024-10-14 18:10:54.947951 Lima: No
2024-10-14 18:10:54.948920 Juliett: No
ChatterBot Lima reevaluating
ChatterBot Whiskey reevaluating
ChatterBot Whiskey reevaluating
ChatterBot Lima reevaluating
ChatterBot Whiskey reevaluating
2024-10-14 18:10:54.997218 Whiskey: We should replace Sierra with Mike
ChatterBot Lima reevaluating
2024-10-14 18:10:55.005467 Hotel: No
2024-10-14 18:10:55.005679 Lima: Yes
2024-10-14 18:10:55.005824 Juliett: No
ChatterBot Lima reevaluating
ChatterBot Whiskey reevaluating
ChatterBot Whiskey reevaluating
ChatterBot Lima reevaluating
ChatterBot Whiskey reevaluating
2024-10-14 18:10:55.035731 Mike: Sierra and X-ray, sending you 4
2024-10-14 18:10:55.036385 Zulu: Mike, Sierra, Uniform and Echo, sending you 4
2024-10-14 18:10:55.038029 Lima: X-ray we want you to join our group
2024-10-14 18:10:55.041115 X-ray: No
ChatterBot Whiskey reevaluating
ChatterBot Lima reevaluating
2024-10-14 18:10:55.053464 Mike: Zulu and Echo, sending you 5
2024-10-14 18:10:55.054383 Sierra: Mike, Uniform, Zulu and X-ray, sending you 2
2024-10-14 18:10:55.055152 Zulu: X-ray, sending you 3
2024-10-14 18:10:55.058666 X-ray: Same as last round
2024-10-14 18:10:55.059988 Hotel: Lima and Juliett, sending you 6
2024-10-14 18:10:55.060422 Sierra: Echo, sending you 3
2024-10-14 18:10:55.060914 Juliett: Hotel, sending you 4
2024-10-14 18:10:55.061726 Uniform: Same as last round
2024-10-14 18:10:55.062219 Echo: Sierra and Zulu, sending you 5
2024-10-14 18:10:55.062677 Hotel: Whiskey, sending you 5
2024-10-14 18:10:55.065681 Echo: Uniform, sending you 4
2024-10-14 18:10:55.066754 Juliett: Lima, sending you 5
2024-10-14 18:10:55.070675 Echo: X-ray, sending you 3
2024-10-14 18:10:55.071103 Juliett: Whiskey, sending you 3
2024-10-14 18:10:55.075690 Lima: Mike, sending you 3
2024-10-14 18:10:55.078665 Whiskey: Hotel and Lima, sending you 4
2024-10-14 18:10:55.081378 Lima: Hotel, sending you 6
2024-10-14 18:10:55.082684 Whiskey: Juliett, sending you 3
2024-10-14 18:10:55.084693 Lima: Juliett and Whiskey, sending you 5
chatterbot Zulu submitting transactions
chatterbot Mike submitting transactions
chatterbot Whiskey submitting transactions
chatterbot Lima submitting transactions
chatterbot Uniform submitting transactions
chatterbot Sierra submitting transactions
chatterbot Juliett submitting transactions
chatterbot Hotel submitting transactions
chatterbot X-ray submitting transactions
chatterbot Echo submitting transactions
ChatterBot Mike round 11
ChatterBot Sierra round 11
ChatterBot Uniform round 11
ChatterBot Zulu round 11
ChatterBot Hotel round 11
ChatterBot Echo round 11
ChatterBot Lima round 11
ChatterBot X-ray round 11
ChatterBot Juliett round 11
ChatterBot Whiskey round 11
2024-10-14 18:10:56.088149 Whiskey: We should replace X-ray with Sierra
2024-10-14 18:10:56.096393 Hotel: No
2024-10-14 18:10:56.096565 Lima: No
2024-10-14 18:10:56.096731 Juliett: No
ChatterBot Whiskey reevaluating
ChatterBot Whiskey reevaluating
ChatterBot Whiskey reevaluating
2024-10-14 18:10:56.118053 Whiskey: We should replace X-ray with Uniform
2024-10-14 18:10:56.123832 Hotel: No
2024-10-14 18:10:56.123963 Lima: No
2024-10-14 18:10:56.124067 Juliett: No
ChatterBot Whiskey reevaluating
ChatterBot Whiskey reevaluating
ChatterBot Lima reevaluating
ChatterBot Whiskey reevaluating
2024-10-14 18:10:56.145784 Lima: We should replace Mike with X-ray
ChatterBot Whiskey reevaluating
2024-10-14 18:10:56.151932 Hotel: No
2024-10-14 18:10:56.152043 Juliett: No
2024-10-14 18:10:56.152183 Whiskey: No
ChatterBot Lima reevaluating
ChatterBot Whiskey reevaluating
ChatterBot Lima reevaluating
ChatterBot Whiskey reevaluating
ChatterBot Lima reevaluating
2024-10-14 18:10:56.172107 Uniform: Same as last round
2024-10-14 18:10:56.172701 Mike: Sierra, Echo and X-ray, sending you 4
2024-10-14 18:10:56.173498 Sierra: Mike, Uniform, Zulu and X-ray, sending you 2
2024-10-14 18:10:56.176692 Sierra: Echo, sending you 3
2024-10-14 18:10:56.178129 Zulu: Mike, Sierra, Uniform and Echo, sending you 4
2024-10-14 18:10:56.178900 Juliett: Hotel, sending you 4
2024-10-14 18:10:56.179474 Mike: Zulu, sending you 6
2024-10-14 18:10:56.179985 X-ray: Same as last round
2024-10-14 18:10:56.180576 Echo: Sierra and Zulu, sending you 5
2024-10-14 18:10:56.180930 Hotel: Lima and Juliett, sending you 6
2024-10-14 18:10:56.181592 Whiskey: Sierra we want you to join our group
2024-10-14 18:10:56.184608 Sierra: No
ChatterBot Whiskey reevaluating
ChatterBot Lima reevaluating
2024-10-14 18:10:56.198815 Zulu: X-ray, sending you 3
2024-10-14 18:10:56.200044 Juliett: Lima, sending you 5
2024-10-14 18:10:56.203063 Hotel: Whiskey, sending you 5
2024-10-14 18:10:56.204019 Echo: Uniform, sending you 4
2024-10-14 18:10:56.206693 Echo: X-ray, sending you 3
2024-10-14 18:10:56.207704 Juliett: Whiskey, sending you 3
2024-10-14 18:10:56.215712 Lima: Mike, sending you 3
2024-10-14 18:10:56.219668 Lima: Hotel, sending you 6
2024-10-14 18:10:56.222681 Lima: Juliett and Whiskey, sending you 5
2024-10-14 18:10:56.223665 Whiskey: Sierra, sending you 2
2024-10-14 18:10:56.228691 Whiskey: Hotel, Lima and Juliett, sending you 3
chatterbot Echo submitting transactions
chatterbot Sierra submitting transactions
chatterbot X-ray submitting transactions
chatterbot Mike submitting transactions
chatterbot Hotel submitting transactions
chatterbot Juliett submitting transactions
chatterbot Uniform submitting transactions
chatterbot Whiskey submitting transactions
chatterbot Zulu submitting transactions
chatterbot Lima submitting transactions
ChatterBot Mike round 12
ChatterBot Sierra round 12
ChatterBot Uniform round 12
ChatterBot Zulu round 12
ChatterBot Hotel round 12
2024-10-14 18:10:57.372759 Mike: We should replace Echo with Uniform
2024-10-14 18:10:57.379161 Sierra: No
2024-10-14 18:10:57.379337 Zulu: No
2024-10-14 18:10:57.379479 X-ray: No
ChatterBot Mike reevaluating
ChatterBot Mike reevaluating
ChatterBot Mike reevaluating
ChatterBot Echo round 12
ChatterBot Lima round 12
ChatterBot X-ray round 12
ChatterBot Juliett round 12
ChatterBot Whiskey round 12
2024-10-14 18:10:57.424810 Whiskey: We should replace Sierra with Mike
ChatterBot Lima reevaluating
2024-10-14 18:10:57.430237 Hotel: No
2024-10-14 18:10:57.430375 Lima: No
2024-10-14 18:10:57.430483 Juliett: No
ChatterBot Lima reevaluating
ChatterBot Whiskey reevaluating
ChatterBot Whiskey reevaluating
ChatterBot Lima reevaluating
ChatterBot Whiskey reevaluating
2024-10-14 18:10:57.446957 Mike: Uniform we want you to join our group
2024-10-14 18:10:57.449435 Uniform: Yes
ChatterBot Mike reevaluating
2024-10-14 18:10:57.459676 Zulu: Mike, Sierra, Uniform and Echo, sending you 4
2024-10-14 18:10:57.460821 Hotel: Sending you each 3
2024-10-14 18:10:57.461682 Sierra: Mike, Uniform, Zulu and X-ray, sending you 2
2024-10-14 18:10:57.465656 Zulu: X-ray, sending you 3
2024-10-14 18:10:57.466687 Sierra: Echo, sending you 3
2024-10-14 18:10:57.467405 Echo: Sierra and Zulu, sending you 5
2024-10-14 18:10:57.467856 Uniform: Mike, sending you 1
2024-10-14 18:10:57.471679 Echo: Uniform, sending you 4
2024-10-14 18:10:57.472091 Uniform: Sierra, Zulu and X-ray, sending you 2
2024-10-14 18:10:57.474693 X-ray: Same as last round
2024-10-14 18:10:57.475661 Uniform: Echo, sending you 3
2024-10-14 18:10:57.476658 Whiskey: Hotel and Lima, sending you 4
2024-10-14 18:10:57.477128 Echo: X-ray, sending you 3
2024-10-14 18:10:57.479053 Juliett: Hotel, sending you 5
2024-10-14 18:10:57.479665 Lima: Mike, sending you 3
2024-10-14 18:10:57.480049 Whiskey: Juliett, sending you 3
2024-10-14 18:10:57.482672 Juliett: Lima, sending you 4
2024-10-14 18:10:57.483134 Lima: Hotel, sending you 6
2024-10-14 18:10:57.485656 Juliett: Whiskey, sending you 3
2024-10-14 18:10:57.487677 Lima: Juliett and Whiskey, sending you 5
2024-10-14 18:10:57.489663 Mike: Sierra, Uniform and X-ray, sending you 4
2024-10-14 18:10:57.493669 Mike: Zulu, sending you 6
chatterbot Sierra submitting transactions
chatterbot Juliett submitting transactions
chatterbot Whiskey submitting transactions
chatterbot Uniform submitting transactions
chatterbot Echo submitting transactions
chatterbot Mike submitting transactions
chatterbot Hotel submitting transactions
chatterbot Zulu submitting transactions
chatterbot Lima submitting transactions
chatterbot X-ray submitting transactions
ChatterBot Mike round 13
ChatterBot Sierra round 13
ChatterBot Uniform round 13
ChatterBot Zulu round 13
ChatterBot Hotel round 13
ChatterBot Echo round 13
ChatterBot Lima round 13
ChatterBot X-ray round 13
ChatterBot Juliett round 13
ChatterBot Whiskey round 13
2024-10-14 18:10:58.646384 Whiskey: We should replace X-ray with Echo
2024-10-14 18:10:58.654658 Hotel: No
2024-10-14 18:10:58.654875 Lima: No
2024-10-14 18:10:58.655048 Juliett: No
ChatterBot Lima reevaluating
ChatterBot Whiskey reevaluating
ChatterBot Whiskey reevaluating
ChatterBot Lima reevaluating
ChatterBot Whiskey reevaluating
2024-10-14 18:10:58.682681 Hotel: Lima and Juliett, sending you 6
2024-10-14 18:10:58.685668 Hotel: Whiskey, sending you 5
2024-10-14 18:10:58.689768 Whiskey: Echo we want you to join our group
2024-10-14 18:10:58.693090 Echo: No
ChatterBot Whiskey reevaluating
ChatterBot Lima reevaluating
2024-10-14 18:10:58.706222 Whiskey: We should replace X-ray with Sierra
ChatterBot Lima reevaluating
2024-10-14 18:10:58.719327 Hotel: No
2024-10-14 18:10:58.719582 Lima: No
2024-10-14 18:10:58.719803 Juliett: No
ChatterBot Lima reevaluating
ChatterBot Whiskey reevaluating
ChatterBot Whiskey reevaluating
ChatterBot Lima reevaluating
ChatterBot Whiskey reevaluating
2024-10-14 18:10:58.753144 X-ray: Same as last round
2024-10-14 18:10:58.754288 Whiskey: We should replace X-ray with Mike
ChatterBot Lima reevaluating
2024-10-14 18:10:58.764635 Hotel: No
2024-10-14 18:10:58.764837 Lima: No
2024-10-14 18:10:58.765006 Juliett: No
ChatterBot Lima reevaluating
ChatterBot Whiskey reevaluating
ChatterBot Whiskey reevaluating
ChatterBot Lima reevaluating
ChatterBot Whiskey reevaluating
2024-10-14 18:10:58.786989 Sierra: Mike, Uniform, Zulu and X-ray, sending you 2
2024-10-14 18:10:58.787814 Mike: Sierra, Uniform and X-ray, sending you 4
2024-10-14 18:10:58.788138 Juliett: Hotel, sending you 4
2024-10-14 18:10:58.788497 Uniform: Sending you each 2
2024-10-14 18:10:58.789515 Zulu: Mike, Sierra, Uniform and Echo, sending you 4
2024-10-14 18:10:58.790086 Echo: Sierra and Zulu, sending you 5
2024-10-14 18:10:58.790657 Sierra: Echo, sending you 3
2024-10-14 18:10:58.791691 Mike: Zulu, sending you 6
2024-10-14 18:10:58.792176 Juliett: Lima, sending you 5
2024-10-14 18:10:58.793658 Zulu: X-ray, sending you 3
2024-10-14 18:10:58.794477 Zulu: I was attacked by Hotel
ChatterBot Echo reevaluating
ChatterBot X-ray reevaluating
ChatterBot Uniform reevaluating
ChatterBot Mike reevaluating
