ChatterBot Uniform round 1
ChatterBot Delta round 1
ChatterBot Quebec round 1
ChatterBot Mike round 1
ChatterBot Charlie round 1
ChatterBot Victor round 1
ChatterBot Whiskey round 1
ChatterBot Foxtrot round 1
ChatterBot Alpha round 1
ChatterBot November round 1
randomSelections Delta: {Delta, Whiskey, Alpha, Charlie, Victor, November} 
2024-10-15 03:31:35.118047 Delta: Can we be friends?
ChatterBot Whiskey reevaluating
ChatterBot Alpha reevaluating
ChatterBot Charlie reevaluating
ChatterBot Victor reevaluating
ChatterBot November reevaluating
2024-10-15 03:31:35.132412 Whiskey: Yes
2024-10-15 03:31:35.132642 Alpha: Yes
2024-10-15 03:31:35.132952 Charlie: Yes
2024-10-15 03:31:35.133192 Victor: Yes
2024-10-15 03:31:35.134310 November: Yes
ChatterBot Alpha reevaluating
ChatterBot Charlie reevaluating
ChatterBot Victor reevaluating
ChatterBot November reevaluating
ChatterBot Whiskey reevaluating
ChatterBot Charlie reevaluating
ChatterBot Victor reevaluating
ChatterBot November reevaluating
ChatterBot Whiskey reevaluating
ChatterBot Alpha reevaluating
ChatterBot Victor reevaluating
ChatterBot November reevaluating
ChatterBot Whiskey reevaluating
ChatterBot Alpha reevaluating
ChatterBot Charlie reevaluating
ChatterBot November reevaluating
ChatterBot Whiskey reevaluating
ChatterBot Alpha reevaluating
ChatterBot Charlie reevaluating
ChatterBot Victor reevaluating
randomSelections Quebec: {Quebec, Foxtrot, Victor, Charlie, Mike, Uniform} 
2024-10-15 03:31:35.215892 Quebec: We should group up
ChatterBot Foxtrot reevaluating
ChatterBot Victor reevaluating
ChatterBot Charlie reevaluating
ChatterBot Mike reevaluating
ChatterBot Uniform reevaluating
2024-10-15 03:31:35.233147 Foxtrot: Yes
2024-10-15 03:31:35.233684 Victor: No
2024-10-15 03:31:35.234641 Charlie: No
2024-10-15 03:31:35.235120 Mike: Yes
2024-10-15 03:31:35.235325 Uniform: Yes
ChatterBot Victor reevaluating
ChatterBot Charlie reevaluating
ChatterBot Mike reevaluating
ChatterBot Uniform reevaluating
ChatterBot Foxtrot reevaluating
ChatterBot Charlie reevaluating
ChatterBot Mike reevaluating
ChatterBot Uniform reevaluating
ChatterBot Foxtrot reevaluating
ChatterBot Victor reevaluating
ChatterBot Mike reevaluating
ChatterBot Uniform reevaluating
ChatterBot Foxtrot reevaluating
ChatterBot Victor reevaluating
ChatterBot Charlie reevaluating
ChatterBot Uniform reevaluating
ChatterBot Foxtrot reevaluating
ChatterBot Victor reevaluating
ChatterBot Charlie reevaluating
ChatterBot Mike reevaluating
2024-10-15 03:31:35.316115 Foxtrot: Uniform, sending you 1
2024-10-15 03:31:35.321225 Quebec: Uniform and Foxtrot, sending you 2
2024-10-15 03:31:35.323908 Alpha: Delta, Charlie and Victor, sending you 2
2024-10-15 03:31:35.326517 Foxtrot: Quebec and Victor, sending you 4
2024-10-15 03:31:35.328992 Quebec: Mike, Charlie and Victor, sending you 1
2024-10-15 03:31:35.332389 Alpha: Whiskey, sending you 3
2024-10-15 03:31:35.333642 Delta: Charlie, sending you 2
2024-10-15 03:31:35.335692 Whiskey: Delta, sending you 3
2024-10-15 03:31:35.336758 Victor: Delta, Charlie and November, sending you 2
2024-10-15 03:31:35.339533 Uniform: Quebec, Victor and Foxtrot, sending you 1
2024-10-15 03:31:35.341490 Mike: Quebec, sending you 3
2024-10-15 03:31:35.342360 November: Delta, sending you 2
2024-10-15 03:31:35.344547 Alpha: November, sending you 1
2024-10-15 03:31:35.345570 Delta: Victor, sending you 3
2024-10-15 03:31:35.346206 Whiskey: Charlie, sending you 1
2024-10-15 03:31:35.347996 Victor: Whiskey and Alpha, sending you 1
2024-10-15 03:31:35.349045 Mike: Charlie and Foxtrot, sending you 1
2024-10-15 03:31:35.351410 November: Victor, Whiskey and Alpha, sending you 1
2024-10-15 03:31:35.352633 Delta: Whiskey, sending you 5
2024-10-15 03:31:35.354382 Whiskey: November, sending you 4
2024-10-15 03:31:35.355133 Mike: Victor, sending you 2
chatterbot November submitting transactions
chatterbot Victor submitting transactions
chatterbot Delta submitting transactions
chatterbot Charlie submitting transactions
chatterbot Quebec submitting transactions
chatterbot Foxtrot submitting transactions
chatterbot Whiskey submitting transactions
chatterbot Alpha submitting transactions
chatterbot Uniform submitting transactions
chatterbot Mike submitting transactions
ChatterBot Uniform round 2
ChatterBot Delta round 2
ChatterBot Quebec round 2
ChatterBot Mike round 2
ChatterBot Charlie round 2
ChatterBot Victor round 2
ChatterBot Whiskey round 2
ChatterBot Foxtrot round 2
ChatterBot Alpha round 2
ChatterBot November round 2
2024-10-15 03:31:38.984517 Charlie: Friends?
2024-10-15 03:31:39.020311 Mike: No
2024-10-15 03:31:39.087848 Uniform: We should drop Victor
ChatterBot Mike reevaluating
ChatterBot Foxtrot reevaluating
2024-10-15 03:31:39.123855 Quebec: Yes
2024-10-15 03:31:39.124091 Mike: Yes
2024-10-15 03:31:39.124227 Foxtrot: Yes
2024-10-15 03:31:39.124378 Charlie: Yes
ChatterBot Mike reevaluating
ChatterBot Foxtrot reevaluating
ChatterBot Foxtrot reevaluating
ChatterBot Mike reevaluating
ChatterBot Mike reevaluating
ChatterBot Foxtrot reevaluating
2024-10-15 03:31:39.184919 Mike: We would work well together
ChatterBot Alpha reevaluating
ChatterBot Foxtrot reevaluating
2024-10-15 03:31:39.201374 Uniform: No
2024-10-15 03:31:39.201567 Alpha: No
2024-10-15 03:31:39.201798 Quebec: No
2024-10-15 03:31:39.202583 Foxtrot: No
ChatterBot Mike reevaluating
ChatterBot Foxtrot reevaluating
ChatterBot Alpha reevaluating
ChatterBot Mike reevaluating
ChatterBot Uniform reevaluating
ChatterBot Foxtrot reevaluating
ChatterBot Mike reevaluating
ChatterBot Uniform reevaluating
ChatterBot Foxtrot reevaluating
ChatterBot Alpha reevaluating
ChatterBot Mike reevaluating
ChatterBot Uniform reevaluating
ChatterBot Alpha reevaluating
2024-10-15 03:31:39.289635 Quebec: We should drop Victor and Charlie
ChatterBot Uniform reevaluating
ChatterBot Mike reevaluating
ChatterBot Foxtrot reevaluating
2024-10-15 03:31:39.302367 Uniform: Yes
2024-10-15 03:31:39.302683 Mike: Yes
2024-10-15 03:31:39.303385 Foxtrot: Yes
ChatterBot Mike reevaluating
ChatterBot Foxtrot reevaluating
ChatterBot Uniform reevaluating
ChatterBot Foxtrot reevaluating
ChatterBot Uniform reevaluating
ChatterBot Mike reevaluating
2024-10-15 03:31:39.382747 Charlie: Sending you 8
2024-10-15 03:31:39.383822 Delta: Charlie, sending you 1
2024-10-15 03:31:39.420579 Delta: Victor, Alpha and November, sending you 2
2024-10-15 03:31:39.421666 November: Delta, Charlie, Victor, Whiskey and Alpha, sending you 1
2024-10-15 03:31:39.422136 Uniform: Sending you each 2
2024-10-15 03:31:39.423062 Alpha: Delta, Charlie and Whiskey, sending you 1
2024-10-15 03:31:39.423457 Whiskey: Delta, sending you 6
2024-10-15 03:31:39.423869 Mike: Uniform, Foxtrot and Alpha, sending you 1
2024-10-15 03:31:39.424936 Foxtrot: Sending you each 4
2024-10-15 03:31:39.425256 Victor: Delta, Alpha and November, sending you 2
2024-10-15 03:31:39.426236 Quebec: Uniform, sending you 1
2024-10-15 03:31:39.426742 Alpha: Victor, sending you 4
2024-10-15 03:31:39.427718 Delta: Whiskey, sending you 3
2024-10-15 03:31:39.428169 Whiskey: Victor and November, sending you 2
2024-10-15 03:31:39.429187 Mike: Quebec, sending you 4
2024-10-15 03:31:39.429743 Victor: Charlie and Whiskey, sending you 1
2024-10-15 03:31:39.430190 Quebec: Mike and Foxtrot, sending you 3
2024-10-15 03:31:39.431249 Alpha: November, sending you 3
2024-10-15 03:31:39.436754 Whiskey: Alpha, sending you 4
chatterbot Charlie submitting transactions
chatterbot Alpha submitting transactions
chatterbot Mike submitting transactions
chatterbot Quebec submitting transactions
chatterbot Delta submitting transactions
chatterbot Victor submitting transactions
chatterbot Foxtrot submitting transactions
chatterbot Uniform submitting transactions
chatterbot Whiskey submitting transactions
chatterbot November submitting transactions
ChatterBot Uniform round 3
ChatterBot Delta round 3
ChatterBot Quebec round 3
ChatterBot Mike round 3
ChatterBot Charlie round 3
ChatterBot Victor round 3
ChatterBot Whiskey round 3
ChatterBot Foxtrot round 3
ChatterBot Alpha round 3
ChatterBot November round 3
2024-10-15 03:31:40.722824 Uniform: We should replace Alpha with November
ChatterBot Mike reevaluating
ChatterBot Foxtrot reevaluating
2024-10-15 03:31:40.735054 Quebec: No
2024-10-15 03:31:40.735562 Mike: No
2024-10-15 03:31:40.736252 Foxtrot: No
ChatterBot Mike reevaluating
ChatterBot Foxtrot reevaluating
ChatterBot Foxtrot reevaluating
ChatterBot Uniform reevaluating
ChatterBot Mike reevaluating
2024-10-15 03:31:40.786359 Charlie: We should replace Mike with Uniform
2024-10-15 03:31:40.817396 Uniform: We should replace Alpha with Charlie
ChatterBot Mike reevaluating
ChatterBot Foxtrot reevaluating
2024-10-15 03:31:40.831100 Quebec: No
2024-10-15 03:31:40.831348 Mike: Yes
2024-10-15 03:31:40.831500 Foxtrot: No
ChatterBot Uniform reevaluating
ChatterBot Mike reevaluating
ChatterBot Foxtrot reevaluating
ChatterBot Uniform reevaluating
ChatterBot Foxtrot reevaluating
ChatterBot Uniform reevaluating
ChatterBot Mike reevaluating
2024-10-15 03:31:40.872136 Foxtrot: We should replace Mike with Uniform
2024-10-15 03:31:40.877082 Quebec: No
ChatterBot Foxtrot reevaluating
2024-10-15 03:31:40.882060 Foxtrot: We should replace Quebec with Uniform
ChatterBot Mike reevaluating
2024-10-15 03:31:40.886739 Mike: No
ChatterBot Foxtrot reevaluating
2024-10-15 03:31:40.891094 Charlie: Uniform we want you to join our group
ChatterBot Uniform reevaluating
2024-10-15 03:31:40.895735 Uniform: Yes
2024-10-15 03:31:40.900300 Delta: We should drop Charlie
2024-10-15 03:31:40.915977 Victor: No
2024-10-15 03:31:40.916169 Whiskey: No
2024-10-15 03:31:40.916290 Alpha: Yes
2024-10-15 03:31:40.916412 November: No
ChatterBot Victor reevaluating
ChatterBot Whiskey reevaluating
ChatterBot Victor reevaluating
ChatterBot Whiskey reevaluating
2024-10-15 03:31:40.982960 Quebec: Uniform, sending you 1
2024-10-15 03:31:40.983462 Foxtrot: Uniform we want you to join our group
ChatterBot Uniform reevaluating
2024-10-15 03:31:40.988336 Uniform: Yes
2024-10-15 03:31:41.000831 Quebec: Mike and Foxtrot, sending you 3
2024-10-15 03:31:41.003789 Charlie: Sending you 8
2024-10-15 03:31:41.004110 Whiskey: Delta, sending you 7
2024-10-15 03:31:41.004707 Delta: Victor, Alpha and November, sending you 2
2024-10-15 03:31:41.005625 November: Delta, Charlie, Victor, Whiskey and Alpha, sending you 1
2024-10-15 03:31:41.006066 Mike: Uniform, sending you 1
2024-10-15 03:31:41.006691 Whiskey: Victor and November, sending you 2
2024-10-15 03:31:41.007729 Uniform: Charlie we want you to join our group
2024-10-15 03:31:41.012639 Charlie: No
ChatterBot Uniform reevaluating
2024-10-15 03:31:41.029319 Delta: Whiskey, sending you 4
2024-10-15 03:31:41.029658 Mike: Quebec, Charlie and Foxtrot, sending you 2
2024-10-15 03:31:41.030455 Whiskey: Alpha, sending you 3
2024-10-15 03:31:41.032693 Victor: Delta, Whiskey, Alpha and November, sending you 2
2024-10-15 03:31:41.035724 Alpha: Delta and November, sending you 2
2024-10-15 03:31:41.036106 Foxtrot: Sending you each 4
2024-10-15 03:31:41.038882 Alpha: Victor and Whiskey, sending you 3
2024-10-15 03:31:41.052161 Uniform: Quebec, Mike, Charlie and Foxtrot, sending you 2
chatterbot Charlie submitting transactions
chatterbot Uniform submitting transactions
chatterbot Delta submitting transactions
chatterbot Quebec submitting transactions
chatterbot Foxtrot submitting transactions
chatterbot November submitting transactions
chatterbot Alpha submitting transactions
chatterbot Whiskey submitting transactions
chatterbot Victor submitting transactions
chatterbot Mike submitting transactions
ChatterBot Uniform round 4
ChatterBot Delta round 4
ChatterBot Quebec round 4
ChatterBot Mike round 4
ChatterBot Charlie round 4
ChatterBot Victor round 4
ChatterBot Whiskey round 4
ChatterBot Foxtrot round 4
ChatterBot Alpha round 4
ChatterBot November round 4
2024-10-15 03:31:42.032641 Uniform: We should add November
ChatterBot Mike reevaluating
ChatterBot Foxtrot reevaluating
ChatterBot Charlie reevaluating
2024-10-15 03:31:42.050379 Quebec: No
2024-10-15 03:31:42.050697 Mike: No
2024-10-15 03:31:42.050987 Foxtrot: No
2024-10-15 03:31:42.051240 Charlie: No
ChatterBot Uniform reevaluating
ChatterBot Mike reevaluating
ChatterBot Foxtrot reevaluating
ChatterBot Charlie reevaluating
ChatterBot Uniform reevaluating
ChatterBot Foxtrot reevaluating
ChatterBot Charlie reevaluating
ChatterBot Uniform reevaluating
ChatterBot Mike reevaluating
ChatterBot Charlie reevaluating
ChatterBot Uniform reevaluating
ChatterBot Mike reevaluating
ChatterBot Foxtrot reevaluating
2024-10-15 03:31:42.147443 Foxtrot: We should add Mike
2024-10-15 03:31:42.147903 Charlie: We should add Mike and Foxtrot
ChatterBot Uniform reevaluating
2024-10-15 03:31:42.159223 Uniform: Yes
ChatterBot Uniform reevaluating
2024-10-15 03:31:42.165400 Quebec: Yes
2024-10-15 03:31:42.165626 Uniform: Yes
ChatterBot Foxtrot reevaluating
ChatterBot Foxtrot reevaluating
ChatterBot Uniform reevaluating
ChatterBot Charlie reevaluating
2024-10-15 03:31:42.242985 Uniform: We should add Alpha
ChatterBot Mike reevaluating
ChatterBot Foxtrot reevaluating
ChatterBot Charlie reevaluating
2024-10-15 03:31:42.264437 Quebec: No
2024-10-15 03:31:42.264647 Mike: No
2024-10-15 03:31:42.264826 Foxtrot: No
2024-10-15 03:31:42.264985 Charlie: No
ChatterBot Uniform reevaluating
ChatterBot Mike reevaluating
ChatterBot Foxtrot reevaluating
ChatterBot Charlie reevaluating
ChatterBot Uniform reevaluating
ChatterBot Foxtrot reevaluating
ChatterBot Charlie reevaluating
ChatterBot Uniform reevaluating
ChatterBot Mike reevaluating
ChatterBot Charlie reevaluating
ChatterBot Uniform reevaluating
ChatterBot Mike reevaluating
ChatterBot Foxtrot reevaluating
2024-10-15 03:31:42.474907 Foxtrot: Mike we want you to join our group
ChatterBot Mike reevaluating
2024-10-15 03:31:42.479441 Mike: Yes
ChatterBot Uniform reevaluating
2024-10-15 03:31:42.494691 Charlie: Mike and Foxtrot we want you to join our group
ChatterBot Mike reevaluating
2024-10-15 03:31:42.504003 Mike: Yes
2024-10-15 03:31:42.504620 Foxtrot: No
ChatterBot Uniform reevaluating
ChatterBot Uniform reevaluating
ChatterBot Mike reevaluating
2024-10-15 03:31:42.534658 Delta: Victor, Alpha and November, sending you 2
2024-10-15 03:31:42.593810 Victor: Delta, Whiskey, Alpha and November, sending you 2
2024-10-15 03:31:42.594746 Quebec: Uniform and Mike, sending you 2
2024-10-15 03:31:42.595170 Whiskey: Delta, sending you 6
2024-10-15 03:31:42.595506 Alpha: Delta and November, sending you 2
2024-10-15 03:31:42.596245 November: Delta, Charlie, Victor, Whiskey and Alpha, sending you 1
2024-10-15 03:31:42.596725 Delta: Whiskey, sending you 4
2024-10-15 03:31:42.630571 Whiskey: Victor, sending you 3
2024-10-15 03:31:42.630932 Alpha: Victor and Whiskey, sending you 3
2024-10-15 03:31:42.631449 Quebec: Foxtrot, sending you 3
2024-10-15 03:31:42.632377 Foxtrot: Sending you each 3
2024-10-15 03:31:42.632739 Charlie: Uniform and Mike, sending you 3
2024-10-15 03:31:42.650716 Whiskey: Alpha, sending you 4
2024-10-15 03:31:42.651113 Uniform: Same as last round
2024-10-15 03:31:42.651490 Mike: Uniform, Quebec and Charlie, sending you 2
2024-10-15 03:31:42.652382 Charlie: Foxtrot, sending you 2
2024-10-15 03:31:42.667430 Mike: Foxtrot, sending you 1
2024-10-15 03:31:42.667908 Whiskey: November, sending you 1
chatterbot Alpha submitting transactions
chatterbot Whiskey submitting transactions
chatterbot Charlie submitting transactions
chatterbot Delta submitting transactions
chatterbot Foxtrot submitting transactions
chatterbot Uniform submitting transactions
chatterbot November submitting transactions
chatterbot Victor submitting transactions
chatterbot Quebec submitting transactions
chatterbot Mike submitting transactions
ChatterBot Uniform round 5
ChatterBot Delta round 5
ChatterBot Quebec round 5
ChatterBot Mike round 5
ChatterBot Charlie round 5
ChatterBot Victor round 5
ChatterBot Whiskey round 5
ChatterBot Foxtrot round 5
ChatterBot Alpha round 5
ChatterBot November round 5
2024-10-15 03:31:43.529557 Whiskey: We should add Charlie
2024-10-15 03:31:43.544374 Delta: No
2024-10-15 03:31:43.544654 Victor: No
2024-10-15 03:31:43.544869 Alpha: No
2024-10-15 03:31:43.545114 November: Yes
ChatterBot Whiskey reevaluating
ChatterBot Whiskey reevaluating
ChatterBot November reevaluating
ChatterBot Whiskey reevaluating
ChatterBot November reevaluating
ChatterBot Victor reevaluating
ChatterBot Whiskey reevaluating
2024-10-15 03:31:43.612902 November: We should replace Charlie with Uniform
ChatterBot Victor reevaluating
ChatterBot Whiskey reevaluating
2024-10-15 03:31:43.626506 Delta: No
2024-10-15 03:31:43.627363 Victor: No
2024-10-15 03:31:43.627530 Whiskey: No
2024-10-15 03:31:43.627679 Alpha: No
ChatterBot Victor reevaluating
ChatterBot Whiskey reevaluating
ChatterBot November reevaluating
ChatterBot Whiskey reevaluating
ChatterBot November reevaluating
ChatterBot Victor reevaluating
ChatterBot November reevaluating
ChatterBot Victor reevaluating
ChatterBot Whiskey reevaluating
ChatterBot November reevaluating
2024-10-15 03:31:43.685400 Mike: Uniform, sending you 1
2024-10-15 03:31:43.686013 November: We should replace Charlie with Quebec
ChatterBot Victor reevaluating
ChatterBot Whiskey reevaluating
2024-10-15 03:31:43.701482 Delta: No
2024-10-15 03:31:43.701769 Victor: No
2024-10-15 03:31:43.702660 Whiskey: No
2024-10-15 03:31:43.702855 Alpha: No
ChatterBot Victor reevaluating
ChatterBot Whiskey reevaluating
ChatterBot Whiskey reevaluating
ChatterBot Victor reevaluating
ChatterBot Victor reevaluating
ChatterBot Whiskey reevaluating
ChatterBot November reevaluating
2024-10-15 03:31:43.763553 Uniform: Same as last round
2024-10-15 03:31:43.764098 Mike: Quebec, Charlie and Foxtrot, sending you 2
2024-10-15 03:31:43.764712 Delta: Victor, Alpha and November, sending you 2
2024-10-15 03:31:43.765878 Quebec: Uniform and Mike, sending you 2
2024-10-15 03:31:43.769188 Quebec: Foxtrot, sending you 3
2024-10-15 03:31:43.769860 Alpha: Delta and November, sending you 2
2024-10-15 03:31:43.770481 Foxtrot: Same as last round
2024-10-15 03:31:43.771029 November: Uniform we want you to join our group
2024-10-15 03:31:43.776367 Uniform: No
ChatterBot November reevaluating
2024-10-15 03:31:43.791275 Delta: Whiskey, sending you 4
2024-10-15 03:31:43.791740 Charlie: Uniform and Mike, sending you 3
2024-10-15 03:31:43.792182 Alpha: Victor and Whiskey, sending you 3
2024-10-15 03:31:43.796474 Charlie: Foxtrot, sending you 2
2024-10-15 03:31:43.797125 Whiskey: Delta, sending you 6
2024-10-15 03:31:43.797644 Victor: Same as last round
2024-10-15 03:31:43.799694 Whiskey: Victor, sending you 3
2024-10-15 03:31:43.802686 Whiskey: Alpha, sending you 4
2024-10-15 03:31:43.807659 Whiskey: November, sending you 1
2024-10-15 03:31:43.811685 November: Delta, Charlie, Victor, Whiskey and Alpha, sending you 1
chatterbot Alpha submitting transactions
chatterbot Mike submitting transactions
chatterbot Quebec submitting transactions
chatterbot Charlie submitting transactions
chatterbot Whiskey submitting transactions
chatterbot Uniform submitting transactions
chatterbot Foxtrot submitting transactions
chatterbot Victor submitting transactions
chatterbot Delta submitting transactions
chatterbot November submitting transactions
ChatterBot Uniform round 6
ChatterBot Delta round 6
ChatterBot Quebec round 6
ChatterBot Mike round 6
ChatterBot Charlie round 6
ChatterBot Victor round 6
ChatterBot Whiskey round 6
ChatterBot Foxtrot round 6
ChatterBot Alpha round 6
ChatterBot November round 6
2024-10-15 03:31:45.223996 Charlie: Uniform and Mike, sending you 3
2024-10-15 03:31:45.224438 Victor: Same as last round
2024-10-15 03:31:45.225278 Mike: Uniform, sending you 1
2024-10-15 03:31:45.225605 Alpha: Delta and November, sending you 2
2024-10-15 03:31:45.225949 Foxtrot: Same as last round
2024-10-15 03:31:45.226218 November: Delta, Charlie, Victor, Whiskey and Alpha, sending you 1
2024-10-15 03:31:45.226979 Quebec: Uniform and Mike, sending you 2
2024-10-15 03:31:45.227276 Whiskey: Delta, sending you 6
2024-10-15 03:31:45.227607 Uniform: Same as last round
2024-10-15 03:31:45.227920 Delta: Victor, Alpha and November, sending you 2
2024-10-15 03:31:45.228741 Charlie: Foxtrot, sending you 2
2024-10-15 03:31:45.229038 Mike: Quebec, Charlie and Foxtrot, sending you 2
2024-10-15 03:31:45.229739 Alpha: Victor and Whiskey, sending you 3
2024-10-15 03:31:45.230892 Whiskey: Victor, sending you 3
2024-10-15 03:31:45.231388 Quebec: Foxtrot, sending you 3
2024-10-15 03:31:45.244997 Delta: Whiskey, sending you 4
2024-10-15 03:31:45.245441 Whiskey: Alpha, sending you 4
2024-10-15 03:31:45.257112 Whiskey: November, sending you 1
chatterbot Whiskey submitting transactions
chatterbot November submitting transactions
chatterbot Mike submitting transactions
chatterbot Alpha submitting transactions
chatterbot Foxtrot submitting transactions
chatterbot Uniform submitting transactions
chatterbot Victor submitting transactions
chatterbot Delta submitting transactions
chatterbot Charlie submitting transactions
chatterbot Quebec submitting transactions
ChatterBot Uniform round 7
ChatterBot Delta round 7
ChatterBot Quebec round 7
ChatterBot Mike round 7
ChatterBot Charlie round 7
ChatterBot Victor round 7
ChatterBot Whiskey round 7
2024-10-15 03:31:46.420386 Uniform: We should add Delta
ChatterBot Foxtrot reevaluating
2024-10-15 03:31:46.432072 Quebec: No
2024-10-15 03:31:46.432284 Mike: No
2024-10-15 03:31:46.432421 Foxtrot: No
2024-10-15 03:31:46.432557 Charlie: No
ChatterBot Uniform reevaluating
ChatterBot Foxtrot reevaluating
ChatterBot Uniform reevaluating
ChatterBot Foxtrot reevaluating
ChatterBot Uniform reevaluating
ChatterBot Charlie reevaluating
ChatterBot Uniform reevaluating
ChatterBot Foxtrot reevaluating
2024-10-15 03:31:46.484347 Charlie: We should replace Foxtrot with Quebec
ChatterBot Uniform reevaluating
2024-10-15 03:31:46.490223 Uniform: No
2024-10-15 03:31:46.490943 Mike: No
ChatterBot Charlie reevaluating
ChatterBot Charlie reevaluating
ChatterBot Uniform reevaluating
ChatterBot Foxtrot round 7
ChatterBot Alpha round 7
ChatterBot November round 7
2024-10-15 03:31:46.524176 Foxtrot: We should replace Quebec with Charlie
ChatterBot Uniform reevaluating
2024-10-15 03:31:46.529853 Uniform: No
2024-10-15 03:31:46.530013 Mike: No
ChatterBot Foxtrot reevaluating
ChatterBot Foxtrot reevaluating
ChatterBot Uniform reevaluating
2024-10-15 03:31:46.542631 Uniform: We should add Whiskey
ChatterBot Foxtrot reevaluating
ChatterBot Charlie reevaluating
2024-10-15 03:31:46.554917 Quebec: No
2024-10-15 03:31:46.555125 Mike: No
2024-10-15 03:31:46.555261 Foxtrot: No
2024-10-15 03:31:46.555389 Charlie: No
ChatterBot Uniform reevaluating
ChatterBot Foxtrot reevaluating
ChatterBot Charlie reevaluating
ChatterBot Uniform reevaluating
ChatterBot Foxtrot reevaluating
ChatterBot Charlie reevaluating
ChatterBot Uniform reevaluating
ChatterBot Charlie reevaluating
ChatterBot Uniform reevaluating
ChatterBot Foxtrot reevaluating
2024-10-15 03:31:46.617753 November: We should replace Charlie with Quebec
2024-10-15 03:31:46.628931 Delta: No
2024-10-15 03:31:46.629118 Victor: Yes
2024-10-15 03:31:46.629257 Whiskey: No
2024-10-15 03:31:46.629980 Alpha: No
ChatterBot Victor reevaluating
ChatterBot November reevaluating
ChatterBot November reevaluating
ChatterBot Victor reevaluating
ChatterBot November reevaluating
ChatterBot Victor reevaluating
ChatterBot November reevaluating
2024-10-15 03:31:46.695629 Charlie: Quebec we want you to join our group
2024-10-15 03:31:46.701055 Quebec: No
ChatterBot Charlie reevaluating
ChatterBot Uniform reevaluating
2024-10-15 03:31:46.716587 Charlie: We should replace Mike with Quebec
ChatterBot Uniform reevaluating
ChatterBot Foxtrot reevaluating
2024-10-15 03:31:46.727390 Uniform: No
2024-10-15 03:31:46.727588 Foxtrot: No
ChatterBot Charlie reevaluating
ChatterBot Foxtrot reevaluating
ChatterBot Charlie reevaluating
ChatterBot Uniform reevaluating
2024-10-15 03:31:46.749973 November: We should replace Charlie with Uniform
ChatterBot Victor reevaluating
2024-10-15 03:31:46.768507 Delta: No
2024-10-15 03:31:46.768764 Victor: Yes
2024-10-15 03:31:46.768957 Whiskey: No
2024-10-15 03:31:46.769124 Alpha: No
ChatterBot Victor reevaluating
ChatterBot November reevaluating
ChatterBot November reevaluating
ChatterBot Victor reevaluating
ChatterBot November reevaluating
ChatterBot Victor reevaluating
ChatterBot November reevaluating
2024-10-15 03:31:46.833877 Mike: Uniform, sending you 1
2024-10-15 03:31:46.834300 Quebec: Uniform and Mike, sending you 2
2024-10-15 03:31:46.837667 Whiskey: Delta, sending you 6
2024-10-15 03:31:46.838371 Mike: Quebec, Charlie and Foxtrot, sending you 2
2024-10-15 03:31:46.839703 Delta: Victor, Alpha and November, sending you 2
2024-10-15 03:31:46.840476 Quebec: Foxtrot, sending you 3
2024-10-15 03:31:46.841609 Alpha: Delta, Victor and November, sending you 2
2024-10-15 03:31:46.842144 Whiskey: Victor, sending you 3
chatterbot Whiskey submitting transactions
2024-10-15 03:31:46.845285 Delta: Whiskey, sending you 4
2024-10-15 03:31:46.845831 Whiskey: Alpha, sending you 4
2024-10-15 03:31:46.847037 Alpha: Whiskey, sending you 4
2024-10-15 03:31:46.848983 Whiskey: November, sending you 1
2024-10-15 03:31:46.849797 Uniform: Same as last round
2024-10-15 03:31:46.852993 Victor: Same as last round
2024-10-15 03:31:46.853780 Foxtrot: Sending you each 3
2024-10-15 03:31:46.856761 Charlie: Uniform and Mike, sending you 3
2024-10-15 03:31:46.858665 November: Delta, Charlie, Victor, Whiskey and Alpha, sending you 1
2024-10-15 03:31:46.859688 Charlie: Quebec, sending you 2
chatterbot Mike submitting transactions
chatterbot Delta submitting transactions
chatterbot Alpha submitting transactions
chatterbot November submitting transactions
chatterbot Quebec submitting transactions
chatterbot Foxtrot submitting transactions
chatterbot Victor submitting transactions
chatterbot Uniform submitting transactions
chatterbot Charlie submitting transactions
ChatterBot Uniform round 8
ChatterBot Delta round 8
ChatterBot Quebec round 8
ChatterBot Mike round 8
ChatterBot Charlie round 8
ChatterBot Victor round 8
ChatterBot Whiskey round 8
ChatterBot Foxtrot round 8
2024-10-15 03:31:47.920171 Charlie: We should replace Mike with Foxtrot
2024-10-15 03:31:47.929281 Uniform: No
2024-10-15 03:31:47.929510 Quebec: No
ChatterBot Charlie reevaluating
ChatterBot Charlie reevaluating
ChatterBot Alpha round 8
ChatterBot November round 8
2024-10-15 03:31:47.964750 Charlie: We should replace Quebec with Foxtrot
2024-10-15 03:31:47.970091 Uniform: No
2024-10-15 03:31:47.970953 Mike: No
ChatterBot Charlie reevaluating
ChatterBot Charlie reevaluating
ChatterBot Uniform reevaluating
2024-10-15 03:31:47.982429 Uniform: We should add November
ChatterBot Charlie reevaluating
2024-10-15 03:31:47.993081 Quebec: No
2024-10-15 03:31:47.993244 Mike: No
2024-10-15 03:31:47.993360 Foxtrot: No
2024-10-15 03:31:47.993479 Charlie: No
ChatterBot Uniform reevaluating
ChatterBot Charlie reevaluating
ChatterBot Uniform reevaluating
ChatterBot Charlie reevaluating
ChatterBot Uniform reevaluating
ChatterBot Charlie reevaluating
ChatterBot Uniform reevaluating
2024-10-15 03:31:48.068905 November: We should replace Charlie with Uniform
ChatterBot Victor reevaluating
2024-10-15 03:31:48.087782 Delta: No
2024-10-15 03:31:48.088067 Victor: No
2024-10-15 03:31:48.088310 Whiskey: No
2024-10-15 03:31:48.088951 Alpha: No
ChatterBot Victor reevaluating
ChatterBot November reevaluating
ChatterBot Victor reevaluating
ChatterBot November reevaluating
ChatterBot Victor reevaluating
ChatterBot November reevaluating
2024-10-15 03:31:48.162403 November: We should replace Charlie with Foxtrot
ChatterBot Victor reevaluating
2024-10-15 03:31:48.178987 Delta: No
2024-10-15 03:31:48.179238 Victor: No
2024-10-15 03:31:48.179495 Whiskey: No
2024-10-15 03:31:48.180206 Alpha: No
ChatterBot Victor reevaluating
ChatterBot November reevaluating
ChatterBot November reevaluating
ChatterBot Victor reevaluating
ChatterBot November reevaluating
ChatterBot Victor reevaluating
ChatterBot November reevaluating
2024-10-15 03:31:48.249438 Quebec: Uniform and Mike, sending you 2
2024-10-15 03:31:48.250925 Charlie: Foxtrot we want you to join our group
2024-10-15 03:31:48.255599 Foxtrot: No
ChatterBot Charlie reevaluating
ChatterBot Uniform reevaluating
2024-10-15 03:31:48.272010 Mike: Uniform, sending you 1
2024-10-15 03:31:48.273628 Quebec: Foxtrot, sending you 3
2024-10-15 03:31:48.275702 Whiskey: Delta, sending you 5
2024-10-15 03:31:48.277146 Foxtrot: Same as last round
2024-10-15 03:31:48.277673 Alpha: Delta, Victor and November, sending you 2
2024-10-15 03:31:48.279057 Mike: Quebec, Charlie and Foxtrot, sending you 2
2024-10-15 03:31:48.279710 Delta: Victor, Alpha and November, sending you 2
2024-10-15 03:31:48.281116 Whiskey: Victor, sending you 3
2024-10-15 03:31:48.283679 Alpha: Whiskey, sending you 4
2024-10-15 03:31:48.285082 Delta: Whiskey, sending you 4
2024-10-15 03:31:48.285751 Whiskey: Alpha, sending you 4
2024-10-15 03:31:48.287067 November: Delta, Whiskey and Alpha, sending you 1
2024-10-15 03:31:48.288927 Whiskey: November, sending you 2
2024-10-15 03:31:48.290711 November: Victor, sending you 2
2024-10-15 03:31:48.291337 Victor: Delta, Whiskey, Alpha and November, sending you 2
2024-10-15 03:31:48.291878 Uniform: Same as last round
2024-10-15 03:31:48.292917 Charlie: Uniform and Mike, sending you 3
2024-10-15 03:31:48.296229 Charlie: Quebec, sending you 2
chatterbot Mike submitting transactions
chatterbot Whiskey submitting transactions
chatterbot Quebec submitting transactions
chatterbot Victor submitting transactions
chatterbot November submitting transactions
chatterbot Uniform submitting transactions
chatterbot Foxtrot submitting transactions
chatterbot Delta submitting transactions
chatterbot Alpha submitting transactions
chatterbot Charlie submitting transactions
ChatterBot Uniform round 9
ChatterBot Delta round 9
ChatterBot Quebec round 9
ChatterBot Mike round 9
ChatterBot Charlie round 9
ChatterBot Victor round 9
ChatterBot Whiskey round 9
ChatterBot Foxtrot round 9
2024-10-15 03:31:49.466326 Uniform: We should add Victor
ChatterBot Foxtrot reevaluating
ChatterBot Charlie reevaluating
2024-10-15 03:31:49.479900 Quebec: No
2024-10-15 03:31:49.480119 Mike: No
2024-10-15 03:31:49.480947 Foxtrot: No
2024-10-15 03:31:49.481157 Charlie: No
ChatterBot Uniform reevaluating
ChatterBot Foxtrot reevaluating
ChatterBot Charlie reevaluating
ChatterBot Uniform reevaluating
ChatterBot Foxtrot reevaluating
ChatterBot Charlie reevaluating
ChatterBot Uniform reevaluating
ChatterBot Charlie reevaluating
ChatterBot Uniform reevaluating
ChatterBot Foxtrot reevaluating
ChatterBot Alpha round 9
ChatterBot November round 9
2024-10-15 03:31:49.557320 November: We should add Foxtrot
ChatterBot Victor reevaluating
2024-10-15 03:31:49.567060 Delta: No
2024-10-15 03:31:49.567586 Victor: No
2024-10-15 03:31:49.567720 Whiskey: No
2024-10-15 03:31:49.567848 Alpha: No
ChatterBot Victor reevaluating
ChatterBot November reevaluating
ChatterBot November reevaluating
ChatterBot Victor reevaluating
ChatterBot November reevaluating
ChatterBot Victor reevaluating
ChatterBot November reevaluating
2024-10-15 03:31:49.607351 November: We should add Quebec
ChatterBot Victor reevaluating
2024-10-15 03:31:49.617802 Delta: No
2024-10-15 03:31:49.617980 Victor: No
2024-10-15 03:31:49.618100 Whiskey: No
2024-10-15 03:31:49.618218 Alpha: No
ChatterBot Victor reevaluating
ChatterBot November reevaluating
ChatterBot November reevaluating
ChatterBot Victor reevaluating
ChatterBot November reevaluating
ChatterBot Victor reevaluating
ChatterBot November reevaluating
2024-10-15 03:31:49.662013 Delta: Victor, Alpha and November, sending you 2
2024-10-15 03:31:49.662443 Quebec: Uniform and Mike, sending you 2
2024-10-15 03:31:49.665874 Whiskey: Delta, sending you 5
2024-10-15 03:31:49.666551 Foxtrot: Same as last round
2024-10-15 03:31:49.666990 Alpha: Delta, Victor and November, sending you 2
2024-10-15 03:31:49.667525 Delta: Whiskey, sending you 4
2024-10-15 03:31:49.668561 Uniform: Same as last round
2024-10-15 03:31:49.669028 Charlie: Uniform and Mike, sending you 3
2024-10-15 03:31:49.669322 Mike: Uniform, sending you 1
2024-10-15 03:31:49.670174 Quebec: Foxtrot, sending you 3
2024-10-15 03:31:49.670991 Whiskey: Victor, sending you 3
2024-10-15 03:31:49.671672 Alpha: Whiskey, sending you 4
2024-10-15 03:31:49.672307 Charlie: Quebec, sending you 2
2024-10-15 03:31:49.673345 Mike: Quebec, Charlie and Foxtrot, sending you 2
2024-10-15 03:31:49.673964 Whiskey: Alpha, sending you 4
2024-10-15 03:31:49.678669 Whiskey: November, sending you 2
2024-10-15 03:31:49.680665 November: Delta, Charlie, Victor, Whiskey and Alpha, sending you 1
2024-10-15 03:31:49.688091 Victor: Same as last round
chatterbot Uniform submitting transactions
chatterbot Victor submitting transactions
chatterbot Whiskey submitting transactions
chatterbot Mike submitting transactions
chatterbot Foxtrot submitting transactions
chatterbot Alpha submitting transactions
chatterbot November submitting transactions
chatterbot Charlie submitting transactions
chatterbot Quebec submitting transactions
chatterbot Delta submitting transactions
ChatterBot Uniform round 10
ChatterBot Delta round 10
ChatterBot Quebec round 10
ChatterBot Mike round 10
ChatterBot Charlie round 10
ChatterBot Victor round 10
ChatterBot Whiskey round 10
ChatterBot Foxtrot round 10
ChatterBot Alpha round 10
ChatterBot November round 10
2024-10-15 03:31:50.793651 Charlie: We should replace Quebec with Foxtrot
2024-10-15 03:31:50.800710 Uniform: No
2024-10-15 03:31:50.800889 Mike: No
ChatterBot Charlie reevaluating
2024-10-15 03:31:50.831796 November: We should replace Charlie with Uniform
2024-10-15 03:31:50.845370 Delta: No
2024-10-15 03:31:50.845546 Victor: No
2024-10-15 03:31:50.845710 Whiskey: No
2024-10-15 03:31:50.845877 Alpha: No
ChatterBot Victor reevaluating
ChatterBot November reevaluating
ChatterBot November reevaluating
ChatterBot Victor reevaluating
ChatterBot November reevaluating
ChatterBot Victor reevaluating
ChatterBot November reevaluating
2024-10-15 03:31:50.918197 Foxtrot: We should replace Quebec with Charlie
2024-10-15 03:31:50.924736 Uniform: No
2024-10-15 03:31:50.924923 Mike: No
ChatterBot Foxtrot reevaluating
ChatterBot Foxtrot reevaluating
2024-10-15 03:31:50.945337 November: Uniform we want you to join our group
2024-10-15 03:31:50.950514 Uniform: No
ChatterBot November reevaluating
ChatterBot Victor reevaluating
2024-10-15 03:31:50.979241 Whiskey: Delta, sending you 5
2024-10-15 03:31:50.982705 Mike: Uniform, sending you 1
2024-10-15 03:31:50.984433 Whiskey: Victor, sending you 3
2024-10-15 03:31:50.985157 Uniform: Same as last round
2024-10-15 03:31:50.986566 Delta: Victor, Alpha and November, sending you 2
2024-10-15 03:31:50.987268 Alpha: Delta, Victor and November, sending you 2
2024-10-15 03:31:50.987922 Quebec: Uniform and Mike, sending you 2
2024-10-15 03:31:50.989339 Charlie: Uniform and Mike, sending you 3
2024-10-15 03:31:50.989776 Mike: Quebec, Charlie and Foxtrot, sending you 2
2024-10-15 03:31:50.990336 Whiskey: Alpha, sending you 4
2024-10-15 03:31:50.991722 Delta: Whiskey, sending you 4
2024-10-15 03:31:50.992396 Quebec: Foxtrot, sending you 3
2024-10-15 03:31:50.993894 Alpha: Whiskey, sending you 4
2024-10-15 03:31:50.994510 Charlie: Quebec, sending you 2
2024-10-15 03:31:50.996670 Whiskey: November, sending you 2
2024-10-15 03:31:51.002695 Victor: Same as last round
2024-10-15 03:31:51.003710 Foxtrot: Same as last round
2024-10-15 03:31:51.007130 November: Delta, Charlie, Victor, Whiskey and Alpha, sending you 1
chatterbot Charlie submitting transactions
chatterbot Delta submitting transactions
chatterbot Victor submitting transactions
chatterbot Whiskey submitting transactions
chatterbot Mike submitting transactions
chatterbot Uniform submitting transactions
chatterbot Quebec submitting transactions
chatterbot Alpha submitting transactions
chatterbot Foxtrot submitting transactions
chatterbot November submitting transactions
ChatterBot Uniform round 11
ChatterBot Delta round 11
ChatterBot Quebec round 11
ChatterBot Mike round 11
ChatterBot Charlie round 11
ChatterBot Victor round 11
ChatterBot Whiskey round 11
ChatterBot Foxtrot round 11
ChatterBot Alpha round 11
ChatterBot November round 11
2024-10-15 03:31:52.220323 Charlie: We should replace Quebec with Foxtrot
2024-10-15 03:31:52.231669 Uniform: No
2024-10-15 03:31:52.232074 Mike: No
ChatterBot Charlie reevaluating
2024-10-15 03:31:52.301754 November: We should replace Charlie with Uniform
ChatterBot Victor reevaluating
2024-10-15 03:31:52.323053 Delta: No
2024-10-15 03:31:52.323390 Victor: Yes
2024-10-15 03:31:52.324151 Whiskey: No
2024-10-15 03:31:52.324362 Alpha: No
ChatterBot Victor reevaluating
ChatterBot Victor reevaluating
ChatterBot November reevaluating
ChatterBot Victor reevaluating
ChatterBot November reevaluating
2024-10-15 03:31:52.461846 Mike: Uniform, sending you 1
2024-10-15 03:31:52.463153 Foxtrot: Same as last round
2024-10-15 03:31:52.464013 Whiskey: Delta, sending you 5
2024-10-15 03:31:52.465431 Delta: Victor, Alpha and November, sending you 2
2024-10-15 03:31:52.466863 Uniform: Same as last round
2024-10-15 03:31:52.467713 Quebec: Uniform and Mike, sending you 2
2024-10-15 03:31:52.469132 Charlie: Uniform and Mike, sending you 3
2024-10-15 03:31:52.469523 Alpha: Delta, Victor and November, sending you 2
2024-10-15 03:31:52.471267 November: Delta, Charlie, Victor, Whiskey and Alpha, sending you 1
2024-10-15 03:31:52.472791 Victor: Same as last round
2024-10-15 03:31:52.474193 Mike: Quebec, Charlie and Foxtrot, sending you 2
2024-10-15 03:31:52.474882 Whiskey: Victor, sending you 3
2024-10-15 03:31:52.476279 Delta: Whiskey, sending you 4
2024-10-15 03:31:52.477153 Quebec: Foxtrot, sending you 3
2024-10-15 03:31:52.478165 Charlie: Quebec, sending you 2
2024-10-15 03:31:52.478548 Alpha: Whiskey, sending you 4
2024-10-15 03:31:52.480670 Whiskey: Alpha, sending you 4
2024-10-15 03:31:52.484669 Whiskey: November, sending you 2
chatterbot Foxtrot submitting transactions
chatterbot Uniform submitting transactions
chatterbot Quebec submitting transactions
chatterbot November submitting transactions
chatterbot Mike submitting transactions
chatterbot Alpha submitting transactions
chatterbot Victor submitting transactions
chatterbot Whiskey submitting transactions
chatterbot Charlie submitting transactions
chatterbot Delta submitting transactions
ChatterBot Uniform round 12
ChatterBot Delta round 12
ChatterBot Quebec round 12
ChatterBot Mike round 12
ChatterBot Charlie round 12
ChatterBot Victor round 12
ChatterBot Whiskey round 12
ChatterBot Foxtrot round 12
ChatterBot Alpha round 12
ChatterBot November round 12
2024-10-15 03:31:53.556969 November: We should replace Charlie with Mike
2024-10-15 03:31:53.575563 Delta: No
2024-10-15 03:31:53.576606 Victor: No
2024-10-15 03:31:53.577025 Whiskey: No
2024-10-15 03:31:53.577495 Alpha: No
ChatterBot Victor reevaluating
ChatterBot November reevaluating
ChatterBot Victor reevaluating
ChatterBot November reevaluating
ChatterBot Victor reevaluating
ChatterBot November reevaluating
2024-10-15 03:31:53.689661 Charlie: We should replace Quebec with Foxtrot
2024-10-15 03:31:53.696361 Uniform: No
2024-10-15 03:31:53.697334 Mike: No
ChatterBot Charlie reevaluating
ChatterBot Charlie reevaluating
2024-10-15 03:31:53.727200 Foxtrot: We should replace Quebec with Charlie
ChatterBot Uniform reevaluating
2024-10-15 03:31:53.735362 Uniform: No
2024-10-15 03:31:53.736301 Mike: No
ChatterBot Uniform reevaluating
2024-10-15 03:31:53.752130 Uniform: We should add Alpha
ChatterBot Foxtrot reevaluating
ChatterBot Charlie reevaluating
2024-10-15 03:31:53.769180 Quebec: No
2024-10-15 03:31:53.769680 Mike: No
2024-10-15 03:31:53.770556 Foxtrot: No
