ChatterBot Zulu round 1
ChatterBot Tango round 1
ChatterBot Quebec round 1
ChatterBot Golf round 1
ChatterBot November round 1
ChatterBot Sierra round 1
ChatterBot Oscar round 1
ChatterBot Kilo round 1
ChatterBot Lima round 1
ChatterBot Romeo round 1
randomSelections Golf: {Golf, November, Lima, Oscar, Sierra, Tango, Zulu} 
2024-10-15 00:47:26.015560 Golf: Can we be friends?
ChatterBot November reevaluating
ChatterBot Lima reevaluating
ChatterBot Oscar reevaluating
ChatterBot Sierra reevaluating
ChatterBot Tango reevaluating
ChatterBot Zulu reevaluating
2024-10-15 00:47:26.029027 November: Yes
2024-10-15 00:47:26.029300 Lima: Yes
2024-10-15 00:47:26.029577 Oscar: Yes
2024-10-15 00:47:26.030197 Sierra: Yes
2024-10-15 00:47:26.030303 Tango: Yes
2024-10-15 00:47:26.030474 Zulu: Yes
ChatterBot Lima reevaluating
ChatterBot Oscar reevaluating
ChatterBot Sierra reevaluating
ChatterBot Tango reevaluating
ChatterBot Zulu reevaluating
ChatterBot November reevaluating
ChatterBot Oscar reevaluating
ChatterBot Sierra reevaluating
ChatterBot Tango reevaluating
ChatterBot Zulu reevaluating
ChatterBot November reevaluating
ChatterBot Lima reevaluating
ChatterBot Sierra reevaluating
ChatterBot Tango reevaluating
ChatterBot Zulu reevaluating
ChatterBot November reevaluating
ChatterBot Lima reevaluating
ChatterBot Oscar reevaluating
ChatterBot Tango reevaluating
ChatterBot Zulu reevaluating
ChatterBot November reevaluating
ChatterBot Lima reevaluating
ChatterBot Oscar reevaluating
ChatterBot Sierra reevaluating
ChatterBot Zulu reevaluating
ChatterBot November reevaluating
ChatterBot Lima reevaluating
ChatterBot Oscar reevaluating
ChatterBot Sierra reevaluating
ChatterBot Tango reevaluating
randomSelections Quebec: {Quebec, Lima, Tango, Zulu, Sierra, November, Romeo} 
2024-10-15 00:47:26.097536 Quebec: Group up?
ChatterBot Lima reevaluating
ChatterBot Tango reevaluating
ChatterBot Zulu reevaluating
ChatterBot Sierra reevaluating
ChatterBot November reevaluating
ChatterBot Romeo reevaluating
2024-10-15 00:47:26.108073 Lima: No
2024-10-15 00:47:26.108438 Tango: No
2024-10-15 00:47:26.108874 Zulu: No
2024-10-15 00:47:26.109087 Sierra: No
2024-10-15 00:47:26.109423 November: No
2024-10-15 00:47:26.110550 Romeo: Yes
ChatterBot Tango reevaluating
ChatterBot Zulu reevaluating
ChatterBot Sierra reevaluating
ChatterBot November reevaluating
ChatterBot Romeo reevaluating
ChatterBot Lima reevaluating
ChatterBot Zulu reevaluating
ChatterBot Sierra reevaluating
ChatterBot November reevaluating
ChatterBot Romeo reevaluating
ChatterBot Lima reevaluating
ChatterBot Tango reevaluating
ChatterBot Sierra reevaluating
ChatterBot November reevaluating
ChatterBot Romeo reevaluating
ChatterBot Lima reevaluating
ChatterBot Tango reevaluating
ChatterBot Zulu reevaluating
ChatterBot November reevaluating
ChatterBot Romeo reevaluating
ChatterBot Lima reevaluating
ChatterBot Tango reevaluating
ChatterBot Zulu reevaluating
ChatterBot Sierra reevaluating
ChatterBot Romeo reevaluating
ChatterBot Lima reevaluating
ChatterBot Tango reevaluating
ChatterBot Zulu reevaluating
ChatterBot Sierra reevaluating
ChatterBot November reevaluating
randomSelections Kilo: {Kilo, Oscar, Golf, Lima, Romeo, November, Zulu} 
2024-10-15 00:47:26.203308 Kilo: We should group up
ChatterBot Oscar reevaluating
ChatterBot Lima reevaluating
ChatterBot Romeo reevaluating
ChatterBot November reevaluating
ChatterBot Zulu reevaluating
2024-10-15 00:47:26.215528 Oscar: No
2024-10-15 00:47:26.215774 Golf: No
2024-10-15 00:47:26.215932 Lima: No
2024-10-15 00:47:26.216168 Romeo: No
2024-10-15 00:47:26.216355 November: No
2024-10-15 00:47:26.217179 Zulu: No
ChatterBot Lima reevaluating
ChatterBot Romeo reevaluating
ChatterBot November reevaluating
ChatterBot Zulu reevaluating
ChatterBot Oscar reevaluating
ChatterBot Lima reevaluating
ChatterBot Romeo reevaluating
ChatterBot November reevaluating
ChatterBot Zulu reevaluating
ChatterBot Oscar reevaluating
ChatterBot Romeo reevaluating
ChatterBot November reevaluating
ChatterBot Zulu reevaluating
ChatterBot Oscar reevaluating
ChatterBot Lima reevaluating
ChatterBot November reevaluating
ChatterBot Zulu reevaluating
ChatterBot Oscar reevaluating
ChatterBot Lima reevaluating
ChatterBot Romeo reevaluating
ChatterBot Zulu reevaluating
ChatterBot Oscar reevaluating
ChatterBot Lima reevaluating
ChatterBot Romeo reevaluating
ChatterBot November reevaluating
2024-10-15 00:47:26.290085 Tango: Zulu and Sierra, sending you 2
2024-10-15 00:47:26.290567 Golf: Zulu, sending you 1
2024-10-15 00:47:26.295332 Sierra: Zulu and Lima, sending you 2
2024-10-15 00:47:26.295895 Tango: Golf and November, sending you 3
2024-10-15 00:47:26.296970 Golf: Tango, Sierra and Oscar, sending you 2
2024-10-15 00:47:26.301792 November: Zulu, sending you 3
2024-10-15 00:47:26.302429 Kilo: Zulu and Golf, sending you 1
2024-10-15 00:47:26.303655 Sierra: Tango, Golf and November, sending you 1
2024-10-15 00:47:26.304146 Golf: November, sending you 3
2024-10-15 00:47:26.305053 Quebec: Tango and Sierra, sending you 1
2024-10-15 00:47:26.305566 Lima: Zulu and Golf, sending you 1
2024-10-15 00:47:26.306054 Tango: Oscar and Lima, sending you 4
2024-10-15 00:47:26.307227 Oscar: Zulu and Golf, sending you 3
2024-10-15 00:47:26.308724 November: Golf, sending you 2
2024-10-15 00:47:26.309443 Romeo: Tango, sending you 3
2024-10-15 00:47:26.310529 Kilo: November and Oscar, sending you 3
2024-10-15 00:47:26.312022 Golf: Lima, sending you 4
2024-10-15 00:47:26.312821 Quebec: November, sending you 2
2024-10-15 00:47:26.314319 Zulu: Tango, sending you 3
2024-10-15 00:47:26.316164 Lima: Tango, sending you 3
2024-10-15 00:47:26.317225 Oscar: November, sending you 1
2024-10-15 00:47:26.318841 November: Sierra and Oscar, sending you 1
2024-10-15 00:47:26.320441 Romeo: Quebec, sending you 1
2024-10-15 00:47:26.321870 Kilo: Lima and Romeo, sending you 2
2024-10-15 00:47:26.322726 Quebec: Romeo, sending you 3
2024-10-15 00:47:26.324488 Zulu: Golf, sending you 5
2024-10-15 00:47:26.325902 Lima: November and Sierra, sending you 2
2024-10-15 00:47:26.327523 Oscar: Lima, sending you 2
2024-10-15 00:47:26.329291 Romeo: November and Sierra, sending you 2
2024-10-15 00:47:26.331041 Zulu: Sierra, sending you 2
2024-10-15 00:47:26.337489 Zulu: Lima, sending you 1
chatterbot Tango submitting transactions
chatterbot Zulu submitting transactions
chatterbot Kilo submitting transactions
chatterbot Golf submitting transactions
chatterbot Lima submitting transactions
chatterbot November submitting transactions
chatterbot Quebec submitting transactions
chatterbot Romeo submitting transactions
chatterbot Sierra submitting transactions
chatterbot Oscar submitting transactions
ChatterBot Zulu round 2
ChatterBot Tango round 2
ChatterBot Quebec round 2
ChatterBot Golf round 2
ChatterBot November round 2
ChatterBot Sierra round 2
ChatterBot Oscar round 2
ChatterBot Kilo round 2
ChatterBot Lima round 2
ChatterBot Romeo round 2
2024-10-15 00:47:27.512051 Quebec: We should group up
ChatterBot Romeo reevaluating
2024-10-15 00:47:27.523682 Romeo: No
2024-10-15 00:47:27.523895 November: No
ChatterBot Quebec reevaluating
ChatterBot Romeo reevaluating
2024-10-15 00:47:27.551753 Sierra: We should group up
ChatterBot Quebec reevaluating
ChatterBot Romeo reevaluating
2024-10-15 00:47:27.560130 Quebec: Yes
2024-10-15 00:47:27.560313 Romeo: No
ChatterBot Romeo reevaluating
ChatterBot Quebec reevaluating
2024-10-15 00:47:27.591717 Kilo: Let's form a team
ChatterBot Quebec reevaluating
2024-10-15 00:47:27.595907 Quebec: No
ChatterBot Kilo reevaluating
2024-10-15 00:47:27.604347 Lima: We should add Kilo
2024-10-15 00:47:27.625484 Golf: No
2024-10-15 00:47:27.625657 November: No
2024-10-15 00:47:27.625801 Oscar: No
2024-10-15 00:47:27.625982 Sierra: No
2024-10-15 00:47:27.626143 Tango: No
2024-10-15 00:47:27.626805 Zulu: No
ChatterBot Oscar reevaluating
ChatterBot Lima reevaluating
ChatterBot Oscar reevaluating
ChatterBot Lima reevaluating
ChatterBot Lima reevaluating
ChatterBot Oscar reevaluating
ChatterBot Lima reevaluating
ChatterBot Oscar reevaluating
ChatterBot Lima reevaluating
ChatterBot Oscar reevaluating
2024-10-15 00:47:27.954493 Oscar: We should drop November
ChatterBot Lima reevaluating
2024-10-15 00:47:27.983679 Zulu: No
2024-10-15 00:47:27.983897 Tango: No
2024-10-15 00:47:27.984069 Golf: No
2024-10-15 00:47:27.984702 Sierra: Yes
2024-10-15 00:47:27.984857 Lima: No
ChatterBot Oscar reevaluating
ChatterBot Lima reevaluating
ChatterBot Oscar reevaluating
ChatterBot Lima reevaluating
ChatterBot Oscar reevaluating
ChatterBot Lima reevaluating
ChatterBot Oscar reevaluating
ChatterBot Golf reevaluating
ChatterBot Lima reevaluating
ChatterBot Oscar reevaluating
ChatterBot Golf reevaluating
chatterbot Tango submitting transactions
2024-10-15 00:47:28.143211 November: Tango and Golf, sending you 2
2024-10-15 00:47:28.143809 Sierra: Sending you each 3
2024-10-15 00:47:28.657767 Zulu: Tango, Sierra and Oscar, sending you 2
2024-10-15 00:47:28.658565 Romeo: Quebec, sending you 5
2024-10-15 00:47:28.659589 Quebec: Sierra, sending you 3
2024-10-15 00:47:28.661063 Oscar: We should drop Sierra
ChatterBot Golf reevaluating
ChatterBot Lima reevaluating
2024-10-15 00:47:28.683027 Zulu: No
2024-10-15 00:47:28.683375 Tango: No
2024-10-15 00:47:28.683573 Golf: No
2024-10-15 00:47:28.683777 November: No
2024-10-15 00:47:28.684498 Lima: No
ChatterBot Oscar reevaluating
ChatterBot Golf reevaluating
ChatterBot Lima reevaluating
ChatterBot Oscar reevaluating
ChatterBot Golf reevaluating
ChatterBot Lima reevaluating
ChatterBot Oscar reevaluating
ChatterBot Lima reevaluating
ChatterBot Oscar reevaluating
ChatterBot Golf reevaluating
ChatterBot Lima reevaluating
ChatterBot Oscar reevaluating
ChatterBot Golf reevaluating
2024-10-15 00:47:28.792619 Golf: We should add November
ChatterBot Oscar reevaluating
ChatterBot Lima reevaluating
2024-10-15 00:47:28.818887 Oscar: Yes
2024-10-15 00:47:28.819255 Zulu: Yes
2024-10-15 00:47:28.819427 Tango: Yes
2024-10-15 00:47:28.820359 Sierra: No
2024-10-15 00:47:28.820584 Lima: Yes
ChatterBot Golf reevaluating
ChatterBot Lima reevaluating
ChatterBot Oscar reevaluating
ChatterBot Golf reevaluating
ChatterBot Lima reevaluating
ChatterBot Oscar reevaluating
ChatterBot Golf reevaluating
ChatterBot Lima reevaluating
ChatterBot Oscar reevaluating
ChatterBot Golf reevaluating
ChatterBot Lima reevaluating
ChatterBot Oscar reevaluating
ChatterBot Golf reevaluating
2024-10-15 00:47:28.926366 Kilo: Quebec, sending you 7
2024-10-15 00:47:28.926750 Tango: Sending you each 3
2024-10-15 00:47:28.927151 November: Sierra, Oscar and Lima, sending you 1
chatterbot November submitting transactions
chatterbot Quebec submitting transactions
chatterbot Sierra submitting transactions
chatterbot Zulu submitting transactions
chatterbot Romeo submitting transactions
2024-10-15 00:47:28.928667 Zulu: Golf and Lima, sending you 1
2024-10-15 00:47:28.929537 Romeo: Kilo, sending you 3
2024-10-15 00:47:28.929752 Quebec: Romeo, sending you 4
2024-10-15 00:47:28.930265 Lima: Kilo we want you to join our group
ChatterBot Kilo reevaluating
2024-10-15 00:47:28.934781 Kilo: No
ChatterBot Golf reevaluating
ChatterBot Oscar reevaluating
2024-10-15 00:47:28.961868 Golf: We should replace Sierra with November
ChatterBot Oscar reevaluating
2024-10-15 00:47:28.976800 Zulu: No
2024-10-15 00:47:28.976994 Tango: No
2024-10-15 00:47:28.977114 Oscar: Yes
2024-10-15 00:47:28.977792 Lima: No
ChatterBot Golf reevaluating
ChatterBot Oscar reevaluating
ChatterBot Golf reevaluating
ChatterBot Oscar reevaluating
ChatterBot Lima reevaluating
ChatterBot Golf reevaluating
ChatterBot Lima reevaluating
ChatterBot Golf reevaluating
ChatterBot Oscar reevaluating
2024-10-15 00:47:29.043076 Zulu: November, sending you 3
chatterbot Kilo submitting transactions
2024-10-15 00:47:29.075175 Golf: November we want you to join our group
2024-10-15 00:47:29.081627 November: Yes
ChatterBot Oscar reevaluating
ChatterBot Golf reevaluating
ChatterBot Lima reevaluating
2024-10-15 00:47:29.113480 Kilo: Sorry, I'm actually sending you 0
2024-10-15 00:47:29.114424 Kilo: Sorry, I'm actually sending you 0
2024-10-15 00:47:29.129335 Kilo: Sending you 13
2024-10-15 00:47:29.152417 Lima: Zulu, November, Sierra and Oscar, sending you 1
2024-10-15 00:47:29.158563 Lima: Tango, sending you 3
2024-10-15 00:47:30.361249 Oscar: Zulu, Tango, Golf and November, sending you 2
2024-10-15 00:47:30.361777 Lima: Golf, sending you 2
2024-10-15 00:47:30.368165 Oscar: Lima, sending you 1
chatterbot Lima submitting transactions
chatterbot Kilo submitting transactions
chatterbot Oscar submitting transactions
chatterbot Golf submitting transactions
ChatterBot Zulu round 3
ChatterBot Tango round 3
ChatterBot Quebec round 3
ChatterBot Golf round 3
ChatterBot November round 3
ChatterBot Sierra round 3
ChatterBot Oscar round 3
2024-10-15 00:47:31.112881 Golf: We should replace Sierra with November
ChatterBot Zulu reevaluating
ChatterBot Tango reevaluating
ChatterBot Lima reevaluating
2024-10-15 00:47:31.127706 Zulu: Yes
2024-10-15 00:47:31.127878 Tango: Yes
2024-10-15 00:47:31.128023 Oscar: Yes
2024-10-15 00:47:31.128190 Lima: No
ChatterBot Golf reevaluating
ChatterBot Tango reevaluating
ChatterBot Lima reevaluating
ChatterBot Golf reevaluating
ChatterBot Zulu reevaluating
ChatterBot Lima reevaluating
ChatterBot Golf reevaluating
ChatterBot Zulu reevaluating
ChatterBot Tango reevaluating
ChatterBot Lima reevaluating
ChatterBot Golf reevaluating
ChatterBot Zulu reevaluating
ChatterBot Tango reevaluating
ChatterBot Kilo round 3
ChatterBot Lima round 3
2024-10-15 00:47:31.199875 Quebec: We should add Kilo
ChatterBot Sierra reevaluating
2024-10-15 00:47:31.208144 Sierra: Yes
2024-10-15 00:47:31.208354 Romeo: Yes
ChatterBot Quebec reevaluating
ChatterBot Sierra reevaluating
ChatterBot Quebec reevaluating
ChatterBot Romeo round 3
2024-10-15 00:47:31.241314 November: We should replace Sierra with Kilo
ChatterBot Zulu reevaluating
ChatterBot Tango reevaluating
ChatterBot Golf reevaluating
ChatterBot Lima reevaluating
2024-10-15 00:47:31.259454 Oscar: No
2024-10-15 00:47:31.259674 Zulu: No
2024-10-15 00:47:31.259836 Tango: No
2024-10-15 00:47:31.260039 Golf: No
2024-10-15 00:47:31.260750 Lima: Yes
ChatterBot Zulu reevaluating
ChatterBot Tango reevaluating
ChatterBot Golf reevaluating
ChatterBot November reevaluating
ChatterBot Lima reevaluating
ChatterBot Tango reevaluating
ChatterBot Golf reevaluating
ChatterBot November reevaluating
ChatterBot Lima reevaluating
ChatterBot Zulu reevaluating
ChatterBot Golf reevaluating
ChatterBot November reevaluating
ChatterBot Lima reevaluating
ChatterBot Zulu reevaluating
ChatterBot Tango reevaluating
ChatterBot November reevaluating
ChatterBot Lima reevaluating
ChatterBot Zulu reevaluating
ChatterBot Tango reevaluating
ChatterBot Golf reevaluating
ChatterBot November reevaluating
2024-10-15 00:47:31.374738 Kilo: Let's form a team
ChatterBot Quebec reevaluating
ChatterBot Sierra reevaluating
ChatterBot Romeo reevaluating
ChatterBot Golf reevaluating
2024-10-15 00:47:31.388926 Quebec: No
2024-10-15 00:47:31.389101 Sierra: No
2024-10-15 00:47:31.389204 Romeo: No
2024-10-15 00:47:31.389303 Golf: No
ChatterBot Kilo reevaluating
ChatterBot Sierra reevaluating
ChatterBot Romeo reevaluating
ChatterBot Golf reevaluating
ChatterBot Kilo reevaluating
ChatterBot Quebec reevaluating
ChatterBot Romeo reevaluating
ChatterBot Golf reevaluating
ChatterBot Kilo reevaluating
ChatterBot Quebec reevaluating
ChatterBot Sierra reevaluating
ChatterBot Golf reevaluating
ChatterBot Kilo reevaluating
ChatterBot Quebec reevaluating
ChatterBot Sierra reevaluating
ChatterBot Romeo reevaluating
2024-10-15 00:47:31.445980 Romeo: We should add Sierra
ChatterBot Quebec reevaluating
ChatterBot Kilo reevaluating
2024-10-15 00:47:31.452765 Quebec: Yes
2024-10-15 00:47:31.452875 Kilo: Yes
ChatterBot Romeo reevaluating
ChatterBot Kilo reevaluating
ChatterBot Romeo reevaluating
ChatterBot Quebec reevaluating
2024-10-15 00:47:31.475593 Zulu: We should drop Sierra
ChatterBot Golf reevaluating
ChatterBot November reevaluating
ChatterBot Lima reevaluating
2024-10-15 00:47:31.492335 Oscar: Yes
2024-10-15 00:47:31.492481 Tango: Yes
2024-10-15 00:47:31.492598 Golf: Yes
2024-10-15 00:47:31.492718 November: Yes
2024-10-15 00:47:31.492826 Lima: No
ChatterBot Golf reevaluating
ChatterBot November reevaluating
ChatterBot Lima reevaluating
ChatterBot Golf reevaluating
ChatterBot November reevaluating
ChatterBot Lima reevaluating
ChatterBot November reevaluating
ChatterBot Lima reevaluating
ChatterBot Golf reevaluating
ChatterBot Lima reevaluating
ChatterBot Golf reevaluating
ChatterBot November reevaluating
2024-10-15 00:47:31.601293 Quebec: Kilo we want you to join our group
ChatterBot Kilo reevaluating
2024-10-15 00:47:31.607618 Kilo: Yes
ChatterBot Quebec reevaluating
ChatterBot Sierra reevaluating
2024-10-15 00:47:31.627718 Romeo: Sierra we want you to join our group
2024-10-15 00:47:31.633064 Sierra: Yes
ChatterBot Quebec reevaluating
ChatterBot Kilo reevaluating
2024-10-15 00:47:31.650312 Golf: November we want you to join our group
ChatterBot November reevaluating
2024-10-15 00:47:31.657332 November: Yes
ChatterBot Lima reevaluating
2024-10-15 00:47:31.684028 Sierra: Kilo we want you to join our group
ChatterBot Kilo reevaluating
2024-10-15 00:47:31.690790 Kilo: Yes
ChatterBot Quebec reevaluating
2024-10-15 00:47:31.738389 Oscar: Zulu, Tango, Golf and November, sending you 2
2024-10-15 00:47:31.744174 Lima: Kilo we want you to join our group
ChatterBot Kilo reevaluating
2024-10-15 00:47:31.779804 Kilo: No
2024-10-15 00:47:31.861173 Oscar: Lima, sending you 1
2024-10-15 00:47:31.863021 Zulu: Tango and Oscar, sending you 3
chatterbot Oscar submitting transactions
2024-10-15 00:47:32.020162 Zulu: Golf and November, sending you 2
2024-10-15 00:47:32.021647 Tango: Zulu, Golf and Lima, sending you 4
2024-10-15 00:47:32.022470 Romeo: Quebec, sending you 5
2024-10-15 00:47:32.079648 Sierra: Quebec and Romeo, sending you 3
2024-10-15 00:47:32.080386 Tango: November and Oscar, sending you 3
2024-10-15 00:47:32.081978 Zulu: Lima, sending you 1
2024-10-15 00:47:32.083629 Romeo: Sierra, sending you 2
2024-10-15 00:47:32.084943 Lima: Zulu, November, Oscar and Kilo, sending you 1
chatterbot Lima submitting transactions
2024-10-15 00:47:32.086971 Sierra: Kilo, sending you 2
2024-10-15 00:47:32.087823 Romeo: Kilo, sending you 1
2024-10-15 00:47:32.157144 Lima: Tango, sending you 3
2024-10-15 00:47:32.159007 November: Zulu, Oscar and Lima, sending you 1
2024-10-15 00:47:32.161253 Kilo: Quebec and Sierra, sending you 1
2024-10-15 00:47:32.163227 Quebec: Sierra and Kilo, sending you 2
2024-10-15 00:47:32.164748 Lima: Golf, sending you 2
2024-10-15 00:47:32.166736 November: Tango and Golf, sending you 2
2024-10-15 00:47:32.168480 Kilo: Romeo, sending you 15
2024-10-15 00:47:32.170108 Quebec: Romeo, sending you 3
chatterbot Golf submitting transactions
chatterbot Zulu submitting transactions
chatterbot Tango submitting transactions
chatterbot Kilo submitting transactions
chatterbot Quebec submitting transactions
chatterbot Romeo submitting transactions
chatterbot November submitting transactions
chatterbot Sierra submitting transactions
ChatterBot Zulu round 4
ChatterBot Tango round 4
ChatterBot Quebec round 4
ChatterBot Golf round 4
ChatterBot November round 4
ChatterBot Sierra round 4
ChatterBot Oscar round 4
ChatterBot Kilo round 4
2024-10-15 00:47:32.966977 Golf: We should replace Sierra with November
2024-10-15 00:47:33.053806 Zulu: Yes
2024-10-15 00:47:33.054106 Tango: Yes
2024-10-15 00:47:33.054307 Oscar: Yes
2024-10-15 00:47:33.054496 Lima: Yes
ChatterBot Lima reevaluating
ChatterBot Lima reevaluating
ChatterBot Lima reevaluating
ChatterBot Lima round 4
ChatterBot Romeo round 4
2024-10-15 00:47:33.205196 Kilo: We should replace Zulu with Lima
ChatterBot Quebec reevaluating
2024-10-15 00:47:33.221618 Quebec: Yes
2024-10-15 00:47:33.222466 Sierra: No
2024-10-15 00:47:33.222778 Romeo: No
ChatterBot Quebec reevaluating
ChatterBot Quebec reevaluating
2024-10-15 00:47:33.271710 Golf: November we want you to join our group
2024-10-15 00:47:33.277494 November: Yes
ChatterBot Lima reevaluating
2024-10-15 00:47:33.317432 Kilo: Lima we want you to join our group
ChatterBot Lima reevaluating
2024-10-15 00:47:33.324977 Lima: No
ChatterBot Kilo reevaluating
ChatterBot Quebec reevaluating
2024-10-15 00:47:33.349679 Kilo: We should replace Zulu with Oscar
ChatterBot Quebec reevaluating
2024-10-15 00:47:33.365936 Quebec: No
2024-10-15 00:47:33.366853 Sierra: No
2024-10-15 00:47:33.367250 Romeo: No
ChatterBot Kilo reevaluating
ChatterBot Quebec reevaluating
ChatterBot Kilo reevaluating
ChatterBot Quebec reevaluating
ChatterBot Kilo reevaluating
2024-10-15 00:47:33.419469 Tango: Zulu, Golf, November and Lima, sending you 4
2024-10-15 00:47:33.443985 Sierra: Quebec and Romeo, sending you 3
2024-10-15 00:47:33.445706 Tango: Oscar, sending you 2
2024-10-15 00:47:33.447229 November: Zulu, Oscar and Lima, sending you 1
2024-10-15 00:47:33.448385 Zulu: Tango, sending you 3
2024-10-15 00:47:33.450295 Oscar: Zulu, Tango, Golf and November, sending you 2
2024-10-15 00:47:33.451591 Sierra: Kilo, sending you 2
2024-10-15 00:47:33.452076 November: Tango and Golf, sending you 2
2024-10-15 00:47:33.453669 Romeo: Quebec and Sierra, sending you 2
2024-10-15 00:47:33.461797 Zulu: Golf, November, Oscar and Lima, sending you 2
2024-10-15 00:47:33.462752 Oscar: Lima, sending you 1
2024-10-15 00:47:33.464173 Lima: Zulu, November, Oscar and Kilo, sending you 1
2024-10-15 00:47:33.464709 Romeo: Kilo, sending you 4
2024-10-15 00:47:33.474624 Lima: Tango, sending you 3
2024-10-15 00:47:33.482188 Quebec: Sierra, Kilo and Romeo, sending you 2
2024-10-15 00:47:33.483097 Lima: Golf, sending you 2
2024-10-15 00:47:33.484282 Kilo: Quebec, sending you 4
chatterbot November submitting transactions
2024-10-15 00:47:33.486067 Quebec: Lima, sending you 1
2024-10-15 00:47:33.495395 Kilo: Sierra, sending you 5
2024-10-15 00:47:33.502514 Kilo: Lima, sending you 3
2024-10-15 00:47:33.506814 Kilo: Romeo, sending you 6
chatterbot Sierra submitting transactions
chatterbot Oscar submitting transactions
chatterbot Tango submitting transactions
chatterbot Kilo submitting transactions
chatterbot Zulu submitting transactions
chatterbot Golf submitting transactions
chatterbot Quebec submitting transactions
chatterbot Lima submitting transactions
chatterbot Romeo submitting transactions
ChatterBot Zulu round 5
ChatterBot Tango round 5
ChatterBot Quebec round 5
ChatterBot Golf round 5
ChatterBot November round 5
ChatterBot Sierra round 5
ChatterBot Oscar round 5
ChatterBot Kilo round 5
2024-10-15 00:47:34.459222 Golf: We should replace Sierra with November
2024-10-15 00:47:34.471441 Zulu: Yes
2024-10-15 00:47:34.471609 Tango: Yes
2024-10-15 00:47:34.471786 Oscar: Yes
2024-10-15 00:47:34.471915 Lima: Yes
ChatterBot Lima round 5
ChatterBot Romeo round 5
2024-10-15 00:47:34.653687 Golf: November we want you to join our group
2024-10-15 00:47:34.660257 November: Yes
2024-10-15 00:47:34.684080 Lima: We should replace Kilo with Quebec
2024-10-15 00:47:34.699271 Oscar: No
2024-10-15 00:47:34.699493 Zulu: No
2024-10-15 00:47:34.699676 Tango: No
2024-10-15 00:47:34.699864 Golf: No
2024-10-15 00:47:34.700568 November: No
ChatterBot Lima reevaluating
ChatterBot Lima reevaluating
ChatterBot Lima reevaluating
ChatterBot Lima reevaluating
ChatterBot Lima reevaluating
2024-10-15 00:47:34.777316 Quebec: We should drop Lima
2024-10-15 00:47:34.785903 Sierra: Yes
2024-10-15 00:47:34.786274 Kilo: No
2024-10-15 00:47:34.786555 Romeo: Yes
ChatterBot Kilo reevaluating
ChatterBot Kilo reevaluating
2024-10-15 00:47:34.850819 Sierra: Quebec and Romeo, sending you 3
2024-10-15 00:47:34.851356 November: Zulu, Oscar and Lima, sending you 1
2024-10-15 00:47:34.852750 Tango: Zulu, Golf, November and Lima, sending you 4
2024-10-15 00:47:34.853403 Zulu: Tango and Golf, sending you 3
2024-10-15 00:47:34.872225 Sierra: Kilo, sending you 2
2024-10-15 00:47:34.873003 November: Tango and Golf, sending you 2
2024-10-15 00:47:34.874529 Tango: Oscar, sending you 2
2024-10-15 00:47:34.875164 Romeo: Quebec and Sierra, sending you 2
2024-10-15 00:47:34.876601 Zulu: November and Oscar, sending you 2
2024-10-15 00:47:34.877396 Quebec: Sierra and Kilo, sending you 2
2024-10-15 00:47:34.878748 Oscar: Zulu, Tango, Golf and November, sending you 2
2024-10-15 00:47:34.899950 Romeo: Kilo, sending you 4
2024-10-15 00:47:34.900574 Zulu: Lima, sending you 1
2024-10-15 00:47:34.901645 Quebec: Romeo, sending you 3
2024-10-15 00:47:34.902082 Kilo: Quebec, sending you 4
2024-10-15 00:47:34.902510 Oscar: Lima, sending you 1
2024-10-15 00:47:34.909121 Lima: Zulu, November, Oscar and Kilo, sending you 1
2024-10-15 00:47:34.918917 Kilo: Sierra, sending you 5
2024-10-15 00:47:34.927274 Lima: Tango, sending you 3
2024-10-15 00:47:34.928871 Kilo: Lima, sending you 2
2024-10-15 00:47:34.935935 Kilo: Romeo, sending you 8
2024-10-15 00:47:34.937173 Lima: Golf, sending you 2
chatterbot Quebec submitting transactions
chatterbot Zulu submitting transactions
chatterbot Golf submitting transactions
chatterbot Romeo submitting transactions
chatterbot Tango submitting transactions
chatterbot Oscar submitting transactions
chatterbot Sierra submitting transactions
chatterbot Kilo submitting transactions
chatterbot November submitting transactions
chatterbot Lima submitting transactions
ChatterBot Zulu round 6
ChatterBot Tango round 6
ChatterBot Quebec round 6
ChatterBot Golf round 6
ChatterBot November round 6
ChatterBot Sierra round 6
ChatterBot Oscar round 6
ChatterBot Kilo round 6
ChatterBot Lima round 6
ChatterBot Romeo round 6
2024-10-15 00:47:35.823856 Golf: We should replace Sierra with November
2024-10-15 00:47:35.831531 Zulu: Yes
2024-10-15 00:47:35.831737 Tango: Yes
2024-10-15 00:47:35.831858 Oscar: Yes
2024-10-15 00:47:35.831967 Lima: Yes
2024-10-15 00:47:35.871376 Lima: We should replace Kilo with Quebec
2024-10-15 00:47:35.881061 Oscar: No
2024-10-15 00:47:35.881186 Zulu: No
2024-10-15 00:47:35.881275 Tango: No
2024-10-15 00:47:35.881375 Golf: No
2024-10-15 00:47:35.881486 November: No
ChatterBot Lima reevaluating
ChatterBot Lima reevaluating
ChatterBot Lima reevaluating
ChatterBot Lima reevaluating
ChatterBot Lima reevaluating
2024-10-15 00:47:35.933569 Golf: November we want you to join our group
2024-10-15 00:47:35.936084 November: Yes
ChatterBot Lima reevaluating
2024-10-15 00:47:35.963682 November: Zulu, Oscar and Lima, sending you 1
2024-10-15 00:47:35.964714 Tango: Zulu, Golf, November and Lima, sending you 4
2024-10-15 00:47:35.965742 Quebec: Sierra, sending you 3
2024-10-15 00:47:35.966318 Sierra: Quebec and Romeo, sending you 3
2024-10-15 00:47:35.971411 November: Tango and Golf, sending you 2
2024-10-15 00:47:35.972176 Quebec: Kilo and Romeo, sending you 2
2024-10-15 00:47:35.972721 Tango: Oscar, sending you 2
2024-10-15 00:47:35.974516 Oscar: Zulu, Tango, Golf and November, sending you 2
2024-10-15 00:47:35.975709 Sierra: Kilo, sending you 2
2024-10-15 00:47:35.976321 Romeo: Quebec and Sierra, sending you 2
2024-10-15 00:47:35.976813 Zulu: Tango and Golf, sending you 3
2024-10-15 00:47:35.979077 Kilo: Quebec, sending you 4
2024-10-15 00:47:35.983567 Oscar: Lima, sending you 1
2024-10-15 00:47:35.984454 Romeo: Kilo, sending you 4
2024-10-15 00:47:35.986186 Zulu: November and Oscar, sending you 2
2024-10-15 00:47:35.987070 Kilo: Sierra, sending you 5
2024-10-15 00:47:35.989686 Kilo: Lima, sending you 2
2024-10-15 00:47:35.990725 Zulu: Lima, sending you 1
2024-10-15 00:47:35.991939 Lima: Zulu, November, Oscar and Kilo, sending you 1
2024-10-15 00:47:35.997121 Kilo: Romeo, sending you 8
2024-10-15 00:47:35.999671 Lima: Tango, sending you 3
2024-10-15 00:47:36.002677 Lima: Golf, sending you 2
chatterbot Tango submitting transactions
chatterbot Oscar submitting transactions
chatterbot Sierra submitting transactions
chatterbot Lima submitting transactions
chatterbot Zulu submitting transactions
chatterbot November submitting transactions
chatterbot Golf submitting transactions
chatterbot Quebec submitting transactions
chatterbot Kilo submitting transactions
chatterbot Romeo submitting transactions
ChatterBot Zulu round 7
ChatterBot Tango round 7
ChatterBot Quebec round 7
ChatterBot Golf round 7
ChatterBot November round 7
ChatterBot Sierra round 7
ChatterBot Oscar round 7
ChatterBot Kilo round 7
ChatterBot Lima round 7
ChatterBot Romeo round 7
2024-10-15 00:47:37.033821 Golf: We should replace Sierra with November
2024-10-15 00:47:37.043965 Zulu: Yes
2024-10-15 00:47:37.044156 Tango: Yes
2024-10-15 00:47:37.044290 Oscar: Yes
2024-10-15 00:47:37.044438 Lima: Yes
2024-10-15 00:47:37.087288 Golf: November we want you to join our group
2024-10-15 00:47:37.089331 November: Yes
ChatterBot Lima reevaluating
2024-10-15 00:47:37.099175 Zulu: Tango and Golf, sending you 3
2024-10-15 00:47:37.103650 Zulu: November and Oscar, sending you 2
2024-10-15 00:47:37.104173 Quebec: Sierra, sending you 3
2024-10-15 00:47:37.104539 November: Zulu, Oscar and Lima, sending you 1
2024-10-15 00:47:37.107825 Lima: We should drop Kilo
2024-10-15 00:47:37.119848 Oscar: Yes
2024-10-15 00:47:37.120047 Zulu: Yes
2024-10-15 00:47:37.120185 Tango: Yes
2024-10-15 00:47:37.120310 Golf: Yes
2024-10-15 00:47:37.120432 November: Yes
ChatterBot Lima reevaluating
ChatterBot Lima reevaluating
ChatterBot Lima reevaluating
ChatterBot Lima reevaluating
ChatterBot Lima reevaluating
2024-10-15 00:47:37.171968 Tango: Zulu, Golf, November and Lima, sending you 4
2024-10-15 00:47:37.172673 Zulu: Lima, sending you 1
2024-10-15 00:47:37.173115 Quebec: Kilo and Romeo, sending you 2
2024-10-15 00:47:37.173473 November: Tango and Golf, sending you 2
2024-10-15 00:47:37.173899 Sierra: Quebec and Romeo, sending you 3
2024-10-15 00:47:37.174193 Oscar: Zulu, Tango, Golf and November, sending you 2
2024-10-15 00:47:37.176676 Tango: Oscar, sending you 2
2024-10-15 00:47:37.177288 Sierra: Kilo, sending you 2
2024-10-15 00:47:37.177681 Romeo: Quebec and Sierra, sending you 2
2024-10-15 00:47:37.178011 Kilo: Quebec, sending you 4
2024-10-15 00:47:37.178330 Oscar: Lima, sending you 1
2024-10-15 00:47:37.180662 Kilo: Sierra, sending you 5
2024-10-15 00:47:37.181677 Romeo: Kilo, sending you 4
2024-10-15 00:47:37.183660 Kilo: Lima, sending you 2
2024-10-15 00:47:37.186664 Kilo: Romeo, sending you 8
2024-10-15 00:47:37.196692 Lima: Zulu, November, Oscar and Kilo, sending you 1
2024-10-15 00:47:37.199670 Lima: Tango, sending you 3
2024-10-15 00:47:37.204861 Lima: Golf, sending you 2
chatterbot Quebec submitting transactions
chatterbot Tango submitting transactions
chatterbot Golf submitting transactions
chatterbot Romeo submitting transactions
chatterbot Sierra submitting transactions
chatterbot Lima submitting transactions
chatterbot Zulu submitting transactions
chatterbot Oscar submitting transactions
chatterbot November submitting transactions
chatterbot Kilo submitting transactions
ChatterBot Zulu round 8
ChatterBot Tango round 8
ChatterBot Quebec round 8
ChatterBot Golf round 8
ChatterBot November round 8
ChatterBot Sierra round 8
ChatterBot Oscar round 8
2024-10-15 00:47:38.310969 Golf: We should replace Sierra with November
2024-10-15 00:47:38.324222 Zulu: Yes
2024-10-15 00:47:38.324412 Tango: Yes
2024-10-15 00:47:38.324567 Oscar: Yes
2024-10-15 00:47:38.324772 Lima: Yes
ChatterBot Lima reevaluating
ChatterBot Lima reevaluating
ChatterBot Kilo round 8
ChatterBot Lima round 8
ChatterBot Romeo round 8
2024-10-15 00:47:38.384953 Golf: November we want you to join our group
2024-10-15 00:47:38.388289 November: Yes
ChatterBot Lima reevaluating
2024-10-15 00:47:38.401949 Lima: We should replace Kilo with Sierra
2024-10-15 00:47:38.414688 Oscar: No
2024-10-15 00:47:38.414901 Zulu: No
2024-10-15 00:47:38.415033 Tango: No
2024-10-15 00:47:38.415540 Golf: No
2024-10-15 00:47:38.415653 November: No
ChatterBot Lima reevaluating
ChatterBot Lima reevaluating
ChatterBot Lima reevaluating
ChatterBot Lima reevaluating
ChatterBot Lima reevaluating
2024-10-15 00:47:38.499887 Kilo: We should replace Lima with Oscar
2024-10-15 00:47:38.507685 Quebec: No
2024-10-15 00:47:38.507902 Sierra: No
2024-10-15 00:47:38.508022 Romeo: No
ChatterBot Kilo reevaluating
ChatterBot Kilo reevaluating
ChatterBot Kilo reevaluating
2024-10-15 00:47:38.534641 Kilo: We should replace Lima with Tango
2024-10-15 00:47:38.541807 Quebec: No
2024-10-15 00:47:38.541945 Sierra: No
2024-10-15 00:47:38.542061 Romeo: No
ChatterBot Kilo reevaluating
ChatterBot Kilo reevaluating
ChatterBot Kilo reevaluating
2024-10-15 00:47:38.564683 Zulu: Tango and Golf, sending you 3
2024-10-15 00:47:38.565452 Kilo: We should replace Lima with Zulu
2024-10-15 00:47:38.572835 Quebec: No
2024-10-15 00:47:38.573007 Sierra: No
2024-10-15 00:47:38.573111 Romeo: No
ChatterBot Kilo reevaluating
ChatterBot Kilo reevaluating
ChatterBot Kilo reevaluating
2024-10-15 00:47:38.596577 Zulu: November and Oscar, sending you 2
2024-10-15 00:47:38.597186 Quebec: Sierra, sending you 3
2024-10-15 00:47:38.598750 Oscar: Zulu, Tango, Golf and November, sending you 2
2024-10-15 00:47:38.599708 Tango: Zulu, Golf, November and Lima, sending you 4
2024-10-15 00:47:38.600557 Zulu: Lima, sending you 1
2024-10-15 00:47:38.602074 November: Zulu, Oscar and Lima, sending you 1
2024-10-15 00:47:38.603086 Sierra: Quebec and Romeo, sending you 3
2024-10-15 00:47:38.603660 Quebec: Kilo and Romeo, sending you 2
2024-10-15 00:47:38.604308 Lima: Zulu, November, Oscar and Kilo, sending you 1
2024-10-15 00:47:38.604911 Oscar: Lima, sending you 1
2024-10-15 00:47:38.606337 Tango: Oscar, sending you 2
2024-10-15 00:47:38.607082 Kilo: Zulu we want you to join our group
2024-10-15 00:47:38.611457 Zulu: No
ChatterBot Kilo reevaluating
2024-10-15 00:47:38.623718 November: Tango and Golf, sending you 2
2024-10-15 00:47:38.624555 Sierra: Kilo, sending you 2
2024-10-15 00:47:38.625169 Lima: Tango, sending you 3
chatterbot Zulu submitting transactions
2024-10-15 00:47:38.627705 Lima: Golf, sending you 2
2024-10-15 00:47:38.628794 Romeo: Quebec and Sierra, sending you 2
2024-10-15 00:47:38.633866 Romeo: Kilo, sending you 4
2024-10-15 00:47:38.652685 Kilo: Zulu, sending you 1
2024-10-15 00:47:38.658791 Kilo: Quebec, sending you 4
2024-10-15 00:47:38.661812 Kilo: Sierra, sending you 5
2024-10-15 00:47:38.664665 Kilo: Romeo, sending you 9
chatterbot Tango submitting transactions
chatterbot Romeo submitting transactions
chatterbot Golf submitting transactions
chatterbot November submitting transactions
chatterbot Oscar submitting transactions
chatterbot Lima submitting transactions
chatterbot Quebec submitting transactions
chatterbot Sierra submitting transactions
chatterbot Kilo submitting transactions
ChatterBot Zulu round 9
ChatterBot Tango round 9
ChatterBot Quebec round 9
ChatterBot Golf round 9
ChatterBot November round 9
ChatterBot Sierra round 9
ChatterBot Oscar round 9
ChatterBot Kilo round 9
2024-10-15 00:47:39.880034 Golf: We should replace Sierra with November
2024-10-15 00:47:39.893403 Zulu: Yes
2024-10-15 00:47:39.893625 Tango: Yes
2024-10-15 00:47:39.893780 Oscar: Yes
2024-10-15 00:47:39.894558 Lima: Yes
ChatterBot Lima reevaluating
ChatterBot Lima reevaluating
ChatterBot Lima reevaluating
ChatterBot Lima round 9
ChatterBot Romeo round 9
2024-10-15 00:47:39.991677 Kilo: We should replace Zulu with Oscar
ChatterBot Quebec reevaluating
2024-10-15 00:47:40.004214 Quebec: Yes
2024-10-15 00:47:40.004408 Sierra: No
2024-10-15 00:47:40.004537 Romeo: No
ChatterBot Kilo reevaluating
ChatterBot Quebec reevaluating
ChatterBot Kilo reevaluating
ChatterBot Quebec reevaluating
ChatterBot Kilo reevaluating
2024-10-15 00:47:40.052915 Golf: November we want you to join our group
2024-10-15 00:47:40.058686 November: Yes
ChatterBot Lima reevaluating
2024-10-15 00:47:40.094787 Kilo: We should replace Zulu with Lima
ChatterBot Quebec reevaluating
2024-10-15 00:47:40.108183 Quebec: No
2024-10-15 00:47:40.108407 Sierra: No
2024-10-15 00:47:40.108611 Romeo: No
ChatterBot Kilo reevaluating
ChatterBot Quebec reevaluating
ChatterBot Kilo reevaluating
ChatterBot Quebec reevaluating
ChatterBot Kilo reevaluating
2024-10-15 00:47:40.170027 Tango: Zulu, Golf, November and Lima, sending you 4
2024-10-15 00:47:40.171319 November: Zulu, Oscar and Lima, sending you 1
2024-10-15 00:47:40.172832 Oscar: Zulu, Tango, Golf and November, sending you 2
2024-10-15 00:47:40.173708 Zulu: Tango and Golf, sending you 3
2024-10-15 00:47:40.174348 Sierra: Quebec and Romeo, sending you 3
2024-10-15 00:47:40.175962 Tango: Oscar, sending you 2
2024-10-15 00:47:40.176904 November: Tango and Golf, sending you 2
2024-10-15 00:47:40.177492 Zulu: November and Oscar, sending you 2
2024-10-15 00:47:40.179200 Oscar: Lima, sending you 1
2024-10-15 00:47:40.180729 Sierra: Kilo, sending you 2
2024-10-15 00:47:40.182588 Quebec: Sierra, sending you 3
2024-10-15 00:47:40.183767 Zulu: Lima, sending you 1
2024-10-15 00:47:40.188142 Quebec: Kilo and Romeo, sending you 2
2024-10-15 00:47:40.191093 Lima: Zulu, November, Oscar and Kilo, sending you 1
2024-10-15 00:47:40.192133 Romeo: Quebec and Sierra, sending you 2
2024-10-15 00:47:40.194704 Kilo: Zulu, sending you 1
2024-10-15 00:47:40.195706 Lima: Tango, sending you 3
2024-10-15 00:47:40.198527 Romeo: Kilo, sending you 4
2024-10-15 00:47:40.200338 Kilo: Quebec, sending you 4
2024-10-15 00:47:40.201725 Lima: Golf, sending you 2
2024-10-15 00:47:40.204720 Kilo: Sierra, sending you 5
2024-10-15 00:47:40.209723 Kilo: Romeo, sending you 9
chatterbot Zulu submitting transactions
chatterbot Lima submitting transactions
chatterbot Kilo submitting transactions
chatterbot Tango submitting transactions
chatterbot November submitting transactions
chatterbot Sierra submitting transactions
chatterbot Romeo submitting transactions
chatterbot Golf submitting transactions
chatterbot Oscar submitting transactions
chatterbot Quebec submitting transactions
ChatterBot Zulu round 10
ChatterBot Tango round 10
ChatterBot Quebec round 10
ChatterBot Golf round 10
ChatterBot November round 10
ChatterBot Sierra round 10
ChatterBot Oscar round 10
ChatterBot Kilo round 10
ChatterBot Lima round 10
ChatterBot Romeo round 10
2024-10-15 00:47:41.246492 Golf: We should replace Sierra with November
2024-10-15 00:47:41.259851 Zulu: Yes
2024-10-15 00:47:41.260076 Tango: Yes
2024-10-15 00:47:41.260259 Oscar: Yes
2024-10-15 00:47:41.260434 Lima: Yes
ChatterBot Lima reevaluating
ChatterBot Lima reevaluating
ChatterBot Lima reevaluating
2024-10-15 00:47:41.308922 Kilo: We should replace Zulu with Lima
2024-10-15 00:47:41.315993 Quebec: No
2024-10-15 00:47:41.316162 Sierra: No
2024-10-15 00:47:41.316275 Romeo: No
2024-10-15 00:47:41.341347 Golf: November we want you to join our group
2024-10-15 00:47:41.344064 November: Yes
ChatterBot Lima reevaluating
2024-10-15 00:47:41.355674 Lima: We should replace Kilo with Quebec
2024-10-15 00:47:41.366071 Oscar: No
2024-10-15 00:47:41.366221 Zulu: No
2024-10-15 00:47:41.366336 Tango: No
2024-10-15 00:47:41.366446 Golf: No
2024-10-15 00:47:41.366543 November: No
ChatterBot Lima reevaluating
ChatterBot Lima reevaluating
ChatterBot Lima reevaluating
ChatterBot Lima reevaluating
ChatterBot Lima reevaluating
2024-10-15 00:47:41.420088 Kilo: Lima we want you to join our group
ChatterBot Lima reevaluating
2024-10-15 00:47:41.423560 Lima: No
ChatterBot Quebec reevaluating
2024-10-15 00:47:41.432661 Zulu: Tango and Golf, sending you 3
2024-10-15 00:47:41.434673 Tango: Zulu, Golf, November and Lima, sending you 4
2024-10-15 00:47:41.436670 November: Zulu, Oscar and Lima, sending you 1
2024-10-15 00:47:41.438542 Zulu: November and Oscar, sending you 2
2024-10-15 00:47:41.439298 Tango: Oscar, sending you 2
2024-10-15 00:47:41.440126 Sierra: Quebec and Romeo, sending you 3
2024-10-15 00:47:41.442386 November: Tango and Golf, sending you 2
2024-10-15 00:47:41.443184 Zulu: Lima, sending you 1
