ChatterBot Sierra round 1
ChatterBot Mike round 1
ChatterBot Quebec round 1
ChatterBot Alpha round 1
ChatterBot Echo round 1
ChatterBot Victor round 1
ChatterBot Bravo round 1
ChatterBot Papa round 1
ChatterBot Whiskey round 1
ChatterBot Oscar round 1
randomSelections Sierra: {Sierra, Alpha, Whiskey, Quebec, Oscar} 
2024-10-15 00:47:26.379657 Sierra: Group up?
ChatterBot Alpha reevaluating
ChatterBot Whiskey reevaluating
ChatterBot Quebec reevaluating
ChatterBot Oscar reevaluating
2024-10-15 00:47:26.392384 Alpha: Yes
2024-10-15 00:47:26.392524 Whiskey: Yes
2024-10-15 00:47:26.393358 Quebec: Yes
2024-10-15 00:47:26.393474 Oscar: Yes
ChatterBot Whiskey reevaluating
ChatterBot Quebec reevaluating
ChatterBot Oscar reevaluating
ChatterBot Alpha reevaluating
ChatterBot Quebec reevaluating
ChatterBot Oscar reevaluating
ChatterBot Alpha reevaluating
ChatterBot Whiskey reevaluating
ChatterBot Oscar reevaluating
ChatterBot Alpha reevaluating
ChatterBot Whiskey reevaluating
ChatterBot Quebec reevaluating
randomSelections Bravo: {Bravo, Echo, Quebec, Victor, Papa, Whiskey, Sierra, Alpha} 
2024-10-15 00:47:26.488690 Bravo: Friends?
ChatterBot Echo reevaluating
ChatterBot Quebec reevaluating
ChatterBot Victor reevaluating
ChatterBot Papa reevaluating
ChatterBot Whiskey reevaluating
ChatterBot Alpha reevaluating
2024-10-15 00:47:26.559181 Echo: Yes
2024-10-15 00:47:26.559348 Quebec: No
2024-10-15 00:47:26.559526 Victor: Yes
2024-10-15 00:47:26.559641 Papa: Yes
2024-10-15 00:47:26.559824 Whiskey: No
2024-10-15 00:47:26.560132 Sierra: No
2024-10-15 00:47:26.561107 Alpha: No
ChatterBot Quebec reevaluating
ChatterBot Victor reevaluating
ChatterBot Papa reevaluating
ChatterBot Whiskey reevaluating
ChatterBot Alpha reevaluating
ChatterBot Echo reevaluating
ChatterBot Victor reevaluating
ChatterBot Papa reevaluating
ChatterBot Whiskey reevaluating
ChatterBot Alpha reevaluating
ChatterBot Echo reevaluating
ChatterBot Quebec reevaluating
ChatterBot Papa reevaluating
ChatterBot Whiskey reevaluating
ChatterBot Alpha reevaluating
ChatterBot Echo reevaluating
ChatterBot Quebec reevaluating
ChatterBot Victor reevaluating
ChatterBot Whiskey reevaluating
ChatterBot Alpha reevaluating
ChatterBot Echo reevaluating
ChatterBot Quebec reevaluating
ChatterBot Victor reevaluating
ChatterBot Papa reevaluating
ChatterBot Alpha reevaluating
ChatterBot Echo reevaluating
ChatterBot Quebec reevaluating
ChatterBot Victor reevaluating
ChatterBot Papa reevaluating
ChatterBot Whiskey reevaluating
ChatterBot Alpha reevaluating
ChatterBot Echo reevaluating
ChatterBot Quebec reevaluating
ChatterBot Victor reevaluating
ChatterBot Papa reevaluating
ChatterBot Whiskey reevaluating
randomSelections Mike: {Mike, Echo, Papa, Quebec, Whiskey, Bravo, Sierra} 
2024-10-15 00:47:26.659876 Mike: Friends?
ChatterBot Echo reevaluating
ChatterBot Papa reevaluating
ChatterBot Quebec reevaluating
ChatterBot Whiskey reevaluating
2024-10-15 00:47:26.672759 Echo: No
2024-10-15 00:47:26.672963 Papa: No
2024-10-15 00:47:26.673172 Quebec: No
2024-10-15 00:47:26.673399 Whiskey: No
2024-10-15 00:47:26.674202 Bravo: No
2024-10-15 00:47:26.674366 Sierra: No
ChatterBot Papa reevaluating
ChatterBot Quebec reevaluating
ChatterBot Whiskey reevaluating
ChatterBot Echo reevaluating
ChatterBot Quebec reevaluating
ChatterBot Whiskey reevaluating
ChatterBot Echo reevaluating
ChatterBot Papa reevaluating
ChatterBot Whiskey reevaluating
ChatterBot Echo reevaluating
ChatterBot Papa reevaluating
ChatterBot Quebec reevaluating
ChatterBot Echo reevaluating
ChatterBot Papa reevaluating
ChatterBot Quebec reevaluating
ChatterBot Whiskey reevaluating
ChatterBot Echo reevaluating
ChatterBot Papa reevaluating
ChatterBot Quebec reevaluating
ChatterBot Whiskey reevaluating
2024-10-15 00:47:26.742656 Sierra: Quebec, sending you 3
2024-10-15 00:47:26.747658 Sierra: Alpha, sending you 2
2024-10-15 00:47:26.748100 Victor: Quebec, Bravo and Papa, sending you 2
2024-10-15 00:47:26.750667 Mike: Sierra and Papa, sending you 2
2024-10-15 00:47:26.751479 Sierra: Whiskey and Oscar, sending you 1
2024-10-15 00:47:26.752594 Echo: Sierra, Alpha and Bravo, sending you 2
2024-10-15 00:47:26.753981 Victor: Whiskey, sending you 3
2024-10-15 00:47:26.754865 Alpha: Quebec, sending you 3
2024-10-15 00:47:26.755978 Quebec: Sierra and Alpha, sending you 2
2024-10-15 00:47:26.756561 Papa: Quebec, sending you 2
2024-10-15 00:47:26.758163 Mike: Bravo, sending you 1
2024-10-15 00:47:26.758660 Whiskey: Sierra, sending you 5
2024-10-15 00:47:26.759129 Bravo: Sierra, Echo, Papa and Whiskey, sending you 1
2024-10-15 00:47:26.760381 Echo: Quebec, Victor and Whiskey, sending you 1
2024-10-15 00:47:26.761895 Alpha: Whiskey and Oscar, sending you 1
2024-10-15 00:47:26.762391 Quebec: Whiskey, sending you 5
2024-10-15 00:47:26.763005 Papa: Alpha and Victor, sending you 1
2024-10-15 00:47:26.764254 Mike: Whiskey, sending you 3
2024-10-15 00:47:26.765413 Whiskey: Quebec, sending you 1
2024-10-15 00:47:26.765870 Bravo: Quebec, Alpha and Victor, sending you 2
2024-10-15 00:47:26.766590 Echo: Papa, sending you 3
2024-10-15 00:47:26.768024 Quebec: Oscar, sending you 3
2024-10-15 00:47:26.768482 Papa: Bravo, sending you 4
2024-10-15 00:47:26.769532 Oscar: Sierra, sending you 3
2024-10-15 00:47:26.769946 Whiskey: Alpha, sending you 3
2024-10-15 00:47:26.771640 Papa: Whiskey, sending you 3
2024-10-15 00:47:26.772978 Whiskey: Oscar, sending you 2
2024-10-15 00:47:26.773671 Oscar: Quebec and Whiskey, sending you 2
2024-10-15 00:47:26.777119 Oscar: Alpha, sending you 1
chatterbot Bravo submitting transactions
chatterbot Sierra submitting transactions
chatterbot Echo submitting transactions
chatterbot Mike submitting transactions
chatterbot Victor submitting transactions
chatterbot Oscar submitting transactions
chatterbot Whiskey submitting transactions
chatterbot Alpha submitting transactions
chatterbot Papa submitting transactions
chatterbot Quebec submitting transactions
ChatterBot Sierra round 2
ChatterBot Mike round 2
ChatterBot Quebec round 2
ChatterBot Alpha round 2
ChatterBot Echo round 2
ChatterBot Victor round 2
ChatterBot Bravo round 2
ChatterBot Papa round 2
ChatterBot Whiskey round 2
ChatterBot Oscar round 2
2024-10-15 00:47:28.249421 Whiskey: We should add Mike
ChatterBot Sierra reevaluating
ChatterBot Alpha reevaluating
ChatterBot Quebec reevaluating
ChatterBot Oscar reevaluating
2024-10-15 00:47:28.265724 Sierra: No
2024-10-15 00:47:28.265910 Alpha: No
2024-10-15 00:47:28.266023 Quebec: No
2024-10-15 00:47:28.266132 Oscar: No
ChatterBot Alpha reevaluating
ChatterBot Whiskey reevaluating
ChatterBot Quebec reevaluating
ChatterBot Oscar reevaluating
ChatterBot Sierra reevaluating
ChatterBot Whiskey reevaluating
ChatterBot Quebec reevaluating
ChatterBot Oscar reevaluating
ChatterBot Sierra reevaluating
ChatterBot Alpha reevaluating
ChatterBot Whiskey reevaluating
ChatterBot Oscar reevaluating
ChatterBot Sierra reevaluating
ChatterBot Alpha reevaluating
ChatterBot Whiskey reevaluating
ChatterBot Quebec reevaluating
2024-10-15 00:47:28.352101 Quebec: We should add Victor
ChatterBot Sierra reevaluating
ChatterBot Alpha reevaluating
ChatterBot Whiskey reevaluating
ChatterBot Oscar reevaluating
2024-10-15 00:47:28.452963 Sierra: No
2024-10-15 00:47:28.453236 Alpha: No
2024-10-15 00:47:28.453400 Whiskey: Yes
2024-10-15 00:47:28.453549 Oscar: No
ChatterBot Alpha reevaluating
ChatterBot Whiskey reevaluating
ChatterBot Quebec reevaluating
ChatterBot Oscar reevaluating
ChatterBot Sierra reevaluating
ChatterBot Whiskey reevaluating
ChatterBot Quebec reevaluating
ChatterBot Oscar reevaluating
ChatterBot Sierra reevaluating
ChatterBot Alpha reevaluating
ChatterBot Quebec reevaluating
ChatterBot Oscar reevaluating
ChatterBot Sierra reevaluating
ChatterBot Alpha reevaluating
ChatterBot Whiskey reevaluating
ChatterBot Quebec reevaluating
2024-10-15 00:47:28.602281 Papa: Can we be friends?
ChatterBot Echo reevaluating
ChatterBot Victor reevaluating
ChatterBot Bravo reevaluating
2024-10-15 00:47:28.615252 Echo: Yes
2024-10-15 00:47:28.615523 Victor: Yes
2024-10-15 00:47:28.616215 Bravo: Yes
ChatterBot Victor reevaluating
ChatterBot Bravo reevaluating
ChatterBot Echo reevaluating
ChatterBot Bravo reevaluating
ChatterBot Echo reevaluating
ChatterBot Victor reevaluating
2024-10-15 00:47:28.663355 Victor: We would work well together
ChatterBot Echo reevaluating
ChatterBot Bravo reevaluating
2024-10-15 00:47:28.679916 Echo: Yes
2024-10-15 00:47:28.680420 Bravo: Yes
2024-10-15 00:47:28.680696 Papa: Yes
ChatterBot Victor reevaluating
ChatterBot Bravo reevaluating
ChatterBot Echo reevaluating
ChatterBot Victor reevaluating
ChatterBot Echo reevaluating
ChatterBot Victor reevaluating
ChatterBot Bravo reevaluating
2024-10-15 00:47:28.734806 Mike: Can we be friends?
ChatterBot Echo reevaluating
2024-10-15 00:47:28.740003 Echo: Yes
2024-10-15 00:47:28.769283 Quebec: We should add Echo
ChatterBot Sierra reevaluating
ChatterBot Whiskey reevaluating
2024-10-15 00:47:28.790220 Sierra: No
2024-10-15 00:47:28.793636 Alpha: No
2024-10-15 00:47:28.798103 Whiskey: No
2024-10-15 00:47:28.800265 Oscar: No
ChatterBot Alpha reevaluating
ChatterBot Whiskey reevaluating
ChatterBot Quebec reevaluating
ChatterBot Sierra reevaluating
ChatterBot Whiskey reevaluating
ChatterBot Quebec reevaluating
ChatterBot Sierra reevaluating
ChatterBot Alpha reevaluating
ChatterBot Quebec reevaluating
ChatterBot Sierra reevaluating
ChatterBot Alpha reevaluating
ChatterBot Whiskey reevaluating
ChatterBot Quebec reevaluating
2024-10-15 00:47:28.878503 Quebec: We should add Papa
ChatterBot Sierra reevaluating
ChatterBot Alpha reevaluating
ChatterBot Whiskey reevaluating
2024-10-15 00:47:28.896757 Sierra: No
2024-10-15 00:47:28.896916 Alpha: Yes
2024-10-15 00:47:28.897045 Whiskey: No
2024-10-15 00:47:28.897161 Oscar: No
ChatterBot Alpha reevaluating
ChatterBot Whiskey reevaluating
ChatterBot Quebec reevaluating
ChatterBot Sierra reevaluating
ChatterBot Whiskey reevaluating
ChatterBot Quebec reevaluating
ChatterBot Sierra reevaluating
ChatterBot Alpha reevaluating
ChatterBot Quebec reevaluating
ChatterBot Sierra reevaluating
ChatterBot Alpha reevaluating
ChatterBot Whiskey reevaluating
ChatterBot Quebec reevaluating
2024-10-15 00:47:28.969721 Oscar: We should drop Alpha
ChatterBot Sierra reevaluating
ChatterBot Quebec reevaluating
ChatterBot Whiskey reevaluating
2024-10-15 00:47:28.982705 Sierra: Yes
2024-10-15 00:47:28.982823 Quebec: No
2024-10-15 00:47:28.983384 Whiskey: No
ChatterBot Quebec reevaluating
ChatterBot Whiskey reevaluating
ChatterBot Sierra reevaluating
ChatterBot Whiskey reevaluating
ChatterBot Sierra reevaluating
ChatterBot Quebec reevaluating
2024-10-15 00:47:29.065917 Victor: Echo, sending you 3
2024-10-15 00:47:29.066293 Mike: Sending you 7
2024-10-15 00:47:29.067035 Echo: Mike, sending you 2
2024-10-15 00:47:29.067273 Papa: Echo, sending you 5
2024-10-15 00:47:29.067644 Quebec: Victor we want you to join our group
2024-10-15 00:47:29.071949 Victor: No
ChatterBot Quebec reevaluating
ChatterBot Alpha reevaluating
2024-10-15 00:47:29.091415 Echo: Victor and Papa, sending you 3
2024-10-15 00:47:29.092253 Victor: Bravo, sending you 4
2024-10-15 00:47:29.092571 Papa: Victor, sending you 4
2024-10-15 00:47:29.116312 Oscar: Sierra, sending you 2
2024-10-15 00:47:29.116747 Victor: Papa, sending you 2
2024-10-15 00:47:29.117619 Quebec: Papa we want you to join our group
2024-10-15 00:47:29.121189 Papa: No
ChatterBot Quebec reevaluating
ChatterBot Alpha reevaluating
ChatterBot Whiskey reevaluating
2024-10-15 00:47:29.139478 Whiskey: Let's form a team
ChatterBot Echo reevaluating
2024-10-15 00:47:29.154048 Echo: Yes
2024-10-15 00:47:29.154268 Victor: No
2024-10-15 00:47:29.154405 Bravo: No
2024-10-15 00:47:29.154592 Papa: No
ChatterBot Whiskey reevaluating
ChatterBot Whiskey reevaluating
ChatterBot Echo reevaluating
ChatterBot Whiskey reevaluating
ChatterBot Echo reevaluating
ChatterBot Whiskey reevaluating
ChatterBot Echo reevaluating
2024-10-15 00:47:29.216790 Bravo: Mike, Echo and Victor, sending you 2
2024-10-15 00:47:29.217081 Papa: Bravo, sending you 3
2024-10-15 00:47:29.217393 Oscar: Quebec and Whiskey, sending you 3
chatterbot Papa submitting transactions
2024-10-15 00:47:29.220144 Bravo: Papa, sending you 4
2024-10-15 00:47:29.263741 Alpha: We should drop Sierra
ChatterBot Quebec reevaluating
ChatterBot Whiskey reevaluating
2024-10-15 00:47:29.276028 Quebec: No
2024-10-15 00:47:29.276209 Whiskey: No
2024-10-15 00:47:29.276326 Oscar: No
ChatterBot Alpha reevaluating
ChatterBot Whiskey reevaluating
ChatterBot Alpha reevaluating
ChatterBot Quebec reevaluating
ChatterBot Alpha reevaluating
ChatterBot Quebec reevaluating
ChatterBot Whiskey reevaluating
2024-10-15 00:47:29.313813 Echo: Sorry, I'm actually sending you 0
chatterbot Echo submitting transactions
chatterbot Oscar submitting transactions
2024-10-15 00:47:29.457771 Alpha: Sierra and Quebec, sending you 2
2024-10-15 00:47:29.458809 Echo: Whiskey, sending you 2
2024-10-15 00:47:29.465152 Alpha: Whiskey, sending you 3
2024-10-15 00:47:29.472711 Alpha: Oscar, sending you 1
chatterbot Victor submitting transactions
chatterbot Quebec submitting transactions
chatterbot Mike submitting transactions
chatterbot Sierra submitting transactions
chatterbot Echo submitting transactions
chatterbot Bravo submitting transactions
chatterbot Whiskey submitting transactions
chatterbot Alpha submitting transactions
ChatterBot Sierra round 3
ChatterBot Mike round 3
ChatterBot Quebec round 3
ChatterBot Alpha round 3
2024-10-15 00:47:30.578840 Quebec: We should add Mike
ChatterBot Sierra reevaluating
ChatterBot Alpha reevaluating
ChatterBot Whiskey reevaluating
2024-10-15 00:47:30.600256 Sierra: No
2024-10-15 00:47:30.600541 Alpha: No
2024-10-15 00:47:30.600794 Whiskey: No
2024-10-15 00:47:30.601052 Oscar: No
ChatterBot Alpha reevaluating
ChatterBot Whiskey reevaluating
ChatterBot Quebec reevaluating
ChatterBot Sierra reevaluating
ChatterBot Whiskey reevaluating
ChatterBot Quebec reevaluating
ChatterBot Sierra reevaluating
ChatterBot Alpha reevaluating
ChatterBot Quebec reevaluating
ChatterBot Sierra reevaluating
ChatterBot Alpha reevaluating
ChatterBot Whiskey reevaluating
ChatterBot Quebec reevaluating
ChatterBot Echo round 3
ChatterBot Victor round 3
ChatterBot Bravo round 3
ChatterBot Papa round 3
ChatterBot Whiskey round 3
ChatterBot Oscar round 3
2024-10-15 00:47:30.815863 Quebec: We should add Bravo
ChatterBot Sierra reevaluating
ChatterBot Alpha reevaluating
ChatterBot Whiskey reevaluating
2024-10-15 00:47:30.834068 Sierra: No
2024-10-15 00:47:30.834473 Alpha: No
2024-10-15 00:47:30.834897 Whiskey: No
2024-10-15 00:47:30.835157 Oscar: No
ChatterBot Alpha reevaluating
ChatterBot Whiskey reevaluating
ChatterBot Quebec reevaluating
ChatterBot Sierra reevaluating
ChatterBot Whiskey reevaluating
ChatterBot Quebec reevaluating
ChatterBot Sierra reevaluating
ChatterBot Alpha reevaluating
ChatterBot Quebec reevaluating
ChatterBot Sierra reevaluating
ChatterBot Alpha reevaluating
ChatterBot Whiskey reevaluating
ChatterBot Quebec reevaluating
2024-10-15 00:47:30.908378 Quebec: We should add Victor
ChatterBot Sierra reevaluating
ChatterBot Alpha reevaluating
ChatterBot Whiskey reevaluating
2024-10-15 00:47:30.925059 Sierra: No
2024-10-15 00:47:30.925273 Alpha: No
2024-10-15 00:47:30.925548 Whiskey: No
2024-10-15 00:47:30.926165 Oscar: No
ChatterBot Alpha reevaluating
ChatterBot Whiskey reevaluating
ChatterBot Quebec reevaluating
ChatterBot Sierra reevaluating
ChatterBot Whiskey reevaluating
ChatterBot Quebec reevaluating
ChatterBot Sierra reevaluating
ChatterBot Alpha reevaluating
ChatterBot Quebec reevaluating
ChatterBot Sierra reevaluating
ChatterBot Alpha reevaluating
ChatterBot Whiskey reevaluating
ChatterBot Quebec reevaluating
2024-10-15 00:47:30.996311 Echo: We should replace Whiskey with Mike
ChatterBot Bravo reevaluating
2024-10-15 00:47:31.008801 Papa: No
2024-10-15 00:47:31.009211 Victor: No
2024-10-15 00:47:31.009406 Bravo: No
ChatterBot Bravo reevaluating
ChatterBot Bravo reevaluating
2024-10-15 00:47:31.069743 Echo: Mike we want you to join our group
ChatterBot Mike reevaluating
2024-10-15 00:47:31.074603 Mike: No
ChatterBot Bravo reevaluating
2024-10-15 00:47:31.096880 Quebec: Victor we want you to join our group
2024-10-15 00:47:31.103261 Victor: No
ChatterBot Quebec reevaluating
ChatterBot Alpha reevaluating
2024-10-15 00:47:31.123315 Quebec: We should add Echo
ChatterBot Sierra reevaluating
ChatterBot Alpha reevaluating
2024-10-15 00:47:31.137887 Sierra: No
2024-10-15 00:47:31.138108 Alpha: No
2024-10-15 00:47:31.138229 Whiskey: No
2024-10-15 00:47:31.138346 Oscar: No
ChatterBot Alpha reevaluating
ChatterBot Quebec reevaluating
ChatterBot Sierra reevaluating
ChatterBot Quebec reevaluating
ChatterBot Sierra reevaluating
ChatterBot Alpha reevaluating
ChatterBot Quebec reevaluating
ChatterBot Sierra reevaluating
ChatterBot Alpha reevaluating
ChatterBot Quebec reevaluating
2024-10-15 00:47:31.201690 Victor: Sending you each 3
2024-10-15 00:47:31.202760 Papa: Sending you each 4
2024-10-15 00:47:31.204017 Oscar: Sierra and Quebec, sending you 3
2024-10-15 00:47:31.206669 Oscar: Whiskey, sending you 2
2024-10-15 00:47:31.208161 Sierra: We should drop Alpha
ChatterBot Quebec reevaluating
2024-10-15 00:47:31.226398 Oscar: Yes
2024-10-15 00:47:31.226695 Quebec: No
2024-10-15 00:47:31.227469 Whiskey: No
ChatterBot Sierra reevaluating
ChatterBot Quebec reevaluating
ChatterBot Sierra reevaluating
ChatterBot Sierra reevaluating
ChatterBot Quebec reevaluating
2024-10-15 00:47:31.293158 Bravo: Mike, sending you 1
2024-10-15 00:47:31.296784 Bravo: Echo, Victor and Papa, sending you 3
2024-10-15 00:47:31.297694 Quebec: Papa we want you to join our group
2024-10-15 00:47:31.303676 Papa: No
ChatterBot Quebec reevaluating
ChatterBot Sierra reevaluating
ChatterBot Alpha reevaluating
2024-10-15 00:47:31.330334 Echo: Mike, Victor, Bravo and Papa, sending you 3
2024-10-15 00:47:31.353190 Alpha: We should drop Whiskey
ChatterBot Sierra reevaluating
ChatterBot Quebec reevaluating
ChatterBot Oscar reevaluating
2024-10-15 00:47:31.368832 Sierra: Yes
2024-10-15 00:47:31.368996 Quebec: No
2024-10-15 00:47:31.369117 Oscar: Yes
ChatterBot Alpha reevaluating
ChatterBot Quebec reevaluating
ChatterBot Oscar reevaluating
ChatterBot Alpha reevaluating
ChatterBot Sierra reevaluating
ChatterBot Oscar reevaluating
ChatterBot Alpha reevaluating
ChatterBot Sierra reevaluating
ChatterBot Quebec reevaluating
chatterbot Victor submitting transactions
chatterbot Oscar submitting transactions
chatterbot Echo submitting transactions
chatterbot Papa submitting transactions
2024-10-15 00:47:32.022703 Quebec: Sierra, sending you 6
chatterbot Mike submitting transactions
chatterbot Whiskey submitting transactions
2024-10-15 00:47:32.086966 Quebec: Alpha and Oscar, sending you 5
2024-10-15 00:47:32.155371 Quebec: Papa, sending you 2
2024-10-15 00:47:32.192170 Quebec: Whiskey, sending you 1
chatterbot Oscar submitting transactions
chatterbot Bravo submitting transactions
chatterbot Quebec submitting transactions
chatterbot Alpha submitting transactions
chatterbot Sierra submitting transactions
ChatterBot Sierra round 4
ChatterBot Mike round 4
ChatterBot Quebec round 4
ChatterBot Alpha round 4
ChatterBot Echo round 4
ChatterBot Victor round 4
ChatterBot Bravo round 4
ChatterBot Papa round 4
ChatterBot Whiskey round 4
ChatterBot Oscar round 4
2024-10-15 00:47:32.835261 Quebec: We should drop Papa
ChatterBot Sierra reevaluating
ChatterBot Alpha reevaluating
ChatterBot Oscar reevaluating
2024-10-15 00:47:32.851688 Sierra: Yes
2024-10-15 00:47:32.851916 Alpha: Yes
2024-10-15 00:47:32.852084 Whiskey: Yes
2024-10-15 00:47:32.852250 Oscar: Yes
ChatterBot Alpha reevaluating
ChatterBot Whiskey reevaluating
ChatterBot Quebec reevaluating
ChatterBot Oscar reevaluating
ChatterBot Sierra reevaluating
ChatterBot Whiskey reevaluating
ChatterBot Quebec reevaluating
ChatterBot Oscar reevaluating
ChatterBot Sierra reevaluating
ChatterBot Alpha reevaluating
ChatterBot Quebec reevaluating
ChatterBot Oscar reevaluating
ChatterBot Sierra reevaluating
ChatterBot Alpha reevaluating
ChatterBot Whiskey reevaluating
ChatterBot Quebec reevaluating
2024-10-15 00:47:33.026471 Alpha: We should drop Sierra
ChatterBot Quebec reevaluating
2024-10-15 00:47:33.114722 Quebec: No
2024-10-15 00:47:33.114961 Whiskey: No
2024-10-15 00:47:33.115197 Oscar: No
ChatterBot Alpha reevaluating
ChatterBot Quebec reevaluating
ChatterBot Alpha reevaluating
ChatterBot Quebec reevaluating
2024-10-15 00:47:33.171587 Sierra: We should drop Alpha
ChatterBot Quebec reevaluating
2024-10-15 00:47:33.186574 Oscar: Yes
2024-10-15 00:47:33.186902 Quebec: No
2024-10-15 00:47:33.187162 Whiskey: No
ChatterBot Sierra reevaluating
ChatterBot Quebec reevaluating
ChatterBot Whiskey reevaluating
ChatterBot Sierra reevaluating
ChatterBot Whiskey reevaluating
ChatterBot Sierra reevaluating
ChatterBot Quebec reevaluating
2024-10-15 00:47:33.236064 Alpha: We should drop Oscar
ChatterBot Sierra reevaluating
ChatterBot Quebec reevaluating
ChatterBot Whiskey reevaluating
2024-10-15 00:47:33.255515 Sierra: No
2024-10-15 00:47:33.255817 Quebec: No
2024-10-15 00:47:33.256108 Whiskey: No
ChatterBot Alpha reevaluating
ChatterBot Quebec reevaluating
ChatterBot Whiskey reevaluating
ChatterBot Alpha reevaluating
ChatterBot Sierra reevaluating
ChatterBot Whiskey reevaluating
ChatterBot Alpha reevaluating
ChatterBot Sierra reevaluating
ChatterBot Quebec reevaluating
2024-10-15 00:47:33.315841 Echo: Mike, Victor, Bravo and Papa, sending you 3
2024-10-15 00:47:33.317065 Victor: Same as last round
2024-10-15 00:47:33.317964 Bravo: Mike, sending you 1
2024-10-15 00:47:33.319291 Oscar: Sierra and Quebec, sending you 3
chatterbot Mike submitting transactions
2024-10-15 00:47:33.360120 Bravo: Echo, Victor and Papa, sending you 3
2024-10-15 00:47:33.361358 Papa: Same as last round
2024-10-15 00:47:33.362486 Oscar: Whiskey, sending you 2
2024-10-15 00:47:33.363744 Quebec: Bravo we want you to join our group
2024-10-15 00:47:33.367830 Bravo: No
ChatterBot Quebec reevaluating
ChatterBot Sierra reevaluating
ChatterBot Alpha reevaluating
2024-10-15 00:47:33.463904 Sierra: Quebec, Whiskey and Oscar, sending you 2
2024-10-15 00:47:33.471423 Quebec: Sierra, sending you 4
2024-10-15 00:47:33.473684 Sierra: Alpha, sending you 1
2024-10-15 00:47:33.478487 Alpha: Quebec, sending you 6
2024-10-15 00:47:33.479639 Quebec: Alpha, sending you 7
2024-10-15 00:47:33.483211 Alpha: Whiskey, sending you 2
2024-10-15 00:47:33.484213 Quebec: Whiskey, sending you 3
2024-10-15 00:47:33.490550 Quebec: Oscar, sending you 5
chatterbot Quebec submitting transactions
chatterbot Echo submitting transactions
chatterbot Victor submitting transactions
chatterbot Oscar submitting transactions
chatterbot Papa submitting transactions
chatterbot Sierra submitting transactions
chatterbot Bravo submitting transactions
chatterbot Whiskey submitting transactions
chatterbot Alpha submitting transactions
ChatterBot Sierra round 5
ChatterBot Mike round 5
ChatterBot Quebec round 5
ChatterBot Alpha round 5
ChatterBot Echo round 5
ChatterBot Victor round 5
ChatterBot Bravo round 5
ChatterBot Papa round 5
ChatterBot Whiskey round 5
ChatterBot Oscar round 5
2024-10-15 00:47:34.728213 Quebec: We should add Victor
ChatterBot Alpha reevaluating
ChatterBot Whiskey reevaluating
2024-10-15 00:47:34.744591 Sierra: No
2024-10-15 00:47:34.745452 Alpha: No
2024-10-15 00:47:34.745654 Whiskey: No
2024-10-15 00:47:34.745832 Oscar: No
ChatterBot Alpha reevaluating
ChatterBot Whiskey reevaluating
ChatterBot Quebec reevaluating
ChatterBot Whiskey reevaluating
ChatterBot Quebec reevaluating
ChatterBot Oscar reevaluating
ChatterBot Alpha reevaluating
ChatterBot Quebec reevaluating
ChatterBot Oscar reevaluating
ChatterBot Alpha reevaluating
ChatterBot Whiskey reevaluating
ChatterBot Quebec reevaluating
2024-10-15 00:47:34.813341 Alpha: We should replace Oscar with Sierra
ChatterBot Quebec reevaluating
ChatterBot Whiskey reevaluating
2024-10-15 00:47:34.821901 Quebec: No
2024-10-15 00:47:34.822050 Whiskey: No
ChatterBot Alpha reevaluating
ChatterBot Whiskey reevaluating
ChatterBot Alpha reevaluating
ChatterBot Quebec reevaluating
2024-10-15 00:47:34.854650 Echo: We should replace Mike with Whiskey
ChatterBot Bravo reevaluating
2024-10-15 00:47:34.866253 Papa: No
2024-10-15 00:47:34.866531 Victor: No
2024-10-15 00:47:34.866854 Bravo: Yes
ChatterBot Echo reevaluating
ChatterBot Bravo reevaluating
ChatterBot Echo reevaluating
ChatterBot Bravo reevaluating
ChatterBot Echo reevaluating
2024-10-15 00:47:34.919782 Sierra: We should drop Alpha
ChatterBot Oscar reevaluating
ChatterBot Quebec reevaluating
ChatterBot Whiskey reevaluating
2024-10-15 00:47:34.933890 Oscar: Yes
2024-10-15 00:47:34.934847 Quebec: No
2024-10-15 00:47:34.935167 Whiskey: No
ChatterBot Quebec reevaluating
ChatterBot Whiskey reevaluating
ChatterBot Oscar reevaluating
ChatterBot Whiskey reevaluating
ChatterBot Oscar reevaluating
ChatterBot Quebec reevaluating
2024-10-15 00:47:34.985347 Bravo: Whiskey we want you to join our group
2024-10-15 00:47:34.990584 Whiskey: No
ChatterBot Echo reevaluating
ChatterBot Bravo reevaluating
2024-10-15 00:47:35.015001 Alpha: Sierra we want you to join our group
2024-10-15 00:47:35.021791 Sierra: No
ChatterBot Quebec reevaluating
2024-10-15 00:47:35.041133 Quebec: We should add Mike
ChatterBot Alpha reevaluating
2024-10-15 00:47:35.065393 Sierra: No
2024-10-15 00:47:35.065629 Alpha: No
2024-10-15 00:47:35.065810 Whiskey: No
2024-10-15 00:47:35.065990 Oscar: No
ChatterBot Alpha reevaluating
ChatterBot Quebec reevaluating
ChatterBot Quebec reevaluating
ChatterBot Alpha reevaluating
ChatterBot Quebec reevaluating
ChatterBot Sierra reevaluating
ChatterBot Alpha reevaluating
ChatterBot Quebec reevaluating
2024-10-15 00:47:35.172092 Papa: Same as last round
2024-10-15 00:47:35.172629 Echo: Whiskey we want you to join our group
2024-10-15 00:47:35.179667 Whiskey: No
ChatterBot Echo reevaluating
2024-10-15 00:47:35.204880 Victor: Same as last round
2024-10-15 00:47:35.233811 Alpha: Quebec, sending you 7
2024-10-15 00:47:35.234450 Sierra: Quebec, Whiskey and Oscar, sending you 2
2024-10-15 00:47:35.236100 Bravo: Echo, Victor and Papa, sending you 3
2024-10-15 00:47:35.236791 Quebec: Sierra, Whiskey and Oscar, sending you 4
2024-10-15 00:47:35.238287 Alpha: Whiskey, sending you 1
2024-10-15 00:47:35.240538 Sierra: Alpha, sending you 1
2024-10-15 00:47:35.242373 Bravo: Whiskey, sending you 1
2024-10-15 00:47:35.243983 Quebec: Alpha, sending you 7
chatterbot Sierra submitting transactions
2024-10-15 00:47:35.248074 Echo: Sending you each 3
chatterbot Oscar submitting transactions
chatterbot Papa submitting transactions
chatterbot Quebec submitting transactions
chatterbot Mike submitting transactions
chatterbot Victor submitting transactions
chatterbot Bravo submitting transactions
chatterbot Whiskey submitting transactions
chatterbot Alpha submitting transactions
chatterbot Echo submitting transactions
ChatterBot Sierra round 6
ChatterBot Mike round 6
ChatterBot Quebec round 6
ChatterBot Alpha round 6
ChatterBot Echo round 6
ChatterBot Victor round 6
ChatterBot Bravo round 6
ChatterBot Papa round 6
ChatterBot Whiskey round 6
ChatterBot Oscar round 6
chatterbot Sierra submitting transactions
2024-10-15 00:47:36.371119 Sierra: We should drop Alpha
2024-10-15 00:47:36.392757 Oscar: No
2024-10-15 00:47:36.393030 Quebec: No
2024-10-15 00:47:36.393261 Whiskey: No
ChatterBot Quebec reevaluating
ChatterBot Quebec reevaluating
2024-10-15 00:47:36.436697 Oscar: We should replace Sierra with Alpha
ChatterBot Quebec reevaluating
2024-10-15 00:47:36.443632 Quebec: No
2024-10-15 00:47:36.443761 Whiskey: No
ChatterBot Quebec reevaluating
2024-10-15 00:47:36.457799 Oscar: Alpha we want you to join our group
ChatterBot Alpha reevaluating
2024-10-15 00:47:36.461130 Alpha: No
ChatterBot Quebec reevaluating
2024-10-15 00:47:36.473498 Alpha: We should replace Oscar with Sierra
2024-10-15 00:47:36.474334 Quebec: We should add Mike
ChatterBot Quebec reevaluating
ChatterBot Alpha reevaluating
2024-10-15 00:47:36.490887 Quebec: No
2024-10-15 00:47:36.491076 Whiskey: No
2024-10-15 00:47:36.494152 Sierra: No
2024-10-15 00:47:36.494306 Oscar: No
2024-10-15 00:47:36.494416 Alpha: No
2024-10-15 00:47:36.494548 Whiskey: No
ChatterBot Alpha reevaluating
ChatterBot Alpha reevaluating
ChatterBot Quebec reevaluating
ChatterBot Sierra reevaluating
ChatterBot Alpha reevaluating
ChatterBot Quebec reevaluating
ChatterBot Sierra reevaluating
ChatterBot Alpha reevaluating
ChatterBot Quebec reevaluating
ChatterBot Sierra reevaluating
ChatterBot Quebec reevaluating
ChatterBot Alpha reevaluating
ChatterBot Quebec reevaluating
2024-10-15 00:47:36.589696 Bravo: Echo, Victor and Papa, sending you 3
2024-10-15 00:47:36.590479 Papa: Same as last round
2024-10-15 00:47:36.591576 Victor: Same as last round
2024-10-15 00:47:36.592118 Echo: Same as last round
2024-10-15 00:47:36.594859 Bravo: Whiskey, sending you 1
2024-10-15 00:47:36.606680 Oscar: Quebec and Whiskey, sending you 3
2024-10-15 00:47:36.607823 Alpha: Quebec, sending you 6
2024-10-15 00:47:36.608374 Quebec: Sierra, Whiskey and Oscar, sending you 4
2024-10-15 00:47:36.611672 Oscar: Alpha, sending you 2
2024-10-15 00:47:36.612239 Alpha: Whiskey, sending you 2
2024-10-15 00:47:36.612755 Quebec: Alpha, sending you 7
chatterbot Bravo submitting transactions
chatterbot Papa submitting transactions
chatterbot Quebec submitting transactions
chatterbot Echo submitting transactions
chatterbot Alpha submitting transactions
chatterbot Oscar submitting transactions
chatterbot Whiskey submitting transactions
chatterbot Sierra submitting transactions
chatterbot Victor submitting transactions
chatterbot Mike submitting transactions
ChatterBot Sierra round 7
ChatterBot Mike round 7
ChatterBot Quebec round 7
ChatterBot Alpha round 7
ChatterBot Echo round 7
ChatterBot Victor round 7
ChatterBot Bravo round 7
ChatterBot Papa round 7
ChatterBot Whiskey round 7
ChatterBot Oscar round 7
2024-10-15 00:47:37.701479 Quebec: We should add Mike
ChatterBot Sierra reevaluating
ChatterBot Alpha reevaluating
ChatterBot Oscar reevaluating
2024-10-15 00:47:37.729278 Sierra: No
2024-10-15 00:47:37.729572 Alpha: No
2024-10-15 00:47:37.729893 Whiskey: No
2024-10-15 00:47:37.730169 Oscar: No
ChatterBot Alpha reevaluating
ChatterBot Oscar reevaluating
ChatterBot Sierra reevaluating
ChatterBot Quebec reevaluating
ChatterBot Oscar reevaluating
ChatterBot Sierra reevaluating
ChatterBot Alpha reevaluating
ChatterBot Quebec reevaluating
ChatterBot Oscar reevaluating
ChatterBot Sierra reevaluating
ChatterBot Alpha reevaluating
ChatterBot Quebec reevaluating
2024-10-15 00:47:37.822346 Sierra: We should drop Alpha
ChatterBot Quebec reevaluating
2024-10-15 00:47:37.834906 Oscar: No
2024-10-15 00:47:37.835221 Quebec: No
2024-10-15 00:47:37.836201 Whiskey: No
ChatterBot Sierra reevaluating
ChatterBot Quebec reevaluating
ChatterBot Sierra reevaluating
ChatterBot Sierra reevaluating
ChatterBot Quebec reevaluating
2024-10-15 00:47:37.877856 Echo: Same as last round
2024-10-15 00:47:37.878857 Papa: Same as last round
2024-10-15 00:47:37.880168 Quebec: Victor we want you to join our group
2024-10-15 00:47:37.888205 Victor: No
ChatterBot Quebec reevaluating
ChatterBot Sierra reevaluating
ChatterBot Alpha reevaluating
2024-10-15 00:47:37.925549 Alpha: We should add Sierra
ChatterBot Quebec reevaluating
2024-10-15 00:47:37.948006 Quebec: Yes
2024-10-15 00:47:37.948366 Whiskey: Yes
2024-10-15 00:47:37.948852 Oscar: No
ChatterBot Alpha reevaluating
ChatterBot Alpha reevaluating
ChatterBot Quebec reevaluating
ChatterBot Alpha reevaluating
ChatterBot Quebec reevaluating
2024-10-15 00:47:37.996051 Bravo: Echo, Victor and Papa, sending you 3
2024-10-15 00:47:37.996772 Victor: Same as last round
2024-10-15 00:47:38.000685 Bravo: Whiskey, sending you 1
2024-10-15 00:47:38.002670 Oscar: Quebec and Whiskey, sending you 3
2024-10-15 00:47:38.007683 Alpha: Sierra we want you to join our group
ChatterBot Sierra reevaluating
2024-10-15 00:47:38.012257 Sierra: No
ChatterBot Alpha reevaluating
ChatterBot Quebec reevaluating
2024-10-15 00:47:38.028341 Oscar: Alpha, sending you 2
chatterbot Echo submitting transactions
2024-10-15 00:47:38.046750 Alpha: Quebec, sending you 5
2024-10-15 00:47:38.048868 Quebec: Sierra, sending you 3
2024-10-15 00:47:38.049676 Alpha: Whiskey, sending you 2
2024-10-15 00:47:38.053692 Quebec: Alpha, sending you 7
2024-10-15 00:47:38.055194 Alpha: Oscar, sending you 1
2024-10-15 00:47:38.057671 Quebec: Victor, sending you 1
2024-10-15 00:47:38.059476 Sierra: Quebec and Oscar, sending you 2
2024-10-15 00:47:38.062675 Sierra: Whiskey, sending you 3
2024-10-15 00:47:38.063885 Quebec: Whiskey and Oscar, sending you 4
chatterbot Oscar submitting transactions
chatterbot Mike submitting transactions
chatterbot Alpha submitting transactions
chatterbot Quebec submitting transactions
chatterbot Bravo submitting transactions
chatterbot Sierra submitting transactions
chatterbot Whiskey submitting transactions
chatterbot Victor submitting transactions
chatterbot Papa submitting transactions
ChatterBot Sierra round 8
ChatterBot Mike round 8
ChatterBot Quebec round 8
ChatterBot Alpha round 8
ChatterBot Echo round 8
ChatterBot Victor round 8
2024-10-15 00:47:39.067564 Quebec: We should replace Victor with Bravo
ChatterBot Alpha reevaluating
ChatterBot Oscar reevaluating
2024-10-15 00:47:39.080915 Sierra: No
2024-10-15 00:47:39.081067 Alpha: No
2024-10-15 00:47:39.081199 Whiskey: No
2024-10-15 00:47:39.081325 Oscar: No
ChatterBot Alpha reevaluating
ChatterBot Oscar reevaluating
ChatterBot Sierra reevaluating
ChatterBot Quebec reevaluating
ChatterBot Oscar reevaluating
ChatterBot Sierra reevaluating
ChatterBot Alpha reevaluating
ChatterBot Quebec reevaluating
ChatterBot Oscar reevaluating
ChatterBot Sierra reevaluating
ChatterBot Alpha reevaluating
ChatterBot Quebec reevaluating
2024-10-15 00:47:39.224907 Alpha: We should replace Whiskey with Sierra
ChatterBot Quebec reevaluating
ChatterBot Oscar reevaluating
2024-10-15 00:47:39.280001 Quebec: No
2024-10-15 00:47:39.281154 Oscar: No
ChatterBot Alpha reevaluating
ChatterBot Oscar reevaluating
ChatterBot Alpha reevaluating
ChatterBot Quebec reevaluating
ChatterBot Bravo round 8
2024-10-15 00:47:39.316694 Echo: We should replace Whiskey with Mike
ChatterBot Bravo reevaluating
2024-10-15 00:47:39.335446 Papa: No
2024-10-15 00:47:39.335779 Victor: No
2024-10-15 00:47:39.336119 Bravo: Yes
ChatterBot Bravo reevaluating
ChatterBot Echo reevaluating
ChatterBot Bravo reevaluating
ChatterBot Echo reevaluating
ChatterBot Papa round 8
ChatterBot Whiskey round 8
ChatterBot Oscar round 8
2024-10-15 00:47:39.402891 Quebec: We should replace Victor with Echo
ChatterBot Sierra reevaluating
ChatterBot Alpha reevaluating
ChatterBot Oscar reevaluating
2024-10-15 00:47:39.416976 Sierra: No
2024-10-15 00:47:39.417360 Alpha: No
2024-10-15 00:47:39.417643 Whiskey: No
2024-10-15 00:47:39.417855 Oscar: No
ChatterBot Alpha reevaluating
ChatterBot Quebec reevaluating
ChatterBot Oscar reevaluating
ChatterBot Sierra reevaluating
ChatterBot Quebec reevaluating
ChatterBot Oscar reevaluating
ChatterBot Sierra reevaluating
ChatterBot Alpha reevaluating
ChatterBot Quebec reevaluating
ChatterBot Oscar reevaluating
ChatterBot Sierra reevaluating
ChatterBot Alpha reevaluating
ChatterBot Quebec reevaluating
2024-10-15 00:47:39.492819 Alpha: Sierra we want you to join our group
ChatterBot Sierra reevaluating
2024-10-15 00:47:39.497810 Sierra: No
ChatterBot Quebec reevaluating
ChatterBot Oscar reevaluating
2024-10-15 00:47:39.508588 Oscar: We should replace Alpha with Sierra
ChatterBot Quebec reevaluating
2024-10-15 00:47:39.519754 Quebec: No
2024-10-15 00:47:39.525487 Whiskey: No
ChatterBot Oscar reevaluating
ChatterBot Oscar reevaluating
ChatterBot Quebec reevaluating
2024-10-15 00:47:39.542601 Bravo: Mike we want you to join our group
2024-10-15 00:47:39.546006 Mike: No
ChatterBot Echo reevaluating
2024-10-15 00:47:39.562963 Quebec: Echo we want you to join our group
ChatterBot Echo reevaluating
2024-10-15 00:47:39.567517 Echo: No
ChatterBot Quebec reevaluating
ChatterBot Sierra reevaluating
ChatterBot Alpha reevaluating
ChatterBot Oscar reevaluating
2024-10-15 00:47:39.589592 Victor: Same as last round
2024-10-15 00:47:39.592661 Oscar: Sierra we want you to join our group
ChatterBot Sierra reevaluating
2024-10-15 00:47:39.597909 Sierra: Yes
ChatterBot Oscar reevaluating
ChatterBot Quebec reevaluating
2024-10-15 00:47:39.609583 Papa: Same as last round
2024-10-15 00:47:39.614672 Bravo: Mike, sending you 1
2024-10-15 00:47:39.618675 Bravo: Echo, Victor and Papa, sending you 3
2024-10-15 00:47:39.623195 Echo: Same as last round
2024-10-15 00:47:39.630675 Alpha: Sierra, Whiskey and Oscar, sending you 1
2024-10-15 00:47:39.635659 Alpha: Quebec, sending you 5
2024-10-15 00:47:39.637401 Oscar: Sierra, sending you 2
2024-10-15 00:47:39.638140 Sierra: Quebec and Oscar, sending you 2
2024-10-15 00:47:39.638551 Quebec: Sierra, sending you 3
2024-10-15 00:47:39.641673 Oscar: Quebec and Whiskey, sending you 3
2024-10-15 00:47:39.642329 Sierra: Whiskey, sending you 3
2024-10-15 00:47:39.643424 Quebec: Alpha, sending you 7
2024-10-15 00:47:39.647685 Quebec: Echo, sending you 1
2024-10-15 00:47:39.651050 Quebec: Whiskey and Oscar, sending you 4
chatterbot Bravo submitting transactions
chatterbot Sierra submitting transactions
chatterbot Echo submitting transactions
chatterbot Quebec submitting transactions
chatterbot Alpha submitting transactions
chatterbot Whiskey submitting transactions
chatterbot Victor submitting transactions
chatterbot Mike submitting transactions
chatterbot Papa submitting transactions
chatterbot Oscar submitting transactions
ChatterBot Sierra round 9
ChatterBot Mike round 9
ChatterBot Quebec round 9
ChatterBot Alpha round 9
ChatterBot Echo round 9
ChatterBot Victor round 9
ChatterBot Bravo round 9
ChatterBot Papa round 9
ChatterBot Whiskey round 9
ChatterBot Oscar round 9
2024-10-15 00:47:40.917130 Quebec: We should drop Echo
2024-10-15 00:47:40.939545 Sierra: Yes
2024-10-15 00:47:40.939937 Alpha: Yes
2024-10-15 00:47:40.940222 Whiskey: Yes
2024-10-15 00:47:40.940419 Oscar: Yes
ChatterBot Alpha reevaluating
ChatterBot Alpha reevaluating
ChatterBot Quebec reevaluating
ChatterBot Alpha reevaluating
ChatterBot Quebec reevaluating
2024-10-15 00:47:41.015682 Echo: Same as last round
2024-10-15 00:47:41.017702 Sierra: Quebec and Oscar, sending you 2
2024-10-15 00:47:41.021887 Sierra: Whiskey, sending you 3
2024-10-15 00:47:41.023678 Bravo: Mike, sending you 1
2024-10-15 00:47:41.025701 Papa: Same as last round
2024-10-15 00:47:41.026691 Bravo: Echo, Victor and Papa, sending you 3
2024-10-15 00:47:41.029683 Oscar: Sierra, sending you 2
2024-10-15 00:47:41.034661 Oscar: Quebec and Whiskey, sending you 3
2024-10-15 00:47:41.035592 Victor: Same as last round
2024-10-15 00:47:41.039684 Alpha: Quebec, sending you 5
2024-10-15 00:47:41.044114 Quebec: Sierra, sending you 3
2024-10-15 00:47:41.045400 Alpha: Whiskey, sending you 2
2024-10-15 00:47:41.049691 Quebec: Alpha, sending you 8
2024-10-15 00:47:41.051711 Alpha: Oscar, sending you 1
2024-10-15 00:47:41.055671 Quebec: Whiskey and Oscar, sending you 4
chatterbot Bravo submitting transactions
chatterbot Victor submitting transactions
chatterbot Mike submitting transactions
chatterbot Alpha submitting transactions
chatterbot Oscar submitting transactions
chatterbot Echo submitting transactions
chatterbot Quebec submitting transactions
chatterbot Papa submitting transactions
chatterbot Sierra submitting transactions
chatterbot Whiskey submitting transactions
ChatterBot Sierra round 10
ChatterBot Mike round 10
ChatterBot Quebec round 10
ChatterBot Alpha round 10
ChatterBot Echo round 10
ChatterBot Victor round 10
ChatterBot Bravo round 10
ChatterBot Papa round 10
ChatterBot Whiskey round 10
