ChatterBot Uniform round 1
ChatterBot Romeo round 1
ChatterBot Echo round 1
ChatterBot Oscar round 1
ChatterBot India round 1
ChatterBot Charlie round 1
ChatterBot Bravo round 1
ChatterBot Zulu round 1
ChatterBot X-ray round 1
ChatterBot Whiskey round 1
randomSelections Uniform: {Uniform, X-ray, Whiskey, Charlie} 
2024-10-15 00:47:26.103438 Uniform: We would work well together
ChatterBot X-ray reevaluating
ChatterBot Whiskey reevaluating
ChatterBot Charlie reevaluating
2024-10-15 00:47:26.110541 X-ray: Yes
2024-10-15 00:47:26.110958 Whiskey: Yes
2024-10-15 00:47:26.111064 Charlie: Yes
ChatterBot Whiskey reevaluating
ChatterBot Charlie reevaluating
ChatterBot X-ray reevaluating
ChatterBot Charlie reevaluating
ChatterBot X-ray reevaluating
ChatterBot Whiskey reevaluating
randomSelections Oscar: {Oscar, Romeo, Uniform, Echo, X-ray, Charlie, Zulu, Whiskey} 
2024-10-15 00:47:26.129393 Oscar: We should group up
ChatterBot Romeo reevaluating
ChatterBot Echo reevaluating
ChatterBot X-ray reevaluating
ChatterBot Charlie reevaluating
ChatterBot Zulu reevaluating
ChatterBot Whiskey reevaluating
2024-10-15 00:47:26.144684 Romeo: Yes
2024-10-15 00:47:26.144937 Uniform: No
2024-10-15 00:47:26.145528 Echo: Yes
2024-10-15 00:47:26.145792 X-ray: No
2024-10-15 00:47:26.146064 Charlie: No
2024-10-15 00:47:26.147548 Zulu: Yes
2024-10-15 00:47:26.147754 Whiskey: No
ChatterBot Echo reevaluating
ChatterBot X-ray reevaluating
ChatterBot Charlie reevaluating
ChatterBot Zulu reevaluating
ChatterBot Whiskey reevaluating
ChatterBot Romeo reevaluating
ChatterBot Echo reevaluating
ChatterBot X-ray reevaluating
ChatterBot Charlie reevaluating
ChatterBot Zulu reevaluating
ChatterBot Whiskey reevaluating
ChatterBot Romeo reevaluating
ChatterBot X-ray reevaluating
ChatterBot Charlie reevaluating
ChatterBot Zulu reevaluating
ChatterBot Whiskey reevaluating
ChatterBot Romeo reevaluating
ChatterBot Echo reevaluating
ChatterBot Charlie reevaluating
ChatterBot Zulu reevaluating
ChatterBot Whiskey reevaluating
ChatterBot Romeo reevaluating
ChatterBot Echo reevaluating
ChatterBot X-ray reevaluating
ChatterBot Zulu reevaluating
ChatterBot Whiskey reevaluating
ChatterBot Romeo reevaluating
ChatterBot Echo reevaluating
ChatterBot X-ray reevaluating
ChatterBot Charlie reevaluating
ChatterBot Whiskey reevaluating
ChatterBot Romeo reevaluating
ChatterBot Echo reevaluating
ChatterBot X-ray reevaluating
ChatterBot Charlie reevaluating
ChatterBot Zulu reevaluating
randomSelections Bravo: {Bravo, Zulu, Charlie, X-ray, Oscar, India} 
2024-10-15 00:47:26.300013 Bravo: Can we be friends?
ChatterBot Zulu reevaluating
ChatterBot Charlie reevaluating
ChatterBot X-ray reevaluating
ChatterBot India reevaluating
2024-10-15 00:47:26.312716 Zulu: No
2024-10-15 00:47:26.313582 Charlie: No
2024-10-15 00:47:26.314054 X-ray: No
2024-10-15 00:47:26.314336 Oscar: No
2024-10-15 00:47:26.315696 India: Yes
ChatterBot Charlie reevaluating
ChatterBot X-ray reevaluating
ChatterBot India reevaluating
ChatterBot Zulu reevaluating
ChatterBot X-ray reevaluating
ChatterBot India reevaluating
ChatterBot Zulu reevaluating
ChatterBot Charlie reevaluating
ChatterBot India reevaluating
ChatterBot Zulu reevaluating
ChatterBot Charlie reevaluating
ChatterBot X-ray reevaluating
ChatterBot India reevaluating
ChatterBot Zulu reevaluating
ChatterBot Charlie reevaluating
ChatterBot X-ray reevaluating
2024-10-15 00:47:26.405727 Whiskey: Uniform, Charlie and X-ray, sending you 3
2024-10-15 00:47:26.406239 Charlie: Uniform, sending you 2
2024-10-15 00:47:26.410258 Romeo: Uniform and X-ray, sending you 2
2024-10-15 00:47:26.410907 Oscar: Romeo, Charlie and Zulu, sending you 2
2024-10-15 00:47:26.411427 India: Oscar and X-ray, sending you 3
2024-10-15 00:47:26.412634 Zulu: Uniform, Charlie, X-ray and Whiskey, sending you 1
2024-10-15 00:47:26.413246 Charlie: X-ray, sending you 4
2024-10-15 00:47:26.413660 Bravo: Oscar, Charlie and Zulu, sending you 1
2024-10-15 00:47:26.415054 Romeo: Echo, sending you 1
2024-10-15 00:47:26.415537 X-ray: Uniform, sending you 2
2024-10-15 00:47:26.415873 Uniform: Charlie, sending you 3
2024-10-15 00:47:26.417314 Oscar: Echo and Whiskey, sending you 1
2024-10-15 00:47:26.417900 India: Charlie and Zulu, sending you 1
2024-10-15 00:47:26.418361 Zulu: Oscar, sending you 4
2024-10-15 00:47:26.420053 Echo: Uniform, Oscar, X-ray and Whiskey, sending you 2
2024-10-15 00:47:26.420633 Romeo: Zulu and Whiskey, sending you 3
2024-10-15 00:47:26.421264 Charlie: Whiskey, sending you 1
2024-10-15 00:47:26.422495 Bravo: India, sending you 3
2024-10-15 00:47:26.422941 X-ray: Charlie, sending you 4
2024-10-15 00:47:26.423350 Uniform: X-ray, sending you 8
2024-10-15 00:47:26.424753 India: Bravo, sending you 2
2024-10-15 00:47:26.425198 Echo: Charlie, sending you 1
2024-10-15 00:47:26.425793 Bravo: X-ray, sending you 2
2024-10-15 00:47:26.427020 X-ray: Whiskey, sending you 1
chatterbot Uniform submitting transactions
chatterbot Echo submitting transactions
chatterbot India submitting transactions
chatterbot X-ray submitting transactions
chatterbot Zulu submitting transactions
chatterbot Bravo submitting transactions
chatterbot Oscar submitting transactions
chatterbot Charlie submitting transactions
chatterbot Romeo submitting transactions
chatterbot Whiskey submitting transactions
ChatterBot Uniform round 2
ChatterBot Romeo round 2
ChatterBot Echo round 2
ChatterBot Oscar round 2
ChatterBot India round 2
2024-10-15 00:47:27.426974 Echo: Friends?
ChatterBot Romeo reevaluating
ChatterBot Oscar reevaluating
ChatterBot Zulu reevaluating
2024-10-15 00:47:27.463927 Romeo: Yes
2024-10-15 00:47:27.464135 Oscar: Yes
2024-10-15 00:47:27.464251 Zulu: No
ChatterBot Oscar reevaluating
ChatterBot Zulu reevaluating
ChatterBot Romeo reevaluating
ChatterBot Zulu reevaluating
ChatterBot Romeo reevaluating
ChatterBot Oscar reevaluating
2024-10-15 00:47:27.526750 Oscar: We should group up
ChatterBot Romeo reevaluating
ChatterBot Zulu reevaluating
2024-10-15 00:47:27.547304 Echo: Yes
2024-10-15 00:47:27.547454 Romeo: Yes
2024-10-15 00:47:27.547554 Zulu: No
ChatterBot Romeo reevaluating
ChatterBot Oscar reevaluating
ChatterBot Zulu reevaluating
ChatterBot Oscar reevaluating
ChatterBot Zulu reevaluating
ChatterBot Romeo reevaluating
ChatterBot Oscar reevaluating
ChatterBot Charlie round 2
ChatterBot Bravo round 2
ChatterBot Zulu round 2
ChatterBot X-ray round 2
ChatterBot Whiskey round 2
2024-10-15 00:47:27.615850 India: Group up?
ChatterBot Bravo reevaluating
ChatterBot Charlie reevaluating
ChatterBot X-ray reevaluating
ChatterBot Whiskey reevaluating
2024-10-15 00:47:27.637694 Bravo: No
2024-10-15 00:47:27.638320 Uniform: No
2024-10-15 00:47:27.638429 Charlie: No
2024-10-15 00:47:27.638539 X-ray: No
2024-10-15 00:47:27.638659 Whiskey: No
ChatterBot India reevaluating
ChatterBot Charlie reevaluating
ChatterBot X-ray reevaluating
ChatterBot Whiskey reevaluating
ChatterBot India reevaluating
ChatterBot Bravo reevaluating
ChatterBot Charlie reevaluating
ChatterBot X-ray reevaluating
ChatterBot Whiskey reevaluating
ChatterBot India reevaluating
ChatterBot Bravo reevaluating
ChatterBot X-ray reevaluating
ChatterBot Whiskey reevaluating
ChatterBot India reevaluating
ChatterBot Bravo reevaluating
ChatterBot Charlie reevaluating
ChatterBot Whiskey reevaluating
ChatterBot India reevaluating
ChatterBot Bravo reevaluating
ChatterBot Charlie reevaluating
ChatterBot X-ray reevaluating
2024-10-15 00:47:27.823954 Charlie: We should add Echo
ChatterBot X-ray reevaluating
ChatterBot Whiskey reevaluating
2024-10-15 00:47:27.846291 Uniform: No
2024-10-15 00:47:27.846482 X-ray: No
2024-10-15 00:47:27.847167 Whiskey: Yes
ChatterBot X-ray reevaluating
ChatterBot Whiskey reevaluating
ChatterBot Charlie reevaluating
ChatterBot Whiskey reevaluating
ChatterBot Charlie reevaluating
ChatterBot X-ray reevaluating
ChatterBot Charlie reevaluating
2024-10-15 00:47:27.939147 Charlie: We should add Romeo
ChatterBot X-ray reevaluating
ChatterBot Whiskey reevaluating
2024-10-15 00:47:27.960710 Uniform: No
2024-10-15 00:47:27.960896 X-ray: Yes
2024-10-15 00:47:27.961032 Whiskey: No
ChatterBot X-ray reevaluating
ChatterBot Whiskey reevaluating
ChatterBot Charlie reevaluating
ChatterBot Whiskey reevaluating
ChatterBot Charlie reevaluating
ChatterBot X-ray reevaluating
ChatterBot Charlie reevaluating
2024-10-15 00:47:28.040365 Zulu: We would work well together
2024-10-15 00:47:28.059880 Echo: Yes
2024-10-15 00:47:28.060125 Romeo: Yes
2024-10-15 00:47:28.060310 Oscar: Yes
2024-10-15 00:47:28.628404 Echo: Sending you each 3
2024-10-15 00:47:28.628863 Uniform: Charlie, sending you 4
2024-10-15 00:47:28.629347 Charlie: Echo we want you to join our group
2024-10-15 00:47:28.633890 Echo: No
2024-10-15 00:47:28.655120 X-ray: Echo we want you to join our group
2024-10-15 00:47:28.659283 Echo: No
2024-10-15 00:47:28.678329 India: Let's form a team
ChatterBot Bravo reevaluating
2024-10-15 00:47:28.696668 Bravo: No
2024-10-15 00:47:28.696935 Romeo: No
2024-10-15 00:47:28.697113 Oscar: No
2024-10-15 00:47:28.697307 Zulu: No
ChatterBot India reevaluating
ChatterBot Zulu reevaluating
ChatterBot India reevaluating
ChatterBot Bravo reevaluating
ChatterBot Zulu reevaluating
ChatterBot India reevaluating
ChatterBot Bravo reevaluating
ChatterBot Zulu reevaluating
ChatterBot India reevaluating
ChatterBot Bravo reevaluating
ChatterBot Oscar reevaluating
2024-10-15 00:47:28.771432 Oscar: Can we be friends?
ChatterBot India reevaluating
ChatterBot Bravo reevaluating
ChatterBot Zulu reevaluating
2024-10-15 00:47:28.791110 India: Yes
2024-10-15 00:47:28.794464 Bravo: Yes
2024-10-15 00:47:28.795713 Romeo: No
2024-10-15 00:47:28.797908 Zulu: Yes
ChatterBot Bravo reevaluating
ChatterBot Oscar reevaluating
ChatterBot Zulu reevaluating
ChatterBot India reevaluating
ChatterBot Romeo reevaluating
ChatterBot Oscar reevaluating
ChatterBot Zulu reevaluating
ChatterBot India reevaluating
ChatterBot Bravo reevaluating
ChatterBot Oscar reevaluating
ChatterBot Zulu reevaluating
ChatterBot India reevaluating
ChatterBot Bravo reevaluating
ChatterBot Romeo reevaluating
ChatterBot Oscar reevaluating
2024-10-15 00:47:28.890946 Romeo: We would work well together
ChatterBot India reevaluating
ChatterBot Bravo reevaluating
ChatterBot Oscar reevaluating
ChatterBot Zulu reevaluating
2024-10-15 00:47:28.910652 India: Yes
2024-10-15 00:47:28.910801 Bravo: Yes
2024-10-15 00:47:28.910904 Oscar: Yes
2024-10-15 00:47:28.911003 Zulu: Yes
ChatterBot Bravo reevaluating
ChatterBot Romeo reevaluating
ChatterBot Oscar reevaluating
ChatterBot Zulu reevaluating
ChatterBot India reevaluating
ChatterBot Romeo reevaluating
ChatterBot Oscar reevaluating
ChatterBot Zulu reevaluating
ChatterBot India reevaluating
ChatterBot Bravo reevaluating
ChatterBot Romeo reevaluating
ChatterBot Zulu reevaluating
ChatterBot India reevaluating
ChatterBot Bravo reevaluating
ChatterBot Romeo reevaluating
ChatterBot Oscar reevaluating
chatterbot Romeo submitting transactions
2024-10-15 00:47:28.985800 Uniform: X-ray, sending you 3
2024-10-15 00:47:28.986743 Whiskey: Sending you 3
chatterbot Whiskey submitting transactions
chatterbot Echo submitting transactions
chatterbot India submitting transactions
chatterbot Uniform submitting transactions
chatterbot Oscar submitting transactions
2024-10-15 00:47:29.059210 Uniform: Whiskey, sending you 5
2024-10-15 00:47:29.102576 Charlie: Uniform, X-ray and Whiskey, sending you 2
2024-10-15 00:47:29.103450 X-ray: Uniform, Charlie and Whiskey, sending you 2
chatterbot Bravo submitting transactions
2024-10-15 00:47:29.124389 Charlie: Echo, sending you 1
2024-10-15 00:47:29.125405 X-ray: Echo, sending you 1
2024-10-15 00:47:29.125799 India: Romeo and Oscar, sending you 2
2024-10-15 00:47:29.126242 Bravo: India, sending you 8
2024-10-15 00:47:29.136009 India: Bravo, sending you 3
2024-10-15 00:47:29.142607 India: Zulu, sending you 1
chatterbot X-ray submitting transactions
chatterbot Charlie submitting transactions
chatterbot Zulu submitting transactions
ChatterBot Uniform round 3
ChatterBot Romeo round 3
ChatterBot Echo round 3
ChatterBot Oscar round 3
ChatterBot India round 3
2024-10-15 00:47:29.546943 Romeo: We should add Echo
ChatterBot India reevaluating
ChatterBot Oscar reevaluating
2024-10-15 00:47:29.563369 India: Yes
2024-10-15 00:47:29.563560 Bravo: No
2024-10-15 00:47:29.564159 Oscar: Yes
2024-10-15 00:47:29.564277 Zulu: No
ChatterBot Romeo reevaluating
ChatterBot Oscar reevaluating
ChatterBot India reevaluating
ChatterBot Romeo reevaluating
ChatterBot Oscar reevaluating
ChatterBot India reevaluating
ChatterBot Romeo reevaluating
ChatterBot India reevaluating
ChatterBot Romeo reevaluating
ChatterBot Oscar reevaluating
ChatterBot Charlie round 3
ChatterBot Bravo round 3
chatterbot Bravo submitting transactions
ChatterBot Zulu round 3
ChatterBot X-ray round 3
ChatterBot Whiskey round 3
2024-10-15 00:47:29.788221 Echo: We should add Whiskey
ChatterBot Romeo reevaluating
ChatterBot Oscar reevaluating
ChatterBot Zulu reevaluating
2024-10-15 00:47:29.803670 Romeo: No
2024-10-15 00:47:29.804013 Oscar: No
2024-10-15 00:47:29.804178 Zulu: No
ChatterBot Oscar reevaluating
ChatterBot Zulu reevaluating
ChatterBot Romeo reevaluating
ChatterBot Zulu reevaluating
ChatterBot Echo reevaluating
ChatterBot Romeo reevaluating
ChatterBot Oscar reevaluating
2024-10-15 00:47:29.858454 Bravo: We should add Echo
ChatterBot India reevaluating
ChatterBot Romeo reevaluating
ChatterBot Zulu reevaluating
2024-10-15 00:47:29.875133 India: Yes
2024-10-15 00:47:29.875383 Romeo: Yes
2024-10-15 00:47:29.875544 Oscar: Yes
2024-10-15 00:47:29.875740 Zulu: Yes
ChatterBot Romeo reevaluating
ChatterBot Zulu reevaluating
ChatterBot India reevaluating
ChatterBot Zulu reevaluating
ChatterBot India reevaluating
ChatterBot Romeo reevaluating
ChatterBot Zulu reevaluating
ChatterBot India reevaluating
ChatterBot Romeo reevaluating
2024-10-15 00:47:29.957135 Oscar: Echo we want you to join our group
ChatterBot Echo reevaluating
2024-10-15 00:47:29.962260 Echo: No
ChatterBot Romeo reevaluating
ChatterBot India reevaluating
chatterbot Romeo submitting transactions
2024-10-15 00:47:29.984231 Bravo: Echo we want you to join our group
ChatterBot Echo reevaluating
2024-10-15 00:47:29.990329 Echo: No
ChatterBot Romeo reevaluating
ChatterBot India reevaluating
chatterbot India submitting transactions
2024-10-15 00:47:30.011796 Uniform: Charlie, sending you 4
chatterbot Zulu submitting transactions
2024-10-15 00:47:30.154724 Romeo: Echo we want you to join our group
ChatterBot Echo reevaluating
2024-10-15 00:47:30.159863 Echo: No
2024-10-15 00:47:30.178053 Zulu: Echo we want you to join our group
ChatterBot Echo reevaluating
2024-10-15 00:47:30.182687 Echo: No
2024-10-15 00:47:30.199889 India: Echo we want you to join our group
ChatterBot Echo reevaluating
2024-10-15 00:47:30.204937 Echo: No
2024-10-15 00:47:30.223115 Charlie: Uniform, X-ray and Whiskey, sending you 2
2024-10-15 00:47:30.223921 Uniform: X-ray, sending you 5
chatterbot Oscar submitting transactions
2024-10-15 00:47:30.274498 Charlie: Echo, sending you 1
2024-10-15 00:47:30.274831 Uniform: Whiskey, sending you 3
2024-10-15 00:47:30.275549 X-ray: Uniform, Charlie and Whiskey, sending you 2
2024-10-15 00:47:30.275866 Whiskey: Uniform, sending you 2
2024-10-15 00:47:30.276137 Echo: Whiskey we want you to join our group
ChatterBot Whiskey reevaluating
2024-10-15 00:47:30.281669 Whiskey: No
ChatterBot Echo reevaluating
2024-10-15 00:47:30.298315 Bravo: Romeo and Oscar, sending you 1
chatterbot Uniform submitting transactions
chatterbot Charlie submitting transactions
2024-10-15 00:47:30.299387 X-ray: Echo, sending you 1
2024-10-15 00:47:30.322303 Bravo: India, sending you 4
2024-10-15 00:47:30.322765 India: Romeo and Zulu, sending you 2
2024-10-15 00:47:30.335343 Bravo: Zulu, sending you 2
2024-10-15 00:47:30.336262 India: Echo, sending you 1
2024-10-15 00:47:30.336712 Whiskey: Sorry, I'm actually sending you 0
2024-10-15 00:47:30.347136 India: Oscar and Bravo, sending you 3
2024-10-15 00:47:30.347783 Echo: Same as last round
2024-10-15 00:47:30.355844 Whiskey: X-ray, sending you 3
chatterbot Zulu submitting transactions
chatterbot Bravo submitting transactions
chatterbot Whiskey submitting transactions
chatterbot Romeo submitting transactions
chatterbot India submitting transactions
chatterbot Echo submitting transactions
chatterbot Oscar submitting transactions
chatterbot X-ray submitting transactions
ChatterBot Uniform round 4
ChatterBot Romeo round 4
ChatterBot Echo round 4
ChatterBot Oscar round 4
ChatterBot India round 4
ChatterBot Charlie round 4
2024-10-15 00:47:31.226480 Romeo: We should add Echo
ChatterBot India reevaluating
2024-10-15 00:47:31.259112 India: Yes
2024-10-15 00:47:31.259363 Bravo: Yes
2024-10-15 00:47:31.259605 Oscar: Yes
2024-10-15 00:47:31.259861 Zulu: Yes
ChatterBot India reevaluating
ChatterBot India reevaluating
ChatterBot India reevaluating
ChatterBot Bravo round 4
ChatterBot Zulu round 4
2024-10-15 00:47:31.348681 Echo: We should add Charlie
2024-10-15 00:47:31.364429 Romeo: No
2024-10-15 00:47:31.364649 Oscar: No
2024-10-15 00:47:31.365414 Zulu: No
ChatterBot Echo reevaluating
ChatterBot Echo reevaluating
ChatterBot Echo reevaluating
ChatterBot X-ray round 4
ChatterBot Whiskey round 4
2024-10-15 00:47:31.432518 Romeo: Echo we want you to join our group
ChatterBot Echo reevaluating
2024-10-15 00:47:31.438453 Echo: No
ChatterBot India reevaluating
ChatterBot Bravo reevaluating
chatterbot Whiskey submitting transactions
2024-10-15 00:47:31.471255 Zulu: We should add Echo
ChatterBot Bravo reevaluating
2024-10-15 00:47:31.492157 India: Yes
2024-10-15 00:47:31.492324 Bravo: Yes
2024-10-15 00:47:31.492458 Romeo: Yes
2024-10-15 00:47:31.492575 Oscar: Yes
ChatterBot Bravo reevaluating
ChatterBot Bravo reevaluating
ChatterBot Bravo reevaluating
2024-10-15 00:47:31.562854 Oscar: Echo we want you to join our group
ChatterBot Echo reevaluating
2024-10-15 00:47:31.568223 Echo: No
ChatterBot Bravo reevaluating
2024-10-15 00:47:31.597588 Whiskey: We should replace X-ray with Charlie
2024-10-15 00:47:31.601345 Uniform: No
ChatterBot Whiskey reevaluating
2024-10-15 00:47:31.605404 Zulu: Echo we want you to join our group
ChatterBot Echo reevaluating
2024-10-15 00:47:31.611210 Echo: No
ChatterBot Bravo reevaluating
2024-10-15 00:47:31.949502 India: Romeo, Bravo and Zulu, sending you 2
2024-10-15 00:47:31.951059 Uniform: Sending you each 4
2024-10-15 00:47:31.951610 Charlie: Uniform, X-ray and Whiskey, sending you 2
2024-10-15 00:47:32.074714 India: Echo, sending you 1
2024-10-15 00:47:32.076194 Charlie: Echo, sending you 1
2024-10-15 00:47:32.076751 X-ray: Uniform, Romeo, Echo, Oscar, Charlie, Zulu and Whiskey, sending you 1
chatterbot X-ray submitting transactions
chatterbot Romeo submitting transactions
chatterbot Uniform submitting transactions
2024-10-15 00:47:32.112474 India: Oscar, sending you 3
2024-10-15 00:47:32.113900 Bravo: Romeo, Oscar and Zulu, sending you 1
2024-10-15 00:47:32.115095 Echo: Same as last round
2024-10-15 00:47:32.116346 Whiskey: Uniform, sending you 2
2024-10-15 00:47:32.188974 Bravo: India, sending you 5
2024-10-15 00:47:32.190054 Whiskey: X-ray, sending you 3
chatterbot Whiskey submitting transactions
chatterbot Oscar submitting transactions
chatterbot Zulu submitting transactions
chatterbot Bravo submitting transactions
chatterbot Charlie submitting transactions
chatterbot Echo submitting transactions
chatterbot India submitting transactions
ChatterBot Uniform round 5
ChatterBot Romeo round 5
ChatterBot Echo round 5
ChatterBot Oscar round 5
ChatterBot India round 5
ChatterBot Charlie round 5
2024-10-15 00:47:32.869191 Echo: We should add X-ray
2024-10-15 00:47:32.884347 Romeo: Yes
2024-10-15 00:47:32.884536 Oscar: Yes
2024-10-15 00:47:32.884704 Zulu: Yes
ChatterBot Echo reevaluating
ChatterBot Echo reevaluating
ChatterBot Echo reevaluating
ChatterBot Bravo round 5
ChatterBot Zulu round 5
ChatterBot X-ray round 5
ChatterBot Whiskey round 5
2024-10-15 00:47:32.941515 Romeo: We should add Echo
2024-10-15 00:47:32.958422 India: Yes
2024-10-15 00:47:32.959183 Bravo: Yes
2024-10-15 00:47:32.959347 Oscar: Yes
2024-10-15 00:47:32.959491 Zulu: Yes
2024-10-15 00:47:33.198484 Whiskey: We should replace X-ray with Charlie
2024-10-15 00:47:33.202958 Uniform: No
2024-10-15 00:47:33.211664 Romeo: Echo we want you to join our group
ChatterBot Echo reevaluating
2024-10-15 00:47:33.217954 Echo: No
2024-10-15 00:47:33.239539 Echo: We should add India
2024-10-15 00:47:33.252105 Romeo: Yes
2024-10-15 00:47:33.252343 Oscar: Yes
2024-10-15 00:47:33.253445 Zulu: Yes
ChatterBot Echo reevaluating
ChatterBot Echo reevaluating
ChatterBot Echo reevaluating
2024-10-15 00:47:33.294045 Oscar: Echo we want you to join our group
ChatterBot Echo reevaluating
2024-10-15 00:47:33.299771 Echo: No
2024-10-15 00:47:33.320807 Zulu: Echo we want you to join our group
ChatterBot Echo reevaluating
2024-10-15 00:47:33.326655 Echo: No
2024-10-15 00:47:33.349034 Whiskey: Charlie we want you to join our group
ChatterBot Charlie reevaluating
2024-10-15 00:47:33.353366 Charlie: Yes
2024-10-15 00:47:33.361374 Charlie: We should replace Echo with Bravo
2024-10-15 00:47:33.372148 Uniform: No
2024-10-15 00:47:33.372435 X-ray: No
2024-10-15 00:47:33.373184 Whiskey: No
ChatterBot Charlie reevaluating
ChatterBot Charlie reevaluating
ChatterBot X-ray reevaluating
ChatterBot Charlie reevaluating
chatterbot Romeo submitting transactions
2024-10-15 00:47:33.414827 India: Romeo, Bravo and Zulu, sending you 2
2024-10-15 00:47:33.417864 Uniform: Same as last round
2024-10-15 00:47:33.421430 Echo: India we want you to join our group
2024-10-15 00:47:33.427418 India: Yes
ChatterBot Echo reevaluating
2024-10-15 00:47:33.445835 Bravo: Romeo, sending you 2
2024-10-15 00:47:33.447868 Charlie: We should drop Echo
ChatterBot X-ray reevaluating
2024-10-15 00:47:33.459658 Uniform: Yes
2024-10-15 00:47:33.459852 X-ray: Yes
2024-10-15 00:47:33.459977 Whiskey: Yes
ChatterBot X-ray reevaluating
ChatterBot Charlie reevaluating
ChatterBot Charlie reevaluating
ChatterBot X-ray reevaluating
ChatterBot Charlie reevaluating
2024-10-15 00:47:33.494981 India: Echo, sending you 1
2024-10-15 00:47:33.495727 Bravo: Oscar and Zulu, sending you 1
2024-10-15 00:47:33.497697 India: Oscar, sending you 3
2024-10-15 00:47:33.502065 Whiskey: Uniform, sending you 2
2024-10-15 00:47:33.502486 Bravo: India, sending you 4
2024-10-15 00:47:33.505960 Whiskey: Charlie, sending you 3
2024-10-15 00:47:33.514263 Echo: Romeo, sending you 3
2024-10-15 00:47:33.519679 Echo: Oscar, India and Zulu, sending you 2
2024-10-15 00:47:33.530003 X-ray: Uniform, sending you 3
2024-10-15 00:47:33.533699 X-ray: India, Charlie, Bravo and Whiskey, sending you 1
chatterbot Whiskey submitting transactions
chatterbot Echo submitting transactions
chatterbot Zulu submitting transactions
chatterbot Oscar submitting transactions
chatterbot India submitting transactions
chatterbot Uniform submitting transactions
chatterbot X-ray submitting transactions
chatterbot Bravo submitting transactions
chatterbot Charlie submitting transactions
ChatterBot Uniform round 6
ChatterBot Romeo round 6
ChatterBot Echo round 6
ChatterBot Oscar round 6
ChatterBot India round 6
ChatterBot Charlie round 6
2024-10-15 00:47:34.747767 Romeo: We should add Echo
ChatterBot India reevaluating
ChatterBot Oscar reevaluating
2024-10-15 00:47:34.773473 India: Yes
2024-10-15 00:47:34.773851 Bravo: Yes
2024-10-15 00:47:34.774742 Oscar: Yes
2024-10-15 00:47:34.775054 Zulu: Yes
ChatterBot Oscar reevaluating
ChatterBot India reevaluating
ChatterBot Oscar reevaluating
ChatterBot India reevaluating
ChatterBot India reevaluating
ChatterBot Oscar reevaluating
ChatterBot Bravo round 6
ChatterBot Zulu round 6
ChatterBot X-ray round 6
ChatterBot Whiskey round 6
2024-10-15 00:47:34.896003 Charlie: We should replace Echo with Bravo
ChatterBot X-ray reevaluating
2024-10-15 00:47:34.911547 Uniform: No
2024-10-15 00:47:34.917167 X-ray: No
2024-10-15 00:47:34.917788 Whiskey: No
ChatterBot X-ray reevaluating
ChatterBot Charlie reevaluating
ChatterBot Charlie reevaluating
ChatterBot X-ray reevaluating
ChatterBot Charlie reevaluating
2024-10-15 00:47:34.968033 X-ray: We would work well together
ChatterBot Oscar reevaluating
ChatterBot India reevaluating
ChatterBot Bravo reevaluating
ChatterBot Zulu reevaluating
2024-10-15 00:47:34.999055 Romeo: No
2024-10-15 00:47:34.999246 Echo: No
2024-10-15 00:47:34.999442 Oscar: No
2024-10-15 00:47:34.999635 India: No
2024-10-15 00:47:34.999781 Bravo: No
2024-10-15 00:47:34.999920 Zulu: No
ChatterBot X-ray reevaluating
ChatterBot Oscar reevaluating
ChatterBot India reevaluating
ChatterBot Bravo reevaluating
ChatterBot Zulu reevaluating
ChatterBot X-ray reevaluating
ChatterBot Romeo reevaluating
ChatterBot Oscar reevaluating
ChatterBot India reevaluating
ChatterBot Bravo reevaluating
ChatterBot Zulu reevaluating
ChatterBot X-ray reevaluating
ChatterBot Romeo reevaluating
ChatterBot India reevaluating
ChatterBot Bravo reevaluating
ChatterBot Zulu reevaluating
ChatterBot X-ray reevaluating
ChatterBot Romeo reevaluating
ChatterBot Oscar reevaluating
ChatterBot Bravo reevaluating
ChatterBot Zulu reevaluating
ChatterBot X-ray reevaluating
ChatterBot Romeo reevaluating
ChatterBot Oscar reevaluating
ChatterBot India reevaluating
ChatterBot Zulu reevaluating
ChatterBot X-ray reevaluating
ChatterBot Romeo reevaluating
ChatterBot Oscar reevaluating
ChatterBot India reevaluating
ChatterBot Bravo reevaluating
2024-10-15 00:47:35.217553 Zulu: We should add Echo
ChatterBot India reevaluating
ChatterBot Bravo reevaluating
ChatterBot Romeo reevaluating
ChatterBot Oscar reevaluating
2024-10-15 00:47:35.240318 India: Yes
2024-10-15 00:47:35.240523 Bravo: Yes
2024-10-15 00:47:35.240703 Romeo: Yes
2024-10-15 00:47:35.240868 Oscar: Yes
ChatterBot Bravo reevaluating
ChatterBot Romeo reevaluating
ChatterBot Oscar reevaluating
ChatterBot Zulu reevaluating
ChatterBot India reevaluating
ChatterBot Romeo reevaluating
ChatterBot Oscar reevaluating
ChatterBot Zulu reevaluating
ChatterBot India reevaluating
ChatterBot Bravo reevaluating
ChatterBot Oscar reevaluating
ChatterBot Zulu reevaluating
ChatterBot India reevaluating
ChatterBot Bravo reevaluating
ChatterBot Romeo reevaluating
ChatterBot Zulu reevaluating
2024-10-15 00:47:35.337156 Oscar: We should add Echo and X-ray
ChatterBot India reevaluating
ChatterBot Bravo reevaluating
ChatterBot Romeo reevaluating
ChatterBot Zulu reevaluating
2024-10-15 00:47:35.356048 India: Yes
2024-10-15 00:47:35.356309 Bravo: Yes
2024-10-15 00:47:35.356503 Romeo: Yes
2024-10-15 00:47:35.356697 Zulu: Yes
ChatterBot Bravo reevaluating
ChatterBot Romeo reevaluating
ChatterBot Oscar reevaluating
ChatterBot Zulu reevaluating
ChatterBot India reevaluating
ChatterBot Romeo reevaluating
ChatterBot Oscar reevaluating
ChatterBot Zulu reevaluating
ChatterBot India reevaluating
ChatterBot Bravo reevaluating
ChatterBot Oscar reevaluating
ChatterBot Zulu reevaluating
ChatterBot India reevaluating
ChatterBot Bravo reevaluating
ChatterBot Romeo reevaluating
ChatterBot Oscar reevaluating
2024-10-15 00:47:35.446760 Romeo: Echo and X-ray we want you to join our group
2024-10-15 00:47:35.452589 X-ray: Yes
2024-10-15 00:47:35.452776 Echo: No
ChatterBot Echo reevaluating
ChatterBot Oscar reevaluating
ChatterBot Bravo reevaluating
ChatterBot Zulu reevaluating
ChatterBot Oscar reevaluating
ChatterBot India reevaluating
ChatterBot Bravo reevaluating
ChatterBot Zulu reevaluating
2024-10-15 00:47:35.495995 Echo: We should add Bravo
2024-10-15 00:47:35.496574 India: We should add X-ray
ChatterBot Oscar reevaluating
ChatterBot Zulu reevaluating
ChatterBot India reevaluating
2024-10-15 00:47:35.512832 Romeo: Yes
2024-10-15 00:47:35.513004 Oscar: Yes
2024-10-15 00:47:35.513171 Zulu: Yes
2024-10-15 00:47:35.513329 India: Yes
ChatterBot Oscar reevaluating
ChatterBot Echo reevaluating
ChatterBot Zulu reevaluating
ChatterBot Bravo reevaluating
2024-10-15 00:47:35.533254 Oscar: Yes
2024-10-15 00:47:35.533425 Romeo: Yes
2024-10-15 00:47:35.533564 Echo: Yes
2024-10-15 00:47:35.533703 Zulu: Yes
2024-10-15 00:47:35.533842 Bravo: Yes
ChatterBot Echo reevaluating
ChatterBot Oscar reevaluating
ChatterBot Zulu reevaluating
ChatterBot India reevaluating
ChatterBot Echo reevaluating
ChatterBot Zulu reevaluating
ChatterBot India reevaluating
ChatterBot Bravo reevaluating
ChatterBot Echo reevaluating
ChatterBot Oscar reevaluating
ChatterBot India reevaluating
ChatterBot Bravo reevaluating
ChatterBot Echo reevaluating
ChatterBot Oscar reevaluating
ChatterBot Zulu reevaluating
ChatterBot Bravo reevaluating
ChatterBot Echo reevaluating
ChatterBot Zulu reevaluating
ChatterBot India reevaluating
ChatterBot Bravo reevaluating
ChatterBot Echo reevaluating
ChatterBot Oscar reevaluating
ChatterBot Zulu reevaluating
ChatterBot India reevaluating
ChatterBot Oscar reevaluating
ChatterBot Zulu reevaluating
ChatterBot India reevaluating
ChatterBot Echo reevaluating
ChatterBot Oscar reevaluating
ChatterBot India reevaluating
ChatterBot Echo reevaluating
ChatterBot Oscar reevaluating
ChatterBot Zulu reevaluating
ChatterBot India reevaluating
2024-10-15 00:47:35.663284 Charlie: Bravo we want you to join our group
ChatterBot Bravo reevaluating
2024-10-15 00:47:35.666038 Bravo: No
ChatterBot Charlie reevaluating
chatterbot Uniform submitting transactions
2024-10-15 00:47:35.674937 Oscar: Echo and X-ray we want you to join our group
2024-10-15 00:47:35.678976 X-ray: Yes
2024-10-15 00:47:35.679104 Echo: No
ChatterBot India reevaluating
ChatterBot Bravo reevaluating
ChatterBot India reevaluating
ChatterBot Bravo reevaluating
ChatterBot Zulu reevaluating
2024-10-15 00:47:35.704999 Echo: Bravo we want you to join our group
ChatterBot Bravo reevaluating
2024-10-15 00:47:35.707724 Bravo: Yes
ChatterBot Oscar reevaluating
ChatterBot Zulu reevaluating
ChatterBot India reevaluating
2024-10-15 00:47:35.718976 Uniform: Same as last round
2024-10-15 00:47:35.721658 Whiskey: Uniform, sending you 2
2024-10-15 00:47:35.724392 X-ray: Romeo, Echo, Oscar, Bravo and Zulu, sending you 1
2024-10-15 00:47:35.725692 Whiskey: Charlie, sending you 3
2024-10-15 00:47:35.726667 Zulu: Echo we want you to join our group
2024-10-15 00:47:35.729687 Echo: Yes
ChatterBot Oscar reevaluating
ChatterBot Zulu reevaluating
ChatterBot India reevaluating
ChatterBot Bravo reevaluating
2024-10-15 00:47:35.741688 X-ray: India, sending you 2
2024-10-15 00:47:35.745015 Echo: Romeo, Oscar, India and Zulu, sending you 2
2024-10-15 00:47:35.746671 India: X-ray we want you to join our group
2024-10-15 00:47:35.749737 X-ray: Yes
ChatterBot Romeo reevaluating
ChatterBot Oscar reevaluating
ChatterBot India reevaluating
ChatterBot Bravo reevaluating
ChatterBot Zulu reevaluating
2024-10-15 00:47:35.768556 Charlie: Uniform, X-ray and Whiskey, sending you 2
2024-10-15 00:47:35.769104 Echo: Bravo, sending you 1
2024-10-15 00:47:35.772752 Bravo: X-ray we want you to join our group
2024-10-15 00:47:35.776552 X-ray: Yes
ChatterBot Romeo reevaluating
ChatterBot Oscar reevaluating
ChatterBot India reevaluating
ChatterBot Bravo reevaluating
ChatterBot Zulu reevaluating
2024-10-15 00:47:35.800545 Charlie: Bravo, sending you 1
2024-10-15 00:47:35.820682 Bravo: Romeo, sending you 2
2024-10-15 00:47:35.824681 India: Romeo and Bravo, sending you 2
2024-10-15 00:47:35.825675 Bravo: Oscar and Zulu, sending you 1
2024-10-15 00:47:35.827665 India: Echo, sending you 1
2024-10-15 00:47:35.831679 Bravo: India, sending you 4
2024-10-15 00:47:35.832401 India: Oscar and Zulu, sending you 3
chatterbot Echo submitting transactions
chatterbot Romeo submitting transactions
chatterbot Echo submitting transactions
chatterbot Charlie submitting transactions
chatterbot India submitting transactions
chatterbot Whiskey submitting transactions
chatterbot Romeo submitting transactions
chatterbot Zulu submitting transactions
chatterbot Bravo submitting transactions
chatterbot X-ray submitting transactions
chatterbot Charlie submitting transactions
chatterbot Oscar submitting transactions
ChatterBot Uniform round 7
ChatterBot Romeo round 7
ChatterBot Echo round 7
ChatterBot Oscar round 7
ChatterBot India round 7
ChatterBot Charlie round 7
ChatterBot Bravo round 7
ChatterBot Zulu round 7
ChatterBot X-ray round 7
2024-10-15 00:47:36.902001 Bravo: We should add X-ray
ChatterBot Oscar reevaluating
ChatterBot Romeo reevaluating
ChatterBot Zulu reevaluating
ChatterBot India reevaluating
2024-10-15 00:47:36.916144 Oscar: Yes
2024-10-15 00:47:36.916275 Romeo: Yes
2024-10-15 00:47:36.916394 Echo: Yes
2024-10-15 00:47:36.916997 Zulu: Yes
2024-10-15 00:47:36.917141 India: Yes
ChatterBot Romeo reevaluating
ChatterBot Zulu reevaluating
ChatterBot India reevaluating
ChatterBot Bravo reevaluating
ChatterBot Oscar reevaluating
ChatterBot Zulu reevaluating
ChatterBot India reevaluating
ChatterBot Bravo reevaluating
ChatterBot Oscar reevaluating
ChatterBot Romeo reevaluating
ChatterBot Zulu reevaluating
ChatterBot India reevaluating
ChatterBot Bravo reevaluating
ChatterBot Oscar reevaluating
ChatterBot Romeo reevaluating
ChatterBot India reevaluating
ChatterBot Bravo reevaluating
ChatterBot Oscar reevaluating
ChatterBot Romeo reevaluating
ChatterBot Zulu reevaluating
ChatterBot Bravo reevaluating
2024-10-15 00:47:36.978108 Oscar: We should add Echo and X-ray
ChatterBot India reevaluating
ChatterBot Bravo reevaluating
ChatterBot Romeo reevaluating
ChatterBot Zulu reevaluating
2024-10-15 00:47:36.986967 India: Yes
2024-10-15 00:47:36.987077 Bravo: Yes
2024-10-15 00:47:36.987184 Romeo: Yes
2024-10-15 00:47:36.987285 Zulu: Yes
ChatterBot Bravo reevaluating
ChatterBot Romeo reevaluating
ChatterBot Oscar reevaluating
ChatterBot Zulu reevaluating
ChatterBot India reevaluating
ChatterBot Romeo reevaluating
ChatterBot Oscar reevaluating
ChatterBot Zulu reevaluating
ChatterBot India reevaluating
ChatterBot Bravo reevaluating
ChatterBot Oscar reevaluating
ChatterBot Zulu reevaluating
ChatterBot India reevaluating
ChatterBot Bravo reevaluating
ChatterBot Romeo reevaluating
ChatterBot Oscar reevaluating
ChatterBot Whiskey round 7
2024-10-15 00:47:37.047703 Zulu: Echo and X-ray we want you to join our group
2024-10-15 00:47:37.053196 X-ray: Yes
2024-10-15 00:47:37.053365 Echo: No
ChatterBot India reevaluating
ChatterBot Bravo reevaluating
ChatterBot India reevaluating
ChatterBot Bravo reevaluating
2024-10-15 00:47:37.082474 Oscar: Echo and X-ray we want you to join our group
2024-10-15 00:47:37.086951 X-ray: Yes
2024-10-15 00:47:37.087085 Echo: No
ChatterBot India reevaluating
ChatterBot Bravo reevaluating
ChatterBot India reevaluating
ChatterBot Bravo reevaluating
2024-10-15 00:47:37.109619 Romeo: Echo and X-ray we want you to join our group
2024-10-15 00:47:37.113534 X-ray: Yes
2024-10-15 00:47:37.113699 Echo: No
ChatterBot India reevaluating
ChatterBot India reevaluating
2024-10-15 00:47:37.134548 Bravo: X-ray we want you to join our group
2024-10-15 00:47:37.136470 X-ray: Yes
ChatterBot India reevaluating
2024-10-15 00:47:37.147098 Uniform: Same as last round
2024-10-15 00:47:37.147753 Echo: Romeo, Oscar, India and Zulu, sending you 2
2024-10-15 00:47:37.148177 Charlie: Uniform, X-ray and Whiskey, sending you 2
2024-10-15 00:47:37.148419 X-ray: Romeo, sending you 2
2024-10-15 00:47:37.151676 India: X-ray we want you to join our group
2024-10-15 00:47:37.154456 X-ray: Yes
ChatterBot India reevaluating
2024-10-15 00:47:37.166571 Charlie: Bravo, sending you 1
2024-10-15 00:47:37.166988 Whiskey: Uniform, sending you 2
2024-10-15 00:47:37.167250 Echo: Bravo, sending you 1
2024-10-15 00:47:37.167789 X-ray: Echo, Oscar, India, Bravo and Zulu, sending you 1
2024-10-15 00:47:37.171678 Whiskey: Charlie, sending you 3
2024-10-15 00:47:37.171938 Bravo: Romeo, sending you 2
2024-10-15 00:47:37.174671 Bravo: Echo and X-ray, sending you 1
2024-10-15 00:47:37.178680 Bravo: India, sending you 4
2024-10-15 00:47:37.189660 India: Romeo and Bravo, sending you 2
2024-10-15 00:47:37.194666 India: Echo, sending you 1
2024-10-15 00:47:37.198679 India: Oscar and Zulu, sending you 3
chatterbot Oscar submitting transactions
chatterbot Zulu submitting transactions
chatterbot India submitting transactions
chatterbot Echo submitting transactions
chatterbot Romeo submitting transactions
chatterbot Uniform submitting transactions
chatterbot Whiskey submitting transactions
chatterbot Charlie submitting transactions
chatterbot Bravo submitting transactions
chatterbot X-ray submitting transactions
ChatterBot Uniform round 8
ChatterBot Romeo round 8
ChatterBot Echo round 8
ChatterBot Oscar round 8
ChatterBot India round 8
ChatterBot Charlie round 8
ChatterBot Bravo round 8
ChatterBot Zulu round 8
ChatterBot X-ray round 8
ChatterBot Whiskey round 8
2024-10-15 00:47:38.285543 Romeo: We should add Echo and X-ray
2024-10-15 00:47:38.295771 India: Yes
2024-10-15 00:47:38.295975 Bravo: Yes
2024-10-15 00:47:38.296143 Oscar: Yes
2024-10-15 00:47:38.296333 Zulu: Yes
ChatterBot India reevaluating
ChatterBot India reevaluating
2024-10-15 00:47:38.351856 Romeo: Echo and X-ray we want you to join our group
2024-10-15 00:47:38.356841 X-ray: Yes
2024-10-15 00:47:38.357002 Echo: No
ChatterBot India reevaluating
ChatterBot India reevaluating
2024-10-15 00:47:38.384027 Zulu: Echo and X-ray we want you to join our group
2024-10-15 00:47:38.388959 X-ray: Yes
2024-10-15 00:47:38.389086 Echo: No
ChatterBot India reevaluating
ChatterBot India reevaluating
2024-10-15 00:47:38.416737 India: We should add X-ray
2024-10-15 00:47:38.428247 Oscar: Yes
2024-10-15 00:47:38.428401 Romeo: Yes
2024-10-15 00:47:38.428537 Echo: Yes
2024-10-15 00:47:38.428652 Zulu: Yes
2024-10-15 00:47:38.428756 Bravo: Yes
ChatterBot India reevaluating
ChatterBot India reevaluating
ChatterBot India reevaluating
ChatterBot India reevaluating
ChatterBot India reevaluating
2024-10-15 00:47:38.483941 Oscar: Echo and X-ray we want you to join our group
2024-10-15 00:47:38.488827 X-ray: Yes
2024-10-15 00:47:38.488956 Echo: No
ChatterBot India reevaluating
ChatterBot India reevaluating
2024-10-15 00:47:38.518702 Echo: Romeo, Oscar, India and Zulu, sending you 2
2024-10-15 00:47:38.520034 Uniform: Charlie, sending you 5
2024-10-15 00:47:38.520454 Charlie: Uniform, X-ray and Whiskey, sending you 2
2024-10-15 00:47:38.524090 India: X-ray we want you to join our group
2024-10-15 00:47:38.528426 X-ray: Yes
ChatterBot India reevaluating
2024-10-15 00:47:38.550422 Uniform: X-ray, sending you 3
2024-10-15 00:47:38.550997 Echo: Bravo, sending you 1
2024-10-15 00:47:38.551765 Charlie: Bravo, sending you 1
2024-10-15 00:47:38.553690 Uniform: Whiskey, sending you 4
2024-10-15 00:47:38.555726 X-ray: Romeo, sending you 2
2024-10-15 00:47:38.557672 Whiskey: Uniform, sending you 2
2024-10-15 00:47:38.558050 Bravo: Romeo, sending you 2
2024-10-15 00:47:38.559682 X-ray: Echo, Oscar, India, Bravo and Zulu, sending you 1
2024-10-15 00:47:38.560704 Whiskey: Charlie, sending you 3
2024-10-15 00:47:38.562679 Bravo: Echo, Zulu and X-ray, sending you 1
2024-10-15 00:47:38.566672 Bravo: India, sending you 3
2024-10-15 00:47:38.587678 India: Sending you each 2
chatterbot X-ray submitting transactions
chatterbot Bravo submitting transactions
chatterbot Oscar submitting transactions
chatterbot Romeo submitting transactions
chatterbot Uniform submitting transactions
chatterbot Echo submitting transactions
chatterbot Whiskey submitting transactions
chatterbot India submitting transactions
chatterbot Charlie submitting transactions
chatterbot Zulu submitting transactions
ChatterBot Uniform round 9
ChatterBot Romeo round 9
ChatterBot Echo round 9
ChatterBot Oscar round 9
ChatterBot India round 9
ChatterBot Charlie round 9
ChatterBot Bravo round 9
ChatterBot Zulu round 9
ChatterBot X-ray round 9
ChatterBot Whiskey round 9
2024-10-15 00:47:39.624328 Zulu: We should add Echo and X-ray
ChatterBot India reevaluating
2024-10-15 00:47:39.636717 India: Yes
2024-10-15 00:47:39.637380 Bravo: Yes
