ChatterBot Hotel round 1
ChatterBot Yankee round 1
ChatterBot Kilo round 1
ChatterBot Tango round 1
ChatterBot Mike round 1
ChatterBot November round 1
ChatterBot Foxtrot round 1
ChatterBot Echo round 1
ChatterBot Romeo round 1
ChatterBot Delta round 1
randomSelections Mike: {Mike, Foxtrot, Delta, Kilo, November, Yankee} 
2024-10-14 14:51:09.549094 Mike: We should group up
ChatterBot Foxtrot reevaluating
ChatterBot Delta reevaluating
ChatterBot Kilo reevaluating
ChatterBot November reevaluating
ChatterBot Yankee reevaluating
2024-10-14 14:51:09.605131 Foxtrot: Yes
2024-10-14 14:51:09.605395 Delta: Yes
2024-10-14 14:51:09.605559 Kilo: Yes
2024-10-14 14:51:09.605703 November: Yes
2024-10-14 14:51:09.605918 Yankee: Yes
ChatterBot Delta reevaluating
ChatterBot Kilo reevaluating
ChatterBot November reevaluating
ChatterBot Yankee reevaluating
ChatterBot Foxtrot reevaluating
ChatterBot Kilo reevaluating
ChatterBot November reevaluating
ChatterBot Yankee reevaluating
ChatterBot Foxtrot reevaluating
ChatterBot Delta reevaluating
ChatterBot November reevaluating
ChatterBot Yankee reevaluating
ChatterBot Foxtrot reevaluating
ChatterBot Delta reevaluating
ChatterBot Kilo reevaluating
ChatterBot Yankee reevaluating
ChatterBot Foxtrot reevaluating
ChatterBot Delta reevaluating
ChatterBot Kilo reevaluating
ChatterBot November reevaluating
randomSelections Hotel: {Hotel, November, Delta, Foxtrot, Yankee, Echo} 
2024-10-14 14:51:09.649420 Hotel: Can we be friends?
ChatterBot November reevaluating
ChatterBot Delta reevaluating
ChatterBot Foxtrot reevaluating
ChatterBot Yankee reevaluating
ChatterBot Echo reevaluating
2024-10-14 14:51:09.661385 November: No
2024-10-14 14:51:09.661574 Delta: No
2024-10-14 14:51:09.661747 Foxtrot: No
2024-10-14 14:51:09.662273 Yankee: No
2024-10-14 14:51:09.662424 Echo: Yes
ChatterBot Delta reevaluating
ChatterBot Foxtrot reevaluating
ChatterBot Yankee reevaluating
ChatterBot Echo reevaluating
ChatterBot November reevaluating
ChatterBot Foxtrot reevaluating
ChatterBot Yankee reevaluating
ChatterBot Echo reevaluating
ChatterBot November reevaluating
ChatterBot Delta reevaluating
ChatterBot Yankee reevaluating
ChatterBot Echo reevaluating
ChatterBot November reevaluating
ChatterBot Delta reevaluating
ChatterBot Foxtrot reevaluating
ChatterBot Echo reevaluating
ChatterBot November reevaluating
ChatterBot Delta reevaluating
ChatterBot Foxtrot reevaluating
ChatterBot Yankee reevaluating
randomSelections Tango: {Tango, Echo, Yankee, Foxtrot, Romeo, Kilo} 
2024-10-14 14:51:09.727253 Tango: We would work well together
ChatterBot Echo reevaluating
ChatterBot Yankee reevaluating
ChatterBot Foxtrot reevaluating
ChatterBot Romeo reevaluating
ChatterBot Kilo reevaluating
2024-10-14 14:51:09.738626 Echo: No
2024-10-14 14:51:09.739204 Yankee: No
2024-10-14 14:51:09.739426 Foxtrot: No
2024-10-14 14:51:09.739669 Romeo: Yes
2024-10-14 14:51:09.739832 Kilo: No
ChatterBot Yankee reevaluating
ChatterBot Foxtrot reevaluating
ChatterBot Romeo reevaluating
ChatterBot Kilo reevaluating
ChatterBot Echo reevaluating
ChatterBot Foxtrot reevaluating
ChatterBot Romeo reevaluating
ChatterBot Kilo reevaluating
ChatterBot Echo reevaluating
ChatterBot Yankee reevaluating
ChatterBot Romeo reevaluating
ChatterBot Kilo reevaluating
ChatterBot Echo reevaluating
ChatterBot Yankee reevaluating
ChatterBot Foxtrot reevaluating
ChatterBot Kilo reevaluating
ChatterBot Echo reevaluating
ChatterBot Yankee reevaluating
ChatterBot Foxtrot reevaluating
ChatterBot Romeo reevaluating
2024-10-14 14:51:09.813829 Romeo: Yankee and Echo, sending you 2
2024-10-14 14:51:09.815502 Tango: Yankee and Romeo, sending you 2
2024-10-14 14:51:09.818685 Romeo: Kilo and Tango, sending you 4
2024-10-14 14:51:09.820507 Kilo: Yankee, Mike and November, sending you 3
2024-10-14 14:51:09.820969 Tango: Kilo, sending you 3
2024-10-14 14:51:09.822703 Mike: Yankee, sending you 3
2024-10-14 14:51:09.823169 Hotel: Yankee and November, sending you 3
2024-10-14 14:51:09.823566 Foxtrot: Yankee and November, sending you 3
2024-10-14 14:51:09.824781 November: Yankee and Delta, sending you 2
2024-10-14 14:51:09.825154 Romeo: Foxtrot, sending you 5
2024-10-14 14:51:09.825462 Yankee: Kilo, Foxtrot and Delta, sending you 2
2024-10-14 14:51:09.825774 Tango: Foxtrot, sending you 7
2024-10-14 14:51:09.827124 Kilo: Foxtrot, sending you 5
2024-10-14 14:51:09.827545 Echo: Hotel, sending you 1
2024-10-14 14:51:09.827916 Delta: Yankee, sending you 5
2024-10-14 14:51:09.829112 Foxtrot: Kilo, sending you 1
2024-10-14 14:51:09.829457 Mike: Kilo, sending you 5
2024-10-14 14:51:09.829834 Hotel: Foxtrot, sending you 1
2024-10-14 14:51:09.830204 November: Kilo, Mike and Foxtrot, sending you 1
2024-10-14 14:51:09.831227 Yankee: Mike, sending you 1
2024-10-14 14:51:09.831521 Echo: Yankee, sending you 4
2024-10-14 14:51:09.831858 Foxtrot: Mike and Delta, sending you 2
2024-10-14 14:51:09.834085 Delta: Kilo, sending you 4
2024-10-14 14:51:09.835854 Mike: November, sending you 2
2024-10-14 14:51:09.837075 Hotel: Echo and Delta, sending you 2
2024-10-14 14:51:09.837638 Yankee: November, sending you 4
2024-10-14 14:51:09.838223 Echo: November, sending you 3
2024-10-14 14:51:09.839307 Delta: Mike and November, sending you 2
2024-10-14 14:51:09.839910 Mike: Foxtrot and Delta, sending you 4
2024-10-14 14:51:09.845011 Echo: Foxtrot, sending you 2
2024-10-14 14:51:09.845506 Delta: Foxtrot, sending you 1
2024-10-14 14:51:09.847681 Echo: Delta, sending you 6
chatterbot Romeo submitting transactions
chatterbot Yankee submitting transactions
chatterbot Tango submitting transactions
chatterbot November submitting transactions
chatterbot Delta submitting transactions
chatterbot Hotel submitting transactions
chatterbot Foxtrot submitting transactions
chatterbot Mike submitting transactions
chatterbot Echo submitting transactions
chatterbot Kilo submitting transactions
ChatterBot Hotel round 2
ChatterBot Yankee round 2
ChatterBot Kilo round 2
ChatterBot Tango round 2
ChatterBot Mike round 2
ChatterBot November round 2
ChatterBot Foxtrot round 2
ChatterBot Echo round 2
ChatterBot Romeo round 2
2024-10-14 14:51:11.095751 Yankee: Can we be friends?
ChatterBot Kilo reevaluating
ChatterBot Mike reevaluating
ChatterBot Foxtrot reevaluating
ChatterBot Hotel reevaluating
ChatterBot November reevaluating
ChatterBot Echo reevaluating
ChatterBot Delta reevaluating
ChatterBot Tango reevaluating
2024-10-14 14:51:11.148297 Kilo: No
2024-10-14 14:51:11.148663 Mike: No
2024-10-14 14:51:11.148894 Foxtrot: Yes
2024-10-14 14:51:11.149589 Hotel: No
2024-10-14 14:51:11.149866 November: No
2024-10-14 14:51:11.150080 Echo: No
2024-10-14 14:51:11.150415 Delta: No
2024-10-14 14:51:11.151042 Tango: Yes
ChatterBot Yankee reevaluating
ChatterBot Mike reevaluating
ChatterBot Foxtrot reevaluating
ChatterBot Hotel reevaluating
ChatterBot November reevaluating
ChatterBot Echo reevaluating
ChatterBot Delta reevaluating
ChatterBot Tango reevaluating
ChatterBot Yankee reevaluating
ChatterBot Kilo reevaluating
ChatterBot Foxtrot reevaluating
ChatterBot Hotel reevaluating
ChatterBot November reevaluating
ChatterBot Echo reevaluating
ChatterBot Delta reevaluating
ChatterBot Tango reevaluating
ChatterBot Yankee reevaluating
ChatterBot Kilo reevaluating
ChatterBot Mike reevaluating
ChatterBot Hotel reevaluating
ChatterBot November reevaluating
ChatterBot Echo reevaluating
ChatterBot Delta reevaluating
ChatterBot Tango reevaluating
ChatterBot Yankee reevaluating
ChatterBot Kilo reevaluating
ChatterBot Mike reevaluating
ChatterBot Foxtrot reevaluating
ChatterBot November reevaluating
ChatterBot Echo reevaluating
ChatterBot Delta reevaluating
ChatterBot Tango reevaluating
ChatterBot Yankee reevaluating
ChatterBot Kilo reevaluating
ChatterBot Mike reevaluating
ChatterBot Foxtrot reevaluating
ChatterBot Hotel reevaluating
ChatterBot Echo reevaluating
ChatterBot Delta reevaluating
ChatterBot Tango reevaluating
ChatterBot Yankee reevaluating
ChatterBot Kilo reevaluating
ChatterBot Mike reevaluating
ChatterBot Foxtrot reevaluating
ChatterBot Hotel reevaluating
ChatterBot November reevaluating
ChatterBot Delta reevaluating
ChatterBot Tango reevaluating
ChatterBot Yankee reevaluating
ChatterBot Kilo reevaluating
ChatterBot Mike reevaluating
ChatterBot Foxtrot reevaluating
ChatterBot Hotel reevaluating
ChatterBot November reevaluating
ChatterBot Echo reevaluating
ChatterBot Tango reevaluating
ChatterBot Yankee reevaluating
ChatterBot Kilo reevaluating
ChatterBot Mike reevaluating
ChatterBot Foxtrot reevaluating
ChatterBot Hotel reevaluating
ChatterBot November reevaluating
ChatterBot Echo reevaluating
ChatterBot Delta reevaluating
2024-10-14 14:51:11.526065 November: We should add Hotel and Echo
ChatterBot Mike reevaluating
ChatterBot Foxtrot reevaluating
ChatterBot Delta reevaluating
ChatterBot Kilo reevaluating
ChatterBot Yankee reevaluating
2024-10-14 14:51:11.557730 Mike: Yes
2024-10-14 14:51:11.557869 Foxtrot: Yes
2024-10-14 14:51:11.557982 Delta: No
2024-10-14 14:51:11.558107 Kilo: Yes
2024-10-14 14:51:11.558214 Yankee: Yes
ChatterBot Foxtrot reevaluating
ChatterBot Delta reevaluating
ChatterBot Kilo reevaluating
ChatterBot November reevaluating
ChatterBot Yankee reevaluating
ChatterBot Mike reevaluating
ChatterBot Delta reevaluating
ChatterBot Kilo reevaluating
ChatterBot November reevaluating
ChatterBot Yankee reevaluating
ChatterBot Mike reevaluating
ChatterBot Foxtrot reevaluating
ChatterBot Kilo reevaluating
ChatterBot November reevaluating
ChatterBot Yankee reevaluating
ChatterBot Mike reevaluating
ChatterBot Foxtrot reevaluating
ChatterBot Delta reevaluating
ChatterBot November reevaluating
ChatterBot Yankee reevaluating
ChatterBot Mike reevaluating
ChatterBot Foxtrot reevaluating
ChatterBot Delta reevaluating
ChatterBot Kilo reevaluating
ChatterBot November reevaluating
ChatterBot Delta round 2
2024-10-14 14:51:11.818643 Romeo: Can we be friends?
ChatterBot Tango reevaluating
ChatterBot Foxtrot reevaluating
2024-10-14 14:51:11.834180 Tango: Yes
2024-10-14 14:51:11.834907 Foxtrot: No
ChatterBot Foxtrot reevaluating
ChatterBot Tango reevaluating
2024-10-14 14:51:11.868343 November: Hotel and Echo we want you to join our group
2024-10-14 14:51:11.885442 Hotel: Yes
2024-10-14 14:51:11.886171 Echo: No
ChatterBot Kilo reevaluating
ChatterBot Delta reevaluating
ChatterBot Kilo reevaluating
ChatterBot Delta reevaluating
2024-10-14 14:51:11.993212 Delta: We should add Hotel and Echo
ChatterBot Kilo reevaluating
ChatterBot Yankee reevaluating
2024-10-14 14:51:12.030390 Mike: Yes
2024-10-14 14:51:12.030654 Foxtrot: Yes
2024-10-14 14:51:12.030840 Kilo: Yes
2024-10-14 14:51:12.031026 November: Yes
2024-10-14 14:51:12.031516 Yankee: Yes
ChatterBot Delta reevaluating
ChatterBot Kilo reevaluating
ChatterBot Yankee reevaluating
ChatterBot Delta reevaluating
ChatterBot Kilo reevaluating
ChatterBot Yankee reevaluating
ChatterBot Delta reevaluating
ChatterBot Yankee reevaluating
ChatterBot Foxtrot reevaluating
ChatterBot Delta reevaluating
ChatterBot Kilo reevaluating
ChatterBot Yankee reevaluating
ChatterBot Foxtrot reevaluating
ChatterBot Delta reevaluating
ChatterBot Kilo reevaluating
2024-10-14 14:51:12.173009 Hotel: Yankee, Kilo, Tango, Mike, November, Foxtrot, Romeo and Delta, sending you 1
chatterbot November submitting transactions
2024-10-14 14:51:12.867522 Delta: Hotel and Echo we want you to join our group
ChatterBot Echo reevaluating
2024-10-14 14:51:12.880049 Hotel: Yes
2024-10-14 14:51:12.880218 Echo: No
ChatterBot Kilo reevaluating
ChatterBot Yankee reevaluating
ChatterBot Echo reevaluating
ChatterBot Delta reevaluating
ChatterBot Kilo reevaluating
ChatterBot Yankee reevaluating
ChatterBot Delta reevaluating
2024-10-14 14:51:12.953553 Hotel: Echo, sending you 3
chatterbot Romeo submitting transactions
chatterbot Mike submitting transactions
chatterbot Tango submitting transactions
2024-10-14 14:51:13.426820 Tango: Hotel, Yankee, November, Foxtrot, Echo and Delta, sending you 1
2024-10-14 14:51:13.427813 Mike: Hotel, Tango and Echo, sending you 1
2024-10-14 14:51:13.428222 November: Hotel, Yankee, Kilo, Foxtrot and Echo, sending you 2
2024-10-14 14:51:13.429111 Foxtrot: Hotel, Yankee, Mike, November, Echo and Delta, sending you 1
2024-10-14 14:51:13.429435 Romeo: Tango, sending you 17
chatterbot Hotel submitting transactions
chatterbot Echo submitting transactions
chatterbot Foxtrot submitting transactions
2024-10-14 14:51:13.673354 Tango: Kilo and Mike, sending you 2
2024-10-14 14:51:13.674475 Mike: Yankee and November, sending you 2
2024-10-14 14:51:13.675064 November: Mike, sending you 1
2024-10-14 14:51:13.675966 Foxtrot: Kilo, sending you 2
chatterbot Yankee submitting transactions
2024-10-14 14:51:13.712420 Tango: Romeo, sending you 4
2024-10-14 14:51:13.712902 Mike: Kilo, sending you 5
2024-10-14 14:51:13.713816 Kilo: Hotel, November, Foxtrot and Echo, sending you 1
2024-10-14 14:51:13.714253 Yankee: Hotel, Kilo, Tango, Mike, November, Foxtrot and Romeo, sending you 1
2024-10-14 14:51:13.714705 Foxtrot: Tango, sending you 3
2024-10-14 14:51:13.715758 Echo: Tango, sending you 6
2024-10-14 14:51:13.745273 Kilo: Yankee, Tango, Mike, Romeo and Delta, sending you 2
2024-10-14 14:51:13.745805 Mike: Foxtrot and Delta, sending you 3
2024-10-14 14:51:13.746418 Yankee: Echo and Delta, sending you 2
2024-10-14 14:51:13.747412 Echo: Romeo, sending you 10
2024-10-14 14:51:13.747641 Delta: Hotel, Yankee, Kilo, November and Foxtrot, sending you 2
2024-10-14 14:51:13.791781 Delta: Mike, sending you 3
2024-10-14 14:51:13.810672 Delta: Echo, sending you 4
chatterbot Echo submitting transactions
chatterbot Kilo submitting transactions
chatterbot Delta submitting transactions
ChatterBot Hotel round 3
ChatterBot Yankee round 3
ChatterBot Kilo round 3
ChatterBot Tango round 3
ChatterBot Mike round 3
ChatterBot November round 3
ChatterBot Foxtrot round 3
ChatterBot Echo round 3
ChatterBot Romeo round 3
ChatterBot Delta round 3
2024-10-14 14:51:14.388318 Echo: Can we be friends?
ChatterBot Romeo reevaluating
ChatterBot Kilo reevaluating
ChatterBot Delta reevaluating
2024-10-14 14:51:14.420394 Tango: Yes
2024-10-14 14:51:14.421039 Romeo: Yes
2024-10-14 14:51:14.421177 Hotel: Yes
2024-10-14 14:51:14.421288 Yankee: No
2024-10-14 14:51:14.421400 Kilo: No
2024-10-14 14:51:14.421509 Mike: No
2024-10-14 14:51:14.421639 Foxtrot: No
2024-10-14 14:51:14.421781 Delta: No
ChatterBot Romeo reevaluating
ChatterBot Kilo reevaluating
ChatterBot Delta reevaluating
ChatterBot Yankee reevaluating
ChatterBot Kilo reevaluating
ChatterBot Foxtrot reevaluating
ChatterBot Delta reevaluating
ChatterBot Romeo reevaluating
ChatterBot Yankee reevaluating
ChatterBot Kilo reevaluating
ChatterBot Foxtrot reevaluating
ChatterBot Delta reevaluating
ChatterBot Romeo reevaluating
ChatterBot Kilo reevaluating
ChatterBot Foxtrot reevaluating
ChatterBot Delta reevaluating
2024-10-14 14:51:14.551174 Romeo: We would work well together
ChatterBot Romeo reevaluating
ChatterBot Yankee reevaluating
ChatterBot Foxtrot reevaluating
ChatterBot Delta reevaluating
ChatterBot Romeo reevaluating
ChatterBot Yankee reevaluating
ChatterBot Kilo reevaluating
ChatterBot Foxtrot reevaluating
ChatterBot Delta reevaluating
ChatterBot Romeo reevaluating
ChatterBot Yankee reevaluating
ChatterBot Kilo reevaluating
ChatterBot Delta reevaluating
ChatterBot Romeo reevaluating
ChatterBot Yankee reevaluating
ChatterBot Kilo reevaluating
ChatterBot Foxtrot reevaluating
ChatterBot Yankee reevaluating
ChatterBot Kilo reevaluating
ChatterBot Foxtrot reevaluating
ChatterBot Delta reevaluating
2024-10-14 14:51:14.747442 Echo: Yes
2024-10-14 14:51:14.748362 Tango: Yes
2024-10-14 14:51:14.748677 Hotel: Yes
2024-10-14 14:51:14.749891 Yankee: No
2024-10-14 14:51:14.750489 Kilo: Yes
2024-10-14 14:51:14.751833 Mike: No
2024-10-14 14:51:14.752360 Foxtrot: We should add Romeo
2024-10-14 14:51:14.752605 Foxtrot: Yes
2024-10-14 14:51:14.753653 Delta: Yes
2024-10-14 14:51:14.755676 Delta: We should add Tango and Romeo
ChatterBot Romeo reevaluating
ChatterBot Yankee reevaluating
ChatterBot Kilo reevaluating
ChatterBot Foxtrot reevaluating
ChatterBot Delta reevaluating
ChatterBot Romeo reevaluating
ChatterBot Yankee reevaluating
ChatterBot Kilo reevaluating
ChatterBot Foxtrot reevaluating
ChatterBot Delta reevaluating
2024-10-14 14:51:14.865817 November: No
ChatterBot Romeo reevaluating
ChatterBot Yankee reevaluating
ChatterBot Kilo reevaluating
ChatterBot Foxtrot reevaluating
ChatterBot Delta reevaluating
2024-10-14 14:51:14.906400 November: No
ChatterBot Romeo reevaluating
ChatterBot Kilo reevaluating
ChatterBot Foxtrot reevaluating
ChatterBot Delta reevaluating
ChatterBot Romeo reevaluating
ChatterBot Yankee reevaluating
ChatterBot Foxtrot reevaluating
ChatterBot Delta reevaluating
ChatterBot Romeo reevaluating
ChatterBot Yankee reevaluating
ChatterBot Kilo reevaluating
ChatterBot Foxtrot reevaluating
ChatterBot Delta reevaluating
ChatterBot Romeo reevaluating
ChatterBot Yankee reevaluating
ChatterBot Kilo reevaluating
ChatterBot Delta reevaluating
2024-10-14 14:51:15.082769 Echo: Yes
2024-10-14 14:51:15.088810 Tango: Yes
ChatterBot Romeo reevaluating
2024-10-14 14:51:15.102284 Hotel: Yes
2024-10-14 14:51:15.108590 Yankee: Yes
ChatterBot Yankee reevaluating
2024-10-14 14:51:15.128069 Kilo: Yes
ChatterBot Kilo reevaluating
2024-10-14 14:51:15.170902 Mike: No
2024-10-14 14:51:15.177914 Delta: Yes
ChatterBot Delta reevaluating
ChatterBot Yankee reevaluating
ChatterBot Kilo reevaluating
ChatterBot Foxtrot reevaluating
ChatterBot Yankee reevaluating
ChatterBot Kilo reevaluating
ChatterBot Foxtrot reevaluating
2024-10-14 14:51:15.275659 Echo: Yes
2024-10-14 14:51:15.282959 Hotel: Yes
2024-10-14 14:51:15.286944 Yankee: Yes
ChatterBot Yankee reevaluating
2024-10-14 14:51:15.291808 Kilo: Yes
ChatterBot Kilo reevaluating
2024-10-14 14:51:15.296130 Mike: No
2024-10-14 14:51:15.300204 Foxtrot: Yes
ChatterBot Foxtrot reevaluating
ChatterBot Delta reevaluating
ChatterBot Yankee reevaluating
ChatterBot Kilo reevaluating
ChatterBot Foxtrot reevaluating
ChatterBot Delta reevaluating
ChatterBot Yankee reevaluating
ChatterBot Kilo reevaluating
ChatterBot Foxtrot reevaluating
ChatterBot Delta reevaluating
ChatterBot Yankee reevaluating
ChatterBot Kilo reevaluating
ChatterBot Mike reevaluating
ChatterBot Foxtrot reevaluating
ChatterBot Delta reevaluating
ChatterBot Yankee reevaluating
ChatterBot Kilo reevaluating
ChatterBot Mike reevaluating
ChatterBot Foxtrot reevaluating
ChatterBot Delta reevaluating
ChatterBot Kilo reevaluating
ChatterBot Mike reevaluating
ChatterBot Foxtrot reevaluating
ChatterBot Delta reevaluating
ChatterBot Yankee reevaluating
ChatterBot Mike reevaluating
ChatterBot Foxtrot reevaluating
ChatterBot Delta reevaluating
ChatterBot Yankee reevaluating
ChatterBot Kilo reevaluating
ChatterBot Foxtrot reevaluating
ChatterBot Delta reevaluating
ChatterBot Yankee reevaluating
ChatterBot Kilo reevaluating
ChatterBot Mike reevaluating
ChatterBot Foxtrot reevaluating
ChatterBot Yankee reevaluating
ChatterBot Kilo reevaluating
ChatterBot Mike reevaluating
ChatterBot Foxtrot reevaluating
ChatterBot Delta reevaluating
ChatterBot Yankee reevaluating
ChatterBot Kilo reevaluating
ChatterBot Mike reevaluating
ChatterBot Foxtrot reevaluating
ChatterBot Delta reevaluating
ChatterBot Kilo reevaluating
ChatterBot Mike reevaluating
ChatterBot Foxtrot reevaluating
ChatterBot Delta reevaluating
ChatterBot Yankee reevaluating
ChatterBot Mike reevaluating
ChatterBot Foxtrot reevaluating
ChatterBot Delta reevaluating
ChatterBot Yankee reevaluating
ChatterBot Kilo reevaluating
ChatterBot Foxtrot reevaluating
ChatterBot Delta reevaluating
ChatterBot Yankee reevaluating
ChatterBot Kilo reevaluating
ChatterBot Mike reevaluating
ChatterBot Delta reevaluating
2024-10-14 14:51:15.829375 Foxtrot: We should replace November with Romeo
ChatterBot Yankee reevaluating
ChatterBot Kilo reevaluating
ChatterBot Mike reevaluating
2024-10-14 14:51:15.862555 Tango: No
2024-10-14 14:51:15.863080 Hotel: No
2024-10-14 14:51:15.863253 Yankee: Yes
2024-10-14 14:51:15.863497 Kilo: Yes
2024-10-14 14:51:15.863685 Mike: No
2024-10-14 14:51:15.863925 Echo: Yes
2024-10-14 14:51:15.864385 Delta: No
ChatterBot Foxtrot reevaluating
ChatterBot Yankee reevaluating
ChatterBot Kilo reevaluating
ChatterBot Mike reevaluating
ChatterBot Foxtrot reevaluating
ChatterBot Yankee reevaluating
ChatterBot Kilo reevaluating
ChatterBot Mike reevaluating
ChatterBot Foxtrot reevaluating
ChatterBot Kilo reevaluating
ChatterBot Mike reevaluating
ChatterBot Foxtrot reevaluating
ChatterBot Yankee reevaluating
ChatterBot Mike reevaluating
ChatterBot Foxtrot reevaluating
ChatterBot Yankee reevaluating
ChatterBot Kilo reevaluating
ChatterBot Foxtrot reevaluating
ChatterBot Yankee reevaluating
ChatterBot Kilo reevaluating
ChatterBot Mike reevaluating
ChatterBot Foxtrot reevaluating
ChatterBot Yankee reevaluating
ChatterBot Kilo reevaluating
ChatterBot Mike reevaluating
2024-10-14 14:51:16.132630 Delta: Tango and Romeo we want you to join our group
2024-10-14 14:51:16.144398 Tango: Yes
2024-10-14 14:51:16.144666 Romeo: No
ChatterBot Kilo reevaluating
ChatterBot Mike reevaluating
ChatterBot Foxtrot reevaluating
ChatterBot Yankee reevaluating
ChatterBot Kilo reevaluating
ChatterBot Mike reevaluating
ChatterBot Foxtrot reevaluating
ChatterBot Yankee reevaluating
chatterbot Tango submitting transactions
chatterbot Echo submitting transactions
2024-10-14 14:51:16.239428 Yankee: We should drop November
ChatterBot Mike reevaluating
2024-10-14 14:51:16.269928 Echo: Yes
2024-10-14 14:51:16.270649 Tango: No
2024-10-14 14:51:16.270851 Romeo: Yes
2024-10-14 14:51:16.271072 Hotel: No
2024-10-14 14:51:16.271216 Kilo: Yes
2024-10-14 14:51:16.271385 Mike: Yes
2024-10-14 14:51:16.271546 Foxtrot: Yes
2024-10-14 14:51:16.271731 Delta: No
ChatterBot Mike reevaluating
ChatterBot Mike reevaluating
ChatterBot Mike reevaluating
ChatterBot Mike reevaluating
ChatterBot Mike reevaluating
ChatterBot Mike reevaluating
ChatterBot Mike reevaluating
2024-10-14 14:51:16.570961 Echo: Hotel, Yankee, Kilo, Tango, Mike, Foxtrot, Romeo and Delta, sending you 2
2024-10-14 14:51:16.571956 Foxtrot: Romeo we want you to join our group
2024-10-14 14:51:16.577217 Romeo: Yes
ChatterBot Mike reevaluating
2024-10-14 14:51:16.607639 November: Hotel, sending you 1
2024-10-14 14:51:16.608271 Hotel: Yankee, Kilo, Tango, Mike, Foxtrot, Echo and Romeo, sending you 1
2024-10-14 14:51:16.609358 Tango: Hotel, Yankee, Kilo, Mike, November and Delta, sending you 1
2024-10-14 14:51:16.609871 Romeo: Hotel and Yankee, sending you 1
chatterbot Romeo submitting transactions
2024-10-14 14:51:16.611434 November: Yankee, Kilo, Mike, Foxtrot and Delta, sending you 2
2024-10-14 14:51:16.638190 Hotel: November and Delta, sending you 2
2024-10-14 14:51:16.639561 Tango: Foxtrot, sending you 2
2024-10-14 14:51:16.640662 Delta: Hotel, Yankee, Kilo, Tango, Mike, November, Foxtrot and Echo, sending you 2
2024-10-14 14:51:16.641387 Romeo: Kilo, sending you 2
2024-10-14 14:51:16.642574 Mike: Romeo we want you to join our group
2024-10-14 14:51:16.649680 Romeo: Yes
2024-10-14 14:51:16.696011 Tango: Echo and Romeo, sending you 3
2024-10-14 14:51:16.697264 Delta: Romeo, sending you 1
2024-10-14 14:51:16.697867 Romeo: Tango, sending you 5
2024-10-14 14:51:16.728030 Yankee: Hotel, Tango, Mike, Foxtrot, Echo and Romeo, sending you 1
2024-10-14 14:51:16.729311 Foxtrot: Hotel, Yankee, Kilo, Echo, Romeo and Delta, sending you 1
2024-10-14 14:51:16.730794 Kilo: Hotel, Yankee, Tango, Mike, Foxtrot, Romeo and Delta, sending you 2
2024-10-14 14:51:16.731563 Romeo: Echo, sending you 8
2024-10-14 14:51:16.738717 Yankee: Kilo, sending you 2
2024-10-14 14:51:16.740222 Foxtrot: Tango, sending you 3
2024-10-14 14:51:16.741349 Mike: Hotel, Yankee and Tango, sending you 2
2024-10-14 14:51:16.751148 Yankee: Delta, sending you 3
2024-10-14 14:51:16.751957 Foxtrot: Mike, sending you 2
2024-10-14 14:51:16.753055 Mike: Kilo and Foxtrot, sending you 3
chatterbot Hotel submitting transactions
2024-10-14 14:51:16.758971 Mike: Echo and Romeo, sending you 1
2024-10-14 14:51:16.765849 Mike: Delta, sending you 4
chatterbot November submitting transactions
chatterbot Delta submitting transactions
chatterbot Kilo submitting transactions
chatterbot Foxtrot submitting transactions
chatterbot Mike submitting transactions
chatterbot Yankee submitting transactions
ChatterBot Hotel round 4
ChatterBot Yankee round 4
ChatterBot Kilo round 4
ChatterBot Tango round 4
ChatterBot Mike round 4
ChatterBot November round 4
ChatterBot Foxtrot round 4
ChatterBot Echo round 4
ChatterBot Romeo round 4
ChatterBot Delta round 4
2024-10-14 14:51:17.830334 Hotel: Yankee, Tango, Mike, November, Foxtrot, Echo and Romeo, sending you 1
2024-10-14 14:51:17.831777 Kilo: Yankee, Tango, Mike, Foxtrot, Echo, Romeo and Delta, sending you 2
2024-10-14 14:51:17.833413 Delta: We should drop November
ChatterBot Hotel reevaluating
2024-10-14 14:51:17.883437 Echo: Yes
2024-10-14 14:51:17.884528 Tango: No
2024-10-14 14:51:17.884753 Romeo: Yes
2024-10-14 14:51:17.884957 Hotel: Yes
2024-10-14 14:51:17.885159 Yankee: Yes
2024-10-14 14:51:17.885348 Kilo: Yes
2024-10-14 14:51:17.886169 Mike: Yes
2024-10-14 14:51:17.886344 Foxtrot: Yes
ChatterBot Hotel reevaluating
ChatterBot Hotel reevaluating
ChatterBot Hotel reevaluating
ChatterBot Hotel reevaluating
ChatterBot Hotel reevaluating
ChatterBot Hotel reevaluating
ChatterBot Hotel reevaluating
2024-10-14 14:51:18.236212 Mike: Hotel, Yankee, Tango and Echo, sending you 2
2024-10-14 14:51:18.238020 Yankee: Hotel, Tango, Mike, Foxtrot, Echo and Romeo, sending you 1
2024-10-14 14:51:18.239458 November: Hotel, Yankee, Kilo, Foxtrot and Delta, sending you 2
2024-10-14 14:51:18.240783 Tango: Hotel, Yankee, Mike, November and Delta, sending you 1
2024-10-14 14:51:18.242021 Echo: Hotel, Yankee, Tango, Mike, Foxtrot and Delta, sending you 2
2024-10-14 14:51:18.243034 Foxtrot: Hotel, Yankee, Kilo, Echo, Romeo and Delta, sending you 1
2024-10-14 14:51:18.244343 Romeo: Hotel, Yankee, Mike, Foxtrot and Delta, sending you 1
chatterbot Romeo submitting transactions
2024-10-14 14:51:18.246031 Mike: Kilo, Foxtrot and Delta, sending you 3
2024-10-14 14:51:18.247549 Yankee: Kilo, sending you 2
2024-10-14 14:51:18.248935 November: Mike, sending you 1
2024-10-14 14:51:18.250201 Echo: Kilo, sending you 1
2024-10-14 14:51:18.251214 Tango: Kilo, Foxtrot and Echo, sending you 2
2024-10-14 14:51:18.252797 Foxtrot: Tango, sending you 3
2024-10-14 14:51:18.254534 Delta: Hotel, Yankee, Kilo, Tango, Foxtrot, Echo and Romeo, sending you 2
2024-10-14 14:51:18.256327 Romeo: Kilo, sending you 2
2024-10-14 14:51:18.257884 Mike: Romeo, sending you 1
2024-10-14 14:51:18.259486 Yankee: Delta, sending you 3
2024-10-14 14:51:18.261348 Echo: Romeo, sending you 3
2024-10-14 14:51:18.263265 Hotel: Sorry, I'm actually sending you 0
2024-10-14 14:51:18.263816 Tango: Romeo, sending you 3
2024-10-14 14:51:18.265835 Foxtrot: Mike, sending you 2
2024-10-14 14:51:18.267894 Delta: Mike, sending you 3
chatterbot Foxtrot submitting transactions
2024-10-14 14:51:18.270113 Romeo: Tango and Echo, sending you 5
2024-10-14 14:51:18.276208 Hotel: Kilo, Mike and Delta, sending you 2
chatterbot Echo submitting transactions
chatterbot Mike submitting transactions
chatterbot November submitting transactions
chatterbot Yankee submitting transactions
chatterbot Hotel submitting transactions
chatterbot Delta submitting transactions
chatterbot Tango submitting transactions
chatterbot Kilo submitting transactions
ChatterBot Hotel round 5
ChatterBot Yankee round 5
ChatterBot Kilo round 5
ChatterBot Tango round 5
ChatterBot Mike round 5
ChatterBot November round 5
ChatterBot Foxtrot round 5
ChatterBot Echo round 5
ChatterBot Romeo round 5
ChatterBot Delta round 5
2024-10-14 14:51:19.276498 November: We should replace Echo with Tango
ChatterBot Hotel reevaluating
2024-10-14 14:51:19.309827 Hotel: No
2024-10-14 14:51:19.310166 Yankee: No
2024-10-14 14:51:19.310412 Kilo: No
2024-10-14 14:51:19.311079 Mike: No
2024-10-14 14:51:19.311289 Foxtrot: No
2024-10-14 14:51:19.311488 Delta: No
ChatterBot November reevaluating
ChatterBot November reevaluating
ChatterBot Hotel reevaluating
ChatterBot November reevaluating
ChatterBot Hotel reevaluating
ChatterBot November reevaluating
ChatterBot Hotel reevaluating
ChatterBot November reevaluating
ChatterBot Hotel reevaluating
ChatterBot November reevaluating
ChatterBot Hotel reevaluating
2024-10-14 14:51:19.482277 Tango: We should drop November
ChatterBot Hotel reevaluating
2024-10-14 14:51:19.540539 Echo: Yes
2024-10-14 14:51:19.540793 Romeo: Yes
2024-10-14 14:51:19.540960 Hotel: Yes
2024-10-14 14:51:19.541101 Yankee: Yes
2024-10-14 14:51:19.541265 Kilo: Yes
2024-10-14 14:51:19.542788 Mike: Yes
2024-10-14 14:51:19.542943 Foxtrot: Yes
2024-10-14 14:51:19.545925 Delta: Yes
ChatterBot Hotel reevaluating
ChatterBot Hotel reevaluating
ChatterBot Hotel reevaluating
ChatterBot Hotel reevaluating
ChatterBot Hotel reevaluating
ChatterBot Hotel reevaluating
ChatterBot Hotel reevaluating
2024-10-14 14:51:19.928634 November: We should add Tango
ChatterBot Hotel reevaluating
2024-10-14 14:51:19.952977 Kilo: Yes
2024-10-14 14:51:19.953190 Mike: Yes
2024-10-14 14:51:19.953606 Foxtrot: Yes
2024-10-14 14:51:19.953746 Hotel: Yes
2024-10-14 14:51:19.953860 Yankee: Yes
2024-10-14 14:51:19.953978 Echo: Yes
2024-10-14 14:51:19.954080 Delta: Yes
ChatterBot November reevaluating
ChatterBot Hotel reevaluating
ChatterBot November reevaluating
ChatterBot Hotel reevaluating
ChatterBot November reevaluating
ChatterBot Hotel reevaluating
ChatterBot November reevaluating
ChatterBot November reevaluating
ChatterBot Hotel reevaluating
ChatterBot November reevaluating
ChatterBot Hotel reevaluating
ChatterBot November reevaluating
ChatterBot Hotel reevaluating
2024-10-14 14:51:20.200691 Kilo: Hotel, Yankee, Tango, Mike, Foxtrot, Romeo and Delta, sending you 2
2024-10-14 14:51:20.202044 Mike: Hotel, Yankee, Tango and Echo, sending you 2
2024-10-14 14:51:20.202792 Foxtrot: Hotel, Yankee, Echo, Romeo and Delta, sending you 1
2024-10-14 14:51:20.203861 Yankee: Hotel, Tango, Foxtrot, Echo and Romeo, sending you 1
2024-10-14 14:51:20.227660 Mike: Kilo, Foxtrot and Delta, sending you 3
2024-10-14 14:51:20.229089 Foxtrot: Kilo, Tango and Mike, sending you 2
2024-10-14 14:51:20.230021 Yankee: Kilo, Mike and Delta, sending you 2
2024-10-14 14:51:20.231210 Tango: Yankee, Kilo, Mike, Foxtrot, Echo, Romeo and Delta, sending you 2
2024-10-14 14:51:20.232364 Delta: Hotel, Kilo, Tango, Mike, Foxtrot, Echo and Romeo, sending you 2
2024-10-14 14:51:20.233596 Romeo: Hotel, Yankee, Mike, Foxtrot and Delta, sending you 1
2024-10-14 14:51:20.234427 Mike: Romeo, sending you 1
2024-10-14 14:51:20.235531 Echo: Hotel, Yankee, Kilo, Tango, Mike and Delta, sending you 2
2024-10-14 14:51:20.236817 Delta: Yankee, sending you 3
2024-10-14 14:51:20.238904 Hotel: Yankee, Kilo, Tango, Foxtrot and Romeo, sending you 1
2024-10-14 14:51:20.240234 Romeo: Kilo, sending you 2
2024-10-14 14:51:20.240957 Echo: Foxtrot, sending you 1
2024-10-14 14:51:20.259368 Hotel: Mike, Echo and Delta, sending you 2
2024-10-14 14:51:20.260741 Romeo: Tango, sending you 4
2024-10-14 14:51:20.261939 Echo: Romeo, sending you 3
chatterbot Yankee submitting transactions
2024-10-14 14:51:20.278556 Romeo: Echo, sending you 6
chatterbot Kilo submitting transactions
chatterbot Mike submitting transactions
2024-10-14 14:51:20.678933 November: Tango we want you to join our group
2024-10-14 14:51:20.685694 Tango: No
ChatterBot November reevaluating
chatterbot Romeo submitting transactions
2024-10-14 14:51:20.750103 November: Hotel, Yankee, Kilo, Foxtrot and Delta, sending you 2
2024-10-14 14:51:20.754103 November: Mike, sending you 1
chatterbot November submitting transactions
chatterbot Foxtrot submitting transactions
chatterbot Tango submitting transactions
chatterbot Delta submitting transactions
chatterbot Echo submitting transactions
chatterbot November submitting transactions
chatterbot Hotel submitting transactions
ChatterBot Hotel round 6
ChatterBot Yankee round 6
ChatterBot Kilo round 6
ChatterBot Tango round 6
ChatterBot Mike round 6
ChatterBot November round 6
ChatterBot Foxtrot round 6
ChatterBot Echo round 6
ChatterBot Romeo round 6
ChatterBot Delta round 6
2024-10-14 14:51:21.368061 November: We should add Tango
2024-10-14 14:51:21.405938 Kilo: Yes
2024-10-14 14:51:21.406569 Mike: Yes
2024-10-14 14:51:21.406744 Foxtrot: Yes
2024-10-14 14:51:21.406915 Hotel: Yes
2024-10-14 14:51:21.407067 Yankee: Yes
2024-10-14 14:51:21.407246 Echo: Yes
2024-10-14 14:51:21.407423 Delta: Yes
ChatterBot November reevaluating
ChatterBot November reevaluating
ChatterBot November reevaluating
ChatterBot November reevaluating
ChatterBot November reevaluating
ChatterBot November reevaluating
ChatterBot November reevaluating
2024-10-14 14:51:21.816141 Foxtrot: Hotel, Yankee, Echo, Romeo and Delta, sending you 1
2024-10-14 14:51:21.818531 Mike: Hotel, Yankee, Tango and Echo, sending you 2
2024-10-14 14:51:21.820659 Kilo: Yankee, Tango, Mike, Foxtrot, Echo, Romeo and Delta, sending you 2
2024-10-14 14:51:21.823335 Hotel: Yankee, Kilo, Tango, Foxtrot and Romeo, sending you 1
2024-10-14 14:51:21.825627 Tango: Yankee, Kilo, Mike, Foxtrot, Echo, Romeo and Delta, sending you 2
2024-10-14 14:51:21.828523 Romeo: Hotel, Yankee, Mike and Foxtrot, sending you 1
2024-10-14 14:51:21.830277 Echo: Hotel, Yankee, Tango, Mike, Foxtrot and Delta, sending you 2
2024-10-14 14:51:21.832065 Yankee: Hotel, Tango, Mike, Foxtrot, Echo and Romeo, sending you 1
2024-10-14 14:51:21.834888 Foxtrot: Kilo, Tango and Mike, sending you 2
2024-10-14 14:51:21.837306 Mike: Kilo, Foxtrot and Delta, sending you 3
2024-10-14 14:51:21.839307 Hotel: Mike, Echo and Delta, sending you 2
2024-10-14 14:51:21.841160 Romeo: Kilo, sending you 3
2024-10-14 14:51:21.843316 Echo: Kilo, sending you 1
2024-10-14 14:51:21.844128 Delta: Hotel, Yankee, Kilo, Tango, Foxtrot, Echo and Romeo, sending you 2
2024-10-14 14:51:21.845415 Yankee: Kilo, sending you 2
2024-10-14 14:51:21.846787 November: Hotel, sending you 2
2024-10-14 14:51:21.847253 Mike: Romeo, sending you 1
2024-10-14 14:51:21.848556 Romeo: Tango and Echo, sending you 4
2024-10-14 14:51:21.849841 Echo: Romeo, sending you 3
2024-10-14 14:51:21.851063 Delta: Mike, sending you 3
2024-10-14 14:51:21.851884 Yankee: Delta, sending you 3
2024-10-14 14:51:21.853157 November: Yankee, Kilo, Tango, Mike, Echo and Romeo, sending you 1
2024-10-14 14:51:21.870428 Romeo: Delta, sending you 2
chatterbot Kilo submitting transactions
2024-10-14 14:51:21.872456 November: Delta, sending you 3
chatterbot Tango submitting transactions
chatterbot Romeo submitting transactions
chatterbot Yankee submitting transactions
chatterbot Foxtrot submitting transactions
chatterbot Hotel submitting transactions
chatterbot Echo submitting transactions
chatterbot Delta submitting transactions
chatterbot Mike submitting transactions
chatterbot November submitting transactions
ChatterBot Hotel round 7
ChatterBot Yankee round 7
ChatterBot Kilo round 7
ChatterBot Tango round 7
ChatterBot Mike round 7
ChatterBot November round 7
ChatterBot Foxtrot round 7
ChatterBot Echo round 7
ChatterBot Romeo round 7
ChatterBot Delta round 7
2024-10-14 14:51:22.739001 November: We should replace Yankee with Foxtrot
2024-10-14 14:51:22.763116 Tango: No
2024-10-14 14:51:22.763299 Echo: No
2024-10-14 14:51:22.763418 Romeo: No
2024-10-14 14:51:22.763971 Hotel: No
2024-10-14 14:51:22.764082 Kilo: No
2024-10-14 14:51:22.764190 Mike: No
2024-10-14 14:51:22.764293 Delta: No
ChatterBot November reevaluating
ChatterBot November reevaluating
ChatterBot November reevaluating
ChatterBot November reevaluating
ChatterBot November reevaluating
ChatterBot November reevaluating
ChatterBot November reevaluating
2024-10-14 14:51:22.954713 Echo: Hotel, Yankee, Kilo, Tango, Mike, Foxtrot, Romeo and Delta, sending you 2
2024-10-14 14:51:22.955893 Mike: Hotel, Yankee, Tango and Echo, sending you 2
2024-10-14 14:51:22.957610 Kilo: Yankee, Tango, Mike, Foxtrot, Echo, Romeo and Delta, sending you 2
2024-10-14 14:51:22.959345 Tango: Yankee, Kilo, Mike, Foxtrot, Echo, Romeo and Delta, sending you 2
2024-10-14 14:51:22.961550 November: Hotel, Yankee, Tango, Foxtrot and Delta, sending you 2
2024-10-14 14:51:22.962989 Yankee: Hotel, Tango, Mike, Foxtrot and Romeo, sending you 1
2024-10-14 14:51:22.964934 Mike: Kilo, Foxtrot and Delta, sending you 3
2024-10-14 14:51:22.966208 Delta: Hotel, Kilo, Tango, Mike, Foxtrot, Echo and Romeo, sending you 2
2024-10-14 14:51:22.969113 November: Kilo, sending you 1
2024-10-14 14:51:22.970155 Romeo: Hotel, Yankee, Mike and Foxtrot, sending you 1
2024-10-14 14:51:22.971902 Yankee: Kilo, Echo and Delta, sending you 2
2024-10-14 14:51:22.974095 Foxtrot: Hotel, Yankee, Echo, Romeo and Delta, sending you 1
2024-10-14 14:51:22.976932 Hotel: Yankee, Kilo, Tango, Foxtrot and Romeo, sending you 1
2024-10-14 14:51:22.978885 Mike: Romeo, sending you 1
2024-10-14 14:51:22.981094 Delta: Yankee, sending you 3
2024-10-14 14:51:22.983185 Romeo: Kilo, sending you 3
2024-10-14 14:51:22.985432 Foxtrot: Kilo, Tango and Mike, sending you 2
2024-10-14 14:51:22.987234 Hotel: Mike, Echo and Delta, sending you 2
chatterbot Hotel submitting transactions
2024-10-14 14:51:22.990531 Romeo: Tango and Echo, sending you 4
2024-10-14 14:51:22.996707 Romeo: Delta, sending you 2
chatterbot Kilo submitting transactions
chatterbot Echo submitting transactions
chatterbot Delta submitting transactions
chatterbot November submitting transactions
chatterbot Tango submitting transactions
chatterbot Yankee submitting transactions
chatterbot Romeo submitting transactions
chatterbot Foxtrot submitting transactions
chatterbot Mike submitting transactions
ChatterBot Hotel round 8
ChatterBot Yankee round 8
ChatterBot Kilo round 8
ChatterBot Tango round 8
ChatterBot Mike round 8
ChatterBot November round 8
ChatterBot Foxtrot round 8
ChatterBot Echo round 8
ChatterBot Romeo round 8
ChatterBot Delta round 8
2024-10-14 14:51:23.982295 November: We should add Echo and Romeo
ChatterBot Mike reevaluating
ChatterBot Foxtrot reevaluating
ChatterBot Delta reevaluating
ChatterBot Tango reevaluating
2024-10-14 14:51:24.003250 Hotel: Yes
2024-10-14 14:51:24.003482 Yankee: Yes
2024-10-14 14:51:24.003682 Kilo: Yes
2024-10-14 14:51:24.003891 Mike: Yes
2024-10-14 14:51:24.004075 Foxtrot: Yes
2024-10-14 14:51:24.004655 Delta: Yes
2024-10-14 14:51:24.004842 Tango: Yes
ChatterBot Mike reevaluating
ChatterBot Foxtrot reevaluating
ChatterBot Delta reevaluating
ChatterBot Tango reevaluating
ChatterBot Mike reevaluating
ChatterBot Foxtrot reevaluating
ChatterBot Delta reevaluating
ChatterBot Tango reevaluating
ChatterBot Mike reevaluating
ChatterBot Foxtrot reevaluating
ChatterBot Delta reevaluating
ChatterBot Tango reevaluating
ChatterBot Foxtrot reevaluating
ChatterBot Delta reevaluating
ChatterBot Tango reevaluating
ChatterBot November reevaluating
ChatterBot Mike reevaluating
ChatterBot Delta reevaluating
ChatterBot Tango reevaluating
ChatterBot November reevaluating
ChatterBot Mike reevaluating
ChatterBot Foxtrot reevaluating
ChatterBot Tango reevaluating
ChatterBot November reevaluating
ChatterBot Mike reevaluating
ChatterBot Foxtrot reevaluating
ChatterBot Delta reevaluating
2024-10-14 14:51:24.183691 November: Echo and Romeo we want you to join our group
2024-10-14 14:51:24.192075 Romeo: No
2024-10-14 14:51:24.192309 Echo: No
ChatterBot November reevaluating
ChatterBot November reevaluating
2024-10-14 14:51:24.253224 Hotel: Yankee, Kilo, Tango, Mike, Foxtrot and Romeo, sending you 1
2024-10-14 14:51:24.255966 Kilo: Yankee, Tango, Mike, Foxtrot, Echo, Romeo and Delta, sending you 2
2024-10-14 14:51:24.257997 Delta: Hotel, Kilo, Tango, Mike, Foxtrot, Echo and Romeo, sending you 2
2024-10-14 14:51:24.259708 Echo: Same as last round
2024-10-14 14:51:24.261591 Hotel: Echo, sending you 2
