ChatterBot Quebec round 1
ChatterBot Sierra round 1
ChatterBot Alpha round 1
ChatterBot Papa round 1
ChatterBot Kilo round 1
ChatterBot Oscar round 1
ChatterBot Zulu round 1
ChatterBot Uniform round 1
ChatterBot X-ray round 1
ChatterBot Bravo round 1
randomSelections Quebec: {Quebec, Zulu, X-ray, Bravo, Sierra, Kilo} 
2024-10-14 14:51:09.567843 Quebec: Let's form a team
ChatterBot Zulu reevaluating
ChatterBot X-ray reevaluating
ChatterBot Bravo reevaluating
ChatterBot Sierra reevaluating
ChatterBot Kilo reevaluating
2024-10-14 14:51:09.609752 Zulu: Yes
2024-10-14 14:51:09.610114 X-ray: Yes
2024-10-14 14:51:09.610405 Bravo: Yes
2024-10-14 14:51:09.611361 Sierra: Yes
2024-10-14 14:51:09.611549 Kilo: Yes
ChatterBot X-ray reevaluating
ChatterBot Bravo reevaluating
ChatterBot Sierra reevaluating
ChatterBot Kilo reevaluating
ChatterBot Zulu reevaluating
ChatterBot Bravo reevaluating
ChatterBot Sierra reevaluating
ChatterBot Kilo reevaluating
ChatterBot Zulu reevaluating
ChatterBot X-ray reevaluating
ChatterBot Sierra reevaluating
ChatterBot Kilo reevaluating
ChatterBot Zulu reevaluating
ChatterBot X-ray reevaluating
ChatterBot Bravo reevaluating
ChatterBot Kilo reevaluating
ChatterBot Zulu reevaluating
ChatterBot X-ray reevaluating
ChatterBot Bravo reevaluating
ChatterBot Sierra reevaluating
randomSelections Papa: {Papa, Kilo, Oscar, Sierra, Zulu, Quebec} 
2024-10-14 14:51:09.660172 Papa: We should group up
ChatterBot Kilo reevaluating
ChatterBot Oscar reevaluating
ChatterBot Sierra reevaluating
ChatterBot Zulu reevaluating
2024-10-14 14:51:09.666729 Kilo: No
2024-10-14 14:51:09.666857 Oscar: Yes
2024-10-14 14:51:09.666957 Sierra: No
2024-10-14 14:51:09.667048 Zulu: No
2024-10-14 14:51:09.667130 Quebec: No
ChatterBot Oscar reevaluating
ChatterBot Sierra reevaluating
ChatterBot Zulu reevaluating
ChatterBot Kilo reevaluating
ChatterBot Sierra reevaluating
ChatterBot Zulu reevaluating
ChatterBot Kilo reevaluating
ChatterBot Oscar reevaluating
ChatterBot Zulu reevaluating
ChatterBot Kilo reevaluating
ChatterBot Oscar reevaluating
ChatterBot Sierra reevaluating
ChatterBot Kilo reevaluating
ChatterBot Oscar reevaluating
ChatterBot Sierra reevaluating
ChatterBot Zulu reevaluating
randomSelections Alpha: {Alpha, Uniform, Kilo, Sierra, Oscar, X-ray} 
2024-10-14 14:51:09.700527 Alpha: Let's form a team
ChatterBot Uniform reevaluating
ChatterBot Kilo reevaluating
ChatterBot Sierra reevaluating
ChatterBot Oscar reevaluating
ChatterBot X-ray reevaluating
2024-10-14 14:51:09.707749 Uniform: Yes
2024-10-14 14:51:09.707869 Kilo: No
2024-10-14 14:51:09.707973 Sierra: No
2024-10-14 14:51:09.708060 Oscar: No
2024-10-14 14:51:09.708160 X-ray: No
ChatterBot Kilo reevaluating
ChatterBot Sierra reevaluating
ChatterBot Oscar reevaluating
ChatterBot X-ray reevaluating
ChatterBot Uniform reevaluating
ChatterBot Sierra reevaluating
ChatterBot Oscar reevaluating
ChatterBot X-ray reevaluating
ChatterBot Uniform reevaluating
ChatterBot Kilo reevaluating
ChatterBot Oscar reevaluating
ChatterBot X-ray reevaluating
ChatterBot Uniform reevaluating
ChatterBot Kilo reevaluating
ChatterBot Sierra reevaluating
ChatterBot X-ray reevaluating
ChatterBot Uniform reevaluating
ChatterBot Kilo reevaluating
ChatterBot Sierra reevaluating
ChatterBot Oscar reevaluating
2024-10-14 14:51:09.789128 Kilo: Quebec and Bravo, sending you 5
2024-10-14 14:51:09.789695 Papa: Quebec and Zulu, sending you 2
2024-10-14 14:51:09.790634 Zulu: Quebec, Kilo and Bravo, sending you 2
2024-10-14 14:51:09.790987 Alpha: Sierra and Oscar, sending you 3
2024-10-14 14:51:09.792972 Kilo: Sierra and Zulu, sending you 2
2024-10-14 14:51:09.793910 Zulu: Sierra, sending you 3
2024-10-14 14:51:09.794220 Alpha: Kilo, sending you 4
2024-10-14 14:51:09.794699 Papa: Sierra, sending you 5
2024-10-14 14:51:09.795685 Oscar: Quebec, sending you 3
2024-10-14 14:51:09.796043 Sierra: Quebec and Bravo, sending you 2
2024-10-14 14:51:09.797789 Alpha: Uniform, sending you 1
2024-10-14 14:51:09.799590 Kilo: X-ray, sending you 3
2024-10-14 14:51:09.799894 Quebec: Sierra, Kilo, Zulu and X-ray, sending you 3
2024-10-14 14:51:09.800731 Zulu: X-ray, sending you 5
2024-10-14 14:51:09.800986 Oscar: Papa and Kilo, sending you 4
2024-10-14 14:51:09.801244 Sierra: Kilo, sending you 3
2024-10-14 14:51:09.801543 Papa: Kilo, sending you 3
2024-10-14 14:51:09.802344 Bravo: Sierra, Kilo and Zulu, sending you 1
2024-10-14 14:51:09.802654 Uniform: Sierra, sending you 4
2024-10-14 14:51:09.802876 X-ray: Quebec, Kilo, Zulu and Bravo, sending you 2
2024-10-14 14:51:09.805925 Quebec: Bravo, sending you 4
2024-10-14 14:51:09.806457 Sierra: Zulu, sending you 4
2024-10-14 14:51:09.806815 Uniform: Alpha, sending you 2
2024-10-14 14:51:09.807957 X-ray: Sierra, sending you 3
2024-10-14 14:51:09.811677 Sierra: X-ray, sending you 5
2024-10-14 14:51:09.813384 Uniform: Oscar, sending you 5
2024-10-14 14:51:09.818005 Uniform: X-ray, sending you 3
chatterbot Sierra submitting transactions
chatterbot Quebec submitting transactions
chatterbot X-ray submitting transactions
chatterbot Zulu submitting transactions
chatterbot Alpha submitting transactions
chatterbot Bravo submitting transactions
chatterbot Uniform submitting transactions
chatterbot Kilo submitting transactions
chatterbot Papa submitting transactions
chatterbot Oscar submitting transactions
ChatterBot Quebec round 2
ChatterBot Sierra round 2
ChatterBot Alpha round 2
2024-10-14 14:51:10.926013 Alpha: Let's form a team
ChatterBot Uniform reevaluating
2024-10-14 14:51:10.940893 Uniform: Yes
2024-10-14 14:51:10.944683 Uniform: Let's form a team
2024-10-14 14:51:10.948707 Alpha: Yes
ChatterBot Uniform reevaluating
ChatterBot Papa round 2
ChatterBot Kilo round 2
2024-10-14 14:51:10.971226 Quebec: We should add Papa
ChatterBot Zulu reevaluating
ChatterBot X-ray reevaluating
ChatterBot Bravo reevaluating
ChatterBot Sierra reevaluating
ChatterBot Kilo reevaluating
2024-10-14 14:51:11.035159 Zulu: Yes
2024-10-14 14:51:11.035351 X-ray: No
2024-10-14 14:51:11.035544 Bravo: No
2024-10-14 14:51:11.036102 Sierra: Yes
2024-10-14 14:51:11.036267 Kilo: Yes
ChatterBot X-ray reevaluating
ChatterBot Bravo reevaluating
ChatterBot Sierra reevaluating
ChatterBot Kilo reevaluating
ChatterBot Zulu reevaluating
ChatterBot Bravo reevaluating
ChatterBot Sierra reevaluating
ChatterBot Kilo reevaluating
ChatterBot Zulu reevaluating
ChatterBot X-ray reevaluating
ChatterBot Sierra reevaluating
ChatterBot Kilo reevaluating
ChatterBot Zulu reevaluating
ChatterBot X-ray reevaluating
ChatterBot Bravo reevaluating
ChatterBot Kilo reevaluating
ChatterBot Zulu reevaluating
ChatterBot X-ray reevaluating
ChatterBot Bravo reevaluating
ChatterBot Sierra reevaluating
ChatterBot Oscar round 2
ChatterBot Zulu round 2
ChatterBot Uniform round 2
ChatterBot X-ray round 2
ChatterBot Bravo round 2
2024-10-14 14:51:11.419349 Papa: We should group up
ChatterBot Alpha reevaluating
ChatterBot Oscar reevaluating
ChatterBot Uniform reevaluating
2024-10-14 14:51:11.436697 Alpha: Yes
2024-10-14 14:51:11.436966 Oscar: Yes
2024-10-14 14:51:11.437159 Uniform: Yes
ChatterBot Oscar reevaluating
ChatterBot Uniform reevaluating
ChatterBot Alpha reevaluating
ChatterBot Uniform reevaluating
ChatterBot Alpha reevaluating
ChatterBot Oscar reevaluating
2024-10-14 14:51:11.487119 Oscar: Friends?
ChatterBot Alpha reevaluating
ChatterBot Uniform reevaluating
2024-10-14 14:51:11.504859 Papa: Yes
2024-10-14 14:51:11.505038 Alpha: Yes
2024-10-14 14:51:11.505199 Uniform: Yes
ChatterBot Alpha reevaluating
ChatterBot Oscar reevaluating
ChatterBot Uniform reevaluating
ChatterBot Oscar reevaluating
ChatterBot Uniform reevaluating
ChatterBot Alpha reevaluating
ChatterBot Oscar reevaluating
2024-10-14 14:51:11.558969 Quebec: Papa we want you to join our group
2024-10-14 14:51:11.564261 Papa: No
ChatterBot Sierra reevaluating
ChatterBot Kilo reevaluating
ChatterBot Zulu reevaluating
ChatterBot X-ray reevaluating
ChatterBot Bravo reevaluating
2024-10-14 14:51:11.599553 Sierra: Let's form a team
2024-10-14 14:51:11.600490 Bravo: We should add Papa
ChatterBot Kilo reevaluating
ChatterBot Zulu reevaluating
ChatterBot X-ray reevaluating
ChatterBot Alpha reevaluating
ChatterBot Oscar reevaluating
ChatterBot Uniform reevaluating
2024-10-14 14:51:11.644319 Quebec: No
2024-10-14 14:51:11.644487 Papa: No
2024-10-14 14:51:11.644647 Kilo: No
2024-10-14 14:51:11.644822 Zulu: No
2024-10-14 14:51:11.645479 X-ray: No
2024-10-14 14:51:11.645652 Alpha: No
2024-10-14 14:51:11.645794 Oscar: No
2024-10-14 14:51:11.645933 Uniform: No
ChatterBot Quebec reevaluating
ChatterBot Zulu reevaluating
ChatterBot X-ray reevaluating
ChatterBot Sierra reevaluating
ChatterBot Kilo reevaluating
2024-10-14 14:51:11.670060 Quebec: Yes
2024-10-14 14:51:11.670489 Zulu: Yes
2024-10-14 14:51:11.670601 X-ray: Yes
2024-10-14 14:51:11.670720 Sierra: Yes
2024-10-14 14:51:11.670837 Kilo: Yes
ChatterBot Sierra reevaluating
ChatterBot Kilo reevaluating
ChatterBot Zulu reevaluating
ChatterBot X-ray reevaluating
ChatterBot Alpha reevaluating
ChatterBot Oscar reevaluating
ChatterBot Uniform reevaluating
ChatterBot Sierra reevaluating
ChatterBot Quebec reevaluating
ChatterBot Kilo reevaluating
ChatterBot Zulu reevaluating
ChatterBot X-ray reevaluating
ChatterBot Alpha reevaluating
ChatterBot Oscar reevaluating
ChatterBot Uniform reevaluating
ChatterBot Bravo reevaluating
ChatterBot Sierra reevaluating
ChatterBot Quebec reevaluating
ChatterBot Zulu reevaluating
ChatterBot X-ray reevaluating
ChatterBot Alpha reevaluating
ChatterBot Oscar reevaluating
ChatterBot Uniform reevaluating
ChatterBot Bravo reevaluating
ChatterBot Sierra reevaluating
ChatterBot Quebec reevaluating
ChatterBot Kilo reevaluating
ChatterBot X-ray reevaluating
ChatterBot Alpha reevaluating
ChatterBot Oscar reevaluating
ChatterBot Uniform reevaluating
ChatterBot Bravo reevaluating
ChatterBot Sierra reevaluating
ChatterBot Quebec reevaluating
ChatterBot Kilo reevaluating
ChatterBot Zulu reevaluating
ChatterBot Alpha reevaluating
ChatterBot Oscar reevaluating
ChatterBot Uniform reevaluating
ChatterBot Bravo reevaluating
ChatterBot Sierra reevaluating
ChatterBot Quebec reevaluating
ChatterBot Kilo reevaluating
ChatterBot Zulu reevaluating
ChatterBot X-ray reevaluating
ChatterBot Oscar reevaluating
ChatterBot Uniform reevaluating
ChatterBot Bravo reevaluating
ChatterBot Sierra reevaluating
ChatterBot Quebec reevaluating
ChatterBot Kilo reevaluating
ChatterBot Zulu reevaluating
ChatterBot X-ray reevaluating
ChatterBot Alpha reevaluating
ChatterBot Uniform reevaluating
ChatterBot Sierra reevaluating
ChatterBot Quebec reevaluating
ChatterBot Kilo reevaluating
ChatterBot Zulu reevaluating
ChatterBot X-ray reevaluating
ChatterBot Alpha reevaluating
ChatterBot Oscar reevaluating
ChatterBot Sierra reevaluating
ChatterBot Kilo reevaluating
ChatterBot Zulu reevaluating
ChatterBot X-ray reevaluating
ChatterBot Sierra reevaluating
ChatterBot Quebec reevaluating
ChatterBot Kilo reevaluating
ChatterBot X-ray reevaluating
ChatterBot Sierra reevaluating
ChatterBot Quebec reevaluating
ChatterBot Kilo reevaluating
ChatterBot Zulu reevaluating
ChatterBot Quebec reevaluating
ChatterBot Kilo reevaluating
ChatterBot Zulu reevaluating
ChatterBot X-ray reevaluating
ChatterBot Sierra reevaluating
ChatterBot Quebec reevaluating
ChatterBot Zulu reevaluating
ChatterBot X-ray reevaluating
2024-10-14 14:51:12.186333 Kilo: Papa we want you to join our group
2024-10-14 14:51:12.191826 Papa: No
ChatterBot Sierra reevaluating
ChatterBot Zulu reevaluating
2024-10-14 14:51:12.242100 X-ray: Papa we want you to join our group
2024-10-14 14:51:12.273459 Papa: No
ChatterBot Zulu reevaluating
2024-10-14 14:51:12.306772 Bravo: Papa we want you to join our group
2024-10-14 14:51:12.313018 Papa: No
ChatterBot Zulu reevaluating
2024-10-14 14:51:12.349631 Sierra: Papa we want you to join our group
2024-10-14 14:51:12.356214 Papa: No
2024-10-14 14:51:12.387327 Alpha: Papa, sending you 1
2024-10-14 14:51:12.388169 Papa: Alpha and Uniform, sending you 3
2024-10-14 14:51:12.388516 Zulu: Papa we want you to join our group
2024-10-14 14:51:12.394326 Papa: No
2024-10-14 14:51:12.423458 Uniform: Alpha, sending you 6
2024-10-14 14:51:12.423863 Alpha: Oscar, sending you 2
2024-10-14 14:51:12.424629 Quebec: Sierra, Papa, Kilo, Zulu and X-ray, sending you 3
2024-10-14 14:51:12.425081 Oscar: Alpha and Uniform, sending you 4
2024-10-14 14:51:12.425381 Papa: Oscar, sending you 6
2024-10-14 14:51:13.231763 Kilo: Quebec, Sierra, Papa, Zulu and X-ray, sending you 3
2024-10-14 14:51:13.232651 Alpha: Uniform, sending you 8
2024-10-14 14:51:13.232903 Uniform: Papa and Oscar, sending you 4
2024-10-14 14:51:13.233129 Quebec: Bravo, sending you 2
2024-10-14 14:51:13.233837 Oscar: Papa, sending you 3
2024-10-14 14:51:13.234074 Bravo: Sending you each 1
2024-10-14 14:51:13.234336 X-ray: Quebec and Kilo, sending you 2
chatterbot Quebec submitting transactions
chatterbot Oscar submitting transactions
chatterbot Kilo submitting transactions
chatterbot Uniform submitting transactions
chatterbot X-ray submitting transactions
chatterbot Papa submitting transactions
chatterbot Alpha submitting transactions
2024-10-14 14:51:13.559276 Kilo: Bravo, sending you 2
2024-10-14 14:51:13.560478 X-ray: Sierra and Zulu, sending you 3
2024-10-14 14:51:13.561765 Sierra: Quebec, Papa, Kilo, Zulu and X-ray, sending you 3
2024-10-14 14:51:13.566680 Zulu: Quebec, sending you 3
2024-10-14 14:51:13.567294 X-ray: Papa, sending you 1
2024-10-14 14:51:13.691795 Sierra: Bravo, sending you 2
2024-10-14 14:51:13.692377 Zulu: Sierra, sending you 4
chatterbot Bravo submitting transactions
2024-10-14 14:51:13.728563 Zulu: Papa, Kilo and X-ray, sending you 2
2024-10-14 14:51:13.751484 Zulu: Bravo, sending you 1
chatterbot Zulu submitting transactions
chatterbot Sierra submitting transactions
ChatterBot Quebec round 3
ChatterBot Sierra round 3
ChatterBot Alpha round 3
ChatterBot Papa round 3
ChatterBot Kilo round 3
ChatterBot Oscar round 3
ChatterBot Zulu round 3
ChatterBot Uniform round 3
2024-10-14 14:51:14.443876 Oscar: We should add Sierra
ChatterBot Alpha reevaluating
ChatterBot Uniform reevaluating
2024-10-14 14:51:14.453397 Papa: No
2024-10-14 14:51:14.453534 Alpha: No
2024-10-14 14:51:14.453705 Uniform: Yes
ChatterBot Alpha reevaluating
ChatterBot Oscar reevaluating
ChatterBot Uniform reevaluating
ChatterBot Oscar reevaluating
ChatterBot Uniform reevaluating
ChatterBot Alpha reevaluating
ChatterBot Oscar reevaluating
ChatterBot X-ray round 3
ChatterBot Bravo round 3
2024-10-14 14:51:14.511829 Oscar: We should add Bravo
ChatterBot Alpha reevaluating
ChatterBot Uniform reevaluating
2024-10-14 14:51:14.528740 Papa: No
2024-10-14 14:51:14.528973 Alpha: No
2024-10-14 14:51:14.529149 Uniform: No
ChatterBot Alpha reevaluating
ChatterBot Oscar reevaluating
ChatterBot Uniform reevaluating
ChatterBot Oscar reevaluating
ChatterBot Uniform reevaluating
ChatterBot Alpha reevaluating
ChatterBot Oscar reevaluating
2024-10-14 14:51:14.785161 X-ray: We should drop Papa
2024-10-14 14:51:14.803541 Quebec: No
2024-10-14 14:51:14.803813 Zulu: No
2024-10-14 14:51:14.804016 Bravo: Yes
2024-10-14 14:51:14.804705 Sierra: No
2024-10-14 14:51:14.804993 Kilo: No
2024-10-14 14:51:14.877206 Quebec: Sierra, Papa, Kilo, Zulu and X-ray, sending you 3
2024-10-14 14:51:14.877756 Kilo: Quebec, Sierra, Papa, Zulu and X-ray, sending you 3
2024-10-14 14:51:14.878130 Papa: Sending you each 4
2024-10-14 14:51:15.118039 Uniform: Alpha and Oscar, sending you 5
2024-10-14 14:51:15.118423 Quebec: Bravo, sending you 2
2024-10-14 14:51:15.118902 Kilo: Bravo, sending you 2
2024-10-14 14:51:15.119378 Alpha: Papa and Oscar, sending you 3
2024-10-14 14:51:15.124058 Zulu: Quebec, Sierra, Kilo and X-ray, sending you 3
2024-10-14 14:51:15.124521 Sierra: Quebec, Papa, Kilo, Zulu and X-ray, sending you 3
chatterbot Quebec submitting transactions
chatterbot Kilo submitting transactions
2024-10-14 14:51:15.126498 Uniform: Papa, sending you 4
2024-10-14 14:51:15.126891 Zulu: Papa and Bravo, sending you 1
2024-10-14 14:51:15.421819 Alpha: Uniform, sending you 5
2024-10-14 14:51:15.422544 X-ray: Quebec, Kilo and Zulu, sending you 2
2024-10-14 14:51:15.423032 Sierra: Bravo, sending you 2
chatterbot Zulu submitting transactions
chatterbot Bravo submitting transactions
2024-10-14 14:51:15.746938 X-ray: Sierra, sending you 4
2024-10-14 14:51:15.747403 Bravo: Same as last round
chatterbot Sierra submitting transactions
chatterbot Papa submitting transactions
chatterbot X-ray submitting transactions
chatterbot Oscar submitting transactions
2024-10-14 14:51:15.820703 X-ray: Bravo, sending you 1
chatterbot Alpha submitting transactions
chatterbot Uniform submitting transactions
ChatterBot Quebec round 4
ChatterBot Sierra round 4
ChatterBot Alpha round 4
ChatterBot Papa round 4
ChatterBot Kilo round 4
ChatterBot Oscar round 4
ChatterBot Zulu round 4
ChatterBot Uniform round 4
ChatterBot X-ray round 4
ChatterBot Bravo round 4
2024-10-14 14:51:16.095398 Papa: We should add Sierra
ChatterBot Oscar reevaluating
ChatterBot Uniform reevaluating
2024-10-14 14:51:16.104940 Alpha: No
2024-10-14 14:51:16.105154 Oscar: Yes
2024-10-14 14:51:16.105288 Uniform: Yes
ChatterBot Papa reevaluating
ChatterBot Oscar reevaluating
ChatterBot Uniform reevaluating
ChatterBot Papa reevaluating
ChatterBot Uniform reevaluating
ChatterBot Papa reevaluating
ChatterBot Oscar reevaluating
2024-10-14 14:51:16.175574 Uniform: Sierra we want you to join our group
2024-10-14 14:51:16.178440 Sierra: No
ChatterBot Papa reevaluating
2024-10-14 14:51:16.189939 Oscar: Sierra we want you to join our group
2024-10-14 14:51:16.192408 Sierra: No
ChatterBot Papa reevaluating
2024-10-14 14:51:16.202933 Quebec: Sierra, Kilo, Zulu, X-ray and Bravo, sending you 3
2024-10-14 14:51:16.203716 Zulu: Quebec, Sierra, Kilo and X-ray, sending you 3
2024-10-14 14:51:16.204142 Sierra: Quebec, Papa, Kilo, Zulu and X-ray, sending you 3
2024-10-14 14:51:16.207323 Kilo: Quebec, Sierra, Zulu, X-ray and Bravo, sending you 3
2024-10-14 14:51:16.207754 Alpha: Papa and Oscar, sending you 3
2024-10-14 14:51:16.208651 X-ray: Quebec, Kilo and Zulu, sending you 2
2024-10-14 14:51:16.209107 Quebec: Papa, sending you 2
2024-10-14 14:51:16.209469 Zulu: Bravo, sending you 2
2024-10-14 14:51:16.210418 Sierra: Bravo, sending you 2
2024-10-14 14:51:16.210826 Kilo: Papa, sending you 2
2024-10-14 14:51:16.211739 Alpha: Uniform, sending you 5
2024-10-14 14:51:16.212044 X-ray: Sierra, sending you 4
2024-10-14 14:51:16.220631 Uniform: Sierra, sending you 2
2024-10-14 14:51:16.221363 X-ray: Bravo, sending you 1
2024-10-14 14:51:16.230679 Papa: Same as last round
2024-10-14 14:51:16.231150 Uniform: Alpha, Papa and Oscar, sending you 4
2024-10-14 14:51:16.232117 Oscar: Sierra, sending you 2
2024-10-14 14:51:16.232493 Bravo: Same as last round
2024-10-14 14:51:16.236712 Oscar: Alpha, Papa and Uniform, sending you 3
chatterbot Kilo submitting transactions
chatterbot Oscar submitting transactions
chatterbot Alpha submitting transactions
chatterbot Sierra submitting transactions
chatterbot Papa submitting transactions
chatterbot Bravo submitting transactions
chatterbot Uniform submitting transactions
chatterbot Zulu submitting transactions
chatterbot Quebec submitting transactions
chatterbot X-ray submitting transactions
ChatterBot Quebec round 5
ChatterBot Sierra round 5
ChatterBot Alpha round 5
ChatterBot Papa round 5
ChatterBot Kilo round 5
ChatterBot Oscar round 5
ChatterBot Zulu round 5
ChatterBot Uniform round 5
ChatterBot X-ray round 5
ChatterBot Bravo round 5
2024-10-14 14:51:17.559973 Quebec: We should replace Papa with Oscar
ChatterBot Zulu reevaluating
ChatterBot Kilo reevaluating
2024-10-14 14:51:17.572865 Zulu: Yes
2024-10-14 14:51:17.573361 X-ray: No
2024-10-14 14:51:17.573482 Bravo: No
2024-10-14 14:51:17.573591 Sierra: No
2024-10-14 14:51:17.573717 Kilo: No
ChatterBot Quebec reevaluating
ChatterBot Kilo reevaluating
ChatterBot Quebec reevaluating
ChatterBot Zulu reevaluating
ChatterBot Kilo reevaluating
ChatterBot Quebec reevaluating
ChatterBot Zulu reevaluating
ChatterBot Kilo reevaluating
ChatterBot Quebec reevaluating
ChatterBot Zulu reevaluating
ChatterBot Kilo reevaluating
ChatterBot Quebec reevaluating
ChatterBot Zulu reevaluating
ChatterBot Sierra reevaluating
2024-10-14 14:51:17.648500 Sierra: We should replace Papa with Alpha
ChatterBot Quebec reevaluating
ChatterBot Zulu reevaluating
ChatterBot Kilo reevaluating
2024-10-14 14:51:17.715944 Quebec: No
2024-10-14 14:51:17.716242 Zulu: No
2024-10-14 14:51:17.717029 X-ray: No
2024-10-14 14:51:17.717186 Bravo: No
2024-10-14 14:51:17.717357 Kilo: No
ChatterBot Zulu reevaluating
ChatterBot Sierra reevaluating
ChatterBot Kilo reevaluating
ChatterBot Quebec reevaluating
ChatterBot Sierra reevaluating
ChatterBot Kilo reevaluating
ChatterBot Quebec reevaluating
ChatterBot Zulu reevaluating
ChatterBot Sierra reevaluating
ChatterBot Kilo reevaluating
ChatterBot Quebec reevaluating
ChatterBot Zulu reevaluating
ChatterBot Sierra reevaluating
ChatterBot Kilo reevaluating
ChatterBot Quebec reevaluating
ChatterBot Zulu reevaluating
ChatterBot Sierra reevaluating
2024-10-14 14:51:17.810712 Papa: We should add Sierra
2024-10-14 14:51:17.818807 Alpha: No
2024-10-14 14:51:17.819007 Oscar: Yes
2024-10-14 14:51:17.819138 Uniform: Yes
ChatterBot Papa reevaluating
ChatterBot Papa reevaluating
ChatterBot Papa reevaluating
2024-10-14 14:51:17.972278 Kilo: We should drop Papa
ChatterBot Quebec reevaluating
ChatterBot Zulu reevaluating
ChatterBot Sierra reevaluating
2024-10-14 14:51:17.986288 Quebec: No
2024-10-14 14:51:17.987162 Zulu: Yes
2024-10-14 14:51:17.987291 X-ray: Yes
2024-10-14 14:51:17.987424 Bravo: Yes
2024-10-14 14:51:17.987556 Sierra: No
ChatterBot Zulu reevaluating
ChatterBot Sierra reevaluating
ChatterBot Quebec reevaluating
ChatterBot Sierra reevaluating
ChatterBot Quebec reevaluating
ChatterBot Zulu reevaluating
ChatterBot Sierra reevaluating
ChatterBot Quebec reevaluating
ChatterBot Zulu reevaluating
ChatterBot Sierra reevaluating
ChatterBot Quebec reevaluating
ChatterBot Zulu reevaluating
2024-10-14 14:51:18.059460 Papa: Sierra we want you to join our group
ChatterBot Sierra reevaluating
2024-10-14 14:51:18.062661 Sierra: No
ChatterBot Papa reevaluating
2024-10-14 14:51:18.073718 Zulu: Oscar we want you to join our group
2024-10-14 14:51:18.076507 Oscar: No
ChatterBot Zulu reevaluating
ChatterBot Quebec reevaluating
ChatterBot Sierra reevaluating
2024-10-14 14:51:18.149296 Alpha: Papa and Uniform, sending you 4
2024-10-14 14:51:18.150377 Bravo: Same as last round
2024-10-14 14:51:18.151608 X-ray: Quebec, Kilo and Zulu, sending you 2
2024-10-14 14:51:18.152286 Uniform: Sierra and Oscar, sending you 3
2024-10-14 14:51:18.152671 Oscar: Sierra, sending you 2
2024-10-14 14:51:18.153679 Quebec: Oscar we want you to join our group
ChatterBot Oscar reevaluating
2024-10-14 14:51:18.157888 Oscar: No
ChatterBot Quebec reevaluating
ChatterBot Sierra reevaluating
2024-10-14 14:51:18.173953 Oscar: We should replace Sierra with Kilo
ChatterBot Papa reevaluating
ChatterBot Uniform reevaluating
2024-10-14 14:51:18.182492 Papa: No
2024-10-14 14:51:18.183129 Alpha: No
2024-10-14 14:51:18.186540 Uniform: No
ChatterBot Oscar reevaluating
ChatterBot Uniform reevaluating
ChatterBot Papa reevaluating
ChatterBot Oscar reevaluating
ChatterBot Uniform reevaluating
ChatterBot Papa reevaluating
ChatterBot Oscar reevaluating
2024-10-14 14:51:18.236186 Alpha: Oscar, sending you 3
2024-10-14 14:51:18.237244 X-ray: Sierra, sending you 4
2024-10-14 14:51:18.238001 Kilo: Quebec and Sierra, sending you 4
2024-10-14 14:51:18.265889 X-ray: Bravo, sending you 1
2024-10-14 14:51:18.267340 Kilo: Zulu, X-ray and Bravo, sending you 3
2024-10-14 14:51:18.274718 Quebec: Sierra, Kilo, Zulu, X-ray and Bravo, sending you 3
2024-10-14 14:51:18.279931 Zulu: Quebec, Sierra, Kilo and X-ray, sending you 3
2024-10-14 14:51:18.280874 Quebec: Papa, sending you 2
2024-10-14 14:51:18.284317 Zulu: Bravo, sending you 2
2024-10-14 14:51:18.288892 Sierra: Quebec, Kilo, Zulu, X-ray and Bravo, sending you 3
2024-10-14 14:51:18.290089 Papa: Same as last round
2024-10-14 14:51:18.299651 Sierra: Papa, sending you 2
chatterbot Alpha submitting transactions
chatterbot X-ray submitting transactions
chatterbot Zulu submitting transactions
chatterbot Oscar submitting transactions
chatterbot Kilo submitting transactions
chatterbot Uniform submitting transactions
chatterbot Quebec submitting transactions
chatterbot Sierra submitting transactions
chatterbot Bravo submitting transactions
chatterbot Oscar submitting transactions
chatterbot Papa submitting transactions
chatterbot Uniform submitting transactions
ChatterBot Quebec round 6
ChatterBot Sierra round 6
ChatterBot Alpha round 6
ChatterBot Papa round 6
ChatterBot Kilo round 6
ChatterBot Oscar round 6
ChatterBot Zulu round 6
ChatterBot Uniform round 6
ChatterBot X-ray round 6
ChatterBot Bravo round 6
2024-10-14 14:51:19.370493 Sierra: We should replace Papa with Oscar
ChatterBot Quebec reevaluating
2024-10-14 14:51:19.386470 Quebec: Yes
2024-10-14 14:51:19.386666 Zulu: Yes
2024-10-14 14:51:19.386795 X-ray: No
2024-10-14 14:51:19.386912 Bravo: No
2024-10-14 14:51:19.387033 Kilo: No
ChatterBot Sierra reevaluating
ChatterBot Quebec reevaluating
ChatterBot Sierra reevaluating
ChatterBot Quebec reevaluating
ChatterBot Sierra reevaluating
ChatterBot Quebec reevaluating
ChatterBot Sierra reevaluating
ChatterBot Quebec reevaluating
ChatterBot Sierra reevaluating
2024-10-14 14:51:19.861975 Uniform: Alpha and Papa, sending you 5
2024-10-14 14:51:19.863059 Papa: Same as last round
2024-10-14 14:51:19.863635 Kilo: Quebec and Sierra, sending you 4
2024-10-14 14:51:19.864907 Alpha: Papa and Uniform, sending you 4
2024-10-14 14:51:19.865382 Zulu: Quebec, Sierra, Kilo and X-ray, sending you 3
2024-10-14 14:51:19.866408 Oscar: Sierra, sending you 2
2024-10-14 14:51:19.866815 Quebec: Sierra, Kilo, Zulu, X-ray and Bravo, sending you 3
2024-10-14 14:51:19.868121 Uniform: Oscar, sending you 4
2024-10-14 14:51:19.868526 Alpha: Oscar, sending you 3
2024-10-14 14:51:19.883510 Kilo: Zulu, X-ray and Bravo, sending you 3
2024-10-14 14:51:19.884732 Zulu: Bravo, sending you 2
2024-10-14 14:51:19.885321 Oscar: Alpha, Papa and Uniform, sending you 3
2024-10-14 14:51:19.886520 Quebec: Papa, sending you 2
2024-10-14 14:51:19.970168 Bravo: Same as last round
2024-10-14 14:51:19.971543 X-ray: Quebec, Kilo, Zulu and Bravo, sending you 2
2024-10-14 14:51:19.972260 Sierra: Quebec, Kilo, Zulu, X-ray and Bravo, sending you 3
chatterbot Quebec submitting transactions
2024-10-14 14:51:19.975197 X-ray: Sierra, sending you 3
2024-10-14 14:51:19.982424 Sierra: Papa, sending you 2
chatterbot Papa submitting transactions
chatterbot Oscar submitting transactions
chatterbot Uniform submitting transactions
chatterbot Sierra submitting transactions
chatterbot Bravo submitting transactions
chatterbot X-ray submitting transactions
chatterbot Alpha submitting transactions
chatterbot Kilo submitting transactions
chatterbot Zulu submitting transactions
ChatterBot Quebec round 7
ChatterBot Sierra round 7
ChatterBot Alpha round 7
ChatterBot Papa round 7
ChatterBot Kilo round 7
ChatterBot Oscar round 7
ChatterBot Zulu round 7
2024-10-14 14:51:20.794129 Oscar: We should replace Sierra with Kilo
2024-10-14 14:51:20.801839 Papa: No
2024-10-14 14:51:20.802055 Alpha: No
2024-10-14 14:51:20.802213 Uniform: No
ChatterBot Oscar reevaluating
ChatterBot Oscar reevaluating
ChatterBot Uniform round 7
2024-10-14 14:51:20.826553 Quebec: Let's form a team
ChatterBot Sierra reevaluating
ChatterBot Kilo reevaluating
ChatterBot Alpha reevaluating
ChatterBot Papa reevaluating
ChatterBot Oscar reevaluating
ChatterBot Uniform reevaluating
2024-10-14 14:51:20.848371 Sierra: No
2024-10-14 14:51:20.848555 Kilo: No
2024-10-14 14:51:20.848991 Zulu: No
2024-10-14 14:51:20.849107 X-ray: No
2024-10-14 14:51:20.849220 Bravo: No
2024-10-14 14:51:20.849331 Alpha: No
2024-10-14 14:51:20.849441 Papa: No
2024-10-14 14:51:20.849549 Oscar: No
2024-10-14 14:51:20.849659 Uniform: No
ChatterBot Quebec reevaluating
ChatterBot Kilo reevaluating
ChatterBot Alpha reevaluating
ChatterBot Papa reevaluating
ChatterBot Oscar reevaluating
ChatterBot Uniform reevaluating
ChatterBot Quebec reevaluating
ChatterBot Sierra reevaluating
ChatterBot Alpha reevaluating
ChatterBot Papa reevaluating
ChatterBot Oscar reevaluating
ChatterBot Uniform reevaluating
ChatterBot Quebec reevaluating
ChatterBot Sierra reevaluating
ChatterBot Kilo reevaluating
ChatterBot Alpha reevaluating
ChatterBot Papa reevaluating
ChatterBot Oscar reevaluating
ChatterBot Uniform reevaluating
ChatterBot Quebec reevaluating
ChatterBot Sierra reevaluating
ChatterBot Kilo reevaluating
ChatterBot Alpha reevaluating
ChatterBot Papa reevaluating
ChatterBot Oscar reevaluating
ChatterBot Uniform reevaluating
ChatterBot Quebec reevaluating
ChatterBot Sierra reevaluating
ChatterBot Kilo reevaluating
ChatterBot Alpha reevaluating
ChatterBot Papa reevaluating
ChatterBot Oscar reevaluating
ChatterBot Uniform reevaluating
ChatterBot Quebec reevaluating
ChatterBot Sierra reevaluating
ChatterBot Kilo reevaluating
ChatterBot Papa reevaluating
ChatterBot Oscar reevaluating
ChatterBot Uniform reevaluating
ChatterBot Quebec reevaluating
ChatterBot Sierra reevaluating
ChatterBot Kilo reevaluating
ChatterBot Alpha reevaluating
ChatterBot Oscar reevaluating
ChatterBot Uniform reevaluating
ChatterBot Quebec reevaluating
ChatterBot Sierra reevaluating
ChatterBot Kilo reevaluating
ChatterBot Alpha reevaluating
ChatterBot Papa reevaluating
ChatterBot Uniform reevaluating
ChatterBot Quebec reevaluating
ChatterBot Sierra reevaluating
ChatterBot Kilo reevaluating
ChatterBot Alpha reevaluating
ChatterBot Papa reevaluating
ChatterBot Oscar reevaluating
2024-10-14 14:51:21.065312 Papa: We should add Quebec
2024-10-14 14:51:21.065657 Uniform: We should add Quebec
ChatterBot Alpha reevaluating
ChatterBot Oscar reevaluating
ChatterBot Uniform reevaluating
ChatterBot Papa reevaluating
2024-10-14 14:51:21.133123 Alpha: Yes
ChatterBot Alpha reevaluating
2024-10-14 14:51:21.138523 Oscar: Yes
ChatterBot Oscar reevaluating
2024-10-14 14:51:21.143502 Uniform: Yes
2024-10-14 14:51:21.143950 Papa: Yes
2024-10-14 14:51:21.144235 Alpha: Yes
2024-10-14 14:51:21.144569 Oscar: Yes
ChatterBot Papa reevaluating
ChatterBot Oscar reevaluating
ChatterBot Uniform reevaluating
ChatterBot Papa reevaluating
ChatterBot Alpha reevaluating
ChatterBot Uniform reevaluating
ChatterBot Papa reevaluating
ChatterBot Alpha reevaluating
ChatterBot Oscar reevaluating
ChatterBot Alpha reevaluating
ChatterBot Oscar reevaluating
ChatterBot Uniform reevaluating
ChatterBot Papa reevaluating
ChatterBot Oscar reevaluating
ChatterBot Uniform reevaluating
ChatterBot Papa reevaluating
ChatterBot Alpha reevaluating
ChatterBot Uniform reevaluating
ChatterBot X-ray round 7
ChatterBot Bravo round 7
2024-10-14 14:51:21.229583 Oscar: We should replace Sierra with Quebec
ChatterBot Papa reevaluating
ChatterBot Alpha reevaluating
ChatterBot Uniform reevaluating
2024-10-14 14:51:21.239472 Papa: Yes
2024-10-14 14:51:21.239643 Alpha: Yes
2024-10-14 14:51:21.240265 Uniform: Yes
ChatterBot Alpha reevaluating
ChatterBot Oscar reevaluating
ChatterBot Uniform reevaluating
ChatterBot Papa reevaluating
ChatterBot Oscar reevaluating
ChatterBot Uniform reevaluating
ChatterBot Papa reevaluating
ChatterBot Alpha reevaluating
ChatterBot Oscar reevaluating
2024-10-14 14:51:21.277586 Quebec: We should replace Papa with Alpha
ChatterBot Sierra reevaluating
ChatterBot Kilo reevaluating
2024-10-14 14:51:21.291867 Zulu: No
2024-10-14 14:51:21.292056 X-ray: No
2024-10-14 14:51:21.292180 Bravo: No
2024-10-14 14:51:21.292291 Sierra: No
2024-10-14 14:51:21.292403 Kilo: No
ChatterBot Quebec reevaluating
ChatterBot Sierra reevaluating
ChatterBot Kilo reevaluating
ChatterBot Quebec reevaluating
ChatterBot Sierra reevaluating
ChatterBot Kilo reevaluating
ChatterBot Quebec reevaluating
ChatterBot Sierra reevaluating
ChatterBot Kilo reevaluating
ChatterBot Quebec reevaluating
ChatterBot Kilo reevaluating
ChatterBot Quebec reevaluating
ChatterBot Sierra reevaluating
2024-10-14 14:51:21.376254 Quebec: We should replace Papa with Oscar
ChatterBot Sierra reevaluating
ChatterBot Kilo reevaluating
2024-10-14 14:51:21.391516 Zulu: Yes
2024-10-14 14:51:21.391731 X-ray: No
2024-10-14 14:51:21.391856 Bravo: No
2024-10-14 14:51:21.391967 Sierra: No
2024-10-14 14:51:21.392694 Kilo: No
ChatterBot Quebec reevaluating
ChatterBot Sierra reevaluating
ChatterBot Kilo reevaluating
ChatterBot Quebec reevaluating
ChatterBot Sierra reevaluating
ChatterBot Kilo reevaluating
ChatterBot Quebec reevaluating
ChatterBot Sierra reevaluating
ChatterBot Kilo reevaluating
ChatterBot Quebec reevaluating
ChatterBot Kilo reevaluating
ChatterBot Quebec reevaluating
ChatterBot Sierra reevaluating
2024-10-14 14:51:21.481601 Sierra: Oscar we want you to join our group
ChatterBot Oscar reevaluating
2024-10-14 14:51:21.485681 Oscar: No
ChatterBot Quebec reevaluating
ChatterBot Sierra reevaluating
ChatterBot Kilo reevaluating
2024-10-14 14:51:21.505378 Alpha: Quebec we want you to join our group
ChatterBot Quebec reevaluating
2024-10-14 14:51:21.509461 Quebec: Yes
ChatterBot Oscar reevaluating
2024-10-14 14:51:21.521081 Uniform: Quebec we want you to join our group
ChatterBot Quebec reevaluating
2024-10-14 14:51:21.525103 Quebec: No
ChatterBot Oscar reevaluating
2024-10-14 14:51:21.537387 Papa: Quebec we want you to join our group
ChatterBot Quebec reevaluating
2024-10-14 14:51:21.541246 Quebec: No
ChatterBot Oscar reevaluating
2024-10-14 14:51:21.689122 Oscar: Quebec we want you to join our group
ChatterBot Quebec reevaluating
2024-10-14 14:51:21.693935 Quebec: No
2024-10-14 14:51:21.705504 Zulu: Quebec, Sierra, Kilo and X-ray, sending you 3
2024-10-14 14:51:21.752411 Bravo: Same as last round
2024-10-14 14:51:21.753319 Zulu: Bravo, sending you 2
2024-10-14 14:51:21.754327 Alpha: Quebec, sending you 1
2024-10-14 14:51:21.755066 Kilo: Quebec, Zulu, X-ray and Bravo, sending you 3
2024-10-14 14:51:21.756261 X-ray: Quebec, Kilo, Zulu and Bravo, sending you 2
2024-10-14 14:51:21.757423 Uniform: Quebec, sending you 2
2024-10-14 14:51:21.757932 Papa: Quebec, Alpha, Oscar and Uniform, sending you 3
2024-10-14 14:51:21.759006 Quebec: Alpha we want you to join our group
2024-10-14 14:51:21.763843 Alpha: No
ChatterBot Quebec reevaluating
chatterbot Alpha submitting transactions
2024-10-14 14:51:21.791302 Alpha: Papa and Oscar, sending you 3
2024-10-14 14:51:21.792206 X-ray: Sierra, sending you 3
2024-10-14 14:51:21.793405 Kilo: Sierra, sending you 5
2024-10-14 14:51:21.794271 Uniform: Alpha, Papa and Oscar, sending you 4
2024-10-14 14:51:21.795220 Oscar: Quebec, sending you 2
2024-10-14 14:51:21.796032 Sierra: Quebec, Kilo, Oscar, Zulu and X-ray, sending you 3
2024-10-14 14:51:21.797334 Alpha: Uniform, sending you 4
2024-10-14 14:51:21.820307 Sierra: Bravo, sending you 2
2024-10-14 14:51:21.821528 Quebec: Oscar we want you to join our group
2024-10-14 14:51:21.825340 Oscar: No
ChatterBot Quebec reevaluating
ChatterBot Sierra reevaluating
2024-10-14 14:51:21.842206 Sierra: We should replace Oscar with Papa
ChatterBot Quebec reevaluating
2024-10-14 14:51:21.855956 Quebec: No
2024-10-14 14:51:21.856125 Zulu: No
2024-10-14 14:51:21.856262 X-ray: No
2024-10-14 14:51:21.856397 Bravo: No
2024-10-14 14:51:21.856513 Kilo: No
ChatterBot Sierra reevaluating
ChatterBot Quebec reevaluating
ChatterBot Sierra reevaluating
ChatterBot Quebec reevaluating
ChatterBot Zulu reevaluating
ChatterBot Sierra reevaluating
ChatterBot Quebec reevaluating
ChatterBot Zulu reevaluating
ChatterBot Sierra reevaluating
ChatterBot Quebec reevaluating
ChatterBot Zulu reevaluating
ChatterBot Sierra reevaluating
2024-10-14 14:51:21.932239 Oscar: Alpha, Papa and Uniform, sending you 3
2024-10-14 14:51:21.933291 Sierra: We should replace Oscar with Alpha
ChatterBot Quebec reevaluating
ChatterBot Zulu reevaluating
2024-10-14 14:51:21.947212 Quebec: Yes
2024-10-14 14:51:21.947376 Zulu: Yes
2024-10-14 14:51:21.947495 X-ray: No
2024-10-14 14:51:21.947651 Bravo: No
2024-10-14 14:51:21.947771 Kilo: No
ChatterBot Zulu reevaluating
ChatterBot Sierra reevaluating
ChatterBot Quebec reevaluating
ChatterBot Sierra reevaluating
ChatterBot Quebec reevaluating
ChatterBot Zulu reevaluating
ChatterBot Sierra reevaluating
ChatterBot Quebec reevaluating
ChatterBot Zulu reevaluating
ChatterBot Sierra reevaluating
ChatterBot Quebec reevaluating
ChatterBot Zulu reevaluating
ChatterBot Sierra reevaluating
chatterbot Zulu submitting transactions
2024-10-14 14:51:22.113583 Zulu: Alpha we want you to join our group
2024-10-14 14:51:22.117073 Alpha: No
ChatterBot Quebec reevaluating
ChatterBot Sierra reevaluating
ChatterBot Zulu reevaluating
chatterbot Uniform submitting transactions
2024-10-14 14:51:22.219417 Quebec: Sierra, Kilo, Zulu, X-ray and Bravo, sending you 3
chatterbot Bravo submitting transactions
2024-10-14 14:51:22.227993 Quebec: Oscar, sending you 2
chatterbot Sierra submitting transactions
chatterbot X-ray submitting transactions
chatterbot Oscar submitting transactions
chatterbot Zulu submitting transactions
chatterbot Papa submitting transactions
chatterbot Kilo submitting transactions
chatterbot Sierra submitting transactions
chatterbot Quebec submitting transactions
ChatterBot Quebec round 8
ChatterBot Sierra round 8
ChatterBot Alpha round 8
ChatterBot Papa round 8
ChatterBot Kilo round 8
ChatterBot Oscar round 8
ChatterBot Zulu round 8
ChatterBot Uniform round 8
ChatterBot X-ray round 8
ChatterBot Bravo round 8
2024-10-14 14:51:23.043207 Quebec: We should replace Oscar with Papa
ChatterBot Zulu reevaluating
2024-10-14 14:51:23.118054 Zulu: Yes
2024-10-14 14:51:23.118754 X-ray: No
2024-10-14 14:51:23.119097 Bravo: No
2024-10-14 14:51:23.119472 Sierra: No
2024-10-14 14:51:23.120504 Kilo: No
ChatterBot Quebec reevaluating
ChatterBot Quebec reevaluating
ChatterBot Zulu reevaluating
ChatterBot Quebec reevaluating
ChatterBot Zulu reevaluating
ChatterBot Quebec reevaluating
ChatterBot Zulu reevaluating
ChatterBot Quebec reevaluating
ChatterBot Zulu reevaluating
2024-10-14 14:51:23.259975 Kilo: Quebec, X-ray and Bravo, sending you 3
2024-10-14 14:51:23.263691 Alpha: Quebec, sending you 1
2024-10-14 14:51:23.264956 Kilo: Sierra and Zulu, sending you 4
2024-10-14 14:51:23.267146 Papa: Quebec, Alpha, Oscar and Uniform, sending you 3
2024-10-14 14:51:23.267814 Oscar: Quebec, sending you 2
2024-10-14 14:51:23.269437 Alpha: Papa, sending you 4
2024-10-14 14:51:23.270099 Uniform: Quebec, sending you 2
2024-10-14 14:51:23.272688 Oscar: Alpha, Papa and Uniform, sending you 3
2024-10-14 14:51:23.274228 Sierra: Quebec, Kilo, Zulu, X-ray and Bravo, sending you 3
2024-10-14 14:51:23.275317 Alpha: Oscar and Uniform, sending you 3
2024-10-14 14:51:23.276263 Uniform: Alpha, Papa and Oscar, sending you 4
2024-10-14 14:51:23.277342 Bravo: Same as last round
2024-10-14 14:51:23.278607 X-ray: Quebec, Kilo, Zulu and Bravo, sending you 2
2024-10-14 14:51:23.279938 Sierra: Oscar, sending you 2
2024-10-14 14:51:23.281691 Quebec: Sierra, Kilo, Zulu, X-ray and Bravo, sending you 3
2024-10-14 14:51:23.283670 X-ray: Sierra, sending you 3
2024-10-14 14:51:23.284507 Zulu: Quebec, Sierra, Kilo and X-ray, sending you 3
2024-10-14 14:51:23.286707 Quebec: Oscar, sending you 2
2024-10-14 14:51:23.289690 Zulu: Bravo, sending you 2
chatterbot Oscar submitting transactions
chatterbot Sierra submitting transactions
chatterbot Bravo submitting transactions
chatterbot X-ray submitting transactions
chatterbot Alpha submitting transactions
chatterbot Quebec submitting transactions
chatterbot Uniform submitting transactions
chatterbot Kilo submitting transactions
chatterbot Papa submitting transactions
chatterbot Zulu submitting transactions
ChatterBot Quebec round 9
ChatterBot Sierra round 9
ChatterBot Alpha round 9
ChatterBot Papa round 9
ChatterBot Kilo round 9
