ChatterBot Whiskey round 1
ChatterBot Echo round 1
ChatterBot Charlie round 1
ChatterBot Sierra round 1
ChatterBot Quebec round 1
ChatterBot Tango round 1
ChatterBot Juliett round 1
ChatterBot Victor round 1
ChatterBot Zulu round 1
ChatterBot Yankee round 1
randomSelections Victor: {Victor, Quebec, Echo, Whiskey, Yankee, Tango} 
2024-10-14 14:51:09.694809 Victor: We would work well together
ChatterBot Quebec reevaluating
ChatterBot Echo reevaluating
ChatterBot Whiskey reevaluating
ChatterBot Yankee reevaluating
ChatterBot Tango reevaluating
2024-10-14 14:51:09.705170 Quebec: Yes
2024-10-14 14:51:09.705308 Echo: Yes
2024-10-14 14:51:09.705414 Whiskey: Yes
2024-10-14 14:51:09.705508 Yankee: Yes
2024-10-14 14:51:09.705599 Tango: Yes
ChatterBot Echo reevaluating
ChatterBot Whiskey reevaluating
ChatterBot Yankee reevaluating
ChatterBot Tango reevaluating
ChatterBot Quebec reevaluating
ChatterBot Whiskey reevaluating
ChatterBot Yankee reevaluating
ChatterBot Tango reevaluating
ChatterBot Quebec reevaluating
ChatterBot Echo reevaluating
ChatterBot Yankee reevaluating
ChatterBot Tango reevaluating
ChatterBot Quebec reevaluating
ChatterBot Echo reevaluating
ChatterBot Whiskey reevaluating
ChatterBot Tango reevaluating
ChatterBot Quebec reevaluating
ChatterBot Echo reevaluating
ChatterBot Whiskey reevaluating
ChatterBot Yankee reevaluating
randomSelections Sierra: {Sierra, Victor, Yankee, Whiskey, Charlie, Zulu} 
2024-10-14 14:51:09.757933 Sierra: Friends?
ChatterBot Yankee reevaluating
ChatterBot Whiskey reevaluating
ChatterBot Charlie reevaluating
ChatterBot Zulu reevaluating
2024-10-14 14:51:09.767157 Victor: No
2024-10-14 14:51:09.767374 Yankee: No
2024-10-14 14:51:09.767564 Whiskey: No
2024-10-14 14:51:09.767787 Charlie: Yes
2024-10-14 14:51:09.767916 Zulu: Yes
ChatterBot Yankee reevaluating
ChatterBot Whiskey reevaluating
ChatterBot Charlie reevaluating
ChatterBot Zulu reevaluating
ChatterBot Whiskey reevaluating
ChatterBot Charlie reevaluating
ChatterBot Zulu reevaluating
ChatterBot Yankee reevaluating
ChatterBot Charlie reevaluating
ChatterBot Zulu reevaluating
ChatterBot Yankee reevaluating
ChatterBot Whiskey reevaluating
ChatterBot Zulu reevaluating
ChatterBot Yankee reevaluating
ChatterBot Whiskey reevaluating
ChatterBot Charlie reevaluating
randomSelections Juliett: {Juliett, Victor, Sierra, Quebec, Zulu} 
2024-10-14 14:51:09.812011 Juliett: Can we be friends?
ChatterBot Quebec reevaluating
ChatterBot Zulu reevaluating
2024-10-14 14:51:09.818466 Victor: No
2024-10-14 14:51:09.818646 Sierra: No
2024-10-14 14:51:09.818780 Quebec: No
2024-10-14 14:51:09.818955 Zulu: No
ChatterBot Quebec reevaluating
ChatterBot Zulu reevaluating
ChatterBot Quebec reevaluating
ChatterBot Zulu reevaluating
ChatterBot Zulu reevaluating
ChatterBot Quebec reevaluating
2024-10-14 14:51:09.863463 Quebec: Whiskey, Echo and Yankee, sending you 3
2024-10-14 14:51:09.867694 Sierra: Charlie, sending you 2
2024-10-14 14:51:09.868125 Victor: Whiskey and Tango, sending you 2
2024-10-14 14:51:09.870295 Quebec: Tango, sending you 4
2024-10-14 14:51:09.871379 Tango: Whiskey and Echo, sending you 6
2024-10-14 14:51:09.871639 Whiskey: Echo, Quebec, Tango, Victor and Yankee, sending you 2
2024-10-14 14:51:09.871917 Echo: Whiskey and Tango, sending you 1
2024-10-14 14:51:09.873121 Sierra: Victor and Zulu, sending you 4
2024-10-14 14:51:09.873431 Charlie: Whiskey, Sierra and Zulu, sending you 4
2024-10-14 14:51:09.873740 Victor: Echo, sending you 3
2024-10-14 14:51:09.874015 Quebec: Victor, sending you 1
2024-10-14 14:51:09.878189 Juliett: Sierra, sending you 4
2024-10-14 14:51:09.879429 Tango: Quebec and Victor, sending you 1
2024-10-14 14:51:09.879933 Echo: Quebec, sending you 5
2024-10-14 14:51:09.880329 Yankee: Tango and Victor, sending you 1
2024-10-14 14:51:09.881315 Sierra: Yankee, sending you 1
2024-10-14 14:51:09.881751 Zulu: Whiskey and Yankee, sending you 4
2024-10-14 14:51:09.882152 Charlie: Victor, sending you 3
2024-10-14 14:51:09.883086 Victor: Quebec and Yankee, sending you 1
2024-10-14 14:51:09.883736 Juliett: Quebec and Victor, sending you 2
2024-10-14 14:51:09.884113 Tango: Yankee, sending you 2
2024-10-14 14:51:09.885273 Echo: Victor, sending you 4
2024-10-14 14:51:09.885766 Zulu: Charlie and Sierra, sending you 3
2024-10-14 14:51:09.887095 Charlie: Yankee, sending you 2
2024-10-14 14:51:09.889941 Juliett: Zulu, sending you 3
2024-10-14 14:51:09.891011 Zulu: Victor, sending you 2
chatterbot Echo submitting transactions
chatterbot Victor submitting transactions
chatterbot Whiskey submitting transactions
chatterbot Zulu submitting transactions
chatterbot Charlie submitting transactions
chatterbot Tango submitting transactions
chatterbot Juliett submitting transactions
chatterbot Yankee submitting transactions
chatterbot Sierra submitting transactions
chatterbot Quebec submitting transactions
ChatterBot Whiskey round 2
ChatterBot Echo round 2
ChatterBot Charlie round 2
ChatterBot Sierra round 2
ChatterBot Quebec round 2
ChatterBot Tango round 2
2024-10-14 14:51:11.017913 Sierra: We should group up
ChatterBot Charlie reevaluating
ChatterBot Juliett reevaluating
ChatterBot Zulu reevaluating
ChatterBot Victor reevaluating
2024-10-14 14:51:11.110098 Charlie: Yes
2024-10-14 14:51:11.111076 Juliett: No
2024-10-14 14:51:11.111328 Zulu: No
2024-10-14 14:51:11.111714 Victor: No
ChatterBot Juliett reevaluating
ChatterBot Zulu reevaluating
ChatterBot Victor reevaluating
ChatterBot Charlie reevaluating
ChatterBot Zulu reevaluating
ChatterBot Victor reevaluating
ChatterBot Charlie reevaluating
ChatterBot Juliett reevaluating
ChatterBot Victor reevaluating
ChatterBot Charlie reevaluating
ChatterBot Juliett reevaluating
ChatterBot Zulu reevaluating
2024-10-14 14:51:11.260297 Juliett: Let's form a team
ChatterBot Charlie reevaluating
2024-10-14 14:51:11.266783 Charlie: Yes
ChatterBot Juliett reevaluating
ChatterBot Juliett round 2
ChatterBot Victor round 2
ChatterBot Zulu round 2
ChatterBot Yankee round 2
2024-10-14 14:51:11.300161 Zulu: Can we be friends?
ChatterBot Charlie reevaluating
ChatterBot Juliett reevaluating
ChatterBot Yankee reevaluating
2024-10-14 14:51:11.315128 Charlie: No
2024-10-14 14:51:11.315316 Sierra: No
2024-10-14 14:51:11.315441 Juliett: Yes
2024-10-14 14:51:11.315558 Yankee: No
ChatterBot Juliett reevaluating
ChatterBot Yankee reevaluating
ChatterBot Charlie reevaluating
ChatterBot Juliett reevaluating
ChatterBot Yankee reevaluating
ChatterBot Charlie reevaluating
ChatterBot Yankee reevaluating
ChatterBot Charlie reevaluating
ChatterBot Juliett reevaluating
2024-10-14 14:51:11.373996 Juliett: Let's form a team
ChatterBot Charlie reevaluating
ChatterBot Sierra reevaluating
ChatterBot Yankee reevaluating
2024-10-14 14:51:11.388949 Zulu: Yes
2024-10-14 14:51:11.389094 Charlie: Yes
2024-10-14 14:51:11.389193 Sierra: Yes
2024-10-14 14:51:11.389795 Yankee: No
ChatterBot Charlie reevaluating
ChatterBot Sierra reevaluating
ChatterBot Juliett reevaluating
ChatterBot Yankee reevaluating
ChatterBot Sierra reevaluating
ChatterBot Juliett reevaluating
ChatterBot Yankee reevaluating
ChatterBot Charlie reevaluating
ChatterBot Juliett reevaluating
ChatterBot Yankee reevaluating
ChatterBot Charlie reevaluating
ChatterBot Sierra reevaluating
ChatterBot Juliett reevaluating
2024-10-14 14:51:11.454177 Victor: We would work well together
ChatterBot Charlie reevaluating
ChatterBot Sierra reevaluating
ChatterBot Juliett reevaluating
2024-10-14 14:51:11.482751 Whiskey: No
2024-10-14 14:51:11.483359 Echo: No
2024-10-14 14:51:11.483487 Quebec: No
2024-10-14 14:51:11.483622 Tango: No
2024-10-14 14:51:11.483728 Charlie: No
2024-10-14 14:51:11.483822 Sierra: No
2024-10-14 14:51:11.483921 Juliett: No
2024-10-14 14:51:11.484010 Zulu: No
ChatterBot Charlie reevaluating
ChatterBot Sierra reevaluating
ChatterBot Juliett reevaluating
ChatterBot Zulu reevaluating
ChatterBot Charlie reevaluating
ChatterBot Sierra reevaluating
ChatterBot Juliett reevaluating
ChatterBot Zulu reevaluating
ChatterBot Charlie reevaluating
ChatterBot Sierra reevaluating
ChatterBot Juliett reevaluating
ChatterBot Zulu reevaluating
ChatterBot Quebec reevaluating
ChatterBot Charlie reevaluating
ChatterBot Sierra reevaluating
ChatterBot Juliett reevaluating
ChatterBot Zulu reevaluating
ChatterBot Quebec reevaluating
ChatterBot Sierra reevaluating
ChatterBot Juliett reevaluating
ChatterBot Zulu reevaluating
ChatterBot Quebec reevaluating
ChatterBot Charlie reevaluating
ChatterBot Juliett reevaluating
ChatterBot Zulu reevaluating
ChatterBot Quebec reevaluating
ChatterBot Charlie reevaluating
ChatterBot Sierra reevaluating
ChatterBot Zulu reevaluating
ChatterBot Quebec reevaluating
ChatterBot Charlie reevaluating
ChatterBot Sierra reevaluating
ChatterBot Juliett reevaluating
2024-10-14 14:51:11.745320 Echo: We should drop Yankee
ChatterBot Quebec reevaluating
2024-10-14 14:51:11.813782 Whiskey: No
2024-10-14 14:51:11.814606 Quebec: Yes
2024-10-14 14:51:11.814934 Tango: No
2024-10-14 14:51:11.815305 Victor: Yes
ChatterBot Quebec reevaluating
ChatterBot Whiskey reevaluating
ChatterBot Whiskey reevaluating
ChatterBot Quebec reevaluating
ChatterBot Whiskey reevaluating
ChatterBot Quebec reevaluating
2024-10-14 14:51:11.904017 Juliett: We should replace Quebec with Charlie
ChatterBot Sierra reevaluating
2024-10-14 14:51:11.915093 Sierra: Yes
2024-10-14 14:51:11.915691 Zulu: Yes
2024-10-14 14:51:11.915813 Victor: No
ChatterBot Juliett reevaluating
ChatterBot Juliett reevaluating
ChatterBot Sierra reevaluating
ChatterBot Juliett reevaluating
ChatterBot Sierra reevaluating
2024-10-14 14:51:11.951982 Quebec: We should replace Yankee with Juliett
ChatterBot Whiskey reevaluating
2024-10-14 14:51:11.966477 Echo: No
2024-10-14 14:51:11.967050 Whiskey: Yes
2024-10-14 14:51:11.967164 Tango: No
2024-10-14 14:51:11.967281 Victor: Yes
ChatterBot Whiskey reevaluating
ChatterBot Quebec reevaluating
ChatterBot Quebec reevaluating
ChatterBot Whiskey reevaluating
ChatterBot Quebec reevaluating
ChatterBot Whiskey reevaluating
ChatterBot Quebec reevaluating
ChatterBot Tango reevaluating
2024-10-14 14:51:12.027011 Juliett: Charlie we want you to join our group
2024-10-14 14:51:12.030957 Charlie: Yes
chatterbot Tango submitting transactions
chatterbot Whiskey submitting transactions
2024-10-14 14:51:12.045099 Quebec: Juliett we want you to join our group
2024-10-14 14:51:12.049194 Juliett: No
ChatterBot Whiskey reevaluating
ChatterBot Tango reevaluating
2024-10-14 14:51:12.067016 Zulu: Charlie, Sierra and Juliett, sending you 4
2024-10-14 14:51:12.067713 Victor: Whiskey, Charlie, Sierra, Quebec, Tango, Juliett and Zulu, sending you 1
2024-10-14 14:51:12.068073 Charlie: Sierra, sending you 6
2024-10-14 14:51:12.797177 Echo: Whiskey, sending you 2
2024-10-14 14:51:12.797646 Zulu: Yankee, sending you 3
2024-10-14 14:51:12.798027 Yankee: Sending you each 1
2024-10-14 14:51:12.799224 Victor: Echo, sending you 2
2024-10-14 14:51:12.799734 Charlie: Juliett and Victor, sending you 1
2024-10-14 14:51:12.800060 Sierra: Charlie and Juliett, sending you 4
chatterbot Sierra submitting transactions
chatterbot Victor submitting transactions
chatterbot Zulu submitting transactions
chatterbot Charlie submitting transactions
chatterbot Echo submitting transactions
2024-10-14 14:51:13.393176 Echo: Quebec, Tango and Victor, sending you 3
2024-10-14 14:51:13.393699 Charlie: Zulu, sending you 9
2024-10-14 14:51:13.394571 Sierra: Zulu, sending you 3
2024-10-14 14:51:13.394936 Quebec: Whiskey, Echo, Tango and Juliett, sending you 3
2024-10-14 14:51:13.395704 Juliett: Charlie, Sierra and Zulu, sending you 3
chatterbot Yankee submitting transactions
chatterbot Quebec submitting transactions
chatterbot Juliett submitting transactions
2024-10-14 14:51:13.417978 Quebec: Victor, sending you 2
2024-10-14 14:51:13.418419 Whiskey: Echo, Sierra, Quebec, Juliett, Victor and Zulu, sending you 1
2024-10-14 14:51:13.419447 Juliett: Victor, sending you 2
2024-10-14 14:51:13.419832 Echo: Whiskey did not give me 2 like they said
ChatterBot Whiskey reevaluating
ChatterBot Quebec reevaluating
ChatterBot Tango reevaluating
ChatterBot Victor reevaluating
2024-10-14 14:51:13.445781 Echo: Tango did not give me 6 like they said
ChatterBot Whiskey reevaluating
ChatterBot Quebec reevaluating
ChatterBot Tango reevaluating
ChatterBot Victor reevaluating
2024-10-14 14:51:13.521327 Echo: Victor did not give me 3 like they said
ChatterBot Whiskey reevaluating
ChatterBot Quebec reevaluating
ChatterBot Tango reevaluating
ChatterBot Victor reevaluating
chatterbot Whiskey submitting transactions
ChatterBot Whiskey round 3
ChatterBot Echo round 3
ChatterBot Charlie round 3
ChatterBot Sierra round 3
ChatterBot Quebec round 3
ChatterBot Tango round 3
ChatterBot Juliett round 3
ChatterBot Victor round 3
ChatterBot Zulu round 3
ChatterBot Yankee round 3
chatterbot Sierra submitting transactions
2024-10-14 14:51:13.552812 Quebec: We should replace Juliett with Yankee
ChatterBot Whiskey reevaluating
ChatterBot Tango reevaluating
ChatterBot Victor reevaluating
2024-10-14 14:51:13.567428 Echo: No
2024-10-14 14:51:13.568238 Whiskey: Yes
2024-10-14 14:51:13.568722 Tango: Yes
2024-10-14 14:51:13.569137 Victor: No
ChatterBot Whiskey reevaluating
ChatterBot Quebec reevaluating
ChatterBot Tango reevaluating
ChatterBot Victor reevaluating
ChatterBot Quebec reevaluating
ChatterBot Tango reevaluating
ChatterBot Victor reevaluating
ChatterBot Whiskey reevaluating
ChatterBot Quebec reevaluating
ChatterBot Victor reevaluating
ChatterBot Whiskey reevaluating
ChatterBot Quebec reevaluating
ChatterBot Tango reevaluating
2024-10-14 14:51:13.696306 Yankee: Can we be friends?
ChatterBot Charlie reevaluating
ChatterBot Sierra reevaluating
ChatterBot Juliett reevaluating
2024-10-14 14:51:13.720021 Zulu: Yes
2024-10-14 14:51:13.720266 Charlie: Yes
2024-10-14 14:51:13.720454 Sierra: Yes
2024-10-14 14:51:13.720639 Juliett: Yes
ChatterBot Charlie reevaluating
ChatterBot Sierra reevaluating
ChatterBot Juliett reevaluating
ChatterBot Sierra reevaluating
ChatterBot Juliett reevaluating
ChatterBot Charlie reevaluating
ChatterBot Juliett reevaluating
ChatterBot Charlie reevaluating
ChatterBot Sierra reevaluating
chatterbot Tango submitting transactions
2024-10-14 14:51:13.838590 Sierra: We should replace Victor with Yankee
ChatterBot Charlie reevaluating
ChatterBot Juliett reevaluating
2024-10-14 14:51:13.854429 Charlie: Yes
2024-10-14 14:51:13.854707 Juliett: Yes
2024-10-14 14:51:13.855564 Zulu: Yes
ChatterBot Sierra reevaluating
ChatterBot Juliett reevaluating
ChatterBot Charlie reevaluating
ChatterBot Sierra reevaluating
ChatterBot Charlie reevaluating
ChatterBot Sierra reevaluating
ChatterBot Juliett reevaluating
2024-10-14 14:51:13.954409 Whiskey: Yankee we want you to join our group
2024-10-14 14:51:13.958739 Yankee: No
ChatterBot Quebec reevaluating
ChatterBot Whiskey reevaluating
2024-10-14 14:51:13.982988 Sierra: Yankee we want you to join our group
2024-10-14 14:51:13.988443 Yankee: Yes
2024-10-14 14:51:14.005390 Quebec: Yankee we want you to join our group
2024-10-14 14:51:14.009825 Yankee: No
ChatterBot Quebec reevaluating
2024-10-14 14:51:14.025991 Yankee: Sending you each 1
2024-10-14 14:51:16.212803 Charlie: Sierra, sending you 6
2024-10-14 14:51:16.213947 Zulu: Sending you each 4
2024-10-14 14:51:16.214390 Echo: Whiskey, sending you 2
2024-10-14 14:51:16.215311 Victor: Whiskey, Charlie, Sierra, Quebec, Tango, Juliett and Zulu, sending you 1
2024-10-14 14:51:16.216001 Juliett: Charlie, Sierra and Zulu, sending you 3
chatterbot Tango submitting transactions
chatterbot Yankee submitting transactions
2024-10-14 14:51:16.227785 Echo: Quebec, Tango and Victor, sending you 3
2024-10-14 14:51:16.228711 Charlie: Juliett, sending you 3
2024-10-14 14:51:16.229370 Victor: Echo, sending you 2
2024-10-14 14:51:16.230745 Juliett: Yankee, sending you 2
2024-10-14 14:51:16.231148 Sierra: Charlie, sending you 4
2024-10-14 14:51:16.233945 Charlie: Zulu, sending you 7
2024-10-14 14:51:16.235688 Sierra: Juliett and Zulu, sending you 3
2024-10-14 14:51:16.237871 Charlie: Yankee, sending you 1
2024-10-14 14:51:16.238706 Sierra: Yankee, sending you 1
2024-10-14 14:51:16.253684 Quebec: Whiskey, Echo, Tango and Victor, sending you 3
2024-10-14 14:51:16.257855 Quebec: Yankee, sending you 2
chatterbot Juliett submitting transactions
chatterbot Whiskey submitting transactions
chatterbot Quebec submitting transactions
chatterbot Charlie submitting transactions
chatterbot Zulu submitting transactions
chatterbot Victor submitting transactions
chatterbot Sierra submitting transactions
chatterbot Echo submitting transactions
ChatterBot Whiskey round 4
ChatterBot Echo round 4
ChatterBot Charlie round 4
ChatterBot Sierra round 4
ChatterBot Quebec round 4
ChatterBot Tango round 4
ChatterBot Juliett round 4
ChatterBot Victor round 4
ChatterBot Zulu round 4
ChatterBot Yankee round 4
2024-10-14 14:51:17.163867 Whiskey: We should replace Juliett with Yankee
ChatterBot Quebec reevaluating
ChatterBot Victor reevaluating
2024-10-14 14:51:17.176090 Echo: No
2024-10-14 14:51:17.176225 Quebec: No
2024-10-14 14:51:17.176333 Tango: Yes
2024-10-14 14:51:17.176438 Victor: Yes
ChatterBot Quebec reevaluating
ChatterBot Victor reevaluating
ChatterBot Victor reevaluating
ChatterBot Quebec reevaluating
ChatterBot Victor reevaluating
ChatterBot Quebec reevaluating
2024-10-14 14:51:17.314463 Whiskey: Yankee we want you to join our group
2024-10-14 14:51:17.320056 Yankee: No
ChatterBot Victor reevaluating
ChatterBot Quebec reevaluating
2024-10-14 14:51:17.439838 Zulu: Same as last round
2024-10-14 14:51:17.541535 Juliett: Charlie, Sierra and Zulu, sending you 1
2024-10-14 14:51:17.542567 Sierra: Charlie, sending you 4
2024-10-14 14:51:17.542977 Charlie: Sierra and Zulu, sending you 6
2024-10-14 14:51:17.543734 Yankee: Same as last round
2024-10-14 14:51:17.654756 Sierra: Juliett and Zulu, sending you 3
2024-10-14 14:51:17.656388 Quebec: Whiskey, Echo, Tango and Victor, sending you 3
2024-10-14 14:51:17.657065 Victor: Echo, sending you 1
2024-10-14 14:51:17.657590 Charlie: Juliett, sending you 4
2024-10-14 14:51:17.659750 Sierra: Yankee, sending you 1
2024-10-14 14:51:17.845732 Quebec: Yankee, sending you 2
2024-10-14 14:51:17.846608 Charlie: Yankee, sending you 1
chatterbot Yankee submitting transactions
chatterbot Sierra submitting transactions
chatterbot Charlie submitting transactions
chatterbot Quebec submitting transactions
chatterbot Victor submitting transactions
chatterbot Tango submitting transactions
chatterbot Juliett submitting transactions
chatterbot Zulu submitting transactions
chatterbot Whiskey submitting transactions
chatterbot Echo submitting transactions
ChatterBot Whiskey round 5
ChatterBot Echo round 5
ChatterBot Charlie round 5
ChatterBot Sierra round 5
ChatterBot Quebec round 5
ChatterBot Tango round 5
ChatterBot Juliett round 5
ChatterBot Victor round 5
ChatterBot Zulu round 5
2024-10-14 14:51:18.485886 Quebec: We should replace Yankee with Charlie
ChatterBot Whiskey reevaluating
ChatterBot Victor reevaluating
2024-10-14 14:51:18.508926 Echo: No
2024-10-14 14:51:18.509110 Whiskey: No
2024-10-14 14:51:18.509290 Tango: No
2024-10-14 14:51:18.509467 Victor: Yes
ChatterBot Whiskey reevaluating
ChatterBot Quebec reevaluating
ChatterBot Victor reevaluating
ChatterBot Quebec reevaluating
ChatterBot Victor reevaluating
ChatterBot Whiskey reevaluating
ChatterBot Quebec reevaluating
ChatterBot Victor reevaluating
ChatterBot Whiskey reevaluating
ChatterBot Quebec reevaluating
ChatterBot Yankee round 5
2024-10-14 14:51:18.711678 Quebec: We should replace Yankee with Zulu
ChatterBot Whiskey reevaluating
ChatterBot Victor reevaluating
2024-10-14 14:51:18.737730 Echo: No
2024-10-14 14:51:18.737926 Whiskey: No
2024-10-14 14:51:18.738116 Tango: No
2024-10-14 14:51:18.738276 Victor: Yes
ChatterBot Whiskey reevaluating
ChatterBot Quebec reevaluating
ChatterBot Victor reevaluating
ChatterBot Quebec reevaluating
ChatterBot Victor reevaluating
ChatterBot Whiskey reevaluating
ChatterBot Quebec reevaluating
ChatterBot Victor reevaluating
ChatterBot Whiskey reevaluating
ChatterBot Quebec reevaluating
2024-10-14 14:51:18.848820 Whiskey: Sierra we want you to join our group
2024-10-14 14:51:18.855685 Sierra: No
ChatterBot Whiskey reevaluating
ChatterBot Quebec reevaluating
2024-10-14 14:51:18.886867 Charlie: I was attacked by Victor
ChatterBot Zulu reevaluating
ChatterBot Sierra reevaluating
ChatterBot Juliett reevaluating
ChatterBot Yankee reevaluating
2024-10-14 14:51:18.911905 Charlie: I'm keeping this round to protect myself
2024-10-14 14:51:18.913595 Charlie: Ow
2024-10-14 14:51:18.914012 Echo: Whiskey, sending you 2
2024-10-14 14:51:18.916677 Victor: Whiskey, Echo, Charlie, Sierra, Quebec, Juliett and Zulu, sending you 1
2024-10-14 14:51:18.919696 Echo: Quebec, Tango and Victor, sending you 3
2024-10-14 14:51:18.921673 Victor: Tango, sending you 2
chatterbot Charlie submitting transactions
2024-10-14 14:51:18.934703 Quebec: Whiskey, Echo, Tango and Victor, sending you 3
2024-10-14 14:51:18.935705 Juliett: Charlie, Sierra and Zulu, sending you 3
2024-10-14 14:51:18.936670 Sierra: Charlie, sending you 5
2024-10-14 14:51:18.937963 Yankee: Same as last round
2024-10-14 14:51:18.938387 Quebec: Yankee, sending you 2
2024-10-14 14:51:18.939778 Juliett: Yankee, sending you 2
2024-10-14 14:51:18.941663 Sierra: Juliett, sending you 2
2024-10-14 14:51:18.944805 Sierra: Zulu, sending you 3
2024-10-14 14:51:18.947678 Sierra: Yankee, sending you 1
chatterbot Echo submitting transactions
chatterbot Tango submitting transactions
chatterbot Quebec submitting transactions
chatterbot Victor submitting transactions
chatterbot Whiskey submitting transactions
chatterbot Sierra submitting transactions
chatterbot Yankee submitting transactions
chatterbot Juliett submitting transactions
chatterbot Zulu submitting transactions
ChatterBot Whiskey round 6
ChatterBot Echo round 6
ChatterBot Charlie round 6
ChatterBot Sierra round 6
ChatterBot Quebec round 6
ChatterBot Tango round 6
ChatterBot Juliett round 6
ChatterBot Victor round 6
ChatterBot Zulu round 6
ChatterBot Yankee round 6
2024-10-14 14:51:20.127553 Charlie: We should replace Yankee with Victor
ChatterBot Sierra reevaluating
ChatterBot Zulu reevaluating
2024-10-14 14:51:20.147092 Sierra: Yes
2024-10-14 14:51:20.148255 Juliett: No
2024-10-14 14:51:20.148515 Zulu: Yes
ChatterBot Zulu reevaluating
ChatterBot Sierra reevaluating
ChatterBot Zulu reevaluating
ChatterBot Sierra reevaluating
2024-10-14 14:51:20.206316 Whiskey: We should replace Juliett with Charlie
ChatterBot Quebec reevaluating
ChatterBot Victor reevaluating
2024-10-14 14:51:20.225018 Echo: No
2024-10-14 14:51:20.225261 Quebec: Yes
2024-10-14 14:51:20.225418 Tango: No
2024-10-14 14:51:20.226015 Victor: No
ChatterBot Quebec reevaluating
ChatterBot Victor reevaluating
ChatterBot Victor reevaluating
ChatterBot Quebec reevaluating
ChatterBot Victor reevaluating
ChatterBot Quebec reevaluating
2024-10-14 14:51:20.326982 Charlie: Victor we want you to join our group
ChatterBot Victor reevaluating
2024-10-14 14:51:20.332062 Victor: Yes
ChatterBot Sierra reevaluating
ChatterBot Zulu reevaluating
2024-10-14 14:51:20.348943 Whiskey: Charlie we want you to join our group
2024-10-14 14:51:20.352760 Charlie: No
ChatterBot Quebec reevaluating
ChatterBot Victor reevaluating
2024-10-14 14:51:20.371150 Quebec: We should group up
ChatterBot Victor reevaluating
ChatterBot Tango reevaluating
ChatterBot Sierra reevaluating
ChatterBot Juliett reevaluating
ChatterBot Zulu reevaluating
2024-10-14 14:51:20.400997 Victor: Yes
2024-10-14 14:51:20.401179 Whiskey: No
2024-10-14 14:51:20.401338 Echo: No
2024-10-14 14:51:20.401493 Tango: No
2024-10-14 14:51:20.401685 Charlie: No
2024-10-14 14:51:20.401832 Sierra: No
2024-10-14 14:51:20.402004 Juliett: No
2024-10-14 14:51:20.402138 Zulu: No
ChatterBot Quebec reevaluating
ChatterBot Tango reevaluating
ChatterBot Sierra reevaluating
ChatterBot Juliett reevaluating
ChatterBot Zulu reevaluating
ChatterBot Victor reevaluating
ChatterBot Quebec reevaluating
ChatterBot Tango reevaluating
ChatterBot Sierra reevaluating
ChatterBot Juliett reevaluating
ChatterBot Zulu reevaluating
ChatterBot Victor reevaluating
ChatterBot Quebec reevaluating
ChatterBot Tango reevaluating
ChatterBot Sierra reevaluating
ChatterBot Juliett reevaluating
ChatterBot Zulu reevaluating
ChatterBot Victor reevaluating
ChatterBot Quebec reevaluating
ChatterBot Sierra reevaluating
ChatterBot Juliett reevaluating
ChatterBot Zulu reevaluating
ChatterBot Victor reevaluating
ChatterBot Quebec reevaluating
ChatterBot Tango reevaluating
ChatterBot Sierra reevaluating
ChatterBot Juliett reevaluating
ChatterBot Zulu reevaluating
ChatterBot Victor reevaluating
ChatterBot Quebec reevaluating
ChatterBot Tango reevaluating
ChatterBot Juliett reevaluating
ChatterBot Zulu reevaluating
ChatterBot Victor reevaluating
ChatterBot Quebec reevaluating
ChatterBot Tango reevaluating
ChatterBot Sierra reevaluating
ChatterBot Zulu reevaluating
ChatterBot Victor reevaluating
ChatterBot Quebec reevaluating
ChatterBot Tango reevaluating
ChatterBot Sierra reevaluating
ChatterBot Juliett reevaluating
2024-10-14 14:51:20.736686 Zulu: Victor we want you to join our group
2024-10-14 14:51:20.742306 Victor: Yes
2024-10-14 14:51:20.764679 Quebec: Whiskey, Tango, Juliett and Victor, sending you 2
2024-10-14 14:51:20.765873 Echo: Whiskey, Quebec and Tango, sending you 3
2024-10-14 14:51:20.767305 Yankee: Sending you each 1
2024-10-14 14:51:20.768682 Quebec: Echo, sending you 3
2024-10-14 14:51:20.770678 Echo: Victor, sending you 2
2024-10-14 14:51:20.772699 Quebec: Charlie, Sierra and Zulu, sending you 1
2024-10-14 14:51:20.774344 Zulu: Charlie, Juliett and Victor, sending you 4
chatterbot Whiskey submitting transactions
2024-10-14 14:51:20.777685 Victor: Echo, sending you 1
2024-10-14 14:51:20.779657 Zulu: Sierra, sending you 5
2024-10-14 14:51:20.781034 Sierra: Whiskey and Victor, sending you 1
2024-10-14 14:51:20.782805 Juliett: Charlie, Sierra and Zulu, sending you 3
2024-10-14 14:51:20.787156 Sierra: Charlie, sending you 4
2024-10-14 14:51:20.787822 Juliett: Yankee, sending you 2
2024-10-14 14:51:20.791782 Sierra: Juliett, sending you 3
2024-10-14 14:51:20.794671 Sierra: Zulu, sending you 2
chatterbot Echo submitting transactions
chatterbot Juliett submitting transactions
chatterbot Quebec submitting transactions
chatterbot Yankee submitting transactions
chatterbot Zulu submitting transactions
chatterbot Victor submitting transactions
chatterbot Sierra submitting transactions
chatterbot Charlie submitting transactions
chatterbot Tango submitting transactions
ChatterBot Whiskey round 7
ChatterBot Echo round 7
ChatterBot Charlie round 7
ChatterBot Sierra round 7
ChatterBot Quebec round 7
ChatterBot Tango round 7
ChatterBot Juliett round 7
ChatterBot Victor round 7
ChatterBot Zulu round 7
ChatterBot Yankee round 7
2024-10-14 14:51:21.737931 Whiskey: We should replace Juliett with Charlie
ChatterBot Quebec reevaluating
ChatterBot Tango reevaluating
2024-10-14 14:51:21.753954 Echo: No
2024-10-14 14:51:21.754123 Quebec: Yes
2024-10-14 14:51:21.754294 Tango: No
2024-10-14 14:51:21.754404 Victor: No
ChatterBot Quebec reevaluating
ChatterBot Tango reevaluating
ChatterBot Tango reevaluating
ChatterBot Whiskey reevaluating
ChatterBot Quebec reevaluating
ChatterBot Whiskey reevaluating
ChatterBot Quebec reevaluating
ChatterBot Tango reevaluating
2024-10-14 14:51:21.824789 Juliett: We should replace Yankee with Quebec
2024-10-14 14:51:21.834317 Charlie: No
2024-10-14 14:51:21.834952 Sierra: Yes
2024-10-14 14:51:21.835140 Zulu: No
ChatterBot Juliett reevaluating
ChatterBot Juliett reevaluating
ChatterBot Juliett reevaluating
2024-10-14 14:51:21.900932 Juliett: Quebec we want you to join our group
ChatterBot Quebec reevaluating
2024-10-14 14:51:21.905932 Quebec: Yes
ChatterBot Juliett reevaluating
2024-10-14 14:51:21.920639 Tango: We should drop Yankee
ChatterBot Whiskey reevaluating
ChatterBot Quebec reevaluating
2024-10-14 14:51:21.935975 Echo: Yes
2024-10-14 14:51:21.936201 Whiskey: Yes
2024-10-14 14:51:21.936411 Quebec: Yes
2024-10-14 14:51:21.936569 Victor: Yes
ChatterBot Whiskey reevaluating
ChatterBot Quebec reevaluating
ChatterBot Tango reevaluating
ChatterBot Quebec reevaluating
ChatterBot Tango reevaluating
ChatterBot Whiskey reevaluating
ChatterBot Tango reevaluating
ChatterBot Whiskey reevaluating
ChatterBot Quebec reevaluating
ChatterBot Tango reevaluating
2024-10-14 14:51:22.024700 Charlie: Sierra, sending you 4
2024-10-14 14:51:22.025304 Sierra: Whiskey, Quebec and Victor, sending you 1
2024-10-14 14:51:22.027354 Zulu: Charlie, Sierra and Juliett, sending you 5
2024-10-14 14:51:22.028090 Victor: Echo, sending you 1
2024-10-14 14:51:22.032715 Whiskey: Charlie we want you to join our group
2024-10-14 14:51:22.059938 Charlie: No
ChatterBot Whiskey reevaluating
ChatterBot Tango reevaluating
2024-10-14 14:51:22.103925 Tango: Let's form a team
ChatterBot Whiskey reevaluating
ChatterBot Charlie reevaluating
2024-10-14 14:51:22.119573 Whiskey: Yes
2024-10-14 14:51:22.119815 Echo: No
2024-10-14 14:51:22.120037 Quebec: Yes
2024-10-14 14:51:22.120224 Charlie: Yes
ChatterBot Tango reevaluating
ChatterBot Quebec reevaluating
ChatterBot Charlie reevaluating
ChatterBot Tango reevaluating
ChatterBot Whiskey reevaluating
ChatterBot Quebec reevaluating
ChatterBot Charlie reevaluating
ChatterBot Tango reevaluating
ChatterBot Whiskey reevaluating
ChatterBot Charlie reevaluating
ChatterBot Tango reevaluating
ChatterBot Whiskey reevaluating
ChatterBot Quebec reevaluating
2024-10-14 14:51:22.228630 Sierra: Charlie, sending you 2
2024-10-14 14:51:22.230424 Zulu: Victor, sending you 3
2024-10-14 14:51:22.231789 Yankee: Same as last round
2024-10-14 14:51:22.233343 Sierra: Juliett and Zulu, sending you 3
2024-10-14 14:51:22.242276 Juliett: Charlie, Sierra and Zulu, sending you 1
2024-10-14 14:51:22.262578 Quebec: Whiskey, Sierra, Tango, Juliett and Victor, sending you 2
2024-10-14 14:51:22.263714 Charlie: Sorry, I'm actually sending you 0
2024-10-14 14:51:22.264511 Charlie: Sorry, I'm actually sending you 0
2024-10-14 14:51:22.264847 Charlie: Sorry, I'm actually sending you 0
2024-10-14 14:51:22.276139 Quebec: Echo, sending you 3
2024-10-14 14:51:22.276849 Charlie: Whiskey, sending you 7
2024-10-14 14:51:22.292173 Quebec: Zulu, sending you 1
2024-10-14 14:51:22.292997 Charlie: Echo and Tango, sending you 1
2024-10-14 14:51:22.308837 Charlie: Quebec, sending you 4
chatterbot Yankee submitting transactions
chatterbot Echo submitting transactions
chatterbot Charlie submitting transactions
chatterbot Sierra submitting transactions
chatterbot Quebec submitting transactions
chatterbot Juliett submitting transactions
chatterbot Zulu submitting transactions
chatterbot Victor submitting transactions
chatterbot Whiskey submitting transactions
chatterbot Tango submitting transactions
ChatterBot Whiskey round 8
ChatterBot Echo round 8
ChatterBot Charlie round 8
ChatterBot Sierra round 8
ChatterBot Quebec round 8
ChatterBot Tango round 8
ChatterBot Juliett round 8
ChatterBot Victor round 8
ChatterBot Zulu round 8
2024-10-14 14:51:23.149005 Whiskey: Friends?
ChatterBot Tango reevaluating
ChatterBot Echo reevaluating
ChatterBot Quebec reevaluating
2024-10-14 14:51:23.176632 Tango: Yes
2024-10-14 14:51:23.177009 Echo: Yes
2024-10-14 14:51:23.177369 Quebec: Yes
2024-10-14 14:51:23.178309 Charlie: Yes
ChatterBot Echo reevaluating
ChatterBot Quebec reevaluating
ChatterBot Tango reevaluating
ChatterBot Quebec reevaluating
ChatterBot Tango reevaluating
ChatterBot Echo reevaluating
ChatterBot Tango reevaluating
ChatterBot Echo reevaluating
ChatterBot Quebec reevaluating
ChatterBot Yankee round 8
2024-10-14 14:51:23.296978 Echo: We should replace Victor with Charlie
ChatterBot Quebec reevaluating
2024-10-14 14:51:23.307055 Whiskey: Yes
2024-10-14 14:51:23.307245 Quebec: Yes
2024-10-14 14:51:23.307351 Tango: Yes
ChatterBot Echo reevaluating
ChatterBot Quebec reevaluating
ChatterBot Echo reevaluating
ChatterBot Echo reevaluating
ChatterBot Quebec reevaluating
2024-10-14 14:51:23.364713 Sierra: Charlie and Juliett, sending you 3
2024-10-14 14:51:23.368700 Sierra: Quebec, sending you 1
2024-10-14 14:51:23.369693 Victor: Whiskey, Echo, Charlie, Sierra, Tango, Juliett and Zulu, sending you 1
2024-10-14 14:51:23.372684 Zulu: I was attacked by Echo
ChatterBot Juliett reevaluating
ChatterBot Charlie reevaluating
ChatterBot Sierra reevaluating
ChatterBot Quebec reevaluating
2024-10-14 14:51:23.392280 Zulu: I'm keeping this round to protect myself
2024-10-14 14:51:23.394014 Zulu: Ow
2024-10-14 14:51:23.394371 Victor: Quebec, sending you 2
2024-10-14 14:51:23.399681 Yankee: Whiskey, Charlie, Quebec and Tango, sending you 1
2024-10-14 14:51:23.404681 Yankee: Echo, sending you 2
2024-10-14 14:51:23.414661 Juliett: Charlie and Zulu, sending you 2
2024-10-14 14:51:23.416666 Quebec: Whiskey, Echo, Charlie and Tango, sending you 3
2024-10-14 14:51:23.417677 Juliett: Sierra and Quebec, sending you 3
2024-10-14 14:51:23.419680 Quebec: Victor, sending you 2
2024-10-14 14:51:23.424686 Charlie: Whiskey, sending you 8
2024-10-14 14:51:23.430002 Charlie: Echo, sending you 1
2024-10-14 14:51:23.435667 Charlie: Quebec, sending you 3
chatterbot Sierra submitting transactions
chatterbot Victor submitting transactions
chatterbot Yankee submitting transactions
chatterbot Quebec submitting transactions
chatterbot Whiskey submitting transactions
chatterbot Zulu submitting transactions
chatterbot Charlie submitting transactions
chatterbot Echo submitting transactions
chatterbot Tango submitting transactions
chatterbot Juliett submitting transactions
ChatterBot Whiskey round 9
ChatterBot Echo round 9
ChatterBot Charlie round 9
ChatterBot Sierra round 9
ChatterBot Quebec round 9
ChatterBot Tango round 9
ChatterBot Juliett round 9
ChatterBot Victor round 9
ChatterBot Zulu round 9
ChatterBot Yankee round 9
2024-10-14 14:51:24.589442 Sierra: We should replace Charlie with Victor
ChatterBot Juliett reevaluating
ChatterBot Zulu reevaluating
2024-10-14 14:51:24.611974 Juliett: No
2024-10-14 14:51:24.612184 Zulu: No
2024-10-14 14:51:24.612345 Quebec: No
ChatterBot Zulu reevaluating
ChatterBot Juliett reevaluating
ChatterBot Juliett reevaluating
ChatterBot Zulu reevaluating
2024-10-14 14:51:24.703829 Echo: We should drop Victor
ChatterBot Quebec reevaluating
2024-10-14 14:51:24.715917 Whiskey: Yes
2024-10-14 14:51:24.716069 Quebec: No
2024-10-14 14:51:24.716166 Tango: Yes
ChatterBot Quebec reevaluating
ChatterBot Whiskey reevaluating
ChatterBot Whiskey reevaluating
ChatterBot Quebec reevaluating
2024-10-14 14:51:24.758981 Charlie: We should drop Echo
ChatterBot Whiskey reevaluating
ChatterBot Quebec reevaluating
2024-10-14 14:51:24.774718 Whiskey: No
2024-10-14 14:51:24.775432 Quebec: No
2024-10-14 14:51:24.775585 Tango: No
ChatterBot Quebec reevaluating
ChatterBot Whiskey reevaluating
ChatterBot Whiskey reevaluating
ChatterBot Quebec reevaluating
2024-10-14 14:51:24.821574 Sierra: Victor we want you to join our group
ChatterBot Victor reevaluating
2024-10-14 14:51:24.826320 Victor: No
ChatterBot Juliett reevaluating
ChatterBot Sierra reevaluating
ChatterBot Quebec reevaluating
ChatterBot Zulu reevaluating
2024-10-14 14:51:24.845187 Victor: We should group up
2024-10-14 14:51:24.845508 Quebec: We should replace Victor with Juliett
ChatterBot Sierra reevaluating
ChatterBot Charlie reevaluating
ChatterBot Juliett reevaluating
ChatterBot Zulu reevaluating
2024-10-14 14:51:24.863094 Sierra: No
2024-10-14 14:51:24.863240 Charlie: Yes
2024-10-14 14:51:24.863339 Juliett: Yes
2024-10-14 14:51:24.863453 Zulu: Yes
ChatterBot Whiskey reevaluating
ChatterBot Charlie reevaluating
2024-10-14 14:51:24.880737 Tango: No
2024-10-14 14:51:24.880909 Whiskey: No
2024-10-14 14:51:24.881029 Echo: No
2024-10-14 14:51:24.881121 Charlie: No
ChatterBot Charlie reevaluating
ChatterBot Juliett reevaluating
ChatterBot Zulu reevaluating
ChatterBot Victor reevaluating
ChatterBot Sierra reevaluating
ChatterBot Juliett reevaluating
ChatterBot Zulu reevaluating
ChatterBot Victor reevaluating
ChatterBot Whiskey reevaluating
ChatterBot Quebec reevaluating
ChatterBot Sierra reevaluating
ChatterBot Charlie reevaluating
ChatterBot Zulu reevaluating
ChatterBot Victor reevaluating
ChatterBot Echo reevaluating
ChatterBot Quebec reevaluating
ChatterBot Sierra reevaluating
ChatterBot Charlie reevaluating
ChatterBot Juliett reevaluating
ChatterBot Victor reevaluating
ChatterBot Whiskey reevaluating
ChatterBot Quebec reevaluating
ChatterBot Charlie reevaluating
ChatterBot Whiskey reevaluating
ChatterBot Echo reevaluating
ChatterBot Quebec reevaluating
ChatterBot Charlie reevaluating
ChatterBot Charlie reevaluating
2024-10-14 14:51:25.184912 Sierra: We should replace Quebec with Victor
ChatterBot Zulu reevaluating
2024-10-14 14:51:25.204404 Charlie: Yes
2024-10-14 14:51:25.204602 Juliett: Yes
2024-10-14 14:51:25.205177 Zulu: Yes
ChatterBot Sierra reevaluating
ChatterBot Zulu reevaluating
ChatterBot Sierra reevaluating
ChatterBot Zulu reevaluating
ChatterBot Sierra reevaluating
2024-10-14 14:51:25.271790 Yankee: Sierra and Juliett, sending you 1
2024-10-14 14:51:25.276064 Yankee: Victor, sending you 2
2024-10-14 14:51:25.283296 Charlie: Sierra, sending you 7
2024-10-14 14:51:25.285730 Victor: Charlie, Sierra and Juliett, sending you 2
2024-10-14 14:51:25.287800 Charlie: Juliett, sending you 5
2024-10-14 14:51:25.288696 Victor: Zulu, sending you 3
2024-10-14 14:51:25.290680 Quebec: Whiskey, Echo, Charlie and Tango, sending you 3
2024-10-14 14:51:25.291817 Juliett: Charlie, sending you 2
2024-10-14 14:51:25.292437 Charlie: Zulu, sending you 2
2024-10-14 14:51:25.295849 Quebec: Victor, sending you 2
2024-10-14 14:51:25.297892 Juliett: Sierra and Victor, sending you 3
2024-10-14 14:51:25.298540 Echo: Whiskey, sending you 4
2024-10-14 14:51:25.300665 Juliett: Zulu, sending you 1
2024-10-14 14:51:25.303995 Echo: Quebec and Tango, sending you 3
2024-10-14 14:51:25.307692 Sierra: Charlie and Zulu, sending you 3
2024-10-14 14:51:25.313678 Sierra: Juliett, sending you 4
2024-10-14 14:51:25.317662 Sierra: Victor, sending you 1
chatterbot Yankee submitting transactions
chatterbot Tango submitting transactions
chatterbot Quebec submitting transactions
chatterbot Juliett submitting transactions
chatterbot Charlie submitting transactions
chatterbot Whiskey submitting transactions
chatterbot Sierra submitting transactions
chatterbot Zulu submitting transactions
chatterbot Echo submitting transactions
chatterbot Victor submitting transactions
ChatterBot Whiskey round 10
ChatterBot Echo round 10
ChatterBot Charlie round 10
ChatterBot Sierra round 10
ChatterBot Quebec round 10
ChatterBot Tango round 10
ChatterBot Juliett round 10
ChatterBot Victor round 10
ChatterBot Zulu round 10
ChatterBot Yankee round 10
2024-10-14 14:51:26.882563 Zulu: We should add Victor
ChatterBot Charlie reevaluating
ChatterBot Sierra reevaluating
ChatterBot Quebec reevaluating
2024-10-14 14:51:26.919716 Juliett: Yes
2024-10-14 14:51:26.919957 Charlie: Yes
2024-10-14 14:51:26.920846 Sierra: Yes
2024-10-14 14:51:26.921128 Quebec: Yes
ChatterBot Charlie reevaluating
ChatterBot Sierra reevaluating
ChatterBot Quebec reevaluating
ChatterBot Sierra reevaluating
ChatterBot Quebec reevaluating
ChatterBot Charlie reevaluating
ChatterBot Quebec reevaluating
ChatterBot Charlie reevaluating
ChatterBot Sierra reevaluating
2024-10-14 14:51:27.050571 Sierra: We should add Quebec
ChatterBot Charlie reevaluating
ChatterBot Victor reevaluating
2024-10-14 14:51:27.081819 Charlie: No
2024-10-14 14:51:27.082045 Juliett: No
2024-10-14 14:51:27.082203 Zulu: Yes
2024-10-14 14:51:27.082354 Victor: Yes
ChatterBot Sierra reevaluating
ChatterBot Victor reevaluating
ChatterBot Sierra reevaluating
ChatterBot Charlie reevaluating
ChatterBot Victor reevaluating
ChatterBot Sierra reevaluating
ChatterBot Charlie reevaluating
