ChatterBot Zulu round 1
ChatterBot Bravo round 1
ChatterBot Golf round 1
ChatterBot Hotel round 1
ChatterBot Uniform round 1
ChatterBot Kilo round 1
ChatterBot November round 1
ChatterBot Mike round 1
ChatterBot India round 1
ChatterBot Oscar round 1
randomSelections Kilo: {Kilo, November, Zulu, Oscar, Uniform, India} 
2024-10-14 19:46:02.551079 Kilo: We should group up
ChatterBot November reevaluating
ChatterBot Zulu reevaluating
ChatterBot Oscar reevaluating
ChatterBot Uniform reevaluating
ChatterBot India reevaluating
2024-10-14 19:46:02.567792 November: Yes
2024-10-14 19:46:02.567988 Zulu: Yes
2024-10-14 19:46:02.568208 Oscar: Yes
2024-10-14 19:46:02.568514 Uniform: Yes
2024-10-14 19:46:02.568658 India: Yes
ChatterBot Zulu reevaluating
ChatterBot Oscar reevaluating
ChatterBot Uniform reevaluating
ChatterBot India reevaluating
ChatterBot November reevaluating
ChatterBot Oscar reevaluating
ChatterBot Uniform reevaluating
ChatterBot India reevaluating
ChatterBot November reevaluating
ChatterBot Zulu reevaluating
ChatterBot Uniform reevaluating
ChatterBot India reevaluating
ChatterBot November reevaluating
ChatterBot Zulu reevaluating
ChatterBot Oscar reevaluating
ChatterBot India reevaluating
ChatterBot November reevaluating
ChatterBot Zulu reevaluating
ChatterBot Oscar reevaluating
ChatterBot Uniform reevaluating
randomSelections Mike: {Mike, Kilo, Hotel, India, Oscar, Uniform, Golf, Bravo} 
2024-10-14 19:46:02.644392 Mike: Let's form a team
ChatterBot Hotel reevaluating
ChatterBot India reevaluating
ChatterBot Oscar reevaluating
ChatterBot Uniform reevaluating
ChatterBot Golf reevaluating
ChatterBot Bravo reevaluating
2024-10-14 19:46:02.668149 Kilo: No
2024-10-14 19:46:02.668329 Hotel: Yes
2024-10-14 19:46:02.669025 India: No
2024-10-14 19:46:02.669176 Oscar: No
2024-10-14 19:46:02.669328 Uniform: No
2024-10-14 19:46:02.669503 Golf: Yes
2024-10-14 19:46:02.669672 Bravo: Yes
ChatterBot Hotel reevaluating
ChatterBot India reevaluating
ChatterBot Oscar reevaluating
ChatterBot Uniform reevaluating
ChatterBot Golf reevaluating
ChatterBot Bravo reevaluating
ChatterBot India reevaluating
ChatterBot Oscar reevaluating
ChatterBot Uniform reevaluating
ChatterBot Golf reevaluating
ChatterBot Bravo reevaluating
ChatterBot Hotel reevaluating
ChatterBot Oscar reevaluating
ChatterBot Uniform reevaluating
ChatterBot Golf reevaluating
ChatterBot Bravo reevaluating
ChatterBot Hotel reevaluating
ChatterBot India reevaluating
ChatterBot Uniform reevaluating
ChatterBot Golf reevaluating
ChatterBot Bravo reevaluating
ChatterBot Hotel reevaluating
ChatterBot India reevaluating
ChatterBot Oscar reevaluating
ChatterBot Golf reevaluating
ChatterBot Bravo reevaluating
ChatterBot Hotel reevaluating
ChatterBot India reevaluating
ChatterBot Oscar reevaluating
ChatterBot Uniform reevaluating
ChatterBot Bravo reevaluating
ChatterBot Hotel reevaluating
ChatterBot India reevaluating
ChatterBot Oscar reevaluating
ChatterBot Uniform reevaluating
ChatterBot Golf reevaluating
2024-10-14 19:46:02.822897 Oscar: Zulu, sending you 4
2024-10-14 19:46:02.823636 Kilo: Zulu, sending you 4
2024-10-14 19:46:02.825724 Uniform: Zulu and Oscar, sending you 3
2024-10-14 19:46:02.832330 Oscar: Uniform, sending you 5
2024-10-14 19:46:02.832780 Kilo: Uniform, November and India, sending you 3
2024-10-14 19:46:02.833985 Golf: Bravo, sending you 4
2024-10-14 19:46:02.834320 November: Zulu, Uniform, Kilo, India and Oscar, sending you 2
2024-10-14 19:46:02.834787 Mike: Golf and Uniform, sending you 1
2024-10-14 19:46:02.835832 Uniform: Kilo, sending you 5
2024-10-14 19:46:02.836245 Zulu: Uniform, sending you 2
2024-10-14 19:46:02.837138 Oscar: Kilo, sending you 1
2024-10-14 19:46:02.839083 Golf: Hotel and Mike, sending you 3
2024-10-14 19:46:02.839629 Kilo: Oscar, sending you 1
2024-10-14 19:46:02.840577 Hotel: Bravo, Uniform, India and Oscar, sending you 1
2024-10-14 19:46:02.841131 Uniform: November and India, sending you 2
2024-10-14 19:46:02.841582 Bravo: Golf, Hotel, Uniform, Kilo and Oscar, sending you 2
2024-10-14 19:46:02.842593 India: Zulu, Uniform and Oscar, sending you 2
2024-10-14 19:46:02.842988 Zulu: Oscar, sending you 1
2024-10-14 19:46:02.843961 Oscar: November and India, sending you 3
2024-10-14 19:46:02.844387 Golf: Uniform, sending you 2
2024-10-14 19:46:02.844851 Hotel: Golf, sending you 3
2024-10-14 19:46:02.848148 India: Kilo, sending you 5
2024-10-14 19:46:02.849562 Golf: Kilo, India and Oscar, sending you 1
2024-10-14 19:46:02.850067 Hotel: Mike, sending you 2
2024-10-14 19:46:02.852505 India: November, sending you 4
chatterbot Mike submitting transactions
chatterbot Bravo submitting transactions
chatterbot India submitting transactions
chatterbot Zulu submitting transactions
chatterbot Golf submitting transactions
chatterbot Oscar submitting transactions
chatterbot Kilo submitting transactions
chatterbot Uniform submitting transactions
chatterbot Hotel submitting transactions
chatterbot November submitting transactions
ChatterBot Zulu round 2
ChatterBot Bravo round 2
ChatterBot Golf round 2
ChatterBot Hotel round 2
ChatterBot Uniform round 2
ChatterBot Kilo round 2
ChatterBot November round 2
ChatterBot Mike round 2
ChatterBot India round 2
ChatterBot Oscar round 2
2024-10-14 19:46:04.616757 Bravo: Friends?
ChatterBot Golf reevaluating
ChatterBot Hotel reevaluating
ChatterBot Mike reevaluating
ChatterBot Oscar reevaluating
2024-10-14 19:46:04.631433 Golf: No
2024-10-14 19:46:04.632063 Hotel: No
2024-10-14 19:46:04.632187 Mike: No
2024-10-14 19:46:04.632326 Oscar: No
ChatterBot Hotel reevaluating
ChatterBot Mike reevaluating
ChatterBot Oscar reevaluating
ChatterBot Golf reevaluating
ChatterBot Mike reevaluating
ChatterBot Oscar reevaluating
ChatterBot Golf reevaluating
ChatterBot Hotel reevaluating
ChatterBot Oscar reevaluating
ChatterBot Golf reevaluating
ChatterBot Hotel reevaluating
ChatterBot Mike reevaluating
2024-10-14 19:46:04.685717 Hotel: Can we be friends?
ChatterBot Golf reevaluating
ChatterBot Bravo reevaluating
ChatterBot Mike reevaluating
2024-10-14 19:46:04.697893 Golf: Yes
2024-10-14 19:46:04.698023 Bravo: Yes
2024-10-14 19:46:04.698116 Mike: Yes
ChatterBot Bravo reevaluating
ChatterBot Hotel reevaluating
ChatterBot Mike reevaluating
ChatterBot Golf reevaluating
ChatterBot Hotel reevaluating
ChatterBot Mike reevaluating
ChatterBot Golf reevaluating
ChatterBot Bravo reevaluating
ChatterBot Hotel reevaluating
2024-10-14 19:46:04.847377 India: We should add Bravo
ChatterBot Oscar reevaluating
2024-10-14 19:46:04.863030 Kilo: No
2024-10-14 19:46:04.863300 November: No
2024-10-14 19:46:04.863462 Zulu: No
2024-10-14 19:46:04.863652 Oscar: No
2024-10-14 19:46:04.863802 Uniform: No
ChatterBot Oscar reevaluating
ChatterBot India reevaluating
ChatterBot Oscar reevaluating
ChatterBot India reevaluating
ChatterBot Oscar reevaluating
ChatterBot India reevaluating
ChatterBot India reevaluating
ChatterBot Oscar reevaluating
ChatterBot India reevaluating
2024-10-14 19:46:04.950526 Kilo: We should drop Zulu
ChatterBot India reevaluating
2024-10-14 19:46:04.962764 Uniform: No
2024-10-14 19:46:04.963425 November: Yes
2024-10-14 19:46:04.963572 India: No
2024-10-14 19:46:04.963742 Oscar: No
ChatterBot India reevaluating
ChatterBot India reevaluating
ChatterBot India reevaluating
2024-10-14 19:46:05.017660 India: We should add Hotel
2024-10-14 19:46:05.033307 Kilo: No
2024-10-14 19:46:05.033493 November: No
2024-10-14 19:46:05.033628 Zulu: No
2024-10-14 19:46:05.033766 Oscar: No
2024-10-14 19:46:05.033886 Uniform: No
ChatterBot India reevaluating
ChatterBot India reevaluating
ChatterBot India reevaluating
ChatterBot India reevaluating
ChatterBot India reevaluating
2024-10-14 19:46:05.113329 India: We should add Mike
2024-10-14 19:46:05.127948 Kilo: No
2024-10-14 19:46:05.128118 November: No
2024-10-14 19:46:05.128231 Zulu: No
2024-10-14 19:46:05.128334 Oscar: No
2024-10-14 19:46:05.128431 Uniform: No
ChatterBot India reevaluating
ChatterBot India reevaluating
ChatterBot India reevaluating
ChatterBot India reevaluating
ChatterBot India reevaluating
2024-10-14 19:46:05.212192 India: We should add Golf
2024-10-14 19:46:05.236369 Kilo: No
2024-10-14 19:46:05.237088 November: No
2024-10-14 19:46:05.237299 Zulu: No
2024-10-14 19:46:05.237490 Oscar: No
2024-10-14 19:46:05.237653 Uniform: No
ChatterBot India reevaluating
ChatterBot India reevaluating
ChatterBot India reevaluating
ChatterBot India reevaluating
ChatterBot India reevaluating
2024-10-14 19:46:05.798527 Hotel: Bravo, sending you 4
2024-10-14 19:46:05.798917 Bravo: Golf, Hotel, Kilo and Mike, sending you 2
2024-10-14 19:46:05.799193 Golf: Bravo, sending you 5
2024-10-14 19:46:05.799881 Uniform: Zulu, November and India, sending you 2
2024-10-14 19:46:05.800246 Zulu: Uniform and Oscar, sending you 3
2024-10-14 19:46:05.800569 Mike: Golf and Hotel, sending you 1
chatterbot Oscar submitting transactions
chatterbot Golf submitting transactions
chatterbot Uniform submitting transactions
2024-10-14 19:46:05.918635 Golf: Hotel, sending you 6
2024-10-14 19:46:05.919047 Zulu: Kilo, sending you 4
2024-10-14 19:46:05.919574 Hotel: Golf, sending you 5
2024-10-14 19:46:05.920396 November: Same as last round
2024-10-14 19:46:05.920742 Uniform: Kilo, sending you 3
2024-10-14 19:46:05.921652 Oscar: Zulu, Kilo, November and India, sending you 3
2024-10-14 19:46:05.922107 Kilo: Uniform and India, sending you 5
chatterbot Hotel submitting transactions
2024-10-14 19:46:05.922632 Golf: Mike, sending you 4
2024-10-14 19:46:05.923528 Zulu: November and India, sending you 2
2024-10-14 19:46:05.968641 India: Zulu, sending you 1
2024-10-14 19:46:05.969130 Uniform: Oscar, sending you 6
2024-10-14 19:46:05.970031 Oscar: Uniform, sending you 4
2024-10-14 19:46:05.970508 Kilo: November, sending you 4
2024-10-14 19:46:05.995549 India: Uniform and November, sending you 3
2024-10-14 19:46:05.996094 Kilo: Oscar, sending you 3
2024-10-14 19:46:06.010474 India: Kilo and Oscar, sending you 4
chatterbot November submitting transactions
chatterbot Kilo submitting transactions
chatterbot Zulu submitting transactions
chatterbot India submitting transactions
chatterbot Bravo submitting transactions
chatterbot Mike submitting transactions
ChatterBot Zulu round 3
ChatterBot Bravo round 3
ChatterBot Golf round 3
ChatterBot Hotel round 3
ChatterBot Uniform round 3
ChatterBot Kilo round 3
ChatterBot November round 3
ChatterBot Mike round 3
ChatterBot India round 3
ChatterBot Oscar round 3
2024-10-14 19:46:06.388854 Bravo: We should replace Kilo with India
2024-10-14 19:46:06.400027 Golf: No
2024-10-14 19:46:06.400282 Hotel: No
2024-10-14 19:46:06.400466 Mike: No
2024-10-14 19:46:06.440306 Kilo: We should replace November with Zulu
2024-10-14 19:46:06.449530 Uniform: No
2024-10-14 19:46:06.449703 India: No
2024-10-14 19:46:06.449826 Oscar: No
2024-10-14 19:46:06.488117 Bravo: India we want you to join our group
2024-10-14 19:46:06.491811 India: No
2024-10-14 19:46:06.504879 Kilo: Zulu we want you to join our group
2024-10-14 19:46:06.508128 Zulu: Yes
2024-10-14 19:46:06.520268 Zulu: Uniform and Kilo, sending you 3
2024-10-14 19:46:06.553200 Golf: Bravo, sending you 5
2024-10-14 19:46:06.553508 Zulu: November and India, sending you 2
2024-10-14 19:46:06.554019 Uniform: Zulu, sending you 3
2024-10-14 19:46:06.554748 Hotel: Bravo, sending you 3
2024-10-14 19:46:06.591389 Mike: Bravo and Golf, sending you 1
2024-10-14 19:46:06.592226 Golf: Hotel, sending you 7
2024-10-14 19:46:06.592468 Bravo: Sending you each 2
2024-10-14 19:46:06.592761 Zulu: Oscar, sending you 4
2024-10-14 19:46:06.593112 Hotel: Golf, sending you 6
2024-10-14 19:46:06.593757 November: Same as last round
2024-10-14 19:46:06.594012 India: Zulu, sending you 2
2024-10-14 19:46:06.594315 Uniform: Kilo and Oscar, sending you 4
2024-10-14 19:46:06.595293 Oscar: Zulu, Kilo, November and India, sending you 3
2024-10-14 19:46:06.595654 Kilo: Zulu, sending you 4
2024-10-14 19:46:06.611782 Golf: Mike, sending you 3
2024-10-14 19:46:06.612192 India: Uniform, November and Oscar, sending you 3
2024-10-14 19:46:06.613276 Uniform: November and India, sending you 2
2024-10-14 19:46:06.613918 Kilo: Uniform and India, sending you 5
2024-10-14 19:46:06.614711 Oscar: Uniform, sending you 4
2024-10-14 19:46:06.643605 India: Kilo, sending you 4
2024-10-14 19:46:06.644287 Kilo: Oscar, sending you 3
chatterbot Mike submitting transactions
chatterbot Zulu submitting transactions
chatterbot Uniform submitting transactions
chatterbot Oscar submitting transactions
chatterbot Kilo submitting transactions
chatterbot Golf submitting transactions
chatterbot India submitting transactions
chatterbot November submitting transactions
chatterbot Bravo submitting transactions
chatterbot Hotel submitting transactions
ChatterBot Zulu round 4
ChatterBot Bravo round 4
ChatterBot Golf round 4
ChatterBot Hotel round 4
ChatterBot Uniform round 4
ChatterBot Kilo round 4
ChatterBot November round 4
ChatterBot Mike round 4
ChatterBot India round 4
ChatterBot Oscar round 4
2024-10-14 19:46:07.770182 Zulu: Uniform and Kilo, sending you 3
2024-10-14 19:46:07.788311 Bravo: Golf, Hotel and India, sending you 2
2024-10-14 19:46:07.789860 Uniform: Zulu, sending you 3
2024-10-14 19:46:07.791462 Oscar: Zulu, Kilo, November and India, sending you 3
2024-10-14 19:46:07.793071 Kilo: Zulu, sending you 4
2024-10-14 19:46:07.794350 Golf: Bravo and Mike, sending you 4
2024-10-14 19:46:07.794971 November: Same as last round
2024-10-14 19:46:07.796119 Zulu: November and India, sending you 2
2024-10-14 19:46:07.797907 India: Zulu, sending you 2
2024-10-14 19:46:07.799394 Mike: Bravo and Golf, sending you 1
2024-10-14 19:46:07.800132 Hotel: Bravo, sending you 2
2024-10-14 19:46:07.801435 Uniform: Kilo and Oscar, sending you 4
2024-10-14 19:46:07.802935 Bravo: Mike, sending you 3
2024-10-14 19:46:07.803642 Oscar: Uniform, sending you 4
2024-10-14 19:46:07.805309 Kilo: Uniform and India, sending you 5
2024-10-14 19:46:07.806671 Golf: Hotel, sending you 7
2024-10-14 19:46:07.807380 Zulu: Oscar, sending you 4
2024-10-14 19:46:07.810468 India: Uniform, November and Oscar, sending you 3
2024-10-14 19:46:07.811377 Hotel: Golf, sending you 6
2024-10-14 19:46:07.812518 Uniform: November and India, sending you 2
2024-10-14 19:46:07.820445 Kilo: Oscar, sending you 3
2024-10-14 19:46:07.823287 India: Kilo, sending you 4
2024-10-14 19:46:07.825687 Hotel: Mike, sending you 1
chatterbot November submitting transactions
chatterbot Oscar submitting transactions
chatterbot Uniform submitting transactions
chatterbot Kilo submitting transactions
chatterbot Golf submitting transactions
chatterbot India submitting transactions
chatterbot Bravo submitting transactions
chatterbot Mike submitting transactions
chatterbot Zulu submitting transactions
chatterbot Hotel submitting transactions
ChatterBot Zulu round 5
ChatterBot Bravo round 5
ChatterBot Golf round 5
ChatterBot Hotel round 5
ChatterBot Uniform round 5
ChatterBot Kilo round 5
ChatterBot November round 5
ChatterBot Mike round 5
ChatterBot India round 5
ChatterBot Oscar round 5
2024-10-14 19:46:09.029670 Zulu: Uniform and Oscar, sending you 3
2024-10-14 19:46:09.031687 Hotel: Bravo, sending you 2
2024-10-14 19:46:09.034035 Zulu: Kilo, sending you 4
2024-10-14 19:46:09.035683 Hotel: Golf, sending you 6
2024-10-14 19:46:09.037695 Golf: Bravo and Mike, sending you 4
2024-10-14 19:46:09.038065 Oscar: Zulu, Kilo, November and India, sending you 3
2024-10-14 19:46:09.038672 Zulu: November and India, sending you 2
2024-10-14 19:46:09.039938 Uniform: Zulu and India, sending you 3
2024-10-14 19:46:09.040678 November: Uniform, sending you 3
2024-10-14 19:46:09.041020 Bravo: Golf and Hotel, sending you 2
2024-10-14 19:46:09.041300 Oscar: Uniform, sending you 4
2024-10-14 19:46:09.041816 Kilo: Zulu, sending you 4
2024-10-14 19:46:09.042625 Golf: Hotel, sending you 7
2024-10-14 19:46:09.043025 Uniform: Kilo and Oscar, sending you 4
2024-10-14 19:46:09.044741 India: Zulu, sending you 2
2024-10-14 19:46:09.045753 November: Kilo, India and Oscar, sending you 2
2024-10-14 19:46:09.046241 Bravo: Mike, sending you 3
2024-10-14 19:46:09.046672 Kilo: Uniform and India, sending you 5
2024-10-14 19:46:09.047683 Uniform: November, sending you 1
2024-10-14 19:46:09.049764 India: Uniform, November and Oscar, sending you 3
2024-10-14 19:46:09.050696 Mike: Bravo and Golf, sending you 1
2024-10-14 19:46:09.052108 Kilo: Oscar, sending you 3
2024-10-14 19:46:09.054661 India: Kilo, sending you 4
chatterbot Bravo submitting transactions
chatterbot Kilo submitting transactions
chatterbot Mike submitting transactions
chatterbot Zulu submitting transactions
chatterbot Hotel submitting transactions
chatterbot Uniform submitting transactions
chatterbot November submitting transactions
chatterbot Golf submitting transactions
chatterbot India submitting transactions
chatterbot Oscar submitting transactions
ChatterBot Zulu round 6
ChatterBot Bravo round 6
ChatterBot Golf round 6
ChatterBot Hotel round 6
ChatterBot Uniform round 6
ChatterBot Kilo round 6
ChatterBot November round 6
2024-10-14 19:46:10.014585 Bravo: We should replace India with Kilo
2024-10-14 19:46:10.023841 Golf: No
2024-10-14 19:46:10.024041 Hotel: No
2024-10-14 19:46:10.024210 Mike: No
ChatterBot Bravo reevaluating
ChatterBot Bravo reevaluating
ChatterBot Bravo reevaluating
ChatterBot Mike round 6
ChatterBot India round 6
ChatterBot Oscar round 6
2024-10-14 19:46:10.065424 Bravo: We should replace India with November
2024-10-14 19:46:10.072935 Golf: No
2024-10-14 19:46:10.073122 Hotel: No
2024-10-14 19:46:10.073269 Mike: No
ChatterBot Bravo reevaluating
ChatterBot Bravo reevaluating
ChatterBot Bravo reevaluating
2024-10-14 19:46:10.108659 Golf: Bravo and Mike, sending you 4
2024-10-14 19:46:10.110672 Bravo: Kilo we want you to join our group
2024-10-14 19:46:10.114208 Kilo: No
ChatterBot Bravo reevaluating
2024-10-14 19:46:10.126173 Golf: Hotel, sending you 7
2024-10-14 19:46:10.128670 Uniform: Zulu and November, sending you 2
2024-10-14 19:46:10.129678 Mike: Bravo and Golf, sending you 1
2024-10-14 19:46:10.130132 Hotel: Bravo, sending you 2
2024-10-14 19:46:10.130570 Zulu: Uniform and Oscar, sending you 3
2024-10-14 19:46:10.131302 India: Zulu, sending you 2
2024-10-14 19:46:10.132199 Kilo: Zulu, sending you 4
2024-10-14 19:46:10.132524 November: Uniform, sending you 3
2024-10-14 19:46:10.132858 Oscar: Zulu, Kilo, November and India, sending you 3
2024-10-14 19:46:10.133338 Hotel: Golf, sending you 6
2024-10-14 19:46:10.133657 Uniform: Kilo and Oscar, sending you 4
2024-10-14 19:46:10.134110 Zulu: Kilo, sending you 5
2024-10-14 19:46:10.135661 Kilo: Uniform and India, sending you 5
2024-10-14 19:46:10.137068 India: Uniform, November and Oscar, sending you 3
2024-10-14 19:46:10.137671 Oscar: Uniform, sending you 4
2024-10-14 19:46:10.138199 November: Kilo, India and Oscar, sending you 2
2024-10-14 19:46:10.138526 Zulu: November, sending you 1
2024-10-14 19:46:10.139495 Uniform: India, sending you 3
2024-10-14 19:46:10.140119 Kilo: Oscar, sending you 3
2024-10-14 19:46:10.141805 India: Kilo, sending you 4
2024-10-14 19:46:10.142832 Bravo: Golf and Hotel, sending you 2
2024-10-14 19:46:10.143677 Zulu: India, sending you 2
2024-10-14 19:46:10.147683 Bravo: Mike, sending you 3
chatterbot Zulu submitting transactions
chatterbot Mike submitting transactions
chatterbot Hotel submitting transactions
chatterbot Bravo submitting transactions
chatterbot Uniform submitting transactions
chatterbot Golf submitting transactions
chatterbot Oscar submitting transactions
chatterbot November submitting transactions
chatterbot Kilo submitting transactions
chatterbot India submitting transactions
ChatterBot Zulu round 7
ChatterBot Bravo round 7
ChatterBot Golf round 7
ChatterBot Hotel round 7
ChatterBot Uniform round 7
ChatterBot Kilo round 7
ChatterBot November round 7
ChatterBot Mike round 7
2024-10-14 19:46:11.345800 Bravo: We should replace India with Zulu
2024-10-14 19:46:11.354406 Golf: No
2024-10-14 19:46:11.354593 Hotel: No
2024-10-14 19:46:11.354770 Mike: No
ChatterBot Bravo reevaluating
ChatterBot Bravo reevaluating
ChatterBot Bravo reevaluating
ChatterBot India round 7
ChatterBot Oscar round 7
2024-10-14 19:46:11.397946 Bravo: We should replace India with November
2024-10-14 19:46:11.407261 Golf: No
2024-10-14 19:46:11.407452 Hotel: No
2024-10-14 19:46:11.407618 Mike: No
ChatterBot Bravo reevaluating
ChatterBot Bravo reevaluating
ChatterBot Bravo reevaluating
2024-10-14 19:46:11.437670 Zulu: Uniform, India and Oscar, sending you 3
2024-10-14 19:46:11.440679 Golf: Bravo and Mike, sending you 4
2024-10-14 19:46:11.442670 Zulu: Kilo, sending you 4
2024-10-14 19:46:11.443686 Golf: Hotel, sending you 7
2024-10-14 19:46:11.445692 Uniform: Zulu and November, sending you 2
2024-10-14 19:46:11.447654 Zulu: November, sending you 1
2024-10-14 19:46:11.448170 Hotel: Bravo, sending you 2
2024-10-14 19:46:11.448495 Mike: Bravo and Golf, sending you 1
2024-10-14 19:46:11.449686 Uniform: Kilo and Oscar, sending you 4
2024-10-14 19:46:11.450688 Hotel: Golf, sending you 6
2024-10-14 19:46:11.453670 India: Zulu, sending you 2
2024-10-14 19:46:11.454250 Uniform: India, sending you 3
2024-10-14 19:46:11.454717 November: Uniform, sending you 3
2024-10-14 19:46:11.455001 Oscar: Zulu, Kilo, November and India, sending you 3
2024-10-14 19:46:11.456828 Kilo: Zulu, India and Oscar, sending you 4
2024-10-14 19:46:11.457672 India: Uniform, November and Oscar, sending you 3
2024-10-14 19:46:11.458511 November: Kilo, India and Oscar, sending you 2
2024-10-14 19:46:11.458894 Bravo: Golf and Hotel, sending you 2
2024-10-14 19:46:11.459240 Oscar: Uniform, sending you 4
2024-10-14 19:46:11.461205 Kilo: Uniform, sending you 5
2024-10-14 19:46:11.462651 India: Kilo, sending you 4
2024-10-14 19:46:11.463182 Bravo: Mike, sending you 3
chatterbot Golf submitting transactions
chatterbot India submitting transactions
chatterbot November submitting transactions
chatterbot Hotel submitting transactions
chatterbot Zulu submitting transactions
chatterbot Oscar submitting transactions
chatterbot Kilo submitting transactions
chatterbot Bravo submitting transactions
chatterbot Uniform submitting transactions
chatterbot Mike submitting transactions
ChatterBot Zulu round 8
ChatterBot Bravo round 8
ChatterBot Golf round 8
ChatterBot Hotel round 8
ChatterBot Uniform round 8
ChatterBot Kilo round 8
ChatterBot November round 8
ChatterBot Mike round 8
ChatterBot India round 8
ChatterBot Oscar round 8
2024-10-14 19:46:12.644638 Bravo: We should replace India with Oscar
2024-10-14 19:46:12.658134 Golf: No
2024-10-14 19:46:12.658332 Hotel: No
2024-10-14 19:46:12.658494 Mike: No
ChatterBot Bravo reevaluating
ChatterBot Bravo reevaluating
ChatterBot Bravo reevaluating
2024-10-14 19:46:12.698238 November: We should replace Kilo with Zulu
2024-10-14 19:46:12.705385 Uniform: No
2024-10-14 19:46:12.705881 India: No
2024-10-14 19:46:12.705998 Oscar: No
2024-10-14 19:46:12.733601 November: Zulu we want you to join our group
2024-10-14 19:46:12.736286 Zulu: Yes
2024-10-14 19:46:12.747682 Uniform: Zulu and November, sending you 2
2024-10-14 19:46:12.748689 Kilo: Zulu, India and Oscar, sending you 4
2024-10-14 19:46:12.749666 Zulu: Uniform, India and Oscar, sending you 3
2024-10-14 19:46:12.750260 Hotel: Bravo, sending you 2
2024-10-14 19:46:12.750691 Uniform: Kilo, sending you 5
2024-10-14 19:46:12.752691 Kilo: Uniform, sending you 5
2024-10-14 19:46:12.753688 Zulu: Kilo, sending you 4
2024-10-14 19:46:12.754658 Golf: Bravo and Mike, sending you 4
2024-10-14 19:46:12.755028 Hotel: Golf, sending you 6
2024-10-14 19:46:12.755676 Uniform: India and Oscar, sending you 3
2024-10-14 19:46:12.756767 India: Zulu, sending you 2
2024-10-14 19:46:12.757374 Zulu: November, sending you 1
2024-10-14 19:46:12.758029 Golf: Hotel, sending you 7
2024-10-14 19:46:12.760844 India: Uniform, November and Oscar, sending you 3
2024-10-14 19:46:12.761658 Bravo: Golf and Hotel, sending you 2
2024-10-14 19:46:12.762664 November: Zulu, India and Oscar, sending you 2
2024-10-14 19:46:12.765704 India: Kilo, sending you 4
2024-10-14 19:46:12.766543 Bravo: Mike, sending you 3
2024-10-14 19:46:12.767061 November: Uniform, sending you 3
2024-10-14 19:46:12.767513 Oscar: Zulu, Kilo, November and India, sending you 3
2024-10-14 19:46:12.768690 Mike: Bravo and Golf, sending you 1
2024-10-14 19:46:12.772666 Oscar: Uniform, sending you 4
chatterbot Kilo submitting transactions
chatterbot Hotel submitting transactions
chatterbot Oscar submitting transactions
chatterbot Zulu submitting transactions
chatterbot Golf submitting transactions
chatterbot Uniform submitting transactions
chatterbot Bravo submitting transactions
chatterbot November submitting transactions
chatterbot Mike submitting transactions
chatterbot India submitting transactions
ChatterBot Zulu round 9
ChatterBot Bravo round 9
ChatterBot Golf round 9
ChatterBot Hotel round 9
ChatterBot Uniform round 9
ChatterBot Kilo round 9
ChatterBot November round 9
ChatterBot Mike round 9
ChatterBot India round 9
ChatterBot Oscar round 9
2024-10-14 19:46:14.010422 Bravo: We should replace India with Oscar
2024-10-14 19:46:14.020630 Golf: No
2024-10-14 19:46:14.020858 Hotel: No
2024-10-14 19:46:14.021006 Mike: No
ChatterBot Bravo reevaluating
ChatterBot Bravo reevaluating
ChatterBot Bravo reevaluating
2024-10-14 19:46:14.078402 Bravo: We should replace India with November
2024-10-14 19:46:14.085902 Golf: No
2024-10-14 19:46:14.086053 Hotel: No
2024-10-14 19:46:14.086175 Mike: No
ChatterBot Bravo reevaluating
ChatterBot Bravo reevaluating
ChatterBot Bravo reevaluating
2024-10-14 19:46:14.113673 Zulu: Uniform, India and Oscar, sending you 3
2024-10-14 19:46:14.114809 Bravo: November we want you to join our group
2024-10-14 19:46:14.119607 November: No
ChatterBot Bravo reevaluating
2024-10-14 19:46:14.137624 Zulu: Kilo, sending you 4
2024-10-14 19:46:14.140643 Golf: Bravo and Mike, sending you 4
2024-10-14 19:46:14.141676 India: Zulu, Uniform and Oscar, sending you 3
2024-10-14 19:46:14.143004 Uniform: Zulu and November, sending you 2
2024-10-14 19:46:14.143522 November: Zulu and Oscar, sending you 2
2024-10-14 19:46:14.143830 Oscar: Zulu, Kilo, November and India, sending you 3
2024-10-14 19:46:14.144832 Mike: Bravo and Golf, sending you 1
2024-10-14 19:46:14.145149 Hotel: Bravo, sending you 2
2024-10-14 19:46:14.145446 Zulu: November, sending you 1
2024-10-14 19:46:14.145921 Kilo: Zulu, India and Oscar, sending you 4
2024-10-14 19:46:14.146244 Golf: Hotel, sending you 7
2024-10-14 19:46:14.147140 India: Kilo, sending you 4
2024-10-14 19:46:14.147980 Uniform: Kilo, sending you 5
2024-10-14 19:46:14.149212 November: Uniform and India, sending you 3
2024-10-14 19:46:14.149653 Oscar: Uniform, sending you 4
2024-10-14 19:46:14.150750 Hotel: Golf, sending you 6
2024-10-14 19:46:14.151781 Kilo: Uniform, sending you 5
2024-10-14 19:46:14.152428 India: November, sending you 2
2024-10-14 19:46:14.153295 Uniform: India and Oscar, sending you 3
2024-10-14 19:46:14.163208 Bravo: Golf, Hotel and November, sending you 2
2024-10-14 19:46:14.165901 Bravo: Mike, sending you 3
chatterbot Zulu submitting transactions
chatterbot Kilo submitting transactions
chatterbot Hotel submitting transactions
chatterbot Bravo submitting transactions
chatterbot Mike submitting transactions
chatterbot Golf submitting transactions
chatterbot India submitting transactions
chatterbot Uniform submitting transactions
chatterbot Oscar submitting transactions
chatterbot November submitting transactions
ChatterBot Zulu round 10
ChatterBot Bravo round 10
ChatterBot Golf round 10
ChatterBot Hotel round 10
ChatterBot Uniform round 10
ChatterBot Kilo round 10
2024-10-14 19:46:15.317782 Bravo: We should replace November with Oscar
ChatterBot Hotel reevaluating
2024-10-14 19:46:15.330093 Golf: No
2024-10-14 19:46:15.330286 Hotel: No
2024-10-14 19:46:15.330443 Mike: No
ChatterBot Hotel reevaluating
ChatterBot Bravo reevaluating
ChatterBot Bravo reevaluating
ChatterBot Hotel reevaluating
ChatterBot November round 10
ChatterBot Mike round 10
ChatterBot India round 10
ChatterBot Oscar round 10
2024-10-14 19:46:15.394124 Bravo: We should replace November with India
ChatterBot Hotel reevaluating
2024-10-14 19:46:15.405974 Golf: No
2024-10-14 19:46:15.406176 Hotel: No
2024-10-14 19:46:15.406344 Mike: No
ChatterBot Bravo reevaluating
ChatterBot Hotel reevaluating
ChatterBot Bravo reevaluating
ChatterBot Bravo reevaluating
ChatterBot Hotel reevaluating
2024-10-14 19:46:15.476931 Kilo: Zulu, India and Oscar, sending you 4
2024-10-14 19:46:15.479143 Zulu: Uniform, India and Oscar, sending you 3
2024-10-14 19:46:15.481069 Kilo: Uniform, sending you 5
2024-10-14 19:46:15.481721 Golf: Bravo and Mike, sending you 4
2024-10-14 19:46:15.482987 Zulu: Kilo, sending you 4
2024-10-14 19:46:15.485004 Hotel: Bravo, sending you 2
2024-10-14 19:46:15.485961 Mike: Bravo and Golf, sending you 1
2024-10-14 19:46:15.486989 Golf: Hotel, sending you 7
2024-10-14 19:46:15.487872 Zulu: November, sending you 1
2024-10-14 19:46:15.489132 Hotel: Golf, sending you 6
2024-10-14 19:46:15.492061 Oscar: Zulu, Kilo, November and India, sending you 3
2024-10-14 19:46:15.494688 Uniform: Zulu and November, sending you 2
2024-10-14 19:46:15.496237 India: Zulu, Uniform and Oscar, sending you 3
2024-10-14 19:46:15.497471 Oscar: Uniform, sending you 4
2024-10-14 19:46:15.498322 November: Zulu, sending you 2
2024-10-14 19:46:15.499316 Uniform: Kilo, sending you 5
2024-10-14 19:46:15.500775 India: Kilo, sending you 4
2024-10-14 19:46:15.501676 November: Uniform, India and Oscar, sending you 3
2024-10-14 19:46:15.502672 Uniform: India and Oscar, sending you 3
2024-10-14 19:46:15.506685 India: November, sending you 2
chatterbot Uniform submitting transactions
chatterbot November submitting transactions
chatterbot Mike submitting transactions
chatterbot Kilo submitting transactions
chatterbot Hotel submitting transactions
chatterbot Oscar submitting transactions
chatterbot Zulu submitting transactions
chatterbot Golf submitting transactions
chatterbot Bravo submitting transactions
chatterbot India submitting transactions
ChatterBot Zulu round 11
ChatterBot Bravo round 11
ChatterBot Golf round 11
2024-10-14 19:46:16.623898 Bravo: We should replace November with India
2024-10-14 19:46:16.633043 Golf: No
2024-10-14 19:46:16.633220 Hotel: No
2024-10-14 19:46:16.633353 Mike: No
ChatterBot Bravo reevaluating
ChatterBot Bravo reevaluating
ChatterBot Bravo reevaluating
ChatterBot Hotel round 11
ChatterBot Uniform round 11
ChatterBot Kilo round 11
ChatterBot November round 11
ChatterBot Mike round 11
ChatterBot India round 11
ChatterBot Oscar round 11
2024-10-14 19:46:16.712564 Bravo: India we want you to join our group
ChatterBot India reevaluating
2024-10-14 19:46:16.718953 India: No
ChatterBot Bravo reevaluating
2024-10-14 19:46:16.734540 India: We should add Mike
2024-10-14 19:46:16.734838 Bravo: We should replace November with Uniform
2024-10-14 19:46:16.773412 Kilo: No
2024-10-14 19:46:16.773659 November: No
2024-10-14 19:46:16.773861 Zulu: No
2024-10-14 19:46:16.774034 Oscar: No
2024-10-14 19:46:16.774233 Uniform: No
2024-10-14 19:46:16.774405 Golf: No
2024-10-14 19:46:16.774591 Hotel: No
2024-10-14 19:46:16.775381 Mike: No
ChatterBot India reevaluating
ChatterBot Bravo reevaluating
ChatterBot India reevaluating
ChatterBot Bravo reevaluating
ChatterBot India reevaluating
ChatterBot Bravo reevaluating
ChatterBot India reevaluating
ChatterBot India reevaluating
2024-10-14 19:46:16.969683 Golf: Bravo and Mike, sending you 4
2024-10-14 19:46:16.971143 Zulu: Uniform, India and Oscar, sending you 3
2024-10-14 19:46:16.974684 Zulu: Kilo, sending you 4
2024-10-14 19:46:16.976375 Golf: Hotel, sending you 7
2024-10-14 19:46:16.977690 November: Zulu and Oscar, sending you 2
2024-10-14 19:46:16.980718 Zulu: November, sending you 1
2024-10-14 19:46:16.981980 Mike: Bravo and Golf, sending you 1
2024-10-14 19:46:16.982488 November: Uniform and India, sending you 3
2024-10-14 19:46:16.982881 Uniform: Zulu and November, sending you 2
2024-10-14 19:46:16.984129 Oscar: Zulu, Kilo, November and India, sending you 3
2024-10-14 19:46:16.984876 Kilo: Zulu, India and Oscar, sending you 4
2024-10-14 19:46:16.988693 Uniform: Kilo, sending you 5
2024-10-14 19:46:16.990082 Oscar: Uniform, sending you 4
2024-10-14 19:46:16.991542 Oscar: I was attacked by Bravo
ChatterBot Kilo reevaluating
ChatterBot November reevaluating
ChatterBot Zulu reevaluating
ChatterBot Uniform reevaluating
ChatterBot India reevaluating
2024-10-14 19:46:17.024335 Oscar: Ow
2024-10-14 19:46:17.026157 Hotel: Bravo, sending you 2
chatterbot Kilo submitting transactions
2024-10-14 19:46:17.030727 Hotel: Golf, sending you 6
2024-10-14 19:46:17.043893 November: Zulu, Uniform and Oscar, sending you 2
2024-10-14 19:46:17.054056 India: Zulu, Uniform and Oscar, sending you 3
2024-10-14 19:46:17.057990 India: Kilo, sending you 4
2024-10-14 19:46:17.062653 India: November, sending you 2
chatterbot Mike submitting transactions
chatterbot Hotel submitting transactions
chatterbot Golf submitting transactions
chatterbot India submitting transactions
chatterbot Oscar submitting transactions
chatterbot November submitting transactions
chatterbot Zulu submitting transactions
chatterbot Uniform submitting transactions
chatterbot November submitting transactions
chatterbot Zulu submitting transactions
chatterbot Bravo submitting transactions
ChatterBot Zulu round 12
chatterbot Kilo submitting transactions
ChatterBot Bravo round 12
ChatterBot Golf round 12
ChatterBot Hotel round 12
ChatterBot Uniform round 12
ChatterBot Kilo round 12
ChatterBot November round 12
ChatterBot Mike round 12
ChatterBot India round 12
ChatterBot Oscar round 12
2024-10-14 19:46:18.094449 Bravo: We should replace India with Uniform
2024-10-14 19:46:18.109462 Golf: No
2024-10-14 19:46:18.109697 Hotel: No
2024-10-14 19:46:18.109882 Mike: No
ChatterBot Bravo reevaluating
ChatterBot Bravo reevaluating
ChatterBot Bravo reevaluating
chatterbot Uniform submitting transactions
2024-10-14 19:46:18.216662 Hotel: Bravo, sending you 2
2024-10-14 19:46:18.218842 Uniform: Zulu and November, sending you 2
2024-10-14 19:46:18.220883 Hotel: Golf, sending you 5
2024-10-14 19:46:18.221726 India: Zulu, Uniform and Oscar, sending you 3
2024-10-14 19:46:18.223219 Kilo: Zulu, India and Oscar, sending you 4
2024-10-14 19:46:18.224847 Uniform: Kilo, sending you 5
2024-10-14 19:46:18.225861 Oscar: Zulu, Kilo, November and India, sending you 3
2024-10-14 19:46:18.227085 India: Kilo, sending you 4
2024-10-14 19:46:18.227731 Mike: Bravo and Golf, sending you 1
2024-10-14 19:46:18.228161 Kilo: Uniform, sending you 5
2024-10-14 19:46:18.228882 Zulu: Uniform, India and Oscar, sending you 3
2024-10-14 19:46:18.229500 Uniform: India and Oscar, sending you 3
2024-10-14 19:46:18.230824 Golf: Bravo and Mike, sending you 4
2024-10-14 19:46:18.231665 Oscar: Uniform, sending you 4
2024-10-14 19:46:18.233028 Zulu: Kilo, sending you 4
2024-10-14 19:46:18.233677 November: I was attacked by Bravo
ChatterBot Zulu reevaluating
ChatterBot Uniform reevaluating
ChatterBot India reevaluating
ChatterBot Oscar reevaluating
2024-10-14 19:46:18.254530 November: I'm keeping this round to protect myself
2024-10-14 19:46:18.256374 November: Ow
2024-10-14 19:46:18.257259 Golf: Hotel, sending you 7
2024-10-14 19:46:18.258031 Bravo: Golf, Hotel and Mike, sending you 1
chatterbot Uniform submitting transactions
chatterbot India submitting transactions
chatterbot November submitting transactions
chatterbot Kilo submitting transactions
chatterbot Hotel submitting transactions
chatterbot Oscar submitting transactions
chatterbot Zulu submitting transactions
chatterbot Golf submitting transactions
chatterbot Mike submitting transactions
chatterbot Bravo submitting transactions
ChatterBot Zulu round 13
ChatterBot Bravo round 13
ChatterBot Golf round 13
ChatterBot Hotel round 13
ChatterBot Uniform round 13
ChatterBot Kilo round 13
ChatterBot November round 13
ChatterBot Mike round 13
2024-10-14 19:46:19.401769 Bravo: We should replace India with Kilo
2024-10-14 19:46:19.410592 Golf: No
2024-10-14 19:46:19.411131 Hotel: No
2024-10-14 19:46:19.411268 Mike: No
ChatterBot Bravo reevaluating
ChatterBot Bravo reevaluating
ChatterBot Bravo reevaluating
ChatterBot India round 13
ChatterBot Oscar round 13
2024-10-14 19:46:19.463488 India: We should add Golf
2024-10-14 19:46:19.478527 Kilo: No
2024-10-14 19:46:19.478721 November: No
2024-10-14 19:46:19.478854 Zulu: No
2024-10-14 19:46:19.478973 Oscar: No
2024-10-14 19:46:19.479084 Uniform: No
ChatterBot India reevaluating
ChatterBot India reevaluating
ChatterBot India reevaluating
ChatterBot India reevaluating
ChatterBot India reevaluating
2024-10-14 19:46:19.579412 Bravo: Kilo we want you to join our group
2024-10-14 19:46:19.585691 Kilo: No
ChatterBot Bravo reevaluating
ChatterBot Hotel reevaluating
2024-10-14 19:46:19.609355 Bravo: We should replace India with Uniform
ChatterBot Hotel reevaluating
2024-10-14 19:46:19.627596 Golf: No
2024-10-14 19:46:19.628286 Hotel: No
2024-10-14 19:46:19.628485 Mike: No
ChatterBot Bravo reevaluating
ChatterBot Hotel reevaluating
ChatterBot Bravo reevaluating
ChatterBot Bravo reevaluating
ChatterBot Hotel reevaluating
2024-10-14 19:46:19.688785 Kilo: Zulu, India and Oscar, sending you 4
2024-10-14 19:46:19.692056 Golf: Bravo and Mike, sending you 4
2024-10-14 19:46:19.693085 Zulu: Uniform, India and Oscar, sending you 3
2024-10-14 19:46:19.695179 Mike: Bravo and Golf, sending you 1
2024-10-14 19:46:19.696522 Uniform: Zulu, India and Oscar, sending you 3
2024-10-14 19:46:19.698223 Kilo: Uniform, sending you 5
2024-10-14 19:46:19.699266 Bravo: Uniform we want you to join our group
2024-10-14 19:46:19.704981 Uniform: No
ChatterBot Bravo reevaluating
2024-10-14 19:46:19.723177 Golf: Hotel, sending you 7
2024-10-14 19:46:19.724520 Zulu: Kilo, sending you 4
2024-10-14 19:46:19.726526 Uniform: Kilo, sending you 5
2024-10-14 19:46:19.728433 Oscar: Zulu, Uniform, November and India, sending you 3
2024-10-14 19:46:19.730758 Zulu: November, sending you 1
2024-10-14 19:46:19.732934 Hotel: Bravo, sending you 2
2024-10-14 19:46:19.734669 Uniform: November, sending you 1
2024-10-14 19:46:19.736127 India: Zulu, Uniform and Oscar, sending you 3
2024-10-14 19:46:19.737630 Oscar: Kilo, sending you 4
2024-10-14 19:46:19.739735 Hotel: Golf, sending you 5
2024-10-14 19:46:19.740864 India: Kilo, sending you 4
2024-10-14 19:46:19.747347 India: November, sending you 2
chatterbot November submitting transactions
chatterbot Zulu submitting transactions
chatterbot Oscar submitting transactions
chatterbot Mike submitting transactions
chatterbot Golf submitting transactions
chatterbot Kilo submitting transactions
chatterbot Uniform submitting transactions
chatterbot India submitting transactions
chatterbot Bravo submitting transactions
chatterbot Hotel submitting transactions
ChatterBot Zulu round 14
ChatterBot Bravo round 14
ChatterBot Golf round 14
ChatterBot Hotel round 14
ChatterBot Uniform round 14
ChatterBot Kilo round 14
ChatterBot November round 14
ChatterBot Mike round 14
ChatterBot India round 14
ChatterBot Oscar round 14
2024-10-14 19:46:20.877234 India: I was attacked by Bravo
ChatterBot Kilo reevaluating
ChatterBot November reevaluating
ChatterBot Zulu reevaluating
ChatterBot Oscar reevaluating
ChatterBot Uniform reevaluating
2024-10-14 19:46:20.900571 India: I'm keeping this round to protect myself
2024-10-14 19:46:20.903184 India: Ow
2024-10-14 19:46:20.914666 Hotel: Bravo, sending you 1
2024-10-14 19:46:20.917450 Mike: Bravo and Golf, sending you 1
2024-10-14 19:46:20.920291 Golf: Bravo and Mike, sending you 4
2024-10-14 19:46:20.921283 Hotel: Golf, sending you 5
2024-10-14 19:46:20.948017 Golf: Hotel, sending you 7
2024-10-14 19:46:20.955022 Kilo: Zulu, India and Oscar, sending you 4
2024-10-14 19:46:20.958292 November: Sending you each 2
