ChatterBot Bravo round 1
ChatterBot Mike round 1
ChatterBot Golf round 1
ChatterBot X-ray round 1
ChatterBot Whiskey round 1
ChatterBot November round 1
ChatterBot Sierra round 1
ChatterBot Victor round 1
ChatterBot Delta round 1
ChatterBot Kilo round 1
randomSelections Bravo: {Bravo, Victor, Delta, Kilo, Mike, Sierra} 
2024-10-14 19:46:02.717494 Bravo: Let's form a team
ChatterBot Victor reevaluating
ChatterBot Delta reevaluating
ChatterBot Kilo reevaluating
ChatterBot Mike reevaluating
ChatterBot Sierra reevaluating
2024-10-14 19:46:02.726519 Victor: Yes
2024-10-14 19:46:02.726689 Delta: Yes
2024-10-14 19:46:02.726823 Kilo: Yes
2024-10-14 19:46:02.726935 Mike: Yes
2024-10-14 19:46:02.727691 Sierra: Yes
ChatterBot Delta reevaluating
ChatterBot Kilo reevaluating
ChatterBot Mike reevaluating
ChatterBot Sierra reevaluating
ChatterBot Victor reevaluating
ChatterBot Kilo reevaluating
ChatterBot Mike reevaluating
ChatterBot Sierra reevaluating
ChatterBot Victor reevaluating
ChatterBot Delta reevaluating
ChatterBot Mike reevaluating
ChatterBot Sierra reevaluating
ChatterBot Victor reevaluating
ChatterBot Delta reevaluating
ChatterBot Kilo reevaluating
ChatterBot Sierra reevaluating
ChatterBot Victor reevaluating
ChatterBot Delta reevaluating
ChatterBot Kilo reevaluating
ChatterBot Mike reevaluating
randomSelections X-ray: {X-ray, Golf, Whiskey, Mike, Victor, November} 
2024-10-14 19:46:02.766772 X-ray: Friends?
ChatterBot Golf reevaluating
ChatterBot Whiskey reevaluating
ChatterBot Mike reevaluating
ChatterBot Victor reevaluating
ChatterBot November reevaluating
2024-10-14 19:46:02.775934 Golf: Yes
2024-10-14 19:46:02.776078 Whiskey: Yes
2024-10-14 19:46:02.776188 Mike: No
2024-10-14 19:46:02.776323 Victor: No
2024-10-14 19:46:02.776509 November: Yes
ChatterBot Whiskey reevaluating
ChatterBot Mike reevaluating
ChatterBot Victor reevaluating
ChatterBot November reevaluating
ChatterBot Golf reevaluating
ChatterBot Mike reevaluating
ChatterBot Victor reevaluating
ChatterBot November reevaluating
ChatterBot Golf reevaluating
ChatterBot Whiskey reevaluating
ChatterBot Victor reevaluating
ChatterBot November reevaluating
ChatterBot Golf reevaluating
ChatterBot Whiskey reevaluating
ChatterBot Mike reevaluating
ChatterBot November reevaluating
ChatterBot Golf reevaluating
ChatterBot Whiskey reevaluating
ChatterBot Mike reevaluating
ChatterBot Victor reevaluating
2024-10-14 19:46:02.871684 Mike: Bravo, sending you 2
2024-10-14 19:46:02.873834 Golf: Mike, X-ray, Whiskey, November and Victor, sending you 2
2024-10-14 19:46:02.874335 Sierra: Bravo and Delta, sending you 4
2024-10-14 19:46:02.875582 Whiskey: Mike, November and Victor, sending you 2
2024-10-14 19:46:02.875984 Mike: Sierra, sending you 6
2024-10-14 19:46:02.879910 Sierra: Mike and Kilo, sending you 1
2024-10-14 19:46:02.880424 Mike: Victor, sending you 3
2024-10-14 19:46:02.880905 Whiskey: Golf, sending you 5
2024-10-14 19:46:02.882184 Bravo: Mike, sending you 4
2024-10-14 19:46:02.882743 Victor: Bravo, sending you 3
2024-10-14 19:46:02.884091 Kilo: Bravo, sending you 5
2024-10-14 19:46:02.884632 Sierra: Victor, sending you 5
2024-10-14 19:46:02.885968 Mike: Delta, sending you 4
2024-10-14 19:46:02.886426 Whiskey: X-ray, sending you 6
2024-10-14 19:46:02.888098 X-ray: Mike and November, sending you 2
2024-10-14 19:46:02.888573 November: Mike, X-ray and Victor, sending you 3
2024-10-14 19:46:02.889601 Bravo: Sierra and Delta, sending you 2
2024-10-14 19:46:02.889980 Kilo: Mike, Sierra and Delta, sending you 3
2024-10-14 19:46:02.890387 Victor: Mike, sending you 4
2024-10-14 19:46:02.891405 Delta: Bravo, Mike, Sierra and Victor, sending you 3
2024-10-14 19:46:02.891971 Mike: Kilo, sending you 1
2024-10-14 19:46:02.892441 X-ray: Golf and Whiskey, sending you 3
2024-10-14 19:46:02.893657 Bravo: Victor, sending you 3
2024-10-14 19:46:02.894060 November: Golf, sending you 4
2024-10-14 19:46:02.899528 Kilo: Victor, sending you 1
2024-10-14 19:46:02.900064 Victor: Sierra, sending you 6
2024-10-14 19:46:02.901177 X-ray: Victor, sending you 1
2024-10-14 19:46:02.901643 Delta: Kilo, sending you 6
2024-10-14 19:46:02.902889 Bravo: Kilo, sending you 1
2024-10-14 19:46:02.903319 November: Whiskey, sending you 2
2024-10-14 19:46:02.903844 Victor: Delta, sending you 2
chatterbot Victor submitting transactions
chatterbot Bravo submitting transactions
chatterbot Golf submitting transactions
chatterbot November submitting transactions
chatterbot Kilo submitting transactions
chatterbot X-ray submitting transactions
chatterbot Mike submitting transactions
chatterbot Whiskey submitting transactions
chatterbot Sierra submitting transactions
chatterbot Delta submitting transactions
ChatterBot Bravo round 2
ChatterBot Mike round 2
ChatterBot Golf round 2
ChatterBot X-ray round 2
ChatterBot Whiskey round 2
ChatterBot November round 2
ChatterBot Sierra round 2
ChatterBot Victor round 2
2024-10-14 19:46:06.091773 Golf: Can we be friends?
ChatterBot X-ray reevaluating
ChatterBot November reevaluating
ChatterBot Kilo reevaluating
2024-10-14 19:46:06.189136 X-ray: No
2024-10-14 19:46:06.192875 Whiskey: No
2024-10-14 19:46:06.193213 November: No
2024-10-14 19:46:06.193346 Kilo: No
ChatterBot November reevaluating
ChatterBot Kilo reevaluating
ChatterBot X-ray reevaluating
ChatterBot November reevaluating
ChatterBot Kilo reevaluating
ChatterBot X-ray reevaluating
ChatterBot Kilo reevaluating
ChatterBot Golf reevaluating
ChatterBot X-ray reevaluating
ChatterBot November reevaluating
ChatterBot Delta round 2
ChatterBot Kilo round 2
2024-10-14 19:46:06.295445 Whiskey: We should drop Mike and Victor
ChatterBot Golf reevaluating
ChatterBot X-ray reevaluating
ChatterBot November reevaluating
2024-10-14 19:46:06.304820 Golf: Yes
2024-10-14 19:46:06.305515 X-ray: Yes
2024-10-14 19:46:06.305800 November: Yes
ChatterBot X-ray reevaluating
ChatterBot November reevaluating
ChatterBot Golf reevaluating
ChatterBot November reevaluating
ChatterBot Golf reevaluating
ChatterBot X-ray reevaluating
2024-10-14 19:46:06.356757 Mike: Bravo and Victor, sending you 4
2024-10-14 19:46:06.362685 Mike: Sierra, sending you 2
2024-10-14 19:46:06.364638 Bravo: Mike, Victor and Delta, sending you 2
2024-10-14 19:46:06.367548 Sierra: Bravo, sending you 1
2024-10-14 19:46:06.369480 Whiskey: Golf and November, sending you 5
2024-10-14 19:46:06.370700 Mike: Delta and Kilo, sending you 3
2024-10-14 19:46:06.372336 Bravo: Sierra and Kilo, sending you 3
2024-10-14 19:46:06.373284 Sierra: Mike and Victor, sending you 4
2024-10-14 19:46:06.374788 Victor: Bravo, Mike and Delta, sending you 3
2024-10-14 19:46:06.377148 Golf: Sending you each 2
2024-10-14 19:46:06.377610 Whiskey: X-ray, sending you 7
2024-10-14 19:46:06.378050 Delta: Bravo and Victor, sending you 3
2024-10-14 19:46:06.379519 Kilo: Bravo, Mike, Sierra and Victor, sending you 2
2024-10-14 19:46:06.380861 Sierra: Delta and Kilo, sending you 3
2024-10-14 19:46:06.381865 Victor: Sierra, sending you 5
2024-10-14 19:46:06.385816 Delta: Mike, Sierra and Kilo, sending you 4
2024-10-14 19:46:06.386341 Kilo: Delta, sending you 7
2024-10-14 19:46:06.387552 X-ray: Golf and November, sending you 5
2024-10-14 19:46:06.387952 Victor: Kilo, sending you 1
2024-10-14 19:46:06.680669 X-ray: Whiskey, sending you 6
2024-10-14 19:46:06.681442 November: Sending you each 5
chatterbot Golf submitting transactions
chatterbot Sierra submitting transactions
chatterbot Bravo submitting transactions
chatterbot Delta submitting transactions
chatterbot November submitting transactions
chatterbot Whiskey submitting transactions
chatterbot Mike submitting transactions
chatterbot Kilo submitting transactions
chatterbot X-ray submitting transactions
chatterbot Victor submitting transactions
ChatterBot Bravo round 3
ChatterBot Mike round 3
ChatterBot Golf round 3
ChatterBot X-ray round 3
ChatterBot Whiskey round 3
ChatterBot November round 3
ChatterBot Sierra round 3
ChatterBot Victor round 3
ChatterBot Delta round 3
ChatterBot Kilo round 3
2024-10-14 19:46:07.615901 Golf: We should replace Kilo with Bravo
2024-10-14 19:46:07.657765 Whiskey: No
2024-10-14 19:46:07.658185 X-ray: No
2024-10-14 19:46:07.658800 November: No
2024-10-14 19:46:07.736858 Golf: Bravo we want you to join our group
2024-10-14 19:46:07.742233 Bravo: No
ChatterBot Golf reevaluating
2024-10-14 19:46:07.761894 Golf: We should replace Kilo with Sierra
2024-10-14 19:46:07.776836 Whiskey: No
2024-10-14 19:46:07.777260 X-ray: No
2024-10-14 19:46:07.778033 November: No
ChatterBot Golf reevaluating
ChatterBot Golf reevaluating
ChatterBot Golf reevaluating
2024-10-14 19:46:07.848616 Mike: Bravo and Sierra, sending you 3
2024-10-14 19:46:07.849203 X-ray: Golf, sending you 4
2024-10-14 19:46:07.850020 Bravo: Mike, sending you 4
2024-10-14 19:46:07.856273 Mike: Victor and Delta, sending you 4
2024-10-14 19:46:07.857277 X-ray: Whiskey and November, sending you 6
2024-10-14 19:46:07.857571 Bravo: Sierra, Victor, Delta and Kilo, sending you 2
2024-10-14 19:46:07.857911 Kilo: Bravo, Mike and Sierra, sending you 3
2024-10-14 19:46:07.858758 Sierra: Bravo, Mike and Delta, sending you 3
2024-10-14 19:46:07.859130 Delta: Bravo and Victor, sending you 3
2024-10-14 19:46:07.859478 November: Golf, sending you 4
2024-10-14 19:46:07.860100 Whiskey: Golf, sending you 4
2024-10-14 19:46:07.860313 Victor: Bravo, sending you 2
2024-10-14 19:46:07.860689 Mike: Kilo, sending you 2
2024-10-14 19:46:07.870899 Kilo: Victor, sending you 2
2024-10-14 19:46:07.871927 Victor: Mike, sending you 4
2024-10-14 19:46:07.872371 Sierra: Victor, sending you 4
2024-10-14 19:46:07.873224 Delta: Mike, Sierra and Kilo, sending you 4
2024-10-14 19:46:07.873732 Whiskey: X-ray, sending you 7
2024-10-14 19:46:07.874160 November: X-ray, sending you 6
2024-10-14 19:46:07.882512 Kilo: Delta, sending you 4
2024-10-14 19:46:07.883525 Victor: Sierra, sending you 5
2024-10-14 19:46:07.884015 Sierra: Kilo, sending you 2
2024-10-14 19:46:07.885054 Whiskey: November, sending you 6
2024-10-14 19:46:07.885425 November: Whiskey, sending you 5
2024-10-14 19:46:07.889961 Victor: Delta, sending you 3
2024-10-14 19:46:07.890770 Golf: Bravo, X-ray, Whiskey and November, sending you 2
2024-10-14 19:46:07.908226 Victor: Kilo, sending you 1
chatterbot Delta submitting transactions
chatterbot Bravo submitting transactions
chatterbot Golf submitting transactions
chatterbot X-ray submitting transactions
chatterbot Victor submitting transactions
chatterbot November submitting transactions
chatterbot Mike submitting transactions
chatterbot Sierra submitting transactions
chatterbot Kilo submitting transactions
chatterbot Whiskey submitting transactions
ChatterBot Bravo round 4
ChatterBot Mike round 4
ChatterBot Golf round 4
ChatterBot X-ray round 4
ChatterBot Whiskey round 4
ChatterBot November round 4
2024-10-14 19:46:08.967195 Golf: We should replace Bravo with Kilo
2024-10-14 19:46:08.974322 Whiskey: No
2024-10-14 19:46:08.974483 X-ray: No
2024-10-14 19:46:08.974625 November: No
ChatterBot Golf reevaluating
ChatterBot Sierra round 4
ChatterBot Victor round 4
ChatterBot Delta round 4
ChatterBot Kilo round 4
2024-10-14 19:46:09.023689 Mike: Bravo, Sierra, Delta and Kilo, sending you 3
2024-10-14 19:46:09.027676 Mike: Victor, sending you 4
2024-10-14 19:46:09.029699 November: Golf, sending you 4
2024-10-14 19:46:09.030668 Sierra: Bravo, sending you 2
2024-10-14 19:46:09.031606 Golf: Bravo, X-ray, Whiskey and November, sending you 2
2024-10-14 19:46:09.032691 November: X-ray, sending you 6
2024-10-14 19:46:09.034680 Sierra: Mike, Delta and Kilo, sending you 3
2024-10-14 19:46:09.035691 Whiskey: Golf, sending you 4
2024-10-14 19:46:09.036839 November: Whiskey, sending you 5
2024-10-14 19:46:09.038655 X-ray: Golf, sending you 4
2024-10-14 19:46:09.039709 Sierra: Victor, sending you 4
2024-10-14 19:46:09.040273 Whiskey: X-ray, sending you 7
2024-10-14 19:46:09.041671 Kilo: Bravo, Mike and Sierra, sending you 3
2024-10-14 19:46:09.042704 Bravo: Mike, sending you 4
2024-10-14 19:46:09.043176 Delta: Bravo, sending you 2
2024-10-14 19:46:09.043595 X-ray: Whiskey and November, sending you 6
2024-10-14 19:46:09.043923 Whiskey: November, sending you 6
2024-10-14 19:46:09.044692 Victor: Bravo and Kilo, sending you 2
2024-10-14 19:46:09.046696 Kilo: Victor, sending you 2
2024-10-14 19:46:09.047840 Bravo: Sierra, Victor, Delta and Kilo, sending you 2
2024-10-14 19:46:09.048414 Delta: Mike, Sierra, Victor and Kilo, sending you 4
2024-10-14 19:46:09.048981 Victor: Mike and Sierra, sending you 4
2024-10-14 19:46:09.050683 Kilo: Delta, sending you 4
2024-10-14 19:46:09.052708 Victor: Delta, sending you 3
chatterbot Victor submitting transactions
chatterbot Mike submitting transactions
chatterbot Whiskey submitting transactions
chatterbot X-ray submitting transactions
chatterbot Kilo submitting transactions
chatterbot November submitting transactions
chatterbot Delta submitting transactions
chatterbot Bravo submitting transactions
chatterbot Golf submitting transactions
chatterbot Sierra submitting transactions
ChatterBot Bravo round 5
ChatterBot Mike round 5
ChatterBot Golf round 5
ChatterBot X-ray round 5
2024-10-14 19:46:10.281260 Golf: We should replace Bravo with Kilo
2024-10-14 19:46:10.290486 Whiskey: No
2024-10-14 19:46:10.290682 X-ray: No
2024-10-14 19:46:10.291193 November: No
ChatterBot Golf reevaluating
ChatterBot Golf reevaluating
ChatterBot Golf reevaluating
ChatterBot Whiskey round 5
ChatterBot November round 5
ChatterBot Sierra round 5
ChatterBot Victor round 5
ChatterBot Delta round 5
ChatterBot Kilo round 5
2024-10-14 19:46:10.328250 Golf: We should replace Bravo with Delta
2024-10-14 19:46:10.334078 Whiskey: No
2024-10-14 19:46:10.334211 X-ray: No
2024-10-14 19:46:10.334316 November: No
ChatterBot Golf reevaluating
ChatterBot Golf reevaluating
ChatterBot Golf reevaluating
2024-10-14 19:46:10.376102 Golf: Delta we want you to join our group
2024-10-14 19:46:10.379018 Delta: No
ChatterBot Golf reevaluating
2024-10-14 19:46:10.388900 Golf: We should replace Bravo with Sierra
2024-10-14 19:46:10.395882 Whiskey: No
2024-10-14 19:46:10.396039 X-ray: No
2024-10-14 19:46:10.396161 November: No
ChatterBot Golf reevaluating
ChatterBot Golf reevaluating
ChatterBot Golf reevaluating
2024-10-14 19:46:10.423807 Whiskey: Golf, sending you 5
2024-10-14 19:46:10.424777 X-ray: Golf, sending you 5
2024-10-14 19:46:10.427658 Whiskey: X-ray and November, sending you 6
2024-10-14 19:46:10.428027 November: Golf, sending you 4
2024-10-14 19:46:10.428695 Bravo: Mike, sending you 4
2024-10-14 19:46:10.430006 X-ray: Whiskey and November, sending you 6
2024-10-14 19:46:10.430417 Mike: Bravo, Sierra, Delta and Kilo, sending you 3
2024-10-14 19:46:10.430848 Sierra: Bravo, sending you 2
2024-10-14 19:46:10.431233 Victor: Bravo and Kilo, sending you 2
2024-10-14 19:46:10.431606 Kilo: Bravo, Mike and Sierra, sending you 3
2024-10-14 19:46:10.432067 Delta: Bravo, sending you 2
2024-10-14 19:46:10.433083 November: X-ray, sending you 6
2024-10-14 19:46:10.433692 Mike: Victor, sending you 4
2024-10-14 19:46:10.434223 Sierra: Mike, Delta and Kilo, sending you 3
2024-10-14 19:46:10.434743 Bravo: Sierra, Victor, Delta and Kilo, sending you 2
2024-10-14 19:46:10.436175 Victor: Mike and Sierra, sending you 4
2024-10-14 19:46:10.436765 Delta: Mike, Sierra, Victor and Kilo, sending you 4
2024-10-14 19:46:10.437312 November: Whiskey, sending you 5
2024-10-14 19:46:10.438194 Kilo: Victor, sending you 2
2024-10-14 19:46:10.439055 Sierra: Victor, sending you 4
2024-10-14 19:46:10.441699 Victor: Delta, sending you 3
2024-10-14 19:46:10.442832 Kilo: Delta, sending you 4
2024-10-14 19:46:10.458689 Golf: Sending you each 2
chatterbot X-ray submitting transactions
chatterbot Delta submitting transactions
chatterbot Kilo submitting transactions
chatterbot Victor submitting transactions
chatterbot Whiskey submitting transactions
chatterbot November submitting transactions
chatterbot Golf submitting transactions
chatterbot Bravo submitting transactions
chatterbot Sierra submitting transactions
chatterbot Mike submitting transactions
ChatterBot Bravo round 6
ChatterBot Mike round 6
ChatterBot Golf round 6
ChatterBot X-ray round 6
2024-10-14 19:46:11.498531 Golf: We should replace Delta with Bravo
2024-10-14 19:46:11.504392 Whiskey: No
2024-10-14 19:46:11.504553 X-ray: No
2024-10-14 19:46:11.505059 November: No
ChatterBot Golf reevaluating
ChatterBot Golf reevaluating
ChatterBot Golf reevaluating
ChatterBot Whiskey round 6
ChatterBot November round 6
ChatterBot Sierra round 6
ChatterBot Victor round 6
ChatterBot Delta round 6
ChatterBot Kilo round 6
2024-10-14 19:46:11.558865 Golf: Bravo we want you to join our group
2024-10-14 19:46:11.560850 Bravo: No
ChatterBot Golf reevaluating
2024-10-14 19:46:11.573427 Golf: We should replace Delta with Sierra
2024-10-14 19:46:11.578662 Whiskey: No
2024-10-14 19:46:11.578802 X-ray: No
2024-10-14 19:46:11.579190 November: No
ChatterBot Golf reevaluating
ChatterBot Golf reevaluating
ChatterBot Golf reevaluating
2024-10-14 19:46:11.599696 Bravo: Mike, sending you 4
2024-10-14 19:46:11.601157 X-ray: Golf, sending you 5
2024-10-14 19:46:11.602143 Mike: Bravo, Sierra, Delta and Kilo, sending you 3
2024-10-14 19:46:11.604942 Golf: Sierra we want you to join our group
2024-10-14 19:46:11.609844 Sierra: No
ChatterBot Golf reevaluating
2024-10-14 19:46:11.624383 X-ray: Whiskey and November, sending you 6
2024-10-14 19:46:11.625176 Bravo: Sierra, Victor, Delta and Kilo, sending you 2
2024-10-14 19:46:11.626390 November: Golf, sending you 4
2024-10-14 19:46:11.626873 Mike: Victor, sending you 4
2024-10-14 19:46:11.629723 Victor: Bravo and Kilo, sending you 2
2024-10-14 19:46:11.630312 November: X-ray, sending you 6
2024-10-14 19:46:11.630738 Kilo: Bravo, Mike and Sierra, sending you 3
2024-10-14 19:46:11.631343 Whiskey: Golf, sending you 5
2024-10-14 19:46:11.631807 Delta: Bravo, sending you 2
2024-10-14 19:46:11.633013 Sierra: Bravo, sending you 2
2024-10-14 19:46:11.633675 Victor: Mike and Sierra, sending you 4
2024-10-14 19:46:11.634223 Kilo: Victor, sending you 2
2024-10-14 19:46:11.635674 November: Whiskey, sending you 5
2024-10-14 19:46:11.636076 Delta: Mike, Sierra, Victor and Kilo, sending you 4
2024-10-14 19:46:11.637580 Whiskey: X-ray and November, sending you 6
2024-10-14 19:46:11.638064 Sierra: Mike, Delta and Kilo, sending you 3
2024-10-14 19:46:11.638550 Victor: Delta, sending you 3
2024-10-14 19:46:11.639729 Kilo: Delta, sending you 4
2024-10-14 19:46:11.641681 Sierra: Victor, sending you 4
2024-10-14 19:46:11.659706 Golf: Sending you each 2
chatterbot Sierra submitting transactions
chatterbot Mike submitting transactions
chatterbot Bravo submitting transactions
chatterbot Kilo submitting transactions
chatterbot November submitting transactions
chatterbot Golf submitting transactions
chatterbot X-ray submitting transactions
chatterbot Delta submitting transactions
chatterbot Victor submitting transactions
chatterbot Whiskey submitting transactions
ChatterBot Bravo round 7
ChatterBot Mike round 7
ChatterBot Golf round 7
ChatterBot X-ray round 7
2024-10-14 19:46:12.756863 Golf: We should replace Sierra with Bravo
2024-10-14 19:46:12.766798 Whiskey: No
2024-10-14 19:46:12.766994 X-ray: No
2024-10-14 19:46:12.767172 November: No
ChatterBot Golf reevaluating
ChatterBot Whiskey round 7
ChatterBot November round 7
ChatterBot Sierra round 7
ChatterBot Victor round 7
ChatterBot Delta round 7
ChatterBot Kilo round 7
2024-10-14 19:46:12.818698 Golf: Same as last round
2024-10-14 19:46:12.820683 Mike: Bravo, Sierra, Delta and Kilo, sending you 3
2024-10-14 19:46:12.821648 Delta: Bravo, sending you 2
2024-10-14 19:46:12.823664 November: Golf, sending you 4
2024-10-14 19:46:12.826798 Mike: Victor, sending you 4
2024-10-14 19:46:12.827560 Delta: Mike, Sierra, Victor and Kilo, sending you 4
2024-10-14 19:46:12.828341 Victor: Bravo and Kilo, sending you 2
2024-10-14 19:46:12.829089 November: X-ray, sending you 6
2024-10-14 19:46:12.829609 Sierra: Bravo, sending you 2
2024-10-14 19:46:12.830346 X-ray: Golf, sending you 5
2024-10-14 19:46:12.830842 Whiskey: Golf, sending you 5
2024-10-14 19:46:12.831365 Bravo: Mike, sending you 4
2024-10-14 19:46:12.832394 November: Whiskey, sending you 5
2024-10-14 19:46:12.833667 Victor: Mike and Sierra, sending you 4
2024-10-14 19:46:12.834219 Whiskey: X-ray and November, sending you 6
2024-10-14 19:46:12.834693 Sierra: Mike, Delta and Kilo, sending you 3
2024-10-14 19:46:12.835694 X-ray: Whiskey and November, sending you 6
2024-10-14 19:46:12.836599 Kilo: Bravo, Mike and Sierra, sending you 3
2024-10-14 19:46:12.837314 Bravo: Sierra, Victor, Delta and Kilo, sending you 2
2024-10-14 19:46:12.837882 Victor: Delta, sending you 3
2024-10-14 19:46:12.839677 Sierra: Victor, sending you 4
2024-10-14 19:46:12.840656 Kilo: Victor, sending you 2
2024-10-14 19:46:12.844052 Kilo: Delta, sending you 4
chatterbot Whiskey submitting transactions
chatterbot Sierra submitting transactions
chatterbot Bravo submitting transactions
chatterbot November submitting transactions
chatterbot Victor submitting transactions
chatterbot Delta submitting transactions
chatterbot Golf submitting transactions
chatterbot X-ray submitting transactions
chatterbot Mike submitting transactions
chatterbot Kilo submitting transactions
ChatterBot Bravo round 8
ChatterBot Mike round 8
ChatterBot Golf round 8
ChatterBot X-ray round 8
ChatterBot Whiskey round 8
ChatterBot November round 8
ChatterBot Sierra round 8
ChatterBot Victor round 8
ChatterBot Delta round 8
ChatterBot Kilo round 8
2024-10-14 19:46:14.039344 Golf: We should replace Sierra with Bravo
2024-10-14 19:46:14.047169 Whiskey: No
2024-10-14 19:46:14.047323 X-ray: No
2024-10-14 19:46:14.047460 November: No
2024-10-14 19:46:14.078947 Golf: Bravo we want you to join our group
2024-10-14 19:46:14.081847 Bravo: No
2024-10-14 19:46:14.093676 X-ray: Golf, sending you 5
2024-10-14 19:46:14.094692 Sierra: Bravo, sending you 2
2024-10-14 19:46:14.096059 Mike: Bravo, Sierra, Delta and Kilo, sending you 3
2024-10-14 19:46:14.097647 November: Golf, sending you 4
2024-10-14 19:46:14.098660 X-ray: Whiskey and November, sending you 6
2024-10-14 19:46:14.099727 Bravo: Mike, sending you 4
2024-10-14 19:46:14.101004 Sierra: Mike, Delta and Kilo, sending you 3
2024-10-14 19:46:14.101765 Mike: Victor, sending you 4
2024-10-14 19:46:14.103074 Golf: Bravo, X-ray, Whiskey and November, sending you 2
2024-10-14 19:46:14.103517 November: X-ray, sending you 6
2024-10-14 19:46:14.104064 Bravo: Sierra, Victor, Delta and Kilo, sending you 2
2024-10-14 19:46:14.105245 Whiskey: Golf, sending you 5
2024-10-14 19:46:14.105685 Delta: Bravo, sending you 2
2024-10-14 19:46:14.106791 Sierra: Victor, sending you 4
2024-10-14 19:46:14.107496 November: Whiskey, sending you 5
2024-10-14 19:46:14.107968 Kilo: Bravo, Mike and Sierra, sending you 3
2024-10-14 19:46:14.109112 Whiskey: X-ray and November, sending you 6
2024-10-14 19:46:14.109533 Victor: Bravo and Kilo, sending you 2
2024-10-14 19:46:14.110716 Delta: Mike, Sierra, Victor and Kilo, sending you 4
2024-10-14 19:46:14.111679 Kilo: Victor, sending you 2
2024-10-14 19:46:14.113664 Victor: Mike and Sierra, sending you 4
2024-10-14 19:46:14.116687 Kilo: Delta, sending you 4
2024-10-14 19:46:14.117805 Victor: Delta, sending you 3
chatterbot Sierra submitting transactions
chatterbot Golf submitting transactions
chatterbot Delta submitting transactions
chatterbot Whiskey submitting transactions
chatterbot Mike submitting transactions
chatterbot X-ray submitting transactions
chatterbot Kilo submitting transactions
chatterbot Bravo submitting transactions
chatterbot Victor submitting transactions
chatterbot November submitting transactions
ChatterBot Bravo round 9
ChatterBot Mike round 9
ChatterBot Golf round 9
ChatterBot X-ray round 9
ChatterBot Whiskey round 9
ChatterBot November round 9
2024-10-14 19:46:15.044221 Bravo: We should add Golf
2024-10-14 19:46:15.063316 Victor: No
2024-10-14 19:46:15.063543 Delta: No
2024-10-14 19:46:15.063737 Kilo: No
2024-10-14 19:46:15.063913 Mike: No
2024-10-14 19:46:15.064078 Sierra: No
ChatterBot Bravo reevaluating
ChatterBot Bravo reevaluating
ChatterBot Bravo reevaluating
ChatterBot Bravo reevaluating
ChatterBot Bravo reevaluating
ChatterBot Sierra round 9
ChatterBot Victor round 9
ChatterBot Delta round 9
2024-10-14 19:46:15.142876 Golf: We should replace Bravo with Delta
2024-10-14 19:46:15.149796 Whiskey: No
2024-10-14 19:46:15.149940 X-ray: No
2024-10-14 19:46:15.150052 November: No
ChatterBot Golf reevaluating
ChatterBot Golf reevaluating
ChatterBot Golf reevaluating
ChatterBot Kilo round 9
2024-10-14 19:46:15.184485 Golf: We should replace Bravo with Kilo
2024-10-14 19:46:15.190920 Whiskey: No
2024-10-14 19:46:15.191722 X-ray: No
2024-10-14 19:46:15.191843 November: No
ChatterBot Golf reevaluating
ChatterBot Golf reevaluating
ChatterBot Golf reevaluating
2024-10-14 19:46:15.220740 Mike: Bravo, Victor and Delta, sending you 1
2024-10-14 19:46:15.221957 Golf: Kilo we want you to join our group
2024-10-14 19:46:15.226199 Kilo: No
ChatterBot Golf reevaluating
2024-10-14 19:46:15.242037 November: Golf, sending you 4
2024-10-14 19:46:15.244666 November: X-ray, sending you 6
2024-10-14 19:46:15.245674 Victor: Bravo and Kilo, sending you 2
2024-10-14 19:46:15.246867 Delta: Bravo, sending you 2
2024-10-14 19:46:15.247491 Bravo: Mike and Kilo, sending you 3
2024-10-14 19:46:15.248104 Sierra: Bravo, sending you 2
2024-10-14 19:46:15.248690 Whiskey: Golf, sending you 5
2024-10-14 19:46:15.249649 X-ray: Golf, sending you 5
2024-10-14 19:46:15.250107 November: Whiskey, sending you 5
2024-10-14 19:46:15.250646 Victor: Mike and Sierra, sending you 4
2024-10-14 19:46:15.251935 Delta: Mike, Sierra, Victor and Kilo, sending you 4
2024-10-14 19:46:15.252607 Bravo: Sierra, Victor and Delta, sending you 2
2024-10-14 19:46:15.253356 Whiskey: X-ray and November, sending you 6
2024-10-14 19:46:15.253757 X-ray: Whiskey and November, sending you 6
2024-10-14 19:46:15.254854 Sierra: Mike, Delta and Kilo, sending you 3
2024-10-14 19:46:15.255754 Kilo: Sending you each 3
2024-10-14 19:46:15.256820 Victor: Delta, sending you 3
2024-10-14 19:46:15.260796 Sierra: Victor, sending you 4
2024-10-14 19:46:15.266978 Golf: X-ray, Whiskey and November, sending you 2
chatterbot Mike submitting transactions
chatterbot Whiskey submitting transactions
chatterbot Golf submitting transactions
chatterbot Victor submitting transactions
chatterbot Kilo submitting transactions
chatterbot November submitting transactions
chatterbot X-ray submitting transactions
chatterbot Bravo submitting transactions
chatterbot Sierra submitting transactions
chatterbot Delta submitting transactions
ChatterBot Bravo round 10
ChatterBot Mike round 10
ChatterBot Golf round 10
ChatterBot X-ray round 10
ChatterBot Whiskey round 10
ChatterBot November round 10
ChatterBot Sierra round 10
ChatterBot Victor round 10
ChatterBot Delta round 10
2024-10-14 19:46:16.392758 Bravo: We should add X-ray
2024-10-14 19:46:16.414751 Victor: Yes
2024-10-14 19:46:16.414973 Delta: Yes
2024-10-14 19:46:16.415170 Kilo: Yes
2024-10-14 19:46:16.415351 Mike: Yes
2024-10-14 19:46:16.415530 Sierra: Yes
ChatterBot Bravo reevaluating
ChatterBot Bravo reevaluating
ChatterBot Mike reevaluating
ChatterBot Bravo reevaluating
ChatterBot Mike reevaluating
ChatterBot Bravo reevaluating
ChatterBot Bravo reevaluating
ChatterBot Mike reevaluating
ChatterBot Kilo round 10
2024-10-14 19:46:16.499335 Golf: We should replace Bravo with Kilo
2024-10-14 19:46:16.506632 Whiskey: No
2024-10-14 19:46:16.506785 X-ray: No
2024-10-14 19:46:16.506906 November: No
ChatterBot Golf reevaluating
ChatterBot Golf reevaluating
ChatterBot Golf reevaluating
2024-10-14 19:46:16.548245 Mike: X-ray we want you to join our group
2024-10-14 19:46:16.551375 X-ray: No
ChatterBot Mike reevaluating
ChatterBot Bravo reevaluating
2024-10-14 19:46:16.569741 Golf: We should replace Bravo with Delta
ChatterBot November reevaluating
2024-10-14 19:46:16.578055 Whiskey: No
2024-10-14 19:46:16.578202 X-ray: No
2024-10-14 19:46:16.578348 November: No
ChatterBot Golf reevaluating
ChatterBot November reevaluating
ChatterBot Golf reevaluating
ChatterBot November reevaluating
ChatterBot Golf reevaluating
2024-10-14 19:46:16.603146 Bravo: X-ray we want you to join our group
2024-10-14 19:46:16.606382 X-ray: No
ChatterBot Mike reevaluating
ChatterBot Bravo reevaluating
2024-10-14 19:46:16.624600 Whiskey: I was attacked by Mike
ChatterBot Golf reevaluating
ChatterBot X-ray reevaluating
ChatterBot November reevaluating
2024-10-14 19:46:16.634634 Whiskey: I'm keeping this round to protect myself
2024-10-14 19:46:16.635459 Whiskey: Ow
2024-10-14 19:46:16.641391 November: We should drop Golf
ChatterBot X-ray reevaluating
2024-10-14 19:46:16.650885 X-ray: No
2024-10-14 19:46:16.651122 Whiskey: No
ChatterBot November reevaluating
ChatterBot November reevaluating
ChatterBot X-ray reevaluating
2024-10-14 19:46:16.673271 Victor: Bravo and Kilo, sending you 2
2024-10-14 19:46:16.675259 Sierra: Bravo, sending you 2
2024-10-14 19:46:16.675960 Delta: Bravo, sending you 2
2024-10-14 19:46:16.677577 Kilo: Bravo, Mike and Sierra, sending you 3
2024-10-14 19:46:16.678349 Golf: Delta we want you to join our group
2024-10-14 19:46:16.682565 Delta: No
ChatterBot Golf reevaluating
ChatterBot X-ray reevaluating
ChatterBot November reevaluating
2024-10-14 19:46:16.702132 Victor: Mike and Delta, sending you 3
2024-10-14 19:46:16.703358 Sierra: Mike, Delta and Kilo, sending you 3
2024-10-14 19:46:16.703957 Delta: Mike, Sierra, Victor and Kilo, sending you 4
2024-10-14 19:46:16.704861 Kilo: Victor, sending you 2
2024-10-14 19:46:16.705512 Bravo: Mike, Sierra, Victor and Delta, sending you 2
2024-10-14 19:46:16.706678 Sierra: Victor, sending you 4
2024-10-14 19:46:16.708418 Victor: Sierra, sending you 5
2024-10-14 19:46:16.709377 Kilo: Delta, sending you 4
2024-10-14 19:46:16.710927 Bravo: X-ray, sending you 1
2024-10-14 19:46:16.715668 Bravo: Kilo, sending you 3
2024-10-14 19:46:16.717669 November: Golf, sending you 4
2024-10-14 19:46:16.722747 November: X-ray, sending you 6
2024-10-14 19:46:16.723685 Mike: Bravo, Sierra, Victor, Delta and Kilo, sending you 3
2024-10-14 19:46:16.726694 Golf: X-ray, November and Delta, sending you 2
2024-10-14 19:46:16.727675 November: Whiskey, sending you 5
2024-10-14 19:46:16.729013 Mike: X-ray, sending you 1
2024-10-14 19:46:16.730689 Golf: Whiskey, sending you 1
chatterbot Sierra submitting transactions
chatterbot Delta submitting transactions
chatterbot Bravo submitting transactions
chatterbot Golf submitting transactions
chatterbot November submitting transactions
chatterbot Victor submitting transactions
chatterbot Mike submitting transactions
chatterbot Whiskey submitting transactions
chatterbot X-ray submitting transactions
chatterbot Kilo submitting transactions
ChatterBot Bravo round 11
ChatterBot Mike round 11
ChatterBot Golf round 11
ChatterBot X-ray round 11
ChatterBot Whiskey round 11
ChatterBot November round 11
ChatterBot Sierra round 11
ChatterBot Victor round 11
ChatterBot Delta round 11
ChatterBot Kilo round 11
2024-10-14 19:46:17.869037 November: We should drop Golf
ChatterBot X-ray reevaluating
2024-10-14 19:46:17.877187 X-ray: No
2024-10-14 19:46:17.877333 Whiskey: No
ChatterBot November reevaluating
ChatterBot November reevaluating
ChatterBot X-ray reevaluating
2024-10-14 19:46:17.897697 Golf: X-ray, November and Delta, sending you 2
2024-10-14 19:46:17.901675 Golf: Whiskey, sending you 1
2024-10-14 19:46:17.907722 Victor: Bravo and Kilo, sending you 2
2024-10-14 19:46:17.909487 Sierra: Bravo, sending you 2
2024-10-14 19:46:17.910708 Bravo: Mike, sending you 3
2024-10-14 19:46:17.912681 Mike: Bravo, Sierra, Victor, Delta and Kilo, sending you 3
2024-10-14 19:46:17.913221 Sierra: Mike, Delta and Kilo, sending you 3
2024-10-14 19:46:17.913997 Victor: Mike and Sierra, sending you 4
2024-10-14 19:46:17.915140 Bravo: X-ray, sending you 1
2024-10-14 19:46:17.915583 Kilo: Sending you each 3
2024-10-14 19:46:17.917701 Mike: X-ray, sending you 1
2024-10-14 19:46:17.918683 Sierra: Victor, sending you 4
2024-10-14 19:46:17.920118 Victor: Delta, sending you 3
2024-10-14 19:46:17.921246 Bravo: Sierra, Victor, Delta and Kilo, sending you 2
2024-10-14 19:46:17.922266 November: Sending you each 2
2024-10-14 19:46:17.922884 Delta: Bravo, sending you 2
2024-10-14 19:46:17.926720 Delta: Mike, Sierra, Victor and Kilo, sending you 4
chatterbot Whiskey submitting transactions
chatterbot Golf submitting transactions
chatterbot Mike submitting transactions
chatterbot November submitting transactions
chatterbot Bravo submitting transactions
chatterbot Delta submitting transactions
chatterbot Victor submitting transactions
chatterbot Sierra submitting transactions
chatterbot Kilo submitting transactions
chatterbot X-ray submitting transactions
ChatterBot Bravo round 12
ChatterBot Mike round 12
ChatterBot Golf round 12
ChatterBot X-ray round 12
ChatterBot Whiskey round 12
ChatterBot November round 12
ChatterBot Sierra round 12
ChatterBot Victor round 12
ChatterBot Delta round 12
ChatterBot Kilo round 12
2024-10-14 19:46:19.117677 Mike: Bravo, Sierra, Victor, Delta and Kilo, sending you 3
2024-10-14 19:46:19.121676 Mike: X-ray, sending you 1
2024-10-14 19:46:19.123765 Mike: I was attacked by November
ChatterBot Bravo reevaluating
ChatterBot Sierra reevaluating
ChatterBot Victor reevaluating
ChatterBot Delta reevaluating
ChatterBot Kilo reevaluating
ChatterBot X-ray reevaluating
2024-10-14 19:46:19.146829 Mike: Ow
2024-10-14 19:46:19.151707 Golf: X-ray, November and Delta, sending you 2
2024-10-14 19:46:19.152892 November: X-ray and Whiskey, sending you 1
2024-10-14 19:46:19.153564 Whiskey: Golf, sending you 3
2024-10-14 19:46:19.156663 Golf: Whiskey, sending you 1
2024-10-14 19:46:19.158705 Whiskey: X-ray, sending you 5
2024-10-14 19:46:19.163652 Whiskey: November, sending you 4
2024-10-14 19:46:19.167134 Kilo: Same as last round
2024-10-14 19:46:19.168383 Bravo: Mike, sending you 3
2024-10-14 19:46:19.171694 Bravo: X-ray, sending you 1
2024-10-14 19:46:19.177085 Bravo: Sierra, Victor, Delta and Kilo, sending you 2
2024-10-14 19:46:19.178684 Victor: Bravo and Kilo, sending you 2
2024-10-14 19:46:19.181166 Delta: Bravo, sending you 2
2024-10-14 19:46:19.182376 Sierra: Bravo, Mike, Delta and Kilo, sending you 1
2024-10-14 19:46:19.184701 Victor: Mike and Sierra, sending you 4
2024-10-14 19:46:19.186154 Delta: Mike, Sierra, Victor and Kilo, sending you 4
2024-10-14 19:46:19.187254 Sierra: Victor, sending you 3
2024-10-14 19:46:19.190696 Victor: Delta, sending you 3
chatterbot November submitting transactions
chatterbot Whiskey submitting transactions
chatterbot Bravo submitting transactions
chatterbot Golf submitting transactions
chatterbot Victor submitting transactions
chatterbot Kilo submitting transactions
chatterbot Mike submitting transactions
chatterbot Sierra submitting transactions
chatterbot Delta submitting transactions
chatterbot X-ray submitting transactions
ChatterBot Bravo round 13
ChatterBot Mike round 13
ChatterBot Golf round 13
ChatterBot X-ray round 13
ChatterBot Whiskey round 13
ChatterBot November round 13
ChatterBot Sierra round 13
ChatterBot Victor round 13
2024-10-14 19:46:20.373923 Golf: We should replace Delta with Bravo
ChatterBot X-ray reevaluating
ChatterBot November reevaluating
2024-10-14 19:46:20.388287 Whiskey: No
2024-10-14 19:46:20.388511 X-ray: Yes
2024-10-14 19:46:20.388691 November: No
ChatterBot X-ray reevaluating
ChatterBot November reevaluating
ChatterBot Golf reevaluating
ChatterBot November reevaluating
ChatterBot Whiskey reevaluating
ChatterBot Golf reevaluating
ChatterBot X-ray reevaluating
ChatterBot Delta round 13
ChatterBot Kilo round 13
2024-10-14 19:46:20.465406 X-ray: Bravo we want you to join our group
2024-10-14 19:46:20.470059 Bravo: No
ChatterBot Golf reevaluating
2024-10-14 19:46:20.486309 November: I was attacked by Sierra
ChatterBot Whiskey reevaluating
ChatterBot Golf reevaluating
ChatterBot X-ray reevaluating
2024-10-14 19:46:20.500084 November: I'm keeping this round to protect myself
2024-10-14 19:46:20.501900 November: Ow
2024-10-14 19:46:20.511098 Sierra: Bravo, sending you 2
2024-10-14 19:46:20.513219 Bravo: Mike, sending you 3
2024-10-14 19:46:20.514654 Mike: Bravo, Victor and Delta, sending you 1
2024-10-14 19:46:20.515894 Mike: I was attacked by November
ChatterBot Bravo reevaluating
ChatterBot Sierra reevaluating
ChatterBot Victor reevaluating
ChatterBot Delta reevaluating
ChatterBot Kilo reevaluating
ChatterBot X-ray reevaluating
2024-10-14 19:46:20.553854 Mike: Ow
2024-10-14 19:46:20.556502 Victor: We should add X-ray
ChatterBot Bravo reevaluating
ChatterBot Delta reevaluating
ChatterBot Kilo reevaluating
ChatterBot Sierra reevaluating
2024-10-14 19:46:20.588901 Bravo: Yes
2024-10-14 19:46:20.589186 Delta: Yes
2024-10-14 19:46:20.589396 Kilo: Yes
2024-10-14 19:46:20.589625 Mike: Yes
2024-10-14 19:46:20.589837 Sierra: Yes
ChatterBot Victor reevaluating
ChatterBot Delta reevaluating
ChatterBot Kilo reevaluating
ChatterBot Sierra reevaluating
ChatterBot Bravo reevaluating
ChatterBot Victor reevaluating
ChatterBot Kilo reevaluating
ChatterBot Sierra reevaluating
ChatterBot Bravo reevaluating
ChatterBot Victor reevaluating
ChatterBot Delta reevaluating
ChatterBot Sierra reevaluating
ChatterBot Bravo reevaluating
ChatterBot Victor reevaluating
ChatterBot Delta reevaluating
ChatterBot Kilo reevaluating
ChatterBot Sierra reevaluating
ChatterBot Bravo reevaluating
ChatterBot Victor reevaluating
ChatterBot Delta reevaluating
ChatterBot Kilo reevaluating
2024-10-14 19:46:20.866295 Kilo: X-ray we want you to join our group
ChatterBot X-ray reevaluating
2024-10-14 19:46:20.874256 X-ray: No
ChatterBot Bravo reevaluating
ChatterBot Victor reevaluating
2024-10-14 19:46:20.916300 Delta: X-ray we want you to join our group
ChatterBot X-ray reevaluating
2024-10-14 19:46:20.926326 X-ray: No
ChatterBot Bravo reevaluating
ChatterBot Victor reevaluating
chatterbot November submitting transactions
chatterbot Mike submitting transactions
2024-10-14 19:46:20.982376 Whiskey: Golf and November, sending you 4
2024-10-14 19:46:20.984091 Golf: X-ray and November, sending you 2
2024-10-14 19:46:20.991451 Whiskey: X-ray, sending you 5
2024-10-14 19:46:20.992889 Golf: Whiskey and Delta, sending you 1
2024-10-14 19:46:20.994636 Kilo: Bravo and Victor, sending you 2
2024-10-14 19:46:20.996955 Delta: Bravo, Sierra, Victor and Kilo, sending you 3
2024-10-14 19:46:21.003485 Kilo: Mike and Sierra, sending you 3
2024-10-14 19:46:21.006409 Delta: Mike, sending you 4
2024-10-14 19:46:21.013488 Kilo: X-ray, sending you 1
2024-10-14 19:46:21.024415 Delta: X-ray, sending you 2
2024-10-14 19:46:21.027738 Kilo: Delta, sending you 4
chatterbot Golf submitting transactions
chatterbot Whiskey submitting transactions
chatterbot Sierra submitting transactions
chatterbot Delta submitting transactions
chatterbot Bravo submitting transactions
chatterbot X-ray submitting transactions
chatterbot Kilo submitting transactions
chatterbot X-ray submitting transactions
chatterbot Victor submitting transactions
ChatterBot Bravo round 14
ChatterBot Mike round 14
ChatterBot Golf round 14
ChatterBot X-ray round 14
ChatterBot Whiskey round 14
ChatterBot November round 14
ChatterBot Sierra round 14
ChatterBot Victor round 14
ChatterBot Delta round 14
ChatterBot Kilo round 14
2024-10-14 19:46:22.293241 Whiskey: We should add Bravo
ChatterBot Golf reevaluating
ChatterBot X-ray reevaluating
ChatterBot November reevaluating
2024-10-14 19:46:22.314116 Golf: Yes
2024-10-14 19:46:22.315071 X-ray: Yes
2024-10-14 19:46:22.315429 November: No
ChatterBot Whiskey reevaluating
ChatterBot X-ray reevaluating
ChatterBot November reevaluating
ChatterBot Whiskey reevaluating
ChatterBot Golf reevaluating
ChatterBot November reevaluating
ChatterBot Whiskey reevaluating
ChatterBot Golf reevaluating
