ChatterBot Juliett round 1
ChatterBot Papa round 1
ChatterBot Tango round 1
ChatterBot Uniform round 1
ChatterBot Foxtrot round 1
ChatterBot Lima round 1
ChatterBot Kilo round 1
ChatterBot Sierra round 1
ChatterBot Mike round 1
ChatterBot Oscar round 1
randomSelections Uniform: {Uniform, Mike, Oscar, Kilo, Tango, Lima, Juliett} 
2024-10-15 04:55:11.901384 Uniform: Let's form a team
ChatterBot Mike reevaluating
ChatterBot Oscar reevaluating
ChatterBot Kilo reevaluating
ChatterBot Tango reevaluating
ChatterBot Lima reevaluating
ChatterBot Juliett reevaluating
2024-10-15 04:55:11.916307 Mike: Yes
2024-10-15 04:55:11.916429 Oscar: Yes
2024-10-15 04:55:11.916566 Kilo: Yes
2024-10-15 04:55:11.916707 Tango: Yes
2024-10-15 04:55:11.916910 Lima: Yes
2024-10-15 04:55:11.917011 Juliett: Yes
ChatterBot Oscar reevaluating
ChatterBot Kilo reevaluating
ChatterBot Tango reevaluating
ChatterBot Lima reevaluating
ChatterBot Juliett reevaluating
ChatterBot Mike reevaluating
ChatterBot Kilo reevaluating
ChatterBot Tango reevaluating
ChatterBot Lima reevaluating
ChatterBot Juliett reevaluating
ChatterBot Mike reevaluating
ChatterBot Oscar reevaluating
ChatterBot Tango reevaluating
ChatterBot Lima reevaluating
ChatterBot Juliett reevaluating
ChatterBot Mike reevaluating
ChatterBot Oscar reevaluating
ChatterBot Kilo reevaluating
ChatterBot Lima reevaluating
ChatterBot Juliett reevaluating
ChatterBot Mike reevaluating
ChatterBot Oscar reevaluating
ChatterBot Kilo reevaluating
ChatterBot Tango reevaluating
ChatterBot Juliett reevaluating
ChatterBot Mike reevaluating
ChatterBot Oscar reevaluating
ChatterBot Kilo reevaluating
ChatterBot Tango reevaluating
ChatterBot Lima reevaluating
randomSelections Papa: {Papa, Lima, Uniform, Kilo, Mike, Tango, Juliett} 
2024-10-15 04:55:11.988415 Papa: Can we be friends?
ChatterBot Lima reevaluating
ChatterBot Kilo reevaluating
ChatterBot Mike reevaluating
ChatterBot Tango reevaluating
ChatterBot Juliett reevaluating
2024-10-15 04:55:11.997305 Lima: No
2024-10-15 04:55:11.997488 Uniform: No
2024-10-15 04:55:11.997813 Kilo: No
2024-10-15 04:55:11.998490 Mike: No
2024-10-15 04:55:11.998751 Tango: No
2024-10-15 04:55:11.998895 Juliett: No
ChatterBot Kilo reevaluating
ChatterBot Mike reevaluating
ChatterBot Tango reevaluating
ChatterBot Juliett reevaluating
ChatterBot Lima reevaluating
ChatterBot Kilo reevaluating
ChatterBot Mike reevaluating
ChatterBot Tango reevaluating
ChatterBot Juliett reevaluating
ChatterBot Lima reevaluating
ChatterBot Mike reevaluating
ChatterBot Tango reevaluating
ChatterBot Juliett reevaluating
ChatterBot Lima reevaluating
ChatterBot Kilo reevaluating
ChatterBot Tango reevaluating
ChatterBot Juliett reevaluating
ChatterBot Lima reevaluating
ChatterBot Kilo reevaluating
ChatterBot Mike reevaluating
ChatterBot Juliett reevaluating
ChatterBot Lima reevaluating
ChatterBot Kilo reevaluating
ChatterBot Mike reevaluating
ChatterBot Tango reevaluating
randomSelections Foxtrot: {Foxtrot, Mike, Tango, Uniform, Lima, Oscar, Sierra} 
2024-10-15 04:55:12.053555 Foxtrot: Group up?
ChatterBot Mike reevaluating
ChatterBot Tango reevaluating
ChatterBot Lima reevaluating
ChatterBot Oscar reevaluating
ChatterBot Sierra reevaluating
2024-10-15 04:55:12.061068 Mike: No
2024-10-15 04:55:12.061270 Tango: No
2024-10-15 04:55:12.061431 Uniform: No
2024-10-15 04:55:12.062250 Lima: No
2024-10-15 04:55:12.062442 Oscar: No
2024-10-15 04:55:12.062667 Sierra: Yes
ChatterBot Tango reevaluating
ChatterBot Lima reevaluating
ChatterBot Oscar reevaluating
ChatterBot Sierra reevaluating
ChatterBot Mike reevaluating
ChatterBot Lima reevaluating
ChatterBot Oscar reevaluating
ChatterBot Sierra reevaluating
ChatterBot Mike reevaluating
ChatterBot Tango reevaluating
ChatterBot Lima reevaluating
ChatterBot Oscar reevaluating
ChatterBot Sierra reevaluating
ChatterBot Mike reevaluating
ChatterBot Tango reevaluating
ChatterBot Oscar reevaluating
ChatterBot Sierra reevaluating
ChatterBot Mike reevaluating
ChatterBot Tango reevaluating
ChatterBot Lima reevaluating
ChatterBot Sierra reevaluating
ChatterBot Mike reevaluating
ChatterBot Tango reevaluating
ChatterBot Lima reevaluating
ChatterBot Oscar reevaluating
2024-10-15 04:55:12.117677 Foxtrot: Tango, sending you 5
2024-10-15 04:55:12.120081 Uniform: Juliett, Tango and Lima, sending you 2
2024-10-15 04:55:12.120509 Lima: Juliett, sending you 4
2024-10-15 04:55:12.123676 Foxtrot: Uniform and Mike, sending you 2
2024-10-15 04:55:12.124160 Lima: Tango, sending you 5
2024-10-15 04:55:12.124692 Uniform: Kilo and Mike, sending you 3
2024-10-15 04:55:12.125509 Sierra: Tango and Oscar, sending you 3
2024-10-15 04:55:12.126432 Juliett: Tango, Lima and Mike, sending you 4
2024-10-15 04:55:12.128274 Kilo: Juliett and Lima, sending you 2
2024-10-15 04:55:12.128739 Papa: Juliett, sending you 5
2024-10-15 04:55:12.129109 Uniform: Oscar, sending you 5
2024-10-15 04:55:12.129493 Foxtrot: Lima, Sierra and Oscar, sending you 3
2024-10-15 04:55:12.129870 Lima: Uniform, sending you 1
2024-10-15 04:55:12.130595 Tango: Juliett, sending you 4
2024-10-15 04:55:12.131282 Sierra: Uniform, sending you 4
2024-10-15 04:55:12.132626 Juliett: Uniform, sending you 1
2024-10-15 04:55:12.132983 Kilo: Tango, sending you 4
2024-10-15 04:55:12.133283 Mike: Juliett and Kilo, sending you 1
2024-10-15 04:55:12.133607 Lima: Kilo, sending you 2
2024-10-15 04:55:12.133947 Papa: Tango, Uniform, Lima and Mike, sending you 2
2024-10-15 04:55:12.134237 Tango: Uniform and Kilo, sending you 3
2024-10-15 04:55:12.134671 Sierra: Foxtrot, sending you 5
2024-10-15 04:55:12.136187 Oscar: Juliett, Tango and Kilo, sending you 2
2024-10-15 04:55:12.136599 Kilo: Uniform, sending you 6
2024-10-15 04:55:12.137715 Juliett: Kilo, sending you 3
2024-10-15 04:55:12.138083 Mike: Tango, sending you 3
2024-10-15 04:55:12.138373 Lima: Mike, sending you 6
2024-10-15 04:55:12.138651 Tango: Lima, sending you 6
2024-10-15 04:55:12.138907 Sierra: Lima and Mike, sending you 2
2024-10-15 04:55:12.139970 Papa: Kilo, sending you 3
2024-10-15 04:55:12.140276 Oscar: Uniform, sending you 3
2024-10-15 04:55:12.140653 Mike: Uniform, sending you 6
2024-10-15 04:55:12.141677 Kilo: Mike and Oscar, sending you 3
2024-10-15 04:55:12.142662 Juliett: Oscar, sending you 2
2024-10-15 04:55:12.143006 Tango: Mike, sending you 2
2024-10-15 04:55:12.144653 Oscar: Lima, sending you 6
2024-10-15 04:55:12.145692 Mike: Oscar, sending you 7
2024-10-15 04:55:12.149671 Oscar: Mike, sending you 4
chatterbot Sierra submitting transactions
chatterbot Foxtrot submitting transactions
chatterbot Juliett submitting transactions
chatterbot Lima submitting transactions
chatterbot Papa submitting transactions
chatterbot Mike submitting transactions
chatterbot Oscar submitting transactions
chatterbot Uniform submitting transactions
chatterbot Kilo submitting transactions
chatterbot Tango submitting transactions
ChatterBot Juliett round 2
ChatterBot Papa round 2
ChatterBot Tango round 2
ChatterBot Uniform round 2
ChatterBot Foxtrot round 2
ChatterBot Lima round 2
ChatterBot Kilo round 2
ChatterBot Sierra round 2
2024-10-15 04:55:14.024892 Juliett: We should add Papa
ChatterBot Uniform reevaluating
ChatterBot Mike reevaluating
ChatterBot Oscar reevaluating
ChatterBot Kilo reevaluating
ChatterBot Tango reevaluating
ChatterBot Lima reevaluating
2024-10-15 04:55:14.070305 Uniform: Yes
2024-10-15 04:55:14.070494 Mike: Yes
2024-10-15 04:55:14.071515 Oscar: No
2024-10-15 04:55:14.071841 Kilo: No
2024-10-15 04:55:14.072163 Tango: No
2024-10-15 04:55:14.072289 Lima: Yes
ChatterBot Mike reevaluating
ChatterBot Oscar reevaluating
ChatterBot Kilo reevaluating
ChatterBot Tango reevaluating
ChatterBot Lima reevaluating
ChatterBot Uniform reevaluating
ChatterBot Oscar reevaluating
ChatterBot Kilo reevaluating
ChatterBot Tango reevaluating
ChatterBot Lima reevaluating
ChatterBot Uniform reevaluating
ChatterBot Mike reevaluating
ChatterBot Kilo reevaluating
ChatterBot Tango reevaluating
ChatterBot Lima reevaluating
ChatterBot Uniform reevaluating
ChatterBot Mike reevaluating
ChatterBot Oscar reevaluating
ChatterBot Tango reevaluating
ChatterBot Lima reevaluating
ChatterBot Uniform reevaluating
ChatterBot Mike reevaluating
ChatterBot Oscar reevaluating
ChatterBot Kilo reevaluating
ChatterBot Lima reevaluating
ChatterBot Uniform reevaluating
ChatterBot Mike reevaluating
ChatterBot Oscar reevaluating
ChatterBot Kilo reevaluating
ChatterBot Tango reevaluating
ChatterBot Mike round 2
ChatterBot Oscar round 2
2024-10-15 04:55:14.349954 Foxtrot: We should group up
ChatterBot Sierra reevaluating
2024-10-15 04:55:14.355542 Sierra: Yes
ChatterBot Foxtrot reevaluating
2024-10-15 04:55:14.360312 Sierra: Let's form a team
ChatterBot Uniform reevaluating
ChatterBot Papa reevaluating
ChatterBot Tango reevaluating
ChatterBot Lima reevaluating
ChatterBot Kilo reevaluating
ChatterBot Mike reevaluating
ChatterBot Oscar reevaluating
ChatterBot Foxtrot reevaluating
2024-10-15 04:55:14.408100 Uniform: Yes
2024-10-15 04:55:14.408890 Juliett: No
2024-10-15 04:55:14.409002 Papa: No
2024-10-15 04:55:14.409144 Tango: No
2024-10-15 04:55:14.409257 Lima: Yes
2024-10-15 04:55:14.409370 Kilo: No
2024-10-15 04:55:14.409479 Mike: No
2024-10-15 04:55:14.409583 Oscar: No
2024-10-15 04:55:14.409721 Foxtrot: No
ChatterBot Papa reevaluating
ChatterBot Tango reevaluating
ChatterBot Lima reevaluating
ChatterBot Kilo reevaluating
ChatterBot Mike reevaluating
ChatterBot Oscar reevaluating
ChatterBot Foxtrot reevaluating
ChatterBot Sierra reevaluating
ChatterBot Uniform reevaluating
ChatterBot Papa reevaluating
ChatterBot Tango reevaluating
ChatterBot Lima reevaluating
ChatterBot Kilo reevaluating
ChatterBot Mike reevaluating
ChatterBot Oscar reevaluating
ChatterBot Foxtrot reevaluating
ChatterBot Sierra reevaluating
ChatterBot Uniform reevaluating
ChatterBot Tango reevaluating
ChatterBot Lima reevaluating
ChatterBot Kilo reevaluating
ChatterBot Mike reevaluating
ChatterBot Oscar reevaluating
ChatterBot Foxtrot reevaluating
ChatterBot Sierra reevaluating
ChatterBot Uniform reevaluating
ChatterBot Papa reevaluating
ChatterBot Lima reevaluating
ChatterBot Kilo reevaluating
ChatterBot Mike reevaluating
ChatterBot Oscar reevaluating
ChatterBot Foxtrot reevaluating
ChatterBot Sierra reevaluating
ChatterBot Uniform reevaluating
ChatterBot Juliett reevaluating
ChatterBot Papa reevaluating
ChatterBot Tango reevaluating
ChatterBot Kilo reevaluating
ChatterBot Mike reevaluating
ChatterBot Oscar reevaluating
ChatterBot Foxtrot reevaluating
ChatterBot Sierra reevaluating
ChatterBot Uniform reevaluating
ChatterBot Juliett reevaluating
ChatterBot Papa reevaluating
ChatterBot Tango reevaluating
ChatterBot Lima reevaluating
ChatterBot Mike reevaluating
ChatterBot Oscar reevaluating
ChatterBot Foxtrot reevaluating
ChatterBot Sierra reevaluating
ChatterBot Uniform reevaluating
ChatterBot Juliett reevaluating
ChatterBot Papa reevaluating
ChatterBot Tango reevaluating
ChatterBot Lima reevaluating
ChatterBot Kilo reevaluating
ChatterBot Oscar reevaluating
ChatterBot Foxtrot reevaluating
ChatterBot Sierra reevaluating
ChatterBot Uniform reevaluating
ChatterBot Juliett reevaluating
ChatterBot Papa reevaluating
ChatterBot Tango reevaluating
ChatterBot Lima reevaluating
ChatterBot Kilo reevaluating
ChatterBot Mike reevaluating
ChatterBot Foxtrot reevaluating
ChatterBot Sierra reevaluating
ChatterBot Uniform reevaluating
ChatterBot Juliett reevaluating
ChatterBot Papa reevaluating
ChatterBot Tango reevaluating
ChatterBot Lima reevaluating
ChatterBot Kilo reevaluating
ChatterBot Mike reevaluating
ChatterBot Oscar reevaluating
ChatterBot Sierra reevaluating
2024-10-15 04:55:14.893826 Papa: We should add Oscar
ChatterBot Lima reevaluating
ChatterBot Uniform reevaluating
ChatterBot Kilo reevaluating
ChatterBot Mike reevaluating
ChatterBot Tango reevaluating
ChatterBot Juliett reevaluating
2024-10-15 04:55:14.926698 Lima: Yes
2024-10-15 04:55:14.926879 Uniform: Yes
2024-10-15 04:55:14.926985 Kilo: Yes
2024-10-15 04:55:14.927505 Mike: Yes
2024-10-15 04:55:14.927604 Tango: Yes
2024-10-15 04:55:14.927718 Juliett: Yes
ChatterBot Papa reevaluating
ChatterBot Uniform reevaluating
ChatterBot Kilo reevaluating
ChatterBot Mike reevaluating
ChatterBot Tango reevaluating
ChatterBot Juliett reevaluating
ChatterBot Papa reevaluating
ChatterBot Lima reevaluating
ChatterBot Kilo reevaluating
ChatterBot Mike reevaluating
ChatterBot Tango reevaluating
ChatterBot Juliett reevaluating
ChatterBot Papa reevaluating
ChatterBot Lima reevaluating
ChatterBot Uniform reevaluating
ChatterBot Mike reevaluating
ChatterBot Tango reevaluating
ChatterBot Juliett reevaluating
ChatterBot Papa reevaluating
ChatterBot Lima reevaluating
ChatterBot Uniform reevaluating
ChatterBot Kilo reevaluating
ChatterBot Tango reevaluating
ChatterBot Juliett reevaluating
ChatterBot Papa reevaluating
ChatterBot Lima reevaluating
ChatterBot Uniform reevaluating
ChatterBot Kilo reevaluating
ChatterBot Mike reevaluating
ChatterBot Juliett reevaluating
ChatterBot Papa reevaluating
ChatterBot Lima reevaluating
ChatterBot Uniform reevaluating
ChatterBot Kilo reevaluating
ChatterBot Mike reevaluating
ChatterBot Tango reevaluating
2024-10-15 04:55:15.166354 Mike: We should add Papa
ChatterBot Uniform reevaluating
ChatterBot Kilo reevaluating
ChatterBot Juliett reevaluating
2024-10-15 04:55:15.339717 Uniform: Yes
2024-10-15 04:55:15.340034 Oscar: No
2024-10-15 04:55:15.341134 Kilo: No
2024-10-15 04:55:15.341299 Tango: No
2024-10-15 04:55:15.341484 Lima: Yes
2024-10-15 04:55:15.341686 Juliett: Yes
ChatterBot Mike reevaluating
ChatterBot Kilo reevaluating
ChatterBot Juliett reevaluating
ChatterBot Uniform reevaluating
ChatterBot Mike reevaluating
ChatterBot Kilo reevaluating
ChatterBot Juliett reevaluating
ChatterBot Uniform reevaluating
ChatterBot Mike reevaluating
ChatterBot Juliett reevaluating
ChatterBot Uniform reevaluating
ChatterBot Mike reevaluating
ChatterBot Kilo reevaluating
ChatterBot Juliett reevaluating
ChatterBot Uniform reevaluating
ChatterBot Mike reevaluating
ChatterBot Kilo reevaluating
ChatterBot Juliett reevaluating
ChatterBot Uniform reevaluating
ChatterBot Mike reevaluating
ChatterBot Kilo reevaluating
2024-10-15 04:55:15.596937 Papa: Oscar we want you to join our group
2024-10-15 04:55:15.602836 Oscar: No
2024-10-15 04:55:15.638711 Mike: Papa we want you to join our group
2024-10-15 04:55:15.644777 Papa: Yes
ChatterBot Kilo reevaluating
ChatterBot Mike reevaluating
2024-10-15 04:55:15.681537 Foxtrot: Sierra, sending you 6
2024-10-15 04:55:15.683578 Sierra: Juliett, Papa, Tango, Uniform, Lima, Kilo, Mike and Oscar, sending you 1
2024-10-15 04:55:15.684332 Juliett: Papa, sending you 3
2024-10-15 04:55:15.685742 Oscar: Juliett and Kilo, sending you 3
2024-10-15 04:55:15.686372 Tango: Juliett, Kilo and Mike, sending you 3
2024-10-15 04:55:15.687624 Lima: Juliett, Papa, Uniform, Foxtrot, Kilo and Sierra, sending you 2
2024-10-15 04:55:15.688389 Uniform: Juliett, sending you 1
2024-10-15 04:55:15.689703 Kilo: Papa we want you to join our group
2024-10-15 04:55:15.694785 Papa: Yes
ChatterBot Juliett reevaluating
ChatterBot Kilo reevaluating
ChatterBot Mike reevaluating
2024-10-15 04:55:15.734335 Sierra: Foxtrot, sending you 11
2024-10-15 04:55:15.736532 Oscar: Tango, sending you 2
2024-10-15 04:55:15.738466 Lima: Tango and Oscar, sending you 3
2024-10-15 04:55:15.739931 Tango: Uniform and Oscar, sending you 2
2024-10-15 04:55:15.741433 Uniform: Papa, Tango, Foxtrot, Sierra and Oscar, sending you 2
2024-10-15 04:55:15.742107 Juliett: Papa we want you to join our group
2024-10-15 04:55:15.752108 Papa: Yes
ChatterBot Juliett reevaluating
ChatterBot Kilo reevaluating
ChatterBot Mike reevaluating
2024-10-15 04:55:15.790986 Oscar: Uniform, sending you 4
2024-10-15 04:55:15.792053 Papa: Juliett, Tango and Lima, sending you 3
2024-10-15 04:55:15.792439 Tango: Lima, sending you 5
2024-10-15 04:55:15.792953 Uniform: Kilo and Mike, sending you 3
2024-10-15 04:55:15.915450 Papa: Uniform, Kilo, Mike and Oscar, sending you 2
2024-10-15 04:55:15.916146 Oscar: Lima, sending you 1
2024-10-15 04:55:15.976244 Oscar: Mike, sending you 6
2024-10-15 04:55:16.006540 Mike: Juliett, Papa, Tango, Uniform, Foxtrot, Kilo and Oscar, sending you 2
2024-10-15 04:55:16.020086 Kilo: Juliett, Papa, Tango, Uniform, Lima and Oscar, sending you 3
2024-10-15 04:55:16.021602 Mike: Lima, sending you 3
2024-10-15 04:55:16.042356 Kilo: Mike, sending you 2
2024-10-15 04:55:16.043185 Mike: Sierra, sending you 1
chatterbot Juliett submitting transactions
chatterbot Tango submitting transactions
chatterbot Foxtrot submitting transactions
chatterbot Uniform submitting transactions
chatterbot Oscar submitting transactions
chatterbot Sierra submitting transactions
chatterbot Papa submitting transactions
chatterbot Lima submitting transactions
chatterbot Mike submitting transactions
chatterbot Kilo submitting transactions
ChatterBot Juliett round 3
ChatterBot Papa round 3
ChatterBot Tango round 3
ChatterBot Uniform round 3
ChatterBot Foxtrot round 3
ChatterBot Lima round 3
ChatterBot Kilo round 3
ChatterBot Sierra round 3
ChatterBot Mike round 3
ChatterBot Oscar round 3
2024-10-15 04:55:17.141924 Oscar: We should add Papa
ChatterBot Tango reevaluating
ChatterBot Juliett reevaluating
2024-10-15 04:55:17.165637 Uniform: Yes
2024-10-15 04:55:17.166359 Mike: Yes
2024-10-15 04:55:17.166484 Kilo: Yes
2024-10-15 04:55:17.166604 Tango: Yes
2024-10-15 04:55:17.166731 Lima: Yes
2024-10-15 04:55:17.166841 Juliett: Yes
ChatterBot Tango reevaluating
ChatterBot Juliett reevaluating
ChatterBot Tango reevaluating
ChatterBot Juliett reevaluating
ChatterBot Tango reevaluating
ChatterBot Juliett reevaluating
ChatterBot Juliett reevaluating
ChatterBot Tango reevaluating
ChatterBot Juliett reevaluating
ChatterBot Tango reevaluating
2024-10-15 04:55:17.311297 Uniform: We should drop Foxtrot and Sierra
ChatterBot Juliett reevaluating
ChatterBot Tango reevaluating
2024-10-15 04:55:17.336856 Papa: Yes
2024-10-15 04:55:17.337078 Juliett: Yes
2024-10-15 04:55:17.337181 Tango: Yes
2024-10-15 04:55:17.337279 Lima: Yes
2024-10-15 04:55:17.337369 Kilo: Yes
2024-10-15 04:55:17.337486 Mike: Yes
2024-10-15 04:55:17.337580 Oscar: Yes
ChatterBot Juliett reevaluating
ChatterBot Tango reevaluating
ChatterBot Tango reevaluating
ChatterBot Juliett reevaluating
ChatterBot Juliett reevaluating
ChatterBot Tango reevaluating
ChatterBot Juliett reevaluating
ChatterBot Tango reevaluating
ChatterBot Juliett reevaluating
ChatterBot Tango reevaluating
ChatterBot Juliett reevaluating
ChatterBot Tango reevaluating
2024-10-15 04:55:17.522770 Oscar: Papa we want you to join our group
2024-10-15 04:55:17.527508 Papa: Yes
ChatterBot Juliett reevaluating
ChatterBot Tango reevaluating
2024-10-15 04:55:17.561188 Papa: Juliett, sending you 4
2024-10-15 04:55:17.681765 Kilo: Juliett, Papa, Tango, Uniform, Lima and Oscar, sending you 3
2024-10-15 04:55:17.682948 Foxtrot: Uniform, Lima and Mike, sending you 2
2024-10-15 04:55:17.684063 Tango: Papa we want you to join our group
2024-10-15 04:55:17.688641 Papa: Yes
2024-10-15 04:55:17.713934 Papa: Uniform, Lima, Kilo and Mike, sending you 3
2024-10-15 04:55:17.714903 Kilo: Mike, sending you 2
2024-10-15 04:55:17.715254 Foxtrot: Sierra, sending you 5
2024-10-15 04:55:17.763454 Uniform: Juliett, Papa, Tango and Lima, sending you 2
2024-10-15 04:55:17.764205 Sierra: Juliett, Papa, Tango and Kilo, sending you 1
2024-10-15 04:55:17.764923 Mike: Juliett, Papa, Lima and Kilo, sending you 2
2024-10-15 04:55:17.771077 Oscar: Juliett, Papa, Tango and Lima, sending you 2
2024-10-15 04:55:17.771720 Lima: Juliett and Oscar, sending you 3
2024-10-15 04:55:17.773535 Papa: Oscar, sending you 1
2024-10-15 04:55:17.774247 Uniform: Kilo, Mike and Oscar, sending you 3
2024-10-15 04:55:17.776395 Sierra: Uniform and Lima, sending you 3
2024-10-15 04:55:17.777210 Mike: Tango and Uniform, sending you 3
2024-10-15 04:55:17.781497 Oscar: Uniform and Kilo, sending you 3
2024-10-15 04:55:17.782191 Tango: Juliett and Kilo, sending you 3
2024-10-15 04:55:17.782777 Lima: Papa, Uniform, Kilo and Mike, sending you 2
chatterbot Mike submitting transactions
2024-10-15 04:55:17.784295 Sierra: Foxtrot, sending you 7
2024-10-15 04:55:17.784976 Mike: Oscar, sending you 4
2024-10-15 04:55:17.943948 Oscar: Mike, sending you 5
2024-10-15 04:55:17.944895 Lima: Tango, sending you 4
2024-10-15 04:55:17.946503 Tango: Papa, Uniform, Mike and Oscar, sending you 2
2024-10-15 04:55:17.948230 Sierra: Mike, sending you 2
chatterbot Kilo submitting transactions
chatterbot Uniform submitting transactions
chatterbot Foxtrot submitting transactions
chatterbot Papa submitting transactions
2024-10-15 04:55:17.985664 Tango: Lima, sending you 4
chatterbot Tango submitting transactions
chatterbot Oscar submitting transactions
chatterbot Lima submitting transactions
chatterbot Juliett submitting transactions
chatterbot Sierra submitting transactions
ChatterBot Juliett round 4
ChatterBot Papa round 4
ChatterBot Tango round 4
ChatterBot Uniform round 4
ChatterBot Foxtrot round 4
ChatterBot Lima round 4
ChatterBot Kilo round 4
ChatterBot Sierra round 4
ChatterBot Mike round 4
ChatterBot Oscar round 4
2024-10-15 04:55:18.606672 Tango: Juliett, Lima, Kilo and Mike, sending you 3
2024-10-15 04:55:18.607784 Uniform: Juliett, Papa, Tango and Lima, sending you 2
2024-10-15 04:55:18.608695 Sierra: Juliett, Papa and Kilo, sending you 1
2024-10-15 04:55:18.610676 Tango: Papa, Uniform and Oscar, sending you 2
2024-10-15 04:55:18.612029 Papa: Juliett, sending you 4
2024-10-15 04:55:18.612793 Uniform: Kilo, Mike and Oscar, sending you 3
2024-10-15 04:55:18.613413 Sierra: Uniform, Lima and Mike, sending you 2
2024-10-15 04:55:18.614017 Foxtrot: Uniform, Lima and Mike, sending you 2
2024-10-15 04:55:18.614621 Oscar: Juliett, Uniform, Lima and Kilo, sending you 3
2024-10-15 04:55:18.615282 Lima: Juliett, sending you 3
2024-10-15 04:55:18.615904 Papa: Tango, Uniform, Lima, Mike and Oscar, sending you 2
2024-10-15 04:55:18.617497 Sierra: Foxtrot, sending you 10
2024-10-15 04:55:18.618672 Foxtrot: Sierra, sending you 4
2024-10-15 04:55:18.619372 Kilo: Juliett, Papa, Tango, Uniform, Lima and Oscar, sending you 3
2024-10-15 04:55:18.620119 Oscar: Papa, sending you 1
2024-10-15 04:55:18.620690 Mike: Juliett, Papa, Tango, Lima and Kilo, sending you 2
2024-10-15 04:55:18.621302 Lima: Papa, Uniform, Kilo, Mike and Oscar, sending you 2
2024-10-15 04:55:18.622869 Papa: Kilo, sending you 3
2024-10-15 04:55:18.623741 Oscar: Tango, sending you 2
2024-10-15 04:55:18.624677 Kilo: Mike, sending you 2
2024-10-15 04:55:18.625440 Mike: Uniform, sending you 3
2024-10-15 04:55:18.627329 Lima: Tango, sending you 5
2024-10-15 04:55:18.628175 Oscar: Mike, sending you 4
2024-10-15 04:55:18.630711 Mike: Oscar, sending you 5
chatterbot Oscar submitting transactions
chatterbot Sierra submitting transactions
chatterbot Papa submitting transactions
chatterbot Foxtrot submitting transactions
chatterbot Kilo submitting transactions
chatterbot Mike submitting transactions
chatterbot Juliett submitting transactions
chatterbot Tango submitting transactions
chatterbot Uniform submitting transactions
chatterbot Lima submitting transactions
ChatterBot Juliett round 5
ChatterBot Papa round 5
ChatterBot Tango round 5
ChatterBot Uniform round 5
ChatterBot Foxtrot round 5
ChatterBot Lima round 5
ChatterBot Kilo round 5
ChatterBot Sierra round 5
ChatterBot Mike round 5
ChatterBot Oscar round 5
2024-10-15 04:55:19.627676 Uniform: Juliett, Papa, Tango and Lima, sending you 2
2024-10-15 04:55:19.628926 Papa: Juliett, sending you 4
2024-10-15 04:55:19.633674 Uniform: Kilo, Mike and Oscar, sending you 3
2024-10-15 04:55:19.634402 Papa: Tango, Uniform, Lima, Mike and Oscar, sending you 2
2024-10-15 04:55:19.636663 Foxtrot: Uniform, Lima and Mike, sending you 1
2024-10-15 04:55:19.639689 Papa: Kilo, sending you 3
2024-10-15 04:55:19.640378 Tango: Juliett and Kilo, sending you 3
2024-10-15 04:55:19.641015 Foxtrot: Sierra, sending you 4
2024-10-15 04:55:19.641685 Sierra: Juliett, Papa and Kilo, sending you 1
2024-10-15 04:55:19.643677 Oscar: Juliett, Uniform, Lima and Kilo, sending you 3
2024-10-15 04:55:19.645688 Tango: Papa, Uniform, Mike and Oscar, sending you 2
2024-10-15 04:55:19.646907 Sierra: Uniform, Lima and Mike, sending you 2
2024-10-15 04:55:19.647582 Mike: Juliett, Papa, Lima and Kilo, sending you 2
2024-10-15 04:55:19.648300 Kilo: Juliett, Papa, Tango, Uniform, Lima and Oscar, sending you 3
2024-10-15 04:55:19.649280 Lima: Juliett, Tango, Kilo and Oscar, sending you 3
2024-10-15 04:55:19.650954 Oscar: Papa, sending you 1
2024-10-15 04:55:19.651695 Tango: Lima, sending you 4
2024-10-15 04:55:19.652362 Mike: Tango and Uniform, sending you 3
2024-10-15 04:55:19.653134 Sierra: Foxtrot, sending you 10
2024-10-15 04:55:19.653805 Kilo: Mike, sending you 2
2024-10-15 04:55:19.654902 Lima: Papa, Uniform and Mike, sending you 2
2024-10-15 04:55:19.655591 Oscar: Tango, sending you 2
2024-10-15 04:55:19.656298 Mike: Oscar, sending you 4
2024-10-15 04:55:19.660698 Oscar: Mike, sending you 4
chatterbot Papa submitting transactions
chatterbot Oscar submitting transactions
chatterbot Mike submitting transactions
chatterbot Juliett submitting transactions
chatterbot Lima submitting transactions
chatterbot Uniform submitting transactions
chatterbot Kilo submitting transactions
chatterbot Sierra submitting transactions
chatterbot Foxtrot submitting transactions
chatterbot Tango submitting transactions
ChatterBot Juliett round 6
ChatterBot Papa round 6
ChatterBot Tango round 6
ChatterBot Uniform round 6
ChatterBot Foxtrot round 6
ChatterBot Lima round 6
ChatterBot Kilo round 6
ChatterBot Sierra round 6
ChatterBot Mike round 6
ChatterBot Oscar round 6
2024-10-15 04:55:20.823671 Papa: Juliett, sending you 4
2024-10-15 04:55:20.824454 Lima: Juliett, Tango, Kilo and Oscar, sending you 3
2024-10-15 04:55:20.825175 Tango: Juliett, Lima, Kilo and Mike, sending you 3
2024-10-15 04:55:20.827706 Lima: Papa, Uniform and Mike, sending you 2
2024-10-15 04:55:20.828928 Papa: Tango, Uniform, Lima, Mike and Oscar, sending you 2
2024-10-15 04:55:20.830091 Kilo: Juliett, Papa, Tango, Uniform, Lima and Oscar, sending you 3
2024-10-15 04:55:20.830852 Tango: Papa, Uniform and Oscar, sending you 2
2024-10-15 04:55:20.831696 Uniform: Juliett, Papa, Tango and Lima, sending you 2
2024-10-15 04:55:20.833037 Papa: Kilo, sending you 3
2024-10-15 04:55:20.834653 Uniform: Kilo, Mike and Oscar, sending you 3
2024-10-15 04:55:20.835674 Kilo: Mike, sending you 2
2024-10-15 04:55:20.838674 Foxtrot: Uniform, Lima and Mike, sending you 1
2024-10-15 04:55:20.841021 Sierra: Juliett, Papa and Kilo, sending you 1
2024-10-15 04:55:20.841860 Mike: Juliett, Papa, Lima and Kilo, sending you 2
2024-10-15 04:55:20.842769 Foxtrot: Sierra, sending you 3
2024-10-15 04:55:20.843354 Oscar: Juliett, Uniform, Lima and Kilo, sending you 3
2024-10-15 04:55:20.845708 Sierra: Uniform, Lima and Mike, sending you 2
2024-10-15 04:55:20.846683 Mike: Tango and Uniform, sending you 3
2024-10-15 04:55:20.849105 Oscar: Papa, sending you 1
2024-10-15 04:55:20.850046 Sierra: Foxtrot, sending you 10
2024-10-15 04:55:20.851687 Mike: Oscar, sending you 4
2024-10-15 04:55:20.853041 Oscar: Tango, sending you 2
2024-10-15 04:55:20.858664 Oscar: Mike, sending you 4
chatterbot Oscar submitting transactions
chatterbot Uniform submitting transactions
chatterbot Kilo submitting transactions
chatterbot Juliett submitting transactions
chatterbot Sierra submitting transactions
chatterbot Papa submitting transactions
chatterbot Lima submitting transactions
chatterbot Tango submitting transactions
chatterbot Mike submitting transactions
chatterbot Foxtrot submitting transactions
ChatterBot Juliett round 7
ChatterBot Papa round 7
ChatterBot Tango round 7
ChatterBot Uniform round 7
ChatterBot Foxtrot round 7
ChatterBot Lima round 7
ChatterBot Kilo round 7
ChatterBot Sierra round 7
ChatterBot Mike round 7
ChatterBot Oscar round 7
2024-10-15 04:55:21.768157 Sierra: We should drop Foxtrot
2024-10-15 04:55:21.787874 Juliett: Yes
2024-10-15 04:55:21.788037 Papa: Yes
2024-10-15 04:55:21.788159 Tango: Yes
2024-10-15 04:55:21.788274 Uniform: Yes
2024-10-15 04:55:21.788390 Lima: Yes
2024-10-15 04:55:21.788505 Kilo: Yes
2024-10-15 04:55:21.788627 Mike: Yes
2024-10-15 04:55:21.788781 Oscar: Yes
ChatterBot Sierra reevaluating
ChatterBot Sierra reevaluating
ChatterBot Sierra reevaluating
ChatterBot Sierra reevaluating
ChatterBot Sierra reevaluating
2024-10-15 04:55:21.904675 Kilo: Juliett, Papa, Tango, Uniform, Lima and Oscar, sending you 3
2024-10-15 04:55:21.906395 Tango: Juliett, Lima, Kilo and Mike, sending you 3
2024-10-15 04:55:21.907538 Papa: Juliett, sending you 4
2024-10-15 04:55:21.909335 Lima: Juliett, Tango, Kilo and Oscar, sending you 3
2024-10-15 04:55:21.910440 Uniform: Juliett, Papa, Tango and Lima, sending you 2
2024-10-15 04:55:21.912024 Foxtrot: Uniform, Lima and Mike, sending you 1
2024-10-15 04:55:21.912987 Kilo: Mike, sending you 2
2024-10-15 04:55:21.914052 Tango: Papa, Uniform and Oscar, sending you 2
2024-10-15 04:55:21.915429 Lima: Papa, Uniform and Mike, sending you 2
2024-10-15 04:55:21.916319 Papa: Tango, Uniform, Lima, Mike and Oscar, sending you 2
2024-10-15 04:55:21.917711 Foxtrot: Sierra, sending you 3
2024-10-15 04:55:21.918542 Uniform: Kilo, Mike and Oscar, sending you 3
2024-10-15 04:55:21.919438 Oscar: Juliett, Uniform, Lima and Kilo, sending you 3
2024-10-15 04:55:21.921673 Papa: Kilo, sending you 3
2024-10-15 04:55:21.923212 Mike: Juliett, Papa, Lima and Kilo, sending you 2
2024-10-15 04:55:21.924705 Oscar: Papa, sending you 1
2024-10-15 04:55:21.928686 Mike: Tango and Uniform, sending you 3
2024-10-15 04:55:21.931684 Oscar: Tango, sending you 2
2024-10-15 04:55:21.934674 Mike: Oscar, sending you 4
2024-10-15 04:55:21.936668 Oscar: Mike, sending you 4
2024-10-15 04:55:21.939685 Sierra: Uniform and Lima, sending you 7
2024-10-15 04:55:21.944931 Sierra: Mike, sending you 5
chatterbot Tango submitting transactions
chatterbot Juliett submitting transactions
chatterbot Oscar submitting transactions
chatterbot Uniform submitting transactions
chatterbot Foxtrot submitting transactions
chatterbot Lima submitting transactions
chatterbot Kilo submitting transactions
chatterbot Papa submitting transactions
chatterbot Sierra submitting transactions
chatterbot Mike submitting transactions
ChatterBot Juliett round 8
ChatterBot Papa round 8
ChatterBot Tango round 8
ChatterBot Uniform round 8
ChatterBot Foxtrot round 8
ChatterBot Lima round 8
ChatterBot Kilo round 8
ChatterBot Sierra round 8
ChatterBot Mike round 8
ChatterBot Oscar round 8
2024-10-15 04:55:23.061701 Lima: Juliett, Tango, Kilo and Oscar, sending you 3
2024-10-15 04:55:23.065684 Tango: Juliett, Lima, Kilo and Mike, sending you 3
2024-10-15 04:55:23.066633 Lima: Papa, Uniform and Mike, sending you 2
2024-10-15 04:55:23.067672 Mike: Juliett, Papa, Lima and Kilo, sending you 2
2024-10-15 04:55:23.068855 Kilo: Juliett, Papa, Tango, Uniform, Lima and Oscar, sending you 3
2024-10-15 04:55:23.069962 Uniform: Juliett, Papa, Tango and Lima, sending you 2
2024-10-15 04:55:23.071088 Papa: Juliett, sending you 4
2024-10-15 04:55:23.072391 Tango: Papa, Uniform and Oscar, sending you 2
2024-10-15 04:55:23.073803 Mike: Tango and Uniform, sending you 3
2024-10-15 04:55:23.076158 Sierra: Uniform and Lima, sending you 7
2024-10-15 04:55:23.076777 Kilo: Mike, sending you 2
2024-10-15 04:55:23.077498 Uniform: Kilo, Mike and Oscar, sending you 3
2024-10-15 04:55:23.078287 Papa: Tango, Uniform, Lima, Mike and Oscar, sending you 2
2024-10-15 04:55:23.079664 Mike: Oscar, sending you 4
2024-10-15 04:55:23.080478 Foxtrot: Uniform, Lima and Mike, sending you 1
2024-10-15 04:55:23.081658 Sierra: Mike, sending you 5
2024-10-15 04:55:23.083411 Papa: Kilo, sending you 3
2024-10-15 04:55:23.084824 Oscar: Juliett, Uniform, Lima, Kilo and Mike, sending you 3
2024-10-15 04:55:23.086113 Foxtrot: Sierra, sending you 3
2024-10-15 04:55:23.090587 Oscar: Papa and Tango, sending you 2
chatterbot Tango submitting transactions
chatterbot Kilo submitting transactions
chatterbot Sierra submitting transactions
chatterbot Foxtrot submitting transactions
chatterbot Lima submitting transactions
chatterbot Mike submitting transactions
chatterbot Oscar submitting transactions
chatterbot Uniform submitting transactions
chatterbot Papa submitting transactions
chatterbot Juliett submitting transactions
ChatterBot Juliett round 9
ChatterBot Papa round 9
ChatterBot Tango round 9
ChatterBot Uniform round 9
ChatterBot Foxtrot round 9
ChatterBot Lima round 9
ChatterBot Kilo round 9
ChatterBot Sierra round 9
ChatterBot Mike round 9
ChatterBot Oscar round 9
2024-10-15 04:55:24.333702 Papa: Juliett, sending you 4
2024-10-15 04:55:24.335438 Tango: Juliett, Lima, Kilo and Mike, sending you 3
2024-10-15 04:55:24.339186 Papa: Tango, Uniform, Lima, Mike and Oscar, sending you 2
2024-10-15 04:55:24.340701 Tango: Papa, Uniform and Oscar, sending you 2
2024-10-15 04:55:24.343712 Papa: Kilo, sending you 3
2024-10-15 04:55:24.345348 Lima: Juliett, Tango, Kilo and Oscar, sending you 3
2024-10-15 04:55:24.346680 Uniform: Juliett, Papa, Tango and Lima, sending you 2
2024-10-15 04:55:24.348284 Sierra: Uniform and Lima, sending you 7
2024-10-15 04:55:24.348871 Oscar: Juliett, Uniform, Lima, Kilo and Mike, sending you 3
2024-10-15 04:55:24.349908 Lima: Papa, Uniform and Mike, sending you 2
2024-10-15 04:55:24.351433 Uniform: Kilo, Mike and Oscar, sending you 3
2024-10-15 04:55:24.352676 Sierra: Mike, sending you 5
2024-10-15 04:55:24.353690 Foxtrot: Uniform, Lima and Mike, sending you 1
2024-10-15 04:55:24.355312 Mike: Juliett, Papa, Lima and Kilo, sending you 2
2024-10-15 04:55:24.356526 Oscar: Papa and Tango, sending you 2
2024-10-15 04:55:24.357666 Kilo: Juliett, Papa, Tango, Uniform, Lima and Oscar, sending you 3
2024-10-15 04:55:24.359165 Foxtrot: Sierra, sending you 3
2024-10-15 04:55:24.359866 Mike: Tango and Uniform, sending you 3
2024-10-15 04:55:24.361679 Kilo: Mike, sending you 2
2024-10-15 04:55:24.364670 Mike: Oscar, sending you 4
chatterbot Tango submitting transactions
chatterbot Sierra submitting transactions
chatterbot Lima submitting transactions
chatterbot Uniform submitting transactions
chatterbot Juliett submitting transactions
chatterbot Oscar submitting transactions
chatterbot Mike submitting transactions
chatterbot Kilo submitting transactions
chatterbot Foxtrot submitting transactions
chatterbot Papa submitting transactions
ChatterBot Juliett round 10
ChatterBot Papa round 10
ChatterBot Tango round 10
ChatterBot Uniform round 10
ChatterBot Foxtrot round 10
ChatterBot Lima round 10
ChatterBot Kilo round 10
ChatterBot Sierra round 10
ChatterBot Mike round 10
ChatterBot Oscar round 10
2024-10-15 04:55:25.622688 Papa: Juliett, sending you 4
2024-10-15 04:55:25.627677 Lima: Juliett, Tango, Kilo and Oscar, sending you 3
2024-10-15 04:55:25.629307 Papa: Tango, Uniform, Lima, Mike and Oscar, sending you 2
2024-10-15 04:55:25.632157 Foxtrot: Uniform, Lima and Mike, sending you 1
2024-10-15 04:55:25.634167 Oscar: Juliett, Uniform, Lima, Kilo and Mike, sending you 3
2024-10-15 04:55:25.635294 Tango: Juliett, Lima, Kilo and Mike, sending you 3
2024-10-15 04:55:25.637188 Lima: Papa, Uniform and Mike, sending you 2
2024-10-15 04:55:25.639247 Papa: Kilo, sending you 3
2024-10-15 04:55:25.641109 Foxtrot: Sierra, sending you 3
2024-10-15 04:55:25.643043 Sierra: Uniform and Lima, sending you 7
2024-10-15 04:55:25.644635 Kilo: Juliett, Papa, Tango, Uniform, Lima and Oscar, sending you 3
2024-10-15 04:55:25.646728 Uniform: Juliett, Papa, Tango and Lima, sending you 2
2024-10-15 04:55:25.648829 Oscar: Papa and Tango, sending you 2
2024-10-15 04:55:25.650124 Mike: Juliett, Papa, Lima and Kilo, sending you 2
2024-10-15 04:55:25.652159 Tango: Papa, Uniform and Oscar, sending you 2
2024-10-15 04:55:25.654270 Sierra: Mike, sending you 5
2024-10-15 04:55:25.655701 Kilo: Mike, sending you 2
2024-10-15 04:55:25.656706 Uniform: Kilo, Mike and Oscar, sending you 3
2024-10-15 04:55:25.657578 Mike: Tango and Uniform, sending you 3
2024-10-15 04:55:25.662680 Mike: Oscar, sending you 4
chatterbot Foxtrot submitting transactions
chatterbot Oscar submitting transactions
chatterbot Juliett submitting transactions
chatterbot Papa submitting transactions
chatterbot Sierra submitting transactions
chatterbot Kilo submitting transactions
chatterbot Mike submitting transactions
chatterbot Lima submitting transactions
chatterbot Uniform submitting transactions
chatterbot Tango submitting transactions
ChatterBot Juliett round 11
ChatterBot Papa round 11
ChatterBot Tango round 11
ChatterBot Uniform round 11
ChatterBot Foxtrot round 11
ChatterBot Lima round 11
ChatterBot Kilo round 11
ChatterBot Sierra round 11
ChatterBot Mike round 11
ChatterBot Oscar round 11
2024-10-15 04:55:26.677501 Sierra: We should add Foxtrot
2024-10-15 04:55:26.693586 Juliett: No
2024-10-15 04:55:26.693782 Papa: No
2024-10-15 04:55:26.693928 Tango: No
2024-10-15 04:55:26.694051 Uniform: No
2024-10-15 04:55:26.694749 Lima: No
2024-10-15 04:55:26.694922 Kilo: No
2024-10-15 04:55:26.695044 Mike: No
2024-10-15 04:55:26.695160 Oscar: No
ChatterBot Sierra reevaluating
ChatterBot Sierra reevaluating
ChatterBot Sierra reevaluating
ChatterBot Sierra reevaluating
ChatterBot Sierra reevaluating
ChatterBot Sierra reevaluating
ChatterBot Sierra reevaluating
ChatterBot Tango reevaluating
ChatterBot Sierra reevaluating
ChatterBot Tango reevaluating
2024-10-15 04:55:26.841746 Uniform: Juliett, Papa, Tango and Lima, sending you 2
2024-10-15 04:55:26.846001 Papa: Juliett, sending you 4
2024-10-15 04:55:26.849682 Uniform: Kilo, Mike and Oscar, sending you 3
2024-10-15 04:55:26.854386 Oscar: Juliett, Uniform, Lima, Kilo and Mike, sending you 3
2024-10-15 04:55:26.859693 Papa: Tango, Uniform, Lima, Mike and Oscar, sending you 2
2024-10-15 04:55:26.864159 Lima: Juliett, Tango, Kilo and Oscar, sending you 3
2024-10-15 04:55:26.868271 Foxtrot: Uniform, Lima and Mike, sending you 1
2024-10-15 04:55:26.871312 Kilo: Juliett, Papa, Tango, Uniform, Lima and Oscar, sending you 3
2024-10-15 04:55:26.874494 Oscar: Papa and Tango, sending you 2
2024-10-15 04:55:26.877500 Papa: Kilo, sending you 3
2024-10-15 04:55:26.879697 Lima: Papa, Uniform and Mike, sending you 2
2024-10-15 04:55:26.880947 Foxtrot: Sierra, sending you 3
2024-10-15 04:55:26.882862 Kilo: Mike, sending you 2
2024-10-15 04:55:26.884239 Tango: Juliett, Lima, Kilo and Mike, sending you 3
2024-10-15 04:55:26.885494 Sierra: Uniform and Lima, sending you 7
2024-10-15 04:55:26.887009 Mike: Juliett, Papa, Lima and Kilo, sending you 2
2024-10-15 04:55:26.889701 Tango: Papa, Uniform and Oscar, sending you 2
2024-10-15 04:55:26.891731 Sierra: Mike, sending you 5
2024-10-15 04:55:26.892697 Mike: Tango and Uniform, sending you 3
2024-10-15 04:55:26.899673 Mike: Oscar, sending you 4
chatterbot Foxtrot submitting transactions
chatterbot Juliett submitting transactions
chatterbot Uniform submitting transactions
chatterbot Lima submitting transactions
chatterbot Mike submitting transactions
chatterbot Sierra submitting transactions
chatterbot Oscar submitting transactions
chatterbot Papa submitting transactions
chatterbot Kilo submitting transactions
chatterbot Tango submitting transactions
ChatterBot Juliett round 12
ChatterBot Papa round 12
ChatterBot Tango round 12
ChatterBot Uniform round 12
ChatterBot Foxtrot round 12
ChatterBot Lima round 12
ChatterBot Kilo round 12
ChatterBot Sierra round 12
ChatterBot Mike round 12
ChatterBot Oscar round 12
2024-10-15 04:55:28.129688 Papa: Juliett, sending you 4
2024-10-15 04:55:28.134680 Foxtrot: Uniform, Lima and Mike, sending you 1
2024-10-15 04:55:28.135653 Papa: Tango, Uniform, Lima, Mike and Oscar, sending you 2
2024-10-15 04:55:28.137018 Mike: Juliett, Papa, Lima and Kilo, sending you 2
2024-10-15 04:55:28.140676 Foxtrot: Sierra, sending you 3
