ChatterBot Bravo round 1
ChatterBot Kilo round 1
ChatterBot Golf round 1
ChatterBot Juliett round 1
ChatterBot Zulu round 1
ChatterBot November round 1
ChatterBot Yankee round 1
ChatterBot Sierra round 1
ChatterBot Victor round 1
ChatterBot Charlie round 1
randomSelections Sierra: {Sierra, Zulu, Kilo, Juliett, Charlie, November, Golf} 
2024-10-15 04:55:11.500027 Sierra: Let's form a team
ChatterBot Zulu reevaluating
ChatterBot Kilo reevaluating
ChatterBot Juliett reevaluating
ChatterBot Charlie reevaluating
ChatterBot November reevaluating
ChatterBot Golf reevaluating
2024-10-15 04:55:11.513543 Zulu: Yes
2024-10-15 04:55:11.513699 Kilo: Yes
2024-10-15 04:55:11.513819 Juliett: Yes
2024-10-15 04:55:11.513950 Charlie: Yes
2024-10-15 04:55:11.514057 November: Yes
2024-10-15 04:55:11.514153 Golf: Yes
ChatterBot Kilo reevaluating
ChatterBot Juliett reevaluating
ChatterBot Charlie reevaluating
ChatterBot November reevaluating
ChatterBot Golf reevaluating
ChatterBot Zulu reevaluating
ChatterBot Juliett reevaluating
ChatterBot Charlie reevaluating
ChatterBot November reevaluating
ChatterBot Golf reevaluating
ChatterBot Zulu reevaluating
ChatterBot Kilo reevaluating
ChatterBot Charlie reevaluating
ChatterBot November reevaluating
ChatterBot Golf reevaluating
ChatterBot Zulu reevaluating
ChatterBot Kilo reevaluating
ChatterBot Juliett reevaluating
ChatterBot November reevaluating
ChatterBot Golf reevaluating
ChatterBot Zulu reevaluating
ChatterBot Kilo reevaluating
ChatterBot Juliett reevaluating
ChatterBot Charlie reevaluating
ChatterBot Golf reevaluating
ChatterBot Zulu reevaluating
ChatterBot Kilo reevaluating
ChatterBot Juliett reevaluating
ChatterBot Charlie reevaluating
ChatterBot November reevaluating
randomSelections Bravo: {Bravo, Yankee, November, Juliett, Charlie} 
2024-10-15 04:55:11.609993 Bravo: We would work well together
ChatterBot Yankee reevaluating
ChatterBot November reevaluating
ChatterBot Juliett reevaluating
ChatterBot Charlie reevaluating
2024-10-15 04:55:11.653112 Yankee: Yes
2024-10-15 04:55:11.656847 November: No
2024-10-15 04:55:11.657110 Juliett: No
2024-10-15 04:55:11.657350 Charlie: No
ChatterBot November reevaluating
ChatterBot Juliett reevaluating
ChatterBot Charlie reevaluating
ChatterBot Yankee reevaluating
ChatterBot Juliett reevaluating
ChatterBot Charlie reevaluating
ChatterBot Yankee reevaluating
ChatterBot November reevaluating
ChatterBot Charlie reevaluating
ChatterBot Yankee reevaluating
ChatterBot November reevaluating
ChatterBot Juliett reevaluating
randomSelections Victor: {Victor, Yankee, Charlie, Sierra, Golf, Bravo, Kilo} 
2024-10-15 04:55:11.813415 Victor: Can we be friends?
ChatterBot Yankee reevaluating
ChatterBot Charlie reevaluating
ChatterBot Golf reevaluating
ChatterBot Kilo reevaluating
2024-10-15 04:55:11.825933 Yankee: No
2024-10-15 04:55:11.826386 Charlie: No
2024-10-15 04:55:11.827730 Sierra: No
2024-10-15 04:55:11.828129 Golf: No
2024-10-15 04:55:11.828695 Bravo: No
2024-10-15 04:55:11.830096 Kilo: No
ChatterBot Charlie reevaluating
ChatterBot Golf reevaluating
ChatterBot Kilo reevaluating
ChatterBot Yankee reevaluating
ChatterBot Golf reevaluating
ChatterBot Kilo reevaluating
ChatterBot Yankee reevaluating
ChatterBot Charlie reevaluating
ChatterBot Golf reevaluating
ChatterBot Kilo reevaluating
ChatterBot Yankee reevaluating
ChatterBot Charlie reevaluating
ChatterBot Kilo reevaluating
ChatterBot Yankee reevaluating
ChatterBot Charlie reevaluating
ChatterBot Golf reevaluating
ChatterBot Kilo reevaluating
ChatterBot Yankee reevaluating
ChatterBot Charlie reevaluating
ChatterBot Golf reevaluating
2024-10-15 04:55:11.929477 November: Kilo and Sierra, sending you 3
2024-10-15 04:55:11.930520 Victor: Kilo, sending you 9
2024-10-15 04:55:11.933319 Sierra: Kilo and November, sending you 3
2024-10-15 04:55:11.934113 Zulu: Kilo, sending you 1
2024-10-15 04:55:11.935514 Kilo: Golf and Charlie, sending you 2
2024-10-15 04:55:11.936536 November: Golf, sending you 5
2024-10-15 04:55:11.937815 Golf: Kilo, Sierra and Charlie, sending you 3
2024-10-15 04:55:11.938462 Victor: Golf, sending you 3
2024-10-15 04:55:11.939834 Zulu: Juliett, sending you 2
2024-10-15 04:55:11.940703 Sierra: Golf and Zulu, sending you 2
2024-10-15 04:55:11.941836 Bravo: Juliett and Yankee, sending you 4
2024-10-15 04:55:11.942395 Kilo: Juliett and November, sending you 3
2024-10-15 04:55:11.943798 Juliett: Kilo, Golf and Zulu, sending you 4
chatterbot Bravo submitting transactions
2024-10-15 04:55:11.945190 November: Juliett and Zulu, sending you 2
2024-10-15 04:55:11.945710 Golf: Juliett, sending you 2
2024-10-15 04:55:11.946244 Victor: Yankee and Sierra, sending you 1
2024-10-15 04:55:11.947568 Zulu: November, sending you 6
2024-10-15 04:55:11.948216 Charlie: Kilo, Juliett and November, sending you 2
2024-10-15 04:55:11.949693 Bravo: November and Charlie, sending you 5
2024-10-15 04:55:11.950412 Sierra: Juliett, sending you 6
2024-10-15 04:55:11.950913 Kilo: Zulu, sending you 1
2024-10-15 04:55:11.952318 Yankee: Bravo, sending you 6
2024-10-15 04:55:11.952711 Juliett: November and Sierra, sending you 1
2024-10-15 04:55:11.953870 November: Charlie, sending you 1
2024-10-15 04:55:11.954693 Golf: Zulu, sending you 1
2024-10-15 04:55:11.955768 Victor: Charlie, sending you 6
2024-10-15 04:55:11.956294 Zulu: Sierra, sending you 5
2024-10-15 04:55:11.957307 Charlie: Golf, sending you 4
2024-10-15 04:55:11.957718 Sierra: Charlie, sending you 4
2024-10-15 04:55:11.958881 Kilo: Sierra, sending you 4
2024-10-15 04:55:11.959520 Yankee: Juliett, sending you 2
2024-10-15 04:55:11.960053 Juliett: Charlie, sending you 5
2024-10-15 04:55:11.961508 Golf: November, sending you 6
2024-10-15 04:55:11.962786 Zulu: Charlie, sending you 3
2024-10-15 04:55:11.964327 Charlie: Zulu and Sierra, sending you 3
2024-10-15 04:55:11.965138 Yankee: November, sending you 5
2024-10-15 04:55:11.968704 Yankee: Charlie, sending you 4
chatterbot November submitting transactions
chatterbot Victor submitting transactions
chatterbot Juliett submitting transactions
chatterbot Golf submitting transactions
chatterbot Charlie submitting transactions
chatterbot Sierra submitting transactions
chatterbot Kilo submitting transactions
chatterbot Zulu submitting transactions
chatterbot Yankee submitting transactions
ChatterBot Bravo round 2
ChatterBot Kilo round 2
ChatterBot Golf round 2
ChatterBot Juliett round 2
ChatterBot Zulu round 2
ChatterBot November round 2
2024-10-15 04:55:14.266807 Bravo: Let's form a team
ChatterBot Yankee reevaluating
ChatterBot Victor reevaluating
2024-10-15 04:55:14.294575 Yankee: No
2024-10-15 04:55:14.294771 Victor: No
ChatterBot Victor reevaluating
ChatterBot Yankee reevaluating
ChatterBot Yankee round 2
ChatterBot Sierra round 2
ChatterBot Victor round 2
2024-10-15 04:55:14.345136 Kilo: We should add Victor
ChatterBot Sierra reevaluating
ChatterBot Juliett reevaluating
ChatterBot Charlie reevaluating
ChatterBot November reevaluating
ChatterBot Golf reevaluating
2024-10-15 04:55:14.380916 Sierra: Yes
2024-10-15 04:55:14.381134 Zulu: No
2024-10-15 04:55:14.381739 Juliett: Yes
2024-10-15 04:55:14.381855 Charlie: No
2024-10-15 04:55:14.381964 November: No
2024-10-15 04:55:14.382093 Golf: Yes
ChatterBot Juliett reevaluating
ChatterBot Charlie reevaluating
ChatterBot November reevaluating
ChatterBot Golf reevaluating
ChatterBot Sierra reevaluating
ChatterBot Juliett reevaluating
ChatterBot Charlie reevaluating
ChatterBot November reevaluating
ChatterBot Golf reevaluating
ChatterBot Sierra reevaluating
ChatterBot Charlie reevaluating
ChatterBot November reevaluating
ChatterBot Golf reevaluating
ChatterBot Sierra reevaluating
ChatterBot Juliett reevaluating
ChatterBot November reevaluating
ChatterBot Golf reevaluating
ChatterBot Sierra reevaluating
ChatterBot Juliett reevaluating
ChatterBot Charlie reevaluating
ChatterBot Golf reevaluating
ChatterBot Sierra reevaluating
ChatterBot Juliett reevaluating
ChatterBot Charlie reevaluating
ChatterBot November reevaluating
ChatterBot Charlie round 2
2024-10-15 04:55:14.603245 Yankee: Group up?
ChatterBot Golf reevaluating
ChatterBot Juliett reevaluating
ChatterBot November reevaluating
ChatterBot Sierra reevaluating
ChatterBot Victor reevaluating
ChatterBot Charlie reevaluating
2024-10-15 04:55:14.642755 Bravo: No
2024-10-15 04:55:14.642952 Kilo: No
2024-10-15 04:55:14.643052 Golf: No
2024-10-15 04:55:14.643635 Juliett: No
2024-10-15 04:55:14.643739 Zulu: No
2024-10-15 04:55:14.643831 November: No
2024-10-15 04:55:14.643918 Sierra: No
2024-10-15 04:55:14.644003 Victor: No
2024-10-15 04:55:14.644113 Charlie: No
ChatterBot Yankee reevaluating
ChatterBot Golf reevaluating
ChatterBot Juliett reevaluating
ChatterBot November reevaluating
ChatterBot Sierra reevaluating
ChatterBot Victor reevaluating
ChatterBot Charlie reevaluating
ChatterBot Yankee reevaluating
ChatterBot Golf reevaluating
ChatterBot Juliett reevaluating
ChatterBot November reevaluating
ChatterBot Sierra reevaluating
ChatterBot Victor reevaluating
ChatterBot Charlie reevaluating
ChatterBot Yankee reevaluating
ChatterBot Juliett reevaluating
ChatterBot November reevaluating
ChatterBot Sierra reevaluating
ChatterBot Victor reevaluating
ChatterBot Charlie reevaluating
ChatterBot Yankee reevaluating
ChatterBot Golf reevaluating
ChatterBot November reevaluating
ChatterBot Sierra reevaluating
ChatterBot Victor reevaluating
ChatterBot Charlie reevaluating
ChatterBot Yankee reevaluating
ChatterBot Golf reevaluating
ChatterBot Juliett reevaluating
ChatterBot November reevaluating
ChatterBot Sierra reevaluating
ChatterBot Victor reevaluating
ChatterBot Charlie reevaluating
ChatterBot Yankee reevaluating
ChatterBot Golf reevaluating
ChatterBot Juliett reevaluating
ChatterBot Sierra reevaluating
ChatterBot Victor reevaluating
ChatterBot Charlie reevaluating
ChatterBot Yankee reevaluating
ChatterBot Golf reevaluating
ChatterBot Juliett reevaluating
ChatterBot November reevaluating
ChatterBot Victor reevaluating
ChatterBot Charlie reevaluating
ChatterBot Yankee reevaluating
ChatterBot Golf reevaluating
ChatterBot Juliett reevaluating
ChatterBot November reevaluating
ChatterBot Sierra reevaluating
ChatterBot Charlie reevaluating
ChatterBot Yankee reevaluating
ChatterBot Golf reevaluating
ChatterBot Juliett reevaluating
ChatterBot November reevaluating
ChatterBot Sierra reevaluating
ChatterBot Victor reevaluating
2024-10-15 04:55:15.094498 Charlie: We should add Victor
ChatterBot Sierra reevaluating
ChatterBot Juliett reevaluating
ChatterBot November reevaluating
ChatterBot Golf reevaluating
2024-10-15 04:55:15.129564 Sierra: Yes
2024-10-15 04:55:15.129739 Zulu: No
2024-10-15 04:55:15.129909 Kilo: Yes
2024-10-15 04:55:15.130107 Juliett: Yes
2024-10-15 04:55:15.130275 November: No
2024-10-15 04:55:15.130412 Golf: Yes
ChatterBot Juliett reevaluating
ChatterBot Charlie reevaluating
ChatterBot November reevaluating
ChatterBot Golf reevaluating
ChatterBot Sierra reevaluating
ChatterBot Juliett reevaluating
ChatterBot Charlie reevaluating
ChatterBot November reevaluating
ChatterBot Golf reevaluating
ChatterBot Sierra reevaluating
ChatterBot Juliett reevaluating
ChatterBot Charlie reevaluating
ChatterBot November reevaluating
ChatterBot Golf reevaluating
ChatterBot Sierra reevaluating
ChatterBot Zulu reevaluating
ChatterBot Charlie reevaluating
ChatterBot November reevaluating
ChatterBot Golf reevaluating
ChatterBot Sierra reevaluating
ChatterBot Zulu reevaluating
ChatterBot Juliett reevaluating
ChatterBot Charlie reevaluating
ChatterBot Golf reevaluating
ChatterBot Sierra reevaluating
ChatterBot Zulu reevaluating
ChatterBot Juliett reevaluating
ChatterBot Charlie reevaluating
ChatterBot November reevaluating
2024-10-15 04:55:15.467012 Victor: We would work well together
ChatterBot Yankee reevaluating
ChatterBot Golf reevaluating
ChatterBot Juliett reevaluating
ChatterBot Zulu reevaluating
ChatterBot November reevaluating
ChatterBot Sierra reevaluating
ChatterBot Charlie reevaluating
2024-10-15 04:55:15.515515 Yankee: No
2024-10-15 04:55:15.515959 Bravo: No
2024-10-15 04:55:15.516184 Kilo: No
2024-10-15 04:55:15.517123 Golf: No
2024-10-15 04:55:15.517335 Juliett: No
2024-10-15 04:55:15.517590 Zulu: No
2024-10-15 04:55:15.517903 November: No
2024-10-15 04:55:15.519069 Sierra: No
2024-10-15 04:55:15.519460 Charlie: No
ChatterBot Golf reevaluating
ChatterBot Juliett reevaluating
ChatterBot Zulu reevaluating
ChatterBot November reevaluating
ChatterBot Sierra reevaluating
ChatterBot Victor reevaluating
ChatterBot Charlie reevaluating
ChatterBot Yankee reevaluating
ChatterBot Golf reevaluating
ChatterBot Juliett reevaluating
ChatterBot Zulu reevaluating
ChatterBot November reevaluating
ChatterBot Sierra reevaluating
ChatterBot Victor reevaluating
ChatterBot Charlie reevaluating
ChatterBot Yankee reevaluating
ChatterBot Golf reevaluating
ChatterBot Juliett reevaluating
ChatterBot Zulu reevaluating
ChatterBot November reevaluating
ChatterBot Sierra reevaluating
ChatterBot Victor reevaluating
ChatterBot Charlie reevaluating
ChatterBot Yankee reevaluating
ChatterBot Juliett reevaluating
ChatterBot Zulu reevaluating
ChatterBot November reevaluating
ChatterBot Sierra reevaluating
ChatterBot Victor reevaluating
ChatterBot Charlie reevaluating
ChatterBot Yankee reevaluating
ChatterBot Golf reevaluating
ChatterBot Zulu reevaluating
ChatterBot November reevaluating
ChatterBot Sierra reevaluating
ChatterBot Victor reevaluating
ChatterBot Charlie reevaluating
ChatterBot Yankee reevaluating
ChatterBot Golf reevaluating
ChatterBot Juliett reevaluating
ChatterBot November reevaluating
ChatterBot Sierra reevaluating
ChatterBot Victor reevaluating
ChatterBot Charlie reevaluating
ChatterBot Yankee reevaluating
ChatterBot Golf reevaluating
ChatterBot Juliett reevaluating
ChatterBot Zulu reevaluating
ChatterBot Sierra reevaluating
ChatterBot Victor reevaluating
ChatterBot Charlie reevaluating
ChatterBot Yankee reevaluating
ChatterBot Golf reevaluating
ChatterBot Juliett reevaluating
ChatterBot Zulu reevaluating
ChatterBot November reevaluating
ChatterBot Victor reevaluating
ChatterBot Charlie reevaluating
ChatterBot Yankee reevaluating
ChatterBot Golf reevaluating
ChatterBot Juliett reevaluating
ChatterBot Zulu reevaluating
ChatterBot November reevaluating
ChatterBot Sierra reevaluating
ChatterBot Victor reevaluating
2024-10-15 04:55:16.079221 Kilo: Victor we want you to join our group
ChatterBot Victor reevaluating
2024-10-15 04:55:16.084846 Victor: Yes
ChatterBot Golf reevaluating
ChatterBot Juliett reevaluating
ChatterBot Zulu reevaluating
ChatterBot November reevaluating
ChatterBot Sierra reevaluating
ChatterBot Charlie reevaluating
2024-10-15 04:55:16.127605 Juliett: Victor we want you to join our group
2024-10-15 04:55:16.132429 Victor: Yes
ChatterBot Sierra reevaluating
2024-10-15 04:55:16.160657 Golf: Victor we want you to join our group
2024-10-15 04:55:16.164973 Victor: Yes
2024-10-15 04:55:16.192262 Zulu: Victor we want you to join our group
2024-10-15 04:55:16.196532 Victor: Yes
2024-10-15 04:55:16.229427 Bravo: Yankee, sending you 14
2024-10-15 04:55:16.230499 Charlie: Victor we want you to join our group
2024-10-15 04:55:16.235300 Victor: Yes
2024-10-15 04:55:16.262865 November: Victor we want you to join our group
2024-10-15 04:55:16.267677 Victor: Yes
2024-10-15 04:55:16.303462 Sierra: Victor we want you to join our group
2024-10-15 04:55:16.307887 Victor: Yes
2024-10-15 04:55:16.335402 Bravo: Victor, sending you 4
2024-10-15 04:55:16.335800 Kilo: Golf, Juliett, November, Sierra and Charlie, sending you 2
2024-10-15 04:55:16.336235 Victor: Bravo, Juliett, Zulu, November, Yankee, Sierra and Charlie, sending you 2
2024-10-15 04:55:16.337259 Yankee: Bravo, sending you 8
2024-10-15 04:55:16.365871 Kilo: Zulu, sending you 1
2024-10-15 04:55:16.366967 Victor: Kilo and Golf, sending you 3
2024-10-15 04:55:16.367429 Juliett: Kilo, Golf, Zulu, November and Charlie, sending you 3
2024-10-15 04:55:16.368285 Yankee: Kilo, Golf, Juliett, Zulu, November and Sierra, sending you 1
2024-10-15 04:55:16.387904 Kilo: Victor, sending you 4
2024-10-15 04:55:16.389087 Yankee: Victor, sending you 3
2024-10-15 04:55:16.390243 Zulu: Kilo and Golf, sending you 1
2024-10-15 04:55:16.390743 Juliett: Sierra, sending you 5
2024-10-15 04:55:16.391798 Golf: Kilo and Sierra, sending you 2
2024-10-15 04:55:16.392270 Sierra: Kilo, Golf, November and Charlie, sending you 3
2024-10-15 04:55:16.393200 November: Kilo, Juliett, Sierra and Charlie, sending you 2
2024-10-15 04:55:16.393585 Charlie: Kilo, Golf, Zulu and November, sending you 2
chatterbot Yankee submitting transactions
2024-10-15 04:55:16.394819 Zulu: Juliett, sending you 6
2024-10-15 04:55:16.395871 Golf: Juliett, Victor and Charlie, sending you 3
2024-10-15 04:55:16.396485 Sierra: Juliett and Victor, sending you 2
2024-10-15 04:55:16.397331 November: Golf and Zulu, sending you 4
2024-10-15 04:55:16.397808 Charlie: Juliett, Sierra and Victor, sending you 3
chatterbot November submitting transactions
2024-10-15 04:55:16.431099 Zulu: November and Sierra, sending you 3
2024-10-15 04:55:16.431567 Golf: Zulu, sending you 1
2024-10-15 04:55:16.432666 Sierra: Zulu, sending you 4
2024-10-15 04:55:16.433214 November: Victor, sending you 1
2024-10-15 04:55:16.438877 Zulu: Charlie, sending you 4
2024-10-15 04:55:16.439289 Golf: November, sending you 4
chatterbot Juliett submitting transactions
chatterbot Victor submitting transactions
chatterbot Golf submitting transactions
chatterbot Kilo submitting transactions
chatterbot Bravo submitting transactions
chatterbot Charlie submitting transactions
chatterbot Sierra submitting transactions
chatterbot Zulu submitting transactions
ChatterBot Bravo round 3
ChatterBot Kilo round 3
ChatterBot Golf round 3
ChatterBot Juliett round 3
ChatterBot Zulu round 3
ChatterBot November round 3
ChatterBot Yankee round 3
ChatterBot Sierra round 3
ChatterBot Victor round 3
ChatterBot Charlie round 3
2024-10-15 04:55:17.760471 Golf: Kilo, Sierra and Victor, sending you 2
2024-10-15 04:55:17.761138 Bravo: Yankee, sending you 13
2024-10-15 04:55:17.761434 Juliett: Kilo, Golf, November, Sierra and Charlie, sending you 3
2024-10-15 04:55:17.763966 November: Kilo, Juliett, Sierra, Victor and Charlie, sending you 2
2024-10-15 04:55:17.764720 Sierra: Kilo, Golf, Juliett, Zulu, November and Charlie, sending you 3
2024-10-15 04:55:17.770705 Yankee: Bravo, sending you 10
2024-10-15 04:55:17.771092 Charlie: Kilo, Golf, November and Victor, sending you 2
2024-10-15 04:55:17.771787 Kilo: Golf, Juliett, November, Sierra and Charlie, sending you 2
2024-10-15 04:55:17.774040 Zulu: Kilo, Golf and Victor, sending you 1
2024-10-15 04:55:17.774813 Bravo: Victor, sending you 5
2024-10-15 04:55:17.775174 Golf: Juliett and Charlie, sending you 3
2024-10-15 04:55:17.777262 November: Golf, sending you 4
2024-10-15 04:55:17.781561 Juliett: Zulu, sending you 4
2024-10-15 04:55:17.782438 Sierra: Victor, sending you 2
2024-10-15 04:55:17.783259 Yankee: Victor, sending you 5
2024-10-15 04:55:17.783573 Charlie: Juliett, Zulu and Sierra, sending you 3
2024-10-15 04:55:17.784359 Kilo: Zulu, sending you 1
2024-10-15 04:55:17.786948 Zulu: Juliett, sending you 4
2024-10-15 04:55:17.787699 Victor: Bravo, sending you 11
2024-10-15 04:55:17.788057 Golf: Zulu, sending you 1
2024-10-15 04:55:17.794382 November: Zulu, sending you 3
2024-10-15 04:55:17.795225 Juliett: Victor, sending you 1
2024-10-15 04:55:17.797467 Kilo: Victor, sending you 4
2024-10-15 04:55:17.798203 Zulu: November, sending you 5
2024-10-15 04:55:17.803701 Victor: Yankee, sending you 9
2024-10-15 04:55:17.804203 Golf: November, sending you 5
2024-10-15 04:55:17.959380 Zulu: Sierra and Charlie, sending you 3
chatterbot Sierra submitting transactions
chatterbot Kilo submitting transactions
chatterbot November submitting transactions
chatterbot Charlie submitting transactions
chatterbot Yankee submitting transactions
chatterbot Golf submitting transactions
chatterbot Bravo submitting transactions
chatterbot Juliett submitting transactions
chatterbot Zulu submitting transactions
chatterbot Victor submitting transactions
ChatterBot Bravo round 4
ChatterBot Kilo round 4
ChatterBot Golf round 4
ChatterBot Juliett round 4
ChatterBot Zulu round 4
ChatterBot November round 4
ChatterBot Yankee round 4
ChatterBot Sierra round 4
ChatterBot Victor round 4
ChatterBot Charlie round 4
2024-10-15 04:55:18.877784 Juliett: We should drop Victor
2024-10-15 04:55:18.904138 Sierra: Yes
2024-10-15 04:55:18.904814 Zulu: Yes
2024-10-15 04:55:18.904992 Kilo: No
2024-10-15 04:55:18.905138 Charlie: No
2024-10-15 04:55:18.905244 November: Yes
2024-10-15 04:55:18.905345 Golf: No
ChatterBot Golf reevaluating
ChatterBot Golf reevaluating
ChatterBot Golf reevaluating
ChatterBot Golf reevaluating
ChatterBot Golf reevaluating
2024-10-15 04:55:18.999666 Kilo: Golf, November, Sierra, Victor and Charlie, sending you 2
2024-10-15 04:55:19.001645 Bravo: Yankee, sending you 10
2024-10-15 04:55:19.004672 Kilo: Juliett, sending you 4
2024-10-15 04:55:19.007196 Bravo: Victor, sending you 8
2024-10-15 04:55:19.007688 Kilo: Zulu, sending you 1
2024-10-15 04:55:19.008657 Juliett: Kilo, Golf, November and Charlie, sending you 3
2024-10-15 04:55:19.010681 Charlie: Kilo, Golf, November and Victor, sending you 2
2024-10-15 04:55:19.013653 Juliett: Zulu and Sierra, sending you 4
2024-10-15 04:55:19.014674 Charlie: Juliett, Zulu and Sierra, sending you 3
2024-10-15 04:55:19.015795 Sierra: Kilo and November, sending you 3
2024-10-15 04:55:19.016277 Yankee: Bravo, sending you 10
2024-10-15 04:55:19.019653 Sierra: Golf, sending you 2
2024-10-15 04:55:19.020056 Yankee: Victor, sending you 7
2024-10-15 04:55:19.021658 Victor: Sending you each 10
2024-10-15 04:55:19.022678 November: Kilo and Charlie, sending you 2
2024-10-15 04:55:19.025043 Sierra: Juliett, Zulu and Charlie, sending you 4
2024-10-15 04:55:19.027650 November: Golf, sending you 4
2024-10-15 04:55:19.028017 Golf: Kilo, Juliett, Sierra and Charlie, sending you 3
2024-10-15 04:55:19.030924 Zulu: Kilo and Golf, sending you 1
2024-10-15 04:55:19.031462 November: Juliett, Zulu and Sierra, sending you 3
2024-10-15 04:55:19.032656 Golf: Zulu, sending you 2
2024-10-15 04:55:19.035648 Zulu: Juliett, sending you 5
2024-10-15 04:55:19.037679 Golf: November, sending you 4
2024-10-15 04:55:19.039108 Zulu: November and Sierra, sending you 4
2024-10-15 04:55:19.041663 Zulu: Charlie, sending you 3
chatterbot Charlie submitting transactions
chatterbot Bravo submitting transactions
chatterbot Zulu submitting transactions
chatterbot Victor submitting transactions
chatterbot Golf submitting transactions
chatterbot Yankee submitting transactions
chatterbot Sierra submitting transactions
chatterbot November submitting transactions
chatterbot Kilo submitting transactions
chatterbot Juliett submitting transactions
ChatterBot Bravo round 5
ChatterBot Kilo round 5
ChatterBot Golf round 5
ChatterBot Juliett round 5
ChatterBot Zulu round 5
ChatterBot November round 5
ChatterBot Yankee round 5
ChatterBot Sierra round 5
ChatterBot Victor round 5
ChatterBot Charlie round 5
2024-10-15 04:55:19.971459 Kilo: We should drop Victor
2024-10-15 04:55:20.022150 Sierra: Yes
2024-10-15 04:55:20.022442 Zulu: Yes
2024-10-15 04:55:20.022617 Juliett: Yes
2024-10-15 04:55:20.022769 Charlie: Yes
2024-10-15 04:55:20.022905 November: Yes
2024-10-15 04:55:20.023767 Golf: Yes
2024-10-15 04:55:20.187684 Bravo: Yankee, sending you 10
2024-10-15 04:55:20.189104 Juliett: Kilo, Golf, November, Sierra and Charlie, sending you 3
2024-10-15 04:55:20.193647 Bravo: Victor, sending you 8
2024-10-15 04:55:20.194220 Juliett: Zulu, sending you 5
2024-10-15 04:55:20.195687 Golf: Kilo, Juliett, Sierra and Charlie, sending you 3
2024-10-15 04:55:20.199665 Zulu: Kilo, sending you 1
2024-10-15 04:55:20.200525 Victor: Same as last round
2024-10-15 04:55:20.200990 Golf: Zulu, sending you 2
2024-10-15 04:55:20.203662 November: Kilo and Charlie, sending you 2
2024-10-15 04:55:20.205031 Zulu: Golf, sending you 2
2024-10-15 04:55:20.205822 Yankee: Bravo, sending you 9
2024-10-15 04:55:20.206242 Charlie: Kilo, sending you 2
2024-10-15 04:55:20.207056 Golf: November, sending you 4
2024-10-15 04:55:20.208980 Kilo: Golf, Juliett, November and Sierra, sending you 3
2024-10-15 04:55:20.209871 November: Golf, sending you 4
2024-10-15 04:55:20.211379 Zulu: Juliett, November and Sierra, sending you 4
2024-10-15 04:55:20.212205 Yankee: Victor, sending you 8
2024-10-15 04:55:20.212747 Charlie: Golf, Juliett, Zulu, November and Sierra, sending you 3
2024-10-15 04:55:20.214540 Kilo: Zulu, sending you 1
2024-10-15 04:55:20.215564 Sierra: Kilo, sending you 2
2024-10-15 04:55:20.216420 November: Juliett, Zulu and Sierra, sending you 3
2024-10-15 04:55:20.217823 Zulu: Charlie, sending you 3
2024-10-15 04:55:20.218696 Kilo: Charlie, sending you 2
2024-10-15 04:55:20.220305 Sierra: Golf and November, sending you 3
2024-10-15 04:55:20.225554 Sierra: Juliett, Zulu and Charlie, sending you 4
chatterbot Yankee submitting transactions
chatterbot Golf submitting transactions
chatterbot Bravo submitting transactions
chatterbot Victor submitting transactions
chatterbot Kilo submitting transactions
chatterbot Juliett submitting transactions
chatterbot Charlie submitting transactions
chatterbot Sierra submitting transactions
chatterbot Zulu submitting transactions
chatterbot November submitting transactions
ChatterBot Bravo round 6
ChatterBot Kilo round 6
ChatterBot Golf round 6
ChatterBot Juliett round 6
ChatterBot Zulu round 6
ChatterBot November round 6
ChatterBot Yankee round 6
ChatterBot Sierra round 6
ChatterBot Victor round 6
ChatterBot Charlie round 6
2024-10-15 04:55:21.225690 Bravo: Sending you each 9
2024-10-15 04:55:21.226713 November: Kilo, sending you 2
2024-10-15 04:55:21.229665 Victor: Same as last round
2024-10-15 04:55:21.230030 Zulu: Kilo, sending you 1
2024-10-15 04:55:21.230810 November: Golf, Juliett, Zulu, Sierra and Charlie, sending you 3
2024-10-15 04:55:21.231504 Golf: Kilo, Juliett, Sierra and Charlie, sending you 3
2024-10-15 04:55:21.232754 Sierra: Kilo, Golf, November and Charlie, sending you 3
2024-10-15 04:55:21.235743 Zulu: Golf, sending you 2
2024-10-15 04:55:21.236681 Golf: Zulu, sending you 2
2024-10-15 04:55:21.237685 Sierra: Juliett and Zulu, sending you 4
2024-10-15 04:55:21.238701 Yankee: Bravo, sending you 9
2024-10-15 04:55:21.239026 Juliett: Kilo, Golf, November and Charlie, sending you 3
2024-10-15 04:55:21.240217 Charlie: Kilo, sending you 2
2024-10-15 04:55:21.241149 Kilo: Golf, Juliett, November and Sierra, sending you 3
2024-10-15 04:55:21.241963 Zulu: Juliett, November and Sierra, sending you 4
2024-10-15 04:55:21.243090 Golf: November, sending you 4
2024-10-15 04:55:21.243953 Yankee: Victor, sending you 8
2024-10-15 04:55:21.244777 Juliett: Zulu and Sierra, sending you 4
2024-10-15 04:55:21.245706 Charlie: Golf, Juliett, Zulu, November and Sierra, sending you 3
2024-10-15 04:55:21.247094 Kilo: Zulu, sending you 1
2024-10-15 04:55:21.248141 Zulu: Charlie, sending you 3
2024-10-15 04:55:21.250684 Kilo: Charlie, sending you 2
chatterbot Kilo submitting transactions
chatterbot Bravo submitting transactions
chatterbot November submitting transactions
chatterbot Juliett submitting transactions
chatterbot Yankee submitting transactions
chatterbot Golf submitting transactions
chatterbot Sierra submitting transactions
chatterbot Victor submitting transactions
chatterbot Zulu submitting transactions
chatterbot Charlie submitting transactions
ChatterBot Bravo round 7
ChatterBot Kilo round 7
ChatterBot Golf round 7
ChatterBot Juliett round 7
ChatterBot Zulu round 7
ChatterBot November round 7
ChatterBot Yankee round 7
ChatterBot Sierra round 7
ChatterBot Victor round 7
ChatterBot Charlie round 7
2024-10-15 04:55:22.575699 Kilo: Golf, Juliett and Sierra, sending you 3
2024-10-15 04:55:22.577726 Bravo: Same as last round
2024-10-15 04:55:22.578704 November: Kilo, sending you 2
2024-10-15 04:55:22.579824 Yankee: Bravo, sending you 9
2024-10-15 04:55:22.581671 Kilo: Zulu, November and Charlie, sending you 2
2024-10-15 04:55:22.582667 Juliett: Kilo, Golf, November and Charlie, sending you 3
2024-10-15 04:55:22.584168 Golf: Kilo, Juliett, Sierra and Charlie, sending you 3
2024-10-15 04:55:22.585109 November: Golf, Juliett, Zulu, Sierra and Charlie, sending you 3
2024-10-15 04:55:22.586547 Sierra: Kilo, Golf, November and Charlie, sending you 3
2024-10-15 04:55:22.587369 Yankee: Victor, sending you 8
2024-10-15 04:55:22.588379 Juliett: Zulu and Sierra, sending you 4
2024-10-15 04:55:22.589523 Golf: Zulu, sending you 2
2024-10-15 04:55:22.591305 Victor: Same as last round
2024-10-15 04:55:22.591975 Sierra: Juliett and Zulu, sending you 4
2024-10-15 04:55:22.593911 Zulu: Kilo, sending you 1
2024-10-15 04:55:22.596161 Golf: November, sending you 4
2024-10-15 04:55:22.598107 Charlie: Kilo, sending you 2
2024-10-15 04:55:22.600570 Zulu: Golf, sending you 2
2024-10-15 04:55:22.602669 Charlie: Golf, Juliett, Zulu, November and Sierra, sending you 3
2024-10-15 04:55:22.605677 Zulu: Juliett, November and Sierra, sending you 4
2024-10-15 04:55:22.611671 Zulu: Charlie, sending you 3
chatterbot Yankee submitting transactions
chatterbot Bravo submitting transactions
chatterbot Kilo submitting transactions
chatterbot Golf submitting transactions
chatterbot Juliett submitting transactions
chatterbot Victor submitting transactions
chatterbot Sierra submitting transactions
chatterbot Charlie submitting transactions
chatterbot November submitting transactions
chatterbot Zulu submitting transactions
ChatterBot Bravo round 8
ChatterBot Kilo round 8
ChatterBot Golf round 8
ChatterBot Juliett round 8
ChatterBot Zulu round 8
ChatterBot November round 8
ChatterBot Yankee round 8
ChatterBot Sierra round 8
ChatterBot Victor round 8
ChatterBot Charlie round 8
2024-10-15 04:55:23.829682 Juliett: Kilo, Golf, November and Charlie, sending you 3
2024-10-15 04:55:23.831375 Bravo: Same as last round
2024-10-15 04:55:23.832981 Zulu: Kilo, sending you 1
2024-10-15 04:55:23.835656 Juliett: Zulu and Sierra, sending you 4
2024-10-15 04:55:23.837200 Zulu: Golf, sending you 2
2024-10-15 04:55:23.839681 Sierra: Kilo, Golf, November and Charlie, sending you 3
2024-10-15 04:55:23.842525 Yankee: Bravo, sending you 9
2024-10-15 04:55:23.842951 Zulu: Juliett, sending you 5
2024-10-15 04:55:23.843903 Kilo: Golf, Juliett and Sierra, sending you 3
2024-10-15 04:55:23.845108 Charlie: Kilo, sending you 2
2024-10-15 04:55:23.846812 Sierra: Juliett and Zulu, sending you 4
2024-10-15 04:55:23.847712 Yankee: Victor, sending you 8
2024-10-15 04:55:23.848052 Golf: Kilo, Juliett, Sierra and Charlie, sending you 3
2024-10-15 04:55:23.848891 Zulu: November and Charlie, sending you 3
2024-10-15 04:55:23.850673 Kilo: Zulu, November and Charlie, sending you 2
2024-10-15 04:55:23.851853 Charlie: Golf, Juliett, Zulu, November and Sierra, sending you 3
2024-10-15 04:55:23.853376 Victor: Same as last round
2024-10-15 04:55:23.853868 November: Kilo, sending you 2
2024-10-15 04:55:23.855016 Golf: Zulu, sending you 2
2024-10-15 04:55:23.855891 Zulu: Sierra, sending you 4
2024-10-15 04:55:23.858682 November: Golf, Juliett, Zulu, Sierra and Charlie, sending you 3
2024-10-15 04:55:23.860079 Golf: November, sending you 4
chatterbot Bravo submitting transactions
chatterbot Yankee submitting transactions
chatterbot Victor submitting transactions
chatterbot Golf submitting transactions
chatterbot Juliett submitting transactions
chatterbot November submitting transactions
chatterbot Zulu submitting transactions
chatterbot Kilo submitting transactions
chatterbot Sierra submitting transactions
chatterbot Charlie submitting transactions
ChatterBot Bravo round 9
ChatterBot Kilo round 9
ChatterBot Golf round 9
ChatterBot Juliett round 9
ChatterBot Zulu round 9
ChatterBot November round 9
ChatterBot Yankee round 9
ChatterBot Sierra round 9
ChatterBot Victor round 9
ChatterBot Charlie round 9
2024-10-15 04:55:24.828681 Bravo: Same as last round
2024-10-15 04:55:24.838684 Zulu: Kilo and Golf, sending you 2
2024-10-15 04:55:24.840009 Golf: Kilo, Juliett, Sierra and Charlie, sending you 3
2024-10-15 04:55:24.840853 Sierra: Kilo, Golf, November and Charlie, sending you 3
2024-10-15 04:55:24.842662 Yankee: Bravo, sending you 9
2024-10-15 04:55:24.843664 November: Kilo, sending you 2
2024-10-15 04:55:24.844668 Zulu: Juliett and Sierra, sending you 4
2024-10-15 04:55:24.845494 Sierra: Juliett and Zulu, sending you 4
2024-10-15 04:55:24.846621 Golf: Zulu, sending you 2
2024-10-15 04:55:24.847309 Yankee: Victor, sending you 8
2024-10-15 04:55:24.847585 Juliett: Kilo, Golf, November and Charlie, sending you 3
2024-10-15 04:55:24.848311 Zulu: November and Charlie, sending you 3
2024-10-15 04:55:24.849085 November: Golf, Juliett, Zulu, Sierra and Charlie, sending you 3
2024-10-15 04:55:24.849956 Kilo: Golf, Juliett and Sierra, sending you 3
2024-10-15 04:55:24.850760 Golf: November, sending you 4
2024-10-15 04:55:24.851478 Victor: Same as last round
2024-10-15 04:55:24.851792 Juliett: Zulu and Sierra, sending you 4
2024-10-15 04:55:24.852651 Charlie: Kilo, sending you 2
2024-10-15 04:55:24.854656 Kilo: Zulu, November and Charlie, sending you 2
2024-10-15 04:55:24.858672 Charlie: Golf, Juliett, Zulu, November and Sierra, sending you 3
chatterbot Zulu submitting transactions
chatterbot Golf submitting transactions
chatterbot Victor submitting transactions
chatterbot Bravo submitting transactions
chatterbot November submitting transactions
chatterbot Sierra submitting transactions
chatterbot Yankee submitting transactions
chatterbot Kilo submitting transactions
chatterbot Juliett submitting transactions
chatterbot Charlie submitting transactions
ChatterBot Bravo round 10
ChatterBot Kilo round 10
ChatterBot Golf round 10
ChatterBot Juliett round 10
ChatterBot Zulu round 10
ChatterBot November round 10
ChatterBot Yankee round 10
ChatterBot Sierra round 10
ChatterBot Victor round 10
ChatterBot Charlie round 10
2024-10-15 04:55:26.058675 Juliett: Kilo, Golf, November and Charlie, sending you 3
2024-10-15 04:55:26.062679 Juliett: Zulu and Sierra, sending you 4
2024-10-15 04:55:26.066681 Yankee: Bravo, sending you 9
2024-10-15 04:55:26.067166 Bravo: Same as last round
2024-10-15 04:55:26.067675 Charlie: Kilo, sending you 2
2024-10-15 04:55:26.069374 November: Kilo, sending you 2
2024-10-15 04:55:26.070356 Sierra: Kilo, Golf, November and Charlie, sending you 3
2024-10-15 04:55:26.071159 Yankee: Victor, sending you 8
2024-10-15 04:55:26.071439 Golf: Kilo, Juliett, Sierra and Charlie, sending you 3
2024-10-15 04:55:26.072979 Zulu: Kilo and Golf, sending you 2
2024-10-15 04:55:26.073956 Charlie: Golf, Juliett, Zulu, November and Sierra, sending you 3
2024-10-15 04:55:26.074738 Kilo: Golf, Juliett and Sierra, sending you 3
2024-10-15 04:55:26.076060 November: Golf, Juliett, Zulu, Sierra and Charlie, sending you 3
2024-10-15 04:55:26.077213 Sierra: Juliett and Zulu, sending you 4
2024-10-15 04:55:26.079194 Golf: Zulu, sending you 2
2024-10-15 04:55:26.079986 Zulu: Juliett and Sierra, sending you 4
2024-10-15 04:55:26.080804 Kilo: Zulu, November and Charlie, sending you 2
2024-10-15 04:55:26.081579 Victor: Same as last round
2024-10-15 04:55:26.084683 Golf: November, sending you 4
2024-10-15 04:55:26.086353 Zulu: November and Charlie, sending you 3
chatterbot Juliett submitting transactions
chatterbot Zulu submitting transactions
chatterbot Kilo submitting transactions
chatterbot Bravo submitting transactions
chatterbot Yankee submitting transactions
chatterbot November submitting transactions
chatterbot Victor submitting transactions
chatterbot Sierra submitting transactions
chatterbot Charlie submitting transactions
chatterbot Golf submitting transactions
ChatterBot Bravo round 11
ChatterBot Kilo round 11
ChatterBot Golf round 11
ChatterBot Juliett round 11
ChatterBot Zulu round 11
ChatterBot November round 11
ChatterBot Yankee round 11
ChatterBot Sierra round 11
ChatterBot Victor round 11
ChatterBot Charlie round 11
2024-10-15 04:55:27.208054 Bravo: Same as last round
2024-10-15 04:55:27.212667 Kilo: Golf, Juliett and Sierra, sending you 3
2024-10-15 04:55:27.216679 Victor: Same as last round
2024-10-15 04:55:27.217040 Kilo: Zulu, November and Charlie, sending you 2
2024-10-15 04:55:27.218592 Golf: Kilo, Juliett, Sierra and Charlie, sending you 3
2024-10-15 04:55:27.219736 November: Kilo, sending you 2
2024-10-15 04:55:27.221656 Zulu: Kilo and Golf, sending you 2
2024-10-15 04:55:27.222759 Golf: Zulu, sending you 2
2024-10-15 04:55:27.224815 Juliett: Kilo, Golf, November and Charlie, sending you 3
2024-10-15 04:55:27.226687 November: Golf, Juliett, Zulu, Sierra and Charlie, sending you 3
2024-10-15 04:55:27.228299 Sierra: Kilo, Golf, November and Charlie, sending you 3
2024-10-15 04:55:27.230261 Yankee: Bravo, sending you 9
2024-10-15 04:55:27.230643 Zulu: Juliett and Sierra, sending you 4
2024-10-15 04:55:27.231681 Charlie: Kilo, sending you 2
2024-10-15 04:55:27.233254 Golf: November, sending you 4
2024-10-15 04:55:27.234401 Juliett: Zulu and Sierra, sending you 4
2024-10-15 04:55:27.236231 Yankee: Victor, sending you 8
2024-10-15 04:55:27.236640 Sierra: Juliett and Zulu, sending you 4
2024-10-15 04:55:27.238189 Zulu: November and Charlie, sending you 3
2024-10-15 04:55:27.239334 Charlie: Golf, Juliett, Zulu, November and Sierra, sending you 3
chatterbot November submitting transactions
chatterbot Zulu submitting transactions
chatterbot Golf submitting transactions
chatterbot Juliett submitting transactions
chatterbot Sierra submitting transactions
chatterbot Yankee submitting transactions
chatterbot Victor submitting transactions
chatterbot Charlie submitting transactions
chatterbot Kilo submitting transactions
chatterbot Bravo submitting transactions
ChatterBot Bravo round 12
ChatterBot Kilo round 12
ChatterBot Golf round 12
ChatterBot Juliett round 12
ChatterBot Zulu round 12
ChatterBot November round 12
ChatterBot Yankee round 12
ChatterBot Sierra round 12
ChatterBot Victor round 12
ChatterBot Charlie round 12
2024-10-15 04:55:28.504035 Kilo: Golf, Juliett and Sierra, sending you 3
2024-10-15 04:55:28.509356 Juliett: Kilo, Golf, November and Charlie, sending you 3
2024-10-15 04:55:28.513453 Bravo: Same as last round
2024-10-15 04:55:28.514349 Kilo: Zulu, November and Charlie, sending you 2
2024-10-15 04:55:28.517988 Juliett: Zulu and Sierra, sending you 4
2024-10-15 04:55:28.519269 November: Kilo, sending you 2
2024-10-15 04:55:28.522678 Sierra: Kilo, Golf, November and Charlie, sending you 3
2024-10-15 04:55:28.524902 Victor: Same as last round
2024-10-15 04:55:28.525553 Yankee: Bravo, sending you 9
2024-10-15 04:55:28.526181 Zulu: Kilo and Golf, sending you 2
2024-10-15 04:55:28.528658 Charlie: Kilo, sending you 2
2024-10-15 04:55:28.531082 Golf: Kilo, Juliett, Sierra and Charlie, sending you 3
2024-10-15 04:55:28.533683 November: Golf, Juliett, Zulu, Sierra and Charlie, sending you 3
2024-10-15 04:55:28.536573 Sierra: Juliett and Zulu, sending you 4
2024-10-15 04:55:28.538742 Yankee: Victor, sending you 8
2024-10-15 04:55:28.539313 Zulu: Juliett and Sierra, sending you 4
2024-10-15 04:55:28.541494 Charlie: Golf, Juliett, Zulu, November and Sierra, sending you 3
2024-10-15 04:55:28.543717 Golf: Zulu, sending you 2
2024-10-15 04:55:28.544997 Zulu: November and Charlie, sending you 3
2024-10-15 04:55:28.549707 Golf: November, sending you 4
chatterbot Yankee submitting transactions
chatterbot Bravo submitting transactions
chatterbot Juliett submitting transactions
chatterbot Kilo submitting transactions
chatterbot Zulu submitting transactions
chatterbot Victor submitting transactions
chatterbot November submitting transactions
chatterbot Sierra submitting transactions
chatterbot Charlie submitting transactions
chatterbot Golf submitting transactions
ChatterBot Bravo round 13
ChatterBot Kilo round 13
ChatterBot Golf round 13
ChatterBot Juliett round 13
