ChatterBot Juliett round 1
ChatterBot Quebec round 1
ChatterBot November round 1
ChatterBot Hotel round 1
ChatterBot Romeo round 1
ChatterBot Tango round 1
ChatterBot Charlie round 1
ChatterBot Victor round 1
ChatterBot Zulu round 1
ChatterBot Lima round 1
randomSelections Juliett: {Juliett, Tango, Zulu, Lima, Quebec, Victor, Romeo, Hotel} 
2024-10-15 04:55:11.228926 Juliett: We would work well together
ChatterBot Tango reevaluating
ChatterBot Zulu reevaluating
ChatterBot Lima reevaluating
ChatterBot Quebec reevaluating
ChatterBot Victor reevaluating
ChatterBot Romeo reevaluating
ChatterBot Hotel reevaluating
2024-10-15 04:55:11.249456 Tango: Yes
2024-10-15 04:55:11.250239 Zulu: Yes
2024-10-15 04:55:11.250419 Lima: Yes
2024-10-15 04:55:11.250553 Quebec: Yes
2024-10-15 04:55:11.250752 Victor: Yes
2024-10-15 04:55:11.250981 Romeo: Yes
2024-10-15 04:55:11.251140 Hotel: Yes
ChatterBot Zulu reevaluating
ChatterBot Lima reevaluating
ChatterBot Quebec reevaluating
ChatterBot Victor reevaluating
ChatterBot Romeo reevaluating
ChatterBot Hotel reevaluating
ChatterBot Tango reevaluating
ChatterBot Lima reevaluating
ChatterBot Quebec reevaluating
ChatterBot Victor reevaluating
ChatterBot Romeo reevaluating
ChatterBot Hotel reevaluating
ChatterBot Tango reevaluating
ChatterBot Zulu reevaluating
ChatterBot Quebec reevaluating
ChatterBot Victor reevaluating
ChatterBot Romeo reevaluating
ChatterBot Hotel reevaluating
ChatterBot Tango reevaluating
ChatterBot Zulu reevaluating
ChatterBot Lima reevaluating
ChatterBot Victor reevaluating
ChatterBot Romeo reevaluating
ChatterBot Hotel reevaluating
ChatterBot Tango reevaluating
ChatterBot Zulu reevaluating
ChatterBot Lima reevaluating
ChatterBot Quebec reevaluating
ChatterBot Romeo reevaluating
ChatterBot Hotel reevaluating
ChatterBot Tango reevaluating
ChatterBot Zulu reevaluating
ChatterBot Lima reevaluating
ChatterBot Quebec reevaluating
ChatterBot Victor reevaluating
ChatterBot Hotel reevaluating
ChatterBot Tango reevaluating
ChatterBot Zulu reevaluating
ChatterBot Lima reevaluating
ChatterBot Quebec reevaluating
ChatterBot Victor reevaluating
ChatterBot Romeo reevaluating
randomSelections Charlie: {Charlie, Hotel, Romeo, Victor, November, Juliett, Zulu, Tango} 
2024-10-15 04:55:11.379217 Charlie: Can we be friends?
ChatterBot Hotel reevaluating
ChatterBot Romeo reevaluating
ChatterBot Victor reevaluating
ChatterBot November reevaluating
ChatterBot Zulu reevaluating
ChatterBot Tango reevaluating
2024-10-15 04:55:11.397784 Hotel: No
2024-10-15 04:55:11.398 Romeo: No
2024-10-15 04:55:11.398979 Victor: No
2024-10-15 04:55:11.399217 November: Yes
2024-10-15 04:55:11.399380 Juliett: No
2024-10-15 04:55:11.399598 Zulu: No
2024-10-15 04:55:11.399810 Tango: No
ChatterBot Romeo reevaluating
ChatterBot Victor reevaluating
ChatterBot November reevaluating
ChatterBot Zulu reevaluating
ChatterBot Tango reevaluating
ChatterBot Hotel reevaluating
ChatterBot Victor reevaluating
ChatterBot November reevaluating
ChatterBot Zulu reevaluating
ChatterBot Tango reevaluating
ChatterBot Hotel reevaluating
ChatterBot Romeo reevaluating
ChatterBot November reevaluating
ChatterBot Zulu reevaluating
ChatterBot Tango reevaluating
ChatterBot Hotel reevaluating
ChatterBot Romeo reevaluating
ChatterBot Victor reevaluating
ChatterBot Zulu reevaluating
ChatterBot Tango reevaluating
ChatterBot Hotel reevaluating
ChatterBot Romeo reevaluating
ChatterBot Victor reevaluating
ChatterBot November reevaluating
ChatterBot Zulu reevaluating
ChatterBot Tango reevaluating
ChatterBot Hotel reevaluating
ChatterBot Romeo reevaluating
ChatterBot Victor reevaluating
ChatterBot November reevaluating
ChatterBot Tango reevaluating
ChatterBot Hotel reevaluating
ChatterBot Romeo reevaluating
ChatterBot Victor reevaluating
ChatterBot November reevaluating
ChatterBot Zulu reevaluating
2024-10-15 04:55:11.526786 Hotel: Juliett and Victor, sending you 4
2024-10-15 04:55:11.527830 Juliett: Quebec, sending you 5
2024-10-15 04:55:11.528223 Charlie: Juliett and Hotel, sending you 1
2024-10-15 04:55:11.529268 Romeo: Juliett, sending you 3
2024-10-15 04:55:11.529518 Victor: Juliett, Romeo and Tango, sending you 2
2024-10-15 04:55:11.537101 Lima: Juliett and Zulu, sending you 3
2024-10-15 04:55:11.538314 Juliett: Hotel, sending you 2
2024-10-15 04:55:11.538685 Hotel: Quebec and Tango, sending you 2
2024-10-15 04:55:11.539041 Tango: Quebec and Zulu, sending you 1
2024-10-15 04:55:11.539942 Charlie: November, Tango, Victor and Zulu, sending you 4
2024-10-15 04:55:11.540251 Romeo: Quebec, Tango and Zulu, sending you 1
2024-10-15 04:55:11.540567 November: Juliett and Romeo, sending you 1
2024-10-15 04:55:11.541544 Victor: Quebec, sending you 4
2024-10-15 04:55:11.541900 Quebec: Juliett, Romeo, Zulu and Lima, sending you 3
2024-10-15 04:55:11.542271 Zulu: Juliett, Hotel, Romeo, Tango, Victor and Lima, sending you 1
2024-10-15 04:55:11.543297 Hotel: Romeo and Lima, sending you 1
2024-10-15 04:55:11.543641 Lima: Quebec, Hotel and Romeo, sending you 2
2024-10-15 04:55:11.544034 Juliett: Romeo, Tango and Lima, sending you 1
2024-10-15 04:55:11.544914 Tango: Hotel, Victor and Lima, sending you 3
2024-10-15 04:55:11.545212 Charlie: Romeo, sending you 2
2024-10-15 04:55:11.545544 Romeo: Hotel, sending you 5
2024-10-15 04:55:11.546602 Victor: Hotel and Zulu, sending you 1
2024-10-15 04:55:11.546961 November: Hotel and Victor, sending you 2
2024-10-15 04:55:11.547264 Hotel: Zulu, sending you 3
2024-10-15 04:55:11.548175 Quebec: Hotel and Victor, sending you 1
2024-10-15 04:55:11.553784 Lima: Victor, sending you 4
2024-10-15 04:55:11.554973 Tango: Romeo, sending you 4
2024-10-15 04:55:11.555380 Romeo: Lima, sending you 2
2024-10-15 04:55:11.555764 Victor: Lima, sending you 7
2024-10-15 04:55:11.556115 November: Tango, sending you 3
2024-10-15 04:55:11.561777 November: Charlie, sending you 5
2024-10-15 04:55:11.567495 November: Zulu, sending you 6
chatterbot Lima submitting transactions
chatterbot Charlie submitting transactions
chatterbot Hotel submitting transactions
chatterbot Zulu submitting transactions
chatterbot November submitting transactions
chatterbot Juliett submitting transactions
chatterbot Tango submitting transactions
chatterbot Romeo submitting transactions
chatterbot Quebec submitting transactions
chatterbot Victor submitting transactions
ChatterBot Juliett round 2
ChatterBot Quebec round 2
ChatterBot November round 2
ChatterBot Hotel round 2
ChatterBot Romeo round 2
ChatterBot Tango round 2
ChatterBot Charlie round 2
ChatterBot Victor round 2
ChatterBot Zulu round 2
ChatterBot Lima round 2
2024-10-15 04:55:12.622921 November: Let's form a team
ChatterBot Charlie reevaluating
ChatterBot Zulu reevaluating
2024-10-15 04:55:12.638271 Charlie: No
2024-10-15 04:55:12.638575 Zulu: Yes
ChatterBot November reevaluating
ChatterBot Zulu reevaluating
ChatterBot November reevaluating
ChatterBot Charlie reevaluating
2024-10-15 04:55:12.670876 Zulu: Can we be friends?
ChatterBot Tango reevaluating
ChatterBot Victor reevaluating
ChatterBot Lima reevaluating
ChatterBot Charlie reevaluating
ChatterBot November reevaluating
2024-10-15 04:55:12.714609 Tango: No
2024-10-15 04:55:12.715439 Victor: No
2024-10-15 04:55:12.715601 Lima: No
2024-10-15 04:55:12.715796 Charlie: No
2024-10-15 04:55:12.715949 November: No
ChatterBot Zulu reevaluating
ChatterBot November reevaluating
ChatterBot Charlie reevaluating
ChatterBot Victor reevaluating
ChatterBot Lima reevaluating
ChatterBot Zulu reevaluating
ChatterBot November reevaluating
ChatterBot Charlie reevaluating
ChatterBot Tango reevaluating
ChatterBot Lima reevaluating
ChatterBot Zulu reevaluating
ChatterBot November reevaluating
ChatterBot Charlie reevaluating
ChatterBot Tango reevaluating
ChatterBot Victor reevaluating
ChatterBot Zulu reevaluating
ChatterBot November reevaluating
ChatterBot Tango reevaluating
ChatterBot Victor reevaluating
ChatterBot Lima reevaluating
ChatterBot Zulu reevaluating
ChatterBot Charlie reevaluating
ChatterBot Tango reevaluating
ChatterBot Victor reevaluating
ChatterBot Lima reevaluating
2024-10-15 04:55:12.958455 Romeo: We should drop Zulu
ChatterBot Tango reevaluating
ChatterBot Victor reevaluating
ChatterBot Lima reevaluating
2024-10-15 04:55:13.009944 Juliett: Yes
2024-10-15 04:55:13.010260 Quebec: Yes
2024-10-15 04:55:13.010991 Hotel: Yes
2024-10-15 04:55:13.011214 Tango: No
2024-10-15 04:55:13.011425 Victor: Yes
2024-10-15 04:55:13.011597 Lima: Yes
ChatterBot Tango reevaluating
ChatterBot Victor reevaluating
ChatterBot Lima reevaluating
ChatterBot Tango reevaluating
ChatterBot Victor reevaluating
ChatterBot Lima reevaluating
ChatterBot Tango reevaluating
ChatterBot Victor reevaluating
ChatterBot Lima reevaluating
ChatterBot Victor reevaluating
ChatterBot Lima reevaluating
ChatterBot Tango reevaluating
ChatterBot Lima reevaluating
ChatterBot Tango reevaluating
ChatterBot Victor reevaluating
chatterbot November submitting transactions
2024-10-15 04:55:14.002223 Tango: We should add November and Charlie
ChatterBot Zulu reevaluating
2024-10-15 04:55:14.057906 Juliett: No
2024-10-15 04:55:14.058261 Zulu: Yes
2024-10-15 04:55:14.058509 Lima: No
2024-10-15 04:55:14.059298 Quebec: No
2024-10-15 04:55:14.059573 Victor: No
2024-10-15 04:55:14.059845 Romeo: No
2024-10-15 04:55:14.060125 Hotel: No
ChatterBot Tango reevaluating
ChatterBot Zulu reevaluating
ChatterBot Tango reevaluating
ChatterBot Tango reevaluating
ChatterBot Zulu reevaluating
ChatterBot Tango reevaluating
ChatterBot Zulu reevaluating
ChatterBot Tango reevaluating
ChatterBot Zulu reevaluating
ChatterBot Tango reevaluating
ChatterBot Zulu reevaluating
ChatterBot Tango reevaluating
ChatterBot Zulu reevaluating
chatterbot Charlie submitting transactions
chatterbot Romeo submitting transactions
chatterbot Hotel submitting transactions
chatterbot Juliett submitting transactions
chatterbot Quebec submitting transactions
2024-10-15 04:55:14.369134 November: Tango and Zulu, sending you 3
2024-10-15 04:55:14.370237 Charlie: November, sending you 4
2024-10-15 04:55:14.370426 Hotel: Juliett and Lima, sending you 3
2024-10-15 04:55:14.370720 Romeo: Juliett, Hotel, Victor and Lima, sending you 2
2024-10-15 04:55:14.370977 Quebec: Juliett, Hotel, Victor and Lima, sending you 3
2024-10-15 04:55:14.751134 November: Charlie, sending you 13
2024-10-15 04:55:14.751552 Hotel: Quebec and Victor, sending you 2
2024-10-15 04:55:14.752637 Charlie: Zulu, sending you 3
2024-10-15 04:55:14.752935 Romeo: Quebec, sending you 3
2024-10-15 04:55:14.753805 Quebec: Romeo and Tango, sending you 2
2024-10-15 04:55:14.754196 Juliett: Quebec, Hotel, Romeo, Victor and Lima, sending you 2
chatterbot Victor submitting transactions
2024-10-15 04:55:14.904355 Romeo: Tango, sending you 4
2024-10-15 04:55:14.904860 Juliett: Tango, sending you 1
2024-10-15 04:55:14.905760 Hotel: Romeo and Tango, sending you 4
2024-10-15 04:55:14.906204 Victor: Juliett and Romeo, sending you 1
2024-10-15 04:55:14.907214 Lima: Juliett, Hotel and Romeo, sending you 2
2024-10-15 04:55:15.120306 Victor: Quebec, sending you 2
2024-10-15 04:55:15.121483 Lima: Quebec and Tango, sending you 3
2024-10-15 04:55:15.122020 Tango: November, sending you 5
2024-10-15 04:55:15.122954 Zulu: November, Tango and Charlie, sending you 1
chatterbot Lima submitting transactions
2024-10-15 04:55:15.416221 Victor: Hotel, sending you 6
2024-10-15 04:55:15.417892 Tango: Charlie, sending you 6
2024-10-15 04:55:15.418504 Lima: Victor, sending you 5
chatterbot Tango submitting transactions
2024-10-15 04:55:15.547162 Tango: Zulu, sending you 4
2024-10-15 04:55:15.548362 Victor: Tango, sending you 4
chatterbot Zulu submitting transactions
2024-10-15 04:55:15.564329 Victor: Lima, sending you 5
ChatterBot Juliett round 3
ChatterBot Quebec round 3
ChatterBot November round 3
ChatterBot Hotel round 3
ChatterBot Romeo round 3
ChatterBot Tango round 3
ChatterBot Charlie round 3
ChatterBot Victor round 3
ChatterBot Zulu round 3
ChatterBot Lima round 3
2024-10-15 04:55:15.764778 Charlie: We should add Tango
2024-10-15 04:55:15.776321 November: Yes
2024-10-15 04:55:15.776582 Zulu: Yes
2024-10-15 04:55:15.796045 Juliett: We should drop Tango
2024-10-15 04:55:15.819175 Quebec: Yes
2024-10-15 04:55:15.819448 Hotel: Yes
2024-10-15 04:55:15.820322 Romeo: Yes
2024-10-15 04:55:15.820492 Victor: No
2024-10-15 04:55:15.820705 Lima: Yes
ChatterBot Victor reevaluating
ChatterBot Victor reevaluating
ChatterBot Victor reevaluating
2024-10-15 04:55:15.939106 Charlie: Tango we want you to join our group
2024-10-15 04:55:15.944863 Tango: No
2024-10-15 04:55:15.992296 Zulu: Same as last round
2024-10-15 04:55:15.993480 Tango: Juliett, Quebec and Lima, sending you 2
2024-10-15 04:55:15.994003 November: Tango, sending you 7
2024-10-15 04:55:16.013030 Tango: Hotel, Romeo and Victor, sending you 3
2024-10-15 04:55:16.013581 November: Charlie, sending you 9
2024-10-15 04:55:16.014360 Charlie: November and Zulu, sending you 3
2024-10-15 04:55:16.014630 Lima: Juliett, Quebec, Hotel and Romeo, sending you 3
2024-10-15 04:55:16.014917 Quebec: Sending you each 3
2024-10-15 04:55:16.015304 Juliett: Quebec and Hotel, sending you 3
2024-10-15 04:55:16.016067 Hotel: Juliett, Quebec and Lima, sending you 3
2024-10-15 04:55:16.016381 Romeo: Juliett, Quebec and Lima, sending you 3
2024-10-15 04:55:16.016808 Victor: Juliett, sending you 3
2024-10-15 04:55:16.017914 November: Zulu, sending you 4
2024-10-15 04:55:16.018172 Lima: Victor, sending you 5
2024-10-15 04:55:16.030157 Charlie: Tango, sending you 5
2024-10-15 04:55:16.030574 Juliett: Romeo, Victor and Lima, sending you 2
2024-10-15 04:55:16.031003 Hotel: Romeo and Victor, sending you 4
2024-10-15 04:55:16.032153 Romeo: Hotel, sending you 4
2024-10-15 04:55:16.032440 Victor: Quebec and Hotel, sending you 4
2024-10-15 04:55:16.047880 Romeo: Victor, sending you 2
2024-10-15 04:55:16.048377 Victor: Romeo, sending you 2
chatterbot November submitting transactions
2024-10-15 04:55:16.055291 Victor: Lima, sending you 6
chatterbot Charlie submitting transactions
chatterbot Hotel submitting transactions
chatterbot Tango submitting transactions
chatterbot Romeo submitting transactions
chatterbot Juliett submitting transactions
chatterbot Quebec submitting transactions
chatterbot Lima submitting transactions
chatterbot Zulu submitting transactions
chatterbot Victor submitting transactions
ChatterBot Juliett round 4
ChatterBot Quebec round 4
ChatterBot November round 4
ChatterBot Hotel round 4
ChatterBot Romeo round 4
ChatterBot Tango round 4
ChatterBot Charlie round 4
ChatterBot Victor round 4
ChatterBot Zulu round 4
ChatterBot Lima round 4
2024-10-15 04:55:17.395035 Victor: We should add Tango
2024-10-15 04:55:17.409777 Juliett: No
2024-10-15 04:55:17.409985 Quebec: No
2024-10-15 04:55:17.410566 Hotel: No
2024-10-15 04:55:17.410689 Romeo: No
2024-10-15 04:55:17.410803 Lima: No
ChatterBot Hotel reevaluating
ChatterBot Victor reevaluating
ChatterBot Hotel reevaluating
ChatterBot Victor reevaluating
ChatterBot Victor reevaluating
ChatterBot Hotel reevaluating
ChatterBot Victor reevaluating
ChatterBot Hotel reevaluating
ChatterBot Victor reevaluating
2024-10-15 04:55:17.598298 Juliett: Quebec, Hotel, Romeo and Lima, sending you 3
2024-10-15 04:55:17.598727 Quebec: Same as last round
2024-10-15 04:55:17.730459 November: Tango, sending you 6
2024-10-15 04:55:17.730818 Romeo: Juliett, Quebec and Lima, sending you 3
2024-10-15 04:55:17.731180 Charlie: November and Zulu, sending you 3
2024-10-15 04:55:17.731422 Tango: November, sending you 6
2024-10-15 04:55:17.732216 Juliett: Victor, sending you 1
2024-10-15 04:55:17.732551 Hotel: Juliett, Romeo, Victor and Lima, sending you 4
2024-10-15 04:55:17.805322 November: Charlie, sending you 9
2024-10-15 04:55:17.806232 Romeo: Hotel, sending you 5
2024-10-15 04:55:17.806811 Charlie: Tango, sending you 4
2024-10-15 04:55:17.807245 Hotel: Quebec, sending you 2
2024-10-15 04:55:17.809829 Victor: Juliett and Romeo, sending you 3
2024-10-15 04:55:17.810440 Zulu: Same as last round
2024-10-15 04:55:17.810833 Lima: Juliett, Quebec, Hotel and Romeo, sending you 3
2024-10-15 04:55:17.816994 Tango: Charlie, sending you 5
2024-10-15 04:55:17.817547 November: Zulu, sending you 5
2024-10-15 04:55:17.818066 Romeo: Victor, sending you 2
2024-10-15 04:55:17.820488 Victor: Quebec and Hotel, sending you 4
2024-10-15 04:55:17.821085 Lima: Victor, sending you 5
2024-10-15 04:55:17.821635 Tango: Zulu, sending you 4
2024-10-15 04:55:17.968469 Victor: Lima, sending you 5
chatterbot Lima submitting transactions
chatterbot Victor submitting transactions
chatterbot Quebec submitting transactions
chatterbot Hotel submitting transactions
chatterbot Zulu submitting transactions
chatterbot Juliett submitting transactions
chatterbot November submitting transactions
chatterbot Romeo submitting transactions
chatterbot Charlie submitting transactions
chatterbot Tango submitting transactions
ChatterBot Juliett round 5
ChatterBot Quebec round 5
ChatterBot November round 5
ChatterBot Hotel round 5
ChatterBot Romeo round 5
ChatterBot Tango round 5
ChatterBot Charlie round 5
ChatterBot Victor round 5
ChatterBot Zulu round 5
ChatterBot Lima round 5
2024-10-15 04:55:18.688684 Hotel: Juliett, Romeo, Victor and Lima, sending you 4
2024-10-15 04:55:18.691665 Hotel: Quebec, sending you 2
2024-10-15 04:55:18.694048 Quebec: Same as last round
2024-10-15 04:55:18.695650 November: Tango and Charlie, sending you 8
2024-10-15 04:55:18.696677 Romeo: Juliett, Quebec, Victor and Lima, sending you 3
2024-10-15 04:55:18.697680 Charlie: November and Zulu, sending you 3
2024-10-15 04:55:18.698117 Victor: Juliett and Romeo, sending you 3
2024-10-15 04:55:18.698680 November: Zulu, sending you 4
2024-10-15 04:55:18.699794 Zulu: Same as last round
2024-10-15 04:55:18.700678 Charlie: Tango, sending you 4
2024-10-15 04:55:18.701695 Romeo: Hotel, sending you 4
2024-10-15 04:55:18.702224 Juliett: Quebec, Hotel, Romeo and Lima, sending you 3
2024-10-15 04:55:18.702756 Lima: Juliett, Quebec, Hotel and Romeo, sending you 3
2024-10-15 04:55:18.703315 Victor: Quebec and Hotel, sending you 4
2024-10-15 04:55:18.703807 Tango: November, sending you 6
2024-10-15 04:55:18.705681 Lima: Victor, sending you 5
2024-10-15 04:55:18.707657 Juliett: Victor, sending you 2
2024-10-15 04:55:18.708726 Victor: Lima, sending you 5
2024-10-15 04:55:18.710379 Tango: Charlie, sending you 5
2024-10-15 04:55:18.715690 Tango: Zulu, sending you 4
chatterbot Zulu submitting transactions
chatterbot November submitting transactions
chatterbot Romeo submitting transactions
chatterbot Tango submitting transactions
chatterbot Juliett submitting transactions
chatterbot Charlie submitting transactions
chatterbot Victor submitting transactions
chatterbot Hotel submitting transactions
chatterbot Lima submitting transactions
chatterbot Quebec submitting transactions
ChatterBot Juliett round 6
ChatterBot Quebec round 6
ChatterBot November round 6
ChatterBot Hotel round 6
ChatterBot Romeo round 6
ChatterBot Tango round 6
ChatterBot Charlie round 6
ChatterBot Victor round 6
ChatterBot Zulu round 6
ChatterBot Lima round 6
2024-10-15 04:55:19.844402 Charlie: November and Zulu, sending you 3
2024-10-15 04:55:19.848782 Charlie: Tango, sending you 4
2024-10-15 04:55:19.851688 Juliett: Sending you each 3
2024-10-15 04:55:19.853345 Quebec: Same as last round
2024-10-15 04:55:19.854286 Romeo: Juliett, Quebec, Victor and Lima, sending you 3
2024-10-15 04:55:19.855715 Victor: Juliett and Romeo, sending you 3
2024-10-15 04:55:19.857215 Zulu: Tango and Charlie, sending you 1
2024-10-15 04:55:19.857903 November: Tango, sending you 8
2024-10-15 04:55:19.858722 Romeo: Hotel, sending you 4
2024-10-15 04:55:19.859484 Tango: November, sending you 6
2024-10-15 04:55:19.860064 Hotel: Juliett, Romeo, Victor and Lima, sending you 4
2024-10-15 04:55:19.861576 Victor: Quebec and Hotel, sending you 4
2024-10-15 04:55:19.862674 November: Charlie, sending you 7
2024-10-15 04:55:19.863033 Tango: Charlie, sending you 5
2024-10-15 04:55:19.864717 Hotel: Quebec, sending you 3
2024-10-15 04:55:19.866717 Victor: Lima, sending you 5
2024-10-15 04:55:19.867460 November: Zulu, sending you 5
2024-10-15 04:55:19.867942 Tango: Zulu, sending you 4
2024-10-15 04:55:19.868424 Lima: Juliett, Quebec, Hotel and Romeo, sending you 3
2024-10-15 04:55:19.872716 Lima: Victor, sending you 5
chatterbot Juliett submitting transactions
chatterbot Hotel submitting transactions
chatterbot Tango submitting transactions
chatterbot November submitting transactions
chatterbot Quebec submitting transactions
chatterbot Lima submitting transactions
chatterbot Zulu submitting transactions
chatterbot Victor submitting transactions
chatterbot Charlie submitting transactions
chatterbot Romeo submitting transactions
ChatterBot Juliett round 7
ChatterBot Quebec round 7
ChatterBot November round 7
ChatterBot Hotel round 7
ChatterBot Romeo round 7
ChatterBot Tango round 7
ChatterBot Charlie round 7
ChatterBot Victor round 7
ChatterBot Zulu round 7
ChatterBot Lima round 7
2024-10-15 04:55:20.785659 Hotel: Juliett, Romeo, Victor and Lima, sending you 4
2024-10-15 04:55:20.788680 Juliett: Same as last round
2024-10-15 04:55:20.790704 Hotel: Quebec, sending you 3
2024-10-15 04:55:20.791690 Victor: Juliett and Romeo, sending you 3
2024-10-15 04:55:20.793303 Romeo: Juliett, Quebec, Victor and Lima, sending you 3
2024-10-15 04:55:20.794731 November: Tango, sending you 9
2024-10-15 04:55:20.795209 Lima: Juliett, Quebec, Hotel and Romeo, sending you 3
2024-10-15 04:55:20.796504 Victor: Quebec and Hotel, sending you 4
2024-10-15 04:55:20.797161 Quebec: Same as last round
2024-10-15 04:55:20.797829 Romeo: Hotel, sending you 4
2024-10-15 04:55:20.798910 Charlie: November, sending you 2
2024-10-15 04:55:20.799693 November: Charlie, sending you 7
2024-10-15 04:55:20.800134 Victor: Lima, sending you 5
2024-10-15 04:55:20.801416 Lima: Victor, sending you 5
2024-10-15 04:55:20.802103 Tango: November, sending you 6
2024-10-15 04:55:20.802691 Zulu: Tango and Charlie, sending you 1
2024-10-15 04:55:20.803675 Charlie: Tango and Zulu, sending you 4
2024-10-15 04:55:20.804676 November: Zulu, sending you 4
2024-10-15 04:55:20.805068 Tango: Charlie, sending you 5
2024-10-15 04:55:20.808706 Tango: Zulu, sending you 4
chatterbot Quebec submitting transactions
chatterbot Romeo submitting transactions
chatterbot November submitting transactions
chatterbot Juliett submitting transactions
chatterbot Victor submitting transactions
chatterbot Zulu submitting transactions
chatterbot Tango submitting transactions
chatterbot Charlie submitting transactions
chatterbot Hotel submitting transactions
chatterbot Lima submitting transactions
ChatterBot Juliett round 8
ChatterBot Quebec round 8
ChatterBot November round 8
ChatterBot Hotel round 8
ChatterBot Romeo round 8
ChatterBot Tango round 8
ChatterBot Charlie round 8
ChatterBot Victor round 8
ChatterBot Zulu round 8
ChatterBot Lima round 8
2024-10-15 04:55:22.072685 November: Tango, sending you 9
2024-10-15 04:55:22.073676 Romeo: Juliett, Quebec, Victor and Lima, sending you 3
2024-10-15 04:55:22.075683 November: Charlie, sending you 7
2024-10-15 04:55:22.078680 Zulu: Tango and Charlie, sending you 1
2024-10-15 04:55:22.079688 Romeo: Hotel, sending you 4
2024-10-15 04:55:22.081699 November: Zulu, sending you 4
2024-10-15 04:55:22.084661 Tango: November, sending you 6
2024-10-15 04:55:22.086703 Juliett: Quebec, Romeo, Victor and Lima, sending you 3
2024-10-15 04:55:22.087697 Charlie: November, sending you 2
2024-10-15 04:55:22.088807 Quebec: Same as last round
2024-10-15 04:55:22.089812 Tango: Charlie, sending you 5
2024-10-15 04:55:22.090689 Juliett: Hotel, sending you 4
2024-10-15 04:55:22.091875 Victor: Juliett and Romeo, sending you 3
2024-10-15 04:55:22.092495 Charlie: Tango and Zulu, sending you 4
2024-10-15 04:55:22.092854 Hotel: Juliett, Romeo, Victor and Lima, sending you 4
2024-10-15 04:55:22.093696 Lima: Juliett, Quebec, Hotel and Romeo, sending you 3
2024-10-15 04:55:22.095139 Tango: Zulu, sending you 4
2024-10-15 04:55:22.096655 Victor: Quebec and Hotel, sending you 4
2024-10-15 04:55:22.097573 Hotel: Quebec, sending you 3
2024-10-15 04:55:22.099669 Lima: Victor, sending you 5
2024-10-15 04:55:22.100311 Victor: Lima, sending you 5
chatterbot Romeo submitting transactions
chatterbot Juliett submitting transactions
chatterbot Lima submitting transactions
chatterbot Charlie submitting transactions
chatterbot Victor submitting transactions
chatterbot Hotel submitting transactions
chatterbot November submitting transactions
chatterbot Quebec submitting transactions
chatterbot Zulu submitting transactions
chatterbot Tango submitting transactions
ChatterBot Juliett round 9
ChatterBot Quebec round 9
ChatterBot November round 9
ChatterBot Hotel round 9
ChatterBot Romeo round 9
ChatterBot Tango round 9
ChatterBot Charlie round 9
ChatterBot Victor round 9
ChatterBot Zulu round 9
ChatterBot Lima round 9
2024-10-15 04:55:23.292004 Juliett: Quebec, Romeo, Victor and Lima, sending you 3
2024-10-15 04:55:23.296682 Victor: Juliett, Quebec and Romeo, sending you 3
2024-10-15 04:55:23.297555 Juliett: Hotel, sending you 4
2024-10-15 04:55:23.299726 Romeo: Juliett, Quebec, Victor and Lima, sending you 3
2024-10-15 04:55:23.300248 Charlie: November, sending you 2
2024-10-15 04:55:23.300699 Victor: Hotel, sending you 4
2024-10-15 04:55:23.302686 Quebec: Same as last round
2024-10-15 04:55:23.304314 Tango: November, sending you 6
2024-10-15 04:55:23.304860 Romeo: Hotel, sending you 4
2024-10-15 04:55:23.305661 November: Tango, sending you 9
2024-10-15 04:55:23.306187 Lima: Juliett, Quebec and Romeo, sending you 3
2024-10-15 04:55:23.307116 Charlie: Tango and Zulu, sending you 3
2024-10-15 04:55:23.307645 Victor: Lima, sending you 6
2024-10-15 04:55:23.308424 Hotel: Sending you each 4
2024-10-15 04:55:23.309214 Tango: Charlie, sending you 5
2024-10-15 04:55:23.309790 November: Charlie, sending you 7
2024-10-15 04:55:23.310678 Zulu: Tango and Charlie, sending you 1
2024-10-15 04:55:23.311753 Lima: Hotel and Victor, sending you 4
2024-10-15 04:55:23.313049 Tango: Zulu, sending you 4
2024-10-15 04:55:23.314455 November: Zulu, sending you 4
chatterbot Quebec submitting transactions
chatterbot Tango submitting transactions
chatterbot Juliett submitting transactions
chatterbot Victor submitting transactions
chatterbot Zulu submitting transactions
chatterbot Charlie submitting transactions
chatterbot Romeo submitting transactions
chatterbot Hotel submitting transactions
chatterbot November submitting transactions
chatterbot Lima submitting transactions
ChatterBot Juliett round 10
ChatterBot Quebec round 10
ChatterBot November round 10
ChatterBot Hotel round 10
ChatterBot Romeo round 10
ChatterBot Tango round 10
ChatterBot Charlie round 10
ChatterBot Victor round 10
ChatterBot Zulu round 10
ChatterBot Lima round 10
2024-10-15 04:55:24.509826 November: Tango, sending you 10
2024-10-15 04:55:24.511692 Hotel: Same as last round
2024-10-15 04:55:24.513407 Quebec: Same as last round
2024-10-15 04:55:24.514682 November: Charlie, sending you 7
2024-10-15 04:55:24.517719 Tango: November, sending you 6
2024-10-15 04:55:24.518666 November: Zulu, sending you 3
2024-10-15 04:55:24.521678 Tango: Charlie, sending you 5
2024-10-15 04:55:24.523157 Juliett: Quebec, Romeo, Victor and Lima, sending you 3
2024-10-15 04:55:24.526686 Romeo: Juliett, Quebec, Victor and Lima, sending you 3
2024-10-15 04:55:24.527538 Juliett: Hotel, sending you 4
2024-10-15 04:55:24.528895 Charlie: November, sending you 2
2024-10-15 04:55:24.529572 Tango: Zulu, sending you 4
2024-10-15 04:55:24.530138 Victor: Juliett and Romeo, sending you 3
2024-10-15 04:55:24.530876 Lima: Juliett, Quebec and Romeo, sending you 3
2024-10-15 04:55:24.532206 Romeo: Hotel, sending you 4
2024-10-15 04:55:24.533687 Charlie: Tango, sending you 3
2024-10-15 04:55:24.535659 Victor: Quebec and Hotel, sending you 4
2024-10-15 04:55:24.536328 Lima: Hotel and Victor, sending you 4
2024-10-15 04:55:24.536934 Zulu: Tango and Charlie, sending you 1
2024-10-15 04:55:24.537665 Charlie: Zulu, sending you 4
2024-10-15 04:55:24.540680 Victor: Lima, sending you 5
chatterbot Romeo submitting transactions
chatterbot Quebec submitting transactions
chatterbot Victor submitting transactions
chatterbot Lima submitting transactions
chatterbot Tango submitting transactions
chatterbot Hotel submitting transactions
chatterbot Charlie submitting transactions
chatterbot November submitting transactions
chatterbot Zulu submitting transactions
chatterbot Juliett submitting transactions
ChatterBot Juliett round 11
ChatterBot Quebec round 11
ChatterBot November round 11
ChatterBot Hotel round 11
ChatterBot Romeo round 11
ChatterBot Tango round 11
ChatterBot Charlie round 11
ChatterBot Victor round 11
ChatterBot Zulu round 11
ChatterBot Lima round 11
2024-10-15 04:55:25.746690 Quebec: Same as last round
2024-10-15 04:55:25.752712 Hotel: Same as last round
2024-10-15 04:55:25.754307 Romeo: Juliett, Quebec, Victor and Lima, sending you 3
2024-10-15 04:55:25.757036 Juliett: Quebec, Romeo, Victor and Lima, sending you 3
2024-10-15 04:55:25.759695 Romeo: Hotel, sending you 4
2024-10-15 04:55:25.761027 Tango: November, sending you 6
2024-10-15 04:55:25.762660 Juliett: Hotel, sending you 5
2024-10-15 04:55:25.763951 November: Tango, sending you 10
2024-10-15 04:55:25.765109 Charlie: November, sending you 2
2024-10-15 04:55:25.765863 Zulu: Tango and Charlie, sending you 1
2024-10-15 04:55:25.766684 Lima: Juliett, Quebec and Romeo, sending you 3
2024-10-15 04:55:25.768163 Victor: Juliett and Romeo, sending you 3
2024-10-15 04:55:25.769997 Tango: Charlie, sending you 5
2024-10-15 04:55:25.770974 Charlie: Tango, sending you 3
2024-10-15 04:55:25.771735 November: Charlie, sending you 6
2024-10-15 04:55:25.773171 Lima: Hotel and Victor, sending you 4
2024-10-15 04:55:25.774117 Victor: Quebec and Hotel, sending you 4
2024-10-15 04:55:25.775653 Charlie: Zulu, sending you 4
2024-10-15 04:55:25.776304 Tango: Zulu, sending you 4
2024-10-15 04:55:25.777201 November: Zulu, sending you 4
2024-10-15 04:55:25.778669 Victor: Lima, sending you 5
chatterbot Quebec submitting transactions
chatterbot Tango submitting transactions
chatterbot Juliett submitting transactions
chatterbot Charlie submitting transactions
chatterbot November submitting transactions
chatterbot Hotel submitting transactions
chatterbot Romeo submitting transactions
chatterbot Lima submitting transactions
chatterbot Zulu submitting transactions
chatterbot Victor submitting transactions
ChatterBot Juliett round 12
ChatterBot Quebec round 12
ChatterBot November round 12
ChatterBot Hotel round 12
ChatterBot Romeo round 12
ChatterBot Tango round 12
ChatterBot Charlie round 12
ChatterBot Victor round 12
ChatterBot Zulu round 12
ChatterBot Lima round 12
2024-10-15 04:55:26.943673 Quebec: Same as last round
2024-10-15 04:55:26.945392 Juliett: Quebec, Romeo, Victor and Lima, sending you 3
2024-10-15 04:55:26.946688 November: Tango, sending you 10
2024-10-15 04:55:26.949721 Juliett: Hotel, sending you 5
2024-10-15 04:55:26.951294 Hotel: Juliett, Romeo, Victor and Lima, sending you 4
2024-10-15 04:55:26.952744 November: Charlie, sending you 6
2024-10-15 04:55:26.953720 Victor: Juliett and Romeo, sending you 3
2024-10-15 04:55:26.955371 Tango: November, sending you 6
2024-10-15 04:55:26.956084 Charlie: November, sending you 2
2024-10-15 04:55:26.956886 November: Zulu, sending you 4
2024-10-15 04:55:26.958189 Hotel: Quebec, sending you 3
2024-10-15 04:55:26.959123 Lima: Juliett, Quebec and Romeo, sending you 3
2024-10-15 04:55:26.960140 Victor: Quebec and Hotel, sending you 4
2024-10-15 04:55:26.962225 Romeo: Juliett, Quebec, Victor and Lima, sending you 3
2024-10-15 04:55:26.962883 Zulu: Charlie, sending you 1
2024-10-15 04:55:26.963397 Tango: Charlie, sending you 5
2024-10-15 04:55:26.964609 Charlie: Tango, sending you 3
2024-10-15 04:55:26.965002 Lima: Hotel and Victor, sending you 4
2024-10-15 04:55:26.965547 Victor: Lima, sending you 5
2024-10-15 04:55:26.967675 Romeo: Hotel, sending you 4
2024-10-15 04:55:26.968486 Tango: Zulu, sending you 4
2024-10-15 04:55:26.969588 Charlie: Zulu, sending you 4
chatterbot Hotel submitting transactions
chatterbot Lima submitting transactions
chatterbot November submitting transactions
chatterbot Juliett submitting transactions
chatterbot Romeo submitting transactions
chatterbot Victor submitting transactions
chatterbot Quebec submitting transactions
chatterbot Zulu submitting transactions
chatterbot Charlie submitting transactions
chatterbot Tango submitting transactions
ChatterBot Juliett round 13
ChatterBot Quebec round 13
ChatterBot November round 13
ChatterBot Hotel round 13
ChatterBot Romeo round 13
ChatterBot Tango round 13
ChatterBot Charlie round 13
ChatterBot Victor round 13
ChatterBot Zulu round 13
ChatterBot Lima round 13
2024-10-15 04:55:28.175580 Tango: We should drop Zulu
ChatterBot November reevaluating
ChatterBot Charlie reevaluating
2024-10-15 04:55:28.180724 November: Yes
2024-10-15 04:55:28.180878 Charlie: Yes
ChatterBot Tango reevaluating
ChatterBot Charlie reevaluating
ChatterBot Tango reevaluating
ChatterBot November reevaluating
2024-10-15 04:55:28.195808 Juliett: Quebec, Romeo, Victor and Lima, sending you 3
2024-10-15 04:55:28.198828 Juliett: Hotel, sending you 5
2024-10-15 04:55:28.205705 Romeo: Juliett, Quebec, Victor and Lima, sending you 3
2024-10-15 04:55:28.206679 Victor: Juliett and Romeo, sending you 3
2024-10-15 04:55:28.207968 Lima: Juliett, Quebec and Romeo, sending you 3
2024-10-15 04:55:28.208732 Zulu: Charlie, sending you 1
2024-10-15 04:55:28.210682 Romeo: Hotel, sending you 4
2024-10-15 04:55:28.212729 Victor: Quebec and Hotel, sending you 4
2024-10-15 04:55:28.213678 Lima: Hotel and Victor, sending you 4
2024-10-15 04:55:28.214380 Quebec: Same as last round
2024-10-15 04:55:28.215032 Hotel: Juliett, Romeo, Victor and Lima, sending you 4
2024-10-15 04:55:28.215834 Charlie: November, sending you 2
2024-10-15 04:55:28.217173 Victor: Lima, sending you 5
2024-10-15 04:55:28.217993 November: Tango, sending you 12
2024-10-15 04:55:28.218651 Hotel: Quebec, sending you 3
2024-10-15 04:55:28.219662 Charlie: Tango, sending you 3
2024-10-15 04:55:28.221674 November: Charlie, sending you 8
2024-10-15 04:55:28.224685 Tango: November, sending you 6
2024-10-15 04:55:28.228667 Tango: Charlie, sending you 5
2024-10-15 04:55:28.233666 Tango: Zulu, sending you 4
chatterbot Victor submitting transactions
chatterbot Hotel submitting transactions
chatterbot Tango submitting transactions
chatterbot Quebec submitting transactions
chatterbot November submitting transactions
chatterbot Romeo submitting transactions
chatterbot Zulu submitting transactions
chatterbot Charlie submitting transactions
chatterbot Juliett submitting transactions
chatterbot Lima submitting transactions
ChatterBot Juliett round 14
ChatterBot Quebec round 14
ChatterBot November round 14
ChatterBot Hotel round 14
ChatterBot Romeo round 14
ChatterBot Tango round 14
ChatterBot Charlie round 14
ChatterBot Victor round 14
ChatterBot Zulu round 14
ChatterBot Lima round 14
2024-10-15 04:55:29.284683 Hotel: Juliett, Romeo, Victor and Lima, sending you 4
2024-10-15 04:55:29.286304 Quebec: Same as last round
2024-10-15 04:55:29.287445 Juliett: Quebec, Hotel, Romeo and Lima, sending you 4
2024-10-15 04:55:29.290724 Hotel: Quebec, sending you 3
2024-10-15 04:55:29.292243 November: Tango, sending you 12
2024-10-15 04:55:29.292570 Tango: November, sending you 6
2024-10-15 04:55:29.293158 Juliett: Victor, sending you 2
2024-10-15 04:55:29.293917 Charlie: November, sending you 2
2024-10-15 04:55:29.295902 Lima: Juliett, Quebec and Romeo, sending you 3
2024-10-15 04:55:29.297476 Zulu: Charlie, sending you 1
2024-10-15 04:55:29.298361 Victor: Juliett and Romeo, sending you 3
2024-10-15 04:55:29.300256 Romeo: Juliett, Quebec, Victor and Lima, sending you 3
2024-10-15 04:55:29.301594 November: Charlie, sending you 8
2024-10-15 04:55:29.302925 Tango: Charlie, sending you 5
2024-10-15 04:55:29.303758 Charlie: Tango, sending you 3
2024-10-15 04:55:29.304342 Lima: Hotel and Victor, sending you 4
2024-10-15 04:55:29.306427 Victor: Quebec and Hotel, sending you 4
2024-10-15 04:55:29.307270 Romeo: Hotel, sending you 4
2024-10-15 04:55:29.308715 Tango: Zulu, sending you 4
2024-10-15 04:55:29.309685 Victor: Lima, sending you 5
chatterbot Zulu submitting transactions
chatterbot Juliett submitting transactions
chatterbot Charlie submitting transactions
chatterbot Romeo submitting transactions
chatterbot Victor submitting transactions
chatterbot Hotel submitting transactions
chatterbot Lima submitting transactions
chatterbot Quebec submitting transactions
chatterbot November submitting transactions
chatterbot Tango submitting transactions
ChatterBot Juliett round 15
ChatterBot Quebec round 15
ChatterBot November round 15
ChatterBot Hotel round 15
ChatterBot Romeo round 15
ChatterBot Tango round 15
ChatterBot Charlie round 15
ChatterBot Victor round 15
ChatterBot Zulu round 15
ChatterBot Lima round 15
2024-10-15 04:55:30.345684 Tango: November, sending you 6
2024-10-15 04:55:30.349685 Quebec: Same as last round
2024-10-15 04:55:30.351194 Tango: Charlie, sending you 5
2024-10-15 04:55:30.353681 Charlie: November, sending you 2
2024-10-15 04:55:30.354677 Victor: Juliett and Romeo, sending you 3
2024-10-15 04:55:30.356681 Tango: Zulu, sending you 4
2024-10-15 04:55:30.358414 Hotel: Juliett, Romeo, Victor and Lima, sending you 4
2024-10-15 04:55:30.359862 Charlie: Tango, sending you 3
2024-10-15 04:55:30.360737 Victor: Quebec and Hotel, sending you 4
2024-10-15 04:55:30.362670 November: Tango, sending you 12
2024-10-15 04:55:30.363701 Hotel: Quebec, sending you 3
2024-10-15 04:55:30.364835 Juliett: Quebec, Hotel and Lima, sending you 4
2024-10-15 04:55:30.366866 Lima: Juliett, Quebec and Romeo, sending you 3
2024-10-15 04:55:30.368005 Romeo: Juliett, Quebec, Victor and Lima, sending you 3
2024-10-15 04:55:30.368967 Victor: Lima, sending you 5
2024-10-15 04:55:30.369642 Zulu: Charlie, sending you 1
2024-10-15 04:55:30.371100 November: Charlie, sending you 8
2024-10-15 04:55:30.371521 Juliett: Romeo and Victor, sending you 3
2024-10-15 04:55:30.373111 Lima: Hotel and Victor, sending you 4
2024-10-15 04:55:30.374532 Romeo: Hotel, sending you 4
chatterbot November submitting transactions
chatterbot Lima submitting transactions
chatterbot Charlie submitting transactions
chatterbot Hotel submitting transactions
chatterbot Victor submitting transactions
chatterbot Zulu submitting transactions
chatterbot Tango submitting transactions
chatterbot Quebec submitting transactions
chatterbot Juliett submitting transactions
chatterbot Romeo submitting transactions
ChatterBot Juliett round 16
ChatterBot Quebec round 16
ChatterBot November round 16
ChatterBot Hotel round 16
ChatterBot Romeo round 16
ChatterBot Tango round 16
ChatterBot Charlie round 16
ChatterBot Victor round 16
ChatterBot Zulu round 16
ChatterBot Lima round 16
2024-10-15 04:55:31.655688 Quebec: Same as last round
2024-10-15 04:55:31.657341 Tango: November, sending you 6
2024-10-15 04:55:31.659062 Hotel: Juliett, Romeo, Victor and Lima, sending you 4
2024-10-15 04:55:31.661910 Juliett: Quebec, Hotel, Romeo and Lima, sending you 4
2024-10-15 04:55:31.663622 Romeo: Juliett, Quebec, Victor and Lima, sending you 3
2024-10-15 04:55:31.666133 Charlie: November, sending you 2
2024-10-15 04:55:31.667763 Victor: Juliett, sending you 3
2024-10-15 04:55:31.669411 Tango: Charlie, sending you 5
2024-10-15 04:55:31.670999 November: Tango, sending you 12
2024-10-15 04:55:31.671720 Hotel: Quebec, sending you 3
2024-10-15 04:55:31.674233 Juliett: Victor, sending you 2
2024-10-15 04:55:31.675980 Zulu: Charlie, sending you 1
2024-10-15 04:55:31.677599 Romeo: Hotel, sending you 4
2024-10-15 04:55:31.679635 Charlie: Tango, sending you 3
2024-10-15 04:55:31.681106 Victor: Quebec, Hotel, Romeo and Lima, sending you 4
