ChatterBot Lima round 1
ChatterBot Victor round 1
ChatterBot Zulu round 1
ChatterBot Whiskey round 1
ChatterBot Sierra round 1
ChatterBot Foxtrot round 1
ChatterBot Juliett round 1
ChatterBot Kilo round 1
ChatterBot Oscar round 1
ChatterBot Golf round 1
randomSelections Victor: {Victor, Zulu} 
2024-10-15 04:55:11.915436 Victor: We would work well together
ChatterBot Zulu reevaluating
2024-10-15 04:55:11.920754 Zulu: Yes
randomSelections Lima: {Lima, Zulu, Juliett, Foxtrot, Whiskey, Sierra} 
2024-10-15 04:55:11.928094 Lima: Can we be friends?
ChatterBot Zulu reevaluating
ChatterBot Juliett reevaluating
ChatterBot Foxtrot reevaluating
ChatterBot Whiskey reevaluating
ChatterBot Sierra reevaluating
2024-10-15 04:55:11.948199 Zulu: No
2024-10-15 04:55:11.948579 Juliett: Yes
2024-10-15 04:55:11.949563 Foxtrot: Yes
2024-10-15 04:55:11.949826 Whiskey: Yes
2024-10-15 04:55:11.950039 Sierra: Yes
ChatterBot Juliett reevaluating
ChatterBot Foxtrot reevaluating
ChatterBot Whiskey reevaluating
ChatterBot Sierra reevaluating
ChatterBot Zulu reevaluating
ChatterBot Foxtrot reevaluating
ChatterBot Whiskey reevaluating
ChatterBot Sierra reevaluating
ChatterBot Zulu reevaluating
ChatterBot Juliett reevaluating
ChatterBot Whiskey reevaluating
ChatterBot Sierra reevaluating
ChatterBot Zulu reevaluating
ChatterBot Juliett reevaluating
ChatterBot Foxtrot reevaluating
ChatterBot Sierra reevaluating
ChatterBot Zulu reevaluating
ChatterBot Juliett reevaluating
ChatterBot Foxtrot reevaluating
ChatterBot Whiskey reevaluating
randomSelections Oscar: {Oscar, Whiskey, Sierra, Foxtrot, Lima, Zulu, Golf, Kilo} 
2024-10-15 04:55:12.022659 Oscar: Group up?
ChatterBot Whiskey reevaluating
ChatterBot Sierra reevaluating
ChatterBot Foxtrot reevaluating
ChatterBot Zulu reevaluating
ChatterBot Golf reevaluating
ChatterBot Kilo reevaluating
2024-10-15 04:55:12.039307 Whiskey: No
2024-10-15 04:55:12.039701 Sierra: No
2024-10-15 04:55:12.039938 Foxtrot: No
2024-10-15 04:55:12.040151 Lima: No
2024-10-15 04:55:12.040424 Zulu: No
2024-10-15 04:55:12.040680 Golf: Yes
2024-10-15 04:55:12.041359 Kilo: Yes
ChatterBot Sierra reevaluating
ChatterBot Foxtrot reevaluating
ChatterBot Zulu reevaluating
ChatterBot Golf reevaluating
ChatterBot Kilo reevaluating
ChatterBot Whiskey reevaluating
ChatterBot Foxtrot reevaluating
ChatterBot Zulu reevaluating
ChatterBot Golf reevaluating
ChatterBot Kilo reevaluating
ChatterBot Whiskey reevaluating
ChatterBot Sierra reevaluating
ChatterBot Zulu reevaluating
ChatterBot Golf reevaluating
ChatterBot Kilo reevaluating
ChatterBot Whiskey reevaluating
ChatterBot Sierra reevaluating
ChatterBot Foxtrot reevaluating
ChatterBot Zulu reevaluating
ChatterBot Golf reevaluating
ChatterBot Kilo reevaluating
ChatterBot Whiskey reevaluating
ChatterBot Sierra reevaluating
ChatterBot Foxtrot reevaluating
ChatterBot Golf reevaluating
ChatterBot Kilo reevaluating
ChatterBot Whiskey reevaluating
ChatterBot Sierra reevaluating
ChatterBot Foxtrot reevaluating
ChatterBot Zulu reevaluating
ChatterBot Kilo reevaluating
ChatterBot Whiskey reevaluating
ChatterBot Sierra reevaluating
ChatterBot Foxtrot reevaluating
ChatterBot Zulu reevaluating
ChatterBot Golf reevaluating
2024-10-15 04:55:12.160656 Oscar: Lima and Kilo, sending you 5
2024-10-15 04:55:12.161684 Kilo: Lima, Sierra, Oscar and Golf, sending you 2
2024-10-15 04:55:12.163657 Oscar: Zulu, sending you 2
2024-10-15 04:55:12.164679 Zulu: Sending you 8
2024-10-15 04:55:12.164966 Golf: Lima and Whiskey, sending you 1
2024-10-15 04:55:12.166263 Foxtrot: Lima, sending you 3
2024-10-15 04:55:12.166677 Kilo: Zulu, sending you 3
2024-10-15 04:55:12.167209 Sierra: Lima, Zulu and Juliett, sending you 4
2024-10-15 04:55:12.167609 Oscar: Whiskey, sending you 4
2024-10-15 04:55:12.168062 Golf: Zulu and Sierra, sending you 2
2024-10-15 04:55:12.168668 Victor: Sending you 19
2024-10-15 04:55:12.169663 Juliett: Lima, sending you 4
2024-10-15 04:55:12.170652 Lima: Zulu, sending you 4
2024-10-15 04:55:12.170993 Foxtrot: Zulu, Whiskey, Sierra and Juliett, sending you 4
2024-10-15 04:55:12.171268 Kilo: Whiskey, sending you 1
2024-10-15 04:55:12.171536 Sierra: Whiskey and Foxtrot, sending you 3
2024-10-15 04:55:12.171832 Golf: Foxtrot, sending you 3
2024-10-15 04:55:12.172698 Oscar: Sierra, sending you 1
2024-10-15 04:55:12.174693 Juliett: Zulu, sending you 2
2024-10-15 04:55:12.175064 Golf: Kilo, sending you 5
2024-10-15 04:55:12.175678 Lima: Whiskey and Sierra, sending you 2
2024-10-15 04:55:12.176043 Kilo: Foxtrot, sending you 6
2024-10-15 04:55:12.176679 Oscar: Golf, sending you 3
2024-10-15 04:55:12.178370 Whiskey: Lima, sending you 4
2024-10-15 04:55:12.178741 Juliett: Whiskey, Sierra and Foxtrot, sending you 3
2024-10-15 04:55:12.179093 Golf: Oscar, sending you 4
2024-10-15 04:55:12.180674 Lima: Foxtrot, sending you 3
2024-10-15 04:55:12.182665 Whiskey: Zulu, sending you 5
2024-10-15 04:55:12.185676 Lima: Juliett, sending you 6
2024-10-15 04:55:12.187666 Whiskey: Sierra, Foxtrot and Juliett, sending you 3
chatterbot Lima submitting transactions
chatterbot Victor submitting transactions
chatterbot Whiskey submitting transactions
chatterbot Kilo submitting transactions
chatterbot Foxtrot submitting transactions
chatterbot Juliett submitting transactions
chatterbot Oscar submitting transactions
chatterbot Golf submitting transactions
chatterbot Sierra submitting transactions
chatterbot Zulu submitting transactions
ChatterBot Lima round 2
2024-10-15 04:55:13.939427 Lima: Group up?
ChatterBot Whiskey reevaluating
ChatterBot Sierra reevaluating
ChatterBot Foxtrot reevaluating
ChatterBot Juliett reevaluating
ChatterBot Kilo reevaluating
ChatterBot Oscar reevaluating
ChatterBot Golf reevaluating
2024-10-15 04:55:14.026593 Whiskey: No
2024-10-15 04:55:14.026848 Sierra: No
2024-10-15 04:55:14.027011 Foxtrot: No
2024-10-15 04:55:14.027187 Juliett: No
2024-10-15 04:55:14.027877 Kilo: No
2024-10-15 04:55:14.028081 Oscar: No
2024-10-15 04:55:14.028229 Golf: No
ChatterBot Sierra reevaluating
ChatterBot Foxtrot reevaluating
ChatterBot Juliett reevaluating
ChatterBot Kilo reevaluating
ChatterBot Oscar reevaluating
ChatterBot Golf reevaluating
ChatterBot Whiskey reevaluating
ChatterBot Foxtrot reevaluating
ChatterBot Juliett reevaluating
ChatterBot Kilo reevaluating
ChatterBot Oscar reevaluating
ChatterBot Golf reevaluating
ChatterBot Whiskey reevaluating
ChatterBot Sierra reevaluating
ChatterBot Juliett reevaluating
ChatterBot Kilo reevaluating
ChatterBot Oscar reevaluating
ChatterBot Golf reevaluating
ChatterBot Whiskey reevaluating
ChatterBot Sierra reevaluating
ChatterBot Foxtrot reevaluating
ChatterBot Kilo reevaluating
ChatterBot Oscar reevaluating
ChatterBot Golf reevaluating
ChatterBot Whiskey reevaluating
ChatterBot Sierra reevaluating
ChatterBot Foxtrot reevaluating
ChatterBot Juliett reevaluating
ChatterBot Oscar reevaluating
ChatterBot Golf reevaluating
ChatterBot Whiskey reevaluating
ChatterBot Sierra reevaluating
ChatterBot Foxtrot reevaluating
ChatterBot Juliett reevaluating
ChatterBot Kilo reevaluating
ChatterBot Golf reevaluating
ChatterBot Whiskey reevaluating
ChatterBot Sierra reevaluating
ChatterBot Foxtrot reevaluating
ChatterBot Juliett reevaluating
ChatterBot Kilo reevaluating
ChatterBot Oscar reevaluating
ChatterBot Victor round 2
ChatterBot Zulu round 2
ChatterBot Whiskey round 2
ChatterBot Sierra round 2
ChatterBot Foxtrot round 2
ChatterBot Juliett round 2
ChatterBot Kilo round 2
ChatterBot Oscar round 2
ChatterBot Golf round 2
2024-10-15 04:55:14.609830 Sierra: We should replace Zulu with Golf
ChatterBot Whiskey reevaluating
ChatterBot Foxtrot reevaluating
ChatterBot Juliett reevaluating
2024-10-15 04:55:14.639390 Lima: Yes
2024-10-15 04:55:14.639579 Whiskey: Yes
2024-10-15 04:55:14.640345 Foxtrot: Yes
2024-10-15 04:55:14.640492 Juliett: No
ChatterBot Sierra reevaluating
ChatterBot Whiskey reevaluating
ChatterBot Foxtrot reevaluating
ChatterBot Juliett reevaluating
ChatterBot Sierra reevaluating
ChatterBot Foxtrot reevaluating
ChatterBot Juliett reevaluating
ChatterBot Sierra reevaluating
ChatterBot Whiskey reevaluating
ChatterBot Juliett reevaluating
ChatterBot Sierra reevaluating
ChatterBot Whiskey reevaluating
ChatterBot Foxtrot reevaluating
2024-10-15 04:55:14.787821 Zulu: Group up?
ChatterBot Whiskey reevaluating
ChatterBot Sierra reevaluating
ChatterBot Foxtrot reevaluating
ChatterBot Juliett reevaluating
2024-10-15 04:55:14.829780 Victor: No
2024-10-15 04:55:14.830008 Lima: No
2024-10-15 04:55:14.830843 Whiskey: No
2024-10-15 04:55:14.830989 Sierra: No
2024-10-15 04:55:14.831146 Foxtrot: No
2024-10-15 04:55:14.831293 Juliett: No
ChatterBot Whiskey reevaluating
ChatterBot Sierra reevaluating
ChatterBot Foxtrot reevaluating
ChatterBot Juliett reevaluating
ChatterBot Whiskey reevaluating
ChatterBot Sierra reevaluating
ChatterBot Foxtrot reevaluating
ChatterBot Juliett reevaluating
ChatterBot Sierra reevaluating
ChatterBot Foxtrot reevaluating
ChatterBot Juliett reevaluating
ChatterBot Whiskey reevaluating
ChatterBot Foxtrot reevaluating
ChatterBot Juliett reevaluating
ChatterBot Whiskey reevaluating
ChatterBot Sierra reevaluating
ChatterBot Juliett reevaluating
ChatterBot Whiskey reevaluating
ChatterBot Sierra reevaluating
ChatterBot Foxtrot reevaluating
2024-10-15 04:55:15.095392 Oscar: We should replace Zulu with Juliett
ChatterBot Whiskey reevaluating
ChatterBot Sierra reevaluating
ChatterBot Foxtrot reevaluating
2024-10-15 04:55:15.122253 Kilo: No
2024-10-15 04:55:15.122876 Golf: No
2024-10-15 04:55:15.123014 Lima: Yes
2024-10-15 04:55:15.123141 Whiskey: Yes
2024-10-15 04:55:15.123240 Sierra: Yes
2024-10-15 04:55:15.123352 Foxtrot: Yes
ChatterBot Golf reevaluating
ChatterBot Whiskey reevaluating
ChatterBot Sierra reevaluating
ChatterBot Foxtrot reevaluating
ChatterBot Whiskey reevaluating
ChatterBot Sierra reevaluating
ChatterBot Foxtrot reevaluating
ChatterBot Golf reevaluating
ChatterBot Whiskey reevaluating
ChatterBot Sierra reevaluating
ChatterBot Foxtrot reevaluating
ChatterBot Golf reevaluating
ChatterBot Sierra reevaluating
ChatterBot Foxtrot reevaluating
ChatterBot Golf reevaluating
ChatterBot Whiskey reevaluating
ChatterBot Foxtrot reevaluating
ChatterBot Golf reevaluating
ChatterBot Whiskey reevaluating
ChatterBot Sierra reevaluating
2024-10-15 04:55:15.488988 Sierra: We should replace Zulu with Kilo
ChatterBot Whiskey reevaluating
ChatterBot Foxtrot reevaluating
ChatterBot Juliett reevaluating
2024-10-15 04:55:15.509005 Lima: Yes
2024-10-15 04:55:15.509219 Whiskey: Yes
2024-10-15 04:55:15.509915 Foxtrot: Yes
2024-10-15 04:55:15.510114 Juliett: No
ChatterBot Sierra reevaluating
ChatterBot Whiskey reevaluating
ChatterBot Foxtrot reevaluating
ChatterBot Juliett reevaluating
ChatterBot Sierra reevaluating
ChatterBot Foxtrot reevaluating
ChatterBot Juliett reevaluating
ChatterBot Sierra reevaluating
ChatterBot Whiskey reevaluating
ChatterBot Juliett reevaluating
ChatterBot Sierra reevaluating
ChatterBot Whiskey reevaluating
ChatterBot Foxtrot reevaluating
chatterbot Lima submitting transactions
2024-10-15 04:55:15.623560 Lima: Whiskey, Sierra, Juliett and Oscar, sending you 3
2024-10-15 04:55:15.625146 Oscar: Juliett we want you to join our group
2024-10-15 04:55:15.633583 Juliett: No
ChatterBot Whiskey reevaluating
ChatterBot Sierra reevaluating
ChatterBot Golf reevaluating
2024-10-15 04:55:15.685576 Juliett: We should drop Zulu
ChatterBot Sierra reevaluating
ChatterBot Whiskey reevaluating
2024-10-15 04:55:15.712307 Sierra: Yes
2024-10-15 04:55:15.713020 Lima: Yes
2024-10-15 04:55:15.713326 Whiskey: Yes
2024-10-15 04:55:15.713527 Foxtrot: Yes
ChatterBot Whiskey reevaluating
ChatterBot Sierra reevaluating
ChatterBot Whiskey reevaluating
ChatterBot Sierra reevaluating
ChatterBot Sierra reevaluating
ChatterBot Whiskey reevaluating
2024-10-15 04:55:15.792311 Lima: Foxtrot and Kilo, sending you 2
2024-10-15 04:55:15.793510 Golf: Juliett we want you to join our group
2024-10-15 04:55:15.797472 Juliett: No
ChatterBot Golf reevaluating
chatterbot Oscar submitting transactions
2024-10-15 04:55:15.829509 Victor: Sending you 20
2024-10-15 04:55:15.830453 Kilo: Sending you each 9
2024-10-15 04:55:15.830702 Lima: Golf, sending you 1
2024-10-15 04:55:15.831018 Zulu: Lima, Whiskey, Sierra, Foxtrot and Juliett, sending you 1
2024-10-15 04:55:15.831432 Sierra: Golf we want you to join our group
ChatterBot Golf reevaluating
2024-10-15 04:55:15.836252 Golf: Yes
2024-10-15 04:55:15.856283 Zulu: Victor, sending you 4
2024-10-15 04:55:15.919550 Whiskey: Lima, sending you 2
2024-10-15 04:55:15.919940 Foxtrot: Lima, Whiskey, Sierra, Juliett and Golf, sending you 3
2024-10-15 04:55:15.920757 Oscar: Kilo, sending you 6
2024-10-15 04:55:15.921052 Juliett: Lima, sending you 5
chatterbot Kilo submitting transactions
2024-10-15 04:55:15.977546 Whiskey: Sierra and Juliett, sending you 3
2024-10-15 04:55:15.978011 Foxtrot: Kilo, sending you 4
2024-10-15 04:55:15.978828 Oscar: Golf, sending you 12
2024-10-15 04:55:15.979137 Juliett: Whiskey, sending you 2
2024-10-15 04:55:15.979374 Sierra: Lima, sending you 3
chatterbot Foxtrot submitting transactions
2024-10-15 04:55:16.007832 Whiskey: Foxtrot and Oscar, sending you 4
2024-10-15 04:55:16.008259 Juliett: Sierra and Foxtrot, sending you 4
2024-10-15 04:55:16.008555 Sierra: Whiskey and Juliett, sending you 4
2024-10-15 04:55:16.024271 Whiskey: Kilo and Golf, sending you 1
2024-10-15 04:55:16.025460 Sierra: Foxtrot, sending you 5
2024-10-15 04:55:16.026027 Golf: Lima, Whiskey, Sierra, Foxtrot and Juliett, sending you 2
2024-10-15 04:55:16.044537 Sierra: Golf, sending you 2
2024-10-15 04:55:16.045753 Golf: Kilo, sending you 3
2024-10-15 04:55:16.053454 Golf: Oscar, sending you 5
chatterbot Juliett submitting transactions
chatterbot Zulu submitting transactions
chatterbot Victor submitting transactions
chatterbot Sierra submitting transactions
chatterbot Whiskey submitting transactions
chatterbot Golf submitting transactions
ChatterBot Lima round 3
ChatterBot Victor round 3
ChatterBot Zulu round 3
ChatterBot Whiskey round 3
ChatterBot Sierra round 3
ChatterBot Foxtrot round 3
ChatterBot Juliett round 3
ChatterBot Kilo round 3
ChatterBot Oscar round 3
ChatterBot Golf round 3
2024-10-15 04:55:17.582563 Lima: Whiskey, Sierra and Foxtrot, sending you 3
2024-10-15 04:55:17.583061 Victor: Same as last round
2024-10-15 04:55:17.583782 Zulu: Lima, Whiskey, Sierra, Foxtrot and Juliett, sending you 1
2024-10-15 04:55:17.723033 Lima: Juliett, sending you 4
2024-10-15 04:55:17.724050 Sierra: Lima and Golf, sending you 3
2024-10-15 04:55:17.724319 Juliett: Lima, Sierra and Foxtrot, sending you 4
2024-10-15 04:55:17.724731 Kilo: Lima, sending you 2
2024-10-15 04:55:17.725639 Whiskey: Lima and Juliett, sending you 3
2024-10-15 04:55:17.725986 Zulu: Victor, sending you 4
2024-10-15 04:55:17.726281 Foxtrot: Lima and Kilo, sending you 3
chatterbot Sierra submitting transactions
2024-10-15 04:55:17.795732 Sierra: Whiskey, Foxtrot and Juliett, sending you 4
2024-10-15 04:55:17.796214 Lima: Oscar and Golf, sending you 2
2024-10-15 04:55:17.796771 Juliett: Whiskey, sending you 3
2024-10-15 04:55:17.798331 Kilo: Whiskey, sending you 1
2024-10-15 04:55:17.798880 Whiskey: Sierra and Foxtrot, sending you 4
2024-10-15 04:55:17.799385 Foxtrot: Whiskey, Sierra and Juliett, sending you 4
2024-10-15 04:55:17.804049 Oscar: Lima and Whiskey, sending you 3
2024-10-15 04:55:17.805830 Golf: Lima, Whiskey, Sierra, Foxtrot and Juliett, sending you 2
2024-10-15 04:55:17.806444 Kilo: Foxtrot, sending you 3
2024-10-15 04:55:17.806942 Whiskey: Oscar and Golf, sending you 2
2024-10-15 04:55:17.809397 Foxtrot: Golf, sending you 2
2024-10-15 04:55:17.810004 Golf: Kilo, sending you 3
2024-10-15 04:55:17.812318 Oscar: Kilo, sending you 8
2024-10-15 04:55:17.817173 Kilo: Oscar, sending you 7
2024-10-15 04:55:17.818884 Golf: Oscar, sending you 5
2024-10-15 04:55:17.962403 Oscar: Golf, sending you 6
2024-10-15 04:55:17.964093 Kilo: Golf, sending you 5
chatterbot Zulu submitting transactions
chatterbot Foxtrot submitting transactions
chatterbot Kilo submitting transactions
chatterbot Juliett submitting transactions
chatterbot Victor submitting transactions
chatterbot Lima submitting transactions
chatterbot Whiskey submitting transactions
chatterbot Oscar submitting transactions
chatterbot Golf submitting transactions
ChatterBot Lima round 4
ChatterBot Victor round 4
ChatterBot Zulu round 4
ChatterBot Whiskey round 4
ChatterBot Sierra round 4
ChatterBot Foxtrot round 4
ChatterBot Juliett round 4
ChatterBot Kilo round 4
ChatterBot Oscar round 4
ChatterBot Golf round 4
2024-10-15 04:55:18.694034 Victor: Same as last round
2024-10-15 04:55:18.694686 Zulu: Lima, Whiskey, Sierra, Foxtrot and Juliett, sending you 1
2024-10-15 04:55:18.697660 Zulu: Victor, sending you 4
2024-10-15 04:55:18.699670 Kilo: Lima and Whiskey, sending you 1
2024-10-15 04:55:18.700685 Juliett: Lima, Sierra and Foxtrot, sending you 4
2024-10-15 04:55:18.702651 Oscar: Lima and Whiskey, sending you 3
2024-10-15 04:55:18.703657 Sierra: Lima and Golf, sending you 3
2024-10-15 04:55:18.704102 Kilo: Foxtrot and Golf, sending you 4
2024-10-15 04:55:18.705689 Juliett: Whiskey, sending you 3
2024-10-15 04:55:18.706297 Oscar: Kilo, sending you 8
2024-10-15 04:55:18.707036 Foxtrot: Lima and Kilo, sending you 3
2024-10-15 04:55:18.708662 Sierra: Whiskey, Foxtrot and Juliett, sending you 4
2024-10-15 04:55:18.709037 Kilo: Oscar, sending you 8
2024-10-15 04:55:18.710349 Whiskey: Lima and Juliett, sending you 3
2024-10-15 04:55:18.711011 Oscar: Golf, sending you 6
2024-10-15 04:55:18.711597 Foxtrot: Whiskey, Sierra and Juliett, sending you 4
2024-10-15 04:55:18.712153 Lima: Whiskey, Sierra, Foxtrot and Juliett, sending you 3
2024-10-15 04:55:18.714661 Whiskey: Sierra and Foxtrot, sending you 4
2024-10-15 04:55:18.715692 Foxtrot: Golf, sending you 2
2024-10-15 04:55:18.716407 Lima: Kilo, sending you 1
2024-10-15 04:55:18.717659 Whiskey: Oscar and Golf, sending you 2
2024-10-15 04:55:18.719678 Lima: Oscar and Golf, sending you 2
2024-10-15 04:55:18.720672 Golf: Lima, Whiskey, Sierra, Foxtrot and Juliett, sending you 2
2024-10-15 04:55:18.723698 Golf: Kilo and Oscar, sending you 4
chatterbot Lima submitting transactions
chatterbot Whiskey submitting transactions
chatterbot Sierra submitting transactions
chatterbot Kilo submitting transactions
chatterbot Oscar submitting transactions
chatterbot Victor submitting transactions
chatterbot Golf submitting transactions
chatterbot Juliett submitting transactions
chatterbot Foxtrot submitting transactions
chatterbot Zulu submitting transactions
ChatterBot Lima round 5
ChatterBot Victor round 5
ChatterBot Zulu round 5
ChatterBot Whiskey round 5
ChatterBot Sierra round 5
ChatterBot Foxtrot round 5
ChatterBot Juliett round 5
ChatterBot Kilo round 5
ChatterBot Oscar round 5
ChatterBot Golf round 5
2024-10-15 04:55:19.835687 Whiskey: Lima and Juliett, sending you 3
2024-10-15 04:55:19.840212 Whiskey: Sierra and Foxtrot, sending you 4
2024-10-15 04:55:19.844686 Whiskey: Oscar and Golf, sending you 2
2024-10-15 04:55:19.845714 Oscar: Lima and Whiskey, sending you 3
2024-10-15 04:55:19.847093 Lima: Whiskey, Sierra, Foxtrot and Juliett, sending you 3
2024-10-15 04:55:19.848979 Zulu: Lima, Whiskey, Sierra, Foxtrot and Juliett, sending you 1
2024-10-15 04:55:19.850012 Oscar: Kilo, sending you 8
2024-10-15 04:55:19.853325 Lima: Kilo, sending you 1
2024-10-15 04:55:19.854313 Zulu: Victor, sending you 3
2024-10-15 04:55:19.854929 Victor: Same as last round
2024-10-15 04:55:19.855200 Juliett: Lima, Sierra and Foxtrot, sending you 4
2024-10-15 04:55:19.855567 Kilo: Lima and Whiskey, sending you 1
2024-10-15 04:55:19.856206 Oscar: Golf, sending you 6
2024-10-15 04:55:19.857333 Sierra: Lima and Golf, sending you 3
2024-10-15 04:55:19.857848 Foxtrot: Lima and Kilo, sending you 3
2024-10-15 04:55:19.858677 Lima: Oscar and Golf, sending you 2
2024-10-15 04:55:19.859369 Juliett: Whiskey, sending you 3
2024-10-15 04:55:19.859738 Kilo: Foxtrot and Golf, sending you 4
2024-10-15 04:55:19.861382 Golf: Lima, Whiskey, Foxtrot and Juliett, sending you 2
2024-10-15 04:55:19.862947 Sierra: Whiskey, Foxtrot and Juliett, sending you 4
2024-10-15 04:55:19.863821 Foxtrot: Whiskey, Sierra and Juliett, sending you 4
2024-10-15 04:55:19.865270 Kilo: Oscar, sending you 8
2024-10-15 04:55:19.867469 Golf: Sierra and Kilo, sending you 3
2024-10-15 04:55:19.869708 Foxtrot: Golf, sending you 2
2024-10-15 04:55:19.872725 Golf: Oscar, sending you 4
chatterbot Foxtrot submitting transactions
chatterbot Juliett submitting transactions
chatterbot Oscar submitting transactions
chatterbot Whiskey submitting transactions
chatterbot Sierra submitting transactions
chatterbot Golf submitting transactions
chatterbot Victor submitting transactions
chatterbot Kilo submitting transactions
chatterbot Lima submitting transactions
chatterbot Zulu submitting transactions
ChatterBot Lima round 6
ChatterBot Victor round 6
ChatterBot Zulu round 6
ChatterBot Whiskey round 6
ChatterBot Sierra round 6
ChatterBot Foxtrot round 6
ChatterBot Juliett round 6
ChatterBot Kilo round 6
ChatterBot Oscar round 6
ChatterBot Golf round 6
2024-10-15 04:55:21.001674 Lima: Whiskey, Sierra, Foxtrot and Juliett, sending you 3
2024-10-15 04:55:21.002672 Victor: Same as last round
2024-10-15 04:55:21.004685 Lima: Kilo, sending you 1
2024-10-15 04:55:21.005662 Whiskey: Lima and Juliett, sending you 3
2024-10-15 04:55:21.008904 Foxtrot: Lima and Kilo, sending you 3
2024-10-15 04:55:21.009866 Lima: Oscar and Golf, sending you 2
2024-10-15 04:55:21.011679 Whiskey: Sierra and Foxtrot, sending you 4
2024-10-15 04:55:21.012265 Juliett: Lima, Sierra and Foxtrot, sending you 4
2024-10-15 04:55:21.013867 Foxtrot: Whiskey, Sierra and Juliett, sending you 4
2024-10-15 04:55:21.015684 Zulu: Same as last round
2024-10-15 04:55:21.016700 Kilo: Lima, sending you 1
2024-10-15 04:55:21.017800 Whiskey: Oscar and Golf, sending you 2
2024-10-15 04:55:21.019179 Juliett: Whiskey, sending you 3
2024-10-15 04:55:21.019700 Sierra: Lima and Golf, sending you 3
2024-10-15 04:55:21.020293 Foxtrot: Golf, sending you 2
2024-10-15 04:55:21.021620 Oscar: Lima and Whiskey, sending you 3
2024-10-15 04:55:21.022582 Kilo: Foxtrot and Golf, sending you 4
2024-10-15 04:55:21.024124 Sierra: Whiskey, Foxtrot and Juliett, sending you 4
2024-10-15 04:55:21.024870 Golf: Lima, Whiskey, Foxtrot and Juliett, sending you 2
2024-10-15 04:55:21.026667 Oscar: Kilo, sending you 8
2024-10-15 04:55:21.028668 Kilo: Oscar, sending you 9
2024-10-15 04:55:21.030190 Golf: Sierra and Kilo, sending you 3
2024-10-15 04:55:21.031666 Oscar: Golf, sending you 6
2024-10-15 04:55:21.035676 Golf: Oscar, sending you 4
chatterbot Lima submitting transactions
chatterbot Victor submitting transactions
chatterbot Foxtrot submitting transactions
chatterbot Kilo submitting transactions
chatterbot Whiskey submitting transactions
chatterbot Juliett submitting transactions
chatterbot Golf submitting transactions
chatterbot Sierra submitting transactions
chatterbot Oscar submitting transactions
chatterbot Zulu submitting transactions
ChatterBot Lima round 7
ChatterBot Victor round 7
ChatterBot Zulu round 7
ChatterBot Whiskey round 7
ChatterBot Sierra round 7
ChatterBot Foxtrot round 7
ChatterBot Juliett round 7
ChatterBot Kilo round 7
ChatterBot Oscar round 7
ChatterBot Golf round 7
2024-10-15 04:55:22.037316 Oscar: We should drop Juliett
ChatterBot Golf reevaluating
2024-10-15 04:55:22.070377 Kilo: No
2024-10-15 04:55:22.070659 Golf: Yes
2024-10-15 04:55:22.070868 Lima: No
2024-10-15 04:55:22.071042 Whiskey: No
2024-10-15 04:55:22.071214 Sierra: No
2024-10-15 04:55:22.071387 Foxtrot: No
ChatterBot Oscar reevaluating
ChatterBot Golf reevaluating
ChatterBot Oscar reevaluating
ChatterBot Oscar reevaluating
ChatterBot Golf reevaluating
ChatterBot Oscar reevaluating
ChatterBot Golf reevaluating
ChatterBot Oscar reevaluating
ChatterBot Golf reevaluating
ChatterBot Oscar reevaluating
ChatterBot Golf reevaluating
2024-10-15 04:55:22.222970 Juliett: Lima, Sierra and Foxtrot, sending you 4
2024-10-15 04:55:22.223705 Foxtrot: Lima and Kilo, sending you 3
2024-10-15 04:55:22.224887 Kilo: Lima, sending you 1
2024-10-15 04:55:22.225547 Whiskey: Lima and Juliett, sending you 3
2024-10-15 04:55:22.226630 Zulu: Sending you 2
2024-10-15 04:55:22.226881 Lima: Whiskey, Sierra, Foxtrot and Juliett, sending you 3
2024-10-15 04:55:22.227572 Sierra: Lima and Golf, sending you 3
2024-10-15 04:55:22.227937 Victor: Same as last round
2024-10-15 04:55:22.228204 Juliett: Whiskey, sending you 3
2024-10-15 04:55:22.228537 Kilo: Foxtrot and Golf, sending you 4
2024-10-15 04:55:22.229541 Foxtrot: Whiskey, Sierra and Juliett, sending you 4
2024-10-15 04:55:22.230231 Whiskey: Sierra and Foxtrot, sending you 4
2024-10-15 04:55:22.231109 Sierra: Whiskey, Foxtrot and Juliett, sending you 4
2024-10-15 04:55:22.231852 Lima: Kilo, sending you 1
2024-10-15 04:55:22.233288 Kilo: Oscar, sending you 9
2024-10-15 04:55:22.234166 Foxtrot: Golf, sending you 2
2024-10-15 04:55:22.235063 Whiskey: Oscar and Golf, sending you 2
2024-10-15 04:55:22.237683 Lima: Oscar and Golf, sending you 2
2024-10-15 04:55:22.241684 Golf: Lima, Whiskey, Foxtrot and Juliett, sending you 2
2024-10-15 04:55:22.247654 Golf: Sierra and Kilo, sending you 3
2024-10-15 04:55:22.252658 Golf: Oscar, sending you 4
2024-10-15 04:55:22.255668 Oscar: Lima and Whiskey, sending you 3
2024-10-15 04:55:22.260660 Oscar: Kilo, sending you 9
2024-10-15 04:55:22.265684 Oscar: Golf, sending you 5
chatterbot Lima submitting transactions
chatterbot Golf submitting transactions
chatterbot Whiskey submitting transactions
chatterbot Oscar submitting transactions
chatterbot Sierra submitting transactions
chatterbot Victor submitting transactions
chatterbot Kilo submitting transactions
chatterbot Zulu submitting transactions
chatterbot Juliett submitting transactions
chatterbot Foxtrot submitting transactions
ChatterBot Lima round 8
ChatterBot Victor round 8
ChatterBot Zulu round 8
ChatterBot Whiskey round 8
ChatterBot Sierra round 8
ChatterBot Foxtrot round 8
ChatterBot Juliett round 8
ChatterBot Kilo round 8
ChatterBot Oscar round 8
ChatterBot Golf round 8
2024-10-15 04:55:23.263673 Zulu: Same as last round
2024-10-15 04:55:23.263983 Sierra: Lima and Golf, sending you 3
2024-10-15 04:55:23.266654 Lima: Whiskey, Sierra, Foxtrot and Juliett, sending you 3
2024-10-15 04:55:23.267689 Victor: Same as last round
2024-10-15 04:55:23.268086 Sierra: Whiskey, Foxtrot and Juliett, sending you 4
2024-10-15 04:55:23.270665 Juliett: Lima, Sierra and Foxtrot, sending you 4
2024-10-15 04:55:23.271226 Lima: Kilo, sending you 1
2024-10-15 04:55:23.273698 Kilo: Lima, sending you 1
2024-10-15 04:55:23.274556 Juliett: Whiskey, sending you 3
2024-10-15 04:55:23.275042 Lima: Oscar and Golf, sending you 2
2024-10-15 04:55:23.276694 Foxtrot: Lima and Kilo, sending you 3
2024-10-15 04:55:23.277807 Whiskey: Lima and Juliett, sending you 3
2024-10-15 04:55:23.279025 Kilo: Foxtrot and Golf, sending you 4
2024-10-15 04:55:23.280416 Golf: Lima, Whiskey, Sierra, Foxtrot, Kilo and Oscar, sending you 3
2024-10-15 04:55:23.282670 Foxtrot: Whiskey, Sierra and Juliett, sending you 4
2024-10-15 04:55:23.283920 Whiskey: Sierra and Foxtrot, sending you 4
2024-10-15 04:55:23.285160 Kilo: Oscar, sending you 9
2024-10-15 04:55:23.287043 Oscar: Lima and Whiskey, sending you 3
2024-10-15 04:55:23.288693 Foxtrot: Golf, sending you 2
2024-10-15 04:55:23.289934 Whiskey: Oscar and Golf, sending you 2
2024-10-15 04:55:23.292693 Oscar: Kilo, sending you 9
2024-10-15 04:55:23.296695 Oscar: Golf, sending you 5
chatterbot Golf submitting transactions
chatterbot Kilo submitting transactions
chatterbot Lima submitting transactions
chatterbot Zulu submitting transactions
chatterbot Victor submitting transactions
chatterbot Whiskey submitting transactions
chatterbot Sierra submitting transactions
chatterbot Foxtrot submitting transactions
chatterbot Juliett submitting transactions
chatterbot Oscar submitting transactions
ChatterBot Lima round 9
ChatterBot Victor round 9
ChatterBot Zulu round 9
ChatterBot Whiskey round 9
ChatterBot Sierra round 9
ChatterBot Foxtrot round 9
ChatterBot Juliett round 9
ChatterBot Kilo round 9
ChatterBot Oscar round 9
ChatterBot Golf round 9
2024-10-15 04:55:24.527387 Juliett: We should add Golf
2024-10-15 04:55:24.546955 Sierra: Yes
2024-10-15 04:55:24.547151 Lima: Yes
2024-10-15 04:55:24.547876 Whiskey: Yes
2024-10-15 04:55:24.548074 Foxtrot: Yes
2024-10-15 04:55:24.653053 Juliett: Golf we want you to join our group
2024-10-15 04:55:24.659337 Golf: Yes
2024-10-15 04:55:24.690693 Lima: Whiskey, Sierra, Foxtrot and Juliett, sending you 3
2024-10-15 04:55:24.691726 Sierra: Lima and Golf, sending you 3
2024-10-15 04:55:24.692208 Zulu: Same as last round
2024-10-15 04:55:24.692448 Victor: Same as last round
2024-10-15 04:55:24.693179 Foxtrot: Lima and Kilo, sending you 3
2024-10-15 04:55:24.694672 Lima: Kilo, sending you 1
2024-10-15 04:55:24.695544 Sierra: Whiskey, Foxtrot and Juliett, sending you 4
2024-10-15 04:55:24.697665 Kilo: Lima, sending you 1
2024-10-15 04:55:24.698420 Foxtrot: Whiskey, Sierra and Juliett, sending you 4
2024-10-15 04:55:24.699114 Lima: Oscar and Golf, sending you 2
2024-10-15 04:55:24.699741 Juliett: Lima and Whiskey, sending you 3
2024-10-15 04:55:24.700684 Whiskey: Lima and Juliett, sending you 3
2024-10-15 04:55:24.702114 Kilo: Foxtrot and Golf, sending you 4
2024-10-15 04:55:24.702973 Foxtrot: Golf, sending you 2
2024-10-15 04:55:24.705182 Juliett: Sierra and Foxtrot, sending you 4
2024-10-15 04:55:24.705833 Golf: Lima, Whiskey, Sierra, Foxtrot, Kilo and Oscar, sending you 3
2024-10-15 04:55:24.706810 Kilo: Oscar, sending you 9
2024-10-15 04:55:24.707519 Whiskey: Sierra and Foxtrot, sending you 4
2024-10-15 04:55:24.709042 Oscar: Lima and Whiskey, sending you 3
2024-10-15 04:55:24.709665 Juliett: Golf, sending you 1
2024-10-15 04:55:24.711661 Whiskey: Oscar and Golf, sending you 2
2024-10-15 04:55:24.713666 Oscar: Kilo, sending you 9
2024-10-15 04:55:24.717664 Oscar: Golf, sending you 5
chatterbot Sierra submitting transactions
chatterbot Zulu submitting transactions
chatterbot Victor submitting transactions
chatterbot Kilo submitting transactions
chatterbot Whiskey submitting transactions
chatterbot Foxtrot submitting transactions
chatterbot Oscar submitting transactions
chatterbot Lima submitting transactions
chatterbot Juliett submitting transactions
chatterbot Golf submitting transactions
ChatterBot Lima round 10
ChatterBot Victor round 10
ChatterBot Zulu round 10
ChatterBot Whiskey round 10
ChatterBot Sierra round 10
ChatterBot Foxtrot round 10
ChatterBot Juliett round 10
ChatterBot Kilo round 10
ChatterBot Oscar round 10
ChatterBot Golf round 10
2024-10-15 04:55:25.915689 Victor: Same as last round
2024-10-15 04:55:25.922670 Whiskey: Lima and Juliett, sending you 3
2024-10-15 04:55:25.924829 Oscar: Lima and Whiskey, sending you 3
2024-10-15 04:55:25.927697 Whiskey: Sierra and Foxtrot, sending you 4
2024-10-15 04:55:25.928818 Zulu: Same as last round
2024-10-15 04:55:25.929736 Oscar: Kilo, sending you 9
2024-10-15 04:55:25.930705 Lima: Whiskey, Sierra, Foxtrot and Juliett, sending you 3
2024-10-15 04:55:25.932857 Golf: Lima, Whiskey and Juliett, sending you 2
2024-10-15 04:55:25.934221 Whiskey: Oscar and Golf, sending you 2
2024-10-15 04:55:25.936275 Sierra: Lima and Golf, sending you 3
2024-10-15 04:55:25.937136 Kilo: Lima, sending you 2
2024-10-15 04:55:25.939039 Juliett: Lima and Whiskey, sending you 3
2024-10-15 04:55:25.939954 Oscar: Golf, sending you 5
2024-10-15 04:55:25.941266 Foxtrot: Lima and Kilo, sending you 3
2024-10-15 04:55:25.942361 Lima: Kilo, sending you 1
2024-10-15 04:55:25.944464 Golf: Sierra, Foxtrot, Kilo and Oscar, sending you 3
2024-10-15 04:55:25.946679 Sierra: Whiskey, Foxtrot and Juliett, sending you 4
2024-10-15 04:55:25.948676 Kilo: Foxtrot and Golf, sending you 4
2024-10-15 04:55:25.950610 Juliett: Sierra and Foxtrot, sending you 4
2024-10-15 04:55:25.952291 Foxtrot: Whiskey, Sierra and Juliett, sending you 4
2024-10-15 04:55:25.953666 Lima: Oscar and Golf, sending you 2
2024-10-15 04:55:25.956878 Kilo: Oscar, sending you 8
2024-10-15 04:55:25.958716 Juliett: Golf, sending you 1
2024-10-15 04:55:25.959311 Foxtrot: Golf, sending you 2
chatterbot Kilo submitting transactions
chatterbot Victor submitting transactions
chatterbot Juliett submitting transactions
chatterbot Whiskey submitting transactions
chatterbot Oscar submitting transactions
chatterbot Zulu submitting transactions
chatterbot Golf submitting transactions
chatterbot Foxtrot submitting transactions
chatterbot Lima submitting transactions
chatterbot Sierra submitting transactions
ChatterBot Lima round 11
ChatterBot Victor round 11
ChatterBot Zulu round 11
ChatterBot Whiskey round 11
ChatterBot Sierra round 11
ChatterBot Foxtrot round 11
ChatterBot Juliett round 11
ChatterBot Kilo round 11
ChatterBot Oscar round 11
ChatterBot Golf round 11
2024-10-15 04:55:26.996671 Whiskey: Lima and Juliett, sending you 3
2024-10-15 04:55:26.998764 Zulu: Sending you 1
2024-10-15 04:55:26.999647 Victor: Same as last round
2024-10-15 04:55:27.002659 Whiskey: Sierra and Foxtrot, sending you 4
2024-10-15 04:55:27.004685 Kilo: Lima, sending you 2
2024-10-15 04:55:27.006678 Oscar: Lima and Whiskey, sending you 3
2024-10-15 04:55:27.007420 Juliett: Lima and Whiskey, sending you 3
2024-10-15 04:55:27.008148 Whiskey: Oscar and Golf, sending you 2
2024-10-15 04:55:27.009821 Golf: Lima, Whiskey and Juliett, sending you 2
2024-10-15 04:55:27.010860 Lima: Whiskey, Sierra, Foxtrot and Juliett, sending you 3
2024-10-15 04:55:27.011917 Kilo: Foxtrot and Golf, sending you 4
2024-10-15 04:55:27.013445 Oscar: Kilo, sending you 9
2024-10-15 04:55:27.014282 Sierra: Lima and Golf, sending you 3
2024-10-15 04:55:27.014797 Juliett: Sierra and Foxtrot, sending you 4
2024-10-15 04:55:27.015894 Foxtrot: Lima and Kilo, sending you 3
2024-10-15 04:55:27.017056 Golf: Sierra, Foxtrot, Kilo and Oscar, sending you 3
2024-10-15 04:55:27.018032 Lima: Kilo, sending you 1
2024-10-15 04:55:27.019390 Kilo: Oscar, sending you 8
2024-10-15 04:55:27.020499 Oscar: Golf, sending you 5
2024-10-15 04:55:27.021661 Sierra: Whiskey, Foxtrot and Juliett, sending you 4
2024-10-15 04:55:27.022190 Juliett: Golf, sending you 1
2024-10-15 04:55:27.022767 Foxtrot: Whiskey, Sierra and Juliett, sending you 4
2024-10-15 04:55:27.023769 Lima: Oscar and Golf, sending you 2
2024-10-15 04:55:27.028666 Foxtrot: Golf, sending you 2
chatterbot Lima submitting transactions
chatterbot Golf submitting transactions
chatterbot Whiskey submitting transactions
chatterbot Kilo submitting transactions
chatterbot Sierra submitting transactions
chatterbot Victor submitting transactions
chatterbot Oscar submitting transactions
chatterbot Zulu submitting transactions
chatterbot Juliett submitting transactions
chatterbot Foxtrot submitting transactions
ChatterBot Lima round 12
ChatterBot Victor round 12
ChatterBot Zulu round 12
ChatterBot Whiskey round 12
ChatterBot Sierra round 12
ChatterBot Foxtrot round 12
ChatterBot Juliett round 12
ChatterBot Kilo round 12
ChatterBot Oscar round 12
ChatterBot Golf round 12
2024-10-15 04:55:28.168658 Lima: Whiskey, Sierra, Foxtrot and Juliett, sending you 3
2024-10-15 04:55:28.172831 Lima: Kilo, sending you 1
2024-10-15 04:55:28.173907 Foxtrot: Lima and Kilo, sending you 3
2024-10-15 04:55:28.176666 Zulu: Same as last round
2024-10-15 04:55:28.176927 Whiskey: Lima and Juliett, sending you 3
2024-10-15 04:55:28.178396 Lima: Oscar and Golf, sending you 2
2024-10-15 04:55:28.179158 Foxtrot: Whiskey, Sierra and Juliett, sending you 4
2024-10-15 04:55:28.180696 Whiskey: Sierra and Foxtrot, sending you 4
2024-10-15 04:55:28.181958 Victor: Same as last round
2024-10-15 04:55:28.182184 Golf: Lima, Whiskey and Juliett, sending you 2
2024-10-15 04:55:28.183680 Kilo: Lima, sending you 2
2024-10-15 04:55:28.185138 Foxtrot: Golf, sending you 2
2024-10-15 04:55:28.187133 Juliett: Lima and Whiskey, sending you 3
2024-10-15 04:55:28.187753 Whiskey: Oscar and Golf, sending you 2
2024-10-15 04:55:28.188833 Oscar: Lima and Whiskey, sending you 3
2024-10-15 04:55:28.189938 Golf: Sierra, Foxtrot, Kilo and Oscar, sending you 3
2024-10-15 04:55:28.190841 Kilo: Foxtrot and Golf, sending you 4
2024-10-15 04:55:28.191919 Sierra: Lima and Golf, sending you 3
2024-10-15 04:55:28.192681 Juliett: Sierra and Foxtrot, sending you 4
2024-10-15 04:55:28.193977 Oscar: Kilo, sending you 10
2024-10-15 04:55:28.194923 Sierra: Whiskey, Foxtrot and Juliett, sending you 4
2024-10-15 04:55:28.196698 Kilo: Oscar, sending you 8
2024-10-15 04:55:28.197583 Juliett: Golf, sending you 1
2024-10-15 04:55:28.198827 Oscar: Golf, sending you 4
chatterbot Victor submitting transactions
chatterbot Zulu submitting transactions
chatterbot Kilo submitting transactions
chatterbot Sierra submitting transactions
chatterbot Juliett submitting transactions
chatterbot Golf submitting transactions
chatterbot Lima submitting transactions
chatterbot Whiskey submitting transactions
chatterbot Oscar submitting transactions
chatterbot Foxtrot submitting transactions
ChatterBot Lima round 13
ChatterBot Victor round 13
ChatterBot Zulu round 13
ChatterBot Whiskey round 13
ChatterBot Sierra round 13
ChatterBot Foxtrot round 13
ChatterBot Juliett round 13
ChatterBot Kilo round 13
ChatterBot Oscar round 13
ChatterBot Golf round 13
2024-10-15 04:55:29.405060 Oscar: We should replace Sierra with Juliett
ChatterBot Lima reevaluating
ChatterBot Foxtrot reevaluating
ChatterBot Golf reevaluating
ChatterBot Kilo reevaluating
2024-10-15 04:55:29.434152 Lima: No
2024-10-15 04:55:29.434373 Whiskey: No
2024-10-15 04:55:29.434557 Foxtrot: No
2024-10-15 04:55:29.434783 Golf: No
2024-10-15 04:55:29.434950 Kilo: No
ChatterBot Oscar reevaluating
ChatterBot Foxtrot reevaluating
ChatterBot Golf reevaluating
ChatterBot Kilo reevaluating
ChatterBot Oscar reevaluating
ChatterBot Lima reevaluating
ChatterBot Foxtrot reevaluating
ChatterBot Golf reevaluating
ChatterBot Kilo reevaluating
ChatterBot Oscar reevaluating
ChatterBot Lima reevaluating
ChatterBot Golf reevaluating
ChatterBot Kilo reevaluating
ChatterBot Oscar reevaluating
ChatterBot Lima reevaluating
ChatterBot Foxtrot reevaluating
ChatterBot Kilo reevaluating
ChatterBot Oscar reevaluating
ChatterBot Lima reevaluating
ChatterBot Foxtrot reevaluating
ChatterBot Golf reevaluating
2024-10-15 04:55:29.560787 Oscar: Juliett we want you to join our group
2024-10-15 04:55:29.565037 Juliett: No
ChatterBot Oscar reevaluating
2024-10-15 04:55:29.587655 Whiskey: Lima and Juliett, sending you 3
2024-10-15 04:55:29.588831 Sierra: Lima and Golf, sending you 3
2024-10-15 04:55:29.589372 Foxtrot: Lima and Kilo, sending you 3
2024-10-15 04:55:29.590406 Juliett: Lima and Whiskey, sending you 3
2024-10-15 04:55:29.591014 Victor: Same as last round
2024-10-15 04:55:29.591261 Kilo: Lima, sending you 2
2024-10-15 04:55:29.592271 Golf: Lima, Sierra, Foxtrot, Kilo and Oscar, sending you 3
2024-10-15 04:55:29.593185 Zulu: Same as last round
2024-10-15 04:55:29.593405 Lima: Whiskey, Sierra, Foxtrot and Juliett, sending you 3
2024-10-15 04:55:29.594750 Whiskey: Sierra and Foxtrot, sending you 4
2024-10-15 04:55:29.595661 Sierra: Whiskey, Foxtrot and Juliett, sending you 4
2024-10-15 04:55:29.596137 Foxtrot: Whiskey, Sierra and Juliett, sending you 4
2024-10-15 04:55:29.597133 Juliett: Sierra and Foxtrot, sending you 4
2024-10-15 04:55:29.597610 Kilo: Foxtrot and Golf, sending you 4
2024-10-15 04:55:29.598555 Golf: Whiskey, sending you 2
2024-10-15 04:55:29.599482 Lima: Kilo, sending you 1
2024-10-15 04:55:29.600659 Whiskey: Oscar and Golf, sending you 2
2024-10-15 04:55:29.602547 Foxtrot: Golf, sending you 2
2024-10-15 04:55:29.603350 Juliett: Golf, sending you 1
2024-10-15 04:55:29.603772 Kilo: Oscar, sending you 8
2024-10-15 04:55:29.604623 Oscar: Lima and Whiskey, sending you 3
