ChatterBot Juliett round 1
ChatterBot Zulu round 1
ChatterBot Kilo round 1
ChatterBot Quebec round 1
ChatterBot Mike round 1
ChatterBot Foxtrot round 1
ChatterBot Echo round 1
ChatterBot Hotel round 1
ChatterBot India round 1
ChatterBot Yankee round 1
randomSelections Quebec: {Quebec, India, Hotel, Yankee, Mike} 
2024-10-15 04:55:11.526594 Quebec: We would work well together
ChatterBot India reevaluating
ChatterBot Hotel reevaluating
ChatterBot Yankee reevaluating
ChatterBot Mike reevaluating
2024-10-15 04:55:11.534980 India: Yes
2024-10-15 04:55:11.535080 Hotel: Yes
2024-10-15 04:55:11.535174 Yankee: Yes
2024-10-15 04:55:11.535298 Mike: Yes
ChatterBot Hotel reevaluating
ChatterBot Yankee reevaluating
ChatterBot Mike reevaluating
ChatterBot India reevaluating
ChatterBot Yankee reevaluating
ChatterBot Mike reevaluating
ChatterBot India reevaluating
ChatterBot Hotel reevaluating
ChatterBot Mike reevaluating
ChatterBot India reevaluating
ChatterBot Hotel reevaluating
ChatterBot Yankee reevaluating
randomSelections Juliett: {Juliett, Hotel, Foxtrot, Mike, Quebec, Kilo, Echo, Zulu} 
2024-10-15 04:55:11.568885 Juliett: We should group up
ChatterBot Hotel reevaluating
ChatterBot Foxtrot reevaluating
ChatterBot Mike reevaluating
ChatterBot Kilo reevaluating
ChatterBot Echo reevaluating
ChatterBot Zulu reevaluating
2024-10-15 04:55:11.589241 Hotel: No
2024-10-15 04:55:11.589431 Foxtrot: Yes
2024-10-15 04:55:11.589608 Mike: No
2024-10-15 04:55:11.589791 Quebec: No
2024-10-15 04:55:11.589977 Kilo: Yes
2024-10-15 04:55:11.590980 Echo: Yes
2024-10-15 04:55:11.591115 Zulu: Yes
ChatterBot Foxtrot reevaluating
ChatterBot Mike reevaluating
ChatterBot Kilo reevaluating
ChatterBot Echo reevaluating
ChatterBot Zulu reevaluating
ChatterBot Hotel reevaluating
ChatterBot Mike reevaluating
ChatterBot Kilo reevaluating
ChatterBot Echo reevaluating
ChatterBot Zulu reevaluating
ChatterBot Hotel reevaluating
ChatterBot Foxtrot reevaluating
ChatterBot Kilo reevaluating
ChatterBot Echo reevaluating
ChatterBot Zulu reevaluating
ChatterBot Hotel reevaluating
ChatterBot Foxtrot reevaluating
ChatterBot Mike reevaluating
ChatterBot Kilo reevaluating
ChatterBot Echo reevaluating
ChatterBot Zulu reevaluating
ChatterBot Hotel reevaluating
ChatterBot Foxtrot reevaluating
ChatterBot Mike reevaluating
ChatterBot Echo reevaluating
ChatterBot Zulu reevaluating
ChatterBot Hotel reevaluating
ChatterBot Foxtrot reevaluating
ChatterBot Mike reevaluating
ChatterBot Kilo reevaluating
ChatterBot Zulu reevaluating
ChatterBot Hotel reevaluating
ChatterBot Foxtrot reevaluating
ChatterBot Mike reevaluating
ChatterBot Kilo reevaluating
ChatterBot Echo reevaluating
2024-10-15 04:55:11.873807 Juliett: Zulu, Kilo, Mike, Foxtrot and Hotel, sending you 3
2024-10-15 04:55:11.876714 Echo: Juliett, sending you 1
2024-10-15 04:55:11.878943 Zulu: Juliett, Quebec, Mike and Foxtrot, sending you 3
2024-10-15 04:55:11.880943 Juliett: Quebec, sending you 1
2024-10-15 04:55:11.883009 Hotel: Quebec, sending you 1
2024-10-15 04:55:11.884005 Echo: Kilo, Mike and Hotel, sending you 4
2024-10-15 04:55:11.886354 Zulu: Kilo, Echo and Hotel, sending you 1
2024-10-15 04:55:11.888487 Kilo: Juliett and Hotel, sending you 1
2024-10-15 04:55:11.890582 Hotel: Mike and India, sending you 4
2024-10-15 04:55:11.891425 Quebec: Hotel, sending you 1
2024-10-15 04:55:11.893108 Juliett: Echo, sending you 4
2024-10-15 04:55:11.894267 Yankee: Quebec, sending you 3
2024-10-15 04:55:11.895867 Foxtrot: Juliett and Zulu, sending you 3
2024-10-15 04:55:11.897945 Echo: Quebec and Foxtrot, sending you 2
2024-10-15 04:55:11.899319 Kilo: Zulu, Foxtrot and Echo, sending you 3
2024-10-15 04:55:11.901239 Hotel: Yankee, sending you 8
2024-10-15 04:55:11.903544 Quebec: Yankee, sending you 2
2024-10-15 04:55:11.905479 Mike: Quebec, India and Yankee, sending you 1
2024-10-15 04:55:11.906349 Yankee: Mike, sending you 2
2024-10-15 04:55:11.908030 India: Quebec, sending you 6
2024-10-15 04:55:11.908718 Foxtrot: Quebec, Mike, Echo and Hotel, sending you 2
2024-10-15 04:55:11.910193 Kilo: Quebec, sending you 4
2024-10-15 04:55:11.911293 Yankee: Hotel and India, sending you 4
2024-10-15 04:55:11.912863 India: Mike, sending you 7
2024-10-15 04:55:11.914415 Kilo: Mike, sending you 2
2024-10-15 04:55:11.918663 India: Hotel, sending you 4
2024-10-15 04:55:11.923720 India: Yankee, sending you 2
chatterbot Juliett submitting transactions
chatterbot India submitting transactions
chatterbot Hotel submitting transactions
chatterbot Yankee submitting transactions
chatterbot Quebec submitting transactions
chatterbot Foxtrot submitting transactions
chatterbot Echo submitting transactions
chatterbot Zulu submitting transactions
chatterbot Mike submitting transactions
chatterbot Kilo submitting transactions
ChatterBot Juliett round 2
ChatterBot Zulu round 2
ChatterBot Kilo round 2
ChatterBot Quebec round 2
ChatterBot Mike round 2
ChatterBot Foxtrot round 2
ChatterBot Echo round 2
ChatterBot Hotel round 2
ChatterBot India round 2
2024-10-15 04:55:16.624214 Zulu: We would work well together
ChatterBot Foxtrot reevaluating
ChatterBot Kilo reevaluating
ChatterBot Echo reevaluating
2024-10-15 04:55:16.648785 Juliett: Yes
2024-10-15 04:55:16.649571 Foxtrot: Yes
2024-10-15 04:55:16.649732 Kilo: Yes
2024-10-15 04:55:16.649868 Echo: Yes
ChatterBot Foxtrot reevaluating
ChatterBot Kilo reevaluating
ChatterBot Echo reevaluating
ChatterBot Zulu reevaluating
ChatterBot Juliett reevaluating
ChatterBot Kilo reevaluating
ChatterBot Echo reevaluating
ChatterBot Zulu reevaluating
ChatterBot Juliett reevaluating
ChatterBot Foxtrot reevaluating
ChatterBot Echo reevaluating
ChatterBot Zulu reevaluating
ChatterBot Juliett reevaluating
ChatterBot Foxtrot reevaluating
ChatterBot Kilo reevaluating
2024-10-15 04:55:16.731203 Foxtrot: We should group up
ChatterBot Zulu reevaluating
ChatterBot Juliett reevaluating
ChatterBot Kilo reevaluating
ChatterBot Echo reevaluating
2024-10-15 04:55:16.753184 Zulu: Yes
2024-10-15 04:55:16.753500 Juliett: Yes
2024-10-15 04:55:16.753633 Kilo: Yes
2024-10-15 04:55:16.753804 Echo: Yes
ChatterBot Juliett reevaluating
ChatterBot Foxtrot reevaluating
ChatterBot Kilo reevaluating
ChatterBot Echo reevaluating
ChatterBot Zulu reevaluating
ChatterBot Foxtrot reevaluating
ChatterBot Kilo reevaluating
ChatterBot Echo reevaluating
ChatterBot Zulu reevaluating
ChatterBot Juliett reevaluating
ChatterBot Foxtrot reevaluating
ChatterBot Echo reevaluating
ChatterBot Zulu reevaluating
ChatterBot Juliett reevaluating
ChatterBot Foxtrot reevaluating
ChatterBot Kilo reevaluating
ChatterBot Yankee round 2
2024-10-15 04:55:16.871589 Zulu: We should drop Hotel and Quebec
ChatterBot Juliett reevaluating
2024-10-15 04:55:16.894606 Juliett: Yes
2024-10-15 04:55:16.895586 Foxtrot: Yes
2024-10-15 04:55:16.895826 Kilo: Yes
2024-10-15 04:55:16.895974 Echo: Yes
2024-10-15 04:55:16.896181 Mike: No
ChatterBot Zulu reevaluating
ChatterBot Zulu reevaluating
ChatterBot Juliett reevaluating
ChatterBot Zulu reevaluating
ChatterBot Juliett reevaluating
ChatterBot Zulu reevaluating
ChatterBot Juliett reevaluating
ChatterBot Zulu reevaluating
ChatterBot Juliett reevaluating
2024-10-15 04:55:17.031357 Quebec: We should drop Mike
2024-10-15 04:55:17.044425 Hotel: No
2024-10-15 04:55:17.044725 India: No
2024-10-15 04:55:17.045062 Yankee: No
2024-10-15 04:55:17.080599 Mike: We should drop Quebec
ChatterBot Hotel reevaluating
2024-10-15 04:55:17.092608 Hotel: No
2024-10-15 04:55:17.092770 India: No
2024-10-15 04:55:17.092886 Yankee: No
ChatterBot Hotel reevaluating
ChatterBot Hotel reevaluating
2024-10-15 04:55:17.312819 Kilo: Juliett, sending you 5
2024-10-15 04:55:17.313593 Echo: Juliett and Zulu, sending you 3
2024-10-15 04:55:17.313852 Foxtrot: Juliett, Zulu and Kilo, sending you 4
2024-10-15 04:55:17.480560 Yankee: Quebec and India, sending you 2
2024-10-15 04:55:17.481546 Kilo: Zulu, sending you 3
2024-10-15 04:55:17.481975 Echo: Kilo and Foxtrot, sending you 4
2024-10-15 04:55:17.482995 Zulu: Juliett, sending you 5
2024-10-15 04:55:17.483334 Foxtrot: Echo, sending you 3
2024-10-15 04:55:17.483699 Mike: Hotel and India, sending you 3
2024-10-15 04:55:17.484605 India: Quebec, sending you 1
2024-10-15 04:55:17.484929 Quebec: Hotel, sending you 1
chatterbot Juliett submitting transactions
2024-10-15 04:55:17.486014 Yankee: Mike, sending you 1
2024-10-15 04:55:17.486348 Kilo: Foxtrot, sending you 2
2024-10-15 04:55:17.486687 Zulu: Kilo and Foxtrot, sending you 4
2024-10-15 04:55:17.487637 Mike: Yankee, sending you 2
2024-10-15 04:55:17.571133 India: Mike, sending you 3
2024-10-15 04:55:17.571524 Quebec: India and Yankee, sending you 3
2024-10-15 04:55:17.571826 Hotel: Juliett, Zulu, Kilo, Quebec, Foxtrot, Echo, India and Yankee, sending you 2
2024-10-15 04:55:17.572789 Juliett: Zulu and Foxtrot, sending you 7
2024-10-15 04:55:17.573136 Yankee: Hotel, sending you 9
2024-10-15 04:55:17.574014 Kilo: Echo, sending you 7
2024-10-15 04:55:17.574359 Zulu: Echo, sending you 2
2024-10-15 04:55:17.716243 India: Hotel, sending you 8
2024-10-15 04:55:17.716549 Hotel: Mike, sending you 1
2024-10-15 04:55:17.716883 Juliett: Kilo and Echo, sending you 3
chatterbot Yankee submitting transactions
chatterbot Foxtrot submitting transactions
2024-10-15 04:55:17.787251 India: Yankee, sending you 7
chatterbot Hotel submitting transactions
chatterbot India submitting transactions
chatterbot Quebec submitting transactions
chatterbot Kilo submitting transactions
chatterbot Mike submitting transactions
chatterbot Echo submitting transactions
chatterbot Zulu submitting transactions
ChatterBot Juliett round 3
ChatterBot Zulu round 3
ChatterBot Kilo round 3
ChatterBot Quebec round 3
ChatterBot Mike round 3
ChatterBot Foxtrot round 3
ChatterBot Echo round 3
ChatterBot Hotel round 3
ChatterBot India round 3
ChatterBot Yankee round 3
2024-10-15 04:55:18.268160 Mike: We should add Quebec
ChatterBot Hotel reevaluating
2024-10-15 04:55:18.281012 Hotel: Yes
2024-10-15 04:55:18.281439 India: Yes
2024-10-15 04:55:18.281864 Yankee: Yes
ChatterBot Mike reevaluating
ChatterBot Hotel reevaluating
ChatterBot Mike reevaluating
ChatterBot Hotel reevaluating
2024-10-15 04:55:18.322114 Quebec: We should add Mike
ChatterBot Hotel reevaluating
2024-10-15 04:55:18.332047 Hotel: Yes
2024-10-15 04:55:18.332692 India: Yes
2024-10-15 04:55:18.332859 Yankee: Yes
ChatterBot Hotel reevaluating
ChatterBot Hotel reevaluating
2024-10-15 04:55:18.384333 Quebec: Mike we want you to join our group
ChatterBot Mike reevaluating
2024-10-15 04:55:18.388150 Mike: No
ChatterBot Quebec reevaluating
ChatterBot Hotel reevaluating
2024-10-15 04:55:18.400254 Juliett: Zulu and Foxtrot, sending you 6
2024-10-15 04:55:18.403672 Juliett: Kilo, sending you 5
2024-10-15 04:55:18.404128 Kilo: Juliett, Zulu and Foxtrot, sending you 4
2024-10-15 04:55:18.404648 Zulu: Juliett, sending you 5
2024-10-15 04:55:18.408677 Juliett: Echo, sending you 3
2024-10-15 04:55:18.409076 Kilo: Echo, sending you 5
2024-10-15 04:55:18.409963 Zulu: Kilo and Foxtrot, sending you 4
2024-10-15 04:55:18.410718 India: Quebec, sending you 4
2024-10-15 04:55:18.414056 Zulu: Echo, sending you 2
2024-10-15 04:55:18.414433 Echo: Juliett, Zulu and Kilo, sending you 3
2024-10-15 04:55:18.415688 India: Mike, Hotel and Yankee, sending you 5
2024-10-15 04:55:18.417698 Hotel: Quebec, sending you 3
2024-10-15 04:55:18.419667 Echo: Foxtrot, sending you 4
2024-10-15 04:55:18.420002 Foxtrot: Juliett, sending you 5
2024-10-15 04:55:18.420667 Quebec: Hotel and India, sending you 3
2024-10-15 04:55:18.422684 Yankee: Quebec, sending you 3
2024-10-15 04:55:18.423102 Hotel: Mike, sending you 4
2024-10-15 04:55:18.423717 Foxtrot: Zulu, sending you 4
2024-10-15 04:55:18.426004 Mike: Hotel, sending you 4
2024-10-15 04:55:18.426471 Quebec: Yankee, sending you 4
2024-10-15 04:55:18.426824 Hotel: India and Yankee, sending you 5
2024-10-15 04:55:18.427689 Yankee: Mike, sending you 2
2024-10-15 04:55:18.428680 Foxtrot: Kilo and Echo, sending you 3
2024-10-15 04:55:18.429759 Mike: India and Yankee, sending you 3
2024-10-15 04:55:18.430673 Yankee: Hotel and India, sending you 5
chatterbot Zulu submitting transactions
chatterbot India submitting transactions
chatterbot Juliett submitting transactions
chatterbot Foxtrot submitting transactions
chatterbot Kilo submitting transactions
chatterbot Echo submitting transactions
chatterbot Yankee submitting transactions
chatterbot Hotel submitting transactions
chatterbot Quebec submitting transactions
chatterbot Mike submitting transactions
ChatterBot Juliett round 4
ChatterBot Zulu round 4
ChatterBot Kilo round 4
ChatterBot Quebec round 4
ChatterBot Mike round 4
ChatterBot Foxtrot round 4
ChatterBot Echo round 4
ChatterBot Hotel round 4
2024-10-15 04:55:19.558320 Quebec: We should add Mike
2024-10-15 04:55:19.565086 Hotel: Yes
2024-10-15 04:55:19.565242 India: Yes
2024-10-15 04:55:19.565361 Yankee: Yes
ChatterBot India round 4
ChatterBot Yankee round 4
2024-10-15 04:55:19.594812 Mike: We should add Quebec
2024-10-15 04:55:19.600565 Hotel: Yes
2024-10-15 04:55:19.600698 India: Yes
2024-10-15 04:55:19.600790 Yankee: Yes
2024-10-15 04:55:19.630863 Quebec: Mike we want you to join our group
2024-10-15 04:55:19.633238 Mike: Yes
2024-10-15 04:55:19.644917 Mike: Quebec we want you to join our group
2024-10-15 04:55:19.647052 Quebec: Yes
2024-10-15 04:55:19.661663 Juliett: Zulu and Foxtrot, sending you 6
2024-10-15 04:55:19.662206 Kilo: Juliett, sending you 5
2024-10-15 04:55:19.662710 Zulu: Juliett, sending you 5
2024-10-15 04:55:19.664689 Juliett: Kilo, sending you 5
2024-10-15 04:55:19.665833 Kilo: Zulu, Foxtrot and Echo, sending you 4
2024-10-15 04:55:19.667663 Zulu: Kilo and Foxtrot, sending you 4
2024-10-15 04:55:19.669673 Juliett: Echo, sending you 3
2024-10-15 04:55:19.670674 Hotel: Quebec, Mike and India, sending you 4
2024-10-15 04:55:19.673349 Zulu: Echo, sending you 2
2024-10-15 04:55:19.673834 Quebec: Mike, sending you 1
2024-10-15 04:55:19.674274 Mike: Quebec, sending you 1
2024-10-15 04:55:19.674678 Echo: Juliett, Zulu and Kilo, sending you 3
2024-10-15 04:55:19.675677 Hotel: Yankee, sending you 5
2024-10-15 04:55:19.676082 India: Quebec and Mike, sending you 4
2024-10-15 04:55:19.677664 Echo: Foxtrot, sending you 4
2024-10-15 04:55:19.678686 Quebec: Hotel and India, sending you 3
2024-10-15 04:55:19.679341 Mike: Hotel, sending you 4
2024-10-15 04:55:19.680604 Yankee: Quebec and India, sending you 4
2024-10-15 04:55:19.681014 Foxtrot: Juliett, sending you 5
2024-10-15 04:55:19.681356 India: Hotel, sending you 6
2024-10-15 04:55:19.683999 Quebec: Yankee, sending you 4
2024-10-15 04:55:19.684465 Foxtrot: Zulu, sending you 4
2024-10-15 04:55:19.684899 Mike: India and Yankee, sending you 3
2024-10-15 04:55:19.685325 India: Yankee, sending you 5
2024-10-15 04:55:19.685721 Yankee: Mike, sending you 3
2024-10-15 04:55:19.687673 Foxtrot: Kilo and Echo, sending you 3
2024-10-15 04:55:19.689928 Yankee: Hotel, sending you 5
chatterbot Echo submitting transactions
chatterbot Foxtrot submitting transactions
chatterbot Zulu submitting transactions
chatterbot Yankee submitting transactions
chatterbot Quebec submitting transactions
chatterbot Mike submitting transactions
chatterbot Juliett submitting transactions
chatterbot Hotel submitting transactions
chatterbot India submitting transactions
chatterbot Kilo submitting transactions
ChatterBot Juliett round 5
ChatterBot Zulu round 5
ChatterBot Kilo round 5
ChatterBot Quebec round 5
ChatterBot Mike round 5
ChatterBot Foxtrot round 5
ChatterBot Echo round 5
ChatterBot Hotel round 5
ChatterBot India round 5
ChatterBot Yankee round 5
2024-10-15 04:55:20.849681 Zulu: Juliett, sending you 5
2024-10-15 04:55:20.850705 Kilo: Juliett, sending you 5
2024-10-15 04:55:20.851072 India: Quebec and Mike, sending you 4
2024-10-15 04:55:20.851426 Mike: Quebec, sending you 2
2024-10-15 04:55:20.853027 Echo: Juliett, Zulu and Kilo, sending you 3
2024-10-15 04:55:20.853679 Quebec: Mike, sending you 2
2024-10-15 04:55:20.854671 Zulu: Kilo and Foxtrot, sending you 4
2024-10-15 04:55:20.855033 Kilo: Zulu, Foxtrot and Echo, sending you 4
2024-10-15 04:55:20.855354 India: Hotel, sending you 6
2024-10-15 04:55:20.855789 Foxtrot: Juliett, sending you 5
2024-10-15 04:55:20.856136 Mike: Hotel and Yankee, sending you 4
2024-10-15 04:55:20.856954 Echo: Foxtrot, sending you 4
2024-10-15 04:55:20.857285 Quebec: Hotel and Yankee, sending you 4
2024-10-15 04:55:20.857687 Hotel: Quebec, Mike and India, sending you 4
2024-10-15 04:55:20.858030 Yankee: Quebec and India, sending you 4
2024-10-15 04:55:20.858670 Zulu: Echo, sending you 2
2024-10-15 04:55:20.859049 India: Yankee, sending you 5
2024-10-15 04:55:20.860662 Foxtrot: Zulu, sending you 4
2024-10-15 04:55:20.861657 Mike: India, sending you 3
2024-10-15 04:55:20.862041 Quebec: India, sending you 3
2024-10-15 04:55:20.862668 Hotel: Yankee, sending you 5
2024-10-15 04:55:20.863163 Yankee: Mike, sending you 3
2024-10-15 04:55:20.863777 Juliett: Zulu and Foxtrot, sending you 6
2024-10-15 04:55:20.864114 Foxtrot: Kilo and Echo, sending you 3
2024-10-15 04:55:20.866646 Yankee: Hotel, sending you 6
2024-10-15 04:55:20.867679 Juliett: Kilo, sending you 5
2024-10-15 04:55:20.872702 Juliett: Echo, sending you 3
chatterbot Zulu submitting transactions
chatterbot Quebec submitting transactions
chatterbot Yankee submitting transactions
chatterbot Mike submitting transactions
chatterbot India submitting transactions
chatterbot Kilo submitting transactions
chatterbot Foxtrot submitting transactions
chatterbot Juliett submitting transactions
chatterbot Hotel submitting transactions
chatterbot Echo submitting transactions
ChatterBot Juliett round 6
ChatterBot Zulu round 6
ChatterBot Kilo round 6
ChatterBot Quebec round 6
ChatterBot Mike round 6
ChatterBot Foxtrot round 6
ChatterBot Echo round 6
ChatterBot Hotel round 6
ChatterBot India round 6
ChatterBot Yankee round 6
2024-10-15 04:55:22.079675 Juliett: Zulu and Foxtrot, sending you 6
2024-10-15 04:55:22.081678 Mike: Quebec, sending you 2
2024-10-15 04:55:22.082352 Zulu: Juliett, sending you 5
2024-10-15 04:55:22.082929 Foxtrot: Juliett, sending you 5
2024-10-15 04:55:22.083846 Juliett: Kilo, sending you 5
2024-10-15 04:55:22.086682 Mike: Hotel and Yankee, sending you 4
2024-10-15 04:55:22.087166 Zulu: Kilo and Foxtrot, sending you 4
2024-10-15 04:55:22.088670 Foxtrot: Zulu, sending you 4
2024-10-15 04:55:22.089359 Juliett: Echo, sending you 3
2024-10-15 04:55:22.090031 Mike: India, sending you 3
2024-10-15 04:55:22.091667 Zulu: Echo, sending you 2
2024-10-15 04:55:22.092027 Kilo: Juliett, sending you 5
2024-10-15 04:55:22.092369 Foxtrot: Kilo and Echo, sending you 3
2024-10-15 04:55:22.092734 Echo: Juliett, Kilo and Foxtrot, sending you 4
2024-10-15 04:55:22.093077 Yankee: Quebec and India, sending you 4
2024-10-15 04:55:22.095062 Quebec: Mike, sending you 2
2024-10-15 04:55:22.095879 Yankee: Mike, sending you 3
2024-10-15 04:55:22.096705 Kilo: Zulu, Foxtrot and Echo, sending you 4
2024-10-15 04:55:22.097711 Echo: Zulu, sending you 3
2024-10-15 04:55:22.099169 Hotel: Quebec, Mike and India, sending you 4
2024-10-15 04:55:22.099801 Quebec: Hotel and Yankee, sending you 4
2024-10-15 04:55:22.100717 Yankee: Hotel, sending you 6
2024-10-15 04:55:22.103653 Hotel: Yankee, sending you 5
2024-10-15 04:55:22.104140 India: Quebec and Mike, sending you 4
2024-10-15 04:55:22.104624 Quebec: India, sending you 3
2024-10-15 04:55:22.106696 India: Hotel, sending you 6
2024-10-15 04:55:22.110663 India: Yankee, sending you 5
chatterbot Foxtrot submitting transactions
chatterbot India submitting transactions
chatterbot Mike submitting transactions
chatterbot Kilo submitting transactions
chatterbot Juliett submitting transactions
chatterbot Quebec submitting transactions
chatterbot Yankee submitting transactions
chatterbot Echo submitting transactions
chatterbot Zulu submitting transactions
chatterbot Hotel submitting transactions
ChatterBot Juliett round 7
ChatterBot Zulu round 7
ChatterBot Kilo round 7
ChatterBot Quebec round 7
ChatterBot Mike round 7
ChatterBot Foxtrot round 7
ChatterBot Echo round 7
ChatterBot Hotel round 7
ChatterBot India round 7
ChatterBot Yankee round 7
2024-10-15 04:55:23.393698 Zulu: Juliett, sending you 5
2024-10-15 04:55:23.395703 Kilo: Juliett, sending you 5
2024-10-15 04:55:23.396693 Zulu: Kilo and Foxtrot, sending you 4
2024-10-15 04:55:23.397708 Foxtrot: Juliett, sending you 5
2024-10-15 04:55:23.398640 Juliett: Zulu and Foxtrot, sending you 6
2024-10-15 04:55:23.399494 Kilo: Zulu, Foxtrot and Echo, sending you 4
2024-10-15 04:55:23.401673 Quebec: Mike, sending you 2
2024-10-15 04:55:23.402198 Zulu: Echo, sending you 2
2024-10-15 04:55:23.402622 Juliett: Kilo, sending you 5
2024-10-15 04:55:23.402999 Foxtrot: Zulu, sending you 4
2024-10-15 04:55:23.404780 Hotel: Quebec, Mike and India, sending you 4
2024-10-15 04:55:23.405448 Quebec: Hotel and Yankee, sending you 4
2024-10-15 04:55:23.406089 Mike: Quebec, sending you 2
2024-10-15 04:55:23.406702 Juliett: Echo, sending you 3
2024-10-15 04:55:23.407192 Foxtrot: Kilo and Echo, sending you 3
2024-10-15 04:55:23.407786 Hotel: Yankee, sending you 5
2024-10-15 04:55:23.408679 Quebec: India, sending you 3
2024-10-15 04:55:23.410677 Echo: Juliett, Kilo and Foxtrot, sending you 4
2024-10-15 04:55:23.411299 Mike: Hotel and Yankee, sending you 4
2024-10-15 04:55:23.411961 Yankee: Quebec, Mike and India, sending you 4
2024-10-15 04:55:23.413714 Echo: Zulu, sending you 3
2024-10-15 04:55:23.415012 Mike: India, sending you 3
2024-10-15 04:55:23.416674 Yankee: Hotel, sending you 6
2024-10-15 04:55:23.417692 India: Quebec and Mike, sending you 4
2024-10-15 04:55:23.421697 India: Hotel, sending you 6
2024-10-15 04:55:23.425690 India: Yankee, sending you 5
chatterbot Zulu submitting transactions
chatterbot Juliett submitting transactions
chatterbot Quebec submitting transactions
chatterbot Foxtrot submitting transactions
chatterbot Hotel submitting transactions
chatterbot Yankee submitting transactions
chatterbot Mike submitting transactions
chatterbot Echo submitting transactions
chatterbot Kilo submitting transactions
chatterbot India submitting transactions
ChatterBot Juliett round 8
ChatterBot Zulu round 8
ChatterBot Kilo round 8
ChatterBot Quebec round 8
ChatterBot Mike round 8
ChatterBot Foxtrot round 8
ChatterBot Echo round 8
2024-10-15 04:55:24.604596 Juliett: We should replace Mike with Quebec
2024-10-15 04:55:24.616830 Zulu: No
2024-10-15 04:55:24.616998 Foxtrot: No
2024-10-15 04:55:24.617123 Kilo: No
2024-10-15 04:55:24.617233 Echo: No
ChatterBot Juliett reevaluating
ChatterBot Juliett reevaluating
ChatterBot Juliett reevaluating
ChatterBot Juliett reevaluating
ChatterBot Hotel round 8
ChatterBot India round 8
ChatterBot Yankee round 8
2024-10-15 04:55:24.673827 Juliett: Quebec we want you to join our group
2024-10-15 04:55:24.676837 Quebec: No
ChatterBot Juliett reevaluating
2024-10-15 04:55:24.690701 India: Quebec and Mike, sending you 4
2024-10-15 04:55:24.691673 Zulu: Juliett, sending you 5
2024-10-15 04:55:24.692285 Mike: Quebec and India, sending you 3
2024-10-15 04:55:24.693323 Quebec: Mike, sending you 2
2024-10-15 04:55:24.693761 Foxtrot: Juliett, sending you 5
2024-10-15 04:55:24.694129 Kilo: Juliett, sending you 5
2024-10-15 04:55:24.695695 India: Hotel, sending you 6
2024-10-15 04:55:24.696247 Echo: Sending you each 4
2024-10-15 04:55:24.696789 Zulu: Kilo and Foxtrot, sending you 4
2024-10-15 04:55:24.697684 Mike: Hotel, sending you 5
2024-10-15 04:55:24.698139 Quebec: Hotel, sending you 5
2024-10-15 04:55:24.698551 Kilo: Zulu, Foxtrot and Echo, sending you 4
2024-10-15 04:55:24.698976 Foxtrot: Zulu, sending you 4
2024-10-15 04:55:24.700663 India: Yankee, sending you 5
2024-10-15 04:55:24.701663 Zulu: Echo, sending you 2
2024-10-15 04:55:24.702064 Mike: Yankee, sending you 4
2024-10-15 04:55:24.702662 Quebec: India, sending you 3
2024-10-15 04:55:24.703654 Foxtrot: Kilo and Echo, sending you 3
2024-10-15 04:55:24.705699 Yankee: Quebec, Mike and India, sending you 4
2024-10-15 04:55:24.706673 Quebec: Yankee, sending you 4
2024-10-15 04:55:24.709676 Yankee: Hotel, sending you 6
2024-10-15 04:55:24.710693 Juliett: Zulu and Foxtrot, sending you 6
2024-10-15 04:55:24.712672 Hotel: Quebec, Mike and India, sending you 4
2024-10-15 04:55:24.713767 Juliett: Kilo, sending you 5
2024-10-15 04:55:24.716680 Hotel: Yankee, sending you 5
2024-10-15 04:55:24.718700 Juliett: Echo, sending you 3
chatterbot Echo submitting transactions
chatterbot Kilo submitting transactions
chatterbot Hotel submitting transactions
chatterbot Foxtrot submitting transactions
chatterbot Juliett submitting transactions
chatterbot Zulu submitting transactions
chatterbot India submitting transactions
chatterbot Mike submitting transactions
chatterbot Yankee submitting transactions
chatterbot Quebec submitting transactions
ChatterBot Juliett round 9
ChatterBot Zulu round 9
ChatterBot Kilo round 9
ChatterBot Quebec round 9
ChatterBot Mike round 9
ChatterBot Foxtrot round 9
ChatterBot Echo round 9
ChatterBot Hotel round 9
ChatterBot India round 9
ChatterBot Yankee round 9
2024-10-15 04:55:25.896430 Juliett: Zulu and Foxtrot, sending you 6
2024-10-15 04:55:25.900681 Juliett: Kilo, sending you 5
2024-10-15 04:55:25.902691 Echo: Juliett, Zulu and Kilo, sending you 4
2024-10-15 04:55:25.904 Mike: Quebec and India, sending you 3
2024-10-15 04:55:25.904694 Quebec: Mike and India, sending you 3
2024-10-15 04:55:25.905343 Juliett: Echo, sending you 3
2024-10-15 04:55:25.907695 Kilo: Juliett, sending you 5
2024-10-15 04:55:25.908717 Echo: Foxtrot, sending you 5
2024-10-15 04:55:25.909933 Quebec: Hotel, sending you 5
2024-10-15 04:55:25.910659 Mike: Hotel, sending you 5
2024-10-15 04:55:25.911349 Yankee: Quebec, Mike and India, sending you 4
2024-10-15 04:55:25.912548 Foxtrot: Juliett, sending you 5
2024-10-15 04:55:25.913190 Hotel: Quebec, Mike and India, sending you 4
2024-10-15 04:55:25.913860 Zulu: Juliett, sending you 5
2024-10-15 04:55:25.914495 Kilo: Zulu, Foxtrot and Echo, sending you 4
2024-10-15 04:55:25.915508 Quebec: Yankee, sending you 4
2024-10-15 04:55:25.916331 Mike: Yankee, sending you 4
2024-10-15 04:55:25.916887 India: Quebec and Mike, sending you 4
2024-10-15 04:55:25.917370 Yankee: Hotel, sending you 6
2024-10-15 04:55:25.918433 Foxtrot: Zulu, sending you 4
2024-10-15 04:55:25.918872 Hotel: Yankee, sending you 5
2024-10-15 04:55:25.919387 Zulu: Kilo and Foxtrot, sending you 4
2024-10-15 04:55:25.919931 India: Hotel, sending you 6
2024-10-15 04:55:25.922691 Zulu: Echo, sending you 2
2024-10-15 04:55:25.923979 Foxtrot: Kilo and Echo, sending you 3
2024-10-15 04:55:25.924809 India: Yankee, sending you 5
chatterbot Mike submitting transactions
chatterbot India submitting transactions
chatterbot Hotel submitting transactions
chatterbot Quebec submitting transactions
chatterbot Zulu submitting transactions
chatterbot Juliett submitting transactions
chatterbot Foxtrot submitting transactions
chatterbot Kilo submitting transactions
chatterbot Yankee submitting transactions
chatterbot Echo submitting transactions
ChatterBot Juliett round 10
ChatterBot Zulu round 10
ChatterBot Kilo round 10
ChatterBot Quebec round 10
ChatterBot Mike round 10
ChatterBot Foxtrot round 10
ChatterBot Echo round 10
ChatterBot Hotel round 10
ChatterBot India round 10
ChatterBot Yankee round 10
2024-10-15 04:55:27.163116 Juliett: We should replace Mike with India
2024-10-15 04:55:27.174532 Zulu: No
2024-10-15 04:55:27.174745 Foxtrot: No
2024-10-15 04:55:27.174882 Kilo: No
2024-10-15 04:55:27.175082 Echo: No
ChatterBot Juliett reevaluating
ChatterBot Juliett reevaluating
ChatterBot Juliett reevaluating
ChatterBot Juliett reevaluating
2024-10-15 04:55:27.227408 Juliett: We should replace Mike with Quebec
2024-10-15 04:55:27.235810 Zulu: No
2024-10-15 04:55:27.235943 Foxtrot: No
2024-10-15 04:55:27.236053 Kilo: No
2024-10-15 04:55:27.236156 Echo: No
ChatterBot Juliett reevaluating
ChatterBot Juliett reevaluating
ChatterBot Juliett reevaluating
ChatterBot Juliett reevaluating
2024-10-15 04:55:27.271824 Juliett: Quebec we want you to join our group
2024-10-15 04:55:27.274344 Quebec: No
ChatterBot Juliett reevaluating
2024-10-15 04:55:27.287048 Quebec: Mike and India, sending you 3
2024-10-15 04:55:27.287796 Zulu: Juliett, sending you 5
2024-10-15 04:55:27.288318 Kilo: Juliett, sending you 5
2024-10-15 04:55:27.290660 Quebec: Hotel, sending you 5
2024-10-15 04:55:27.291693 Kilo: Zulu, Foxtrot and Echo, sending you 4
2024-10-15 04:55:27.292483 Echo: Juliett, Zulu and Kilo, sending you 4
2024-10-15 04:55:27.293820 Hotel: Quebec, Mike and India, sending you 4
2024-10-15 04:55:27.294524 Yankee: Quebec, Mike and India, sending you 4
2024-10-15 04:55:27.295193 Zulu: Kilo and Echo, sending you 3
2024-10-15 04:55:27.295880 Mike: Quebec and India, sending you 3
2024-10-15 04:55:27.296554 Foxtrot: Juliett, sending you 5
2024-10-15 04:55:27.297653 India: Quebec and Mike, sending you 4
2024-10-15 04:55:27.298409 Quebec: Yankee, sending you 4
2024-10-15 04:55:27.298973 Echo: Foxtrot, sending you 5
2024-10-15 04:55:27.299638 Hotel: Yankee, sending you 5
2024-10-15 04:55:27.300860 Yankee: Hotel, sending you 6
2024-10-15 04:55:27.301756 Zulu: Foxtrot, sending you 4
2024-10-15 04:55:27.302348 Mike: Hotel, sending you 5
2024-10-15 04:55:27.303096 Foxtrot: Zulu, sending you 4
2024-10-15 04:55:27.304376 India: Hotel, sending you 6
2024-10-15 04:55:27.305079 Juliett: Zulu and Foxtrot, sending you 6
2024-10-15 04:55:27.305728 Mike: Yankee, sending you 4
2024-10-15 04:55:27.308131 India: Yankee, sending you 5
2024-10-15 04:55:27.309113 Foxtrot: Kilo and Echo, sending you 3
2024-10-15 04:55:27.309953 Juliett: Kilo, sending you 5
2024-10-15 04:55:27.315677 Juliett: Echo, sending you 3
chatterbot Foxtrot submitting transactions
chatterbot Hotel submitting transactions
chatterbot Juliett submitting transactions
chatterbot Mike submitting transactions
chatterbot India submitting transactions
chatterbot Kilo submitting transactions
chatterbot Quebec submitting transactions
chatterbot Zulu submitting transactions
chatterbot Echo submitting transactions
chatterbot Yankee submitting transactions
ChatterBot Juliett round 11
ChatterBot Zulu round 11
ChatterBot Kilo round 11
ChatterBot Quebec round 11
ChatterBot Mike round 11
ChatterBot Foxtrot round 11
ChatterBot Echo round 11
2024-10-15 04:55:28.483936 Juliett: We should replace Mike with India
2024-10-15 04:55:28.502527 Zulu: No
2024-10-15 04:55:28.502805 Foxtrot: No
2024-10-15 04:55:28.502981 Kilo: No
2024-10-15 04:55:28.503272 Echo: No
ChatterBot Juliett reevaluating
ChatterBot Juliett reevaluating
ChatterBot Hotel round 11
ChatterBot India round 11
ChatterBot Yankee round 11
2024-10-15 04:55:28.591643 Juliett: We should replace Mike with Quebec
2024-10-15 04:55:28.600683 Zulu: No
2024-10-15 04:55:28.600998 Foxtrot: No
2024-10-15 04:55:28.601828 Kilo: No
2024-10-15 04:55:28.601980 Echo: No
ChatterBot Juliett reevaluating
ChatterBot Juliett reevaluating
ChatterBot Juliett reevaluating
ChatterBot Juliett reevaluating
2024-10-15 04:55:28.672665 Mike: Quebec and India, sending you 3
2024-10-15 04:55:28.676668 Mike: Hotel, sending you 5
2024-10-15 04:55:28.677869 India: Quebec and Mike, sending you 4
2024-10-15 04:55:28.678665 Zulu: Juliett, sending you 5
2024-10-15 04:55:28.680164 Foxtrot: Juliett, sending you 5
2024-10-15 04:55:28.681303 Hotel: Quebec, Mike and India, sending you 4
2024-10-15 04:55:28.682948 India: Hotel, sending you 6
2024-10-15 04:55:28.683968 Mike: Yankee, sending you 4
2024-10-15 04:55:28.684751 Zulu: Kilo and Echo, sending you 3
2024-10-15 04:55:28.686052 Quebec: Mike and India, sending you 3
2024-10-15 04:55:28.686884 Kilo: Juliett, sending you 5
2024-10-15 04:55:28.688169 Foxtrot: Zulu, sending you 4
2024-10-15 04:55:28.688986 Hotel: Yankee, sending you 5
2024-10-15 04:55:28.689954 Echo: Juliett, Zulu and Kilo, sending you 4
2024-10-15 04:55:28.691099 India: Yankee, sending you 5
2024-10-15 04:55:28.691858 Juliett: Zulu and Foxtrot, sending you 6
2024-10-15 04:55:28.692539 Zulu: Foxtrot, sending you 4
2024-10-15 04:55:28.693305 Quebec: Hotel, sending you 5
2024-10-15 04:55:28.694766 Yankee: Quebec, Mike and India, sending you 4
2024-10-15 04:55:28.695885 Kilo: Zulu, Foxtrot and Echo, sending you 4
2024-10-15 04:55:28.696943 Foxtrot: Kilo and Echo, sending you 3
2024-10-15 04:55:28.698518 Echo: Foxtrot, sending you 5
2024-10-15 04:55:28.699560 Juliett: Kilo, sending you 5
2024-10-15 04:55:28.701461 Quebec: Yankee, sending you 4
2024-10-15 04:55:28.702479 Yankee: Hotel, sending you 6
2024-10-15 04:55:28.705695 Juliett: Echo, sending you 3
chatterbot Echo submitting transactions
chatterbot Mike submitting transactions
chatterbot Quebec submitting transactions
chatterbot Zulu submitting transactions
chatterbot Juliett submitting transactions
chatterbot Foxtrot submitting transactions
chatterbot Kilo submitting transactions
chatterbot Hotel submitting transactions
chatterbot Yankee submitting transactions
chatterbot India submitting transactions
ChatterBot Juliett round 12
ChatterBot Zulu round 12
ChatterBot Kilo round 12
ChatterBot Quebec round 12
ChatterBot Mike round 12
ChatterBot Foxtrot round 12
ChatterBot Echo round 12
ChatterBot Hotel round 12
ChatterBot India round 12
ChatterBot Yankee round 12
2024-10-15 04:55:29.906378 Juliett: We should replace Mike with Yankee
2024-10-15 04:55:29.914275 Zulu: No
2024-10-15 04:55:29.914462 Foxtrot: No
2024-10-15 04:55:29.914597 Kilo: No
2024-10-15 04:55:29.914733 Echo: No
ChatterBot Juliett reevaluating
ChatterBot Juliett reevaluating
ChatterBot Juliett reevaluating
ChatterBot Juliett reevaluating
2024-10-15 04:55:29.964372 Juliett: We should replace Mike with India
2024-10-15 04:55:29.972722 Zulu: No
2024-10-15 04:55:29.972934 Foxtrot: No
2024-10-15 04:55:29.973080 Kilo: No
2024-10-15 04:55:29.973197 Echo: No
ChatterBot Juliett reevaluating
ChatterBot Juliett reevaluating
ChatterBot Juliett reevaluating
ChatterBot Juliett reevaluating
2024-10-15 04:55:30.012658 Quebec: Mike and India, sending you 3
2024-10-15 04:55:30.013561 Hotel: Quebec, Mike and India, sending you 4
2024-10-15 04:55:30.014357 Juliett: We should drop Mike
2024-10-15 04:55:30.022187 Zulu: Yes
2024-10-15 04:55:30.022363 Foxtrot: Yes
2024-10-15 04:55:30.022532 Kilo: Yes
2024-10-15 04:55:30.022670 Echo: Yes
ChatterBot Juliett reevaluating
ChatterBot Juliett reevaluating
ChatterBot Juliett reevaluating
ChatterBot Juliett reevaluating
2024-10-15 04:55:30.055450 Zulu: Juliett, sending you 5
2024-10-15 04:55:30.056343 Quebec: Hotel, sending you 5
2024-10-15 04:55:30.057046 Hotel: Yankee, sending you 5
2024-10-15 04:55:30.058660 Zulu: Kilo and Echo, sending you 3
2024-10-15 04:55:30.059932 India: Quebec and Mike, sending you 4
2024-10-15 04:55:30.061050 Quebec: Yankee, sending you 4
2024-10-15 04:55:30.062152 Echo: Juliett, Zulu and Kilo, sending you 4
2024-10-15 04:55:30.063912 Mike: Quebec and India, sending you 3
2024-10-15 04:55:30.064960 Yankee: Quebec, Mike and India, sending you 4
2024-10-15 04:55:30.066046 Kilo: Juliett, sending you 5
2024-10-15 04:55:30.067129 Foxtrot: Juliett, sending you 5
2024-10-15 04:55:30.068336 India: Hotel, sending you 6
2024-10-15 04:55:30.069917 Zulu: Foxtrot, sending you 4
2024-10-15 04:55:30.071023 Echo: Foxtrot, sending you 5
2024-10-15 04:55:30.072237 Mike: Hotel, sending you 5
2024-10-15 04:55:30.073478 Yankee: Hotel, sending you 6
2024-10-15 04:55:30.075571 Kilo: Zulu, Foxtrot and Echo, sending you 4
2024-10-15 04:55:30.076245 Foxtrot: Zulu, sending you 4
2024-10-15 04:55:30.077089 India: Yankee, sending you 5
2024-10-15 04:55:30.077724 Mike: Yankee, sending you 4
2024-10-15 04:55:30.079738 Foxtrot: Kilo and Echo, sending you 3
2024-10-15 04:55:30.097692 Juliett: Zulu and Foxtrot, sending you 6
2024-10-15 04:55:30.101672 Juliett: Kilo, sending you 5
2024-10-15 04:55:30.107665 Juliett: Echo, sending you 3
chatterbot Foxtrot submitting transactions
chatterbot Kilo submitting transactions
chatterbot Zulu submitting transactions
chatterbot Hotel submitting transactions
chatterbot Yankee submitting transactions
chatterbot Juliett submitting transactions
chatterbot India submitting transactions
chatterbot Quebec submitting transactions
chatterbot Mike submitting transactions
chatterbot Echo submitting transactions
ChatterBot Juliett round 13
ChatterBot Zulu round 13
ChatterBot Kilo round 13
ChatterBot Quebec round 13
ChatterBot Mike round 13
ChatterBot Foxtrot round 13
ChatterBot Echo round 13
ChatterBot Hotel round 13
ChatterBot India round 13
ChatterBot Yankee round 13
2024-10-15 04:55:31.334682 Juliett: We should add Yankee
2024-10-15 04:55:31.349067 Zulu: No
2024-10-15 04:55:31.349469 Foxtrot: No
2024-10-15 04:55:31.350512 Kilo: No
2024-10-15 04:55:31.350823 Echo: No
ChatterBot Juliett reevaluating
ChatterBot Juliett reevaluating
ChatterBot Juliett reevaluating
ChatterBot Juliett reevaluating
2024-10-15 04:55:31.441521 Juliett: We should add Quebec
2024-10-15 04:55:31.450979 Zulu: No
2024-10-15 04:55:31.451286 Foxtrot: No
2024-10-15 04:55:31.451453 Kilo: No
2024-10-15 04:55:31.451656 Echo: No
ChatterBot Juliett reevaluating
ChatterBot Juliett reevaluating
ChatterBot Juliett reevaluating
ChatterBot Juliett reevaluating
2024-10-15 04:55:31.510044 Juliett: We should add India
2024-10-15 04:55:31.518952 Zulu: No
2024-10-15 04:55:31.519234 Foxtrot: No
2024-10-15 04:55:31.519409 Kilo: No
2024-10-15 04:55:31.519632 Echo: No
ChatterBot Juliett reevaluating
ChatterBot Juliett reevaluating
ChatterBot Juliett reevaluating
ChatterBot Juliett reevaluating
2024-10-15 04:55:31.566679 Mike: Quebec and India, sending you 3
2024-10-15 04:55:31.569106 Hotel: Quebec, Mike and India, sending you 4
2024-10-15 04:55:31.570791 Zulu: Juliett, sending you 5
2024-10-15 04:55:31.573529 Mike: Hotel, sending you 5
2024-10-15 04:55:31.576026 Hotel: Yankee, sending you 5
2024-10-15 04:55:31.578955 Zulu: Kilo and Echo, sending you 3
2024-10-15 04:55:31.580866 Echo: Juliett, Zulu and Kilo, sending you 4
2024-10-15 04:55:31.583611 Yankee: Quebec, Mike and India, sending you 4
2024-10-15 04:55:31.586258 Kilo: Juliett, sending you 5
2024-10-15 04:55:31.588456 Mike: Yankee, sending you 4
2024-10-15 04:55:31.590158 India: Quebec and Mike, sending you 4
2024-10-15 04:55:31.592212 Foxtrot: Juliett, sending you 5
2024-10-15 04:55:31.594266 Zulu: Foxtrot, sending you 4
2024-10-15 04:55:31.595806 Quebec: Mike and India, sending you 3
2024-10-15 04:55:31.608067 Echo: Foxtrot, sending you 5
2024-10-15 04:55:31.618171 Yankee: Hotel, sending you 6
2024-10-15 04:55:31.624443 Kilo: Zulu, Foxtrot and Echo, sending you 4
2024-10-15 04:55:31.629637 India: Hotel, sending you 6
2024-10-15 04:55:31.632377 Foxtrot: Zulu, sending you 4
2024-10-15 04:55:31.635164 Quebec: Hotel, sending you 5
2024-10-15 04:55:31.638051 Juliett: Zulu and Foxtrot, sending you 6
2024-10-15 04:55:31.640166 India: Yankee, sending you 5
2024-10-15 04:55:31.642810 Foxtrot: Kilo and Echo, sending you 3
2024-10-15 04:55:31.645036 Quebec: Yankee, sending you 4
2024-10-15 04:55:31.648326 Juliett: Kilo, sending you 5
2024-10-15 04:55:31.654789 Juliett: Echo, sending you 3
chatterbot Mike submitting transactions
chatterbot Foxtrot submitting transactions
chatterbot Zulu submitting transactions
chatterbot Juliett submitting transactions
chatterbot India submitting transactions
chatterbot Echo submitting transactions
chatterbot Kilo submitting transactions
chatterbot Hotel submitting transactions
chatterbot Quebec submitting transactions
chatterbot Yankee submitting transactions
ChatterBot Juliett round 14
ChatterBot Zulu round 14
ChatterBot Kilo round 14
ChatterBot Quebec round 14
ChatterBot Mike round 14
ChatterBot Foxtrot round 14
ChatterBot Echo round 14
ChatterBot Hotel round 14
ChatterBot India round 14
ChatterBot Yankee round 14
2024-10-15 04:55:32.412694 Zulu: Juliett, sending you 5
2024-10-15 04:55:32.414662 Quebec: Mike and India, sending you 3
