ChatterBot X-ray round 1
ChatterBot Papa round 1
ChatterBot Victor round 1
ChatterBot November round 1
ChatterBot Romeo round 1
ChatterBot Hotel round 1
ChatterBot India round 1
ChatterBot Quebec round 1
ChatterBot Delta round 1
ChatterBot Yankee round 1
randomSelections November: {November, India, Yankee, X-ray, Hotel, Delta} 
2024-10-15 04:55:11.953820 November: Friends?
ChatterBot India reevaluating
ChatterBot Yankee reevaluating
ChatterBot X-ray reevaluating
ChatterBot Hotel reevaluating
ChatterBot Delta reevaluating
2024-10-15 04:55:11.971440 India: Yes
2024-10-15 04:55:11.971871 Yankee: Yes
2024-10-15 04:55:11.972116 X-ray: Yes
2024-10-15 04:55:11.972278 Hotel: Yes
2024-10-15 04:55:11.972490 Delta: Yes
ChatterBot Yankee reevaluating
ChatterBot X-ray reevaluating
ChatterBot Hotel reevaluating
ChatterBot Delta reevaluating
ChatterBot India reevaluating
ChatterBot X-ray reevaluating
ChatterBot Hotel reevaluating
ChatterBot Delta reevaluating
ChatterBot India reevaluating
ChatterBot Yankee reevaluating
ChatterBot Hotel reevaluating
ChatterBot Delta reevaluating
ChatterBot India reevaluating
ChatterBot Yankee reevaluating
ChatterBot X-ray reevaluating
ChatterBot Delta reevaluating
ChatterBot India reevaluating
ChatterBot Yankee reevaluating
ChatterBot X-ray reevaluating
ChatterBot Hotel reevaluating
randomSelections Quebec: {Quebec, Hotel, Papa, India, Victor, November, Yankee, Romeo} 
2024-10-15 04:55:12.037632 Quebec: Friends?
ChatterBot Hotel reevaluating
ChatterBot Papa reevaluating
ChatterBot India reevaluating
ChatterBot Victor reevaluating
ChatterBot Yankee reevaluating
ChatterBot Romeo reevaluating
2024-10-15 04:55:12.053076 Hotel: No
2024-10-15 04:55:12.053340 Papa: Yes
2024-10-15 04:55:12.053541 India: No
2024-10-15 04:55:12.053858 Victor: Yes
2024-10-15 04:55:12.054028 November: No
2024-10-15 04:55:12.054302 Yankee: No
2024-10-15 04:55:12.054552 Romeo: Yes
ChatterBot Papa reevaluating
ChatterBot India reevaluating
ChatterBot Victor reevaluating
ChatterBot Yankee reevaluating
ChatterBot Romeo reevaluating
ChatterBot Hotel reevaluating
ChatterBot India reevaluating
ChatterBot Victor reevaluating
ChatterBot Yankee reevaluating
ChatterBot Romeo reevaluating
ChatterBot Hotel reevaluating
ChatterBot Papa reevaluating
ChatterBot Victor reevaluating
ChatterBot Yankee reevaluating
ChatterBot Romeo reevaluating
ChatterBot Hotel reevaluating
ChatterBot Papa reevaluating
ChatterBot India reevaluating
ChatterBot Yankee reevaluating
ChatterBot Romeo reevaluating
ChatterBot Hotel reevaluating
ChatterBot Papa reevaluating
ChatterBot India reevaluating
ChatterBot Victor reevaluating
ChatterBot Yankee reevaluating
ChatterBot Romeo reevaluating
ChatterBot Hotel reevaluating
ChatterBot Papa reevaluating
ChatterBot India reevaluating
ChatterBot Victor reevaluating
ChatterBot Romeo reevaluating
ChatterBot Hotel reevaluating
ChatterBot Papa reevaluating
ChatterBot India reevaluating
ChatterBot Victor reevaluating
ChatterBot Yankee reevaluating
2024-10-15 04:55:12.152652 Papa: Victor, sending you 2
2024-10-15 04:55:12.153657 Quebec: Victor, sending you 1
2024-10-15 04:55:12.157667 Papa: November, sending you 3
2024-10-15 04:55:12.158678 Quebec: November and India, sending you 2
2024-10-15 04:55:12.159999 Victor: Papa and Quebec, sending you 1
2024-10-15 04:55:12.160308 Yankee: X-ray, sending you 2
2024-10-15 04:55:12.160523 Delta: X-ray, sending you 4
2024-10-15 04:55:12.160777 Hotel: X-ray and Yankee, sending you 3
2024-10-15 04:55:12.161039 Papa: Romeo and Quebec, sending you 4
2024-10-15 04:55:12.162687 Quebec: Romeo, sending you 3
2024-10-15 04:55:12.163681 November: X-ray, Hotel and Delta, sending you 2
2024-10-15 04:55:12.164684 Victor: November and India, sending you 3
2024-10-15 04:55:12.165061 Yankee: Hotel, sending you 1
2024-10-15 04:55:12.165331 Delta: November, Hotel and India, sending you 3
2024-10-15 04:55:12.165560 X-ray: November, sending you 2
2024-10-15 04:55:12.166418 Hotel: November, sending you 6
2024-10-15 04:55:12.166676 Papa: Hotel, sending you 5
2024-10-15 04:55:12.166972 Quebec: Hotel, sending you 4
2024-10-15 04:55:12.167280 Romeo: Papa and Yankee, sending you 5
2024-10-15 04:55:12.167630 November: India and Yankee, sending you 3
2024-10-15 04:55:12.168666 Victor: Romeo and Hotel, sending you 4
2024-10-15 04:55:12.169680 Delta: Yankee, sending you 6
2024-10-15 04:55:12.169977 Hotel: India, sending you 2
2024-10-15 04:55:12.170223 Quebec: Yankee, sending you 5
2024-10-15 04:55:12.170680 X-ray: Hotel and Yankee, sending you 4
2024-10-15 04:55:12.171052 India: X-ray, sending you 3
2024-10-15 04:55:12.171662 Papa: India, sending you 1
2024-10-15 04:55:12.172022 Romeo: Victor and Hotel, sending you 2
2024-10-15 04:55:12.173656 Victor: Yankee, sending you 2
2024-10-15 04:55:12.173960 Hotel: Delta, sending you 4
2024-10-15 04:55:12.174208 India: November, sending you 4
2024-10-15 04:55:12.174711 X-ray: India, sending you 7
2024-10-15 04:55:12.175235 Romeo: India and Quebec, sending you 3
2024-10-15 04:55:12.178384 India: Delta, sending you 2
2024-10-15 04:55:12.178766 X-ray: Delta, sending you 1
2024-10-15 04:55:12.182728 India: Yankee, sending you 1
chatterbot Papa submitting transactions
chatterbot Hotel submitting transactions
chatterbot Victor submitting transactions
chatterbot Quebec submitting transactions
chatterbot Delta submitting transactions
chatterbot November submitting transactions
chatterbot India submitting transactions
chatterbot X-ray submitting transactions
chatterbot Romeo submitting transactions
chatterbot Yankee submitting transactions
ChatterBot X-ray round 2
ChatterBot Papa round 2
2024-10-15 04:55:13.866030 Papa: Friends?
ChatterBot Victor reevaluating
ChatterBot Romeo reevaluating
ChatterBot Quebec reevaluating
2024-10-15 04:55:13.905641 Victor: No
2024-10-15 04:55:13.906575 Romeo: No
2024-10-15 04:55:13.906793 Quebec: No
ChatterBot Romeo reevaluating
ChatterBot Quebec reevaluating
ChatterBot Victor reevaluating
ChatterBot Quebec reevaluating
ChatterBot Victor reevaluating
ChatterBot Romeo reevaluating
2024-10-15 04:55:13.992441 Romeo: Let's form a team
ChatterBot Victor reevaluating
2024-10-15 04:55:14.007437 Victor: No
ChatterBot Romeo reevaluating
ChatterBot Victor round 2
ChatterBot November round 2
ChatterBot Romeo round 2
ChatterBot Hotel round 2
ChatterBot India round 2
ChatterBot Quebec round 2
ChatterBot Delta round 2
ChatterBot Yankee round 2
2024-10-15 04:55:14.033705 November: We would work well together
ChatterBot Hotel reevaluating
ChatterBot India reevaluating
ChatterBot Delta reevaluating
ChatterBot Yankee reevaluating
ChatterBot Papa reevaluating
ChatterBot Victor reevaluating
ChatterBot Romeo reevaluating
ChatterBot Quebec reevaluating
2024-10-15 04:55:14.064105 X-ray: No
2024-10-15 04:55:14.064534 Hotel: Yes
2024-10-15 04:55:14.064736 India: No
2024-10-15 04:55:14.066089 Delta: No
2024-10-15 04:55:14.066787 Yankee: No
2024-10-15 04:55:14.066934 Papa: No
2024-10-15 04:55:14.067068 Victor: No
2024-10-15 04:55:14.067801 Romeo: No
2024-10-15 04:55:14.068137 Quebec: No
ChatterBot Hotel reevaluating
ChatterBot India reevaluating
ChatterBot Delta reevaluating
ChatterBot Yankee reevaluating
ChatterBot Papa reevaluating
ChatterBot Victor reevaluating
ChatterBot Romeo reevaluating
ChatterBot Quebec reevaluating
ChatterBot India reevaluating
ChatterBot Delta reevaluating
ChatterBot Yankee reevaluating
ChatterBot Papa reevaluating
ChatterBot Victor reevaluating
ChatterBot Romeo reevaluating
ChatterBot Quebec reevaluating
ChatterBot Hotel reevaluating
ChatterBot Delta reevaluating
ChatterBot Yankee reevaluating
ChatterBot Papa reevaluating
ChatterBot Victor reevaluating
ChatterBot Romeo reevaluating
ChatterBot Quebec reevaluating
ChatterBot Hotel reevaluating
ChatterBot India reevaluating
ChatterBot Yankee reevaluating
ChatterBot Papa reevaluating
ChatterBot Victor reevaluating
ChatterBot Romeo reevaluating
ChatterBot Quebec reevaluating
2024-10-15 04:55:14.199174 Hotel: Friends?
ChatterBot Hotel reevaluating
ChatterBot India reevaluating
ChatterBot Delta reevaluating
ChatterBot Papa reevaluating
ChatterBot Victor reevaluating
ChatterBot Romeo reevaluating
ChatterBot Quebec reevaluating
ChatterBot Hotel reevaluating
ChatterBot India reevaluating
ChatterBot Delta reevaluating
ChatterBot Yankee reevaluating
ChatterBot Victor reevaluating
ChatterBot Romeo reevaluating
ChatterBot Quebec reevaluating
ChatterBot Hotel reevaluating
ChatterBot India reevaluating
ChatterBot Delta reevaluating
ChatterBot Yankee reevaluating
ChatterBot Papa reevaluating
ChatterBot Romeo reevaluating
ChatterBot Quebec reevaluating
ChatterBot Hotel reevaluating
ChatterBot India reevaluating
ChatterBot Delta reevaluating
ChatterBot Yankee reevaluating
ChatterBot Papa reevaluating
ChatterBot Victor reevaluating
ChatterBot Quebec reevaluating
ChatterBot Hotel reevaluating
ChatterBot India reevaluating
ChatterBot Delta reevaluating
ChatterBot Yankee reevaluating
ChatterBot Papa reevaluating
ChatterBot Victor reevaluating
ChatterBot Romeo reevaluating
ChatterBot India reevaluating
ChatterBot Delta reevaluating
2024-10-15 04:55:14.361949 November: Yes
2024-10-15 04:55:14.362608 X-ray: No
2024-10-15 04:55:14.362860 India: No
2024-10-15 04:55:14.363111 Delta: No
ChatterBot Yankee reevaluating
2024-10-15 04:55:14.368621 Yankee: No
ChatterBot Papa reevaluating
ChatterBot Victor reevaluating
ChatterBot Romeo reevaluating
ChatterBot Quebec reevaluating
ChatterBot Hotel reevaluating
ChatterBot India reevaluating
ChatterBot Delta reevaluating
ChatterBot Yankee reevaluating
2024-10-15 04:55:14.399135 Papa: No
ChatterBot Papa reevaluating
2024-10-15 04:55:14.403133 Victor: No
ChatterBot Victor reevaluating
2024-10-15 04:55:14.406497 Romeo: No
ChatterBot Romeo reevaluating
2024-10-15 04:55:14.410369 Quebec: No
ChatterBot Quebec reevaluating
ChatterBot Hotel reevaluating
ChatterBot India reevaluating
ChatterBot Delta reevaluating
ChatterBot Yankee reevaluating
ChatterBot Papa reevaluating
ChatterBot Victor reevaluating
ChatterBot Romeo reevaluating
ChatterBot Quebec reevaluating
ChatterBot Hotel reevaluating
ChatterBot Delta reevaluating
ChatterBot Yankee reevaluating
ChatterBot Papa reevaluating
ChatterBot Victor reevaluating
ChatterBot Romeo reevaluating
ChatterBot Quebec reevaluating
ChatterBot Hotel reevaluating
ChatterBot India reevaluating
ChatterBot Yankee reevaluating
ChatterBot Papa reevaluating
ChatterBot Victor reevaluating
ChatterBot Romeo reevaluating
ChatterBot Quebec reevaluating
ChatterBot Hotel reevaluating
ChatterBot India reevaluating
ChatterBot Delta reevaluating
ChatterBot Papa reevaluating
ChatterBot Victor reevaluating
ChatterBot Romeo reevaluating
ChatterBot Quebec reevaluating
ChatterBot Hotel reevaluating
ChatterBot India reevaluating
ChatterBot Delta reevaluating
ChatterBot Yankee reevaluating
ChatterBot Victor reevaluating
ChatterBot Romeo reevaluating
ChatterBot Quebec reevaluating
ChatterBot Hotel reevaluating
ChatterBot India reevaluating
ChatterBot Delta reevaluating
ChatterBot Yankee reevaluating
ChatterBot Papa reevaluating
ChatterBot Romeo reevaluating
ChatterBot Quebec reevaluating
ChatterBot Hotel reevaluating
ChatterBot India reevaluating
ChatterBot Delta reevaluating
ChatterBot Yankee reevaluating
ChatterBot Papa reevaluating
ChatterBot Victor reevaluating
ChatterBot Quebec reevaluating
ChatterBot Hotel reevaluating
ChatterBot India reevaluating
ChatterBot Delta reevaluating
ChatterBot Yankee reevaluating
ChatterBot Papa reevaluating
ChatterBot Victor reevaluating
ChatterBot Romeo reevaluating
2024-10-15 04:55:14.839451 X-ray: November and Yankee, sending you 3
2024-10-15 04:55:14.840701 India: We should drop Yankee
2024-10-15 04:55:14.851579 X-ray: No
2024-10-15 04:55:14.851735 November: No
2024-10-15 04:55:14.851857 Hotel: No
2024-10-15 04:55:14.851969 Delta: No
ChatterBot India reevaluating
ChatterBot India reevaluating
ChatterBot India reevaluating
ChatterBot India reevaluating
chatterbot X-ray submitting transactions
2024-10-15 04:55:14.901593 X-ray: Hotel, India and Delta, sending you 4
2024-10-15 04:55:14.902721 Hotel: X-ray, Papa, Victor and Quebec, sending you 3
2024-10-15 04:55:14.903320 November: X-ray, Quebec and Yankee, sending you 1
2024-10-15 04:55:15.118960 Papa: Victor, sending you 5
2024-10-15 04:55:15.119862 Romeo: Sending you each 10
2024-10-15 04:55:15.120168 Victor: Papa and Romeo, sending you 5
2024-10-15 04:55:15.120440 Quebec: Papa, sending you 8
2024-10-15 04:55:15.121277 Delta: X-ray, sending you 3
2024-10-15 04:55:15.121664 Hotel: November, Romeo and Delta, sending you 2
2024-10-15 04:55:15.122101 November: Papa, Victor, India and Delta, sending you 2
2024-10-15 04:55:15.123290 Papa: Romeo, sending you 11
2024-10-15 04:55:15.410763 Victor: Hotel and Quebec, sending you 4
2024-10-15 04:55:15.411495 Quebec: Victor, sending you 3
2024-10-15 04:55:15.412599 Yankee: Papa, sending you 1
2024-10-15 04:55:15.413215 Delta: November and India, sending you 4
2024-10-15 04:55:15.414608 November: Hotel, sending you 3
2024-10-15 04:55:15.416028 Papa: Quebec, sending you 3
chatterbot Romeo submitting transactions
chatterbot November submitting transactions
chatterbot Quebec submitting transactions
2024-10-15 04:55:15.418007 Quebec: Romeo, sending you 6
2024-10-15 04:55:15.418694 Yankee: Victor, Romeo and Quebec, sending you 3
2024-10-15 04:55:15.419837 Delta: Hotel, sending you 6
2024-10-15 04:55:15.565884 Delta: Yankee, sending you 2
chatterbot Hotel submitting transactions
2024-10-15 04:55:15.641191 India: X-ray, sending you 8
chatterbot Papa submitting transactions
2024-10-15 04:55:15.741411 India: November and Delta, sending you 4
2024-10-15 04:55:15.906973 India: Hotel, sending you 3
chatterbot Yankee submitting transactions
chatterbot Victor submitting transactions
chatterbot Delta submitting transactions
chatterbot India submitting transactions
ChatterBot X-ray round 3
ChatterBot Papa round 3
ChatterBot Victor round 3
ChatterBot November round 3
ChatterBot Romeo round 3
ChatterBot Hotel round 3
ChatterBot India round 3
ChatterBot Quebec round 3
2024-10-15 04:55:16.138298 Victor: We should add Yankee
ChatterBot Papa reevaluating
ChatterBot Romeo reevaluating
ChatterBot Quebec reevaluating
ChatterBot Hotel reevaluating
2024-10-15 04:55:16.160013 Papa: Yes
2024-10-15 04:55:16.160196 Romeo: No
2024-10-15 04:55:16.160356 Quebec: Yes
2024-10-15 04:55:16.160508 Hotel: Yes
ChatterBot Romeo reevaluating
ChatterBot Quebec reevaluating
ChatterBot Hotel reevaluating
ChatterBot Papa reevaluating
ChatterBot Quebec reevaluating
ChatterBot Hotel reevaluating
ChatterBot Papa reevaluating
ChatterBot Romeo reevaluating
ChatterBot Hotel reevaluating
ChatterBot Papa reevaluating
ChatterBot Romeo reevaluating
ChatterBot Quebec reevaluating
2024-10-15 04:55:16.244938 Quebec: We should add Yankee and Hotel
ChatterBot Papa reevaluating
ChatterBot Romeo reevaluating
2024-10-15 04:55:16.254046 Papa: No
2024-10-15 04:55:16.254199 Victor: Yes
2024-10-15 04:55:16.254774 Romeo: No
ChatterBot Romeo reevaluating
ChatterBot Quebec reevaluating
ChatterBot Papa reevaluating
ChatterBot Romeo reevaluating
ChatterBot Quebec reevaluating
ChatterBot Papa reevaluating
ChatterBot Victor reevaluating
ChatterBot Quebec reevaluating
ChatterBot Delta round 3
ChatterBot Yankee round 3
2024-10-15 04:55:16.313810 Papa: Yankee we want you to join our group
2024-10-15 04:55:16.317026 Yankee: Yes
ChatterBot Papa reevaluating
ChatterBot Victor reevaluating
ChatterBot Quebec reevaluating
2024-10-15 04:55:16.333067 Delta: We should drop Yankee
ChatterBot X-ray reevaluating
2024-10-15 04:55:16.353340 India: Yes
2024-10-15 04:55:16.353543 X-ray: Yes
2024-10-15 04:55:16.353715 November: No
2024-10-15 04:55:16.353888 Hotel: No
ChatterBot X-ray reevaluating
ChatterBot November reevaluating
ChatterBot X-ray reevaluating
ChatterBot X-ray reevaluating
ChatterBot November reevaluating
2024-10-15 04:55:16.413473 Quebec: Yankee we want you to join our group
2024-10-15 04:55:16.417415 Yankee: Yes
ChatterBot Victor reevaluating
2024-10-15 04:55:16.429024 India: X-ray, sending you 7
2024-10-15 04:55:16.429438 Romeo: Papa, sending you 8
2024-10-15 04:55:16.429738 Hotel: X-ray, Victor and Delta, sending you 3
2024-10-15 04:55:16.436532 India: November, sending you 4
2024-10-15 04:55:16.437316 Hotel: Papa, November, India and Quebec, sending you 2
2024-10-15 04:55:16.437816 Yankee: Papa, sending you 1
2024-10-15 04:55:16.438135 Romeo: Victor and Quebec, sending you 6
2024-10-15 04:55:16.440693 Yankee: Victor and Quebec, sending you 3
2024-10-15 04:55:16.692923 India: Hotel, sending you 3
2024-10-15 04:55:16.694793 Hotel: Romeo, sending you 1
2024-10-15 04:55:16.696916 Delta: X-ray, Hotel and India, sending you 5
2024-10-15 04:55:16.698301 Papa: Victor, sending you 4
2024-10-15 04:55:16.699234 Yankee: Romeo, sending you 4
2024-10-15 04:55:16.700469 India: Delta, sending you 5
2024-10-15 04:55:16.701749 Delta: November, sending you 4
2024-10-15 04:55:16.702514 Quebec: Papa, sending you 6
2024-10-15 04:55:16.704194 Papa: Romeo, sending you 7
2024-10-15 04:55:16.705776 Victor: Papa, sending you 4
2024-10-15 04:55:16.707216 X-ray: November, sending you 3
2024-10-15 04:55:16.708757 Papa: Quebec, sending you 5
2024-10-15 04:55:16.709520 Quebec: Victor and Yankee, sending you 4
2024-10-15 04:55:16.710801 Victor: November, Quebec and Yankee, sending you 3
2024-10-15 04:55:16.712197 X-ray: Hotel and Delta, sending you 4
2024-10-15 04:55:16.715360 Papa: Yankee, sending you 3
2024-10-15 04:55:16.716062 Victor: Romeo, sending you 5
2024-10-15 04:55:16.717178 Quebec: Romeo, sending you 3
2024-10-15 04:55:16.724526 X-ray: India, sending you 7
chatterbot Yankee submitting transactions
chatterbot Hotel submitting transactions
chatterbot Quebec submitting transactions
chatterbot Victor submitting transactions
chatterbot Delta submitting transactions
chatterbot India submitting transactions
chatterbot Papa submitting transactions
chatterbot Romeo submitting transactions
chatterbot X-ray submitting transactions
chatterbot November submitting transactions
ChatterBot X-ray round 4
ChatterBot Papa round 4
ChatterBot Victor round 4
ChatterBot November round 4
ChatterBot Romeo round 4
ChatterBot Hotel round 4
ChatterBot India round 4
ChatterBot Quebec round 4
ChatterBot Delta round 4
ChatterBot Yankee round 4
2024-10-15 04:55:17.979878 Victor: Papa, sending you 4
2024-10-15 04:55:17.981353 Papa: Victor, sending you 4
2024-10-15 04:55:17.997338 X-ray: November, sending you 3
2024-10-15 04:55:17.998853 Romeo: Papa, sending you 9
2024-10-15 04:55:17.999492 Victor: Romeo, sending you 5
2024-10-15 04:55:18.000714 Papa: Romeo, sending you 7
2024-10-15 04:55:18.001466 Delta: X-ray, Hotel and India, sending you 5
2024-10-15 04:55:18.002851 Quebec: Papa, sending you 5
2024-10-15 04:55:18.004417 Hotel: X-ray and Delta, sending you 5
2024-10-15 04:55:18.004911 Yankee: Papa and Romeo, sending you 3
2024-10-15 04:55:18.006296 X-ray: Hotel and Delta, sending you 4
2024-10-15 04:55:18.006774 Romeo: Victor, sending you 6
2024-10-15 04:55:18.007918 Papa: Quebec, sending you 5
2024-10-15 04:55:18.008419 Victor: Hotel, Quebec and Yankee, sending you 3
2024-10-15 04:55:18.008892 Delta: November, sending you 4
2024-10-15 04:55:18.009827 Quebec: Victor, Romeo and Yankee, sending you 4
2024-10-15 04:55:18.010276 Hotel: November and India, sending you 4
2024-10-15 04:55:18.011352 Yankee: Victor and Quebec, sending you 4
2024-10-15 04:55:18.012232 India: X-ray, sending you 7
2024-10-15 04:55:18.013272 X-ray: India, sending you 7
2024-10-15 04:55:18.013791 Papa: Yankee, sending you 3
2024-10-15 04:55:18.014964 Romeo: Quebec, sending you 5
2024-10-15 04:55:18.022482 India: November, sending you 4
2024-10-15 04:55:18.032019 India: Hotel, sending you 3
2024-10-15 04:55:18.049280 India: Delta, sending you 5
chatterbot November submitting transactions
chatterbot X-ray submitting transactions
chatterbot Yankee submitting transactions
chatterbot India submitting transactions
chatterbot Delta submitting transactions
chatterbot Romeo submitting transactions
chatterbot Victor submitting transactions
chatterbot Papa submitting transactions
chatterbot Quebec submitting transactions
chatterbot Hotel submitting transactions
ChatterBot X-ray round 5
ChatterBot Papa round 5
ChatterBot Victor round 5
ChatterBot November round 5
ChatterBot Romeo round 5
ChatterBot Hotel round 5
ChatterBot India round 5
ChatterBot Quebec round 5
ChatterBot Delta round 5
ChatterBot Yankee round 5
2024-10-15 04:55:18.954155 Victor: We should replace Hotel with November
2024-10-15 04:55:18.966698 Yankee: No
2024-10-15 04:55:18.966896 Papa: No
2024-10-15 04:55:18.967050 Romeo: No
2024-10-15 04:55:18.967194 Quebec: No
ChatterBot Victor reevaluating
ChatterBot Victor reevaluating
ChatterBot Victor reevaluating
ChatterBot Victor reevaluating
2024-10-15 04:55:19.021645 Victor: November we want you to join our group
ChatterBot November reevaluating
2024-10-15 04:55:19.024455 November: No
ChatterBot Victor reevaluating
2024-10-15 04:55:19.035035 Papa: Victor, sending you 4
2024-10-15 04:55:19.037666 Papa: Romeo, sending you 7
2024-10-15 04:55:19.039121 Quebec: Papa and Romeo, sending you 5
2024-10-15 04:55:19.039570 Hotel: X-ray and Delta, sending you 5
2024-10-15 04:55:19.040009 Romeo: Papa, sending you 9
2024-10-15 04:55:19.040318 India: X-ray, sending you 7
2024-10-15 04:55:19.040652 X-ray: November, Hotel and Delta, sending you 4
2024-10-15 04:55:19.040963 Yankee: Papa, Victor and Quebec, sending you 4
2024-10-15 04:55:19.041671 Delta: X-ray, Hotel and India, sending you 5
2024-10-15 04:55:19.042002 Papa: Quebec, sending you 5
2024-10-15 04:55:19.042666 Quebec: Victor, sending you 3
2024-10-15 04:55:19.043701 India: November, sending you 4
2024-10-15 04:55:19.044048 Yankee: Romeo, sending you 2
2024-10-15 04:55:19.044654 Hotel: November and India, sending you 4
2024-10-15 04:55:19.044941 Romeo: Victor, sending you 6
2024-10-15 04:55:19.045187 X-ray: India, sending you 6
2024-10-15 04:55:19.045487 Delta: November, sending you 4
2024-10-15 04:55:19.046663 Papa: Yankee, sending you 3
2024-10-15 04:55:19.047669 Quebec: Yankee, sending you 4
2024-10-15 04:55:19.048023 India: Hotel, sending you 3
2024-10-15 04:55:19.048314 Romeo: Quebec, sending you 5
2024-10-15 04:55:19.051686 India: Delta, sending you 5
2024-10-15 04:55:19.064025 Victor: Papa, Romeo, Quebec and Yankee, sending you 4
2024-10-15 04:55:19.066663 Victor: November, sending you 2
chatterbot Quebec submitting transactions
chatterbot Hotel submitting transactions
chatterbot X-ray submitting transactions
chatterbot November submitting transactions
chatterbot Papa submitting transactions
chatterbot India submitting transactions
chatterbot Delta submitting transactions
chatterbot Romeo submitting transactions
chatterbot Yankee submitting transactions
chatterbot Victor submitting transactions
ChatterBot X-ray round 6
ChatterBot Papa round 6
ChatterBot Victor round 6
ChatterBot November round 6
ChatterBot Romeo round 6
ChatterBot Hotel round 6
ChatterBot India round 6
ChatterBot Quebec round 6
ChatterBot Delta round 6
ChatterBot Yankee round 6
2024-10-15 04:55:20.331833 Victor: We should drop November
2024-10-15 04:55:20.340149 Yankee: Yes
2024-10-15 04:55:20.340331 Papa: Yes
2024-10-15 04:55:20.340477 Romeo: Yes
2024-10-15 04:55:20.341821 Quebec: Yes
2024-10-15 04:55:20.378665 Romeo: Papa, sending you 8
2024-10-15 04:55:20.379041 Quebec: Papa and Romeo, sending you 5
2024-10-15 04:55:20.380683 X-ray: November, Hotel and Delta, sending you 4
2024-10-15 04:55:20.381135 Papa: Victor, sending you 4
2024-10-15 04:55:20.382670 Romeo: Victor and Quebec, sending you 6
2024-10-15 04:55:20.383681 Quebec: Victor, sending you 3
2024-10-15 04:55:20.384074 Papa: Romeo, sending you 7
2024-10-15 04:55:20.384676 X-ray: India, sending you 6
2024-10-15 04:55:20.386669 Papa: Quebec, sending you 5
2024-10-15 04:55:20.387690 Quebec: Yankee, sending you 4
2024-10-15 04:55:20.388092 Delta: X-ray, Hotel and India, sending you 5
2024-10-15 04:55:20.388651 Victor: Papa, Quebec and Yankee, sending you 4
2024-10-15 04:55:20.389047 Hotel: X-ray and Delta, sending you 5
2024-10-15 04:55:20.389663 Papa: Yankee, sending you 3
2024-10-15 04:55:20.392646 Delta: November, sending you 4
2024-10-15 04:55:20.393014 Hotel: November and India, sending you 4
2024-10-15 04:55:20.393665 Victor: Romeo, sending you 6
2024-10-15 04:55:20.394681 Yankee: Papa, Victor and Quebec, sending you 4
2024-10-15 04:55:20.398698 Yankee: Romeo, sending you 2
2024-10-15 04:55:20.399685 India: X-ray, sending you 6
2024-10-15 04:55:20.403675 India: November and Hotel, sending you 4
2024-10-15 04:55:20.408646 India: Delta, sending you 5
chatterbot India submitting transactions
chatterbot X-ray submitting transactions
chatterbot Victor submitting transactions
chatterbot Yankee submitting transactions
chatterbot Delta submitting transactions
chatterbot Quebec submitting transactions
chatterbot Romeo submitting transactions
chatterbot Hotel submitting transactions
chatterbot Papa submitting transactions
chatterbot November submitting transactions
ChatterBot X-ray round 7
ChatterBot Papa round 7
ChatterBot Victor round 7
ChatterBot November round 7
ChatterBot Romeo round 7
ChatterBot Hotel round 7
ChatterBot India round 7
ChatterBot Quebec round 7
ChatterBot Delta round 7
ChatterBot Yankee round 7
2024-10-15 04:55:21.587693 Papa: Victor and Yankee, sending you 4
2024-10-15 04:55:21.591914 Papa: Romeo, sending you 6
2024-10-15 04:55:21.592663 Hotel: X-ray and Delta, sending you 5
2024-10-15 04:55:21.594652 Romeo: Papa, sending you 8
2024-10-15 04:55:21.595673 Quebec: Papa and Romeo, sending you 5
2024-10-15 04:55:21.597244 Papa: Quebec, sending you 5
2024-10-15 04:55:21.597846 Hotel: November and India, sending you 4
2024-10-15 04:55:21.598237 Romeo: Victor and Quebec, sending you 6
2024-10-15 04:55:21.598748 Quebec: Victor, sending you 3
2024-10-15 04:55:21.599673 Victor: Papa, Quebec and Yankee, sending you 4
2024-10-15 04:55:21.601658 Quebec: Yankee, sending you 4
2024-10-15 04:55:21.602850 X-ray: November, Hotel and Delta, sending you 4
2024-10-15 04:55:21.603667 Victor: Romeo, sending you 6
2024-10-15 04:55:21.604720 India: X-ray, sending you 6
2024-10-15 04:55:21.605305 Delta: X-ray, Hotel and India, sending you 5
2024-10-15 04:55:21.605783 Yankee: Papa, sending you 4
2024-10-15 04:55:21.606662 X-ray: India, sending you 6
2024-10-15 04:55:21.608688 India: November and Hotel, sending you 4
2024-10-15 04:55:21.609124 Delta: November, sending you 4
2024-10-15 04:55:21.609535 Yankee: Victor and Quebec, sending you 5
2024-10-15 04:55:21.612685 India: Delta, sending you 5
2024-10-15 04:55:21.613153 Yankee: Romeo, sending you 2
chatterbot Quebec submitting transactions
chatterbot Victor submitting transactions
chatterbot November submitting transactions
chatterbot Delta submitting transactions
chatterbot Hotel submitting transactions
chatterbot India submitting transactions
chatterbot Romeo submitting transactions
chatterbot Papa submitting transactions
chatterbot X-ray submitting transactions
chatterbot Yankee submitting transactions
ChatterBot X-ray round 8
ChatterBot Papa round 8
ChatterBot Victor round 8
ChatterBot November round 8
ChatterBot Romeo round 8
ChatterBot Hotel round 8
ChatterBot India round 8
ChatterBot Quebec round 8
ChatterBot Delta round 8
ChatterBot Yankee round 8
2024-10-15 04:55:22.610674 Victor: Papa, Quebec and Yankee, sending you 4
2024-10-15 04:55:22.611936 Quebec: Papa and Romeo, sending you 5
2024-10-15 04:55:22.614677 Hotel: X-ray and Delta, sending you 5
2024-10-15 04:55:22.616432 Papa: Victor and Yankee, sending you 4
2024-10-15 04:55:22.617771 Victor: Romeo, sending you 6
2024-10-15 04:55:22.619456 Romeo: Papa, sending you 8
2024-10-15 04:55:22.620427 Quebec: Victor, sending you 3
2024-10-15 04:55:22.621762 Hotel: November and India, sending you 4
2024-10-15 04:55:22.623861 Papa: Romeo, sending you 6
2024-10-15 04:55:22.625093 India: X-ray, sending you 6
2024-10-15 04:55:22.626947 Romeo: Victor and Quebec, sending you 6
2024-10-15 04:55:22.628332 Yankee: Papa, sending you 4
2024-10-15 04:55:22.630325 Delta: X-ray, Hotel and India, sending you 5
2024-10-15 04:55:22.631488 Quebec: Yankee, sending you 4
2024-10-15 04:55:22.633252 X-ray: November, Hotel and Delta, sending you 4
2024-10-15 04:55:22.634444 Papa: Quebec, sending you 5
2024-10-15 04:55:22.635908 India: November and Hotel, sending you 4
2024-10-15 04:55:22.636919 Yankee: Victor and Quebec, sending you 5
2024-10-15 04:55:22.638629 Delta: November, sending you 4
2024-10-15 04:55:22.639644 X-ray: India, sending you 6
2024-10-15 04:55:22.640788 India: Delta, sending you 5
2024-10-15 04:55:22.642720 Yankee: Romeo, sending you 2
chatterbot Victor submitting transactions
chatterbot Papa submitting transactions
chatterbot Delta submitting transactions
chatterbot Yankee submitting transactions
chatterbot Quebec submitting transactions
chatterbot Hotel submitting transactions
chatterbot X-ray submitting transactions
chatterbot India submitting transactions
chatterbot November submitting transactions
chatterbot Romeo submitting transactions
ChatterBot X-ray round 9
ChatterBot Papa round 9
ChatterBot Victor round 9
ChatterBot November round 9
ChatterBot Romeo round 9
ChatterBot Hotel round 9
ChatterBot India round 9
ChatterBot Quebec round 9
ChatterBot Delta round 9
ChatterBot Yankee round 9
2024-10-15 04:55:23.783667 Papa: Victor and Yankee, sending you 4
2024-10-15 04:55:23.786686 X-ray: November, Hotel and Delta, sending you 4
2024-10-15 04:55:23.787833 Victor: Papa, Quebec and Yankee, sending you 4
2024-10-15 04:55:23.788699 Papa: Romeo, sending you 6
2024-10-15 04:55:23.790444 India: X-ray, sending you 6
2024-10-15 04:55:23.791299 Hotel: X-ray and Delta, sending you 5
2024-10-15 04:55:23.792332 Victor: Romeo, sending you 6
2024-10-15 04:55:23.794097 X-ray: India, sending you 6
2024-10-15 04:55:23.794992 Romeo: Papa, sending you 8
2024-10-15 04:55:23.795575 Delta: X-ray, Hotel and India, sending you 5
2024-10-15 04:55:23.796897 Papa: Quebec, sending you 5
2024-10-15 04:55:23.797765 India: November and Hotel, sending you 4
2024-10-15 04:55:23.798435 Yankee: Papa, Victor and Quebec, sending you 5
2024-10-15 04:55:23.799781 Hotel: November and India, sending you 4
2024-10-15 04:55:23.800380 Quebec: Papa and Romeo, sending you 5
2024-10-15 04:55:23.801297 Romeo: Victor and Quebec, sending you 6
2024-10-15 04:55:23.801935 India: Delta, sending you 5
2024-10-15 04:55:23.803313 Delta: November, sending you 4
2024-10-15 04:55:23.804679 Yankee: Romeo, sending you 1
2024-10-15 04:55:23.805702 Quebec: Victor, sending you 3
2024-10-15 04:55:23.811281 Quebec: Yankee, sending you 4
chatterbot November submitting transactions
chatterbot X-ray submitting transactions
chatterbot Victor submitting transactions
chatterbot Yankee submitting transactions
chatterbot Papa submitting transactions
chatterbot Delta submitting transactions
chatterbot Hotel submitting transactions
chatterbot Quebec submitting transactions
chatterbot India submitting transactions
chatterbot Romeo submitting transactions
ChatterBot X-ray round 10
ChatterBot Papa round 10
ChatterBot Victor round 10
ChatterBot November round 10
ChatterBot Romeo round 10
ChatterBot Hotel round 10
ChatterBot India round 10
ChatterBot Quebec round 10
ChatterBot Delta round 10
ChatterBot Yankee round 10
2024-10-15 04:55:25.015691 X-ray: November, Hotel and Delta, sending you 4
2024-10-15 04:55:25.020674 X-ray: India, sending you 6
2024-10-15 04:55:25.023669 India: X-ray, sending you 6
2024-10-15 04:55:25.026711 Papa: Victor and Yankee, sending you 4
2024-10-15 04:55:25.027472 India: November and Hotel, sending you 4
2024-10-15 04:55:25.030661 Victor: Papa, Quebec and Yankee, sending you 4
2024-10-15 04:55:25.031285 Papa: Romeo, sending you 6
2024-10-15 04:55:25.032251 Quebec: Papa and Romeo, sending you 5
2024-10-15 04:55:25.032661 India: Delta, sending you 5
2024-10-15 04:55:25.033079 Hotel: X-ray and Delta, sending you 5
2024-10-15 04:55:25.033454 Romeo: Papa, sending you 8
2024-10-15 04:55:25.034665 Papa: Quebec, sending you 5
2024-10-15 04:55:25.035675 Victor: Romeo, sending you 6
2024-10-15 04:55:25.036686 Yankee: Papa, Victor and Quebec, sending you 5
2024-10-15 04:55:25.037662 Quebec: Victor, sending you 3
2024-10-15 04:55:25.038206 Hotel: November and India, sending you 4
2024-10-15 04:55:25.039089 Romeo: Victor and Quebec, sending you 6
2024-10-15 04:55:25.039456 Delta: X-ray, Hotel and India, sending you 5
2024-10-15 04:55:25.040669 Yankee: Romeo, sending you 1
2024-10-15 04:55:25.042113 Quebec: Yankee, sending you 4
2024-10-15 04:55:25.045043 Delta: November, sending you 4
chatterbot X-ray submitting transactions
chatterbot Yankee submitting transactions
chatterbot Victor submitting transactions
chatterbot November submitting transactions
chatterbot Hotel submitting transactions
chatterbot India submitting transactions
chatterbot Romeo submitting transactions
chatterbot Delta submitting transactions
chatterbot Quebec submitting transactions
chatterbot Papa submitting transactions
ChatterBot X-ray round 11
ChatterBot Papa round 11
ChatterBot Victor round 11
ChatterBot November round 11
ChatterBot Romeo round 11
ChatterBot Hotel round 11
ChatterBot India round 11
ChatterBot Quebec round 11
ChatterBot Delta round 11
ChatterBot Yankee round 11
2024-10-15 04:55:26.270687 X-ray: November, Hotel and Delta, sending you 4
2024-10-15 04:55:26.271696 Papa: Victor and Yankee, sending you 4
2024-10-15 04:55:26.273011 Victor: Papa, Quebec and Yankee, sending you 4
2024-10-15 04:55:26.274862 X-ray: India, sending you 6
2024-10-15 04:55:26.276675 Papa: Romeo, sending you 6
2024-10-15 04:55:26.278048 Victor: Romeo, sending you 6
2024-10-15 04:55:26.279679 Hotel: X-ray and Delta, sending you 5
2024-10-15 04:55:26.280795 Romeo: Papa and Victor, sending you 7
2024-10-15 04:55:26.281297 Papa: Quebec, sending you 5
2024-10-15 04:55:26.283742 Yankee: Papa, Victor and Quebec, sending you 5
2024-10-15 04:55:26.285688 Hotel: November and India, sending you 4
2024-10-15 04:55:26.286355 Romeo: Quebec, sending you 6
2024-10-15 04:55:26.287461 Yankee: Romeo, sending you 1
2024-10-15 04:55:26.288957 Quebec: Papa and Romeo, sending you 5
2024-10-15 04:55:26.292666 Quebec: Victor, sending you 3
2024-10-15 04:55:26.293689 Delta: X-ray, Hotel and India, sending you 5
2024-10-15 04:55:26.296024 India: X-ray, sending you 6
2024-10-15 04:55:26.297699 Quebec: Yankee, sending you 4
2024-10-15 04:55:26.299383 Delta: November, sending you 4
2024-10-15 04:55:26.301652 India: November and Hotel, sending you 4
2024-10-15 04:55:26.305703 India: Delta, sending you 5
chatterbot November submitting transactions
chatterbot Delta submitting transactions
chatterbot India submitting transactions
chatterbot Hotel submitting transactions
chatterbot Yankee submitting transactions
chatterbot Victor submitting transactions
chatterbot Papa submitting transactions
chatterbot Quebec submitting transactions
chatterbot X-ray submitting transactions
chatterbot Romeo submitting transactions
ChatterBot X-ray round 12
ChatterBot Papa round 12
ChatterBot Victor round 12
ChatterBot November round 12
ChatterBot Romeo round 12
ChatterBot Hotel round 12
ChatterBot India round 12
ChatterBot Quebec round 12
ChatterBot Delta round 12
ChatterBot Yankee round 12
2024-10-15 04:55:27.433700 Victor: Papa, Quebec and Yankee, sending you 4
2024-10-15 04:55:27.437934 Victor: Romeo, sending you 6
2024-10-15 04:55:27.440664 Papa: Victor and Yankee, sending you 4
2024-10-15 04:55:27.442669 Romeo: Papa and Victor, sending you 7
2024-10-15 04:55:27.443116 X-ray: November and Delta, sending you 4
2024-10-15 04:55:27.444692 Papa: Romeo, sending you 6
2024-10-15 04:55:27.446714 Hotel: X-ray and Delta, sending you 5
2024-10-15 04:55:27.447394 Romeo: Quebec, sending you 6
2024-10-15 04:55:27.448327 India: X-ray, sending you 6
2024-10-15 04:55:27.449655 X-ray: Hotel and India, sending you 5
2024-10-15 04:55:27.450517 Yankee: Papa, Victor and Quebec, sending you 5
2024-10-15 04:55:27.451382 Papa: Quebec, sending you 5
2024-10-15 04:55:27.452237 Hotel: November and India, sending you 4
2024-10-15 04:55:27.454040 India: November and Hotel, sending you 4
2024-10-15 04:55:27.455118 Quebec: Papa and Romeo, sending you 5
2024-10-15 04:55:27.456285 Delta: X-ray, Hotel and India, sending you 5
2024-10-15 04:55:27.457828 Yankee: Romeo, sending you 1
2024-10-15 04:55:27.458671 India: Delta, sending you 5
2024-10-15 04:55:27.459674 Quebec: Victor, sending you 3
2024-10-15 04:55:27.461037 Delta: November, sending you 4
2024-10-15 04:55:27.463667 Quebec: Yankee, sending you 4
chatterbot Yankee submitting transactions
chatterbot Papa submitting transactions
chatterbot Victor submitting transactions
chatterbot Quebec submitting transactions
chatterbot X-ray submitting transactions
chatterbot Romeo submitting transactions
chatterbot India submitting transactions
chatterbot Delta submitting transactions
chatterbot Hotel submitting transactions
chatterbot November submitting transactions
ChatterBot X-ray round 13
ChatterBot Papa round 13
ChatterBot Victor round 13
ChatterBot November round 13
ChatterBot Romeo round 13
ChatterBot Hotel round 13
ChatterBot India round 13
ChatterBot Quebec round 13
ChatterBot Delta round 13
ChatterBot Yankee round 13
2024-10-15 04:55:28.549702 Delta: X-ray, Hotel and India, sending you 5
2024-10-15 04:55:28.551603 India: X-ray, sending you 6
2024-10-15 04:55:28.553396 Victor: Papa, Quebec and Yankee, sending you 4
2024-10-15 04:55:28.554769 Delta: November, sending you 4
2024-10-15 04:55:28.556550 India: November and Hotel, sending you 4
2024-10-15 04:55:28.558533 Victor: Romeo, sending you 6
2024-10-15 04:55:28.559945 Papa: Victor and Yankee, sending you 4
2024-10-15 04:55:28.561576 Romeo: Papa and Victor, sending you 7
2024-10-15 04:55:28.562402 Hotel: X-ray and Delta, sending you 5
2024-10-15 04:55:28.563259 Quebec: Papa and Romeo, sending you 5
2024-10-15 04:55:28.565297 X-ray: November and Delta, sending you 4
2024-10-15 04:55:28.566210 India: Delta, sending you 5
2024-10-15 04:55:28.567666 Papa: Romeo, sending you 6
2024-10-15 04:55:28.568486 Romeo: Quebec, sending you 6
2024-10-15 04:55:28.569639 Hotel: November and India, sending you 4
2024-10-15 04:55:28.570674 Quebec: Victor, sending you 3
2024-10-15 04:55:28.571463 X-ray: Hotel and India, sending you 5
2024-10-15 04:55:28.572773 Papa: Quebec, sending you 5
2024-10-15 04:55:28.573627 Yankee: Papa, Victor and Quebec, sending you 5
2024-10-15 04:55:28.575680 Quebec: Yankee, sending you 4
2024-10-15 04:55:28.578700 Yankee: Romeo, sending you 1
chatterbot Hotel submitting transactions
chatterbot Delta submitting transactions
chatterbot India submitting transactions
chatterbot November submitting transactions
chatterbot X-ray submitting transactions
chatterbot Quebec submitting transactions
chatterbot Papa submitting transactions
chatterbot Victor submitting transactions
chatterbot Romeo submitting transactions
chatterbot Yankee submitting transactions
ChatterBot X-ray round 14
ChatterBot Papa round 14
ChatterBot Victor round 14
ChatterBot November round 14
ChatterBot Romeo round 14
ChatterBot Hotel round 14
ChatterBot India round 14
ChatterBot Quebec round 14
ChatterBot Delta round 14
ChatterBot Yankee round 14
2024-10-15 04:55:29.848675 Papa: Victor and Yankee, sending you 4
2024-10-15 04:55:29.849753 Yankee: Papa, Victor and Quebec, sending you 5
2024-10-15 04:55:29.851044 Romeo: Papa and Victor, sending you 7
2024-10-15 04:55:29.851636 Delta: X-ray, Hotel and India, sending you 5
2024-10-15 04:55:29.853656 Papa: Romeo, sending you 6
2024-10-15 04:55:29.854635 Victor: Papa, Quebec and Yankee, sending you 4
2024-10-15 04:55:29.855922 Romeo: Quebec, sending you 6
2024-10-15 04:55:29.856467 Delta: November, sending you 4
2024-10-15 04:55:29.857067 Yankee: Romeo, sending you 1
2024-10-15 04:55:29.857673 Quebec: Papa and Romeo, sending you 5
