ChatterBot X-ray round 1
ChatterBot India round 1
ChatterBot Papa round 1
ChatterBot Delta round 1
ChatterBot Oscar round 1
ChatterBot Whiskey round 1
ChatterBot Hotel round 1
ChatterBot Uniform round 1
ChatterBot Charlie round 1
ChatterBot Zulu round 1
randomSelections Delta: {Delta, Charlie, X-ray, India, Papa, Oscar} 
2024-10-15 04:55:11.854160 Delta: We would work well together
ChatterBot Charlie reevaluating
ChatterBot X-ray reevaluating
ChatterBot India reevaluating
ChatterBot Papa reevaluating
ChatterBot Oscar reevaluating
2024-10-15 04:55:11.865753 Charlie: Yes
2024-10-15 04:55:11.865995 X-ray: Yes
2024-10-15 04:55:11.866837 India: Yes
2024-10-15 04:55:11.867066 Papa: Yes
2024-10-15 04:55:11.867251 Oscar: Yes
ChatterBot X-ray reevaluating
ChatterBot India reevaluating
ChatterBot Papa reevaluating
ChatterBot Oscar reevaluating
ChatterBot Charlie reevaluating
ChatterBot India reevaluating
ChatterBot Papa reevaluating
ChatterBot Oscar reevaluating
ChatterBot Charlie reevaluating
ChatterBot X-ray reevaluating
ChatterBot Papa reevaluating
ChatterBot Oscar reevaluating
ChatterBot Charlie reevaluating
ChatterBot X-ray reevaluating
ChatterBot India reevaluating
ChatterBot Oscar reevaluating
ChatterBot Charlie reevaluating
ChatterBot X-ray reevaluating
ChatterBot India reevaluating
ChatterBot Papa reevaluating
randomSelections Whiskey: {Whiskey, X-ray, Zulu, Uniform, India, Oscar, Hotel, Delta} 
2024-10-15 04:55:11.918280 Whiskey: Let's form a team
ChatterBot X-ray reevaluating
ChatterBot Zulu reevaluating
ChatterBot Uniform reevaluating
ChatterBot India reevaluating
ChatterBot Oscar reevaluating
ChatterBot Hotel reevaluating
2024-10-15 04:55:11.935658 X-ray: No
2024-10-15 04:55:11.935952 Zulu: Yes
2024-10-15 04:55:11.936090 Uniform: Yes
2024-10-15 04:55:11.936217 India: No
2024-10-15 04:55:11.936472 Oscar: No
2024-10-15 04:55:11.937365 Hotel: Yes
2024-10-15 04:55:11.937515 Delta: No
ChatterBot Zulu reevaluating
ChatterBot Uniform reevaluating
ChatterBot India reevaluating
ChatterBot Oscar reevaluating
ChatterBot Hotel reevaluating
ChatterBot X-ray reevaluating
ChatterBot Uniform reevaluating
ChatterBot India reevaluating
ChatterBot Oscar reevaluating
ChatterBot Hotel reevaluating
ChatterBot X-ray reevaluating
ChatterBot Zulu reevaluating
ChatterBot India reevaluating
ChatterBot Oscar reevaluating
ChatterBot Hotel reevaluating
ChatterBot X-ray reevaluating
ChatterBot Zulu reevaluating
ChatterBot Uniform reevaluating
ChatterBot Oscar reevaluating
ChatterBot Hotel reevaluating
ChatterBot X-ray reevaluating
ChatterBot Zulu reevaluating
ChatterBot Uniform reevaluating
ChatterBot India reevaluating
ChatterBot Hotel reevaluating
ChatterBot X-ray reevaluating
ChatterBot Zulu reevaluating
ChatterBot Uniform reevaluating
ChatterBot India reevaluating
ChatterBot Oscar reevaluating
ChatterBot X-ray reevaluating
ChatterBot Zulu reevaluating
ChatterBot Uniform reevaluating
ChatterBot India reevaluating
ChatterBot Oscar reevaluating
ChatterBot Hotel reevaluating
2024-10-15 04:55:12.048669 Oscar: X-ray and Charlie, sending you 1
2024-10-15 04:55:12.051736 X-ray: India and Oscar, sending you 5
2024-10-15 04:55:12.053721 Oscar: India, sending you 2
2024-10-15 04:55:12.055678 Zulu: X-ray, Oscar, Whiskey and Hotel, sending you 3
2024-10-15 04:55:12.056715 X-ray: Papa and Delta, sending you 2
2024-10-15 04:55:12.058099 Whiskey: X-ray, India and Oscar, sending you 4
2024-10-15 04:55:12.058856 Oscar: Papa, sending you 8
2024-10-15 04:55:12.060181 Delta: X-ray, sending you 2
2024-10-15 04:55:12.060717 India: X-ray, sending you 3
2024-10-15 04:55:12.061393 Zulu: India, sending you 1
2024-10-15 04:55:12.062692 Charlie: X-ray and Delta, sending you 2
2024-10-15 04:55:12.063492 X-ray: Charlie, sending you 3
2024-10-15 04:55:12.064721 Whiskey: Delta, sending you 3
2024-10-15 04:55:12.065490 Papa: X-ray, Delta and Oscar, sending you 3
2024-10-15 04:55:12.066299 Oscar: Delta, sending you 5
2024-10-15 04:55:12.067688 Delta: India and Papa, sending you 3
2024-10-15 04:55:12.068422 India: Papa and Delta, sending you 6
2024-10-15 04:55:12.069767 Uniform: X-ray, Delta and Whiskey, sending you 3
2024-10-15 04:55:12.070693 Zulu: Delta and Uniform, sending you 2
2024-10-15 04:55:12.072118 Charlie: India, sending you 1
2024-10-15 04:55:12.072804 Hotel: India, sending you 1
2024-10-15 04:55:12.073646 Whiskey: Hotel and Zulu, sending you 2
2024-10-15 04:55:12.075017 Papa: India, sending you 1
2024-10-15 04:55:12.075585 Delta: Oscar and Charlie, sending you 1
2024-10-15 04:55:12.076357 India: Oscar, sending you 1
2024-10-15 04:55:12.077858 Uniform: India and Oscar, sending you 4
2024-10-15 04:55:12.079190 Charlie: Papa, sending you 4
2024-10-15 04:55:12.079988 Hotel: Delta and Uniform, sending you 2
2024-10-15 04:55:12.081698 Papa: Charlie, sending you 5
2024-10-15 04:55:12.082501 Whiskey: Uniform, sending you 1
2024-10-15 04:55:12.083234 India: Charlie, sending you 2
2024-10-15 04:55:12.083932 Uniform: Zulu, sending you 2
2024-10-15 04:55:12.085151 Charlie: Oscar, sending you 6
2024-10-15 04:55:12.085738 Hotel: Oscar, sending you 5
2024-10-15 04:55:12.089788 Hotel: Whiskey and Zulu, sending you 3
chatterbot Delta submitting transactions
chatterbot Whiskey submitting transactions
chatterbot Uniform submitting transactions
chatterbot Zulu submitting transactions
chatterbot Hotel submitting transactions
chatterbot Papa submitting transactions
chatterbot India submitting transactions
chatterbot Oscar submitting transactions
chatterbot Charlie submitting transactions
chatterbot X-ray submitting transactions
ChatterBot X-ray round 2
ChatterBot India round 2
ChatterBot Papa round 2
ChatterBot Delta round 2
ChatterBot Oscar round 2
ChatterBot Whiskey round 2
ChatterBot Hotel round 2
ChatterBot Uniform round 2
ChatterBot Charlie round 2
ChatterBot Zulu round 2
2024-10-15 04:55:14.807607 India: Can we be friends?
ChatterBot X-ray reevaluating
ChatterBot Papa reevaluating
ChatterBot Delta reevaluating
ChatterBot Oscar reevaluating
ChatterBot Charlie reevaluating
ChatterBot Whiskey reevaluating
ChatterBot Hotel reevaluating
ChatterBot Uniform reevaluating
ChatterBot Zulu reevaluating
2024-10-15 04:55:14.841053 X-ray: Yes
2024-10-15 04:55:14.841227 Papa: No
2024-10-15 04:55:14.841365 Delta: No
2024-10-15 04:55:14.841496 Oscar: Yes
2024-10-15 04:55:14.841633 Charlie: No
2024-10-15 04:55:14.842266 Whiskey: No
2024-10-15 04:55:14.842380 Hotel: No
2024-10-15 04:55:14.842489 Uniform: Yes
2024-10-15 04:55:14.842672 Zulu: No
ChatterBot Papa reevaluating
ChatterBot Delta reevaluating
ChatterBot Oscar reevaluating
ChatterBot Charlie reevaluating
ChatterBot Whiskey reevaluating
ChatterBot Hotel reevaluating
ChatterBot Uniform reevaluating
ChatterBot Zulu reevaluating
ChatterBot X-ray reevaluating
ChatterBot Delta reevaluating
ChatterBot Oscar reevaluating
ChatterBot Charlie reevaluating
ChatterBot Whiskey reevaluating
ChatterBot Hotel reevaluating
ChatterBot Uniform reevaluating
ChatterBot Zulu reevaluating
ChatterBot X-ray reevaluating
ChatterBot Papa reevaluating
ChatterBot Oscar reevaluating
ChatterBot Charlie reevaluating
ChatterBot Whiskey reevaluating
ChatterBot Hotel reevaluating
ChatterBot Uniform reevaluating
ChatterBot Zulu reevaluating
ChatterBot X-ray reevaluating
ChatterBot Papa reevaluating
ChatterBot Delta reevaluating
ChatterBot Charlie reevaluating
ChatterBot Whiskey reevaluating
ChatterBot Hotel reevaluating
ChatterBot Uniform reevaluating
ChatterBot Zulu reevaluating
ChatterBot X-ray reevaluating
ChatterBot Papa reevaluating
ChatterBot Delta reevaluating
ChatterBot Oscar reevaluating
ChatterBot Whiskey reevaluating
ChatterBot Hotel reevaluating
ChatterBot Uniform reevaluating
ChatterBot Zulu reevaluating
ChatterBot X-ray reevaluating
ChatterBot Papa reevaluating
ChatterBot Delta reevaluating
ChatterBot Oscar reevaluating
ChatterBot Charlie reevaluating
ChatterBot Hotel reevaluating
ChatterBot Uniform reevaluating
ChatterBot Zulu reevaluating
ChatterBot X-ray reevaluating
ChatterBot Papa reevaluating
ChatterBot Delta reevaluating
ChatterBot Oscar reevaluating
ChatterBot Charlie reevaluating
ChatterBot Whiskey reevaluating
ChatterBot Uniform reevaluating
ChatterBot Zulu reevaluating
ChatterBot X-ray reevaluating
ChatterBot Papa reevaluating
ChatterBot Delta reevaluating
ChatterBot Oscar reevaluating
ChatterBot Charlie reevaluating
ChatterBot Whiskey reevaluating
ChatterBot Hotel reevaluating
ChatterBot Zulu reevaluating
ChatterBot X-ray reevaluating
ChatterBot Papa reevaluating
ChatterBot Delta reevaluating
ChatterBot Oscar reevaluating
ChatterBot Charlie reevaluating
ChatterBot Whiskey reevaluating
ChatterBot Hotel reevaluating
ChatterBot Uniform reevaluating
2024-10-15 04:55:15.149188 Uniform: We should add Papa and Charlie
2024-10-15 04:55:15.149972 Zulu: We should add Papa and Charlie
ChatterBot Whiskey reevaluating
ChatterBot X-ray reevaluating
ChatterBot Zulu reevaluating
ChatterBot Oscar reevaluating
ChatterBot Hotel reevaluating
ChatterBot Delta reevaluating
2024-10-15 04:55:15.181788 Whiskey: No
ChatterBot Whiskey reevaluating
2024-10-15 04:55:15.209885 X-ray: Yes
ChatterBot X-ray reevaluating
2024-10-15 04:55:15.244248 Zulu: Yes
ChatterBot Uniform reevaluating
2024-10-15 04:55:15.274719 India: Yes
2024-10-15 04:55:15.301180 Oscar: Yes
ChatterBot Oscar reevaluating
2024-10-15 04:55:15.336870 Hotel: No
ChatterBot Hotel reevaluating
2024-10-15 04:55:15.343075 Delta: Yes
ChatterBot Delta reevaluating
2024-10-15 04:55:15.348309 Whiskey: No
2024-10-15 04:55:15.348880 X-ray: Yes
2024-10-15 04:55:15.349937 Uniform: Yes
2024-10-15 04:55:15.350224 India: Yes
2024-10-15 04:55:15.350365 Oscar: Yes
2024-10-15 04:55:15.350809 Hotel: No
2024-10-15 04:55:15.351882 Delta: Yes
ChatterBot X-ray reevaluating
ChatterBot Zulu reevaluating
ChatterBot Uniform reevaluating
ChatterBot Oscar reevaluating
ChatterBot Hotel reevaluating
ChatterBot Delta reevaluating
ChatterBot Whiskey reevaluating
ChatterBot Zulu reevaluating
ChatterBot Uniform reevaluating
ChatterBot Oscar reevaluating
ChatterBot Hotel reevaluating
ChatterBot Delta reevaluating
ChatterBot Whiskey reevaluating
ChatterBot X-ray reevaluating
ChatterBot Uniform reevaluating
ChatterBot Oscar reevaluating
ChatterBot Hotel reevaluating
ChatterBot Delta reevaluating
ChatterBot Whiskey reevaluating
ChatterBot X-ray reevaluating
ChatterBot Zulu reevaluating
ChatterBot Uniform reevaluating
ChatterBot Oscar reevaluating
ChatterBot Hotel reevaluating
ChatterBot Delta reevaluating
ChatterBot Whiskey reevaluating
ChatterBot X-ray reevaluating
ChatterBot Zulu reevaluating
ChatterBot Uniform reevaluating
ChatterBot Hotel reevaluating
ChatterBot Delta reevaluating
ChatterBot Whiskey reevaluating
ChatterBot X-ray reevaluating
ChatterBot Zulu reevaluating
ChatterBot Uniform reevaluating
ChatterBot Oscar reevaluating
ChatterBot Delta reevaluating
ChatterBot Whiskey reevaluating
ChatterBot X-ray reevaluating
ChatterBot Zulu reevaluating
ChatterBot Uniform reevaluating
ChatterBot Oscar reevaluating
ChatterBot Hotel reevaluating
ChatterBot X-ray reevaluating
ChatterBot Zulu reevaluating
ChatterBot Uniform reevaluating
ChatterBot Oscar reevaluating
ChatterBot Hotel reevaluating
ChatterBot Delta reevaluating
ChatterBot Whiskey reevaluating
ChatterBot Zulu reevaluating
ChatterBot Uniform reevaluating
ChatterBot Oscar reevaluating
ChatterBot Hotel reevaluating
ChatterBot Delta reevaluating
ChatterBot Whiskey reevaluating
ChatterBot X-ray reevaluating
ChatterBot Zulu reevaluating
ChatterBot Oscar reevaluating
ChatterBot Hotel reevaluating
ChatterBot Delta reevaluating
ChatterBot Whiskey reevaluating
ChatterBot X-ray reevaluating
ChatterBot Zulu reevaluating
ChatterBot Uniform reevaluating
ChatterBot Oscar reevaluating
ChatterBot Hotel reevaluating
ChatterBot Delta reevaluating
ChatterBot Whiskey reevaluating
ChatterBot X-ray reevaluating
ChatterBot Zulu reevaluating
ChatterBot Uniform reevaluating
ChatterBot Hotel reevaluating
ChatterBot Delta reevaluating
ChatterBot Whiskey reevaluating
ChatterBot X-ray reevaluating
ChatterBot Zulu reevaluating
ChatterBot Uniform reevaluating
ChatterBot Oscar reevaluating
ChatterBot Delta reevaluating
ChatterBot Whiskey reevaluating
ChatterBot X-ray reevaluating
ChatterBot Zulu reevaluating
ChatterBot Uniform reevaluating
ChatterBot Oscar reevaluating
ChatterBot Hotel reevaluating
2024-10-15 04:55:15.773809 Charlie: We should add Uniform
ChatterBot Delta reevaluating
ChatterBot X-ray reevaluating
ChatterBot Papa reevaluating
ChatterBot Oscar reevaluating
2024-10-15 04:55:15.792033 Delta: No
2024-10-15 04:55:15.792231 X-ray: Yes
2024-10-15 04:55:15.792400 India: Yes
2024-10-15 04:55:15.792646 Papa: Yes
2024-10-15 04:55:15.792807 Oscar: Yes
ChatterBot Charlie reevaluating
ChatterBot X-ray reevaluating
ChatterBot Papa reevaluating
ChatterBot Oscar reevaluating
ChatterBot Delta reevaluating
ChatterBot Charlie reevaluating
ChatterBot Papa reevaluating
ChatterBot Oscar reevaluating
ChatterBot Delta reevaluating
ChatterBot Charlie reevaluating
ChatterBot X-ray reevaluating
ChatterBot Papa reevaluating
ChatterBot Oscar reevaluating
ChatterBot Delta reevaluating
ChatterBot Charlie reevaluating
ChatterBot X-ray reevaluating
ChatterBot Oscar reevaluating
ChatterBot Delta reevaluating
ChatterBot Charlie reevaluating
ChatterBot X-ray reevaluating
ChatterBot Papa reevaluating
2024-10-15 04:55:15.962340 Papa: Uniform we want you to join our group
2024-10-15 04:55:15.968389 Uniform: Yes
2024-10-15 04:55:15.999417 Zulu: Papa and Charlie we want you to join our group
2024-10-15 04:55:16.010247 Papa: No
2024-10-15 04:55:16.010573 Charlie: No
ChatterBot Hotel reevaluating
ChatterBot Hotel reevaluating
2024-10-15 04:55:16.086741 Uniform: Papa and Charlie we want you to join our group
2024-10-15 04:55:16.094012 Papa: No
2024-10-15 04:55:16.094180 Charlie: No
ChatterBot Hotel reevaluating
ChatterBot Hotel reevaluating
2024-10-15 04:55:16.179514 Delta: X-ray, Papa and Charlie, sending you 3
2024-10-15 04:55:16.179930 India: X-ray, sending you 4
2024-10-15 04:55:16.180304 Oscar: X-ray, Papa, Whiskey, Hotel, Uniform and Zulu, sending you 2
2024-10-15 04:55:16.181175 X-ray: India, Papa, Delta, Uniform, Charlie and Zulu, sending you 2
2024-10-15 04:55:16.181629 Whiskey: Hotel and Uniform, sending you 7
2024-10-15 04:55:16.191461 Delta: India and Oscar, sending you 5
2024-10-15 04:55:16.192333 India: Papa, Hotel, Charlie and Zulu, sending you 1
2024-10-15 04:55:16.192890 X-ray: Oscar and Hotel, sending you 1
2024-10-15 04:55:16.193196 Oscar: India and Delta, sending you 1
2024-10-15 04:55:16.194129 Whiskey: Zulu, sending you 6
2024-10-15 04:55:16.194391 Zulu: X-ray, India, Papa, Delta, Oscar and Charlie, sending you 1
2024-10-15 04:55:16.194740 Papa: X-ray and Delta, sending you 2
2024-10-15 04:55:16.195514 Uniform: Whiskey, Hotel and Zulu, sending you 4
2024-10-15 04:55:16.195847 Charlie: X-ray, sending you 4
2024-10-15 04:55:16.202311 Oscar: Charlie, sending you 3
2024-10-15 04:55:16.202919 India: Delta and Oscar, sending you 2
2024-10-15 04:55:16.203873 X-ray: Whiskey, sending you 3
2024-10-15 04:55:16.204213 Zulu: Whiskey and Uniform, sending you 3
2024-10-15 04:55:16.204537 Papa: India and Charlie, sending you 3
2024-10-15 04:55:16.204785 Hotel: Oscar and Uniform, sending you 1
2024-10-15 04:55:16.205543 Charlie: India, sending you 3
2024-10-15 04:55:16.230644 India: Whiskey and Uniform, sending you 3
2024-10-15 04:55:16.231202 Zulu: Hotel, sending you 5
2024-10-15 04:55:16.232310 Hotel: Whiskey, sending you 6
2024-10-15 04:55:16.232579 Papa: Oscar, sending you 4
2024-10-15 04:55:16.232897 Charlie: Papa, sending you 7
2024-10-15 04:55:16.279845 Hotel: Zulu, sending you 8
2024-10-15 04:55:16.280214 Papa: Uniform, sending you 1
2024-10-15 04:55:16.280555 Charlie: Delta and Oscar, sending you 2
chatterbot Papa submitting transactions
chatterbot India submitting transactions
chatterbot Zulu submitting transactions
chatterbot Charlie submitting transactions
chatterbot Uniform submitting transactions
chatterbot Oscar submitting transactions
chatterbot Whiskey submitting transactions
chatterbot Delta submitting transactions
chatterbot X-ray submitting transactions
chatterbot Hotel submitting transactions
ChatterBot X-ray round 3
ChatterBot India round 3
ChatterBot Papa round 3
ChatterBot Delta round 3
ChatterBot Oscar round 3
ChatterBot Whiskey round 3
ChatterBot Hotel round 3
ChatterBot Uniform round 3
ChatterBot Charlie round 3
ChatterBot Zulu round 3
2024-10-15 04:55:17.519513 Papa: We should drop Uniform
ChatterBot India reevaluating
2024-10-15 04:55:17.536308 Delta: Yes
2024-10-15 04:55:17.536518 Charlie: Yes
2024-10-15 04:55:17.536660 X-ray: No
2024-10-15 04:55:17.537277 India: Yes
2024-10-15 04:55:17.537384 Oscar: No
ChatterBot India reevaluating
ChatterBot India reevaluating
ChatterBot India reevaluating
ChatterBot India reevaluating
2024-10-15 04:55:17.823853 Papa: X-ray, sending you 1
2024-10-15 04:55:17.824576 Uniform: X-ray, Oscar and Hotel, sending you 2
2024-10-15 04:55:17.825286 Delta: X-ray and Charlie, sending you 3
2024-10-15 04:55:17.830410 Hotel: Oscar and Uniform, sending you 3
2024-10-15 04:55:17.830849 X-ray: India, sending you 3
2024-10-15 04:55:17.833687 Oscar: X-ray, India, Papa, Delta, Whiskey, Hotel, Charlie and Zulu, sending you 2
2024-10-15 04:55:17.834570 Zulu: X-ray and Oscar, sending you 2
2024-10-15 04:55:17.837321 Charlie: X-ray and Delta, sending you 4
2024-10-15 04:55:17.838 Whiskey: X-ray, India and Oscar, sending you 2
2024-10-15 04:55:17.838809 Papa: India and Delta, sending you 3
2024-10-15 04:55:17.843198 Uniform: India, sending you 3
2024-10-15 04:55:17.844036 Delta: India, sending you 5
2024-10-15 04:55:17.846555 Hotel: Whiskey and Zulu, sending you 5
2024-10-15 04:55:17.847058 X-ray: Papa, Delta, Oscar, Whiskey, Charlie and Zulu, sending you 2
2024-10-15 04:55:17.847938 Oscar: Uniform, sending you 1
2024-10-15 04:55:17.850565 Zulu: India, Papa and Charlie, sending you 1
2024-10-15 04:55:17.854129 Charlie: India, sending you 2
2024-10-15 04:55:17.854839 India: X-ray, sending you 4
2024-10-15 04:55:17.855557 Whiskey: Hotel, sending you 6
2024-10-15 04:55:17.858730 Papa: Oscar and Charlie, sending you 4
2024-10-15 04:55:17.859446 Uniform: Papa, sending you 1
2024-10-15 04:55:17.862374 Delta: Papa and Oscar, sending you 4
2024-10-15 04:55:17.867129 X-ray: Hotel and Uniform, sending you 1
2024-10-15 04:55:17.868097 Zulu: Whiskey and Uniform, sending you 3
2024-10-15 04:55:17.870712 Charlie: Papa, sending you 5
2024-10-15 04:55:17.871365 India: Papa, Oscar and Charlie, sending you 3
2024-10-15 04:55:17.872043 Whiskey: Uniform and Zulu, sending you 4
2024-10-15 04:55:17.874915 Uniform: Whiskey and Zulu, sending you 4
2024-10-15 04:55:17.880111 Zulu: Hotel, sending you 4
2024-10-15 04:55:17.881236 Charlie: Oscar, sending you 3
2024-10-15 04:55:17.883848 India: Delta, sending you 5
chatterbot Zulu submitting transactions
chatterbot Oscar submitting transactions
chatterbot Uniform submitting transactions
chatterbot Papa submitting transactions
chatterbot Whiskey submitting transactions
chatterbot X-ray submitting transactions
chatterbot Hotel submitting transactions
chatterbot Charlie submitting transactions
chatterbot Delta submitting transactions
chatterbot India submitting transactions
ChatterBot X-ray round 4
ChatterBot India round 4
ChatterBot Papa round 4
ChatterBot Delta round 4
ChatterBot Oscar round 4
ChatterBot Whiskey round 4
ChatterBot Hotel round 4
ChatterBot Uniform round 4
ChatterBot Charlie round 4
ChatterBot Zulu round 4
2024-10-15 04:55:18.941667 X-ray: India, sending you 3
2024-10-15 04:55:18.947003 X-ray: Papa, Delta, Oscar, Whiskey, Uniform, Charlie and Zulu, sending you 2
2024-10-15 04:55:18.948173 Delta: X-ray, sending you 2
2024-10-15 04:55:18.948814 Papa: X-ray, sending you 2
2024-10-15 04:55:18.950662 Oscar: X-ray, India, Papa, Delta, Hotel, Uniform, Charlie and Zulu, sending you 2
2024-10-15 04:55:18.952034 Delta: India, sending you 5
2024-10-15 04:55:18.953666 India: X-ray and Delta, sending you 3
2024-10-15 04:55:18.955089 Papa: India, Delta and Oscar, sending you 3
2024-10-15 04:55:18.955664 Oscar: Whiskey, sending you 1
2024-10-15 04:55:18.956161 Delta: Papa, Oscar and Charlie, sending you 4
2024-10-15 04:55:18.956714 Zulu: X-ray and Oscar, sending you 2
2024-10-15 04:55:18.958664 Whiskey: Oscar, sending you 2
2024-10-15 04:55:18.958949 India: Papa, Oscar, Whiskey, Uniform and Charlie, sending you 2
2024-10-15 04:55:18.959414 Charlie: X-ray, India and Oscar, sending you 3
2024-10-15 04:55:18.960663 Papa: Charlie, sending you 4
2024-10-15 04:55:18.961693 Zulu: India, Papa and Charlie, sending you 1
2024-10-15 04:55:18.962402 Hotel: Oscar, sending you 2
2024-10-15 04:55:18.963270 India: Hotel and Zulu, sending you 1
2024-10-15 04:55:18.964030 Charlie: Papa, sending you 5
2024-10-15 04:55:18.964689 Whiskey: Hotel, sending you 7
2024-10-15 04:55:18.966067 Zulu: Whiskey and Uniform, sending you 3
2024-10-15 04:55:18.966789 Hotel: Whiskey, sending you 6
2024-10-15 04:55:18.967687 Uniform: X-ray, India and Oscar, sending you 2
2024-10-15 04:55:18.968506 Whiskey: Uniform, sending you 6
2024-10-15 04:55:18.969675 Charlie: Delta, sending you 4
2024-10-15 04:55:18.971895 Zulu: Hotel, sending you 4
2024-10-15 04:55:18.972507 Hotel: Uniform, sending you 3
2024-10-15 04:55:18.972894 Uniform: Papa, sending you 1
2024-10-15 04:55:18.973673 Whiskey: Zulu, sending you 5
2024-10-15 04:55:18.975670 Hotel: Zulu, sending you 5
2024-10-15 04:55:18.977691 Uniform: Whiskey and Zulu, sending you 4
2024-10-15 04:55:18.980674 Uniform: Hotel, sending you 3
chatterbot Charlie submitting transactions
chatterbot Hotel submitting transactions
chatterbot Papa submitting transactions
chatterbot Delta submitting transactions
chatterbot Zulu submitting transactions
chatterbot India submitting transactions
chatterbot Oscar submitting transactions
chatterbot Uniform submitting transactions
chatterbot Whiskey submitting transactions
chatterbot X-ray submitting transactions
ChatterBot X-ray round 5
ChatterBot India round 5
ChatterBot Papa round 5
ChatterBot Delta round 5
ChatterBot Oscar round 5
ChatterBot Whiskey round 5
ChatterBot Hotel round 5
ChatterBot Uniform round 5
ChatterBot Charlie round 5
ChatterBot Zulu round 5
2024-10-15 04:55:20.192698 Papa: X-ray, sending you 2
2024-10-15 04:55:20.194672 India: X-ray and Papa, sending you 4
2024-10-15 04:55:20.196091 X-ray: India, sending you 3
2024-10-15 04:55:20.198670 Papa: India, Delta and Oscar, sending you 3
2024-10-15 04:55:20.199689 India: Delta, sending you 5
2024-10-15 04:55:20.201686 X-ray: Papa, Delta, Oscar, Uniform, Charlie and Zulu, sending you 2
2024-10-15 04:55:20.202719 Papa: Charlie, sending you 4
2024-10-15 04:55:20.203223 Hotel: Oscar and Uniform, sending you 3
2024-10-15 04:55:20.204685 India: Oscar, sending you 2
2024-10-15 04:55:20.205704 Charlie: X-ray, India and Oscar, sending you 3
2024-10-15 04:55:20.206868 Oscar: X-ray, India, Papa, Delta, Whiskey, Hotel, Charlie and Zulu, sending you 2
2024-10-15 04:55:20.208975 X-ray: Whiskey and Hotel, sending you 1
2024-10-15 04:55:20.210963 Whiskey: Oscar, sending you 3
2024-10-15 04:55:20.211938 Hotel: Whiskey, sending you 6
2024-10-15 04:55:20.212537 India: Charlie, sending you 3
2024-10-15 04:55:20.214544 Uniform: X-ray, India and Oscar, sending you 2
2024-10-15 04:55:20.216112 Charlie: Papa, sending you 5
2024-10-15 04:55:20.217636 Delta: X-ray, sending you 2
2024-10-15 04:55:20.218500 Oscar: Uniform, sending you 1
2024-10-15 04:55:20.220048 Hotel: Zulu, sending you 4
2024-10-15 04:55:20.221744 Whiskey: Hotel, sending you 7
2024-10-15 04:55:20.222887 Zulu: X-ray and Oscar, sending you 2
2024-10-15 04:55:20.224339 Uniform: Whiskey and Zulu, sending you 4
2024-10-15 04:55:20.226667 Charlie: Delta, sending you 4
2024-10-15 04:55:20.228071 Delta: India, sending you 5
2024-10-15 04:55:20.230042 Whiskey: Uniform and Zulu, sending you 5
2024-10-15 04:55:20.231131 Zulu: India, Papa and Charlie, sending you 1
2024-10-15 04:55:20.233885 Uniform: Hotel, sending you 3
2024-10-15 04:55:20.235480 Delta: Papa, Oscar and Charlie, sending you 4
2024-10-15 04:55:20.238673 Zulu: Whiskey and Uniform, sending you 3
2024-10-15 04:55:20.242664 Zulu: Hotel, sending you 4
chatterbot Charlie submitting transactions
chatterbot Zulu submitting transactions
chatterbot X-ray submitting transactions
chatterbot Whiskey submitting transactions
chatterbot Papa submitting transactions
chatterbot India submitting transactions
chatterbot Delta submitting transactions
chatterbot Uniform submitting transactions
chatterbot Hotel submitting transactions
chatterbot Oscar submitting transactions
ChatterBot X-ray round 6
ChatterBot India round 6
ChatterBot Papa round 6
ChatterBot Delta round 6
ChatterBot Oscar round 6
ChatterBot Whiskey round 6
ChatterBot Hotel round 6
ChatterBot Uniform round 6
ChatterBot Charlie round 6
ChatterBot Zulu round 6
2024-10-15 04:55:21.443698 X-ray: India, sending you 3
2024-10-15 04:55:21.444638 Papa: X-ray, sending you 2
2024-10-15 04:55:21.447961 India: X-ray and Papa, sending you 4
2024-10-15 04:55:21.448984 X-ray: Papa, Delta, Oscar, Uniform, Charlie and Zulu, sending you 2
2024-10-15 04:55:21.450517 Papa: India, Delta and Oscar, sending you 3
2024-10-15 04:55:21.451490 Hotel: Oscar and Uniform, sending you 3
2024-10-15 04:55:21.452903 Delta: X-ray and Oscar, sending you 3
2024-10-15 04:55:21.453845 India: Delta, sending you 5
2024-10-15 04:55:21.454590 Charlie: X-ray, India and Oscar, sending you 3
2024-10-15 04:55:21.455403 X-ray: Whiskey and Hotel, sending you 1
2024-10-15 04:55:21.456473 Whiskey: Oscar, sending you 3
2024-10-15 04:55:21.457875 Papa: Charlie, sending you 4
2024-10-15 04:55:21.458678 Hotel: Whiskey, sending you 6
2024-10-15 04:55:21.459267 Delta: India, sending you 5
2024-10-15 04:55:21.460028 Oscar: X-ray, India, Papa, Delta, Whiskey, Hotel, Charlie and Zulu, sending you 2
2024-10-15 04:55:21.461100 India: Oscar, sending you 2
2024-10-15 04:55:21.462894 Charlie: Papa, sending you 5
2024-10-15 04:55:21.463865 Whiskey: Hotel, sending you 8
2024-10-15 04:55:21.464376 Hotel: Zulu, sending you 4
2024-10-15 04:55:21.464907 Delta: Papa and Charlie, sending you 4
2024-10-15 04:55:21.465734 Oscar: Uniform, sending you 1
2024-10-15 04:55:21.468349 Uniform: X-ray and Oscar, sending you 2
2024-10-15 04:55:21.470199 India: Charlie, sending you 3
2024-10-15 04:55:21.471402 Whiskey: Uniform, sending you 5
2024-10-15 04:55:21.472022 Zulu: X-ray and Oscar, sending you 2
2024-10-15 04:55:21.473753 Charlie: Delta, sending you 4
2024-10-15 04:55:21.474657 Uniform: India, sending you 1
2024-10-15 04:55:21.476730 Whiskey: Zulu, sending you 4
2024-10-15 04:55:21.477710 Zulu: India, Papa, Delta and Charlie, sending you 1
2024-10-15 04:55:21.479547 Uniform: Whiskey, sending you 4
2024-10-15 04:55:21.481700 Zulu: Whiskey, Hotel and Uniform, sending you 3
2024-10-15 04:55:21.484731 Uniform: Hotel, sending you 3
2024-10-15 04:55:21.490695 Uniform: Zulu, sending you 5
chatterbot Whiskey submitting transactions
chatterbot Uniform submitting transactions
chatterbot Charlie submitting transactions
chatterbot Papa submitting transactions
chatterbot India submitting transactions
chatterbot Hotel submitting transactions
chatterbot Zulu submitting transactions
chatterbot X-ray submitting transactions
chatterbot Oscar submitting transactions
chatterbot Delta submitting transactions
ChatterBot X-ray round 7
ChatterBot India round 7
ChatterBot Papa round 7
ChatterBot Delta round 7
ChatterBot Oscar round 7
ChatterBot Whiskey round 7
ChatterBot Hotel round 7
ChatterBot Uniform round 7
ChatterBot Charlie round 7
ChatterBot Zulu round 7
2024-10-15 04:55:22.713441 Zulu: We should group up
2024-10-15 04:55:22.725208 Whiskey: Yes
2024-10-15 04:55:22.725542 Hotel: Yes
2024-10-15 04:55:22.725784 Uniform: Yes
2024-10-15 04:55:22.726107 Oscar: Yes
2024-10-15 04:55:22.778703 India: X-ray and Papa, sending you 4
2024-10-15 04:55:22.780358 Delta: X-ray and Oscar, sending you 3
2024-10-15 04:55:22.781990 Zulu: Oscar, sending you 3
2024-10-15 04:55:22.792526 Papa: X-ray, sending you 2
2024-10-15 04:55:22.794562 Oscar: X-ray, India, Papa, Delta, Whiskey, Hotel, Charlie and Zulu, sending you 2
2024-10-15 04:55:22.797832 Whiskey: Oscar, sending you 3
2024-10-15 04:55:22.799275 India: Delta, sending you 5
2024-10-15 04:55:22.802262 Delta: India, sending you 5
2024-10-15 04:55:22.804642 Uniform: X-ray, sending you 3
2024-10-15 04:55:22.806005 Zulu: Whiskey and Uniform, sending you 4
2024-10-15 04:55:22.806638 X-ray: India, sending you 3
2024-10-15 04:55:22.808823 Papa: India, Delta and Oscar, sending you 3
2024-10-15 04:55:22.809793 Oscar: Uniform, sending you 1
2024-10-15 04:55:22.812412 Whiskey: Hotel, sending you 8
2024-10-15 04:55:22.814103 India: Oscar, sending you 2
2024-10-15 04:55:22.815649 Hotel: Oscar and Uniform, sending you 3
2024-10-15 04:55:22.816643 Delta: Papa and Charlie, sending you 4
2024-10-15 04:55:22.818954 Charlie: X-ray, India and Oscar, sending you 3
2024-10-15 04:55:22.820147 Zulu: Hotel, sending you 6
2024-10-15 04:55:22.822256 Uniform: India, sending you 1
2024-10-15 04:55:22.823549 X-ray: Papa, Delta, Oscar, Uniform, Charlie and Zulu, sending you 2
2024-10-15 04:55:22.826539 Papa: Charlie, sending you 4
2024-10-15 04:55:22.827631 Whiskey: Uniform, sending you 5
2024-10-15 04:55:22.828240 India: Charlie, sending you 3
2024-10-15 04:55:22.829465 Hotel: Whiskey, sending you 6
2024-10-15 04:55:22.829894 Charlie: Papa, sending you 5
2024-10-15 04:55:22.830451 Uniform: Oscar, sending you 2
2024-10-15 04:55:22.831197 X-ray: Whiskey and Hotel, sending you 1
2024-10-15 04:55:22.832439 Whiskey: Zulu, sending you 4
2024-10-15 04:55:22.833680 Hotel: Zulu, sending you 4
2024-10-15 04:55:22.834979 Charlie: Delta, sending you 4
2024-10-15 04:55:22.835854 Uniform: Whiskey, Hotel and Zulu, sending you 4
chatterbot Charlie submitting transactions
chatterbot Zulu submitting transactions
chatterbot Uniform submitting transactions
chatterbot Oscar submitting transactions
chatterbot Whiskey submitting transactions
chatterbot X-ray submitting transactions
chatterbot Delta submitting transactions
chatterbot India submitting transactions
chatterbot Hotel submitting transactions
chatterbot Papa submitting transactions
ChatterBot X-ray round 8
ChatterBot India round 8
ChatterBot Papa round 8
ChatterBot Delta round 8
ChatterBot Oscar round 8
ChatterBot Whiskey round 8
ChatterBot Hotel round 8
ChatterBot Uniform round 8
ChatterBot Charlie round 8
ChatterBot Zulu round 8
2024-10-15 04:55:23.988657 India: X-ray and Papa, sending you 4
2024-10-15 04:55:23.989879 Hotel: Oscar and Uniform, sending you 3
2024-10-15 04:55:23.990671 Delta: X-ray and Oscar, sending you 3
2024-10-15 04:55:23.991345 Whiskey: Oscar, sending you 3
2024-10-15 04:55:23.991823 Oscar: X-ray, India, Papa, Delta, Whiskey, Hotel, Charlie and Zulu, sending you 2
2024-10-15 04:55:23.993135 Papa: X-ray, sending you 2
2024-10-15 04:55:23.993865 Hotel: Whiskey, sending you 6
2024-10-15 04:55:23.994656 India: Delta, sending you 5
2024-10-15 04:55:23.996191 Delta: India, sending you 5
2024-10-15 04:55:23.996703 Oscar: Uniform, sending you 1
2024-10-15 04:55:23.997399 Whiskey: Hotel, sending you 8
2024-10-15 04:55:23.997770 Papa: India, Delta and Oscar, sending you 3
2024-10-15 04:55:23.998377 India: Oscar, sending you 2
2024-10-15 04:55:23.999005 Hotel: Zulu, sending you 4
2024-10-15 04:55:24.000058 Delta: Papa and Charlie, sending you 4
2024-10-15 04:55:24.001689 X-ray: India, sending you 5
2024-10-15 04:55:24.002867 Whiskey: Uniform, sending you 5
2024-10-15 04:55:24.003245 Zulu: Oscar, Whiskey and Uniform, sending you 4
2024-10-15 04:55:24.003672 Papa: Charlie, sending you 4
2024-10-15 04:55:24.004222 Uniform: Oscar, sending you 3
2024-10-15 04:55:24.004601 Charlie: X-ray, India and Oscar, sending you 3
2024-10-15 04:55:24.005187 India: Charlie, sending you 3
2024-10-15 04:55:24.007707 X-ray: Papa, Delta, Oscar and Charlie, sending you 3
2024-10-15 04:55:24.010022 Whiskey: Zulu, sending you 4
2024-10-15 04:55:24.010972 Zulu: Hotel, sending you 5
2024-10-15 04:55:24.011682 Uniform: Whiskey, sending you 4
2024-10-15 04:55:24.012737 Charlie: Papa, sending you 5
2024-10-15 04:55:24.015703 Uniform: Hotel and Zulu, sending you 5
2024-10-15 04:55:24.016669 Charlie: Delta, sending you 4
chatterbot X-ray submitting transactions
chatterbot Uniform submitting transactions
chatterbot Oscar submitting transactions
chatterbot Whiskey submitting transactions
chatterbot Delta submitting transactions
chatterbot Charlie submitting transactions
chatterbot Papa submitting transactions
chatterbot India submitting transactions
chatterbot Zulu submitting transactions
chatterbot Hotel submitting transactions
ChatterBot X-ray round 9
ChatterBot India round 9
ChatterBot Papa round 9
ChatterBot Delta round 9
ChatterBot Oscar round 9
ChatterBot Whiskey round 9
ChatterBot Hotel round 9
ChatterBot Uniform round 9
ChatterBot Charlie round 9
ChatterBot Zulu round 9
2024-10-15 04:55:25.129691 Oscar: X-ray, India, Papa, Delta, Whiskey, Hotel, Charlie and Zulu, sending you 2
2024-10-15 04:55:25.133675 Papa: X-ray, sending you 2
2024-10-15 04:55:25.134300 India: X-ray, Papa and Delta, sending you 4
2024-10-15 04:55:25.134907 Whiskey: Oscar, sending you 2
2024-10-15 04:55:25.135700 Oscar: Uniform, sending you 1
2024-10-15 04:55:25.136723 Papa: India, Delta and Oscar, sending you 3
2024-10-15 04:55:25.137667 India: Oscar and Charlie, sending you 3
2024-10-15 04:55:25.139293 Whiskey: Hotel, sending you 8
2024-10-15 04:55:25.139788 Charlie: X-ray, India and Oscar, sending you 3
2024-10-15 04:55:25.140698 X-ray: India, sending you 2
2024-10-15 04:55:25.141478 Papa: Charlie, sending you 4
2024-10-15 04:55:25.142138 Hotel: Oscar and Uniform, sending you 3
2024-10-15 04:55:25.143667 Whiskey: Uniform and Zulu, sending you 5
2024-10-15 04:55:25.144651 Charlie: Papa, sending you 5
2024-10-15 04:55:25.145349 Hotel: Whiskey, sending you 6
2024-10-15 04:55:25.145886 Uniform: Oscar, sending you 2
2024-10-15 04:55:25.146381 Delta: X-ray and Oscar, sending you 3
2024-10-15 04:55:25.147062 X-ray: Papa, Delta, Oscar and Charlie, sending you 1
2024-10-15 04:55:25.147651 Charlie: Delta, sending you 4
2024-10-15 04:55:25.148674 Hotel: Zulu, sending you 4
2024-10-15 04:55:25.149147 Uniform: Whiskey, sending you 4
2024-10-15 04:55:25.151644 Delta: India, sending you 5
2024-10-15 04:55:25.152243 Zulu: Whiskey, Hotel and Uniform, sending you 2
2024-10-15 04:55:25.152663 Uniform: Hotel and Zulu, sending you 5
2024-10-15 04:55:25.154707 Delta: Papa and Charlie, sending you 4
chatterbot Zulu submitting transactions
chatterbot Hotel submitting transactions
chatterbot India submitting transactions
chatterbot Delta submitting transactions
chatterbot Whiskey submitting transactions
chatterbot Papa submitting transactions
chatterbot Uniform submitting transactions
chatterbot X-ray submitting transactions
chatterbot Oscar submitting transactions
chatterbot Charlie submitting transactions
ChatterBot X-ray round 10
ChatterBot India round 10
ChatterBot Papa round 10
ChatterBot Delta round 10
ChatterBot Oscar round 10
ChatterBot Whiskey round 10
ChatterBot Hotel round 10
ChatterBot Uniform round 10
ChatterBot Charlie round 10
ChatterBot Zulu round 10
2024-10-15 04:55:26.407732 Charlie: We should add Whiskey
2024-10-15 04:55:26.418901 Delta: No
2024-10-15 04:55:26.419056 X-ray: No
2024-10-15 04:55:26.419171 India: No
2024-10-15 04:55:26.419280 Papa: No
2024-10-15 04:55:26.419395 Oscar: No
ChatterBot Charlie reevaluating
ChatterBot Charlie reevaluating
ChatterBot Charlie reevaluating
ChatterBot Charlie reevaluating
ChatterBot Charlie reevaluating
2024-10-15 04:55:26.482282 Charlie: We should add Uniform
2024-10-15 04:55:26.493322 Delta: No
2024-10-15 04:55:26.493476 X-ray: No
2024-10-15 04:55:26.493590 India: No
2024-10-15 04:55:26.493756 Papa: No
2024-10-15 04:55:26.493913 Oscar: No
ChatterBot Charlie reevaluating
ChatterBot X-ray reevaluating
ChatterBot Charlie reevaluating
ChatterBot Charlie reevaluating
ChatterBot X-ray reevaluating
ChatterBot Charlie reevaluating
ChatterBot X-ray reevaluating
ChatterBot Charlie reevaluating
ChatterBot X-ray reevaluating
2024-10-15 04:55:26.561114 Papa: I was attacked by Zulu
ChatterBot Delta reevaluating
ChatterBot Charlie reevaluating
ChatterBot X-ray reevaluating
ChatterBot India reevaluating
ChatterBot Oscar reevaluating
2024-10-15 04:55:26.580990 Papa: I'm keeping this round to protect myself
2024-10-15 04:55:26.582161 Papa: Ow
2024-10-15 04:55:26.582575 Hotel: I was attacked by X-ray
ChatterBot Oscar reevaluating
2024-10-15 04:55:26.592507 Hotel: Ow
2024-10-15 04:55:26.593054 Whiskey: Oscar, sending you 3
2024-10-15 04:55:26.596670 Uniform: Oscar, sending you 3
2024-10-15 04:55:26.597686 Whiskey: Hotel, sending you 8
2024-10-15 04:55:26.599269 Zulu: Oscar, Whiskey and Uniform, sending you 4
2024-10-15 04:55:26.600324 Uniform: Whiskey, sending you 4
2024-10-15 04:55:26.603674 Whiskey: Uniform, sending you 5
2024-10-15 04:55:26.604525 Zulu: Hotel, sending you 5
2024-10-15 04:55:26.605167 Uniform: Hotel and Zulu, sending you 5
2024-10-15 04:55:26.607233 X-ray: India, sending you 5
2024-10-15 04:55:26.608667 Charlie: X-ray, India and Oscar, sending you 3
2024-10-15 04:55:26.609574 Whiskey: Zulu, sending you 4
2024-10-15 04:55:26.610149 India: X-ray, Papa and Delta, sending you 4
2024-10-15 04:55:26.611764 X-ray: Papa, Delta, Oscar and Charlie, sending you 3
2024-10-15 04:55:26.613685 Charlie: Papa, sending you 5
2024-10-15 04:55:26.615222 Oscar: X-ray, India and Charlie, sending you 3
2024-10-15 04:55:26.615984 India: Oscar and Charlie, sending you 3
2024-10-15 04:55:26.618667 Oscar: Papa and Delta, sending you 4
2024-10-15 04:55:26.620147 Charlie: Delta, sending you 4
chatterbot Whiskey submitting transactions
chatterbot Uniform submitting transactions
chatterbot Hotel submitting transactions
chatterbot Oscar submitting transactions
chatterbot Zulu submitting transactions
chatterbot Charlie submitting transactions
chatterbot Papa submitting transactions
chatterbot X-ray submitting transactions
chatterbot India submitting transactions
chatterbot Delta submitting transactions
ChatterBot X-ray round 11
ChatterBot India round 11
ChatterBot Papa round 11
ChatterBot Delta round 11
ChatterBot Oscar round 11
ChatterBot Whiskey round 11
ChatterBot Hotel round 11
ChatterBot Uniform round 11
ChatterBot Charlie round 11
ChatterBot Zulu round 11
2024-10-15 04:55:27.846230 Charlie: We should replace X-ray with Hotel
ChatterBot Delta reevaluating
2024-10-15 04:55:27.862206 India: No
2024-10-15 04:55:27.862475 Papa: No
2024-10-15 04:55:27.862666 Delta: No
2024-10-15 04:55:27.862833 Oscar: No
ChatterBot Charlie reevaluating
ChatterBot Delta reevaluating
ChatterBot Charlie reevaluating
ChatterBot Delta reevaluating
ChatterBot Charlie reevaluating
ChatterBot Charlie reevaluating
ChatterBot Delta reevaluating
2024-10-15 04:55:27.931402 Hotel: We should replace Oscar with X-ray
2024-10-15 04:55:27.940517 Whiskey: No
2024-10-15 04:55:27.940714 Uniform: No
2024-10-15 04:55:27.940871 Zulu: No
2024-10-15 04:55:27.968091 Hotel: X-ray we want you to join our group
2024-10-15 04:55:27.972440 X-ray: No
2024-10-15 04:55:27.984466 X-ray: India, sending you 2
2024-10-15 04:55:27.986678 X-ray: I was attacked by Hotel
ChatterBot Delta reevaluating
ChatterBot Charlie reevaluating
ChatterBot India reevaluating
ChatterBot Papa reevaluating
ChatterBot Oscar reevaluating
2024-10-15 04:55:28.003396 X-ray: Ow
2024-10-15 04:55:28.004442 Zulu: I was attacked by Delta
ChatterBot Whiskey reevaluating
ChatterBot Hotel reevaluating
ChatterBot Uniform reevaluating
ChatterBot Oscar reevaluating
2024-10-15 04:55:28.016355 Zulu: I'm keeping this round to protect myself
2024-10-15 04:55:28.017306 Zulu: Ow
2024-10-15 04:55:28.017906 Charlie: Hotel we want you to join our group
ChatterBot Hotel reevaluating
2024-10-15 04:55:28.022673 Hotel: No
ChatterBot Charlie reevaluating
