ChatterBot India round 1
ChatterBot November round 1
ChatterBot Uniform round 1
ChatterBot Romeo round 1
ChatterBot Quebec round 1
ChatterBot Whiskey round 1
ChatterBot X-ray round 1
ChatterBot Charlie round 1
ChatterBot Mike round 1
ChatterBot Bravo round 1
randomSelections India: {India, Bravo, Whiskey, Mike, Romeo, Charlie, Uniform} 
2024-10-15 04:55:11.841319 India: Friends?
ChatterBot Bravo reevaluating
ChatterBot Whiskey reevaluating
ChatterBot Mike reevaluating
ChatterBot Romeo reevaluating
ChatterBot Charlie reevaluating
ChatterBot Uniform reevaluating
2024-10-15 04:55:11.855830 Bravo: Yes
2024-10-15 04:55:11.855974 Whiskey: Yes
2024-10-15 04:55:11.856301 Mike: Yes
2024-10-15 04:55:11.856546 Romeo: Yes
2024-10-15 04:55:11.856686 Charlie: Yes
2024-10-15 04:55:11.856811 Uniform: Yes
ChatterBot Whiskey reevaluating
ChatterBot Mike reevaluating
ChatterBot Romeo reevaluating
ChatterBot Charlie reevaluating
ChatterBot Uniform reevaluating
ChatterBot Bravo reevaluating
ChatterBot Mike reevaluating
ChatterBot Romeo reevaluating
ChatterBot Charlie reevaluating
ChatterBot Uniform reevaluating
ChatterBot Bravo reevaluating
ChatterBot Whiskey reevaluating
ChatterBot Romeo reevaluating
ChatterBot Charlie reevaluating
ChatterBot Uniform reevaluating
ChatterBot Bravo reevaluating
ChatterBot Whiskey reevaluating
ChatterBot Mike reevaluating
ChatterBot Charlie reevaluating
ChatterBot Uniform reevaluating
ChatterBot Bravo reevaluating
ChatterBot Whiskey reevaluating
ChatterBot Mike reevaluating
ChatterBot Romeo reevaluating
ChatterBot Uniform reevaluating
ChatterBot Bravo reevaluating
ChatterBot Whiskey reevaluating
ChatterBot Mike reevaluating
ChatterBot Romeo reevaluating
ChatterBot Charlie reevaluating
randomSelections November: {November, Mike, Charlie, Quebec, Romeo, India} 
2024-10-15 04:55:11.930210 November: Friends?
ChatterBot Mike reevaluating
ChatterBot Charlie reevaluating
ChatterBot Quebec reevaluating
ChatterBot Romeo reevaluating
2024-10-15 04:55:11.939478 Mike: No
2024-10-15 04:55:11.939681 Charlie: No
2024-10-15 04:55:11.940022 Quebec: Yes
2024-10-15 04:55:11.940164 Romeo: No
2024-10-15 04:55:11.940383 India: No
ChatterBot Charlie reevaluating
ChatterBot Quebec reevaluating
ChatterBot Romeo reevaluating
ChatterBot Mike reevaluating
ChatterBot Quebec reevaluating
ChatterBot Romeo reevaluating
ChatterBot Mike reevaluating
ChatterBot Charlie reevaluating
ChatterBot Romeo reevaluating
ChatterBot Mike reevaluating
ChatterBot Charlie reevaluating
ChatterBot Quebec reevaluating
ChatterBot Mike reevaluating
ChatterBot Charlie reevaluating
ChatterBot Quebec reevaluating
ChatterBot Romeo reevaluating
randomSelections X-ray: {X-ray, Bravo, Mike, Romeo, Uniform, Whiskey, Quebec, November} 
2024-10-15 04:55:11.992545 X-ray: We should group up
ChatterBot Bravo reevaluating
ChatterBot Mike reevaluating
ChatterBot Romeo reevaluating
ChatterBot Uniform reevaluating
ChatterBot Whiskey reevaluating
ChatterBot Quebec reevaluating
2024-10-15 04:55:12.002493 Bravo: No
2024-10-15 04:55:12.002742 Mike: No
2024-10-15 04:55:12.002992 Romeo: No
2024-10-15 04:55:12.003720 Uniform: No
2024-10-15 04:55:12.004057 Whiskey: No
2024-10-15 04:55:12.004258 Quebec: No
2024-10-15 04:55:12.004495 November: No
ChatterBot Mike reevaluating
ChatterBot Romeo reevaluating
ChatterBot Uniform reevaluating
ChatterBot Whiskey reevaluating
ChatterBot Quebec reevaluating
ChatterBot Bravo reevaluating
ChatterBot Romeo reevaluating
ChatterBot Uniform reevaluating
ChatterBot Whiskey reevaluating
ChatterBot Quebec reevaluating
ChatterBot Bravo reevaluating
ChatterBot Mike reevaluating
ChatterBot Uniform reevaluating
ChatterBot Whiskey reevaluating
ChatterBot Quebec reevaluating
ChatterBot Bravo reevaluating
ChatterBot Mike reevaluating
ChatterBot Romeo reevaluating
ChatterBot Whiskey reevaluating
ChatterBot Quebec reevaluating
ChatterBot Bravo reevaluating
ChatterBot Mike reevaluating
ChatterBot Romeo reevaluating
ChatterBot Uniform reevaluating
ChatterBot Quebec reevaluating
ChatterBot Bravo reevaluating
ChatterBot Mike reevaluating
ChatterBot Romeo reevaluating
ChatterBot Uniform reevaluating
ChatterBot Whiskey reevaluating
ChatterBot Bravo reevaluating
ChatterBot Mike reevaluating
ChatterBot Romeo reevaluating
ChatterBot Uniform reevaluating
ChatterBot Whiskey reevaluating
ChatterBot Quebec reevaluating
2024-10-15 04:55:12.087028 X-ray: Uniform, Quebec and Bravo, sending you 3
2024-10-15 04:55:12.090717 Charlie: India, Mike and Bravo, sending you 4
2024-10-15 04:55:12.092679 X-ray: Mike, sending you 1
2024-10-15 04:55:12.093696 Uniform: India, sending you 6
2024-10-15 04:55:12.095119 India: Uniform and Charlie, sending you 5
2024-10-15 04:55:12.095839 Charlie: Uniform and Romeo, sending you 2
2024-10-15 04:55:12.096670 Mike: India, Whiskey and Bravo, sending you 1
2024-10-15 04:55:12.098232 Quebec: India and Romeo, sending you 5
2024-10-15 04:55:12.098889 Uniform: Romeo and Mike, sending you 1
2024-10-15 04:55:12.099389 Charlie: Whiskey, sending you 1
2024-10-15 04:55:12.099775 November: India, sending you 2
2024-10-15 04:55:12.100157 Romeo: India, Uniform and Whiskey, sending you 2
2024-10-15 04:55:12.101215 India: Romeo, Whiskey and Mike, sending you 2
2024-10-15 04:55:12.101779 Bravo: India and Charlie, sending you 2
2024-10-15 04:55:12.102172 Mike: Uniform, Romeo and Charlie, sending you 2
2024-10-15 04:55:12.102724 Uniform: Whiskey, sending you 2
2024-10-15 04:55:12.104100 Quebec: November and Charlie, sending you 3
2024-10-15 04:55:12.104697 Whiskey: India, sending you 4
2024-10-15 04:55:12.105338 November: Romeo, sending you 1
2024-10-15 04:55:12.105857 Romeo: Mike, sending you 1
2024-10-15 04:55:12.106354 Bravo: Uniform, sending you 3
2024-10-15 04:55:12.107319 India: Bravo, sending you 1
chatterbot India submitting transactions
2024-10-15 04:55:12.107913 Uniform: Charlie and Bravo, sending you 4
2024-10-15 04:55:12.108695 Romeo: Bravo, sending you 3
2024-10-15 04:55:12.109714 Quebec: Mike, sending you 4
2024-10-15 04:55:12.110864 Whiskey: Uniform, sending you 1
2024-10-15 04:55:12.111421 November: Quebec, sending you 4
2024-10-15 04:55:12.111866 Bravo: Romeo and Mike, sending you 5
2024-10-15 04:55:12.113670 Whiskey: Romeo and Mike, sending you 5
2024-10-15 04:55:12.116667 November: Charlie and Mike, sending you 3
2024-10-15 04:55:12.117441 Bravo: Whiskey, sending you 1
2024-10-15 04:55:12.120651 Whiskey: Charlie, sending you 2
chatterbot Mike submitting transactions
chatterbot X-ray submitting transactions
chatterbot Bravo submitting transactions
chatterbot Quebec submitting transactions
chatterbot Romeo submitting transactions
chatterbot Charlie submitting transactions
chatterbot Uniform submitting transactions
chatterbot November submitting transactions
chatterbot Whiskey submitting transactions
ChatterBot India round 2
ChatterBot November round 2
ChatterBot Uniform round 2
ChatterBot Romeo round 2
ChatterBot Quebec round 2
ChatterBot Whiskey round 2
ChatterBot X-ray round 2
ChatterBot Charlie round 2
ChatterBot Mike round 2
ChatterBot Bravo round 2
2024-10-15 04:55:14.093708 November: Group up?
ChatterBot Quebec reevaluating
2024-10-15 04:55:14.104166 Quebec: Yes
2024-10-15 04:55:14.109378 Quebec: Friends?
ChatterBot November reevaluating
ChatterBot X-ray reevaluating
2024-10-15 04:55:14.119053 November: Yes
2024-10-15 04:55:14.119241 X-ray: Yes
ChatterBot Quebec reevaluating
ChatterBot X-ray reevaluating
ChatterBot Quebec reevaluating
ChatterBot November reevaluating
2024-10-15 04:55:14.136888 X-ray: Friends?
ChatterBot Quebec reevaluating
ChatterBot November reevaluating
2024-10-15 04:55:14.145296 Quebec: Yes
2024-10-15 04:55:14.145437 November: No
ChatterBot November reevaluating
ChatterBot X-ray reevaluating
ChatterBot Quebec reevaluating
ChatterBot X-ray reevaluating
2024-10-15 04:55:14.191434 Bravo: We should add X-ray
2024-10-15 04:55:14.210682 India: Yes
2024-10-15 04:55:14.210892 Whiskey: Yes
2024-10-15 04:55:14.211021 Mike: Yes
2024-10-15 04:55:14.211167 Romeo: Yes
2024-10-15 04:55:14.211289 Charlie: Yes
2024-10-15 04:55:14.211427 Uniform: Yes
ChatterBot India reevaluating
ChatterBot India reevaluating
ChatterBot India reevaluating
2024-10-15 04:55:14.394315 Bravo: X-ray we want you to join our group
2024-10-15 04:55:14.398376 X-ray: No
ChatterBot India reevaluating
2024-10-15 04:55:14.424871 India: We should add Quebec
2024-10-15 04:55:14.456650 Bravo: No
2024-10-15 04:55:14.457611 Whiskey: No
2024-10-15 04:55:14.457818 Mike: No
2024-10-15 04:55:14.457985 Romeo: No
2024-10-15 04:55:14.458149 Charlie: No
2024-10-15 04:55:14.458308 Uniform: No
ChatterBot India reevaluating
ChatterBot Uniform reevaluating
ChatterBot India reevaluating
ChatterBot Uniform reevaluating
ChatterBot India reevaluating
ChatterBot Uniform reevaluating
ChatterBot India reevaluating
ChatterBot Uniform reevaluating
ChatterBot India reevaluating
ChatterBot Uniform reevaluating
ChatterBot India reevaluating
2024-10-15 04:55:14.768259 X-ray: November, sending you 6
2024-10-15 04:55:14.768526 Charlie: India and Uniform, sending you 4
2024-10-15 04:55:14.769516 Whiskey: India and Uniform, sending you 4
2024-10-15 04:55:14.769931 Mike: India, Uniform and Romeo, sending you 1
2024-10-15 04:55:14.770926 Romeo: India, Charlie and Mike, sending you 2
2024-10-15 04:55:14.771298 November: Quebec, sending you 12
2024-10-15 04:55:14.771512 Quebec: Sending you each 10
chatterbot November submitting transactions
chatterbot Quebec submitting transactions
2024-10-15 04:55:14.772021 X-ray: Quebec, sending you 5
2024-10-15 04:55:15.018286 Charlie: Whiskey, Mike and Bravo, sending you 3
2024-10-15 04:55:15.019289 Whiskey: Romeo, sending you 3
2024-10-15 04:55:15.019674 Mike: Whiskey, Charlie and Bravo, sending you 2
2024-10-15 04:55:15.020081 Romeo: Whiskey and Bravo, sending you 4
2024-10-15 04:55:15.020937 November: X-ray, sending you 2
2024-10-15 04:55:15.021168 Bravo: India, Whiskey and Mike, sending you 2
chatterbot Bravo submitting transactions
2024-10-15 04:55:15.128113 Whiskey: Charlie, Mike and Bravo, sending you 2
2024-10-15 04:55:15.129337 Bravo: Uniform, Romeo, X-ray and Charlie, sending you 3
2024-10-15 04:55:15.129910 Uniform: India, sending you 7
2024-10-15 04:55:15.131234 India: Uniform, sending you 5
chatterbot Mike submitting transactions
chatterbot India submitting transactions
2024-10-15 04:55:15.428958 Uniform: Romeo, Charlie and Mike, sending you 2
2024-10-15 04:55:15.430418 India: Romeo, Mike and Bravo, sending you 2
chatterbot Romeo submitting transactions
chatterbot X-ray submitting transactions
chatterbot Uniform submitting transactions
2024-10-15 04:55:15.567583 Uniform: Whiskey, sending you 1
2024-10-15 04:55:15.569093 India: Whiskey and Charlie, sending you 3
chatterbot Charlie submitting transactions
chatterbot Whiskey submitting transactions
2024-10-15 04:55:15.674907 Uniform: Bravo, sending you 4
ChatterBot India round 3
ChatterBot November round 3
ChatterBot Uniform round 3
ChatterBot Romeo round 3
ChatterBot Quebec round 3
ChatterBot Whiskey round 3
ChatterBot X-ray round 3
ChatterBot Charlie round 3
ChatterBot Mike round 3
ChatterBot Bravo round 3
2024-10-15 04:55:15.746779 Bravo: We should drop X-ray
2024-10-15 04:55:15.781676 India: Yes
2024-10-15 04:55:15.781896 Whiskey: Yes
2024-10-15 04:55:15.782730 Mike: Yes
2024-10-15 04:55:15.782925 Romeo: Yes
2024-10-15 04:55:15.783184 Charlie: Yes
2024-10-15 04:55:15.783458 Uniform: Yes
2024-10-15 04:55:15.912431 November: Quebec, sending you 9
2024-10-15 04:55:15.912827 India: Uniform, sending you 5
2024-10-15 04:55:15.913929 Uniform: India, sending you 6
2024-10-15 04:55:15.967385 November: X-ray, sending you 5
2024-10-15 04:55:15.968331 Whiskey: India, Charlie and Mike, sending you 3
2024-10-15 04:55:15.969056 India: Romeo, Mike and Bravo, sending you 2
2024-10-15 04:55:15.970347 Uniform: Whiskey and Bravo, sending you 3
2024-10-15 04:55:15.970993 Romeo: India, Uniform and Mike, sending you 2
2024-10-15 04:55:15.972354 X-ray: November, sending you 5
2024-10-15 04:55:15.972665 Quebec: November, sending you 11
2024-10-15 04:55:15.973621 India: Whiskey and Charlie, sending you 3
2024-10-15 04:55:15.974248 Whiskey: Uniform and Bravo, sending you 2
2024-10-15 04:55:15.975458 Uniform: Charlie, sending you 4
2024-10-15 04:55:15.976141 Romeo: Whiskey, sending you 3
2024-10-15 04:55:15.977563 Mike: India, Uniform and Romeo, sending you 1
2024-10-15 04:55:15.978221 Charlie: India, sending you 5
2024-10-15 04:55:15.979450 Bravo: Sending you each 3
2024-10-15 04:55:15.980730 Quebec: X-ray, sending you 9
2024-10-15 04:55:15.981082 X-ray: Quebec, sending you 8
2024-10-15 04:55:15.981410 Whiskey: Romeo, sending you 5
2024-10-15 04:55:15.982592 Uniform: Mike, sending you 2
2024-10-15 04:55:15.983238 Mike: Whiskey, Charlie and Bravo, sending you 2
2024-10-15 04:55:15.984694 Romeo: Charlie, sending you 1
2024-10-15 04:55:15.985344 Charlie: Uniform, sending you 4
2024-10-15 04:55:16.007942 Romeo: Bravo, sending you 5
2024-10-15 04:55:16.008886 Charlie: Romeo, sending you 2
2024-10-15 04:55:16.027202 Charlie: Whiskey, Mike and Bravo, sending you 3
chatterbot X-ray submitting transactions
chatterbot Uniform submitting transactions
chatterbot Romeo submitting transactions
chatterbot Mike submitting transactions
chatterbot November submitting transactions
chatterbot Charlie submitting transactions
chatterbot India submitting transactions
chatterbot Quebec submitting transactions
chatterbot Whiskey submitting transactions
chatterbot Bravo submitting transactions
ChatterBot India round 4
ChatterBot November round 4
ChatterBot Uniform round 4
ChatterBot Romeo round 4
ChatterBot Quebec round 4
ChatterBot Whiskey round 4
ChatterBot X-ray round 4
ChatterBot Charlie round 4
ChatterBot Mike round 4
ChatterBot Bravo round 4
2024-10-15 04:55:17.518866 India: Uniform, sending you 5
2024-10-15 04:55:17.584385 Quebec: Sending you each 10
2024-10-15 04:55:17.584744 Whiskey: India, Uniform, Charlie and Bravo, sending you 3
2024-10-15 04:55:17.585945 November: Quebec, sending you 9
2024-10-15 04:55:17.586182 Charlie: India, sending you 5
2024-10-15 04:55:17.587257 Romeo: India, sending you 3
2024-10-15 04:55:17.587742 Uniform: India, sending you 6
2024-10-15 04:55:17.588742 Bravo: Same as last round
2024-10-15 04:55:17.589219 India: Romeo, Mike and Bravo, sending you 2
2024-10-15 04:55:17.590182 X-ray: November, sending you 5
2024-10-15 04:55:17.590416 Mike: India, Uniform and Romeo, sending you 1
chatterbot Mike submitting transactions
2024-10-15 04:55:17.591534 Whiskey: Romeo, sending you 4
2024-10-15 04:55:17.592003 November: X-ray, sending you 6
2024-10-15 04:55:17.592200 Charlie: Uniform, sending you 4
2024-10-15 04:55:17.593420 Romeo: Uniform, Charlie and Mike, sending you 2
2024-10-15 04:55:17.593904 X-ray: Quebec, sending you 8
2024-10-15 04:55:17.594706 Uniform: Romeo, sending you 1
2024-10-15 04:55:17.595142 Mike: Whiskey, Charlie and Bravo, sending you 2
2024-10-15 04:55:17.595590 India: Whiskey and Charlie, sending you 3
2024-10-15 04:55:17.596766 Whiskey: Mike, sending you 2
2024-10-15 04:55:17.597763 Charlie: Romeo, sending you 2
2024-10-15 04:55:17.727271 Romeo: Whiskey and Bravo, sending you 4
2024-10-15 04:55:17.727883 Uniform: Whiskey and Mike, sending you 2
2024-10-15 04:55:17.729138 Charlie: Whiskey, Mike and Bravo, sending you 3
chatterbot India submitting transactions
2024-10-15 04:55:17.798461 Uniform: Charlie, sending you 4
2024-10-15 04:55:17.958287 Uniform: Bravo, sending you 3
chatterbot Uniform submitting transactions
chatterbot Quebec submitting transactions
chatterbot Romeo submitting transactions
chatterbot Whiskey submitting transactions
chatterbot November submitting transactions
chatterbot X-ray submitting transactions
chatterbot Bravo submitting transactions
chatterbot Charlie submitting transactions
ChatterBot India round 5
ChatterBot November round 5
ChatterBot Uniform round 5
ChatterBot Romeo round 5
ChatterBot Quebec round 5
ChatterBot Whiskey round 5
ChatterBot X-ray round 5
ChatterBot Charlie round 5
ChatterBot Mike round 5
ChatterBot Bravo round 5
2024-10-15 04:55:18.486699 India: Uniform, sending you 5
2024-10-15 04:55:18.487695 Uniform: India, sending you 6
2024-10-15 04:55:18.491705 India: Romeo, Mike and Bravo, sending you 2
2024-10-15 04:55:18.493015 Uniform: Romeo, sending you 2
2024-10-15 04:55:18.494144 Romeo: India, sending you 3
2024-10-15 04:55:18.496074 Bravo: Same as last round
2024-10-15 04:55:18.497279 Quebec: Same as last round
2024-10-15 04:55:18.497720 November: Quebec, sending you 9
2024-10-15 04:55:18.498212 India: Whiskey and Charlie, sending you 3
2024-10-15 04:55:18.499155 Uniform: Whiskey and Bravo, sending you 3
2024-10-15 04:55:18.500879 Mike: India, Uniform and Romeo, sending you 1
2024-10-15 04:55:18.502062 Romeo: Uniform, Charlie and Mike, sending you 2
2024-10-15 04:55:18.503133 November: X-ray, sending you 6
2024-10-15 04:55:18.503531 X-ray: November, sending you 6
2024-10-15 04:55:18.504692 Uniform: Charlie, sending you 4
2024-10-15 04:55:18.506747 Mike: Whiskey, Charlie and Bravo, sending you 2
2024-10-15 04:55:18.507457 Whiskey: India, Charlie, Mike and Bravo, sending you 3
2024-10-15 04:55:18.508201 Charlie: India, sending you 5
2024-10-15 04:55:18.508840 Romeo: Whiskey, sending you 5
2024-10-15 04:55:18.509447 X-ray: Quebec, sending you 8
2024-10-15 04:55:18.511678 Romeo: Bravo, sending you 4
2024-10-15 04:55:18.512661 Whiskey: Uniform, sending you 2
2024-10-15 04:55:18.513669 Charlie: Uniform, sending you 4
2024-10-15 04:55:18.515671 Whiskey: Romeo, sending you 4
2024-10-15 04:55:18.517663 Charlie: Romeo, sending you 2
2024-10-15 04:55:18.522674 Charlie: Whiskey, Mike and Bravo, sending you 3
chatterbot Charlie submitting transactions
chatterbot Bravo submitting transactions
chatterbot Mike submitting transactions
chatterbot X-ray submitting transactions
chatterbot Whiskey submitting transactions
chatterbot November submitting transactions
chatterbot Romeo submitting transactions
chatterbot India submitting transactions
chatterbot Quebec submitting transactions
chatterbot Uniform submitting transactions
ChatterBot India round 6
ChatterBot November round 6
ChatterBot Uniform round 6
ChatterBot Romeo round 6
ChatterBot Quebec round 6
ChatterBot Whiskey round 6
ChatterBot X-ray round 6
ChatterBot Charlie round 6
ChatterBot Mike round 6
ChatterBot Bravo round 6
2024-10-15 04:55:19.715679 Uniform: India, sending you 6
2024-10-15 04:55:19.721678 Uniform: Romeo and Whiskey, sending you 2
2024-10-15 04:55:19.722759 Quebec: Same as last round
2024-10-15 04:55:19.723662 India: Uniform, sending you 4
2024-10-15 04:55:19.725668 Romeo: India, sending you 3
2024-10-15 04:55:19.726665 Uniform: Charlie, sending you 4
2024-10-15 04:55:19.727659 X-ray: November, sending you 7
2024-10-15 04:55:19.727976 India: Romeo and Mike, sending you 2
2024-10-15 04:55:19.729675 November: Quebec, sending you 9
2024-10-15 04:55:19.730016 Romeo: Uniform, Charlie and Mike, sending you 2
2024-10-15 04:55:19.730805 Uniform: Mike, sending you 1
2024-10-15 04:55:19.731587 X-ray: Quebec, sending you 8
2024-10-15 04:55:19.731889 India: Whiskey, Charlie and Bravo, sending you 3
2024-10-15 04:55:19.732691 November: X-ray, sending you 7
2024-10-15 04:55:19.734090 Romeo: Whiskey, sending you 5
2024-10-15 04:55:19.734833 Uniform: Bravo, sending you 3
2024-10-15 04:55:19.735628 Mike: India, Uniform and Romeo, sending you 1
2024-10-15 04:55:19.736472 Charlie: India and Uniform, sending you 4
2024-10-15 04:55:19.737557 Whiskey: India, Uniform, Charlie and Bravo, sending you 3
2024-10-15 04:55:19.738705 Bravo: Same as last round
2024-10-15 04:55:19.739572 Mike: Whiskey, Charlie and Bravo, sending you 2
2024-10-15 04:55:19.740329 Romeo: Bravo, sending you 4
2024-10-15 04:55:19.741691 Charlie: Romeo, sending you 2
2024-10-15 04:55:19.742662 Whiskey: Romeo, sending you 4
2024-10-15 04:55:19.745709 Whiskey: Mike, sending you 2
2024-10-15 04:55:19.746661 Charlie: Whiskey, Mike and Bravo, sending you 3
chatterbot Whiskey submitting transactions
chatterbot November submitting transactions
chatterbot Uniform submitting transactions
chatterbot India submitting transactions
chatterbot X-ray submitting transactions
chatterbot Mike submitting transactions
chatterbot Quebec submitting transactions
chatterbot Charlie submitting transactions
chatterbot Romeo submitting transactions
chatterbot Bravo submitting transactions
ChatterBot India round 7
ChatterBot November round 7
ChatterBot Uniform round 7
ChatterBot Romeo round 7
ChatterBot Quebec round 7
ChatterBot Whiskey round 7
ChatterBot X-ray round 7
ChatterBot Charlie round 7
ChatterBot Mike round 7
ChatterBot Bravo round 7
2024-10-15 04:55:20.943681 Uniform: India, sending you 5
2024-10-15 04:55:20.945561 X-ray: November, sending you 7
2024-10-15 04:55:20.945950 Romeo: India and Charlie, sending you 3
2024-10-15 04:55:20.946662 Whiskey: India, Charlie, Mike and Bravo, sending you 3
2024-10-15 04:55:20.947322 Quebec: Same as last round
2024-10-15 04:55:20.949722 Uniform: Romeo, sending you 2
2024-10-15 04:55:20.951227 Romeo: Uniform and Mike, sending you 2
2024-10-15 04:55:20.952148 Whiskey: Uniform, sending you 2
2024-10-15 04:55:20.953644 X-ray: Quebec, sending you 8
2024-10-15 04:55:20.954134 India: Uniform, sending you 4
2024-10-15 04:55:20.954928 November: Quebec, sending you 9
2024-10-15 04:55:20.955673 Uniform: Whiskey and Bravo, sending you 3
2024-10-15 04:55:20.956352 Romeo: Whiskey, sending you 5
2024-10-15 04:55:20.957056 Mike: India, Uniform and Romeo, sending you 1
2024-10-15 04:55:20.958783 Whiskey: Romeo, sending you 4
2024-10-15 04:55:20.959915 Charlie: India and Uniform, sending you 4
2024-10-15 04:55:20.961862 India: Romeo and Mike, sending you 2
2024-10-15 04:55:20.963402 Bravo: Same as last round
2024-10-15 04:55:20.964648 November: X-ray, sending you 7
2024-10-15 04:55:20.965068 Uniform: Charlie, sending you 4
2024-10-15 04:55:20.966816 Romeo: Bravo, sending you 4
2024-10-15 04:55:20.968022 Mike: Whiskey, Charlie and Bravo, sending you 2
2024-10-15 04:55:20.969638 Charlie: Romeo, sending you 2
2024-10-15 04:55:20.971456 India: Whiskey, Charlie and Bravo, sending you 3
2024-10-15 04:55:20.973326 Uniform: Mike, sending you 1
2024-10-15 04:55:20.974689 Charlie: Whiskey, Mike and Bravo, sending you 3
chatterbot Charlie submitting transactions
chatterbot November submitting transactions
chatterbot India submitting transactions
chatterbot Romeo submitting transactions
chatterbot Uniform submitting transactions
chatterbot Whiskey submitting transactions
chatterbot Mike submitting transactions
chatterbot Quebec submitting transactions
chatterbot Bravo submitting transactions
chatterbot X-ray submitting transactions
ChatterBot India round 8
ChatterBot November round 8
ChatterBot Uniform round 8
ChatterBot Romeo round 8
ChatterBot Quebec round 8
ChatterBot Whiskey round 8
ChatterBot X-ray round 8
ChatterBot Charlie round 8
ChatterBot Mike round 8
ChatterBot Bravo round 8
2024-10-15 04:55:22.190672 Uniform: India, sending you 6
2024-10-15 04:55:22.192799 November: Quebec, sending you 9
2024-10-15 04:55:22.195671 Uniform: Romeo and Whiskey, sending you 2
2024-10-15 04:55:22.197163 November: X-ray, sending you 7
2024-10-15 04:55:22.197461 Quebec: Same as last round
2024-10-15 04:55:22.197770 X-ray: November, sending you 7
2024-10-15 04:55:22.200673 Uniform: Charlie, sending you 4
2024-10-15 04:55:22.202657 X-ray: Quebec, sending you 9
2024-10-15 04:55:22.203668 Whiskey: India, Uniform, Charlie and Bravo, sending you 3
2024-10-15 04:55:22.204991 Bravo: Same as last round
2024-10-15 04:55:22.206073 India: Uniform, sending you 4
2024-10-15 04:55:22.207023 Uniform: Mike, sending you 1
2024-10-15 04:55:22.208583 Charlie: India and Uniform, sending you 4
2024-10-15 04:55:22.209502 Whiskey: Romeo, sending you 4
2024-10-15 04:55:22.210290 Romeo: India, Uniform and Charlie, sending you 3
2024-10-15 04:55:22.211094 India: Romeo and Mike, sending you 2
2024-10-15 04:55:22.212738 Uniform: Bravo, sending you 3
2024-10-15 04:55:22.213742 Charlie: Romeo, sending you 2
2024-10-15 04:55:22.214745 Romeo: Whiskey, sending you 5
2024-10-15 04:55:22.216461 Whiskey: Mike, sending you 2
2024-10-15 04:55:22.217510 India: Whiskey, Charlie and Bravo, sending you 3
2024-10-15 04:55:22.219220 Mike: India, Uniform and Romeo, sending you 1
2024-10-15 04:55:22.220274 Charlie: Whiskey, Mike and Bravo, sending you 3
2024-10-15 04:55:22.221312 Romeo: Mike, sending you 1
2024-10-15 04:55:22.222969 Mike: Whiskey, Charlie and Bravo, sending you 2
2024-10-15 04:55:22.225665 Romeo: Bravo, sending you 4
chatterbot Uniform submitting transactions
chatterbot Mike submitting transactions
chatterbot X-ray submitting transactions
chatterbot India submitting transactions
chatterbot Quebec submitting transactions
chatterbot November submitting transactions
chatterbot Bravo submitting transactions
chatterbot Whiskey submitting transactions
chatterbot Romeo submitting transactions
chatterbot Charlie submitting transactions
ChatterBot India round 9
ChatterBot November round 9
ChatterBot Uniform round 9
ChatterBot Romeo round 9
ChatterBot Quebec round 9
ChatterBot Whiskey round 9
ChatterBot X-ray round 9
ChatterBot Charlie round 9
ChatterBot Mike round 9
ChatterBot Bravo round 9
2024-10-15 04:55:23.353682 India: Uniform, sending you 4
2024-10-15 04:55:23.355210 Romeo: India, Uniform and Charlie, sending you 3
2024-10-15 04:55:23.356576 X-ray: November, sending you 7
2024-10-15 04:55:23.358687 India: Romeo and Mike, sending you 2
2024-10-15 04:55:23.359994 Romeo: Whiskey, sending you 5
2024-10-15 04:55:23.362369 X-ray: Quebec, sending you 9
2024-10-15 04:55:23.363034 Whiskey: India, Charlie, Mike and Bravo, sending you 3
2024-10-15 04:55:23.365201 Bravo: Same as last round
2024-10-15 04:55:23.367349 Uniform: India, sending you 5
2024-10-15 04:55:23.369566 India: Whiskey, Charlie and Bravo, sending you 3
2024-10-15 04:55:23.371446 Romeo: Mike, sending you 1
2024-10-15 04:55:23.374032 Charlie: India and Uniform, sending you 4
2024-10-15 04:55:23.375806 Whiskey: Uniform, sending you 2
2024-10-15 04:55:23.377519 Uniform: Romeo, sending you 2
2024-10-15 04:55:23.379220 Quebec: Same as last round
2024-10-15 04:55:23.379762 Romeo: Bravo, sending you 4
2024-10-15 04:55:23.381484 November: Quebec, sending you 9
2024-10-15 04:55:23.383258 Mike: India, Whiskey, Charlie and Bravo, sending you 2
2024-10-15 04:55:23.384441 Charlie: Romeo, sending you 2
2024-10-15 04:55:23.385570 Whiskey: Romeo, sending you 4
2024-10-15 04:55:23.386889 Uniform: Whiskey and Bravo, sending you 3
2024-10-15 04:55:23.388155 November: X-ray, sending you 7
2024-10-15 04:55:23.388601 Mike: Romeo, sending you 1
2024-10-15 04:55:23.389915 Charlie: Whiskey, Mike and Bravo, sending you 3
2024-10-15 04:55:23.391242 Uniform: Charlie, sending you 4
2024-10-15 04:55:23.395677 Uniform: Mike, sending you 1
chatterbot India submitting transactions
chatterbot Bravo submitting transactions
chatterbot November submitting transactions
chatterbot X-ray submitting transactions
chatterbot Uniform submitting transactions
chatterbot Romeo submitting transactions
chatterbot Charlie submitting transactions
chatterbot Whiskey submitting transactions
chatterbot Quebec submitting transactions
chatterbot Mike submitting transactions
ChatterBot India round 10
ChatterBot November round 10
ChatterBot Uniform round 10
ChatterBot Romeo round 10
ChatterBot Quebec round 10
ChatterBot Whiskey round 10
ChatterBot X-ray round 10
ChatterBot Charlie round 10
ChatterBot Mike round 10
ChatterBot Bravo round 10
2024-10-15 04:55:24.615677 India: Uniform, sending you 4
2024-10-15 04:55:24.617520 Uniform: India, sending you 5
2024-10-15 04:55:24.618715 Quebec: Same as last round
2024-10-15 04:55:24.620679 Romeo: India, Uniform and Charlie, sending you 3
2024-10-15 04:55:24.622218 India: Romeo and Mike, sending you 2
2024-10-15 04:55:24.624162 Uniform: Romeo, sending you 2
2024-10-15 04:55:24.625676 Romeo: Whiskey, sending you 5
2024-10-15 04:55:24.627221 Charlie: India and Uniform, sending you 4
2024-10-15 04:55:24.628072 India: Whiskey, Charlie and Bravo, sending you 3
2024-10-15 04:55:24.628760 Whiskey: India, Uniform, Charlie and Bravo, sending you 3
2024-10-15 04:55:24.630082 Uniform: Whiskey and Bravo, sending you 3
2024-10-15 04:55:24.630954 Charlie: Romeo, Whiskey, Mike and Bravo, sending you 3
2024-10-15 04:55:24.631975 X-ray: November, sending you 8
2024-10-15 04:55:24.632691 Romeo: Mike, sending you 1
2024-10-15 04:55:24.633580 November: Quebec, sending you 9
2024-10-15 04:55:24.633861 Whiskey: Romeo, sending you 4
2024-10-15 04:55:24.634677 Mike: India, Whiskey, Charlie and Bravo, sending you 2
2024-10-15 04:55:24.635980 Uniform: Charlie, sending you 4
2024-10-15 04:55:24.636835 Bravo: Same as last round
2024-10-15 04:55:24.637674 Romeo: Bravo, sending you 4
2024-10-15 04:55:24.639020 X-ray: Quebec, sending you 9
2024-10-15 04:55:24.639258 November: X-ray, sending you 7
2024-10-15 04:55:24.639491 Whiskey: Mike, sending you 2
2024-10-15 04:55:24.641220 Mike: Romeo, sending you 1
2024-10-15 04:55:24.641971 Uniform: Mike, sending you 1
chatterbot Quebec submitting transactions
chatterbot X-ray submitting transactions
chatterbot Romeo submitting transactions
chatterbot November submitting transactions
chatterbot Whiskey submitting transactions
chatterbot Bravo submitting transactions
chatterbot Mike submitting transactions
chatterbot India submitting transactions
chatterbot Uniform submitting transactions
chatterbot Charlie submitting transactions
ChatterBot India round 11
ChatterBot November round 11
ChatterBot Uniform round 11
ChatterBot Romeo round 11
ChatterBot Quebec round 11
ChatterBot Whiskey round 11
ChatterBot X-ray round 11
ChatterBot Charlie round 11
ChatterBot Mike round 11
ChatterBot Bravo round 11
2024-10-15 04:55:25.909674 India: Uniform, sending you 4
2024-10-15 04:55:25.913681 Romeo: India, Uniform and Charlie, sending you 3
2024-10-15 04:55:25.915914 Whiskey: India, Uniform, Charlie and Bravo, sending you 3
2024-10-15 04:55:25.917059 India: Romeo and Mike, sending you 2
2024-10-15 04:55:25.918647 X-ray: November, sending you 8
2024-10-15 04:55:25.919005 Quebec: Same as last round
2024-10-15 04:55:25.919332 Uniform: India, sending you 5
2024-10-15 04:55:25.920506 Romeo: Whiskey, sending you 5
2024-10-15 04:55:25.922039 Whiskey: Romeo, sending you 4
2024-10-15 04:55:25.923079 November: Quebec, sending you 9
2024-10-15 04:55:25.924028 Charlie: India and Uniform, sending you 4
2024-10-15 04:55:25.925093 India: Whiskey, Charlie and Bravo, sending you 3
2024-10-15 04:55:25.926816 X-ray: Quebec, sending you 9
2024-10-15 04:55:25.927126 Mike: India, Whiskey, Charlie and Bravo, sending you 2
2024-10-15 04:55:25.928131 Uniform: Romeo, sending you 2
2024-10-15 04:55:25.929704 Romeo: Mike, sending you 1
2024-10-15 04:55:25.931005 Whiskey: Mike, sending you 2
2024-10-15 04:55:25.932787 November: X-ray, sending you 7
2024-10-15 04:55:25.933122 Charlie: Romeo, Whiskey, Mike and Bravo, sending you 3
2024-10-15 04:55:25.934386 Mike: Romeo, sending you 1
2024-10-15 04:55:25.936494 Romeo: Bravo, sending you 4
2024-10-15 04:55:25.938373 Uniform: Whiskey and Bravo, sending you 3
2024-10-15 04:55:25.939687 Bravo: Same as last round
2024-10-15 04:55:25.944658 Uniform: Charlie, sending you 4
2024-10-15 04:55:25.948655 Uniform: Mike, sending you 1
chatterbot Romeo submitting transactions
chatterbot X-ray submitting transactions
chatterbot Quebec submitting transactions
chatterbot November submitting transactions
chatterbot Charlie submitting transactions
chatterbot Bravo submitting transactions
chatterbot India submitting transactions
chatterbot Mike submitting transactions
chatterbot Whiskey submitting transactions
chatterbot Uniform submitting transactions
ChatterBot India round 12
ChatterBot November round 12
ChatterBot Uniform round 12
ChatterBot Romeo round 12
ChatterBot Quebec round 12
ChatterBot Whiskey round 12
ChatterBot X-ray round 12
ChatterBot Charlie round 12
ChatterBot Mike round 12
ChatterBot Bravo round 12
2024-10-15 04:55:27.100700 Romeo: India, Uniform and Charlie, sending you 3
2024-10-15 04:55:27.103157 November: Quebec, sending you 9
2024-10-15 04:55:27.104144 Quebec: Same as last round
2024-10-15 04:55:27.105659 X-ray: November, sending you 8
2024-10-15 04:55:27.106691 Romeo: Whiskey, sending you 5
2024-10-15 04:55:27.109446 November: X-ray, sending you 7
2024-10-15 04:55:27.110072 Mike: India, Whiskey, Charlie and Bravo, sending you 2
2024-10-15 04:55:27.112644 Charlie: India and Uniform, sending you 4
2024-10-15 04:55:27.115425 Bravo: Same as last round
2024-10-15 04:55:27.118151 X-ray: Quebec, sending you 9
2024-10-15 04:55:27.118853 Romeo: Mike, sending you 1
2024-10-15 04:55:27.121933 Uniform: India, sending you 5
2024-10-15 04:55:27.124922 India: Uniform, sending you 4
2024-10-15 04:55:27.128053 Mike: Romeo, sending you 1
2024-10-15 04:55:27.130898 Charlie: Romeo, Whiskey, Mike and Bravo, sending you 3
2024-10-15 04:55:27.133750 Whiskey: India, Uniform, Charlie and Bravo, sending you 3
2024-10-15 04:55:27.135605 Romeo: Bravo, sending you 4
2024-10-15 04:55:27.139539 Uniform: Romeo, sending you 2
2024-10-15 04:55:27.142713 India: Romeo and Mike, sending you 2
2024-10-15 04:55:27.145935 Whiskey: Romeo, sending you 4
2024-10-15 04:55:27.149177 Uniform: Whiskey and Bravo, sending you 3
2024-10-15 04:55:27.152831 India: Whiskey, Charlie and Bravo, sending you 3
2024-10-15 04:55:27.155162 Whiskey: Mike, sending you 2
2024-10-15 04:55:27.156743 Uniform: Charlie, sending you 4
2024-10-15 04:55:27.161663 Uniform: Mike, sending you 1
chatterbot Bravo submitting transactions
chatterbot X-ray submitting transactions
chatterbot Charlie submitting transactions
chatterbot India submitting transactions
chatterbot Quebec submitting transactions
chatterbot November submitting transactions
chatterbot Whiskey submitting transactions
chatterbot Uniform submitting transactions
chatterbot Romeo submitting transactions
chatterbot Mike submitting transactions
ChatterBot India round 13
ChatterBot November round 13
ChatterBot Uniform round 13
ChatterBot Romeo round 13
ChatterBot Quebec round 13
ChatterBot Whiskey round 13
ChatterBot X-ray round 13
ChatterBot Charlie round 13
ChatterBot Mike round 13
ChatterBot Bravo round 13
2024-10-15 04:55:28.496876 India: Uniform, sending you 4
2024-10-15 04:55:28.499674 Quebec: Same as last round
2024-10-15 04:55:28.501439 Romeo: India, Uniform and Charlie, sending you 3
2024-10-15 04:55:28.504426 India: Romeo and Mike, sending you 2
2024-10-15 04:55:28.508521 Whiskey: India, Uniform, Charlie and Bravo, sending you 3
2024-10-15 04:55:28.511798 X-ray: November, sending you 8
2024-10-15 04:55:28.512374 Uniform: India, sending you 5
2024-10-15 04:55:28.515992 Bravo: Same as last round
2024-10-15 04:55:28.519114 Mike: India, Whiskey, Charlie and Bravo, sending you 2
2024-10-15 04:55:28.522657 Romeo: Whiskey, sending you 5
2024-10-15 04:55:28.525528 India: Whiskey, Charlie and Bravo, sending you 3
2024-10-15 04:55:28.528984 X-ray: Quebec, sending you 9
2024-10-15 04:55:28.530754 Whiskey: Romeo, sending you 4
2024-10-15 04:55:28.533727 November: Quebec, sending you 9
2024-10-15 04:55:28.535542 Uniform: Romeo, sending you 2
2024-10-15 04:55:28.538533 Charlie: India and Uniform, sending you 4
2024-10-15 04:55:28.541570 Mike: Romeo, sending you 1
2024-10-15 04:55:28.543984 Romeo: Mike, sending you 1
2024-10-15 04:55:28.546266 Whiskey: Mike, sending you 2
2024-10-15 04:55:28.548344 November: X-ray, sending you 7
2024-10-15 04:55:28.549091 Uniform: Whiskey and Bravo, sending you 3
2024-10-15 04:55:28.551823 Charlie: Romeo, Whiskey, Mike and Bravo, sending you 3
2024-10-15 04:55:28.554393 Romeo: Bravo, sending you 4
2024-10-15 04:55:28.557111 Uniform: Charlie, sending you 4
2024-10-15 04:55:28.561675 Uniform: Mike, sending you 1
chatterbot November submitting transactions
chatterbot X-ray submitting transactions
chatterbot Quebec submitting transactions
chatterbot India submitting transactions
chatterbot Romeo submitting transactions
chatterbot Uniform submitting transactions
chatterbot Whiskey submitting transactions
chatterbot Charlie submitting transactions
chatterbot Mike submitting transactions
chatterbot Bravo submitting transactions
ChatterBot India round 14
ChatterBot November round 14
ChatterBot Uniform round 14
ChatterBot Romeo round 14
ChatterBot Quebec round 14
ChatterBot Whiskey round 14
ChatterBot X-ray round 14
ChatterBot Charlie round 14
ChatterBot Mike round 14
ChatterBot Bravo round 14
2024-10-15 04:55:29.749319 Romeo: India, Uniform and Charlie, sending you 3
2024-10-15 04:55:29.751279 India: Uniform, sending you 4
2024-10-15 04:55:29.755683 Romeo: Whiskey, sending you 5
2024-10-15 04:55:29.758600 India: Romeo and Mike, sending you 2
2024-10-15 04:55:29.760280 Uniform: India, sending you 5
2024-10-15 04:55:29.762647 Whiskey: India, Uniform, Charlie and Bravo, sending you 3
2024-10-15 04:55:29.765278 November: Quebec, sending you 9
2024-10-15 04:55:29.765840 Romeo: Mike, sending you 1
2024-10-15 04:55:29.768435 India: Whiskey, Charlie and Bravo, sending you 3
2024-10-15 04:55:29.769733 Uniform: Romeo, Whiskey and Bravo, sending you 3
2024-10-15 04:55:29.770749 Whiskey: Romeo, sending you 4
2024-10-15 04:55:29.772235 November: X-ray, sending you 7
2024-10-15 04:55:29.772652 Bravo: Same as last round
2024-10-15 04:55:29.773683 Quebec: Same as last round
2024-10-15 04:55:29.774034 Romeo: Bravo, sending you 4
2024-10-15 04:55:29.775146 Charlie: India and Uniform, sending you 4
2024-10-15 04:55:29.776878 X-ray: Sending you each 9
2024-10-15 04:55:29.777211 Uniform: Charlie, sending you 4
2024-10-15 04:55:29.778603 Mike: India, Whiskey, Charlie and Bravo, sending you 2
2024-10-15 04:55:29.780518 Whiskey: Mike, sending you 2
2024-10-15 04:55:29.781862 Charlie: Romeo, Whiskey, Mike and Bravo, sending you 3
2024-10-15 04:55:29.784093 Mike: Romeo, sending you 1
chatterbot Bravo submitting transactions
chatterbot X-ray submitting transactions
chatterbot Romeo submitting transactions
chatterbot Uniform submitting transactions
chatterbot Whiskey submitting transactions
chatterbot Mike submitting transactions
chatterbot Quebec submitting transactions
chatterbot India submitting transactions
chatterbot Charlie submitting transactions
chatterbot November submitting transactions
ChatterBot India round 15
ChatterBot November round 15
ChatterBot Uniform round 15
ChatterBot Romeo round 15
ChatterBot Quebec round 15
ChatterBot Whiskey round 15
ChatterBot X-ray round 15
ChatterBot Charlie round 15
ChatterBot Mike round 15
ChatterBot Bravo round 15
2024-10-15 04:55:30.972784 November: Sending you each 8
2024-10-15 04:55:30.976876 Romeo: India, Uniform and Charlie, sending you 3
2024-10-15 04:55:30.980365 Quebec: Same as last round
2024-10-15 04:55:30.981101 Uniform: India, sending you 5
2024-10-15 04:55:30.984547 India: Uniform, sending you 4
2024-10-15 04:55:30.989177 Romeo: Whiskey and Bravo, sending you 4
2024-10-15 04:55:30.993286 Mike: India, Whiskey, Charlie and Bravo, sending you 2
2024-10-15 04:55:30.997054 Whiskey: India, Uniform, Charlie and Bravo, sending you 3
2024-10-15 04:55:31.000450 Uniform: Romeo, Whiskey and Bravo, sending you 3
2024-10-15 04:55:31.002449 India: Romeo and Mike, sending you 2
2024-10-15 04:55:31.005314 X-ray: Same as last round
2024-10-15 04:55:31.005845 Bravo: Same as last round
2024-10-15 04:55:31.008481 Romeo: Mike, sending you 2
2024-10-15 04:55:31.011828 Mike: Romeo, sending you 1
2024-10-15 04:55:31.015445 Whiskey: Romeo, sending you 4
2024-10-15 04:55:31.019050 Charlie: India and Uniform, sending you 4
2024-10-15 04:55:31.021407 Uniform: Charlie, sending you 4
2024-10-15 04:55:31.024712 India: Whiskey, Charlie and Bravo, sending you 3
2024-10-15 04:55:31.028219 Whiskey: Mike, sending you 2
2024-10-15 04:55:31.031660 Charlie: Romeo, Whiskey, Mike and Bravo, sending you 3
chatterbot Uniform submitting transactions
