ChatterBot Delta round 1
ChatterBot Victor round 1
ChatterBot Echo round 1
ChatterBot Sierra round 1
ChatterBot Juliett round 1
ChatterBot Quebec round 1
ChatterBot Bravo round 1
ChatterBot Zulu round 1
ChatterBot November round 1
ChatterBot Golf round 1
randomSelections Sierra: {Sierra, November, Zulu, Bravo} 
2024-10-15 04:55:11.365194 Sierra: Let's form a team
ChatterBot November reevaluating
ChatterBot Zulu reevaluating
ChatterBot Bravo reevaluating
2024-10-15 04:55:11.376637 November: Yes
2024-10-15 04:55:11.376848 Zulu: Yes
2024-10-15 04:55:11.377015 Bravo: Yes
ChatterBot Zulu reevaluating
ChatterBot Bravo reevaluating
ChatterBot November reevaluating
ChatterBot Bravo reevaluating
ChatterBot November reevaluating
ChatterBot Zulu reevaluating
randomSelections Delta: {Delta, November, Victor, Juliett, Zulu, Echo} 
2024-10-15 04:55:11.407482 Delta: We would work well together
ChatterBot November reevaluating
ChatterBot Victor reevaluating
ChatterBot Juliett reevaluating
ChatterBot Zulu reevaluating
ChatterBot Echo reevaluating
2024-10-15 04:55:11.423086 November: No
2024-10-15 04:55:11.423404 Victor: Yes
2024-10-15 04:55:11.423666 Juliett: Yes
2024-10-15 04:55:11.424464 Zulu: No
2024-10-15 04:55:11.424944 Echo: Yes
ChatterBot Victor reevaluating
ChatterBot Juliett reevaluating
ChatterBot Zulu reevaluating
ChatterBot Echo reevaluating
ChatterBot November reevaluating
ChatterBot Juliett reevaluating
ChatterBot Zulu reevaluating
ChatterBot Echo reevaluating
ChatterBot November reevaluating
ChatterBot Victor reevaluating
ChatterBot Zulu reevaluating
ChatterBot Echo reevaluating
ChatterBot November reevaluating
ChatterBot Victor reevaluating
ChatterBot Juliett reevaluating
ChatterBot Echo reevaluating
ChatterBot November reevaluating
ChatterBot Victor reevaluating
ChatterBot Juliett reevaluating
ChatterBot Zulu reevaluating
randomSelections Quebec: {Quebec, Juliett, Golf, Delta, Sierra, Victor, Zulu} 
2024-10-15 04:55:11.501989 Quebec: Can we be friends?
ChatterBot Juliett reevaluating
ChatterBot Golf reevaluating
ChatterBot Victor reevaluating
ChatterBot Zulu reevaluating
2024-10-15 04:55:11.519215 Juliett: No
2024-10-15 04:55:11.519400 Golf: Yes
2024-10-15 04:55:11.519519 Delta: No
2024-10-15 04:55:11.519687 Sierra: No
2024-10-15 04:55:11.519849 Victor: No
2024-10-15 04:55:11.519999 Zulu: No
ChatterBot Golf reevaluating
ChatterBot Victor reevaluating
ChatterBot Zulu reevaluating
ChatterBot Juliett reevaluating
ChatterBot Victor reevaluating
ChatterBot Zulu reevaluating
ChatterBot Juliett reevaluating
ChatterBot Golf reevaluating
ChatterBot Victor reevaluating
ChatterBot Zulu reevaluating
ChatterBot Juliett reevaluating
ChatterBot Golf reevaluating
ChatterBot Victor reevaluating
ChatterBot Zulu reevaluating
ChatterBot Juliett reevaluating
ChatterBot Golf reevaluating
ChatterBot Zulu reevaluating
ChatterBot Juliett reevaluating
ChatterBot Golf reevaluating
ChatterBot Victor reevaluating
2024-10-15 04:55:11.627892 Sierra: Bravo, sending you 9
2024-10-15 04:55:11.637082 Victor: Delta, sending you 2
2024-10-15 04:55:11.637721 Delta: Victor and Echo, sending you 2
2024-10-15 04:55:11.638079 November: Sierra and Zulu, sending you 5
2024-10-15 04:55:11.638421 Bravo: Sierra and Zulu, sending you 4
2024-10-15 04:55:11.638717 Sierra: Zulu, sending you 4
2024-10-15 04:55:11.640280 Quebec: Delta, sending you 4
2024-10-15 04:55:11.640760 Juliett: Delta, sending you 7
2024-10-15 04:55:11.641178 Delta: Juliett, sending you 7
2024-10-15 04:55:11.641472 November: Bravo, sending you 6
2024-10-15 04:55:11.662269 Zulu: Sierra, sending you 4
2024-10-15 04:55:11.662658 Victor: Echo, Juliett and Zulu, sending you 4
2024-10-15 04:55:11.663027 Bravo: November, sending you 2
2024-10-15 04:55:11.663313 Sierra: November, sending you 2
2024-10-15 04:55:11.669311 Juliett: Victor, sending you 5
2024-10-15 04:55:11.669785 Echo: Delta and Victor, sending you 3
2024-10-15 04:55:11.670213 Quebec: Victor, sending you 6
2024-10-15 04:55:11.670621 Delta: Zulu and November, sending you 1
2024-10-15 04:55:11.673070 Golf: Delta, sending you 3
2024-10-15 04:55:11.673497 Zulu: Bravo and November, sending you 6
2024-10-15 04:55:11.673816 Victor: November, sending you 3
2024-10-15 04:55:11.675805 Echo: Juliett, sending you 5
2024-10-15 04:55:11.676165 Quebec: Sierra and Juliett, sending you 3
2024-10-15 04:55:11.676544 Juliett: Echo and November, sending you 2
2024-10-15 04:55:11.676918 Golf: Victor, sending you 1
2024-10-15 04:55:11.682096 Quebec: Zulu, sending you 1
2024-10-15 04:55:11.682486 Juliett: Zulu, sending you 4
2024-10-15 04:55:11.682893 Echo: Zulu, sending you 1
2024-10-15 04:55:11.685471 Golf: Sierra and Zulu, sending you 2
2024-10-15 04:55:11.794560 Quebec: Golf, sending you 2
2024-10-15 04:55:11.795899 Echo: November, sending you 2
2024-10-15 04:55:11.797478 Golf: Juliett, sending you 7
2024-10-15 04:55:11.801664 Golf: Quebec, sending you 4
chatterbot November submitting transactions
chatterbot Quebec submitting transactions
chatterbot Victor submitting transactions
chatterbot Delta submitting transactions
chatterbot Sierra submitting transactions
chatterbot Bravo submitting transactions
chatterbot Golf submitting transactions
chatterbot Juliett submitting transactions
chatterbot Zulu submitting transactions
chatterbot Echo submitting transactions
ChatterBot Delta round 2
ChatterBot Victor round 2
ChatterBot Echo round 2
ChatterBot Sierra round 2
ChatterBot Juliett round 2
ChatterBot Quebec round 2
ChatterBot Bravo round 2
ChatterBot Zulu round 2
ChatterBot November round 2
ChatterBot Golf round 2
2024-10-15 04:55:12.986896 Delta: Friends?
ChatterBot Victor reevaluating
ChatterBot Echo reevaluating
ChatterBot Juliett reevaluating
ChatterBot Quebec reevaluating
ChatterBot Golf reevaluating
2024-10-15 04:55:13.010006 Victor: Yes
2024-10-15 04:55:13.010245 Echo: No
2024-10-15 04:55:13.010937 Juliett: Yes
2024-10-15 04:55:13.011059 Quebec: Yes
2024-10-15 04:55:13.011210 Golf: Yes
ChatterBot Echo reevaluating
ChatterBot Juliett reevaluating
ChatterBot Quebec reevaluating
ChatterBot Golf reevaluating
ChatterBot Victor reevaluating
ChatterBot Juliett reevaluating
ChatterBot Quebec reevaluating
ChatterBot Golf reevaluating
ChatterBot Victor reevaluating
ChatterBot Echo reevaluating
ChatterBot Quebec reevaluating
ChatterBot Golf reevaluating
ChatterBot Victor reevaluating
ChatterBot Echo reevaluating
ChatterBot Juliett reevaluating
ChatterBot Golf reevaluating
ChatterBot Victor reevaluating
ChatterBot Echo reevaluating
ChatterBot Juliett reevaluating
ChatterBot Quebec reevaluating
2024-10-15 04:55:13.189720 Zulu: Let's form a team
ChatterBot Victor reevaluating
ChatterBot Echo reevaluating
ChatterBot Juliett reevaluating
2024-10-15 04:55:13.219292 Sierra: No
2024-10-15 04:55:13.219585 Bravo: No
2024-10-15 04:55:13.220316 November: No
2024-10-15 04:55:13.220445 Delta: No
2024-10-15 04:55:13.220562 Victor: No
2024-10-15 04:55:13.220692 Echo: No
2024-10-15 04:55:13.220827 Juliett: No
ChatterBot Victor reevaluating
ChatterBot Echo reevaluating
ChatterBot Juliett reevaluating
ChatterBot Victor reevaluating
ChatterBot Echo reevaluating
ChatterBot Juliett reevaluating
ChatterBot Victor reevaluating
ChatterBot Echo reevaluating
ChatterBot Juliett reevaluating
ChatterBot Zulu reevaluating
ChatterBot Sierra reevaluating
ChatterBot Victor reevaluating
ChatterBot Echo reevaluating
ChatterBot Juliett reevaluating
ChatterBot Zulu reevaluating
ChatterBot Sierra reevaluating
ChatterBot Echo reevaluating
ChatterBot Juliett reevaluating
ChatterBot Zulu reevaluating
ChatterBot Sierra reevaluating
ChatterBot Victor reevaluating
ChatterBot Juliett reevaluating
ChatterBot Zulu reevaluating
ChatterBot Sierra reevaluating
ChatterBot Victor reevaluating
ChatterBot Echo reevaluating
chatterbot Bravo submitting transactions
chatterbot Quebec submitting transactions
chatterbot Delta submitting transactions
2024-10-15 04:55:14.697112 Victor: Delta and Echo, sending you 3
2024-10-15 04:55:14.698094 November: Sierra and Bravo, sending you 3
2024-10-15 04:55:14.698370 Sierra: Bravo, sending you 5
2024-10-15 04:55:14.698607 Bravo: Sierra, sending you 6
2024-10-15 04:55:14.698896 Delta: Victor, Echo and Golf, sending you 2
2024-10-15 04:55:14.699257 Golf: Delta, Victor, Echo and Juliett, sending you 1
2024-10-15 04:55:14.700157 Quebec: Delta, Victor and Echo, sending you 2
chatterbot Sierra submitting transactions
chatterbot Golf submitting transactions
chatterbot Juliett submitting transactions
chatterbot November submitting transactions
chatterbot Zulu submitting transactions
chatterbot Victor submitting transactions
2024-10-15 04:55:14.850544 Victor: Juliett, sending you 4
2024-10-15 04:55:14.851465 November: Zulu, sending you 10
2024-10-15 04:55:14.851851 Sierra: Zulu, sending you 4
2024-10-15 04:55:14.852164 Bravo: Zulu, sending you 5
2024-10-15 04:55:14.853205 Quebec: Golf, sending you 11
2024-10-15 04:55:14.853627 Delta: Juliett, sending you 5
2024-10-15 04:55:14.854561 Golf: Quebec, sending you 15
2024-10-15 04:55:14.854930 Echo: Delta and Juliett, sending you 4
2024-10-15 04:55:14.855349 Zulu: Delta, sending you 2
2024-10-15 04:55:14.856324 Juliett: Delta, sending you 6
2024-10-15 04:55:14.856756 Victor: Quebec, sending you 5
2024-10-15 04:55:14.857136 Sierra: November, sending you 6
2024-10-15 04:55:14.858027 Bravo: November, sending you 4
2024-10-15 04:55:14.858402 Delta: Quebec, sending you 3
2024-10-15 04:55:15.081024 Echo: Victor, sending you 5
2024-10-15 04:55:15.081796 Victor: Golf, sending you 2
2024-10-15 04:55:15.082043 Zulu: Victor, Sierra, Juliett and Bravo, sending you 3
2024-10-15 04:55:15.082374 Juliett: Victor, sending you 3
2024-10-15 04:55:15.382187 Zulu: Echo, sending you 1
2024-10-15 04:55:15.384081 Echo: Quebec, sending you 1
2024-10-15 04:55:15.385594 Juliett: Echo, sending you 4
chatterbot Echo submitting transactions
2024-10-15 04:55:15.409796 Zulu: November, sending you 4
2024-10-15 04:55:15.411149 Juliett: Quebec, sending you 2
ChatterBot Delta round 3
ChatterBot Victor round 3
ChatterBot Echo round 3
ChatterBot Sierra round 3
ChatterBot Juliett round 3
ChatterBot Quebec round 3
ChatterBot Bravo round 3
ChatterBot Zulu round 3
2024-10-15 04:55:15.540768 Juliett: Golf, sending you 5
ChatterBot November round 3
ChatterBot Golf round 3
2024-10-15 04:55:15.567021 Juliett: We should add Zulu
2024-10-15 04:55:15.588892 Delta: No
2024-10-15 04:55:15.589840 Victor: No
2024-10-15 04:55:15.590120 Echo: No
2024-10-15 04:55:15.590420 Quebec: No
2024-10-15 04:55:15.590638 Golf: No
ChatterBot Juliett reevaluating
ChatterBot Juliett reevaluating
ChatterBot Juliett reevaluating
2024-10-15 04:55:15.714504 Zulu: Can we be friends?
ChatterBot Juliett reevaluating
2024-10-15 04:55:15.744759 Juliett: Yes
2024-10-15 04:55:15.746170 Delta: No
2024-10-15 04:55:15.746310 Victor: No
2024-10-15 04:55:15.746430 Echo: No
2024-10-15 04:55:15.746645 Quebec: No
2024-10-15 04:55:15.746768 Golf: No
ChatterBot Juliett reevaluating
ChatterBot Juliett reevaluating
ChatterBot Juliett reevaluating
ChatterBot Juliett reevaluating
ChatterBot Juliett reevaluating
2024-10-15 04:55:15.945033 Juliett: Zulu we want you to join our group
2024-10-15 04:55:15.949086 Zulu: Yes
ChatterBot Juliett reevaluating
2024-10-15 04:55:15.990359 Echo: Delta, sending you 3
2024-10-15 04:55:16.010335 Delta: Victor and Echo, sending you 3
2024-10-15 04:55:16.011529 Bravo: Sierra, sending you 6
2024-10-15 04:55:16.012 Zulu: Delta, Echo and Quebec, sending you 2
2024-10-15 04:55:16.013052 Victor: Delta, sending you 3
2024-10-15 04:55:16.013670 Quebec: Delta, sending you 3
2024-10-15 04:55:16.014678 Sierra: Bravo, sending you 6
2024-10-15 04:55:16.015030 November: Sierra, sending you 5
2024-10-15 04:55:16.015382 Echo: Victor and Juliett, sending you 5
2024-10-15 04:55:16.016528 Delta: Juliett, sending you 5
2024-10-15 04:55:16.017801 Bravo: Zulu, sending you 5
2024-10-15 04:55:16.018225 Zulu: Victor and Juliett, sending you 5
2024-10-15 04:55:16.018788 Victor: Echo, Juliett and Quebec, sending you 4
2024-10-15 04:55:16.030766 Quebec: Victor, sending you 4
2024-10-15 04:55:16.032172 Sierra: Zulu, sending you 4
2024-10-15 04:55:16.032660 November: Bravo, sending you 4
2024-10-15 04:55:16.033653 Echo: Quebec, sending you 2
2024-10-15 04:55:16.034174 Golf: Delta, sending you 3
2024-10-15 04:55:16.035157 Delta: Quebec and Golf, sending you 2
2024-10-15 04:55:16.035735 Bravo: November, sending you 4
2024-10-15 04:55:16.036138 Victor: Golf, sending you 2
2024-10-15 04:55:16.037200 Zulu: Golf, sending you 3
2024-10-15 04:55:16.037764 Quebec: Echo and Juliett, sending you 2
2024-10-15 04:55:16.038797 Sierra: November, sending you 5
2024-10-15 04:55:16.039278 November: Zulu, sending you 7
2024-10-15 04:55:16.040383 Echo: Golf, sending you 1
2024-10-15 04:55:16.040921 Golf: Victor, sending you 2
2024-10-15 04:55:16.049165 Quebec: Golf, sending you 8
2024-10-15 04:55:16.049657 Golf: Echo, sending you 1
2024-10-15 04:55:16.054730 Golf: Juliett, sending you 5
2024-10-15 04:55:16.062579 Juliett: Delta, sending you 6
2024-10-15 04:55:16.063490 Golf: Quebec, sending you 8
chatterbot Bravo submitting transactions
2024-10-15 04:55:16.067414 Juliett: Victor and Echo, sending you 4
2024-10-15 04:55:16.680311 Juliett: Quebec, sending you 1
chatterbot Echo submitting transactions
chatterbot Delta submitting transactions
chatterbot Victor submitting transactions
chatterbot Quebec submitting transactions
chatterbot Sierra submitting transactions
2024-10-15 04:55:16.782424 Juliett: Zulu, sending you 2
2024-10-15 04:55:16.815571 Juliett: Golf, sending you 3
chatterbot Zulu submitting transactions
chatterbot November submitting transactions
chatterbot Juliett submitting transactions
chatterbot Golf submitting transactions
ChatterBot Delta round 4
ChatterBot Victor round 4
ChatterBot Echo round 4
ChatterBot Sierra round 4
ChatterBot Juliett round 4
ChatterBot Quebec round 4
ChatterBot Bravo round 4
ChatterBot Zulu round 4
ChatterBot November round 4
ChatterBot Golf round 4
2024-10-15 04:55:17.819503 Sierra: Bravo, sending you 7
2024-10-15 04:55:17.820334 Delta: Victor, Echo and Quebec, sending you 3
2024-10-15 04:55:17.820968 Victor: Delta, sending you 3
2024-10-15 04:55:17.821456 Echo: Delta, sending you 3
2024-10-15 04:55:17.823634 Juliett: Delta, sending you 6
2024-10-15 04:55:17.824160 Sierra: Zulu, sending you 3
2024-10-15 04:55:17.824520 Delta: Juliett, sending you 5
2024-10-15 04:55:17.970374 Victor: Echo, Juliett and Quebec, sending you 4
2024-10-15 04:55:17.971815 Echo: Victor, sending you 4
2024-10-15 04:55:17.972525 Bravo: Sierra, sending you 6
2024-10-15 04:55:17.973823 Juliett: Victor, Zulu and Golf, sending you 3
2024-10-15 04:55:17.974577 Golf: Delta and Victor, sending you 3
2024-10-15 04:55:17.975916 Zulu: Delta, Echo and Quebec, sending you 2
2024-10-15 04:55:17.977429 November: Sierra, sending you 7
2024-10-15 04:55:17.978096 Quebec: Delta, sending you 3
2024-10-15 04:55:17.979417 Sierra: November, sending you 5
2024-10-15 04:55:17.979854 Delta: Golf, sending you 1
chatterbot Delta submitting transactions
2024-10-15 04:55:17.981624 Victor: Golf, sending you 2
2024-10-15 04:55:17.983322 Echo: Juliett, sending you 5
2024-10-15 04:55:17.984898 Juliett: Echo, sending you 4
2024-10-15 04:55:17.985851 Bravo: Zulu, sending you 4
2024-10-15 04:55:17.987172 Golf: Echo, sending you 1
2024-10-15 04:55:17.987903 Zulu: Victor, sending you 4
2024-10-15 04:55:17.988993 November: Bravo, sending you 5
2024-10-15 04:55:17.989382 Quebec: Victor, sending you 4
2024-10-15 04:55:17.990002 Echo: Quebec and Golf, sending you 2
2024-10-15 04:55:17.991282 Juliett: Quebec, sending you 1
2024-10-15 04:55:17.991873 Bravo: November, sending you 5
2024-10-15 04:55:17.992980 Golf: Juliett, sending you 4
2024-10-15 04:55:17.993754 Zulu: Juliett, sending you 6
2024-10-15 04:55:17.994943 November: Zulu, sending you 4
2024-10-15 04:55:17.995656 Quebec: Echo and Juliett, sending you 2
2024-10-15 04:55:18.012246 Golf: Quebec, sending you 8
2024-10-15 04:55:18.013864 Zulu: Golf, sending you 3
2024-10-15 04:55:18.015360 Quebec: Golf, sending you 8
chatterbot Bravo submitting transactions
chatterbot Zulu submitting transactions
chatterbot Juliett submitting transactions
chatterbot Sierra submitting transactions
chatterbot Echo submitting transactions
chatterbot Victor submitting transactions
chatterbot Quebec submitting transactions
chatterbot Golf submitting transactions
chatterbot November submitting transactions
ChatterBot Delta round 5
ChatterBot Victor round 5
ChatterBot Echo round 5
ChatterBot Sierra round 5
ChatterBot Juliett round 5
ChatterBot Quebec round 5
ChatterBot Bravo round 5
ChatterBot Zulu round 5
ChatterBot November round 5
ChatterBot Golf round 5
2024-10-15 04:55:18.929671 Delta: Victor, Echo and Quebec, sending you 3
2024-10-15 04:55:18.933679 Delta: Juliett, sending you 5
2024-10-15 04:55:18.936673 Delta: Golf, sending you 2
2024-10-15 04:55:18.939689 Juliett: Delta, sending you 5
2024-10-15 04:55:18.940665 Zulu: Delta, Echo, Quebec and Golf, sending you 2
2024-10-15 04:55:18.942686 Golf: Delta and Victor, sending you 3
2024-10-15 04:55:18.944267 November: Sierra, sending you 7
2024-10-15 04:55:18.944689 Zulu: Victor, sending you 3
2024-10-15 04:55:18.945180 Quebec: Delta, sending you 3
2024-10-15 04:55:18.945661 Juliett: Victor and Golf, sending you 3
2024-10-15 04:55:18.946977 Golf: Echo, sending you 1
2024-10-15 04:55:18.947824 Victor: Delta, Echo, Juliett, Quebec and Zulu, sending you 3
2024-10-15 04:55:18.948454 Sierra: Bravo and November, sending you 6
2024-10-15 04:55:18.948945 Zulu: Juliett, sending you 7
2024-10-15 04:55:18.949825 Quebec: Victor, sending you 4
2024-10-15 04:55:18.950246 November: Bravo, sending you 6
2024-10-15 04:55:18.950502 Echo: Delta, sending you 3
2024-10-15 04:55:18.950896 Juliett: Echo and Zulu, sending you 4
2024-10-15 04:55:18.951261 Victor: Golf, sending you 2
2024-10-15 04:55:18.952712 Golf: Juliett, sending you 4
2024-10-15 04:55:18.953673 Sierra: Zulu, sending you 3
2024-10-15 04:55:18.954117 November: Zulu, sending you 3
2024-10-15 04:55:18.955111 Quebec: Echo and Juliett, sending you 2
2024-10-15 04:55:18.955697 Echo: Victor, sending you 4
2024-10-15 04:55:18.956202 Juliett: Quebec, sending you 1
2024-10-15 04:55:18.956699 Bravo: Sierra, sending you 7
2024-10-15 04:55:18.957071 Golf: Quebec, sending you 8
2024-10-15 04:55:18.959667 Quebec: Golf, sending you 8
2024-10-15 04:55:18.960893 Echo: Juliett, sending you 5
2024-10-15 04:55:18.961473 Bravo: Zulu, sending you 3
2024-10-15 04:55:18.963661 Echo: Quebec and Golf, sending you 2
2024-10-15 04:55:18.966049 Bravo: November, sending you 5
chatterbot Echo submitting transactions
chatterbot November submitting transactions
chatterbot Juliett submitting transactions
chatterbot Zulu submitting transactions
chatterbot Victor submitting transactions
chatterbot Bravo submitting transactions
chatterbot Sierra submitting transactions
chatterbot Quebec submitting transactions
chatterbot Golf submitting transactions
chatterbot Delta submitting transactions
ChatterBot Delta round 6
ChatterBot Victor round 6
ChatterBot Echo round 6
ChatterBot Sierra round 6
ChatterBot Juliett round 6
ChatterBot Quebec round 6
ChatterBot Bravo round 6
ChatterBot Zulu round 6
ChatterBot November round 6
ChatterBot Golf round 6
2024-10-15 04:55:20.162336 Victor: Delta, Echo, Juliett, Quebec and Zulu, sending you 3
2024-10-15 04:55:20.164282 Delta: Victor, sending you 3
2024-10-15 04:55:20.166178 Bravo: Sierra, sending you 7
2024-10-15 04:55:20.166652 Echo: Delta, Victor and Juliett, sending you 4
2024-10-15 04:55:20.167335 Juliett: Delta, sending you 5
2024-10-15 04:55:20.168575 Quebec: Delta and Echo, sending you 3
2024-10-15 04:55:20.169466 Victor: Golf, sending you 2
2024-10-15 04:55:20.170107 Echo: Quebec and Golf, sending you 2
2024-10-15 04:55:20.171686 Delta: Echo, Quebec, Zulu and Golf, sending you 2
2024-10-15 04:55:20.172721 Bravo: Zulu, sending you 3
2024-10-15 04:55:20.173363 Juliett: Victor and Golf, sending you 3
2024-10-15 04:55:20.174750 Zulu: Delta, Quebec and Golf, sending you 2
2024-10-15 04:55:20.175427 Golf: Delta and Victor, sending you 3
2024-10-15 04:55:20.176303 November: Sierra, sending you 8
2024-10-15 04:55:20.176845 Quebec: Victor, sending you 4
2024-10-15 04:55:20.178247 Delta: Juliett, sending you 5
2024-10-15 04:55:20.179175 Bravo: November, sending you 5
2024-10-15 04:55:20.179593 Zulu: Victor, sending you 5
2024-10-15 04:55:20.180721 Juliett: Echo and Zulu, sending you 4
2024-10-15 04:55:20.181622 Golf: Echo, sending you 2
2024-10-15 04:55:20.182480 Sierra: Bravo, sending you 7
2024-10-15 04:55:20.183772 November: Bravo, sending you 6
2024-10-15 04:55:20.184326 Quebec: Juliett, sending you 2
2024-10-15 04:55:20.185127 Zulu: Juliett, sending you 7
2024-10-15 04:55:20.186368 Juliett: Quebec, sending you 1
2024-10-15 04:55:20.187092 Golf: Juliett, sending you 4
2024-10-15 04:55:20.188121 November: Zulu, sending you 2
2024-10-15 04:55:20.189084 Quebec: Golf, sending you 7
2024-10-15 04:55:20.189782 Sierra: Zulu, sending you 2
2024-10-15 04:55:20.192666 Golf: Quebec, sending you 7
2024-10-15 04:55:20.193417 Sierra: November, sending you 6
chatterbot Bravo submitting transactions
chatterbot Zulu submitting transactions
chatterbot Victor submitting transactions
chatterbot Juliett submitting transactions
chatterbot Golf submitting transactions
chatterbot Echo submitting transactions
chatterbot Delta submitting transactions
chatterbot November submitting transactions
chatterbot Sierra submitting transactions
chatterbot Quebec submitting transactions
ChatterBot Delta round 7
ChatterBot Victor round 7
ChatterBot Echo round 7
ChatterBot Sierra round 7
ChatterBot Juliett round 7
ChatterBot Quebec round 7
ChatterBot Bravo round 7
2024-10-15 04:55:21.411074 Echo: We should add Zulu
ChatterBot Victor reevaluating
ChatterBot Juliett reevaluating
ChatterBot Quebec reevaluating
ChatterBot Golf reevaluating
2024-10-15 04:55:21.435919 Delta: Yes
2024-10-15 04:55:21.436164 Victor: Yes
2024-10-15 04:55:21.436429 Juliett: Yes
2024-10-15 04:55:21.436609 Quebec: Yes
2024-10-15 04:55:21.436792 Golf: Yes
ChatterBot Victor reevaluating
ChatterBot Juliett reevaluating
ChatterBot Quebec reevaluating
ChatterBot Golf reevaluating
ChatterBot Juliett reevaluating
ChatterBot Quebec reevaluating
ChatterBot Golf reevaluating
ChatterBot Victor reevaluating
ChatterBot Quebec reevaluating
ChatterBot Golf reevaluating
ChatterBot Victor reevaluating
ChatterBot Juliett reevaluating
ChatterBot Golf reevaluating
ChatterBot Victor reevaluating
ChatterBot Juliett reevaluating
ChatterBot Quebec reevaluating
ChatterBot Zulu round 7
ChatterBot November round 7
ChatterBot Golf round 7
2024-10-15 04:55:21.544300 Echo: Zulu we want you to join our group
ChatterBot Zulu reevaluating
2024-10-15 04:55:21.548389 Zulu: Yes
ChatterBot Juliett reevaluating
ChatterBot Victor reevaluating
ChatterBot Quebec reevaluating
ChatterBot Golf reevaluating
2024-10-15 04:55:21.567494 Golf: We should add Zulu
ChatterBot Victor reevaluating
ChatterBot Juliett reevaluating
ChatterBot Quebec reevaluating
2024-10-15 04:55:21.581414 Delta: Yes
2024-10-15 04:55:21.581572 Victor: Yes
2024-10-15 04:55:21.581695 Echo: Yes
2024-10-15 04:55:21.581842 Juliett: Yes
2024-10-15 04:55:21.581953 Quebec: Yes
ChatterBot Victor reevaluating
ChatterBot Juliett reevaluating
ChatterBot Quebec reevaluating
ChatterBot Golf reevaluating
ChatterBot Juliett reevaluating
ChatterBot Quebec reevaluating
ChatterBot Golf reevaluating
ChatterBot Victor reevaluating
ChatterBot Juliett reevaluating
ChatterBot Quebec reevaluating
ChatterBot Golf reevaluating
ChatterBot Victor reevaluating
ChatterBot Quebec reevaluating
ChatterBot Golf reevaluating
ChatterBot Victor reevaluating
ChatterBot Juliett reevaluating
ChatterBot Golf reevaluating
2024-10-15 04:55:21.664999 Bravo: We should drop Zulu
2024-10-15 04:55:21.669953 Sierra: No
2024-10-15 04:55:21.670555 November: No
ChatterBot Bravo reevaluating
2024-10-15 04:55:21.680426 Quebec: Zulu we want you to join our group
2024-10-15 04:55:21.684092 Zulu: Yes
2024-10-15 04:55:21.702401 Delta: Victor and Echo, sending you 3
2024-10-15 04:55:21.703660 Golf: Zulu we want you to join our group
2024-10-15 04:55:21.707199 Zulu: Yes
2024-10-15 04:55:21.725414 Sierra: Bravo, sending you 7
2024-10-15 04:55:21.726302 Delta: Juliett, sending you 4
2024-10-15 04:55:21.728675 Echo: Delta and Victor, sending you 3
2024-10-15 04:55:21.730116 Victor: Delta, Echo, Juliett, Quebec and Zulu, sending you 3
2024-10-15 04:55:21.731102 Sierra: Zulu, sending you 2
2024-10-15 04:55:21.731684 Zulu: Delta, sending you 3
2024-10-15 04:55:21.732225 Delta: Quebec, Zulu and Golf, sending you 2
2024-10-15 04:55:21.732791 Juliett: Delta, sending you 5
2024-10-15 04:55:21.733284 November: Sierra, sending you 8
2024-10-15 04:55:21.733643 Bravo: Sierra, sending you 7
2024-10-15 04:55:21.734659 Echo: Juliett, sending you 4
2024-10-15 04:55:21.735488 Victor: Golf, sending you 2
2024-10-15 04:55:21.736315 Sierra: November, sending you 6
2024-10-15 04:55:21.736831 Zulu: Victor, sending you 5
2024-10-15 04:55:21.737539 November: Bravo, sending you 7
2024-10-15 04:55:21.738523 Juliett: Victor, Echo and Golf, sending you 3
2024-10-15 04:55:21.739048 Bravo: Zulu, sending you 2
2024-10-15 04:55:21.739663 Echo: Quebec, Zulu and Golf, sending you 2
2024-10-15 04:55:21.740405 Zulu: Echo and Quebec, sending you 1
2024-10-15 04:55:21.742266 Quebec: Delta and Victor, sending you 3
2024-10-15 04:55:21.742893 Bravo: November, sending you 6
2024-10-15 04:55:21.743335 November: Zulu, sending you 1
2024-10-15 04:55:21.743693 Juliett: Quebec, sending you 2
2024-10-15 04:55:21.744214 Golf: Delta, Victor, Echo and Zulu, sending you 2
2024-10-15 04:55:21.745683 Zulu: Juliett, sending you 7
2024-10-15 04:55:21.747769 Quebec: Echo, Juliett and Zulu, sending you 2
2024-10-15 04:55:21.748725 Juliett: Zulu, sending you 4
2024-10-15 04:55:21.749757 Golf: Juliett, sending you 4
2024-10-15 04:55:21.752670 Zulu: Golf, sending you 2
2024-10-15 04:55:21.753675 Quebec: Golf, sending you 7
2024-10-15 04:55:21.755326 Golf: Quebec, sending you 7
chatterbot Juliett submitting transactions
chatterbot Golf submitting transactions
chatterbot Delta submitting transactions
chatterbot Echo submitting transactions
chatterbot Victor submitting transactions
chatterbot Sierra submitting transactions
chatterbot Quebec submitting transactions
chatterbot November submitting transactions
chatterbot Bravo submitting transactions
chatterbot Zulu submitting transactions
ChatterBot Delta round 8
ChatterBot Victor round 8
ChatterBot Echo round 8
ChatterBot Sierra round 8
ChatterBot Juliett round 8
ChatterBot Quebec round 8
ChatterBot Bravo round 8
ChatterBot Zulu round 8
ChatterBot November round 8
ChatterBot Golf round 8
2024-10-15 04:55:22.694934 Sierra: We should drop Zulu
2024-10-15 04:55:22.699857 Bravo: Yes
2024-10-15 04:55:22.700601 November: No
ChatterBot November reevaluating
2024-10-15 04:55:22.714677 Echo: Delta and Victor, sending you 3
2024-10-15 04:55:22.716464 Delta: Victor and Echo, sending you 3
2024-10-15 04:55:22.717828 Victor: Delta, Echo, Juliett, Quebec and Zulu, sending you 3
2024-10-15 04:55:22.718873 Quebec: Delta, sending you 3
2024-10-15 04:55:22.720395 Echo: Juliett, sending you 4
2024-10-15 04:55:22.721689 Delta: Juliett, sending you 4
2024-10-15 04:55:22.723939 Quebec: Victor, sending you 4
2024-10-15 04:55:22.724904 Victor: Golf, sending you 2
2024-10-15 04:55:22.725814 Sierra: Bravo, sending you 8
2024-10-15 04:55:22.726406 Echo: Quebec, Zulu and Golf, sending you 2
2024-10-15 04:55:22.727954 Zulu: Delta, sending you 3
2024-10-15 04:55:22.728956 Golf: Delta, Echo and Zulu, sending you 2
2024-10-15 04:55:22.730013 Delta: Quebec, Zulu and Golf, sending you 2
2024-10-15 04:55:22.731492 Quebec: Echo, Juliett and Zulu, sending you 2
2024-10-15 04:55:22.732508 Sierra: November, sending you 7
2024-10-15 04:55:22.732995 Zulu: Victor, sending you 4
2024-10-15 04:55:22.733974 Golf: Victor, sending you 3
2024-10-15 04:55:22.735718 Juliett: Delta, sending you 4
2024-10-15 04:55:22.736971 Quebec: Golf, sending you 6
2024-10-15 04:55:22.738551 Zulu: Echo, Quebec and Golf, sending you 2
2024-10-15 04:55:22.739666 Bravo: Sierra, sending you 8
2024-10-15 04:55:22.740148 Golf: Juliett, sending you 4
2024-10-15 04:55:22.741842 November: Sierra, sending you 9
2024-10-15 04:55:22.742397 Juliett: Victor, Echo and Golf, sending you 3
2024-10-15 04:55:22.743798 Bravo: November, sending you 7
2024-10-15 04:55:22.744892 Zulu: Juliett, sending you 6
2024-10-15 04:55:22.746268 November: Bravo, sending you 7
2024-10-15 04:55:22.746982 Golf: Quebec, sending you 6
2024-10-15 04:55:22.748689 Juliett: Quebec, sending you 2
2024-10-15 04:55:22.752681 Juliett: Zulu, sending you 5
chatterbot Quebec submitting transactions
chatterbot Sierra submitting transactions
chatterbot Victor submitting transactions
chatterbot Juliett submitting transactions
chatterbot Delta submitting transactions
chatterbot Golf submitting transactions
chatterbot Bravo submitting transactions
chatterbot Echo submitting transactions
chatterbot Zulu submitting transactions
chatterbot November submitting transactions
ChatterBot Delta round 9
ChatterBot Victor round 9
ChatterBot Echo round 9
ChatterBot Sierra round 9
ChatterBot Juliett round 9
ChatterBot Quebec round 9
ChatterBot Bravo round 9
ChatterBot Zulu round 9
ChatterBot November round 9
ChatterBot Golf round 9
2024-10-15 04:55:23.940700 Zulu: We should drop Golf
2024-10-15 04:55:23.957525 Delta: No
2024-10-15 04:55:23.957730 Victor: No
2024-10-15 04:55:23.957875 Echo: No
2024-10-15 04:55:23.958347 Juliett: No
2024-10-15 04:55:23.958469 Quebec: No
ChatterBot Zulu reevaluating
ChatterBot Quebec reevaluating
ChatterBot Zulu reevaluating
ChatterBot Quebec reevaluating
ChatterBot Zulu reevaluating
ChatterBot Quebec reevaluating
ChatterBot Zulu reevaluating
ChatterBot Quebec reevaluating
ChatterBot Zulu reevaluating
2024-10-15 04:55:24.044174 Echo: Delta and Victor, sending you 3
2024-10-15 04:55:24.045372 Delta: Victor and Echo, sending you 3
2024-10-15 04:55:24.046386 Victor: Delta, Echo, Juliett, Quebec and Zulu, sending you 3
2024-10-15 04:55:24.048110 Sierra: Bravo, sending you 8
2024-10-15 04:55:24.048439 Bravo: Sierra, sending you 8
2024-10-15 04:55:24.048761 Juliett: Delta, sending you 4
2024-10-15 04:55:24.049672 Echo: Juliett, sending you 4
2024-10-15 04:55:24.050473 Delta: Juliett, sending you 4
2024-10-15 04:55:24.051924 Sierra: November, sending you 7
2024-10-15 04:55:24.052259 Bravo: November, sending you 7
2024-10-15 04:55:24.052712 Victor: Golf, sending you 2
2024-10-15 04:55:24.055187 Juliett: Victor, Echo and Golf, sending you 3
2024-10-15 04:55:24.056739 November: Sending you each 8
2024-10-15 04:55:24.057262 Golf: Delta and Victor, sending you 3
2024-10-15 04:55:24.059169 Echo: Quebec, Zulu and Golf, sending you 2
2024-10-15 04:55:24.060398 Delta: Quebec, Zulu and Golf, sending you 2
2024-10-15 04:55:24.062527 Juliett: Quebec, sending you 2
2024-10-15 04:55:24.064925 Quebec: Delta and Victor, sending you 3
2024-10-15 04:55:24.066205 Golf: Echo, sending you 1
2024-10-15 04:55:24.068690 Juliett: Zulu, sending you 5
2024-10-15 04:55:24.070391 Quebec: Echo, Juliett and Zulu, sending you 2
2024-10-15 04:55:24.071913 Golf: Juliett, sending you 4
2024-10-15 04:55:24.072685 Zulu: Delta, sending you 3
2024-10-15 04:55:24.075665 Quebec: Golf, sending you 7
2024-10-15 04:55:24.077688 Golf: Quebec, sending you 6
2024-10-15 04:55:24.079543 Zulu: Victor, sending you 4
2024-10-15 04:55:24.081964 Golf: Zulu, sending you 2
2024-10-15 04:55:24.085724 Zulu: Echo, Quebec and Golf, sending you 2
2024-10-15 04:55:24.091708 Zulu: Juliett, sending you 6
chatterbot Golf submitting transactions
chatterbot Delta submitting transactions
chatterbot Victor submitting transactions
chatterbot Echo submitting transactions
chatterbot Quebec submitting transactions
chatterbot Bravo submitting transactions
chatterbot Zulu submitting transactions
chatterbot November submitting transactions
chatterbot Sierra submitting transactions
chatterbot Juliett submitting transactions
ChatterBot Delta round 10
ChatterBot Victor round 10
ChatterBot Echo round 10
ChatterBot Sierra round 10
ChatterBot Juliett round 10
ChatterBot Quebec round 10
ChatterBot Bravo round 10
ChatterBot Zulu round 10
ChatterBot November round 10
ChatterBot Golf round 10
2024-10-15 04:55:25.086690 Delta: Victor and Echo, sending you 3
2024-10-15 04:55:25.090759 Victor: Delta, Echo, Juliett, Quebec and Zulu, sending you 3
2024-10-15 04:55:25.091877 Delta: Juliett, sending you 4
2024-10-15 04:55:25.094673 Sierra: Bravo, sending you 8
2024-10-15 04:55:25.095683 Victor: Golf, sending you 2
2024-10-15 04:55:25.097288 Juliett: Delta, sending you 4
2024-10-15 04:55:25.098821 Delta: Quebec, Zulu and Golf, sending you 2
2024-10-15 04:55:25.099749 Sierra: November, sending you 7
2024-10-15 04:55:25.100678 Quebec: Delta, Victor and Juliett, sending you 3
2024-10-15 04:55:25.101359 Bravo: Sierra, sending you 8
2024-10-15 04:55:25.103674 Juliett: Victor, Echo and Golf, sending you 3
2024-10-15 04:55:25.105375 Zulu: Delta, sending you 3
2024-10-15 04:55:25.106254 Quebec: Echo and Zulu, sending you 2
2024-10-15 04:55:25.106959 Bravo: November, sending you 7
2024-10-15 04:55:25.107167 Echo: Delta and Victor, sending you 3
2024-10-15 04:55:25.109645 Juliett: Quebec, sending you 2
2024-10-15 04:55:25.111217 Zulu: Victor, sending you 4
2024-10-15 04:55:25.112054 Golf: Delta and Victor, sending you 3
2024-10-15 04:55:25.112816 Quebec: Golf, sending you 6
2024-10-15 04:55:25.113527 Echo: Juliett, sending you 4
2024-10-15 04:55:25.114298 November: Same as last round
2024-10-15 04:55:25.114693 Zulu: Echo, Quebec and Golf, sending you 2
2024-10-15 04:55:25.115730 Juliett: Zulu, sending you 5
2024-10-15 04:55:25.117039 Golf: Echo, sending you 1
2024-10-15 04:55:25.118662 Echo: Quebec, Zulu and Golf, sending you 2
2024-10-15 04:55:25.120708 Zulu: Juliett, sending you 6
2024-10-15 04:55:25.121836 Golf: Juliett, sending you 4
2024-10-15 04:55:25.125710 Golf: Quebec, sending you 6
2024-10-15 04:55:25.129682 Golf: Zulu, sending you 2
chatterbot Golf submitting transactions
chatterbot Zulu submitting transactions
chatterbot November submitting transactions
chatterbot Bravo submitting transactions
chatterbot Delta submitting transactions
chatterbot Juliett submitting transactions
chatterbot Quebec submitting transactions
chatterbot Echo submitting transactions
chatterbot Victor submitting transactions
chatterbot Sierra submitting transactions
ChatterBot Delta round 11
ChatterBot Victor round 11
ChatterBot Echo round 11
ChatterBot Sierra round 11
ChatterBot Juliett round 11
ChatterBot Quebec round 11
ChatterBot Bravo round 11
ChatterBot Zulu round 11
ChatterBot November round 11
ChatterBot Golf round 11
2024-10-15 04:55:26.343683 Juliett: Delta, sending you 4
2024-10-15 04:55:26.346908 November: Same as last round
2024-10-15 04:55:26.347489 Delta: Victor, sending you 3
2024-10-15 04:55:26.350119 Victor: Delta, Echo, Juliett, Quebec and Zulu, sending you 3
2024-10-15 04:55:26.352870 Sierra: Bravo, sending you 8
2024-10-15 04:55:26.353420 Juliett: Victor, Echo and Golf, sending you 3
2024-10-15 04:55:26.356170 Quebec: Delta, Victor and Juliett, sending you 3
2024-10-15 04:55:26.358819 Delta: Echo, Quebec, Zulu and Golf, sending you 2
2024-10-15 04:55:26.360915 Victor: Golf, sending you 2
2024-10-15 04:55:26.362971 Echo: Delta and Victor, sending you 3
2024-10-15 04:55:26.363896 Bravo: Sierra, sending you 8
2024-10-15 04:55:26.364199 Zulu: Delta, sending you 3
2024-10-15 04:55:26.365871 Sierra: November, sending you 7
2024-10-15 04:55:26.366337 Juliett: Quebec, sending you 2
2024-10-15 04:55:26.367502 Quebec: Echo and Zulu, sending you 2
2024-10-15 04:55:26.368424 Delta: Juliett, sending you 5
2024-10-15 04:55:26.370223 Echo: Juliett, sending you 4
2024-10-15 04:55:26.371548 Bravo: November, sending you 7
2024-10-15 04:55:26.371926 Zulu: Victor, sending you 4
2024-10-15 04:55:26.373433 Golf: Delta and Victor, sending you 3
2024-10-15 04:55:26.374899 Juliett: Zulu, sending you 5
2024-10-15 04:55:26.377309 Quebec: Golf, sending you 6
2024-10-15 04:55:26.379152 Echo: Quebec, Zulu and Golf, sending you 2
2024-10-15 04:55:26.381423 Zulu: Echo, Quebec and Golf, sending you 2
2024-10-15 04:55:26.382879 Golf: Echo, sending you 1
2024-10-15 04:55:26.387683 Zulu: Juliett, sending you 6
2024-10-15 04:55:26.389072 Golf: Juliett, sending you 4
2024-10-15 04:55:26.393998 Golf: Quebec, sending you 6
2024-10-15 04:55:26.398688 Golf: Zulu, sending you 2
chatterbot Delta submitting transactions
chatterbot Golf submitting transactions
chatterbot Sierra submitting transactions
chatterbot Echo submitting transactions
chatterbot Zulu submitting transactions
chatterbot Bravo submitting transactions
chatterbot November submitting transactions
chatterbot Victor submitting transactions
chatterbot Juliett submitting transactions
chatterbot Quebec submitting transactions
ChatterBot Delta round 12
ChatterBot Victor round 12
ChatterBot Echo round 12
ChatterBot Sierra round 12
ChatterBot Juliett round 12
ChatterBot Quebec round 12
ChatterBot Bravo round 12
ChatterBot Zulu round 12
ChatterBot November round 12
ChatterBot Golf round 12
2024-10-15 04:55:27.628643 Juliett: Delta, sending you 4
2024-10-15 04:55:27.629796 Quebec: Delta, Victor and Juliett, sending you 3
2024-10-15 04:55:27.631394 Sierra: Bravo, sending you 8
2024-10-15 04:55:27.631815 Victor: Delta, Echo, Juliett, Quebec and Zulu, sending you 3
2024-10-15 04:55:27.632783 Juliett: Victor, Echo and Golf, sending you 3
2024-10-15 04:55:27.635153 Quebec: Echo and Zulu, sending you 2
2024-10-15 04:55:27.636336 November: Same as last round
2024-10-15 04:55:27.636740 Sierra: November, sending you 7
2024-10-15 04:55:27.637037 Victor: Golf, sending you 2
2024-10-15 04:55:27.638147 Juliett: Quebec, sending you 2
2024-10-15 04:55:27.639661 Bravo: Sierra, sending you 8
2024-10-15 04:55:27.639943 Echo: Delta and Victor, sending you 3
2024-10-15 04:55:27.640786 Zulu: Delta, sending you 3
2024-10-15 04:55:27.641568 Quebec: Golf, sending you 6
2024-10-15 04:55:27.642537 Golf: Delta and Victor, sending you 3
2024-10-15 04:55:27.644136 Juliett: Zulu, sending you 5
2024-10-15 04:55:27.645103 Bravo: November, sending you 7
2024-10-15 04:55:27.645438 Delta: Victor, sending you 3
2024-10-15 04:55:27.646469 Echo: Juliett, sending you 4
2024-10-15 04:55:27.647293 Zulu: Victor, sending you 4
2024-10-15 04:55:27.648796 Golf: Echo, sending you 1
2024-10-15 04:55:27.649938 Delta: Echo, Quebec, Zulu and Golf, sending you 2
2024-10-15 04:55:27.651214 Echo: Quebec, Zulu and Golf, sending you 2
2024-10-15 04:55:27.654207 Zulu: Echo, Quebec and Golf, sending you 2
2024-10-15 04:55:27.656257 Golf: Juliett, sending you 4
2024-10-15 04:55:27.658730 Delta: Juliett, sending you 5
2024-10-15 04:55:27.660662 Zulu: Juliett, sending you 6
2024-10-15 04:55:27.663669 Golf: Quebec, sending you 6
2024-10-15 04:55:27.667653 Golf: Zulu, sending you 2
chatterbot Echo submitting transactions
chatterbot Bravo submitting transactions
chatterbot Quebec submitting transactions
chatterbot Sierra submitting transactions
chatterbot Victor submitting transactions
chatterbot Zulu submitting transactions
chatterbot Golf submitting transactions
chatterbot Delta submitting transactions
chatterbot Juliett submitting transactions
chatterbot November submitting transactions
ChatterBot Delta round 13
ChatterBot Victor round 13
ChatterBot Echo round 13
ChatterBot Sierra round 13
ChatterBot Juliett round 13
ChatterBot Quebec round 13
ChatterBot Bravo round 13
ChatterBot Zulu round 13
ChatterBot November round 13
ChatterBot Golf round 13
2024-10-15 04:55:28.872665 Sierra: Bravo, sending you 8
2024-10-15 04:55:28.874676 Juliett: Delta, sending you 4
