ChatterBot Bravo round 1
ChatterBot Charlie round 1
ChatterBot Hotel round 1
ChatterBot November round 1
ChatterBot Romeo round 1
ChatterBot Delta round 1
ChatterBot Sierra round 1
ChatterBot Kilo round 1
ChatterBot Alpha round 1
ChatterBot Tango round 1
randomSelections Charlie: {Charlie, Tango, Alpha, November, Hotel, Bravo, Sierra, Romeo} 
2024-10-14 13:37:20.685885 Charlie: Let's form a team
ChatterBot Tango reevaluating
ChatterBot Alpha reevaluating
ChatterBot November reevaluating
ChatterBot Hotel reevaluating
ChatterBot Bravo reevaluating
ChatterBot Sierra reevaluating
ChatterBot Romeo reevaluating
2024-10-14 13:37:20.709333 Tango: Yes
2024-10-14 13:37:20.709519 Alpha: Yes
2024-10-14 13:37:20.709675 November: Yes
2024-10-14 13:37:20.709823 Hotel: Yes
2024-10-14 13:37:20.709963 Bravo: Yes
2024-10-14 13:37:20.710102 Sierra: Yes
2024-10-14 13:37:20.710227 Romeo: Yes
ChatterBot Alpha reevaluating
ChatterBot November reevaluating
ChatterBot Hotel reevaluating
ChatterBot Bravo reevaluating
ChatterBot Sierra reevaluating
ChatterBot Romeo reevaluating
ChatterBot Tango reevaluating
ChatterBot November reevaluating
ChatterBot Hotel reevaluating
ChatterBot Bravo reevaluating
ChatterBot Sierra reevaluating
ChatterBot Romeo reevaluating
ChatterBot Tango reevaluating
ChatterBot Alpha reevaluating
ChatterBot Hotel reevaluating
ChatterBot Bravo reevaluating
ChatterBot Sierra reevaluating
ChatterBot Romeo reevaluating
ChatterBot Tango reevaluating
ChatterBot Alpha reevaluating
ChatterBot November reevaluating
ChatterBot Bravo reevaluating
ChatterBot Sierra reevaluating
ChatterBot Romeo reevaluating
ChatterBot Tango reevaluating
ChatterBot Alpha reevaluating
ChatterBot November reevaluating
ChatterBot Hotel reevaluating
ChatterBot Sierra reevaluating
ChatterBot Romeo reevaluating
ChatterBot Tango reevaluating
ChatterBot Alpha reevaluating
ChatterBot November reevaluating
ChatterBot Hotel reevaluating
ChatterBot Bravo reevaluating
ChatterBot Romeo reevaluating
ChatterBot Tango reevaluating
ChatterBot Alpha reevaluating
ChatterBot November reevaluating
ChatterBot Hotel reevaluating
ChatterBot Bravo reevaluating
ChatterBot Sierra reevaluating
randomSelections Delta: {Delta, Sierra, Kilo, Alpha, November, Romeo, Hotel} 
2024-10-14 13:37:20.819923 Delta: Group up?
ChatterBot Sierra reevaluating
ChatterBot Kilo reevaluating
ChatterBot Alpha reevaluating
ChatterBot November reevaluating
ChatterBot Romeo reevaluating
ChatterBot Hotel reevaluating
2024-10-14 13:37:20.829148 Sierra: No
2024-10-14 13:37:20.829288 Kilo: Yes
2024-10-14 13:37:20.829388 Alpha: No
2024-10-14 13:37:20.829492 November: No
2024-10-14 13:37:20.830239 Romeo: No
2024-10-14 13:37:20.830337 Hotel: No
ChatterBot Kilo reevaluating
ChatterBot Alpha reevaluating
ChatterBot November reevaluating
ChatterBot Romeo reevaluating
ChatterBot Hotel reevaluating
ChatterBot Sierra reevaluating
ChatterBot Alpha reevaluating
ChatterBot November reevaluating
ChatterBot Romeo reevaluating
ChatterBot Hotel reevaluating
ChatterBot Sierra reevaluating
ChatterBot Kilo reevaluating
ChatterBot November reevaluating
ChatterBot Romeo reevaluating
ChatterBot Hotel reevaluating
ChatterBot Sierra reevaluating
ChatterBot Kilo reevaluating
ChatterBot Alpha reevaluating
ChatterBot Romeo reevaluating
ChatterBot Hotel reevaluating
ChatterBot Sierra reevaluating
ChatterBot Kilo reevaluating
ChatterBot Alpha reevaluating
ChatterBot November reevaluating
ChatterBot Hotel reevaluating
ChatterBot Sierra reevaluating
ChatterBot Kilo reevaluating
ChatterBot Alpha reevaluating
ChatterBot November reevaluating
ChatterBot Romeo reevaluating
2024-10-14 13:37:20.922452 Charlie: Bravo, sending you 2
2024-10-14 13:37:20.924805 Delta: November and Romeo, sending you 4
2024-10-14 13:37:20.925711 Romeo: Bravo, Hotel, November, Sierra and Alpha, sending you 2
2024-10-14 13:37:20.926564 Hotel: Bravo, sending you 3
2024-10-14 13:37:20.928171 Charlie: Hotel, November and Tango, sending you 1
2024-10-14 13:37:20.928710 Alpha: Bravo and November, sending you 2
2024-10-14 13:37:20.929149 Bravo: Charlie, sending you 2
2024-10-14 13:37:20.931109 Delta: Sierra, Kilo and Alpha, sending you 1
2024-10-14 13:37:20.932213 Hotel: Charlie, Alpha and Tango, sending you 1
2024-10-14 13:37:20.932811 Romeo: Charlie, sending you 1
2024-10-14 13:37:20.933874 Tango: Bravo, Charlie and November, sending you 3
2024-10-14 13:37:20.934368 Sierra: Bravo, Charlie, November, Romeo and Alpha, sending you 2
2024-10-14 13:37:20.935540 Alpha: Hotel, sending you 1
2024-10-14 13:37:20.935979 Bravo: November, Romeo and Alpha, sending you 1
2024-10-14 13:37:20.936463 Charlie: Romeo and Sierra, sending you 3
2024-10-14 13:37:20.937502 Hotel: November and Sierra, sending you 2
2024-10-14 13:37:20.937895 Tango: Romeo and Sierra, sending you 2
2024-10-14 13:37:20.938241 Sierra: Hotel and Tango, sending you 1
2024-10-14 13:37:20.939240 Bravo: Sierra and Tango, sending you 4
2024-10-14 13:37:20.939849 Alpha: Romeo and Tango, sending you 3
2024-10-14 13:37:20.941209 Kilo: Hotel, November and Alpha, sending you 1
2024-10-14 13:37:20.944754 Kilo: Romeo and Sierra, sending you 2
2024-10-14 13:37:20.950144 Kilo: Delta, sending you 4
chatterbot Romeo submitting transactions
chatterbot November submitting transactions
chatterbot Charlie submitting transactions
chatterbot Tango submitting transactions
chatterbot Sierra submitting transactions
chatterbot Delta submitting transactions
chatterbot Kilo submitting transactions
chatterbot Bravo submitting transactions
chatterbot Hotel submitting transactions
chatterbot Alpha submitting transactions
ChatterBot Bravo round 2
ChatterBot Charlie round 2
ChatterBot Hotel round 2
ChatterBot November round 2
ChatterBot Romeo round 2
ChatterBot Delta round 2
ChatterBot Sierra round 2
ChatterBot Kilo round 2
ChatterBot Alpha round 2
ChatterBot Tango round 2
2024-10-14 13:37:23.257724 Kilo: Let's form a team
ChatterBot Delta reevaluating
ChatterBot Romeo reevaluating
ChatterBot Alpha reevaluating
2024-10-14 13:37:23.274223 Delta: No
2024-10-14 13:37:23.274432 Romeo: No
2024-10-14 13:37:23.274859 Alpha: No
ChatterBot Kilo reevaluating
ChatterBot Romeo reevaluating
ChatterBot Alpha reevaluating
ChatterBot Kilo reevaluating
ChatterBot Delta reevaluating
ChatterBot Alpha reevaluating
ChatterBot Kilo reevaluating
ChatterBot Delta reevaluating
ChatterBot Romeo reevaluating
2024-10-14 13:37:23.443128 Alpha: We should replace November with Kilo
ChatterBot Romeo reevaluating
2024-10-14 13:37:23.490167 Romeo: No
2024-10-14 13:37:23.490388 Bravo: No
2024-10-14 13:37:23.490608 Charlie: No
2024-10-14 13:37:23.490779 Hotel: No
2024-10-14 13:37:23.490927 Sierra: No
2024-10-14 13:37:23.491083 Tango: No
ChatterBot Alpha reevaluating
ChatterBot Bravo reevaluating
ChatterBot Alpha reevaluating
ChatterBot Romeo reevaluating
ChatterBot Tango reevaluating
ChatterBot Alpha reevaluating
ChatterBot Romeo reevaluating
ChatterBot Bravo reevaluating
ChatterBot Tango reevaluating
ChatterBot Alpha reevaluating
ChatterBot Romeo reevaluating
ChatterBot Bravo reevaluating
ChatterBot Sierra reevaluating
ChatterBot Tango reevaluating
ChatterBot Alpha reevaluating
ChatterBot Romeo reevaluating
ChatterBot Bravo reevaluating
ChatterBot Tango reevaluating
ChatterBot Alpha reevaluating
ChatterBot Romeo reevaluating
ChatterBot Bravo reevaluating
ChatterBot Sierra reevaluating
2024-10-14 13:37:23.769882 Romeo: We should replace November with Delta
ChatterBot Alpha reevaluating
ChatterBot Bravo reevaluating
ChatterBot Sierra reevaluating
ChatterBot Tango reevaluating
2024-10-14 13:37:23.807250 Alpha: No
2024-10-14 13:37:23.807390 Bravo: No
2024-10-14 13:37:23.807506 Charlie: No
2024-10-14 13:37:23.807603 Hotel: No
2024-10-14 13:37:23.807711 Sierra: No
2024-10-14 13:37:23.807801 Tango: No
ChatterBot Romeo reevaluating
ChatterBot Bravo reevaluating
ChatterBot Sierra reevaluating
ChatterBot Tango reevaluating
ChatterBot Alpha reevaluating
ChatterBot Romeo reevaluating
ChatterBot Sierra reevaluating
ChatterBot Tango reevaluating
ChatterBot Alpha reevaluating
ChatterBot Romeo reevaluating
ChatterBot Bravo reevaluating
ChatterBot Sierra reevaluating
ChatterBot Tango reevaluating
ChatterBot Alpha reevaluating
ChatterBot Romeo reevaluating
ChatterBot Bravo reevaluating
ChatterBot Sierra reevaluating
ChatterBot Tango reevaluating
ChatterBot Alpha reevaluating
ChatterBot Romeo reevaluating
ChatterBot Bravo reevaluating
ChatterBot Tango reevaluating
ChatterBot Alpha reevaluating
ChatterBot Romeo reevaluating
ChatterBot Bravo reevaluating
ChatterBot Sierra reevaluating
2024-10-14 13:37:24.050782 Hotel: We should drop November
ChatterBot Alpha reevaluating
ChatterBot Romeo reevaluating
ChatterBot Bravo reevaluating
ChatterBot Sierra reevaluating
ChatterBot Tango reevaluating
2024-10-14 13:37:24.126216 Alpha: Yes
2024-10-14 13:37:24.126849 Romeo: Yes
2024-10-14 13:37:24.128436 Bravo: Yes
2024-10-14 13:37:24.128736 Charlie: Yes
2024-10-14 13:37:24.129964 Sierra: Yes
2024-10-14 13:37:24.130564 Tango: Yes
ChatterBot Romeo reevaluating
ChatterBot Bravo reevaluating
ChatterBot Sierra reevaluating
ChatterBot Tango reevaluating
ChatterBot Alpha reevaluating
ChatterBot Bravo reevaluating
ChatterBot Sierra reevaluating
ChatterBot Tango reevaluating
ChatterBot Alpha reevaluating
ChatterBot Romeo reevaluating
ChatterBot Sierra reevaluating
ChatterBot Tango reevaluating
ChatterBot Alpha reevaluating
ChatterBot Romeo reevaluating
ChatterBot Bravo reevaluating
ChatterBot Sierra reevaluating
ChatterBot Tango reevaluating
ChatterBot Alpha reevaluating
ChatterBot Romeo reevaluating
ChatterBot Bravo reevaluating
ChatterBot Tango reevaluating
ChatterBot Alpha reevaluating
ChatterBot Romeo reevaluating
ChatterBot Bravo reevaluating
ChatterBot Sierra reevaluating
2024-10-14 13:37:24.391098 Bravo: We should drop November and Hotel
ChatterBot Alpha reevaluating
ChatterBot Sierra reevaluating
2024-10-14 13:37:24.457907 Romeo: No
2024-10-14 13:37:24.458131 Alpha: No
2024-10-14 13:37:24.458322 Charlie: No
2024-10-14 13:37:24.458515 Sierra: No
2024-10-14 13:37:24.458701 Tango: Yes
ChatterBot Bravo reevaluating
ChatterBot Alpha reevaluating
ChatterBot Sierra reevaluating
ChatterBot Bravo reevaluating
ChatterBot Sierra reevaluating
ChatterBot Bravo reevaluating
ChatterBot Alpha reevaluating
ChatterBot Sierra reevaluating
ChatterBot Tango reevaluating
ChatterBot Bravo reevaluating
ChatterBot Alpha reevaluating
ChatterBot Tango reevaluating
ChatterBot Bravo reevaluating
ChatterBot Alpha reevaluating
ChatterBot Sierra reevaluating
2024-10-14 13:37:24.664442 Romeo: Delta we want you to join our group
ChatterBot Delta reevaluating
2024-10-14 13:37:24.672217 Delta: No
ChatterBot Alpha reevaluating
ChatterBot Sierra reevaluating
ChatterBot Tango reevaluating
2024-10-14 13:37:24.735116 Delta: Can we be friends?
ChatterBot Kilo reevaluating
ChatterBot Alpha reevaluating
2024-10-14 13:37:24.801379 Kilo: No
2024-10-14 13:37:24.801711 Romeo: No
2024-10-14 13:37:24.801888 Alpha: No
ChatterBot Delta reevaluating
ChatterBot Romeo reevaluating
ChatterBot Alpha reevaluating
ChatterBot Kilo reevaluating
ChatterBot Delta reevaluating
ChatterBot Alpha reevaluating
ChatterBot Kilo reevaluating
ChatterBot Delta reevaluating
ChatterBot Romeo reevaluating
2024-10-14 13:37:24.885012 Romeo: We should group up
ChatterBot Sierra reevaluating
ChatterBot Alpha reevaluating
ChatterBot Tango reevaluating
ChatterBot Delta reevaluating
ChatterBot Kilo reevaluating
2024-10-14 13:37:24.956804 Sierra: Yes
2024-10-14 13:37:24.956998 Alpha: No
2024-10-14 13:37:24.957155 Bravo: No
2024-10-14 13:37:24.957303 Charlie: No
2024-10-14 13:37:24.957468 Hotel: No
2024-10-14 13:37:24.958005 Tango: No
2024-10-14 13:37:24.958165 Delta: No
2024-10-14 13:37:24.958418 Kilo: No
ChatterBot Romeo reevaluating
ChatterBot Alpha reevaluating
ChatterBot Bravo reevaluating
ChatterBot Tango reevaluating
ChatterBot Delta reevaluating
ChatterBot Kilo reevaluating
ChatterBot Sierra reevaluating
ChatterBot Romeo reevaluating
ChatterBot Bravo reevaluating
ChatterBot Tango reevaluating
ChatterBot Delta reevaluating
ChatterBot Kilo reevaluating
ChatterBot Sierra reevaluating
ChatterBot Romeo reevaluating
ChatterBot Alpha reevaluating
ChatterBot Tango reevaluating
ChatterBot Delta reevaluating
ChatterBot Kilo reevaluating
ChatterBot Sierra reevaluating
ChatterBot Romeo reevaluating
ChatterBot Alpha reevaluating
ChatterBot Bravo reevaluating
ChatterBot Tango reevaluating
ChatterBot Delta reevaluating
ChatterBot Kilo reevaluating
ChatterBot Sierra reevaluating
ChatterBot Romeo reevaluating
ChatterBot Alpha reevaluating
ChatterBot Bravo reevaluating
ChatterBot Tango reevaluating
ChatterBot Delta reevaluating
ChatterBot Kilo reevaluating
ChatterBot Sierra reevaluating
ChatterBot Romeo reevaluating
ChatterBot Alpha reevaluating
ChatterBot Bravo reevaluating
ChatterBot Delta reevaluating
ChatterBot Kilo reevaluating
ChatterBot Sierra reevaluating
ChatterBot Romeo reevaluating
ChatterBot Alpha reevaluating
ChatterBot Bravo reevaluating
ChatterBot Tango reevaluating
ChatterBot Kilo reevaluating
ChatterBot Sierra reevaluating
ChatterBot Romeo reevaluating
ChatterBot Alpha reevaluating
ChatterBot Bravo reevaluating
ChatterBot Tango reevaluating
ChatterBot Delta reevaluating
chatterbot Delta submitting transactions
chatterbot Charlie submitting transactions
chatterbot Kilo submitting transactions
chatterbot Hotel submitting transactions
chatterbot November submitting transactions
2024-10-14 13:37:25.552433 Hotel: Bravo and Tango, sending you 1
2024-10-14 13:37:25.553800 Alpha: Kilo we want you to join our group
2024-10-14 13:37:25.559251 Kilo: Yes
ChatterBot Romeo reevaluating
ChatterBot Sierra reevaluating
ChatterBot Tango reevaluating
2024-10-14 13:37:25.605487 Charlie: Bravo, Sierra and Tango, sending you 3
2024-10-14 13:37:25.606250 Hotel: Charlie, Sierra and Alpha, sending you 2
2024-10-14 13:37:25.671309 Kilo: Romeo, sending you 1
2024-10-14 13:37:25.671985 Charlie: Hotel and Romeo, sending you 2
2024-10-14 13:37:25.672802 Hotel: Romeo, sending you 4
2024-10-14 13:37:25.773512 Kilo: Delta, sending you 9
2024-10-14 13:37:25.773911 Delta: Romeo, sending you 2
2024-10-14 13:37:25.774439 Bravo: Charlie, Romeo, Sierra and Alpha, sending you 3
2024-10-14 13:37:25.774787 Alpha: Bravo and Hotel, sending you 2
chatterbot Bravo submitting transactions
2024-10-14 13:37:25.806260 Delta: Kilo, sending you 4
2024-10-14 13:37:25.806703 Bravo: Tango, sending you 4
2024-10-14 13:37:25.807399 Alpha: Romeo and Sierra, sending you 3
2024-10-14 13:37:25.807731 Sierra: Bravo, Charlie, Hotel, Romeo, Delta, Kilo, Alpha and Tango, sending you 2
2024-10-14 13:37:25.808107 Romeo: Bravo, Hotel, Sierra, Kilo and Tango, sending you 1
2024-10-14 13:37:25.833289 Delta: Alpha, sending you 1
2024-10-14 13:37:25.833743 Alpha: Kilo, sending you 1
2024-10-14 13:37:25.834537 Romeo: Charlie, Delta and Alpha, sending you 2
2024-10-14 13:37:25.835041 Tango: Bravo and Alpha, sending you 5
2024-10-14 13:37:25.905309 Tango: Charlie and Sierra, sending you 3
chatterbot Alpha submitting transactions
chatterbot Delta submitting transactions
chatterbot Sierra submitting transactions
chatterbot Kilo submitting transactions
chatterbot Romeo submitting transactions
chatterbot Tango submitting transactions
ChatterBot Bravo round 3
ChatterBot Charlie round 3
ChatterBot Hotel round 3
ChatterBot November round 3
ChatterBot Romeo round 3
ChatterBot Delta round 3
ChatterBot Sierra round 3
ChatterBot Kilo round 3
ChatterBot Alpha round 3
ChatterBot Tango round 3
2024-10-14 13:37:27.025792 Delta: We would work well together
ChatterBot Sierra reevaluating
ChatterBot Romeo reevaluating
ChatterBot Alpha reevaluating
ChatterBot Bravo reevaluating
ChatterBot Charlie reevaluating
ChatterBot Hotel reevaluating
ChatterBot Tango reevaluating
ChatterBot Kilo reevaluating
2024-10-14 13:37:27.100815 Sierra: Yes
2024-10-14 13:37:27.101033 Romeo: Yes
2024-10-14 13:37:27.101196 Alpha: No
2024-10-14 13:37:27.101358 Bravo: No
2024-10-14 13:37:27.101927 Charlie: No
2024-10-14 13:37:27.102091 Hotel: No
2024-10-14 13:37:27.102247 Tango: No
2024-10-14 13:37:27.102460 Kilo: Yes
ChatterBot Romeo reevaluating
ChatterBot Alpha reevaluating
ChatterBot Bravo reevaluating
ChatterBot Charlie reevaluating
ChatterBot Hotel reevaluating
ChatterBot Tango reevaluating
ChatterBot Delta reevaluating
ChatterBot Kilo reevaluating
ChatterBot Sierra reevaluating
ChatterBot Alpha reevaluating
ChatterBot Bravo reevaluating
ChatterBot Charlie reevaluating
ChatterBot Hotel reevaluating
ChatterBot Tango reevaluating
ChatterBot Delta reevaluating
ChatterBot Kilo reevaluating
ChatterBot Sierra reevaluating
ChatterBot Romeo reevaluating
ChatterBot Bravo reevaluating
ChatterBot Charlie reevaluating
ChatterBot Hotel reevaluating
ChatterBot Tango reevaluating
ChatterBot Delta reevaluating
ChatterBot Kilo reevaluating
ChatterBot Sierra reevaluating
ChatterBot Romeo reevaluating
ChatterBot Alpha reevaluating
ChatterBot Charlie reevaluating
ChatterBot Hotel reevaluating
ChatterBot Tango reevaluating
ChatterBot Delta reevaluating
ChatterBot Kilo reevaluating
ChatterBot Sierra reevaluating
ChatterBot Romeo reevaluating
ChatterBot Alpha reevaluating
ChatterBot Bravo reevaluating
ChatterBot Hotel reevaluating
ChatterBot Tango reevaluating
ChatterBot Delta reevaluating
ChatterBot Kilo reevaluating
ChatterBot Sierra reevaluating
ChatterBot Romeo reevaluating
ChatterBot Alpha reevaluating
ChatterBot Bravo reevaluating
ChatterBot Charlie reevaluating
ChatterBot Tango reevaluating
ChatterBot Delta reevaluating
ChatterBot Kilo reevaluating
ChatterBot Sierra reevaluating
ChatterBot Romeo reevaluating
ChatterBot Alpha reevaluating
ChatterBot Bravo reevaluating
ChatterBot Charlie reevaluating
ChatterBot Hotel reevaluating
ChatterBot Delta reevaluating
ChatterBot Kilo reevaluating
ChatterBot Sierra reevaluating
ChatterBot Romeo reevaluating
ChatterBot Alpha reevaluating
ChatterBot Bravo reevaluating
ChatterBot Charlie reevaluating
ChatterBot Hotel reevaluating
ChatterBot Tango reevaluating
ChatterBot Delta reevaluating
2024-10-14 13:37:27.580678 Hotel: Bravo and Tango, sending you 1
2024-10-14 13:37:27.582062 Alpha: Bravo, Hotel, Romeo, Sierra and Tango, sending you 2
2024-10-14 13:37:27.583980 Charlie: Bravo, Sierra and Tango, sending you 3
2024-10-14 13:37:27.584689 Alpha: Kilo, sending you 1
2024-10-14 13:37:27.585678 Kilo: Romeo and Alpha, sending you 1
2024-10-14 13:37:27.586884 Hotel: Charlie, Romeo and Alpha, sending you 3
2024-10-14 13:37:27.587312 Charlie: Hotel and Romeo, sending you 2
2024-10-14 13:37:27.590057 Kilo: Delta, sending you 6
2024-10-14 13:37:27.590681 Hotel: Sierra, sending you 5
2024-10-14 13:37:27.591234 Sierra: Bravo, Charlie, Hotel, Romeo, Delta, Kilo, Alpha and Tango, sending you 2
2024-10-14 13:37:27.592116 Charlie: Alpha, sending you 1
2024-10-14 13:37:27.592503 Delta: Bravo and Hotel, sending you 1
2024-10-14 13:37:27.592967 Romeo: Bravo, Charlie, Hotel, Sierra, Kilo and Tango, sending you 1
2024-10-14 13:37:27.593911 Kilo: Sierra, sending you 3
2024-10-14 13:37:27.594546 Bravo: Charlie, Romeo, Sierra and Alpha, sending you 3
2024-10-14 13:37:27.594984 Tango: Bravo, sending you 5
2024-10-14 13:37:27.595876 Delta: Romeo and Sierra, sending you 2
2024-10-14 13:37:27.596697 Romeo: Delta, sending you 2
2024-10-14 13:37:27.598087 Bravo: Tango, sending you 4
2024-10-14 13:37:27.598700 Tango: Charlie, sending you 4
2024-10-14 13:37:27.600047 Delta: Kilo, sending you 3
2024-10-14 13:37:27.600716 Romeo: Alpha, sending you 3
2024-10-14 13:37:27.602692 Tango: Romeo, sending you 2
2024-10-14 13:37:27.606088 Tango: Sierra and Alpha, sending you 3
chatterbot Alpha submitting transactions
chatterbot Hotel submitting transactions
chatterbot Delta submitting transactions
chatterbot Charlie submitting transactions
chatterbot Sierra submitting transactions
chatterbot Kilo submitting transactions
chatterbot Romeo submitting transactions
chatterbot Tango submitting transactions
chatterbot Bravo submitting transactions
chatterbot November submitting transactions
ChatterBot Bravo round 4
ChatterBot Charlie round 4
ChatterBot Hotel round 4
ChatterBot November round 4
ChatterBot Romeo round 4
ChatterBot Delta round 4
ChatterBot Sierra round 4
ChatterBot Kilo round 4
ChatterBot Alpha round 4
ChatterBot Tango round 4
2024-10-14 13:37:28.639698 Romeo: Bravo, Delta and Alpha, sending you 2
2024-10-14 13:37:28.642680 Charlie: Bravo and Tango, sending you 3
2024-10-14 13:37:28.644678 Bravo: Charlie and Tango, sending you 4
2024-10-14 13:37:28.645808 Romeo: Charlie, Hotel, Sierra, Kilo and Tango, sending you 1
2024-10-14 13:37:28.648123 Charlie: Hotel, Romeo and Sierra, sending you 2
2024-10-14 13:37:28.648692 Hotel: Charlie, Sierra and Alpha, sending you 4
2024-10-14 13:37:28.649066 Bravo: Romeo, sending you 2
2024-10-14 13:37:28.650948 Charlie: Alpha, sending you 1
2024-10-14 13:37:28.651688 Sierra: Bravo, Charlie, Hotel, Romeo, Delta, Kilo, Alpha and Tango, sending you 2
2024-10-14 13:37:28.652215 Bravo: Sierra and Alpha, sending you 3
2024-10-14 13:37:28.652693 Hotel: Romeo, sending you 3
2024-10-14 13:37:28.653686 Delta: Bravo, Charlie and Hotel, sending you 1
2024-10-14 13:37:28.656699 Alpha: Bravo, Hotel, Romeo, Sierra and Tango, sending you 2
2024-10-14 13:37:28.657291 Tango: Bravo, sending you 5
2024-10-14 13:37:28.658040 Delta: Romeo and Sierra, sending you 2
2024-10-14 13:37:28.658670 Hotel: Tango, sending you 1
2024-10-14 13:37:28.659105 Kilo: Romeo, sending you 2
2024-10-14 13:37:28.662018 Alpha: Kilo, sending you 1
2024-10-14 13:37:28.662422 Delta: Kilo, sending you 3
2024-10-14 13:37:28.662952 Tango: Charlie, sending you 4
2024-10-14 13:37:28.664667 Kilo: Delta, sending you 5
2024-10-14 13:37:28.665681 Tango: Romeo, sending you 2
2024-10-14 13:37:28.667674 Kilo: Sierra, sending you 3
2024-10-14 13:37:28.670664 Tango: Sierra and Alpha, sending you 3
2024-10-14 13:37:28.671686 Kilo: Alpha, sending you 1
chatterbot Bravo submitting transactions
chatterbot Hotel submitting transactions
chatterbot Romeo submitting transactions
chatterbot Sierra submitting transactions
chatterbot Alpha submitting transactions
chatterbot Charlie submitting transactions
chatterbot Delta submitting transactions
chatterbot Kilo submitting transactions
chatterbot November submitting transactions
chatterbot Tango submitting transactions
ChatterBot Bravo round 5
ChatterBot Charlie round 5
ChatterBot Hotel round 5
ChatterBot November round 5
ChatterBot Romeo round 5
ChatterBot Delta round 5
2024-10-14 13:37:29.907904 Bravo: We should replace Romeo with Hotel
ChatterBot Tango reevaluating
2024-10-14 13:37:29.927256 Charlie: No
2024-10-14 13:37:29.927423 Sierra: No
2024-10-14 13:37:29.927867 Alpha: No
2024-10-14 13:37:29.928013 Tango: Yes
ChatterBot Tango reevaluating
ChatterBot Tango reevaluating
ChatterBot Tango reevaluating
ChatterBot Bravo reevaluating
ChatterBot Sierra round 5
ChatterBot Kilo round 5
ChatterBot Alpha round 5
ChatterBot Tango round 5
2024-10-14 13:37:30.019729 Tango: We should replace Romeo with Hotel
ChatterBot Bravo reevaluating
2024-10-14 13:37:30.080452 Bravo: Yes
2024-10-14 13:37:30.080807 Charlie: No
2024-10-14 13:37:30.081121 Sierra: No
2024-10-14 13:37:30.081363 Alpha: No
ChatterBot Tango reevaluating
ChatterBot Bravo reevaluating
ChatterBot Tango reevaluating
ChatterBot Bravo reevaluating
ChatterBot Tango reevaluating
ChatterBot Bravo reevaluating
ChatterBot Tango reevaluating
2024-10-14 13:37:30.204990 Hotel: Charlie, Sierra and Alpha, sending you 4
2024-10-14 13:37:30.207794 Tango: Hotel we want you to join our group
2024-10-14 13:37:30.211200 Hotel: Yes
ChatterBot Bravo reevaluating
2024-10-14 13:37:30.225598 Hotel: Romeo, sending you 3
2024-10-14 13:37:30.226039 Charlie: Bravo and Tango, sending you 3
2024-10-14 13:37:30.228665 Delta: Charlie, Alpha and Tango, sending you 1
2024-10-14 13:37:30.230012 Charlie: Hotel, Romeo and Sierra, sending you 2
2024-10-14 13:37:30.230748 Sierra: Bravo, Charlie, Hotel, Romeo, Delta, Kilo, Alpha and Tango, sending you 2
2024-10-14 13:37:30.231520 Alpha: Bravo, Hotel, Romeo, Sierra and Tango, sending you 2
2024-10-14 13:37:30.232095 Hotel: Tango, sending you 1
2024-10-14 13:37:30.233062 Kilo: Romeo, sending you 2
2024-10-14 13:37:30.233677 Romeo: Bravo, sending you 2
2024-10-14 13:37:30.234172 Bravo: Hotel we want you to join our group
2024-10-14 13:37:30.236930 Hotel: Yes
ChatterBot Bravo reevaluating
2024-10-14 13:37:30.249855 Delta: Romeo and Sierra, sending you 2
2024-10-14 13:37:30.250646 Charlie: Alpha, sending you 1
2024-10-14 13:37:30.251400 Alpha: Kilo, sending you 1
2024-10-14 13:37:30.252272 Kilo: Delta, sending you 5
2024-10-14 13:37:30.252926 Romeo: Charlie, Hotel, Delta, Sierra, Kilo and Tango, sending you 1
2024-10-14 13:37:30.253801 Delta: Kilo, sending you 3
2024-10-14 13:37:30.255665 Tango: Bravo, sending you 5
2024-10-14 13:37:30.256764 Kilo: Sierra, sending you 3
2024-10-14 13:37:30.257319 Romeo: Alpha, sending you 3
2024-10-14 13:37:30.260104 Tango: Charlie, sending you 4
chatterbot Charlie submitting transactions
2024-10-14 13:37:30.261701 Kilo: Alpha, sending you 1
2024-10-14 13:37:30.265671 Tango: Hotel, sending you 2
2024-10-14 13:37:30.268689 Tango: Sierra and Alpha, sending you 3
2024-10-14 13:37:30.278694 Bravo: Charlie and Tango, sending you 4
2024-10-14 13:37:30.282679 Bravo: Hotel, sending you 2
2024-10-14 13:37:30.287685 Bravo: Sierra and Alpha, sending you 3
chatterbot Delta submitting transactions
chatterbot Romeo submitting transactions
chatterbot Tango submitting transactions
chatterbot Hotel submitting transactions
chatterbot November submitting transactions
chatterbot Sierra submitting transactions
chatterbot Kilo submitting transactions
chatterbot Alpha submitting transactions
chatterbot Bravo submitting transactions
ChatterBot Bravo round 6
ChatterBot Charlie round 6
ChatterBot Hotel round 6
ChatterBot November round 6
ChatterBot Romeo round 6
ChatterBot Delta round 6
ChatterBot Sierra round 6
ChatterBot Kilo round 6
ChatterBot Alpha round 6
ChatterBot Tango round 6
2024-10-14 13:37:31.552670 Bravo: Charlie and Tango, sending you 4
2024-10-14 13:37:31.557667 Bravo: Hotel, sending you 2
2024-10-14 13:37:31.561663 Kilo: Romeo and Alpha, sending you 2
2024-10-14 13:37:31.563470 Bravo: Sierra and Alpha, sending you 3
2024-10-14 13:37:31.564199 Delta: Charlie, Alpha and Tango, sending you 1
2024-10-14 13:37:31.565780 Hotel: Bravo and Tango, sending you 2
2024-10-14 13:37:31.566857 Kilo: Delta, sending you 4
2024-10-14 13:37:31.568682 Charlie: Bravo, sending you 3
2024-10-14 13:37:31.569883 Delta: Romeo and Sierra, sending you 2
2024-10-14 13:37:31.570686 Sierra: Bravo, Charlie, Hotel, Romeo, Delta, Kilo, Alpha and Tango, sending you 2
2024-10-14 13:37:31.571678 Alpha: Bravo, Hotel, Romeo, Sierra and Tango, sending you 2
2024-10-14 13:37:31.573284 Romeo: Bravo, Charlie, Delta, Kilo and Tango, sending you 1
2024-10-14 13:37:31.575321 Kilo: Sierra, sending you 3
2024-10-14 13:37:31.576524 Hotel: Charlie, Romeo, Sierra and Alpha, sending you 3
2024-10-14 13:37:31.578064 Charlie: Hotel, Romeo, Sierra and Tango, sending you 2
2024-10-14 13:37:31.578542 Tango: Bravo, sending you 5
2024-10-14 13:37:31.578848 Delta: Kilo, sending you 3
2024-10-14 13:37:31.579343 Alpha: Charlie, sending you 1
2024-10-14 13:37:31.580158 Romeo: Hotel, Sierra and Alpha, sending you 2
2024-10-14 13:37:31.581726 Charlie: Alpha, sending you 1
2024-10-14 13:37:31.583025 Tango: Charlie, sending you 4
2024-10-14 13:37:31.586662 Tango: Hotel, sending you 2
2024-10-14 13:37:31.589656 Tango: Sierra and Alpha, sending you 3
chatterbot Charlie submitting transactions
chatterbot November submitting transactions
chatterbot Alpha submitting transactions
chatterbot Kilo submitting transactions
chatterbot Delta submitting transactions
chatterbot Bravo submitting transactions
chatterbot Tango submitting transactions
chatterbot Romeo submitting transactions
chatterbot Sierra submitting transactions
chatterbot Hotel submitting transactions
ChatterBot Bravo round 7
ChatterBot Charlie round 7
ChatterBot Hotel round 7
ChatterBot November round 7
ChatterBot Romeo round 7
ChatterBot Delta round 7
ChatterBot Sierra round 7
ChatterBot Kilo round 7
ChatterBot Alpha round 7
ChatterBot Tango round 7
2024-10-14 13:37:32.466673 Kilo: Romeo, sending you 2
2024-10-14 13:37:32.468660 Charlie: Bravo, sending you 3
2024-10-14 13:37:32.471072 Alpha: Bravo, Hotel, Romeo, Sierra and Tango, sending you 2
2024-10-14 13:37:32.471725 Kilo: Delta, sending you 5
2024-10-14 13:37:32.472699 Charlie: Hotel, Romeo, Sierra and Tango, sending you 2
2024-10-14 13:37:32.474675 Romeo: Bravo, Delta and Kilo, sending you 1
2024-10-14 13:37:32.475662 Hotel: Bravo and Tango, sending you 2
2024-10-14 13:37:32.476662 Alpha: Kilo, sending you 1
2024-10-14 13:37:32.477160 Kilo: Sierra, sending you 3
2024-10-14 13:37:32.477895 November: Romeo, Sierra and Alpha, sending you 1
2024-10-14 13:37:32.478718 Sierra: Bravo, Charlie, Hotel, Romeo, Delta, Kilo, Alpha and Tango, sending you 2
2024-10-14 13:37:32.479382 Bravo: Charlie and Tango, sending you 4
2024-10-14 13:37:32.479775 Charlie: Alpha, sending you 1
2024-10-14 13:37:32.480270 Romeo: Charlie, Hotel, Sierra and Alpha, sending you 2
2024-10-14 13:37:32.481165 Hotel: Charlie, Romeo, Sierra and Alpha, sending you 3
2024-10-14 13:37:32.481678 Tango: Bravo, sending you 5
2024-10-14 13:37:32.482094 Kilo: Alpha, sending you 1
2024-10-14 13:37:32.482717 Delta: Bravo, Alpha and Tango, sending you 1
2024-10-14 13:37:32.484685 Bravo: Hotel, sending you 2
2024-10-14 13:37:32.485216 Tango: Charlie, sending you 4
2024-10-14 13:37:32.487680 Delta: Romeo, sending you 2
2024-10-14 13:37:32.488870 Bravo: Sierra and Alpha, sending you 3
2024-10-14 13:37:32.490957 Tango: Hotel, sending you 2
2024-10-14 13:37:32.493003 Delta: Sierra and Kilo, sending you 3
2024-10-14 13:37:32.493895 Tango: Sierra and Alpha, sending you 3
chatterbot Romeo submitting transactions
chatterbot Bravo submitting transactions
chatterbot Hotel submitting transactions
chatterbot Delta submitting transactions
chatterbot Tango submitting transactions
chatterbot Alpha submitting transactions
chatterbot November submitting transactions
chatterbot Charlie submitting transactions
chatterbot Kilo submitting transactions
chatterbot Sierra submitting transactions
ChatterBot Bravo round 8
ChatterBot Charlie round 8
ChatterBot Hotel round 8
ChatterBot November round 8
ChatterBot Romeo round 8
ChatterBot Delta round 8
ChatterBot Sierra round 8
ChatterBot Kilo round 8
ChatterBot Alpha round 8
ChatterBot Tango round 8
2024-10-14 13:37:33.693894 Alpha: Bravo, Hotel, Romeo, Sierra and Tango, sending you 2
2024-10-14 13:37:33.696695 Sierra: Bravo, Charlie, Hotel, Romeo, Delta, Alpha and Tango, sending you 2
2024-10-14 13:37:33.698665 Bravo: Charlie and Tango, sending you 4
2024-10-14 13:37:33.699752 Romeo: Bravo, Delta and Kilo, sending you 1
2024-10-14 13:37:33.701493 Alpha: Charlie, sending you 1
2024-10-14 13:37:33.702749 Delta: Bravo and Hotel, sending you 1
2024-10-14 13:37:33.703584 Sierra: Kilo, sending you 1
2024-10-14 13:37:33.704997 Charlie: Bravo, sending you 3
2024-10-14 13:37:33.706007 Bravo: Hotel, sending you 2
2024-10-14 13:37:33.706577 Hotel: Bravo and Tango, sending you 2
2024-10-14 13:37:33.707462 Romeo: Charlie, Hotel, Sierra and Alpha, sending you 2
2024-10-14 13:37:33.708896 November: Charlie, Romeo, Sierra and Alpha, sending you 1
2024-10-14 13:37:33.710208 Kilo: Romeo, sending you 2
2024-10-14 13:37:33.711102 Delta: Romeo, sending you 2
2024-10-14 13:37:33.712684 Charlie: Hotel, Romeo, Sierra and Tango, sending you 2
2024-10-14 13:37:33.713246 Bravo: Sierra and Alpha, sending you 3
2024-10-14 13:37:33.714157 Tango: Bravo, sending you 5
2024-10-14 13:37:33.714605 Hotel: Charlie, Romeo, Sierra and Alpha, sending you 3
2024-10-14 13:37:33.715903 Kilo: Delta, sending you 5
2024-10-14 13:37:33.716729 Charlie: Alpha, sending you 1
2024-10-14 13:37:33.717647 Delta: Sierra and Kilo, sending you 3
2024-10-14 13:37:33.718401 Tango: Charlie, Sierra and Alpha, sending you 3
2024-10-14 13:37:33.719696 Kilo: Sierra, sending you 3
2024-10-14 13:37:33.721702 Tango: Hotel, sending you 2
2024-10-14 13:37:33.725688 Kilo: Alpha, sending you 1
chatterbot Delta submitting transactions
chatterbot Tango submitting transactions
chatterbot Romeo submitting transactions
chatterbot Kilo submitting transactions
chatterbot Alpha submitting transactions
chatterbot Hotel submitting transactions
chatterbot Bravo submitting transactions
chatterbot Sierra submitting transactions
chatterbot November submitting transactions
chatterbot Charlie submitting transactions
ChatterBot Bravo round 9
ChatterBot Charlie round 9
ChatterBot Hotel round 9
ChatterBot November round 9
ChatterBot Romeo round 9
ChatterBot Delta round 9
ChatterBot Sierra round 9
ChatterBot Kilo round 9
ChatterBot Alpha round 9
ChatterBot Tango round 9
2024-10-14 13:37:35.046239 Alpha: We should drop Kilo
ChatterBot Romeo reevaluating
2024-10-14 13:37:35.080416 Romeo: Yes
2024-10-14 13:37:35.080861 Bravo: Yes
2024-10-14 13:37:35.081208 Charlie: Yes
2024-10-14 13:37:35.082016 Hotel: Yes
2024-10-14 13:37:35.082330 Sierra: No
2024-10-14 13:37:35.082780 Tango: Yes
ChatterBot Romeo reevaluating
ChatterBot Romeo reevaluating
ChatterBot Sierra reevaluating
ChatterBot Romeo reevaluating
ChatterBot Sierra reevaluating
ChatterBot Romeo reevaluating
ChatterBot Romeo reevaluating
ChatterBot Sierra reevaluating
2024-10-14 13:37:35.226911 Delta: Hotel, sending you 1
2024-10-14 13:37:35.228110 Hotel: Bravo and Tango, sending you 2
2024-10-14 13:37:35.229375 Bravo: Charlie and Tango, sending you 4
2024-10-14 13:37:35.230245 Sierra: We should drop Delta and Kilo
ChatterBot Romeo reevaluating
2024-10-14 13:37:35.258806 Alpha: Yes
2024-10-14 13:37:35.259013 Romeo: Yes
2024-10-14 13:37:35.259524 Bravo: Yes
2024-10-14 13:37:35.259689 Charlie: Yes
2024-10-14 13:37:35.259861 Hotel: Yes
2024-10-14 13:37:35.260021 Tango: Yes
ChatterBot Romeo reevaluating
ChatterBot Sierra reevaluating
ChatterBot Sierra reevaluating
ChatterBot Romeo reevaluating
ChatterBot Sierra reevaluating
ChatterBot Romeo reevaluating
ChatterBot Sierra reevaluating
ChatterBot Romeo reevaluating
ChatterBot Sierra reevaluating
ChatterBot Romeo reevaluating
ChatterBot Sierra reevaluating
2024-10-14 13:37:35.405240 Hotel: Charlie, Romeo, Sierra and Alpha, sending you 3
2024-10-14 13:37:35.406314 Delta: Romeo, Sierra and Kilo, sending you 3
2024-10-14 13:37:35.406961 Bravo: Hotel, sending you 2
chatterbot Delta submitting transactions
2024-10-14 13:37:35.407687 Charlie: Bravo, sending you 3
2024-10-14 13:37:35.408460 November: Bravo, Charlie, Romeo, Sierra and Alpha, sending you 1
2024-10-14 13:37:35.409989 Alpha: Bravo, Hotel, Romeo, Sierra and Tango, sending you 2
2024-10-14 13:37:35.410965 Kilo: Romeo, sending you 2
2024-10-14 13:37:35.412065 Bravo: Sierra and Alpha, sending you 3
2024-10-14 13:37:35.413132 Tango: Bravo, sending you 5
2024-10-14 13:37:35.413582 Charlie: Hotel, Romeo, Sierra and Tango, sending you 2
2024-10-14 13:37:35.414671 Alpha: Charlie, sending you 1
2024-10-14 13:37:35.416149 Kilo: Delta, sending you 5
2024-10-14 13:37:35.417740 Tango: Charlie, Hotel, Sierra and Alpha, sending you 3
2024-10-14 13:37:35.419053 Charlie: Alpha, sending you 1
2024-10-14 13:37:35.421702 Kilo: Sierra, sending you 3
2024-10-14 13:37:35.426920 Kilo: Alpha, sending you 1
2024-10-14 13:37:35.437677 Sierra: Bravo, Charlie, Hotel, Alpha and Tango, sending you 2
chatterbot Bravo submitting transactions
2024-10-14 13:37:35.442665 Sierra: Romeo, sending you 1
2024-10-14 13:37:35.444803 Romeo: Bravo and Tango, sending you 1
2024-10-14 13:37:35.450676 Romeo: Charlie, Hotel and Sierra, sending you 2
2024-10-14 13:37:35.455986 Romeo: Alpha, sending you 3
chatterbot Hotel submitting transactions
chatterbot November submitting transactions
chatterbot Charlie submitting transactions
chatterbot Alpha submitting transactions
chatterbot Romeo submitting transactions
chatterbot Kilo submitting transactions
chatterbot Tango submitting transactions
chatterbot Sierra submitting transactions
ChatterBot Bravo round 10
ChatterBot Charlie round 10
ChatterBot Hotel round 10
ChatterBot November round 10
ChatterBot Romeo round 10
ChatterBot Delta round 10
ChatterBot Sierra round 10
ChatterBot Kilo round 10
ChatterBot Alpha round 10
ChatterBot Tango round 10
2024-10-14 13:37:36.583989 November: Group up?
2024-10-14 13:37:36.597003 Kilo: No
2024-10-14 13:37:36.597206 Delta: No
ChatterBot November reevaluating
ChatterBot November reevaluating
2024-10-14 13:37:36.640688 Charlie: Bravo, sending you 3
2024-10-14 13:37:36.645688 Charlie: Hotel, Romeo, Sierra and Tango, sending you 2
2024-10-14 13:37:36.647864 Hotel: Bravo and Tango, sending you 2
2024-10-14 13:37:36.649188 November: Sending you each 1
2024-10-14 13:37:36.649804 Kilo: Romeo, sending you 2
2024-10-14 13:37:36.653061 Charlie: Alpha, sending you 1
2024-10-14 13:37:36.654900 Hotel: Charlie, Romeo, Sierra and Alpha, sending you 3
2024-10-14 13:37:36.655857 Kilo: Delta, sending you 5
2024-10-14 13:37:36.657560 Bravo: Charlie and Tango, sending you 4
2024-10-14 13:37:36.658818 Delta: Romeo, sending you 4
2024-10-14 13:37:36.659284 Sierra: Bravo, Charlie, Hotel, Alpha and Tango, sending you 2
2024-10-14 13:37:36.661174 Kilo: Sierra, sending you 3
2024-10-14 13:37:36.663516 Bravo: Hotel, sending you 2
2024-10-14 13:37:36.664554 Delta: Kilo, sending you 3
2024-10-14 13:37:36.665349 Romeo: Bravo and Tango, sending you 1
2024-10-14 13:37:36.666582 Tango: Bravo, sending you 5
2024-10-14 13:37:36.668233 Alpha: Bravo, Hotel, Romeo, Sierra and Tango, sending you 2
2024-10-14 13:37:36.670353 Sierra: Romeo, sending you 1
2024-10-14 13:37:36.672115 Kilo: Alpha, sending you 1
2024-10-14 13:37:36.675153 Bravo: Sierra and Alpha, sending you 3
2024-10-14 13:37:36.677296 Romeo: Charlie, Hotel and Sierra, sending you 2
2024-10-14 13:37:36.679989 Tango: Charlie, Hotel, Sierra and Alpha, sending you 3
2024-10-14 13:37:36.681997 Alpha: Charlie, sending you 1
2024-10-14 13:37:36.684681 Romeo: Alpha, sending you 3
chatterbot Charlie submitting transactions
chatterbot Bravo submitting transactions
chatterbot Romeo submitting transactions
chatterbot Kilo submitting transactions
chatterbot Sierra submitting transactions
chatterbot Tango submitting transactions
chatterbot Delta submitting transactions
chatterbot Alpha submitting transactions
chatterbot November submitting transactions
chatterbot Hotel submitting transactions
ChatterBot Bravo round 11
ChatterBot Charlie round 11
ChatterBot Hotel round 11
ChatterBot November round 11
ChatterBot Romeo round 11
ChatterBot Delta round 11
ChatterBot Sierra round 11
ChatterBot Kilo round 11
ChatterBot Alpha round 11
ChatterBot Tango round 11
2024-10-14 13:37:37.781686 Hotel: Bravo and Tango, sending you 2
2024-10-14 13:37:37.784027 Charlie: Bravo, Hotel, Romeo, Sierra and Tango, sending you 2
2024-10-14 13:37:37.785904 Romeo: Bravo and Tango, sending you 1
2024-10-14 13:37:37.786735 Hotel: Charlie, Romeo, Sierra and Alpha, sending you 3
2024-10-14 13:37:37.789740 Charlie: Alpha, sending you 1
2024-10-14 13:37:37.790937 Romeo: Charlie, Hotel and Sierra, sending you 2
2024-10-14 13:37:37.792250 Delta: Romeo, sending you 4
2024-10-14 13:37:37.792821 Alpha: Bravo, Hotel, Romeo, Sierra and Tango, sending you 2
2024-10-14 13:37:37.794253 Tango: Bravo, sending you 5
2024-10-14 13:37:37.795675 Romeo: Alpha, sending you 3
2024-10-14 13:37:37.797275 Delta: Kilo, sending you 3
2024-10-14 13:37:37.797591 Bravo: Charlie and Tango, sending you 4
2024-10-14 13:37:37.798165 Alpha: Charlie, sending you 1
2024-10-14 13:37:37.799418 Tango: Charlie, Hotel, Sierra and Alpha, sending you 3
2024-10-14 13:37:37.799943 Sierra: Bravo, Charlie, Hotel, Alpha and Tango, sending you 2
2024-10-14 13:37:37.801268 Kilo: Romeo, sending you 2
2024-10-14 13:37:37.802250 Bravo: Hotel, Sierra and Alpha, sending you 3
