ChatterBot Charlie round 1
ChatterBot Quebec round 1
ChatterBot Juliett round 1
ChatterBot Lima round 1
ChatterBot Yankee round 1
ChatterBot Hotel round 1
ChatterBot Victor round 1
ChatterBot Sierra round 1
ChatterBot Oscar round 1
ChatterBot X-ray round 1
randomSelections Quebec: {Quebec, Charlie, Juliett, Lima, Sierra, Hotel} 
2024-10-14 13:37:20.487142 Quebec: Group up?
ChatterBot Charlie reevaluating
ChatterBot Juliett reevaluating
ChatterBot Lima reevaluating
ChatterBot Sierra reevaluating
ChatterBot Hotel reevaluating
2024-10-14 13:37:20.506751 Charlie: Yes
2024-10-14 13:37:20.506965 Juliett: Yes
2024-10-14 13:37:20.507117 Lima: Yes
2024-10-14 13:37:20.507267 Sierra: Yes
2024-10-14 13:37:20.507439 Hotel: Yes
ChatterBot Juliett reevaluating
ChatterBot Lima reevaluating
ChatterBot Sierra reevaluating
ChatterBot Hotel reevaluating
ChatterBot Charlie reevaluating
ChatterBot Lima reevaluating
ChatterBot Sierra reevaluating
ChatterBot Hotel reevaluating
ChatterBot Charlie reevaluating
ChatterBot Juliett reevaluating
ChatterBot Sierra reevaluating
ChatterBot Hotel reevaluating
ChatterBot Charlie reevaluating
ChatterBot Juliett reevaluating
ChatterBot Lima reevaluating
ChatterBot Hotel reevaluating
ChatterBot Charlie reevaluating
ChatterBot Juliett reevaluating
ChatterBot Lima reevaluating
ChatterBot Sierra reevaluating
randomSelections Victor: {Victor, X-ray, Juliett, Quebec, Oscar, Sierra} 
2024-10-14 13:37:20.581118 Victor: Friends?
ChatterBot X-ray reevaluating
ChatterBot Juliett reevaluating
ChatterBot Oscar reevaluating
ChatterBot Sierra reevaluating
2024-10-14 13:37:20.595772 X-ray: Yes
2024-10-14 13:37:20.595923 Juliett: No
2024-10-14 13:37:20.596077 Quebec: No
2024-10-14 13:37:20.596256 Oscar: Yes
2024-10-14 13:37:20.596387 Sierra: No
ChatterBot Juliett reevaluating
ChatterBot Oscar reevaluating
ChatterBot Sierra reevaluating
ChatterBot X-ray reevaluating
ChatterBot Oscar reevaluating
ChatterBot Sierra reevaluating
ChatterBot X-ray reevaluating
ChatterBot Juliett reevaluating
ChatterBot Oscar reevaluating
ChatterBot Sierra reevaluating
ChatterBot X-ray reevaluating
ChatterBot Juliett reevaluating
ChatterBot Sierra reevaluating
ChatterBot X-ray reevaluating
ChatterBot Juliett reevaluating
ChatterBot Oscar reevaluating
randomSelections Yankee: {Yankee, X-ray, Oscar, Sierra, Quebec, Charlie, Hotel, Juliett} 
2024-10-14 13:37:20.665546 Yankee: We should group up
ChatterBot X-ray reevaluating
ChatterBot Oscar reevaluating
ChatterBot Sierra reevaluating
ChatterBot Charlie reevaluating
ChatterBot Hotel reevaluating
ChatterBot Juliett reevaluating
2024-10-14 13:37:20.679294 X-ray: No
2024-10-14 13:37:20.679428 Oscar: No
2024-10-14 13:37:20.679540 Sierra: No
2024-10-14 13:37:20.679656 Quebec: No
2024-10-14 13:37:20.680222 Charlie: No
2024-10-14 13:37:20.680322 Hotel: No
2024-10-14 13:37:20.680413 Juliett: No
ChatterBot Oscar reevaluating
ChatterBot Sierra reevaluating
ChatterBot Charlie reevaluating
ChatterBot Hotel reevaluating
ChatterBot Juliett reevaluating
ChatterBot X-ray reevaluating
ChatterBot Sierra reevaluating
ChatterBot Charlie reevaluating
ChatterBot Hotel reevaluating
ChatterBot Juliett reevaluating
ChatterBot X-ray reevaluating
ChatterBot Oscar reevaluating
ChatterBot Charlie reevaluating
ChatterBot Hotel reevaluating
ChatterBot Juliett reevaluating
ChatterBot X-ray reevaluating
ChatterBot Oscar reevaluating
ChatterBot Sierra reevaluating
ChatterBot Charlie reevaluating
ChatterBot Hotel reevaluating
ChatterBot Juliett reevaluating
ChatterBot X-ray reevaluating
ChatterBot Oscar reevaluating
ChatterBot Sierra reevaluating
ChatterBot Hotel reevaluating
ChatterBot Juliett reevaluating
ChatterBot X-ray reevaluating
ChatterBot Oscar reevaluating
ChatterBot Sierra reevaluating
ChatterBot Charlie reevaluating
ChatterBot Juliett reevaluating
ChatterBot X-ray reevaluating
ChatterBot Oscar reevaluating
ChatterBot Sierra reevaluating
ChatterBot Charlie reevaluating
ChatterBot Hotel reevaluating
2024-10-14 13:37:20.782142 Juliett: Charlie and Sierra, sending you 4
2024-10-14 13:37:20.783127 Victor: Quebec and Juliett, sending you 1
2024-10-14 13:37:20.784712 Oscar: Quebec, sending you 4
2024-10-14 13:37:20.785688 Charlie: Quebec, sending you 3
2024-10-14 13:37:20.786744 Yankee: Quebec and Sierra, sending you 3
2024-10-14 13:37:20.787168 Lima: Charlie and Quebec, sending you 2
2024-10-14 13:37:20.787470 Sierra: Charlie, Quebec and Lima, sending you 2
2024-10-14 13:37:20.788373 Juliett: Quebec, sending you 1
2024-10-14 13:37:20.788729 Victor: Sierra, sending you 2
2024-10-14 13:37:20.789080 X-ray: Quebec and Victor, sending you 1
2024-10-14 13:37:20.789420 Hotel: Quebec, sending you 2
2024-10-14 13:37:20.790591 Oscar: Juliett and Sierra, sending you 1
2024-10-14 13:37:20.791063 Quebec: Charlie and Juliett, sending you 3
2024-10-14 13:37:20.792448 Yankee: Hotel, sending you 2
2024-10-14 13:37:20.792811 Charlie: Juliett, sending you 1
2024-10-14 13:37:20.793129 Lima: Juliett, sending you 1
2024-10-14 13:37:20.793414 Sierra: Juliett, sending you 1
2024-10-14 13:37:20.794474 Juliett: Lima and Hotel, sending you 2
2024-10-14 13:37:20.794895 Victor: Oscar, sending you 4
2024-10-14 13:37:20.795387 X-ray: Juliett, Sierra and Oscar, sending you 3
2024-10-14 13:37:20.796707 Hotel: Juliett, Lima and Sierra, sending you 1
2024-10-14 13:37:20.797096 Oscar: Victor, sending you 5
2024-10-14 13:37:20.798396 Quebec: Lima, sending you 1
2024-10-14 13:37:20.798844 Charlie: Hotel, sending you 2
2024-10-14 13:37:20.799144 Lima: Hotel, sending you 5
2024-10-14 13:37:20.799905 Yankee: Oscar and X-ray, sending you 1
2024-10-14 13:37:20.800273 Sierra: Hotel, sending you 3
2024-10-14 13:37:20.800640 Victor: X-ray, sending you 3
2024-10-14 13:37:20.802014 Charlie: Sierra, sending you 4
2024-10-14 13:37:20.802485 Lima: Sierra, sending you 3
2024-10-14 13:37:20.804099 Quebec: Hotel and Sierra, sending you 5
chatterbot Victor submitting transactions
chatterbot Sierra submitting transactions
chatterbot Oscar submitting transactions
chatterbot Yankee submitting transactions
chatterbot Juliett submitting transactions
chatterbot Quebec submitting transactions
chatterbot Charlie submitting transactions
chatterbot X-ray submitting transactions
chatterbot Hotel submitting transactions
chatterbot Lima submitting transactions
ChatterBot Charlie round 2
ChatterBot Quebec round 2
ChatterBot Juliett round 2
ChatterBot Lima round 2
ChatterBot Yankee round 2
ChatterBot Hotel round 2
ChatterBot Victor round 2
ChatterBot Sierra round 2
2024-10-14 13:37:24.588264 Juliett: We should add X-ray
ChatterBot Quebec reevaluating
ChatterBot Charlie reevaluating
ChatterBot Sierra reevaluating
ChatterBot Hotel reevaluating
2024-10-14 13:37:24.622880 Quebec: Yes
2024-10-14 13:37:24.623181 Charlie: Yes
2024-10-14 13:37:24.623399 Lima: Yes
2024-10-14 13:37:24.623637 Sierra: Yes
2024-10-14 13:37:24.624124 Hotel: Yes
ChatterBot Charlie reevaluating
ChatterBot Lima reevaluating
ChatterBot Sierra reevaluating
ChatterBot Hotel reevaluating
ChatterBot Quebec reevaluating
ChatterBot Lima reevaluating
ChatterBot Sierra reevaluating
ChatterBot Hotel reevaluating
ChatterBot Quebec reevaluating
ChatterBot Charlie reevaluating
ChatterBot Sierra reevaluating
ChatterBot Hotel reevaluating
ChatterBot Quebec reevaluating
ChatterBot Charlie reevaluating
ChatterBot Lima reevaluating
ChatterBot Hotel reevaluating
ChatterBot Quebec reevaluating
ChatterBot Charlie reevaluating
ChatterBot Lima reevaluating
ChatterBot Sierra reevaluating
ChatterBot Oscar round 2
ChatterBot X-ray round 2
2024-10-14 13:37:24.827456 Charlie: We should add Yankee
ChatterBot Quebec reevaluating
ChatterBot Lima reevaluating
ChatterBot Sierra reevaluating
ChatterBot Hotel reevaluating
2024-10-14 13:37:24.863183 Quebec: Yes
2024-10-14 13:37:24.863377 Juliett: No
2024-10-14 13:37:24.864015 Lima: No
2024-10-14 13:37:24.864164 Sierra: Yes
2024-10-14 13:37:24.864308 Hotel: Yes
ChatterBot Charlie reevaluating
ChatterBot Lima reevaluating
ChatterBot Sierra reevaluating
ChatterBot Hotel reevaluating
ChatterBot Quebec reevaluating
ChatterBot Charlie reevaluating
ChatterBot Lima reevaluating
ChatterBot Sierra reevaluating
ChatterBot Hotel reevaluating
ChatterBot Quebec reevaluating
ChatterBot Charlie reevaluating
ChatterBot Sierra reevaluating
ChatterBot Hotel reevaluating
ChatterBot Quebec reevaluating
ChatterBot Charlie reevaluating
ChatterBot Lima reevaluating
ChatterBot Hotel reevaluating
ChatterBot Quebec reevaluating
ChatterBot Charlie reevaluating
ChatterBot Lima reevaluating
ChatterBot Sierra reevaluating
2024-10-14 13:37:24.987549 Victor: Group up?
ChatterBot Oscar reevaluating
ChatterBot X-ray reevaluating
2024-10-14 13:37:25.005749 Oscar: Yes
2024-10-14 13:37:25.005942 X-ray: Yes
2024-10-14 13:37:25.006100 Yankee: No
ChatterBot X-ray reevaluating
ChatterBot Yankee reevaluating
ChatterBot Oscar reevaluating
ChatterBot Yankee reevaluating
ChatterBot Oscar reevaluating
ChatterBot X-ray reevaluating
2024-10-14 13:37:25.068709 Juliett: X-ray we want you to join our group
ChatterBot X-ray reevaluating
2024-10-14 13:37:25.075394 X-ray: No
ChatterBot Charlie reevaluating
ChatterBot Quebec reevaluating
ChatterBot Lima reevaluating
ChatterBot Hotel reevaluating
ChatterBot Sierra reevaluating
2024-10-14 13:37:25.166455 Quebec: Yankee we want you to join our group
2024-10-14 13:37:25.171001 Yankee: No
ChatterBot Quebec reevaluating
ChatterBot Lima reevaluating
2024-10-14 13:37:25.195756 Sierra: Yankee we want you to join our group
2024-10-14 13:37:25.200715 Yankee: No
ChatterBot Lima reevaluating
ChatterBot Sierra reevaluating
2024-10-14 13:37:25.239677 Charlie: Yankee we want you to join our group
2024-10-14 13:37:25.246250 Yankee: No
ChatterBot Lima reevaluating
ChatterBot Hotel reevaluating
2024-10-14 13:37:25.286156 Sierra: X-ray we want you to join our group
2024-10-14 13:37:25.292875 X-ray: No
ChatterBot Lima reevaluating
ChatterBot Hotel reevaluating
2024-10-14 13:37:25.331476 Juliett: Charlie, Lima, Hotel and Sierra, sending you 2
2024-10-14 13:37:25.332384 Victor: Yankee, sending you 2
chatterbot Juliett submitting transactions
2024-10-14 13:37:25.332834 Yankee: Sending you each 3
2024-10-14 13:37:25.434160 X-ray: Yankee and Victor, sending you 3
2024-10-14 13:37:25.434510 Juliett: Quebec and X-ray, sending you 3
2024-10-14 13:37:25.435374 Oscar: Yankee, sending you 2
2024-10-14 13:37:25.435606 Victor: Oscar, sending you 6
2024-10-14 13:37:25.436087 Lima: We should drop Charlie
ChatterBot Hotel reevaluating
2024-10-14 13:37:25.450451 Quebec: No
2024-10-14 13:37:25.450608 Juliett: No
2024-10-14 13:37:25.450720 Hotel: No
2024-10-14 13:37:25.450823 Sierra: No
ChatterBot Lima reevaluating
ChatterBot Hotel reevaluating
ChatterBot Sierra reevaluating
ChatterBot Lima reevaluating
ChatterBot Hotel reevaluating
ChatterBot Sierra reevaluating
ChatterBot Lima reevaluating
ChatterBot Sierra reevaluating
ChatterBot Lima reevaluating
ChatterBot Hotel reevaluating
chatterbot Victor submitting transactions
2024-10-14 13:37:25.592073 X-ray: Oscar, sending you 2
2024-10-14 13:37:25.593316 Oscar: Victor, sending you 5
2024-10-14 13:37:25.593694 Victor: X-ray, sending you 3
2024-10-14 13:37:25.594684 Charlie: Quebec, sending you 4
2024-10-14 13:37:25.662849 Lima: We should drop Hotel
ChatterBot Charlie reevaluating
ChatterBot Sierra reevaluating
2024-10-14 13:37:25.678207 Charlie: No
2024-10-14 13:37:25.678348 Quebec: No
2024-10-14 13:37:25.678459 Juliett: No
2024-10-14 13:37:25.678570 Sierra: No
ChatterBot Lima reevaluating
ChatterBot Sierra reevaluating
ChatterBot Lima reevaluating
ChatterBot Charlie reevaluating
ChatterBot Sierra reevaluating
ChatterBot Lima reevaluating
ChatterBot Charlie reevaluating
ChatterBot Sierra reevaluating
ChatterBot Lima reevaluating
ChatterBot Charlie reevaluating
2024-10-14 13:37:25.743523 Quebec: Charlie, Lima, Yankee, Hotel and Sierra, sending you 3
2024-10-14 13:37:25.744029 Oscar: X-ray, sending you 4
2024-10-14 13:37:25.744905 Hotel: Yankee we want you to join our group
ChatterBot Yankee reevaluating
2024-10-14 13:37:25.748863 Yankee: No
ChatterBot Charlie reevaluating
ChatterBot Lima reevaluating
ChatterBot Sierra reevaluating
2024-10-14 13:37:25.772315 Quebec: Juliett, sending you 2
chatterbot Oscar submitting transactions
2024-10-14 13:37:25.831176 Hotel: Charlie, Juliett, Yankee and Sierra, sending you 1
2024-10-14 13:37:25.831752 Yankee: Sorry, I'm actually sending you 0
2024-10-14 13:37:25.832025 Yankee: Sorry, I'm actually sending you 0
2024-10-14 13:37:25.832233 Yankee: Sorry, I'm actually sending you 0
2024-10-14 13:37:25.904998 Hotel: Quebec and Lima, sending you 2
2024-10-14 13:37:25.952686 Lima: Quebec and Hotel, sending you 3
2024-10-14 13:37:25.953014 Sierra: Charlie, Quebec, Juliett, Lima and Yankee, sending you 2
chatterbot Charlie submitting transactions
2024-10-14 13:37:25.996210 Lima: Juliett and Sierra, sending you 5
chatterbot Yankee submitting transactions
chatterbot Lima submitting transactions
chatterbot Sierra submitting transactions
chatterbot Quebec submitting transactions
chatterbot X-ray submitting transactions
chatterbot Hotel submitting transactions
ChatterBot Charlie round 3
ChatterBot Quebec round 3
ChatterBot Juliett round 3
ChatterBot Lima round 3
ChatterBot Yankee round 3
ChatterBot Hotel round 3
ChatterBot Victor round 3
ChatterBot Sierra round 3
2024-10-14 13:37:26.609551 Juliett: We should replace X-ray with Yankee
ChatterBot Charlie reevaluating
ChatterBot Lima reevaluating
2024-10-14 13:37:26.656808 Quebec: Yes
2024-10-14 13:37:26.657027 Charlie: Yes
2024-10-14 13:37:26.657247 Lima: No
2024-10-14 13:37:26.657484 Sierra: Yes
2024-10-14 13:37:26.657673 Hotel: Yes
ChatterBot Charlie reevaluating
ChatterBot Lima reevaluating
ChatterBot Lima reevaluating
ChatterBot Charlie reevaluating
ChatterBot Charlie reevaluating
ChatterBot Lima reevaluating
ChatterBot Charlie reevaluating
ChatterBot Lima reevaluating
ChatterBot Oscar round 3
ChatterBot X-ray round 3
2024-10-14 13:37:26.777403 Juliett: Yankee we want you to join our group
2024-10-14 13:37:26.782718 Yankee: No
ChatterBot Charlie reevaluating
ChatterBot Lima reevaluating
ChatterBot Hotel reevaluating
2024-10-14 13:37:26.814621 Lima: We should replace Hotel with Charlie
2024-10-14 13:37:26.823920 Quebec: No
2024-10-14 13:37:26.824109 Juliett: No
2024-10-14 13:37:26.824224 Sierra: No
ChatterBot Lima reevaluating
ChatterBot Lima reevaluating
ChatterBot Lima reevaluating
chatterbot Charlie submitting transactions
2024-10-14 13:37:26.862995 Hotel: We should drop Yankee
ChatterBot Lima reevaluating
2024-10-14 13:37:26.883398 Quebec: No
2024-10-14 13:37:26.884173 Charlie: No
2024-10-14 13:37:26.884417 Juliett: No
2024-10-14 13:37:26.884635 Lima: Yes
2024-10-14 13:37:26.884818 Sierra: No
ChatterBot Juliett reevaluating
ChatterBot Lima reevaluating
ChatterBot Hotel reevaluating
ChatterBot Juliett reevaluating
ChatterBot Lima reevaluating
ChatterBot Hotel reevaluating
ChatterBot Lima reevaluating
ChatterBot Hotel reevaluating
ChatterBot Charlie reevaluating
ChatterBot Juliett reevaluating
ChatterBot Hotel reevaluating
ChatterBot Charlie reevaluating
ChatterBot Juliett reevaluating
ChatterBot Lima reevaluating
ChatterBot Hotel reevaluating
chatterbot Yankee submitting transactions
2024-10-14 13:37:27.046715 Victor: Yankee, sending you 2
2024-10-14 13:37:27.047815 Sierra: Charlie, Quebec, Juliett and Lima, sending you 2
2024-10-14 13:37:27.049915 Quebec: Charlie, sending you 4
2024-10-14 13:37:27.050662 Lima: Charlie we want you to join our group
ChatterBot Charlie reevaluating
2024-10-14 13:37:27.055749 Charlie: Yes
ChatterBot Juliett reevaluating
2024-10-14 13:37:27.069571 Yankee: Sending you each 3
2024-10-14 13:37:27.070509 Victor: Oscar, sending you 6
2024-10-14 13:37:27.071506 Sierra: Yankee and Hotel, sending you 1
2024-10-14 13:37:27.072261 Quebec: Juliett, Lima, Hotel and Sierra, sending you 3
2024-10-14 13:37:27.073785 Oscar: Yankee, sending you 2
2024-10-14 13:37:27.074142 X-ray: Yankee, Victor and Oscar, sending you 3
2024-10-14 13:37:27.074824 Juliett: We should drop X-ray
ChatterBot Charlie reevaluating
ChatterBot Hotel reevaluating
2024-10-14 13:37:27.093704 Quebec: Yes
2024-10-14 13:37:27.093903 Charlie: Yes
2024-10-14 13:37:27.094091 Lima: Yes
2024-10-14 13:37:27.094280 Sierra: Yes
2024-10-14 13:37:27.094429 Hotel: Yes
ChatterBot Charlie reevaluating
ChatterBot Hotel reevaluating
ChatterBot Juliett reevaluating
ChatterBot Hotel reevaluating
ChatterBot Charlie reevaluating
ChatterBot Juliett reevaluating
ChatterBot Hotel reevaluating
ChatterBot Charlie reevaluating
ChatterBot Juliett reevaluating
ChatterBot Hotel reevaluating
ChatterBot Charlie reevaluating
ChatterBot Juliett reevaluating
2024-10-14 13:37:27.180508 Victor: X-ray, sending you 3
2024-10-14 13:37:27.180865 Quebec: Yankee, sending you 1
2024-10-14 13:37:27.181519 Oscar: Victor, sending you 6
2024-10-14 13:37:27.186858 Oscar: X-ray, sending you 3
2024-10-14 13:37:27.187180 Lima: Charlie, Quebec and Juliett, sending you 4
2024-10-14 13:37:27.190687 Lima: Sierra, sending you 5
2024-10-14 13:37:27.203674 Hotel: Charlie, Juliett, Yankee and Sierra, sending you 1
2024-10-14 13:37:27.206663 Hotel: Quebec and Lima, sending you 2
2024-10-14 13:37:27.215667 Juliett: Charlie, Quebec, Lima and Sierra, sending you 3
2024-10-14 13:37:27.219669 Juliett: Hotel, sending you 2
chatterbot Victor submitting transactions
chatterbot X-ray submitting transactions
chatterbot Sierra submitting transactions
chatterbot Hotel submitting transactions
chatterbot Charlie submitting transactions
chatterbot Quebec submitting transactions
chatterbot Yankee submitting transactions
chatterbot Juliett submitting transactions
chatterbot Oscar submitting transactions
chatterbot Lima submitting transactions
ChatterBot Charlie round 4
ChatterBot Quebec round 4
ChatterBot Juliett round 4
ChatterBot Lima round 4
ChatterBot Yankee round 4
ChatterBot Hotel round 4
ChatterBot Victor round 4
ChatterBot Sierra round 4
ChatterBot Oscar round 4
ChatterBot X-ray round 4
2024-10-14 13:37:28.308319 Victor: We should add Hotel
ChatterBot Oscar reevaluating
ChatterBot X-ray reevaluating
2024-10-14 13:37:28.318440 Oscar: No
2024-10-14 13:37:28.318646 X-ray: No
2024-10-14 13:37:28.318796 Yankee: No
ChatterBot Victor reevaluating
ChatterBot X-ray reevaluating
ChatterBot Victor reevaluating
ChatterBot Oscar reevaluating
ChatterBot Victor reevaluating
ChatterBot Oscar reevaluating
ChatterBot X-ray reevaluating
2024-10-14 13:37:28.359941 Hotel: We should drop Yankee
ChatterBot Quebec reevaluating
ChatterBot Charlie reevaluating
2024-10-14 13:37:28.373899 Quebec: Yes
2024-10-14 13:37:28.375117 Charlie: Yes
2024-10-14 13:37:28.375279 Juliett: Yes
2024-10-14 13:37:28.375421 Lima: Yes
2024-10-14 13:37:28.375552 Sierra: No
ChatterBot Charlie reevaluating
ChatterBot Quebec reevaluating
ChatterBot Sierra reevaluating
ChatterBot Quebec reevaluating
ChatterBot Charlie reevaluating
ChatterBot Sierra reevaluating
ChatterBot Quebec reevaluating
ChatterBot Charlie reevaluating
ChatterBot Sierra reevaluating
ChatterBot Quebec reevaluating
ChatterBot Charlie reevaluating
2024-10-14 13:37:28.500349 Victor: We should add Juliett
ChatterBot Oscar reevaluating
ChatterBot X-ray reevaluating
2024-10-14 13:37:28.512596 Oscar: No
2024-10-14 13:37:28.513141 X-ray: Yes
2024-10-14 13:37:28.513252 Yankee: No
ChatterBot Victor reevaluating
ChatterBot X-ray reevaluating
ChatterBot Victor reevaluating
ChatterBot Oscar reevaluating
ChatterBot Victor reevaluating
ChatterBot Oscar reevaluating
ChatterBot X-ray reevaluating
2024-10-14 13:37:28.545666 Juliett: Charlie, Quebec, Lima and Sierra, sending you 3
2024-10-14 13:37:28.546687 Lima: Charlie, Juliett and Sierra, sending you 4
2024-10-14 13:37:28.547624 Yankee: Same as last round
2024-10-14 13:37:28.549719 Lima: Quebec, sending you 5
2024-10-14 13:37:28.551052 X-ray: Quebec we want you to join our group
ChatterBot Quebec reevaluating
2024-10-14 13:37:28.555834 Quebec: No
ChatterBot X-ray reevaluating
ChatterBot Victor reevaluating
2024-10-14 13:37:28.574520 Victor: We should add Lima
ChatterBot X-ray reevaluating
2024-10-14 13:37:28.586820 Oscar: No
2024-10-14 13:37:28.587007 X-ray: No
2024-10-14 13:37:28.587165 Yankee: No
ChatterBot Victor reevaluating
ChatterBot X-ray reevaluating
ChatterBot Victor reevaluating
ChatterBot Victor reevaluating
ChatterBot X-ray reevaluating
2024-10-14 13:37:28.626354 Juliett: Hotel, sending you 2
chatterbot Yankee submitting transactions
2024-10-14 13:37:28.630731 Hotel: Charlie, Quebec, Juliett and Lima, sending you 2
2024-10-14 13:37:28.631918 Oscar: Yankee and X-ray, sending you 3
2024-10-14 13:37:28.634666 Oscar: Victor, sending you 5
2024-10-14 13:37:28.642675 X-ray: Yankee, sending you 4
2024-10-14 13:37:28.648142 Victor: Yankee and X-ray, sending you 3
2024-10-14 13:37:28.648568 X-ray: Victor and Oscar, sending you 3
2024-10-14 13:37:28.651665 Victor: Oscar, sending you 5
2024-10-14 13:37:28.656650 Quebec: Charlie and Lima, sending you 4
2024-10-14 13:37:28.660650 Quebec: Juliett, Hotel and Sierra, sending you 3
chatterbot Hotel submitting transactions
chatterbot Juliett submitting transactions
chatterbot Charlie submitting transactions
chatterbot Sierra submitting transactions
chatterbot Quebec submitting transactions
chatterbot Lima submitting transactions
chatterbot X-ray submitting transactions
chatterbot Oscar submitting transactions
chatterbot Victor submitting transactions
ChatterBot Charlie round 5
ChatterBot Quebec round 5
ChatterBot Juliett round 5
ChatterBot Lima round 5
ChatterBot Yankee round 5
ChatterBot Hotel round 5
ChatterBot Victor round 5
ChatterBot Sierra round 5
ChatterBot Oscar round 5
ChatterBot X-ray round 5
2024-10-14 13:37:29.673780 Victor: We should add Hotel
2024-10-14 13:37:29.685750 Oscar: No
2024-10-14 13:37:29.686065 X-ray: No
2024-10-14 13:37:29.686228 Yankee: No
ChatterBot Victor reevaluating
ChatterBot X-ray reevaluating
ChatterBot Victor reevaluating
ChatterBot Victor reevaluating
ChatterBot X-ray reevaluating
2024-10-14 13:37:29.732428 Charlie: We should drop Yankee
ChatterBot Sierra reevaluating
2024-10-14 13:37:29.749100 Quebec: Yes
2024-10-14 13:37:29.749278 Juliett: Yes
2024-10-14 13:37:29.749452 Lima: Yes
2024-10-14 13:37:29.749586 Sierra: Yes
2024-10-14 13:37:29.749729 Hotel: Yes
ChatterBot Sierra reevaluating
ChatterBot Sierra reevaluating
ChatterBot Sierra reevaluating
ChatterBot Sierra reevaluating
2024-10-14 13:37:29.819668 Hotel: Charlie, Quebec and Juliett, sending you 2
2024-10-14 13:37:29.820793 Victor: Hotel we want you to join our group
2024-10-14 13:37:29.825303 Hotel: No
ChatterBot Victor reevaluating
2024-10-14 13:37:29.841353 Hotel: Lima and Sierra, sending you 1
2024-10-14 13:37:29.843671 Quebec: Charlie and Lima, sending you 4
2024-10-14 13:37:29.844726 Juliett: Charlie, Quebec, Lima and Sierra, sending you 3
2024-10-14 13:37:29.845709 Yankee: Same as last round
2024-10-14 13:37:29.846150 Lima: Charlie, Juliett and Sierra, sending you 4
2024-10-14 13:37:29.846694 Oscar: Yankee and X-ray, sending you 3
2024-10-14 13:37:29.848686 Quebec: Juliett, Hotel and Sierra, sending you 3
2024-10-14 13:37:29.850679 Juliett: Hotel, sending you 2
2024-10-14 13:37:29.851840 Lima: Quebec, sending you 5
2024-10-14 13:37:29.852227 Oscar: Victor, sending you 5
2024-10-14 13:37:29.857660 X-ray: Yankee, sending you 4
2024-10-14 13:37:29.860696 X-ray: Victor and Oscar, sending you 3
2024-10-14 13:37:29.865686 Sierra: Charlie, Quebec and Juliett, sending you 2
2024-10-14 13:37:29.867685 Victor: Yankee and X-ray, sending you 3
2024-10-14 13:37:29.870650 Sierra: Lima, sending you 3
2024-10-14 13:37:29.871811 Victor: Hotel, sending you 1
2024-10-14 13:37:29.875666 Victor: Oscar, sending you 4
2024-10-14 13:37:29.876661 Sierra: Hotel, sending you 1
chatterbot Hotel submitting transactions
chatterbot X-ray submitting transactions
chatterbot Charlie submitting transactions
chatterbot Lima submitting transactions
chatterbot Victor submitting transactions
chatterbot Yankee submitting transactions
chatterbot Juliett submitting transactions
chatterbot Oscar submitting transactions
chatterbot Quebec submitting transactions
chatterbot Sierra submitting transactions
ChatterBot Charlie round 6
ChatterBot Quebec round 6
ChatterBot Juliett round 6
ChatterBot Lima round 6
ChatterBot Yankee round 6
ChatterBot Hotel round 6
ChatterBot Victor round 6
ChatterBot Sierra round 6
ChatterBot Oscar round 6
ChatterBot X-ray round 6
2024-10-14 13:37:30.960255 Charlie: We should drop Yankee
2024-10-14 13:37:30.975414 Quebec: Yes
2024-10-14 13:37:30.975701 Juliett: Yes
2024-10-14 13:37:30.975911 Lima: Yes
2024-10-14 13:37:30.976119 Sierra: Yes
2024-10-14 13:37:30.976701 Hotel: Yes
2024-10-14 13:37:31.072679 Yankee: Same as last round
2024-10-14 13:37:31.074662 Juliett: Charlie, Quebec, Lima and Sierra, sending you 3
2024-10-14 13:37:31.080681 Juliett: Hotel, sending you 2
2024-10-14 13:37:31.081799 Sierra: Charlie, Quebec and Juliett, sending you 2
2024-10-14 13:37:31.082598 Lima: Charlie, Juliett and Sierra, sending you 4
2024-10-14 13:37:31.083047 Quebec: Charlie and Lima, sending you 4
2024-10-14 13:37:31.086684 Sierra: Lima, sending you 3
2024-10-14 13:37:31.087581 Lima: Quebec, sending you 5
2024-10-14 13:37:31.088715 Quebec: Juliett, Hotel and Sierra, sending you 3
2024-10-14 13:37:31.089762 X-ray: Yankee, sending you 4
2024-10-14 13:37:31.090440 Sierra: Hotel, sending you 1
2024-10-14 13:37:31.091191 Hotel: Charlie, Quebec and Juliett, sending you 2
2024-10-14 13:37:31.092678 Oscar: Yankee and X-ray, sending you 3
2024-10-14 13:37:31.093678 Victor: Yankee and X-ray, sending you 3
2024-10-14 13:37:31.094672 X-ray: Victor and Oscar, sending you 3
2024-10-14 13:37:31.096672 Hotel: Lima and Sierra, sending you 1
2024-10-14 13:37:31.097270 Oscar: Victor, sending you 5
2024-10-14 13:37:31.098693 Victor: Hotel, sending you 1
2024-10-14 13:37:31.103693 Victor: Oscar, sending you 4
chatterbot Yankee submitting transactions
chatterbot Lima submitting transactions
chatterbot Oscar submitting transactions
chatterbot Charlie submitting transactions
chatterbot Victor submitting transactions
chatterbot Quebec submitting transactions
chatterbot Sierra submitting transactions
chatterbot Juliett submitting transactions
chatterbot Hotel submitting transactions
chatterbot X-ray submitting transactions
ChatterBot Charlie round 7
ChatterBot Quebec round 7
ChatterBot Juliett round 7
ChatterBot Lima round 7
ChatterBot Yankee round 7
ChatterBot Hotel round 7
ChatterBot Victor round 7
ChatterBot Sierra round 7
ChatterBot Oscar round 7
ChatterBot X-ray round 7
2024-10-14 13:37:32.155139 Charlie: We should drop Yankee
2024-10-14 13:37:32.178078 Quebec: Yes
2024-10-14 13:37:32.178299 Juliett: Yes
2024-10-14 13:37:32.178893 Lima: Yes
2024-10-14 13:37:32.179061 Sierra: Yes
2024-10-14 13:37:32.179237 Hotel: Yes
ChatterBot Sierra reevaluating
ChatterBot Sierra reevaluating
ChatterBot Sierra reevaluating
2024-10-14 13:37:32.302231 Victor: We should drop Hotel
2024-10-14 13:37:32.310801 Oscar: Yes
2024-10-14 13:37:32.310980 X-ray: Yes
2024-10-14 13:37:32.311117 Yankee: Yes
ChatterBot Victor reevaluating
ChatterBot Victor reevaluating
ChatterBot Victor reevaluating
ChatterBot X-ray reevaluating
2024-10-14 13:37:32.338845 X-ray: We should add Quebec
ChatterBot Victor reevaluating
2024-10-14 13:37:32.346672 Victor: Yes
2024-10-14 13:37:32.346815 Oscar: No
2024-10-14 13:37:32.346918 Yankee: No
ChatterBot X-ray reevaluating
ChatterBot Victor reevaluating
ChatterBot X-ray reevaluating
ChatterBot Victor reevaluating
ChatterBot X-ray reevaluating
2024-10-14 13:37:32.378870 Juliett: Charlie, Quebec, Lima and Sierra, sending you 3
2024-10-14 13:37:32.382682 Yankee: Same as last round
2024-10-14 13:37:32.383177 Lima: Charlie, Juliett and Sierra, sending you 4
2024-10-14 13:37:32.384156 Quebec: Charlie and Lima, sending you 4
2024-10-14 13:37:32.384817 Oscar: Yankee and X-ray, sending you 3
2024-10-14 13:37:32.385279 Juliett: Hotel, sending you 2
2024-10-14 13:37:32.385873 Hotel: Charlie, Quebec, Juliett and Sierra, sending you 2
2024-10-14 13:37:32.387671 Lima: Quebec, sending you 5
2024-10-14 13:37:32.389150 Oscar: Victor, sending you 5
2024-10-14 13:37:32.389758 Quebec: Juliett, Hotel and Sierra, sending you 3
2024-10-14 13:37:32.390928 Sierra: Charlie, Quebec and Juliett, sending you 2
2024-10-14 13:37:32.392430 Hotel: Lima, sending you 1
2024-10-14 13:37:32.395367 Sierra: Lima, sending you 3
2024-10-14 13:37:32.399681 Sierra: Hotel, sending you 1
2024-10-14 13:37:32.402693 X-ray: Yankee and Victor, sending you 4
2024-10-14 13:37:32.409094 X-ray: Oscar, sending you 3
2024-10-14 13:37:32.410672 Victor: Yankee and X-ray, sending you 3
2024-10-14 13:37:32.414657 Victor: Oscar, sending you 5
chatterbot Yankee submitting transactions
chatterbot Charlie submitting transactions
chatterbot Oscar submitting transactions
chatterbot Lima submitting transactions
chatterbot Hotel submitting transactions
chatterbot Victor submitting transactions
chatterbot Quebec submitting transactions
chatterbot Juliett submitting transactions
chatterbot Sierra submitting transactions
chatterbot X-ray submitting transactions
ChatterBot Charlie round 8
ChatterBot Quebec round 8
ChatterBot Juliett round 8
ChatterBot Lima round 8
ChatterBot Yankee round 8
ChatterBot Hotel round 8
ChatterBot Victor round 8
ChatterBot Sierra round 8
ChatterBot Oscar round 8
ChatterBot X-ray round 8
2024-10-14 13:37:33.641323 Victor: We should add Charlie
2024-10-14 13:37:33.648580 Oscar: No
2024-10-14 13:37:33.649162 X-ray: No
2024-10-14 13:37:33.649287 Yankee: No
ChatterBot X-ray reevaluating
ChatterBot Victor reevaluating
ChatterBot Victor reevaluating
ChatterBot X-ray reevaluating
2024-10-14 13:37:33.673906 Charlie: We should drop Yankee
2024-10-14 13:37:33.684858 Quebec: Yes
2024-10-14 13:37:33.685023 Juliett: Yes
2024-10-14 13:37:33.685137 Lima: Yes
2024-10-14 13:37:33.685248 Sierra: Yes
2024-10-14 13:37:33.685357 Hotel: Yes
2024-10-14 13:37:33.738882 Victor: We should add Juliett
ChatterBot X-ray reevaluating
2024-10-14 13:37:33.747467 Oscar: No
2024-10-14 13:37:33.747649 X-ray: No
2024-10-14 13:37:33.747819 Yankee: No
ChatterBot Victor reevaluating
ChatterBot X-ray reevaluating
ChatterBot Victor reevaluating
ChatterBot Victor reevaluating
ChatterBot X-ray reevaluating
2024-10-14 13:37:33.780728 Juliett: Charlie, Quebec, Lima and Sierra, sending you 3
2024-10-14 13:37:33.781665 Quebec: Charlie and Lima, sending you 4
2024-10-14 13:37:33.782442 Lima: Charlie, Juliett and Sierra, sending you 4
2024-10-14 13:37:33.782907 Oscar: Yankee and X-ray, sending you 3
2024-10-14 13:37:33.783727 Yankee: Same as last round
2024-10-14 13:37:33.784237 Hotel: Charlie, Quebec, Juliett and Sierra, sending you 2
2024-10-14 13:37:33.785096 Sierra: Charlie, Quebec and Juliett, sending you 2
2024-10-14 13:37:33.786676 Juliett: Hotel, sending you 2
2024-10-14 13:37:33.787625 Quebec: Juliett, Hotel and Sierra, sending you 3
2024-10-14 13:37:33.788636 Lima: Quebec, sending you 5
2024-10-14 13:37:33.789726 Oscar: Victor, sending you 5
2024-10-14 13:37:33.790310 Hotel: Lima, sending you 1
2024-10-14 13:37:33.791289 Sierra: Lima, sending you 3
2024-10-14 13:37:33.795671 Sierra: Hotel, sending you 1
2024-10-14 13:37:33.796592 X-ray: Yankee and Oscar, sending you 1
2024-10-14 13:37:33.800659 X-ray: Victor, sending you 2
2024-10-14 13:37:33.808934 Victor: Yankee and X-ray, sending you 3
2024-10-14 13:37:33.812680 Victor: Oscar, sending you 5
chatterbot Yankee submitting transactions
chatterbot Charlie submitting transactions
chatterbot Lima submitting transactions
chatterbot Quebec submitting transactions
chatterbot Sierra submitting transactions
chatterbot X-ray submitting transactions
chatterbot Victor submitting transactions
chatterbot Juliett submitting transactions
chatterbot Hotel submitting transactions
chatterbot Oscar submitting transactions
ChatterBot Charlie round 9
ChatterBot Quebec round 9
ChatterBot Juliett round 9
ChatterBot Lima round 9
ChatterBot Yankee round 9
ChatterBot Hotel round 9
ChatterBot Victor round 9
ChatterBot Sierra round 9
ChatterBot Oscar round 9
ChatterBot X-ray round 9
2024-10-14 13:37:34.920090 Victor: We should add Juliett
2024-10-14 13:37:34.929896 Oscar: No
2024-10-14 13:37:34.930089 X-ray: No
2024-10-14 13:37:34.930238 Yankee: No
ChatterBot Victor reevaluating
ChatterBot Victor reevaluating
ChatterBot Victor reevaluating
2024-10-14 13:37:35.012195 Sierra: We should add Victor
2024-10-14 13:37:35.053374 Quebec: No
2024-10-14 13:37:35.053764 Charlie: No
2024-10-14 13:37:35.054457 Juliett: No
2024-10-14 13:37:35.054684 Lima: No
2024-10-14 13:37:35.055114 Hotel: No
ChatterBot Sierra reevaluating
ChatterBot Sierra reevaluating
ChatterBot Quebec reevaluating
ChatterBot Sierra reevaluating
ChatterBot Quebec reevaluating
ChatterBot Sierra reevaluating
ChatterBot Quebec reevaluating
ChatterBot Sierra reevaluating
2024-10-14 13:37:35.148949 Victor: We should add Sierra
2024-10-14 13:37:35.156295 Oscar: No
2024-10-14 13:37:35.156477 X-ray: No
2024-10-14 13:37:35.156586 Yankee: No
ChatterBot Victor reevaluating
ChatterBot Victor reevaluating
ChatterBot Victor reevaluating
2024-10-14 13:37:35.183008 Charlie: We should drop Yankee
ChatterBot Quebec reevaluating
ChatterBot Sierra reevaluating
2024-10-14 13:37:35.198879 Quebec: Yes
2024-10-14 13:37:35.199036 Juliett: Yes
2024-10-14 13:37:35.199153 Lima: Yes
2024-10-14 13:37:35.199262 Sierra: Yes
2024-10-14 13:37:35.199361 Hotel: Yes
ChatterBot Sierra reevaluating
ChatterBot Quebec reevaluating
ChatterBot Sierra reevaluating
ChatterBot Quebec reevaluating
ChatterBot Sierra reevaluating
ChatterBot Quebec reevaluating
ChatterBot Quebec reevaluating
ChatterBot Sierra reevaluating
2024-10-14 13:37:35.290682 Juliett: Charlie, Quebec, Lima and Sierra, sending you 3
2024-10-14 13:37:35.292108 Lima: Charlie, Juliett and Sierra, sending you 4
2024-10-14 13:37:35.293072 Yankee: Same as last round
2024-10-14 13:37:35.294265 Hotel: Quebec and Juliett, sending you 1
2024-10-14 13:37:35.296428 Juliett: Hotel, sending you 2
2024-10-14 13:37:35.298388 Lima: Quebec, sending you 5
2024-10-14 13:37:35.303083 X-ray: Yankee and Oscar, sending you 1
2024-10-14 13:37:35.306942 Oscar: Yankee and X-ray, sending you 3
2024-10-14 13:37:35.307677 X-ray: Victor, sending you 2
2024-10-14 13:37:35.311686 Oscar: Victor, sending you 5
2024-10-14 13:37:35.318661 Sierra: Charlie, Quebec and Juliett, sending you 2
2024-10-14 13:37:35.322682 Sierra: Lima, sending you 3
2024-10-14 13:37:35.329103 Sierra: Hotel, sending you 1
chatterbot Charlie submitting transactions
chatterbot Sierra submitting transactions
chatterbot X-ray submitting transactions
chatterbot Quebec submitting transactions
chatterbot Oscar submitting transactions
chatterbot Yankee submitting transactions
chatterbot Lima submitting transactions
chatterbot Hotel submitting transactions
chatterbot Juliett submitting transactions
chatterbot Victor submitting transactions
ChatterBot Charlie round 10
ChatterBot Quebec round 10
ChatterBot Juliett round 10
ChatterBot Lima round 10
ChatterBot Yankee round 10
ChatterBot Hotel round 10
ChatterBot Victor round 10
ChatterBot Sierra round 10
ChatterBot Oscar round 10
ChatterBot X-ray round 10
2024-10-14 13:37:36.517620 Victor: We should add Lima
2024-10-14 13:37:36.532978 Oscar: No
2024-10-14 13:37:36.533171 X-ray: No
2024-10-14 13:37:36.534169 Yankee: No
ChatterBot Victor reevaluating
ChatterBot Victor reevaluating
ChatterBot Victor reevaluating
2024-10-14 13:37:36.601898 Victor: Lima we want you to join our group
2024-10-14 13:37:36.606236 Lima: No
ChatterBot Victor reevaluating
2024-10-14 13:37:36.619630 Victor: We should add Quebec
2024-10-14 13:37:36.629586 Oscar: No
2024-10-14 13:37:36.629772 X-ray: No
2024-10-14 13:37:36.629951 Yankee: No
ChatterBot Victor reevaluating
ChatterBot Victor reevaluating
ChatterBot Victor reevaluating
2024-10-14 13:37:36.660578 Charlie: We should drop Yankee
2024-10-14 13:37:36.676226 Quebec: Yes
2024-10-14 13:37:36.676386 Juliett: Yes
2024-10-14 13:37:36.676528 Lima: Yes
2024-10-14 13:37:36.677069 Sierra: Yes
2024-10-14 13:37:36.677204 Hotel: Yes
ChatterBot Hotel reevaluating
ChatterBot Hotel reevaluating
ChatterBot Hotel reevaluating
ChatterBot Hotel reevaluating
2024-10-14 13:37:36.755569 Victor: We should add Juliett
ChatterBot X-ray reevaluating
2024-10-14 13:37:36.763657 Oscar: No
2024-10-14 13:37:36.763827 X-ray: Yes
2024-10-14 13:37:36.764313 Yankee: No
ChatterBot Victor reevaluating
ChatterBot X-ray reevaluating
ChatterBot Victor reevaluating
ChatterBot Victor reevaluating
ChatterBot X-ray reevaluating
2024-10-14 13:37:36.787915 Yankee: Same as last round
2024-10-14 13:37:36.788914 Lima: Charlie, Quebec and Juliett, sending you 4
2024-10-14 13:37:36.789413 Juliett: Charlie, Quebec, Lima and Sierra, sending you 3
2024-10-14 13:37:36.790064 Sierra: Charlie, Quebec and Juliett, sending you 2
2024-10-14 13:37:36.790805 Oscar: Yankee, sending you 4
2024-10-14 13:37:36.791646 Lima: Sierra, sending you 5
2024-10-14 13:37:36.792694 Juliett: Hotel, sending you 2
2024-10-14 13:37:36.794588 Oscar: Victor, sending you 5
2024-10-14 13:37:36.795250 Sierra: Lima, sending you 3
2024-10-14 13:37:36.799659 Oscar: X-ray, sending you 2
2024-10-14 13:37:36.801673 Sierra: Hotel, sending you 1
2024-10-14 13:37:36.806666 Hotel: Quebec and Juliett, sending you 1
2024-10-14 13:37:36.808661 X-ray: Sorry, I'm actually sending you 0
2024-10-14 13:37:36.809331 X-ray: Sorry, I'm actually sending you 0
2024-10-14 13:37:36.810002 X-ray: Sorry, I'm actually sending you 0
chatterbot Oscar submitting transactions
chatterbot Charlie submitting transactions
chatterbot Yankee submitting transactions
chatterbot Juliett submitting transactions
chatterbot Lima submitting transactions
chatterbot Victor submitting transactions
chatterbot Sierra submitting transactions
chatterbot Quebec submitting transactions
chatterbot Hotel submitting transactions
chatterbot X-ray submitting transactions
ChatterBot Charlie round 11
ChatterBot Quebec round 11
ChatterBot Juliett round 11
ChatterBot Lima round 11
ChatterBot Yankee round 11
ChatterBot Hotel round 11
ChatterBot Victor round 11
ChatterBot Sierra round 11
ChatterBot Oscar round 11
ChatterBot X-ray round 11
2024-10-14 13:37:37.678304 Victor: We should add Lima
2024-10-14 13:37:37.689734 Oscar: No
2024-10-14 13:37:37.689929 X-ray: No
2024-10-14 13:37:37.690068 Yankee: No
ChatterBot Victor reevaluating
ChatterBot Victor reevaluating
ChatterBot Victor reevaluating
2024-10-14 13:37:37.717851 Charlie: We should drop Yankee
ChatterBot Hotel reevaluating
2024-10-14 13:37:37.728413 Quebec: Yes
2024-10-14 13:37:37.728563 Juliett: Yes
2024-10-14 13:37:37.728694 Lima: Yes
2024-10-14 13:37:37.728809 Sierra: Yes
2024-10-14 13:37:37.728948 Hotel: Yes
ChatterBot Hotel reevaluating
ChatterBot Sierra reevaluating
ChatterBot Hotel reevaluating
ChatterBot Sierra reevaluating
ChatterBot Hotel reevaluating
ChatterBot Hotel reevaluating
ChatterBot Sierra reevaluating
2024-10-14 13:37:37.801172 Victor: We should add Charlie
2024-10-14 13:37:37.807847 Oscar: No
2024-10-14 13:37:37.808010 X-ray: No
2024-10-14 13:37:37.808140 Yankee: No
ChatterBot Victor reevaluating
ChatterBot Victor reevaluating
ChatterBot Victor reevaluating
2024-10-14 13:37:37.830169 Lima: Sierra, sending you 1
2024-10-14 13:37:37.835087 Juliett: Charlie, Quebec, Lima and Sierra, sending you 3
2024-10-14 13:37:37.840012 Juliett: Hotel, sending you 2
2024-10-14 13:37:37.843683 Yankee: Same as last round
2024-10-14 13:37:37.844689 X-ray: I was attacked by Hotel
ChatterBot Victor reevaluating
ChatterBot Oscar reevaluating
ChatterBot Yankee reevaluating
2024-10-14 13:37:37.908227 X-ray: I'm keeping this round to protect myself
2024-10-14 13:37:37.910741 X-ray: Ow
2024-10-14 13:37:37.921162 Victor: We should add Sierra
ChatterBot Oscar reevaluating
ChatterBot Yankee reevaluating
2024-10-14 13:37:37.933860 Oscar: No
