ChatterBot Foxtrot round 1
ChatterBot Hotel round 1
ChatterBot X-ray round 1
ChatterBot Charlie round 1
ChatterBot Alpha round 1
ChatterBot November round 1
ChatterBot Romeo round 1
ChatterBot Quebec round 1
ChatterBot Yankee round 1
ChatterBot Sierra round 1
randomSelections X-ray: {X-ray, Hotel, November, Sierra, Quebec, Romeo, Foxtrot, Charlie} 
2024-10-14 13:37:20.529337 X-ray: Friends?
ChatterBot Hotel reevaluating
ChatterBot November reevaluating
ChatterBot Sierra reevaluating
ChatterBot Quebec reevaluating
ChatterBot Romeo reevaluating
ChatterBot Foxtrot reevaluating
ChatterBot Charlie reevaluating
2024-10-14 13:37:20.547002 Hotel: Yes
2024-10-14 13:37:20.547117 November: Yes
2024-10-14 13:37:20.547222 Sierra: Yes
2024-10-14 13:37:20.547346 Quebec: Yes
2024-10-14 13:37:20.547478 Romeo: Yes
2024-10-14 13:37:20.547598 Foxtrot: Yes
2024-10-14 13:37:20.547706 Charlie: Yes
ChatterBot November reevaluating
ChatterBot Sierra reevaluating
ChatterBot Quebec reevaluating
ChatterBot Romeo reevaluating
ChatterBot Foxtrot reevaluating
ChatterBot Charlie reevaluating
ChatterBot Hotel reevaluating
ChatterBot Sierra reevaluating
ChatterBot Quebec reevaluating
ChatterBot Romeo reevaluating
ChatterBot Foxtrot reevaluating
ChatterBot Charlie reevaluating
ChatterBot Hotel reevaluating
ChatterBot November reevaluating
ChatterBot Quebec reevaluating
ChatterBot Romeo reevaluating
ChatterBot Foxtrot reevaluating
ChatterBot Charlie reevaluating
ChatterBot Hotel reevaluating
ChatterBot November reevaluating
ChatterBot Sierra reevaluating
ChatterBot Romeo reevaluating
ChatterBot Foxtrot reevaluating
ChatterBot Charlie reevaluating
ChatterBot Hotel reevaluating
ChatterBot November reevaluating
ChatterBot Sierra reevaluating
ChatterBot Quebec reevaluating
ChatterBot Foxtrot reevaluating
ChatterBot Charlie reevaluating
ChatterBot Hotel reevaluating
ChatterBot November reevaluating
ChatterBot Sierra reevaluating
ChatterBot Quebec reevaluating
ChatterBot Romeo reevaluating
ChatterBot Charlie reevaluating
ChatterBot Hotel reevaluating
ChatterBot November reevaluating
ChatterBot Sierra reevaluating
ChatterBot Quebec reevaluating
ChatterBot Romeo reevaluating
ChatterBot Foxtrot reevaluating
randomSelections Alpha: {Alpha, Sierra, X-ray, Foxtrot, Quebec, Yankee, Charlie, November} 
2024-10-14 13:37:20.647260 Alpha: Can we be friends?
ChatterBot Sierra reevaluating
ChatterBot Foxtrot reevaluating
ChatterBot Quebec reevaluating
ChatterBot Yankee reevaluating
ChatterBot Charlie reevaluating
ChatterBot November reevaluating
2024-10-14 13:37:20.659767 Sierra: No
2024-10-14 13:37:20.659983 X-ray: No
2024-10-14 13:37:20.660088 Foxtrot: No
2024-10-14 13:37:20.660220 Quebec: No
2024-10-14 13:37:20.660331 Yankee: Yes
2024-10-14 13:37:20.660501 Charlie: No
2024-10-14 13:37:20.660621 November: No
ChatterBot Foxtrot reevaluating
ChatterBot Quebec reevaluating
ChatterBot Yankee reevaluating
ChatterBot Charlie reevaluating
ChatterBot November reevaluating
ChatterBot Sierra reevaluating
ChatterBot Foxtrot reevaluating
ChatterBot Quebec reevaluating
ChatterBot Yankee reevaluating
ChatterBot Charlie reevaluating
ChatterBot November reevaluating
ChatterBot Sierra reevaluating
ChatterBot Quebec reevaluating
ChatterBot Yankee reevaluating
ChatterBot Charlie reevaluating
ChatterBot November reevaluating
ChatterBot Sierra reevaluating
ChatterBot Foxtrot reevaluating
ChatterBot Yankee reevaluating
ChatterBot Charlie reevaluating
ChatterBot November reevaluating
ChatterBot Sierra reevaluating
ChatterBot Foxtrot reevaluating
ChatterBot Quebec reevaluating
ChatterBot Charlie reevaluating
ChatterBot November reevaluating
ChatterBot Sierra reevaluating
ChatterBot Foxtrot reevaluating
ChatterBot Quebec reevaluating
ChatterBot Yankee reevaluating
ChatterBot November reevaluating
ChatterBot Sierra reevaluating
ChatterBot Foxtrot reevaluating
ChatterBot Quebec reevaluating
ChatterBot Yankee reevaluating
ChatterBot Charlie reevaluating
2024-10-14 13:37:20.801721 Foxtrot: Hotel, sending you 2
2024-10-14 13:37:20.803345 Sierra: Foxtrot, Hotel, X-ray, Charlie, Romeo and Quebec, sending you 1
2024-10-14 13:37:20.805254 X-ray: Foxtrot, November and Sierra, sending you 1
2024-10-14 13:37:20.805664 Foxtrot: Charlie and Quebec, sending you 1
2024-10-14 13:37:20.807066 Charlie: Foxtrot, November and Sierra, sending you 1
2024-10-14 13:37:20.809631 Romeo: Foxtrot and November, sending you 2
2024-10-14 13:37:20.809972 X-ray: Charlie, Romeo and Quebec, sending you 2
2024-10-14 13:37:20.810261 Hotel: X-ray, November, Romeo and Sierra, sending you 1
2024-10-14 13:37:20.811960 Alpha: Foxtrot and X-ray, sending you 2
2024-10-14 13:37:20.812279 Foxtrot: November, sending you 3
2024-10-14 13:37:20.813082 November: Foxtrot and Quebec, sending you 2
2024-10-14 13:37:20.813510 Yankee: Foxtrot and November, sending you 2
2024-10-14 13:37:20.814531 Charlie: X-ray, Romeo and Quebec, sending you 2
2024-10-14 13:37:20.814996 Quebec: X-ray, Charlie and Sierra, sending you 1
2024-10-14 13:37:20.815431 Romeo: Hotel and Sierra, sending you 1
2024-10-14 13:37:20.816453 Alpha: Charlie and Yankee, sending you 1
2024-10-14 13:37:20.816974 Foxtrot: Sierra, sending you 4
2024-10-14 13:37:20.817351 November: Sierra, sending you 1
2024-10-14 13:37:20.818427 Yankee: X-ray, Alpha and Quebec, sending you 1
2024-10-14 13:37:20.818772 Quebec: Romeo, sending you 2
2024-10-14 13:37:20.819858 Alpha: November, sending you 3
2024-10-14 13:37:20.820837 Romeo: Charlie, sending you 3
2024-10-14 13:37:20.821832 Yankee: Sierra, sending you 3
2024-10-14 13:37:20.823691 Alpha: Sierra, sending you 4
2024-10-14 13:37:20.827028 Romeo: Quebec, sending you 4
chatterbot November submitting transactions
chatterbot Romeo submitting transactions
chatterbot Foxtrot submitting transactions
chatterbot Yankee submitting transactions
chatterbot X-ray submitting transactions
chatterbot Sierra submitting transactions
chatterbot Quebec submitting transactions
chatterbot Hotel submitting transactions
chatterbot Charlie submitting transactions
chatterbot Alpha submitting transactions
ChatterBot Foxtrot round 2
ChatterBot Hotel round 2
ChatterBot X-ray round 2
ChatterBot Charlie round 2
ChatterBot Alpha round 2
ChatterBot November round 2
ChatterBot Romeo round 2
ChatterBot Quebec round 2
ChatterBot Yankee round 2
2024-10-14 13:37:24.582213 Hotel: Group up?
ChatterBot X-ray reevaluating
ChatterBot Charlie reevaluating
ChatterBot Romeo reevaluating
ChatterBot Quebec reevaluating
2024-10-14 13:37:24.606410 X-ray: No
2024-10-14 13:37:24.606572 Charlie: No
2024-10-14 13:37:24.606706 Romeo: No
2024-10-14 13:37:24.606830 Quebec: No
ChatterBot Charlie reevaluating
ChatterBot Romeo reevaluating
ChatterBot Quebec reevaluating
ChatterBot X-ray reevaluating
ChatterBot Romeo reevaluating
ChatterBot Quebec reevaluating
ChatterBot X-ray reevaluating
ChatterBot Charlie reevaluating
ChatterBot Quebec reevaluating
ChatterBot X-ray reevaluating
ChatterBot Charlie reevaluating
ChatterBot Romeo reevaluating
2024-10-14 13:37:24.692663 Charlie: Friends?
ChatterBot X-ray reevaluating
ChatterBot Sierra reevaluating
2024-10-14 13:37:24.711865 X-ray: Yes
ChatterBot Romeo reevaluating
ChatterBot Quebec reevaluating
2024-10-14 13:37:24.722733 Sierra: No
2024-10-14 13:37:24.723415 Romeo: Yes
2024-10-14 13:37:24.723564 Quebec: No
ChatterBot Charlie reevaluating
ChatterBot Romeo reevaluating
ChatterBot Quebec reevaluating
ChatterBot Sierra reevaluating
ChatterBot X-ray reevaluating
ChatterBot Charlie reevaluating
ChatterBot Romeo reevaluating
ChatterBot Quebec reevaluating
ChatterBot X-ray reevaluating
ChatterBot Charlie reevaluating
ChatterBot Quebec reevaluating
ChatterBot Sierra reevaluating
ChatterBot X-ray reevaluating
ChatterBot Charlie reevaluating
ChatterBot Romeo reevaluating
ChatterBot Sierra reevaluating
2024-10-14 13:37:24.877840 Sierra: Can we be friends?
ChatterBot Yankee reevaluating
2024-10-14 13:37:24.885850 Yankee: Yes
ChatterBot Sierra reevaluating
2024-10-14 13:37:24.901113 Yankee: Friends?
ChatterBot Alpha reevaluating
ChatterBot Sierra reevaluating
2024-10-14 13:37:24.933384 Foxtrot: No
2024-10-14 13:37:24.933589 Alpha: No
2024-10-14 13:37:24.933770 Sierra: No
ChatterBot Yankee reevaluating
ChatterBot Alpha reevaluating
ChatterBot Sierra reevaluating
ChatterBot Yankee reevaluating
ChatterBot Sierra reevaluating
ChatterBot Yankee reevaluating
ChatterBot Alpha reevaluating
2024-10-14 13:37:25.024829 Alpha: Friends?
ChatterBot November reevaluating
ChatterBot Yankee reevaluating
ChatterBot Sierra reevaluating
2024-10-14 13:37:25.064990 Foxtrot: No
2024-10-14 13:37:25.065167 November: Yes
2024-10-14 13:37:25.065334 Yankee: No
2024-10-14 13:37:25.065469 Sierra: No
ChatterBot Alpha reevaluating
ChatterBot November reevaluating
ChatterBot Yankee reevaluating
ChatterBot Sierra reevaluating
ChatterBot Alpha reevaluating
ChatterBot Foxtrot reevaluating
ChatterBot Yankee reevaluating
ChatterBot Sierra reevaluating
ChatterBot Alpha reevaluating
ChatterBot Foxtrot reevaluating
ChatterBot November reevaluating
ChatterBot Sierra reevaluating
ChatterBot Alpha reevaluating
ChatterBot Foxtrot reevaluating
ChatterBot November reevaluating
ChatterBot Yankee reevaluating
2024-10-14 13:37:25.267579 November: Group up?
ChatterBot Foxtrot reevaluating
ChatterBot Alpha reevaluating
ChatterBot Yankee reevaluating
ChatterBot Sierra reevaluating
2024-10-14 13:37:25.318470 Hotel: No
2024-10-14 13:37:25.319033 Foxtrot: No
2024-10-14 13:37:25.319206 Alpha: No
2024-10-14 13:37:25.319336 Yankee: No
2024-10-14 13:37:25.319475 Sierra: No
ChatterBot November reevaluating
ChatterBot Foxtrot reevaluating
ChatterBot Alpha reevaluating
ChatterBot Yankee reevaluating
ChatterBot Sierra reevaluating
ChatterBot November reevaluating
ChatterBot Alpha reevaluating
ChatterBot Yankee reevaluating
ChatterBot Sierra reevaluating
ChatterBot November reevaluating
ChatterBot Foxtrot reevaluating
ChatterBot Yankee reevaluating
ChatterBot Sierra reevaluating
ChatterBot November reevaluating
ChatterBot Foxtrot reevaluating
ChatterBot Alpha reevaluating
ChatterBot Sierra reevaluating
ChatterBot November reevaluating
ChatterBot Foxtrot reevaluating
ChatterBot Alpha reevaluating
ChatterBot Yankee reevaluating
ChatterBot Sierra round 2
2024-10-14 13:37:25.695696 Sierra: Let's form a team
ChatterBot Foxtrot reevaluating
ChatterBot Quebec reevaluating
2024-10-14 13:37:25.767942 Foxtrot: No
2024-10-14 13:37:25.768250 November: No
2024-10-14 13:37:25.768448 Alpha: No
2024-10-14 13:37:25.768630 Yankee: No
2024-10-14 13:37:25.769161 X-ray: No
2024-10-14 13:37:25.769332 Charlie: No
2024-10-14 13:37:25.769508 Romeo: No
2024-10-14 13:37:25.769671 Quebec: No
ChatterBot November reevaluating
ChatterBot Quebec reevaluating
ChatterBot Foxtrot reevaluating
ChatterBot Quebec reevaluating
ChatterBot Foxtrot reevaluating
ChatterBot November reevaluating
ChatterBot Yankee reevaluating
ChatterBot Quebec reevaluating
ChatterBot Foxtrot reevaluating
ChatterBot November reevaluating
ChatterBot X-ray reevaluating
ChatterBot Quebec reevaluating
ChatterBot Foxtrot reevaluating
ChatterBot November reevaluating
ChatterBot Yankee reevaluating
ChatterBot Quebec reevaluating
ChatterBot Foxtrot reevaluating
ChatterBot November reevaluating
ChatterBot Yankee reevaluating
ChatterBot X-ray reevaluating
ChatterBot Quebec reevaluating
ChatterBot Foxtrot reevaluating
ChatterBot November reevaluating
ChatterBot Yankee reevaluating
ChatterBot X-ray reevaluating
ChatterBot Quebec reevaluating
ChatterBot Foxtrot reevaluating
ChatterBot November reevaluating
ChatterBot Yankee reevaluating
ChatterBot X-ray reevaluating
2024-10-14 13:37:26.377452 Hotel: X-ray, Charlie and Quebec, sending you 1
2024-10-14 13:37:26.395482 Hotel: Romeo, sending you 7
2024-10-14 13:37:26.395908 Romeo: X-ray, Charlie and Quebec, sending you 4
2024-10-14 13:37:26.396538 Alpha: Foxtrot, November and Sierra, sending you 2
2024-10-14 13:37:26.396957 Charlie: X-ray, sending you 3
2024-10-14 13:37:26.397222 Sierra: Foxtrot, X-ray, Charlie, Alpha, November, Romeo, Quebec and Yankee, sending you 1
2024-10-14 13:37:26.402744 Romeo: Sierra, sending you 3
2024-10-14 13:37:26.403395 Alpha: Yankee, sending you 7
2024-10-14 13:37:26.403681 Charlie: Romeo, sending you 4
2024-10-14 13:37:26.403970 X-ray: Charlie and Alpha, sending you 3
2024-10-14 13:37:26.404728 Quebec: Sending you each 2
2024-10-14 13:37:26.404937 November: Foxtrot and Alpha, sending you 4
2024-10-14 13:37:26.405173 Yankee: Foxtrot, November and Sierra, sending you 1
2024-10-14 13:37:26.405395 Foxtrot: Alpha, November and Yankee, sending you 3
2024-10-14 13:37:26.407878 Charlie: Quebec and Sierra, sending you 1
2024-10-14 13:37:26.410830 X-ray: Quebec, Yankee and Sierra, sending you 1
2024-10-14 13:37:26.411410 Yankee: Alpha, sending you 6
2024-10-14 13:37:26.412323 Foxtrot: Sierra, sending you 2
2024-10-14 13:37:26.412844 November: X-ray, sending you 2
2024-10-14 13:37:26.416295 November: Yankee, sending you 3
2024-10-14 13:37:26.420693 November: Sierra, sending you 1
chatterbot Hotel submitting transactions
chatterbot Quebec submitting transactions
chatterbot Romeo submitting transactions
chatterbot Foxtrot submitting transactions
chatterbot Alpha submitting transactions
chatterbot November submitting transactions
chatterbot X-ray submitting transactions
chatterbot Sierra submitting transactions
chatterbot Charlie submitting transactions
chatterbot Yankee submitting transactions
ChatterBot Foxtrot round 3
ChatterBot Hotel round 3
ChatterBot X-ray round 3
ChatterBot Charlie round 3
ChatterBot Alpha round 3
ChatterBot November round 3
ChatterBot Romeo round 3
2024-10-14 13:37:27.561638 Romeo: We should replace Sierra with Hotel
ChatterBot X-ray reevaluating
ChatterBot Charlie reevaluating
ChatterBot Quebec reevaluating
2024-10-14 13:37:27.579042 X-ray: Yes
2024-10-14 13:37:27.579245 Charlie: Yes
2024-10-14 13:37:27.579409 Quebec: No
ChatterBot Charlie reevaluating
ChatterBot Quebec reevaluating
ChatterBot X-ray reevaluating
ChatterBot Quebec reevaluating
ChatterBot X-ray reevaluating
ChatterBot Charlie reevaluating
ChatterBot Quebec round 3
2024-10-14 13:37:27.622455 Foxtrot: We should add X-ray
ChatterBot Alpha reevaluating
ChatterBot November reevaluating
2024-10-14 13:37:27.640374 Alpha: Yes
2024-10-14 13:37:27.640611 November: Yes
2024-10-14 13:37:27.641122 Yankee: Yes
2024-10-14 13:37:27.641242 Sierra: Yes
ChatterBot November reevaluating
ChatterBot Yankee reevaluating
ChatterBot Alpha reevaluating
ChatterBot Yankee reevaluating
ChatterBot Alpha reevaluating
ChatterBot November reevaluating
ChatterBot Alpha reevaluating
ChatterBot November reevaluating
ChatterBot Yankee reevaluating
ChatterBot Yankee round 3
ChatterBot Sierra round 3
2024-10-14 13:37:27.720682 Romeo: Hotel we want you to join our group
2024-10-14 13:37:27.725281 Hotel: Yes
ChatterBot X-ray reevaluating
ChatterBot Charlie reevaluating
ChatterBot Quebec reevaluating
2024-10-14 13:37:27.741944 Quebec: We should add X-ray and Hotel
ChatterBot Charlie reevaluating
2024-10-14 13:37:27.749438 Charlie: Yes
2024-10-14 13:37:27.749640 Romeo: Yes
ChatterBot Quebec reevaluating
ChatterBot Quebec reevaluating
ChatterBot Charlie reevaluating
2024-10-14 13:37:27.768537 Foxtrot: X-ray we want you to join our group
2024-10-14 13:37:27.772735 X-ray: No
ChatterBot November reevaluating
ChatterBot Alpha reevaluating
ChatterBot Yankee reevaluating
ChatterBot Sierra reevaluating
2024-10-14 13:37:27.790842 Yankee: We should add X-ray
ChatterBot Alpha reevaluating
ChatterBot Sierra reevaluating
2024-10-14 13:37:27.805560 Alpha: Yes
2024-10-14 13:37:27.805704 Foxtrot: Yes
2024-10-14 13:37:27.805837 November: Yes
2024-10-14 13:37:27.805985 Sierra: Yes
ChatterBot Sierra reevaluating
ChatterBot Alpha reevaluating
ChatterBot Sierra reevaluating
ChatterBot Alpha reevaluating
ChatterBot Sierra reevaluating
ChatterBot Alpha reevaluating
2024-10-14 13:37:27.867943 Charlie: Hotel we want you to join our group
2024-10-14 13:37:27.883527 Hotel: Yes
ChatterBot Quebec reevaluating
2024-10-14 13:37:27.933013 Hotel: X-ray, Charlie and Quebec, sending you 1
2024-10-14 13:37:27.937662 Hotel: Romeo, sending you 9
2024-10-14 13:37:27.938281 X-ray: Hotel, sending you 2
2024-10-14 13:37:27.938815 Romeo: Hotel and Charlie, sending you 4
2024-10-14 13:37:27.941666 X-ray: Charlie and Romeo, sending you 3
2024-10-14 13:37:27.942121 Romeo: X-ray, sending you 2
2024-10-14 13:37:27.942923 Yankee: X-ray we want you to join our group
2024-10-14 13:37:27.946822 X-ray: No
2024-10-14 13:37:27.962014 Alpha: Foxtrot, sending you 3
2024-10-14 13:37:27.962524 November: Foxtrot, sending you 4
2024-10-14 13:37:27.963152 X-ray: Quebec, sending you 1
2024-10-14 13:37:27.963676 Romeo: Quebec, sending you 3
2024-10-14 13:37:27.965707 Sierra: Foxtrot, X-ray, Charlie, Alpha, November, Romeo and Yankee, sending you 1
2024-10-14 13:37:27.967205 Alpha: November and Yankee, sending you 4
2024-10-14 13:37:27.968406 November: X-ray and Sierra, sending you 2
2024-10-14 13:37:27.968978 Foxtrot: X-ray, sending you 1
2024-10-14 13:37:27.969412 Charlie: Hotel, sending you 1
2024-10-14 13:37:27.970071 Quebec: Sending you each 2
2024-10-14 13:37:27.970686 Alpha: Sierra, sending you 2
2024-10-14 13:37:27.971656 Foxtrot: Alpha, Yankee and Sierra, sending you 2
2024-10-14 13:37:27.972666 November: Alpha and Yankee, sending you 3
2024-10-14 13:37:27.973013 Charlie: X-ray and Romeo, sending you 3
2024-10-14 13:37:27.975668 Foxtrot: November, sending you 4
2024-10-14 13:37:27.976135 Charlie: Quebec, sending you 2
2024-10-14 13:37:27.976797 Yankee: Foxtrot and November, sending you 2
2024-10-14 13:37:27.981671 Yankee: X-ray and Sierra, sending you 1
chatterbot X-ray submitting transactions
2024-10-14 13:37:27.986781 Yankee: Alpha, sending you 5
chatterbot Romeo submitting transactions
chatterbot Quebec submitting transactions
chatterbot Alpha submitting transactions
chatterbot Yankee submitting transactions
chatterbot Hotel submitting transactions
chatterbot Charlie submitting transactions
chatterbot Foxtrot submitting transactions
chatterbot November submitting transactions
chatterbot Sierra submitting transactions
ChatterBot Foxtrot round 4
ChatterBot Hotel round 4
ChatterBot X-ray round 4
ChatterBot Charlie round 4
ChatterBot Alpha round 4
ChatterBot November round 4
ChatterBot Romeo round 4
ChatterBot Quebec round 4
2024-10-14 13:37:29.143366 X-ray: We should add Sierra
ChatterBot Hotel reevaluating
ChatterBot Charlie reevaluating
ChatterBot Romeo reevaluating
ChatterBot Quebec reevaluating
2024-10-14 13:37:29.155840 Hotel: Yes
2024-10-14 13:37:29.156013 Charlie: Yes
2024-10-14 13:37:29.156137 Romeo: Yes
2024-10-14 13:37:29.156257 Quebec: No
ChatterBot Charlie reevaluating
ChatterBot Romeo reevaluating
ChatterBot Quebec reevaluating
ChatterBot Hotel reevaluating
ChatterBot Romeo reevaluating
ChatterBot Quebec reevaluating
ChatterBot Hotel reevaluating
ChatterBot Charlie reevaluating
ChatterBot Quebec reevaluating
ChatterBot Hotel reevaluating
ChatterBot Charlie reevaluating
ChatterBot Romeo reevaluating
2024-10-14 13:37:29.203052 Quebec: We should add X-ray
ChatterBot Charlie reevaluating
ChatterBot Romeo reevaluating
2024-10-14 13:37:29.208126 Charlie: Yes
2024-10-14 13:37:29.208247 Romeo: Yes
ChatterBot Quebec reevaluating
ChatterBot Romeo reevaluating
ChatterBot Quebec reevaluating
ChatterBot Charlie reevaluating
ChatterBot Yankee round 4
ChatterBot Sierra round 4
2024-10-14 13:37:29.237092 X-ray: Sierra we want you to join our group
ChatterBot Sierra reevaluating
2024-10-14 13:37:29.240869 Sierra: Yes
ChatterBot Hotel reevaluating
ChatterBot Charlie reevaluating
ChatterBot Romeo reevaluating
ChatterBot Quebec reevaluating
2024-10-14 13:37:29.256064 Sierra: We should add Hotel
ChatterBot Charlie reevaluating
ChatterBot Romeo reevaluating
ChatterBot Quebec reevaluating
2024-10-14 13:37:29.277655 Foxtrot: No
2024-10-14 13:37:29.277805 November: No
2024-10-14 13:37:29.277935 Alpha: No
2024-10-14 13:37:29.278369 Yankee: No
2024-10-14 13:37:29.278476 X-ray: Yes
2024-10-14 13:37:29.278599 Charlie: Yes
2024-10-14 13:37:29.278706 Romeo: Yes
2024-10-14 13:37:29.278812 Quebec: Yes
ChatterBot Sierra reevaluating
ChatterBot Charlie reevaluating
ChatterBot Romeo reevaluating
ChatterBot Quebec reevaluating
ChatterBot Sierra reevaluating
ChatterBot Charlie reevaluating
ChatterBot Romeo reevaluating
ChatterBot Quebec reevaluating
ChatterBot Sierra reevaluating
ChatterBot Charlie reevaluating
ChatterBot Romeo reevaluating
ChatterBot Quebec reevaluating
ChatterBot Sierra reevaluating
ChatterBot Charlie reevaluating
ChatterBot Romeo reevaluating
ChatterBot Quebec reevaluating
ChatterBot Sierra reevaluating
ChatterBot Charlie reevaluating
ChatterBot Romeo reevaluating
ChatterBot Quebec reevaluating
ChatterBot Sierra reevaluating
ChatterBot Romeo reevaluating
ChatterBot Quebec reevaluating
ChatterBot Sierra reevaluating
ChatterBot Charlie reevaluating
ChatterBot Quebec reevaluating
ChatterBot Sierra reevaluating
ChatterBot Charlie reevaluating
ChatterBot Romeo reevaluating
2024-10-14 13:37:29.490675 Quebec: X-ray we want you to join our group
2024-10-14 13:37:29.495683 X-ray: Yes
2024-10-14 13:37:29.526863 Foxtrot: Alpha, sending you 3
2024-10-14 13:37:29.528917 Sierra: Hotel we want you to join our group
2024-10-14 13:37:29.553392 Hotel: No
ChatterBot Sierra reevaluating
2024-10-14 13:37:29.612520 Foxtrot: November, sending you 4
2024-10-14 13:37:29.614663 Romeo: Hotel, sending you 4
2024-10-14 13:37:29.615985 Hotel: X-ray, sending you 3
2024-10-14 13:37:29.617489 X-ray: Hotel, Quebec and Sierra, sending you 1
2024-10-14 13:37:29.618154 November: Foxtrot and Alpha, sending you 4
2024-10-14 13:37:29.619489 Charlie: Hotel and Sierra, sending you 1
2024-10-14 13:37:29.621325 Alpha: Foxtrot and November, sending you 3
2024-10-14 13:37:29.622071 Yankee: Foxtrot and Sierra, sending you 2
2024-10-14 13:37:29.623788 Foxtrot: Yankee and Sierra, sending you 2
2024-10-14 13:37:29.625348 Hotel: Charlie and Sierra, sending you 2
2024-10-14 13:37:29.626204 Romeo: X-ray and Sierra, sending you 2
2024-10-14 13:37:29.627654 X-ray: Charlie, sending you 4
2024-10-14 13:37:29.629023 November: X-ray, sending you 1
2024-10-14 13:37:29.630983 Charlie: X-ray and Quebec, sending you 2
2024-10-14 13:37:29.633091 Alpha: Yankee, sending you 5
2024-10-14 13:37:29.633898 Yankee: Alpha, sending you 4
2024-10-14 13:37:29.635900 Hotel: Romeo, sending you 5
2024-10-14 13:37:29.637391 Romeo: Charlie and Quebec, sending you 3
2024-10-14 13:37:29.638323 X-ray: Romeo, sending you 2
2024-10-14 13:37:29.639942 Quebec: X-ray and Charlie, sending you 1
2024-10-14 13:37:29.640308 November: Yankee, sending you 3
2024-10-14 13:37:29.640921 Charlie: Romeo, sending you 3
2024-10-14 13:37:29.642565 Alpha: Sierra, sending you 2
2024-10-14 13:37:29.643242 Yankee: November, sending you 3
2024-10-14 13:37:29.644812 Quebec: Romeo, sending you 2
2024-10-14 13:37:29.645519 November: Sierra, sending you 2
2024-10-14 13:37:29.665306 Sierra: Foxtrot, Hotel, X-ray, Charlie, Alpha, November, Romeo, Quebec and Yankee, sending you 1
chatterbot Alpha submitting transactions
chatterbot Charlie submitting transactions
chatterbot X-ray submitting transactions
chatterbot Quebec submitting transactions
chatterbot Foxtrot submitting transactions
chatterbot Yankee submitting transactions
chatterbot Sierra submitting transactions
chatterbot November submitting transactions
chatterbot Hotel submitting transactions
chatterbot Romeo submitting transactions
ChatterBot Foxtrot round 5
ChatterBot Hotel round 5
ChatterBot X-ray round 5
ChatterBot Charlie round 5
ChatterBot Alpha round 5
ChatterBot November round 5
ChatterBot Romeo round 5
ChatterBot Quebec round 5
ChatterBot Yankee round 5
ChatterBot Sierra round 5
2024-10-14 13:37:30.726078 Quebec: We should replace X-ray with Hotel
2024-10-14 13:37:30.732911 Charlie: No
2024-10-14 13:37:30.733157 Romeo: No
ChatterBot Quebec reevaluating
ChatterBot Quebec reevaluating
2024-10-14 13:37:30.765285 X-ray: Hotel and Romeo, sending you 2
2024-10-14 13:37:30.766113 November: Foxtrot and Alpha, sending you 4
2024-10-14 13:37:30.767728 Hotel: X-ray, sending you 3
2024-10-14 13:37:30.768688 X-ray: Charlie, sending you 3
2024-10-14 13:37:30.770154 Sierra: Foxtrot, Hotel, X-ray, Charlie, Alpha, November, Romeo, Quebec and Yankee, sending you 1
2024-10-14 13:37:30.770834 Romeo: Hotel, sending you 4
2024-10-14 13:37:30.771984 November: X-ray, sending you 1
2024-10-14 13:37:30.772620 Alpha: Foxtrot, sending you 3
2024-10-14 13:37:30.773599 Charlie: Hotel, Quebec and Sierra, sending you 1
2024-10-14 13:37:30.774129 Yankee: Foxtrot and Sierra, sending you 2
2024-10-14 13:37:30.774793 Hotel: Charlie and Sierra, sending you 2
2024-10-14 13:37:30.775790 X-ray: Quebec and Sierra, sending you 1
2024-10-14 13:37:30.776439 Foxtrot: Alpha, sending you 3
2024-10-14 13:37:30.777415 November: Yankee, sending you 3
2024-10-14 13:37:30.778077 Romeo: X-ray and Sierra, sending you 2
2024-10-14 13:37:30.779216 Charlie: X-ray and Romeo, sending you 3
2024-10-14 13:37:30.779910 Alpha: November and Yankee, sending you 4
2024-10-14 13:37:30.780343 Yankee: Alpha, sending you 4
2024-10-14 13:37:30.781403 Hotel: Romeo, sending you 5
2024-10-14 13:37:30.781853 Foxtrot: November, sending you 4
2024-10-14 13:37:30.782896 November: Sierra, sending you 2
2024-10-14 13:37:30.783397 Romeo: Charlie and Quebec, sending you 3
2024-10-14 13:37:30.783901 Quebec: X-ray, sending you 1
2024-10-14 13:37:30.784751 Alpha: Sierra, sending you 2
2024-10-14 13:37:30.785672 Yankee: November, sending you 3
2024-10-14 13:37:30.786695 Foxtrot: Yankee and Sierra, sending you 2
2024-10-14 13:37:30.788675 Quebec: Charlie and Romeo, sending you 2
chatterbot X-ray submitting transactions
chatterbot Yankee submitting transactions
chatterbot November submitting transactions
chatterbot Foxtrot submitting transactions
chatterbot Alpha submitting transactions
chatterbot Romeo submitting transactions
chatterbot Sierra submitting transactions
chatterbot Hotel submitting transactions
chatterbot Quebec submitting transactions
chatterbot Charlie submitting transactions
ChatterBot Foxtrot round 6
ChatterBot Hotel round 6
ChatterBot X-ray round 6
ChatterBot Charlie round 6
ChatterBot Alpha round 6
ChatterBot November round 6
ChatterBot Romeo round 6
ChatterBot Quebec round 6
ChatterBot Yankee round 6
ChatterBot Sierra round 6
2024-10-14 13:37:31.977580 Foxtrot: We should drop X-ray
2024-10-14 13:37:31.991747 Alpha: Yes
2024-10-14 13:37:31.991928 November: Yes
2024-10-14 13:37:31.992071 Yankee: Yes
2024-10-14 13:37:31.992205 Sierra: Yes
ChatterBot November reevaluating
ChatterBot Yankee reevaluating
ChatterBot Yankee reevaluating
ChatterBot November reevaluating
ChatterBot November reevaluating
ChatterBot Yankee reevaluating
2024-10-14 13:37:32.102682 Romeo: Hotel, sending you 4
2024-10-14 13:37:32.108698 Romeo: X-ray, Charlie and Quebec, sending you 3
2024-10-14 13:37:32.110841 Foxtrot: Alpha, sending you 3
2024-10-14 13:37:32.112671 Romeo: Sierra, sending you 2
2024-10-14 13:37:32.115813 Quebec: X-ray and Charlie, sending you 1
2024-10-14 13:37:32.116773 Foxtrot: November, sending you 4
2024-10-14 13:37:32.121238 Quebec: Romeo, sending you 2
2024-10-14 13:37:32.122123 X-ray: Hotel and Romeo, sending you 2
2024-10-14 13:37:32.123199 Sierra: Same as last round
2024-10-14 13:37:32.124886 Foxtrot: Yankee and Sierra, sending you 2
2024-10-14 13:37:32.127108 Hotel: X-ray, sending you 3
2024-10-14 13:37:32.127874 Charlie: Hotel, sending you 1
2024-10-14 13:37:32.129405 Alpha: Foxtrot, sending you 3
2024-10-14 13:37:32.130051 Yankee: Foxtrot and Sierra, sending you 2
2024-10-14 13:37:32.131667 X-ray: Charlie, sending you 3
2024-10-14 13:37:32.133857 Hotel: Charlie and Sierra, sending you 2
2024-10-14 13:37:32.134823 Charlie: X-ray and Romeo, sending you 3
2024-10-14 13:37:32.136838 Alpha: November and Yankee, sending you 4
2024-10-14 13:37:32.137594 Yankee: Alpha, sending you 4
2024-10-14 13:37:32.139739 November: Foxtrot, sending you 5
2024-10-14 13:37:32.142001 X-ray: Quebec and Sierra, sending you 1
2024-10-14 13:37:32.143637 Hotel: Romeo, sending you 5
2024-10-14 13:37:32.145626 Alpha: Sierra, sending you 2
2024-10-14 13:37:32.146475 Charlie: Quebec, sending you 2
2024-10-14 13:37:32.147805 Yankee: November, sending you 3
2024-10-14 13:37:32.149805 November: Alpha, sending you 4
2024-10-14 13:37:32.155811 November: Yankee, sending you 3
2024-10-14 13:37:32.159684 November: Sierra, sending you 2
chatterbot Charlie submitting transactions
chatterbot Sierra submitting transactions
chatterbot Romeo submitting transactions
chatterbot Hotel submitting transactions
chatterbot Alpha submitting transactions
chatterbot Foxtrot submitting transactions
chatterbot X-ray submitting transactions
chatterbot Quebec submitting transactions
chatterbot Yankee submitting transactions
chatterbot November submitting transactions
ChatterBot Foxtrot round 7
ChatterBot Hotel round 7
ChatterBot X-ray round 7
ChatterBot Charlie round 7
ChatterBot Alpha round 7
ChatterBot November round 7
ChatterBot Romeo round 7
ChatterBot Quebec round 7
ChatterBot Yankee round 7
ChatterBot Sierra round 7
2024-10-14 13:37:33.279678 Hotel: X-ray, sending you 3
2024-10-14 13:37:33.284663 Hotel: Charlie and Sierra, sending you 2
2024-10-14 13:37:33.288689 Hotel: Romeo, sending you 5
2024-10-14 13:37:33.292676 Charlie: Hotel, Quebec and Sierra, sending you 1
2024-10-14 13:37:33.293307 Yankee: Foxtrot and Sierra, sending you 2
2024-10-14 13:37:33.293923 Foxtrot: Alpha, sending you 3
2024-10-14 13:37:33.294719 Romeo: Hotel, sending you 4
2024-10-14 13:37:33.295685 Quebec: X-ray, sending you 1
2024-10-14 13:37:33.296125 Charlie: X-ray and Romeo, sending you 3
2024-10-14 13:37:33.296708 Yankee: Alpha, sending you 4
2024-10-14 13:37:33.297672 November: Foxtrot, sending you 5
2024-10-14 13:37:33.298659 Foxtrot: November, sending you 5
2024-10-14 13:37:33.299273 Alpha: Foxtrot, sending you 3
2024-10-14 13:37:33.300108 Romeo: X-ray, Charlie and Quebec, sending you 3
2024-10-14 13:37:33.300640 Quebec: Charlie and Romeo, sending you 2
2024-10-14 13:37:33.301001 Yankee: November, sending you 3
2024-10-14 13:37:33.301404 X-ray: Hotel and Romeo, sending you 2
2024-10-14 13:37:33.302667 November: Alpha, sending you 4
2024-10-14 13:37:33.303214 Alpha: November and Yankee, sending you 4
2024-10-14 13:37:33.303736 Foxtrot: Yankee, sending you 2
2024-10-14 13:37:33.304233 Sierra: Same as last round
2024-10-14 13:37:33.304820 Romeo: Sierra, sending you 2
2024-10-14 13:37:33.305670 X-ray: Charlie, sending you 3
2024-10-14 13:37:33.306122 November: Yankee, sending you 3
2024-10-14 13:37:33.306694 Foxtrot: Sierra, sending you 1
2024-10-14 13:37:33.308667 Alpha: Sierra, sending you 2
2024-10-14 13:37:33.309164 November: Sierra, sending you 2
2024-10-14 13:37:33.309684 X-ray: Quebec and Sierra, sending you 1
chatterbot Hotel submitting transactions
chatterbot November submitting transactions
chatterbot Yankee submitting transactions
chatterbot Quebec submitting transactions
chatterbot Charlie submitting transactions
chatterbot Sierra submitting transactions
chatterbot Alpha submitting transactions
chatterbot X-ray submitting transactions
chatterbot Romeo submitting transactions
chatterbot Foxtrot submitting transactions
ChatterBot Foxtrot round 8
ChatterBot Hotel round 8
ChatterBot X-ray round 8
ChatterBot Charlie round 8
ChatterBot Alpha round 8
ChatterBot November round 8
ChatterBot Romeo round 8
ChatterBot Quebec round 8
ChatterBot Yankee round 8
ChatterBot Sierra round 8
2024-10-14 13:37:34.540104 Quebec: We should replace Charlie with Hotel
2024-10-14 13:37:34.545241 X-ray: No
2024-10-14 13:37:34.545398 Romeo: No
2024-10-14 13:37:34.576905 Quebec: Hotel we want you to join our group
2024-10-14 13:37:34.579064 Hotel: Yes
2024-10-14 13:37:34.589848 November: Foxtrot, sending you 5
2024-10-14 13:37:34.590712 Alpha: Foxtrot, sending you 3
2024-10-14 13:37:34.591503 Charlie: Hotel, sending you 1
2024-10-14 13:37:34.593683 November: Alpha, sending you 4
2024-10-14 13:37:34.594249 Alpha: November and Yankee, sending you 4
2024-10-14 13:37:34.595205 Charlie: X-ray and Romeo, sending you 3
2024-10-14 13:37:34.598679 November: Yankee, sending you 3
2024-10-14 13:37:34.599377 X-ray: Hotel and Romeo, sending you 2
2024-10-14 13:37:34.600506 Romeo: Hotel, sending you 4
2024-10-14 13:37:34.600942 Alpha: Sierra, sending you 2
2024-10-14 13:37:34.601375 Charlie: Quebec, sending you 2
2024-10-14 13:37:34.601868 Hotel: X-ray, sending you 3
2024-10-14 13:37:34.602448 Yankee: Foxtrot and Sierra, sending you 2
2024-10-14 13:37:34.602867 November: Sierra, sending you 2
2024-10-14 13:37:34.604664 X-ray: Charlie, sending you 3
2024-10-14 13:37:34.605154 Romeo: X-ray, Charlie and Quebec, sending you 3
2024-10-14 13:37:34.606696 Sierra: Same as last round
2024-10-14 13:37:34.607746 Hotel: Charlie and Sierra, sending you 2
2024-10-14 13:37:34.608273 Yankee: Alpha, sending you 4
2024-10-14 13:37:34.608939 X-ray: Quebec and Sierra, sending you 1
2024-10-14 13:37:34.609677 Romeo: Sierra, sending you 2
2024-10-14 13:37:34.610896 Quebec: Hotel and X-ray, sending you 1
2024-10-14 13:37:34.611247 Hotel: Romeo, sending you 5
2024-10-14 13:37:34.612699 Yankee: November, sending you 3
2024-10-14 13:37:34.615691 Quebec: Romeo, sending you 2
chatterbot X-ray submitting transactions
chatterbot Charlie submitting transactions
chatterbot Foxtrot submitting transactions
chatterbot Hotel submitting transactions
chatterbot Quebec submitting transactions
chatterbot November submitting transactions
chatterbot Romeo submitting transactions
chatterbot Sierra submitting transactions
chatterbot Alpha submitting transactions
chatterbot Yankee submitting transactions
ChatterBot Foxtrot round 9
ChatterBot Hotel round 9
ChatterBot X-ray round 9
ChatterBot Charlie round 9
ChatterBot Alpha round 9
ChatterBot November round 9
ChatterBot Romeo round 9
ChatterBot Quebec round 9
ChatterBot Yankee round 9
ChatterBot Sierra round 9
2024-10-14 13:37:35.905872 Foxtrot: Alpha, sending you 3
2024-10-14 13:37:35.908003 Charlie: Hotel, Quebec and Sierra, sending you 1
2024-10-14 13:37:35.911293 Alpha: Foxtrot, sending you 3
2024-10-14 13:37:35.912694 Hotel: X-ray, sending you 3
2024-10-14 13:37:35.914971 Sierra: I was attacked by Foxtrot
ChatterBot X-ray reevaluating
ChatterBot Hotel reevaluating
ChatterBot Charlie reevaluating
ChatterBot Romeo reevaluating
ChatterBot Quebec reevaluating
2024-10-14 13:37:35.935698 Sierra: I'm keeping this round to protect myself
2024-10-14 13:37:35.938208 Sierra: Ow
2024-10-14 13:37:35.939377 Foxtrot: November, sending you 5
2024-10-14 13:37:35.940945 Yankee: Foxtrot and Sierra, sending you 2
2024-10-14 13:37:35.942082 November: Foxtrot, Alpha and Yankee, sending you 4
2024-10-14 13:37:35.943702 Alpha: November and Yankee, sending you 4
2024-10-14 13:37:35.944531 Foxtrot: Yankee, sending you 2
2024-10-14 13:37:35.945758 Yankee: Alpha, sending you 4
2024-10-14 13:37:35.947072 November: Sierra, sending you 2
2024-10-14 13:37:35.948052 Alpha: Sierra, sending you 2
2024-10-14 13:37:35.949674 Foxtrot: Sierra, sending you 1
2024-10-14 13:37:35.950194 Yankee: November, sending you 3
2024-10-14 13:37:35.956693 Romeo: Hotel, sending you 4
2024-10-14 13:37:35.961678 Romeo: X-ray, Charlie and Quebec, sending you 3
2024-10-14 13:37:35.964905 X-ray: Hotel and Romeo, sending you 2
2024-10-14 13:37:35.968587 Romeo: Sierra, sending you 2
2024-10-14 13:37:35.971693 X-ray: Charlie, sending you 3
2024-10-14 13:37:35.976687 X-ray: Quebec and Sierra, sending you 1
chatterbot Alpha submitting transactions
chatterbot Hotel submitting transactions
chatterbot Quebec submitting transactions
chatterbot Foxtrot submitting transactions
chatterbot X-ray submitting transactions
chatterbot Romeo submitting transactions
chatterbot November submitting transactions
chatterbot Charlie submitting transactions
chatterbot Sierra submitting transactions
chatterbot Yankee submitting transactions
ChatterBot Foxtrot round 10
ChatterBot Hotel round 10
ChatterBot X-ray round 10
ChatterBot Charlie round 10
ChatterBot Alpha round 10
ChatterBot November round 10
ChatterBot Romeo round 10
ChatterBot Quebec round 10
ChatterBot Yankee round 10
ChatterBot Sierra round 10
2024-10-14 13:37:37.079841 Yankee: Foxtrot, sending you 2
2024-10-14 13:37:37.083700 X-ray: Hotel and Romeo, sending you 2
2024-10-14 13:37:37.084913 Yankee: Alpha, sending you 5
2024-10-14 13:37:37.086687 Charlie: Hotel, Quebec and Sierra, sending you 1
2024-10-14 13:37:37.087503 November: Foxtrot, Alpha and Yankee, sending you 4
2024-10-14 13:37:37.088727 Romeo: Hotel and Charlie, sending you 4
2024-10-14 13:37:37.089295 Foxtrot: Alpha, sending you 3
2024-10-14 13:37:37.089792 Sierra: Hotel, X-ray, Charlie and Romeo, sending you 1
2024-10-14 13:37:37.090565 X-ray: Charlie, sending you 3
2024-10-14 13:37:37.091666 Yankee: November, sending you 3
2024-10-14 13:37:37.092125 Alpha: Foxtrot, sending you 3
2024-10-14 13:37:37.092587 Charlie: X-ray and Romeo, sending you 3
2024-10-14 13:37:37.093084 November: Sierra, sending you 2
2024-10-14 13:37:37.093783 Foxtrot: November, sending you 5
2024-10-14 13:37:37.094736 Romeo: X-ray and Quebec, sending you 3
2024-10-14 13:37:37.096699 X-ray: Quebec and Sierra, sending you 1
2024-10-14 13:37:37.097911 Yankee: Sierra, sending you 1
2024-10-14 13:37:37.098638 Alpha: November and Yankee, sending you 4
2024-10-14 13:37:37.099609 Foxtrot: Yankee, sending you 2
2024-10-14 13:37:37.100764 Romeo: Sierra, sending you 1
2024-10-14 13:37:37.101826 Alpha: Sierra, sending you 2
2024-10-14 13:37:37.105678 Foxtrot: Sierra, sending you 1
chatterbot November submitting transactions
chatterbot Alpha submitting transactions
chatterbot Foxtrot submitting transactions
chatterbot Charlie submitting transactions
chatterbot Sierra submitting transactions
chatterbot Hotel submitting transactions
chatterbot Quebec submitting transactions
chatterbot Yankee submitting transactions
chatterbot Romeo submitting transactions
chatterbot X-ray submitting transactions
ChatterBot Foxtrot round 11
ChatterBot Hotel round 11
ChatterBot X-ray round 11
ChatterBot Charlie round 11
ChatterBot Alpha round 11
ChatterBot November round 11
ChatterBot Romeo round 11
ChatterBot Quebec round 11
ChatterBot Yankee round 11
ChatterBot Sierra round 11
2024-10-14 13:37:38.107698 Charlie: Hotel, Quebec and Sierra, sending you 1
2024-10-14 13:37:38.109372 X-ray: Hotel and Romeo, sending you 2
2024-10-14 13:37:38.110680 Foxtrot: Alpha, sending you 3
2024-10-14 13:37:38.111229 Romeo: Hotel and Charlie, sending you 4
2024-10-14 13:37:38.111839 Alpha: Foxtrot, sending you 3
2024-10-14 13:37:38.112894 Charlie: X-ray and Romeo, sending you 3
2024-10-14 13:37:38.114689 X-ray: Charlie, sending you 3
2024-10-14 13:37:38.116680 Foxtrot: November, sending you 5
2024-10-14 13:37:38.117543 Romeo: X-ray and Quebec, sending you 3
2024-10-14 13:37:38.119153 Alpha: November and Yankee, sending you 4
2024-10-14 13:37:38.119739 November: Foxtrot, Alpha and Yankee, sending you 4
2024-10-14 13:37:38.120257 Sierra: Sending you each 1
2024-10-14 13:37:38.120858 X-ray: Quebec and Sierra, sending you 1
2024-10-14 13:37:38.121979 Foxtrot: Yankee, sending you 2
2024-10-14 13:37:38.122677 Romeo: Sierra, sending you 1
2024-10-14 13:37:38.123194 Alpha: Sierra, sending you 2
2024-10-14 13:37:38.123657 November: Sierra, sending you 2
2024-10-14 13:37:38.125712 Foxtrot: Sierra, sending you 1
2024-10-14 13:37:38.128658 Yankee: Foxtrot, sending you 2
2024-10-14 13:37:38.133678 Yankee: Alpha, sending you 5
2024-10-14 13:37:38.138866 Yankee: November, sending you 3
2024-10-14 13:37:38.143856 Yankee: Sierra, sending you 1
chatterbot Charlie submitting transactions
chatterbot Hotel submitting transactions
chatterbot Quebec submitting transactions
chatterbot Yankee submitting transactions
chatterbot Alpha submitting transactions
chatterbot X-ray submitting transactions
chatterbot Foxtrot submitting transactions
