ChatterBot Juliett round 1
ChatterBot Quebec round 1
ChatterBot X-ray round 1
ChatterBot Zulu round 1
ChatterBot Kilo round 1
ChatterBot India round 1
ChatterBot Oscar round 1
ChatterBot Golf round 1
ChatterBot Foxtrot round 1
ChatterBot Lima round 1
randomSelections X-ray: {X-ray} 
randomSelections Zulu: {Zulu, Foxtrot, Juliett, Lima, India, X-ray} 
2024-10-14 23:05:46.497525 Zulu: We should group up
ChatterBot Foxtrot reevaluating
ChatterBot Juliett reevaluating
ChatterBot Lima reevaluating
ChatterBot India reevaluating
2024-10-14 23:05:46.508094 Foxtrot: Yes
2024-10-14 23:05:46.508220 Juliett: Yes
2024-10-14 23:05:46.508335 Lima: Yes
2024-10-14 23:05:46.508423 India: Yes
2024-10-14 23:05:46.508518 X-ray: No
ChatterBot Juliett reevaluating
ChatterBot Lima reevaluating
ChatterBot India reevaluating
ChatterBot Foxtrot reevaluating
ChatterBot Lima reevaluating
ChatterBot India reevaluating
ChatterBot Foxtrot reevaluating
ChatterBot Juliett reevaluating
ChatterBot India reevaluating
ChatterBot Foxtrot reevaluating
ChatterBot Juliett reevaluating
ChatterBot Lima reevaluating
ChatterBot Foxtrot reevaluating
ChatterBot Juliett reevaluating
ChatterBot Lima reevaluating
ChatterBot India reevaluating
randomSelections Oscar: {Oscar, Golf, Kilo, Juliett, Lima, Foxtrot} 
2024-10-14 23:05:46.551301 Oscar: Friends?
ChatterBot Golf reevaluating
ChatterBot Kilo reevaluating
ChatterBot Juliett reevaluating
ChatterBot Lima reevaluating
ChatterBot Foxtrot reevaluating
2024-10-14 23:05:46.559695 Golf: Yes
2024-10-14 23:05:46.559824 Kilo: Yes
2024-10-14 23:05:46.559914 Juliett: No
2024-10-14 23:05:46.560007 Lima: No
2024-10-14 23:05:46.560099 Foxtrot: No
ChatterBot Kilo reevaluating
ChatterBot Juliett reevaluating
ChatterBot Lima reevaluating
ChatterBot Foxtrot reevaluating
ChatterBot Golf reevaluating
ChatterBot Juliett reevaluating
ChatterBot Lima reevaluating
ChatterBot Foxtrot reevaluating
ChatterBot Golf reevaluating
ChatterBot Kilo reevaluating
ChatterBot Lima reevaluating
ChatterBot Foxtrot reevaluating
ChatterBot Golf reevaluating
ChatterBot Kilo reevaluating
ChatterBot Juliett reevaluating
ChatterBot Foxtrot reevaluating
ChatterBot Golf reevaluating
ChatterBot Kilo reevaluating
ChatterBot Juliett reevaluating
ChatterBot Lima reevaluating
randomSelections Quebec: {Quebec, Zulu, Foxtrot, Lima, India, Juliett} 
2024-10-14 23:05:46.615146 Quebec: Let's form a team
ChatterBot Foxtrot reevaluating
ChatterBot Lima reevaluating
ChatterBot India reevaluating
ChatterBot Juliett reevaluating
2024-10-14 23:05:46.624158 Zulu: No
2024-10-14 23:05:46.624330 Foxtrot: No
2024-10-14 23:05:46.624499 Lima: No
2024-10-14 23:05:46.624707 India: No
2024-10-14 23:05:46.624827 Juliett: No
ChatterBot Foxtrot reevaluating
ChatterBot Lima reevaluating
ChatterBot India reevaluating
ChatterBot Juliett reevaluating
ChatterBot Lima reevaluating
ChatterBot India reevaluating
ChatterBot Juliett reevaluating
ChatterBot Foxtrot reevaluating
ChatterBot India reevaluating
ChatterBot Juliett reevaluating
ChatterBot Foxtrot reevaluating
ChatterBot Lima reevaluating
ChatterBot Juliett reevaluating
ChatterBot Foxtrot reevaluating
ChatterBot Lima reevaluating
ChatterBot India reevaluating
2024-10-14 23:05:46.806903 Kilo: Juliett, sending you 3
2024-10-14 23:05:46.808590 Golf: Kilo, sending you 4
2024-10-14 23:05:46.809322 Quebec: Juliett and India, sending you 6
2024-10-14 23:05:46.810680 India: Juliett, sending you 5
2024-10-14 23:05:46.812020 Oscar: Juliett, sending you 6
2024-10-14 23:05:46.812683 Juliett: X-ray, Zulu, Foxtrot and Lima, sending you 2
2024-10-14 23:05:46.813757 Zulu: Juliett and Foxtrot, sending you 1
2024-10-14 23:05:46.814288 Lima: Juliett and X-ray, sending you 2
2024-10-14 23:05:46.815380 Kilo: Oscar, sending you 5
2024-10-14 23:05:46.816818 Golf: Oscar, sending you 5
2024-10-14 23:05:46.817325 Quebec: Zulu and Foxtrot, sending you 2
2024-10-14 23:05:46.818408 India: X-ray, sending you 1
2024-10-14 23:05:46.819117 Oscar: Kilo, sending you 2
2024-10-14 23:05:46.820159 Zulu: X-ray, sending you 2
2024-10-14 23:05:46.820758 Lima: Zulu, sending you 3
2024-10-14 23:05:46.822047 Juliett: India, sending you 1
2024-10-14 23:05:46.822467 Golf: Foxtrot, sending you 1
2024-10-14 23:05:46.823803 Kilo: Golf, sending you 4
2024-10-14 23:05:46.824530 Quebec: Lima, sending you 1
2024-10-14 23:05:46.825728 India: Zulu, sending you 3
2024-10-14 23:05:46.826279 Oscar: Golf and Foxtrot, sending you 1
2024-10-14 23:05:46.827592 Foxtrot: Juliett, sending you 2
2024-10-14 23:05:46.829078 Zulu: India, sending you 3
2024-10-14 23:05:46.829809 Lima: India, sending you 6
2024-10-14 23:05:46.831109 Golf: Lima, sending you 6
2024-10-14 23:05:46.832274 Kilo: Foxtrot and Lima, sending you 2
2024-10-14 23:05:46.832983 India: Foxtrot, sending you 6
2024-10-14 23:05:46.834160 Oscar: Lima, sending you 5
2024-10-14 23:05:46.834926 Foxtrot: X-ray, Zulu and India, sending you 3
2024-10-14 23:05:46.836006 Lima: Foxtrot, sending you 1
2024-10-14 23:05:46.847535 India: Lima, sending you 2
2024-10-14 23:05:46.848772 Foxtrot: Lima, sending you 5
chatterbot X-ray submitting transactions
chatterbot Oscar submitting transactions
chatterbot Golf submitting transactions
chatterbot Lima submitting transactions
chatterbot Quebec submitting transactions
chatterbot India submitting transactions
chatterbot Zulu submitting transactions
chatterbot Juliett submitting transactions
chatterbot Foxtrot submitting transactions
chatterbot Kilo submitting transactions
ChatterBot Juliett round 2
ChatterBot Quebec round 2
ChatterBot X-ray round 2
2024-10-14 23:05:47.571911 Juliett: We should replace X-ray with Quebec
ChatterBot Zulu reevaluating
ChatterBot India reevaluating
ChatterBot Foxtrot reevaluating
ChatterBot Lima reevaluating
2024-10-14 23:05:47.621971 Zulu: No
2024-10-14 23:05:47.622104 India: Yes
2024-10-14 23:05:47.622211 Foxtrot: No
2024-10-14 23:05:47.622330 Lima: No
ChatterBot India reevaluating
ChatterBot Foxtrot reevaluating
ChatterBot Lima reevaluating
ChatterBot Zulu reevaluating
ChatterBot Foxtrot reevaluating
ChatterBot Lima reevaluating
ChatterBot Zulu reevaluating
ChatterBot India reevaluating
ChatterBot Lima reevaluating
ChatterBot Zulu reevaluating
ChatterBot India reevaluating
ChatterBot Foxtrot reevaluating
ChatterBot Zulu round 2
ChatterBot Kilo round 2
ChatterBot India round 2
ChatterBot Oscar round 2
ChatterBot Golf round 2
2024-10-14 23:05:47.862205 X-ray: Can we be friends?
ChatterBot Quebec reevaluating
ChatterBot Zulu reevaluating
ChatterBot India reevaluating
ChatterBot Foxtrot reevaluating
ChatterBot Lima reevaluating
2024-10-14 23:05:47.934441 Juliett: No
2024-10-14 23:05:47.934736 Quebec: Yes
2024-10-14 23:05:47.934905 Zulu: Yes
2024-10-14 23:05:47.935059 India: No
2024-10-14 23:05:47.935582 Foxtrot: No
2024-10-14 23:05:47.935737 Lima: No
ChatterBot Quebec reevaluating
ChatterBot Zulu reevaluating
ChatterBot India reevaluating
ChatterBot Foxtrot reevaluating
ChatterBot Lima reevaluating
ChatterBot Zulu reevaluating
ChatterBot India reevaluating
ChatterBot Foxtrot reevaluating
ChatterBot Lima reevaluating
ChatterBot Quebec reevaluating
ChatterBot India reevaluating
ChatterBot Foxtrot reevaluating
ChatterBot Lima reevaluating
ChatterBot Quebec reevaluating
ChatterBot Zulu reevaluating
ChatterBot Foxtrot reevaluating
ChatterBot Lima reevaluating
ChatterBot Quebec reevaluating
ChatterBot Zulu reevaluating
ChatterBot India reevaluating
ChatterBot Lima reevaluating
ChatterBot Quebec reevaluating
ChatterBot Zulu reevaluating
ChatterBot India reevaluating
ChatterBot Foxtrot reevaluating
2024-10-14 23:05:48.304915 Quebec: We should add X-ray
2024-10-14 23:05:48.306089 Zulu: We should add Quebec
ChatterBot Zulu reevaluating
ChatterBot Foxtrot reevaluating
ChatterBot Lima reevaluating
ChatterBot India reevaluating
2024-10-14 23:05:48.361477 Zulu: Yes
2024-10-14 23:05:48.362267 Foxtrot: Yes
2024-10-14 23:05:48.362518 Lima: Yes
2024-10-14 23:05:48.362744 India: Yes
2024-10-14 23:05:48.362923 Juliett: Yes
ChatterBot Foxtrot reevaluating
ChatterBot Lima reevaluating
ChatterBot India reevaluating
2024-10-14 23:05:48.416322 Foxtrot: No
2024-10-14 23:05:48.416557 Juliett: Yes
2024-10-14 23:05:48.417211 Lima: Yes
2024-10-14 23:05:48.417400 India: Yes
2024-10-14 23:05:48.417558 X-ray: Yes
ChatterBot Quebec reevaluating
ChatterBot Foxtrot reevaluating
ChatterBot Lima reevaluating
ChatterBot India reevaluating
ChatterBot Quebec reevaluating
ChatterBot Zulu reevaluating
ChatterBot Lima reevaluating
ChatterBot India reevaluating
ChatterBot Quebec reevaluating
ChatterBot Zulu reevaluating
ChatterBot Foxtrot reevaluating
ChatterBot India reevaluating
ChatterBot Quebec reevaluating
ChatterBot Zulu reevaluating
ChatterBot Foxtrot reevaluating
ChatterBot Lima reevaluating
ChatterBot Quebec reevaluating
ChatterBot Zulu reevaluating
ChatterBot Foxtrot reevaluating
ChatterBot Lima reevaluating
ChatterBot India reevaluating
ChatterBot Zulu reevaluating
ChatterBot Lima reevaluating
ChatterBot India reevaluating
ChatterBot Zulu reevaluating
ChatterBot Foxtrot reevaluating
ChatterBot Lima reevaluating
ChatterBot India reevaluating
ChatterBot Zulu reevaluating
ChatterBot Foxtrot reevaluating
ChatterBot India reevaluating
ChatterBot Zulu reevaluating
ChatterBot Foxtrot reevaluating
ChatterBot Lima reevaluating
ChatterBot Zulu reevaluating
ChatterBot Foxtrot reevaluating
ChatterBot Lima reevaluating
ChatterBot India reevaluating
ChatterBot Foxtrot round 2
ChatterBot Lima round 2
2024-10-14 23:05:49.131008 Juliett: Quebec we want you to join our group
ChatterBot Quebec reevaluating
2024-10-14 23:05:49.138777 Quebec: Yes
ChatterBot Zulu reevaluating
ChatterBot Foxtrot reevaluating
ChatterBot Lima reevaluating
ChatterBot India reevaluating
2024-10-14 23:05:49.175761 Lima: We would work well together
2024-10-14 23:05:49.176404 Foxtrot: We should add Quebec
ChatterBot Quebec reevaluating
ChatterBot Zulu reevaluating
ChatterBot India reevaluating
ChatterBot Foxtrot reevaluating
ChatterBot Kilo reevaluating
ChatterBot Oscar reevaluating
ChatterBot Golf reevaluating
ChatterBot Lima reevaluating
2024-10-14 23:05:49.241185 Juliett: No
2024-10-14 23:05:49.245556 Quebec: No
2024-10-14 23:05:49.245780 Zulu: No
ChatterBot Zulu reevaluating
2024-10-14 23:05:49.250608 India: No
ChatterBot India reevaluating
2024-10-14 23:05:49.255110 Foxtrot: Yes
2024-10-14 23:05:49.255290 Kilo: No
2024-10-14 23:05:49.255426 Oscar: No
2024-10-14 23:05:49.255956 Golf: No
2024-10-14 23:05:49.256072 X-ray: Yes
2024-10-14 23:05:49.256177 Lima: Yes
2024-10-14 23:05:49.256334 Juliett: Yes
2024-10-14 23:05:49.256437 Zulu: Yes
2024-10-14 23:05:49.256538 India: Yes
ChatterBot Lima reevaluating
ChatterBot Quebec reevaluating
ChatterBot Zulu reevaluating
ChatterBot India reevaluating
ChatterBot Foxtrot reevaluating
ChatterBot Kilo reevaluating
ChatterBot Oscar reevaluating
ChatterBot Golf reevaluating
ChatterBot Lima reevaluating
ChatterBot Zulu reevaluating
ChatterBot India reevaluating
ChatterBot Foxtrot reevaluating
ChatterBot Kilo reevaluating
ChatterBot Oscar reevaluating
ChatterBot Golf reevaluating
ChatterBot Lima reevaluating
ChatterBot Quebec reevaluating
ChatterBot India reevaluating
ChatterBot Foxtrot reevaluating
ChatterBot Kilo reevaluating
ChatterBot Oscar reevaluating
ChatterBot Golf reevaluating
ChatterBot Lima reevaluating
ChatterBot Quebec reevaluating
ChatterBot Zulu reevaluating
ChatterBot Foxtrot reevaluating
ChatterBot Kilo reevaluating
ChatterBot Oscar reevaluating
ChatterBot Golf reevaluating
ChatterBot Lima reevaluating
ChatterBot Quebec reevaluating
ChatterBot Zulu reevaluating
ChatterBot India reevaluating
ChatterBot Kilo reevaluating
ChatterBot Oscar reevaluating
ChatterBot Golf reevaluating
ChatterBot Lima reevaluating
ChatterBot Quebec reevaluating
ChatterBot Zulu reevaluating
ChatterBot India reevaluating
ChatterBot Foxtrot reevaluating
ChatterBot Oscar reevaluating
ChatterBot Golf reevaluating
ChatterBot Lima reevaluating
ChatterBot Quebec reevaluating
ChatterBot Zulu reevaluating
ChatterBot India reevaluating
ChatterBot Foxtrot reevaluating
ChatterBot Kilo reevaluating
ChatterBot Golf reevaluating
ChatterBot Lima reevaluating
ChatterBot Quebec reevaluating
ChatterBot Zulu reevaluating
ChatterBot India reevaluating
ChatterBot Foxtrot reevaluating
ChatterBot Kilo reevaluating
ChatterBot Oscar reevaluating
ChatterBot Lima reevaluating
ChatterBot Zulu reevaluating
ChatterBot India reevaluating
ChatterBot Foxtrot reevaluating
ChatterBot Zulu reevaluating
ChatterBot India reevaluating
ChatterBot Foxtrot reevaluating
ChatterBot Lima reevaluating
ChatterBot Zulu reevaluating
ChatterBot India reevaluating
ChatterBot Foxtrot reevaluating
ChatterBot Lima reevaluating
ChatterBot India reevaluating
ChatterBot Foxtrot reevaluating
ChatterBot Lima reevaluating
ChatterBot Zulu reevaluating
ChatterBot Foxtrot reevaluating
2024-10-14 23:05:49.822277 Kilo: We should drop Juliett and Foxtrot
2024-10-14 23:05:49.833837 Oscar: Yes
2024-10-14 23:05:49.834537 Golf: Yes
2024-10-14 23:05:49.834714 Lima: No
ChatterBot Lima reevaluating
2024-10-14 23:05:49.868784 Zulu: Quebec we want you to join our group
2024-10-14 23:05:49.873764 Quebec: No
ChatterBot Lima reevaluating
2024-10-14 23:05:49.941823 X-ray: Juliett, Zulu and Lima, sending you 4
2024-10-14 23:05:49.943434 Juliett: Quebec, Zulu, India and Foxtrot, sending you 1
2024-10-14 23:05:49.945181 Oscar: Kilo, sending you 8
2024-10-14 23:05:49.945825 X-ray: India, sending you 1
2024-10-14 23:05:49.973309 Juliett: Lima, sending you 2
2024-10-14 23:05:49.974595 Oscar: Golf, sending you 7
2024-10-14 23:05:49.975040 Quebec: Juliett and Zulu, sending you 4
2024-10-14 23:05:49.976317 India: Juliett, sending you 1
2024-10-14 23:05:49.976698 Foxtrot: Juliett, Quebec and Kilo, sending you 2
2024-10-14 23:05:49.977362 X-ray: Foxtrot, sending you 5
2024-10-14 23:05:49.978636 Kilo: Oscar, sending you 5
2024-10-14 23:05:49.979030 Zulu: Juliett and Quebec, sending you 3
2024-10-14 23:05:49.980887 Quebec: India, Foxtrot and Lima, sending you 3
2024-10-14 23:05:49.981373 India: Quebec and Lima, sending you 6
2024-10-14 23:05:49.981855 Foxtrot: Zulu, Oscar, Golf and Lima, sending you 1
2024-10-14 23:05:49.983186 Kilo: Golf, sending you 8
2024-10-14 23:05:49.983637 Zulu: X-ray, sending you 2
2024-10-14 23:05:49.984195 Golf: Kilo, sending you 9
2024-10-14 23:05:49.985256 Lima: Juliett, Kilo and India, sending you 2
2024-10-14 23:05:49.985978 India: Foxtrot, sending you 4
2024-10-14 23:05:49.987087 Kilo: Lima, sending you 2
2024-10-14 23:05:49.999195 Foxtrot: India, sending you 6
2024-10-14 23:05:49.999833 Zulu: India, Foxtrot and Lima, sending you 4
2024-10-14 23:05:50.000353 Golf: Oscar, sending you 4
2024-10-14 23:05:50.001668 Lima: Quebec, sending you 1
2024-10-14 23:05:50.010763 Golf: Lima, sending you 1
2024-10-14 23:05:50.011742 Lima: Oscar, Golf and Foxtrot, sending you 3
chatterbot Quebec submitting transactions
chatterbot Zulu submitting transactions
chatterbot Foxtrot submitting transactions
chatterbot Oscar submitting transactions
chatterbot Juliett submitting transactions
chatterbot X-ray submitting transactions
chatterbot Golf submitting transactions
chatterbot Kilo submitting transactions
chatterbot India submitting transactions
chatterbot Lima submitting transactions
ChatterBot Juliett round 3
ChatterBot Quebec round 3
ChatterBot X-ray round 3
ChatterBot Zulu round 3
ChatterBot Kilo round 3
ChatterBot India round 3
ChatterBot Oscar round 3
ChatterBot Golf round 3
ChatterBot Foxtrot round 3
ChatterBot Lima round 3
2024-10-14 23:05:52.781840 India: We should add Zulu
ChatterBot Juliett reevaluating
ChatterBot Quebec reevaluating
ChatterBot Foxtrot reevaluating
ChatterBot Lima reevaluating
2024-10-14 23:05:52.807068 Juliett: Yes
2024-10-14 23:05:52.807302 Quebec: Yes
2024-10-14 23:05:52.807457 Foxtrot: Yes
2024-10-14 23:05:52.807608 Lima: Yes
ChatterBot Quebec reevaluating
ChatterBot Foxtrot reevaluating
ChatterBot Lima reevaluating
ChatterBot Juliett reevaluating
ChatterBot Foxtrot reevaluating
ChatterBot Lima reevaluating
ChatterBot Juliett reevaluating
ChatterBot Quebec reevaluating
ChatterBot Lima reevaluating
ChatterBot Juliett reevaluating
ChatterBot Quebec reevaluating
ChatterBot Foxtrot reevaluating
2024-10-14 23:05:52.886150 Juliett: We should add X-ray
2024-10-14 23:05:52.886417 Quebec: We should add X-ray and Oscar
ChatterBot Quebec reevaluating
ChatterBot Zulu reevaluating
ChatterBot Foxtrot reevaluating
ChatterBot Lima reevaluating
2024-10-14 23:05:52.916720 Quebec: Yes
2024-10-14 23:05:52.916913 Zulu: Yes
ChatterBot Zulu reevaluating
2024-10-14 23:05:52.922932 Foxtrot: Yes
ChatterBot Foxtrot reevaluating
2024-10-14 23:05:52.929338 Lima: Yes
ChatterBot Lima reevaluating
2024-10-14 23:05:52.935907 India: Yes
ChatterBot Juliett reevaluating
2024-10-14 23:05:52.946930 Zulu: No
2024-10-14 23:05:52.947108 Foxtrot: No
2024-10-14 23:05:52.947272 Lima: No
2024-10-14 23:05:52.947415 India: No
2024-10-14 23:05:52.948032 Juliett: No
ChatterBot Zulu reevaluating
ChatterBot Foxtrot reevaluating
ChatterBot Lima reevaluating
ChatterBot Juliett reevaluating
ChatterBot Quebec reevaluating
ChatterBot Foxtrot reevaluating
ChatterBot Lima reevaluating
ChatterBot Juliett reevaluating
ChatterBot Quebec reevaluating
ChatterBot Zulu reevaluating
ChatterBot Lima reevaluating
ChatterBot Juliett reevaluating
ChatterBot Quebec reevaluating
ChatterBot Zulu reevaluating
ChatterBot Foxtrot reevaluating
ChatterBot India reevaluating
ChatterBot Juliett reevaluating
ChatterBot Quebec reevaluating
ChatterBot Zulu reevaluating
ChatterBot Foxtrot reevaluating
ChatterBot Lima reevaluating
ChatterBot Juliett reevaluating
ChatterBot Quebec reevaluating
ChatterBot Foxtrot reevaluating
ChatterBot Lima reevaluating
ChatterBot India reevaluating
ChatterBot Juliett reevaluating
ChatterBot Quebec reevaluating
ChatterBot Zulu reevaluating
ChatterBot Lima reevaluating
ChatterBot India reevaluating
ChatterBot Juliett reevaluating
ChatterBot Quebec reevaluating
ChatterBot Zulu reevaluating
ChatterBot Foxtrot reevaluating
ChatterBot India reevaluating
ChatterBot Juliett reevaluating
ChatterBot Quebec reevaluating
ChatterBot Zulu reevaluating
ChatterBot Foxtrot reevaluating
ChatterBot Lima reevaluating
ChatterBot Juliett reevaluating
ChatterBot Quebec reevaluating
ChatterBot Zulu reevaluating
ChatterBot Foxtrot reevaluating
ChatterBot Lima reevaluating
ChatterBot India reevaluating
2024-10-14 23:05:53.447152 X-ray: We should drop Juliett
ChatterBot India reevaluating
2024-10-14 23:05:53.473755 Quebec: No
2024-10-14 23:05:53.474194 Zulu: No
2024-10-14 23:05:53.474598 India: No
2024-10-14 23:05:53.475587 Foxtrot: No
2024-10-14 23:05:53.476269 Lima: No
ChatterBot India reevaluating
ChatterBot Lima reevaluating
ChatterBot India reevaluating
ChatterBot Lima reevaluating
ChatterBot Lima reevaluating
ChatterBot India reevaluating
ChatterBot Lima reevaluating
ChatterBot India reevaluating
2024-10-14 23:05:53.602926 Quebec: X-ray we want you to join our group
2024-10-14 23:05:53.607475 X-ray: No
ChatterBot Juliett reevaluating
ChatterBot India reevaluating
ChatterBot Lima reevaluating
2024-10-14 23:05:53.657339 Foxtrot: Juliett, Quebec and Lima, sending you 2
2024-10-14 23:05:53.658968 Zulu: Juliett, India, Foxtrot and Lima, sending you 3
2024-10-14 23:05:53.659814 Oscar: Kilo, sending you 6
2024-10-14 23:05:53.661010 Kilo: Oscar, sending you 6
2024-10-14 23:05:53.661782 Golf: Kilo, sending you 7
2024-10-14 23:05:53.663155 Juliett: X-ray we want you to join our group
2024-10-14 23:05:53.667901 X-ray: No
2024-10-14 23:05:53.688508 India: Zulu we want you to join our group
2024-10-14 23:05:53.692238 Zulu: Yes
ChatterBot Lima reevaluating
2024-10-14 23:05:53.708997 Foxtrot: X-ray and Zulu, sending you 3
2024-10-14 23:05:53.710114 Zulu: Quebec and X-ray, sending you 4
2024-10-14 23:05:53.710574 Kilo: Golf, sending you 7
2024-10-14 23:05:53.711 Oscar: Golf, sending you 5
2024-10-14 23:05:53.712003 Golf: Oscar, sending you 6
2024-10-14 23:05:53.716284 X-ray: Zulu, sending you 8
2024-10-14 23:05:53.717390 Quebec: Juliett and Lima, sending you 2
2024-10-14 23:05:53.718035 Foxtrot: India, sending you 4
2024-10-14 23:05:53.719066 Oscar: Lima, sending you 4
2024-10-14 23:05:53.719486 Kilo: Lima, sending you 3
2024-10-14 23:05:53.720540 Golf: Lima, sending you 3
2024-10-14 23:05:53.721037 X-ray: India, sending you 2
2024-10-14 23:05:53.733896 Quebec: Zulu, sending you 4
2024-10-14 23:05:53.734456 X-ray: Foxtrot, sending you 5
2024-10-14 23:05:53.734926 Juliett: Quebec, X-ray, Zulu, India and Foxtrot, sending you 1
2024-10-14 23:05:53.739724 Quebec: India, sending you 6
2024-10-14 23:05:53.740597 X-ray: Lima, sending you 3
2024-10-14 23:05:53.741798 India: Juliett, sending you 1
2024-10-14 23:05:53.742303 Juliett: Lima, sending you 2
2024-10-14 23:05:53.743846 Quebec: Foxtrot, sending you 3
2024-10-14 23:05:53.745952 India: Quebec, Zulu, Foxtrot and Lima, sending you 4
2024-10-14 23:05:53.746839 Lima: Juliett, Zulu and Foxtrot, sending you 3
2024-10-14 23:05:53.755419 Lima: Quebec, sending you 2
2024-10-14 23:05:53.768653 Lima: India, sending you 5
chatterbot Oscar submitting transactions
chatterbot Zulu submitting transactions
chatterbot Kilo submitting transactions
chatterbot Juliett submitting transactions
chatterbot Quebec submitting transactions
chatterbot Foxtrot submitting transactions
chatterbot Lima submitting transactions
chatterbot X-ray submitting transactions
chatterbot Golf submitting transactions
chatterbot India submitting transactions
ChatterBot Juliett round 4
ChatterBot Quebec round 4
ChatterBot X-ray round 4
ChatterBot Zulu round 4
ChatterBot Kilo round 4
ChatterBot India round 4
ChatterBot Oscar round 4
ChatterBot Golf round 4
ChatterBot Foxtrot round 4
ChatterBot Lima round 4
2024-10-14 23:05:54.938578 Oscar: We should drop Lima
2024-10-14 23:05:54.947584 Kilo: No
2024-10-14 23:05:54.947809 Golf: No
2024-10-14 23:05:54.969543 Lima: We should add X-ray
2024-10-14 23:05:54.992652 Quebec: Yes
2024-10-14 23:05:54.992939 Zulu: Yes
2024-10-14 23:05:54.993113 Foxtrot: Yes
2024-10-14 23:05:54.993278 India: Yes
2024-10-14 23:05:54.993491 Juliett: Yes
ChatterBot India reevaluating
ChatterBot India reevaluating
ChatterBot India reevaluating
2024-10-14 23:05:55.104323 Lima: X-ray we want you to join our group
2024-10-14 23:05:55.110112 X-ray: No
ChatterBot India reevaluating
2024-10-14 23:05:55.137396 Quebec: Juliett and Lima, sending you 2
2024-10-14 23:05:55.141688 Quebec: X-ray, sending you 1
2024-10-14 23:05:55.142998 Foxtrot: Juliett, sending you 1
2024-10-14 23:05:55.143673 X-ray: Zulu, sending you 9
2024-10-14 23:05:55.144792 Oscar: Kilo, sending you 8
2024-10-14 23:05:55.145100 Juliett: Quebec, X-ray, Zulu, India and Foxtrot, sending you 1
2024-10-14 23:05:55.146207 Kilo: Oscar, sending you 6
2024-10-14 23:05:55.146656 Zulu: Juliett, Quebec, India, Foxtrot and Lima, sending you 3
2024-10-14 23:05:55.147130 Golf: Kilo, sending you 8
2024-10-14 23:05:55.148058 India: X-ray we want you to join our group
2024-10-14 23:05:55.152370 X-ray: Yes
ChatterBot India reevaluating
2024-10-14 23:05:55.173208 Quebec: Zulu, sending you 4
2024-10-14 23:05:55.174813 Foxtrot: Quebec, sending you 2
2024-10-14 23:05:55.176301 X-ray: Foxtrot, sending you 7
2024-10-14 23:05:55.177433 Kilo: Golf, sending you 7
2024-10-14 23:05:55.177916 Oscar: Golf, sending you 7
2024-10-14 23:05:55.178228 Juliett: Lima, sending you 2
2024-10-14 23:05:55.179153 Zulu: X-ray, sending you 5
2024-10-14 23:05:55.180177 Golf: Oscar, sending you 6
2024-10-14 23:05:55.181346 Quebec: India, sending you 5
2024-10-14 23:05:55.181814 Foxtrot: X-ray, Zulu and Lima, sending you 3
2024-10-14 23:05:55.182842 Lima: Juliett, X-ray, Zulu and Foxtrot, sending you 3
2024-10-14 23:05:55.183369 X-ray: Lima, sending you 2
2024-10-14 23:05:55.184557 Kilo: Lima, sending you 3
2024-10-14 23:05:55.185698 Golf: Lima, sending you 2
2024-10-14 23:05:55.186903 Quebec: Foxtrot, sending you 3
2024-10-14 23:05:55.188314 Lima: India, sending you 4
2024-10-14 23:05:55.189098 Foxtrot: India, sending you 4
2024-10-14 23:05:55.214668 India: Quebec, Foxtrot and Lima, sending you 4
2024-10-14 23:05:55.219682 India: X-ray, sending you 2
2024-10-14 23:05:55.224853 India: Zulu, sending you 3
chatterbot Kilo submitting transactions
chatterbot Lima submitting transactions
chatterbot X-ray submitting transactions
chatterbot Zulu submitting transactions
chatterbot Quebec submitting transactions
chatterbot Oscar submitting transactions
chatterbot Juliett submitting transactions
chatterbot Golf submitting transactions
chatterbot Foxtrot submitting transactions
chatterbot India submitting transactions
ChatterBot Juliett round 5
ChatterBot Quebec round 5
ChatterBot X-ray round 5
ChatterBot Zulu round 5
ChatterBot Kilo round 5
ChatterBot India round 5
ChatterBot Oscar round 5
ChatterBot Golf round 5
ChatterBot Foxtrot round 5
ChatterBot Lima round 5
2024-10-14 23:05:56.263745 Kilo: We should replace Lima with Juliett
ChatterBot Golf reevaluating
2024-10-14 23:05:56.274407 Oscar: No
2024-10-14 23:05:56.275394 Golf: No
ChatterBot Kilo reevaluating
ChatterBot Golf reevaluating
ChatterBot Kilo reevaluating
2024-10-14 23:05:56.297235 Golf: We should replace Lima with X-ray
ChatterBot Kilo reevaluating
2024-10-14 23:05:56.306041 Oscar: No
2024-10-14 23:05:56.306251 Kilo: No
ChatterBot Kilo reevaluating
ChatterBot Golf reevaluating
ChatterBot Golf reevaluating
2024-10-14 23:05:56.348795 Kilo: Juliett we want you to join our group
2024-10-14 23:05:56.353592 Juliett: No
ChatterBot Kilo reevaluating
ChatterBot Golf reevaluating
2024-10-14 23:05:56.383682 Quebec: Juliett and Lima, sending you 2
2024-10-14 23:05:56.386366 Oscar: Kilo, sending you 8
2024-10-14 23:05:56.386921 Lima: Juliett, Zulu and Foxtrot, sending you 3
2024-10-14 23:05:56.389036 India: Quebec, Foxtrot and Lima, sending you 4
2024-10-14 23:05:56.390070 Foxtrot: Juliett and Quebec, sending you 2
2024-10-14 23:05:56.391349 Zulu: Juliett, Quebec, India, Foxtrot and Lima, sending you 3
2024-10-14 23:05:56.393071 Juliett: Quebec, X-ray, Zulu, India and Foxtrot, sending you 1
2024-10-14 23:05:56.394083 X-ray: Quebec, sending you 1
2024-10-14 23:05:56.395810 Golf: X-ray we want you to join our group
2024-10-14 23:05:56.400881 X-ray: No
ChatterBot Golf reevaluating
ChatterBot Kilo reevaluating
2024-10-14 23:05:56.409722 Quebec: X-ray, sending you 1
2024-10-14 23:05:56.411194 Oscar: Golf, sending you 7
2024-10-14 23:05:56.411463 India: X-ray, sending you 2
2024-10-14 23:05:56.411852 Lima: Quebec, sending you 1
2024-10-14 23:05:56.412298 Foxtrot: X-ray, Zulu, India and Lima, sending you 3
2024-10-14 23:05:56.412757 Zulu: X-ray, sending you 5
2024-10-14 23:05:56.413769 Juliett: Lima, sending you 2
2024-10-14 23:05:56.414158 X-ray: Zulu, sending you 7
2024-10-14 23:05:56.414511 Golf: Juliett we want you to join our group
2024-10-14 23:05:56.417154 Juliett: No
ChatterBot Kilo reevaluating
ChatterBot Golf reevaluating
2024-10-14 23:05:56.426333 Quebec: Zulu, sending you 4
2024-10-14 23:05:56.426835 India: Zulu, sending you 3
2024-10-14 23:05:56.428159 Lima: X-ray, sending you 2
2024-10-14 23:05:56.428668 X-ray: India, sending you 2
2024-10-14 23:05:56.430688 Kilo: We should drop Lima
ChatterBot Golf reevaluating
2024-10-14 23:05:56.441314 Oscar: Yes
2024-10-14 23:05:56.441457 Golf: Yes
ChatterBot Kilo reevaluating
ChatterBot Golf reevaluating
ChatterBot Kilo reevaluating
2024-10-14 23:05:56.455513 Quebec: India, sending you 5
2024-10-14 23:05:56.456880 X-ray: Foxtrot, sending you 5
2024-10-14 23:05:56.458225 Lima: India, sending you 4
2024-10-14 23:05:56.459038 Golf: We should replace Lima with Quebec
ChatterBot Kilo reevaluating
2024-10-14 23:05:56.465118 Oscar: No
2024-10-14 23:05:56.465214 Kilo: No
ChatterBot Kilo reevaluating
ChatterBot Golf reevaluating
ChatterBot Golf reevaluating
2024-10-14 23:05:56.479096 Quebec: Foxtrot, sending you 3
2024-10-14 23:05:56.479686 X-ray: Lima, sending you 3
2024-10-14 23:05:56.506673 Kilo: Sending you each 8
2024-10-14 23:05:56.510659 Golf: Kilo, sending you 9
2024-10-14 23:05:56.513975 Golf: Oscar, sending you 7
chatterbot India submitting transactions
chatterbot X-ray submitting transactions
chatterbot Golf submitting transactions
chatterbot Foxtrot submitting transactions
chatterbot Zulu submitting transactions
chatterbot Juliett submitting transactions
chatterbot Oscar submitting transactions
chatterbot Lima submitting transactions
chatterbot Quebec submitting transactions
chatterbot Kilo submitting transactions
ChatterBot Juliett round 6
ChatterBot Quebec round 6
ChatterBot X-ray round 6
ChatterBot Zulu round 6
ChatterBot Kilo round 6
ChatterBot India round 6
ChatterBot Oscar round 6
ChatterBot Golf round 6
ChatterBot Foxtrot round 6
ChatterBot Lima round 6
2024-10-14 23:05:57.672803 Kilo: We should add Juliett
2024-10-14 23:05:57.679461 Oscar: No
2024-10-14 23:05:57.679630 Golf: No
ChatterBot Golf reevaluating
ChatterBot Kilo reevaluating
2024-10-14 23:05:57.690588 Golf: We should add Quebec
ChatterBot Kilo reevaluating
2024-10-14 23:05:57.694948 Oscar: No
2024-10-14 23:05:57.695047 Kilo: No
ChatterBot Kilo reevaluating
ChatterBot Golf reevaluating
ChatterBot Golf reevaluating
2024-10-14 23:05:57.715816 Golf: We should add X-ray
ChatterBot Kilo reevaluating
2024-10-14 23:05:57.763161 Oscar: Yes
2024-10-14 23:05:57.763354 Kilo: Yes
ChatterBot Kilo reevaluating
ChatterBot Golf reevaluating
ChatterBot Golf reevaluating
2024-10-14 23:05:57.883956 Golf: X-ray we want you to join our group
2024-10-14 23:05:57.888251 X-ray: No
ChatterBot Kilo reevaluating
2024-10-14 23:05:57.902043 Quebec: Juliett and Lima, sending you 2
2024-10-14 23:05:57.903490 Oscar: Kilo, sending you 8
2024-10-14 23:05:57.905005 Kilo: Quebec we want you to join our group
2024-10-14 23:05:57.909178 Quebec: No
ChatterBot Kilo reevaluating
2024-10-14 23:05:57.921797 Juliett: Quebec, X-ray, Zulu, India and Foxtrot, sending you 1
2024-10-14 23:05:57.922684 Quebec: X-ray, sending you 1
2024-10-14 23:05:57.924302 Oscar: Golf, sending you 7
2024-10-14 23:05:57.924729 X-ray: Quebec, sending you 1
2024-10-14 23:05:57.927674 Juliett: Lima, sending you 2
2024-10-14 23:05:57.929238 India: Quebec, Foxtrot and Lima, sending you 4
2024-10-14 23:05:57.930983 Foxtrot: Juliett and Quebec, sending you 2
2024-10-14 23:05:57.933146 Quebec: Zulu, sending you 4
2024-10-14 23:05:57.934526 Golf: X-ray, sending you 1
2024-10-14 23:05:57.935208 Lima: Juliett, Quebec and X-ray, sending you 2
2024-10-14 23:05:57.937162 Zulu: Juliett, Quebec, India, Foxtrot and Lima, sending you 3
2024-10-14 23:05:57.938715 X-ray: Zulu, sending you 7
2024-10-14 23:05:57.940566 Kilo: X-ray we want you to join our group
2024-10-14 23:05:57.945701 X-ray: No
ChatterBot Kilo reevaluating
2024-10-14 23:05:57.960027 India: X-ray, sending you 2
2024-10-14 23:05:57.961340 Foxtrot: X-ray, Zulu, India and Lima, sending you 3
2024-10-14 23:05:57.963035 Quebec: India, sending you 5
2024-10-14 23:05:57.964890 Golf: Kilo, sending you 8
2024-10-14 23:05:57.966448 Lima: Zulu and Foxtrot, sending you 3
2024-10-14 23:05:57.968179 Zulu: X-ray, sending you 5
2024-10-14 23:05:57.970602 X-ray: India, sending you 2
2024-10-14 23:05:57.971848 India: Zulu, sending you 3
2024-10-14 23:05:57.973731 Quebec: Foxtrot, sending you 3
2024-10-14 23:05:57.975456 Golf: Oscar, sending you 7
2024-10-14 23:05:57.976140 Lima: India, sending you 4
2024-10-14 23:05:57.978291 X-ray: Foxtrot, sending you 5
2024-10-14 23:05:57.983724 X-ray: Lima, sending you 3
2024-10-14 23:05:57.995679 Kilo: X-ray, sending you 2
2024-10-14 23:05:57.998750 Kilo: Oscar and Golf, sending you 7
chatterbot Juliett submitting transactions
chatterbot Zulu submitting transactions
chatterbot Golf submitting transactions
chatterbot Lima submitting transactions
chatterbot Kilo submitting transactions
chatterbot X-ray submitting transactions
chatterbot Foxtrot submitting transactions
chatterbot India submitting transactions
chatterbot Oscar submitting transactions
chatterbot Quebec submitting transactions
ChatterBot Juliett round 7
ChatterBot Quebec round 7
ChatterBot X-ray round 7
ChatterBot Zulu round 7
ChatterBot Kilo round 7
ChatterBot India round 7
ChatterBot Oscar round 7
ChatterBot Golf round 7
ChatterBot Foxtrot round 7
ChatterBot Lima round 7
2024-10-14 23:05:58.887504 Golf: We should drop X-ray
2024-10-14 23:05:58.893091 Oscar: Yes
2024-10-14 23:05:58.893252 Kilo: Yes
ChatterBot Kilo reevaluating
ChatterBot Golf reevaluating
ChatterBot Golf reevaluating
2024-10-14 23:05:58.905009 Kilo: We should replace X-ray with Juliett
ChatterBot Golf reevaluating
2024-10-14 23:05:58.910501 Oscar: No
2024-10-14 23:05:58.910643 Golf: No
ChatterBot Kilo reevaluating
ChatterBot Golf reevaluating
ChatterBot Kilo reevaluating
2024-10-14 23:05:58.922910 Kilo: We should replace X-ray with Quebec
ChatterBot Golf reevaluating
2024-10-14 23:05:58.928666 Oscar: No
2024-10-14 23:05:58.928884 Golf: Yes
ChatterBot Kilo reevaluating
ChatterBot Golf reevaluating
ChatterBot Kilo reevaluating
2024-10-14 23:05:58.939599 Zulu: Juliett, Quebec, India, Foxtrot and Lima, sending you 3
2024-10-14 23:05:58.941238 India: Quebec, Foxtrot and Lima, sending you 4
2024-10-14 23:05:58.941749 Oscar: Kilo, sending you 8
2024-10-14 23:05:58.942040 X-ray: Quebec, sending you 1
2024-10-14 23:05:58.942404 Quebec: Juliett and Lima, sending you 2
2024-10-14 23:05:58.942849 Juliett: Quebec, X-ray, Zulu and India, sending you 1
2024-10-14 23:05:58.944676 Kilo: Quebec we want you to join our group
2024-10-14 23:05:58.949149 Quebec: No
ChatterBot Kilo reevaluating
ChatterBot Golf reevaluating
2024-10-14 23:05:58.962072 Zulu: X-ray, sending you 5
2024-10-14 23:05:58.963403 India: X-ray, sending you 2
2024-10-14 23:05:58.964080 Oscar: Golf, sending you 7
2024-10-14 23:05:58.964525 X-ray: Zulu, sending you 7
2024-10-14 23:05:58.965402 Quebec: X-ray, sending you 1
2024-10-14 23:05:58.967139 Lima: Juliett, Quebec and X-ray, sending you 2
2024-10-14 23:05:58.968180 Juliett: Foxtrot and Lima, sending you 2
2024-10-14 23:05:58.969146 Foxtrot: Juliett and Quebec, sending you 2
2024-10-14 23:05:58.970521 Kilo: Juliett we want you to join our group
2024-10-14 23:05:58.974237 Juliett: No
ChatterBot Kilo reevaluating
ChatterBot Golf reevaluating
2024-10-14 23:05:58.986444 India: Zulu, sending you 3
2024-10-14 23:05:58.987076 X-ray: India, sending you 2
2024-10-14 23:05:58.987680 Quebec: Zulu, sending you 4
2024-10-14 23:05:58.988197 Lima: Zulu and Foxtrot, sending you 3
2024-10-14 23:05:58.989286 Foxtrot: X-ray, Zulu, India and Lima, sending you 3
2024-10-14 23:05:58.990665 X-ray: Foxtrot, sending you 5
2024-10-14 23:05:58.991212 Quebec: India, sending you 5
2024-10-14 23:05:58.992408 Lima: India, sending you 4
2024-10-14 23:05:58.995019 Golf: Juliett we want you to join our group
2024-10-14 23:05:58.997971 Juliett: No
ChatterBot Kilo reevaluating
ChatterBot Golf reevaluating
2024-10-14 23:05:59.005963 X-ray: Lima, sending you 3
2024-10-14 23:05:59.006640 Quebec: Foxtrot, sending you 3
2024-10-14 23:05:59.030672 Golf: Juliett, sending you 1
2024-10-14 23:05:59.034669 Golf: Kilo, sending you 8
2024-10-14 23:05:59.035670 Kilo: Quebec, sending you 2
2024-10-14 23:05:59.038659 Golf: Oscar, sending you 7
2024-10-14 23:05:59.039010 Kilo: Oscar and Golf, sending you 7
chatterbot Oscar submitting transactions
chatterbot Zulu submitting transactions
chatterbot Kilo submitting transactions
chatterbot Juliett submitting transactions
chatterbot Golf submitting transactions
chatterbot Foxtrot submitting transactions
chatterbot X-ray submitting transactions
chatterbot India submitting transactions
chatterbot Quebec submitting transactions
chatterbot Lima submitting transactions
ChatterBot Juliett round 8
ChatterBot Quebec round 8
ChatterBot X-ray round 8
ChatterBot Zulu round 8
ChatterBot Kilo round 8
ChatterBot India round 8
ChatterBot Oscar round 8
ChatterBot Golf round 8
ChatterBot Foxtrot round 8
ChatterBot Lima round 8
2024-10-14 23:06:00.119226 Kilo: We should replace Quebec with Juliett
ChatterBot Golf reevaluating
2024-10-14 23:06:00.126017 Oscar: No
2024-10-14 23:06:00.126189 Golf: No
ChatterBot Kilo reevaluating
ChatterBot Golf reevaluating
ChatterBot Kilo reevaluating
2024-10-14 23:06:00.160690 Juliett: Quebec, X-ray, Zulu and India, sending you 1
2024-10-14 23:06:00.162289 Kilo: We should drop Quebec
2024-10-14 23:06:00.167198 Oscar: Yes
2024-10-14 23:06:00.167347 Golf: Yes
ChatterBot Kilo reevaluating
ChatterBot Kilo reevaluating
2024-10-14 23:06:00.182756 Juliett: Foxtrot and Lima, sending you 2
2024-10-14 23:06:00.185650 Oscar: Kilo, sending you 8
2024-10-14 23:06:00.186693 Zulu: Juliett, Quebec, India, Foxtrot and Lima, sending you 3
2024-10-14 23:06:00.188605 Quebec: Juliett and Lima, sending you 2
2024-10-14 23:06:00.189929 India: Quebec, Foxtrot and Lima, sending you 4
2024-10-14 23:06:00.190933 X-ray: Zulu, sending you 7
2024-10-14 23:06:00.192685 Lima: Juliett, Quebec and X-ray, sending you 2
2024-10-14 23:06:00.194393 Golf: Juliett, sending you 1
2024-10-14 23:06:00.195023 Oscar: Golf, sending you 7
2024-10-14 23:06:00.196347 Zulu: X-ray, sending you 5
2024-10-14 23:06:00.197297 Quebec: X-ray, sending you 1
2024-10-14 23:06:00.198134 India: X-ray, sending you 2
2024-10-14 23:06:00.199212 X-ray: India and Lima, sending you 3
2024-10-14 23:06:00.199813 Lima: Zulu and Foxtrot, sending you 3
2024-10-14 23:06:00.200611 Golf: Kilo, sending you 8
2024-10-14 23:06:00.201 Foxtrot: Juliett and Quebec, sending you 2
2024-10-14 23:06:00.202676 Quebec: Zulu, sending you 4
2024-10-14 23:06:00.203711 India: Zulu, sending you 3
2024-10-14 23:06:00.204702 X-ray: Foxtrot, sending you 5
2024-10-14 23:06:00.205947 Lima: India, sending you 4
2024-10-14 23:06:00.207221 Golf: Oscar, sending you 7
2024-10-14 23:06:00.207790 Foxtrot: X-ray, Zulu, India and Lima, sending you 3
2024-10-14 23:06:00.209764 Quebec: India, sending you 5
2024-10-14 23:06:00.212688 Kilo: Sending you each 8
2024-10-14 23:06:00.213691 Quebec: Foxtrot, sending you 3
chatterbot Juliett submitting transactions
chatterbot India submitting transactions
chatterbot Zulu submitting transactions
chatterbot Golf submitting transactions
chatterbot Oscar submitting transactions
chatterbot Quebec submitting transactions
chatterbot X-ray submitting transactions
chatterbot Foxtrot submitting transactions
chatterbot Kilo submitting transactions
chatterbot Lima submitting transactions
ChatterBot Juliett round 9
ChatterBot Quebec round 9
ChatterBot X-ray round 9
ChatterBot Zulu round 9
ChatterBot Kilo round 9
ChatterBot India round 9
ChatterBot Oscar round 9
ChatterBot Golf round 9
ChatterBot Foxtrot round 9
ChatterBot Lima round 9
2024-10-14 23:06:01.391673 Kilo: We should add Juliett
2024-10-14 23:06:01.396793 Oscar: No
2024-10-14 23:06:01.396956 Golf: Yes
ChatterBot Kilo reevaluating
ChatterBot Golf reevaluating
ChatterBot Kilo reevaluating
2024-10-14 23:06:01.413436 Golf: We should drop Juliett
ChatterBot Kilo reevaluating
2024-10-14 23:06:01.417964 Oscar: Yes
2024-10-14 23:06:01.418081 Kilo: No
ChatterBot Kilo reevaluating
ChatterBot Golf reevaluating
2024-10-14 23:06:01.430221 X-ray: Zulu, sending you 7
2024-10-14 23:06:01.430988 Oscar: Kilo, sending you 8
2024-10-14 23:06:01.431349 India: Quebec, Foxtrot and Lima, sending you 4
2024-10-14 23:06:01.431908 Zulu: Juliett, Quebec, India, Foxtrot and Lima, sending you 3
2024-10-14 23:06:01.432610 Quebec: Juliett, sending you 2
2024-10-14 23:06:01.433922 Juliett: Quebec, X-ray and India, sending you 1
2024-10-14 23:06:01.434725 Oscar: Golf, sending you 7
2024-10-14 23:06:01.435753 X-ray: India and Lima, sending you 3
2024-10-14 23:06:01.437305 India: X-ray, sending you 2
2024-10-14 23:06:01.438147 Zulu: X-ray, sending you 5
2024-10-14 23:06:01.439137 Quebec: Zulu, sending you 4
2024-10-14 23:06:01.440731 Juliett: Zulu, Foxtrot and Lima, sending you 2
2024-10-14 23:06:01.441516 X-ray: Foxtrot, sending you 5
2024-10-14 23:06:01.442596 India: Zulu, sending you 3
