ChatterBot Lima round 1
ChatterBot X-ray round 1
ChatterBot Kilo round 1
ChatterBot Tango round 1
ChatterBot Delta round 1
ChatterBot Bravo round 1
ChatterBot Foxtrot round 1
ChatterBot Whiskey round 1
ChatterBot Oscar round 1
ChatterBot Papa round 1
randomSelections Lima: {Lima, Foxtrot} 
2024-10-14 23:05:46.190081 Lima: Let's form a team
ChatterBot Foxtrot reevaluating
2024-10-14 23:05:46.218140 Foxtrot: Yes
randomSelections Delta: {Delta, Oscar, Whiskey, Bravo, Foxtrot, Tango} 
2024-10-14 23:05:46.237641 Delta: We would work well together
ChatterBot Oscar reevaluating
ChatterBot Whiskey reevaluating
ChatterBot Bravo reevaluating
ChatterBot Foxtrot reevaluating
ChatterBot Tango reevaluating
2024-10-14 23:05:46.252809 Oscar: Yes
2024-10-14 23:05:46.253132 Whiskey: Yes
2024-10-14 23:05:46.253377 Bravo: Yes
2024-10-14 23:05:46.253540 Foxtrot: No
2024-10-14 23:05:46.253765 Tango: Yes
ChatterBot Whiskey reevaluating
ChatterBot Bravo reevaluating
ChatterBot Foxtrot reevaluating
ChatterBot Tango reevaluating
ChatterBot Oscar reevaluating
ChatterBot Bravo reevaluating
ChatterBot Foxtrot reevaluating
ChatterBot Tango reevaluating
ChatterBot Oscar reevaluating
ChatterBot Whiskey reevaluating
ChatterBot Foxtrot reevaluating
ChatterBot Tango reevaluating
ChatterBot Oscar reevaluating
ChatterBot Whiskey reevaluating
ChatterBot Bravo reevaluating
ChatterBot Tango reevaluating
ChatterBot Oscar reevaluating
ChatterBot Whiskey reevaluating
ChatterBot Bravo reevaluating
ChatterBot Foxtrot reevaluating
randomSelections X-ray: {X-ray, Oscar, Lima, Whiskey, Papa} 
2024-10-14 23:05:46.322932 X-ray: Can we be friends?
ChatterBot Oscar reevaluating
ChatterBot Whiskey reevaluating
ChatterBot Papa reevaluating
2024-10-14 23:05:46.333371 Oscar: No
2024-10-14 23:05:46.334180 Lima: No
2024-10-14 23:05:46.334524 Whiskey: No
2024-10-14 23:05:46.334877 Papa: Yes
ChatterBot Whiskey reevaluating
ChatterBot Papa reevaluating
ChatterBot Oscar reevaluating
ChatterBot Whiskey reevaluating
ChatterBot Papa reevaluating
ChatterBot Oscar reevaluating
ChatterBot Papa reevaluating
ChatterBot Oscar reevaluating
ChatterBot Whiskey reevaluating
randomSelections Kilo: {Kilo, Lima, Papa, Bravo} 
2024-10-14 23:05:46.376952 Kilo: Group up?
ChatterBot Papa reevaluating
ChatterBot Bravo reevaluating
2024-10-14 23:05:46.384457 Lima: No
2024-10-14 23:05:46.384920 Papa: No
2024-10-14 23:05:46.385889 Bravo: No
ChatterBot Papa reevaluating
ChatterBot Bravo reevaluating
ChatterBot Bravo reevaluating
ChatterBot Papa reevaluating
2024-10-14 23:05:46.434838 Lima: Sending you 15
2024-10-14 23:05:46.435997 X-ray: Lima, sending you 6
2024-10-14 23:05:46.436374 Oscar: Tango and Bravo, sending you 3
2024-10-14 23:05:46.438918 Delta: Tango and Bravo, sending you 1
2024-10-14 23:05:46.440041 Whiskey: Tango and Oscar, sending you 3
2024-10-14 23:05:46.440392 X-ray: Whiskey and Oscar, sending you 3
2024-10-14 23:05:46.441539 Kilo: Lima and Bravo, sending you 2
2024-10-14 23:05:46.442033 Tango: Delta, Whiskey and Oscar, sending you 1
2024-10-14 23:05:46.443283 Oscar: Delta and Foxtrot, sending you 5
2024-10-14 23:05:46.443917 Delta: Foxtrot, sending you 2
2024-10-14 23:05:46.444297 Bravo: Foxtrot, sending you 1
2024-10-14 23:05:46.453164 Papa: Lima, sending you 4
2024-10-14 23:05:46.455681 X-ray: Papa, sending you 4
2024-10-14 23:05:46.456745 Whiskey: Delta and Foxtrot, sending you 5
2024-10-14 23:05:46.459074 Kilo: Papa, sending you 5
2024-10-14 23:05:46.461277 Foxtrot: Sending you 14
2024-10-14 23:05:46.462216 Tango: Bravo, sending you 4
2024-10-14 23:05:46.464508 Delta: Whiskey and Oscar, sending you 3
2024-10-14 23:05:46.465231 Papa: X-ray, sending you 2
2024-10-14 23:05:46.465698 Whiskey: Bravo, sending you 2
2024-10-14 23:05:46.467904 Tango: Foxtrot, sending you 2
2024-10-14 23:05:46.470672 Papa: Whiskey, sending you 6
2024-10-14 23:05:46.476770 Papa: Oscar, sending you 3
chatterbot Delta submitting transactions
chatterbot Kilo submitting transactions
chatterbot Lima submitting transactions
chatterbot Papa submitting transactions
chatterbot Tango submitting transactions
chatterbot Whiskey submitting transactions
chatterbot Foxtrot submitting transactions
chatterbot X-ray submitting transactions
chatterbot Bravo submitting transactions
chatterbot Oscar submitting transactions
ChatterBot Lima round 2
ChatterBot X-ray round 2
ChatterBot Kilo round 2
ChatterBot Tango round 2
ChatterBot Delta round 2
2024-10-14 23:05:47.613068 Lima: Can we be friends?
ChatterBot Foxtrot reevaluating
ChatterBot X-ray reevaluating
ChatterBot Kilo reevaluating
ChatterBot Papa reevaluating
2024-10-14 23:05:47.651345 Foxtrot: No
2024-10-14 23:05:47.651519 X-ray: Yes
2024-10-14 23:05:47.651656 Kilo: No
2024-10-14 23:05:47.651808 Papa: No
ChatterBot X-ray reevaluating
ChatterBot Kilo reevaluating
ChatterBot Papa reevaluating
ChatterBot Foxtrot reevaluating
ChatterBot Kilo reevaluating
ChatterBot Papa reevaluating
ChatterBot Foxtrot reevaluating
ChatterBot X-ray reevaluating
ChatterBot Papa reevaluating
ChatterBot Foxtrot reevaluating
ChatterBot X-ray reevaluating
ChatterBot Kilo reevaluating
2024-10-14 23:05:47.761060 X-ray: Let's form a team
ChatterBot Foxtrot reevaluating
ChatterBot Kilo reevaluating
ChatterBot Papa reevaluating
2024-10-14 23:05:47.793733 Foxtrot: No
2024-10-14 23:05:47.793954 Kilo: No
2024-10-14 23:05:47.794533 Papa: No
2024-10-14 23:05:47.794703 Lima: Yes
ChatterBot X-ray reevaluating
ChatterBot Kilo reevaluating
ChatterBot Papa reevaluating
ChatterBot Foxtrot reevaluating
ChatterBot X-ray reevaluating
ChatterBot Papa reevaluating
ChatterBot Foxtrot reevaluating
ChatterBot X-ray reevaluating
ChatterBot Kilo reevaluating
ChatterBot Foxtrot reevaluating
ChatterBot X-ray reevaluating
ChatterBot Kilo reevaluating
ChatterBot Papa reevaluating
ChatterBot Bravo round 2
ChatterBot Foxtrot round 2
ChatterBot Whiskey round 2
ChatterBot Oscar round 2
ChatterBot Papa round 2
2024-10-14 23:05:47.933103 Kilo: We should replace Bravo with X-ray
ChatterBot Papa reevaluating
2024-10-14 23:05:47.944640 Papa: Yes
2024-10-14 23:05:47.944836 Lima: Yes
ChatterBot Kilo reevaluating
ChatterBot Kilo reevaluating
ChatterBot Papa reevaluating
2024-10-14 23:05:47.975416 Foxtrot: We should replace Lima with Whiskey
2024-10-14 23:05:47.991705 Foxtrot: Group up?
ChatterBot Oscar reevaluating
2024-10-14 23:05:48.027346 Lima: No
2024-10-14 23:05:48.027509 Tango: No
2024-10-14 23:05:48.027729 Delta: No
2024-10-14 23:05:48.027894 Whiskey: No
2024-10-14 23:05:48.028046 Oscar: No
ChatterBot Foxtrot reevaluating
ChatterBot Whiskey reevaluating
ChatterBot Oscar reevaluating
ChatterBot Foxtrot reevaluating
ChatterBot Whiskey reevaluating
ChatterBot Oscar reevaluating
ChatterBot Foxtrot reevaluating
ChatterBot Whiskey reevaluating
ChatterBot Oscar reevaluating
ChatterBot Foxtrot reevaluating
ChatterBot Oscar reevaluating
ChatterBot Foxtrot reevaluating
ChatterBot Whiskey reevaluating
2024-10-14 23:05:48.148402 Tango: We should drop Bravo and Foxtrot
ChatterBot Whiskey reevaluating
ChatterBot Oscar reevaluating
2024-10-14 23:05:48.164132 Delta: No
2024-10-14 23:05:48.164973 Whiskey: Yes
2024-10-14 23:05:48.165235 Oscar: Yes
ChatterBot Whiskey reevaluating
ChatterBot Oscar reevaluating
ChatterBot Oscar reevaluating
ChatterBot Whiskey reevaluating
2024-10-14 23:05:48.210492 Whiskey: We should group up
ChatterBot Oscar reevaluating
2024-10-14 23:05:48.237755 Tango: No
2024-10-14 23:05:48.238443 Delta: No
2024-10-14 23:05:48.238640 Oscar: Yes
2024-10-14 23:05:48.238810 X-ray: No
ChatterBot Whiskey reevaluating
ChatterBot Oscar reevaluating
ChatterBot Whiskey reevaluating
ChatterBot Oscar reevaluating
ChatterBot Whiskey reevaluating
ChatterBot X-ray reevaluating
ChatterBot Whiskey reevaluating
ChatterBot Delta reevaluating
ChatterBot Oscar reevaluating
2024-10-14 23:05:48.357163 X-ray: Let's form a team
2024-10-14 23:05:48.357422 Delta: Let's form a team
ChatterBot Oscar reevaluating
ChatterBot Delta reevaluating
ChatterBot Whiskey reevaluating
ChatterBot Kilo reevaluating
2024-10-14 23:05:48.392310 Oscar: Yes
ChatterBot Oscar reevaluating
2024-10-14 23:05:48.399266 Tango: No
2024-10-14 23:05:48.405164 Delta: No
2024-10-14 23:05:48.405426 Whiskey: Yes
ChatterBot Whiskey reevaluating
ChatterBot X-ray reevaluating
2024-10-14 23:05:48.416184 Kilo: No
2024-10-14 23:05:48.416456 Papa: No
2024-10-14 23:05:48.417146 Oscar: Yes
2024-10-14 23:05:48.417310 Tango: No
2024-10-14 23:05:48.417474 Whiskey: Yes
2024-10-14 23:05:48.417642 X-ray: Yes
ChatterBot Tango reevaluating
ChatterBot Delta reevaluating
ChatterBot Whiskey reevaluating
ChatterBot X-ray reevaluating
ChatterBot Kilo reevaluating
ChatterBot Oscar reevaluating
ChatterBot Delta reevaluating
ChatterBot Whiskey reevaluating
ChatterBot X-ray reevaluating
ChatterBot Kilo reevaluating
ChatterBot Oscar reevaluating
ChatterBot Tango reevaluating
ChatterBot Whiskey reevaluating
ChatterBot X-ray reevaluating
ChatterBot Kilo reevaluating
ChatterBot Oscar reevaluating
ChatterBot Tango reevaluating
ChatterBot Delta reevaluating
ChatterBot X-ray reevaluating
ChatterBot Kilo reevaluating
ChatterBot Oscar reevaluating
ChatterBot Tango reevaluating
ChatterBot Delta reevaluating
ChatterBot Whiskey reevaluating
ChatterBot X-ray reevaluating
ChatterBot Oscar reevaluating
ChatterBot Tango reevaluating
ChatterBot Delta reevaluating
ChatterBot Whiskey reevaluating
ChatterBot X-ray reevaluating
ChatterBot Kilo reevaluating
ChatterBot Tango reevaluating
ChatterBot Delta reevaluating
ChatterBot Whiskey reevaluating
ChatterBot X-ray reevaluating
ChatterBot Oscar reevaluating
ChatterBot Delta reevaluating
ChatterBot Whiskey reevaluating
ChatterBot X-ray reevaluating
ChatterBot Oscar reevaluating
ChatterBot Tango reevaluating
ChatterBot Delta reevaluating
ChatterBot X-ray reevaluating
ChatterBot Oscar reevaluating
ChatterBot Tango reevaluating
ChatterBot Delta reevaluating
ChatterBot Whiskey reevaluating
chatterbot Lima submitting transactions
2024-10-14 23:05:48.974747 Bravo: We should drop Foxtrot
ChatterBot Delta reevaluating
ChatterBot Whiskey reevaluating
2024-10-14 23:05:49.003979 Tango: Yes
2024-10-14 23:05:49.004739 Delta: Yes
2024-10-14 23:05:49.004930 Whiskey: Yes
2024-10-14 23:05:49.005090 Oscar: Yes
ChatterBot Delta reevaluating
ChatterBot Whiskey reevaluating
ChatterBot Whiskey reevaluating
ChatterBot Delta reevaluating
ChatterBot Delta reevaluating
ChatterBot Whiskey reevaluating
2024-10-14 23:05:49.119396 Lima: X-ray, sending you 4
2024-10-14 23:05:49.424557 Lima: Kilo, sending you 1
2024-10-14 23:05:49.425330 X-ray: Kilo, Tango, Delta and Whiskey, sending you 2
2024-10-14 23:05:49.742297 Lima: Foxtrot, sending you 7
2024-10-14 23:05:49.743373 Papa: X-ray, sending you 7
2024-10-14 23:05:49.743877 Foxtrot: Lima, sending you 11
2024-10-14 23:05:49.744624 Tango: Delta, sending you 3
2024-10-14 23:05:49.745130 X-ray: Papa, sending you 8
2024-10-14 23:05:49.745509 Oscar: X-ray, Delta, Whiskey and Papa, sending you 4
2024-10-14 23:05:49.746805 Kilo: X-ray, Whiskey and Papa, sending you 5
2024-10-14 23:05:49.747226 Bravo: Tango, sending you 4
chatterbot Whiskey submitting transactions
chatterbot Delta submitting transactions
chatterbot Kilo submitting transactions
chatterbot Foxtrot submitting transactions
chatterbot X-ray submitting transactions
2024-10-14 23:05:49.748578 Lima: Papa, sending you 3
2024-10-14 23:05:49.749001 Papa: Kilo, sending you 8
2024-10-14 23:05:49.749661 Foxtrot: Tango and Delta, sending you 1
2024-10-14 23:05:49.749988 Tango: Whiskey and Oscar, sending you 6
2024-10-14 23:05:49.908603 Oscar: Tango, sending you 1
2024-10-14 23:05:49.910064 Bravo: Delta, sending you 2
2024-10-14 23:05:49.910628 Whiskey: X-ray and Delta, sending you 4
2024-10-14 23:05:49.911868 Delta: Tango, sending you 1
2024-10-14 23:05:49.912691 Foxtrot: Whiskey and Oscar, sending you 3
chatterbot Bravo submitting transactions
2024-10-14 23:05:49.914113 Bravo: Whiskey and Oscar, sending you 3
2024-10-14 23:05:49.961327 Whiskey: Kilo and Oscar, sending you 1
2024-10-14 23:05:49.961903 Delta: Whiskey, sending you 5
2024-10-14 23:05:49.985917 Whiskey: Tango, sending you 2
2024-10-14 23:05:49.987027 Delta: Oscar, sending you 4
chatterbot Papa submitting transactions
chatterbot Oscar submitting transactions
2024-10-14 23:05:50.002182 Whiskey: Papa, sending you 6
chatterbot Tango submitting transactions
ChatterBot Lima round 3
ChatterBot X-ray round 3
ChatterBot Kilo round 3
ChatterBot Tango round 3
ChatterBot Delta round 3
ChatterBot Bravo round 3
ChatterBot Foxtrot round 3
ChatterBot Whiskey round 3
ChatterBot Oscar round 3
ChatterBot Papa round 3
2024-10-14 23:05:50.465592 Foxtrot: We should add Bravo
ChatterBot Lima reevaluating
ChatterBot Delta reevaluating
ChatterBot Whiskey reevaluating
ChatterBot Oscar reevaluating
2024-10-14 23:05:50.482784 Lima: No
2024-10-14 23:05:50.482973 Tango: No
2024-10-14 23:05:50.483097 Delta: Yes
2024-10-14 23:05:50.483215 Whiskey: No
2024-10-14 23:05:50.483314 Oscar: Yes
ChatterBot Delta reevaluating
ChatterBot Whiskey reevaluating
ChatterBot Oscar reevaluating
ChatterBot Lima reevaluating
ChatterBot Delta reevaluating
ChatterBot Whiskey reevaluating
ChatterBot Oscar reevaluating
ChatterBot Lima reevaluating
ChatterBot Whiskey reevaluating
ChatterBot Oscar reevaluating
ChatterBot Lima reevaluating
ChatterBot Delta reevaluating
ChatterBot Oscar reevaluating
ChatterBot Lima reevaluating
ChatterBot Delta reevaluating
ChatterBot Whiskey reevaluating
2024-10-14 23:05:50.717859 X-ray: We should add Bravo
ChatterBot Oscar reevaluating
ChatterBot Delta reevaluating
ChatterBot Whiskey reevaluating
ChatterBot Kilo reevaluating
ChatterBot Papa reevaluating
2024-10-14 23:05:50.754864 Oscar: Yes
2024-10-14 23:05:50.755214 Tango: No
2024-10-14 23:05:50.756069 Delta: Yes
2024-10-14 23:05:50.756269 Whiskey: Yes
2024-10-14 23:05:50.756582 Kilo: No
2024-10-14 23:05:50.756889 Papa: No
ChatterBot Delta reevaluating
ChatterBot Whiskey reevaluating
ChatterBot Kilo reevaluating
ChatterBot Papa reevaluating
ChatterBot Oscar reevaluating
ChatterBot Delta reevaluating
ChatterBot Whiskey reevaluating
ChatterBot Kilo reevaluating
ChatterBot Papa reevaluating
ChatterBot Oscar reevaluating
ChatterBot Tango reevaluating
ChatterBot Whiskey reevaluating
ChatterBot Kilo reevaluating
ChatterBot Papa reevaluating
ChatterBot Oscar reevaluating
ChatterBot Tango reevaluating
ChatterBot Delta reevaluating
ChatterBot Kilo reevaluating
ChatterBot Papa reevaluating
ChatterBot Oscar reevaluating
ChatterBot Tango reevaluating
ChatterBot Delta reevaluating
ChatterBot Whiskey reevaluating
ChatterBot Papa reevaluating
ChatterBot Oscar reevaluating
ChatterBot Tango reevaluating
ChatterBot Delta reevaluating
ChatterBot Whiskey reevaluating
ChatterBot Kilo reevaluating
2024-10-14 23:05:50.998435 Papa: We should add Whiskey
ChatterBot Kilo reevaluating
2024-10-14 23:05:51.010511 X-ray: Yes
2024-10-14 23:05:51.010728 Kilo: Yes
ChatterBot Papa reevaluating
ChatterBot Kilo reevaluating
ChatterBot Papa reevaluating
2024-10-14 23:05:51.073895 Foxtrot: Bravo we want you to join our group
2024-10-14 23:05:51.080125 Bravo: No
ChatterBot Lima reevaluating
ChatterBot Tango reevaluating
ChatterBot Delta reevaluating
ChatterBot Whiskey reevaluating
ChatterBot Oscar reevaluating
2024-10-14 23:05:51.118558 X-ray: Bravo we want you to join our group
2024-10-14 23:05:51.125649 Bravo: No
ChatterBot Kilo reevaluating
ChatterBot Papa reevaluating
ChatterBot Tango reevaluating
ChatterBot Delta reevaluating
chatterbot Foxtrot submitting transactions
2024-10-14 23:05:51.168247 Oscar: Bravo we want you to join our group
2024-10-14 23:05:51.174208 Bravo: No
ChatterBot Tango reevaluating
2024-10-14 23:05:51.212908 Tango: We should replace Delta with Bravo
ChatterBot Whiskey reevaluating
2024-10-14 23:05:51.225418 Whiskey: No
2024-10-14 23:05:51.225707 Oscar: No
ChatterBot Tango reevaluating
ChatterBot Tango reevaluating
ChatterBot Whiskey reevaluating
2024-10-14 23:05:51.252578 Delta: Bravo we want you to join our group
2024-10-14 23:05:51.258805 Bravo: No
ChatterBot Tango reevaluating
ChatterBot Delta reevaluating
ChatterBot Whiskey reevaluating
ChatterBot Oscar reevaluating
2024-10-14 23:05:51.302246 Papa: Whiskey we want you to join our group
ChatterBot Whiskey reevaluating
2024-10-14 23:05:51.309110 Whiskey: Yes
2024-10-14 23:05:51.326095 Tango: Bravo we want you to join our group
2024-10-14 23:05:51.331892 Bravo: Yes
ChatterBot Tango reevaluating
ChatterBot Delta reevaluating
ChatterBot Whiskey reevaluating
ChatterBot Oscar reevaluating
2024-10-14 23:05:51.358301 Foxtrot: Lima, sending you 12
2024-10-14 23:05:51.358989 X-ray: Kilo, Whiskey and Oscar, sending you 3
2024-10-14 23:05:51.360132 Bravo: Tango, sending you 6
2024-10-14 23:05:51.360502 Lima: Sending you 15
2024-10-14 23:05:51.380935 Whiskey: Bravo we want you to join our group
2024-10-14 23:05:51.385250 Bravo: No
ChatterBot Tango reevaluating
ChatterBot Delta reevaluating
ChatterBot Whiskey reevaluating
ChatterBot Oscar reevaluating
2024-10-14 23:05:51.443752 Foxtrot: Tango, Delta and Bravo, sending you 1
2024-10-14 23:05:51.445701 X-ray: Tango, Delta and Bravo, sending you 1
2024-10-14 23:05:51.446246 Bravo: Delta, sending you 2
2024-10-14 23:05:51.446683 Kilo: X-ray, sending you 3
2024-10-14 23:05:51.449413 Foxtrot: Whiskey and Oscar, sending you 2
2024-10-14 23:05:51.491574 X-ray: Papa, sending you 4
2024-10-14 23:05:51.493022 Bravo: Whiskey, sending you 3
2024-10-14 23:05:51.493516 Kilo: Whiskey, sending you 2
2024-10-14 23:05:51.493916 Papa: X-ray, sending you 6
2024-10-14 23:05:51.515691 Bravo: Oscar, sending you 4
2024-10-14 23:05:51.516297 Kilo: Papa, sending you 10
2024-10-14 23:05:51.516783 Papa: Kilo, sending you 5
chatterbot Lima submitting transactions
2024-10-14 23:05:51.539396 Delta: X-ray and Bravo, sending you 1
2024-10-14 23:05:51.540793 Papa: Whiskey, sending you 4
2024-10-14 23:05:51.542865 Oscar: X-ray, Bravo, Whiskey and Papa, sending you 2
2024-10-14 23:05:51.544187 Whiskey: X-ray, Kilo, Bravo, Oscar and Papa, sending you 2
2024-10-14 23:05:51.545731 Delta: Tango, sending you 2
2024-10-14 23:05:51.597413 Oscar: Kilo, sending you 1
2024-10-14 23:05:51.599210 Delta: Whiskey and Oscar, sending you 3
2024-10-14 23:05:51.600675 Whiskey: Tango and Delta, sending you 4
2024-10-14 23:05:51.601505 Tango: Bravo, sending you 6
chatterbot Bravo submitting transactions
chatterbot Papa submitting transactions
2024-10-14 23:05:51.817490 Oscar: Tango and Delta, sending you 4
2024-10-14 23:05:51.819427 Tango: Whiskey, sending you 5
2024-10-14 23:05:51.844246 Tango: Oscar, sending you 4
chatterbot Delta submitting transactions
chatterbot Kilo submitting transactions
chatterbot X-ray submitting transactions
chatterbot Whiskey submitting transactions
chatterbot Oscar submitting transactions
chatterbot Tango submitting transactions
ChatterBot Lima round 4
ChatterBot X-ray round 4
ChatterBot Kilo round 4
ChatterBot Tango round 4
ChatterBot Delta round 4
ChatterBot Bravo round 4
ChatterBot Foxtrot round 4
ChatterBot Whiskey round 4
ChatterBot Oscar round 4
ChatterBot Papa round 4
2024-10-14 23:05:52.596678 Delta: We should add Kilo and Papa
2024-10-14 23:05:52.629285 Tango: No
2024-10-14 23:05:52.630313 Bravo: No
2024-10-14 23:05:52.630573 Whiskey: Yes
2024-10-14 23:05:52.630841 Oscar: Yes
2024-10-14 23:05:52.631090 X-ray: Yes
ChatterBot Delta reevaluating
ChatterBot Delta reevaluating
ChatterBot Delta reevaluating
ChatterBot Delta reevaluating
ChatterBot Delta reevaluating
2024-10-14 23:05:52.901381 Delta: Kilo and Papa we want you to join our group
2024-10-14 23:05:52.909376 Kilo: No
2024-10-14 23:05:52.909540 Papa: No
ChatterBot Delta reevaluating
ChatterBot Bravo reevaluating
ChatterBot Delta reevaluating
ChatterBot Bravo reevaluating
2024-10-14 23:05:53.007842 Kilo: X-ray, sending you 4
2024-10-14 23:05:53.008848 Foxtrot: Lima, sending you 14
2024-10-14 23:05:53.009349 Tango: Bravo, sending you 6
2024-10-14 23:05:53.010193 Oscar: X-ray and Whiskey, sending you 2
2024-10-14 23:05:53.010715 Lima: Same as last round
2024-10-14 23:05:53.011029 Papa: X-ray, sending you 5
2024-10-14 23:05:53.011788 Whiskey: X-ray, Kilo, Bravo and Oscar, sending you 2
2024-10-14 23:05:53.012316 X-ray: Kilo and Whiskey, sending you 3
2024-10-14 23:05:53.013378 Kilo: Whiskey, sending you 3
2024-10-14 23:05:53.013737 Foxtrot: Tango, Delta, Whiskey and Oscar, sending you 1
2024-10-14 23:05:53.065375 Tango: Whiskey, sending you 5
2024-10-14 23:05:53.065831 Oscar: Kilo and Papa, sending you 1
2024-10-14 23:05:53.066901 Papa: Kilo, sending you 6
2024-10-14 23:05:53.067209 Whiskey: Tango, sending you 4
2024-10-14 23:05:53.067598 X-ray: Tango and Bravo, sending you 1
2024-10-14 23:05:53.068504 Kilo: Papa, sending you 8
chatterbot Kilo submitting transactions
chatterbot Lima submitting transactions
2024-10-14 23:05:53.069033 Tango: Oscar, sending you 4
2024-10-14 23:05:53.093218 Papa: Whiskey, sending you 4
2024-10-14 23:05:53.094386 Oscar: Tango and Delta, sending you 4
2024-10-14 23:05:53.095118 Whiskey: Delta and Papa, sending you 3
2024-10-14 23:05:53.096130 Bravo: Tango, sending you 7
2024-10-14 23:05:53.096647 X-ray: Delta and Oscar, sending you 2
2024-10-14 23:05:53.097727 Delta: X-ray, Tango and Bravo, sending you 1
2024-10-14 23:05:53.135167 Oscar: Bravo, sending you 3
2024-10-14 23:05:53.136375 Bravo: Delta, sending you 2
2024-10-14 23:05:53.136754 X-ray: Papa, sending you 4
2024-10-14 23:05:53.137849 Delta: Whiskey, sending you 4
2024-10-14 23:05:53.207692 Bravo: Whiskey and Oscar, sending you 4
2024-10-14 23:05:53.208108 Delta: Oscar, sending you 3
chatterbot Whiskey submitting transactions
chatterbot Oscar submitting transactions
chatterbot Papa submitting transactions
chatterbot X-ray submitting transactions
chatterbot Delta submitting transactions
chatterbot Bravo submitting transactions
chatterbot Tango submitting transactions
chatterbot Bravo submitting transactions
chatterbot Foxtrot submitting transactions
ChatterBot Lima round 5
ChatterBot X-ray round 5
ChatterBot Kilo round 5
ChatterBot Tango round 5
ChatterBot Delta round 5
ChatterBot Bravo round 5
ChatterBot Foxtrot round 5
ChatterBot Whiskey round 5
ChatterBot Oscar round 5
ChatterBot Papa round 5
2024-10-14 23:05:53.808230 Delta: We should add Kilo and Papa
ChatterBot Bravo reevaluating
2024-10-14 23:05:53.835333 Tango: No
2024-10-14 23:05:53.835545 Bravo: Yes
2024-10-14 23:05:53.836212 Whiskey: Yes
2024-10-14 23:05:53.836378 Oscar: Yes
2024-10-14 23:05:53.836525 X-ray: Yes
ChatterBot Delta reevaluating
ChatterBot Bravo reevaluating
ChatterBot Delta reevaluating
ChatterBot Delta reevaluating
ChatterBot Bravo reevaluating
ChatterBot Delta reevaluating
ChatterBot Bravo reevaluating
ChatterBot Delta reevaluating
2024-10-14 23:05:53.926395 Bravo: Let's form a team
ChatterBot Bravo reevaluating
ChatterBot Delta reevaluating
2024-10-14 23:05:53.955533 X-ray: Yes
2024-10-14 23:05:53.955706 Kilo: No
2024-10-14 23:05:53.955907 Papa: No
2024-10-14 23:05:53.956016 Tango: No
2024-10-14 23:05:53.956574 Delta: Yes
2024-10-14 23:05:53.956677 Whiskey: Yes
2024-10-14 23:05:53.956803 Oscar: Yes
ChatterBot Delta reevaluating
ChatterBot Bravo reevaluating
ChatterBot Delta reevaluating
ChatterBot Bravo reevaluating
ChatterBot Delta reevaluating
ChatterBot Bravo reevaluating
ChatterBot Delta reevaluating
ChatterBot Bravo reevaluating
ChatterBot Bravo reevaluating
ChatterBot Delta reevaluating
ChatterBot Bravo reevaluating
ChatterBot Delta reevaluating
ChatterBot Bravo reevaluating
2024-10-14 23:05:54.109317 Bravo: We should add X-ray
ChatterBot Delta reevaluating
2024-10-14 23:05:54.119474 Tango: Yes
2024-10-14 23:05:54.119595 Delta: Yes
2024-10-14 23:05:54.119694 Whiskey: Yes
2024-10-14 23:05:54.119785 Oscar: Yes
ChatterBot Bravo reevaluating
ChatterBot Delta reevaluating
ChatterBot Bravo reevaluating
ChatterBot Bravo reevaluating
ChatterBot Delta reevaluating
ChatterBot Bravo reevaluating
ChatterBot Delta reevaluating
2024-10-14 23:05:54.181683 X-ray: Kilo and Whiskey, sending you 3
2024-10-14 23:05:54.186688 Foxtrot: Lima, sending you 14
2024-10-14 23:05:54.187954 X-ray: Tango and Bravo, sending you 1
2024-10-14 23:05:54.188748 Whiskey: X-ray, Kilo, Bravo and Oscar, sending you 2
2024-10-14 23:05:54.189401 Kilo: X-ray, sending you 4
2024-10-14 23:05:54.189844 Tango: Bravo, sending you 6
2024-10-14 23:05:54.190359 Bravo: X-ray and Kilo, sending you 1
2024-10-14 23:05:54.191074 Oscar: X-ray and Whiskey, sending you 2
2024-10-14 23:05:54.192087 Foxtrot: Whiskey and Oscar, sending you 1
2024-10-14 23:05:54.192704 Lima: Same as last round
2024-10-14 23:05:54.193070 Tango: Whiskey, sending you 5
2024-10-14 23:05:54.193684 X-ray: Delta and Oscar, sending you 2
2024-10-14 23:05:54.194278 Whiskey: Tango, sending you 4
2024-10-14 23:05:54.194877 Kilo: Whiskey, sending you 3
2024-10-14 23:05:54.195820 Bravo: Tango, sending you 7
2024-10-14 23:05:54.196681 Oscar: Kilo and Papa, sending you 1
2024-10-14 23:05:54.197335 Delta: X-ray, Tango and Bravo, sending you 1
2024-10-14 23:05:54.197811 Tango: Oscar, sending you 4
2024-10-14 23:05:54.198206 X-ray: Papa, sending you 4
2024-10-14 23:05:54.198752 Papa: X-ray, sending you 5
2024-10-14 23:05:54.199115 Whiskey: Delta and Papa, sending you 3
2024-10-14 23:05:54.200058 Bravo: Delta, sending you 2
2024-10-14 23:05:54.200582 Kilo: Papa, sending you 8
2024-10-14 23:05:54.201703 Oscar: Tango, sending you 5
2024-10-14 23:05:54.202671 Delta: Whiskey, sending you 4
2024-10-14 23:05:54.203442 Bravo: Whiskey and Oscar, sending you 3
2024-10-14 23:05:54.203993 Papa: Kilo, sending you 6
2024-10-14 23:05:54.206689 Oscar: Delta and Bravo, sending you 3
2024-10-14 23:05:54.207436 Delta: Oscar, sending you 3
2024-10-14 23:05:54.207896 Papa: Whiskey, sending you 4
chatterbot Tango submitting transactions
chatterbot Whiskey submitting transactions
chatterbot Oscar submitting transactions
chatterbot Foxtrot submitting transactions
chatterbot Lima submitting transactions
chatterbot Papa submitting transactions
chatterbot Bravo submitting transactions
chatterbot Delta submitting transactions
chatterbot X-ray submitting transactions
chatterbot Kilo submitting transactions
ChatterBot Lima round 6
ChatterBot X-ray round 6
ChatterBot Kilo round 6
ChatterBot Tango round 6
ChatterBot Delta round 6
ChatterBot Bravo round 6
ChatterBot Foxtrot round 6
ChatterBot Whiskey round 6
ChatterBot Oscar round 6
ChatterBot Papa round 6
2024-10-14 23:05:55.371856 Delta: We should add Kilo and Papa
2024-10-14 23:05:55.386537 Tango: No
2024-10-14 23:05:55.386718 Bravo: Yes
2024-10-14 23:05:55.386866 Whiskey: Yes
2024-10-14 23:05:55.386990 Oscar: Yes
2024-10-14 23:05:55.387465 X-ray: Yes
ChatterBot Bravo reevaluating
ChatterBot Bravo reevaluating
ChatterBot Bravo reevaluating
ChatterBot Bravo reevaluating
2024-10-14 23:05:55.474110 Delta: Kilo and Papa we want you to join our group
2024-10-14 23:05:55.478839 Kilo: No
2024-10-14 23:05:55.478984 Papa: No
ChatterBot Bravo reevaluating
ChatterBot Bravo reevaluating
2024-10-14 23:05:55.512657 Kilo: X-ray, sending you 4
2024-10-14 23:05:55.513068 Whiskey: X-ray, Kilo, Bravo and Oscar, sending you 2
2024-10-14 23:05:55.513697 X-ray: Kilo and Whiskey, sending you 3
2024-10-14 23:05:55.514938 Bravo: We should drop Kilo and Papa
ChatterBot Delta reevaluating
2024-10-14 23:05:55.533518 Delta: Yes
2024-10-14 23:05:55.533715 Tango: Yes
2024-10-14 23:05:55.533848 Whiskey: No
2024-10-14 23:05:55.533964 Oscar: No
2024-10-14 23:05:55.534076 X-ray: No
ChatterBot Whiskey reevaluating
ChatterBot X-ray reevaluating
ChatterBot Delta reevaluating
ChatterBot Whiskey reevaluating
ChatterBot Oscar reevaluating
ChatterBot X-ray reevaluating
ChatterBot Delta reevaluating
ChatterBot Oscar reevaluating
ChatterBot X-ray reevaluating
ChatterBot Delta reevaluating
ChatterBot Whiskey reevaluating
ChatterBot X-ray reevaluating
ChatterBot Delta reevaluating
ChatterBot Whiskey reevaluating
ChatterBot Oscar reevaluating
2024-10-14 23:05:55.609066 Tango: Bravo, sending you 6
2024-10-14 23:05:55.609514 Lima: Same as last round
2024-10-14 23:05:55.609839 Kilo: Whiskey, sending you 3
2024-10-14 23:05:55.611668 Tango: Whiskey, sending you 5
2024-10-14 23:05:55.613672 Kilo: Papa, sending you 8
2024-10-14 23:05:55.614052 Foxtrot: Lima, sending you 14
2024-10-14 23:05:55.615097 Papa: X-ray, sending you 5
2024-10-14 23:05:55.616839 Tango: Oscar, sending you 4
2024-10-14 23:05:55.619763 Foxtrot: Whiskey and Oscar, sending you 1
2024-10-14 23:05:55.620244 Papa: Kilo, sending you 6
2024-10-14 23:05:55.624674 Papa: Whiskey, sending you 4
2024-10-14 23:05:55.628680 Delta: X-ray and Tango, sending you 1
2024-10-14 23:05:55.632667 Delta: Bravo, sending you 2
2024-10-14 23:05:55.633680 Bravo: X-ray, sending you 1
2024-10-14 23:05:55.636680 Delta: Whiskey and Oscar, sending you 3
2024-10-14 23:05:55.638673 Bravo: Tango, sending you 7
2024-10-14 23:05:55.639158 Oscar: X-ray, sending you 2
2024-10-14 23:05:55.641665 Bravo: Delta, sending you 2
2024-10-14 23:05:55.642386 Oscar: Kilo and Papa, sending you 1
2024-10-14 23:05:55.646687 Bravo: Whiskey, sending you 3
2024-10-14 23:05:55.647543 Oscar: Tango, sending you 4
2024-10-14 23:05:55.649679 Bravo: Oscar, sending you 4
2024-10-14 23:05:55.651696 Oscar: Delta, Bravo and Whiskey, sending you 3
chatterbot Bravo submitting transactions
chatterbot Kilo submitting transactions
chatterbot Papa submitting transactions
chatterbot Delta submitting transactions
chatterbot Foxtrot submitting transactions
chatterbot Lima submitting transactions
chatterbot Tango submitting transactions
chatterbot Whiskey submitting transactions
chatterbot Oscar submitting transactions
chatterbot X-ray submitting transactions
ChatterBot Lima round 7
ChatterBot X-ray round 7
ChatterBot Kilo round 7
ChatterBot Tango round 7
ChatterBot Delta round 7
ChatterBot Bravo round 7
ChatterBot Foxtrot round 7
ChatterBot Whiskey round 7
ChatterBot Oscar round 7
ChatterBot Papa round 7
2024-10-14 23:05:56.829919 Oscar: We should drop Kilo and Papa
2024-10-14 23:05:56.849593 Delta: Yes
2024-10-14 23:05:56.849850 Tango: Yes
2024-10-14 23:05:56.850046 Bravo: Yes
2024-10-14 23:05:56.850915 Whiskey: Yes
2024-10-14 23:05:56.851107 X-ray: Yes
2024-10-14 23:05:56.949656 Lima: Same as last round
2024-10-14 23:05:56.950695 Kilo: X-ray and Whiskey, sending you 3
2024-10-14 23:05:56.952031 Bravo: X-ray and Delta, sending you 2
2024-10-14 23:05:56.953195 Tango: Bravo, sending you 6
2024-10-14 23:05:56.955667 Kilo: Papa, sending you 9
2024-10-14 23:05:56.958044 Bravo: Tango, sending you 7
2024-10-14 23:05:56.958768 Tango: Whiskey, sending you 5
2024-10-14 23:05:56.959682 Papa: X-ray and Whiskey, sending you 4
2024-10-14 23:05:56.961691 Bravo: Whiskey and Oscar, sending you 3
2024-10-14 23:05:56.962675 Kilo: X-ray did not give me 3 like they said
2024-10-14 23:05:56.972449 Kilo: Whiskey did not give me 2 like they said
ChatterBot X-ray reevaluating
ChatterBot Papa reevaluating
ChatterBot Whiskey reevaluating
2024-10-14 23:05:56.983860 Tango: Oscar, sending you 4
2024-10-14 23:05:56.984353 Oscar: X-ray, Bravo and Whiskey, sending you 3
2024-10-14 23:05:56.987807 Papa: We should drop Whiskey
ChatterBot X-ray reevaluating
ChatterBot Kilo reevaluating
2024-10-14 23:05:56.995293 X-ray: No
2024-10-14 23:05:56.995446 Kilo: Yes
ChatterBot Papa reevaluating
ChatterBot Kilo reevaluating
ChatterBot Papa reevaluating
ChatterBot X-ray reevaluating
2024-10-14 23:05:57.010774 Kilo: We should replace Whiskey with Oscar
ChatterBot Papa reevaluating
ChatterBot X-ray reevaluating
2024-10-14 23:05:57.017835 Papa: No
2024-10-14 23:05:57.017989 X-ray: No
ChatterBot X-ray reevaluating
ChatterBot Kilo reevaluating
ChatterBot Papa reevaluating
ChatterBot Kilo reevaluating
2024-10-14 23:05:57.031568 Delta: X-ray, sending you 2
2024-10-14 23:05:57.032189 Oscar: Tango and Delta, sending you 4
2024-10-14 23:05:57.032624 Foxtrot: Lima, sending you 14
2024-10-14 23:05:57.034686 Delta: Tango and Bravo, sending you 1
2024-10-14 23:05:57.036717 Foxtrot: Whiskey and Oscar, sending you 1
2024-10-14 23:05:57.039692 Delta: Whiskey and Oscar, sending you 3
2024-10-14 23:05:57.042667 Kilo: Oscar we want you to join our group
2024-10-14 23:05:57.046071 Oscar: No
ChatterBot Papa reevaluating
2024-10-14 23:05:57.072773 Kilo: Sorry, I'm actually sending you 0
2024-10-14 23:05:57.081807 Papa: Sorry, I'm actually sending you 0
2024-10-14 23:05:57.082568 Kilo: Oscar, sending you 2
2024-10-14 23:05:57.086676 Papa: X-ray, sending you 6
2024-10-14 23:05:57.087702 Kilo: Papa, sending you 10
2024-10-14 23:05:57.090675 Papa: Kilo, sending you 9
chatterbot Foxtrot submitting transactions
chatterbot Bravo submitting transactions
chatterbot Tango submitting transactions
chatterbot Oscar submitting transactions
chatterbot Delta submitting transactions
chatterbot Lima submitting transactions
chatterbot X-ray submitting transactions
chatterbot Papa submitting transactions
chatterbot Whiskey submitting transactions
chatterbot Kilo submitting transactions
ChatterBot Lima round 8
ChatterBot X-ray round 8
ChatterBot Kilo round 8
ChatterBot Tango round 8
ChatterBot Delta round 8
ChatterBot Bravo round 8
ChatterBot Foxtrot round 8
ChatterBot Whiskey round 8
ChatterBot Oscar round 8
ChatterBot Papa round 8
2024-10-14 23:05:58.311180 Foxtrot: We should add X-ray
ChatterBot Tango reevaluating
ChatterBot Whiskey reevaluating
ChatterBot Oscar reevaluating
2024-10-14 23:05:58.328087 Lima: Yes
2024-10-14 23:05:58.328226 Tango: Yes
2024-10-14 23:05:58.328336 Delta: Yes
2024-10-14 23:05:58.328447 Bravo: Yes
2024-10-14 23:05:58.328552 Whiskey: Yes
2024-10-14 23:05:58.328656 Oscar: Yes
ChatterBot Tango reevaluating
ChatterBot Whiskey reevaluating
ChatterBot Oscar reevaluating
ChatterBot Whiskey reevaluating
ChatterBot Oscar reevaluating
ChatterBot Tango reevaluating
ChatterBot Whiskey reevaluating
ChatterBot Oscar reevaluating
ChatterBot Tango reevaluating
ChatterBot Whiskey reevaluating
ChatterBot Oscar reevaluating
ChatterBot Tango reevaluating
ChatterBot Oscar reevaluating
ChatterBot Tango reevaluating
ChatterBot Whiskey reevaluating
2024-10-14 23:05:58.444752 Foxtrot: X-ray we want you to join our group
2024-10-14 23:05:58.447815 X-ray: No
ChatterBot Tango reevaluating
ChatterBot Whiskey reevaluating
ChatterBot Oscar reevaluating
2024-10-14 23:05:58.465630 Kilo: We should drop Oscar
2024-10-14 23:05:58.470575 Papa: Yes
2024-10-14 23:05:58.470720 X-ray: No
2024-10-14 23:05:58.480552 Tango: X-ray we want you to join our group
2024-10-14 23:05:58.483562 X-ray: Yes
ChatterBot Whiskey reevaluating
2024-10-14 23:05:58.493520 Delta: X-ray, sending you 2
2024-10-14 23:05:58.493988 Bravo: X-ray and Delta, sending you 2
2024-10-14 23:05:58.496680 Lima: Same as last round
2024-10-14 23:05:58.497686 Bravo: Tango, sending you 6
2024-10-14 23:05:58.498426 Papa: X-ray, sending you 5
2024-10-14 23:05:58.498888 Delta: Tango and Bravo, sending you 1
2024-10-14 23:05:58.501695 Bravo: Whiskey, sending you 4
2024-10-14 23:05:58.503121 Foxtrot: Lima, sending you 14
2024-10-14 23:05:58.503668 Papa: Kilo, sending you 10
2024-10-14 23:05:58.504051 Delta: Whiskey and Oscar, sending you 3
2024-10-14 23:05:58.504667 Kilo: X-ray, sending you 3
2024-10-14 23:05:58.506676 Bravo: Oscar, sending you 3
2024-10-14 23:05:58.508658 Kilo: Papa, sending you 12
2024-10-14 23:05:58.512689 Tango: X-ray, sending you 1
2024-10-14 23:05:58.513693 Oscar: X-ray, Delta, Bravo and Whiskey, sending you 3
2024-10-14 23:05:58.515706 Tango: Bravo and Whiskey, sending you 5
2024-10-14 23:05:58.517658 Oscar: Tango, sending you 5
2024-10-14 23:05:58.518666 Tango: Oscar, sending you 4
chatterbot Bravo submitting transactions
chatterbot Papa submitting transactions
chatterbot X-ray submitting transactions
chatterbot Oscar submitting transactions
chatterbot Lima submitting transactions
chatterbot Foxtrot submitting transactions
chatterbot Tango submitting transactions
chatterbot Delta submitting transactions
chatterbot Whiskey submitting transactions
chatterbot Kilo submitting transactions
ChatterBot Lima round 9
ChatterBot X-ray round 9
ChatterBot Kilo round 9
ChatterBot Tango round 9
ChatterBot Delta round 9
ChatterBot Bravo round 9
ChatterBot Foxtrot round 9
ChatterBot Whiskey round 9
2024-10-14 23:05:59.459788 Kilo: We should replace X-ray with Delta
2024-10-14 23:05:59.464099 Papa: No
ChatterBot Oscar round 9
ChatterBot Papa round 9
2024-10-14 23:05:59.491340 Kilo: Delta we want you to join our group
2024-10-14 23:05:59.496674 Delta: No
ChatterBot Kilo reevaluating
2024-10-14 23:05:59.514674 Lima: Same as last round
2024-10-14 23:05:59.523687 Bravo: X-ray and Delta, sending you 2
2024-10-14 23:05:59.525287 Delta: X-ray, sending you 2
2024-10-14 23:05:59.528728 Foxtrot: Lima, sending you 14
2024-10-14 23:05:59.529826 Bravo: Tango, sending you 6
2024-10-14 23:05:59.531400 Delta: Tango and Bravo, sending you 1
2024-10-14 23:05:59.532887 Tango: X-ray, sending you 1
2024-10-14 23:05:59.534658 Bravo: Whiskey, sending you 4
2024-10-14 23:05:59.535498 Delta: Whiskey and Oscar, sending you 3
2024-10-14 23:05:59.536669 Oscar: X-ray, Delta, Bravo and Whiskey, sending you 3
2024-10-14 23:05:59.537475 Kilo: X-ray, sending you 3
2024-10-14 23:05:59.538005 Papa: X-ray, sending you 5
2024-10-14 23:05:59.538842 Tango: Bravo and Whiskey, sending you 5
2024-10-14 23:05:59.539357 Bravo: Oscar, sending you 3
2024-10-14 23:05:59.541691 Oscar: Tango, sending you 5
2024-10-14 23:05:59.542783 Papa: Kilo, sending you 10
2024-10-14 23:05:59.543281 Kilo: Papa, sending you 12
2024-10-14 23:05:59.544118 Tango: Oscar, sending you 4
chatterbot Tango submitting transactions
chatterbot Bravo submitting transactions
chatterbot Lima submitting transactions
chatterbot Whiskey submitting transactions
chatterbot Delta submitting transactions
chatterbot X-ray submitting transactions
chatterbot Oscar submitting transactions
chatterbot Foxtrot submitting transactions
chatterbot Kilo submitting transactions
chatterbot Papa submitting transactions
ChatterBot Lima round 10
ChatterBot X-ray round 10
ChatterBot Kilo round 10
ChatterBot Tango round 10
ChatterBot Delta round 10
ChatterBot Bravo round 10
ChatterBot Foxtrot round 10
ChatterBot Whiskey round 10
ChatterBot Oscar round 10
ChatterBot Papa round 10
2024-10-14 23:06:00.774934 Kilo: We should replace X-ray with Delta
ChatterBot Papa reevaluating
2024-10-14 23:06:00.778877 Papa: No
2024-10-14 23:06:00.809846 Kilo: Delta we want you to join our group
2024-10-14 23:06:00.813375 Delta: No
ChatterBot Papa reevaluating
2024-10-14 23:06:00.824674 Delta: X-ray and Bravo, sending you 2
2024-10-14 23:06:00.826008 Tango: X-ray, sending you 1
2024-10-14 23:06:00.828529 Papa: We should drop X-ray
2024-10-14 23:06:00.835207 Kilo: Yes
2024-10-14 23:06:00.840610 Delta: Whiskey and Oscar, sending you 3
2024-10-14 23:06:00.841495 Tango: Bravo and Whiskey, sending you 5
2024-10-14 23:06:00.841994 Oscar: X-ray, Delta, Bravo and Whiskey, sending you 3
2024-10-14 23:06:00.846665 Tango: Oscar, sending you 4
2024-10-14 23:06:00.847385 Bravo: X-ray and Oscar, sending you 3
2024-10-14 23:06:00.848085 Lima: Same as last round
2024-10-14 23:06:00.848383 Oscar: Tango, sending you 5
2024-10-14 23:06:00.849547 Foxtrot: Lima, sending you 13
2024-10-14 23:06:00.850794 Kilo: Delta, sending you 2
2024-10-14 23:06:00.851669 Bravo: Tango, sending you 6
2024-10-14 23:06:00.854676 Kilo: Papa, sending you 13
2024-10-14 23:06:00.856002 Bravo: Delta, sending you 1
2024-10-14 23:06:00.859661 Bravo: Whiskey, sending you 4
2024-10-14 23:06:00.866679 Papa: Sending you 12
chatterbot X-ray submitting transactions
chatterbot Papa submitting transactions
chatterbot Lima submitting transactions
chatterbot Delta submitting transactions
chatterbot Bravo submitting transactions
chatterbot Tango submitting transactions
chatterbot Oscar submitting transactions
chatterbot Whiskey submitting transactions
chatterbot Foxtrot submitting transactions
chatterbot Kilo submitting transactions
ChatterBot Lima round 11
ChatterBot X-ray round 11
ChatterBot Kilo round 11
