ChatterBot X-ray round 1
ChatterBot Tango round 1
ChatterBot Alpha round 1
ChatterBot Whiskey round 1
ChatterBot India round 1
ChatterBot Victor round 1
ChatterBot Kilo round 1
ChatterBot Zulu round 1
ChatterBot Delta round 1
ChatterBot Bravo round 1
randomSelections Whiskey: {Whiskey, Kilo, X-ray, Victor, Delta, Zulu, India} 
2024-10-14 23:05:46.779034 Whiskey: Group up?
ChatterBot Kilo reevaluating
ChatterBot X-ray reevaluating
ChatterBot Victor reevaluating
ChatterBot Delta reevaluating
ChatterBot Zulu reevaluating
ChatterBot India reevaluating
2024-10-14 23:05:46.791751 Kilo: Yes
2024-10-14 23:05:46.792695 X-ray: Yes
2024-10-14 23:05:46.792827 Victor: Yes
2024-10-14 23:05:46.793012 Delta: Yes
2024-10-14 23:05:46.793111 Zulu: Yes
2024-10-14 23:05:46.793269 India: Yes
ChatterBot X-ray reevaluating
ChatterBot Victor reevaluating
ChatterBot Delta reevaluating
ChatterBot Zulu reevaluating
ChatterBot India reevaluating
ChatterBot Kilo reevaluating
ChatterBot Victor reevaluating
ChatterBot Delta reevaluating
ChatterBot Zulu reevaluating
ChatterBot India reevaluating
ChatterBot Kilo reevaluating
ChatterBot X-ray reevaluating
ChatterBot Delta reevaluating
ChatterBot Zulu reevaluating
ChatterBot India reevaluating
ChatterBot Kilo reevaluating
ChatterBot X-ray reevaluating
ChatterBot Victor reevaluating
ChatterBot Zulu reevaluating
ChatterBot India reevaluating
ChatterBot Kilo reevaluating
ChatterBot X-ray reevaluating
ChatterBot Victor reevaluating
ChatterBot Delta reevaluating
ChatterBot India reevaluating
ChatterBot Kilo reevaluating
ChatterBot X-ray reevaluating
ChatterBot Victor reevaluating
ChatterBot Delta reevaluating
ChatterBot Zulu reevaluating
randomSelections Alpha: {Alpha, Victor, Kilo, Tango, X-ray, Whiskey, Zulu, India} 
2024-10-14 23:05:46.869717 Alpha: We should group up
ChatterBot Victor reevaluating
ChatterBot Kilo reevaluating
ChatterBot Tango reevaluating
ChatterBot X-ray reevaluating
ChatterBot Zulu reevaluating
ChatterBot India reevaluating
2024-10-14 23:05:46.883527 Victor: No
2024-10-14 23:05:46.883823 Kilo: No
2024-10-14 23:05:46.884183 Tango: Yes
2024-10-14 23:05:46.884341 X-ray: No
2024-10-14 23:05:46.885235 Whiskey: No
2024-10-14 23:05:46.885483 Zulu: No
2024-10-14 23:05:46.885773 India: No
ChatterBot Kilo reevaluating
ChatterBot Tango reevaluating
ChatterBot X-ray reevaluating
ChatterBot Zulu reevaluating
ChatterBot India reevaluating
ChatterBot Victor reevaluating
ChatterBot Tango reevaluating
ChatterBot X-ray reevaluating
ChatterBot Zulu reevaluating
ChatterBot India reevaluating
ChatterBot Victor reevaluating
ChatterBot Kilo reevaluating
ChatterBot X-ray reevaluating
ChatterBot Zulu reevaluating
ChatterBot India reevaluating
ChatterBot Victor reevaluating
ChatterBot Kilo reevaluating
ChatterBot Tango reevaluating
ChatterBot Zulu reevaluating
ChatterBot India reevaluating
ChatterBot Victor reevaluating
ChatterBot Kilo reevaluating
ChatterBot Tango reevaluating
ChatterBot X-ray reevaluating
ChatterBot Zulu reevaluating
ChatterBot India reevaluating
ChatterBot Victor reevaluating
ChatterBot Kilo reevaluating
ChatterBot Tango reevaluating
ChatterBot X-ray reevaluating
ChatterBot India reevaluating
ChatterBot Victor reevaluating
ChatterBot Kilo reevaluating
ChatterBot Tango reevaluating
ChatterBot X-ray reevaluating
ChatterBot Zulu reevaluating
randomSelections Bravo: {Bravo, Zulu, Victor, Alpha, X-ray, Whiskey} 
2024-10-14 23:05:46.977386 Bravo: Group up?
ChatterBot Zulu reevaluating
ChatterBot Victor reevaluating
ChatterBot X-ray reevaluating
2024-10-14 23:05:46.987242 Zulu: No
2024-10-14 23:05:46.987444 Victor: No
2024-10-14 23:05:46.987812 Alpha: No
2024-10-14 23:05:46.988199 X-ray: No
2024-10-14 23:05:46.988315 Whiskey: No
ChatterBot Victor reevaluating
ChatterBot X-ray reevaluating
ChatterBot Zulu reevaluating
ChatterBot X-ray reevaluating
ChatterBot Zulu reevaluating
ChatterBot Victor reevaluating
ChatterBot X-ray reevaluating
ChatterBot Zulu reevaluating
ChatterBot Victor reevaluating
ChatterBot Zulu reevaluating
ChatterBot Victor reevaluating
ChatterBot X-ray reevaluating
2024-10-14 23:05:47.055659 Bravo: X-ray, sending you 2
2024-10-14 23:05:47.056738 Whiskey: X-ray and Victor, sending you 2
2024-10-14 23:05:47.059776 Bravo: Alpha and Whiskey, sending you 3
2024-10-14 23:05:47.061312 Whiskey: India, sending you 1
2024-10-14 23:05:47.062335 Tango: Alpha, India, Victor and Kilo, sending you 1
2024-10-14 23:05:47.062884 Victor: X-ray and India, sending you 2
2024-10-14 23:05:47.063906 X-ray: Whiskey, sending you 1
2024-10-14 23:05:47.064350 Alpha: X-ray and India, sending you 1
2024-10-14 23:05:47.065228 Kilo: X-ray, sending you 1
2024-10-14 23:05:47.065680 Bravo: Victor, sending you 5
2024-10-14 23:05:47.066576 Zulu: X-ray and India, sending you 2
2024-10-14 23:05:47.067123 Whiskey: Kilo and Zulu, sending you 3
2024-10-14 23:05:47.068119 Delta: X-ray and Kilo, sending you 1
2024-10-14 23:05:47.068564 India: Whiskey and Delta, sending you 4
2024-10-14 23:05:47.069695 Victor: Whiskey, sending you 4
2024-10-14 23:05:47.070242 X-ray: India and Zulu, sending you 2
2024-10-14 23:05:47.070753 Kilo: Whiskey and India, sending you 2
2024-10-14 23:05:47.071772 Alpha: Tango and Kilo, sending you 4
2024-10-14 23:05:47.072249 Bravo: Zulu, sending you 4
2024-10-14 23:05:47.073123 Zulu: Whiskey and Delta, sending you 4
2024-10-14 23:05:47.073688 Whiskey: Delta, sending you 4
2024-10-14 23:05:47.074710 Delta: India and Victor, sending you 2
2024-10-14 23:05:47.075321 Victor: Kilo and Zulu, sending you 3
2024-10-14 23:05:47.076339 India: Victor and Kilo, sending you 3
2024-10-14 23:05:47.076806 Kilo: Victor, sending you 4
2024-10-14 23:05:47.077257 Alpha: Whiskey and Victor, sending you 3
2024-10-14 23:05:47.078174 Zulu: Victor, sending you 3
2024-10-14 23:05:47.078652 Victor: Delta, sending you 1
2024-10-14 23:05:47.081716 India: Zulu, sending you 2
2024-10-14 23:05:47.082292 Kilo: Zulu, sending you 5
2024-10-14 23:05:47.083268 Zulu: Kilo, sending you 1
2024-10-14 23:05:47.083723 Alpha: Zulu, sending you 2
2024-10-14 23:05:47.085686 Kilo: Delta, sending you 3
chatterbot Delta submitting transactions
chatterbot Zulu submitting transactions
chatterbot Bravo submitting transactions
chatterbot X-ray submitting transactions
chatterbot Alpha submitting transactions
chatterbot Whiskey submitting transactions
chatterbot Kilo submitting transactions
chatterbot Tango submitting transactions
chatterbot India submitting transactions
chatterbot Victor submitting transactions
ChatterBot X-ray round 2
ChatterBot Tango round 2
ChatterBot Alpha round 2
ChatterBot Whiskey round 2
ChatterBot India round 2
ChatterBot Victor round 2
ChatterBot Kilo round 2
ChatterBot Zulu round 2
ChatterBot Delta round 2
ChatterBot Bravo round 2
2024-10-14 23:05:49.522632 Tango: Let's form a team
ChatterBot Alpha reevaluating
ChatterBot X-ray reevaluating
2024-10-14 23:05:49.529828 Alpha: No
2024-10-14 23:05:49.530025 X-ray: No
ChatterBot X-ray reevaluating
ChatterBot Alpha reevaluating
2024-10-14 23:05:49.555934 Whiskey: We should replace Delta with Bravo
ChatterBot X-ray reevaluating
ChatterBot India reevaluating
ChatterBot Victor reevaluating
ChatterBot Kilo reevaluating
ChatterBot Zulu reevaluating
2024-10-14 23:05:49.583671 X-ray: Yes
2024-10-14 23:05:49.583847 India: No
2024-10-14 23:05:49.584029 Victor: No
2024-10-14 23:05:49.584735 Kilo: No
2024-10-14 23:05:49.584894 Zulu: No
ChatterBot Whiskey reevaluating
ChatterBot India reevaluating
ChatterBot Victor reevaluating
ChatterBot Kilo reevaluating
ChatterBot Zulu reevaluating
ChatterBot Whiskey reevaluating
ChatterBot X-ray reevaluating
ChatterBot Victor reevaluating
ChatterBot Kilo reevaluating
ChatterBot Zulu reevaluating
ChatterBot Whiskey reevaluating
ChatterBot X-ray reevaluating
ChatterBot India reevaluating
ChatterBot Kilo reevaluating
ChatterBot Zulu reevaluating
ChatterBot Whiskey reevaluating
ChatterBot X-ray reevaluating
ChatterBot India reevaluating
ChatterBot Victor reevaluating
ChatterBot Zulu reevaluating
ChatterBot Whiskey reevaluating
ChatterBot X-ray reevaluating
ChatterBot India reevaluating
ChatterBot Victor reevaluating
ChatterBot Kilo reevaluating
2024-10-14 23:05:49.790445 India: We should add Bravo and Alpha
2024-10-14 23:05:49.790935 Victor: We should add Bravo and Alpha
2024-10-14 23:05:49.791775 Zulu: We should add Bravo and Alpha
ChatterBot Whiskey reevaluating
ChatterBot Kilo reevaluating
ChatterBot X-ray reevaluating
ChatterBot Victor reevaluating
ChatterBot Delta reevaluating
ChatterBot Zulu reevaluating
2024-10-14 23:05:49.812857 Whiskey: No
ChatterBot Whiskey reevaluating
2024-10-14 23:05:49.816230 Kilo: Yes
ChatterBot Kilo reevaluating
2024-10-14 23:05:49.819732 X-ray: No
ChatterBot X-ray reevaluating
2024-10-14 23:05:49.823529 Victor: Yes
2024-10-14 23:05:49.823746 Delta: No
ChatterBot Delta reevaluating
2024-10-14 23:05:49.827212 Zulu: Yes
ChatterBot Zulu reevaluating
ChatterBot India reevaluating
2024-10-14 23:05:49.834837 Whiskey: No
ChatterBot Whiskey reevaluating
2024-10-14 23:05:49.838452 Kilo: Yes
ChatterBot Kilo reevaluating
2024-10-14 23:05:49.842550 X-ray: No
ChatterBot X-ray reevaluating
ChatterBot Victor reevaluating
2024-10-14 23:05:49.849653 Delta: No
ChatterBot Delta reevaluating
2024-10-14 23:05:49.852829 Zulu: Yes
2024-10-14 23:05:49.853035 India: Yes
ChatterBot India reevaluating
2024-10-14 23:05:49.857212 Whiskey: No
2024-10-14 23:05:49.857794 Kilo: Yes
ChatterBot Kilo reevaluating
2024-10-14 23:05:49.862040 X-ray: No
ChatterBot X-ray reevaluating
2024-10-14 23:05:49.865527 Victor: Yes
ChatterBot Victor reevaluating
2024-10-14 23:05:49.868876 Delta: Yes
ChatterBot Delta reevaluating
ChatterBot Zulu reevaluating
2024-10-14 23:05:49.876013 India: Yes
ChatterBot India reevaluating
ChatterBot Whiskey reevaluating
ChatterBot X-ray reevaluating
ChatterBot Victor reevaluating
ChatterBot Delta reevaluating
ChatterBot Zulu reevaluating
ChatterBot India reevaluating
ChatterBot Whiskey reevaluating
ChatterBot Kilo reevaluating
ChatterBot Victor reevaluating
ChatterBot Delta reevaluating
ChatterBot Zulu reevaluating
ChatterBot India reevaluating
ChatterBot Whiskey reevaluating
ChatterBot Kilo reevaluating
ChatterBot X-ray reevaluating
ChatterBot Delta reevaluating
ChatterBot Zulu reevaluating
ChatterBot India reevaluating
ChatterBot Whiskey reevaluating
ChatterBot Kilo reevaluating
ChatterBot X-ray reevaluating
ChatterBot Victor reevaluating
ChatterBot Zulu reevaluating
ChatterBot India reevaluating
ChatterBot Whiskey reevaluating
ChatterBot Kilo reevaluating
ChatterBot X-ray reevaluating
ChatterBot Victor reevaluating
ChatterBot Delta reevaluating
ChatterBot India reevaluating
ChatterBot Kilo reevaluating
ChatterBot X-ray reevaluating
ChatterBot Victor reevaluating
ChatterBot Delta reevaluating
ChatterBot Zulu reevaluating
ChatterBot India reevaluating
ChatterBot Whiskey reevaluating
ChatterBot X-ray reevaluating
ChatterBot Victor reevaluating
ChatterBot Delta reevaluating
ChatterBot Zulu reevaluating
ChatterBot India reevaluating
ChatterBot Whiskey reevaluating
ChatterBot Kilo reevaluating
ChatterBot Victor reevaluating
ChatterBot Delta reevaluating
ChatterBot Zulu reevaluating
ChatterBot India reevaluating
ChatterBot Whiskey reevaluating
ChatterBot Kilo reevaluating
ChatterBot X-ray reevaluating
ChatterBot Victor reevaluating
ChatterBot Zulu reevaluating
ChatterBot India reevaluating
ChatterBot Whiskey reevaluating
ChatterBot Kilo reevaluating
ChatterBot X-ray reevaluating
ChatterBot Victor reevaluating
ChatterBot Delta reevaluating
ChatterBot India reevaluating
ChatterBot Whiskey reevaluating
ChatterBot Kilo reevaluating
ChatterBot X-ray reevaluating
ChatterBot Victor reevaluating
ChatterBot Delta reevaluating
ChatterBot Zulu reevaluating
ChatterBot Kilo reevaluating
ChatterBot X-ray reevaluating
ChatterBot Victor reevaluating
ChatterBot Delta reevaluating
ChatterBot Zulu reevaluating
ChatterBot India reevaluating
ChatterBot Whiskey reevaluating
ChatterBot X-ray reevaluating
ChatterBot Victor reevaluating
ChatterBot Delta reevaluating
ChatterBot Zulu reevaluating
ChatterBot India reevaluating
ChatterBot Whiskey reevaluating
ChatterBot Kilo reevaluating
ChatterBot Victor reevaluating
ChatterBot Delta reevaluating
ChatterBot Zulu reevaluating
ChatterBot India reevaluating
ChatterBot Whiskey reevaluating
ChatterBot Kilo reevaluating
ChatterBot X-ray reevaluating
ChatterBot Delta reevaluating
ChatterBot Zulu reevaluating
ChatterBot India reevaluating
ChatterBot Whiskey reevaluating
ChatterBot Kilo reevaluating
ChatterBot X-ray reevaluating
ChatterBot Victor reevaluating
ChatterBot Zulu reevaluating
ChatterBot India reevaluating
ChatterBot Whiskey reevaluating
ChatterBot Kilo reevaluating
ChatterBot X-ray reevaluating
ChatterBot Victor reevaluating
ChatterBot Delta reevaluating
ChatterBot Zulu reevaluating
2024-10-14 23:05:50.385665 Bravo: We would work well together
ChatterBot X-ray reevaluating
ChatterBot Whiskey reevaluating
ChatterBot India reevaluating
ChatterBot Victor reevaluating
ChatterBot Kilo reevaluating
ChatterBot Zulu reevaluating
ChatterBot Delta reevaluating
2024-10-14 23:05:50.407821 X-ray: No
2024-10-14 23:05:50.407985 Whiskey: No
2024-10-14 23:05:50.408100 India: Yes
2024-10-14 23:05:50.408212 Victor: Yes
2024-10-14 23:05:50.408317 Kilo: Yes
2024-10-14 23:05:50.408984 Zulu: Yes
2024-10-14 23:05:50.409093 Delta: Yes
ChatterBot Whiskey reevaluating
ChatterBot India reevaluating
ChatterBot Victor reevaluating
ChatterBot Kilo reevaluating
ChatterBot Zulu reevaluating
ChatterBot Delta reevaluating
ChatterBot X-ray reevaluating
ChatterBot India reevaluating
ChatterBot Victor reevaluating
ChatterBot Kilo reevaluating
ChatterBot Zulu reevaluating
ChatterBot Delta reevaluating
ChatterBot Bravo reevaluating
ChatterBot X-ray reevaluating
ChatterBot Whiskey reevaluating
ChatterBot Victor reevaluating
ChatterBot Kilo reevaluating
ChatterBot Zulu reevaluating
ChatterBot Delta reevaluating
ChatterBot Bravo reevaluating
ChatterBot X-ray reevaluating
ChatterBot Whiskey reevaluating
ChatterBot India reevaluating
ChatterBot Kilo reevaluating
ChatterBot Zulu reevaluating
ChatterBot Delta reevaluating
ChatterBot Bravo reevaluating
ChatterBot X-ray reevaluating
ChatterBot Whiskey reevaluating
ChatterBot India reevaluating
ChatterBot Victor reevaluating
ChatterBot Zulu reevaluating
ChatterBot Delta reevaluating
ChatterBot Bravo reevaluating
ChatterBot X-ray reevaluating
ChatterBot Whiskey reevaluating
ChatterBot India reevaluating
ChatterBot Victor reevaluating
ChatterBot Kilo reevaluating
ChatterBot Delta reevaluating
ChatterBot Bravo reevaluating
ChatterBot X-ray reevaluating
ChatterBot Whiskey reevaluating
ChatterBot India reevaluating
ChatterBot Victor reevaluating
ChatterBot Kilo reevaluating
ChatterBot Zulu reevaluating
2024-10-14 23:05:50.750863 Whiskey: We should replace X-ray with Bravo
ChatterBot India reevaluating
ChatterBot Victor reevaluating
ChatterBot Kilo reevaluating
ChatterBot Zulu reevaluating
ChatterBot Delta reevaluating
2024-10-14 23:05:50.779847 India: No
2024-10-14 23:05:50.780278 Victor: No
2024-10-14 23:05:50.780528 Kilo: No
2024-10-14 23:05:50.780813 Zulu: No
2024-10-14 23:05:50.781473 Delta: No
ChatterBot Whiskey reevaluating
ChatterBot Victor reevaluating
ChatterBot Kilo reevaluating
ChatterBot Zulu reevaluating
ChatterBot Delta reevaluating
ChatterBot Whiskey reevaluating
ChatterBot India reevaluating
ChatterBot Kilo reevaluating
ChatterBot Zulu reevaluating
ChatterBot Delta reevaluating
ChatterBot Whiskey reevaluating
ChatterBot India reevaluating
ChatterBot Victor reevaluating
ChatterBot Zulu reevaluating
ChatterBot Delta reevaluating
ChatterBot Whiskey reevaluating
ChatterBot India reevaluating
ChatterBot Victor reevaluating
ChatterBot Kilo reevaluating
ChatterBot Delta reevaluating
ChatterBot Whiskey reevaluating
ChatterBot India reevaluating
ChatterBot Victor reevaluating
ChatterBot Kilo reevaluating
ChatterBot Zulu reevaluating
2024-10-14 23:05:51.076955 Zulu: Bravo and Alpha we want you to join our group
ChatterBot Bravo reevaluating
2024-10-14 23:05:51.084483 Bravo: No
2024-10-14 23:05:51.085173 Alpha: No
ChatterBot X-ray reevaluating
ChatterBot Whiskey reevaluating
ChatterBot Delta reevaluating
ChatterBot X-ray reevaluating
ChatterBot Whiskey reevaluating
ChatterBot Delta reevaluating
ChatterBot Bravo reevaluating
2024-10-14 23:05:51.137085 Tango: X-ray and Alpha, sending you 1
2024-10-14 23:05:51.138136 India: Bravo and Alpha we want you to join our group
ChatterBot Bravo reevaluating
2024-10-14 23:05:51.145629 Bravo: No
2024-10-14 23:05:51.145786 Alpha: No
ChatterBot X-ray reevaluating
ChatterBot X-ray reevaluating
ChatterBot Delta reevaluating
ChatterBot Bravo reevaluating
2024-10-14 23:05:51.197457 Kilo: Bravo and Alpha we want you to join our group
ChatterBot Bravo reevaluating
2024-10-14 23:05:51.204822 Bravo: No
2024-10-14 23:05:51.205013 Alpha: No
ChatterBot X-ray reevaluating
ChatterBot Delta reevaluating
ChatterBot X-ray reevaluating
ChatterBot Victor reevaluating
ChatterBot Delta reevaluating
ChatterBot Bravo reevaluating
chatterbot Tango submitting transactions
2024-10-14 23:05:51.258632 Whiskey: Bravo we want you to join our group
ChatterBot Bravo reevaluating
2024-10-14 23:05:51.262901 Bravo: Yes
ChatterBot Victor reevaluating
ChatterBot Delta reevaluating
2024-10-14 23:05:51.283144 Alpha: Tango, sending you 5
2024-10-14 23:05:51.283521 X-ray: Bravo we want you to join our group
ChatterBot Bravo reevaluating
2024-10-14 23:05:51.287787 Bravo: Yes
ChatterBot Victor reevaluating
2024-10-14 23:05:51.306145 Alpha: Bravo, sending you 13
2024-10-14 23:05:51.306543 Delta: Bravo and Alpha we want you to join our group
ChatterBot Bravo reevaluating
2024-10-14 23:05:51.313702 Bravo: No
2024-10-14 23:05:51.313922 Alpha: No
ChatterBot X-ray reevaluating
ChatterBot Victor reevaluating
ChatterBot Delta reevaluating
ChatterBot X-ray reevaluating
ChatterBot Victor reevaluating
ChatterBot Delta reevaluating
ChatterBot Bravo reevaluating
2024-10-14 23:05:51.365377 Zulu: X-ray, Alpha, Whiskey, India and Victor, sending you 2
2024-10-14 23:05:51.385264 India: X-ray, Victor, Kilo, Zulu and Delta, sending you 3
2024-10-14 23:05:51.385996 Kilo: Alpha, sending you 5
2024-10-14 23:05:51.386928 Whiskey: India, Victor, Zulu and Bravo, sending you 3
2024-10-14 23:05:51.387261 Zulu: Kilo and Bravo, sending you 3
2024-10-14 23:05:51.388098 Victor: Bravo and Alpha we want you to join our group
ChatterBot Bravo reevaluating
2024-10-14 23:05:51.394858 Bravo: No
2024-10-14 23:05:51.395117 Alpha: No
ChatterBot X-ray reevaluating
ChatterBot Victor reevaluating
ChatterBot Delta reevaluating
ChatterBot X-ray reevaluating
ChatterBot Victor reevaluating
ChatterBot Delta reevaluating
ChatterBot Bravo reevaluating
2024-10-14 23:05:51.563099 India: Alpha and Whiskey, sending you 2
2024-10-14 23:05:51.564604 Kilo: Whiskey, sending you 4
2024-10-14 23:05:51.565997 Whiskey: Kilo, sending you 2
2024-10-14 23:05:51.566761 Zulu: Delta, sending you 1
chatterbot Whiskey submitting transactions
2024-10-14 23:05:51.568676 Delta: Bravo we want you to join our group
ChatterBot Bravo reevaluating
2024-10-14 23:05:51.573358 Bravo: Yes
ChatterBot X-ray reevaluating
ChatterBot Victor reevaluating
ChatterBot Delta reevaluating
2024-10-14 23:05:51.596943 Kilo: India and Victor, sending you 3
2024-10-14 23:05:51.597843 Whiskey: Delta, sending you 1
2024-10-14 23:05:51.827436 Kilo: Zulu and Delta, sending you 1
chatterbot Zulu submitting transactions
2024-10-14 23:05:51.852349 Bravo: X-ray, Whiskey and India, sending you 3
2024-10-14 23:05:51.857844 Bravo: Victor, Kilo, Zulu and Delta, sending you 2
2024-10-14 23:05:51.858404 X-ray: Whiskey, Victor, Zulu and Bravo, sending you 4
2024-10-14 23:05:52.003732 Victor: Alpha, Whiskey, India, Kilo, Zulu and Delta, sending you 2
2024-10-14 23:05:52.004531 Delta: X-ray, Alpha and Bravo, sending you 1
2024-10-14 23:05:52.005500 X-ray: Kilo, sending you 1
chatterbot Bravo submitting transactions
chatterbot Alpha submitting transactions
2024-10-14 23:05:52.014386 Victor: Bravo, sending you 3
2024-10-14 23:05:52.015525 Delta: Whiskey and India, sending you 4
2024-10-14 23:05:52.023396 Delta: Victor, sending you 2
2024-10-14 23:05:52.040205 Delta: Kilo and Zulu, sending you 3
chatterbot Kilo submitting transactions
chatterbot India submitting transactions
chatterbot Delta submitting transactions
chatterbot Victor submitting transactions
chatterbot X-ray submitting transactions
ChatterBot X-ray round 3
ChatterBot Tango round 3
ChatterBot Alpha round 3
ChatterBot Whiskey round 3
ChatterBot India round 3
2024-10-14 23:05:52.618590 X-ray: We should add Delta
ChatterBot Whiskey reevaluating
ChatterBot India reevaluating
ChatterBot Bravo reevaluating
2024-10-14 23:05:52.638170 Whiskey: Yes
2024-10-14 23:05:52.638842 India: Yes
2024-10-14 23:05:52.639006 Victor: Yes
2024-10-14 23:05:52.639170 Kilo: Yes
2024-10-14 23:05:52.639365 Zulu: Yes
2024-10-14 23:05:52.639550 Bravo: Yes
ChatterBot India reevaluating
ChatterBot Bravo reevaluating
ChatterBot Whiskey reevaluating
ChatterBot Bravo reevaluating
ChatterBot Whiskey reevaluating
ChatterBot India reevaluating
ChatterBot Bravo reevaluating
ChatterBot Whiskey reevaluating
ChatterBot India reevaluating
ChatterBot Bravo reevaluating
ChatterBot Whiskey reevaluating
ChatterBot India reevaluating
ChatterBot Bravo reevaluating
ChatterBot Whiskey reevaluating
ChatterBot India reevaluating
2024-10-14 23:05:52.766674 Bravo: We should add Alpha
ChatterBot Whiskey reevaluating
ChatterBot India reevaluating
2024-10-14 23:05:52.802494 X-ray: No
2024-10-14 23:05:52.802721 Whiskey: Yes
2024-10-14 23:05:52.802890 India: Yes
2024-10-14 23:05:52.803500 Victor: Yes
2024-10-14 23:05:52.803607 Kilo: Yes
2024-10-14 23:05:52.803719 Zulu: Yes
2024-10-14 23:05:52.803821 Delta: Yes
ChatterBot Bravo reevaluating
ChatterBot Whiskey reevaluating
ChatterBot India reevaluating
ChatterBot Bravo reevaluating
ChatterBot India reevaluating
ChatterBot Bravo reevaluating
ChatterBot Whiskey reevaluating
ChatterBot Bravo reevaluating
ChatterBot Whiskey reevaluating
ChatterBot India reevaluating
ChatterBot Bravo reevaluating
ChatterBot Whiskey reevaluating
ChatterBot India reevaluating
ChatterBot Bravo reevaluating
ChatterBot Whiskey reevaluating
ChatterBot India reevaluating
ChatterBot Bravo reevaluating
ChatterBot Whiskey reevaluating
ChatterBot India reevaluating
ChatterBot Victor round 3
ChatterBot Kilo round 3
ChatterBot Zulu round 3
ChatterBot Delta round 3
ChatterBot Bravo round 3
2024-10-14 23:05:53.027509 Alpha: We would work well together
ChatterBot Zulu reevaluating
ChatterBot Whiskey reevaluating
ChatterBot India reevaluating
ChatterBot Victor reevaluating
ChatterBot Kilo reevaluating
ChatterBot Delta reevaluating
ChatterBot Bravo reevaluating
2024-10-14 23:05:53.079372 Zulu: Yes
2024-10-14 23:05:53.079562 X-ray: No
2024-10-14 23:05:53.079741 Whiskey: Yes
2024-10-14 23:05:53.080332 India: Yes
2024-10-14 23:05:53.080515 Victor: Yes
2024-10-14 23:05:53.080682 Kilo: Yes
2024-10-14 23:05:53.080841 Delta: Yes
2024-10-14 23:05:53.080998 Bravo: Yes
ChatterBot Whiskey reevaluating
ChatterBot India reevaluating
ChatterBot Victor reevaluating
ChatterBot Kilo reevaluating
ChatterBot Delta reevaluating
ChatterBot Bravo reevaluating
ChatterBot Zulu reevaluating
ChatterBot Whiskey reevaluating
ChatterBot India reevaluating
ChatterBot Victor reevaluating
ChatterBot Kilo reevaluating
ChatterBot Delta reevaluating
ChatterBot Bravo reevaluating
ChatterBot Zulu reevaluating
ChatterBot India reevaluating
ChatterBot Victor reevaluating
ChatterBot Kilo reevaluating
ChatterBot Delta reevaluating
ChatterBot Bravo reevaluating
ChatterBot Zulu reevaluating
ChatterBot Whiskey reevaluating
ChatterBot Victor reevaluating
ChatterBot Kilo reevaluating
ChatterBot Delta reevaluating
ChatterBot Bravo reevaluating
ChatterBot Zulu reevaluating
ChatterBot X-ray reevaluating
ChatterBot Whiskey reevaluating
ChatterBot India reevaluating
ChatterBot Kilo reevaluating
ChatterBot Delta reevaluating
ChatterBot Bravo reevaluating
ChatterBot Zulu reevaluating
ChatterBot X-ray reevaluating
ChatterBot Whiskey reevaluating
ChatterBot India reevaluating
ChatterBot Victor reevaluating
ChatterBot Delta reevaluating
ChatterBot Bravo reevaluating
ChatterBot Zulu reevaluating
ChatterBot X-ray reevaluating
ChatterBot Whiskey reevaluating
ChatterBot India reevaluating
ChatterBot Victor reevaluating
ChatterBot Kilo reevaluating
ChatterBot Bravo reevaluating
ChatterBot Zulu reevaluating
ChatterBot X-ray reevaluating
ChatterBot Whiskey reevaluating
ChatterBot India reevaluating
ChatterBot Victor reevaluating
ChatterBot Kilo reevaluating
ChatterBot Delta reevaluating
2024-10-14 23:05:53.598160 Bravo: We should add Alpha
ChatterBot X-ray reevaluating
ChatterBot Whiskey reevaluating
ChatterBot Victor reevaluating
ChatterBot Kilo reevaluating
ChatterBot Zulu reevaluating
ChatterBot Delta reevaluating
2024-10-14 23:05:53.643544 X-ray: No
2024-10-14 23:05:53.650460 Whiskey: Yes
2024-10-14 23:05:53.653048 India: Yes
2024-10-14 23:05:53.653545 Victor: Yes
2024-10-14 23:05:53.653971 Kilo: Yes
2024-10-14 23:05:53.655280 Zulu: Yes
2024-10-14 23:05:53.655452 Delta: Yes
ChatterBot Whiskey reevaluating
ChatterBot Victor reevaluating
ChatterBot Kilo reevaluating
ChatterBot Zulu reevaluating
ChatterBot Delta reevaluating
ChatterBot X-ray reevaluating
ChatterBot Victor reevaluating
ChatterBot Kilo reevaluating
ChatterBot Zulu reevaluating
ChatterBot Delta reevaluating
ChatterBot X-ray reevaluating
ChatterBot Whiskey reevaluating
ChatterBot Victor reevaluating
ChatterBot Kilo reevaluating
ChatterBot Zulu reevaluating
ChatterBot Delta reevaluating
ChatterBot X-ray reevaluating
ChatterBot Whiskey reevaluating
ChatterBot Kilo reevaluating
ChatterBot Zulu reevaluating
ChatterBot Delta reevaluating
ChatterBot X-ray reevaluating
ChatterBot Whiskey reevaluating
ChatterBot Victor reevaluating
ChatterBot Zulu reevaluating
ChatterBot Delta reevaluating
ChatterBot X-ray reevaluating
ChatterBot Whiskey reevaluating
ChatterBot Victor reevaluating
ChatterBot Kilo reevaluating
ChatterBot Delta reevaluating
ChatterBot X-ray reevaluating
ChatterBot Whiskey reevaluating
ChatterBot Victor reevaluating
ChatterBot Kilo reevaluating
ChatterBot Zulu reevaluating
2024-10-14 23:05:53.907402 Tango: We should drop X-ray
2024-10-14 23:05:53.909766 Alpha: Yes
2024-10-14 23:05:53.925123 Whiskey: X-ray and Alpha we want you to join our group
ChatterBot X-ray reevaluating
2024-10-14 23:05:53.931289 X-ray: No
2024-10-14 23:05:53.931918 Alpha: Yes
ChatterBot X-ray reevaluating
2024-10-14 23:05:53.969880 Bravo: Alpha we want you to join our group
2024-10-14 23:05:53.972652 Alpha: Yes
ChatterBot X-ray reevaluating
2024-10-14 23:05:53.991411 Alpha: India, sending you 2
2024-10-14 23:05:53.994677 X-ray: Delta we want you to join our group
2024-10-14 23:05:53.998841 Delta: Yes
ChatterBot X-ray reevaluating
2024-10-14 23:05:54.019308 Delta: X-ray and Alpha, sending you 1
2024-10-14 23:05:54.020331 Kilo: X-ray and Bravo, sending you 1
2024-10-14 23:05:54.020925 India: X-ray, sending you 1
2024-10-14 23:05:54.021455 Alpha: Victor, Zulu and Bravo, sending you 3
2024-10-14 23:05:54.021971 Tango: Same as last round
2024-10-14 23:05:54.022248 Victor: X-ray, Whiskey, India, Kilo, Zulu, Delta and Bravo, sending you 2
2024-10-14 23:05:54.023201 Zulu: X-ray and Whiskey, sending you 3
2024-10-14 23:05:54.023944 Delta: Whiskey, Kilo and Zulu, sending you 3
2024-10-14 23:05:54.024946 Kilo: Alpha, Zulu and Delta, sending you 2
2024-10-14 23:05:54.026115 Alpha: Kilo, sending you 6
2024-10-14 23:05:54.026817 India: Whiskey, Victor, Kilo and Zulu, sending you 3
2024-10-14 23:05:54.027383 Victor: Alpha, sending you 1
2024-10-14 23:05:54.028145 Zulu: Alpha, sending you 1
2024-10-14 23:05:54.029241 Whiskey: X-ray, India, Victor, Kilo, Zulu, Delta and Bravo, sending you 2
2024-10-14 23:05:54.029792 Bravo: X-ray, sending you 3
2024-10-14 23:05:54.030504 Delta: India, sending you 4
2024-10-14 23:05:54.031132 Kilo: Whiskey, India and Victor, sending you 3
2024-10-14 23:05:54.031730 India: Delta, sending you 4
2024-10-14 23:05:54.032640 Alpha: Delta, sending you 1
2024-10-14 23:05:54.033458 Zulu: India, Victor, Kilo, Delta and Bravo, sending you 2
2024-10-14 23:05:54.034079 Bravo: Alpha, sending you 6
2024-10-14 23:05:54.034703 Whiskey: Alpha, sending you 1
2024-10-14 23:05:54.035732 Delta: Victor and Bravo, sending you 2
2024-10-14 23:05:54.036705 India: Bravo, sending you 2
2024-10-14 23:05:54.038913 Bravo: Whiskey, Victor and Zulu, sending you 2
2024-10-14 23:05:54.043674 Bravo: India and Delta, sending you 1
2024-10-14 23:05:54.054686 X-ray: Whiskey, Victor and Delta, sending you 2
2024-10-14 23:05:54.057666 X-ray: India, sending you 3
2024-10-14 23:05:54.062668 X-ray: Zulu and Bravo, sending you 4
chatterbot Victor submitting transactions
chatterbot X-ray submitting transactions
chatterbot Bravo submitting transactions
chatterbot Alpha submitting transactions
chatterbot India submitting transactions
chatterbot Tango submitting transactions
chatterbot Delta submitting transactions
chatterbot Zulu submitting transactions
chatterbot Whiskey submitting transactions
chatterbot Kilo submitting transactions
ChatterBot X-ray round 4
ChatterBot Tango round 4
ChatterBot Alpha round 4
ChatterBot Whiskey round 4
ChatterBot India round 4
ChatterBot Victor round 4
ChatterBot Kilo round 4
ChatterBot Zulu round 4
ChatterBot Delta round 4
ChatterBot Bravo round 4
2024-10-14 23:05:55.219688 India: X-ray and Zulu, sending you 2
2024-10-14 23:05:55.221662 Whiskey: X-ray, India, Victor, Kilo, Zulu, Delta and Bravo, sending you 2
2024-10-14 23:05:55.223516 Victor: X-ray, Whiskey, India, Kilo, Zulu, Delta and Bravo, sending you 2
2024-10-14 23:05:55.225229 Kilo: Alpha, Whiskey, India, Victor and Delta, sending you 3
2024-10-14 23:05:55.226938 India: Alpha and Bravo, sending you 1
2024-10-14 23:05:55.227820 Whiskey: Alpha, sending you 1
2024-10-14 23:05:55.229324 Zulu: X-ray, sending you 3
2024-10-14 23:05:55.230816 Victor: Alpha, sending you 1
2024-10-14 23:05:55.232325 Tango: Same as last round
2024-10-14 23:05:55.232644 Kilo: Zulu, sending you 2
2024-10-14 23:05:55.233854 India: Whiskey, Victor and Kilo, sending you 3
2024-10-14 23:05:55.235364 X-ray: Whiskey, India, Victor and Delta, sending you 2
2024-10-14 23:05:55.236838 Bravo: X-ray, sending you 3
2024-10-14 23:05:55.238065 Alpha: Whiskey and India, sending you 1
2024-10-14 23:05:55.239755 Zulu: Alpha, Whiskey, India, Victor, Kilo, Delta and Bravo, sending you 2
2024-10-14 23:05:55.241589 India: Delta, sending you 4
2024-10-14 23:05:55.243536 X-ray: Kilo, sending you 1
2024-10-14 23:05:55.245076 Delta: X-ray, Alpha, Victor, Kilo and Bravo, sending you 2
2024-10-14 23:05:55.247050 Bravo: Alpha, sending you 4
2024-10-14 23:05:55.248173 Alpha: Victor, Zulu and Delta, sending you 2
2024-10-14 23:05:55.250035 X-ray: Zulu and Bravo, sending you 4
2024-10-14 23:05:55.251458 Delta: Whiskey, India and Zulu, sending you 3
2024-10-14 23:05:55.252473 Bravo: Whiskey, Victor, Zulu and Delta, sending you 2
2024-10-14 23:05:55.253809 Alpha: Kilo, sending you 4
2024-10-14 23:05:55.258697 Bravo: India and Kilo, sending you 1
2024-10-14 23:05:55.260654 Alpha: Bravo, sending you 6
chatterbot Alpha submitting transactions
chatterbot India submitting transactions
chatterbot Bravo submitting transactions
chatterbot Whiskey submitting transactions
chatterbot Victor submitting transactions
chatterbot Tango submitting transactions
chatterbot X-ray submitting transactions
chatterbot Zulu submitting transactions
chatterbot Kilo submitting transactions
chatterbot Delta submitting transactions
ChatterBot X-ray round 5
ChatterBot Tango round 5
ChatterBot Alpha round 5
ChatterBot Whiskey round 5
ChatterBot India round 5
ChatterBot Victor round 5
ChatterBot Kilo round 5
ChatterBot Zulu round 5
2024-10-14 23:05:56.382740 X-ray: We should add Alpha
2024-10-14 23:05:56.406609 Bravo: Yes
2024-10-14 23:05:56.406804 Whiskey: Yes
2024-10-14 23:05:56.406967 India: Yes
2024-10-14 23:05:56.407101 Victor: Yes
2024-10-14 23:05:56.407232 Kilo: Yes
2024-10-14 23:05:56.407378 Zulu: Yes
2024-10-14 23:05:56.407515 Delta: Yes
ChatterBot X-ray reevaluating
ChatterBot X-ray reevaluating
ChatterBot X-ray reevaluating
ChatterBot X-ray reevaluating
ChatterBot X-ray reevaluating
ChatterBot X-ray reevaluating
ChatterBot X-ray reevaluating
ChatterBot Delta round 5
ChatterBot Bravo round 5
2024-10-14 23:05:56.582808 X-ray: Alpha we want you to join our group
2024-10-14 23:05:56.585705 Alpha: Yes
ChatterBot X-ray reevaluating
2024-10-14 23:05:56.606686 India: X-ray and Zulu, sending you 2
2024-10-14 23:05:56.608290 Kilo: X-ray and Bravo, sending you 1
2024-10-14 23:05:56.609366 Victor: X-ray, Whiskey, India, Kilo, Zulu, Delta and Bravo, sending you 2
2024-10-14 23:05:56.611086 Tango: Same as last round
2024-10-14 23:05:56.611362 Alpha: Whiskey and India, sending you 1
2024-10-14 23:05:56.612278 India: Alpha and Bravo, sending you 1
2024-10-14 23:05:56.613003 Kilo: Alpha, sending you 4
2024-10-14 23:05:56.614685 Whiskey: X-ray, India, Victor, Kilo, Zulu, Delta and Bravo, sending you 2
2024-10-14 23:05:56.615557 Zulu: X-ray, sending you 3
2024-10-14 23:05:56.617316 Victor: Alpha, sending you 1
2024-10-14 23:05:56.618634 Alpha: Victor, Zulu and Delta, sending you 2
2024-10-14 23:05:56.619385 India: Whiskey, Victor and Kilo, sending you 3
2024-10-14 23:05:56.620572 Kilo: Whiskey, Victor, Zulu and Delta, sending you 2
2024-10-14 23:05:56.621546 Delta: X-ray, Victor and Bravo, sending you 2
2024-10-14 23:05:56.622609 Bravo: X-ray, sending you 3
2024-10-14 23:05:56.624226 Whiskey: Alpha, sending you 1
2024-10-14 23:05:56.625175 Zulu: Alpha, Whiskey, India, Victor, Kilo, Delta and Bravo, sending you 2
2024-10-14 23:05:56.626525 India: Delta, sending you 4
2024-10-14 23:05:56.627547 Alpha: Kilo, sending you 4
2024-10-14 23:05:56.628917 Kilo: India, sending you 3
2024-10-14 23:05:56.629924 Delta: Alpha, sending you 1
2024-10-14 23:05:56.630710 Bravo: Alpha, sending you 4
2024-10-14 23:05:56.631980 Alpha: Bravo, sending you 6
2024-10-14 23:05:56.632787 X-ray: Whiskey, India, Victor and Delta, sending you 2
2024-10-14 23:05:56.634091 Delta: Whiskey, India, Kilo and Zulu, sending you 3
2024-10-14 23:05:56.636704 Bravo: Whiskey, Victor, Zulu and Delta, sending you 2
2024-10-14 23:05:56.638636 X-ray: Kilo, sending you 1
2024-10-14 23:05:56.641681 Bravo: India and Kilo, sending you 1
2024-10-14 23:05:56.643684 X-ray: Zulu, sending you 5
2024-10-14 23:05:56.646691 X-ray: Bravo, sending you 3
chatterbot India submitting transactions
chatterbot Delta submitting transactions
chatterbot Bravo submitting transactions
chatterbot Tango submitting transactions
chatterbot Kilo submitting transactions
chatterbot Alpha submitting transactions
chatterbot Zulu submitting transactions
chatterbot Whiskey submitting transactions
chatterbot Victor submitting transactions
chatterbot X-ray submitting transactions
ChatterBot X-ray round 6
ChatterBot Tango round 6
ChatterBot Alpha round 6
ChatterBot Whiskey round 6
ChatterBot India round 6
ChatterBot Victor round 6
ChatterBot Kilo round 6
ChatterBot Zulu round 6
ChatterBot Delta round 6
ChatterBot Bravo round 6
2024-10-14 23:05:57.919699 X-ray: Whiskey, India, Victor and Delta, sending you 2
2024-10-14 23:05:57.922667 Tango: Same as last round
2024-10-14 23:05:57.925653 India: X-ray, sending you 2
2024-10-14 23:05:57.927953 X-ray: Kilo, sending you 1
2024-10-14 23:05:57.930392 Victor: X-ray, Whiskey, India, Kilo, Zulu, Delta and Bravo, sending you 2
2024-10-14 23:05:57.933079 India: Whiskey, Victor, Kilo and Zulu, sending you 3
2024-10-14 23:05:57.935115 Whiskey: X-ray, India, Victor, Kilo, Zulu, Delta and Bravo, sending you 2
2024-10-14 23:05:57.937770 Delta: X-ray, Alpha, Victor, Kilo, Zulu and Bravo, sending you 2
2024-10-14 23:05:57.940934 X-ray: Zulu and Bravo, sending you 4
2024-10-14 23:05:57.943152 Victor: Alpha, sending you 1
2024-10-14 23:05:57.945911 Bravo: X-ray, sending you 3
2024-10-14 23:05:57.948768 India: Delta, sending you 4
2024-10-14 23:05:57.951637 Kilo: X-ray and Bravo, sending you 1
2024-10-14 23:05:57.955059 Zulu: X-ray, sending you 3
2024-10-14 23:05:57.957134 Alpha: Whiskey and India, sending you 1
2024-10-14 23:05:57.958625 Whiskey: Alpha, sending you 1
2024-10-14 23:05:57.960610 Delta: Whiskey, sending you 3
2024-10-14 23:05:57.963022 Bravo: Alpha, sending you 4
2024-10-14 23:05:57.966287 India: Bravo, sending you 1
2024-10-14 23:05:57.968947 Kilo: Alpha, sending you 4
2024-10-14 23:05:57.971978 Zulu: Alpha, Whiskey, India, Victor, Kilo, Delta and Bravo, sending you 2
2024-10-14 23:05:57.975187 Alpha: Victor, Zulu and Delta, sending you 2
2024-10-14 23:05:57.978343 Delta: India, sending you 4
2024-10-14 23:05:57.981445 Bravo: Whiskey, Victor, Zulu and Delta, sending you 2
2024-10-14 23:05:57.983050 Kilo: Whiskey, Victor, Zulu and Delta, sending you 2
2024-10-14 23:05:57.984908 Alpha: Kilo, sending you 4
2024-10-14 23:05:57.987706 Bravo: India and Kilo, sending you 1
2024-10-14 23:05:57.990988 Alpha: Bravo, sending you 6
2024-10-14 23:05:57.992780 Kilo: India, sending you 3
chatterbot Tango submitting transactions
chatterbot Victor submitting transactions
chatterbot Zulu submitting transactions
chatterbot Kilo submitting transactions
chatterbot India submitting transactions
chatterbot Bravo submitting transactions
chatterbot Delta submitting transactions
chatterbot Alpha submitting transactions
chatterbot Whiskey submitting transactions
chatterbot X-ray submitting transactions
ChatterBot X-ray round 7
ChatterBot Tango round 7
ChatterBot Alpha round 7
ChatterBot Whiskey round 7
ChatterBot India round 7
2024-10-14 23:05:59.092522 X-ray: We should add Alpha
2024-10-14 23:05:59.109866 Bravo: Yes
2024-10-14 23:05:59.110026 Whiskey: Yes
2024-10-14 23:05:59.110141 India: Yes
2024-10-14 23:05:59.110247 Victor: Yes
2024-10-14 23:05:59.110347 Kilo: Yes
2024-10-14 23:05:59.110450 Zulu: Yes
2024-10-14 23:05:59.110553 Delta: Yes
ChatterBot X-ray reevaluating
ChatterBot X-ray reevaluating
ChatterBot X-ray reevaluating
ChatterBot X-ray reevaluating
ChatterBot X-ray reevaluating
ChatterBot X-ray reevaluating
ChatterBot Victor round 7
ChatterBot Kilo round 7
ChatterBot Zulu round 7
ChatterBot Delta round 7
ChatterBot Bravo round 7
2024-10-14 23:05:59.296713 Whiskey: X-ray, India, Victor, Kilo, Zulu, Delta and Bravo, sending you 2
2024-10-14 23:05:59.299678 X-ray: Whiskey, India, Victor and Delta, sending you 2
2024-10-14 23:05:59.301671 India: X-ray and Zulu, sending you 2
2024-10-14 23:05:59.303242 Zulu: X-ray, sending you 3
2024-10-14 23:05:59.305121 Whiskey: Alpha, sending you 1
2024-10-14 23:05:59.306447 Tango: Same as last round
2024-10-14 23:05:59.306789 X-ray: Kilo, sending you 1
2024-10-14 23:05:59.308006 Alpha: Whiskey and India, sending you 1
2024-10-14 23:05:59.309530 India: Alpha and Bravo, sending you 1
2024-10-14 23:05:59.311316 Bravo: X-ray, sending you 3
2024-10-14 23:05:59.312283 Victor: X-ray, Whiskey, India, Kilo, Zulu, Delta and Bravo, sending you 2
2024-10-14 23:05:59.313555 Zulu: Alpha, Whiskey, India, Victor, Kilo, Delta and Bravo, sending you 2
2024-10-14 23:05:59.314572 X-ray: Zulu and Bravo, sending you 4
2024-10-14 23:05:59.315243 Alpha: Victor and Delta, sending you 2
2024-10-14 23:05:59.316162 India: Whiskey, Victor and Kilo, sending you 3
2024-10-14 23:05:59.317456 Bravo: Alpha, sending you 4
2024-10-14 23:05:59.318386 Kilo: X-ray and Bravo, sending you 1
2024-10-14 23:05:59.319635 Victor: Alpha, sending you 1
2024-10-14 23:05:59.320524 Delta: X-ray, Alpha, Victor, Kilo, Zulu and Bravo, sending you 2
2024-10-14 23:05:59.321487 Alpha: Kilo, sending you 4
2024-10-14 23:05:59.322745 India: Delta, sending you 4
2024-10-14 23:05:59.323697 Bravo: Whiskey, Victor, Zulu and Delta, sending you 2
2024-10-14 23:05:59.324633 Kilo: Alpha, sending you 4
2024-10-14 23:05:59.326018 Delta: Whiskey, sending you 3
