ChatterBot Alpha round 1
ChatterBot Yankee round 1
ChatterBot Juliett round 1
ChatterBot Foxtrot round 1
ChatterBot Victor round 1
ChatterBot Tango round 1
ChatterBot Lima round 1
ChatterBot November round 1
ChatterBot Echo round 1
ChatterBot Papa round 1
randomSelections Juliett: {Juliett, November, Echo, Papa, Foxtrot, Lima, Yankee} 
2024-10-14 23:05:46.151073 Juliett: We would work well together
ChatterBot November reevaluating
ChatterBot Echo reevaluating
ChatterBot Papa reevaluating
ChatterBot Foxtrot reevaluating
ChatterBot Lima reevaluating
ChatterBot Yankee reevaluating
2024-10-14 23:05:46.243534 November: Yes
2024-10-14 23:05:46.243772 Echo: Yes
2024-10-14 23:05:46.244726 Papa: Yes
2024-10-14 23:05:46.244955 Foxtrot: Yes
2024-10-14 23:05:46.245230 Lima: Yes
2024-10-14 23:05:46.245439 Yankee: Yes
ChatterBot Echo reevaluating
ChatterBot Papa reevaluating
ChatterBot Foxtrot reevaluating
ChatterBot Lima reevaluating
ChatterBot Yankee reevaluating
ChatterBot November reevaluating
ChatterBot Papa reevaluating
ChatterBot Foxtrot reevaluating
ChatterBot Lima reevaluating
ChatterBot Yankee reevaluating
ChatterBot November reevaluating
ChatterBot Echo reevaluating
ChatterBot Foxtrot reevaluating
ChatterBot Lima reevaluating
ChatterBot Yankee reevaluating
ChatterBot November reevaluating
ChatterBot Echo reevaluating
ChatterBot Papa reevaluating
ChatterBot Lima reevaluating
ChatterBot Yankee reevaluating
ChatterBot November reevaluating
ChatterBot Echo reevaluating
ChatterBot Papa reevaluating
ChatterBot Foxtrot reevaluating
ChatterBot Yankee reevaluating
ChatterBot November reevaluating
ChatterBot Echo reevaluating
ChatterBot Papa reevaluating
ChatterBot Foxtrot reevaluating
ChatterBot Lima reevaluating
randomSelections Alpha: {Alpha, Foxtrot, November, Tango, Echo, Papa} 
2024-10-14 23:05:46.323150 Alpha: We should group up
ChatterBot Foxtrot reevaluating
ChatterBot November reevaluating
ChatterBot Tango reevaluating
ChatterBot Echo reevaluating
ChatterBot Papa reevaluating
2024-10-14 23:05:46.331170 Foxtrot: No
2024-10-14 23:05:46.331437 November: No
2024-10-14 23:05:46.331645 Tango: Yes
2024-10-14 23:05:46.331784 Echo: No
2024-10-14 23:05:46.332397 Papa: No
ChatterBot November reevaluating
ChatterBot Tango reevaluating
ChatterBot Echo reevaluating
ChatterBot Papa reevaluating
ChatterBot Foxtrot reevaluating
ChatterBot Tango reevaluating
ChatterBot Echo reevaluating
ChatterBot Papa reevaluating
ChatterBot Foxtrot reevaluating
ChatterBot November reevaluating
ChatterBot Echo reevaluating
ChatterBot Papa reevaluating
ChatterBot Foxtrot reevaluating
ChatterBot November reevaluating
ChatterBot Tango reevaluating
ChatterBot Papa reevaluating
ChatterBot Foxtrot reevaluating
ChatterBot November reevaluating
ChatterBot Tango reevaluating
ChatterBot Echo reevaluating
randomSelections Victor: {Victor, Echo, Foxtrot, Juliett, Alpha, Tango} 
2024-10-14 23:05:46.375440 Victor: Let's form a team
ChatterBot Echo reevaluating
ChatterBot Foxtrot reevaluating
ChatterBot Tango reevaluating
2024-10-14 23:05:46.384310 Echo: No
2024-10-14 23:05:46.384582 Foxtrot: No
2024-10-14 23:05:46.384999 Juliett: No
2024-10-14 23:05:46.385924 Alpha: No
2024-10-14 23:05:46.386211 Tango: No
ChatterBot Foxtrot reevaluating
ChatterBot Tango reevaluating
ChatterBot Echo reevaluating
ChatterBot Tango reevaluating
ChatterBot Echo reevaluating
ChatterBot Foxtrot reevaluating
ChatterBot Tango reevaluating
ChatterBot Echo reevaluating
ChatterBot Foxtrot reevaluating
ChatterBot Tango reevaluating
ChatterBot Echo reevaluating
ChatterBot Foxtrot reevaluating
2024-10-14 23:05:46.470693 Yankee: Juliett, sending you 2
2024-10-14 23:05:46.471745 Alpha: Foxtrot, Echo and Papa, sending you 3
2024-10-14 23:05:46.473717 Foxtrot: Yankee, sending you 6
2024-10-14 23:05:46.474678 Lima: Yankee and Juliett, sending you 2
2024-10-14 23:05:46.476700 November: Yankee and Juliett, sending you 3
2024-10-14 23:05:46.477348 Echo: Yankee and Papa, sending you 2
2024-10-14 23:05:46.479541 Yankee: Lima, November, Echo and Papa, sending you 3
2024-10-14 23:05:46.480267 Juliett: Yankee and Papa, sending you 1
2024-10-14 23:05:46.482173 Foxtrot: Juliett and Papa, sending you 3
2024-10-14 23:05:46.483011 Alpha: Tango, sending you 5
2024-10-14 23:05:46.485163 November: Foxtrot, sending you 2
2024-10-14 23:05:46.485853 Lima: Foxtrot, sending you 1
2024-10-14 23:05:46.486415 Echo: Juliett and Foxtrot, sending you 3
2024-10-14 23:05:46.487876 Victor: Alpha and Echo, sending you 2
2024-10-14 23:05:46.488380 Tango: Alpha and Echo, sending you 3
2024-10-14 23:05:46.488840 Juliett: Foxtrot and Echo, sending you 2
2024-10-14 23:05:46.490425 Foxtrot: Lima, sending you 1
2024-10-14 23:05:46.490877 Alpha: November, sending you 2
2024-10-14 23:05:46.491445 November: Lima, sending you 5
2024-10-14 23:05:46.492936 Lima: November, Echo and Papa, sending you 4
2024-10-14 23:05:46.493549 Victor: Juliett and Tango, sending you 4
2024-10-14 23:05:46.494884 Papa: Juliett, sending you 4
2024-10-14 23:05:46.495433 Echo: Lima and November, sending you 4
2024-10-14 23:05:46.495894 Tango: Foxtrot and Papa, sending you 5
2024-10-14 23:05:46.496961 Juliett: Lima and November, sending you 4
2024-10-14 23:05:46.497374 Foxtrot: November and Echo, sending you 2
2024-10-14 23:05:46.498564 November: Echo, sending you 4
2024-10-14 23:05:46.499110 Victor: Foxtrot, sending you 5
2024-10-14 23:05:46.499587 Papa: Foxtrot, sending you 3
2024-10-14 23:05:46.502733 November: Papa, sending you 1
2024-10-14 23:05:46.506366 Papa: Lima, sending you 6
2024-10-14 23:05:46.512131 Papa: Echo, sending you 2
chatterbot Yankee submitting transactions
chatterbot November submitting transactions
chatterbot Juliett submitting transactions
chatterbot Echo submitting transactions
chatterbot Alpha submitting transactions
chatterbot Tango submitting transactions
chatterbot Lima submitting transactions
chatterbot Victor submitting transactions
chatterbot Papa submitting transactions
chatterbot Foxtrot submitting transactions
ChatterBot Alpha round 2
ChatterBot Yankee round 2
ChatterBot Juliett round 2
ChatterBot Foxtrot round 2
2024-10-14 23:05:47.665265 Alpha: Friends?
ChatterBot Victor reevaluating
ChatterBot Tango reevaluating
ChatterBot Yankee reevaluating
ChatterBot Juliett reevaluating
ChatterBot Foxtrot reevaluating
ChatterBot Lima reevaluating
ChatterBot November reevaluating
ChatterBot Echo reevaluating
ChatterBot Papa reevaluating
2024-10-14 23:05:47.762945 Victor: No
2024-10-14 23:05:47.763631 Tango: No
2024-10-14 23:05:47.763795 Yankee: No
2024-10-14 23:05:47.763964 Juliett: No
2024-10-14 23:05:47.764124 Foxtrot: Yes
2024-10-14 23:05:47.764275 Lima: No
2024-10-14 23:05:47.764411 November: No
2024-10-14 23:05:47.764545 Echo: No
2024-10-14 23:05:47.765091 Papa: No
ChatterBot Tango reevaluating
ChatterBot Yankee reevaluating
ChatterBot Juliett reevaluating
ChatterBot Foxtrot reevaluating
ChatterBot Lima reevaluating
ChatterBot November reevaluating
ChatterBot Echo reevaluating
ChatterBot Papa reevaluating
ChatterBot Alpha reevaluating
ChatterBot Victor reevaluating
ChatterBot Yankee reevaluating
ChatterBot Juliett reevaluating
ChatterBot Foxtrot reevaluating
ChatterBot Lima reevaluating
ChatterBot November reevaluating
ChatterBot Echo reevaluating
ChatterBot Papa reevaluating
ChatterBot Alpha reevaluating
ChatterBot Victor reevaluating
ChatterBot Tango reevaluating
ChatterBot Juliett reevaluating
ChatterBot Foxtrot reevaluating
ChatterBot Lima reevaluating
ChatterBot November reevaluating
ChatterBot Echo reevaluating
ChatterBot Papa reevaluating
ChatterBot Alpha reevaluating
ChatterBot Victor reevaluating
ChatterBot Tango reevaluating
ChatterBot Yankee reevaluating
ChatterBot Foxtrot reevaluating
ChatterBot Lima reevaluating
ChatterBot November reevaluating
ChatterBot Echo reevaluating
ChatterBot Papa reevaluating
ChatterBot Alpha reevaluating
ChatterBot Victor reevaluating
ChatterBot Tango reevaluating
ChatterBot Yankee reevaluating
ChatterBot Juliett reevaluating
ChatterBot Lima reevaluating
ChatterBot November reevaluating
ChatterBot Echo reevaluating
ChatterBot Papa reevaluating
ChatterBot Alpha reevaluating
ChatterBot Victor reevaluating
ChatterBot Tango reevaluating
ChatterBot Yankee reevaluating
ChatterBot Juliett reevaluating
ChatterBot Foxtrot reevaluating
ChatterBot November reevaluating
ChatterBot Echo reevaluating
ChatterBot Papa reevaluating
ChatterBot Alpha reevaluating
ChatterBot Victor reevaluating
ChatterBot Tango reevaluating
ChatterBot Yankee reevaluating
ChatterBot Juliett reevaluating
ChatterBot Foxtrot reevaluating
ChatterBot Lima reevaluating
ChatterBot Echo reevaluating
ChatterBot Papa reevaluating
ChatterBot Alpha reevaluating
ChatterBot Victor reevaluating
ChatterBot Tango reevaluating
ChatterBot Yankee reevaluating
ChatterBot Juliett reevaluating
ChatterBot Foxtrot reevaluating
ChatterBot Lima reevaluating
ChatterBot November reevaluating
ChatterBot Papa reevaluating
ChatterBot Alpha reevaluating
ChatterBot Victor reevaluating
ChatterBot Tango reevaluating
ChatterBot Yankee reevaluating
ChatterBot Juliett reevaluating
ChatterBot Foxtrot reevaluating
ChatterBot Lima reevaluating
ChatterBot November reevaluating
ChatterBot Echo reevaluating
ChatterBot Victor round 2
ChatterBot Tango round 2
ChatterBot Lima round 2
ChatterBot November round 2
ChatterBot Echo round 2
ChatterBot Papa round 2
2024-10-14 23:05:48.699876 Victor: We should group up
ChatterBot Alpha reevaluating
ChatterBot Tango reevaluating
ChatterBot Papa reevaluating
2024-10-14 23:05:48.710182 Alpha: Yes
2024-10-14 23:05:48.710484 Tango: No
2024-10-14 23:05:48.710677 Papa: No
ChatterBot Victor reevaluating
ChatterBot Tango reevaluating
ChatterBot Papa reevaluating
ChatterBot Victor reevaluating
ChatterBot Alpha reevaluating
ChatterBot Papa reevaluating
ChatterBot Victor reevaluating
ChatterBot Alpha reevaluating
ChatterBot Tango reevaluating
2024-10-14 23:05:48.757484 Echo: We should group up
ChatterBot Alpha reevaluating
ChatterBot Victor reevaluating
ChatterBot Tango reevaluating
ChatterBot Papa reevaluating
2024-10-14 23:05:48.782858 Alpha: Yes
2024-10-14 23:05:48.783036 Victor: No
2024-10-14 23:05:48.783159 Tango: No
2024-10-14 23:05:48.783358 Yankee: No
2024-10-14 23:05:48.783560 Juliett: No
2024-10-14 23:05:48.784382 Foxtrot: Yes
2024-10-14 23:05:48.784611 Lima: No
2024-10-14 23:05:48.784808 November: No
2024-10-14 23:05:48.784971 Papa: Yes
ChatterBot Victor reevaluating
ChatterBot Tango reevaluating
ChatterBot Echo reevaluating
ChatterBot Papa reevaluating
ChatterBot Alpha reevaluating
ChatterBot Tango reevaluating
ChatterBot Echo reevaluating
ChatterBot Papa reevaluating
ChatterBot Alpha reevaluating
ChatterBot Victor reevaluating
ChatterBot Echo reevaluating
ChatterBot Papa reevaluating
ChatterBot Alpha reevaluating
ChatterBot Victor reevaluating
ChatterBot Tango reevaluating
ChatterBot Echo reevaluating
ChatterBot Papa reevaluating
ChatterBot Alpha reevaluating
ChatterBot Victor reevaluating
ChatterBot Tango reevaluating
ChatterBot Echo reevaluating
ChatterBot Papa reevaluating
ChatterBot Alpha reevaluating
ChatterBot Victor reevaluating
ChatterBot Tango reevaluating
ChatterBot Juliett reevaluating
ChatterBot Echo reevaluating
ChatterBot Papa reevaluating
ChatterBot Alpha reevaluating
ChatterBot Victor reevaluating
ChatterBot Tango reevaluating
ChatterBot Juliett reevaluating
ChatterBot Echo reevaluating
ChatterBot Papa reevaluating
ChatterBot Alpha reevaluating
ChatterBot Victor reevaluating
ChatterBot Tango reevaluating
ChatterBot Juliett reevaluating
ChatterBot Echo reevaluating
ChatterBot Papa reevaluating
ChatterBot Alpha reevaluating
ChatterBot Victor reevaluating
ChatterBot Tango reevaluating
ChatterBot Juliett reevaluating
ChatterBot Echo reevaluating
chatterbot Papa submitting transactions
chatterbot Alpha submitting transactions
2024-10-14 23:05:49.356988 Yankee: Juliett, Lima and Echo, sending you 2
2024-10-14 23:05:49.357438 Foxtrot: Alpha, Juliett, November, Echo and Papa, sending you 2
2024-10-14 23:05:49.358427 Juliett: Victor we want you to join our group
ChatterBot Victor reevaluating
2024-10-14 23:05:49.362476 Victor: No
chatterbot November submitting transactions
chatterbot Foxtrot submitting transactions
chatterbot Lima submitting transactions
2024-10-14 23:05:49.381943 Foxtrot: Victor and Tango, sending you 3
2024-10-14 23:05:49.382945 Yankee: Foxtrot, sending you 4
2024-10-14 23:05:49.648977 November: Yankee and Foxtrot, sending you 3
2024-10-14 23:05:49.649500 Lima: Yankee, sending you 2
2024-10-14 23:05:49.651078 Foxtrot: Lima, sending you 1
2024-10-14 23:05:49.654430 Yankee: November, sending you 3
2024-10-14 23:05:49.654965 Tango: Alpha, sending you 8
2024-10-14 23:05:49.656052 Alpha: Yankee, Juliett, Foxtrot and Lima, sending you 1
2024-10-14 23:05:49.656583 Echo: Alpha, Yankee, Juliett, Foxtrot, Tango and Papa, sending you 2
2024-10-14 23:05:49.657143 Papa: Yankee, Foxtrot and Lima, sending you 3
2024-10-14 23:05:49.659392 November: Juliett, Lima and Echo, sending you 4
2024-10-14 23:05:49.659902 Lima: Juliett, November and Echo, sending you 3
2024-10-14 23:05:49.662416 Yankee: Papa, sending you 1
2024-10-14 23:05:49.663080 Tango: Victor, sending you 6
2024-10-14 23:05:49.663358 Echo: Lima and November, sending you 3
chatterbot Victor submitting transactions
2024-10-14 23:05:49.667253 Alpha: Victor, sending you 5
2024-10-14 23:05:49.668659 Papa: Juliett, November and Echo, sending you 2
2024-10-14 23:05:49.669232 Juliett: Yankee, Foxtrot, Lima, November and Echo, sending you 2
2024-10-14 23:05:49.669585 November: Papa, sending you 1
2024-10-14 23:05:49.672071 Tango: Papa, sending you 2
2024-10-14 23:05:49.672365 Lima: Foxtrot, sending you 1
2024-10-14 23:05:49.672931 Alpha: Tango, sending you 7
2024-10-14 23:05:49.675168 Juliett: Victor and Papa, sending you 3
2024-10-14 23:05:49.906763 Lima: Papa, sending you 5
2024-10-14 23:05:49.908320 Victor: Alpha and Tango, sending you 6
chatterbot Tango submitting transactions
chatterbot Papa submitting transactions
chatterbot Victor submitting transactions
2024-10-14 23:05:49.960934 Victor: Yankee, sending you 5
chatterbot Yankee submitting transactions
chatterbot Alpha submitting transactions
chatterbot Juliett submitting transactions
chatterbot Echo submitting transactions
ChatterBot Alpha round 3
ChatterBot Yankee round 3
ChatterBot Juliett round 3
ChatterBot Foxtrot round 3
ChatterBot Victor round 3
ChatterBot Tango round 3
ChatterBot Lima round 3
ChatterBot November round 3
ChatterBot Echo round 3
ChatterBot Papa round 3
2024-10-14 23:05:50.968412 Tango: We should replace Papa with Foxtrot
ChatterBot Victor reevaluating
2024-10-14 23:05:50.974492 Alpha: No
2024-10-14 23:05:50.975036 Victor: Yes
ChatterBot Victor reevaluating
2024-10-14 23:05:50.986425 Victor: We should replace Yankee with Foxtrot
2024-10-14 23:05:50.991538 Tango: Yes
2024-10-14 23:05:50.992207 Alpha: No
ChatterBot Victor reevaluating
ChatterBot Victor reevaluating
2024-10-14 23:05:51.032097 Tango: Foxtrot we want you to join our group
2024-10-14 23:05:51.034936 Foxtrot: No
ChatterBot Victor reevaluating
2024-10-14 23:05:51.043832 Juliett: We should drop Victor
2024-10-14 23:05:51.060941 November: Yes
2024-10-14 23:05:51.061133 Echo: Yes
2024-10-14 23:05:51.061269 Papa: Yes
2024-10-14 23:05:51.061395 Foxtrot: Yes
2024-10-14 23:05:51.061502 Lima: Yes
2024-10-14 23:05:51.062091 Yankee: Yes
2024-10-14 23:05:51.155697 Victor: Foxtrot we want you to join our group
2024-10-14 23:05:51.158677 Foxtrot: No
2024-10-14 23:05:51.166606 Yankee: Juliett, Foxtrot, Lima, Echo and Papa, sending you 2
2024-10-14 23:05:51.316975 November: Yankee, Juliett and Foxtrot, sending you 3
2024-10-14 23:05:51.317487 Papa: Yankee, Juliett, November and Echo, sending you 2
2024-10-14 23:05:51.318405 Alpha: Yankee, Juliett and Lima, sending you 1
2024-10-14 23:05:51.318882 Yankee: November, sending you 4
2024-10-14 23:05:51.319768 Foxtrot: Yankee, Juliett, November, Echo and Papa, sending you 3
2024-10-14 23:05:51.320190 November: Lima and Echo, sending you 4
2024-10-14 23:05:51.367059 Papa: Foxtrot, sending you 3
2024-10-14 23:05:51.368389 Tango: Alpha, sending you 7
2024-10-14 23:05:51.368868 Victor: Alpha, sending you 6
2024-10-14 23:05:51.369313 Juliett: Yankee, sending you 1
2024-10-14 23:05:51.370712 Alpha: Foxtrot and Echo, sending you 2
2024-10-14 23:05:51.371896 Lima: Yankee, sending you 2
2024-10-14 23:05:51.372620 Echo: Yankee, Foxtrot and Papa, sending you 3
2024-10-14 23:05:51.373821 Foxtrot: Lima, sending you 2
2024-10-14 23:05:51.374517 November: Papa, sending you 2
2024-10-14 23:05:51.375668 Papa: Lima, sending you 4
2024-10-14 23:05:51.376742 Victor: Foxtrot, sending you 4
2024-10-14 23:05:51.377137 Tango: Foxtrot, sending you 3
2024-10-14 23:05:51.377585 Juliett: Foxtrot, Lima, November, Echo and Papa, sending you 3
2024-10-14 23:05:51.378868 Alpha: Victor, sending you 4
2024-10-14 23:05:51.380101 Lima: Juliett and Echo, sending you 3
2024-10-14 23:05:51.380875 Echo: Juliett, sending you 1
2024-10-14 23:05:51.382145 Victor: Tango, sending you 7
2024-10-14 23:05:51.382510 Tango: Victor, sending you 6
2024-10-14 23:05:51.383385 Alpha: Tango, sending you 5
2024-10-14 23:05:51.424720 Lima: Foxtrot, sending you 1
2024-10-14 23:05:51.425861 Echo: Lima and November, sending you 4
2024-10-14 23:05:51.490442 Lima: November and Papa, sending you 4
chatterbot Victor submitting transactions
chatterbot Papa submitting transactions
chatterbot Foxtrot submitting transactions
chatterbot Yankee submitting transactions
chatterbot Alpha submitting transactions
chatterbot Lima submitting transactions
chatterbot Juliett submitting transactions
chatterbot Echo submitting transactions
chatterbot Tango submitting transactions
chatterbot November submitting transactions
ChatterBot Alpha round 4
ChatterBot Yankee round 4
ChatterBot Juliett round 4
ChatterBot Foxtrot round 4
ChatterBot Victor round 4
ChatterBot Tango round 4
ChatterBot Lima round 4
ChatterBot November round 4
ChatterBot Echo round 4
ChatterBot Papa round 4
2024-10-14 23:05:52.326211 Juliett: Yankee and Echo, sending you 2
2024-10-14 23:05:52.327807 Alpha: Foxtrot, sending you 3
2024-10-14 23:05:52.328122 Foxtrot: Yankee, Juliett, November, Echo and Papa, sending you 3
2024-10-14 23:05:52.330661 Juliett: Foxtrot, Lima, November and Papa, sending you 3
2024-10-14 23:05:52.331847 Victor: Alpha, sending you 6
2024-10-14 23:05:52.332220 Foxtrot: Lima, sending you 2
2024-10-14 23:05:52.333271 Yankee: Juliett, Lima, Echo and Papa, sending you 2
2024-10-14 23:05:52.333912 Alpha: Victor, sending you 6
2024-10-14 23:05:52.335159 Victor: Foxtrot, sending you 3
2024-10-14 23:05:52.335728 Lima: Yankee and Foxtrot, sending you 2
2024-10-14 23:05:52.336994 Papa: Yankee, November and Echo, sending you 2
2024-10-14 23:05:52.337763 Tango: Alpha, sending you 7
2024-10-14 23:05:52.338702 Yankee: Foxtrot and November, sending you 3
2024-10-14 23:05:52.339430 Alpha: Tango, sending you 7
2024-10-14 23:05:52.339824 Victor: Tango, sending you 8
2024-10-14 23:05:52.340630 Echo: Yankee, Juliett, Foxtrot and Lima, sending you 3
2024-10-14 23:05:52.341342 Lima: Juliett, November and Echo, sending you 3
2024-10-14 23:05:52.342504 November: Yankee, Juliett and Foxtrot, sending you 3
2024-10-14 23:05:52.343227 Papa: Juliett, Foxtrot and Lima, sending you 3
2024-10-14 23:05:52.344387 Tango: Foxtrot, sending you 3
2024-10-14 23:05:52.344772 Echo: November, sending you 4
2024-10-14 23:05:52.345859 November: Lima and Echo, sending you 4
2024-10-14 23:05:52.346683 Lima: Papa, sending you 4
2024-10-14 23:05:52.349103 Tango: Victor, sending you 6
2024-10-14 23:05:52.349665 Echo: Papa, sending you 2
2024-10-14 23:05:52.351153 November: Papa, sending you 2
chatterbot Victor submitting transactions
chatterbot Juliett submitting transactions
chatterbot Tango submitting transactions
chatterbot November submitting transactions
chatterbot Foxtrot submitting transactions
chatterbot Yankee submitting transactions
chatterbot Lima submitting transactions
chatterbot Echo submitting transactions
chatterbot Alpha submitting transactions
chatterbot Papa submitting transactions
ChatterBot Alpha round 5
ChatterBot Yankee round 5
ChatterBot Juliett round 5
ChatterBot Foxtrot round 5
ChatterBot Victor round 5
ChatterBot Tango round 5
ChatterBot Lima round 5
ChatterBot November round 5
ChatterBot Echo round 5
ChatterBot Papa round 5
2024-10-14 23:05:53.699302 Victor: We should replace Foxtrot with Juliett
ChatterBot Alpha reevaluating
2024-10-14 23:05:53.705477 Tango: No
2024-10-14 23:05:53.705676 Alpha: No
ChatterBot Alpha reevaluating
ChatterBot Victor reevaluating
2024-10-14 23:05:53.743862 Victor: We should replace Foxtrot with Papa
ChatterBot Alpha reevaluating
2024-10-14 23:05:53.749004 Tango: No
2024-10-14 23:05:53.749187 Alpha: No
ChatterBot Alpha reevaluating
ChatterBot Victor reevaluating
ChatterBot Victor reevaluating
2024-10-14 23:05:53.772625 Yankee: Juliett, Lima, Echo and Papa, sending you 2
2024-10-14 23:05:53.782676 Yankee: Foxtrot and November, sending you 3
2024-10-14 23:05:53.784312 Lima: Yankee and Foxtrot, sending you 2
2024-10-14 23:05:53.786076 November: Yankee, Juliett and Foxtrot, sending you 3
2024-10-14 23:05:53.787109 Echo: Yankee, Juliett, Foxtrot and Lima, sending you 3
2024-10-14 23:05:53.789526 Papa: Yankee, November and Echo, sending you 2
2024-10-14 23:05:53.791374 Juliett: Yankee and Echo, sending you 2
2024-10-14 23:05:53.793575 Tango: Alpha and Victor, sending you 7
2024-10-14 23:05:53.794013 Lima: Juliett, Echo and Papa, sending you 3
2024-10-14 23:05:53.795964 November: Lima and Echo, sending you 4
2024-10-14 23:05:53.796948 Echo: November, sending you 4
2024-10-14 23:05:53.798571 Papa: Juliett, Foxtrot and Lima, sending you 3
2024-10-14 23:05:53.800044 Foxtrot: Yankee, Juliett, November, Echo and Papa, sending you 3
2024-10-14 23:05:53.800981 Tango: Foxtrot, sending you 2
2024-10-14 23:05:53.802199 Juliett: Foxtrot, Lima, November and Papa, sending you 3
2024-10-14 23:05:53.802972 Lima: November, sending you 4
2024-10-14 23:05:53.804242 Alpha: Yankee, Juliett, Foxtrot, Lima, November and Echo, sending you 1
2024-10-14 23:05:53.805619 November: Papa, sending you 2
2024-10-14 23:05:53.806567 Victor: Alpha, sending you 7
2024-10-14 23:05:53.807451 Echo: Papa, sending you 2
2024-10-14 23:05:53.808277 Foxtrot: Lima, sending you 2
2024-10-14 23:05:53.809588 Alpha: Victor, sending you 4
2024-10-14 23:05:53.811676 Victor: Foxtrot, sending you 2
2024-10-14 23:05:53.813664 Alpha: Tango, sending you 6
2024-10-14 23:05:53.814779 Victor: Tango, sending you 8
chatterbot November submitting transactions
chatterbot Lima submitting transactions
chatterbot Papa submitting transactions
chatterbot Foxtrot submitting transactions
chatterbot Yankee submitting transactions
chatterbot Juliett submitting transactions
chatterbot Alpha submitting transactions
chatterbot Echo submitting transactions
chatterbot Victor submitting transactions
chatterbot Tango submitting transactions
ChatterBot Alpha round 6
ChatterBot Yankee round 6
ChatterBot Juliett round 6
ChatterBot Foxtrot round 6
ChatterBot Victor round 6
ChatterBot Tango round 6
ChatterBot Lima round 6
ChatterBot November round 6
ChatterBot Echo round 6
ChatterBot Papa round 6
2024-10-14 23:05:55.009681 Victor: Alpha, sending you 6
2024-10-14 23:05:55.013691 Victor: Foxtrot, sending you 3
2024-10-14 23:05:55.014684 Alpha: Foxtrot, sending you 2
2024-10-14 23:05:55.015903 Yankee: Juliett, Lima, November, Echo and Papa, sending you 2
2024-10-14 23:05:55.018215 Victor: Tango, sending you 8
2024-10-14 23:05:55.018796 Foxtrot: Yankee, Juliett, November, Echo and Papa, sending you 3
2024-10-14 23:05:55.019901 November: Yankee, Juliett and Foxtrot, sending you 3
2024-10-14 23:05:55.021246 Alpha: Victor, sending you 6
2024-10-14 23:05:55.021647 Yankee: Foxtrot, sending you 4
2024-10-14 23:05:55.022418 Echo: Yankee, Juliett, Foxtrot and Lima, sending you 3
2024-10-14 23:05:55.023744 Lima: Yankee and Foxtrot, sending you 2
2024-10-14 23:05:55.024675 Foxtrot: Lima, sending you 2
2024-10-14 23:05:55.026245 Juliett: Yankee and Echo, sending you 2
2024-10-14 23:05:55.027253 November: Lima and Echo, sending you 4
2024-10-14 23:05:55.028644 Alpha: Tango, sending you 8
2024-10-14 23:05:55.029104 Echo: November, sending you 4
2024-10-14 23:05:55.030351 Lima: Juliett, Echo and Papa, sending you 3
2024-10-14 23:05:55.031197 Tango: Alpha and Victor, sending you 7
2024-10-14 23:05:55.031708 Juliett: Foxtrot, Lima, November and Papa, sending you 3
2024-10-14 23:05:55.033551 November: Papa, sending you 2
2024-10-14 23:05:55.035480 Papa: Yankee, November and Echo, sending you 2
2024-10-14 23:05:55.036510 Echo: Papa, sending you 2
2024-10-14 23:05:55.038669 Lima: November, sending you 4
2024-10-14 23:05:55.039538 Tango: Foxtrot, sending you 2
2024-10-14 23:05:55.040672 Papa: Juliett, Foxtrot and Lima, sending you 3
chatterbot Juliett submitting transactions
chatterbot Alpha submitting transactions
chatterbot Yankee submitting transactions
chatterbot November submitting transactions
chatterbot Echo submitting transactions
chatterbot Lima submitting transactions
chatterbot Victor submitting transactions
chatterbot Tango submitting transactions
chatterbot Papa submitting transactions
chatterbot Foxtrot submitting transactions
ChatterBot Alpha round 7
ChatterBot Yankee round 7
ChatterBot Juliett round 7
ChatterBot Foxtrot round 7
ChatterBot Victor round 7
ChatterBot Tango round 7
ChatterBot Lima round 7
ChatterBot November round 7
ChatterBot Echo round 7
ChatterBot Papa round 7
2024-10-14 23:05:56.218107 Victor: We should replace Foxtrot with Echo
ChatterBot Alpha reevaluating
2024-10-14 23:05:56.227380 Tango: No
2024-10-14 23:05:56.227693 Alpha: No
ChatterBot Alpha reevaluating
ChatterBot Victor reevaluating
ChatterBot Victor reevaluating
2024-10-14 23:05:56.270931 Tango: We should drop Foxtrot
ChatterBot Alpha reevaluating
ChatterBot Victor reevaluating
2024-10-14 23:05:56.281221 Alpha: No
2024-10-14 23:05:56.282146 Victor: Yes
ChatterBot Victor reevaluating
ChatterBot Tango reevaluating
ChatterBot Alpha reevaluating
2024-10-14 23:05:56.297943 Victor: We should replace Foxtrot with Juliett
ChatterBot Tango reevaluating
ChatterBot Alpha reevaluating
2024-10-14 23:05:56.305840 Tango: No
2024-10-14 23:05:56.306216 Alpha: No
ChatterBot Alpha reevaluating
ChatterBot Victor reevaluating
ChatterBot Tango reevaluating
ChatterBot Victor reevaluating
2024-10-14 23:05:56.325652 Juliett: Yankee, sending you 1
2024-10-14 23:05:56.328106 Foxtrot: Yankee, Juliett, November, Echo and Papa, sending you 3
2024-10-14 23:05:56.330799 Yankee: Juliett, Lima, November, Echo and Papa, sending you 2
2024-10-14 23:05:56.333450 Tango: Echo we want you to join our group
2024-10-14 23:05:56.339549 Echo: No
ChatterBot Tango reevaluating
ChatterBot Victor reevaluating
2024-10-14 23:05:56.363488 Juliett: Foxtrot, Lima, November, Echo and Papa, sending you 3
2024-10-14 23:05:56.369410 Foxtrot: Lima, sending you 2
2024-10-14 23:05:56.371219 Yankee: Foxtrot, sending you 4
2024-10-14 23:05:56.374186 Victor: Echo we want you to join our group
2024-10-14 23:05:56.378812 Echo: No
ChatterBot Tango reevaluating
ChatterBot Victor reevaluating
2024-10-14 23:05:56.392478 Papa: Yankee, November and Echo, sending you 2
2024-10-14 23:05:56.394030 Lima: Yankee and Foxtrot, sending you 2
2024-10-14 23:05:56.396159 Echo: Yankee, Juliett, Foxtrot and Lima, sending you 3
2024-10-14 23:05:56.398198 November: Yankee, Juliett and Foxtrot, sending you 3
2024-10-14 23:05:56.399391 Papa: Juliett, Foxtrot and Lima, sending you 3
2024-10-14 23:05:56.401282 Lima: Juliett, Echo and Papa, sending you 3
2024-10-14 23:05:56.402109 November: Lima and Echo, sending you 4
2024-10-14 23:05:56.403497 Echo: November, sending you 4
2024-10-14 23:05:56.404401 Alpha: Yankee, Juliett, Foxtrot, Lima and Echo, sending you 1
2024-10-14 23:05:56.405882 Lima: November, sending you 4
2024-10-14 23:05:56.406828 November: Papa, sending you 2
2024-10-14 23:05:56.407717 Echo: Papa, sending you 2
2024-10-14 23:05:56.409493 Alpha: Victor, sending you 5
2024-10-14 23:05:56.415981 Alpha: Tango, sending you 6
2024-10-14 23:05:56.417202 Victor: Alpha, sending you 7
2024-10-14 23:05:56.420682 Tango: Sending you each 8
2024-10-14 23:05:56.421688 Victor: Foxtrot, sending you 2
2024-10-14 23:05:56.427681 Victor: Tango, sending you 8
chatterbot November submitting transactions
chatterbot Yankee submitting transactions
chatterbot Foxtrot submitting transactions
chatterbot Echo submitting transactions
chatterbot Juliett submitting transactions
chatterbot Tango submitting transactions
chatterbot Lima submitting transactions
chatterbot Victor submitting transactions
chatterbot Papa submitting transactions
chatterbot Alpha submitting transactions
ChatterBot Alpha round 8
ChatterBot Yankee round 8
ChatterBot Juliett round 8
ChatterBot Foxtrot round 8
ChatterBot Victor round 8
ChatterBot Tango round 8
ChatterBot Lima round 8
ChatterBot November round 8
ChatterBot Echo round 8
ChatterBot Papa round 8
2024-10-14 23:05:57.183890 Victor: We should replace Foxtrot with Juliett
ChatterBot Alpha reevaluating
2024-10-14 23:05:57.188706 Tango: No
2024-10-14 23:05:57.188857 Alpha: No
ChatterBot Alpha reevaluating
ChatterBot Victor reevaluating
ChatterBot Victor reevaluating
2024-10-14 23:05:57.201405 Tango: We should add Echo
ChatterBot Alpha reevaluating
ChatterBot Victor reevaluating
2024-10-14 23:05:57.206337 Alpha: No
2024-10-14 23:05:57.206458 Victor: No
ChatterBot Tango reevaluating
ChatterBot Victor reevaluating
ChatterBot Tango reevaluating
ChatterBot Alpha reevaluating
2024-10-14 23:05:57.227672 Yankee: Juliett, Lima, November, Echo and Papa, sending you 2
2024-10-14 23:05:57.230664 Yankee: Foxtrot, sending you 4
2024-10-14 23:05:57.231676 Juliett: Yankee, sending you 1
2024-10-14 23:05:57.235686 Echo: Yankee, Juliett, Foxtrot and Lima, sending you 3
2024-10-14 23:05:57.236853 Juliett: Foxtrot, Lima, November, Echo and Papa, sending you 3
2024-10-14 23:05:57.239714 November: Yankee, Juliett and Foxtrot, sending you 3
2024-10-14 23:05:57.240955 Echo: November, sending you 4
2024-10-14 23:05:57.243669 Alpha: Yankee, sending you 2
2024-10-14 23:05:57.244072 Foxtrot: Yankee, Juliett, November, Echo and Papa, sending you 3
2024-10-14 23:05:57.244821 Papa: Yankee, November and Echo, sending you 2
2024-10-14 23:05:57.245677 November: Lima and Echo, sending you 4
2024-10-14 23:05:57.247064 Echo: Papa, sending you 2
2024-10-14 23:05:57.247806 Victor: Alpha, sending you 6
2024-10-14 23:05:57.248232 Alpha: Victor, sending you 6
2024-10-14 23:05:57.248547 Papa: Juliett, Foxtrot and Lima, sending you 3
2024-10-14 23:05:57.249656 Foxtrot: Lima, sending you 2
2024-10-14 23:05:57.250802 November: Papa, sending you 2
2024-10-14 23:05:57.252012 Victor: Foxtrot, sending you 2
2024-10-14 23:05:57.252322 Tango: Same as last round
2024-10-14 23:05:57.252556 Alpha: Tango, sending you 8
2024-10-14 23:05:57.252828 Lima: Yankee and Foxtrot, sending you 2
2024-10-14 23:05:57.256720 Victor: Tango, sending you 9
2024-10-14 23:05:57.257770 Lima: Juliett, Echo and Papa, sending you 3
2024-10-14 23:05:57.261649 Lima: November, sending you 4
chatterbot Victor submitting transactions
chatterbot Alpha submitting transactions
chatterbot Lima submitting transactions
chatterbot Foxtrot submitting transactions
chatterbot Echo submitting transactions
chatterbot Papa submitting transactions
chatterbot Juliett submitting transactions
chatterbot Yankee submitting transactions
chatterbot Tango submitting transactions
chatterbot November submitting transactions
ChatterBot Alpha round 9
ChatterBot Yankee round 9
ChatterBot Juliett round 9
ChatterBot Foxtrot round 9
ChatterBot Victor round 9
ChatterBot Tango round 9
ChatterBot Lima round 9
ChatterBot November round 9
ChatterBot Echo round 9
ChatterBot Papa round 9
2024-10-14 23:05:58.305626 Alpha: We should replace Yankee with Juliett
2024-10-14 23:05:58.309980 Tango: No
2024-10-14 23:05:58.310148 Victor: No
ChatterBot Alpha reevaluating
ChatterBot Alpha reevaluating
2024-10-14 23:05:58.339670 Foxtrot: Yankee, Juliett, November, Echo and Papa, sending you 3
2024-10-14 23:05:58.344658 Foxtrot: Lima, sending you 2
2024-10-14 23:05:58.345655 Yankee: Juliett, Lima, November, Echo and Papa, sending you 2
2024-10-14 23:05:58.347653 Victor: Alpha, sending you 6
2024-10-14 23:05:58.349663 Yankee: Foxtrot, sending you 4
2024-10-14 23:05:58.351183 Juliett: Yankee, sending you 1
2024-10-14 23:05:58.352353 Echo: Yankee and Papa, sending you 2
2024-10-14 23:05:58.354020 Victor: Foxtrot, sending you 2
2024-10-14 23:05:58.354513 November: Yankee, Juliett and Foxtrot, sending you 3
2024-10-14 23:05:58.356414 Juliett: Foxtrot, Lima, November, Echo and Papa, sending you 3
2024-10-14 23:05:58.357701 Echo: Juliett, Foxtrot and Lima, sending you 3
2024-10-14 23:05:58.359496 Victor: Tango, sending you 9
2024-10-14 23:05:58.360010 Lima: Yankee and Foxtrot, sending you 2
2024-10-14 23:05:58.361234 November: Lima and Echo, sending you 4
2024-10-14 23:05:58.363072 Tango: Same as last round
2024-10-14 23:05:58.363508 Papa: Yankee, November and Echo, sending you 2
2024-10-14 23:05:58.365224 Echo: November, sending you 5
2024-10-14 23:05:58.366068 Lima: Juliett, Echo and Papa, sending you 3
2024-10-14 23:05:58.366979 November: Papa, sending you 2
2024-10-14 23:05:58.368841 Alpha: Yankee, sending you 2
2024-10-14 23:05:58.369423 Papa: Juliett, Foxtrot and Lima, sending you 3
2024-10-14 23:05:58.371713 Lima: November, sending you 4
2024-10-14 23:05:58.372702 Alpha: Victor, sending you 6
2024-10-14 23:05:58.376678 Alpha: Tango, sending you 8
chatterbot Yankee submitting transactions
chatterbot Alpha submitting transactions
chatterbot Victor submitting transactions
chatterbot Papa submitting transactions
chatterbot Juliett submitting transactions
chatterbot Lima submitting transactions
chatterbot Foxtrot submitting transactions
chatterbot Echo submitting transactions
chatterbot Tango submitting transactions
chatterbot November submitting transactions
ChatterBot Alpha round 10
ChatterBot Yankee round 10
ChatterBot Juliett round 10
ChatterBot Foxtrot round 10
ChatterBot Victor round 10
ChatterBot Tango round 10
ChatterBot Lima round 10
ChatterBot November round 10
ChatterBot Echo round 10
ChatterBot Papa round 10
2024-10-14 23:05:59.394264 Victor: We should replace Foxtrot with Echo
2024-10-14 23:05:59.398930 Tango: No
2024-10-14 23:05:59.399102 Alpha: No
ChatterBot Alpha reevaluating
ChatterBot Victor reevaluating
ChatterBot Victor reevaluating
2024-10-14 23:05:59.410050 Alpha: We should replace Yankee with Echo
ChatterBot Victor reevaluating
2024-10-14 23:05:59.415347 Tango: No
2024-10-14 23:05:59.415478 Victor: No
ChatterBot Alpha reevaluating
ChatterBot Victor reevaluating
ChatterBot Alpha reevaluating
2024-10-14 23:05:59.443920 Victor: We should replace Foxtrot with Yankee
ChatterBot Alpha reevaluating
2024-10-14 23:05:59.451478 Tango: No
2024-10-14 23:05:59.451699 Alpha: No
ChatterBot Alpha reevaluating
ChatterBot Victor reevaluating
ChatterBot Victor reevaluating
2024-10-14 23:05:59.470262 Victor: We should replace Foxtrot with Juliett
ChatterBot Alpha reevaluating
2024-10-14 23:05:59.478326 Tango: No
2024-10-14 23:05:59.478481 Alpha: No
ChatterBot Alpha reevaluating
ChatterBot Victor reevaluating
ChatterBot Tango reevaluating
ChatterBot Victor reevaluating
2024-10-14 23:05:59.500852 Tango: We should add Echo
ChatterBot Alpha reevaluating
ChatterBot Victor reevaluating
2024-10-14 23:05:59.510951 Alpha: No
2024-10-14 23:05:59.511117 Victor: No
ChatterBot Tango reevaluating
ChatterBot Victor reevaluating
ChatterBot Tango reevaluating
ChatterBot Alpha reevaluating
2024-10-14 23:05:59.530071 Alpha: We should replace Yankee with Papa
ChatterBot Tango reevaluating
ChatterBot Victor reevaluating
2024-10-14 23:05:59.536655 Tango: No
2024-10-14 23:05:59.536799 Victor: No
ChatterBot Alpha reevaluating
ChatterBot Victor reevaluating
ChatterBot Tango reevaluating
ChatterBot Alpha reevaluating
2024-10-14 23:05:59.548638 Lima: Yankee and Foxtrot, sending you 2
2024-10-14 23:05:59.549565 Juliett: Yankee, sending you 1
2024-10-14 23:05:59.551095 Foxtrot: Yankee, Juliett, November, Echo and Papa, sending you 3
2024-10-14 23:05:59.551846 Yankee: Juliett, Lima, Echo and Papa, sending you 2
2024-10-14 23:05:59.553449 Lima: Juliett, Echo and Papa, sending you 3
2024-10-14 23:05:59.554956 November: Yankee, Juliett and Foxtrot, sending you 3
2024-10-14 23:05:59.556017 Juliett: Foxtrot, Lima, November, Echo and Papa, sending you 3
2024-10-14 23:05:59.557825 Echo: Yankee and Papa, sending you 2
2024-10-14 23:05:59.559498 Papa: Yankee, November and Echo, sending you 2
2024-10-14 23:05:59.560594 Foxtrot: Lima, sending you 2
2024-10-14 23:05:59.562021 Yankee: Foxtrot and November, sending you 3
2024-10-14 23:05:59.562886 Lima: November, sending you 4
2024-10-14 23:05:59.564203 November: Lima and Echo, sending you 4
2024-10-14 23:05:59.565039 Echo: Juliett, Foxtrot and Lima, sending you 3
2024-10-14 23:05:59.566255 Papa: Juliett, Foxtrot and Lima, sending you 3
2024-10-14 23:05:59.568667 November: Papa, sending you 2
2024-10-14 23:05:59.570689 Echo: November, sending you 5
2024-10-14 23:05:59.572503 Victor: Alpha, sending you 6
2024-10-14 23:05:59.577682 Victor: Foxtrot, sending you 2
2024-10-14 23:05:59.578631 Tango: Same as last round
2024-10-14 23:05:59.579170 Alpha: Yankee, sending you 2
2024-10-14 23:05:59.580710 Victor: Tango, sending you 9
2024-10-14 23:05:59.582844 Alpha: Victor, sending you 6
2024-10-14 23:05:59.587663 Alpha: Tango, sending you 8
chatterbot Echo submitting transactions
chatterbot Juliett submitting transactions
chatterbot Tango submitting transactions
chatterbot Papa submitting transactions
chatterbot Foxtrot submitting transactions
chatterbot November submitting transactions
chatterbot Lima submitting transactions
chatterbot Victor submitting transactions
chatterbot Yankee submitting transactions
chatterbot Alpha submitting transactions
ChatterBot Alpha round 11
ChatterBot Yankee round 11
ChatterBot Juliett round 11
ChatterBot Foxtrot round 11
ChatterBot Victor round 11
ChatterBot Tango round 11
ChatterBot Lima round 11
2024-10-14 23:06:00.371485 Victor: We should replace Foxtrot with Juliett
ChatterBot Alpha reevaluating
2024-10-14 23:06:00.378540 Tango: No
2024-10-14 23:06:00.378744 Alpha: No
ChatterBot Alpha reevaluating
ChatterBot Victor reevaluating
ChatterBot Victor reevaluating
ChatterBot November round 11
ChatterBot Echo round 11
ChatterBot Papa round 11
2024-10-14 23:06:00.405829 Victor: We should replace Foxtrot with Echo
ChatterBot Alpha reevaluating
2024-10-14 23:06:00.410562 Tango: No
2024-10-14 23:06:00.410704 Alpha: No
ChatterBot Alpha reevaluating
ChatterBot Victor reevaluating
ChatterBot Victor reevaluating
2024-10-14 23:06:00.428316 Victor: We should replace Foxtrot with Papa
2024-10-14 23:06:00.433329 Tango: No
2024-10-14 23:06:00.433492 Alpha: No
ChatterBot Alpha reevaluating
ChatterBot Victor reevaluating
ChatterBot Victor reevaluating
2024-10-14 23:06:00.443742 Victor: We should replace Foxtrot with Yankee
ChatterBot Alpha reevaluating
2024-10-14 23:06:00.448703 Tango: No
2024-10-14 23:06:00.448859 Alpha: Yes
ChatterBot Alpha reevaluating
ChatterBot Victor reevaluating
ChatterBot Victor reevaluating
2024-10-14 23:06:00.458830 Yankee: Juliett, Lima, Echo and Papa, sending you 2
2024-10-14 23:06:00.460688 Foxtrot: Yankee, Juliett, November, Echo and Papa, sending you 3
2024-10-14 23:06:00.462672 Lima: Yankee and Foxtrot, sending you 2
2024-10-14 23:06:00.463949 Juliett: Yankee, sending you 1
2024-10-14 23:06:00.464995 Tango: Same as last round
2024-10-14 23:06:00.465407 Yankee: Foxtrot and November, sending you 3
2024-10-14 23:06:00.466234 Foxtrot: Lima, sending you 2
2024-10-14 23:06:00.467685 Victor: Juliett we want you to join our group
2024-10-14 23:06:00.470360 Juliett: No
