ChatterBot Papa round 1
ChatterBot Juliett round 1
ChatterBot Whiskey round 1
ChatterBot Romeo round 1
ChatterBot Uniform round 1
ChatterBot Victor round 1
ChatterBot Oscar round 1
ChatterBot Foxtrot round 1
ChatterBot Golf round 1
ChatterBot Charlie round 1
randomSelections Oscar: {Oscar, Papa, Foxtrot, Uniform, Whiskey} 
2024-10-14 23:05:46.082627 Oscar: Can we be friends?
ChatterBot Papa reevaluating
ChatterBot Foxtrot reevaluating
ChatterBot Uniform reevaluating
ChatterBot Whiskey reevaluating
2024-10-14 23:05:46.159957 Papa: Yes
2024-10-14 23:05:46.160179 Foxtrot: Yes
2024-10-14 23:05:46.160373 Uniform: Yes
2024-10-14 23:05:46.160564 Whiskey: Yes
ChatterBot Foxtrot reevaluating
ChatterBot Uniform reevaluating
ChatterBot Whiskey reevaluating
ChatterBot Papa reevaluating
ChatterBot Uniform reevaluating
ChatterBot Whiskey reevaluating
ChatterBot Papa reevaluating
ChatterBot Foxtrot reevaluating
ChatterBot Whiskey reevaluating
ChatterBot Papa reevaluating
ChatterBot Foxtrot reevaluating
ChatterBot Uniform reevaluating
randomSelections Golf: {Golf, Juliett, Oscar, Victor, Papa, Uniform, Foxtrot, Whiskey} 
2024-10-14 23:05:46.276443 Golf: Let's form a team
ChatterBot Juliett reevaluating
ChatterBot Victor reevaluating
ChatterBot Papa reevaluating
ChatterBot Uniform reevaluating
ChatterBot Foxtrot reevaluating
ChatterBot Whiskey reevaluating
2024-10-14 23:05:46.289393 Juliett: Yes
2024-10-14 23:05:46.289590 Oscar: No
2024-10-14 23:05:46.289783 Victor: Yes
2024-10-14 23:05:46.289888 Papa: No
2024-10-14 23:05:46.290121 Uniform: No
2024-10-14 23:05:46.290697 Foxtrot: No
2024-10-14 23:05:46.290989 Whiskey: No
ChatterBot Victor reevaluating
ChatterBot Papa reevaluating
ChatterBot Uniform reevaluating
ChatterBot Foxtrot reevaluating
ChatterBot Whiskey reevaluating
ChatterBot Juliett reevaluating
ChatterBot Victor reevaluating
ChatterBot Papa reevaluating
ChatterBot Uniform reevaluating
ChatterBot Foxtrot reevaluating
ChatterBot Whiskey reevaluating
ChatterBot Juliett reevaluating
ChatterBot Papa reevaluating
ChatterBot Uniform reevaluating
ChatterBot Foxtrot reevaluating
ChatterBot Whiskey reevaluating
ChatterBot Juliett reevaluating
ChatterBot Victor reevaluating
ChatterBot Uniform reevaluating
ChatterBot Foxtrot reevaluating
ChatterBot Whiskey reevaluating
ChatterBot Juliett reevaluating
ChatterBot Victor reevaluating
ChatterBot Papa reevaluating
ChatterBot Foxtrot reevaluating
ChatterBot Whiskey reevaluating
ChatterBot Juliett reevaluating
ChatterBot Victor reevaluating
ChatterBot Papa reevaluating
ChatterBot Uniform reevaluating
ChatterBot Whiskey reevaluating
ChatterBot Juliett reevaluating
ChatterBot Victor reevaluating
ChatterBot Papa reevaluating
ChatterBot Uniform reevaluating
ChatterBot Foxtrot reevaluating
randomSelections Romeo: {Romeo, Juliett, Papa, Uniform, Whiskey, Golf} 
2024-10-14 23:05:46.377057 Romeo: Let's form a team
ChatterBot Juliett reevaluating
ChatterBot Papa reevaluating
ChatterBot Uniform reevaluating
ChatterBot Whiskey reevaluating
2024-10-14 23:05:46.384944 Juliett: No
2024-10-14 23:05:46.385850 Papa: No
2024-10-14 23:05:46.386273 Uniform: No
2024-10-14 23:05:46.386790 Whiskey: No
2024-10-14 23:05:46.387721 Golf: No
ChatterBot Papa reevaluating
ChatterBot Uniform reevaluating
ChatterBot Whiskey reevaluating
ChatterBot Juliett reevaluating
ChatterBot Uniform reevaluating
ChatterBot Whiskey reevaluating
ChatterBot Juliett reevaluating
ChatterBot Papa reevaluating
ChatterBot Whiskey reevaluating
ChatterBot Juliett reevaluating
ChatterBot Papa reevaluating
ChatterBot Uniform reevaluating
ChatterBot Juliett reevaluating
ChatterBot Papa reevaluating
ChatterBot Uniform reevaluating
ChatterBot Whiskey reevaluating
randomSelections Charlie: {Charlie, Whiskey, Golf, Foxtrot, Romeo, Oscar} 
2024-10-14 23:05:46.459139 Charlie: We would work well together
ChatterBot Whiskey reevaluating
ChatterBot Foxtrot reevaluating
2024-10-14 23:05:46.476401 Whiskey: No
2024-10-14 23:05:46.476890 Golf: No
2024-10-14 23:05:46.477239 Foxtrot: No
2024-10-14 23:05:46.477562 Romeo: No
2024-10-14 23:05:46.479271 Oscar: No
ChatterBot Foxtrot reevaluating
ChatterBot Whiskey reevaluating
ChatterBot Foxtrot reevaluating
ChatterBot Whiskey reevaluating
ChatterBot Whiskey reevaluating
ChatterBot Foxtrot reevaluating
ChatterBot Whiskey reevaluating
ChatterBot Foxtrot reevaluating
2024-10-14 23:05:46.576015 Oscar: Papa and Uniform, sending you 3
2024-10-14 23:05:46.576849 Golf: Papa, Whiskey and Victor, sending you 3
2024-10-14 23:05:46.577300 Romeo: Papa and Whiskey, sending you 4
2024-10-14 23:05:46.578169 Foxtrot: Papa and Oscar, sending you 5
2024-10-14 23:05:46.578593 Victor: Papa, sending you 2
2024-10-14 23:05:46.579511 Uniform: Papa, sending you 4
2024-10-14 23:05:46.579955 Papa: Whiskey, sending you 4
2024-10-14 23:05:46.580755 Whiskey: Papa, Oscar and Foxtrot, sending you 4
2024-10-14 23:05:46.581293 Golf: Juliett, Oscar and Foxtrot, sending you 2
2024-10-14 23:05:46.582226 Foxtrot: Whiskey, sending you 4
2024-10-14 23:05:46.582556 Oscar: Whiskey, sending you 4
2024-10-14 23:05:46.582890 Victor: Juliett, sending you 1
2024-10-14 23:05:46.583840 Romeo: Juliett, sending you 2
2024-10-14 23:05:46.588115 Uniform: Whiskey, sending you 3
2024-10-14 23:05:46.588574 Whiskey: Uniform, sending you 5
2024-10-14 23:05:46.588926 Golf: Uniform, sending you 1
2024-10-14 23:05:46.589928 Foxtrot: Uniform, sending you 2
2024-10-14 23:05:46.590180 Papa: Uniform, sending you 3
2024-10-14 23:05:46.590409 Oscar: Foxtrot, sending you 6
2024-10-14 23:05:46.590720 Victor: Whiskey, Uniform and Oscar, sending you 3
2024-10-14 23:05:46.591535 Romeo: Uniform and Golf, sending you 3
2024-10-14 23:05:46.600550 Uniform: Oscar, sending you 5
2024-10-14 23:05:46.601326 Papa: Oscar and Foxtrot, sending you 5
2024-10-14 23:05:46.601742 Victor: Golf, sending you 4
2024-10-14 23:05:46.606168 Uniform: Foxtrot, sending you 6
chatterbot Charlie submitting transactions
chatterbot Foxtrot submitting transactions
chatterbot Papa submitting transactions
chatterbot Oscar submitting transactions
chatterbot Golf submitting transactions
chatterbot Juliett submitting transactions
chatterbot Uniform submitting transactions
chatterbot Whiskey submitting transactions
chatterbot Romeo submitting transactions
chatterbot Victor submitting transactions
ChatterBot Papa round 2
ChatterBot Juliett round 2
ChatterBot Whiskey round 2
ChatterBot Romeo round 2
ChatterBot Uniform round 2
ChatterBot Victor round 2
2024-10-14 23:05:47.644329 Juliett: We should group up
ChatterBot Victor reevaluating
ChatterBot Golf reevaluating
2024-10-14 23:05:47.665148 Victor: No
2024-10-14 23:05:47.665372 Golf: No
ChatterBot Golf reevaluating
ChatterBot Victor reevaluating
2024-10-14 23:05:47.699427 Golf: Group up?
ChatterBot Victor reevaluating
2024-10-14 23:05:47.705216 Victor: Yes
ChatterBot Golf reevaluating
ChatterBot Oscar round 2
ChatterBot Foxtrot round 2
ChatterBot Golf round 2
2024-10-14 23:05:47.732688 Whiskey: Let's form a team
ChatterBot Romeo reevaluating
ChatterBot Uniform reevaluating
ChatterBot Oscar reevaluating
ChatterBot Foxtrot reevaluating
ChatterBot Victor reevaluating
ChatterBot Golf reevaluating
2024-10-14 23:05:47.762957 Papa: No
2024-10-14 23:05:47.763603 Romeo: Yes
2024-10-14 23:05:47.763776 Uniform: Yes
2024-10-14 23:05:47.763952 Oscar: Yes
2024-10-14 23:05:47.764105 Foxtrot: Yes
2024-10-14 23:05:47.764254 Victor: No
2024-10-14 23:05:47.764387 Golf: No
ChatterBot Romeo reevaluating
ChatterBot Uniform reevaluating
ChatterBot Oscar reevaluating
ChatterBot Foxtrot reevaluating
ChatterBot Victor reevaluating
ChatterBot Golf reevaluating
ChatterBot Uniform reevaluating
ChatterBot Oscar reevaluating
ChatterBot Foxtrot reevaluating
ChatterBot Victor reevaluating
ChatterBot Golf reevaluating
ChatterBot Romeo reevaluating
ChatterBot Oscar reevaluating
ChatterBot Foxtrot reevaluating
ChatterBot Victor reevaluating
ChatterBot Golf reevaluating
ChatterBot Romeo reevaluating
ChatterBot Uniform reevaluating
ChatterBot Foxtrot reevaluating
ChatterBot Victor reevaluating
ChatterBot Golf reevaluating
ChatterBot Romeo reevaluating
ChatterBot Uniform reevaluating
ChatterBot Oscar reevaluating
ChatterBot Victor reevaluating
ChatterBot Golf reevaluating
ChatterBot Romeo reevaluating
ChatterBot Uniform reevaluating
ChatterBot Oscar reevaluating
ChatterBot Foxtrot reevaluating
ChatterBot Golf reevaluating
ChatterBot Romeo reevaluating
ChatterBot Uniform reevaluating
ChatterBot Oscar reevaluating
ChatterBot Foxtrot reevaluating
ChatterBot Victor reevaluating
ChatterBot Charlie round 2
2024-10-14 23:05:48.013588 Golf: We should replace Juliett with Romeo
2024-10-14 23:05:48.038497 Victor: Yes
2024-10-14 23:05:48.038663 Papa: No
2024-10-14 23:05:48.038778 Whiskey: Yes
2024-10-14 23:05:48.038877 Uniform: Yes
2024-10-14 23:05:48.039384 Oscar: Yes
2024-10-14 23:05:48.039485 Foxtrot: Yes
2024-10-14 23:05:48.199307 Charlie: Let's form a team
2024-10-14 23:05:48.204011 Juliett: No
ChatterBot Charlie reevaluating
2024-10-14 23:05:48.209651 Golf: Romeo we want you to join our group
2024-10-14 23:05:48.214932 Romeo: Yes
ChatterBot Victor reevaluating
ChatterBot Golf reevaluating
2024-10-14 23:05:48.246743 Whiskey: Papa, Romeo, Oscar and Foxtrot, sending you 3
2024-10-14 23:05:48.247160 Papa: Whiskey, Uniform and Oscar, sending you 4
2024-10-14 23:05:48.958315 Papa: Foxtrot, sending you 5
2024-10-14 23:05:48.958742 Uniform: Papa, Romeo, Victor and Oscar, sending you 3
2024-10-14 23:05:48.959645 Romeo: Papa and Whiskey, sending you 3
2024-10-14 23:05:48.959961 Oscar: Papa, Uniform and Foxtrot, sending you 3
2024-10-14 23:05:48.960229 Foxtrot: Papa, Whiskey, Uniform and Oscar, sending you 3
2024-10-14 23:05:48.960504 Whiskey: Uniform and Victor, sending you 2
chatterbot Whiskey submitting transactions
chatterbot Juliett submitting transactions
chatterbot Uniform submitting transactions
2024-10-14 23:05:49.154890 Romeo: Uniform, Victor, Oscar, Foxtrot and Golf, sending you 2
2024-10-14 23:05:49.155922 Foxtrot: Romeo and Victor, sending you 1
2024-10-14 23:05:49.156254 Uniform: Whiskey, sending you 4
2024-10-14 23:05:49.156978 Oscar: Whiskey, Victor and Golf, sending you 2
2024-10-14 23:05:49.157387 Charlie: Sending you 3
2024-10-14 23:05:49.157589 Whiskey: Golf, sending you 1
chatterbot Papa submitting transactions
chatterbot Romeo submitting transactions
2024-10-14 23:05:49.505666 Foxtrot: Golf, sending you 2
2024-10-14 23:05:49.506658 Uniform: Foxtrot, sending you 2
2024-10-14 23:05:49.507129 Oscar: Romeo, sending you 1
2024-10-14 23:05:49.508197 Golf: Romeo, sending you 7
2024-10-14 23:05:49.508469 Victor: Romeo, sending you 1
chatterbot Victor submitting transactions
2024-10-14 23:05:49.869692 Uniform: Golf, sending you 1
2024-10-14 23:05:49.870686 Golf: Victor, sending you 8
2024-10-14 23:05:49.871753 Victor: Golf, sending you 9
chatterbot Golf submitting transactions
chatterbot Charlie submitting transactions
chatterbot Oscar submitting transactions
chatterbot Foxtrot submitting transactions
ChatterBot Papa round 3
ChatterBot Juliett round 3
ChatterBot Whiskey round 3
ChatterBot Romeo round 3
ChatterBot Uniform round 3
ChatterBot Victor round 3
ChatterBot Oscar round 3
ChatterBot Foxtrot round 3
ChatterBot Golf round 3
ChatterBot Charlie round 3
2024-10-14 23:05:50.020313 Charlie: We should replace Oscar with Victor
2024-10-14 23:05:50.026715 Papa: We should add Romeo
2024-10-14 23:05:50.048441 Oscar: Yes
2024-10-14 23:05:50.048596 Foxtrot: Yes
2024-10-14 23:05:50.048744 Uniform: Yes
2024-10-14 23:05:50.049391 Whiskey: Yes
2024-10-14 23:05:50.166045 Uniform: We should drop Victor and Golf
2024-10-14 23:05:50.192682 Papa: Yes
2024-10-14 23:05:50.192834 Whiskey: No
2024-10-14 23:05:50.192940 Romeo: No
2024-10-14 23:05:50.193071 Oscar: No
2024-10-14 23:05:50.193177 Foxtrot: No
2024-10-14 23:05:50.326904 Charlie: Victor we want you to join our group
2024-10-14 23:05:50.332886 Victor: No
ChatterBot Charlie reevaluating
2024-10-14 23:05:50.337667 Charlie: We should group up
2024-10-14 23:05:50.380728 Papa: No
2024-10-14 23:05:50.380928 Whiskey: No
2024-10-14 23:05:50.381062 Romeo: No
2024-10-14 23:05:50.381190 Uniform: No
2024-10-14 23:05:50.381352 Oscar: No
2024-10-14 23:05:50.381477 Foxtrot: No
2024-10-14 23:05:50.381585 Victor: No
2024-10-14 23:05:50.382077 Golf: No
ChatterBot Charlie reevaluating
ChatterBot Charlie reevaluating
ChatterBot Charlie reevaluating
ChatterBot Charlie reevaluating
ChatterBot Charlie reevaluating
ChatterBot Charlie reevaluating
ChatterBot Charlie reevaluating
ChatterBot Charlie reevaluating
2024-10-14 23:05:50.840263 Papa: Romeo we want you to join our group
2024-10-14 23:05:50.847433 Romeo: Yes
2024-10-14 23:05:50.883641 Charlie: We should replace Oscar with Romeo
2024-10-14 23:05:51.045490 Whiskey: Papa, sending you 4
2024-10-14 23:05:51.046632 Oscar: Papa, Whiskey, Uniform and Foxtrot, sending you 3
2024-10-14 23:05:51.047761 Charlie: Romeo we want you to join our group
2024-10-14 23:05:51.057758 Romeo: No
ChatterBot Charlie reevaluating
2024-10-14 23:05:51.066510 Charlie: We should replace Oscar with Foxtrot
chatterbot Oscar submitting transactions
2024-10-14 23:05:51.067038 Whiskey: Romeo, sending you 2
2024-10-14 23:05:51.068148 Oscar: Romeo and Victor, sending you 2
2024-10-14 23:05:51.069193 Golf: Whiskey and Uniform, sending you 1
2024-10-14 23:05:51.069725 Romeo: Whiskey and Uniform, sending you 3
2024-10-14 23:05:51.070602 Uniform: Papa, Whiskey, Oscar and Foxtrot, sending you 4
2024-10-14 23:05:51.071154 Victor: Whiskey, Uniform and Oscar, sending you 2
2024-10-14 23:05:51.072269 Whiskey: Uniform, Oscar and Foxtrot, sending you 3
2024-10-14 23:05:51.073245 Juliett: Victor, sending you 1
2024-10-14 23:05:51.073531 Foxtrot: Papa, sending you 4
2024-10-14 23:05:51.074036 Papa: Whiskey and Foxtrot, sending you 4
2024-10-14 23:05:51.074933 Charlie: Foxtrot we want you to join our group
2024-10-14 23:05:51.084464 Foxtrot: No
ChatterBot Charlie reevaluating
2024-10-14 23:05:51.094326 Golf: Romeo, sending you 3
2024-10-14 23:05:51.095092 Romeo: Victor, sending you 1
2024-10-14 23:05:51.096423 Uniform: Romeo, sending you 3
2024-10-14 23:05:51.097063 Whiskey: Victor and Golf, sending you 1
2024-10-14 23:05:51.098368 Victor: Romeo and Foxtrot, sending you 1
2024-10-14 23:05:51.099791 Juliett: Golf, sending you 2
2024-10-14 23:05:51.100136 Foxtrot: Whiskey, Uniform and Oscar, sending you 3
2024-10-14 23:05:51.101571 Papa: Romeo, Uniform and Oscar, sending you 3
2024-10-14 23:05:51.102694 Golf: Victor, sending you 7
2024-10-14 23:05:51.103290 Romeo: Oscar and Foxtrot, sending you 2
2024-10-14 23:05:51.104561 Victor: Golf, sending you 8
2024-10-14 23:05:51.105284 Foxtrot: Romeo, Victor and Golf, sending you 1
2024-10-14 23:05:51.106778 Golf: Oscar and Foxtrot, sending you 2
2024-10-14 23:05:51.279798 Romeo: Golf, sending you 5
chatterbot Uniform submitting transactions
chatterbot Romeo submitting transactions
2024-10-14 23:05:51.342341 Charlie: Sending you 14
chatterbot Whiskey submitting transactions
chatterbot Foxtrot submitting transactions
chatterbot Golf submitting transactions
chatterbot Charlie submitting transactions
chatterbot Juliett submitting transactions
chatterbot Papa submitting transactions
chatterbot Victor submitting transactions
ChatterBot Papa round 4
ChatterBot Juliett round 4
ChatterBot Whiskey round 4
ChatterBot Romeo round 4
ChatterBot Uniform round 4
ChatterBot Victor round 4
ChatterBot Oscar round 4
ChatterBot Foxtrot round 4
2024-10-14 23:05:52.005820 Romeo: We should add Charlie
2024-10-14 23:05:52.042950 Whiskey: No
2024-10-14 23:05:52.043114 Papa: No
2024-10-14 23:05:52.043235 Uniform: No
2024-10-14 23:05:52.043377 Oscar: No
2024-10-14 23:05:52.043479 Foxtrot: No
2024-10-14 23:05:52.043580 Victor: No
2024-10-14 23:05:52.043693 Golf: No
ChatterBot Romeo reevaluating
ChatterBot Romeo reevaluating
ChatterBot Romeo reevaluating
ChatterBot Romeo reevaluating
ChatterBot Golf round 4
ChatterBot Charlie round 4
2024-10-14 23:05:52.339089 Charlie: We should replace Romeo with Golf
2024-10-14 23:05:52.349215 Charlie: Golf we want you to join our group
2024-10-14 23:05:52.357216 Golf: No
2024-10-14 23:05:52.363168 Whiskey: Papa, sending you 4
2024-10-14 23:05:52.364480 Juliett: Victor, sending you 3
2024-10-14 23:05:52.365709 Uniform: Papa, Whiskey, Oscar and Foxtrot, sending you 4
2024-10-14 23:05:52.366714 Foxtrot: Papa, Whiskey, Uniform and Oscar, sending you 3
2024-10-14 23:05:52.368364 Oscar: Papa, Whiskey, Uniform and Foxtrot, sending you 3
2024-10-14 23:05:52.369569 Whiskey: Romeo, sending you 2
2024-10-14 23:05:52.370071 Juliett: Golf, sending you 4
2024-10-14 23:05:52.370980 Papa: Whiskey, Uniform and Foxtrot, sending you 4
2024-10-14 23:05:52.371348 Victor: Whiskey, Uniform and Oscar, sending you 2
2024-10-14 23:05:52.371892 Romeo: Papa, Oscar and Foxtrot, sending you 2
2024-10-14 23:05:52.373027 Golf: Whiskey, Uniform and Oscar, sending you 1
2024-10-14 23:05:52.373518 Uniform: Romeo, sending you 3
2024-10-14 23:05:52.374570 Foxtrot: Romeo and Victor, sending you 1
2024-10-14 23:05:52.375121 Oscar: Victor and Golf, sending you 2
2024-10-14 23:05:52.376446 Papa: Romeo, sending you 2
2024-10-14 23:05:52.376983 Whiskey: Uniform, Oscar and Foxtrot, sending you 3
2024-10-14 23:05:52.377546 Victor: Romeo and Foxtrot, sending you 1
2024-10-14 23:05:52.378934 Golf: Romeo, sending you 3
2024-10-14 23:05:52.379559 Romeo: Whiskey and Uniform, sending you 3
2024-10-14 23:05:52.380691 Foxtrot: Golf, sending you 2
2024-10-14 23:05:52.381924 Papa: Oscar, sending you 3
2024-10-14 23:05:52.382479 Whiskey: Victor and Golf, sending you 1
2024-10-14 23:05:52.383681 Victor: Golf, sending you 8
2024-10-14 23:05:52.384280 Golf: Victor, sending you 8
2024-10-14 23:05:52.385333 Romeo: Golf, sending you 4
2024-10-14 23:05:52.386188 Charlie: Sending you 15
2024-10-14 23:05:52.388695 Golf: Foxtrot, sending you 2
chatterbot Juliett submitting transactions
chatterbot Papa submitting transactions
chatterbot Oscar submitting transactions
chatterbot Golf submitting transactions
chatterbot Victor submitting transactions
chatterbot Charlie submitting transactions
chatterbot Romeo submitting transactions
chatterbot Uniform submitting transactions
chatterbot Foxtrot submitting transactions
chatterbot Whiskey submitting transactions
ChatterBot Papa round 5
ChatterBot Juliett round 5
ChatterBot Whiskey round 5
ChatterBot Romeo round 5
ChatterBot Uniform round 5
ChatterBot Victor round 5
ChatterBot Oscar round 5
ChatterBot Foxtrot round 5
ChatterBot Golf round 5
ChatterBot Charlie round 5
2024-10-14 23:05:53.813060 Juliett: We should add Oscar
ChatterBot Victor reevaluating
ChatterBot Golf reevaluating
2024-10-14 23:05:53.823798 Victor: Yes
2024-10-14 23:05:53.823982 Golf: No
ChatterBot Juliett reevaluating
ChatterBot Golf reevaluating
ChatterBot Juliett reevaluating
ChatterBot Victor reevaluating
2024-10-14 23:05:53.846002 Victor: We should add Juliett
ChatterBot Papa reevaluating
ChatterBot Romeo reevaluating
ChatterBot Oscar reevaluating
ChatterBot Foxtrot reevaluating
ChatterBot Golf reevaluating
2024-10-14 23:05:53.865159 Whiskey: No
2024-10-14 23:05:53.865304 Papa: No
2024-10-14 23:05:53.865470 Romeo: No
2024-10-14 23:05:53.866206 Uniform: No
2024-10-14 23:05:53.866417 Oscar: No
2024-10-14 23:05:53.866548 Foxtrot: Yes
2024-10-14 23:05:53.866673 Golf: Yes
ChatterBot Papa reevaluating
ChatterBot Romeo reevaluating
ChatterBot Oscar reevaluating
ChatterBot Foxtrot reevaluating
ChatterBot Victor reevaluating
ChatterBot Golf reevaluating
ChatterBot Romeo reevaluating
ChatterBot Oscar reevaluating
ChatterBot Foxtrot reevaluating
ChatterBot Victor reevaluating
ChatterBot Golf reevaluating
ChatterBot Papa reevaluating
ChatterBot Oscar reevaluating
ChatterBot Foxtrot reevaluating
ChatterBot Victor reevaluating
ChatterBot Golf reevaluating
ChatterBot Papa reevaluating
ChatterBot Romeo reevaluating
ChatterBot Oscar reevaluating
ChatterBot Foxtrot reevaluating
ChatterBot Victor reevaluating
ChatterBot Golf reevaluating
ChatterBot Papa reevaluating
ChatterBot Romeo reevaluating
ChatterBot Foxtrot reevaluating
ChatterBot Victor reevaluating
ChatterBot Golf reevaluating
ChatterBot Papa reevaluating
ChatterBot Romeo reevaluating
ChatterBot Oscar reevaluating
ChatterBot Victor reevaluating
ChatterBot Golf reevaluating
ChatterBot Papa reevaluating
ChatterBot Romeo reevaluating
ChatterBot Oscar reevaluating
ChatterBot Foxtrot reevaluating
ChatterBot Victor reevaluating
2024-10-14 23:05:54.034973 Charlie: We should replace Golf with Whiskey
2024-10-14 23:05:54.035693 Whiskey: We should drop Victor and Golf
ChatterBot Papa reevaluating
ChatterBot Romeo reevaluating
ChatterBot Oscar reevaluating
ChatterBot Foxtrot reevaluating
2024-10-14 23:05:54.047563 Uniform: Yes
2024-10-14 23:05:54.047676 Papa: Yes
2024-10-14 23:05:54.047771 Romeo: Yes
2024-10-14 23:05:54.047856 Oscar: Yes
2024-10-14 23:05:54.047936 Foxtrot: Yes
ChatterBot Papa reevaluating
ChatterBot Romeo reevaluating
ChatterBot Oscar reevaluating
ChatterBot Foxtrot reevaluating
ChatterBot Romeo reevaluating
ChatterBot Oscar reevaluating
ChatterBot Foxtrot reevaluating
ChatterBot Papa reevaluating
ChatterBot Oscar reevaluating
ChatterBot Foxtrot reevaluating
ChatterBot Papa reevaluating
ChatterBot Romeo reevaluating
ChatterBot Foxtrot reevaluating
ChatterBot Papa reevaluating
ChatterBot Romeo reevaluating
ChatterBot Oscar reevaluating
2024-10-14 23:05:54.109861 Juliett: We should add Romeo
ChatterBot Victor reevaluating
ChatterBot Golf reevaluating
2024-10-14 23:05:54.115001 Victor: Yes
2024-10-14 23:05:54.115109 Golf: No
ChatterBot Juliett reevaluating
ChatterBot Golf reevaluating
ChatterBot Juliett reevaluating
ChatterBot Victor reevaluating
2024-10-14 23:05:54.125632 Juliett: We should add Foxtrot
ChatterBot Victor reevaluating
ChatterBot Golf reevaluating
2024-10-14 23:05:54.130706 Victor: Yes
2024-10-14 23:05:54.130829 Golf: No
ChatterBot Juliett reevaluating
ChatterBot Golf reevaluating
ChatterBot Juliett reevaluating
ChatterBot Victor reevaluating
2024-10-14 23:05:54.141631 Charlie: Whiskey we want you to join our group
2024-10-14 23:05:54.143936 Whiskey: No
ChatterBot Charlie reevaluating
2024-10-14 23:05:54.146853 Charlie: We should replace Golf with Foxtrot
2024-10-14 23:05:54.147140 Juliett: Romeo we want you to join our group
ChatterBot Romeo reevaluating
2024-10-14 23:05:54.149780 Romeo: No
ChatterBot Juliett reevaluating
ChatterBot Victor reevaluating
2024-10-14 23:05:54.157875 Papa: We should drop Romeo
2024-10-14 23:05:54.166157 Oscar: No
2024-10-14 23:05:54.166309 Foxtrot: No
2024-10-14 23:05:54.166422 Uniform: No
2024-10-14 23:05:54.166523 Whiskey: No
2024-10-14 23:05:54.204719 Charlie: Foxtrot we want you to join our group
2024-10-14 23:05:54.206704 Foxtrot: No
ChatterBot Charlie reevaluating
2024-10-14 23:05:54.209618 Victor: Juliett we want you to join our group
ChatterBot Juliett reevaluating
2024-10-14 23:05:54.212092 Juliett: No
ChatterBot Romeo reevaluating
2024-10-14 23:05:54.229880 Uniform: Papa, Whiskey, Oscar and Foxtrot, sending you 4
2024-10-14 23:05:54.230282 Whiskey: Papa and Uniform, sending you 4
2024-10-14 23:05:54.233659 Uniform: Romeo, sending you 3
2024-10-14 23:05:54.234156 Golf: Juliett, sending you 3
2024-10-14 23:05:54.234700 Whiskey: Romeo, Oscar and Foxtrot, sending you 3
2024-10-14 23:05:54.237677 Golf: Romeo, sending you 5
2024-10-14 23:05:54.242682 Golf: Victor, sending you 7
2024-10-14 23:05:54.243718 Oscar: Papa and Uniform, sending you 4
2024-10-14 23:05:54.246094 Papa: Whiskey, sending you 5
2024-10-14 23:05:54.246670 Oscar: Whiskey and Foxtrot, sending you 3
2024-10-14 23:05:54.248674 Charlie: Sending you 11
2024-10-14 23:05:54.250706 Papa: Uniform, Oscar and Foxtrot, sending you 4
2024-10-14 23:05:54.251666 Oscar: Romeo, sending you 2
2024-10-14 23:05:54.252694 Victor: Juliett, Whiskey and Oscar, sending you 2
2024-10-14 23:05:54.253689 Foxtrot: Papa, sending you 5
2024-10-14 23:05:54.254515 Romeo: Papa, sending you 3
2024-10-14 23:05:54.257242 Foxtrot: Whiskey, Uniform and Oscar, sending you 3
2024-10-14 23:05:54.257851 Victor: Romeo, Uniform and Foxtrot, sending you 1
2024-10-14 23:05:54.258687 Romeo: Whiskey, sending you 4
2024-10-14 23:05:54.260677 Foxtrot: Romeo, sending you 2
2024-10-14 23:05:54.261190 Juliett: Romeo and Golf, sending you 4
2024-10-14 23:05:54.262670 Victor: Golf, sending you 7
2024-10-14 23:05:54.263682 Romeo: Uniform, sending you 5
2024-10-14 23:05:54.265662 Juliett: Victor, sending you 3
2024-10-14 23:05:54.268660 Romeo: Oscar and Foxtrot, sending you 2
chatterbot Uniform submitting transactions
chatterbot Foxtrot submitting transactions
chatterbot Golf submitting transactions
chatterbot Papa submitting transactions
chatterbot Charlie submitting transactions
chatterbot Oscar submitting transactions
chatterbot Victor submitting transactions
chatterbot Whiskey submitting transactions
chatterbot Juliett submitting transactions
chatterbot Romeo submitting transactions
ChatterBot Papa round 6
ChatterBot Juliett round 6
ChatterBot Whiskey round 6
ChatterBot Romeo round 6
ChatterBot Uniform round 6
ChatterBot Victor round 6
ChatterBot Oscar round 6
ChatterBot Foxtrot round 6
ChatterBot Golf round 6
ChatterBot Charlie round 6
2024-10-14 23:05:55.204863 Golf: We should replace Romeo with Charlie
ChatterBot Juliett reevaluating
ChatterBot Victor reevaluating
2024-10-14 23:05:55.213631 Juliett: Yes
2024-10-14 23:05:55.213769 Victor: Yes
ChatterBot Victor reevaluating
ChatterBot Golf reevaluating
ChatterBot Juliett reevaluating
ChatterBot Golf reevaluating
2024-10-14 23:05:55.228660 Juliett: We should replace Romeo with Whiskey
ChatterBot Victor reevaluating
ChatterBot Golf reevaluating
2024-10-14 23:05:55.234468 Victor: No
2024-10-14 23:05:55.234671 Golf: No
ChatterBot Juliett reevaluating
ChatterBot Golf reevaluating
ChatterBot Juliett reevaluating
ChatterBot Victor reevaluating
2024-10-14 23:05:55.285049 Golf: Charlie we want you to join our group
ChatterBot Charlie reevaluating
2024-10-14 23:05:55.287632 Charlie: No
ChatterBot Juliett reevaluating
ChatterBot Golf reevaluating
2024-10-14 23:05:55.295691 Papa: Whiskey, Uniform and Oscar, sending you 4
2024-10-14 23:05:55.296650 Romeo: Papa, sending you 2
2024-10-14 23:05:55.299108 Victor: Juliett, sending you 3
2024-10-14 23:05:55.299681 Romeo: Whiskey and Uniform, sending you 4
2024-10-14 23:05:55.300266 Foxtrot: Papa and Uniform, sending you 4
2024-10-14 23:05:55.300839 Papa: Foxtrot, sending you 5
2024-10-14 23:05:55.301311 Uniform: Papa, Whiskey, Romeo and Oscar, sending you 4
2024-10-14 23:05:55.302301 Whiskey: Papa, Uniform, Oscar and Foxtrot, sending you 3
2024-10-14 23:05:55.303675 Victor: Golf, sending you 10
2024-10-14 23:05:55.304060 Foxtrot: Whiskey and Oscar, sending you 3
2024-10-14 23:05:55.305079 Romeo: Oscar and Foxtrot, sending you 3
2024-10-14 23:05:55.305690 Romeo: I was attacked by Charlie
ChatterBot Uniform reevaluating
ChatterBot Papa reevaluating
ChatterBot Whiskey reevaluating
ChatterBot Oscar reevaluating
ChatterBot Foxtrot reevaluating
2024-10-14 23:05:55.325272 Romeo: Ow
2024-10-14 23:05:55.326268 Victor: Charlie, sending you 1
2024-10-14 23:05:55.331713 Charlie: Sending you 11
2024-10-14 23:05:55.332474 Juliett: Romeo, sending you 2
2024-10-14 23:05:55.337806 Juliett: Victor, sending you 3
2024-10-14 23:05:55.340669 Juliett: Golf, sending you 6
2024-10-14 23:05:55.344670 Golf: Juliett, sending you 3
2024-10-14 23:05:55.349069 Golf: Victor, sending you 7
2024-10-14 23:05:55.354805 Golf: Charlie, sending you 4
2024-10-14 23:05:55.363679 Whiskey: Romeo, Oscar and Foxtrot, sending you 2
chatterbot Golf submitting transactions
chatterbot Victor submitting transactions
chatterbot Romeo submitting transactions
chatterbot Oscar submitting transactions
chatterbot Papa submitting transactions
chatterbot Charlie submitting transactions
chatterbot Juliett submitting transactions
chatterbot Uniform submitting transactions
chatterbot Whiskey submitting transactions
chatterbot Foxtrot submitting transactions
ChatterBot Papa round 7
ChatterBot Juliett round 7
ChatterBot Whiskey round 7
ChatterBot Romeo round 7
ChatterBot Uniform round 7
ChatterBot Victor round 7
ChatterBot Oscar round 7
ChatterBot Foxtrot round 7
2024-10-14 23:05:56.590668 Papa: We should replace Oscar with Romeo
ChatterBot Uniform reevaluating
2024-10-14 23:05:56.600481 Whiskey: No
2024-10-14 23:05:56.600643 Uniform: Yes
2024-10-14 23:05:56.600856 Foxtrot: No
ChatterBot Papa reevaluating
ChatterBot Uniform reevaluating
ChatterBot Papa reevaluating
ChatterBot Papa reevaluating
ChatterBot Uniform reevaluating
ChatterBot Golf round 7
ChatterBot Charlie round 7
2024-10-14 23:05:56.638240 Victor: We should add Foxtrot
ChatterBot Golf reevaluating
ChatterBot Charlie reevaluating
2024-10-14 23:05:56.646342 Juliett: No
2024-10-14 23:05:56.646458 Golf: No
2024-10-14 23:05:56.646560 Charlie: Yes
ChatterBot Victor reevaluating
ChatterBot Golf reevaluating
ChatterBot Charlie reevaluating
ChatterBot Juliett reevaluating
ChatterBot Victor reevaluating
ChatterBot Charlie reevaluating
ChatterBot Juliett reevaluating
ChatterBot Victor reevaluating
ChatterBot Golf reevaluating
2024-10-14 23:05:56.683235 Uniform: We should drop Oscar
ChatterBot Papa reevaluating
2024-10-14 23:05:56.691368 Papa: Yes
2024-10-14 23:05:56.691517 Whiskey: No
2024-10-14 23:05:56.691657 Romeo: No
2024-10-14 23:05:56.691758 Foxtrot: No
ChatterBot Papa reevaluating
ChatterBot Uniform reevaluating
ChatterBot Papa reevaluating
ChatterBot Uniform reevaluating
ChatterBot Papa reevaluating
2024-10-14 23:05:56.725063 Papa: We should replace Uniform with Romeo
ChatterBot Oscar reevaluating
2024-10-14 23:05:56.730623 Whiskey: No
2024-10-14 23:05:56.730737 Oscar: No
2024-10-14 23:05:56.730841 Foxtrot: No
ChatterBot Papa reevaluating
ChatterBot Oscar reevaluating
ChatterBot Papa reevaluating
ChatterBot Papa reevaluating
ChatterBot Oscar reevaluating
2024-10-14 23:05:56.753209 Victor: Foxtrot we want you to join our group
2024-10-14 23:05:56.755554 Foxtrot: No
ChatterBot Victor reevaluating
ChatterBot Juliett reevaluating
ChatterBot Golf reevaluating
ChatterBot Charlie reevaluating
2024-10-14 23:05:56.765740 Victor: We should add Oscar
ChatterBot Juliett reevaluating
ChatterBot Golf reevaluating
ChatterBot Charlie reevaluating
2024-10-14 23:05:56.772792 Juliett: No
2024-10-14 23:05:56.772936 Golf: No
2024-10-14 23:05:56.773055 Charlie: Yes
ChatterBot Victor reevaluating
ChatterBot Golf reevaluating
ChatterBot Charlie reevaluating
ChatterBot Juliett reevaluating
ChatterBot Victor reevaluating
ChatterBot Charlie reevaluating
ChatterBot Juliett reevaluating
ChatterBot Victor reevaluating
ChatterBot Golf reevaluating
2024-10-14 23:05:56.807566 Uniform: We should drop Papa
ChatterBot Oscar reevaluating
2024-10-14 23:05:56.817160 Whiskey: No
2024-10-14 23:05:56.818050 Romeo: No
2024-10-14 23:05:56.818181 Oscar: No
2024-10-14 23:05:56.818278 Foxtrot: No
ChatterBot Oscar reevaluating
ChatterBot Oscar reevaluating
ChatterBot Whiskey reevaluating
ChatterBot Oscar reevaluating
2024-10-14 23:05:56.855606 Papa: Romeo we want you to join our group
2024-10-14 23:05:56.859329 Romeo: Yes
ChatterBot Papa reevaluating
ChatterBot Whiskey reevaluating
ChatterBot Oscar reevaluating
2024-10-14 23:05:56.872833 Victor: We should add Romeo
ChatterBot Juliett reevaluating
ChatterBot Charlie reevaluating
2024-10-14 23:05:56.886188 Juliett: Yes
2024-10-14 23:05:56.886396 Golf: Yes
2024-10-14 23:05:56.886564 Charlie: Yes
ChatterBot Victor reevaluating
ChatterBot Charlie reevaluating
ChatterBot Juliett reevaluating
ChatterBot Victor reevaluating
ChatterBot Charlie reevaluating
ChatterBot Juliett reevaluating
ChatterBot Victor reevaluating
2024-10-14 23:05:56.912253 Romeo: Papa, sending you 2
2024-10-14 23:05:56.912819 Golf: Romeo we want you to join our group
2024-10-14 23:05:56.915209 Romeo: No
ChatterBot Juliett reevaluating
ChatterBot Victor reevaluating
ChatterBot Charlie reevaluating
2024-10-14 23:05:56.925504 Foxtrot: Papa, sending you 5
2024-10-14 23:05:56.926412 Romeo: Whiskey and Uniform, sending you 4
2024-10-14 23:05:56.929674 Romeo: Oscar and Foxtrot, sending you 3
2024-10-14 23:05:56.931040 Foxtrot: Whiskey, Uniform and Oscar, sending you 3
2024-10-14 23:05:56.934692 Victor: Romeo we want you to join our group
2024-10-14 23:05:56.938087 Romeo: No
ChatterBot Juliett reevaluating
ChatterBot Victor reevaluating
2024-10-14 23:05:56.953546 Foxtrot: Romeo, sending you 2
2024-10-14 23:05:56.956689 Golf: Juliett, sending you 3
2024-10-14 23:05:56.957491 Charlie: Juliett and Romeo, sending you 1
2024-10-14 23:05:56.958706 Uniform: Whiskey, Romeo and Oscar, sending you 4
2024-10-14 23:05:56.959505 Papa: Whiskey and Foxtrot, sending you 5
2024-10-14 23:05:56.961692 Golf: Romeo and Charlie, sending you 2
2024-10-14 23:05:56.962433 Charlie: Victor, sending you 2
2024-10-14 23:05:56.962972 Uniform: Foxtrot, sending you 3
2024-10-14 23:05:56.963633 Papa: Romeo, sending you 3
2024-10-14 23:05:56.965017 Golf: Victor, sending you 7
2024-10-14 23:05:56.966671 Charlie: Golf, sending you 7
2024-10-14 23:05:56.969685 Papa: Oscar, sending you 4
2024-10-14 23:05:56.972674 Juliett: Romeo, sending you 1
2024-10-14 23:05:56.977659 Juliett: Victor and Charlie, sending you 3
2024-10-14 23:05:56.982695 Juliett: Golf, sending you 4
2024-10-14 23:05:56.989694 Victor: Juliett, sending you 3
2024-10-14 23:05:56.994686 Victor: Romeo and Charlie, sending you 1
2024-10-14 23:05:56.997675 Victor: Golf, sending you 10
chatterbot Uniform submitting transactions
chatterbot Golf submitting transactions
chatterbot Charlie submitting transactions
chatterbot Whiskey submitting transactions
chatterbot Foxtrot submitting transactions
chatterbot Victor submitting transactions
chatterbot Juliett submitting transactions
chatterbot Romeo submitting transactions
chatterbot Papa submitting transactions
chatterbot Oscar submitting transactions
ChatterBot Papa round 8
ChatterBot Juliett round 8
ChatterBot Whiskey round 8
ChatterBot Romeo round 8
ChatterBot Uniform round 8
ChatterBot Victor round 8
ChatterBot Oscar round 8
ChatterBot Foxtrot round 8
ChatterBot Golf round 8
ChatterBot Charlie round 8
2024-10-14 23:05:57.935321 Papa: We should replace Oscar with Uniform
ChatterBot Whiskey reevaluating
2024-10-14 23:05:57.943788 Whiskey: Yes
2024-10-14 23:05:57.944039 Romeo: No
2024-10-14 23:05:57.944339 Foxtrot: No
ChatterBot Papa reevaluating
ChatterBot Papa reevaluating
ChatterBot Whiskey reevaluating
ChatterBot Papa reevaluating
ChatterBot Whiskey reevaluating
2024-10-14 23:05:57.976499 Uniform: We should replace Oscar with Papa
ChatterBot Whiskey reevaluating
2024-10-14 23:05:57.985570 Whiskey: No
2024-10-14 23:05:57.985902 Romeo: No
2024-10-14 23:05:57.986210 Foxtrot: No
ChatterBot Whiskey reevaluating
ChatterBot Whiskey reevaluating
2024-10-14 23:05:58.016604 Uniform: Papa we want you to join our group
ChatterBot Papa reevaluating
2024-10-14 23:05:58.020424 Papa: Yes
2024-10-14 23:05:58.031661 Romeo: Papa and Foxtrot, sending you 3
2024-10-14 23:05:58.041057 Victor: Juliett, sending you 3
2024-10-14 23:05:58.042771 Papa: Uniform we want you to join our group
2024-10-14 23:05:58.046783 Uniform: Yes
ChatterBot Papa reevaluating
2024-10-14 23:05:58.060568 Romeo: Whiskey and Uniform, sending you 4
2024-10-14 23:05:58.062221 Victor: Romeo and Charlie, sending you 1
2024-10-14 23:05:58.063664 Juliett: Romeo, sending you 1
2024-10-14 23:05:58.064233 Charlie: Juliett, sending you 3
2024-10-14 23:05:58.065177 Foxtrot: Papa, sending you 4
2024-10-14 23:05:58.066133 Golf: Juliett and Charlie, sending you 3
2024-10-14 23:05:58.067031 Romeo: Oscar, sending you 2
2024-10-14 23:05:58.068923 Uniform: Sending you each 3
2024-10-14 23:05:58.069863 Uniform: I was attacked by Juliett and Charlie
ChatterBot Papa reevaluating
ChatterBot Whiskey reevaluating
ChatterBot Romeo reevaluating
ChatterBot Foxtrot reevaluating
2024-10-14 23:05:58.081685 Uniform: Ow
2024-10-14 23:05:58.082526 Victor: Golf, sending you 11
2024-10-14 23:05:58.083003 Charlie: Romeo, sending you 1
2024-10-14 23:05:58.083431 Juliett: Victor and Charlie, sending you 3
2024-10-14 23:05:58.083898 Golf: Romeo, sending you 2
2024-10-14 23:05:58.086861 Whiskey: We should drop Oscar
ChatterBot Papa reevaluating
ChatterBot Romeo reevaluating
ChatterBot Foxtrot reevaluating
2024-10-14 23:05:58.096561 Uniform: Yes
2024-10-14 23:05:58.096739 Papa: Yes
2024-10-14 23:05:58.096903 Romeo: No
2024-10-14 23:05:58.097045 Foxtrot: No
ChatterBot Papa reevaluating
ChatterBot Whiskey reevaluating
ChatterBot Romeo reevaluating
ChatterBot Foxtrot reevaluating
ChatterBot Whiskey reevaluating
ChatterBot Romeo reevaluating
ChatterBot Foxtrot reevaluating
ChatterBot Papa reevaluating
ChatterBot Whiskey reevaluating
ChatterBot Foxtrot reevaluating
ChatterBot Papa reevaluating
ChatterBot Whiskey reevaluating
ChatterBot Romeo reevaluating
2024-10-14 23:05:58.143982 Juliett: Golf, sending you 4
2024-10-14 23:05:58.144403 Charlie: Victor, sending you 2
2024-10-14 23:05:58.145255 Golf: Victor, sending you 7
2024-10-14 23:05:58.150227 Charlie: Golf, sending you 5
2024-10-14 23:05:58.173059 Papa: Whiskey and Foxtrot, sending you 5
2024-10-14 23:05:58.178285 Papa: Romeo, sending you 3
2024-10-14 23:05:58.183128 Papa: Uniform, sending you 4
chatterbot Juliett submitting transactions
chatterbot Victor submitting transactions
chatterbot Uniform submitting transactions
chatterbot Oscar submitting transactions
chatterbot Charlie submitting transactions
chatterbot Golf submitting transactions
chatterbot Romeo submitting transactions
chatterbot Whiskey submitting transactions
chatterbot Foxtrot submitting transactions
chatterbot Papa submitting transactions
ChatterBot Papa round 9
ChatterBot Juliett round 9
ChatterBot Whiskey round 9
ChatterBot Romeo round 9
ChatterBot Uniform round 9
ChatterBot Victor round 9
ChatterBot Oscar round 9
ChatterBot Foxtrot round 9
ChatterBot Golf round 9
ChatterBot Charlie round 9
2024-10-14 23:05:59.417859 Whiskey: We should drop Oscar
2024-10-14 23:05:59.426273 Uniform: Yes
2024-10-14 23:05:59.426425 Papa: Yes
2024-10-14 23:05:59.426536 Romeo: No
2024-10-14 23:05:59.426649 Foxtrot: No
ChatterBot Whiskey reevaluating
ChatterBot Whiskey reevaluating
ChatterBot Whiskey reevaluating
ChatterBot Whiskey reevaluating
2024-10-14 23:05:59.478874 Papa: Whiskey and Foxtrot, sending you 5
2024-10-14 23:05:59.484684 Papa: Romeo, sending you 3
2024-10-14 23:05:59.485742 Juliett: Romeo, sending you 1
2024-10-14 23:05:59.488746 Victor: Juliett, sending you 3
2024-10-14 23:05:59.489419 Papa: Uniform, sending you 4
2024-10-14 23:05:59.490948 Uniform: Papa, sending you 2
2024-10-14 23:05:59.491599 Juliett: Victor, sending you 3
2024-10-14 23:05:59.493128 Foxtrot: Papa, sending you 4
2024-10-14 23:05:59.494 Victor: Romeo and Charlie, sending you 1
2024-10-14 23:05:59.495215 Uniform: Whiskey, Romeo and Foxtrot, sending you 3
2024-10-14 23:05:59.495926 Uniform: I was attacked by Juliett and Charlie
ChatterBot Papa reevaluating
ChatterBot Whiskey reevaluating
ChatterBot Romeo reevaluating
ChatterBot Foxtrot reevaluating
2024-10-14 23:05:59.519072 Uniform: Ow
2024-10-14 23:05:59.521097 Juliett: Golf, sending you 5
2024-10-14 23:05:59.522231 Victor: Golf, sending you 11
2024-10-14 23:05:59.522991 Golf: Juliett and Charlie, sending you 3
2024-10-14 23:05:59.523710 Charlie: Juliett, sending you 4
2024-10-14 23:05:59.524904 Juliett: Charlie, sending you 2
2024-10-14 23:05:59.526698 Golf: Romeo, sending you 2
2024-10-14 23:05:59.529716 Charlie: Romeo, sending you 1
2024-10-14 23:05:59.531691 Golf: Victor, sending you 7
2024-10-14 23:05:59.533674 Charlie: Victor, sending you 3
2024-10-14 23:05:59.539691 Charlie: Golf, sending you 7
chatterbot Victor submitting transactions
chatterbot Charlie submitting transactions
chatterbot Oscar submitting transactions
chatterbot Uniform submitting transactions
chatterbot Papa submitting transactions
