ChatterBot Whiskey round 1
ChatterBot Victor round 1
ChatterBot Oscar round 1
ChatterBot Quebec round 1
ChatterBot Zulu round 1
ChatterBot Foxtrot round 1
ChatterBot Charlie round 1
ChatterBot Papa round 1
ChatterBot Juliett round 1
ChatterBot Echo round 1
randomSelections Quebec: {Quebec, Papa, Charlie, Echo, Whiskey, Oscar, Juliett, Victor} 
2024-10-14 23:05:46.419170 Quebec: Group up?
ChatterBot Papa reevaluating
ChatterBot Charlie reevaluating
ChatterBot Echo reevaluating
ChatterBot Whiskey reevaluating
ChatterBot Oscar reevaluating
ChatterBot Juliett reevaluating
ChatterBot Victor reevaluating
2024-10-14 23:05:46.431467 Papa: Yes
2024-10-14 23:05:46.431626 Charlie: Yes
2024-10-14 23:05:46.431781 Echo: Yes
2024-10-14 23:05:46.432527 Whiskey: Yes
2024-10-14 23:05:46.432660 Oscar: Yes
2024-10-14 23:05:46.432750 Juliett: Yes
2024-10-14 23:05:46.432835 Victor: Yes
ChatterBot Charlie reevaluating
ChatterBot Echo reevaluating
ChatterBot Whiskey reevaluating
ChatterBot Oscar reevaluating
ChatterBot Juliett reevaluating
ChatterBot Victor reevaluating
ChatterBot Papa reevaluating
ChatterBot Echo reevaluating
ChatterBot Whiskey reevaluating
ChatterBot Oscar reevaluating
ChatterBot Juliett reevaluating
ChatterBot Victor reevaluating
ChatterBot Papa reevaluating
ChatterBot Charlie reevaluating
ChatterBot Whiskey reevaluating
ChatterBot Oscar reevaluating
ChatterBot Juliett reevaluating
ChatterBot Victor reevaluating
ChatterBot Papa reevaluating
ChatterBot Charlie reevaluating
ChatterBot Echo reevaluating
ChatterBot Oscar reevaluating
ChatterBot Juliett reevaluating
ChatterBot Victor reevaluating
ChatterBot Papa reevaluating
ChatterBot Charlie reevaluating
ChatterBot Echo reevaluating
ChatterBot Whiskey reevaluating
ChatterBot Juliett reevaluating
ChatterBot Victor reevaluating
ChatterBot Papa reevaluating
ChatterBot Charlie reevaluating
ChatterBot Echo reevaluating
ChatterBot Whiskey reevaluating
ChatterBot Oscar reevaluating
ChatterBot Victor reevaluating
ChatterBot Papa reevaluating
ChatterBot Charlie reevaluating
ChatterBot Echo reevaluating
ChatterBot Whiskey reevaluating
ChatterBot Oscar reevaluating
ChatterBot Juliett reevaluating
randomSelections Foxtrot: {Foxtrot, Quebec, Victor, Zulu, Oscar, Charlie} 
2024-10-14 23:05:46.541741 Foxtrot: We should group up
ChatterBot Victor reevaluating
ChatterBot Zulu reevaluating
ChatterBot Oscar reevaluating
ChatterBot Charlie reevaluating
2024-10-14 23:05:46.549064 Quebec: No
2024-10-14 23:05:46.549211 Victor: No
2024-10-14 23:05:46.549333 Zulu: Yes
2024-10-14 23:05:46.549977 Oscar: No
2024-10-14 23:05:46.550071 Charlie: No
ChatterBot Victor reevaluating
ChatterBot Zulu reevaluating
ChatterBot Oscar reevaluating
ChatterBot Charlie reevaluating
ChatterBot Zulu reevaluating
ChatterBot Oscar reevaluating
ChatterBot Charlie reevaluating
ChatterBot Victor reevaluating
ChatterBot Oscar reevaluating
ChatterBot Charlie reevaluating
ChatterBot Victor reevaluating
ChatterBot Zulu reevaluating
ChatterBot Charlie reevaluating
ChatterBot Victor reevaluating
ChatterBot Zulu reevaluating
ChatterBot Oscar reevaluating
2024-10-14 23:05:46.618657 Zulu: Victor, Quebec and Charlie, sending you 3
2024-10-14 23:05:46.622330 Quebec: Whiskey and Victor, sending you 1
2024-10-14 23:05:46.622850 Zulu: Oscar and Foxtrot, sending you 5
2024-10-14 23:05:46.623980 Foxtrot: Victor, sending you 3
2024-10-14 23:05:46.624897 Juliett: Victor and Charlie, sending you 1
2024-10-14 23:05:46.628393 Quebec: Oscar, Papa and Juliett, sending you 2
2024-10-14 23:05:46.629355 Whiskey: Victor, Quebec, Papa and Echo, sending you 1
2024-10-14 23:05:46.629815 Foxtrot: Oscar and Zulu, sending you 5
2024-10-14 23:05:46.630901 Charlie: Whiskey and Echo, sending you 1
2024-10-14 23:05:46.631515 Echo: Whiskey, Victor, Oscar and Quebec, sending you 3
2024-10-14 23:05:46.641703 Foxtrot: Quebec, sending you 1
2024-10-14 23:05:46.642140 Papa: Whiskey, sending you 2
2024-10-14 23:05:46.642609 Victor: Whiskey, sending you 5
2024-10-14 23:05:46.647757 Quebec: Echo, sending you 6
2024-10-14 23:05:46.648830 Oscar: Whiskey, Quebec, Papa and Echo, sending you 2
2024-10-14 23:05:46.649312 Charlie: Victor, sending you 4
2024-10-14 23:05:46.649875 Echo: Charlie, sending you 4
2024-10-14 23:05:46.651767 Papa: Victor, sending you 5
2024-10-14 23:05:46.652238 Foxtrot: Charlie, sending you 4
2024-10-14 23:05:46.652707 Oscar: Victor, Charlie and Juliett, sending you 1
2024-10-14 23:05:46.658412 Victor: Oscar and Quebec, sending you 1
2024-10-14 23:05:46.658995 Charlie: Oscar, sending you 5
2024-10-14 23:05:46.659482 Echo: Papa, sending you 1
2024-10-14 23:05:46.661981 Papa: Oscar, sending you 3
2024-10-14 23:05:46.662481 Victor: Charlie and Juliett, sending you 2
2024-10-14 23:05:46.662968 Charlie: Quebec, sending you 2
2024-10-14 23:05:46.665796 Papa: Quebec, sending you 4
2024-10-14 23:05:46.676225 Victor: Papa and Echo, sending you 3
2024-10-14 23:05:46.676847 Charlie: Juliett, sending you 3
2024-10-14 23:05:46.680688 Papa: Charlie, Juliett and Echo, sending you 1
chatterbot Charlie submitting transactions
chatterbot Juliett submitting transactions
chatterbot Quebec submitting transactions
chatterbot Zulu submitting transactions
chatterbot Foxtrot submitting transactions
chatterbot Whiskey submitting transactions
chatterbot Papa submitting transactions
chatterbot Echo submitting transactions
chatterbot Oscar submitting transactions
chatterbot Victor submitting transactions
ChatterBot Whiskey round 2
ChatterBot Victor round 2
ChatterBot Oscar round 2
ChatterBot Quebec round 2
ChatterBot Zulu round 2
ChatterBot Foxtrot round 2
ChatterBot Charlie round 2
2024-10-14 23:05:47.735585 Oscar: We should group up
ChatterBot Whiskey reevaluating
ChatterBot Victor reevaluating
ChatterBot Quebec reevaluating
ChatterBot Charlie reevaluating
ChatterBot Papa reevaluating
ChatterBot Echo reevaluating
ChatterBot Zulu reevaluating
ChatterBot Foxtrot reevaluating
2024-10-14 23:05:47.793100 Whiskey: No
2024-10-14 23:05:47.793336 Victor: Yes
2024-10-14 23:05:47.793457 Quebec: No
2024-10-14 23:05:47.793582 Charlie: Yes
2024-10-14 23:05:47.793724 Papa: No
2024-10-14 23:05:47.793945 Echo: No
2024-10-14 23:05:47.794532 Zulu: No
2024-10-14 23:05:47.794759 Foxtrot: No
ChatterBot Victor reevaluating
ChatterBot Quebec reevaluating
ChatterBot Charlie reevaluating
ChatterBot Papa reevaluating
ChatterBot Echo reevaluating
ChatterBot Zulu reevaluating
ChatterBot Foxtrot reevaluating
ChatterBot Whiskey reevaluating
ChatterBot Quebec reevaluating
ChatterBot Charlie reevaluating
ChatterBot Papa reevaluating
ChatterBot Echo reevaluating
ChatterBot Zulu reevaluating
ChatterBot Foxtrot reevaluating
ChatterBot Whiskey reevaluating
ChatterBot Victor reevaluating
ChatterBot Charlie reevaluating
ChatterBot Papa reevaluating
ChatterBot Echo reevaluating
ChatterBot Zulu reevaluating
ChatterBot Foxtrot reevaluating
ChatterBot Whiskey reevaluating
ChatterBot Victor reevaluating
ChatterBot Quebec reevaluating
ChatterBot Papa reevaluating
ChatterBot Echo reevaluating
ChatterBot Zulu reevaluating
ChatterBot Foxtrot reevaluating
ChatterBot Whiskey reevaluating
2024-10-14 23:05:48.077320 Victor: Can we be friends?
ChatterBot Victor reevaluating
ChatterBot Quebec reevaluating
ChatterBot Charlie reevaluating
ChatterBot Echo reevaluating
ChatterBot Zulu reevaluating
ChatterBot Foxtrot reevaluating
ChatterBot Whiskey reevaluating
ChatterBot Victor reevaluating
ChatterBot Quebec reevaluating
ChatterBot Charlie reevaluating
ChatterBot Papa reevaluating
ChatterBot Zulu reevaluating
ChatterBot Foxtrot reevaluating
ChatterBot Whiskey reevaluating
ChatterBot Victor reevaluating
ChatterBot Quebec reevaluating
ChatterBot Charlie reevaluating
ChatterBot Papa reevaluating
ChatterBot Echo reevaluating
ChatterBot Foxtrot reevaluating
ChatterBot Whiskey reevaluating
ChatterBot Victor reevaluating
ChatterBot Quebec reevaluating
ChatterBot Charlie reevaluating
ChatterBot Papa reevaluating
ChatterBot Echo reevaluating
ChatterBot Zulu reevaluating
ChatterBot Whiskey reevaluating
ChatterBot Quebec reevaluating
2024-10-14 23:05:48.393640 Whiskey: No
2024-10-14 23:05:48.394813 Quebec: No
ChatterBot Charlie reevaluating
ChatterBot Papa reevaluating
ChatterBot Echo reevaluating
ChatterBot Zulu reevaluating
ChatterBot Foxtrot reevaluating
2024-10-14 23:05:48.590351 Oscar: Yes
2024-10-14 23:05:48.592151 Charlie: Yes
2024-10-14 23:05:48.592669 Papa: No
2024-10-14 23:05:48.593598 Echo: No
2024-10-14 23:05:48.594109 Zulu: No
2024-10-14 23:05:48.594282 Foxtrot: Yes
ChatterBot Victor reevaluating
ChatterBot Quebec reevaluating
ChatterBot Charlie reevaluating
ChatterBot Papa reevaluating
ChatterBot Echo reevaluating
ChatterBot Zulu reevaluating
ChatterBot Foxtrot reevaluating
ChatterBot Whiskey reevaluating
ChatterBot Victor reevaluating
ChatterBot Charlie reevaluating
ChatterBot Papa reevaluating
ChatterBot Echo reevaluating
ChatterBot Zulu reevaluating
ChatterBot Foxtrot reevaluating
ChatterBot Whiskey reevaluating
ChatterBot Victor reevaluating
ChatterBot Quebec reevaluating
ChatterBot Charlie reevaluating
ChatterBot Papa reevaluating
ChatterBot Echo reevaluating
ChatterBot Zulu reevaluating
ChatterBot Foxtrot reevaluating
ChatterBot Whiskey reevaluating
ChatterBot Victor reevaluating
ChatterBot Quebec reevaluating
ChatterBot Papa reevaluating
ChatterBot Echo reevaluating
ChatterBot Zulu reevaluating
ChatterBot Foxtrot reevaluating
ChatterBot Whiskey reevaluating
ChatterBot Victor reevaluating
ChatterBot Quebec reevaluating
ChatterBot Charlie reevaluating
ChatterBot Echo reevaluating
ChatterBot Zulu reevaluating
ChatterBot Foxtrot reevaluating
ChatterBot Whiskey reevaluating
ChatterBot Victor reevaluating
ChatterBot Quebec reevaluating
ChatterBot Charlie reevaluating
ChatterBot Papa reevaluating
ChatterBot Zulu reevaluating
ChatterBot Foxtrot reevaluating
ChatterBot Whiskey reevaluating
ChatterBot Victor reevaluating
ChatterBot Quebec reevaluating
ChatterBot Charlie reevaluating
ChatterBot Papa reevaluating
ChatterBot Echo reevaluating
ChatterBot Foxtrot reevaluating
ChatterBot Whiskey reevaluating
ChatterBot Victor reevaluating
ChatterBot Quebec reevaluating
ChatterBot Charlie reevaluating
ChatterBot Papa reevaluating
ChatterBot Echo reevaluating
ChatterBot Zulu reevaluating
ChatterBot Papa round 2
ChatterBot Juliett round 2
ChatterBot Echo round 2
2024-10-14 23:05:49.235023 Quebec: We should drop Juliett
2024-10-14 23:05:49.270605 Whiskey: Yes
2024-10-14 23:05:49.270910 Victor: Yes
2024-10-14 23:05:49.271100 Oscar: Yes
2024-10-14 23:05:49.271331 Charlie: Yes
2024-10-14 23:05:49.271533 Papa: Yes
2024-10-14 23:05:49.272141 Echo: Yes
2024-10-14 23:05:49.492352 Oscar: Whiskey, Victor, Quebec, Zulu, Foxtrot, Charlie, Papa and Echo, sending you 1
chatterbot Oscar submitting transactions
2024-10-14 23:05:49.840777 Zulu: Whiskey and Victor, sending you 1
2024-10-14 23:05:49.842381 Foxtrot: Oscar, sending you 6
2024-10-14 23:05:49.842936 Whiskey: Victor, sending you 4
2024-10-14 23:05:49.844116 Victor: Whiskey, Oscar and Quebec, sending you 1
2024-10-14 23:05:49.845311 Charlie: Victor, sending you 2
chatterbot Foxtrot submitting transactions
chatterbot Juliett submitting transactions
chatterbot Zulu submitting transactions
2024-10-14 23:05:49.847241 Zulu: Foxtrot, sending you 5
2024-10-14 23:05:49.848369 Foxtrot: Zulu, sending you 9
2024-10-14 23:05:49.848815 Whiskey: Oscar and Papa, sending you 2
2024-10-14 23:05:49.849930 Victor: Zulu, Foxtrot and Echo, sending you 2
2024-10-14 23:05:49.851088 Juliett: Whiskey, Oscar, Papa and Echo, sending you 1
2024-10-14 23:05:49.852424 Quebec: Whiskey and Victor, sending you 1
2024-10-14 23:05:49.853153 Charlie: Oscar and Papa, sending you 1
2024-10-14 23:05:49.854514 Echo: Whiskey, Charlie and Papa, sending you 1
2024-10-14 23:05:49.855806 Whiskey: Quebec, Zulu, Foxtrot and Charlie, sending you 1
2024-10-14 23:05:49.857122 Victor: Charlie and Papa, sending you 4
2024-10-14 23:05:49.858077 Juliett: Victor and Quebec, sending you 2
2024-10-14 23:05:49.859385 Charlie: Zulu, sending you 3
2024-10-14 23:05:49.860645 Quebec: Oscar and Charlie, sending you 2
2024-10-14 23:05:49.861239 Echo: Victor, sending you 4
2024-10-14 23:05:49.862407 Whiskey: Echo, sending you 3
chatterbot Quebec submitting transactions
2024-10-14 23:05:49.863902 Juliett: Charlie, sending you 3
2024-10-14 23:05:49.865114 Charlie: Foxtrot, sending you 4
2024-10-14 23:05:49.866497 Papa: Whiskey and Echo, sending you 2
2024-10-14 23:05:49.867506 Quebec: Papa, sending you 5
2024-10-14 23:05:49.868410 Echo: Oscar, sending you 2
2024-10-14 23:05:49.869725 Papa: Victor, sending you 5
2024-10-14 23:05:49.919466 Charlie: Echo, sending you 5
2024-10-14 23:05:49.921049 Quebec: Echo, sending you 3
2024-10-14 23:05:49.922507 Echo: Quebec, sending you 8
2024-10-14 23:05:49.923434 Papa: Oscar and Quebec, sending you 4
chatterbot Echo submitting transactions
chatterbot Charlie submitting transactions
chatterbot Whiskey submitting transactions
chatterbot Papa submitting transactions
chatterbot Victor submitting transactions
ChatterBot Whiskey round 3
ChatterBot Victor round 3
ChatterBot Oscar round 3
ChatterBot Quebec round 3
ChatterBot Zulu round 3
ChatterBot Foxtrot round 3
ChatterBot Charlie round 3
ChatterBot Papa round 3
ChatterBot Juliett round 3
ChatterBot Echo round 3
2024-10-14 23:05:50.827493 Victor: We should drop Zulu and Foxtrot
ChatterBot Oscar reevaluating
2024-10-14 23:05:50.851637 Quebec: Yes
2024-10-14 23:05:50.851938 Whiskey: No
2024-10-14 23:05:50.852172 Oscar: Yes
2024-10-14 23:05:50.852346 Charlie: Yes
2024-10-14 23:05:50.852497 Papa: Yes
2024-10-14 23:05:50.853177 Echo: Yes
ChatterBot Oscar reevaluating
ChatterBot Oscar reevaluating
ChatterBot Whiskey reevaluating
ChatterBot Whiskey reevaluating
ChatterBot Oscar reevaluating
ChatterBot Whiskey reevaluating
ChatterBot Oscar reevaluating
ChatterBot Whiskey reevaluating
ChatterBot Oscar reevaluating
2024-10-14 23:05:51.104748 Quebec: Whiskey, Victor and Charlie, sending you 1
2024-10-14 23:05:51.105297 Foxtrot: Whiskey, Victor and Oscar, sending you 2
2024-10-14 23:05:51.106543 Papa: Whiskey, Oscar and Echo, sending you 2
2024-10-14 23:05:51.272881 Quebec: Oscar, sending you 2
2024-10-14 23:05:51.273327 Foxtrot: Quebec, Papa and Echo, sending you 1
2024-10-14 23:05:51.273794 Victor: Whiskey, Charlie and Echo, sending you 3
2024-10-14 23:05:51.274793 Juliett: Victor and Quebec, sending you 3
2024-10-14 23:05:51.275316 Zulu: Whiskey and Oscar, sending you 1
2024-10-14 23:05:51.276180 Papa: Victor and Quebec, sending you 5
2024-10-14 23:05:51.276497 Charlie: Whiskey and Papa, sending you 1
2024-10-14 23:05:51.277251 Echo: Whiskey and Victor, sending you 3
chatterbot Charlie submitting transactions
2024-10-14 23:05:51.277941 Quebec: Papa, sending you 3
2024-10-14 23:05:51.278947 Victor: Oscar and Quebec, sending you 2
2024-10-14 23:05:51.279360 Foxtrot: Zulu, sending you 6
2024-10-14 23:05:51.341919 Juliett: Oscar and Papa, sending you 2
2024-10-14 23:05:51.343140 Zulu: Victor, sending you 2
2024-10-14 23:05:51.343833 Charlie: Victor, sending you 4
2024-10-14 23:05:51.344993 Papa: Charlie, sending you 1
2024-10-14 23:05:51.346400 Echo: Oscar, sending you 2
2024-10-14 23:05:51.347145 Quebec: Echo, sending you 6
2024-10-14 23:05:51.348301 Victor: Papa, sending you 4
2024-10-14 23:05:51.349414 Whiskey: Victor, sending you 4
2024-10-14 23:05:51.350026 Foxtrot: Charlie, sending you 3
2024-10-14 23:05:51.351175 Juliett: Charlie, sending you 4
2024-10-14 23:05:51.352384 Zulu: Foxtrot and Charlie, sending you 4
2024-10-14 23:05:51.353737 Charlie: Oscar and Quebec, sending you 2
2024-10-14 23:05:51.354467 Echo: Quebec, sending you 5
2024-10-14 23:05:51.355423 Whiskey: Oscar and Quebec, sending you 2
2024-10-14 23:05:51.380113 Charlie: Juliett and Echo, sending you 3
2024-10-14 23:05:51.380755 Echo: Charlie, sending you 4
2024-10-14 23:05:51.381781 Whiskey: Papa and Echo, sending you 3
chatterbot Juliett submitting transactions
2024-10-14 23:05:51.426736 Whiskey: Juliett, sending you 1
2024-10-14 23:05:51.427538 Oscar: Same as last round
chatterbot Foxtrot submitting transactions
chatterbot Quebec submitting transactions
chatterbot Papa submitting transactions
chatterbot Victor submitting transactions
chatterbot Echo submitting transactions
chatterbot Zulu submitting transactions
chatterbot Oscar submitting transactions
chatterbot Whiskey submitting transactions
ChatterBot Whiskey round 4
ChatterBot Victor round 4
ChatterBot Oscar round 4
ChatterBot Quebec round 4
ChatterBot Zulu round 4
ChatterBot Foxtrot round 4
ChatterBot Charlie round 4
2024-10-14 23:05:52.255849 Victor: We should add Juliett
ChatterBot Charlie reevaluating
2024-10-14 23:05:52.283201 Quebec: No
2024-10-14 23:05:52.283998 Whiskey: Yes
2024-10-14 23:05:52.284202 Oscar: No
2024-10-14 23:05:52.284362 Charlie: Yes
2024-10-14 23:05:52.284515 Papa: No
2024-10-14 23:05:52.284696 Echo: No
ChatterBot Victor reevaluating
ChatterBot Charlie reevaluating
ChatterBot Victor reevaluating
ChatterBot Charlie reevaluating
ChatterBot Victor reevaluating
ChatterBot Charlie reevaluating
ChatterBot Victor reevaluating
ChatterBot Victor reevaluating
ChatterBot Charlie reevaluating
ChatterBot Victor reevaluating
ChatterBot Charlie reevaluating
ChatterBot Papa round 4
ChatterBot Juliett round 4
ChatterBot Echo round 4
2024-10-14 23:05:52.570650 Zulu: Group up?
2024-10-14 23:05:52.577921 Foxtrot: No
2024-10-14 23:05:52.578250 Whiskey: No
ChatterBot Zulu reevaluating
ChatterBot Zulu reevaluating
2024-10-14 23:05:52.792154 Whiskey: Victor, sending you 4
2024-10-14 23:05:52.828704 Whiskey: Oscar, Quebec and Papa, sending you 2
2024-10-14 23:05:52.830119 Quebec: Whiskey, Victor and Oscar, sending you 2
2024-10-14 23:05:52.831166 Oscar: Same as last round
2024-10-14 23:05:52.831749 Charlie: Victor and Echo, sending you 4
2024-10-14 23:05:52.832916 Victor: Whiskey, Charlie and Echo, sending you 3
2024-10-14 23:05:52.833799 Foxtrot: Zulu, sending you 11
2024-10-14 23:05:52.834813 Zulu: Same as last round
2024-10-14 23:05:52.835351 Whiskey: Charlie and Juliett, sending you 1
2024-10-14 23:05:52.836665 Quebec: Charlie, sending you 1
2024-10-14 23:05:52.837327 Charlie: Oscar and Quebec, sending you 2
2024-10-14 23:05:52.838830 Juliett: Whiskey, Victor, Oscar, Quebec and Papa, sending you 2
2024-10-14 23:05:52.840067 Victor: Oscar and Quebec, sending you 2
2024-10-14 23:05:52.840703 Echo: Whiskey, Victor and Charlie, sending you 3
2024-10-14 23:05:52.841903 Papa: Whiskey, sending you 3
2024-10-14 23:05:52.842578 Foxtrot: Charlie, sending you 7
2024-10-14 23:05:52.843408 Whiskey: Echo, sending you 3
2024-10-14 23:05:52.844080 Quebec: Papa, sending you 3
2024-10-14 23:05:52.844945 Charlie: Papa, sending you 1
2024-10-14 23:05:52.845326 Juliett: Charlie, sending you 6
2024-10-14 23:05:52.944196 Victor: Papa, sending you 4
2024-10-14 23:05:52.945361 Echo: Oscar, sending you 1
2024-10-14 23:05:52.946427 Papa: Victor, sending you 6
2024-10-14 23:05:52.946978 Charlie: Juliett, sending you 3
2024-10-14 23:05:52.947450 Quebec: Echo, sending you 4
chatterbot Quebec submitting transactions
2024-10-14 23:05:52.998767 Echo: Quebec, sending you 5
2024-10-14 23:05:52.999838 Papa: Oscar, sending you 2
2024-10-14 23:05:53.056518 Papa: Quebec, sending you 4
2024-10-14 23:05:53.057886 Echo: Papa, sending you 2
2024-10-14 23:05:53.091325 Papa: Charlie and Echo, sending you 1
chatterbot Victor submitting transactions
chatterbot Whiskey submitting transactions
chatterbot Oscar submitting transactions
chatterbot Papa submitting transactions
chatterbot Foxtrot submitting transactions
chatterbot Zulu submitting transactions
chatterbot Charlie submitting transactions
chatterbot Juliett submitting transactions
chatterbot Echo submitting transactions
ChatterBot Whiskey round 5
ChatterBot Victor round 5
ChatterBot Oscar round 5
ChatterBot Quebec round 5
ChatterBot Zulu round 5
ChatterBot Foxtrot round 5
ChatterBot Charlie round 5
ChatterBot Papa round 5
ChatterBot Juliett round 5
2024-10-14 23:05:53.980171 Quebec: We should replace Oscar with Juliett
ChatterBot Victor reevaluating
ChatterBot Charlie reevaluating
ChatterBot Papa reevaluating
ChatterBot Echo reevaluating
2024-10-14 23:05:53.999540 Whiskey: No
2024-10-14 23:05:53.999712 Victor: Yes
2024-10-14 23:05:54.000458 Charlie: Yes
2024-10-14 23:05:54.000595 Papa: Yes
2024-10-14 23:05:54.000771 Echo: No
ChatterBot Victor reevaluating
ChatterBot Charlie reevaluating
ChatterBot Papa reevaluating
ChatterBot Echo reevaluating
ChatterBot Charlie reevaluating
ChatterBot Papa reevaluating
ChatterBot Echo reevaluating
ChatterBot Quebec reevaluating
ChatterBot Victor reevaluating
ChatterBot Papa reevaluating
ChatterBot Echo reevaluating
ChatterBot Quebec reevaluating
ChatterBot Victor reevaluating
ChatterBot Charlie reevaluating
ChatterBot Echo reevaluating
ChatterBot Quebec reevaluating
ChatterBot Victor reevaluating
ChatterBot Charlie reevaluating
ChatterBot Papa reevaluating
2024-10-14 23:05:54.067924 Echo: We should add Juliett
ChatterBot Quebec reevaluating
ChatterBot Victor reevaluating
ChatterBot Charlie reevaluating
ChatterBot Papa reevaluating
2024-10-14 23:05:54.083073 Quebec: Yes
2024-10-14 23:05:54.083205 Whiskey: Yes
2024-10-14 23:05:54.083306 Victor: Yes
2024-10-14 23:05:54.083465 Oscar: No
2024-10-14 23:05:54.083608 Charlie: Yes
2024-10-14 23:05:54.084197 Papa: Yes
ChatterBot Victor reevaluating
ChatterBot Oscar reevaluating
ChatterBot Charlie reevaluating
ChatterBot Papa reevaluating
ChatterBot Echo reevaluating
ChatterBot Quebec reevaluating
ChatterBot Victor reevaluating
ChatterBot Oscar reevaluating
ChatterBot Charlie reevaluating
ChatterBot Papa reevaluating
ChatterBot Echo reevaluating
ChatterBot Quebec reevaluating
ChatterBot Oscar reevaluating
ChatterBot Charlie reevaluating
ChatterBot Papa reevaluating
ChatterBot Echo reevaluating
ChatterBot Quebec reevaluating
ChatterBot Victor reevaluating
ChatterBot Charlie reevaluating
ChatterBot Papa reevaluating
ChatterBot Echo reevaluating
ChatterBot Quebec reevaluating
ChatterBot Victor reevaluating
ChatterBot Oscar reevaluating
ChatterBot Papa reevaluating
ChatterBot Echo reevaluating
ChatterBot Quebec reevaluating
ChatterBot Victor reevaluating
ChatterBot Oscar reevaluating
ChatterBot Charlie reevaluating
ChatterBot Echo reevaluating
ChatterBot Echo round 5
2024-10-14 23:05:54.186851 Foxtrot: We should replace Charlie with Oscar
ChatterBot Zulu reevaluating
2024-10-14 23:05:54.190209 Zulu: No
ChatterBot Foxtrot reevaluating
2024-10-14 23:05:54.193514 Zulu: We should replace Charlie with Juliett
ChatterBot Foxtrot reevaluating
2024-10-14 23:05:54.196405 Foxtrot: No
ChatterBot Zulu reevaluating
2024-10-14 23:05:54.210551 Echo: We should add Juliett
ChatterBot Quebec reevaluating
ChatterBot Victor reevaluating
ChatterBot Oscar reevaluating
ChatterBot Papa reevaluating
2024-10-14 23:05:54.224772 Quebec: Yes
2024-10-14 23:05:54.224928 Whiskey: Yes
2024-10-14 23:05:54.225070 Victor: Yes
2024-10-14 23:05:54.225201 Oscar: Yes
2024-10-14 23:05:54.225385 Charlie: Yes
2024-10-14 23:05:54.225564 Papa: Yes
ChatterBot Victor reevaluating
ChatterBot Oscar reevaluating
ChatterBot Papa reevaluating
ChatterBot Quebec reevaluating
ChatterBot Victor reevaluating
ChatterBot Oscar reevaluating
ChatterBot Papa reevaluating
ChatterBot Quebec reevaluating
ChatterBot Oscar reevaluating
ChatterBot Papa reevaluating
ChatterBot Quebec reevaluating
ChatterBot Victor reevaluating
ChatterBot Charlie reevaluating
ChatterBot Papa reevaluating
ChatterBot Quebec reevaluating
ChatterBot Victor reevaluating
ChatterBot Oscar reevaluating
ChatterBot Papa reevaluating
ChatterBot Quebec reevaluating
ChatterBot Victor reevaluating
ChatterBot Oscar reevaluating
ChatterBot Charlie reevaluating
2024-10-14 23:05:54.318325 Echo: Juliett we want you to join our group
2024-10-14 23:05:54.321034 Juliett: Yes
ChatterBot Quebec reevaluating
ChatterBot Oscar reevaluating
2024-10-14 23:05:54.338102 Whiskey: Victor, Papa and Echo, sending you 3
2024-10-14 23:05:54.338757 Zulu: Juliett we want you to join our group
ChatterBot Juliett reevaluating
2024-10-14 23:05:54.341621 Juliett: No
ChatterBot Foxtrot reevaluating
ChatterBot Zulu reevaluating
2024-10-14 23:05:54.347969 Victor: Juliett we want you to join our group
ChatterBot Juliett reevaluating
2024-10-14 23:05:54.350913 Juliett: Yes
ChatterBot Quebec reevaluating
2024-10-14 23:05:54.365357 Charlie: We should drop Oscar
ChatterBot Quebec reevaluating
ChatterBot Juliett reevaluating
2024-10-14 23:05:54.379878 Victor: Yes
2024-10-14 23:05:54.380002 Whiskey: No
2024-10-14 23:05:54.380102 Quebec: Yes
2024-10-14 23:05:54.380234 Papa: Yes
2024-10-14 23:05:54.380345 Juliett: Yes
2024-10-14 23:05:54.380439 Echo: No
ChatterBot Quebec reevaluating
ChatterBot Juliett reevaluating
ChatterBot Quebec reevaluating
ChatterBot Juliett reevaluating
ChatterBot Charlie reevaluating
ChatterBot Juliett reevaluating
ChatterBot Quebec reevaluating
ChatterBot Charlie reevaluating
ChatterBot Juliett reevaluating
ChatterBot Echo reevaluating
ChatterBot Quebec reevaluating
ChatterBot Charlie reevaluating
ChatterBot Echo reevaluating
ChatterBot Quebec reevaluating
ChatterBot Charlie reevaluating
ChatterBot Juliett reevaluating
2024-10-14 23:05:54.496958 Echo: We should replace Oscar with Juliett
ChatterBot Quebec reevaluating
ChatterBot Charlie reevaluating
2024-10-14 23:05:54.516868 Quebec: Yes
2024-10-14 23:05:54.517003 Whiskey: No
2024-10-14 23:05:54.517110 Victor: Yes
2024-10-14 23:05:54.517201 Charlie: Yes
2024-10-14 23:05:54.517296 Papa: Yes
ChatterBot Charlie reevaluating
ChatterBot Echo reevaluating
ChatterBot Quebec reevaluating
ChatterBot Charlie reevaluating
ChatterBot Echo reevaluating
ChatterBot Quebec reevaluating
ChatterBot Charlie reevaluating
ChatterBot Echo reevaluating
ChatterBot Quebec reevaluating
ChatterBot Echo reevaluating
ChatterBot Quebec reevaluating
ChatterBot Charlie reevaluating
ChatterBot Echo reevaluating
2024-10-14 23:05:54.712549 Papa: Juliett we want you to join our group
ChatterBot Juliett reevaluating
2024-10-14 23:05:54.716944 Juliett: Yes
ChatterBot Quebec reevaluating
ChatterBot Charlie reevaluating
2024-10-14 23:05:54.736842 Whiskey: Oscar and Quebec, sending you 2
2024-10-14 23:05:54.738682 Oscar: Juliett we want you to join our group
ChatterBot Juliett reevaluating
2024-10-14 23:05:54.742871 Juliett: No
ChatterBot Quebec reevaluating
ChatterBot Charlie reevaluating
2024-10-14 23:05:54.775330 Zulu: Oscar we want you to join our group
2024-10-14 23:05:54.779024 Oscar: No
ChatterBot Foxtrot reevaluating
ChatterBot Zulu reevaluating
2024-10-14 23:05:54.787268 Whiskey: Charlie and Juliett, sending you 1
2024-10-14 23:05:54.788890 Quebec: Juliett we want you to join our group
ChatterBot Juliett reevaluating
2024-10-14 23:05:54.793162 Juliett: Yes
ChatterBot Quebec reevaluating
2024-10-14 23:05:54.814135 Foxtrot: Oscar we want you to join our group
2024-10-14 23:05:54.819563 Oscar: No
ChatterBot Foxtrot reevaluating
ChatterBot Zulu reevaluating
2024-10-14 23:05:54.829847 Oscar: Sending you each 1
2024-10-14 23:05:54.834690 Victor: Whiskey, Charlie and Echo, sending you 3
2024-10-14 23:05:54.836555 Papa: Whiskey, sending you 3
2024-10-14 23:05:54.839694 Papa: Victor, sending you 5
2024-10-14 23:05:54.841215 Victor: Quebec and Juliett, sending you 2
2024-10-14 23:05:54.844928 Papa: Quebec, sending you 4
2024-10-14 23:05:54.845688 Echo: Whiskey and Victor, sending you 3
2024-10-14 23:05:54.846460 Victor: Papa, sending you 4
2024-10-14 23:05:54.848678 Papa: Charlie, sending you 1
2024-10-14 23:05:54.850158 Echo: Quebec, sending you 5
2024-10-14 23:05:54.852731 Charlie: Whiskey and Papa, sending you 1
2024-10-14 23:05:54.853917 Papa: Juliett and Echo, sending you 2
2024-10-14 23:05:54.854755 Echo: Charlie, sending you 4
2024-10-14 23:05:54.858123 Charlie: Victor, Juliett and Echo, sending you 4
2024-10-14 23:05:54.858937 Echo: Papa, sending you 2
2024-10-14 23:05:54.860409 Foxtrot: Oscar, sending you 6
2024-10-14 23:05:54.867371 Juliett: Whiskey, sending you 3
2024-10-14 23:05:54.879164 Charlie: Quebec, sending you 2
2024-10-14 23:05:54.881431 Foxtrot: Zulu, sending you 12
2024-10-14 23:05:54.885163 Juliett: Victor, Quebec and Papa, sending you 2
2024-10-14 23:05:54.887660 Zulu: Oscar, sending you 2
2024-10-14 23:05:54.901076 Juliett: Charlie, sending you 8
2024-10-14 23:05:54.902696 Zulu: Foxtrot, sending you 3
chatterbot Victor submitting transactions
2024-10-14 23:05:54.916453 Juliett: Echo, sending you 1
chatterbot Echo submitting transactions
chatterbot Papa submitting transactions
chatterbot Whiskey submitting transactions
chatterbot Juliett submitting transactions
chatterbot Quebec submitting transactions
chatterbot Oscar submitting transactions
chatterbot Charlie submitting transactions
chatterbot Foxtrot submitting transactions
chatterbot Zulu submitting transactions
ChatterBot Whiskey round 6
ChatterBot Victor round 6
ChatterBot Oscar round 6
ChatterBot Quebec round 6
ChatterBot Zulu round 6
ChatterBot Foxtrot round 6
ChatterBot Charlie round 6
ChatterBot Papa round 6
ChatterBot Juliett round 6
ChatterBot Echo round 6
2024-10-14 23:05:55.939541 Zulu: We should replace Oscar with Juliett
2024-10-14 23:05:55.944636 Foxtrot: No
ChatterBot Zulu reevaluating
2024-10-14 23:05:55.971433 Whiskey: We should drop Oscar
2024-10-14 23:05:55.996342 Victor: Yes
2024-10-14 23:05:55.996519 Quebec: Yes
2024-10-14 23:05:55.996671 Charlie: Yes
2024-10-14 23:05:55.996876 Papa: Yes
2024-10-14 23:05:55.997072 Juliett: Yes
2024-10-14 23:05:55.997256 Echo: Yes
ChatterBot Whiskey reevaluating
ChatterBot Whiskey reevaluating
ChatterBot Whiskey reevaluating
ChatterBot Whiskey reevaluating
ChatterBot Whiskey reevaluating
2024-10-14 23:05:56.249866 Oscar: I was attacked by Quebec
ChatterBot Quebec reevaluating
ChatterBot Papa reevaluating
ChatterBot Charlie reevaluating
ChatterBot Echo reevaluating
ChatterBot Whiskey reevaluating
ChatterBot Juliett reevaluating
ChatterBot Victor reevaluating
2024-10-14 23:05:56.297599 Oscar: I'm keeping this round to protect myself
2024-10-14 23:05:56.302189 Oscar: Ow
2024-10-14 23:05:56.307717 Foxtrot: Oscar, sending you 6
2024-10-14 23:05:56.312654 Foxtrot: Zulu, sending you 12
2024-10-14 23:05:56.313818 Zulu: Oscar, sending you 2
2024-10-14 23:05:56.316655 Zulu: Foxtrot, sending you 3
2024-10-14 23:05:56.319686 Echo: Whiskey, sending you 3
2024-10-14 23:05:56.324687 Echo: Victor, Quebec and Charlie, sending you 4
2024-10-14 23:05:56.325973 Papa: Whiskey and Quebec, sending you 3
2024-10-14 23:05:56.328674 Quebec: Whiskey, Victor and Charlie, sending you 2
2024-10-14 23:05:56.330447 Echo: Papa, sending you 2
2024-10-14 23:05:56.332144 Papa: Victor, sending you 5
2024-10-14 23:05:56.333147 Juliett: Whiskey, Victor and Papa, sending you 3
2024-10-14 23:05:56.334973 Whiskey: Victor, Papa and Echo, sending you 3
2024-10-14 23:05:56.336911 Quebec: Papa, sending you 3
2024-10-14 23:05:56.338266 Charlie: Whiskey, Quebec and Papa, sending you 1
2024-10-14 23:05:56.340455 Papa: Charlie, Juliett and Echo, sending you 2
2024-10-14 23:05:56.342154 Juliett: Quebec, sending you 2
2024-10-14 23:05:56.343178 Whiskey: Oscar and Juliett, sending you 2
2024-10-14 23:05:56.344705 Quebec: Juliett, sending you 1
2024-10-14 23:05:56.346277 Charlie: Victor and Echo, sending you 4
2024-10-14 23:05:56.348239 Juliett: Charlie, sending you 7
2024-10-14 23:05:56.350632 Whiskey: Quebec and Charlie, sending you 1
2024-10-14 23:05:56.351902 Quebec: Echo, sending you 4
2024-10-14 23:05:56.353645 Charlie: Juliett, sending you 5
chatterbot Quebec submitting transactions
chatterbot Foxtrot submitting transactions
chatterbot Victor submitting transactions
chatterbot Papa submitting transactions
chatterbot Charlie submitting transactions
chatterbot Oscar submitting transactions
chatterbot Zulu submitting transactions
chatterbot Papa submitting transactions
chatterbot Charlie submitting transactions
chatterbot Whiskey submitting transactions
chatterbot Victor submitting transactions
chatterbot Echo submitting transactions
chatterbot Quebec submitting transactions
chatterbot Juliett submitting transactions
ChatterBot Whiskey round 7
ChatterBot Victor round 7
ChatterBot Oscar round 7
ChatterBot Quebec round 7
ChatterBot Zulu round 7
ChatterBot Foxtrot round 7
ChatterBot Charlie round 7
ChatterBot Papa round 7
ChatterBot Juliett round 7
ChatterBot Echo round 7
2024-10-14 23:05:57.539901 Zulu: We should add Whiskey
ChatterBot Foxtrot reevaluating
2024-10-14 23:05:57.546204 Foxtrot: No
2024-10-14 23:05:57.546362 Oscar: Yes
ChatterBot Zulu reevaluating
ChatterBot Foxtrot reevaluating
ChatterBot Zulu reevaluating
2024-10-14 23:05:57.583663 Whiskey: We should drop Oscar
ChatterBot Victor reevaluating
2024-10-14 23:05:57.613129 Victor: Yes
2024-10-14 23:05:57.613401 Quebec: Yes
2024-10-14 23:05:57.614276 Charlie: Yes
2024-10-14 23:05:57.614459 Papa: Yes
2024-10-14 23:05:57.614662 Juliett: Yes
2024-10-14 23:05:57.614841 Echo: Yes
ChatterBot Victor reevaluating
ChatterBot Victor reevaluating
ChatterBot Victor reevaluating
ChatterBot Victor reevaluating
ChatterBot Victor reevaluating
2024-10-14 23:05:57.894757 Zulu: We should add Victor
ChatterBot Foxtrot reevaluating
2024-10-14 23:05:57.903074 Foxtrot: No
2024-10-14 23:05:57.903417 Oscar: Yes
ChatterBot Zulu reevaluating
ChatterBot Foxtrot reevaluating
ChatterBot Zulu reevaluating
2024-10-14 23:05:57.925268 Zulu: We should add Quebec
ChatterBot Foxtrot reevaluating
2024-10-14 23:05:57.936482 Foxtrot: No
2024-10-14 23:05:57.936710 Oscar: Yes
ChatterBot Zulu reevaluating
ChatterBot Foxtrot reevaluating
ChatterBot Zulu reevaluating
2024-10-14 23:05:57.952041 Zulu: We should add Juliett
ChatterBot Foxtrot reevaluating
2024-10-14 23:05:57.959878 Foxtrot: No
2024-10-14 23:05:57.960417 Oscar: Yes
ChatterBot Zulu reevaluating
ChatterBot Foxtrot reevaluating
ChatterBot Zulu reevaluating
2024-10-14 23:05:57.977926 Foxtrot: Juliett we want you to join our group
2024-10-14 23:05:57.985876 Juliett: No
ChatterBot Foxtrot reevaluating
ChatterBot Zulu reevaluating
chatterbot Charlie submitting transactions
2024-10-14 23:05:58.006695 Charlie: Whiskey and Papa, sending you 1
2024-10-14 23:05:58.007814 Quebec: Whiskey, Victor and Charlie, sending you 2
2024-10-14 23:05:58.009162 Papa: Whiskey and Quebec, sending you 3
2024-10-14 23:05:58.009856 Echo: Whiskey, sending you 3
2024-10-14 23:05:58.010531 Whiskey: Victor, sending you 4
2024-10-14 23:05:58.011366 Juliett: Whiskey, Victor and Papa, sending you 3
2024-10-14 23:05:58.012784 Quebec: Papa, sending you 3
2024-10-14 23:05:58.013592 Zulu: We should drop Oscar
ChatterBot Foxtrot reevaluating
2024-10-14 23:05:58.017710 Foxtrot: No
ChatterBot Zulu reevaluating
2024-10-14 23:05:58.022156 Zulu: We should add Echo
ChatterBot Foxtrot reevaluating
2024-10-14 23:05:58.034496 Foxtrot: No
2024-10-14 23:05:58.039345 Oscar: Yes
ChatterBot Zulu reevaluating
ChatterBot Foxtrot reevaluating
ChatterBot Zulu reevaluating
2024-10-14 23:05:58.055112 Charlie: Victor, Juliett and Echo, sending you 4
2024-10-14 23:05:58.057064 Papa: Victor, sending you 5
2024-10-14 23:05:58.058040 Echo: Victor, Quebec and Charlie, sending you 4
2024-10-14 23:05:58.059572 Whiskey: Quebec and Juliett, sending you 2
2024-10-14 23:05:58.060719 Quebec: Juliett, sending you 1
2024-10-14 23:05:58.062119 Juliett: Quebec, sending you 2
2024-10-14 23:05:58.064017 Charlie: Quebec, sending you 2
2024-10-14 23:05:58.065470 Papa: Charlie, Juliett and Echo, sending you 2
2024-10-14 23:05:58.066891 Echo: Papa, sending you 2
2024-10-14 23:05:58.068797 Quebec: Echo, sending you 4
2024-10-14 23:05:58.069854 Whiskey: Charlie, sending you 1
2024-10-14 23:05:58.070780 Juliett: Charlie, sending you 7
2024-10-14 23:05:58.075676 Whiskey: Papa and Echo, sending you 3
2024-10-14 23:05:58.088665 Foxtrot: Sending you 18
2024-10-14 23:05:58.088990 Zulu: Sending you 2
chatterbot Whiskey submitting transactions
chatterbot Zulu submitting transactions
chatterbot Echo submitting transactions
chatterbot Oscar submitting transactions
chatterbot Papa submitting transactions
chatterbot Victor submitting transactions
chatterbot Quebec submitting transactions
chatterbot Juliett submitting transactions
chatterbot Foxtrot submitting transactions
ChatterBot Whiskey round 8
ChatterBot Victor round 8
ChatterBot Oscar round 8
ChatterBot Quebec round 8
ChatterBot Zulu round 8
ChatterBot Foxtrot round 8
ChatterBot Charlie round 8
ChatterBot Papa round 8
ChatterBot Juliett round 8
ChatterBot Echo round 8
2024-10-14 23:05:58.860850 Foxtrot: We should add Oscar
ChatterBot Zulu reevaluating
2024-10-14 23:05:58.863925 Zulu: Yes
ChatterBot Foxtrot reevaluating
2024-10-14 23:05:58.868492 Zulu: We should add Oscar and Whiskey
ChatterBot Foxtrot reevaluating
2024-10-14 23:05:58.873822 Foxtrot: No
ChatterBot Zulu reevaluating
2024-10-14 23:05:58.894130 Zulu: We should add Oscar and Juliett
ChatterBot Foxtrot reevaluating
2024-10-14 23:05:58.897426 Foxtrot: No
ChatterBot Zulu reevaluating
2024-10-14 23:05:58.903671 Whiskey: Victor, sending you 4
2024-10-14 23:05:58.908642 Foxtrot: Oscar we want you to join our group
2024-10-14 23:05:58.911824 Oscar: No
ChatterBot Foxtrot reevaluating
ChatterBot Zulu reevaluating
2024-10-14 23:05:58.919202 Zulu: We should add Oscar and Charlie
ChatterBot Foxtrot reevaluating
2024-10-14 23:05:58.923671 Foxtrot: No
ChatterBot Zulu reevaluating
2024-10-14 23:05:58.927338 Whiskey: Quebec and Juliett, sending you 2
2024-10-14 23:05:58.928105 Quebec: Whiskey, Victor and Charlie, sending you 2
2024-10-14 23:05:58.931664 Charlie: Victor, Juliett and Echo, sending you 4
2024-10-14 23:05:58.932601 Papa: Whiskey and Quebec, sending you 3
2024-10-14 23:05:58.933832 Whiskey: Charlie, sending you 1
2024-10-14 23:05:58.934413 Quebec: Papa, sending you 3
2024-10-14 23:05:58.934972 Juliett: Whiskey, Victor and Papa, sending you 3
2024-10-14 23:05:58.935556 Echo: Whiskey, sending you 3
2024-10-14 23:05:58.936242 Charlie: Quebec and Papa, sending you 2
2024-10-14 23:05:58.937702 Papa: Victor, sending you 5
2024-10-14 23:05:58.938599 Whiskey: Papa and Echo, sending you 3
2024-10-14 23:05:58.939503 Quebec: Juliett, sending you 1
2024-10-14 23:05:58.941190 Foxtrot: Oscar and Juliett we want you to join our group
2024-10-14 23:05:58.949587 Oscar: No
2024-10-14 23:05:58.949764 Juliett: No
ChatterBot Foxtrot reevaluating
ChatterBot Zulu reevaluating
ChatterBot Foxtrot reevaluating
ChatterBot Zulu reevaluating
2024-10-14 23:05:58.966824 Juliett: Quebec, sending you 2
2024-10-14 23:05:58.967826 Echo: Victor, Quebec and Charlie, sending you 4
2024-10-14 23:05:58.968573 Papa: Charlie, Juliett and Echo, sending you 2
2024-10-14 23:05:58.969160 Quebec: Echo, sending you 4
2024-10-14 23:05:58.971653 Juliett: Charlie, sending you 7
2024-10-14 23:05:58.972737 Echo: Papa, sending you 2
2024-10-14 23:05:58.988921 Zulu: Same as last round
2024-10-14 23:05:59.004685 Foxtrot: Oscar and Juliett, sending you 4
2024-10-14 23:05:59.008698 Foxtrot: Zulu, sending you 10
chatterbot Papa submitting transactions
chatterbot Oscar submitting transactions
chatterbot Charlie submitting transactions
chatterbot Echo submitting transactions
chatterbot Whiskey submitting transactions
chatterbot Zulu submitting transactions
chatterbot Quebec submitting transactions
chatterbot Foxtrot submitting transactions
chatterbot Victor submitting transactions
chatterbot Juliett submitting transactions
ChatterBot Whiskey round 9
ChatterBot Victor round 9
ChatterBot Oscar round 9
ChatterBot Quebec round 9
ChatterBot Zulu round 9
ChatterBot Foxtrot round 9
ChatterBot Charlie round 9
ChatterBot Papa round 9
ChatterBot Juliett round 9
ChatterBot Echo round 9
2024-10-14 23:05:59.989902 Foxtrot: We should drop Juliett
ChatterBot Zulu reevaluating
2024-10-14 23:05:59.997845 Zulu: No
2024-10-14 23:05:59.998544 Oscar: No
ChatterBot Foxtrot reevaluating
ChatterBot Zulu reevaluating
2024-10-14 23:06:00.015660 Whiskey: Victor, sending you 4
