ChatterBot Charlie round 1
ChatterBot Foxtrot round 1
randomSelections Charlie: {Charlie, Alpha, Hotel, Uniform, Victor, Echo} 
2024-10-14 23:05:46.174400 Charlie: We would work well together
randomSelections Foxtrot: {Foxtrot, Alpha, Hotel, Uniform, Charlie, Victor} 
2024-10-14 23:05:46.191660 Foxtrot: Can we be friends?
2024-10-14 23:05:46.207471 Charlie: No
ChatterBot Whiskey round 1
ChatterBot Golf round 1
ChatterBot Alpha round 1
ChatterBot Alpha reevaluating
ChatterBot Alpha reevaluating
ChatterBot Alpha reevaluating
2024-10-14 23:05:46.238717 Alpha: Yes
2024-10-14 23:05:46.238904 Alpha: No
ChatterBot Victor round 1
ChatterBot Victor reevaluating
ChatterBot Victor reevaluating
ChatterBot Victor reevaluating
ChatterBot Victor reevaluating
ChatterBot Victor reevaluating
2024-10-14 23:05:46.251488 Victor: Yes
2024-10-14 23:05:46.251636 Victor: No
ChatterBot Alpha reevaluating
ChatterBot Alpha reevaluating
ChatterBot Echo round 1
ChatterBot Echo reevaluating
ChatterBot Echo reevaluating
ChatterBot Echo reevaluating
2024-10-14 23:05:46.263607 Echo: Yes
ChatterBot Alpha reevaluating
ChatterBot Victor reevaluating
ChatterBot Kilo round 1
ChatterBot Hotel round 1
ChatterBot Hotel reevaluating
ChatterBot Hotel reevaluating
ChatterBot Hotel reevaluating
ChatterBot Hotel reevaluating
ChatterBot Hotel reevaluating
ChatterBot Hotel reevaluating
ChatterBot Hotel reevaluating
ChatterBot Hotel reevaluating
2024-10-14 23:05:46.279671 Hotel: Yes
2024-10-14 23:05:46.279806 Hotel: No
ChatterBot Alpha reevaluating
ChatterBot Victor reevaluating
ChatterBot Echo reevaluating
ChatterBot Alpha reevaluating
ChatterBot Victor reevaluating
ChatterBot Uniform round 1
ChatterBot Uniform reevaluating
ChatterBot Uniform reevaluating
ChatterBot Uniform reevaluating
ChatterBot Uniform reevaluating
ChatterBot Uniform reevaluating
ChatterBot Uniform reevaluating
ChatterBot Uniform reevaluating
ChatterBot Uniform reevaluating
ChatterBot Uniform reevaluating
ChatterBot Uniform reevaluating
2024-10-14 23:05:46.306350 Uniform: Yes
2024-10-14 23:05:46.306491 Uniform: No
ChatterBot Alpha reevaluating
ChatterBot Hotel reevaluating
ChatterBot Victor reevaluating
ChatterBot Echo reevaluating
ChatterBot Alpha reevaluating
ChatterBot Hotel reevaluating
ChatterBot Victor reevaluating
randomSelections Whiskey: {Whiskey, Echo, Alpha, Kilo, Foxtrot, Golf} 
2024-10-14 23:05:46.324597 Whiskey: We should group up
ChatterBot Echo reevaluating
ChatterBot Alpha reevaluating
ChatterBot Kilo reevaluating
ChatterBot Golf reevaluating
2024-10-14 23:05:46.332814 Echo: No
2024-10-14 23:05:46.333076 Alpha: No
2024-10-14 23:05:46.333282 Kilo: Yes
2024-10-14 23:05:46.333901 Foxtrot: No
2024-10-14 23:05:46.334312 Golf: Yes
ChatterBot Alpha reevaluating
ChatterBot Kilo reevaluating
ChatterBot Golf reevaluating
ChatterBot Echo reevaluating
ChatterBot Kilo reevaluating
ChatterBot Golf reevaluating
ChatterBot Echo reevaluating
ChatterBot Alpha reevaluating
ChatterBot Golf reevaluating
ChatterBot Echo reevaluating
ChatterBot Alpha reevaluating
ChatterBot Kilo reevaluating
ChatterBot Golf reevaluating
ChatterBot Echo reevaluating
ChatterBot Alpha reevaluating
ChatterBot Kilo reevaluating
2024-10-14 23:05:46.391234 Charlie: Alpha, Victor and Echo, sending you 4
2024-10-14 23:05:46.392079 Foxtrot: Charlie, sending you 4
2024-10-14 23:05:46.397987 Charlie: Hotel, sending you 3
2024-10-14 23:05:46.398641 Foxtrot: Alpha, sending you 1
2024-10-14 23:05:46.399596 Whiskey: Foxtrot and Alpha, sending you 3
2024-10-14 23:05:46.401984 Victor: Charlie, sending you 2
2024-10-14 23:05:46.402419 Charlie: Uniform, sending you 1
2024-10-14 23:05:46.403631 Golf: Foxtrot, sending you 1
2024-10-14 23:05:46.404115 Foxtrot: Victor and Uniform, sending you 2
2024-10-14 23:05:46.405539 Whiskey: Golf, sending you 4
2024-10-14 23:05:46.406115 Alpha: Charlie, sending you 1
2024-10-14 23:05:46.406749 Victor: Alpha, sending you 1
2024-10-14 23:05:46.408215 Uniform: Charlie, sending you 1
2024-10-14 23:05:46.408923 Golf: Whiskey, Echo and Kilo, sending you 3
2024-10-14 23:05:46.410238 Foxtrot: Hotel, sending you 3
2024-10-14 23:05:46.410949 Alpha: Victor, sending you 5
2024-10-14 23:05:46.412280 Whiskey: Echo, sending you 6
2024-10-14 23:05:46.412800 Kilo: Foxtrot, Whiskey and Echo, sending you 2
2024-10-14 23:05:46.413829 Victor: Hotel, sending you 7
2024-10-14 23:05:46.414593 Uniform: Alpha, sending you 3
2024-10-14 23:05:46.415939 Echo: Victor and Hotel, sending you 1
2024-10-14 23:05:46.416483 Golf: Alpha, sending you 4
2024-10-14 23:05:46.417853 Alpha: Echo, sending you 4
2024-10-14 23:05:46.418484 Whiskey: Kilo, sending you 2
2024-10-14 23:05:46.419729 Kilo: Golf, sending you 1
2024-10-14 23:05:46.420411 Victor: Uniform, sending you 4
2024-10-14 23:05:46.421869 Hotel: Charlie, sending you 1
2024-10-14 23:05:46.423473 Uniform: Victor, sending you 2
2024-10-14 23:05:46.424955 Alpha: Hotel, sending you 3
2024-10-14 23:05:46.425858 Kilo: Alpha, sending you 4
2024-10-14 23:05:46.427595 Hotel: Alpha, sending you 2
2024-10-14 23:05:46.429070 Uniform: Echo, sending you 7
2024-10-14 23:05:46.432542 Hotel: Victor and Echo, sending you 4
2024-10-14 23:05:46.433138 Uniform: Hotel, sending you 4
2024-10-14 23:05:46.437117 Hotel: Uniform, sending you 3
chatterbot Golf submitting transactions
chatterbot Uniform submitting transactions
chatterbot Alpha submitting transactions
chatterbot Foxtrot submitting transactions
chatterbot Echo submitting transactions
chatterbot Charlie submitting transactions
chatterbot Kilo submitting transactions
chatterbot Whiskey submitting transactions
chatterbot Hotel submitting transactions
chatterbot Victor submitting transactions
ChatterBot Charlie round 2
ChatterBot Foxtrot round 2
ChatterBot Whiskey round 2
ChatterBot Golf round 2
ChatterBot Alpha round 2
ChatterBot Victor round 2
2024-10-14 23:05:47.609901 Charlie: We should add Foxtrot
ChatterBot Alpha reevaluating
ChatterBot Hotel reevaluating
ChatterBot Uniform reevaluating
ChatterBot Victor reevaluating
ChatterBot Echo reevaluating
2024-10-14 23:05:47.672868 Alpha: Yes
2024-10-14 23:05:47.673126 Hotel: No
2024-10-14 23:05:47.673308 Uniform: Yes
2024-10-14 23:05:47.673990 Victor: Yes
2024-10-14 23:05:47.674156 Echo: No
ChatterBot Hotel reevaluating
ChatterBot Uniform reevaluating
ChatterBot Victor reevaluating
ChatterBot Echo reevaluating
ChatterBot Alpha reevaluating
ChatterBot Uniform reevaluating
ChatterBot Victor reevaluating
ChatterBot Echo reevaluating
ChatterBot Alpha reevaluating
ChatterBot Hotel reevaluating
ChatterBot Victor reevaluating
ChatterBot Echo reevaluating
ChatterBot Alpha reevaluating
ChatterBot Hotel reevaluating
ChatterBot Uniform reevaluating
ChatterBot Echo reevaluating
ChatterBot Alpha reevaluating
ChatterBot Hotel reevaluating
ChatterBot Uniform reevaluating
ChatterBot Victor reevaluating
ChatterBot Echo round 2
2024-10-14 23:05:48.011043 Foxtrot: Friends?
ChatterBot Whiskey reevaluating
ChatterBot Golf reevaluating
ChatterBot Echo reevaluating
ChatterBot Kilo reevaluating
2024-10-14 23:05:48.050975 Whiskey: Yes
2024-10-14 23:05:48.051633 Golf: No
2024-10-14 23:05:48.051816 Echo: No
2024-10-14 23:05:48.051985 Kilo: No
ChatterBot Golf reevaluating
ChatterBot Echo reevaluating
ChatterBot Kilo reevaluating
ChatterBot Whiskey reevaluating
ChatterBot Echo reevaluating
ChatterBot Kilo reevaluating
ChatterBot Whiskey reevaluating
ChatterBot Golf reevaluating
ChatterBot Kilo reevaluating
ChatterBot Whiskey reevaluating
ChatterBot Golf reevaluating
ChatterBot Echo reevaluating
2024-10-14 23:05:48.197506 Golf: Group up?
ChatterBot Whiskey reevaluating
ChatterBot Kilo reevaluating
2024-10-14 23:05:48.223703 Whiskey: Yes
2024-10-14 23:05:48.224479 Kilo: No
ChatterBot Golf reevaluating
ChatterBot Kilo reevaluating
ChatterBot Golf reevaluating
ChatterBot Whiskey reevaluating
ChatterBot Kilo round 2
ChatterBot Hotel round 2
ChatterBot Uniform round 2
2024-10-14 23:05:48.283863 Charlie: Foxtrot we want you to join our group
2024-10-14 23:05:48.289109 Foxtrot: No
ChatterBot Alpha reevaluating
ChatterBot Victor reevaluating
ChatterBot Hotel reevaluating
ChatterBot Uniform reevaluating
ChatterBot Echo reevaluating
2024-10-14 23:05:48.322040 Hotel: We should add Foxtrot
2024-10-14 23:05:48.322591 Uniform: We should add Foxtrot
ChatterBot Alpha reevaluating
ChatterBot Uniform reevaluating
ChatterBot Victor reevaluating
ChatterBot Echo reevaluating
2024-10-14 23:05:48.349421 Charlie: Yes
2024-10-14 23:05:48.354283 Alpha: Yes
ChatterBot Alpha reevaluating
ChatterBot Hotel reevaluating
2024-10-14 23:05:48.365797 Uniform: Yes
2024-10-14 23:05:48.366011 Victor: Yes
ChatterBot Victor reevaluating
2024-10-14 23:05:48.371166 Echo: Yes
ChatterBot Echo reevaluating
2024-10-14 23:05:48.377133 Charlie: Yes
2024-10-14 23:05:48.377437 Alpha: Yes
2024-10-14 23:05:48.377634 Hotel: Yes
2024-10-14 23:05:48.377829 Victor: Yes
2024-10-14 23:05:48.378061 Echo: No
ChatterBot Alpha reevaluating
ChatterBot Hotel reevaluating
ChatterBot Uniform reevaluating
ChatterBot Victor reevaluating
ChatterBot Echo reevaluating
ChatterBot Hotel reevaluating
ChatterBot Uniform reevaluating
ChatterBot Victor reevaluating
ChatterBot Echo reevaluating
ChatterBot Alpha reevaluating
ChatterBot Hotel reevaluating
ChatterBot Victor reevaluating
ChatterBot Echo reevaluating
ChatterBot Alpha reevaluating
ChatterBot Hotel reevaluating
ChatterBot Uniform reevaluating
ChatterBot Echo reevaluating
ChatterBot Alpha reevaluating
ChatterBot Hotel reevaluating
ChatterBot Uniform reevaluating
ChatterBot Victor reevaluating
ChatterBot Alpha reevaluating
ChatterBot Hotel reevaluating
ChatterBot Uniform reevaluating
ChatterBot Victor reevaluating
ChatterBot Echo reevaluating
ChatterBot Hotel reevaluating
ChatterBot Uniform reevaluating
ChatterBot Victor reevaluating
ChatterBot Echo reevaluating
ChatterBot Alpha reevaluating
ChatterBot Uniform reevaluating
ChatterBot Victor reevaluating
ChatterBot Echo reevaluating
ChatterBot Alpha reevaluating
ChatterBot Hotel reevaluating
ChatterBot Uniform reevaluating
ChatterBot Echo reevaluating
ChatterBot Alpha reevaluating
ChatterBot Hotel reevaluating
ChatterBot Uniform reevaluating
ChatterBot Victor reevaluating
2024-10-14 23:05:48.753657 Alpha: Foxtrot we want you to join our group
2024-10-14 23:05:48.758054 Foxtrot: No
2024-10-14 23:05:48.776468 Victor: Foxtrot we want you to join our group
2024-10-14 23:05:48.781154 Foxtrot: No
ChatterBot Echo reevaluating
2024-10-14 23:05:48.804050 Whiskey: We should drop Alpha
ChatterBot Echo reevaluating
2024-10-14 23:05:48.819644 Foxtrot: Yes
2024-10-14 23:05:48.819840 Golf: Yes
2024-10-14 23:05:48.820519 Echo: Yes
2024-10-14 23:05:48.820805 Kilo: Yes
ChatterBot Whiskey reevaluating
ChatterBot Echo reevaluating
ChatterBot Whiskey reevaluating
ChatterBot Echo reevaluating
ChatterBot Whiskey reevaluating
ChatterBot Whiskey reevaluating
ChatterBot Echo reevaluating
2024-10-14 23:05:48.880719 Hotel: Foxtrot we want you to join our group
2024-10-14 23:05:48.884720 Foxtrot: No
ChatterBot Echo reevaluating
2024-10-14 23:05:48.904256 Uniform: Foxtrot we want you to join our group
2024-10-14 23:05:48.907716 Foxtrot: No
ChatterBot Echo reevaluating
2024-10-14 23:05:48.929725 Foxtrot: Whiskey, sending you 8
2024-10-14 23:05:48.930233 Golf: Whiskey, sending you 8
2024-10-14 23:05:48.930485 Charlie: Foxtrot, sending you 4
2024-10-14 23:05:49.118121 Golf: Kilo, sending you 6
2024-10-14 23:05:49.118822 Charlie: Alpha, Hotel and Uniform, sending you 2
2024-10-14 23:05:49.119254 Echo: Foxtrot we want you to join our group
2024-10-14 23:05:49.123148 Foxtrot: No
ChatterBot Echo reevaluating
2024-10-14 23:05:49.142686 Foxtrot: Golf, sending you 3
2024-10-14 23:05:49.143641 Charlie: Victor, sending you 3
2024-10-14 23:05:49.475060 Foxtrot: Echo, sending you 1
2024-10-14 23:05:49.475905 Hotel: Charlie, Foxtrot and Alpha, sending you 2
2024-10-14 23:05:49.476319 Victor: Charlie and Hotel, sending you 3
2024-10-14 23:05:49.476607 Kilo: Foxtrot and Echo, sending you 1
2024-10-14 23:05:49.476880 Alpha: Charlie, sending you 6
2024-10-14 23:05:49.477739 Charlie: Echo, sending you 1
2024-10-14 23:05:49.478032 Uniform: Charlie, Alpha and Echo, sending you 2
chatterbot Hotel submitting transactions
chatterbot Alpha submitting transactions
chatterbot Uniform submitting transactions
chatterbot Whiskey submitting transactions
chatterbot Foxtrot submitting transactions
chatterbot Charlie submitting transactions
2024-10-14 23:05:49.827720 Foxtrot: Kilo, sending you 5
2024-10-14 23:05:49.828530 Victor: Foxtrot and Uniform, sending you 2
2024-10-14 23:05:49.829774 Kilo: Whiskey, sending you 6
2024-10-14 23:05:49.830286 Hotel: Victor, sending you 5
2024-10-14 23:05:49.831829 Alpha: Foxtrot and Victor, sending you 2
2024-10-14 23:05:49.833039 Uniform: Foxtrot, sending you 3
2024-10-14 23:05:49.833606 Whiskey: Foxtrot and Echo, sending you 1
chatterbot Golf submitting transactions
2024-10-14 23:05:49.834917 Kilo: Golf, sending you 8
2024-10-14 23:05:49.835412 Victor: Alpha, sending you 4
2024-10-14 23:05:49.836666 Hotel: Uniform, sending you 3
2024-10-14 23:05:49.837756 Uniform: Victor and Hotel, sending you 4
2024-10-14 23:05:49.838451 Alpha: Echo, sending you 1
2024-10-14 23:05:49.839707 Whiskey: Golf, sending you 10
2024-10-14 23:05:49.912876 Alpha: Hotel, sending you 3
2024-10-14 23:05:49.914169 Whiskey: Kilo, sending you 7
2024-10-14 23:05:49.961144 Echo: Charlie, sending you 4
2024-10-14 23:05:49.961862 Alpha: Uniform, sending you 5
chatterbot Victor submitting transactions
2024-10-14 23:05:49.986107 Echo: Foxtrot and Victor, sending you 1
2024-10-14 23:05:50.003479 Echo: Alpha and Hotel, sending you 3
2024-10-14 23:05:50.012308 Echo: Uniform, sending you 5
chatterbot Kilo submitting transactions
chatterbot Whiskey submitting transactions
chatterbot Echo submitting transactions
ChatterBot Charlie round 3
ChatterBot Foxtrot round 3
ChatterBot Whiskey round 3
ChatterBot Golf round 3
ChatterBot Alpha round 3
ChatterBot Victor round 3
ChatterBot Echo round 3
ChatterBot Kilo round 3
2024-10-14 23:05:51.521390 Golf: We should add Foxtrot
ChatterBot Whiskey reevaluating
ChatterBot Kilo reevaluating
2024-10-14 23:05:51.550370 Whiskey: Yes
2024-10-14 23:05:51.551243 Kilo: Yes
ChatterBot Kilo reevaluating
ChatterBot Whiskey reevaluating
ChatterBot Hotel round 3
ChatterBot Uniform round 3
2024-10-14 23:05:51.607652 Foxtrot: We should drop Echo
ChatterBot Whiskey reevaluating
ChatterBot Kilo reevaluating
2024-10-14 23:05:51.626518 Whiskey: Yes
2024-10-14 23:05:51.626795 Golf: Yes
2024-10-14 23:05:51.627046 Kilo: Yes
ChatterBot Foxtrot reevaluating
ChatterBot Kilo reevaluating
ChatterBot Foxtrot reevaluating
ChatterBot Whiskey reevaluating
ChatterBot Kilo reevaluating
ChatterBot Foxtrot reevaluating
ChatterBot Whiskey reevaluating
2024-10-14 23:05:51.683479 Golf: Foxtrot we want you to join our group
ChatterBot Foxtrot reevaluating
2024-10-14 23:05:51.690734 Foxtrot: No
ChatterBot Whiskey reevaluating
ChatterBot Kilo reevaluating
2024-10-14 23:05:51.719079 Echo: We should drop Foxtrot
2024-10-14 23:05:51.735291 Charlie: No
2024-10-14 23:05:51.735600 Alpha: No
2024-10-14 23:05:51.735806 Hotel: No
2024-10-14 23:05:51.736473 Uniform: No
2024-10-14 23:05:51.736728 Victor: No
chatterbot Charlie submitting transactions
2024-10-14 23:05:51.852030 Alpha: Charlie, sending you 4
2024-10-14 23:05:51.852697 Charlie: Foxtrot, Hotel and Uniform, sending you 2
2024-10-14 23:05:51.857451 Whiskey: Foxtrot and Kilo, sending you 6
2024-10-14 23:05:51.859646 Alpha: Foxtrot, sending you 1
2024-10-14 23:05:51.860065 Charlie: Alpha, sending you 4
2024-10-14 23:05:51.860451 Foxtrot: Charlie, sending you 4
2024-10-14 23:05:51.861433 Uniform: Charlie and Foxtrot, sending you 2
2024-10-14 23:05:51.861891 Echo: Charlie and Alpha, sending you 4
2024-10-14 23:05:51.862247 Victor: Charlie and Alpha, sending you 3
2024-10-14 23:05:51.863044 Hotel: Charlie, Alpha and Echo, sending you 2
2024-10-14 23:05:51.863367 Kilo: Foxtrot, sending you 4
2024-10-14 23:05:51.863641 Golf: Foxtrot, sending you 4
2024-10-14 23:05:51.864330 Whiskey: Golf, sending you 7
2024-10-14 23:05:51.864566 Charlie: Victor and Echo, sending you 3
2024-10-14 23:05:51.864925 Foxtrot: Alpha, Victor, Hotel and Uniform, sending you 3
2024-10-14 23:05:51.865441 Alpha: Victor, sending you 5
2024-10-14 23:05:51.885107 Uniform: Alpha, Victor and Hotel, sending you 3
2024-10-14 23:05:51.886718 Echo: Victor, sending you 1
2024-10-14 23:05:51.887359 Victor: Foxtrot and Echo, sending you 1
2024-10-14 23:05:51.888572 Golf: Whiskey and Kilo, sending you 5
2024-10-14 23:05:51.889108 Hotel: Foxtrot, sending you 1
2024-10-14 23:05:51.890091 Kilo: Whiskey, sending you 6
2024-10-14 23:05:51.890519 Foxtrot: Echo, sending you 1
2024-10-14 23:05:51.890977 Alpha: Echo, Hotel and Uniform, sending you 3
2024-10-14 23:05:51.891950 Uniform: Echo, sending you 4
2024-10-14 23:05:51.892536 Echo: Hotel, sending you 3
2024-10-14 23:05:51.897220 Victor: Hotel, sending you 4
2024-10-14 23:05:51.897737 Kilo: Golf, sending you 7
2024-10-14 23:05:51.898814 Hotel: Victor, sending you 4
2024-10-14 23:05:51.899707 Echo: Uniform, sending you 6
2024-10-14 23:05:51.902475 Victor: Uniform, sending you 2
2024-10-14 23:05:51.908312 Hotel: Uniform, sending you 3
chatterbot Alpha submitting transactions
chatterbot Uniform submitting transactions
chatterbot Echo submitting transactions
chatterbot Kilo submitting transactions
chatterbot Victor submitting transactions
chatterbot Golf submitting transactions
chatterbot Foxtrot submitting transactions
chatterbot Hotel submitting transactions
chatterbot Whiskey submitting transactions
ChatterBot Charlie round 4
ChatterBot Foxtrot round 4
ChatterBot Whiskey round 4
ChatterBot Golf round 4
ChatterBot Alpha round 4
ChatterBot Victor round 4
ChatterBot Echo round 4
ChatterBot Kilo round 4
ChatterBot Hotel round 4
ChatterBot Uniform round 4
2024-10-14 23:05:53.103566 Whiskey: Foxtrot, sending you 4
2024-10-14 23:05:53.103911 Echo: Charlie and Alpha, sending you 4
2024-10-14 23:05:53.104904 Golf: Foxtrot, sending you 3
2024-10-14 23:05:53.105163 Charlie: Foxtrot, Victor and Echo, sending you 3
2024-10-14 23:05:53.140160 Whiskey: Golf, sending you 8
2024-10-14 23:05:53.141207 Echo: Victor, sending you 2
2024-10-14 23:05:53.142580 Golf: Whiskey, sending you 6
2024-10-14 23:05:53.143096 Hotel: Charlie, Foxtrot, Alpha and Echo, sending you 2
2024-10-14 23:05:53.144493 Foxtrot: Whiskey, sending you 7
2024-10-14 23:05:53.145482 Charlie: Alpha, sending you 4
2024-10-14 23:05:53.147 Kilo: Foxtrot, sending you 3
2024-10-14 23:05:53.147358 Victor: Charlie and Alpha, sending you 3
2024-10-14 23:05:53.148645 Uniform: Charlie and Foxtrot, sending you 2
2024-10-14 23:05:53.149405 Alpha: Charlie, Victor and Echo, sending you 4
2024-10-14 23:05:53.150923 Whiskey: Kilo, sending you 7
2024-10-14 23:05:53.151762 Echo: Hotel, sending you 3
2024-10-14 23:05:53.152942 Golf: Kilo, sending you 5
2024-10-14 23:05:53.153440 Foxtrot: Golf and Kilo, sending you 5
2024-10-14 23:05:53.153856 Hotel: Victor and Uniform, sending you 3
2024-10-14 23:05:53.155093 Kilo: Whiskey and Golf, sending you 7
2024-10-14 23:05:53.155971 Charlie: Hotel and Uniform, sending you 2
2024-10-14 23:05:53.156830 Uniform: Alpha, Victor and Hotel, sending you 3
2024-10-14 23:05:53.158125 Victor: Foxtrot and Echo, sending you 1
2024-10-14 23:05:53.159330 Alpha: Foxtrot, sending you 1
2024-10-14 23:05:53.160608 Echo: Uniform, sending you 5
2024-10-14 23:05:53.228765 Uniform: Echo, sending you 4
2024-10-14 23:05:53.229563 Victor: Hotel, sending you 4
2024-10-14 23:05:53.230750 Alpha: Hotel and Uniform, sending you 3
2024-10-14 23:05:53.466366 Victor: Uniform, sending you 2
chatterbot Golf submitting transactions
chatterbot Foxtrot submitting transactions
chatterbot Echo submitting transactions
chatterbot Kilo submitting transactions
chatterbot Hotel submitting transactions
chatterbot Whiskey submitting transactions
chatterbot Charlie submitting transactions
chatterbot Victor submitting transactions
chatterbot Alpha submitting transactions
chatterbot Uniform submitting transactions
ChatterBot Charlie round 5
ChatterBot Foxtrot round 5
ChatterBot Whiskey round 5
ChatterBot Golf round 5
ChatterBot Alpha round 5
ChatterBot Victor round 5
ChatterBot Echo round 5
ChatterBot Kilo round 5
ChatterBot Hotel round 5
ChatterBot Uniform round 5
2024-10-14 23:05:54.312333 Victor: We should drop Foxtrot
2024-10-14 23:05:54.325238 Charlie: No
2024-10-14 23:05:54.325462 Alpha: No
2024-10-14 23:05:54.325641 Hotel: Yes
2024-10-14 23:05:54.325821 Uniform: Yes
2024-10-14 23:05:54.325950 Echo: Yes
ChatterBot Uniform reevaluating
ChatterBot Uniform reevaluating
ChatterBot Victor reevaluating
ChatterBot Uniform reevaluating
ChatterBot Victor reevaluating
ChatterBot Alpha reevaluating
ChatterBot Victor reevaluating
ChatterBot Alpha reevaluating
ChatterBot Uniform reevaluating
ChatterBot Victor reevaluating
2024-10-14 23:05:54.422676 Foxtrot: Whiskey, sending you 7
2024-10-14 23:05:54.423130 Charlie: Foxtrot, Hotel and Uniform, sending you 2
2024-10-14 23:05:54.427668 Foxtrot: Golf and Kilo, sending you 5
2024-10-14 23:05:54.428148 Charlie: Alpha, sending you 4
2024-10-14 23:05:54.431182 Echo: Charlie and Alpha, sending you 4
2024-10-14 23:05:54.431904 Whiskey: Foxtrot, sending you 5
2024-10-14 23:05:54.432223 Charlie: Victor and Echo, sending you 3
2024-10-14 23:05:54.433704 Golf: Foxtrot, sending you 4
2024-10-14 23:05:54.434706 Echo: Victor, sending you 2
2024-10-14 23:05:54.436025 Whiskey: Golf and Kilo, sending you 7
2024-10-14 23:05:54.436690 Golf: Whiskey and Kilo, sending you 5
2024-10-14 23:05:54.439901 Echo: Hotel, sending you 3
2024-10-14 23:05:54.440548 Kilo: Foxtrot, sending you 4
2024-10-14 23:05:54.442682 Alpha: Charlie, Victor, Echo and Uniform, sending you 4
2024-10-14 23:05:54.444681 Echo: Uniform, sending you 5
2024-10-14 23:05:54.445253 Kilo: Whiskey, sending you 7
2024-10-14 23:05:54.446813 Uniform: Charlie, Alpha, Victor and Hotel, sending you 3
2024-10-14 23:05:54.447700 Hotel: Charlie, sending you 1
2024-10-14 23:05:54.449025 Alpha: Hotel, sending you 3
2024-10-14 23:05:54.449764 Kilo: Golf, sending you 6
2024-10-14 23:05:54.451002 Uniform: Echo, sending you 5
2024-10-14 23:05:54.453178 Hotel: Alpha, Echo and Uniform, sending you 3
2024-10-14 23:05:54.456658 Hotel: Victor, sending you 4
2024-10-14 23:05:54.458674 Victor: Charlie and Uniform, sending you 3
2024-10-14 23:05:54.463746 Victor: Alpha and Hotel, sending you 4
chatterbot Alpha submitting transactions
chatterbot Kilo submitting transactions
chatterbot Charlie submitting transactions
chatterbot Foxtrot submitting transactions
chatterbot Whiskey submitting transactions
chatterbot Golf submitting transactions
chatterbot Echo submitting transactions
chatterbot Hotel submitting transactions
chatterbot Uniform submitting transactions
chatterbot Victor submitting transactions
ChatterBot Charlie round 6
ChatterBot Foxtrot round 6
ChatterBot Whiskey round 6
ChatterBot Golf round 6
ChatterBot Alpha round 6
ChatterBot Victor round 6
ChatterBot Echo round 6
ChatterBot Kilo round 6
ChatterBot Hotel round 6
ChatterBot Uniform round 6
2024-10-14 23:05:55.619776 Whiskey: Foxtrot and Golf, sending you 6
2024-10-14 23:05:55.620670 Charlie: Foxtrot, sending you 1
2024-10-14 23:05:55.622670 Foxtrot: Whiskey, sending you 7
2024-10-14 23:05:55.623014 Uniform: Charlie, Alpha, Victor and Hotel, sending you 3
2024-10-14 23:05:55.624447 Whiskey: Kilo, sending you 7
2024-10-14 23:05:55.624880 Echo: Charlie and Alpha, sending you 4
2024-10-14 23:05:55.625399 Kilo: Foxtrot, sending you 4
2024-10-14 23:05:55.625736 Charlie: Alpha and Echo, sending you 4
2024-10-14 23:05:55.626349 Golf: Foxtrot, sending you 4
2024-10-14 23:05:55.626690 Foxtrot: Golf and Kilo, sending you 5
2024-10-14 23:05:55.626970 Uniform: Echo, sending you 5
2024-10-14 23:05:55.627369 Victor: Charlie and Uniform, sending you 3
2024-10-14 23:05:55.628370 Echo: Victor, sending you 2
2024-10-14 23:05:55.629690 Kilo: Whiskey, sending you 7
2024-10-14 23:05:55.630675 Charlie: Victor and Uniform, sending you 3
2024-10-14 23:05:55.631816 Golf: Whiskey and Kilo, sending you 5
2024-10-14 23:05:55.632178 Victor: Alpha and Hotel, sending you 4
2024-10-14 23:05:55.632820 Echo: Hotel, sending you 3
2024-10-14 23:05:55.633284 Kilo: Golf, sending you 6
2024-10-14 23:05:55.633682 Charlie: Hotel, sending you 2
2024-10-14 23:05:55.636112 Alpha: Charlie, sending you 5
2024-10-14 23:05:55.636781 Hotel: Charlie, sending you 1
2024-10-14 23:05:55.637291 Echo: Uniform, sending you 5
2024-10-14 23:05:55.640068 Hotel: Alpha, Echo and Uniform, sending you 3
2024-10-14 23:05:55.641671 Alpha: Victor and Echo, sending you 4
2024-10-14 23:05:55.643670 Hotel: Victor, sending you 4
2024-10-14 23:05:55.646687 Alpha: Hotel and Uniform, sending you 3
chatterbot Foxtrot submitting transactions
chatterbot Hotel submitting transactions
chatterbot Echo submitting transactions
chatterbot Golf submitting transactions
chatterbot Kilo submitting transactions
chatterbot Alpha submitting transactions
chatterbot Uniform submitting transactions
chatterbot Charlie submitting transactions
chatterbot Victor submitting transactions
chatterbot Whiskey submitting transactions
ChatterBot Charlie round 7
ChatterBot Foxtrot round 7
ChatterBot Whiskey round 7
ChatterBot Golf round 7
ChatterBot Alpha round 7
ChatterBot Victor round 7
ChatterBot Echo round 7
ChatterBot Kilo round 7
ChatterBot Hotel round 7
ChatterBot Uniform round 7
2024-10-14 23:05:56.677690 Victor: Charlie, Alpha and Uniform, sending you 3
2024-10-14 23:05:56.678572 Golf: Foxtrot, sending you 4
2024-10-14 23:05:56.679681 Charlie: Foxtrot, sending you 1
2024-10-14 23:05:56.682171 Victor: Echo, sending you 1
2024-10-14 23:05:56.682978 Golf: Whiskey and Kilo, sending you 5
2024-10-14 23:05:56.683679 Kilo: Foxtrot, sending you 4
2024-10-14 23:05:56.684063 Charlie: Alpha and Echo, sending you 4
2024-10-14 23:05:56.686663 Foxtrot: Whiskey, sending you 7
2024-10-14 23:05:56.688014 Victor: Hotel, sending you 4
2024-10-14 23:05:56.688769 Kilo: Whiskey, sending you 7
2024-10-14 23:05:56.689138 Whiskey: Foxtrot and Golf, sending you 6
2024-10-14 23:05:56.689669 Charlie: Victor and Uniform, sending you 3
2024-10-14 23:05:56.690192 Uniform: Charlie, Alpha, Victor and Hotel, sending you 3
2024-10-14 23:05:56.690685 Echo: Charlie and Alpha, sending you 4
2024-10-14 23:05:56.691511 Foxtrot: Golf and Kilo, sending you 5
2024-10-14 23:05:56.692667 Kilo: Golf, sending you 6
2024-10-14 23:05:56.692994 Alpha: Charlie, sending you 5
2024-10-14 23:05:56.693588 Whiskey: Kilo, sending you 7
2024-10-14 23:05:56.693937 Charlie: Hotel, sending you 2
2024-10-14 23:05:56.695048 Uniform: Echo, sending you 5
2024-10-14 23:05:56.695709 Echo: Victor, sending you 2
2024-10-14 23:05:56.696386 Alpha: Victor and Echo, sending you 4
2024-10-14 23:05:56.699671 Alpha: Hotel and Uniform, sending you 3
2024-10-14 23:05:56.700679 Hotel: Charlie, sending you 1
2024-10-14 23:05:56.701730 Echo: Hotel, sending you 3
2024-10-14 23:05:56.704663 Hotel: Alpha, Echo and Uniform, sending you 3
2024-10-14 23:05:56.705681 Echo: Uniform, sending you 5
2024-10-14 23:05:56.708663 Hotel: Victor, sending you 4
chatterbot Echo submitting transactions
chatterbot Golf submitting transactions
chatterbot Hotel submitting transactions
chatterbot Victor submitting transactions
chatterbot Uniform submitting transactions
chatterbot Foxtrot submitting transactions
chatterbot Alpha submitting transactions
chatterbot Kilo submitting transactions
chatterbot Charlie submitting transactions
chatterbot Whiskey submitting transactions
ChatterBot Charlie round 8
ChatterBot Foxtrot round 8
ChatterBot Whiskey round 8
ChatterBot Golf round 8
ChatterBot Alpha round 8
ChatterBot Victor round 8
ChatterBot Echo round 8
ChatterBot Kilo round 8
ChatterBot Hotel round 8
ChatterBot Uniform round 8
2024-10-14 23:05:57.969838 Foxtrot: Whiskey, sending you 7
2024-10-14 23:05:57.973668 Charlie: Foxtrot, sending you 1
2024-10-14 23:05:57.975841 Alpha: Charlie, sending you 5
2024-10-14 23:05:57.977942 Foxtrot: Golf and Kilo, sending you 5
2024-10-14 23:05:57.979118 Victor: Charlie, Alpha and Uniform, sending you 3
2024-10-14 23:05:57.981841 Charlie: Alpha and Echo, sending you 4
2024-10-14 23:05:57.983192 Alpha: Victor and Echo, sending you 4
2024-10-14 23:05:57.984953 Echo: Charlie and Alpha, sending you 4
2024-10-14 23:05:57.986286 Victor: Echo, sending you 1
2024-10-14 23:05:57.988304 Whiskey: Foxtrot and Golf, sending you 6
2024-10-14 23:05:57.989192 Kilo: Foxtrot, sending you 4
2024-10-14 23:05:57.990152 Golf: Foxtrot, sending you 4
2024-10-14 23:05:57.991574 Charlie: Victor and Uniform, sending you 3
2024-10-14 23:05:57.992656 Alpha: Hotel and Uniform, sending you 3
2024-10-14 23:05:57.993752 Echo: Victor, sending you 2
2024-10-14 23:05:57.995272 Uniform: Charlie, Alpha, Victor and Hotel, sending you 3
2024-10-14 23:05:57.996413 Victor: Hotel, sending you 4
2024-10-14 23:05:57.997454 Whiskey: Kilo, sending you 7
2024-10-14 23:05:57.998891 Golf: Whiskey and Kilo, sending you 5
2024-10-14 23:05:57.999549 Kilo: Whiskey, sending you 7
2024-10-14 23:05:58.000277 Charlie: Hotel, sending you 2
2024-10-14 23:05:58.002084 Echo: Hotel, sending you 3
2024-10-14 23:05:58.003031 Hotel: Charlie, sending you 1
2024-10-14 23:05:58.004111 Uniform: Echo, sending you 5
2024-10-14 23:05:58.005563 Kilo: Golf, sending you 6
2024-10-14 23:05:58.006704 Echo: Uniform, sending you 5
2024-10-14 23:05:58.007748 Hotel: Alpha, Echo and Uniform, sending you 3
2024-10-14 23:05:58.013684 Hotel: Victor, sending you 4
chatterbot Golf submitting transactions
chatterbot Alpha submitting transactions
chatterbot Charlie submitting transactions
chatterbot Uniform submitting transactions
chatterbot Hotel submitting transactions
chatterbot Victor submitting transactions
chatterbot Foxtrot submitting transactions
chatterbot Kilo submitting transactions
chatterbot Whiskey submitting transactions
chatterbot Echo submitting transactions
ChatterBot Charlie round 9
ChatterBot Foxtrot round 9
ChatterBot Whiskey round 9
ChatterBot Golf round 9
ChatterBot Alpha round 9
ChatterBot Victor round 9
ChatterBot Echo round 9
ChatterBot Kilo round 9
ChatterBot Hotel round 9
ChatterBot Uniform round 9
2024-10-14 23:05:59.246699 Whiskey: Foxtrot and Golf, sending you 6
2024-10-14 23:05:59.247750 Foxtrot: Whiskey, sending you 7
2024-10-14 23:05:59.250689 Kilo: Foxtrot, sending you 4
2024-10-14 23:05:59.251168 Whiskey: Kilo, sending you 7
2024-10-14 23:05:59.252055 Foxtrot: Golf and Kilo, sending you 5
2024-10-14 23:05:59.254668 Charlie: Foxtrot, sending you 1
2024-10-14 23:05:59.256495 Kilo: Whiskey, sending you 7
2024-10-14 23:05:59.258763 Hotel: Charlie, sending you 1
2024-10-14 23:05:59.259757 Charlie: Alpha and Echo, sending you 4
2024-10-14 23:05:59.260661 Kilo: Golf, sending you 6
2024-10-14 23:05:59.261579 Golf: Foxtrot, sending you 4
2024-10-14 23:05:59.262043 Alpha: Charlie, sending you 5
2024-10-14 23:05:59.263747 Hotel: Alpha, Echo and Uniform, sending you 3
2024-10-14 23:05:59.264859 Echo: Charlie and Alpha, sending you 4
2024-10-14 23:05:59.266209 Charlie: Victor and Uniform, sending you 3
2024-10-14 23:05:59.267010 Victor: Charlie, Alpha and Uniform, sending you 3
2024-10-14 23:05:59.267712 Golf: Whiskey and Kilo, sending you 5
2024-10-14 23:05:59.268113 Alpha: Victor and Echo, sending you 4
2024-10-14 23:05:59.269251 Hotel: Victor, sending you 4
2024-10-14 23:05:59.270127 Echo: Victor, sending you 2
2024-10-14 23:05:59.271358 Victor: Echo, sending you 1
2024-10-14 23:05:59.272065 Charlie: Hotel, sending you 2
2024-10-14 23:05:59.272720 Alpha: Hotel and Uniform, sending you 3
2024-10-14 23:05:59.274009 Echo: Hotel, sending you 3
2024-10-14 23:05:59.275672 Victor: Hotel, sending you 4
2024-10-14 23:05:59.277687 Uniform: Charlie, Alpha, Victor and Hotel, sending you 3
2024-10-14 23:05:59.279282 Echo: Uniform, sending you 5
2024-10-14 23:05:59.282666 Uniform: Echo, sending you 5
chatterbot Alpha submitting transactions
chatterbot Golf submitting transactions
chatterbot Hotel submitting transactions
chatterbot Victor submitting transactions
chatterbot Echo submitting transactions
chatterbot Uniform submitting transactions
chatterbot Foxtrot submitting transactions
chatterbot Whiskey submitting transactions
chatterbot Kilo submitting transactions
chatterbot Charlie submitting transactions
ChatterBot Charlie round 10
ChatterBot Foxtrot round 10
ChatterBot Whiskey round 10
ChatterBot Golf round 10
ChatterBot Alpha round 10
ChatterBot Victor round 10
ChatterBot Echo round 10
ChatterBot Kilo round 10
ChatterBot Hotel round 10
2024-10-14 23:06:00.422288 Charlie: We should replace Foxtrot with Kilo
2024-10-14 23:06:00.437079 Alpha: No
2024-10-14 23:06:00.437266 Hotel: No
2024-10-14 23:06:00.437413 Uniform: No
2024-10-14 23:06:00.438076 Victor: No
2024-10-14 23:06:00.438217 Echo: No
ChatterBot Charlie reevaluating
ChatterBot Charlie reevaluating
ChatterBot Charlie reevaluating
ChatterBot Charlie reevaluating
ChatterBot Charlie reevaluating
ChatterBot Uniform round 10
2024-10-14 23:06:00.539685 Golf: Foxtrot, sending you 4
2024-10-14 23:06:00.542690 Alpha: Charlie, sending you 2
2024-10-14 23:06:00.544683 Golf: Whiskey and Kilo, sending you 5
2024-10-14 23:06:00.546666 Alpha: Victor, Echo, Hotel and Uniform, sending you 1
2024-10-14 23:06:00.549691 Echo: Charlie and Alpha, sending you 4
2024-10-14 23:06:00.550819 Uniform: Charlie, Alpha, Victor and Hotel, sending you 3
2024-10-14 23:06:00.553084 Victor: Charlie, Alpha and Uniform, sending you 3
2024-10-14 23:06:00.554220 Whiskey: Foxtrot and Golf, sending you 6
2024-10-14 23:06:00.554807 Charlie: Foxtrot, sending you 1
2024-10-14 23:06:00.555743 Hotel: Charlie, sending you 1
2024-10-14 23:06:00.556787 Uniform: Echo, sending you 5
2024-10-14 23:06:00.558175 Foxtrot: Whiskey, sending you 7
2024-10-14 23:06:00.558752 Echo: Victor, sending you 2
2024-10-14 23:06:00.559770 Kilo: Foxtrot, sending you 4
2024-10-14 23:06:00.560319 Victor: Echo, sending you 1
2024-10-14 23:06:00.561362 Whiskey: Kilo, sending you 7
2024-10-14 23:06:00.562260 Charlie: Alpha and Echo, sending you 4
2024-10-14 23:06:00.563213 Hotel: Alpha, Echo and Uniform, sending you 3
2024-10-14 23:06:00.564002 Echo: Hotel, sending you 3
2024-10-14 23:06:00.564760 Foxtrot: Golf and Kilo, sending you 5
2024-10-14 23:06:00.565197 Victor: Hotel, sending you 4
2024-10-14 23:06:00.565883 Kilo: Whiskey, sending you 7
2024-10-14 23:06:00.567651 Charlie: Victor and Uniform, sending you 3
2024-10-14 23:06:00.568767 Hotel: Victor, sending you 4
2024-10-14 23:06:00.570162 Echo: Uniform, sending you 5
2024-10-14 23:06:00.570907 Kilo: Golf, sending you 6
2024-10-14 23:06:00.573670 Charlie: Hotel, sending you 2
chatterbot Charlie submitting transactions
chatterbot Kilo submitting transactions
chatterbot Victor submitting transactions
chatterbot Alpha submitting transactions
chatterbot Echo submitting transactions
chatterbot Whiskey submitting transactions
chatterbot Hotel submitting transactions
chatterbot Foxtrot submitting transactions
chatterbot Golf submitting transactions
chatterbot Uniform submitting transactions
ChatterBot Charlie round 11
ChatterBot Foxtrot round 11
ChatterBot Whiskey round 11
ChatterBot Golf round 11
ChatterBot Alpha round 11
ChatterBot Victor round 11
ChatterBot Echo round 11
2024-10-14 23:06:01.806769 Whiskey: We should add Charlie
ChatterBot Foxtrot reevaluating
2024-10-14 23:06:01.816958 Foxtrot: Yes
2024-10-14 23:06:01.817205 Golf: No
2024-10-14 23:06:01.818056 Kilo: No
ChatterBot Foxtrot reevaluating
ChatterBot Foxtrot reevaluating
ChatterBot Whiskey reevaluating
ChatterBot Kilo round 11
ChatterBot Hotel round 11
ChatterBot Uniform round 11
2024-10-14 23:06:01.858362 Foxtrot: We should add Hotel
ChatterBot Whiskey reevaluating
2024-10-14 23:06:01.868026 Whiskey: No
2024-10-14 23:06:01.868417 Golf: No
2024-10-14 23:06:01.868555 Kilo: No
ChatterBot Foxtrot reevaluating
ChatterBot Foxtrot reevaluating
ChatterBot Whiskey reevaluating
ChatterBot Foxtrot reevaluating
ChatterBot Whiskey reevaluating
2024-10-14 23:06:01.906501 Whiskey: We should add Uniform
ChatterBot Foxtrot reevaluating
2024-10-14 23:06:01.916304 Foxtrot: No
2024-10-14 23:06:01.916603 Golf: No
2024-10-14 23:06:01.917238 Kilo: No
ChatterBot Whiskey reevaluating
ChatterBot Foxtrot reevaluating
ChatterBot Whiskey reevaluating
ChatterBot Foxtrot reevaluating
ChatterBot Whiskey reevaluating
2024-10-14 23:06:01.958110 Foxtrot: We should add Victor
ChatterBot Whiskey reevaluating
2024-10-14 23:06:01.976909 Whiskey: Yes
2024-10-14 23:06:01.977201 Golf: No
2024-10-14 23:06:01.977532 Kilo: No
ChatterBot Foxtrot reevaluating
ChatterBot Golf reevaluating
ChatterBot Foxtrot reevaluating
ChatterBot Whiskey reevaluating
ChatterBot Foxtrot reevaluating
ChatterBot Whiskey reevaluating
ChatterBot Golf reevaluating
2024-10-14 23:06:02.018005 Victor: Charlie, Alpha and Uniform, sending you 3
2024-10-14 23:06:02.019041 Charlie: Foxtrot, sending you 1
2024-10-14 23:06:02.021389 Alpha: Charlie, sending you 5
2024-10-14 23:06:02.022539 Victor: Echo, sending you 1
2024-10-14 23:06:02.024711 Charlie: Alpha and Echo, sending you 4
2024-10-14 23:06:02.025391 Alpha: Victor and Echo, sending you 4
2024-10-14 23:06:02.027195 Uniform: Charlie, Alpha, Victor and Hotel, sending you 3
2024-10-14 23:06:02.028073 Victor: Hotel, sending you 4
2024-10-14 23:06:02.029933 Charlie: Victor and Uniform, sending you 3
2024-10-14 23:06:02.032252 Foxtrot: Whiskey, sending you 5
2024-10-14 23:06:02.033086 Alpha: Hotel and Uniform, sending you 3
2024-10-14 23:06:02.035109 Uniform: Echo, sending you 5
2024-10-14 23:06:02.037412 Charlie: Hotel, sending you 2
2024-10-14 23:06:02.039633 Hotel: Charlie and Alpha, sending you 2
2024-10-14 23:06:02.041091 Foxtrot: Golf, sending you 4
2024-10-14 23:06:02.041690 Kilo: Foxtrot, sending you 4
2024-10-14 23:06:02.043648 Echo: Charlie, Alpha and Hotel, sending you 4
2024-10-14 23:06:02.045496 Hotel: Victor, sending you 4
2024-10-14 23:06:02.047797 Foxtrot: Kilo, sending you 3
2024-10-14 23:06:02.048531 Kilo: Whiskey, sending you 7
2024-10-14 23:06:02.050006 Echo: Victor, sending you 1
2024-10-14 23:06:02.052179 Hotel: Echo and Uniform, sending you 3
2024-10-14 23:06:02.054229 Kilo: Golf, sending you 6
2024-10-14 23:06:02.055781 Echo: Uniform, sending you 5
chatterbot Charlie submitting transactions
chatterbot Victor submitting transactions
chatterbot Foxtrot submitting transactions
chatterbot Whiskey submitting transactions
chatterbot Echo submitting transactions
chatterbot Alpha submitting transactions
chatterbot Kilo submitting transactions
chatterbot Uniform submitting transactions
chatterbot Hotel submitting transactions
chatterbot Golf submitting transactions
ChatterBot Charlie round 12
ChatterBot Foxtrot round 12
ChatterBot Whiskey round 12
ChatterBot Golf round 12
ChatterBot Alpha round 12
ChatterBot Victor round 12
ChatterBot Echo round 12
ChatterBot Kilo round 12
ChatterBot Hotel round 12
ChatterBot Uniform round 12
2024-10-14 23:06:03.145955 Charlie: We should replace Foxtrot with Kilo
2024-10-14 23:06:03.168967 Alpha: No
2024-10-14 23:06:03.169244 Hotel: No
2024-10-14 23:06:03.169457 Uniform: No
2024-10-14 23:06:03.169691 Victor: No
2024-10-14 23:06:03.169953 Echo: No
ChatterBot Charlie reevaluating
ChatterBot Charlie reevaluating
2024-10-14 23:06:03.283849 Charlie: Kilo we want you to join our group
2024-10-14 23:06:03.289900 Kilo: No
ChatterBot Charlie reevaluating
2024-10-14 23:06:03.315453 Victor: Charlie, Alpha and Uniform, sending you 3
2024-10-14 23:06:03.317170 Alpha: I was attacked by Foxtrot and Whiskey
ChatterBot Charlie reevaluating
ChatterBot Hotel reevaluating
ChatterBot Uniform reevaluating
ChatterBot Victor reevaluating
ChatterBot Echo reevaluating
2024-10-14 23:06:03.340789 Alpha: I'm keeping this round to protect myself
2024-10-14 23:06:03.344155 Alpha: Ow
2024-10-14 23:06:03.346335 Whiskey: Foxtrot, sending you 6
