ChatterBot Echo round 1
ChatterBot Foxtrot round 1
ChatterBot Romeo round 1
ChatterBot Alpha round 1
ChatterBot Whiskey round 1
ChatterBot Zulu round 1
ChatterBot Uniform round 1
ChatterBot Mike round 1
ChatterBot Bravo round 1
ChatterBot Juliett round 1
randomSelections Zulu: {Zulu, Romeo} 
2024-10-14 23:05:47.012249 Zulu: Can we be friends?
ChatterBot Romeo reevaluating
2024-10-14 23:05:47.014349 Romeo: Yes
randomSelections Echo: {Echo, Foxtrot, Whiskey, Romeo, Uniform, Mike, Bravo} 
2024-10-14 23:05:47.017885 Echo: Friends?
ChatterBot Foxtrot reevaluating
ChatterBot Whiskey reevaluating
ChatterBot Romeo reevaluating
ChatterBot Uniform reevaluating
ChatterBot Mike reevaluating
ChatterBot Bravo reevaluating
2024-10-14 23:05:47.030325 Foxtrot: Yes
2024-10-14 23:05:47.030466 Whiskey: Yes
2024-10-14 23:05:47.030559 Romeo: No
2024-10-14 23:05:47.030679 Uniform: Yes
2024-10-14 23:05:47.030785 Mike: Yes
2024-10-14 23:05:47.030872 Bravo: Yes
ChatterBot Whiskey reevaluating
ChatterBot Romeo reevaluating
ChatterBot Uniform reevaluating
ChatterBot Mike reevaluating
ChatterBot Bravo reevaluating
ChatterBot Foxtrot reevaluating
ChatterBot Romeo reevaluating
ChatterBot Uniform reevaluating
ChatterBot Mike reevaluating
ChatterBot Bravo reevaluating
ChatterBot Foxtrot reevaluating
ChatterBot Whiskey reevaluating
ChatterBot Uniform reevaluating
ChatterBot Mike reevaluating
ChatterBot Bravo reevaluating
ChatterBot Foxtrot reevaluating
ChatterBot Whiskey reevaluating
ChatterBot Romeo reevaluating
ChatterBot Mike reevaluating
ChatterBot Bravo reevaluating
ChatterBot Foxtrot reevaluating
ChatterBot Whiskey reevaluating
ChatterBot Romeo reevaluating
ChatterBot Uniform reevaluating
ChatterBot Bravo reevaluating
ChatterBot Foxtrot reevaluating
ChatterBot Whiskey reevaluating
ChatterBot Romeo reevaluating
ChatterBot Uniform reevaluating
ChatterBot Mike reevaluating
randomSelections Juliett: {Juliett, Whiskey, Mike, Echo, Bravo, Romeo, Zulu} 
2024-10-14 23:05:47.090042 Juliett: We would work well together
ChatterBot Whiskey reevaluating
ChatterBot Mike reevaluating
ChatterBot Bravo reevaluating
ChatterBot Romeo reevaluating
2024-10-14 23:05:47.097625 Whiskey: No
2024-10-14 23:05:47.098329 Mike: No
2024-10-14 23:05:47.098453 Echo: No
2024-10-14 23:05:47.098558 Bravo: No
2024-10-14 23:05:47.098670 Romeo: No
2024-10-14 23:05:47.098764 Zulu: No
ChatterBot Mike reevaluating
ChatterBot Bravo reevaluating
ChatterBot Romeo reevaluating
ChatterBot Whiskey reevaluating
ChatterBot Bravo reevaluating
ChatterBot Romeo reevaluating
ChatterBot Whiskey reevaluating
ChatterBot Mike reevaluating
ChatterBot Bravo reevaluating
ChatterBot Romeo reevaluating
ChatterBot Whiskey reevaluating
ChatterBot Mike reevaluating
ChatterBot Romeo reevaluating
ChatterBot Whiskey reevaluating
ChatterBot Mike reevaluating
ChatterBot Bravo reevaluating
ChatterBot Whiskey reevaluating
ChatterBot Mike reevaluating
ChatterBot Bravo reevaluating
ChatterBot Romeo reevaluating
randomSelections Alpha: {Alpha, Romeo, Echo, Bravo, Whiskey, Uniform, Zulu, Mike} 
2024-10-14 23:05:47.139975 Alpha: We should group up
ChatterBot Romeo reevaluating
ChatterBot Bravo reevaluating
ChatterBot Whiskey reevaluating
ChatterBot Uniform reevaluating
ChatterBot Mike reevaluating
2024-10-14 23:05:47.147284 Romeo: No
2024-10-14 23:05:47.147424 Echo: No
2024-10-14 23:05:47.147515 Bravo: No
2024-10-14 23:05:47.147599 Whiskey: No
2024-10-14 23:05:47.147694 Uniform: No
2024-10-14 23:05:47.147853 Zulu: No
2024-10-14 23:05:47.147970 Mike: No
ChatterBot Bravo reevaluating
ChatterBot Whiskey reevaluating
ChatterBot Uniform reevaluating
ChatterBot Mike reevaluating
ChatterBot Romeo reevaluating
ChatterBot Bravo reevaluating
ChatterBot Whiskey reevaluating
ChatterBot Uniform reevaluating
ChatterBot Mike reevaluating
ChatterBot Romeo reevaluating
ChatterBot Whiskey reevaluating
ChatterBot Uniform reevaluating
ChatterBot Mike reevaluating
ChatterBot Romeo reevaluating
ChatterBot Bravo reevaluating
ChatterBot Uniform reevaluating
ChatterBot Mike reevaluating
ChatterBot Romeo reevaluating
ChatterBot Bravo reevaluating
ChatterBot Whiskey reevaluating
ChatterBot Mike reevaluating
ChatterBot Romeo reevaluating
ChatterBot Bravo reevaluating
ChatterBot Whiskey reevaluating
ChatterBot Uniform reevaluating
ChatterBot Mike reevaluating
ChatterBot Romeo reevaluating
ChatterBot Bravo reevaluating
ChatterBot Whiskey reevaluating
ChatterBot Uniform reevaluating
2024-10-14 23:05:47.207670 Juliett: Romeo, Whiskey and Zulu, sending you 2
2024-10-14 23:05:47.210673 Juliett: Mike and Bravo, sending you 4
2024-10-14 23:05:47.212670 Alpha: Echo, sending you 3
2024-10-14 23:05:47.213691 Bravo: Echo and Foxtrot, sending you 2
2024-10-14 23:05:47.217673 Alpha: Romeo and Bravo, sending you 4
2024-10-14 23:05:47.218686 Echo: Foxtrot, Whiskey and Bravo, sending you 1
2024-10-14 23:05:47.219064 Bravo: Romeo, sending you 5
2024-10-14 23:05:47.219302 Mike: Echo, Foxtrot and Romeo, sending you 2
2024-10-14 23:05:47.219677 Zulu: Sending you 8
2024-10-14 23:05:47.221689 Alpha: Whiskey, Zulu, Uniform and Mike, sending you 1
2024-10-14 23:05:47.222057 Echo: Uniform, sending you 2
2024-10-14 23:05:47.222680 Mike: Uniform, sending you 1
2024-10-14 23:05:47.223679 Bravo: Whiskey, sending you 1
2024-10-14 23:05:47.224674 Whiskey: Echo and Bravo, sending you 2
2024-10-14 23:05:47.225711 Romeo: Sending you 9
2024-10-14 23:05:47.226675 Uniform: Echo, Romeo and Whiskey, sending you 2
2024-10-14 23:05:47.227695 Bravo: Uniform and Mike, sending you 4
2024-10-14 23:05:47.228650 Whiskey: Foxtrot and Uniform, sending you 1
2024-10-14 23:05:47.230672 Uniform: Foxtrot, sending you 4
2024-10-14 23:05:47.231687 Whiskey: Romeo, sending you 4
2024-10-14 23:05:47.235662 Uniform: Mike, sending you 1
2024-10-14 23:05:47.236648 Whiskey: Mike, sending you 3
2024-10-14 23:05:47.239652 Uniform: Bravo, sending you 3
chatterbot Zulu submitting transactions
chatterbot Mike submitting transactions
chatterbot Echo submitting transactions
chatterbot Uniform submitting transactions
chatterbot Alpha submitting transactions
chatterbot Whiskey submitting transactions
chatterbot Bravo submitting transactions
chatterbot Foxtrot submitting transactions
chatterbot Juliett submitting transactions
chatterbot Romeo submitting transactions
ChatterBot Echo round 2
ChatterBot Foxtrot round 2
ChatterBot Romeo round 2
ChatterBot Alpha round 2
ChatterBot Whiskey round 2
ChatterBot Zulu round 2
ChatterBot Uniform round 2
ChatterBot Mike round 2
ChatterBot Bravo round 2
ChatterBot Juliett round 2
2024-10-14 23:05:49.061575 Juliett: Can we be friends?
ChatterBot Mike reevaluating
ChatterBot Echo reevaluating
ChatterBot Alpha reevaluating
ChatterBot Whiskey reevaluating
ChatterBot Uniform reevaluating
ChatterBot Bravo reevaluating
2024-10-14 23:05:49.091389 Mike: Yes
2024-10-14 23:05:49.091552 Echo: Yes
2024-10-14 23:05:49.091674 Alpha: Yes
2024-10-14 23:05:49.091778 Whiskey: Yes
2024-10-14 23:05:49.092257 Uniform: No
2024-10-14 23:05:49.092360 Bravo: Yes
ChatterBot Echo reevaluating
ChatterBot Alpha reevaluating
ChatterBot Whiskey reevaluating
ChatterBot Uniform reevaluating
ChatterBot Bravo reevaluating
ChatterBot Mike reevaluating
ChatterBot Alpha reevaluating
ChatterBot Whiskey reevaluating
ChatterBot Uniform reevaluating
ChatterBot Bravo reevaluating
ChatterBot Mike reevaluating
ChatterBot Echo reevaluating
ChatterBot Whiskey reevaluating
ChatterBot Uniform reevaluating
ChatterBot Bravo reevaluating
ChatterBot Mike reevaluating
ChatterBot Echo reevaluating
ChatterBot Alpha reevaluating
ChatterBot Uniform reevaluating
ChatterBot Bravo reevaluating
ChatterBot Juliett reevaluating
ChatterBot Mike reevaluating
ChatterBot Echo reevaluating
ChatterBot Alpha reevaluating
ChatterBot Whiskey reevaluating
ChatterBot Bravo reevaluating
ChatterBot Juliett reevaluating
ChatterBot Mike reevaluating
ChatterBot Echo reevaluating
ChatterBot Alpha reevaluating
ChatterBot Whiskey reevaluating
ChatterBot Uniform reevaluating
2024-10-14 23:05:49.301007 Zulu: We should add Alpha
ChatterBot Romeo reevaluating
2024-10-14 23:05:49.306544 Romeo: Yes
2024-10-14 23:05:49.311098 Romeo: We would work well together
ChatterBot Echo reevaluating
ChatterBot Alpha reevaluating
ChatterBot Whiskey reevaluating
ChatterBot Uniform reevaluating
ChatterBot Bravo reevaluating
2024-10-14 23:05:49.341973 Zulu: No
2024-10-14 23:05:49.342134 Echo: No
2024-10-14 23:05:49.342240 Alpha: No
2024-10-14 23:05:49.342367 Whiskey: No
2024-10-14 23:05:49.342468 Uniform: No
2024-10-14 23:05:49.342606 Bravo: No
ChatterBot Romeo reevaluating
ChatterBot Echo reevaluating
ChatterBot Alpha reevaluating
ChatterBot Whiskey reevaluating
ChatterBot Uniform reevaluating
ChatterBot Bravo reevaluating
ChatterBot Romeo reevaluating
ChatterBot Alpha reevaluating
ChatterBot Whiskey reevaluating
ChatterBot Uniform reevaluating
ChatterBot Bravo reevaluating
ChatterBot Romeo reevaluating
ChatterBot Echo reevaluating
ChatterBot Whiskey reevaluating
ChatterBot Uniform reevaluating
ChatterBot Bravo reevaluating
ChatterBot Romeo reevaluating
ChatterBot Echo reevaluating
ChatterBot Alpha reevaluating
ChatterBot Uniform reevaluating
ChatterBot Bravo reevaluating
ChatterBot Romeo reevaluating
ChatterBot Echo reevaluating
ChatterBot Alpha reevaluating
ChatterBot Whiskey reevaluating
ChatterBot Bravo reevaluating
ChatterBot Romeo reevaluating
ChatterBot Echo reevaluating
ChatterBot Alpha reevaluating
ChatterBot Whiskey reevaluating
ChatterBot Uniform reevaluating
2024-10-14 23:05:49.547117 Foxtrot: Friends?
ChatterBot Echo reevaluating
ChatterBot Alpha reevaluating
ChatterBot Whiskey reevaluating
ChatterBot Uniform reevaluating
ChatterBot Bravo reevaluating
2024-10-14 23:05:49.573398 Echo: No
2024-10-14 23:05:49.573572 Alpha: No
2024-10-14 23:05:49.573750 Whiskey: No
2024-10-14 23:05:49.573910 Uniform: No
2024-10-14 23:05:49.574027 Bravo: No
ChatterBot Alpha reevaluating
ChatterBot Whiskey reevaluating
ChatterBot Uniform reevaluating
ChatterBot Bravo reevaluating
ChatterBot Echo reevaluating
ChatterBot Whiskey reevaluating
ChatterBot Uniform reevaluating
ChatterBot Bravo reevaluating
ChatterBot Echo reevaluating
ChatterBot Alpha reevaluating
ChatterBot Uniform reevaluating
ChatterBot Bravo reevaluating
ChatterBot Echo reevaluating
ChatterBot Alpha reevaluating
ChatterBot Whiskey reevaluating
ChatterBot Bravo reevaluating
ChatterBot Echo reevaluating
ChatterBot Alpha reevaluating
ChatterBot Whiskey reevaluating
ChatterBot Uniform reevaluating
2024-10-14 23:05:49.852524 Zulu: Alpha we want you to join our group
2024-10-14 23:05:49.859557 Alpha: No
ChatterBot Romeo reevaluating
2024-10-14 23:05:49.920778 Juliett: Echo and Mike, sending you 3
2024-10-14 23:05:49.967507 Juliett: Alpha, Whiskey, Uniform and Bravo, sending you 2
2024-10-14 23:05:49.968953 Mike: Echo, sending you 1
2024-10-14 23:05:49.969413 Uniform: Echo, sending you 3
2024-10-14 23:05:49.970446 Foxtrot: Echo, Whiskey and Bravo, sending you 2
2024-10-14 23:05:49.970794 Bravo: Echo, sending you 2
2024-10-14 23:05:49.971067 Echo: Alpha, sending you 5
2024-10-14 23:05:49.971342 Whiskey: Echo, Alpha and Bravo, sending you 2
2024-10-14 23:05:49.971609 Zulu: Romeo, sending you 11
2024-10-14 23:05:49.972546 Alpha: Echo, Whiskey, Uniform, Mike and Bravo, sending you 3
2024-10-14 23:05:49.989532 Mike: Alpha and Uniform, sending you 2
2024-10-14 23:05:49.990057 Echo: Whiskey, Uniform, Mike and Bravo, sending you 3
2024-10-14 23:05:49.991088 Uniform: Alpha, Whiskey and Mike, sending you 2
2024-10-14 23:05:49.991511 Foxtrot: Uniform, sending you 4
2024-10-14 23:05:49.991901 Bravo: Alpha and Juliett, sending you 5
2024-10-14 23:05:49.992871 Whiskey: Uniform and Juliett, sending you 4
2024-10-14 23:05:49.993306 Zulu: Alpha, sending you 4
2024-10-14 23:05:49.993660 Alpha: Juliett, sending you 1
2024-10-14 23:05:49.994797 Romeo: Echo and Uniform, sending you 2
2024-10-14 23:05:49.995458 Mike: Whiskey, Bravo and Juliett, sending you 4
2024-10-14 23:05:49.995996 Uniform: Bravo, sending you 7
2024-10-14 23:05:50.007591 Bravo: Whiskey, sending you 3
2024-10-14 23:05:50.008486 Romeo: Alpha, Whiskey and Bravo, sending you 3
2024-10-14 23:05:50.015146 Bravo: Uniform, sending you 4
2024-10-14 23:05:50.015590 Romeo: Zulu, sending you 4
chatterbot Echo submitting transactions
chatterbot Mike submitting transactions
chatterbot Foxtrot submitting transactions
chatterbot Juliett submitting transactions
chatterbot Uniform submitting transactions
chatterbot Zulu submitting transactions
chatterbot Bravo submitting transactions
chatterbot Whiskey submitting transactions
chatterbot Alpha submitting transactions
chatterbot Romeo submitting transactions
ChatterBot Echo round 3
ChatterBot Foxtrot round 3
ChatterBot Romeo round 3
ChatterBot Alpha round 3
ChatterBot Whiskey round 3
ChatterBot Zulu round 3
2024-10-14 23:05:52.377549 Foxtrot: We should add Mike and Juliett
ChatterBot Echo reevaluating
ChatterBot Alpha reevaluating
ChatterBot Whiskey reevaluating
ChatterBot Uniform reevaluating
2024-10-14 23:05:52.487973 Echo: Yes
2024-10-14 23:05:52.488293 Alpha: Yes
2024-10-14 23:05:52.488468 Whiskey: Yes
2024-10-14 23:05:52.488642 Uniform: Yes
2024-10-14 23:05:52.488817 Bravo: Yes
ChatterBot Alpha reevaluating
ChatterBot Whiskey reevaluating
ChatterBot Uniform reevaluating
ChatterBot Echo reevaluating
ChatterBot Whiskey reevaluating
ChatterBot Uniform reevaluating
ChatterBot Echo reevaluating
ChatterBot Alpha reevaluating
ChatterBot Uniform reevaluating
ChatterBot Echo reevaluating
ChatterBot Alpha reevaluating
ChatterBot Whiskey reevaluating
ChatterBot Echo reevaluating
ChatterBot Alpha reevaluating
ChatterBot Whiskey reevaluating
ChatterBot Uniform reevaluating
2024-10-14 23:05:52.655283 Echo: We should add Juliett
ChatterBot Alpha reevaluating
ChatterBot Whiskey reevaluating
ChatterBot Uniform reevaluating
2024-10-14 23:05:52.680864 Alpha: Yes
2024-10-14 23:05:52.681901 Whiskey: Yes
2024-10-14 23:05:52.682378 Uniform: Yes
2024-10-14 23:05:52.683461 Bravo: Yes
2024-10-14 23:05:52.683855 Mike: Yes
2024-10-14 23:05:52.685079 Whiskey: We should add Foxtrot
ChatterBot Echo reevaluating
ChatterBot Whiskey reevaluating
ChatterBot Uniform reevaluating
ChatterBot Echo reevaluating
ChatterBot Alpha reevaluating
ChatterBot Uniform reevaluating
2024-10-14 23:05:52.754555 Juliett: No
ChatterBot Echo reevaluating
ChatterBot Alpha reevaluating
ChatterBot Whiskey reevaluating
ChatterBot Echo reevaluating
ChatterBot Alpha reevaluating
ChatterBot Whiskey reevaluating
ChatterBot Uniform reevaluating
ChatterBot Echo reevaluating
ChatterBot Alpha reevaluating
ChatterBot Whiskey reevaluating
ChatterBot Uniform reevaluating
ChatterBot Echo reevaluating
ChatterBot Alpha reevaluating
ChatterBot Uniform reevaluating
2024-10-14 23:05:52.864794 Echo: No
ChatterBot Echo reevaluating
2024-10-14 23:05:52.869915 Alpha: Yes
ChatterBot Alpha reevaluating
ChatterBot Whiskey reevaluating
2024-10-14 23:05:52.882109 Uniform: No
ChatterBot Uniform reevaluating
2024-10-14 23:05:52.891485 Bravo: No
2024-10-14 23:05:52.900238 Mike: No
ChatterBot Alpha reevaluating
ChatterBot Whiskey reevaluating
ChatterBot Uniform reevaluating
ChatterBot Echo reevaluating
ChatterBot Whiskey reevaluating
ChatterBot Uniform reevaluating
ChatterBot Echo reevaluating
ChatterBot Alpha reevaluating
ChatterBot Whiskey reevaluating
ChatterBot Echo reevaluating
ChatterBot Alpha reevaluating
ChatterBot Whiskey reevaluating
ChatterBot Uniform reevaluating
ChatterBot Echo reevaluating
ChatterBot Alpha reevaluating
ChatterBot Whiskey reevaluating
ChatterBot Uniform reevaluating
ChatterBot Uniform round 3
ChatterBot Mike round 3
ChatterBot Bravo round 3
ChatterBot Juliett round 3
2024-10-14 23:05:53.114440 Romeo: We should add Mike and Juliett
ChatterBot Zulu reevaluating
ChatterBot Echo reevaluating
ChatterBot Alpha reevaluating
ChatterBot Whiskey reevaluating
ChatterBot Uniform reevaluating
ChatterBot Bravo reevaluating
2024-10-14 23:05:53.157403 Zulu: Yes
2024-10-14 23:05:53.157634 Echo: Yes
2024-10-14 23:05:53.157841 Alpha: Yes
2024-10-14 23:05:53.158020 Whiskey: Yes
2024-10-14 23:05:53.158197 Uniform: Yes
2024-10-14 23:05:53.158358 Bravo: Yes
ChatterBot Echo reevaluating
ChatterBot Alpha reevaluating
ChatterBot Whiskey reevaluating
ChatterBot Uniform reevaluating
ChatterBot Bravo reevaluating
ChatterBot Zulu reevaluating
ChatterBot Alpha reevaluating
ChatterBot Whiskey reevaluating
ChatterBot Uniform reevaluating
ChatterBot Bravo reevaluating
ChatterBot Zulu reevaluating
ChatterBot Echo reevaluating
ChatterBot Whiskey reevaluating
ChatterBot Uniform reevaluating
ChatterBot Bravo reevaluating
ChatterBot Zulu reevaluating
ChatterBot Echo reevaluating
ChatterBot Alpha reevaluating
ChatterBot Uniform reevaluating
ChatterBot Bravo reevaluating
ChatterBot Zulu reevaluating
ChatterBot Echo reevaluating
ChatterBot Alpha reevaluating
ChatterBot Whiskey reevaluating
ChatterBot Bravo reevaluating
ChatterBot Zulu reevaluating
ChatterBot Echo reevaluating
ChatterBot Alpha reevaluating
ChatterBot Whiskey reevaluating
ChatterBot Uniform reevaluating
2024-10-14 23:05:53.523873 Foxtrot: Mike and Juliett we want you to join our group
ChatterBot Mike reevaluating
ChatterBot Juliett reevaluating
2024-10-14 23:05:53.539197 Mike: No
2024-10-14 23:05:53.539749 Juliett: No
ChatterBot Echo reevaluating
ChatterBot Alpha reevaluating
ChatterBot Whiskey reevaluating
ChatterBot Uniform reevaluating
ChatterBot Bravo reevaluating
ChatterBot Juliett reevaluating
ChatterBot Echo reevaluating
ChatterBot Alpha reevaluating
ChatterBot Whiskey reevaluating
ChatterBot Uniform reevaluating
ChatterBot Mike reevaluating
ChatterBot Bravo reevaluating
2024-10-14 23:05:53.625504 Whiskey: We should add Romeo
ChatterBot Juliett reevaluating
ChatterBot Mike reevaluating
ChatterBot Echo reevaluating
ChatterBot Bravo reevaluating
2024-10-14 23:05:53.673940 Juliett: No
2024-10-14 23:05:53.674181 Mike: No
2024-10-14 23:05:53.675080 Echo: No
2024-10-14 23:05:53.675263 Alpha: No
2024-10-14 23:05:53.675440 Uniform: No
2024-10-14 23:05:53.675625 Bravo: No
ChatterBot Mike reevaluating
ChatterBot Echo reevaluating
ChatterBot Whiskey reevaluating
ChatterBot Bravo reevaluating
ChatterBot Juliett reevaluating
ChatterBot Echo reevaluating
ChatterBot Whiskey reevaluating
ChatterBot Bravo reevaluating
ChatterBot Juliett reevaluating
ChatterBot Mike reevaluating
ChatterBot Whiskey reevaluating
ChatterBot Bravo reevaluating
ChatterBot Juliett reevaluating
ChatterBot Mike reevaluating
ChatterBot Echo reevaluating
ChatterBot Whiskey reevaluating
ChatterBot Bravo reevaluating
ChatterBot Juliett reevaluating
ChatterBot Mike reevaluating
ChatterBot Echo reevaluating
ChatterBot Whiskey reevaluating
ChatterBot Bravo reevaluating
ChatterBot Juliett reevaluating
ChatterBot Mike reevaluating
ChatterBot Echo reevaluating
ChatterBot Whiskey reevaluating
ChatterBot Uniform reevaluating
2024-10-14 23:05:53.878641 Romeo: Mike and Juliett we want you to join our group
ChatterBot Mike reevaluating
ChatterBot Juliett reevaluating
2024-10-14 23:05:53.885375 Mike: No
2024-10-14 23:05:53.885888 Juliett: No
ChatterBot Zulu reevaluating
ChatterBot Whiskey reevaluating
ChatterBot Bravo reevaluating
ChatterBot Juliett reevaluating
ChatterBot Zulu reevaluating
ChatterBot Whiskey reevaluating
ChatterBot Mike reevaluating
ChatterBot Bravo reevaluating
2024-10-14 23:05:53.939003 Echo: Juliett we want you to join our group
2024-10-14 23:05:53.942559 Juliett: Yes
2024-10-14 23:05:53.962580 Uniform: Juliett we want you to join our group
2024-10-14 23:05:53.968625 Juliett: Yes
2024-10-14 23:05:53.987939 Alpha: Echo and Bravo, sending you 4
2024-10-14 23:05:53.988691 Foxtrot: Echo and Whiskey, sending you 2
2024-10-14 23:05:53.989143 Bravo: Echo, Alpha, Mike and Juliett, sending you 3
2024-10-14 23:05:53.989673 Romeo: Alpha, Whiskey, Uniform, Mike, Bravo and Juliett, sending you 2
2024-10-14 23:05:53.990734 Whiskey: Echo and Mike, sending you 3
2024-10-14 23:05:53.991365 Mike: Echo, Alpha and Bravo, sending you 3
2024-10-14 23:05:53.991973 Foxtrot: Uniform, sending you 4
2024-10-14 23:05:53.992862 Alpha: Whiskey, Uniform, Mike and Juliett, sending you 2
2024-10-14 23:05:53.993406 Bravo: Whiskey, sending you 2
chatterbot Alpha submitting transactions
2024-10-14 23:05:53.994852 Romeo: Zulu, sending you 5
2024-10-14 23:05:53.996026 Whiskey: Alpha, Uniform, Bravo and Juliett, sending you 2
2024-10-14 23:05:53.996533 Mike: Whiskey and Uniform, sending you 2
2024-10-14 23:05:53.997026 Foxtrot: Mike and Bravo, sending you 3
2024-10-14 23:05:53.998018 Echo: Alpha, sending you 4
2024-10-14 23:05:53.998707 Bravo: Uniform, sending you 5
2024-10-14 23:05:53.999683 Zulu: Echo, Alpha, Whiskey, Uniform and Mike, sending you 1
2024-10-14 23:05:54.000906 Uniform: Echo and Whiskey, sending you 3
2024-10-14 23:05:54.001681 Mike: Juliett, sending you 4
2024-10-14 23:05:54.003035 Echo: Whiskey, Uniform and Bravo, sending you 3
2024-10-14 23:05:54.003758 Uniform: Alpha, Mike and Juliett, sending you 2
2024-10-14 23:05:54.004679 Zulu: Romeo, sending you 8
2024-10-14 23:05:54.007943 Juliett: Echo and Alpha, sending you 2
2024-10-14 23:05:54.008445 Uniform: Bravo, sending you 4
2024-10-14 23:05:54.008969 Echo: Mike and Juliett, sending you 2
2024-10-14 23:05:54.009464 Zulu: Juliett, sending you 2
2024-10-14 23:05:54.011665 Juliett: Whiskey, Mike and Bravo, sending you 3
2024-10-14 23:05:54.016658 Juliett: Uniform, sending you 1
chatterbot Zulu submitting transactions
chatterbot Uniform submitting transactions
chatterbot Foxtrot submitting transactions
chatterbot Echo submitting transactions
chatterbot Juliett submitting transactions
chatterbot Romeo submitting transactions
chatterbot Mike submitting transactions
chatterbot Bravo submitting transactions
chatterbot Whiskey submitting transactions
ChatterBot Echo round 4
ChatterBot Foxtrot round 4
ChatterBot Romeo round 4
ChatterBot Alpha round 4
ChatterBot Whiskey round 4
ChatterBot Zulu round 4
ChatterBot Uniform round 4
ChatterBot Mike round 4
ChatterBot Bravo round 4
ChatterBot Juliett round 4
2024-10-14 23:05:55.028712 Uniform: We should add Foxtrot
ChatterBot Bravo reevaluating
2024-10-14 23:05:55.056490 Juliett: No
2024-10-14 23:05:55.056703 Mike: No
2024-10-14 23:05:55.056878 Echo: No
2024-10-14 23:05:55.057044 Alpha: No
2024-10-14 23:05:55.057208 Whiskey: No
2024-10-14 23:05:55.057374 Bravo: Yes
ChatterBot Uniform reevaluating
ChatterBot Bravo reevaluating
ChatterBot Uniform reevaluating
ChatterBot Bravo reevaluating
ChatterBot Uniform reevaluating
ChatterBot Bravo reevaluating
ChatterBot Uniform reevaluating
ChatterBot Bravo reevaluating
ChatterBot Uniform reevaluating
ChatterBot Bravo reevaluating
ChatterBot Uniform reevaluating
2024-10-14 23:05:55.237686 Uniform: Foxtrot we want you to join our group
ChatterBot Foxtrot reevaluating
2024-10-14 23:05:55.243630 Foxtrot: No
ChatterBot Uniform reevaluating
2024-10-14 23:05:55.276666 Echo: Alpha, sending you 4
2024-10-14 23:05:55.277352 Zulu: Echo, Alpha, Whiskey, Uniform, Mike and Juliett, sending you 1
2024-10-14 23:05:55.277802 Bravo: Echo, Mike and Juliett, sending you 3
2024-10-14 23:05:55.278617 Whiskey: Echo and Uniform, sending you 3
2024-10-14 23:05:55.279358 Mike: Echo, Alpha, Whiskey, Bravo and Juliett, sending you 3
2024-10-14 23:05:55.279857 Alpha: Echo and Bravo, sending you 4
2024-10-14 23:05:55.280329 Romeo: Echo, Uniform, Mike and Juliett, sending you 1
2024-10-14 23:05:55.280756 Echo: Whiskey, Uniform and Bravo, sending you 3
2024-10-14 23:05:55.282208 Zulu: Romeo, sending you 9
2024-10-14 23:05:55.282686 Bravo: Alpha and Uniform, sending you 4
2024-10-14 23:05:55.283266 Mike: Uniform, sending you 2
2024-10-14 23:05:55.283931 Whiskey: Alpha, Mike, Bravo and Juliett, sending you 2
2024-10-14 23:05:55.284554 Romeo: Alpha, Whiskey and Bravo, sending you 2
2024-10-14 23:05:55.285464 Alpha: Whiskey, Uniform, Mike and Juliett, sending you 2
2024-10-14 23:05:55.286707 Echo: Mike and Juliett, sending you 2
2024-10-14 23:05:55.288114 Juliett: Echo, Alpha, Whiskey and Uniform, sending you 2
2024-10-14 23:05:55.288926 Bravo: Whiskey, sending you 2
2024-10-14 23:05:55.289851 Romeo: Zulu, sending you 7
2024-10-14 23:05:55.293836 Juliett: Mike and Bravo, sending you 3
2024-10-14 23:05:55.311668 Uniform: Echo and Foxtrot, sending you 3
2024-10-14 23:05:55.316682 Uniform: Alpha, Whiskey and Mike, sending you 2
2024-10-14 23:05:55.319667 Uniform: Bravo, sending you 4
chatterbot Romeo submitting transactions
chatterbot Whiskey submitting transactions
chatterbot Juliett submitting transactions
chatterbot Echo submitting transactions
chatterbot Mike submitting transactions
chatterbot Alpha submitting transactions
chatterbot Uniform submitting transactions
chatterbot Foxtrot submitting transactions
chatterbot Zulu submitting transactions
chatterbot Bravo submitting transactions
ChatterBot Echo round 5
ChatterBot Foxtrot round 5
ChatterBot Romeo round 5
ChatterBot Alpha round 5
ChatterBot Whiskey round 5
ChatterBot Zulu round 5
ChatterBot Uniform round 5
ChatterBot Mike round 5
ChatterBot Bravo round 5
ChatterBot Juliett round 5
2024-10-14 23:05:56.522435 Uniform: We should drop Foxtrot
2024-10-14 23:05:56.537759 Juliett: Yes
2024-10-14 23:05:56.537933 Mike: Yes
2024-10-14 23:05:56.538084 Echo: Yes
2024-10-14 23:05:56.538224 Alpha: Yes
2024-10-14 23:05:56.538339 Whiskey: Yes
2024-10-14 23:05:56.538953 Bravo: Yes
2024-10-14 23:05:56.633677 Romeo: Echo, Uniform, Mike and Juliett, sending you 1
2024-10-14 23:05:56.635354 Echo: Alpha, sending you 4
2024-10-14 23:05:56.636460 Zulu: Echo, Alpha, Whiskey, Uniform, Bravo and Juliett, sending you 1
2024-10-14 23:05:56.637672 Romeo: Alpha, Whiskey and Bravo, sending you 2
2024-10-14 23:05:56.638673 Echo: Whiskey, Uniform, Mike and Bravo, sending you 3
2024-10-14 23:05:56.640961 Whiskey: Echo, sending you 4
2024-10-14 23:05:56.641690 Zulu: Romeo, sending you 9
2024-10-14 23:05:56.642609 Romeo: Zulu, sending you 7
2024-10-14 23:05:56.643754 Echo: Juliett, sending you 1
2024-10-14 23:05:56.644696 Whiskey: Alpha, Uniform, Mike, Bravo and Juliett, sending you 2
2024-10-14 23:05:56.646733 Mike: Echo, Alpha, Whiskey, Bravo and Juliett, sending you 3
2024-10-14 23:05:56.647710 Bravo: Echo, Mike and Juliett, sending you 3
2024-10-14 23:05:56.649320 Alpha: Echo and Bravo, sending you 4
2024-10-14 23:05:56.650133 Uniform: Echo and Whiskey, sending you 3
2024-10-14 23:05:56.652770 Mike: Uniform, sending you 2
2024-10-14 23:05:56.653498 Bravo: Alpha and Uniform, sending you 4
2024-10-14 23:05:56.654205 Alpha: Whiskey and Uniform, sending you 2
2024-10-14 23:05:56.655714 Uniform: Alpha, Mike and Juliett, sending you 2
2024-10-14 23:05:56.656678 Bravo: Whiskey, sending you 2
2024-10-14 23:05:56.658674 Alpha: Mike, sending you 3
2024-10-14 23:05:56.659449 Juliett: Echo, Alpha, Whiskey and Uniform, sending you 2
2024-10-14 23:05:56.660601 Uniform: Bravo, sending you 4
2024-10-14 23:05:56.662995 Juliett: Mike and Bravo, sending you 3
2024-10-14 23:05:56.663781 Alpha: Juliett, sending you 1
chatterbot Uniform submitting transactions
chatterbot Foxtrot submitting transactions
chatterbot Romeo submitting transactions
chatterbot Whiskey submitting transactions
chatterbot Mike submitting transactions
chatterbot Alpha submitting transactions
chatterbot Juliett submitting transactions
chatterbot Echo submitting transactions
chatterbot Zulu submitting transactions
chatterbot Bravo submitting transactions
ChatterBot Echo round 6
ChatterBot Foxtrot round 6
ChatterBot Romeo round 6
ChatterBot Alpha round 6
ChatterBot Whiskey round 6
ChatterBot Zulu round 6
ChatterBot Uniform round 6
ChatterBot Mike round 6
ChatterBot Bravo round 6
ChatterBot Juliett round 6
2024-10-14 23:05:57.592707 Alpha: Echo and Bravo, sending you 4
2024-10-14 23:05:57.596704 Alpha: Whiskey and Uniform, sending you 2
2024-10-14 23:05:57.598751 Echo: Alpha, sending you 4
2024-10-14 23:05:57.600713 Bravo: Echo, Mike and Juliett, sending you 3
2024-10-14 23:05:57.601917 Zulu: Echo, Alpha, Whiskey, Uniform, Bravo and Juliett, sending you 1
2024-10-14 23:05:57.603721 Alpha: Mike, sending you 3
2024-10-14 23:05:57.605757 Echo: Whiskey, Uniform, Mike and Bravo, sending you 3
2024-10-14 23:05:57.607254 Bravo: Alpha and Uniform, sending you 4
2024-10-14 23:05:57.609288 Romeo: Echo, Uniform, Mike and Juliett, sending you 1
2024-10-14 23:05:57.610421 Juliett: Echo, Alpha, Whiskey and Uniform, sending you 2
2024-10-14 23:05:57.612139 Zulu: Romeo, sending you 9
2024-10-14 23:05:57.613228 Whiskey: Echo and Uniform, sending you 3
2024-10-14 23:05:57.615220 Mike: Echo, Alpha, Whiskey, Bravo and Juliett, sending you 3
2024-10-14 23:05:57.617094 Uniform: Echo and Whiskey, sending you 3
2024-10-14 23:05:57.618336 Alpha: Juliett, sending you 1
2024-10-14 23:05:57.620223 Echo: Juliett, sending you 1
2024-10-14 23:05:57.621711 Bravo: Whiskey, sending you 2
2024-10-14 23:05:57.623775 Romeo: Alpha, Whiskey and Bravo, sending you 2
2024-10-14 23:05:57.624980 Juliett: Mike and Bravo, sending you 3
2024-10-14 23:05:57.626802 Whiskey: Alpha, Mike, Bravo and Juliett, sending you 2
2024-10-14 23:05:57.627708 Mike: Uniform, sending you 2
2024-10-14 23:05:57.629877 Uniform: Alpha, Mike and Juliett, sending you 2
2024-10-14 23:05:57.631080 Romeo: Zulu, sending you 7
2024-10-14 23:05:57.633702 Uniform: Bravo, sending you 4
chatterbot Bravo submitting transactions
chatterbot Juliett submitting transactions
chatterbot Zulu submitting transactions
chatterbot Whiskey submitting transactions
chatterbot Alpha submitting transactions
chatterbot Foxtrot submitting transactions
chatterbot Echo submitting transactions
chatterbot Mike submitting transactions
chatterbot Romeo submitting transactions
chatterbot Uniform submitting transactions
ChatterBot Echo round 7
ChatterBot Foxtrot round 7
ChatterBot Romeo round 7
ChatterBot Alpha round 7
ChatterBot Whiskey round 7
ChatterBot Zulu round 7
ChatterBot Uniform round 7
ChatterBot Mike round 7
ChatterBot Bravo round 7
ChatterBot Juliett round 7
2024-10-14 23:05:58.871683 Echo: Alpha, sending you 4
2024-10-14 23:05:58.873663 Whiskey: Echo, Uniform and Mike, sending you 3
2024-10-14 23:05:58.877688 Echo: Whiskey, Uniform, Mike and Bravo, sending you 3
2024-10-14 23:05:58.879313 Whiskey: Alpha and Bravo, sending you 2
2024-10-14 23:05:58.880350 Zulu: Echo, Alpha, Whiskey, Mike, Bravo and Juliett, sending you 1
2024-10-14 23:05:58.881090 Bravo: Echo, Mike and Juliett, sending you 3
2024-10-14 23:05:58.882511 Romeo: Echo, Uniform, Mike and Juliett, sending you 1
2024-10-14 23:05:58.883179 Echo: Juliett, sending you 1
2024-10-14 23:05:58.884769 Whiskey: Juliett, sending you 1
2024-10-14 23:05:58.885925 Zulu: Romeo, sending you 9
2024-10-14 23:05:58.886454 Juliett: Echo, Alpha, Whiskey and Uniform, sending you 2
2024-10-14 23:05:58.887656 Uniform: Echo and Whiskey, sending you 3
2024-10-14 23:05:58.888303 Alpha: Echo and Bravo, sending you 4
2024-10-14 23:05:58.888980 Bravo: Alpha and Uniform, sending you 4
2024-10-14 23:05:58.890072 Romeo: Alpha, Whiskey and Bravo, sending you 2
2024-10-14 23:05:58.890671 Mike: Echo, Alpha, Whiskey, Bravo and Juliett, sending you 3
2024-10-14 23:05:58.891343 Uniform: Alpha, Mike and Juliett, sending you 2
2024-10-14 23:05:58.892464 Juliett: Mike and Bravo, sending you 3
2024-10-14 23:05:58.893527 Alpha: Whiskey and Uniform, sending you 2
2024-10-14 23:05:58.894809 Bravo: Whiskey, sending you 2
2024-10-14 23:05:58.895741 Mike: Uniform, sending you 2
2024-10-14 23:05:58.896659 Romeo: Zulu, sending you 7
2024-10-14 23:05:58.897639 Uniform: Bravo, sending you 4
2024-10-14 23:05:58.898591 Alpha: Mike, sending you 3
2024-10-14 23:05:58.903664 Alpha: Juliett, sending you 1
chatterbot Alpha submitting transactions
chatterbot Juliett submitting transactions
chatterbot Bravo submitting transactions
chatterbot Foxtrot submitting transactions
chatterbot Whiskey submitting transactions
chatterbot Zulu submitting transactions
chatterbot Mike submitting transactions
chatterbot Echo submitting transactions
chatterbot Romeo submitting transactions
chatterbot Uniform submitting transactions
ChatterBot Echo round 8
ChatterBot Foxtrot round 8
ChatterBot Romeo round 8
ChatterBot Alpha round 8
ChatterBot Whiskey round 8
ChatterBot Zulu round 8
ChatterBot Uniform round 8
ChatterBot Mike round 8
ChatterBot Bravo round 8
ChatterBot Juliett round 8
2024-10-14 23:06:00.139799 Echo: We should drop Juliett
2024-10-14 23:06:00.155654 Alpha: No
2024-10-14 23:06:00.155877 Whiskey: No
2024-10-14 23:06:00.156017 Uniform: No
2024-10-14 23:06:00.156147 Bravo: No
2024-10-14 23:06:00.156273 Mike: No
ChatterBot Echo reevaluating
ChatterBot Echo reevaluating
ChatterBot Echo reevaluating
ChatterBot Echo reevaluating
ChatterBot Echo reevaluating
2024-10-14 23:06:00.238669 Romeo: Echo, Alpha, Whiskey, Uniform, Mike and Juliett, sending you 1
2024-10-14 23:06:00.242675 Bravo: Echo, Mike and Juliett, sending you 3
2024-10-14 23:06:00.244330 Romeo: Zulu, sending you 8
2024-10-14 23:06:00.246872 Alpha: Echo and Bravo, sending you 4
2024-10-14 23:06:00.248415 Bravo: Alpha and Uniform, sending you 4
2024-10-14 23:06:00.249010 Juliett: Echo, Alpha, Whiskey and Uniform, sending you 2
2024-10-14 23:06:00.249702 Foxtrot: Sending you each 7
2024-10-14 23:06:00.249907 Romeo: Bravo, sending you 3
2024-10-14 23:06:00.251086 Alpha: Whiskey and Uniform, sending you 2
2024-10-14 23:06:00.252686 Bravo: Whiskey, sending you 2
2024-10-14 23:06:00.254065 Juliett: Mike and Bravo, sending you 3
2024-10-14 23:06:00.254904 Whiskey: Echo, Uniform and Mike, sending you 3
2024-10-14 23:06:00.255717 Uniform: Echo and Whiskey, sending you 3
2024-10-14 23:06:00.256986 Alpha: Mike, sending you 3
2024-10-14 23:06:00.258945 Mike: Echo, Alpha, Whiskey, Bravo and Juliett, sending you 3
2024-10-14 23:06:00.260462 Zulu: Echo, Alpha, Whiskey, Mike, Bravo and Juliett, sending you 1
2024-10-14 23:06:00.261800 Whiskey: Alpha and Bravo, sending you 2
2024-10-14 23:06:00.263216 Uniform: Alpha, Mike and Juliett, sending you 2
2024-10-14 23:06:00.264719 Alpha: Juliett, sending you 1
2024-10-14 23:06:00.265964 Mike: Uniform, sending you 2
2024-10-14 23:06:00.266863 Zulu: Romeo, sending you 9
2024-10-14 23:06:00.267764 Echo: Alpha, sending you 5
2024-10-14 23:06:00.268423 Whiskey: Juliett, sending you 1
2024-10-14 23:06:00.269859 Uniform: Bravo, sending you 4
2024-10-14 23:06:00.271667 Echo: Whiskey, Uniform, Mike and Bravo, sending you 3
chatterbot Alpha submitting transactions
chatterbot Echo submitting transactions
chatterbot Whiskey submitting transactions
chatterbot Bravo submitting transactions
chatterbot Zulu submitting transactions
chatterbot Romeo submitting transactions
chatterbot Mike submitting transactions
chatterbot Juliett submitting transactions
chatterbot Foxtrot submitting transactions
chatterbot Uniform submitting transactions
ChatterBot Echo round 9
ChatterBot Foxtrot round 9
ChatterBot Romeo round 9
ChatterBot Alpha round 9
ChatterBot Whiskey round 9
ChatterBot Zulu round 9
ChatterBot Uniform round 9
ChatterBot Mike round 9
ChatterBot Bravo round 9
ChatterBot Juliett round 9
2024-10-14 23:06:01.506914 Romeo: We should add Foxtrot
ChatterBot Zulu reevaluating
2024-10-14 23:06:01.528262 Zulu: Yes
2024-10-14 23:06:01.529032 Echo: No
2024-10-14 23:06:01.529167 Alpha: No
2024-10-14 23:06:01.529277 Whiskey: No
2024-10-14 23:06:01.529387 Uniform: No
2024-10-14 23:06:01.529497 Mike: No
2024-10-14 23:06:01.529622 Bravo: No
2024-10-14 23:06:01.529798 Juliett: No
ChatterBot Zulu reevaluating
ChatterBot Zulu reevaluating
ChatterBot Zulu reevaluating
ChatterBot Zulu reevaluating
ChatterBot Zulu reevaluating
ChatterBot Zulu reevaluating
ChatterBot Echo reevaluating
ChatterBot Zulu reevaluating
ChatterBot Echo reevaluating
2024-10-14 23:06:01.811756 Foxtrot: We should drop Romeo
ChatterBot Zulu reevaluating
2024-10-14 23:06:01.815625 Zulu: No
ChatterBot Foxtrot reevaluating
2024-10-14 23:06:01.822497 Romeo: Foxtrot we want you to join our group
ChatterBot Foxtrot reevaluating
2024-10-14 23:06:01.827224 Foxtrot: No
ChatterBot Zulu reevaluating
ChatterBot Echo reevaluating
2024-10-14 23:06:01.851470 Echo: We should add Juliett
2024-10-14 23:06:01.864907 Alpha: Yes
2024-10-14 23:06:01.865212 Whiskey: Yes
2024-10-14 23:06:01.865499 Uniform: Yes
2024-10-14 23:06:01.865732 Bravo: Yes
2024-10-14 23:06:01.865983 Mike: Yes
ChatterBot Echo reevaluating
ChatterBot Echo reevaluating
ChatterBot Echo reevaluating
ChatterBot Echo reevaluating
ChatterBot Echo reevaluating
2024-10-14 23:06:01.935677 Mike: Echo, Alpha, Whiskey, Bravo and Juliett, sending you 3
2024-10-14 23:06:01.942712 Mike: Uniform, sending you 2
2024-10-14 23:06:01.944959 Juliett: Echo, Alpha, Whiskey and Uniform, sending you 2
2024-10-14 23:06:01.946660 Foxtrot: Same as last round
2024-10-14 23:06:01.947135 Whiskey: Echo, Uniform and Mike, sending you 3
2024-10-14 23:06:01.948202 Romeo: Foxtrot, sending you 3
2024-10-14 23:06:01.950400 Uniform: Echo and Whiskey, sending you 3
2024-10-14 23:06:01.953162 Juliett: Mike and Bravo, sending you 3
2024-10-14 23:06:01.955526 Zulu: Foxtrot, sending you 5
2024-10-14 23:06:01.956020 Whiskey: Alpha and Bravo, sending you 2
2024-10-14 23:06:01.958063 Alpha: Echo and Bravo, sending you 4
2024-10-14 23:06:01.959225 Romeo: Alpha, Whiskey, Uniform, Mike, Bravo and Juliett, sending you 1
2024-10-14 23:06:01.961487 Bravo: Echo, Mike and Juliett, sending you 3
2024-10-14 23:06:01.977188 Uniform: Alpha, Mike and Juliett, sending you 2
2024-10-14 23:06:01.981813 Zulu: Romeo, sending you 10
2024-10-14 23:06:01.982420 Whiskey: Juliett, sending you 1
2024-10-14 23:06:01.985129 Alpha: Whiskey and Uniform, sending you 2
2024-10-14 23:06:01.988163 Echo: Alpha, sending you 5
2024-10-14 23:06:01.990204 Romeo: Zulu, sending you 8
2024-10-14 23:06:01.992724 Bravo: Alpha and Uniform, sending you 4
2024-10-14 23:06:01.996635 Uniform: Bravo, sending you 4
2024-10-14 23:06:01.999339 Alpha: Mike, sending you 3
2024-10-14 23:06:02.001013 Echo: Whiskey, Uniform, Mike and Bravo, sending you 3
2024-10-14 23:06:02.002892 Bravo: Whiskey, sending you 2
2024-10-14 23:06:02.005983 Alpha: Juliett, sending you 1
chatterbot Uniform submitting transactions
chatterbot Zulu submitting transactions
chatterbot Bravo submitting transactions
chatterbot Mike submitting transactions
chatterbot Juliett submitting transactions
chatterbot Foxtrot submitting transactions
chatterbot Echo submitting transactions
chatterbot Whiskey submitting transactions
chatterbot Romeo submitting transactions
chatterbot Alpha submitting transactions
ChatterBot Echo round 10
ChatterBot Foxtrot round 10
ChatterBot Romeo round 10
ChatterBot Alpha round 10
ChatterBot Whiskey round 10
ChatterBot Zulu round 10
ChatterBot Uniform round 10
ChatterBot Mike round 10
ChatterBot Bravo round 10
ChatterBot Juliett round 10
2024-10-14 23:06:02.840231 Echo: We should add Juliett
2024-10-14 23:06:02.851539 Alpha: Yes
2024-10-14 23:06:02.851787 Whiskey: Yes
2024-10-14 23:06:02.851963 Uniform: Yes
2024-10-14 23:06:02.852124 Bravo: Yes
2024-10-14 23:06:02.852281 Mike: Yes
ChatterBot Echo reevaluating
ChatterBot Echo reevaluating
ChatterBot Echo reevaluating
ChatterBot Echo reevaluating
ChatterBot Echo reevaluating
2024-10-14 23:06:02.918050 Romeo: We should drop Foxtrot and Zulu
ChatterBot Echo reevaluating
2024-10-14 23:06:02.931920 Echo: Yes
2024-10-14 23:06:02.932091 Alpha: Yes
2024-10-14 23:06:02.932196 Whiskey: Yes
2024-10-14 23:06:02.932294 Uniform: Yes
2024-10-14 23:06:02.932385 Mike: Yes
2024-10-14 23:06:02.932473 Bravo: Yes
2024-10-14 23:06:02.932560 Juliett: Yes
ChatterBot Romeo reevaluating
ChatterBot Romeo reevaluating
ChatterBot Echo reevaluating
ChatterBot Romeo reevaluating
ChatterBot Echo reevaluating
ChatterBot Romeo reevaluating
ChatterBot Echo reevaluating
ChatterBot Romeo reevaluating
ChatterBot Echo reevaluating
ChatterBot Romeo reevaluating
ChatterBot Echo reevaluating
ChatterBot Romeo reevaluating
ChatterBot Echo reevaluating
