ChatterBot Delta round 1
ChatterBot Yankee round 1
ChatterBot Zulu round 1
ChatterBot Alpha round 1
ChatterBot Charlie round 1
ChatterBot Bravo round 1
ChatterBot Golf round 1
ChatterBot Whiskey round 1
ChatterBot Mike round 1
ChatterBot Juliett round 1
randomSelections Yankee: {Yankee, Golf, Juliett, Whiskey, Delta, Zulu, Alpha} 
2024-10-14 23:05:46.169707 Yankee: Group up?
ChatterBot Golf reevaluating
ChatterBot Juliett reevaluating
ChatterBot Whiskey reevaluating
ChatterBot Delta reevaluating
ChatterBot Zulu reevaluating
ChatterBot Alpha reevaluating
2024-10-14 23:05:46.241397 Golf: Yes
2024-10-14 23:05:46.241625 Juliett: Yes
2024-10-14 23:05:46.241777 Whiskey: Yes
2024-10-14 23:05:46.242604 Delta: Yes
2024-10-14 23:05:46.242833 Zulu: Yes
2024-10-14 23:05:46.242998 Alpha: Yes
ChatterBot Juliett reevaluating
ChatterBot Whiskey reevaluating
ChatterBot Delta reevaluating
ChatterBot Zulu reevaluating
ChatterBot Alpha reevaluating
ChatterBot Golf reevaluating
ChatterBot Whiskey reevaluating
ChatterBot Delta reevaluating
ChatterBot Zulu reevaluating
ChatterBot Alpha reevaluating
ChatterBot Golf reevaluating
ChatterBot Juliett reevaluating
ChatterBot Delta reevaluating
ChatterBot Zulu reevaluating
ChatterBot Alpha reevaluating
ChatterBot Golf reevaluating
ChatterBot Juliett reevaluating
ChatterBot Whiskey reevaluating
ChatterBot Zulu reevaluating
ChatterBot Alpha reevaluating
ChatterBot Golf reevaluating
ChatterBot Juliett reevaluating
ChatterBot Whiskey reevaluating
ChatterBot Delta reevaluating
ChatterBot Alpha reevaluating
ChatterBot Golf reevaluating
ChatterBot Juliett reevaluating
ChatterBot Whiskey reevaluating
ChatterBot Delta reevaluating
ChatterBot Zulu reevaluating
randomSelections Charlie: {Charlie, Alpha, Golf, Whiskey, Yankee, Delta} 
2024-10-14 23:05:46.298645 Charlie: Friends?
ChatterBot Alpha reevaluating
ChatterBot Golf reevaluating
ChatterBot Whiskey reevaluating
ChatterBot Delta reevaluating
2024-10-14 23:05:46.305701 Alpha: No
2024-10-14 23:05:46.305908 Golf: No
2024-10-14 23:05:46.306083 Whiskey: No
2024-10-14 23:05:46.306230 Yankee: No
2024-10-14 23:05:46.306338 Delta: No
ChatterBot Golf reevaluating
ChatterBot Whiskey reevaluating
ChatterBot Delta reevaluating
ChatterBot Alpha reevaluating
ChatterBot Whiskey reevaluating
ChatterBot Delta reevaluating
ChatterBot Alpha reevaluating
ChatterBot Golf reevaluating
ChatterBot Delta reevaluating
ChatterBot Alpha reevaluating
ChatterBot Golf reevaluating
ChatterBot Whiskey reevaluating
ChatterBot Delta reevaluating
ChatterBot Alpha reevaluating
ChatterBot Golf reevaluating
ChatterBot Whiskey reevaluating
randomSelections Bravo: {Bravo, Mike, Juliett, Charlie, Golf, Whiskey} 
2024-10-14 23:05:46.350234 Bravo: We should group up
ChatterBot Mike reevaluating
ChatterBot Juliett reevaluating
ChatterBot Golf reevaluating
ChatterBot Whiskey reevaluating
2024-10-14 23:05:46.357565 Mike: Yes
2024-10-14 23:05:46.357699 Juliett: No
2024-10-14 23:05:46.357847 Charlie: No
2024-10-14 23:05:46.358435 Golf: No
2024-10-14 23:05:46.358579 Whiskey: No
ChatterBot Juliett reevaluating
ChatterBot Golf reevaluating
ChatterBot Whiskey reevaluating
ChatterBot Mike reevaluating
ChatterBot Golf reevaluating
ChatterBot Whiskey reevaluating
ChatterBot Mike reevaluating
ChatterBot Juliett reevaluating
ChatterBot Golf reevaluating
ChatterBot Whiskey reevaluating
ChatterBot Mike reevaluating
ChatterBot Juliett reevaluating
ChatterBot Whiskey reevaluating
ChatterBot Mike reevaluating
ChatterBot Juliett reevaluating
ChatterBot Golf reevaluating
2024-10-14 23:05:46.427039 Alpha: Delta, Golf and Juliett, sending you 1
2024-10-14 23:05:46.428711 Charlie: Yankee, sending you 4
2024-10-14 23:05:46.429187 Whiskey: Delta and Juliett, sending you 1
2024-10-14 23:05:46.429942 Yankee: Delta, sending you 5
2024-10-14 23:05:46.431100 Delta: Yankee, sending you 2
2024-10-14 23:05:46.434256 Alpha: Yankee and Whiskey, sending you 2
2024-10-14 23:05:46.434746 Charlie: Alpha and Golf, sending you 5
2024-10-14 23:05:46.435111 Whiskey: Yankee, Zulu and Alpha, sending you 3
2024-10-14 23:05:46.436268 Golf: Delta, Zulu, Alpha and Juliett, sending you 2
2024-10-14 23:05:46.436846 Delta: Zulu and Juliett, sending you 4
2024-10-14 23:05:46.437949 Yankee: Zulu, sending you 3
2024-10-14 23:05:46.438402 Zulu: Delta, Alpha and Juliett, sending you 1
2024-10-14 23:05:46.439601 Juliett: Delta and Whiskey, sending you 2
2024-10-14 23:05:46.440331 Charlie: Whiskey, sending you 2
2024-10-14 23:05:46.441448 Whiskey: Golf, sending you 6
2024-10-14 23:05:46.442201 Golf: Yankee and Whiskey, sending you 1
2024-10-14 23:05:46.443536 Delta: Alpha, sending you 1
2024-10-14 23:05:46.444158 Yankee: Alpha and Whiskey, sending you 1
2024-10-14 23:05:46.449539 Zulu: Yankee, sending you 5
2024-10-14 23:05:46.456375 Juliett: Yankee and Zulu, sending you 5
2024-10-14 23:05:46.458483 Delta: Golf and Whiskey, sending you 3
2024-10-14 23:05:46.461425 Yankee: Golf and Juliett, sending you 2
2024-10-14 23:05:46.464197 Zulu: Golf and Whiskey, sending you 3
2024-10-14 23:05:46.465076 Juliett: Alpha, sending you 1
chatterbot Charlie submitting transactions
chatterbot Zulu submitting transactions
chatterbot Alpha submitting transactions
chatterbot Golf submitting transactions
chatterbot Whiskey submitting transactions
chatterbot Delta submitting transactions
chatterbot Yankee submitting transactions
chatterbot Bravo submitting transactions
chatterbot Juliett submitting transactions
chatterbot Mike submitting transactions
ChatterBot Delta round 2
ChatterBot Yankee round 2
ChatterBot Zulu round 2
ChatterBot Alpha round 2
ChatterBot Charlie round 2
ChatterBot Bravo round 2
2024-10-14 23:05:47.577953 Yankee: We should add Charlie
ChatterBot Golf reevaluating
ChatterBot Juliett reevaluating
ChatterBot Whiskey reevaluating
ChatterBot Delta reevaluating
ChatterBot Zulu reevaluating
ChatterBot Alpha reevaluating
2024-10-14 23:05:47.621637 Golf: Yes
2024-10-14 23:05:47.621835 Juliett: No
2024-10-14 23:05:47.621946 Whiskey: No
2024-10-14 23:05:47.622046 Delta: No
2024-10-14 23:05:47.622142 Zulu: No
2024-10-14 23:05:47.622262 Alpha: Yes
ChatterBot Juliett reevaluating
ChatterBot Whiskey reevaluating
ChatterBot Delta reevaluating
ChatterBot Zulu reevaluating
ChatterBot Alpha reevaluating
ChatterBot Golf reevaluating
ChatterBot Whiskey reevaluating
ChatterBot Delta reevaluating
ChatterBot Zulu reevaluating
ChatterBot Alpha reevaluating
ChatterBot Golf reevaluating
ChatterBot Juliett reevaluating
ChatterBot Delta reevaluating
ChatterBot Zulu reevaluating
ChatterBot Alpha reevaluating
ChatterBot Golf reevaluating
ChatterBot Juliett reevaluating
ChatterBot Whiskey reevaluating
ChatterBot Zulu reevaluating
ChatterBot Alpha reevaluating
ChatterBot Golf reevaluating
ChatterBot Juliett reevaluating
ChatterBot Whiskey reevaluating
ChatterBot Delta reevaluating
ChatterBot Alpha reevaluating
ChatterBot Golf reevaluating
ChatterBot Juliett reevaluating
ChatterBot Whiskey reevaluating
ChatterBot Delta reevaluating
ChatterBot Zulu reevaluating
ChatterBot Golf round 2
ChatterBot Whiskey round 2
ChatterBot Mike round 2
ChatterBot Juliett round 2
2024-10-14 23:05:48.070977 Bravo: We should group up
ChatterBot Mike reevaluating
2024-10-14 23:05:48.076259 Mike: Yes
2024-10-14 23:05:48.081923 Mike: Friends?
2024-10-14 23:05:48.089610 Bravo: Yes
ChatterBot Mike reevaluating
2024-10-14 23:05:48.115258 Charlie: We should add Zulu and Juliett
ChatterBot Alpha reevaluating
ChatterBot Golf reevaluating
ChatterBot Whiskey reevaluating
ChatterBot Delta reevaluating
2024-10-14 23:05:48.155408 Alpha: Yes
2024-10-14 23:05:48.155672 Golf: Yes
2024-10-14 23:05:48.155816 Whiskey: Yes
2024-10-14 23:05:48.155969 Yankee: Yes
2024-10-14 23:05:48.156172 Delta: Yes
ChatterBot Golf reevaluating
ChatterBot Whiskey reevaluating
ChatterBot Delta reevaluating
ChatterBot Alpha reevaluating
ChatterBot Whiskey reevaluating
ChatterBot Delta reevaluating
ChatterBot Alpha reevaluating
ChatterBot Golf reevaluating
ChatterBot Delta reevaluating
ChatterBot Alpha reevaluating
ChatterBot Golf reevaluating
ChatterBot Whiskey reevaluating
ChatterBot Delta reevaluating
ChatterBot Alpha reevaluating
ChatterBot Golf reevaluating
ChatterBot Whiskey reevaluating
2024-10-14 23:05:48.352066 Yankee: Charlie we want you to join our group
2024-10-14 23:05:48.359220 Charlie: Yes
ChatterBot Delta reevaluating
ChatterBot Zulu reevaluating
ChatterBot Alpha reevaluating
ChatterBot Golf reevaluating
ChatterBot Whiskey reevaluating
ChatterBot Juliett reevaluating
2024-10-14 23:05:48.469064 Charlie: Zulu and Juliett we want you to join our group
2024-10-14 23:05:48.584250 Zulu: No
2024-10-14 23:05:48.585847 Juliett: No
ChatterBot Golf reevaluating
ChatterBot Golf reevaluating
2024-10-14 23:05:48.664450 Golf: We should add Charlie
ChatterBot Delta reevaluating
2024-10-14 23:05:48.691553 Yankee: Yes
2024-10-14 23:05:48.692298 Juliett: No
2024-10-14 23:05:48.692502 Whiskey: No
2024-10-14 23:05:48.692692 Delta: Yes
2024-10-14 23:05:48.693076 Zulu: No
2024-10-14 23:05:48.693918 Alpha: Yes
ChatterBot Golf reevaluating
ChatterBot Delta reevaluating
ChatterBot Golf reevaluating
ChatterBot Delta reevaluating
ChatterBot Golf reevaluating
ChatterBot Delta reevaluating
ChatterBot Golf reevaluating
ChatterBot Golf reevaluating
ChatterBot Delta reevaluating
ChatterBot Golf reevaluating
ChatterBot Delta reevaluating
2024-10-14 23:05:48.858833 Alpha: Charlie we want you to join our group
2024-10-14 23:05:48.863400 Charlie: Yes
ChatterBot Delta reevaluating
ChatterBot Golf reevaluating
ChatterBot Juliett reevaluating
chatterbot Bravo submitting transactions
chatterbot Yankee submitting transactions
chatterbot Charlie submitting transactions
2024-10-14 23:05:49.016020 Yankee: Sending you each 2
2024-10-14 23:05:49.016939 Bravo: Sending you 8
2024-10-14 23:05:49.017231 Golf: Charlie we want you to join our group
2024-10-14 23:05:49.021735 Charlie: Yes
ChatterBot Juliett reevaluating
2024-10-14 23:05:49.051537 Whiskey: Delta and Zulu, sending you 4
2024-10-14 23:05:49.051955 Mike: Sending you 7
2024-10-14 23:05:49.347154 Charlie: Delta and Yankee, sending you 3
2024-10-14 23:05:49.347700 Alpha: Delta, Yankee, Zulu and Golf, sending you 2
2024-10-14 23:05:49.348664 Zulu: Delta, Yankee and Whiskey, sending you 3
2024-10-14 23:05:49.349158 Whiskey: Yankee, sending you 2
2024-10-14 23:05:49.350119 Delta: Yankee, sending you 6
2024-10-14 23:05:49.606631 Charlie: Zulu, Alpha, Golf, Whiskey and Juliett, sending you 2
2024-10-14 23:05:49.610948 Zulu: Alpha, sending you 1
2024-10-14 23:05:49.611541 Delta: Zulu and Alpha, sending you 2
2024-10-14 23:05:49.612087 Alpha: Charlie, sending you 5
2024-10-14 23:05:49.613794 Whiskey: Alpha and Juliett, sending you 3
2024-10-14 23:05:49.614282 Golf: Delta, Zulu, Alpha, Charlie, Whiskey and Juliett, sending you 1
chatterbot Alpha submitting transactions
chatterbot Golf submitting transactions
chatterbot Whiskey submitting transactions
chatterbot Zulu submitting transactions
chatterbot Mike submitting transactions
2024-10-14 23:05:49.616998 Zulu: Golf, sending you 2
2024-10-14 23:05:49.617508 Delta: Golf and Juliett, sending you 3
2024-10-14 23:05:49.621513 Alpha: Whiskey, sending you 3
2024-10-14 23:05:49.621894 Whiskey: Golf, sending you 1
2024-10-14 23:05:49.623926 Golf: Yankee, sending you 2
2024-10-14 23:05:49.624320 Juliett: Delta, sending you 5
2024-10-14 23:05:49.624878 Zulu: Juliett, sending you 4
2024-10-14 23:05:49.626882 Delta: Whiskey, sending you 1
2024-10-14 23:05:49.627417 Alpha: Juliett, sending you 1
2024-10-14 23:05:49.632617 Juliett: Yankee and Golf, sending you 3
2024-10-14 23:05:49.904207 Juliett: Zulu, Alpha and Whiskey, sending you 2
chatterbot Juliett submitting transactions
chatterbot Delta submitting transactions
ChatterBot Delta round 3
ChatterBot Yankee round 3
ChatterBot Zulu round 3
ChatterBot Alpha round 3
2024-10-14 23:05:50.525490 Delta: We should add Charlie
ChatterBot Juliett reevaluating
ChatterBot Zulu reevaluating
2024-10-14 23:05:50.664728 Yankee: Yes
2024-10-14 23:05:50.665649 Golf: Yes
2024-10-14 23:05:50.666095 Juliett: Yes
2024-10-14 23:05:50.666929 Whiskey: No
2024-10-14 23:05:50.667257 Zulu: Yes
2024-10-14 23:05:50.667823 Alpha: Yes
ChatterBot Juliett reevaluating
ChatterBot Zulu reevaluating
ChatterBot Juliett reevaluating
ChatterBot Zulu reevaluating
ChatterBot Zulu reevaluating
ChatterBot Juliett reevaluating
ChatterBot Zulu reevaluating
ChatterBot Juliett reevaluating
ChatterBot Juliett reevaluating
ChatterBot Zulu reevaluating
ChatterBot Charlie round 3
ChatterBot Bravo round 3
ChatterBot Golf round 3
ChatterBot Whiskey round 3
ChatterBot Mike round 3
ChatterBot Juliett round 3
2024-10-14 23:05:50.911606 Delta: Charlie we want you to join our group
2024-10-14 23:05:50.915253 Charlie: Yes
ChatterBot Zulu reevaluating
ChatterBot Whiskey reevaluating
ChatterBot Juliett reevaluating
2024-10-14 23:05:50.939243 Whiskey: We should replace Golf with Charlie
2024-10-14 23:05:50.939528 Juliett: We should add Charlie
ChatterBot Zulu reevaluating
ChatterBot Juliett reevaluating
ChatterBot Whiskey reevaluating
2024-10-14 23:05:50.975274 Delta: No
2024-10-14 23:05:50.980796 Yankee: No
2024-10-14 23:05:50.986335 Zulu: No
ChatterBot Zulu reevaluating
2024-10-14 23:05:50.992776 Alpha: No
2024-10-14 23:05:50.998412 Juliett: No
2024-10-14 23:05:50.998646 Golf: Yes
2024-10-14 23:05:50.998849 Whiskey: Yes
2024-10-14 23:05:50.999495 Delta: Yes
2024-10-14 23:05:50.999662 Yankee: Yes
2024-10-14 23:05:50.999819 Zulu: Yes
2024-10-14 23:05:50.999981 Alpha: Yes
ChatterBot Whiskey reevaluating
ChatterBot Zulu reevaluating
ChatterBot Juliett reevaluating
ChatterBot Whiskey reevaluating
ChatterBot Zulu reevaluating
ChatterBot Juliett reevaluating
ChatterBot Whiskey reevaluating
ChatterBot Juliett reevaluating
ChatterBot Whiskey reevaluating
ChatterBot Zulu reevaluating
ChatterBot Juliett reevaluating
ChatterBot Whiskey reevaluating
ChatterBot Zulu reevaluating
ChatterBot Whiskey reevaluating
ChatterBot Zulu reevaluating
ChatterBot Juliett reevaluating
ChatterBot Zulu reevaluating
ChatterBot Juliett reevaluating
ChatterBot Whiskey reevaluating
ChatterBot Zulu reevaluating
ChatterBot Juliett reevaluating
ChatterBot Whiskey reevaluating
ChatterBot Zulu reevaluating
ChatterBot Juliett reevaluating
ChatterBot Whiskey reevaluating
ChatterBot Juliett reevaluating
ChatterBot Whiskey reevaluating
ChatterBot Zulu reevaluating
ChatterBot Juliett reevaluating
2024-10-14 23:05:51.291272 Mike: We should add Juliett
2024-10-14 23:05:51.294505 Bravo: No
ChatterBot Mike reevaluating
2024-10-14 23:05:51.306694 Bravo: We should add Charlie
ChatterBot Mike reevaluating
2024-10-14 23:05:51.310821 Mike: Yes
2024-10-14 23:05:51.314490 Zulu: Charlie we want you to join our group
2024-10-14 23:05:51.318543 Charlie: Yes
ChatterBot Whiskey reevaluating
2024-10-14 23:05:51.339413 Juliett: Charlie we want you to join our group
2024-10-14 23:05:51.343348 Charlie: Yes
ChatterBot Whiskey reevaluating
2024-10-14 23:05:51.365437 Bravo: Charlie we want you to join our group
2024-10-14 23:05:51.369026 Charlie: No
ChatterBot Mike reevaluating
2024-10-14 23:05:51.376653 Whiskey: Charlie we want you to join our group
2024-10-14 23:05:51.380136 Charlie: Yes
2024-10-14 23:05:51.397920 Golf: Delta, Zulu, Alpha, Charlie, Whiskey and Juliett, sending you 1
2024-10-14 23:05:51.398375 Charlie: Delta, Zulu, Whiskey and Juliett, sending you 1
2024-10-14 23:05:51.399269 Yankee: Same as last round
2024-10-14 23:05:51.399603 Alpha: Delta, Yankee, Zulu, Golf and Juliett, sending you 2
2024-10-14 23:05:51.400649 Delta: Yankee, Whiskey and Juliett, sending you 3
chatterbot Yankee submitting transactions
2024-10-14 23:05:51.480272 Golf: Yankee, sending you 2
2024-10-14 23:05:51.481087 Alpha: Charlie, sending you 3
2024-10-14 23:05:51.483130 Charlie: Yankee, sending you 3
2024-10-14 23:05:51.483859 Juliett: Delta, sending you 4
2024-10-14 23:05:51.488037 Delta: Zulu, Alpha, Charlie and Golf, sending you 2
2024-10-14 23:05:51.488826 Zulu: Delta, Yankee, Whiskey and Juliett, sending you 3
2024-10-14 23:05:51.491779 Alpha: Whiskey, sending you 4
2024-10-14 23:05:51.492440 Charlie: Alpha, sending you 7
2024-10-14 23:05:51.493162 Juliett: Yankee, Zulu and Whiskey, sending you 3
2024-10-14 23:05:51.495898 Bravo: Charlie, sending you 2
2024-10-14 23:05:51.496298 Zulu: Alpha and Golf, sending you 2
2024-10-14 23:05:51.500955 Whiskey: Delta, Yankee, Alpha and Juliett, sending you 3
2024-10-14 23:05:51.501606 Mike: Charlie, sending you 2
2024-10-14 23:05:51.501985 Charlie: Golf, sending you 2
2024-10-14 23:05:51.504997 Juliett: Alpha and Golf, sending you 2
2024-10-14 23:05:51.505743 Bravo: Mike, sending you 9
2024-10-14 23:05:51.506130 Whiskey: Zulu, sending you 4
2024-10-14 23:05:51.526313 Mike: Bravo, sending you 13
2024-10-14 23:05:51.526711 Juliett: Charlie, sending you 1
2024-10-14 23:05:51.528207 Whiskey: Charlie, sending you 1
chatterbot Juliett submitting transactions
chatterbot Alpha submitting transactions
chatterbot Delta submitting transactions
chatterbot Bravo submitting transactions
chatterbot Zulu submitting transactions
chatterbot Golf submitting transactions
chatterbot Charlie submitting transactions
chatterbot Mike submitting transactions
chatterbot Whiskey submitting transactions
ChatterBot Delta round 4
ChatterBot Yankee round 4
ChatterBot Zulu round 4
ChatterBot Alpha round 4
ChatterBot Charlie round 4
ChatterBot Bravo round 4
ChatterBot Golf round 4
ChatterBot Whiskey round 4
ChatterBot Mike round 4
ChatterBot Juliett round 4
2024-10-14 23:05:53.782339 Mike: We should replace Charlie with Golf
ChatterBot Bravo reevaluating
2024-10-14 23:05:53.787159 Bravo: No
2024-10-14 23:05:53.812990 Mike: Golf we want you to join our group
2024-10-14 23:05:53.815378 Golf: No
ChatterBot Mike reevaluating
ChatterBot Bravo reevaluating
2024-10-14 23:05:53.824672 Delta: Yankee, Zulu and Whiskey, sending you 3
2024-10-14 23:05:53.825845 Zulu: Delta, Alpha and Golf, sending you 2
2024-10-14 23:05:53.827677 Alpha: Delta, Yankee, Zulu, Golf and Juliett, sending you 2
2024-10-14 23:05:53.828279 Yankee: Same as last round
2024-10-14 23:05:53.829686 Delta: Alpha and Golf, sending you 2
2024-10-14 23:05:53.830709 Zulu: Yankee, Whiskey and Juliett, sending you 3
2024-10-14 23:05:53.831703 Whiskey: Delta, Yankee, Zulu, Alpha and Juliett, sending you 3
2024-10-14 23:05:53.833039 Alpha: Charlie, sending you 4
2024-10-14 23:05:53.833835 Charlie: Delta and Golf, sending you 2
2024-10-14 23:05:53.834918 Zulu: Charlie, sending you 1
2024-10-14 23:05:53.835501 Juliett: Delta, sending you 4
2024-10-14 23:05:53.836606 Delta: Juliett, sending you 4
2024-10-14 23:05:53.837197 Whiskey: Charlie, sending you 2
2024-10-14 23:05:53.838109 Bravo: Sending you 8
2024-10-14 23:05:53.838313 Charlie: Yankee, sending you 3
2024-10-14 23:05:53.838819 Alpha: Whiskey, sending you 3
2024-10-14 23:05:53.840693 Juliett: Yankee, Zulu and Whiskey, sending you 3
2024-10-14 23:05:53.841883 Golf: Delta, Zulu, Alpha, Charlie, Whiskey and Juliett, sending you 1
2024-10-14 23:05:53.843761 Charlie: Zulu, Whiskey and Juliett, sending you 1
2024-10-14 23:05:53.844701 Mike: Charlie, sending you 2
2024-10-14 23:05:53.845060 Golf: Yankee, sending you 2
2024-10-14 23:05:53.846295 Juliett: Alpha and Golf, sending you 2
2024-10-14 23:05:53.847663 Charlie: Alpha, sending you 6
2024-10-14 23:05:53.848296 Mike: Bravo, sending you 13
2024-10-14 23:05:53.849661 Juliett: Charlie, sending you 1
chatterbot Delta submitting transactions
chatterbot Whiskey submitting transactions
chatterbot Alpha submitting transactions
chatterbot Charlie submitting transactions
chatterbot Golf submitting transactions
chatterbot Yankee submitting transactions
chatterbot Zulu submitting transactions
chatterbot Juliett submitting transactions
chatterbot Bravo submitting transactions
chatterbot Mike submitting transactions
ChatterBot Delta round 5
ChatterBot Yankee round 5
ChatterBot Zulu round 5
ChatterBot Alpha round 5
ChatterBot Charlie round 5
ChatterBot Bravo round 5
ChatterBot Golf round 5
ChatterBot Whiskey round 5
ChatterBot Mike round 5
ChatterBot Juliett round 5
2024-10-14 23:05:55.119900 Mike: We should replace Charlie with Golf
2024-10-14 23:05:55.123700 Bravo: No
2024-10-14 23:05:55.137368 Mike: Golf we want you to join our group
2024-10-14 23:05:55.141715 Golf: No
ChatterBot Mike reevaluating
2024-10-14 23:05:55.152175 Mike: We should replace Charlie with Whiskey
2024-10-14 23:05:55.156519 Bravo: No
ChatterBot Mike reevaluating
2024-10-14 23:05:55.162765 Zulu: Delta, Yankee, Whiskey and Juliett, sending you 3
2024-10-14 23:05:55.165703 Alpha: Delta, Yankee, Zulu, Golf and Juliett, sending you 2
2024-10-14 23:05:55.167514 Zulu: Alpha and Golf, sending you 2
2024-10-14 23:05:55.169155 Delta: Yankee and Whiskey, sending you 3
2024-10-14 23:05:55.171050 Golf: Delta, Zulu, Alpha, Charlie, Whiskey and Juliett, sending you 1
2024-10-14 23:05:55.173309 Charlie: Delta and Zulu, sending you 1
2024-10-14 23:05:55.175287 Yankee: Same as last round
2024-10-14 23:05:55.177770 Mike: Whiskey we want you to join our group
2024-10-14 23:05:55.183307 Whiskey: No
ChatterBot Mike reevaluating
2024-10-14 23:05:55.196578 Bravo: Sending you 7
2024-10-14 23:05:55.197015 Alpha: Charlie, sending you 4
2024-10-14 23:05:55.198408 Delta: Zulu, Alpha and Golf, sending you 2
2024-10-14 23:05:55.199820 Golf: Yankee, sending you 2
2024-10-14 23:05:55.201245 Charlie: Yankee, sending you 3
2024-10-14 23:05:55.202923 Alpha: Whiskey, sending you 3
2024-10-14 23:05:55.203860 Whiskey: Delta, Yankee, Zulu, Alpha and Juliett, sending you 3
2024-10-14 23:05:55.204860 Delta: Charlie, sending you 1
2024-10-14 23:05:55.206114 Juliett: Delta, sending you 4
2024-10-14 23:05:55.207045 Charlie: Alpha, sending you 5
2024-10-14 23:05:55.208689 Whiskey: Charlie, sending you 2
2024-10-14 23:05:55.209778 Delta: Juliett, sending you 4
2024-10-14 23:05:55.211110 Juliett: Yankee, Zulu and Whiskey, sending you 3
2024-10-14 23:05:55.211963 Charlie: Golf, Whiskey and Juliett, sending you 2
2024-10-14 23:05:55.216663 Juliett: Alpha and Golf, sending you 2
2024-10-14 23:05:55.217886 Mike: Bravo, sending you 9
2024-10-14 23:05:55.219714 Juliett: Charlie, sending you 1
2024-10-14 23:05:55.221748 Mike: Golf, sending you 2
chatterbot Bravo submitting transactions
chatterbot Juliett submitting transactions
chatterbot Charlie submitting transactions
chatterbot Whiskey submitting transactions
chatterbot Alpha submitting transactions
chatterbot Mike submitting transactions
chatterbot Yankee submitting transactions
chatterbot Delta submitting transactions
chatterbot Golf submitting transactions
chatterbot Zulu submitting transactions
ChatterBot Delta round 6
ChatterBot Yankee round 6
ChatterBot Zulu round 6
ChatterBot Alpha round 6
ChatterBot Charlie round 6
ChatterBot Bravo round 6
ChatterBot Golf round 6
ChatterBot Whiskey round 6
ChatterBot Mike round 6
ChatterBot Juliett round 6
2024-10-14 23:05:56.328790 Delta: We should drop Golf
ChatterBot Zulu reevaluating
2024-10-14 23:05:56.360535 Whiskey: Yes
2024-10-14 23:05:56.366164 Yankee: No
2024-10-14 23:05:56.366623 Zulu: No
2024-10-14 23:05:56.367250 Alpha: No
2024-10-14 23:05:56.367630 Charlie: No
2024-10-14 23:05:56.367989 Juliett: No
ChatterBot Delta reevaluating
ChatterBot Zulu reevaluating
ChatterBot Delta reevaluating
ChatterBot Zulu reevaluating
ChatterBot Delta reevaluating
ChatterBot Delta reevaluating
ChatterBot Zulu reevaluating
ChatterBot Delta reevaluating
ChatterBot Zulu reevaluating
ChatterBot Delta reevaluating
ChatterBot Zulu reevaluating
2024-10-14 23:05:56.522433 Alpha: Delta, Yankee, Zulu, Golf and Juliett, sending you 2
2024-10-14 23:05:56.527691 Alpha: Charlie, sending you 4
2024-10-14 23:05:56.529144 Charlie: Delta, Golf, Whiskey and Juliett, sending you 2
2024-10-14 23:05:56.529827 Bravo: Same as last round
2024-10-14 23:05:56.531132 Whiskey: Delta, Yankee, Zulu, Alpha and Juliett, sending you 3
2024-10-14 23:05:56.531666 Golf: Delta, Zulu, Alpha, Charlie, Whiskey and Juliett, sending you 1
2024-10-14 23:05:56.533671 Alpha: Whiskey, sending you 3
2024-10-14 23:05:56.534545 Charlie: Yankee, sending you 3
2024-10-14 23:05:56.536082 Yankee: Same as last round
2024-10-14 23:05:56.537107 Golf: Yankee, sending you 2
2024-10-14 23:05:56.538095 Whiskey: Charlie, sending you 2
2024-10-14 23:05:56.539135 Delta: Yankee, Zulu and Whiskey, sending you 3
2024-10-14 23:05:56.539987 Juliett: Delta, sending you 4
2024-10-14 23:05:56.541671 Charlie: Alpha, sending you 5
2024-10-14 23:05:56.542475 Charlie: I was attacked by Mike
ChatterBot Yankee reevaluating
ChatterBot Delta reevaluating
ChatterBot Zulu reevaluating
ChatterBot Alpha reevaluating
ChatterBot Golf reevaluating
ChatterBot Whiskey reevaluating
ChatterBot Juliett reevaluating
2024-10-14 23:05:56.571869 Charlie: Ow
2024-10-14 23:05:56.578689 Mike: Bravo, sending you 11
2024-10-14 23:05:56.597030 Zulu: Delta, Yankee and Juliett, sending you 3
2024-10-14 23:05:56.602662 Zulu: Alpha, sending you 2
2024-10-14 23:05:56.605664 Zulu: Charlie, sending you 1
2024-10-14 23:05:56.608710 Zulu: Whiskey, sending you 4
chatterbot Charlie submitting transactions
chatterbot Bravo submitting transactions
chatterbot Yankee submitting transactions
chatterbot Juliett submitting transactions
chatterbot Zulu submitting transactions
chatterbot Delta submitting transactions
chatterbot Whiskey submitting transactions
chatterbot Golf submitting transactions
chatterbot Alpha submitting transactions
chatterbot Mike submitting transactions
ChatterBot Delta round 7
ChatterBot Yankee round 7
ChatterBot Zulu round 7
ChatterBot Alpha round 7
ChatterBot Charlie round 7
ChatterBot Bravo round 7
ChatterBot Golf round 7
ChatterBot Whiskey round 7
ChatterBot Mike round 7
ChatterBot Juliett round 7
2024-10-14 23:05:57.644413 Mike: We should replace Golf with Alpha
2024-10-14 23:05:57.646256 Bravo: No
ChatterBot Mike reevaluating
2024-10-14 23:05:57.656728 Alpha: I was attacked by Mike
ChatterBot Yankee reevaluating
ChatterBot Delta reevaluating
ChatterBot Zulu reevaluating
ChatterBot Charlie reevaluating
ChatterBot Golf reevaluating
ChatterBot Whiskey reevaluating
ChatterBot Juliett reevaluating
2024-10-14 23:05:57.688750 Alpha: I'm keeping this round to protect myself
2024-10-14 23:05:57.691800 Alpha: Ow
2024-10-14 23:05:57.692462 Zulu: We should add Golf
ChatterBot Whiskey reevaluating
ChatterBot Delta reevaluating
ChatterBot Yankee reevaluating
ChatterBot Charlie reevaluating
ChatterBot Juliett reevaluating
2024-10-14 23:05:57.755702 Whiskey: No
2024-10-14 23:05:57.761623 Delta: No
2024-10-14 23:05:57.761996 Yankee: Yes
2024-10-14 23:05:57.762326 Alpha: Yes
2024-10-14 23:05:57.762623 Charlie: Yes
2024-10-14 23:05:57.762878 Juliett: Yes
ChatterBot Delta reevaluating
ChatterBot Yankee reevaluating
ChatterBot Zulu reevaluating
ChatterBot Charlie reevaluating
ChatterBot Juliett reevaluating
ChatterBot Whiskey reevaluating
ChatterBot Yankee reevaluating
ChatterBot Zulu reevaluating
ChatterBot Charlie reevaluating
ChatterBot Juliett reevaluating
ChatterBot Whiskey reevaluating
ChatterBot Delta reevaluating
ChatterBot Zulu reevaluating
ChatterBot Charlie reevaluating
ChatterBot Juliett reevaluating
ChatterBot Whiskey reevaluating
ChatterBot Delta reevaluating
ChatterBot Yankee reevaluating
ChatterBot Zulu reevaluating
ChatterBot Charlie reevaluating
ChatterBot Juliett reevaluating
ChatterBot Whiskey reevaluating
ChatterBot Delta reevaluating
ChatterBot Yankee reevaluating
ChatterBot Zulu reevaluating
ChatterBot Alpha reevaluating
ChatterBot Juliett reevaluating
ChatterBot Whiskey reevaluating
ChatterBot Delta reevaluating
ChatterBot Yankee reevaluating
ChatterBot Zulu reevaluating
ChatterBot Alpha reevaluating
ChatterBot Charlie reevaluating
2024-10-14 23:05:57.960674 Bravo: Sending you 6
2024-10-14 23:05:57.963672 Zulu: Golf we want you to join our group
ChatterBot Golf reevaluating
2024-10-14 23:05:57.969981 Golf: Yes
ChatterBot Delta reevaluating
ChatterBot Zulu reevaluating
ChatterBot Alpha reevaluating
ChatterBot Whiskey reevaluating
ChatterBot Juliett reevaluating
2024-10-14 23:05:57.992670 Mike: Charlie, sending you 2
2024-10-14 23:05:57.995692 Mike: Bravo, sending you 9
2024-10-14 23:05:58.014951 Charlie: Delta and Zulu, sending you 1
2024-10-14 23:05:58.016606 Golf: Delta, Zulu, Alpha, Charlie, Whiskey and Juliett, sending you 1
2024-10-14 23:05:58.018694 Charlie: Yankee, sending you 3
2024-10-14 23:05:58.021693 Zulu: Delta, Yankee, Whiskey and Juliett, sending you 3
2024-10-14 23:05:58.023282 Golf: Yankee, sending you 2
2024-10-14 23:05:58.024488 Whiskey: Delta, Yankee, Zulu, Alpha and Juliett, sending you 3
2024-10-14 23:05:58.025688 Charlie: Alpha, sending you 5
2024-10-14 23:05:58.027706 Zulu: Alpha and Golf, sending you 2
2024-10-14 23:05:58.029222 Whiskey: Charlie, sending you 2
2024-10-14 23:05:58.040010 Charlie: Golf, Whiskey and Juliett, sending you 2
chatterbot Golf submitting transactions
chatterbot Mike submitting transactions
chatterbot Golf submitting transactions
chatterbot Alpha submitting transactions
chatterbot Delta submitting transactions
chatterbot Bravo submitting transactions
chatterbot Zulu submitting transactions
chatterbot Whiskey submitting transactions
chatterbot Charlie submitting transactions
chatterbot Yankee submitting transactions
chatterbot Juliett submitting transactions
ChatterBot Delta round 8
ChatterBot Yankee round 8
ChatterBot Zulu round 8
ChatterBot Alpha round 8
ChatterBot Charlie round 8
ChatterBot Bravo round 8
ChatterBot Golf round 8
ChatterBot Whiskey round 8
ChatterBot Mike round 8
ChatterBot Juliett round 8
2024-10-14 23:05:59.172828 Yankee: We should drop Alpha
ChatterBot Whiskey reevaluating
ChatterBot Juliett reevaluating
2024-10-14 23:05:59.191583 Delta: Yes
2024-10-14 23:05:59.191737 Zulu: Yes
2024-10-14 23:05:59.191883 Charlie: No
2024-10-14 23:05:59.192001 Golf: No
2024-10-14 23:05:59.192117 Whiskey: No
2024-10-14 23:05:59.192229 Juliett: No
ChatterBot Whiskey reevaluating
ChatterBot Juliett reevaluating
ChatterBot Whiskey reevaluating
ChatterBot Juliett reevaluating
ChatterBot Whiskey reevaluating
ChatterBot Juliett reevaluating
ChatterBot Whiskey reevaluating
ChatterBot Juliett reevaluating
ChatterBot Juliett reevaluating
ChatterBot Yankee reevaluating
ChatterBot Whiskey reevaluating
2024-10-14 23:05:59.290144 Mike: We should replace Charlie with Whiskey
2024-10-14 23:05:59.292907 Bravo: No
ChatterBot Mike reevaluating
2024-10-14 23:05:59.299556 Alpha: We should drop Golf
ChatterBot Whiskey reevaluating
ChatterBot Yankee reevaluating
ChatterBot Juliett reevaluating
2024-10-14 23:05:59.314105 Whiskey: No
2024-10-14 23:05:59.314259 Delta: No
2024-10-14 23:05:59.314394 Yankee: No
2024-10-14 23:05:59.314553 Zulu: No
2024-10-14 23:05:59.314703 Charlie: No
2024-10-14 23:05:59.314838 Juliett: Yes
ChatterBot Yankee reevaluating
ChatterBot Alpha reevaluating
ChatterBot Juliett reevaluating
ChatterBot Whiskey reevaluating
ChatterBot Yankee reevaluating
ChatterBot Alpha reevaluating
ChatterBot Juliett reevaluating
ChatterBot Whiskey reevaluating
ChatterBot Alpha reevaluating
ChatterBot Juliett reevaluating
ChatterBot Whiskey reevaluating
ChatterBot Yankee reevaluating
ChatterBot Alpha reevaluating
ChatterBot Juliett reevaluating
ChatterBot Whiskey reevaluating
ChatterBot Yankee reevaluating
ChatterBot Alpha reevaluating
ChatterBot Juliett reevaluating
ChatterBot Whiskey reevaluating
ChatterBot Yankee reevaluating
ChatterBot Alpha reevaluating
2024-10-14 23:05:59.420427 Whiskey: We should replace Alpha with Golf
ChatterBot Yankee reevaluating
ChatterBot Juliett reevaluating
2024-10-14 23:05:59.432076 Delta: Yes
2024-10-14 23:05:59.432207 Yankee: Yes
2024-10-14 23:05:59.432301 Zulu: Yes
2024-10-14 23:05:59.432401 Charlie: No
2024-10-14 23:05:59.432496 Juliett: Yes
ChatterBot Whiskey reevaluating
ChatterBot Yankee reevaluating
ChatterBot Juliett reevaluating
ChatterBot Whiskey reevaluating
ChatterBot Juliett reevaluating
ChatterBot Whiskey reevaluating
ChatterBot Yankee reevaluating
ChatterBot Juliett reevaluating
ChatterBot Whiskey reevaluating
ChatterBot Yankee reevaluating
ChatterBot Juliett reevaluating
ChatterBot Whiskey reevaluating
ChatterBot Yankee reevaluating
2024-10-14 23:05:59.549469 Alpha: We should drop Zulu
ChatterBot Yankee reevaluating
2024-10-14 23:05:59.575212 Delta: No
2024-10-14 23:05:59.575379 Yankee: No
2024-10-14 23:05:59.575538 Charlie: No
2024-10-14 23:05:59.575685 Golf: No
2024-10-14 23:05:59.576242 Whiskey: No
2024-10-14 23:05:59.576392 Juliett: No
ChatterBot Alpha reevaluating
ChatterBot Yankee reevaluating
ChatterBot Alpha reevaluating
ChatterBot Alpha reevaluating
ChatterBot Yankee reevaluating
ChatterBot Alpha reevaluating
ChatterBot Yankee reevaluating
ChatterBot Alpha reevaluating
ChatterBot Yankee reevaluating
ChatterBot Alpha reevaluating
ChatterBot Yankee reevaluating
2024-10-14 23:05:59.718950 Bravo: Same as last round
2024-10-14 23:05:59.719284 Charlie: Delta and Zulu, sending you 1
2024-10-14 23:05:59.720965 Whiskey: Golf we want you to join our group
2024-10-14 23:05:59.735806 Golf: Yes
ChatterBot Yankee reevaluating
chatterbot Delta submitting transactions
2024-10-14 23:05:59.805874 Golf: Delta, Zulu, Charlie, Whiskey and Juliett, sending you 1
2024-10-14 23:05:59.807673 Charlie: Yankee, sending you 3
2024-10-14 23:05:59.809138 Alpha: We should drop Juliett
ChatterBot Golf reevaluating
2024-10-14 23:05:59.831515 Delta: No
2024-10-14 23:05:59.831764 Yankee: No
2024-10-14 23:05:59.832045 Zulu: No
2024-10-14 23:05:59.832204 Charlie: No
2024-10-14 23:05:59.832360 Golf: No
2024-10-14 23:05:59.832535 Whiskey: No
ChatterBot Alpha reevaluating
ChatterBot Golf reevaluating
ChatterBot Alpha reevaluating
ChatterBot Golf reevaluating
ChatterBot Alpha reevaluating
ChatterBot Golf reevaluating
ChatterBot Alpha reevaluating
ChatterBot Golf reevaluating
ChatterBot Alpha reevaluating
ChatterBot Alpha reevaluating
ChatterBot Golf reevaluating
2024-10-14 23:05:59.985852 Zulu: Delta, Yankee and Juliett, sending you 3
2024-10-14 23:05:59.986358 Charlie: Alpha, sending you 4
chatterbot Bravo submitting transactions
2024-10-14 23:05:59.989695 Zulu: Charlie, sending you 1
2024-10-14 23:05:59.990815 Mike: Charlie, sending you 2
2024-10-14 23:05:59.991378 Charlie: Golf, Whiskey and Juliett, sending you 2
2024-10-14 23:05:59.993695 Mike: Bravo, sending you 9
2024-10-14 23:05:59.995690 Zulu: Golf, sending you 2
2024-10-14 23:05:59.996677 Whiskey: Delta, Yankee and Juliett, sending you 3
2024-10-14 23:05:59.999669 Zulu: Whiskey, sending you 4
2024-10-14 23:06:00.001298 Whiskey: Zulu, sending you 4
2024-10-14 23:06:00.005694 Whiskey: Charlie and Golf, sending you 2
2024-10-14 23:06:00.008666 Yankee: Delta and Zulu, sending you 3
2024-10-14 23:06:00.011078 Alpha: Delta, Zulu and Juliett, sending you 2
2024-10-14 23:06:00.013678 Yankee: Charlie, Golf, Whiskey and Juliett, sending you 2
2024-10-14 23:06:00.016660 Alpha: Yankee and Whiskey, sending you 3
2024-10-14 23:06:00.019689 Alpha: Charlie, sending you 5
chatterbot Golf submitting transactions
chatterbot Zulu submitting transactions
chatterbot Golf submitting transactions
chatterbot Alpha submitting transactions
chatterbot Mike submitting transactions
chatterbot Charlie submitting transactions
chatterbot Whiskey submitting transactions
chatterbot Juliett submitting transactions
chatterbot Yankee submitting transactions
ChatterBot Delta round 9
ChatterBot Yankee round 9
ChatterBot Zulu round 9
ChatterBot Alpha round 9
ChatterBot Charlie round 9
ChatterBot Bravo round 9
ChatterBot Golf round 9
ChatterBot Whiskey round 9
ChatterBot Mike round 9
ChatterBot Juliett round 9
2024-10-14 23:06:00.890631 Alpha: We should replace Juliett with Golf
2024-10-14 23:06:00.905763 Delta: No
2024-10-14 23:06:00.905941 Yankee: No
2024-10-14 23:06:00.906078 Zulu: No
2024-10-14 23:06:00.906216 Charlie: No
2024-10-14 23:06:00.906340 Whiskey: No
ChatterBot Alpha reevaluating
ChatterBot Alpha reevaluating
ChatterBot Alpha reevaluating
ChatterBot Alpha reevaluating
ChatterBot Alpha reevaluating
2024-10-14 23:06:00.973765 Mike: We should replace Charlie with Whiskey
2024-10-14 23:06:00.976023 Bravo: No
ChatterBot Mike reevaluating
2024-10-14 23:06:00.983666 Delta: We should drop Alpha
ChatterBot Golf reevaluating
2024-10-14 23:06:00.996288 Yankee: Yes
2024-10-14 23:06:00.996418 Zulu: Yes
2024-10-14 23:06:00.996509 Charlie: No
2024-10-14 23:06:00.996594 Golf: Yes
2024-10-14 23:06:00.996716 Whiskey: Yes
2024-10-14 23:06:00.996811 Juliett: Yes
ChatterBot Golf reevaluating
ChatterBot Golf reevaluating
ChatterBot Golf reevaluating
ChatterBot Golf reevaluating
ChatterBot Golf reevaluating
2024-10-14 23:06:01.095147 Alpha: We should replace Zulu with Golf
2024-10-14 23:06:01.109462 Delta: No
2024-10-14 23:06:01.109601 Yankee: No
2024-10-14 23:06:01.109730 Charlie: No
2024-10-14 23:06:01.109832 Whiskey: No
2024-10-14 23:06:01.109941 Juliett: No
ChatterBot Alpha reevaluating
ChatterBot Alpha reevaluating
ChatterBot Alpha reevaluating
ChatterBot Alpha reevaluating
ChatterBot Alpha reevaluating
2024-10-14 23:06:01.175665 Zulu: Delta, Yankee and Juliett, sending you 3
2024-10-14 23:06:01.180900 Zulu: Charlie, sending you 1
2024-10-14 23:06:01.183680 Zulu: Golf, sending you 2
2024-10-14 23:06:01.186679 Zulu: Whiskey, sending you 4
2024-10-14 23:06:01.190670 Whiskey: I was attacked by Mike
ChatterBot Yankee reevaluating
ChatterBot Delta reevaluating
ChatterBot Zulu reevaluating
ChatterBot Charlie reevaluating
ChatterBot Golf reevaluating
ChatterBot Juliett reevaluating
2024-10-14 23:06:01.217928 Whiskey: I'm keeping this round to protect myself
2024-10-14 23:06:01.220515 Whiskey: Ow
2024-10-14 23:06:01.221067 Bravo: Same as last round
2024-10-14 23:06:01.225314 Alpha: Delta, Zulu and Juliett, sending you 2
2024-10-14 23:06:01.230660 Alpha: Yankee and Whiskey, sending you 3
2024-10-14 23:06:01.233676 Alpha: Charlie, sending you 5
2024-10-14 23:06:01.250757 Golf: Delta, Zulu, Charlie, Whiskey and Juliett, sending you 1
2024-10-14 23:06:01.254664 Golf: Yankee, sending you 2
chatterbot Golf submitting transactions
chatterbot Juliett submitting transactions
chatterbot Yankee submitting transactions
chatterbot Delta submitting transactions
chatterbot Zulu submitting transactions
chatterbot Delta submitting transactions
chatterbot Bravo submitting transactions
chatterbot Mike submitting transactions
chatterbot Zulu submitting transactions
chatterbot Whiskey submitting transactions
chatterbot Charlie submitting transactions
chatterbot Alpha submitting transactions
ChatterBot Delta round 10
ChatterBot Yankee round 10
ChatterBot Zulu round 10
ChatterBot Alpha round 10
ChatterBot Charlie round 10
ChatterBot Bravo round 10
ChatterBot Golf round 10
ChatterBot Whiskey round 10
ChatterBot Mike round 10
ChatterBot Juliett round 10
2024-10-14 23:06:02.326310 Mike: We should replace Charlie with Whiskey
2024-10-14 23:06:02.329082 Bravo: No
ChatterBot Mike reevaluating
2024-10-14 23:06:02.336409 Delta: We should drop Alpha
ChatterBot Yankee reevaluating
ChatterBot Charlie reevaluating
ChatterBot Juliett reevaluating
2024-10-14 23:06:02.355631 Yankee: Yes
2024-10-14 23:06:02.355785 Zulu: Yes
2024-10-14 23:06:02.355892 Charlie: No
2024-10-14 23:06:02.355993 Golf: Yes
2024-10-14 23:06:02.356088 Whiskey: Yes
2024-10-14 23:06:02.356183 Juliett: Yes
ChatterBot Delta reevaluating
ChatterBot Charlie reevaluating
ChatterBot Juliett reevaluating
ChatterBot Yankee reevaluating
ChatterBot Delta reevaluating
ChatterBot Charlie reevaluating
ChatterBot Juliett reevaluating
ChatterBot Yankee reevaluating
ChatterBot Delta reevaluating
ChatterBot Juliett reevaluating
ChatterBot Yankee reevaluating
ChatterBot Delta reevaluating
ChatterBot Charlie reevaluating
ChatterBot Juliett reevaluating
ChatterBot Yankee reevaluating
ChatterBot Delta reevaluating
ChatterBot Charlie reevaluating
ChatterBot Juliett reevaluating
ChatterBot Yankee reevaluating
ChatterBot Delta reevaluating
