ChatterBot Hotel round 1
ChatterBot Kilo round 1
ChatterBot Uniform round 1
ChatterBot November round 1
ChatterBot Charlie round 1
ChatterBot Alpha round 1
ChatterBot India round 1
ChatterBot Yankee round 1
ChatterBot Oscar round 1
ChatterBot Sierra round 1
randomSelections Kilo: {Kilo, November, Uniform, Yankee, Oscar, Sierra} 
2024-10-14 23:05:46.114156 Kilo: Group up?
ChatterBot November reevaluating
ChatterBot Uniform reevaluating
ChatterBot Yankee reevaluating
ChatterBot Oscar reevaluating
ChatterBot Sierra reevaluating
2024-10-14 23:05:46.222587 November: Yes
2024-10-14 23:05:46.222779 Uniform: Yes
2024-10-14 23:05:46.224677 Yankee: Yes
2024-10-14 23:05:46.224804 Oscar: Yes
2024-10-14 23:05:46.224939 Sierra: Yes
ChatterBot Uniform reevaluating
ChatterBot Yankee reevaluating
ChatterBot Oscar reevaluating
ChatterBot Sierra reevaluating
ChatterBot November reevaluating
ChatterBot Yankee reevaluating
ChatterBot Oscar reevaluating
ChatterBot Sierra reevaluating
ChatterBot November reevaluating
ChatterBot Uniform reevaluating
ChatterBot Oscar reevaluating
ChatterBot Sierra reevaluating
ChatterBot November reevaluating
ChatterBot Uniform reevaluating
ChatterBot Yankee reevaluating
ChatterBot Sierra reevaluating
ChatterBot November reevaluating
ChatterBot Uniform reevaluating
ChatterBot Yankee reevaluating
ChatterBot Oscar reevaluating
randomSelections Charlie: {Charlie, Sierra, Kilo, Oscar, November, Hotel} 
2024-10-14 23:05:46.278172 Charlie: We would work well together
ChatterBot Sierra reevaluating
ChatterBot Oscar reevaluating
ChatterBot November reevaluating
ChatterBot Hotel reevaluating
2024-10-14 23:05:46.285564 Sierra: No
2024-10-14 23:05:46.286289 Kilo: No
2024-10-14 23:05:46.286492 Oscar: No
2024-10-14 23:05:46.286657 November: No
2024-10-14 23:05:46.286843 Hotel: Yes
ChatterBot Oscar reevaluating
ChatterBot November reevaluating
ChatterBot Hotel reevaluating
ChatterBot Sierra reevaluating
ChatterBot Oscar reevaluating
ChatterBot November reevaluating
ChatterBot Hotel reevaluating
ChatterBot Sierra reevaluating
ChatterBot November reevaluating
ChatterBot Hotel reevaluating
ChatterBot Sierra reevaluating
ChatterBot Oscar reevaluating
ChatterBot Hotel reevaluating
ChatterBot Sierra reevaluating
ChatterBot Oscar reevaluating
ChatterBot November reevaluating
randomSelections India: {India, Yankee, November, Charlie, Alpha, Uniform} 
2024-10-14 23:05:46.327011 India: Can we be friends?
ChatterBot Yankee reevaluating
ChatterBot November reevaluating
ChatterBot Alpha reevaluating
ChatterBot Uniform reevaluating
2024-10-14 23:05:46.334676 Yankee: No
2024-10-14 23:05:46.334912 November: No
2024-10-14 23:05:46.335624 Charlie: No
2024-10-14 23:05:46.335947 Alpha: Yes
2024-10-14 23:05:46.336069 Uniform: No
ChatterBot November reevaluating
ChatterBot Alpha reevaluating
ChatterBot Uniform reevaluating
ChatterBot Yankee reevaluating
ChatterBot Alpha reevaluating
ChatterBot Uniform reevaluating
ChatterBot Yankee reevaluating
ChatterBot November reevaluating
ChatterBot Alpha reevaluating
ChatterBot Uniform reevaluating
ChatterBot Yankee reevaluating
ChatterBot November reevaluating
ChatterBot Uniform reevaluating
ChatterBot Yankee reevaluating
ChatterBot November reevaluating
ChatterBot Alpha reevaluating
2024-10-14 23:05:46.393601 Sierra: Kilo, Uniform and Oscar, sending you 4
2024-10-14 23:05:46.394234 Hotel: Kilo and November, sending you 3
2024-10-14 23:05:46.395660 Charlie: Hotel and Oscar, sending you 5
2024-10-14 23:05:46.396414 Uniform: Kilo, sending you 3
2024-10-14 23:05:46.399893 Sierra: November, sending you 3
2024-10-14 23:05:46.400767 Kilo: Uniform and Yankee, sending you 2
2024-10-14 23:05:46.401955 Hotel: Charlie and Oscar, sending you 2
2024-10-14 23:05:46.402345 Charlie: Kilo, sending you 4
2024-10-14 23:05:46.403675 India: Uniform, Charlie and Alpha, sending you 3
2024-10-14 23:05:46.404343 Uniform: Yankee and Oscar, sending you 1
2024-10-14 23:05:46.411884 Sierra: Yankee, sending you 2
2024-10-14 23:05:46.412357 Kilo: November, sending you 8
2024-10-14 23:05:46.412848 Hotel: Sierra, sending you 6
2024-10-14 23:05:46.413851 Charlie: November, sending you 2
2024-10-14 23:05:46.414304 Yankee: Kilo, Uniform and Sierra, sending you 3
2024-10-14 23:05:46.414694 November: Kilo, sending you 5
2024-10-14 23:05:46.415841 India: Yankee, sending you 1
2024-10-14 23:05:46.416259 Uniform: Sierra, sending you 2
2024-10-14 23:05:46.417404 Oscar: Kilo and November, sending you 4
2024-10-14 23:05:46.417772 Charlie: Sierra, sending you 1
2024-10-14 23:05:46.418202 Kilo: Oscar, sending you 3
2024-10-14 23:05:46.418532 Yankee: November, sending you 6
2024-10-14 23:05:46.419695 Alpha: Uniform and Yankee, sending you 2
2024-10-14 23:05:46.420375 November: Yankee, sending you 4
2024-10-14 23:05:46.421715 Kilo: Sierra, sending you 1
2024-10-14 23:05:46.423206 Oscar: Uniform and Sierra, sending you 3
2024-10-14 23:05:46.423888 Yankee: Oscar, sending you 2
2024-10-14 23:05:46.425081 Alpha: November, sending you 3
2024-10-14 23:05:46.425645 November: Oscar, sending you 2
2024-10-14 23:05:46.429814 Oscar: Yankee, sending you 2
2024-10-14 23:05:46.430963 Alpha: Charlie and India, sending you 4
2024-10-14 23:05:46.431556 November: Sierra, sending you 3
chatterbot Kilo submitting transactions
chatterbot India submitting transactions
chatterbot Charlie submitting transactions
chatterbot Alpha submitting transactions
chatterbot November submitting transactions
chatterbot Hotel submitting transactions
chatterbot Sierra submitting transactions
chatterbot Oscar submitting transactions
chatterbot Yankee submitting transactions
chatterbot Uniform submitting transactions
ChatterBot Hotel round 2
ChatterBot Kilo round 2
ChatterBot Uniform round 2
ChatterBot November round 2
ChatterBot Charlie round 2
ChatterBot Alpha round 2
ChatterBot India round 2
2024-10-14 23:05:47.539968 Kilo: We should add Hotel and Charlie
ChatterBot November reevaluating
ChatterBot Uniform reevaluating
ChatterBot Yankee reevaluating
ChatterBot Oscar reevaluating
ChatterBot Sierra reevaluating
2024-10-14 23:05:47.575625 November: No
2024-10-14 23:05:47.575817 Uniform: No
2024-10-14 23:05:47.575932 Yankee: No
2024-10-14 23:05:47.576040 Oscar: No
2024-10-14 23:05:47.576140 Sierra: No
ChatterBot Uniform reevaluating
ChatterBot Yankee reevaluating
ChatterBot Oscar reevaluating
ChatterBot Sierra reevaluating
ChatterBot November reevaluating
ChatterBot Yankee reevaluating
ChatterBot Oscar reevaluating
ChatterBot Sierra reevaluating
ChatterBot November reevaluating
ChatterBot Uniform reevaluating
ChatterBot Oscar reevaluating
ChatterBot Sierra reevaluating
ChatterBot November reevaluating
ChatterBot Uniform reevaluating
ChatterBot Yankee reevaluating
ChatterBot Sierra reevaluating
ChatterBot November reevaluating
ChatterBot Uniform reevaluating
ChatterBot Yankee reevaluating
ChatterBot Oscar reevaluating
ChatterBot Yankee round 2
2024-10-14 23:05:47.827406 Charlie: Group up?
ChatterBot Hotel reevaluating
ChatterBot Alpha reevaluating
ChatterBot India reevaluating
ChatterBot Uniform reevaluating
2024-10-14 23:05:47.850941 Hotel: No
2024-10-14 23:05:47.851143 Alpha: No
2024-10-14 23:05:47.851273 India: Yes
2024-10-14 23:05:47.851394 Uniform: No
ChatterBot Alpha reevaluating
ChatterBot India reevaluating
ChatterBot Uniform reevaluating
ChatterBot Hotel reevaluating
ChatterBot India reevaluating
ChatterBot Uniform reevaluating
ChatterBot Hotel reevaluating
ChatterBot Alpha reevaluating
ChatterBot Uniform reevaluating
ChatterBot Charlie reevaluating
ChatterBot Hotel reevaluating
ChatterBot Alpha reevaluating
ChatterBot India reevaluating
2024-10-14 23:05:47.926862 Alpha: Can we be friends?
ChatterBot Charlie reevaluating
ChatterBot Hotel reevaluating
ChatterBot India reevaluating
ChatterBot Uniform reevaluating
2024-10-14 23:05:47.947295 Charlie: Yes
2024-10-14 23:05:47.947435 Hotel: Yes
2024-10-14 23:05:47.947565 India: Yes
2024-10-14 23:05:47.948165 Uniform: No
ChatterBot Hotel reevaluating
ChatterBot Alpha reevaluating
ChatterBot India reevaluating
ChatterBot Uniform reevaluating
ChatterBot Charlie reevaluating
ChatterBot Alpha reevaluating
ChatterBot India reevaluating
ChatterBot Uniform reevaluating
ChatterBot Charlie reevaluating
ChatterBot Hotel reevaluating
ChatterBot Alpha reevaluating
ChatterBot Uniform reevaluating
ChatterBot Charlie reevaluating
ChatterBot Hotel reevaluating
ChatterBot Alpha reevaluating
ChatterBot India reevaluating
ChatterBot Oscar round 2
ChatterBot Sierra round 2
2024-10-14 23:05:48.072742 Kilo: Hotel and Charlie we want you to join our group
ChatterBot Hotel reevaluating
ChatterBot Charlie reevaluating
2024-10-14 23:05:48.087287 Hotel: No
2024-10-14 23:05:48.087496 Charlie: No
ChatterBot Kilo reevaluating
ChatterBot Uniform reevaluating
ChatterBot November reevaluating
ChatterBot Yankee reevaluating
ChatterBot Oscar reevaluating
ChatterBot Sierra reevaluating
ChatterBot Charlie reevaluating
ChatterBot Kilo reevaluating
ChatterBot Uniform reevaluating
ChatterBot November reevaluating
ChatterBot Yankee reevaluating
ChatterBot Oscar reevaluating
ChatterBot Sierra reevaluating
ChatterBot Hotel reevaluating
2024-10-14 23:05:48.183463 Oscar: We should add Hotel and Charlie
2024-10-14 23:05:48.184653 Sierra: We should add Hotel and Charlie
ChatterBot Kilo reevaluating
ChatterBot November reevaluating
ChatterBot Uniform reevaluating
ChatterBot Yankee reevaluating
ChatterBot Sierra reevaluating
2024-10-14 23:05:48.216829 Kilo: Yes
ChatterBot Kilo reevaluating
2024-10-14 23:05:48.224573 November: No
ChatterBot November reevaluating
2024-10-14 23:05:48.232297 Uniform: No
ChatterBot Uniform reevaluating
2024-10-14 23:05:48.240410 Yankee: No
ChatterBot Yankee reevaluating
ChatterBot Oscar reevaluating
2024-10-14 23:05:48.256963 Sierra: Yes
2024-10-14 23:05:48.257269 Kilo: Yes
2024-10-14 23:05:48.257450 November: No
2024-10-14 23:05:48.257643 Uniform: No
2024-10-14 23:05:48.257821 Yankee: No
2024-10-14 23:05:48.258499 Oscar: Yes
ChatterBot November reevaluating
ChatterBot Uniform reevaluating
ChatterBot Yankee reevaluating
ChatterBot Oscar reevaluating
ChatterBot Sierra reevaluating
ChatterBot Kilo reevaluating
ChatterBot Uniform reevaluating
ChatterBot Yankee reevaluating
ChatterBot Oscar reevaluating
ChatterBot Sierra reevaluating
ChatterBot Kilo reevaluating
ChatterBot November reevaluating
ChatterBot Yankee reevaluating
ChatterBot Oscar reevaluating
ChatterBot Sierra reevaluating
ChatterBot Kilo reevaluating
ChatterBot November reevaluating
ChatterBot Uniform reevaluating
ChatterBot Oscar reevaluating
ChatterBot Sierra reevaluating
ChatterBot Kilo reevaluating
ChatterBot November reevaluating
ChatterBot Uniform reevaluating
ChatterBot Yankee reevaluating
ChatterBot Oscar reevaluating
ChatterBot November reevaluating
ChatterBot Uniform reevaluating
ChatterBot Yankee reevaluating
ChatterBot Oscar reevaluating
ChatterBot Sierra reevaluating
ChatterBot Kilo reevaluating
ChatterBot Uniform reevaluating
ChatterBot Yankee reevaluating
ChatterBot Oscar reevaluating
ChatterBot Sierra reevaluating
ChatterBot Kilo reevaluating
ChatterBot November reevaluating
ChatterBot Yankee reevaluating
ChatterBot Oscar reevaluating
ChatterBot Sierra reevaluating
ChatterBot Kilo reevaluating
ChatterBot November reevaluating
ChatterBot Uniform reevaluating
ChatterBot Oscar reevaluating
ChatterBot Sierra reevaluating
ChatterBot Kilo reevaluating
ChatterBot November reevaluating
ChatterBot Uniform reevaluating
ChatterBot Yankee reevaluating
ChatterBot Sierra reevaluating
2024-10-14 23:05:48.692868 Oscar: Hotel and Charlie we want you to join our group
2024-10-14 23:05:48.708484 Hotel: No
2024-10-14 23:05:48.708965 Charlie: No
2024-10-14 23:05:48.797316 Sierra: Hotel and Charlie we want you to join our group
2024-10-14 23:05:48.813749 Hotel: No
2024-10-14 23:05:48.814496 Charlie: No
ChatterBot Sierra reevaluating
2024-10-14 23:05:48.871885 Sierra: We should add Hotel
2024-10-14 23:05:48.890375 Kilo: Yes
2024-10-14 23:05:48.890543 November: No
2024-10-14 23:05:48.891153 Uniform: No
2024-10-14 23:05:48.891324 Yankee: No
2024-10-14 23:05:48.891449 Oscar: Yes
ChatterBot November reevaluating
ChatterBot Sierra reevaluating
ChatterBot Sierra reevaluating
ChatterBot November reevaluating
ChatterBot Sierra reevaluating
ChatterBot November reevaluating
ChatterBot Sierra reevaluating
ChatterBot November reevaluating
ChatterBot Sierra reevaluating
chatterbot Hotel submitting transactions
2024-10-14 23:05:49.213726 Charlie: Hotel, sending you 4
2024-10-14 23:05:49.214707 Uniform: Kilo, sending you 3
2024-10-14 23:05:49.215248 India: Alpha, sending you 10
2024-10-14 23:05:49.216169 Alpha: Hotel and Charlie, sending you 2
2024-10-14 23:05:49.216450 Hotel: Uniform, Alpha and India, sending you 1
2024-10-14 23:05:49.216770 Yankee: Kilo, Oscar and Sierra, sending you 3
2024-10-14 23:05:49.218264 November: We should drop Uniform
2024-10-14 23:05:49.239493 Kilo: No
2024-10-14 23:05:49.239780 Yankee: No
2024-10-14 23:05:49.240476 Oscar: No
2024-10-14 23:05:49.240714 Sierra: No
ChatterBot November reevaluating
ChatterBot November reevaluating
chatterbot Charlie submitting transactions
chatterbot Uniform submitting transactions
2024-10-14 23:05:49.335422 Charlie: Uniform, sending you 1
2024-10-14 23:05:49.335958 Uniform: November, sending you 2
2024-10-14 23:05:49.336476 Alpha: India, sending you 11
2024-10-14 23:05:49.337326 Hotel: Charlie, sending you 13
2024-10-14 23:05:49.337642 Kilo: Hotel, Uniform, Charlie, Yankee, Oscar and Sierra, sending you 2
2024-10-14 23:05:49.338023 Yankee: Uniform, sending you 2
2024-10-14 23:05:49.339026 Oscar: Hotel, November and Yankee, sending you 2
2024-10-14 23:05:49.339338 Charlie: Alpha and India, sending you 5
2024-10-14 23:05:49.592086 Uniform: Yankee and Oscar, sending you 4
2024-10-14 23:05:49.592769 Kilo: November, sending you 4
2024-10-14 23:05:49.593843 Yankee: November, sending you 6
2024-10-14 23:05:49.594458 Oscar: Kilo, sending you 3
chatterbot India submitting transactions
chatterbot Alpha submitting transactions
chatterbot Oscar submitting transactions
2024-10-14 23:05:49.902645 Uniform: Sierra, sending you 5
2024-10-14 23:05:49.904271 Oscar: Uniform, sending you 1
2024-10-14 23:05:49.905150 Sierra: Hotel, sending you 4
chatterbot Kilo submitting transactions
chatterbot Yankee submitting transactions
chatterbot Sierra submitting transactions
2024-10-14 23:05:49.957957 November: Kilo, sending you 5
2024-10-14 23:05:49.959214 Oscar: Charlie and Sierra, sending you 4
2024-10-14 23:05:49.959797 Sierra: Kilo and Uniform, sending you 2
2024-10-14 23:05:49.984176 November: Uniform, sending you 1
2024-10-14 23:05:49.985559 Sierra: November, Yankee and Oscar, sending you 3
2024-10-14 23:05:50.002103 November: Yankee, sending you 4
2024-10-14 23:05:50.003418 Sierra: Charlie, sending you 1
2024-10-14 23:05:50.011011 November: Oscar and Sierra, sending you 3
chatterbot November submitting transactions
ChatterBot Hotel round 3
ChatterBot Kilo round 3
ChatterBot Uniform round 3
ChatterBot November round 3
ChatterBot Charlie round 3
ChatterBot Alpha round 3
2024-10-14 23:05:50.658302 Charlie: We should replace Uniform with Oscar
ChatterBot Hotel reevaluating
2024-10-14 23:05:50.673387 Alpha: No
2024-10-14 23:05:50.673674 Hotel: No
2024-10-14 23:05:50.674069 India: No
ChatterBot Hotel reevaluating
ChatterBot Hotel reevaluating
ChatterBot India round 3
ChatterBot Yankee round 3
ChatterBot Oscar round 3
ChatterBot Sierra round 3
2024-10-14 23:05:50.744314 Charlie: Oscar we want you to join our group
ChatterBot Oscar reevaluating
2024-10-14 23:05:50.749326 Oscar: No
ChatterBot Hotel reevaluating
ChatterBot India reevaluating
2024-10-14 23:05:50.769644 India: We should replace Uniform with Oscar
ChatterBot Hotel reevaluating
2024-10-14 23:05:50.783685 Alpha: No
2024-10-14 23:05:50.784511 Hotel: No
2024-10-14 23:05:50.784744 Charlie: Yes
ChatterBot Hotel reevaluating
ChatterBot India reevaluating
ChatterBot India reevaluating
ChatterBot Hotel reevaluating
ChatterBot India reevaluating
2024-10-14 23:05:50.848810 Hotel: Sierra we want you to join our group
2024-10-14 23:05:50.853783 Sierra: No
ChatterBot India reevaluating
2024-10-14 23:05:50.877633 Oscar: We should drop Hotel and Charlie
ChatterBot Kilo reevaluating
2024-10-14 23:05:50.903959 Kilo: Yes
2024-10-14 23:05:50.905072 November: Yes
2024-10-14 23:05:50.905241 Uniform: Yes
2024-10-14 23:05:50.905540 Yankee: Yes
2024-10-14 23:05:50.905692 Sierra: Yes
ChatterBot Kilo reevaluating
ChatterBot Kilo reevaluating
ChatterBot Kilo reevaluating
ChatterBot Kilo reevaluating
2024-10-14 23:05:51.013552 November: Kilo, sending you 5
2024-10-14 23:05:51.014077 Uniform: Kilo, Yankee, Oscar and Sierra, sending you 4
2024-10-14 23:05:51.015016 India: Oscar we want you to join our group
2024-10-14 23:05:51.019450 Oscar: No
2024-10-14 23:05:51.038890 Charlie: Hotel, Alpha and Oscar, sending you 4
2024-10-14 23:05:51.039235 Alpha: Hotel, sending you 2
2024-10-14 23:05:51.039476 November: Uniform, sending you 2
2024-10-14 23:05:51.040297 Uniform: November, sending you 2
2024-10-14 23:05:51.040958 Yankee: Kilo, Uniform, Oscar and Sierra, sending you 3
2024-10-14 23:05:51.115370 Charlie: India, sending you 2
2024-10-14 23:05:51.116408 November: Yankee, sending you 4
2024-10-14 23:05:51.117546 Alpha: Charlie, sending you 4
2024-10-14 23:05:51.118077 Hotel: Charlie, sending you 8
2024-10-14 23:05:51.118458 Yankee: November, sending you 5
2024-10-14 23:05:51.286855 November: Oscar and Sierra, sending you 3
2024-10-14 23:05:51.287838 Hotel: Alpha, sending you 3
2024-10-14 23:05:51.288114 Alpha: India, sending you 9
2024-10-14 23:05:51.288374 Sierra: Kilo, sending you 2
2024-10-14 23:05:51.289355 Oscar: Kilo and Yankee, sending you 3
2024-10-14 23:05:51.289944 India: Hotel, sending you 1
2024-10-14 23:05:51.356627 Hotel: Sierra, sending you 5
2024-10-14 23:05:51.357154 Sierra: Uniform, November, Yankee and Oscar, sending you 4
2024-10-14 23:05:51.358438 Oscar: Uniform, November and Sierra, sending you 4
chatterbot Charlie submitting transactions
2024-10-14 23:05:51.360010 India: Charlie, sending you 3
2024-10-14 23:05:51.360360 Kilo: Uniform, Yankee, Oscar and Sierra, sending you 3
2024-10-14 23:05:51.380808 India: Alpha, sending you 6
2024-10-14 23:05:51.381777 Kilo: November, sending you 4
chatterbot Alpha submitting transactions
chatterbot Kilo submitting transactions
chatterbot Sierra submitting transactions
chatterbot Yankee submitting transactions
chatterbot November submitting transactions
chatterbot Hotel submitting transactions
chatterbot India submitting transactions
chatterbot Uniform submitting transactions
chatterbot Oscar submitting transactions
ChatterBot Hotel round 4
ChatterBot Kilo round 4
ChatterBot Uniform round 4
ChatterBot November round 4
ChatterBot Charlie round 4
ChatterBot Alpha round 4
ChatterBot India round 4
ChatterBot Yankee round 4
ChatterBot Oscar round 4
ChatterBot Sierra round 4
2024-10-14 23:05:51.977127 Hotel: Charlie, sending you 8
2024-10-14 23:05:51.980884 Hotel: Alpha and Sierra, sending you 3
2024-10-14 23:05:51.985573 India: Hotel, sending you 1
2024-10-14 23:05:51.986563 Yankee: Kilo, Uniform, Oscar and Sierra, sending you 3
2024-10-14 23:05:51.988061 Uniform: Kilo, Yankee, Oscar and Sierra, sending you 4
2024-10-14 23:05:51.988647 Hotel: India, sending you 2
2024-10-14 23:05:51.988948 November: Kilo, sending you 5
2024-10-14 23:05:51.989883 Alpha: Hotel, sending you 3
2024-10-14 23:05:51.990183 India: Charlie, sending you 2
2024-10-14 23:05:51.990453 Oscar: Kilo and Yankee, sending you 3
2024-10-14 23:05:51.991847 Yankee: November, sending you 5
2024-10-14 23:05:51.999040 Uniform: November, sending you 2
2024-10-14 23:05:52.000377 Charlie: Hotel and Alpha, sending you 4
2024-10-14 23:05:52.000759 Alpha: Charlie, sending you 5
2024-10-14 23:05:52.001558 Kilo: Uniform, Yankee, Oscar and Sierra, sending you 3
2024-10-14 23:05:52.002208 India: Alpha, sending you 7
2024-10-14 23:05:52.002566 November: Uniform, sending you 2
2024-10-14 23:05:52.003895 Oscar: Uniform, November and Sierra, sending you 4
2024-10-14 23:05:52.005099 Sierra: Kilo and Yankee, sending you 3
2024-10-14 23:05:52.005741 Charlie: India, sending you 3
2024-10-14 23:05:52.006099 Alpha: India, sending you 7
2024-10-14 23:05:52.006985 Kilo: November, sending you 4
2024-10-14 23:05:52.007771 November: Yankee, sending you 4
2024-10-14 23:05:52.016047 Charlie: Oscar, sending you 2
2024-10-14 23:05:52.016712 Sierra: Uniform, November and Oscar, sending you 4
2024-10-14 23:05:52.018113 November: Oscar and Sierra, sending you 3
chatterbot India submitting transactions
chatterbot Sierra submitting transactions
chatterbot November submitting transactions
chatterbot Yankee submitting transactions
chatterbot Uniform submitting transactions
chatterbot Oscar submitting transactions
chatterbot Charlie submitting transactions
chatterbot Hotel submitting transactions
chatterbot Alpha submitting transactions
chatterbot Kilo submitting transactions
ChatterBot Hotel round 5
ChatterBot Kilo round 5
ChatterBot Uniform round 5
ChatterBot November round 5
ChatterBot Charlie round 5
ChatterBot Alpha round 5
ChatterBot India round 5
ChatterBot Yankee round 5
ChatterBot Oscar round 5
ChatterBot Sierra round 5
2024-10-14 23:05:53.233975 Hotel: We should replace Sierra with Oscar
ChatterBot Charlie reevaluating
2024-10-14 23:05:53.253642 Alpha: No
2024-10-14 23:05:53.253899 Charlie: Yes
2024-10-14 23:05:53.254078 India: No
ChatterBot Charlie reevaluating
ChatterBot India reevaluating
ChatterBot Charlie reevaluating
2024-10-14 23:05:53.455284 Hotel: Oscar we want you to join our group
2024-10-14 23:05:53.461599 Oscar: No
ChatterBot Charlie reevaluating
ChatterBot India reevaluating
2024-10-14 23:05:53.493863 Charlie: We should replace Oscar with Kilo
ChatterBot Hotel reevaluating
ChatterBot India reevaluating
2024-10-14 23:05:53.517974 Alpha: No
2024-10-14 23:05:53.518273 Hotel: No
2024-10-14 23:05:53.518498 India: No
ChatterBot Hotel reevaluating
ChatterBot Charlie reevaluating
ChatterBot India reevaluating
ChatterBot Charlie reevaluating
ChatterBot India reevaluating
ChatterBot Hotel reevaluating
ChatterBot Charlie reevaluating
2024-10-14 23:05:53.598381 November: Kilo and Sierra, sending you 4
2024-10-14 23:05:53.600830 Kilo: Uniform, Yankee, Oscar and Sierra, sending you 3
2024-10-14 23:05:53.603188 Charlie: We should drop Oscar
ChatterBot Hotel reevaluating
2024-10-14 23:05:53.621249 Alpha: Yes
2024-10-14 23:05:53.622129 Hotel: Yes
2024-10-14 23:05:53.622577 India: Yes
ChatterBot Hotel reevaluating
ChatterBot Charlie reevaluating
ChatterBot Hotel reevaluating
ChatterBot Charlie reevaluating
2024-10-14 23:05:53.683990 November: Uniform, sending you 2
2024-10-14 23:05:53.685521 Kilo: November, sending you 4
2024-10-14 23:05:53.697365 Oscar: Kilo and Yankee, sending you 3
2024-10-14 23:05:53.698854 Uniform: Kilo, Yankee, Oscar and Sierra, sending you 4
2024-10-14 23:05:53.700189 Yankee: Kilo, Uniform, Oscar and Sierra, sending you 3
2024-10-14 23:05:53.701548 Alpha: Hotel, sending you 3
2024-10-14 23:05:53.702046 Sierra: Kilo and Yankee, sending you 3
2024-10-14 23:05:53.703354 November: Yankee, sending you 5
2024-10-14 23:05:53.704346 Hotel: Kilo we want you to join our group
2024-10-14 23:05:53.711108 Kilo: No
ChatterBot Charlie reevaluating
2024-10-14 23:05:53.740500 Oscar: Uniform, November and Sierra, sending you 4
2024-10-14 23:05:53.742224 Uniform: November, sending you 2
2024-10-14 23:05:53.744170 Alpha: Charlie, sending you 5
2024-10-14 23:05:53.744731 Yankee: November, sending you 5
2024-10-14 23:05:53.746350 Sierra: Uniform, November and Oscar, sending you 4
2024-10-14 23:05:53.748044 November: Oscar, sending you 3
2024-10-14 23:05:53.750101 Alpha: India, sending you 7
2024-10-14 23:05:53.770600 Hotel: Kilo and India, sending you 2
2024-10-14 23:05:53.779884 Hotel: Charlie, sending you 8
2024-10-14 23:05:53.781311 Charlie: Hotel and Alpha, sending you 4
2024-10-14 23:05:53.789813 Hotel: Alpha, sending you 4
2024-10-14 23:05:53.791223 Charlie: India, sending you 3
chatterbot Uniform submitting transactions
chatterbot Charlie submitting transactions
chatterbot Sierra submitting transactions
chatterbot Hotel submitting transactions
chatterbot Yankee submitting transactions
chatterbot Kilo submitting transactions
chatterbot India submitting transactions
chatterbot Alpha submitting transactions
chatterbot November submitting transactions
chatterbot Oscar submitting transactions
ChatterBot Hotel round 6
ChatterBot Kilo round 6
ChatterBot Uniform round 6
ChatterBot November round 6
ChatterBot Charlie round 6
ChatterBot Alpha round 6
ChatterBot India round 6
2024-10-14 23:05:54.712058 Hotel: We should replace Kilo with Sierra
2024-10-14 23:05:54.724126 Alpha: No
2024-10-14 23:05:54.724531 Charlie: No
2024-10-14 23:05:54.724753 India: No
ChatterBot Hotel reevaluating
ChatterBot Hotel reevaluating
ChatterBot Hotel reevaluating
ChatterBot Yankee round 6
ChatterBot Oscar round 6
ChatterBot Sierra round 6
2024-10-14 23:05:54.790641 India: We should drop Oscar
ChatterBot Hotel reevaluating
ChatterBot Charlie reevaluating
2024-10-14 23:05:54.802993 Alpha: Yes
2024-10-14 23:05:54.803705 Hotel: Yes
2024-10-14 23:05:54.803975 Charlie: Yes
ChatterBot Hotel reevaluating
ChatterBot Charlie reevaluating
ChatterBot Charlie reevaluating
ChatterBot Hotel reevaluating
2024-10-14 23:05:54.843001 Kilo: Uniform, Yankee, Oscar and Sierra, sending you 3
2024-10-14 23:05:54.844226 Alpha: Hotel, sending you 3
2024-10-14 23:05:54.845560 Uniform: Kilo, Yankee, Oscar and Sierra, sending you 4
2024-10-14 23:05:54.847477 November: Kilo, Oscar and Sierra, sending you 4
2024-10-14 23:05:54.848388 Kilo: November, sending you 4
2024-10-14 23:05:54.849993 Alpha: Charlie, sending you 5
2024-10-14 23:05:54.850684 Uniform: November, sending you 2
2024-10-14 23:05:54.852041 November: Uniform, sending you 1
2024-10-14 23:05:54.855468 Alpha: India, sending you 7
2024-10-14 23:05:54.856483 Sierra: Kilo and Yankee, sending you 3
2024-10-14 23:05:54.858326 Yankee: Kilo, Uniform, Oscar and Sierra, sending you 3
2024-10-14 23:05:54.859961 November: Yankee, sending you 5
2024-10-14 23:05:54.868829 India: Hotel, sending you 1
2024-10-14 23:05:54.877808 Oscar: Kilo and Yankee, sending you 3
2024-10-14 23:05:54.881427 Sierra: Uniform, November and Oscar, sending you 4
2024-10-14 23:05:54.884786 Yankee: November, sending you 5
2024-10-14 23:05:54.887116 India: Charlie, sending you 3
2024-10-14 23:05:54.889449 Hotel: Kilo and India, sending you 2
2024-10-14 23:05:54.891271 Oscar: Uniform, November and Sierra, sending you 4
2024-10-14 23:05:54.893500 Charlie: Hotel, sending you 3
2024-10-14 23:05:54.894772 India: Alpha, sending you 6
2024-10-14 23:05:54.896520 Hotel: Charlie, sending you 8
2024-10-14 23:05:54.903393 Charlie: Alpha and India, sending you 4
2024-10-14 23:05:54.903842 Hotel: Alpha, sending you 4
chatterbot Sierra submitting transactions
chatterbot Alpha submitting transactions
chatterbot Yankee submitting transactions
chatterbot Hotel submitting transactions
chatterbot Uniform submitting transactions
chatterbot Oscar submitting transactions
chatterbot Charlie submitting transactions
chatterbot Kilo submitting transactions
chatterbot India submitting transactions
chatterbot November submitting transactions
ChatterBot Hotel round 7
ChatterBot Kilo round 7
ChatterBot Uniform round 7
ChatterBot November round 7
ChatterBot Charlie round 7
ChatterBot Alpha round 7
ChatterBot India round 7
ChatterBot Yankee round 7
ChatterBot Oscar round 7
ChatterBot Sierra round 7
2024-10-14 23:05:56.187679 November: Kilo, Yankee, Oscar and Sierra, sending you 4
2024-10-14 23:05:56.189295 Oscar: Kilo and Yankee, sending you 3
2024-10-14 23:05:56.190106 Alpha: Hotel, sending you 3
2024-10-14 23:05:56.191401 Hotel: Kilo and India, sending you 2
2024-10-14 23:05:56.191838 Kilo: Uniform, Yankee, Oscar and Sierra, sending you 3
2024-10-14 23:05:56.192506 India: Hotel, sending you 1
2024-10-14 23:05:56.193008 Charlie: Hotel, sending you 3
2024-10-14 23:05:56.194113 November: Uniform, sending you 2
2024-10-14 23:05:56.195285 Oscar: Uniform, November and Sierra, sending you 4
2024-10-14 23:05:56.196816 Alpha: Charlie, sending you 5
2024-10-14 23:05:56.197531 Uniform: Kilo, Yankee, Oscar and Sierra, sending you 4
2024-10-14 23:05:56.199047 Hotel: Charlie, sending you 7
2024-10-14 23:05:56.199583 India: Charlie, sending you 3
2024-10-14 23:05:56.200793 Kilo: November, sending you 4
2024-10-14 23:05:56.201754 Charlie: Alpha and India, sending you 4
2024-10-14 23:05:56.202852 Alpha: India, sending you 7
2024-10-14 23:05:56.203374 Uniform: November, sending you 2
2024-10-14 23:05:56.204387 Yankee: Kilo, Uniform, Oscar and Sierra, sending you 3
2024-10-14 23:05:56.205909 Hotel: Alpha, sending you 5
2024-10-14 23:05:56.206461 India: Alpha, sending you 6
2024-10-14 23:05:56.208694 Sierra: Kilo and Yankee, sending you 3
2024-10-14 23:05:56.210239 Yankee: November, sending you 5
2024-10-14 23:05:56.212700 Sierra: Uniform, November and Oscar, sending you 4
chatterbot Kilo submitting transactions
chatterbot India submitting transactions
chatterbot Sierra submitting transactions
chatterbot November submitting transactions
chatterbot Yankee submitting transactions
chatterbot Hotel submitting transactions
chatterbot Charlie submitting transactions
chatterbot Uniform submitting transactions
chatterbot Oscar submitting transactions
chatterbot Alpha submitting transactions
ChatterBot Hotel round 8
ChatterBot Kilo round 8
ChatterBot Uniform round 8
ChatterBot November round 8
ChatterBot Charlie round 8
ChatterBot Alpha round 8
ChatterBot India round 8
ChatterBot Yankee round 8
ChatterBot Oscar round 8
ChatterBot Sierra round 8
2024-10-14 23:05:57.403720 Charlie: Hotel, sending you 3
2024-10-14 23:05:57.405691 Kilo: Uniform, Yankee, Oscar and Sierra, sending you 3
2024-10-14 23:05:57.406981 November: Kilo, Oscar and Sierra, sending you 4
2024-10-14 23:05:57.408740 India: Hotel, sending you 1
2024-10-14 23:05:57.409679 Charlie: Alpha, sending you 4
2024-10-14 23:05:57.410703 Hotel: Kilo, sending you 1
2024-10-14 23:05:57.411162 Uniform: Kilo, Yankee, Oscar and Sierra, sending you 4
2024-10-14 23:05:57.411992 Kilo: November, sending you 4
2024-10-14 23:05:57.412680 November: Uniform, sending you 1
2024-10-14 23:05:57.413382 India: Charlie, sending you 3
2024-10-14 23:05:57.413807 Oscar: Kilo and Yankee, sending you 3
2024-10-14 23:05:57.414667 Charlie: India, sending you 5
2024-10-14 23:05:57.415666 Hotel: Charlie, sending you 7
2024-10-14 23:05:57.416116 November: Yankee, sending you 5
2024-10-14 23:05:57.416870 Uniform: November, sending you 2
2024-10-14 23:05:57.417596 Yankee: Kilo, Uniform, Oscar and Sierra, sending you 3
2024-10-14 23:05:57.418928 India: Alpha, sending you 6
2024-10-14 23:05:57.419349 Alpha: Hotel, sending you 3
2024-10-14 23:05:57.419895 Oscar: Uniform, November and Sierra, sending you 4
2024-10-14 23:05:57.420783 Hotel: Alpha, sending you 5
2024-10-14 23:05:57.421661 Yankee: November, sending you 5
2024-10-14 23:05:57.422347 Sierra: Kilo and Yankee, sending you 3
2024-10-14 23:05:57.423075 Alpha: Charlie, sending you 5
2024-10-14 23:05:57.424686 Hotel: India, sending you 3
2024-10-14 23:05:57.425674 Sierra: Uniform, November and Oscar, sending you 4
2024-10-14 23:05:57.426388 Alpha: India, sending you 7
chatterbot Charlie submitting transactions
chatterbot Kilo submitting transactions
chatterbot November submitting transactions
chatterbot India submitting transactions
chatterbot Yankee submitting transactions
chatterbot Sierra submitting transactions
chatterbot Alpha submitting transactions
chatterbot Hotel submitting transactions
chatterbot Oscar submitting transactions
chatterbot Uniform submitting transactions
ChatterBot Hotel round 9
ChatterBot Kilo round 9
ChatterBot Uniform round 9
ChatterBot November round 9
ChatterBot Charlie round 9
ChatterBot Alpha round 9
ChatterBot India round 9
ChatterBot Yankee round 9
ChatterBot Oscar round 9
ChatterBot Sierra round 9
2024-10-14 23:05:58.608469 Charlie: We should add Uniform
2024-10-14 23:05:58.621739 Alpha: No
2024-10-14 23:05:58.622034 Hotel: No
2024-10-14 23:05:58.622270 India: No
ChatterBot Charlie reevaluating
ChatterBot Charlie reevaluating
ChatterBot Charlie reevaluating
2024-10-14 23:05:58.685659 Alpha: Hotel, sending you 4
2024-10-14 23:05:58.686665 Kilo: Uniform, Yankee, Oscar and Sierra, sending you 3
2024-10-14 23:05:58.688684 Alpha: Charlie, sending you 5
2024-10-14 23:05:58.689708 Uniform: Kilo, Yankee, Oscar and Sierra, sending you 4
2024-10-14 23:05:58.691693 Kilo: November, sending you 4
2024-10-14 23:05:58.692796 Yankee: Kilo, Uniform, Oscar and Sierra, sending you 3
2024-10-14 23:05:58.693746 Alpha: India, sending you 6
2024-10-14 23:05:58.694676 Hotel: Kilo, sending you 1
2024-10-14 23:05:58.695123 Uniform: November, sending you 2
2024-10-14 23:05:58.695985 India: Hotel, sending you 2
2024-10-14 23:05:58.696497 November: Kilo, Yankee, Oscar and Sierra, sending you 4
2024-10-14 23:05:58.697703 Hotel: Charlie, sending you 7
2024-10-14 23:05:58.698701 Yankee: November, sending you 5
2024-10-14 23:05:58.699821 India: Charlie, sending you 3
2024-10-14 23:05:58.701399 Sierra: Kilo and Yankee, sending you 3
2024-10-14 23:05:58.702050 November: Uniform, sending you 2
2024-10-14 23:05:58.702845 Oscar: Kilo and Yankee, sending you 3
2024-10-14 23:05:58.703530 Hotel: Alpha, sending you 5
2024-10-14 23:05:58.704014 India: Alpha, sending you 5
2024-10-14 23:05:58.705672 Sierra: Uniform, November and Oscar, sending you 4
2024-10-14 23:05:58.706498 Oscar: Uniform, November and Sierra, sending you 4
2024-10-14 23:05:58.707403 Hotel: India, sending you 3
2024-10-14 23:05:58.708669 Charlie: Hotel, sending you 3
2024-10-14 23:05:58.713681 Charlie: Alpha and India, sending you 4
chatterbot Kilo submitting transactions
chatterbot Charlie submitting transactions
chatterbot Oscar submitting transactions
chatterbot Uniform submitting transactions
chatterbot Yankee submitting transactions
chatterbot November submitting transactions
chatterbot India submitting transactions
chatterbot Hotel submitting transactions
chatterbot Alpha submitting transactions
chatterbot Sierra submitting transactions
ChatterBot Hotel round 10
ChatterBot Kilo round 10
ChatterBot Uniform round 10
ChatterBot November round 10
ChatterBot Charlie round 10
ChatterBot Alpha round 10
ChatterBot India round 10
ChatterBot Yankee round 10
ChatterBot Oscar round 10
ChatterBot Sierra round 10
2024-10-14 23:05:59.856665 India: Hotel, sending you 2
2024-10-14 23:05:59.861700 India: Charlie, sending you 3
2024-10-14 23:05:59.863383 Yankee: Kilo, Uniform, Oscar and Sierra, sending you 3
2024-10-14 23:05:59.864345 Kilo: Uniform, Yankee, Oscar and Sierra, sending you 3
2024-10-14 23:05:59.866338 Alpha: Hotel, sending you 4
2024-10-14 23:05:59.867241 Uniform: Kilo, Yankee, Oscar and Sierra, sending you 4
2024-10-14 23:05:59.869316 November: Kilo, Yankee, Oscar and Sierra, sending you 4
2024-10-14 23:05:59.871041 Oscar: Kilo and Yankee, sending you 3
2024-10-14 23:05:59.871981 Sierra: Kilo and Yankee, sending you 3
2024-10-14 23:05:59.873106 Yankee: November, sending you 5
2024-10-14 23:05:59.874126 Hotel: Kilo, sending you 1
2024-10-14 23:05:59.875017 India: Alpha, sending you 5
2024-10-14 23:05:59.876053 Charlie: Hotel, sending you 3
2024-10-14 23:05:59.876842 Kilo: November, sending you 4
2024-10-14 23:05:59.877627 Alpha: Charlie, sending you 5
2024-10-14 23:05:59.878177 Uniform: November, sending you 2
2024-10-14 23:05:59.879578 November: Uniform, sending you 2
2024-10-14 23:05:59.880351 Oscar: Uniform, November and Sierra, sending you 4
2024-10-14 23:05:59.881252 Sierra: Uniform, November and Oscar, sending you 4
2024-10-14 23:05:59.882789 Hotel: Charlie, sending you 7
2024-10-14 23:05:59.883399 Alpha: India, sending you 6
2024-10-14 23:05:59.884163 Charlie: Alpha, sending you 4
2024-10-14 23:05:59.885659 Hotel: Alpha, sending you 5
2024-10-14 23:05:59.888661 Charlie: India, sending you 5
2024-10-14 23:05:59.890673 Hotel: India, sending you 3
chatterbot Charlie submitting transactions
chatterbot Uniform submitting transactions
chatterbot Sierra submitting transactions
chatterbot Oscar submitting transactions
chatterbot Hotel submitting transactions
chatterbot Kilo submitting transactions
chatterbot Alpha submitting transactions
chatterbot Yankee submitting transactions
chatterbot November submitting transactions
chatterbot India submitting transactions
ChatterBot Hotel round 11
ChatterBot Kilo round 11
2024-10-14 23:06:00.896539 Hotel: We should replace Kilo with Sierra
2024-10-14 23:06:00.906411 Alpha: No
2024-10-14 23:06:00.906582 Charlie: No
2024-10-14 23:06:00.906730 India: No
ChatterBot Hotel reevaluating
ChatterBot Hotel reevaluating
ChatterBot Hotel reevaluating
ChatterBot Uniform round 11
ChatterBot November round 11
ChatterBot Charlie round 11
ChatterBot Alpha round 11
ChatterBot India round 11
ChatterBot Yankee round 11
ChatterBot Oscar round 11
ChatterBot Sierra round 11
2024-10-14 23:06:00.964664 Alpha: Hotel, sending you 4
2024-10-14 23:06:00.968696 Alpha: Charlie, sending you 5
2024-10-14 23:06:00.972673 November: Kilo, Yankee, Oscar and Sierra, sending you 4
2024-10-14 23:06:00.973676 Hotel: Kilo, sending you 1
2024-10-14 23:06:00.974483 Sierra: Kilo and Yankee, sending you 3
2024-10-14 23:06:00.975202 Alpha: India, sending you 6
2024-10-14 23:06:00.975653 Kilo: Uniform, Yankee, Oscar and Sierra, sending you 3
2024-10-14 23:06:00.976341 Uniform: Kilo, Yankee, Oscar and Sierra, sending you 4
2024-10-14 23:06:00.977090 Oscar: Kilo and Yankee, sending you 3
2024-10-14 23:06:00.978071 Charlie: Hotel, sending you 3
2024-10-14 23:06:00.978519 Hotel: Charlie and Alpha, sending you 6
2024-10-14 23:06:00.978895 Sierra: Uniform, November and Oscar, sending you 4
2024-10-14 23:06:00.979595 November: Uniform, sending you 2
2024-10-14 23:06:00.980299 India: Hotel, sending you 1
2024-10-14 23:06:00.981231 Kilo: November, sending you 4
2024-10-14 23:06:00.981966 Charlie: Alpha, sending you 4
2024-10-14 23:06:00.982365 Yankee: Kilo, Uniform, Oscar and Sierra, sending you 3
2024-10-14 23:06:00.983060 Uniform: November, sending you 2
2024-10-14 23:06:00.983746 Oscar: Uniform, November and Sierra, sending you 4
2024-10-14 23:06:00.984841 Hotel: India, sending you 3
2024-10-14 23:06:00.985251 India: Charlie, sending you 4
2024-10-14 23:06:00.985653 Charlie: India, sending you 5
2024-10-14 23:06:00.987912 Yankee: November, sending you 5
2024-10-14 23:06:00.989665 India: Alpha, sending you 5
chatterbot Hotel submitting transactions
chatterbot Kilo submitting transactions
chatterbot Sierra submitting transactions
chatterbot Yankee submitting transactions
chatterbot India submitting transactions
chatterbot Alpha submitting transactions
chatterbot Charlie submitting transactions
chatterbot November submitting transactions
chatterbot Uniform submitting transactions
chatterbot Oscar submitting transactions
ChatterBot Hotel round 12
ChatterBot Kilo round 12
ChatterBot Uniform round 12
ChatterBot November round 12
ChatterBot Charlie round 12
ChatterBot Alpha round 12
ChatterBot India round 12
ChatterBot Yankee round 12
ChatterBot Oscar round 12
ChatterBot Sierra round 12
2024-10-14 23:06:02.222664 November: Kilo, Yankee, Oscar and Sierra, sending you 4
2024-10-14 23:06:02.223729 Hotel: Kilo, sending you 1
2024-10-14 23:06:02.227670 November: Uniform, sending you 2
2024-10-14 23:06:02.229592 Hotel: Charlie and Alpha, sending you 6
2024-10-14 23:06:02.230497 Yankee: Kilo, Uniform, Oscar and Sierra, sending you 3
2024-10-14 23:06:02.233675 Hotel: India, sending you 3
2024-10-14 23:06:02.234843 India: Hotel, sending you 1
2024-10-14 23:06:02.235665 Charlie: Hotel, sending you 3
2024-10-14 23:06:02.236132 Kilo: Uniform, Yankee, Oscar and Sierra, sending you 3
2024-10-14 23:06:02.236879 Sierra: Kilo and Yankee, sending you 3
