ChatterBot Kilo round 1
ChatterBot Uniform round 1
ChatterBot Oscar round 1
ChatterBot X-ray round 1
ChatterBot Tango round 1
ChatterBot Mike round 1
ChatterBot Lima round 1
ChatterBot Victor round 1
ChatterBot Golf round 1
ChatterBot November round 1
randomSelections Oscar: {Oscar, November, Tango, Golf, Kilo, Uniform, Mike, Lima} 
2024-10-14 23:05:46.178026 Oscar: Group up?
ChatterBot November reevaluating
ChatterBot Tango reevaluating
ChatterBot Golf reevaluating
ChatterBot Kilo reevaluating
ChatterBot Uniform reevaluating
ChatterBot Mike reevaluating
ChatterBot Lima reevaluating
2024-10-14 23:05:46.247029 November: Yes
2024-10-14 23:05:46.247252 Tango: Yes
2024-10-14 23:05:46.247410 Golf: Yes
2024-10-14 23:05:46.247518 Kilo: Yes
2024-10-14 23:05:46.247746 Uniform: Yes
2024-10-14 23:05:46.249040 Mike: Yes
2024-10-14 23:05:46.249197 Lima: Yes
ChatterBot Tango reevaluating
ChatterBot Golf reevaluating
ChatterBot Kilo reevaluating
ChatterBot Uniform reevaluating
ChatterBot Mike reevaluating
ChatterBot Lima reevaluating
ChatterBot November reevaluating
ChatterBot Golf reevaluating
ChatterBot Kilo reevaluating
ChatterBot Uniform reevaluating
ChatterBot Mike reevaluating
ChatterBot Lima reevaluating
ChatterBot November reevaluating
ChatterBot Tango reevaluating
ChatterBot Kilo reevaluating
ChatterBot Uniform reevaluating
ChatterBot Mike reevaluating
ChatterBot Lima reevaluating
ChatterBot November reevaluating
ChatterBot Tango reevaluating
ChatterBot Golf reevaluating
ChatterBot Uniform reevaluating
ChatterBot Mike reevaluating
ChatterBot Lima reevaluating
ChatterBot November reevaluating
ChatterBot Tango reevaluating
ChatterBot Golf reevaluating
ChatterBot Kilo reevaluating
ChatterBot Mike reevaluating
ChatterBot Lima reevaluating
ChatterBot November reevaluating
ChatterBot Tango reevaluating
ChatterBot Golf reevaluating
ChatterBot Kilo reevaluating
ChatterBot Uniform reevaluating
ChatterBot Lima reevaluating
ChatterBot November reevaluating
ChatterBot Tango reevaluating
ChatterBot Golf reevaluating
ChatterBot Kilo reevaluating
ChatterBot Uniform reevaluating
ChatterBot Mike reevaluating
randomSelections X-ray: {X-ray, Victor, Oscar, Uniform, Tango, Golf} 
2024-10-14 23:05:46.364758 X-ray: We would work well together
ChatterBot Victor reevaluating
ChatterBot Uniform reevaluating
ChatterBot Tango reevaluating
ChatterBot Golf reevaluating
2024-10-14 23:05:46.376425 Victor: Yes
2024-10-14 23:05:46.376642 Oscar: No
2024-10-14 23:05:46.376922 Uniform: No
2024-10-14 23:05:46.377700 Tango: No
2024-10-14 23:05:46.377989 Golf: No
ChatterBot Uniform reevaluating
ChatterBot Tango reevaluating
ChatterBot Golf reevaluating
ChatterBot Victor reevaluating
ChatterBot Uniform reevaluating
ChatterBot Tango reevaluating
ChatterBot Golf reevaluating
ChatterBot Victor reevaluating
ChatterBot Tango reevaluating
ChatterBot Golf reevaluating
ChatterBot Victor reevaluating
ChatterBot Uniform reevaluating
ChatterBot Golf reevaluating
ChatterBot Victor reevaluating
ChatterBot Uniform reevaluating
ChatterBot Tango reevaluating
2024-10-14 23:05:46.456691 Kilo: Uniform, Tango, Lima and November, sending you 3
2024-10-14 23:05:46.458875 X-ray: Uniform, sending you 1
2024-10-14 23:05:46.461278 Mike: Kilo and Tango, sending you 5
2024-10-14 23:05:46.462597 Victor: Uniform, sending you 6
2024-10-14 23:05:46.464642 Lima: Uniform, Oscar and Mike, sending you 1
2024-10-14 23:05:46.465313 Kilo: Mike and Golf, sending you 2
2024-10-14 23:05:46.467558 X-ray: Oscar and Golf, sending you 3
2024-10-14 23:05:46.468087 Mike: Uniform and November, sending you 2
2024-10-14 23:05:46.468505 Uniform: Oscar, sending you 2
2024-10-14 23:05:46.468864 Victor: Oscar and Tango, sending you 3
2024-10-14 23:05:46.470526 Golf: Kilo and Uniform, sending you 4
2024-10-14 23:05:46.471292 November: Kilo, sending you 5
2024-10-14 23:05:46.473001 Oscar: Kilo, sending you 4
2024-10-14 23:05:46.473679 Tango: Kilo and Mike, sending you 1
2024-10-14 23:05:46.474651 X-ray: Tango, sending you 2
2024-10-14 23:05:46.476680 Mike: Oscar, Lima and Golf, sending you 1
2024-10-14 23:05:46.477263 Uniform: Mike, Golf and November, sending you 1
2024-10-14 23:05:46.479105 Victor: Golf, sending you 5
2024-10-14 23:05:46.479742 Golf: Oscar and Lima, sending you 2
2024-10-14 23:05:46.480258 November: Uniform, sending you 4
2024-10-14 23:05:46.480619 Oscar: Uniform and Mike, sending you 1
2024-10-14 23:05:46.482291 Tango: Uniform and Golf, sending you 3
2024-10-14 23:05:46.482826 X-ray: Victor, sending you 4
2024-10-14 23:05:46.483276 Golf: Tango and November, sending you 1
2024-10-14 23:05:46.485309 November: Oscar and Lima, sending you 2
2024-10-14 23:05:46.485848 Oscar: Tango, Lima and Golf, sending you 3
2024-10-14 23:05:46.486369 Tango: Oscar, sending you 6
2024-10-14 23:05:46.491076 Golf: Mike, sending you 3
2024-10-14 23:05:46.491562 November: Tango and Golf, sending you 1
2024-10-14 23:05:46.493103 Oscar: November, sending you 2
2024-10-14 23:05:46.493632 Tango: Lima, sending you 2
chatterbot Mike submitting transactions
chatterbot Kilo submitting transactions
chatterbot Oscar submitting transactions
chatterbot X-ray submitting transactions
chatterbot Golf submitting transactions
chatterbot Victor submitting transactions
chatterbot Uniform submitting transactions
chatterbot November submitting transactions
chatterbot Tango submitting transactions
chatterbot Lima submitting transactions
ChatterBot Kilo round 2
ChatterBot Uniform round 2
2024-10-14 23:05:47.496587 Uniform: We should add Victor
ChatterBot Oscar reevaluating
ChatterBot November reevaluating
ChatterBot Tango reevaluating
ChatterBot Golf reevaluating
ChatterBot Kilo reevaluating
ChatterBot Mike reevaluating
ChatterBot Lima reevaluating
2024-10-14 23:05:47.558031 Oscar: Yes
2024-10-14 23:05:47.558196 November: No
2024-10-14 23:05:47.558297 Tango: No
2024-10-14 23:05:47.558390 Golf: No
2024-10-14 23:05:47.558488 Kilo: No
2024-10-14 23:05:47.558581 Mike: No
2024-10-14 23:05:47.558680 Lima: No
ChatterBot November reevaluating
ChatterBot Tango reevaluating
ChatterBot Golf reevaluating
ChatterBot Kilo reevaluating
ChatterBot Mike reevaluating
ChatterBot Lima reevaluating
ChatterBot Oscar reevaluating
ChatterBot Tango reevaluating
ChatterBot Golf reevaluating
ChatterBot Kilo reevaluating
ChatterBot Mike reevaluating
ChatterBot Lima reevaluating
ChatterBot Oscar reevaluating
ChatterBot November reevaluating
ChatterBot Golf reevaluating
ChatterBot Kilo reevaluating
ChatterBot Mike reevaluating
ChatterBot Lima reevaluating
ChatterBot Oscar reevaluating
ChatterBot November reevaluating
ChatterBot Tango reevaluating
ChatterBot Kilo reevaluating
ChatterBot Uniform reevaluating
ChatterBot Mike reevaluating
ChatterBot Lima reevaluating
ChatterBot Oscar reevaluating
ChatterBot November reevaluating
ChatterBot Tango reevaluating
ChatterBot Golf reevaluating
ChatterBot Uniform reevaluating
ChatterBot Mike reevaluating
ChatterBot Lima reevaluating
ChatterBot Oscar reevaluating
ChatterBot November reevaluating
ChatterBot Tango reevaluating
ChatterBot Golf reevaluating
ChatterBot Kilo reevaluating
ChatterBot Uniform reevaluating
ChatterBot Lima reevaluating
ChatterBot Oscar reevaluating
ChatterBot November reevaluating
ChatterBot Tango reevaluating
ChatterBot Golf reevaluating
ChatterBot Kilo reevaluating
ChatterBot Uniform reevaluating
ChatterBot Mike reevaluating
ChatterBot Oscar round 2
ChatterBot X-ray round 2
ChatterBot Tango round 2
ChatterBot Mike round 2
ChatterBot Lima round 2
ChatterBot Victor round 2
ChatterBot Golf round 2
ChatterBot November round 2
2024-10-14 23:05:48.160537 Tango: We should add Victor
ChatterBot Oscar reevaluating
ChatterBot November reevaluating
ChatterBot Golf reevaluating
ChatterBot Uniform reevaluating
ChatterBot Mike reevaluating
2024-10-14 23:05:48.219431 Oscar: Yes
2024-10-14 23:05:48.219700 November: No
2024-10-14 23:05:48.219893 Golf: Yes
2024-10-14 23:05:48.220080 Kilo: No
2024-10-14 23:05:48.220235 Uniform: No
2024-10-14 23:05:48.220387 Mike: No
2024-10-14 23:05:48.221118 Lima: No
ChatterBot November reevaluating
ChatterBot Golf reevaluating
ChatterBot Uniform reevaluating
ChatterBot Mike reevaluating
ChatterBot Oscar reevaluating
ChatterBot Golf reevaluating
ChatterBot Uniform reevaluating
ChatterBot Mike reevaluating
ChatterBot Oscar reevaluating
ChatterBot November reevaluating
ChatterBot Uniform reevaluating
ChatterBot Mike reevaluating
ChatterBot Oscar reevaluating
ChatterBot November reevaluating
ChatterBot Golf reevaluating
ChatterBot Uniform reevaluating
ChatterBot Mike reevaluating
ChatterBot Oscar reevaluating
ChatterBot November reevaluating
ChatterBot Golf reevaluating
ChatterBot Mike reevaluating
ChatterBot Oscar reevaluating
ChatterBot November reevaluating
ChatterBot Tango reevaluating
ChatterBot Golf reevaluating
ChatterBot Uniform reevaluating
ChatterBot Oscar reevaluating
ChatterBot November reevaluating
ChatterBot Tango reevaluating
ChatterBot Golf reevaluating
ChatterBot Uniform reevaluating
ChatterBot Mike reevaluating
2024-10-14 23:05:48.701879 Golf: We should add X-ray and Victor
ChatterBot Oscar reevaluating
ChatterBot November reevaluating
ChatterBot Tango reevaluating
ChatterBot Uniform reevaluating
ChatterBot Mike reevaluating
ChatterBot Lima reevaluating
2024-10-14 23:05:48.761024 Oscar: Yes
2024-10-14 23:05:48.761777 November: No
2024-10-14 23:05:48.761940 Tango: Yes
2024-10-14 23:05:48.762176 Kilo: No
2024-10-14 23:05:48.762473 Uniform: Yes
2024-10-14 23:05:48.763220 Mike: No
2024-10-14 23:05:48.763509 Lima: No
ChatterBot November reevaluating
ChatterBot Tango reevaluating
ChatterBot Golf reevaluating
ChatterBot Uniform reevaluating
ChatterBot Mike reevaluating
ChatterBot Lima reevaluating
ChatterBot Oscar reevaluating
ChatterBot Tango reevaluating
ChatterBot Golf reevaluating
ChatterBot Uniform reevaluating
ChatterBot Mike reevaluating
ChatterBot Lima reevaluating
ChatterBot Oscar reevaluating
ChatterBot November reevaluating
ChatterBot Golf reevaluating
ChatterBot Uniform reevaluating
ChatterBot Mike reevaluating
ChatterBot Lima reevaluating
ChatterBot Oscar reevaluating
ChatterBot November reevaluating
ChatterBot Tango reevaluating
ChatterBot Golf reevaluating
ChatterBot Uniform reevaluating
ChatterBot Mike reevaluating
ChatterBot Lima reevaluating
ChatterBot Oscar reevaluating
ChatterBot November reevaluating
ChatterBot Tango reevaluating
ChatterBot Golf reevaluating
ChatterBot Mike reevaluating
ChatterBot Lima reevaluating
ChatterBot Oscar reevaluating
ChatterBot November reevaluating
ChatterBot Tango reevaluating
ChatterBot Golf reevaluating
ChatterBot Uniform reevaluating
ChatterBot Lima reevaluating
ChatterBot Oscar reevaluating
ChatterBot November reevaluating
ChatterBot Tango reevaluating
ChatterBot Golf reevaluating
ChatterBot Uniform reevaluating
ChatterBot Mike reevaluating
2024-10-14 23:05:49.185778 Victor: We should group up
ChatterBot X-ray reevaluating
ChatterBot Uniform reevaluating
2024-10-14 23:05:49.195284 X-ray: Yes
2024-10-14 23:05:49.195413 Uniform: No
ChatterBot Uniform reevaluating
ChatterBot X-ray reevaluating
2024-10-14 23:05:49.244224 Uniform: We should drop Lima
ChatterBot Oscar reevaluating
2024-10-14 23:05:49.270808 Oscar: No
2024-10-14 23:05:49.271057 Tango: No
2024-10-14 23:05:49.271237 Kilo: Yes
2024-10-14 23:05:49.271452 Mike: Yes
2024-10-14 23:05:49.271584 Golf: No
2024-10-14 23:05:49.272118 November: Yes
ChatterBot Uniform reevaluating
ChatterBot Uniform reevaluating
ChatterBot Oscar reevaluating
ChatterBot Uniform reevaluating
ChatterBot Oscar reevaluating
ChatterBot Uniform reevaluating
ChatterBot Oscar reevaluating
ChatterBot Uniform reevaluating
ChatterBot Oscar reevaluating
ChatterBot Uniform reevaluating
ChatterBot Oscar reevaluating
2024-10-14 23:05:49.447983 Golf: X-ray and Victor we want you to join our group
ChatterBot X-ray reevaluating
ChatterBot Victor reevaluating
2024-10-14 23:05:49.457435 X-ray: No
2024-10-14 23:05:49.457589 Victor: No
ChatterBot Victor reevaluating
ChatterBot Oscar reevaluating
ChatterBot Uniform reevaluating
ChatterBot X-ray reevaluating
ChatterBot Oscar reevaluating
ChatterBot Uniform reevaluating
2024-10-14 23:05:49.547154 Tango: Victor we want you to join our group
ChatterBot Victor reevaluating
2024-10-14 23:05:49.551927 Victor: No
ChatterBot Oscar reevaluating
ChatterBot Uniform reevaluating
2024-10-14 23:05:49.897433 Lima: Kilo, Oscar, Tango, Mike, Golf and November, sending you 1
chatterbot Tango submitting transactions
chatterbot Golf submitting transactions
chatterbot Kilo submitting transactions
2024-10-14 23:05:49.943378 X-ray: Kilo, Uniform, Oscar, Tango, Mike, Lima, Victor and Golf, sending you 2
2024-10-14 23:05:49.945744 Kilo: Uniform and Tango, sending you 1
2024-10-14 23:05:49.947496 November: Kilo, sending you 4
2024-10-14 23:05:49.949109 Golf: Kilo, Uniform, Oscar, X-ray, Tango, Mike and November, sending you 2
2024-10-14 23:05:49.950983 Mike: Kilo, sending you 4
2024-10-14 23:05:49.951926 Tango: Kilo, Oscar and Victor, sending you 4
2024-10-14 23:05:49.953299 X-ray: November, sending you 1
chatterbot Oscar submitting transactions
2024-10-14 23:05:49.954972 Kilo: Oscar, Mike and Golf, sending you 3
2024-10-14 23:05:49.955448 November: Uniform and Golf, sending you 2
2024-10-14 23:05:49.957083 Golf: Lima, sending you 1
2024-10-14 23:05:49.957776 Mike: Uniform, Oscar and Tango, sending you 2
2024-10-14 23:05:49.958860 Tango: Mike, sending you 6
2024-10-14 23:05:49.959319 Victor: X-ray, sending you 9
2024-10-14 23:05:49.959654 Kilo: November, sending you 4
2024-10-14 23:05:49.960713 Golf: Victor, sending you 3
2024-10-14 23:05:49.978867 November: Oscar and Mike, sending you 3
2024-10-14 23:05:49.979321 Mike: Golf, sending you 6
2024-10-14 23:05:49.981006 Tango: Golf, sending you 1
2024-10-14 23:05:49.981569 Victor: Lima, sending you 3
2024-10-14 23:05:49.981851 Oscar: Uniform, Golf and November, sending you 3
2024-10-14 23:05:49.983110 Uniform: Kilo, Tango, Mike, Golf and November, sending you 1
2024-10-14 23:05:49.983602 November: Tango, sending you 1
2024-10-14 23:05:49.984093 Mike: November, sending you 1
2024-10-14 23:05:49.997147 Oscar: Tango, sending you 5
2024-10-14 23:05:50.010426 Oscar: Mike, sending you 2
chatterbot X-ray submitting transactions
chatterbot Mike submitting transactions
chatterbot Victor submitting transactions
chatterbot Lima submitting transactions
chatterbot Uniform submitting transactions
chatterbot November submitting transactions
ChatterBot Kilo round 3
ChatterBot Uniform round 3
ChatterBot Oscar round 3
ChatterBot X-ray round 3
ChatterBot Tango round 3
ChatterBot Mike round 3
ChatterBot Lima round 3
ChatterBot Victor round 3
ChatterBot Golf round 3
ChatterBot November round 3
2024-10-14 23:05:51.129201 Tango: We should replace Lima with X-ray
ChatterBot Oscar reevaluating
ChatterBot Mike reevaluating
ChatterBot Golf reevaluating
ChatterBot November reevaluating
ChatterBot Victor reevaluating
2024-10-14 23:05:51.162451 Kilo: No
2024-10-14 23:05:51.162642 Uniform: No
2024-10-14 23:05:51.162777 Oscar: No
2024-10-14 23:05:51.162923 Mike: No
2024-10-14 23:05:51.163513 Golf: Yes
2024-10-14 23:05:51.163661 November: No
2024-10-14 23:05:51.163797 Victor: Yes
ChatterBot Oscar reevaluating
ChatterBot Mike reevaluating
ChatterBot Golf reevaluating
ChatterBot November reevaluating
ChatterBot Victor reevaluating
ChatterBot Oscar reevaluating
ChatterBot Mike reevaluating
ChatterBot Golf reevaluating
ChatterBot November reevaluating
ChatterBot Victor reevaluating
ChatterBot Mike reevaluating
ChatterBot Golf reevaluating
ChatterBot November reevaluating
ChatterBot Victor reevaluating
ChatterBot Oscar reevaluating
ChatterBot Golf reevaluating
ChatterBot November reevaluating
ChatterBot Victor reevaluating
ChatterBot Oscar reevaluating
ChatterBot Mike reevaluating
ChatterBot November reevaluating
ChatterBot Victor reevaluating
ChatterBot Oscar reevaluating
ChatterBot Mike reevaluating
ChatterBot Golf reevaluating
ChatterBot Victor reevaluating
ChatterBot Oscar reevaluating
ChatterBot Mike reevaluating
ChatterBot Golf reevaluating
ChatterBot November reevaluating
2024-10-14 23:05:51.599115 Tango: X-ray we want you to join our group
2024-10-14 23:05:51.606951 X-ray: Yes
ChatterBot Victor reevaluating
ChatterBot Oscar reevaluating
ChatterBot Mike reevaluating
ChatterBot Golf reevaluating
ChatterBot November reevaluating
2024-10-14 23:05:51.671179 X-ray: We should drop Lima
2024-10-14 23:05:51.729594 Victor: Yes
2024-10-14 23:05:51.730411 Kilo: Yes
2024-10-14 23:05:51.730675 Uniform: Yes
2024-10-14 23:05:51.731071 Oscar: Yes
2024-10-14 23:05:51.731951 Tango: Yes
2024-10-14 23:05:51.732191 Mike: Yes
2024-10-14 23:05:51.732454 Golf: Yes
2024-10-14 23:05:51.732763 November: Yes
ChatterBot Uniform reevaluating
ChatterBot Uniform reevaluating
ChatterBot Uniform reevaluating
ChatterBot Uniform reevaluating
ChatterBot Uniform reevaluating
ChatterBot Uniform reevaluating
ChatterBot Oscar reevaluating
ChatterBot Uniform reevaluating
ChatterBot Oscar reevaluating
2024-10-14 23:05:52.181393 Uniform: We should add X-ray and Victor
ChatterBot Oscar reevaluating
2024-10-14 23:05:52.218573 Oscar: Yes
2024-10-14 23:05:52.218796 Tango: Yes
2024-10-14 23:05:52.218954 Kilo: No
2024-10-14 23:05:52.219112 Mike: No
2024-10-14 23:05:52.219296 Golf: Yes
2024-10-14 23:05:52.219457 November: No
ChatterBot Uniform reevaluating
ChatterBot Uniform reevaluating
ChatterBot Oscar reevaluating
ChatterBot Uniform reevaluating
ChatterBot Oscar reevaluating
ChatterBot Uniform reevaluating
ChatterBot Oscar reevaluating
ChatterBot Uniform reevaluating
ChatterBot Oscar reevaluating
ChatterBot Uniform reevaluating
ChatterBot Oscar reevaluating
2024-10-14 23:05:52.577573 Mike: We should drop Uniform
ChatterBot Oscar reevaluating
2024-10-14 23:05:52.614208 Kilo: No
2024-10-14 23:05:52.614673 Oscar: No
2024-10-14 23:05:52.615419 Tango: No
2024-10-14 23:05:52.615653 Golf: No
2024-10-14 23:05:52.615901 November: No
ChatterBot Oscar reevaluating
ChatterBot Oscar reevaluating
ChatterBot Oscar reevaluating
ChatterBot Oscar reevaluating
chatterbot Uniform submitting transactions
chatterbot Kilo submitting transactions
chatterbot Tango submitting transactions
2024-10-14 23:05:52.795558 Kilo: Oscar, sending you 2
2024-10-14 23:05:52.833635 Kilo: Tango, Golf and November, sending you 3
2024-10-14 23:05:52.835003 November: Kilo, sending you 5
2024-10-14 23:05:52.836251 Victor: Kilo, Mike and November, sending you 1
2024-10-14 23:05:52.836900 Lima: Sending you each 1
2024-10-14 23:05:52.838516 Tango: Kilo, X-ray and Golf, sending you 2
2024-10-14 23:05:52.839138 Uniform: X-ray and Victor we want you to join our group
2024-10-14 23:05:52.854727 Victor: Yes
2024-10-14 23:05:52.854972 X-ray: Yes
ChatterBot Kilo reevaluating
ChatterBot Kilo reevaluating
2024-10-14 23:05:52.940139 November: Uniform, Mike and Golf, sending you 2
2024-10-14 23:05:52.940713 Victor: X-ray and Tango, sending you 5
2024-10-14 23:05:52.941595 X-ray: Kilo, Uniform, Tango, Mike and November, sending you 1
2024-10-14 23:05:52.942164 Tango: Uniform, Victor and November, sending you 1
2024-10-14 23:05:52.943165 Golf: Kilo, Uniform, X-ray, Tango, Victor and November, sending you 2
2024-10-14 23:05:52.943725 Mike: Kilo, sending you 4
2024-10-14 23:05:52.989154 November: Oscar, sending you 3
2024-10-14 23:05:52.990282 Victor: Golf, sending you 4
2024-10-14 23:05:52.990693 X-ray: Victor, sending you 4
2024-10-14 23:05:52.991541 Golf: Oscar and Mike, sending you 3
2024-10-14 23:05:52.991961 Mike: Oscar and Golf, sending you 3
2024-10-14 23:05:52.992234 Tango: Oscar, sending you 6
2024-10-14 23:05:52.992642 Kilo: X-ray and Victor we want you to join our group
2024-10-14 23:05:53.001605 Victor: Yes
2024-10-14 23:05:53.001765 X-ray: Yes
ChatterBot Kilo reevaluating
ChatterBot Oscar reevaluating
ChatterBot Kilo reevaluating
ChatterBot Oscar reevaluating
2024-10-14 23:05:53.070103 November: Tango, sending you 1
2024-10-14 23:05:53.070645 X-ray: Golf, sending you 3
2024-10-14 23:05:53.071075 Mike: Tango, sending you 5
2024-10-14 23:05:53.071885 Tango: Mike, sending you 4
2024-10-14 23:05:53.098721 Uniform: Kilo, Oscar, Victor, Golf and November, sending you 1
2024-10-14 23:05:53.099656 Mike: November, sending you 2
2024-10-14 23:05:53.217103 Oscar: Kilo, Uniform and Mike, sending you 2
2024-10-14 23:05:53.217657 Kilo: Uniform and X-ray, sending you 1
2024-10-14 23:05:53.462872 Oscar: Tango, sending you 5
2024-10-14 23:05:53.464344 Kilo: Oscar and Tango, sending you 2
chatterbot November submitting transactions
chatterbot Lima submitting transactions
chatterbot Victor submitting transactions
2024-10-14 23:05:53.521659 Oscar: Golf and November, sending you 3
2024-10-14 23:05:53.523261 Kilo: Mike, Golf and November, sending you 3
chatterbot Mike submitting transactions
chatterbot X-ray submitting transactions
chatterbot Uniform submitting transactions
chatterbot Golf submitting transactions
chatterbot Kilo submitting transactions
chatterbot Oscar submitting transactions
ChatterBot Kilo round 4
ChatterBot Uniform round 4
ChatterBot Oscar round 4
ChatterBot X-ray round 4
ChatterBot Tango round 4
ChatterBot Mike round 4
ChatterBot Lima round 4
ChatterBot Victor round 4
ChatterBot Golf round 4
ChatterBot November round 4
2024-10-14 23:05:54.327433 Kilo: We should drop Uniform
ChatterBot Oscar reevaluating
ChatterBot Tango reevaluating
ChatterBot Golf reevaluating
ChatterBot November reevaluating
ChatterBot Victor reevaluating
2024-10-14 23:05:54.362252 Oscar: Yes
2024-10-14 23:05:54.362994 Tango: No
2024-10-14 23:05:54.363125 Mike: Yes
2024-10-14 23:05:54.363246 Golf: Yes
2024-10-14 23:05:54.363360 November: Yes
2024-10-14 23:05:54.363476 X-ray: No
2024-10-14 23:05:54.363588 Victor: No
ChatterBot Tango reevaluating
ChatterBot Golf reevaluating
ChatterBot November reevaluating
ChatterBot Victor reevaluating
ChatterBot Oscar reevaluating
ChatterBot Golf reevaluating
ChatterBot November reevaluating
ChatterBot Victor reevaluating
ChatterBot Oscar reevaluating
ChatterBot Tango reevaluating
ChatterBot Golf reevaluating
ChatterBot November reevaluating
ChatterBot Victor reevaluating
ChatterBot Oscar reevaluating
ChatterBot Tango reevaluating
ChatterBot November reevaluating
ChatterBot Victor reevaluating
ChatterBot Oscar reevaluating
ChatterBot Tango reevaluating
ChatterBot Golf reevaluating
ChatterBot Victor reevaluating
ChatterBot Oscar reevaluating
ChatterBot Tango reevaluating
ChatterBot Golf reevaluating
ChatterBot November reevaluating
ChatterBot Victor reevaluating
ChatterBot Oscar reevaluating
ChatterBot Tango reevaluating
ChatterBot Golf reevaluating
ChatterBot November reevaluating
2024-10-14 23:05:54.753184 Lima: We should drop Uniform
ChatterBot Oscar reevaluating
ChatterBot Tango reevaluating
ChatterBot Golf reevaluating
ChatterBot November reevaluating
2024-10-14 23:05:54.785220 Kilo: Yes
2024-10-14 23:05:54.785527 Oscar: Yes
2024-10-14 23:05:54.785701 Tango: No
2024-10-14 23:05:54.786532 Mike: Yes
2024-10-14 23:05:54.786751 Golf: Yes
2024-10-14 23:05:54.787029 November: Yes
ChatterBot Oscar reevaluating
ChatterBot Tango reevaluating
ChatterBot Golf reevaluating
ChatterBot November reevaluating
ChatterBot Tango reevaluating
ChatterBot Golf reevaluating
ChatterBot November reevaluating
ChatterBot Oscar reevaluating
ChatterBot Golf reevaluating
ChatterBot November reevaluating
ChatterBot Oscar reevaluating
ChatterBot Tango reevaluating
ChatterBot Golf reevaluating
ChatterBot November reevaluating
ChatterBot Oscar reevaluating
ChatterBot Tango reevaluating
ChatterBot November reevaluating
ChatterBot Oscar reevaluating
ChatterBot Tango reevaluating
ChatterBot Golf reevaluating
2024-10-14 23:05:55.006660 Victor: Kilo, Mike and November, sending you 1
2024-10-14 23:05:55.009678 Lima: Same as last round
2024-10-14 23:05:55.010473 Victor: X-ray, sending you 6
2024-10-14 23:05:55.012694 X-ray: Kilo, Uniform, Oscar, Mike and November, sending you 1
2024-10-14 23:05:55.013963 Tango: Kilo and Golf, sending you 2
2024-10-14 23:05:55.014976 Uniform: Kilo, Oscar, Victor, Golf and November, sending you 1
2024-10-14 23:05:55.016168 Mike: Kilo, Tango and Golf, sending you 4
2024-10-14 23:05:55.016698 Victor: Tango and Golf, sending you 4
2024-10-14 23:05:55.017287 Kilo: Oscar, Tango and Golf, sending you 2
2024-10-14 23:05:55.018477 Golf: Kilo, Oscar, Mike and Victor, sending you 3
2024-10-14 23:05:55.019268 X-ray: Tango, sending you 2
2024-10-14 23:05:55.020715 Tango: Oscar, sending you 6
2024-10-14 23:05:55.021241 Oscar: Kilo, X-ray and Mike, sending you 2
2024-10-14 23:05:55.021707 November: Kilo, sending you 5
2024-10-14 23:05:55.022357 Mike: Oscar, sending you 3
2024-10-14 23:05:55.023390 Kilo: X-ray and Victor, sending you 1
2024-10-14 23:05:55.023800 Golf: X-ray, Tango and November, sending you 2
2024-10-14 23:05:55.024353 X-ray: Victor, sending you 4
2024-10-14 23:05:55.025663 Tango: X-ray and November, sending you 1
2024-10-14 23:05:55.026692 Oscar: Tango, sending you 5
2024-10-14 23:05:55.027325 November: Oscar, sending you 3
2024-10-14 23:05:55.028242 Mike: November, sending you 2
2024-10-14 23:05:55.028587 Kilo: Mike, sending you 4
2024-10-14 23:05:55.029689 X-ray: Golf, sending you 3
2024-10-14 23:05:55.030868 Tango: Mike, sending you 4
2024-10-14 23:05:55.031310 November: X-ray, Tango and Victor, sending you 1
2024-10-14 23:05:55.031742 Oscar: Golf and November, sending you 3
2024-10-14 23:05:55.033696 Kilo: November, sending you 3
2024-10-14 23:05:55.035676 Tango: Victor, sending you 3
2024-10-14 23:05:55.036702 November: Mike and Golf, sending you 2
chatterbot X-ray submitting transactions
chatterbot Kilo submitting transactions
chatterbot Victor submitting transactions
chatterbot Lima submitting transactions
chatterbot Tango submitting transactions
chatterbot Oscar submitting transactions
chatterbot Uniform submitting transactions
chatterbot November submitting transactions
chatterbot Mike submitting transactions
chatterbot Golf submitting transactions
ChatterBot Kilo round 5
ChatterBot Uniform round 5
ChatterBot Oscar round 5
ChatterBot X-ray round 5
ChatterBot Tango round 5
ChatterBot Mike round 5
ChatterBot Lima round 5
ChatterBot Victor round 5
ChatterBot Golf round 5
ChatterBot November round 5
2024-10-14 23:05:56.315684 Oscar: Kilo and Mike, sending you 2
2024-10-14 23:05:56.318020 X-ray: Kilo, Oscar and Tango, sending you 2
2024-10-14 23:05:56.321538 Mike: Kilo and Tango, sending you 4
2024-10-14 23:05:56.322778 Oscar: X-ray and Victor, sending you 1
2024-10-14 23:05:56.324673 Kilo: Oscar and Tango, sending you 2
2024-10-14 23:05:56.325930 X-ray: Mike and November, sending you 1
2024-10-14 23:05:56.328030 Tango: Kilo and Golf, sending you 2
2024-10-14 23:05:56.329733 Mike: Oscar, Golf and November, sending you 3
2024-10-14 23:05:56.330859 Uniform: Kilo, Oscar, X-ray, Golf and November, sending you 1
2024-10-14 23:05:56.332887 Lima: Same as last round
2024-10-14 23:05:56.334893 Victor: Kilo, Oscar, Mike and November, sending you 1
2024-10-14 23:05:56.336878 November: Kilo, sending you 5
2024-10-14 23:05:56.338277 Golf: Kilo, Oscar, Mike and Victor, sending you 3
2024-10-14 23:05:56.340497 Oscar: Tango, sending you 5
2024-10-14 23:05:56.342295 Kilo: X-ray, sending you 1
2024-10-14 23:05:56.344003 X-ray: Victor, sending you 4
2024-10-14 23:05:56.345990 Tango: Oscar, sending you 6
2024-10-14 23:05:56.347195 Victor: X-ray, sending you 5
2024-10-14 23:05:56.348850 November: Oscar, sending you 3
2024-10-14 23:05:56.350869 Golf: X-ray, Tango and November, sending you 2
2024-10-14 23:05:56.352641 Oscar: Golf and November, sending you 3
2024-10-14 23:05:56.365949 Kilo: Mike, sending you 4
2024-10-14 23:05:56.369393 X-ray: Golf, sending you 3
2024-10-14 23:05:56.371135 Tango: X-ray and November, sending you 1
2024-10-14 23:05:56.373463 Victor: Tango and Golf, sending you 4
2024-10-14 23:05:56.375213 November: X-ray, Tango and Victor, sending you 1
2024-10-14 23:05:56.377397 Kilo: Golf and November, sending you 3
2024-10-14 23:05:56.379799 Tango: Mike, sending you 4
2024-10-14 23:05:56.382700 November: Mike and Golf, sending you 2
2024-10-14 23:05:56.385842 Tango: Victor, sending you 3
chatterbot Tango submitting transactions
chatterbot Victor submitting transactions
chatterbot Oscar submitting transactions
chatterbot Kilo submitting transactions
chatterbot Golf submitting transactions
chatterbot Mike submitting transactions
chatterbot Uniform submitting transactions
chatterbot X-ray submitting transactions
chatterbot Lima submitting transactions
chatterbot November submitting transactions
ChatterBot Kilo round 6
ChatterBot Uniform round 6
ChatterBot Oscar round 6
ChatterBot X-ray round 6
ChatterBot Tango round 6
ChatterBot Mike round 6
ChatterBot Lima round 6
ChatterBot Victor round 6
ChatterBot Golf round 6
ChatterBot November round 6
2024-10-14 23:05:57.585711 Uniform: Kilo, Oscar, X-ray, Golf and November, sending you 1
2024-10-14 23:05:57.592733 Tango: Kilo and Golf, sending you 2
2024-10-14 23:05:57.593701 Kilo: Oscar and Tango, sending you 2
2024-10-14 23:05:57.595154 Oscar: Kilo and Mike, sending you 2
2024-10-14 23:05:57.595872 X-ray: Kilo, Oscar and Tango, sending you 2
2024-10-14 23:05:57.597920 Kilo: X-ray and Victor, sending you 1
2024-10-14 23:05:57.598584 Mike: Kilo and Tango, sending you 4
2024-10-14 23:05:57.599234 Tango: Oscar, sending you 6
2024-10-14 23:05:57.600965 Oscar: X-ray and Victor, sending you 1
2024-10-14 23:05:57.601971 X-ray: Uniform, Mike and November, sending you 1
2024-10-14 23:05:57.603802 Kilo: Mike, Golf and November, sending you 3
2024-10-14 23:05:57.605128 Golf: Kilo, Oscar, Mike and Victor, sending you 3
2024-10-14 23:05:57.607132 Mike: Oscar, Golf and November, sending you 3
2024-10-14 23:05:57.607790 Lima: Same as last round
2024-10-14 23:05:57.609377 Victor: Kilo, Oscar, Mike and November, sending you 1
2024-10-14 23:05:57.610585 Tango: X-ray and November, sending you 1
2024-10-14 23:05:57.612215 Oscar: Tango, sending you 5
2024-10-14 23:05:57.613366 X-ray: Victor, sending you 4
2024-10-14 23:05:57.615252 Golf: X-ray, Tango and November, sending you 2
2024-10-14 23:05:57.617068 Victor: X-ray, sending you 5
2024-10-14 23:05:57.618292 Tango: Mike, sending you 4
2024-10-14 23:05:57.619946 Oscar: Golf and November, sending you 3
2024-10-14 23:05:57.620803 X-ray: Golf, sending you 3
2024-10-14 23:05:57.622511 November: Kilo and Oscar, sending you 4
2024-10-14 23:05:57.623725 Victor: Tango and Golf, sending you 4
2024-10-14 23:05:57.624954 Tango: Victor, sending you 3
2024-10-14 23:05:57.626773 November: X-ray, Tango and Victor, sending you 1
2024-10-14 23:05:57.630738 November: Mike and Golf, sending you 2
chatterbot November submitting transactions
chatterbot Victor submitting transactions
chatterbot Kilo submitting transactions
chatterbot Tango submitting transactions
chatterbot Uniform submitting transactions
chatterbot Golf submitting transactions
chatterbot Oscar submitting transactions
chatterbot Mike submitting transactions
chatterbot X-ray submitting transactions
chatterbot Lima submitting transactions
ChatterBot Kilo round 7
ChatterBot Uniform round 7
ChatterBot Oscar round 7
ChatterBot X-ray round 7
ChatterBot Tango round 7
ChatterBot Mike round 7
ChatterBot Lima round 7
ChatterBot Victor round 7
ChatterBot Golf round 7
ChatterBot November round 7
2024-10-14 23:05:58.851698 Lima: We should add X-ray and Victor
ChatterBot Mike reevaluating
ChatterBot Golf reevaluating
ChatterBot November reevaluating
2024-10-14 23:05:58.874986 Kilo: Yes
2024-10-14 23:05:58.875127 Oscar: Yes
2024-10-14 23:05:58.875232 Tango: Yes
2024-10-14 23:05:58.875332 Mike: Yes
2024-10-14 23:05:58.875432 Golf: Yes
2024-10-14 23:05:58.875541 November: Yes
ChatterBot Lima reevaluating
ChatterBot Mike reevaluating
ChatterBot Golf reevaluating
ChatterBot November reevaluating
ChatterBot Lima reevaluating
ChatterBot Mike reevaluating
ChatterBot Golf reevaluating
ChatterBot November reevaluating
ChatterBot Lima reevaluating
ChatterBot Mike reevaluating
ChatterBot Golf reevaluating
ChatterBot November reevaluating
ChatterBot Lima reevaluating
ChatterBot Golf reevaluating
ChatterBot November reevaluating
ChatterBot Lima reevaluating
ChatterBot Mike reevaluating
ChatterBot November reevaluating
ChatterBot Lima reevaluating
ChatterBot Mike reevaluating
ChatterBot Golf reevaluating
2024-10-14 23:05:58.986837 Mike: We should add Victor
ChatterBot Golf reevaluating
ChatterBot November reevaluating
2024-10-14 23:05:59.001880 Kilo: Yes
2024-10-14 23:05:59.001999 Oscar: Yes
2024-10-14 23:05:59.002097 Tango: Yes
2024-10-14 23:05:59.002185 Golf: Yes
2024-10-14 23:05:59.002271 November: Yes
ChatterBot Mike reevaluating
ChatterBot Golf reevaluating
ChatterBot November reevaluating
ChatterBot Mike reevaluating
ChatterBot Golf reevaluating
ChatterBot November reevaluating
ChatterBot Mike reevaluating
ChatterBot Golf reevaluating
ChatterBot November reevaluating
ChatterBot Mike reevaluating
ChatterBot November reevaluating
ChatterBot Mike reevaluating
ChatterBot Golf reevaluating
2024-10-14 23:05:59.087326 Mike: Victor we want you to join our group
2024-10-14 23:05:59.090863 Victor: Yes
2024-10-14 23:05:59.107446 Lima: X-ray and Victor we want you to join our group
2024-10-14 23:05:59.113217 X-ray: No
2024-10-14 23:05:59.113368 Victor: No
ChatterBot Lima reevaluating
ChatterBot Lima reevaluating
2024-10-14 23:05:59.169674 Kilo: Oscar and Tango, sending you 2
2024-10-14 23:05:59.171812 Oscar: Kilo, X-ray and Mike, sending you 2
2024-10-14 23:05:59.173834 Tango: Kilo and Golf, sending you 2
2024-10-14 23:05:59.175872 November: Kilo, sending you 4
2024-10-14 23:05:59.176867 Victor: Kilo, Oscar and Mike, sending you 1
2024-10-14 23:05:59.178282 Uniform: Kilo, Oscar, X-ray, Golf and November, sending you 1
2024-10-14 23:05:59.179325 X-ray: Kilo, Oscar and Tango, sending you 2
2024-10-14 23:05:59.180761 Kilo: X-ray and Victor, sending you 1
2024-10-14 23:05:59.181750 Oscar: Tango, sending you 5
2024-10-14 23:05:59.183412 Tango: Oscar, sending you 6
2024-10-14 23:05:59.184456 November: Oscar and Mike, sending you 3
2024-10-14 23:05:59.186212 Victor: X-ray, Tango and Golf, sending you 4
2024-10-14 23:05:59.187445 X-ray: Uniform, Mike and November, sending you 1
2024-10-14 23:05:59.188940 Mike: Kilo and Tango, sending you 4
2024-10-14 23:05:59.189650 Kilo: Mike, Golf and November, sending you 3
2024-10-14 23:05:59.191171 Tango: X-ray and November, sending you 1
2024-10-14 23:05:59.192452 Oscar: Golf and November, sending you 3
2024-10-14 23:05:59.194121 Victor: November, sending you 2
2024-10-14 23:05:59.195282 Golf: Kilo, Oscar, Mike and Victor, sending you 3
2024-10-14 23:05:59.196879 November: X-ray, Tango and Victor, sending you 1
2024-10-14 23:05:59.197968 X-ray: Victor, sending you 4
2024-10-14 23:05:59.199581 Mike: Oscar and Golf, sending you 3
2024-10-14 23:05:59.200297 Tango: Mike, sending you 4
2024-10-14 23:05:59.201803 Golf: X-ray, Tango and November, sending you 2
2024-10-14 23:05:59.203444 November: Golf, sending you 2
2024-10-14 23:05:59.205949 Lima: Sending you 1
2024-10-14 23:05:59.206315 X-ray: Golf, sending you 3
2024-10-14 23:05:59.207365 Mike: Victor, sending you 1
2024-10-14 23:05:59.208356 Tango: Victor, sending you 3
2024-10-14 23:05:59.210672 Mike: November, sending you 2
chatterbot X-ray submitting transactions
chatterbot Golf submitting transactions
chatterbot November submitting transactions
chatterbot Mike submitting transactions
chatterbot Tango submitting transactions
chatterbot Victor submitting transactions
chatterbot Oscar submitting transactions
chatterbot Uniform submitting transactions
chatterbot Lima submitting transactions
chatterbot Kilo submitting transactions
ChatterBot Kilo round 8
ChatterBot Uniform round 8
ChatterBot Oscar round 8
ChatterBot X-ray round 8
ChatterBot Tango round 8
ChatterBot Mike round 8
ChatterBot Lima round 8
ChatterBot Victor round 8
ChatterBot Golf round 8
ChatterBot November round 8
2024-10-14 23:06:00.094918 X-ray: We should drop Uniform
2024-10-14 23:06:00.115761 Kilo: Yes
2024-10-14 23:06:00.115979 Oscar: Yes
2024-10-14 23:06:00.116087 Tango: Yes
2024-10-14 23:06:00.116195 Mike: Yes
2024-10-14 23:06:00.116314 Golf: Yes
2024-10-14 23:06:00.116421 November: Yes
2024-10-14 23:06:00.116518 Victor: Yes
ChatterBot X-ray reevaluating
ChatterBot X-ray reevaluating
ChatterBot X-ray reevaluating
ChatterBot X-ray reevaluating
ChatterBot X-ray reevaluating
ChatterBot X-ray reevaluating
2024-10-14 23:06:00.272661 Tango: Kilo and Golf, sending you 2
2024-10-14 23:06:00.274335 Uniform: Kilo, Oscar, X-ray, Golf and November, sending you 1
2024-10-14 23:06:00.275351 Kilo: Oscar and Tango, sending you 2
2024-10-14 23:06:00.278891 Tango: Oscar, sending you 6
2024-10-14 23:06:00.280691 Kilo: X-ray and Victor, sending you 1
2024-10-14 23:06:00.282298 Oscar: Kilo, X-ray and Mike, sending you 2
2024-10-14 23:06:00.283351 Lima: Same as last round
2024-10-14 23:06:00.283780 Tango: X-ray and November, sending you 1
2024-10-14 23:06:00.284720 Mike: Kilo, Oscar, Golf and November, sending you 3
2024-10-14 23:06:00.285251 Kilo: Mike, Golf and November, sending you 3
2024-10-14 23:06:00.286667 Golf: Kilo, Oscar, Mike and Victor, sending you 3
2024-10-14 23:06:00.287763 Oscar: Tango, sending you 5
2024-10-14 23:06:00.288667 November: Kilo and Oscar, sending you 4
2024-10-14 23:06:00.289560 Mike: Tango, sending you 4
2024-10-14 23:06:00.290052 Tango: Mike, sending you 4
2024-10-14 23:06:00.290851 Victor: Kilo and November, sending you 2
2024-10-14 23:06:00.292388 Oscar: Golf and November, sending you 3
2024-10-14 23:06:00.293369 Golf: X-ray, Tango and November, sending you 2
2024-10-14 23:06:00.294365 November: X-ray, Tango and Victor, sending you 1
2024-10-14 23:06:00.295461 Mike: Victor, sending you 1
2024-10-14 23:06:00.295950 Tango: Victor, sending you 3
2024-10-14 23:06:00.296570 Victor: Oscar, sending you 1
2024-10-14 23:06:00.297796 November: Mike and Golf, sending you 2
2024-10-14 23:06:00.299598 X-ray: Kilo, Tango and November, sending you 2
2024-10-14 23:06:00.301658 Victor: X-ray, Tango and Golf, sending you 4
2024-10-14 23:06:00.302854 X-ray: Oscar and Golf, sending you 3
2024-10-14 23:06:00.306690 X-ray: Victor, sending you 4
chatterbot Kilo submitting transactions
chatterbot X-ray submitting transactions
chatterbot Uniform submitting transactions
chatterbot Oscar submitting transactions
chatterbot Golf submitting transactions
chatterbot Lima submitting transactions
chatterbot Victor submitting transactions
chatterbot Mike submitting transactions
chatterbot Tango submitting transactions
chatterbot November submitting transactions
ChatterBot Kilo round 9
ChatterBot Uniform round 9
ChatterBot Oscar round 9
ChatterBot X-ray round 9
ChatterBot Tango round 9
ChatterBot Mike round 9
ChatterBot Lima round 9
ChatterBot Victor round 9
ChatterBot Golf round 9
ChatterBot November round 9
2024-10-14 23:06:01.387551 X-ray: We should add Lima
2024-10-14 23:06:01.411902 Kilo: No
2024-10-14 23:06:01.412088 Oscar: No
2024-10-14 23:06:01.412222 Tango: No
2024-10-14 23:06:01.412349 Mike: No
2024-10-14 23:06:01.412816 Golf: No
2024-10-14 23:06:01.412954 November: No
2024-10-14 23:06:01.413073 Victor: No
ChatterBot X-ray reevaluating
ChatterBot X-ray reevaluating
ChatterBot X-ray reevaluating
ChatterBot X-ray reevaluating
ChatterBot X-ray reevaluating
ChatterBot X-ray reevaluating
ChatterBot X-ray reevaluating
2024-10-14 23:06:01.644928 Oscar: Kilo, X-ray and Mike, sending you 2
chatterbot Oscar submitting transactions
2024-10-14 23:06:01.648797 Kilo: Oscar and Tango, sending you 2
2024-10-14 23:06:01.650190 Oscar: Tango, sending you 4
2024-10-14 23:06:01.652391 Tango: Kilo and Golf, sending you 2
2024-10-14 23:06:01.657942 Victor: Kilo and November, sending you 2
2024-10-14 23:06:01.659188 Golf: Kilo, Oscar, Mike and Victor, sending you 3
2024-10-14 23:06:01.661009 Mike: Kilo, Oscar, Golf and November, sending you 3
