ChatterBot Foxtrot round 1
ChatterBot Charlie round 1
ChatterBot India round 1
ChatterBot Hotel round 1
ChatterBot Echo round 1
ChatterBot Bravo round 1
ChatterBot Golf round 1
ChatterBot Kilo round 1
ChatterBot Mike round 1
ChatterBot Alpha round 1
randomSelections Bravo: {Bravo, Kilo} 
2024-10-14 23:05:46.511835 Bravo: We would work well together
ChatterBot Kilo reevaluating
2024-10-14 23:05:46.516234 Kilo: Yes
randomSelections Golf: {Golf, Kilo, Hotel, Foxtrot, India, Mike} 
2024-10-14 23:05:46.522982 Golf: We would work well together
ChatterBot Kilo reevaluating
ChatterBot Hotel reevaluating
ChatterBot Foxtrot reevaluating
ChatterBot India reevaluating
ChatterBot Mike reevaluating
2024-10-14 23:05:46.541997 Kilo: No
2024-10-14 23:05:46.542701 Hotel: Yes
2024-10-14 23:05:46.542854 Foxtrot: Yes
2024-10-14 23:05:46.542995 India: Yes
2024-10-14 23:05:46.543137 Mike: Yes
ChatterBot Hotel reevaluating
ChatterBot Foxtrot reevaluating
ChatterBot India reevaluating
ChatterBot Mike reevaluating
ChatterBot Kilo reevaluating
ChatterBot Foxtrot reevaluating
ChatterBot India reevaluating
ChatterBot Mike reevaluating
ChatterBot Kilo reevaluating
ChatterBot Hotel reevaluating
ChatterBot India reevaluating
ChatterBot Mike reevaluating
ChatterBot Kilo reevaluating
ChatterBot Hotel reevaluating
ChatterBot Foxtrot reevaluating
ChatterBot Mike reevaluating
ChatterBot Kilo reevaluating
ChatterBot Hotel reevaluating
ChatterBot Foxtrot reevaluating
ChatterBot India reevaluating
randomSelections Echo: {Echo, Foxtrot, Bravo, Alpha, Hotel, Mike} 
2024-10-14 23:05:46.616750 Echo: Friends?
ChatterBot Foxtrot reevaluating
ChatterBot Alpha reevaluating
ChatterBot Hotel reevaluating
ChatterBot Mike reevaluating
2024-10-14 23:05:46.649374 Foxtrot: No
2024-10-14 23:05:46.649637 Bravo: No
2024-10-14 23:05:46.649804 Alpha: Yes
2024-10-14 23:05:46.649967 Hotel: No
2024-10-14 23:05:46.650198 Mike: No
ChatterBot Alpha reevaluating
ChatterBot Hotel reevaluating
ChatterBot Mike reevaluating
ChatterBot Foxtrot reevaluating
ChatterBot Alpha reevaluating
ChatterBot Hotel reevaluating
ChatterBot Mike reevaluating
ChatterBot Foxtrot reevaluating
ChatterBot Hotel reevaluating
ChatterBot Mike reevaluating
ChatterBot Foxtrot reevaluating
ChatterBot Alpha reevaluating
ChatterBot Mike reevaluating
ChatterBot Foxtrot reevaluating
ChatterBot Alpha reevaluating
ChatterBot Hotel reevaluating
randomSelections Charlie: {Charlie, India, Foxtrot, Bravo, Golf, Hotel} 
2024-10-14 23:05:46.794375 Charlie: We would work well together
ChatterBot India reevaluating
ChatterBot Foxtrot reevaluating
ChatterBot Hotel reevaluating
2024-10-14 23:05:46.805672 India: No
2024-10-14 23:05:46.806032 Foxtrot: No
2024-10-14 23:05:46.806908 Bravo: No
2024-10-14 23:05:46.807506 Golf: No
2024-10-14 23:05:46.807817 Hotel: No
ChatterBot Foxtrot reevaluating
ChatterBot Hotel reevaluating
ChatterBot India reevaluating
ChatterBot Hotel reevaluating
ChatterBot India reevaluating
ChatterBot Foxtrot reevaluating
ChatterBot Hotel reevaluating
ChatterBot India reevaluating
ChatterBot Foxtrot reevaluating
ChatterBot Hotel reevaluating
ChatterBot India reevaluating
ChatterBot Foxtrot reevaluating
2024-10-14 23:05:46.877425 Echo: Foxtrot, Mike and Alpha, sending you 3
2024-10-14 23:05:46.879239 Mike: Foxtrot, sending you 5
2024-10-14 23:05:46.879847 Alpha: Foxtrot, Hotel and Bravo, sending you 1
2024-10-14 23:05:46.880382 Kilo: Sending you 14
2024-10-14 23:05:46.881282 Echo: Hotel, sending you 2
2024-10-14 23:05:46.883048 Bravo: Sending you 15
2024-10-14 23:05:46.883777 Mike: India, sending you 2
2024-10-14 23:05:46.885349 Alpha: Echo, sending you 2
2024-10-14 23:05:46.886175 Charlie: India and Hotel, sending you 1
2024-10-14 23:05:46.887797 India: Foxtrot, Hotel and Golf, sending you 3
2024-10-14 23:05:46.888391 Echo: Bravo, sending you 8
2024-10-14 23:05:46.889907 Golf: Foxtrot, sending you 2
2024-10-14 23:05:46.891578 Mike: Hotel, sending you 1
2024-10-14 23:05:46.892571 India: Kilo, sending you 1
2024-10-14 23:05:46.894311 Charlie: Golf, sending you 5
2024-10-14 23:05:46.898496 Golf: Hotel and Mike, sending you 1
2024-10-14 23:05:46.899848 Mike: Golf, sending you 3
2024-10-14 23:05:46.901190 India: Mike, sending you 4
2024-10-14 23:05:46.901832 Hotel: Foxtrot, Golf and Kilo, sending you 4
2024-10-14 23:05:46.913750 Golf: Kilo, sending you 4
2024-10-14 23:05:46.914845 Mike: Kilo, sending you 4
2024-10-14 23:05:46.916349 Hotel: India, sending you 3
chatterbot Charlie submitting transactions
chatterbot Bravo submitting transactions
chatterbot Alpha submitting transactions
chatterbot Kilo submitting transactions
chatterbot Echo submitting transactions
chatterbot Golf submitting transactions
chatterbot Hotel submitting transactions
chatterbot Foxtrot submitting transactions
chatterbot Mike submitting transactions
chatterbot India submitting transactions
ChatterBot Foxtrot round 2
ChatterBot Charlie round 2
ChatterBot India round 2
ChatterBot Hotel round 2
ChatterBot Echo round 2
ChatterBot Bravo round 2
ChatterBot Golf round 2
ChatterBot Kilo round 2
ChatterBot Mike round 2
ChatterBot Alpha round 2
2024-10-14 23:05:48.097172 Charlie: Group up?
ChatterBot Echo reevaluating
2024-10-14 23:05:48.102716 Echo: Yes
2024-10-14 23:05:48.107320 Echo: Group up?
ChatterBot Alpha reevaluating
2024-10-14 23:05:48.116481 Alpha: Yes
2024-10-14 23:05:48.116635 Charlie: No
ChatterBot Echo reevaluating
ChatterBot Charlie reevaluating
ChatterBot Echo reevaluating
ChatterBot Alpha reevaluating
2024-10-14 23:05:48.141995 Hotel: Group up?
ChatterBot Foxtrot reevaluating
ChatterBot India reevaluating
ChatterBot Golf reevaluating
ChatterBot Mike reevaluating
ChatterBot Echo reevaluating
ChatterBot Alpha reevaluating
2024-10-14 23:05:48.181545 Foxtrot: Yes
2024-10-14 23:05:48.181846 India: No
2024-10-14 23:05:48.182757 Golf: No
2024-10-14 23:05:48.182925 Mike: No
2024-10-14 23:05:48.183104 Echo: Yes
2024-10-14 23:05:48.183252 Alpha: Yes
ChatterBot India reevaluating
ChatterBot Golf reevaluating
ChatterBot Mike reevaluating
ChatterBot Echo reevaluating
ChatterBot Alpha reevaluating
ChatterBot Foxtrot reevaluating
ChatterBot Golf reevaluating
ChatterBot Mike reevaluating
ChatterBot Echo reevaluating
ChatterBot Alpha reevaluating
ChatterBot Foxtrot reevaluating
ChatterBot India reevaluating
ChatterBot Mike reevaluating
ChatterBot Echo reevaluating
ChatterBot Alpha reevaluating
ChatterBot Foxtrot reevaluating
ChatterBot India reevaluating
ChatterBot Golf reevaluating
ChatterBot Echo reevaluating
ChatterBot Alpha reevaluating
ChatterBot Foxtrot reevaluating
ChatterBot India reevaluating
ChatterBot Golf reevaluating
ChatterBot Mike reevaluating
ChatterBot Alpha reevaluating
ChatterBot Foxtrot reevaluating
ChatterBot India reevaluating
ChatterBot Golf reevaluating
ChatterBot Mike reevaluating
ChatterBot Echo reevaluating
2024-10-14 23:05:48.623825 Kilo: We should group up
ChatterBot Foxtrot reevaluating
ChatterBot India reevaluating
ChatterBot Golf reevaluating
ChatterBot Mike reevaluating
2024-10-14 23:05:48.654324 Bravo: No
2024-10-14 23:05:48.655099 Foxtrot: No
2024-10-14 23:05:48.655283 India: No
2024-10-14 23:05:48.655437 Hotel: No
2024-10-14 23:05:48.655674 Golf: No
2024-10-14 23:05:48.655843 Mike: No
ChatterBot Foxtrot reevaluating
ChatterBot India reevaluating
ChatterBot Golf reevaluating
ChatterBot Mike reevaluating
ChatterBot India reevaluating
ChatterBot Golf reevaluating
ChatterBot Mike reevaluating
ChatterBot Bravo reevaluating
ChatterBot Foxtrot reevaluating
ChatterBot Golf reevaluating
ChatterBot Mike reevaluating
ChatterBot Bravo reevaluating
ChatterBot Foxtrot reevaluating
ChatterBot India reevaluating
ChatterBot Golf reevaluating
ChatterBot Mike reevaluating
ChatterBot Bravo reevaluating
ChatterBot Foxtrot reevaluating
ChatterBot India reevaluating
ChatterBot Mike reevaluating
ChatterBot Bravo reevaluating
ChatterBot Foxtrot reevaluating
ChatterBot India reevaluating
ChatterBot Golf reevaluating
2024-10-14 23:05:48.846377 Golf: We should replace Kilo with Charlie
ChatterBot Foxtrot reevaluating
ChatterBot India reevaluating
ChatterBot Mike reevaluating
2024-10-14 23:05:48.866384 Foxtrot: No
2024-10-14 23:05:48.866561 India: Yes
2024-10-14 23:05:48.866707 Hotel: No
2024-10-14 23:05:48.867276 Mike: No
ChatterBot Golf reevaluating
ChatterBot India reevaluating
ChatterBot Mike reevaluating
ChatterBot Golf reevaluating
ChatterBot Foxtrot reevaluating
ChatterBot Mike reevaluating
ChatterBot Golf reevaluating
ChatterBot Foxtrot reevaluating
ChatterBot India reevaluating
ChatterBot Mike reevaluating
ChatterBot Golf reevaluating
ChatterBot Foxtrot reevaluating
ChatterBot India reevaluating
2024-10-14 23:05:48.950553 Mike: We should replace Kilo with Echo
ChatterBot Golf reevaluating
ChatterBot India reevaluating
2024-10-14 23:05:48.969510 Golf: No
2024-10-14 23:05:48.970157 Foxtrot: Yes
2024-10-14 23:05:48.970261 India: No
2024-10-14 23:05:48.970358 Hotel: Yes
ChatterBot India reevaluating
ChatterBot Mike reevaluating
ChatterBot Golf reevaluating
ChatterBot India reevaluating
ChatterBot Mike reevaluating
ChatterBot Golf reevaluating
ChatterBot Mike reevaluating
ChatterBot Golf reevaluating
ChatterBot India reevaluating
ChatterBot Mike reevaluating
2024-10-14 23:05:49.350785 Golf: Charlie we want you to join our group
ChatterBot Charlie reevaluating
2024-10-14 23:05:49.356880 Charlie: No
ChatterBot Mike reevaluating
2024-10-14 23:05:49.381906 Hotel: Foxtrot, sending you 1
2024-10-14 23:05:49.382815 India: Charlie we want you to join our group
ChatterBot Charlie reevaluating
2024-10-14 23:05:49.388130 Charlie: No
ChatterBot Mike reevaluating
2024-10-14 23:05:49.413505 Charlie: We should add Alpha
2024-10-14 23:05:49.418306 Echo: Yes
ChatterBot Charlie reevaluating
chatterbot Alpha submitting transactions
2024-10-14 23:05:49.424115 Hotel: India, sending you 4
chatterbot Charlie submitting transactions
2024-10-14 23:05:49.678952 Hotel: Echo, sending you 3
2024-10-14 23:05:49.679429 Kilo: India, sending you 1
2024-10-14 23:05:49.680838 Foxtrot: India, Hotel and Echo, sending you 3
2024-10-14 23:05:49.681286 Echo: Alpha, sending you 16
2024-10-14 23:05:49.681661 Bravo: Same as last round
2024-10-14 23:05:49.683694 Alpha: Echo, sending you 5
chatterbot India submitting transactions
chatterbot Echo submitting transactions
chatterbot Hotel submitting transactions
2024-10-14 23:05:49.684463 Hotel: Golf, Mike and Alpha, sending you 2
2024-10-14 23:05:49.684867 Foxtrot: Golf, sending you 2
2024-10-14 23:05:49.686924 Charlie: Alpha we want you to join our group
2024-10-14 23:05:49.725079 Alpha: No
ChatterBot Charlie reevaluating
2024-10-14 23:05:49.738410 Kilo: Hotel, Golf and Mike, sending you 3
2024-10-14 23:05:49.739234 Golf: Foxtrot, sending you 1
2024-10-14 23:05:49.740081 India: Foxtrot and Golf, sending you 2
2024-10-14 23:05:49.740671 Mike: Foxtrot, Hotel and Alpha, sending you 1
2024-10-14 23:05:49.741792 Foxtrot: Mike, sending you 4
2024-10-14 23:05:49.906854 Kilo: Bravo, sending you 8
2024-10-14 23:05:49.908174 Golf: Charlie, sending you 4
2024-10-14 23:05:49.908824 India: Charlie and Mike, sending you 3
2024-10-14 23:05:49.909999 Mike: India, sending you 6
chatterbot Mike submitting transactions
chatterbot Kilo submitting transactions
2024-10-14 23:05:49.959 India: Hotel, sending you 4
2024-10-14 23:05:49.959423 Mike: Echo, sending you 4
2024-10-14 23:05:49.959808 Golf: India, Hotel and Mike, sending you 3
chatterbot Charlie submitting transactions
2024-10-14 23:05:49.985234 Mike: Golf, sending you 2
chatterbot Bravo submitting transactions
chatterbot Golf submitting transactions
chatterbot Foxtrot submitting transactions
ChatterBot Foxtrot round 3
ChatterBot Charlie round 3
ChatterBot India round 3
ChatterBot Hotel round 3
ChatterBot Echo round 3
ChatterBot Bravo round 3
ChatterBot Golf round 3
ChatterBot Kilo round 3
ChatterBot Mike round 3
ChatterBot Alpha round 3
2024-10-14 23:05:50.522743 Foxtrot: We should add Charlie
ChatterBot Hotel reevaluating
ChatterBot Mike reevaluating
ChatterBot Echo reevaluating
ChatterBot Alpha reevaluating
2024-10-14 23:05:50.654202 Hotel: Yes
2024-10-14 23:05:50.654453 India: Yes
2024-10-14 23:05:50.655557 Golf: Yes
2024-10-14 23:05:50.655760 Mike: No
2024-10-14 23:05:50.655995 Echo: Yes
2024-10-14 23:05:50.656201 Alpha: Yes
ChatterBot Mike reevaluating
ChatterBot Echo reevaluating
ChatterBot Alpha reevaluating
ChatterBot Hotel reevaluating
ChatterBot Mike reevaluating
ChatterBot Echo reevaluating
ChatterBot Alpha reevaluating
ChatterBot Hotel reevaluating
ChatterBot Mike reevaluating
ChatterBot Echo reevaluating
ChatterBot Alpha reevaluating
ChatterBot Hotel reevaluating
ChatterBot Echo reevaluating
ChatterBot Alpha reevaluating
ChatterBot Hotel reevaluating
ChatterBot Mike reevaluating
ChatterBot Alpha reevaluating
ChatterBot Hotel reevaluating
ChatterBot Mike reevaluating
ChatterBot Echo reevaluating
chatterbot Charlie submitting transactions
2024-10-14 23:05:50.964780 Foxtrot: Charlie we want you to join our group
ChatterBot Charlie reevaluating
2024-10-14 23:05:50.972638 Charlie: No
ChatterBot Hotel reevaluating
ChatterBot Mike reevaluating
ChatterBot Echo reevaluating
ChatterBot Alpha reevaluating
2024-10-14 23:05:51.107472 Hotel: Charlie we want you to join our group
ChatterBot Charlie reevaluating
2024-10-14 23:05:51.112119 Charlie: Yes
ChatterBot Hotel reevaluating
ChatterBot Mike reevaluating
2024-10-14 23:05:51.138448 Charlie: Friends?
ChatterBot Hotel reevaluating
ChatterBot Mike reevaluating
2024-10-14 23:05:51.165438 Foxtrot: Yes
2024-10-14 23:05:51.165635 India: No
2024-10-14 23:05:51.165765 Hotel: Yes
2024-10-14 23:05:51.165863 Golf: No
2024-10-14 23:05:51.166348 Mike: No
2024-10-14 23:05:51.166479 Echo: Yes
2024-10-14 23:05:51.166584 Alpha: Yes
ChatterBot Hotel reevaluating
ChatterBot Mike reevaluating
ChatterBot Charlie reevaluating
ChatterBot Hotel reevaluating
ChatterBot Mike reevaluating
ChatterBot Charlie reevaluating
ChatterBot Mike reevaluating
ChatterBot Charlie reevaluating
ChatterBot Hotel reevaluating
ChatterBot Mike reevaluating
ChatterBot Charlie reevaluating
ChatterBot Hotel reevaluating
ChatterBot Charlie reevaluating
ChatterBot Hotel reevaluating
ChatterBot Mike reevaluating
ChatterBot Charlie reevaluating
ChatterBot Hotel reevaluating
ChatterBot Mike reevaluating
ChatterBot Charlie reevaluating
2024-10-14 23:05:51.358399 Alpha: Charlie we want you to join our group
ChatterBot Charlie reevaluating
2024-10-14 23:05:51.363348 Charlie: Yes
ChatterBot Hotel reevaluating
ChatterBot Mike reevaluating
2024-10-14 23:05:51.389930 Echo: Charlie we want you to join our group
ChatterBot Charlie reevaluating
2024-10-14 23:05:51.394857 Charlie: Yes
ChatterBot Hotel reevaluating
ChatterBot Mike reevaluating
chatterbot Foxtrot submitting transactions
2024-10-14 23:05:51.547092 Kilo: Hotel, Golf and Mike, sending you 2
2024-10-14 23:05:51.548195 Bravo: Same as last round
2024-10-14 23:05:51.549370 Golf: Foxtrot, sending you 2
2024-10-14 23:05:51.550383 Foxtrot: Charlie and Alpha, sending you 1
2024-10-14 23:05:51.551797 India: Foxtrot, Hotel, Golf and Mike, sending you 3
2024-10-14 23:05:51.553450 Kilo: Bravo, sending you 12
2024-10-14 23:05:51.554332 Golf: Charlie, India, Hotel and Mike, sending you 3
2024-10-14 23:05:51.555496 Foxtrot: India, Hotel and Mike, sending you 3
2024-10-14 23:05:51.556089 India: Charlie, sending you 2
2024-10-14 23:05:51.557270 Echo: Foxtrot and Mike, sending you 3
2024-10-14 23:05:51.557983 Alpha: Charlie, sending you 2
2024-10-14 23:05:51.559294 Foxtrot: Echo and Golf, sending you 2
2024-10-14 23:05:51.561222 Echo: Charlie, sending you 7
2024-10-14 23:05:51.590470 Alpha: Echo, sending you 3
2024-10-14 23:05:51.591929 Echo: Hotel, sending you 1
2024-10-14 23:05:51.825012 Mike: Foxtrot and Golf, sending you 3
2024-10-14 23:05:51.825648 Echo: Alpha, sending you 5
2024-10-14 23:05:51.826760 Hotel: Foxtrot and Golf, sending you 3
2024-10-14 23:05:51.845006 Mike: Charlie, sending you 1
2024-10-14 23:05:51.846341 Hotel: Charlie, Echo and Alpha, sending you 1
2024-10-14 23:05:51.850405 Mike: India, sending you 4
2024-10-14 23:05:51.854451 Hotel: India, sending you 4
2024-10-14 23:05:51.855737 Mike: Hotel and Echo, sending you 2
2024-10-14 23:05:51.865406 Hotel: Mike, sending you 2
chatterbot Echo submitting transactions
chatterbot Hotel submitting transactions
chatterbot Golf submitting transactions
chatterbot Alpha submitting transactions
chatterbot Bravo submitting transactions
chatterbot Kilo submitting transactions
chatterbot Mike submitting transactions
chatterbot India submitting transactions
ChatterBot Foxtrot round 4
ChatterBot Charlie round 4
ChatterBot India round 4
ChatterBot Hotel round 4
ChatterBot Echo round 4
ChatterBot Bravo round 4
ChatterBot Golf round 4
ChatterBot Kilo round 4
ChatterBot Mike round 4
ChatterBot Alpha round 4
2024-10-14 23:05:52.555659 Golf: We should add Echo and Alpha
ChatterBot Hotel reevaluating
ChatterBot Mike reevaluating
ChatterBot Charlie reevaluating
2024-10-14 23:05:52.579642 Foxtrot: Yes
2024-10-14 23:05:52.579836 India: No
2024-10-14 23:05:52.580556 Hotel: Yes
2024-10-14 23:05:52.580728 Mike: No
2024-10-14 23:05:52.580910 Charlie: Yes
ChatterBot Golf reevaluating
ChatterBot Hotel reevaluating
ChatterBot Mike reevaluating
ChatterBot Charlie reevaluating
ChatterBot Golf reevaluating
ChatterBot Hotel reevaluating
ChatterBot Mike reevaluating
ChatterBot Charlie reevaluating
ChatterBot Golf reevaluating
ChatterBot Mike reevaluating
ChatterBot Charlie reevaluating
ChatterBot Golf reevaluating
ChatterBot Hotel reevaluating
ChatterBot Charlie reevaluating
ChatterBot Golf reevaluating
ChatterBot Hotel reevaluating
ChatterBot Mike reevaluating
2024-10-14 23:05:52.727336 Kilo: We should add Charlie
ChatterBot Hotel reevaluating
ChatterBot Golf reevaluating
ChatterBot Mike reevaluating
2024-10-14 23:05:52.761605 Bravo: No
2024-10-14 23:05:52.762518 Foxtrot: Yes
2024-10-14 23:05:52.762859 India: Yes
2024-10-14 23:05:52.762974 Hotel: Yes
2024-10-14 23:05:52.763195 Golf: Yes
2024-10-14 23:05:52.763308 Mike: Yes
ChatterBot Hotel reevaluating
ChatterBot Golf reevaluating
ChatterBot Mike reevaluating
ChatterBot Hotel reevaluating
ChatterBot Golf reevaluating
ChatterBot Mike reevaluating
ChatterBot Hotel reevaluating
ChatterBot Golf reevaluating
ChatterBot Mike reevaluating
ChatterBot Golf reevaluating
ChatterBot Mike reevaluating
ChatterBot Hotel reevaluating
ChatterBot Mike reevaluating
ChatterBot Hotel reevaluating
ChatterBot Golf reevaluating
2024-10-14 23:05:52.942473 Kilo: Charlie we want you to join our group
2024-10-14 23:05:52.948047 Charlie: No
ChatterBot Golf reevaluating
chatterbot Charlie submitting transactions
2024-10-14 23:05:52.980684 Mike: We should drop Alpha
ChatterBot Golf reevaluating
2024-10-14 23:05:53.007409 Foxtrot: No
2024-10-14 23:05:53.007578 Charlie: No
2024-10-14 23:05:53.007711 India: Yes
2024-10-14 23:05:53.007888 Hotel: No
2024-10-14 23:05:53.008083 Golf: Yes
2024-10-14 23:05:53.008674 Echo: No
ChatterBot Golf reevaluating
ChatterBot Golf reevaluating
ChatterBot Golf reevaluating
ChatterBot Golf reevaluating
ChatterBot Golf reevaluating
chatterbot Foxtrot submitting transactions
2024-10-14 23:05:53.232215 Echo: Foxtrot and Mike, sending you 3
2024-10-14 23:05:53.233311 Foxtrot: Charlie and Alpha, sending you 1
2024-10-14 23:05:53.233862 Bravo: Same as last round
2024-10-14 23:05:53.234150 India: Foxtrot, Hotel, Golf and Mike, sending you 3
2024-10-14 23:05:53.235059 Hotel: Foxtrot and Golf, sending you 3
2024-10-14 23:05:53.235711 Golf: Echo and Alpha we want you to join our group
2024-10-14 23:05:53.246369 Echo: Yes
2024-10-14 23:05:53.246570 Alpha: Yes
chatterbot Echo submitting transactions
2024-10-14 23:05:53.439331 Echo: Charlie, sending you 4
2024-10-14 23:05:53.440809 Foxtrot: India, Hotel and Mike, sending you 3
2024-10-14 23:05:53.442703 India: Charlie, sending you 2
2024-10-14 23:05:53.444463 Hotel: Charlie, Echo and Alpha, sending you 1
2024-10-14 23:05:53.446178 Kilo: India, Hotel, Golf and Mike, sending you 1
2024-10-14 23:05:53.446823 Mike: Foxtrot, India and Golf, sending you 3
2024-10-14 23:05:53.448021 Alpha: Charlie and Hotel, sending you 1
2024-10-14 23:05:53.449562 Echo: Hotel, sending you 2
2024-10-14 23:05:53.450629 Foxtrot: Echo and Golf, sending you 2
2024-10-14 23:05:53.451997 Kilo: Bravo, sending you 13
2024-10-14 23:05:53.453157 Hotel: India, sending you 4
2024-10-14 23:05:53.454257 Mike: Charlie, Hotel and Echo, sending you 2
2024-10-14 23:05:53.455781 Alpha: Echo, sending you 3
2024-10-14 23:05:53.457521 Echo: Alpha, sending you 7
2024-10-14 23:05:53.508469 Hotel: Mike, sending you 2
2024-10-14 23:05:53.510373 Golf: Foxtrot, India and Mike, sending you 2
2024-10-14 23:05:53.535567 Golf: Charlie and Hotel, sending you 3
2024-10-14 23:05:53.543188 Golf: Echo and Alpha, sending you 1
chatterbot Charlie submitting transactions
chatterbot India submitting transactions
chatterbot Golf submitting transactions
chatterbot Mike submitting transactions
chatterbot Kilo submitting transactions
chatterbot Hotel submitting transactions
chatterbot Bravo submitting transactions
chatterbot Alpha submitting transactions
ChatterBot Foxtrot round 5
ChatterBot Charlie round 5
ChatterBot India round 5
ChatterBot Hotel round 5
ChatterBot Echo round 5
ChatterBot Bravo round 5
ChatterBot Golf round 5
ChatterBot Kilo round 5
ChatterBot Mike round 5
ChatterBot Alpha round 5
2024-10-14 23:05:54.279678 India: We should add Echo
ChatterBot Mike reevaluating
2024-10-14 23:05:54.290031 Golf: Yes
2024-10-14 23:05:54.290161 Foxtrot: Yes
2024-10-14 23:05:54.290267 Hotel: Yes
2024-10-14 23:05:54.290362 Mike: Yes
2024-10-14 23:05:54.290457 Charlie: Yes
ChatterBot Mike reevaluating
ChatterBot Mike reevaluating
ChatterBot Mike reevaluating
ChatterBot Mike reevaluating
2024-10-14 23:05:54.351077 Kilo: We should add Echo and Alpha
ChatterBot Mike reevaluating
2024-10-14 23:05:54.366631 Bravo: No
2024-10-14 23:05:54.366772 Foxtrot: Yes
2024-10-14 23:05:54.366878 Charlie: Yes
2024-10-14 23:05:54.366964 India: No
2024-10-14 23:05:54.367047 Hotel: Yes
2024-10-14 23:05:54.367127 Golf: Yes
2024-10-14 23:05:54.367206 Mike: No
ChatterBot Mike reevaluating
ChatterBot Mike reevaluating
ChatterBot Mike reevaluating
ChatterBot Mike reevaluating
ChatterBot Mike reevaluating
ChatterBot Mike reevaluating
2024-10-14 23:05:54.516388 India: Echo we want you to join our group
2024-10-14 23:05:54.519619 Echo: Yes
ChatterBot Mike reevaluating
2024-10-14 23:05:54.572403 Kilo: Echo and Alpha we want you to join our group
2024-10-14 23:05:54.614721 Echo: No
2024-10-14 23:05:54.614923 Alpha: No
2024-10-14 23:05:54.715812 Golf: Foxtrot, sending you 2
2024-10-14 23:05:54.717627 Bravo: Same as last round
2024-10-14 23:05:54.718671 Echo: Foxtrot and Mike, sending you 3
2024-10-14 23:05:54.720377 Foxtrot: Charlie, Echo and Golf, sending you 2
2024-10-14 23:05:54.722413 Golf: Charlie, India, Hotel and Mike, sending you 3
2024-10-14 23:05:54.724147 Hotel: Foxtrot, India and Golf, sending you 3
2024-10-14 23:05:54.726640 Alpha: Charlie and Hotel, sending you 1
2024-10-14 23:05:54.728278 Echo: Charlie, sending you 5
2024-10-14 23:05:54.729424 Foxtrot: India, Hotel and Mike, sending you 3
2024-10-14 23:05:54.731183 Hotel: Charlie, Echo and Mike, sending you 2
2024-10-14 23:05:54.733072 India: Foxtrot, Charlie, Echo and Golf, sending you 2
2024-10-14 23:05:54.734097 Alpha: Echo, sending you 3
2024-10-14 23:05:54.735962 Echo: Hotel, sending you 2
2024-10-14 23:05:54.738692 India: Hotel and Mike, sending you 3
2024-10-14 23:05:54.741685 Echo: Alpha, sending you 6
2024-10-14 23:05:54.742693 Mike: Foxtrot, India and Golf, sending you 3
2024-10-14 23:05:54.744111 Kilo: Hotel and Mike, sending you 1
chatterbot Golf submitting transactions
2024-10-14 23:05:54.748679 Mike: Charlie, Hotel and Echo, sending you 2
2024-10-14 23:05:54.750015 Kilo: Bravo, sending you 13
2024-10-14 23:05:54.752671 Kilo: Golf, sending you 2
chatterbot Echo submitting transactions
chatterbot Foxtrot submitting transactions
chatterbot Mike submitting transactions
chatterbot Kilo submitting transactions
chatterbot Charlie submitting transactions
chatterbot Hotel submitting transactions
chatterbot Bravo submitting transactions
chatterbot Alpha submitting transactions
chatterbot India submitting transactions
ChatterBot Foxtrot round 6
ChatterBot Charlie round 6
ChatterBot India round 6
ChatterBot Hotel round 6
ChatterBot Echo round 6
ChatterBot Bravo round 6
ChatterBot Golf round 6
ChatterBot Kilo round 6
ChatterBot Mike round 6
ChatterBot Alpha round 6
2024-10-14 23:05:55.565695 Bravo: Same as last round
2024-10-14 23:05:55.569698 India: Foxtrot, Charlie, Echo and Golf, sending you 2
2024-10-14 23:05:55.570312 Hotel: Foxtrot, India and Golf, sending you 3
2024-10-14 23:05:55.572056 Alpha: Charlie, sending you 2
2024-10-14 23:05:55.573692 India: Hotel and Mike, sending you 3
2024-10-14 23:05:55.574171 Hotel: Charlie and Alpha, sending you 1
2024-10-14 23:05:55.575818 Echo: Foxtrot and Mike, sending you 3
2024-10-14 23:05:55.577662 Alpha: Echo, sending you 3
2024-10-14 23:05:55.578352 Hotel: Echo and Mike, sending you 2
2024-10-14 23:05:55.578939 Mike: Foxtrot, India and Golf, sending you 3
2024-10-14 23:05:55.579324 Kilo: Hotel, Golf and Mike, sending you 1
2024-10-14 23:05:55.580525 Golf: Foxtrot and India, sending you 2
2024-10-14 23:05:55.581046 Echo: Charlie, sending you 4
2024-10-14 23:05:55.581586 Foxtrot: Charlie, Echo and Golf, sending you 2
2024-10-14 23:05:55.582675 Mike: Charlie, Hotel and Echo, sending you 2
2024-10-14 23:05:55.583567 Kilo: Bravo, sending you 13
2024-10-14 23:05:55.584046 Golf: Charlie, Hotel and Mike, sending you 3
2024-10-14 23:05:55.584722 Echo: India, sending you 1
2024-10-14 23:05:55.585681 Foxtrot: India, Hotel and Mike, sending you 3
2024-10-14 23:05:55.587674 Echo: Hotel, sending you 2
2024-10-14 23:05:55.588668 Golf: Echo, sending you 1
2024-10-14 23:05:55.591671 Echo: Alpha, sending you 6
chatterbot Charlie submitting transactions
chatterbot Kilo submitting transactions
chatterbot Golf submitting transactions
chatterbot Echo submitting transactions
chatterbot Foxtrot submitting transactions
chatterbot Alpha submitting transactions
chatterbot Mike submitting transactions
chatterbot Bravo submitting transactions
chatterbot India submitting transactions
chatterbot Hotel submitting transactions
ChatterBot Foxtrot round 7
ChatterBot Charlie round 7
ChatterBot India round 7
ChatterBot Hotel round 7
ChatterBot Echo round 7
ChatterBot Bravo round 7
ChatterBot Golf round 7
ChatterBot Kilo round 7
ChatterBot Mike round 7
ChatterBot Alpha round 7
2024-10-14 23:05:56.855457 Kilo: We should drop Alpha
2024-10-14 23:05:56.900981 Bravo: Yes
2024-10-14 23:05:56.901219 Foxtrot: No
2024-10-14 23:05:56.901967 Charlie: No
2024-10-14 23:05:56.902143 India: Yes
2024-10-14 23:05:56.902349 Hotel: No
2024-10-14 23:05:56.902558 Echo: No
2024-10-14 23:05:56.902732 Golf: No
2024-10-14 23:05:56.902867 Mike: Yes
2024-10-14 23:05:57.077681 Bravo: Same as last round
2024-10-14 23:05:57.078089 Golf: Foxtrot and India, sending you 2
2024-10-14 23:05:57.079345 Hotel: Foxtrot, India and Golf, sending you 3
2024-10-14 23:05:57.080339 Echo: Foxtrot and Mike, sending you 3
2024-10-14 23:05:57.081709 India: Foxtrot, Charlie, Echo and Golf, sending you 2
2024-10-14 23:05:57.082722 Foxtrot: Charlie, India, Echo and Golf, sending you 2
2024-10-14 23:05:57.083857 Mike: Foxtrot, India and Golf, sending you 3
2024-10-14 23:05:57.084535 Golf: Charlie, Hotel and Mike, sending you 3
2024-10-14 23:05:57.085942 Hotel: Charlie, Echo and Mike, sending you 2
2024-10-14 23:05:57.086972 Echo: Charlie, sending you 4
2024-10-14 23:05:57.088002 India: Hotel and Mike, sending you 3
2024-10-14 23:05:57.089194 Foxtrot: Hotel and Mike, sending you 3
2024-10-14 23:05:57.090150 Alpha: Charlie and Hotel, sending you 1
2024-10-14 23:05:57.091206 Mike: Charlie, Hotel and Echo, sending you 2
2024-10-14 23:05:57.091904 Golf: Echo, sending you 1
2024-10-14 23:05:57.093396 Echo: India and Golf, sending you 1
2024-10-14 23:05:57.094086 Foxtrot: Alpha, sending you 1
2024-10-14 23:05:57.094738 Alpha: Echo, sending you 3
2024-10-14 23:05:57.095698 Kilo: Hotel, Golf and Mike, sending you 1
2024-10-14 23:05:57.097685 Echo: Hotel, sending you 2
2024-10-14 23:05:57.101143 Kilo: Bravo, sending you 13
2024-10-14 23:05:57.101926 Echo: Alpha, sending you 5
chatterbot Foxtrot submitting transactions
chatterbot Hotel submitting transactions
chatterbot Echo submitting transactions
chatterbot Alpha submitting transactions
chatterbot Bravo submitting transactions
chatterbot Mike submitting transactions
chatterbot Charlie submitting transactions
chatterbot Kilo submitting transactions
chatterbot Golf submitting transactions
chatterbot India submitting transactions
ChatterBot Foxtrot round 8
ChatterBot Charlie round 8
ChatterBot India round 8
ChatterBot Hotel round 8
ChatterBot Echo round 8
ChatterBot Bravo round 8
ChatterBot Golf round 8
ChatterBot Kilo round 8
ChatterBot Mike round 8
ChatterBot Alpha round 8
2024-10-14 23:05:58.145678 Foxtrot: Charlie, India, Echo and Golf, sending you 2
2024-10-14 23:05:58.146943 Hotel: Foxtrot, India and Golf, sending you 3
2024-10-14 23:05:58.150711 Kilo: Hotel, Golf and Mike, sending you 1
2024-10-14 23:05:58.151691 Foxtrot: Hotel and Mike, sending you 3
2024-10-14 23:05:58.152763 Hotel: Charlie, Echo and Mike, sending you 2
2024-10-14 23:05:58.153840 Bravo: Same as last round
2024-10-14 23:05:58.154106 Kilo: Bravo, sending you 13
2024-10-14 23:05:58.156233 Golf: Foxtrot and India, sending you 2
2024-10-14 23:05:58.157446 India: Foxtrot, Charlie, Echo and Golf, sending you 2
2024-10-14 23:05:58.158016 Echo: Foxtrot and Mike, sending you 3
2024-10-14 23:05:58.158876 Foxtrot: Alpha, sending you 1
2024-10-14 23:05:58.161480 Golf: Charlie, Hotel and Mike, sending you 3
2024-10-14 23:05:58.163129 Mike: Foxtrot, India and Golf, sending you 3
2024-10-14 23:05:58.164586 India: Hotel and Mike, sending you 3
2024-10-14 23:05:58.165411 Echo: Charlie, sending you 4
2024-10-14 23:05:58.166431 Golf: Echo, sending you 1
2024-10-14 23:05:58.168674 Mike: Charlie, Hotel and Echo, sending you 2
2024-10-14 23:05:58.169414 Echo: India and Hotel, sending you 2
2024-10-14 23:05:58.170512 Alpha: Charlie, sending you 2
2024-10-14 23:05:58.173693 Echo: Alpha, sending you 5
2024-10-14 23:05:58.174979 Alpha: Echo, sending you 3
chatterbot Echo submitting transactions
chatterbot India submitting transactions
chatterbot Golf submitting transactions
chatterbot Hotel submitting transactions
chatterbot Kilo submitting transactions
chatterbot Mike submitting transactions
chatterbot Alpha submitting transactions
chatterbot Charlie submitting transactions
chatterbot Foxtrot submitting transactions
chatterbot Bravo submitting transactions
ChatterBot Foxtrot round 9
ChatterBot Charlie round 9
ChatterBot India round 9
ChatterBot Hotel round 9
ChatterBot Echo round 9
ChatterBot Bravo round 9
ChatterBot Golf round 9
ChatterBot Kilo round 9
ChatterBot Mike round 9
ChatterBot Alpha round 9
2024-10-14 23:05:59.397162 Foxtrot: Charlie, India, Echo and Golf, sending you 2
2024-10-14 23:05:59.402689 Foxtrot: Hotel and Mike, sending you 3
2024-10-14 23:05:59.404214 India: Foxtrot, Charlie, Echo and Golf, sending you 2
2024-10-14 23:05:59.405693 Bravo: Same as last round
2024-10-14 23:05:59.406069 Kilo: Hotel, Golf and Mike, sending you 1
2024-10-14 23:05:59.407327 Foxtrot: Alpha, sending you 1
2024-10-14 23:05:59.408193 Hotel: Foxtrot, India and Golf, sending you 3
2024-10-14 23:05:59.409690 India: Hotel and Mike, sending you 3
2024-10-14 23:05:59.410672 Alpha: Charlie, sending you 2
2024-10-14 23:05:59.411730 Kilo: Bravo, sending you 13
2024-10-14 23:05:59.412847 Mike: Foxtrot, India and Golf, sending you 3
2024-10-14 23:05:59.413517 Golf: Foxtrot and India, sending you 2
2024-10-14 23:05:59.415205 Hotel: Charlie, Echo and Mike, sending you 2
2024-10-14 23:05:59.416247 Echo: Foxtrot and Mike, sending you 3
2024-10-14 23:05:59.417184 Alpha: Echo, sending you 3
2024-10-14 23:05:59.418729 Mike: Charlie, Hotel and Echo, sending you 2
2024-10-14 23:05:59.419281 Golf: Charlie, Hotel and Mike, sending you 3
2024-10-14 23:05:59.421684 Echo: Charlie and Alpha, sending you 4
2024-10-14 23:05:59.422716 Golf: Echo, sending you 1
2024-10-14 23:05:59.427692 Echo: India and Hotel, sending you 2
2024-10-14 23:05:59.431809 Echo: Golf, sending you 1
chatterbot Hotel submitting transactions
chatterbot Golf submitting transactions
chatterbot Foxtrot submitting transactions
chatterbot Echo submitting transactions
chatterbot Charlie submitting transactions
chatterbot India submitting transactions
chatterbot Bravo submitting transactions
chatterbot Mike submitting transactions
chatterbot Kilo submitting transactions
chatterbot Alpha submitting transactions
ChatterBot Foxtrot round 10
ChatterBot Charlie round 10
ChatterBot India round 10
ChatterBot Hotel round 10
ChatterBot Echo round 10
ChatterBot Bravo round 10
ChatterBot Golf round 10
ChatterBot Kilo round 10
ChatterBot Mike round 10
ChatterBot Alpha round 10
2024-10-14 23:06:00.584696 Echo: Foxtrot and Mike, sending you 3
2024-10-14 23:06:00.587664 Foxtrot: Charlie, India, Echo and Golf, sending you 2
2024-10-14 23:06:00.590668 Kilo: Hotel, Golf and Mike, sending you 1
2024-10-14 23:06:00.592152 Echo: Charlie and Alpha, sending you 4
2024-10-14 23:06:00.594274 Hotel: Foxtrot, India and Golf, sending you 3
2024-10-14 23:06:00.596025 Foxtrot: Hotel and Mike, sending you 3
2024-10-14 23:06:00.596813 Mike: Foxtrot, India and Golf, sending you 3
2024-10-14 23:06:00.597375 Kilo: Bravo, sending you 13
2024-10-14 23:06:00.597966 Golf: Foxtrot and India, sending you 2
2024-10-14 23:06:00.599451 Echo: India and Hotel, sending you 2
2024-10-14 23:06:00.600318 Mike: Charlie, Hotel and Echo, sending you 2
2024-10-14 23:06:00.600911 Hotel: Charlie, Echo and Mike, sending you 2
2024-10-14 23:06:00.601855 Foxtrot: Alpha, sending you 1
2024-10-14 23:06:00.602804 India: Foxtrot, Charlie, Echo and Golf, sending you 2
2024-10-14 23:06:00.603923 Bravo: Same as last round
2024-10-14 23:06:00.604213 Golf: Charlie, Hotel and Mike, sending you 3
2024-10-14 23:06:00.605040 Echo: Golf, sending you 1
2024-10-14 23:06:00.606072 Alpha: Foxtrot and Charlie, sending you 1
2024-10-14 23:06:00.606903 India: Hotel and Mike, sending you 3
2024-10-14 23:06:00.608684 Golf: Echo, sending you 1
2024-10-14 23:06:00.610660 Alpha: Echo, sending you 3
chatterbot Bravo submitting transactions
chatterbot India submitting transactions
chatterbot Hotel submitting transactions
chatterbot Golf submitting transactions
chatterbot Echo submitting transactions
chatterbot Alpha submitting transactions
chatterbot Mike submitting transactions
chatterbot Foxtrot submitting transactions
chatterbot Kilo submitting transactions
chatterbot Charlie submitting transactions
ChatterBot Foxtrot round 11
ChatterBot Charlie round 11
ChatterBot India round 11
ChatterBot Hotel round 11
ChatterBot Echo round 11
ChatterBot Bravo round 11
ChatterBot Golf round 11
ChatterBot Kilo round 11
ChatterBot Mike round 11
ChatterBot Alpha round 11
2024-10-14 23:06:01.830677 Foxtrot: Charlie, India, Echo and Golf, sending you 2
2024-10-14 23:06:01.832653 Mike: Foxtrot, India and Golf, sending you 3
2024-10-14 23:06:01.833354 Hotel: Foxtrot, India and Golf, sending you 3
2024-10-14 23:06:01.835043 Echo: Foxtrot and Mike, sending you 3
2024-10-14 23:06:01.837527 India: Foxtrot, Charlie, Echo and Golf, sending you 2
2024-10-14 23:06:01.839760 Mike: Charlie, Hotel and Echo, sending you 2
2024-10-14 23:06:01.841890 Foxtrot: Hotel and Mike, sending you 3
2024-10-14 23:06:01.844431 Hotel: Charlie, Echo and Mike, sending you 2
2024-10-14 23:06:01.846569 Echo: Charlie and Alpha, sending you 4
2024-10-14 23:06:01.849275 India: Hotel and Mike, sending you 3
2024-10-14 23:06:01.851435 Bravo: Same as last round
2024-10-14 23:06:01.853 Alpha: Foxtrot and Charlie, sending you 1
2024-10-14 23:06:01.855670 Kilo: Hotel, Golf and Mike, sending you 1
2024-10-14 23:06:01.858061 Foxtrot: Alpha, sending you 1
2024-10-14 23:06:01.860917 Echo: India and Hotel, sending you 2
2024-10-14 23:06:01.863744 Golf: Foxtrot and India, sending you 2
2024-10-14 23:06:01.866323 Alpha: Echo, sending you 3
2024-10-14 23:06:01.869059 Kilo: Bravo, sending you 13
2024-10-14 23:06:01.871803 Echo: Golf, sending you 1
2024-10-14 23:06:01.874985 Golf: Charlie, Hotel and Mike, sending you 3
2024-10-14 23:06:01.882687 Golf: Echo, sending you 1
chatterbot Mike submitting transactions
chatterbot India submitting transactions
chatterbot Bravo submitting transactions
chatterbot Alpha submitting transactions
chatterbot Kilo submitting transactions
chatterbot Foxtrot submitting transactions
chatterbot Charlie submitting transactions
chatterbot Echo submitting transactions
chatterbot Golf submitting transactions
chatterbot Hotel submitting transactions
ChatterBot Foxtrot round 12
ChatterBot Charlie round 12
ChatterBot India round 12
ChatterBot Hotel round 12
ChatterBot Echo round 12
ChatterBot Bravo round 12
ChatterBot Golf round 12
ChatterBot Kilo round 12
ChatterBot Mike round 12
ChatterBot Alpha round 12
2024-10-14 23:06:03.094704 Hotel: Foxtrot, India and Golf, sending you 3
2024-10-14 23:06:03.097692 Mike: Foxtrot, India and Golf, sending you 3
2024-10-14 23:06:03.099286 Foxtrot: Charlie, India, Echo and Golf, sending you 2
2024-10-14 23:06:03.101610 India: Foxtrot, Charlie, Echo and Golf, sending you 2
2024-10-14 23:06:03.102299 Hotel: Charlie, Echo and Mike, sending you 2
2024-10-14 23:06:03.103503 Mike: Charlie, Hotel and Echo, sending you 2
2024-10-14 23:06:03.104791 Foxtrot: Hotel and Mike, sending you 3
2024-10-14 23:06:03.107281 Echo: Foxtrot, Charlie, Hotel and Mike, sending you 3
2024-10-14 23:06:03.109337 Bravo: Same as last round
2024-10-14 23:06:03.109805 Kilo: Hotel and Mike, sending you 1
2024-10-14 23:06:03.112886 India: Hotel and Mike, sending you 3
2024-10-14 23:06:03.114872 Alpha: Foxtrot and Charlie, sending you 1
2024-10-14 23:06:03.117874 Golf: Foxtrot, Charlie and India, sending you 2
2024-10-14 23:06:03.120167 Foxtrot: Alpha, sending you 1
2024-10-14 23:06:03.121943 Echo: India, sending you 2
2024-10-14 23:06:03.124643 Kilo: Bravo, sending you 13
2024-10-14 23:06:03.127211 Alpha: Echo, sending you 3
2024-10-14 23:06:03.129004 Golf: Hotel and Mike, sending you 3
2024-10-14 23:06:03.131138 Echo: Golf, sending you 1
2024-10-14 23:06:03.134224 Golf: Echo and Alpha, sending you 1
2024-10-14 23:06:03.137199 Echo: Alpha, sending you 4
chatterbot Hotel submitting transactions
chatterbot Golf submitting transactions
chatterbot Kilo submitting transactions
chatterbot India submitting transactions
chatterbot Mike submitting transactions
chatterbot Echo submitting transactions
chatterbot Foxtrot submitting transactions
chatterbot Charlie submitting transactions
chatterbot Bravo submitting transactions
chatterbot Alpha submitting transactions
ChatterBot Foxtrot round 13
ChatterBot Charlie round 13
ChatterBot India round 13
ChatterBot Hotel round 13
ChatterBot Echo round 13
ChatterBot Bravo round 13
ChatterBot Golf round 13
ChatterBot Kilo round 13
ChatterBot Mike round 13
ChatterBot Alpha round 13
2024-10-14 23:06:04.306931 Foxtrot: Charlie, India, Echo and Golf, sending you 2
2024-10-14 23:06:04.310805 Alpha: Foxtrot and Charlie, sending you 1
2024-10-14 23:06:04.314293 Mike: Foxtrot, India and Golf, sending you 3
2024-10-14 23:06:04.317272 India: Foxtrot, Charlie, Echo and Golf, sending you 2
2024-10-14 23:06:04.319573 Foxtrot: Hotel and Mike, sending you 3
2024-10-14 23:06:04.322937 Kilo: Hotel and Mike, sending you 1
2024-10-14 23:06:04.325066 Alpha: Echo, sending you 3
2024-10-14 23:06:04.327501 Mike: Charlie, Hotel and Echo, sending you 2
2024-10-14 23:06:04.328484 Echo: Foxtrot, Charlie, Hotel and Mike, sending you 3
2024-10-14 23:06:04.330388 Bravo: Same as last round
