ChatterBot November round 1
ChatterBot Bravo round 1
ChatterBot Hotel round 1
ChatterBot Foxtrot round 1
ChatterBot Delta round 1
ChatterBot Quebec round 1
ChatterBot Uniform round 1
ChatterBot X-ray round 1
ChatterBot Papa round 1
ChatterBot Charlie round 1
randomSelections Papa: {Papa, X-ray, Uniform, Hotel, Bravo, Quebec, Delta} 
2024-10-14 23:05:46.589156 Papa: Let's form a team
ChatterBot X-ray reevaluating
ChatterBot Uniform reevaluating
ChatterBot Hotel reevaluating
ChatterBot Bravo reevaluating
ChatterBot Quebec reevaluating
ChatterBot Delta reevaluating
2024-10-14 23:05:46.604862 X-ray: Yes
2024-10-14 23:05:46.605034 Uniform: Yes
2024-10-14 23:05:46.605147 Hotel: Yes
2024-10-14 23:05:46.605818 Bravo: Yes
2024-10-14 23:05:46.605945 Quebec: Yes
2024-10-14 23:05:46.606066 Delta: Yes
ChatterBot Uniform reevaluating
ChatterBot Hotel reevaluating
ChatterBot Bravo reevaluating
ChatterBot Quebec reevaluating
ChatterBot Delta reevaluating
ChatterBot X-ray reevaluating
ChatterBot Hotel reevaluating
ChatterBot Bravo reevaluating
ChatterBot Quebec reevaluating
ChatterBot Delta reevaluating
ChatterBot X-ray reevaluating
ChatterBot Uniform reevaluating
ChatterBot Bravo reevaluating
ChatterBot Quebec reevaluating
ChatterBot Delta reevaluating
ChatterBot X-ray reevaluating
ChatterBot Uniform reevaluating
ChatterBot Hotel reevaluating
ChatterBot Quebec reevaluating
ChatterBot Delta reevaluating
ChatterBot X-ray reevaluating
ChatterBot Uniform reevaluating
ChatterBot Hotel reevaluating
ChatterBot Bravo reevaluating
ChatterBot Delta reevaluating
ChatterBot X-ray reevaluating
ChatterBot Uniform reevaluating
ChatterBot Hotel reevaluating
ChatterBot Bravo reevaluating
ChatterBot Quebec reevaluating
randomSelections Foxtrot: {Foxtrot, Hotel, Delta, Quebec, November} 
2024-10-14 23:05:46.789350 Foxtrot: Friends?
ChatterBot Hotel reevaluating
ChatterBot Delta reevaluating
ChatterBot Quebec reevaluating
ChatterBot November reevaluating
2024-10-14 23:05:46.799820 Hotel: No
2024-10-14 23:05:46.800193 Delta: No
2024-10-14 23:05:46.800694 Quebec: No
2024-10-14 23:05:46.801466 November: Yes
ChatterBot Delta reevaluating
ChatterBot Quebec reevaluating
ChatterBot November reevaluating
ChatterBot Hotel reevaluating
ChatterBot Quebec reevaluating
ChatterBot November reevaluating
ChatterBot Hotel reevaluating
ChatterBot Delta reevaluating
ChatterBot November reevaluating
ChatterBot Hotel reevaluating
ChatterBot Delta reevaluating
ChatterBot Quebec reevaluating
randomSelections Charlie: {Charlie, Uniform, X-ray, Delta, Papa, Bravo, Quebec} 
2024-10-14 23:05:46.840169 Charlie: Friends?
ChatterBot Uniform reevaluating
ChatterBot X-ray reevaluating
ChatterBot Delta reevaluating
ChatterBot Bravo reevaluating
ChatterBot Quebec reevaluating
2024-10-14 23:05:46.848906 Uniform: No
2024-10-14 23:05:46.849269 X-ray: No
2024-10-14 23:05:46.850033 Delta: No
2024-10-14 23:05:46.850378 Papa: No
2024-10-14 23:05:46.850605 Bravo: No
2024-10-14 23:05:46.850907 Quebec: No
ChatterBot X-ray reevaluating
ChatterBot Delta reevaluating
ChatterBot Bravo reevaluating
ChatterBot Quebec reevaluating
ChatterBot Uniform reevaluating
ChatterBot Delta reevaluating
ChatterBot Bravo reevaluating
ChatterBot Quebec reevaluating
ChatterBot Uniform reevaluating
ChatterBot X-ray reevaluating
ChatterBot Bravo reevaluating
ChatterBot Quebec reevaluating
ChatterBot Uniform reevaluating
ChatterBot X-ray reevaluating
ChatterBot Delta reevaluating
ChatterBot Bravo reevaluating
ChatterBot Quebec reevaluating
ChatterBot Uniform reevaluating
ChatterBot X-ray reevaluating
ChatterBot Delta reevaluating
ChatterBot Quebec reevaluating
ChatterBot Uniform reevaluating
ChatterBot X-ray reevaluating
ChatterBot Delta reevaluating
ChatterBot Bravo reevaluating
2024-10-14 23:05:46.928646 Hotel: Bravo, Delta and Papa, sending you 1
2024-10-14 23:05:46.938216 Hotel: Quebec, sending you 3
2024-10-14 23:05:46.939810 Uniform: Bravo, sending you 1
2024-10-14 23:05:46.943738 Foxtrot: November and Quebec, sending you 3
2024-10-14 23:05:46.945040 Delta: Bravo, Hotel and Quebec, sending you 2
2024-10-14 23:05:46.945740 Quebec: Bravo, sending you 1
2024-10-14 23:05:46.947173 November: Hotel, sending you 6
2024-10-14 23:05:46.947932 Hotel: Uniform and X-ray, sending you 4
2024-10-14 23:05:46.949263 X-ray: Bravo and Papa, sending you 2
2024-10-14 23:05:46.950658 Uniform: Hotel and X-ray, sending you 4
2024-10-14 23:05:46.951426 Papa: Bravo and Uniform, sending you 2
2024-10-14 23:05:46.952603 Charlie: Bravo and Delta, sending you 1
2024-10-14 23:05:46.953187 Bravo: Hotel, Quebec and Papa, sending you 2
2024-10-14 23:05:46.954536 Foxtrot: Hotel, sending you 6
2024-10-14 23:05:46.955047 Delta: X-ray, sending you 1
2024-10-14 23:05:46.956498 Quebec: Uniform and Papa, sending you 3
2024-10-14 23:05:46.957768 November: Foxtrot, sending you 3
2024-10-14 23:05:46.958855 X-ray: Hotel and Quebec, sending you 1
2024-10-14 23:05:46.959624 Uniform: Delta and Quebec, sending you 2
2024-10-14 23:05:46.960795 Papa: Hotel and X-ray, sending you 1
2024-10-14 23:05:46.961405 Bravo: Uniform, sending you 1
2024-10-14 23:05:46.962603 Charlie: Uniform, sending you 6
2024-10-14 23:05:46.963191 Foxtrot: Delta, sending you 5
2024-10-14 23:05:46.964565 Delta: Papa, sending you 4
2024-10-14 23:05:46.966264 November: Delta and Quebec, sending you 4
2024-10-14 23:05:46.967223 X-ray: Delta, sending you 3
2024-10-14 23:05:46.967722 Papa: Delta, sending you 3
2024-10-14 23:05:46.969377 Uniform: Papa, sending you 3
2024-10-14 23:05:46.970860 Charlie: X-ray, sending you 4
2024-10-14 23:05:46.973257 X-ray: Uniform, sending you 5
2024-10-14 23:05:46.975031 Papa: Quebec, sending you 5
2024-10-14 23:05:46.978665 Charlie: Papa, sending you 5
chatterbot Foxtrot submitting transactions
chatterbot Papa submitting transactions
chatterbot Charlie submitting transactions
chatterbot Uniform submitting transactions
chatterbot November submitting transactions
chatterbot Quebec submitting transactions
chatterbot Bravo submitting transactions
chatterbot X-ray submitting transactions
chatterbot Delta submitting transactions
chatterbot Hotel submitting transactions
ChatterBot November round 2
ChatterBot Bravo round 2
ChatterBot Hotel round 2
ChatterBot Foxtrot round 2
ChatterBot Delta round 2
ChatterBot Quebec round 2
ChatterBot Uniform round 2
2024-10-14 23:05:51.861707 Hotel: Can we be friends?
ChatterBot Uniform reevaluating
ChatterBot X-ray reevaluating
ChatterBot Charlie reevaluating
ChatterBot Bravo reevaluating
ChatterBot Quebec reevaluating
ChatterBot Papa reevaluating
ChatterBot November reevaluating
ChatterBot Foxtrot reevaluating
ChatterBot Delta reevaluating
2024-10-14 23:05:51.937409 Uniform: No
2024-10-14 23:05:51.938150 X-ray: No
2024-10-14 23:05:51.938295 Charlie: No
2024-10-14 23:05:51.938419 Bravo: No
2024-10-14 23:05:51.938584 Quebec: No
2024-10-14 23:05:51.938711 Papa: No
2024-10-14 23:05:51.938827 November: No
2024-10-14 23:05:51.938939 Foxtrot: No
2024-10-14 23:05:51.939069 Delta: Yes
ChatterBot X-ray reevaluating
ChatterBot Charlie reevaluating
ChatterBot Bravo reevaluating
ChatterBot Quebec reevaluating
ChatterBot Papa reevaluating
ChatterBot November reevaluating
ChatterBot Foxtrot reevaluating
ChatterBot Delta reevaluating
ChatterBot Uniform reevaluating
ChatterBot Charlie reevaluating
ChatterBot Bravo reevaluating
ChatterBot Quebec reevaluating
ChatterBot Papa reevaluating
ChatterBot November reevaluating
ChatterBot Foxtrot reevaluating
ChatterBot Delta reevaluating
ChatterBot Uniform reevaluating
ChatterBot X-ray reevaluating
ChatterBot Bravo reevaluating
ChatterBot Quebec reevaluating
ChatterBot Papa reevaluating
ChatterBot November reevaluating
ChatterBot Foxtrot reevaluating
ChatterBot Delta reevaluating
ChatterBot Uniform reevaluating
ChatterBot X-ray reevaluating
ChatterBot Charlie reevaluating
ChatterBot Quebec reevaluating
ChatterBot Papa reevaluating
ChatterBot November reevaluating
ChatterBot Foxtrot reevaluating
ChatterBot Delta reevaluating
ChatterBot Uniform reevaluating
ChatterBot X-ray reevaluating
ChatterBot Charlie reevaluating
ChatterBot Bravo reevaluating
ChatterBot Papa reevaluating
ChatterBot November reevaluating
ChatterBot Foxtrot reevaluating
ChatterBot Delta reevaluating
ChatterBot Uniform reevaluating
ChatterBot X-ray reevaluating
ChatterBot Charlie reevaluating
ChatterBot Bravo reevaluating
ChatterBot Quebec reevaluating
ChatterBot November reevaluating
ChatterBot Foxtrot reevaluating
ChatterBot Delta reevaluating
ChatterBot Uniform reevaluating
ChatterBot X-ray reevaluating
ChatterBot Charlie reevaluating
ChatterBot Bravo reevaluating
ChatterBot Quebec reevaluating
ChatterBot Papa reevaluating
ChatterBot Foxtrot reevaluating
ChatterBot Delta reevaluating
ChatterBot Uniform reevaluating
ChatterBot X-ray reevaluating
ChatterBot Charlie reevaluating
ChatterBot Bravo reevaluating
ChatterBot Quebec reevaluating
ChatterBot Papa reevaluating
ChatterBot November reevaluating
ChatterBot Delta reevaluating
ChatterBot Uniform reevaluating
ChatterBot X-ray reevaluating
ChatterBot Charlie reevaluating
ChatterBot Bravo reevaluating
ChatterBot Quebec reevaluating
ChatterBot Papa reevaluating
ChatterBot November reevaluating
ChatterBot Foxtrot reevaluating
ChatterBot X-ray round 2
ChatterBot Papa round 2
ChatterBot Charlie round 2
2024-10-14 23:05:52.791929 X-ray: We should replace Delta with Charlie
ChatterBot Uniform reevaluating
ChatterBot Papa reevaluating
2024-10-14 23:05:52.833352 Hotel: No
2024-10-14 23:05:52.833551 Uniform: No
2024-10-14 23:05:52.833808 Bravo: No
2024-10-14 23:05:52.834607 Quebec: No
2024-10-14 23:05:52.834819 Papa: No
ChatterBot Uniform reevaluating
ChatterBot Quebec reevaluating
ChatterBot Papa reevaluating
ChatterBot Quebec reevaluating
ChatterBot Papa reevaluating
ChatterBot Uniform reevaluating
ChatterBot Quebec reevaluating
ChatterBot Papa reevaluating
ChatterBot Hotel reevaluating
ChatterBot Uniform reevaluating
ChatterBot Papa reevaluating
ChatterBot Hotel reevaluating
ChatterBot Uniform reevaluating
ChatterBot Quebec reevaluating
2024-10-14 23:05:52.976960 Papa: We should add Charlie
ChatterBot Uniform reevaluating
ChatterBot Hotel reevaluating
ChatterBot Quebec reevaluating
2024-10-14 23:05:53.007269 X-ray: Yes
2024-10-14 23:05:53.007494 Uniform: Yes
2024-10-14 23:05:53.007688 Hotel: Yes
2024-10-14 23:05:53.007880 Bravo: Yes
2024-10-14 23:05:53.008062 Quebec: Yes
2024-10-14 23:05:53.008626 Delta: Yes
ChatterBot Papa reevaluating
ChatterBot Uniform reevaluating
ChatterBot Hotel reevaluating
ChatterBot Quebec reevaluating
ChatterBot Papa reevaluating
ChatterBot Hotel reevaluating
ChatterBot Quebec reevaluating
ChatterBot Papa reevaluating
ChatterBot Uniform reevaluating
ChatterBot Quebec reevaluating
ChatterBot Papa reevaluating
ChatterBot Uniform reevaluating
ChatterBot Hotel reevaluating
ChatterBot Quebec reevaluating
ChatterBot Papa reevaluating
ChatterBot Uniform reevaluating
ChatterBot Hotel reevaluating
ChatterBot Papa reevaluating
ChatterBot Uniform reevaluating
ChatterBot Hotel reevaluating
ChatterBot Quebec reevaluating
2024-10-14 23:05:53.191512 Bravo: Charlie we want you to join our group
ChatterBot Charlie reevaluating
2024-10-14 23:05:53.197643 Charlie: No
ChatterBot Hotel reevaluating
ChatterBot Uniform reevaluating
ChatterBot Quebec reevaluating
ChatterBot Papa reevaluating
2024-10-14 23:05:53.232776 Charlie: Can we be friends?
ChatterBot Hotel reevaluating
ChatterBot Uniform reevaluating
2024-10-14 23:05:53.252441 Hotel: Yes
2024-10-14 23:05:53.252602 Uniform: Yes
2024-10-14 23:05:53.252777 X-ray: No
2024-10-14 23:05:53.253460 Delta: Yes
ChatterBot Charlie reevaluating
ChatterBot Uniform reevaluating
ChatterBot Charlie reevaluating
ChatterBot Hotel reevaluating
ChatterBot Charlie reevaluating
ChatterBot Hotel reevaluating
ChatterBot Uniform reevaluating
ChatterBot Charlie reevaluating
ChatterBot Hotel reevaluating
ChatterBot Uniform reevaluating
2024-10-14 23:05:53.459442 Foxtrot: We should drop Quebec
ChatterBot Hotel reevaluating
2024-10-14 23:05:53.472194 November: Yes
2024-10-14 23:05:53.472442 Delta: No
2024-10-14 23:05:53.472603 Hotel: No
ChatterBot Hotel reevaluating
ChatterBot Hotel reevaluating
2024-10-14 23:05:53.523134 X-ray: Charlie we want you to join our group
ChatterBot Charlie reevaluating
2024-10-14 23:05:53.529228 Charlie: No
ChatterBot Hotel reevaluating
ChatterBot Quebec reevaluating
ChatterBot Papa reevaluating
chatterbot Hotel submitting transactions
2024-10-14 23:05:53.574132 Uniform: Charlie we want you to join our group
ChatterBot Charlie reevaluating
2024-10-14 23:05:53.583697 Charlie: No
2024-10-14 23:05:53.642661 Charlie: Group up?
2024-10-14 23:05:53.671331 Hotel: No
2024-10-14 23:05:53.671842 Uniform: Yes
2024-10-14 23:05:53.672169 X-ray: Yes
2024-10-14 23:05:53.672450 Quebec: Yes
2024-10-14 23:05:53.673140 Papa: Yes
ChatterBot Charlie reevaluating
ChatterBot Charlie reevaluating
ChatterBot Hotel reevaluating
ChatterBot Charlie reevaluating
ChatterBot Hotel reevaluating
ChatterBot Charlie reevaluating
ChatterBot Hotel reevaluating
ChatterBot Charlie reevaluating
ChatterBot Hotel reevaluating
2024-10-14 23:05:53.810424 Papa: Charlie we want you to join our group
ChatterBot Charlie reevaluating
2024-10-14 23:05:53.818362 Charlie: No
ChatterBot Hotel reevaluating
chatterbot Delta submitting transactions
2024-10-14 23:05:53.856346 Delta: November, X-ray and Papa, sending you 3
2024-10-14 23:05:53.858670 Bravo: Hotel, Delta, Quebec, Uniform, X-ray, Papa and Charlie, sending you 1
2024-10-14 23:05:53.859707 X-ray: Bravo and Papa, sending you 1
2024-10-14 23:05:53.860674 Foxtrot: November, sending you 14
2024-10-14 23:05:53.861101 Quebec: November, Hotel and Foxtrot, sending you 2
2024-10-14 23:05:53.862060 Delta: Hotel and Charlie, sending you 1
2024-10-14 23:05:53.864670 X-ray: Hotel, Uniform and Charlie, sending you 4
2024-10-14 23:05:53.865324 Foxtrot: Hotel and Delta, sending you 1
2024-10-14 23:05:53.866258 Quebec: Bravo, Delta, Uniform, X-ray and Charlie, sending you 1
2024-10-14 23:05:53.866809 Delta: Foxtrot, sending you 4
chatterbot X-ray submitting transactions
2024-10-14 23:05:53.869687 Quebec: Papa, sending you 3
2024-10-14 23:05:53.872056 Delta: Uniform, sending you 2
2024-10-14 23:05:53.872790 Uniform: Bravo and Delta, sending you 1
2024-10-14 23:05:53.874037 Papa: Bravo, Hotel, Delta, Quebec, Uniform, X-ray and Charlie, sending you 2
2024-10-14 23:05:53.876677 Uniform: Hotel and X-ray, sending you 3
2024-10-14 23:05:53.880051 Uniform: Quebec and Papa, sending you 2
2024-10-14 23:05:53.882009 Charlie: Hotel and Uniform, sending you 4
2024-10-14 23:05:53.882658 November: Hotel and Delta, sending you 3
2024-10-14 23:05:53.884662 Hotel: November, Bravo, Foxtrot, Delta and Uniform, sending you 2
2024-10-14 23:05:53.885802 Uniform: Charlie, sending you 4
2024-10-14 23:05:53.886409 Charlie: Quebec, X-ray and Papa, sending you 3
2024-10-14 23:05:53.886889 November: Foxtrot, sending you 11
2024-10-14 23:05:53.889824 Hotel: Quebec, X-ray, Papa and Charlie, sending you 1
chatterbot Papa submitting transactions
chatterbot November submitting transactions
chatterbot Foxtrot submitting transactions
chatterbot Bravo submitting transactions
chatterbot Uniform submitting transactions
chatterbot Quebec submitting transactions
chatterbot Hotel submitting transactions
chatterbot Charlie submitting transactions
ChatterBot November round 3
ChatterBot Bravo round 3
ChatterBot Hotel round 3
ChatterBot Foxtrot round 3
ChatterBot Delta round 3
ChatterBot Quebec round 3
ChatterBot Uniform round 3
ChatterBot X-ray round 3
ChatterBot Papa round 3
ChatterBot Charlie round 3
2024-10-14 23:05:55.100594 Charlie: We should add Bravo
2024-10-14 23:05:55.122737 Hotel: Yes
2024-10-14 23:05:55.122888 Uniform: Yes
2024-10-14 23:05:55.122996 X-ray: Yes
2024-10-14 23:05:55.123100 Quebec: Yes
2024-10-14 23:05:55.123206 Papa: Yes
ChatterBot Charlie reevaluating
ChatterBot Charlie reevaluating
ChatterBot Charlie reevaluating
ChatterBot Charlie reevaluating
ChatterBot Charlie reevaluating
2024-10-14 23:05:55.234705 Quebec: We should drop November and Foxtrot
ChatterBot Charlie reevaluating
2024-10-14 23:05:55.261076 Bravo: Yes
2024-10-14 23:05:55.261245 Hotel: No
2024-10-14 23:05:55.261360 Uniform: Yes
2024-10-14 23:05:55.261451 X-ray: Yes
2024-10-14 23:05:55.261538 Charlie: Yes
2024-10-14 23:05:55.261630 Papa: Yes
2024-10-14 23:05:55.261726 Delta: No
ChatterBot Charlie reevaluating
ChatterBot Charlie reevaluating
ChatterBot Charlie reevaluating
ChatterBot Charlie reevaluating
ChatterBot Charlie reevaluating
ChatterBot Charlie reevaluating
2024-10-14 23:05:55.420335 Delta: November, Foxtrot and Papa, sending you 3
2024-10-14 23:05:55.420742 November: Hotel, sending you 4
2024-10-14 23:05:55.424032 Delta: Bravo and Quebec, sending you 1
2024-10-14 23:05:55.424560 November: Foxtrot, sending you 8
2024-10-14 23:05:55.424891 Charlie: Bravo we want you to join our group
2024-10-14 23:05:55.428936 Bravo: Yes
ChatterBot Charlie reevaluating
2024-10-14 23:05:55.451546 Bravo: Hotel, Delta, Quebec, Uniform, X-ray, Papa and Charlie, sending you 1
2024-10-14 23:05:55.452437 Foxtrot: November, sending you 10
2024-10-14 23:05:55.452823 Hotel: November, sending you 3
chatterbot Hotel submitting transactions
2024-10-14 23:05:55.453439 Delta: Hotel, Uniform and X-ray, sending you 2
2024-10-14 23:05:55.453896 November: Delta, sending you 5
2024-10-14 23:05:55.456664 Hotel: Bravo, Delta, Quebec, Papa and Charlie, sending you 1
2024-10-14 23:05:55.457430 X-ray: Bravo and Quebec, sending you 1
2024-10-14 23:05:55.457841 Foxtrot: Hotel, sending you 3
2024-10-14 23:05:55.458183 Quebec: Bravo, Hotel, Delta, Uniform and Charlie, sending you 2
2024-10-14 23:05:55.458718 Papa: Bravo, Hotel, Delta, Quebec, Uniform, X-ray and Charlie, sending you 2
2024-10-14 23:05:55.459285 Uniform: Bravo, sending you 1
2024-10-14 23:05:55.460704 Hotel: Foxtrot, Uniform and X-ray, sending you 2
2024-10-14 23:05:55.461485 X-ray: Hotel and Charlie, sending you 3
2024-10-14 23:05:55.462685 Foxtrot: Delta, sending you 4
2024-10-14 23:05:55.463663 Quebec: X-ray, sending you 1
2024-10-14 23:05:55.464518 Uniform: Hotel, X-ray and Charlie, sending you 3
2024-10-14 23:05:55.465016 X-ray: Uniform, sending you 4
2024-10-14 23:05:55.467705 X-ray: Papa, sending you 2
2024-10-14 23:05:55.468683 Quebec: Papa, sending you 3
2024-10-14 23:05:55.469687 Uniform: Delta, Quebec and Papa, sending you 2
2024-10-14 23:05:55.483707 Charlie: Bravo, Hotel and Quebec, sending you 2
2024-10-14 23:05:55.488676 Charlie: Uniform and X-ray, sending you 4
2024-10-14 23:05:55.492665 Charlie: Papa, sending you 3
chatterbot X-ray submitting transactions
chatterbot Bravo submitting transactions
chatterbot November submitting transactions
chatterbot Foxtrot submitting transactions
chatterbot Uniform submitting transactions
chatterbot Papa submitting transactions
chatterbot Delta submitting transactions
chatterbot Quebec submitting transactions
chatterbot Charlie submitting transactions
ChatterBot November round 4
ChatterBot Bravo round 4
ChatterBot Hotel round 4
ChatterBot Foxtrot round 4
ChatterBot Delta round 4
ChatterBot Quebec round 4
ChatterBot Uniform round 4
ChatterBot X-ray round 4
ChatterBot Papa round 4
ChatterBot Charlie round 4
2024-10-14 23:05:56.696680 Quebec: Bravo, Hotel, Delta, Uniform and Charlie, sending you 2
2024-10-14 23:05:56.700673 November: Hotel, sending you 4
2024-10-14 23:05:56.701417 Hotel: November, sending you 3
2024-10-14 23:05:56.701956 Quebec: X-ray, sending you 1
2024-10-14 23:05:56.704678 Papa: Bravo, Hotel, Delta, Quebec, Uniform, X-ray and Charlie, sending you 2
2024-10-14 23:05:56.705341 November: Foxtrot, sending you 8
2024-10-14 23:05:56.705679 Hotel: Bravo, Delta, Quebec, Papa and Charlie, sending you 1
2024-10-14 23:05:56.706673 Delta: November, sending you 4
2024-10-14 23:05:56.707189 Quebec: Papa, sending you 3
2024-10-14 23:05:56.707996 Uniform: Bravo, sending you 1
2024-10-14 23:05:56.708674 Foxtrot: November, sending you 10
2024-10-14 23:05:56.709085 X-ray: Bravo and Quebec, sending you 1
2024-10-14 23:05:56.709716 Hotel: Foxtrot, Uniform and X-ray, sending you 2
2024-10-14 23:05:56.710316 Bravo: Hotel, Delta, Quebec, Uniform, X-ray, Papa and Charlie, sending you 1
2024-10-14 23:05:56.710900 Delta: Bravo and X-ray, sending you 1
2024-10-14 23:05:56.711801 November: Delta, sending you 5
2024-10-14 23:05:56.712142 Uniform: Hotel, Delta, Quebec and Papa, sending you 2
2024-10-14 23:05:56.713702 Charlie: Bravo, sending you 1
2024-10-14 23:05:56.714088 Foxtrot: Hotel, sending you 3
2024-10-14 23:05:56.714677 X-ray: Hotel and Charlie, sending you 3
2024-10-14 23:05:56.715684 Delta: Hotel, Quebec, Uniform and Papa, sending you 2
2024-10-14 23:05:56.716667 Uniform: X-ray, sending you 4
2024-10-14 23:05:56.717123 Foxtrot: Delta, sending you 4
2024-10-14 23:05:56.718683 Charlie: Hotel, sending you 2
2024-10-14 23:05:56.719072 Delta: Foxtrot, sending you 3
2024-10-14 23:05:56.719719 X-ray: Uniform, sending you 4
2024-10-14 23:05:56.721672 Uniform: Charlie, sending you 3
2024-10-14 23:05:56.722704 Charlie: Quebec and Papa, sending you 3
2024-10-14 23:05:56.723300 X-ray: Papa, sending you 2
2024-10-14 23:05:56.725696 Charlie: Uniform and X-ray, sending you 4
chatterbot Bravo submitting transactions
chatterbot Foxtrot submitting transactions
chatterbot Uniform submitting transactions
chatterbot Hotel submitting transactions
chatterbot November submitting transactions
chatterbot Quebec submitting transactions
chatterbot X-ray submitting transactions
chatterbot Charlie submitting transactions
chatterbot Papa submitting transactions
chatterbot Delta submitting transactions
ChatterBot November round 5
ChatterBot Bravo round 5
ChatterBot Hotel round 5
ChatterBot Foxtrot round 5
ChatterBot Delta round 5
ChatterBot Quebec round 5
ChatterBot Uniform round 5
ChatterBot X-ray round 5
ChatterBot Papa round 5
ChatterBot Charlie round 5
2024-10-14 23:05:57.935268 Bravo: We should drop Delta
2024-10-14 23:05:57.957050 X-ray: Yes
2024-10-14 23:05:57.957320 Hotel: No
2024-10-14 23:05:57.957486 Uniform: No
2024-10-14 23:05:57.957687 Charlie: Yes
2024-10-14 23:05:57.957852 Quebec: No
2024-10-14 23:05:57.958005 Papa: No
ChatterBot Bravo reevaluating
ChatterBot Bravo reevaluating
ChatterBot Bravo reevaluating
ChatterBot Hotel reevaluating
ChatterBot Uniform reevaluating
ChatterBot Bravo reevaluating
ChatterBot Papa reevaluating
ChatterBot Hotel reevaluating
ChatterBot Uniform reevaluating
ChatterBot Bravo reevaluating
ChatterBot Papa reevaluating
ChatterBot Hotel reevaluating
ChatterBot Uniform reevaluating
ChatterBot Bravo reevaluating
2024-10-14 23:05:58.095667 Foxtrot: November, sending you 10
2024-10-14 23:05:58.096685 X-ray: Bravo and Quebec, sending you 1
2024-10-14 23:05:58.097698 Uniform: Bravo, sending you 1
2024-10-14 23:05:58.099427 Quebec: Bravo, Hotel, Delta, Uniform, X-ray, Papa and Charlie, sending you 2
2024-10-14 23:05:58.100416 Foxtrot: Hotel, sending you 3
2024-10-14 23:05:58.100974 November: Hotel and Delta, sending you 5
2024-10-14 23:05:58.101582 Hotel: November, Foxtrot, Uniform, X-ray and Papa, sending you 2
2024-10-14 23:05:58.102667 X-ray: Hotel and Charlie, sending you 3
2024-10-14 23:05:58.104006 Uniform: Hotel, Delta, Quebec and Papa, sending you 2
2024-10-14 23:05:58.104797 Charlie: Bravo and Hotel, sending you 2
2024-10-14 23:05:58.105357 Papa: Bravo, Hotel, Uniform and X-ray, sending you 2
2024-10-14 23:05:58.105705 Foxtrot: Delta, sending you 4
2024-10-14 23:05:58.105926 November: Foxtrot, sending you 7
2024-10-14 23:05:58.106648 Hotel: Bravo, Delta, Quebec and Charlie, sending you 1
2024-10-14 23:05:58.108443 X-ray: Uniform, sending you 4
2024-10-14 23:05:58.109095 Charlie: Quebec, X-ray and Papa, sending you 3
2024-10-14 23:05:58.109600 Delta: November, sending you 4
2024-10-14 23:05:58.110022 Uniform: X-ray, sending you 4
2024-10-14 23:05:58.110387 Papa: Quebec and Charlie, sending you 3
2024-10-14 23:05:58.112681 X-ray: Papa, sending you 2
2024-10-14 23:05:58.113204 Charlie: Uniform, sending you 4
2024-10-14 23:05:58.113731 Delta: Bravo and X-ray, sending you 1
2024-10-14 23:05:58.114681 Uniform: Charlie, sending you 3
2024-10-14 23:05:58.116178 Bravo: Hotel, Quebec, Uniform, X-ray and Charlie, sending you 1
2024-10-14 23:05:58.118673 Delta: Hotel, Quebec, Uniform and Papa, sending you 2
2024-10-14 23:05:58.121703 Bravo: Papa, sending you 2
2024-10-14 23:05:58.123851 Delta: Foxtrot, sending you 3
chatterbot Quebec submitting transactions
chatterbot November submitting transactions
chatterbot X-ray submitting transactions
chatterbot Papa submitting transactions
chatterbot Uniform submitting transactions
chatterbot Hotel submitting transactions
chatterbot Delta submitting transactions
chatterbot Foxtrot submitting transactions
chatterbot Bravo submitting transactions
chatterbot Charlie submitting transactions
ChatterBot November round 6
ChatterBot Bravo round 6
ChatterBot Hotel round 6
ChatterBot Foxtrot round 6
ChatterBot Delta round 6
ChatterBot Quebec round 6
ChatterBot Uniform round 6
ChatterBot X-ray round 6
ChatterBot Papa round 6
ChatterBot Charlie round 6
2024-10-14 23:05:59.189867 Uniform: We should drop Delta
2024-10-14 23:05:59.206132 X-ray: Yes
2024-10-14 23:05:59.206291 Hotel: Yes
2024-10-14 23:05:59.206424 Charlie: Yes
2024-10-14 23:05:59.206531 Bravo: Yes
2024-10-14 23:05:59.206637 Quebec: Yes
2024-10-14 23:05:59.206745 Papa: Yes
ChatterBot Uniform reevaluating
ChatterBot Uniform reevaluating
ChatterBot Uniform reevaluating
ChatterBot Papa reevaluating
ChatterBot Uniform reevaluating
ChatterBot Papa reevaluating
ChatterBot Uniform reevaluating
ChatterBot Papa reevaluating
ChatterBot Uniform reevaluating
2024-10-14 23:05:59.324146 Bravo: Hotel, Quebec, Uniform, X-ray and Charlie, sending you 1
2024-10-14 23:05:59.327681 November: Hotel and Delta, sending you 5
2024-10-14 23:05:59.328313 Bravo: Papa, sending you 2
2024-10-14 23:05:59.329116 Foxtrot: November, sending you 9
2024-10-14 23:05:59.329970 Delta: November, sending you 4
2024-10-14 23:05:59.331017 Hotel: Bravo, Quebec, Uniform, Papa and Charlie, sending you 2
2024-10-14 23:05:59.332065 X-ray: Hotel and Charlie, sending you 3
2024-10-14 23:05:59.332829 November: Foxtrot, sending you 7
2024-10-14 23:05:59.333571 Foxtrot: Hotel and Delta, sending you 4
2024-10-14 23:05:59.334671 Delta: Bravo and X-ray, sending you 1
2024-10-14 23:05:59.335395 Hotel: X-ray, sending you 4
2024-10-14 23:05:59.337695 X-ray: Quebec and Papa, sending you 2
2024-10-14 23:05:59.338378 Charlie: Bravo and Hotel, sending you 2
2024-10-14 23:05:59.339081 Delta: Hotel, Quebec, Uniform and Papa, sending you 2
2024-10-14 23:05:59.341703 X-ray: Uniform, sending you 4
2024-10-14 23:05:59.342261 Charlie: Quebec, X-ray and Papa, sending you 3
2024-10-14 23:05:59.344682 Delta: Foxtrot, sending you 3
2024-10-14 23:05:59.345671 Charlie: Uniform, sending you 4
2024-10-14 23:05:59.346665 Papa: Bravo, Hotel, Uniform and X-ray, sending you 2
2024-10-14 23:05:59.348672 Quebec: Bravo, Hotel, X-ray and Charlie, sending you 2
2024-10-14 23:05:59.350685 Papa: Quebec and Charlie, sending you 3
2024-10-14 23:05:59.352681 Quebec: Uniform and Papa, sending you 3
2024-10-14 23:05:59.357681 Uniform: Bravo, Quebec and Papa, sending you 2
2024-10-14 23:05:59.361684 Uniform: Hotel and Charlie, sending you 3
2024-10-14 23:05:59.366686 Uniform: X-ray, sending you 4
chatterbot X-ray submitting transactions
chatterbot Quebec submitting transactions
chatterbot Charlie submitting transactions
chatterbot Bravo submitting transactions
chatterbot Hotel submitting transactions
chatterbot Papa submitting transactions
chatterbot Foxtrot submitting transactions
chatterbot Uniform submitting transactions
chatterbot November submitting transactions
chatterbot Delta submitting transactions
ChatterBot November round 7
ChatterBot Bravo round 7
ChatterBot Hotel round 7
ChatterBot Foxtrot round 7
ChatterBot Delta round 7
ChatterBot Quebec round 7
ChatterBot Uniform round 7
ChatterBot X-ray round 7
ChatterBot Papa round 7
2024-10-14 23:06:00.438191 Delta: Friends?
2024-10-14 23:06:00.447331 Foxtrot: Yes
2024-10-14 23:06:00.447543 November: Yes
2024-10-14 23:06:00.447707 Hotel: No
ChatterBot Hotel reevaluating
ChatterBot Delta reevaluating
ChatterBot Hotel reevaluating
ChatterBot Delta reevaluating
ChatterBot Charlie round 7
2024-10-14 23:06:00.492688 Foxtrot: November, sending you 9
2024-10-14 23:06:00.493701 Bravo: Hotel, Quebec, Uniform, X-ray and Charlie, sending you 1
2024-10-14 23:06:00.496685 Foxtrot: Hotel, sending you 3
2024-10-14 23:06:00.497076 November: Hotel, sending you 4
2024-10-14 23:06:00.498075 Bravo: Papa, sending you 2
2024-10-14 23:06:00.498784 Delta: November, sending you 8
2024-10-14 23:06:00.499225 X-ray: Bravo, sending you 1
2024-10-14 23:06:00.499822 Hotel: November and Foxtrot, sending you 5
2024-10-14 23:06:00.500779 Foxtrot: Delta, sending you 5
2024-10-14 23:06:00.501361 November: Foxtrot, sending you 8
2024-10-14 23:06:00.502677 Delta: Foxtrot, sending you 7
2024-10-14 23:06:00.503891 Quebec: Bravo, Hotel, Uniform, X-ray and Charlie, sending you 2
2024-10-14 23:06:00.505215 Hotel: Delta, sending you 4
2024-10-14 23:06:00.505751 Papa: Bravo, Hotel, Uniform, X-ray and Charlie, sending you 2
2024-10-14 23:06:00.507332 X-ray: Hotel, Uniform and Charlie, sending you 3
2024-10-14 23:06:00.508423 Uniform: Bravo, Quebec and Papa, sending you 2
2024-10-14 23:06:00.510003 November: Delta, sending you 5
2024-10-14 23:06:00.511299 Quebec: Papa, sending you 4
2024-10-14 23:06:00.512804 Papa: Quebec, sending you 4
2024-10-14 23:06:00.514733 X-ray: Quebec and Papa, sending you 2
2024-10-14 23:06:00.516095 Uniform: Hotel and Charlie, sending you 3
2024-10-14 23:06:00.518110 Charlie: Bravo, sending you 2
2024-10-14 23:06:00.520679 Uniform: X-ray, sending you 4
2024-10-14 23:06:00.522659 Charlie: Hotel, Quebec, Uniform, X-ray and Papa, sending you 3
chatterbot Foxtrot submitting transactions
chatterbot Charlie submitting transactions
chatterbot Bravo submitting transactions
chatterbot Hotel submitting transactions
chatterbot Delta submitting transactions
chatterbot Quebec submitting transactions
chatterbot November submitting transactions
chatterbot X-ray submitting transactions
chatterbot Uniform submitting transactions
chatterbot Papa submitting transactions
ChatterBot November round 8
ChatterBot Bravo round 8
ChatterBot Hotel round 8
ChatterBot Foxtrot round 8
ChatterBot Delta round 8
ChatterBot Quebec round 8
2024-10-14 23:06:01.611346 November: We should add Bravo
ChatterBot Foxtrot reevaluating
ChatterBot Delta reevaluating
ChatterBot Hotel reevaluating
2024-10-14 23:06:01.621566 Foxtrot: No
2024-10-14 23:06:01.621706 Delta: No
2024-10-14 23:06:01.621819 Hotel: Yes
ChatterBot Delta reevaluating
ChatterBot Hotel reevaluating
ChatterBot Foxtrot reevaluating
ChatterBot Hotel reevaluating
ChatterBot Foxtrot reevaluating
ChatterBot Delta reevaluating
ChatterBot Uniform round 8
ChatterBot X-ray round 8
ChatterBot Papa round 8
ChatterBot Charlie round 8
2024-10-14 23:06:01.789251 November: Bravo we want you to join our group
2024-10-14 23:06:01.794490 Bravo: No
ChatterBot Hotel reevaluating
ChatterBot Foxtrot reevaluating
ChatterBot Delta reevaluating
2024-10-14 23:06:01.834323 Delta: Hotel we want you to join our group
ChatterBot Hotel reevaluating
2024-10-14 23:06:01.840299 Hotel: Yes
ChatterBot November reevaluating
2024-10-14 23:06:01.854078 November: We should add Quebec
ChatterBot Hotel reevaluating
2024-10-14 23:06:01.867396 Foxtrot: No
2024-10-14 23:06:01.867827 Delta: No
2024-10-14 23:06:01.868076 Hotel: Yes
ChatterBot November reevaluating
ChatterBot Hotel reevaluating
ChatterBot November reevaluating
ChatterBot Hotel reevaluating
ChatterBot November reevaluating
2024-10-14 23:06:01.911910 Papa: We should drop Hotel
2024-10-14 23:06:01.931102 Bravo: No
2024-10-14 23:06:01.931434 Quebec: No
2024-10-14 23:06:01.931661 Uniform: No
2024-10-14 23:06:01.931954 X-ray: No
2024-10-14 23:06:01.932222 Charlie: No
2024-10-14 23:06:02.033688 Foxtrot: November, sending you 8
2024-10-14 23:06:02.034716 Bravo: Hotel, Quebec, Uniform, X-ray and Charlie, sending you 1
2024-10-14 23:06:02.036801 Quebec: Bravo, Hotel, Uniform, X-ray and Charlie, sending you 2
2024-10-14 23:06:02.037945 Uniform: Bravo, Hotel, Quebec and Papa, sending you 2
2024-10-14 23:06:02.039594 Foxtrot: Hotel, sending you 4
2024-10-14 23:06:02.041670 Bravo: Papa, sending you 2
2024-10-14 23:06:02.043703 Quebec: Papa, sending you 4
2024-10-14 23:06:02.044776 Uniform: X-ray, sending you 5
2024-10-14 23:06:02.045516 Charlie: Bravo and Hotel, sending you 2
2024-10-14 23:06:02.047280 Foxtrot: Delta, sending you 5
2024-10-14 23:06:02.047728 Papa: Bravo, sending you 2
2024-10-14 23:06:02.048331 Uniform: Charlie, sending you 3
2024-10-14 23:06:02.049682 Charlie: Quebec, X-ray and Papa, sending you 3
2024-10-14 23:06:02.052174 Papa: Quebec, Uniform, X-ray and Charlie, sending you 3
2024-10-14 23:06:02.053020 X-ray: Bravo, sending you 1
2024-10-14 23:06:02.055437 Delta: November, sending you 7
2024-10-14 23:06:02.056021 Charlie: Uniform, sending you 4
2024-10-14 23:06:02.056849 Hotel: Bravo, Quebec, Uniform, Papa and Charlie, sending you 2
2024-10-14 23:06:02.058688 X-ray: Hotel, Quebec and Papa, sending you 2
2024-10-14 23:06:02.059715 Hotel: X-ray, sending you 4
2024-10-14 23:06:02.061503 Delta: Hotel, sending you 4
2024-10-14 23:06:02.062657 X-ray: Uniform, sending you 4
2024-10-14 23:06:02.066661 Delta: Foxtrot, sending you 6
2024-10-14 23:06:02.067681 November: Bravo, sending you 3
2024-10-14 23:06:02.069019 X-ray: Charlie, sending you 3
2024-10-14 23:06:02.071672 November: Hotel and Delta, sending you 4
2024-10-14 23:06:02.075679 November: Foxtrot, sending you 6
chatterbot Charlie submitting transactions
chatterbot November submitting transactions
chatterbot Quebec submitting transactions
chatterbot Uniform submitting transactions
chatterbot Delta submitting transactions
chatterbot Bravo submitting transactions
chatterbot Foxtrot submitting transactions
chatterbot Papa submitting transactions
chatterbot X-ray submitting transactions
chatterbot Hotel submitting transactions
ChatterBot November round 9
ChatterBot Bravo round 9
ChatterBot Hotel round 9
ChatterBot Foxtrot round 9
ChatterBot Delta round 9
ChatterBot Quebec round 9
ChatterBot Uniform round 9
ChatterBot X-ray round 9
ChatterBot Papa round 9
ChatterBot Charlie round 9
2024-10-14 23:06:03.153714 Papa: We should add Hotel
ChatterBot Uniform reevaluating
2024-10-14 23:06:03.169426 Bravo: Yes
2024-10-14 23:06:03.169604 Quebec: Yes
2024-10-14 23:06:03.169744 Uniform: Yes
2024-10-14 23:06:03.169924 X-ray: Yes
2024-10-14 23:06:03.170042 Charlie: Yes
ChatterBot Uniform reevaluating
ChatterBot Papa reevaluating
ChatterBot Uniform reevaluating
ChatterBot Papa reevaluating
ChatterBot Papa reevaluating
ChatterBot Uniform reevaluating
ChatterBot Papa reevaluating
ChatterBot Uniform reevaluating
2024-10-14 23:06:03.244535 November: We should drop Bravo
2024-10-14 23:06:03.253162 Foxtrot: Yes
2024-10-14 23:06:03.253343 Delta: Yes
2024-10-14 23:06:03.253459 Hotel: Yes
2024-10-14 23:06:03.284692 Papa: Hotel we want you to join our group
2024-10-14 23:06:03.292188 Hotel: No
ChatterBot Papa reevaluating
2024-10-14 23:06:03.319290 Quebec: Bravo, Hotel, Uniform, X-ray and Charlie, sending you 2
2024-10-14 23:06:03.322103 November: Hotel, sending you 4
2024-10-14 23:06:03.322877 Bravo: Hotel, Quebec, Uniform, X-ray and Charlie, sending you 1
2024-10-14 23:06:03.324790 Foxtrot: November, sending you 9
2024-10-14 23:06:03.325360 X-ray: Bravo, sending you 1
2024-10-14 23:06:03.326919 Hotel: November and Foxtrot, sending you 5
2024-10-14 23:06:03.327394 November: Foxtrot, sending you 7
2024-10-14 23:06:03.327934 Quebec: Papa, sending you 4
2024-10-14 23:06:03.329314 Charlie: Bravo and Hotel, sending you 2
2024-10-14 23:06:03.330186 Delta: November, sending you 8
2024-10-14 23:06:03.330674 Uniform: Bravo, Hotel and Quebec, sending you 2
2024-10-14 23:06:03.332027 Bravo: Papa, sending you 2
2024-10-14 23:06:03.332875 Foxtrot: Hotel, sending you 3
2024-10-14 23:06:03.334119 Hotel: Delta, sending you 4
2024-10-14 23:06:03.334821 X-ray: Hotel, sending you 3
2024-10-14 23:06:03.335685 November: Delta, sending you 6
2024-10-14 23:06:03.337029 Charlie: Quebec, Uniform and Papa, sending you 3
2024-10-14 23:06:03.338014 Delta: Hotel, sending you 3
2024-10-14 23:06:03.338865 Uniform: X-ray, sending you 4
2024-10-14 23:06:03.341089 Foxtrot: Delta, sending you 5
2024-10-14 23:06:03.341997 X-ray: Quebec, Papa and Charlie, sending you 2
2024-10-14 23:06:03.344676 Charlie: X-ray, sending you 4
2024-10-14 23:06:03.346569 Delta: Foxtrot, sending you 6
2024-10-14 23:06:03.347464 Uniform: Papa and Charlie, sending you 3
2024-10-14 23:06:03.349441 X-ray: Uniform, sending you 4
2024-10-14 23:06:03.350716 Papa: Bravo, Hotel, Uniform, X-ray and Charlie, sending you 2
2024-10-14 23:06:03.356988 Papa: Quebec, sending you 4
chatterbot Quebec submitting transactions
chatterbot Hotel submitting transactions
chatterbot Bravo submitting transactions
chatterbot Foxtrot submitting transactions
chatterbot Delta submitting transactions
chatterbot Uniform submitting transactions
chatterbot Papa submitting transactions
chatterbot X-ray submitting transactions
chatterbot Charlie submitting transactions
chatterbot November submitting transactions
ChatterBot November round 10
ChatterBot Bravo round 10
ChatterBot Hotel round 10
ChatterBot Foxtrot round 10
ChatterBot Delta round 10
ChatterBot Quebec round 10
ChatterBot Uniform round 10
ChatterBot X-ray round 10
ChatterBot Papa round 10
ChatterBot Charlie round 10
2024-10-14 23:06:04.310362 Papa: We should drop Hotel
2024-10-14 23:06:04.324030 Bravo: No
2024-10-14 23:06:04.324880 Quebec: No
2024-10-14 23:06:04.324999 Uniform: No
2024-10-14 23:06:04.325102 X-ray: No
2024-10-14 23:06:04.325211 Charlie: No
2024-10-14 23:06:04.388669 Foxtrot: November, sending you 8
2024-10-14 23:06:04.389521 Quebec: Bravo, Hotel, Uniform, X-ray and Charlie, sending you 2
2024-10-14 23:06:04.391023 Delta: November, sending you 7
2024-10-14 23:06:04.392275 Hotel: November and Foxtrot, sending you 5
2024-10-14 23:06:04.393244 Bravo: Hotel, Quebec, Uniform, X-ray and Charlie, sending you 1
2024-10-14 23:06:04.394348 Uniform: Bravo, Hotel and Quebec, sending you 2
2024-10-14 23:06:04.395774 X-ray: Bravo, sending you 1
2024-10-14 23:06:04.397279 Foxtrot: Hotel, sending you 4
2024-10-14 23:06:04.398466 Quebec: Papa, sending you 4
2024-10-14 23:06:04.399408 Delta: Hotel, sending you 4
2024-10-14 23:06:04.399939 Bravo: Papa, sending you 2
2024-10-14 23:06:04.401545 Hotel: Delta, sending you 4
2024-10-14 23:06:04.402314 Uniform: X-ray, sending you 4
2024-10-14 23:06:04.403229 X-ray: Hotel, Quebec and Papa, sending you 2
2024-10-14 23:06:04.404585 Foxtrot: Delta, sending you 5
2024-10-14 23:06:04.405052 Delta: Foxtrot, sending you 6
2024-10-14 23:06:04.407450 November: Hotel, sending you 4
2024-10-14 23:06:04.408020 X-ray: Uniform, sending you 4
2024-10-14 23:06:04.409174 Uniform: Papa and Charlie, sending you 3
2024-10-14 23:06:04.410379 Charlie: Bravo, Hotel, Quebec, X-ray and Papa, sending you 1
2024-10-14 23:06:04.411107 Papa: Bravo, sending you 2
2024-10-14 23:06:04.411487 November: Foxtrot, sending you 7
2024-10-14 23:06:04.413681 X-ray: Charlie, sending you 3
2024-10-14 23:06:04.414780 Charlie: Uniform, sending you 2
2024-10-14 23:06:04.416408 Papa: Quebec, Uniform, X-ray and Charlie, sending you 3
2024-10-14 23:06:04.417250 November: Delta, sending you 6
chatterbot Quebec submitting transactions
chatterbot Bravo submitting transactions
chatterbot Uniform submitting transactions
chatterbot Delta submitting transactions
chatterbot Papa submitting transactions
chatterbot November submitting transactions
chatterbot Hotel submitting transactions
chatterbot X-ray submitting transactions
chatterbot Charlie submitting transactions
