ChatterBot Yankee round 1
ChatterBot Golf round 1
ChatterBot Bravo round 1
ChatterBot Quebec round 1
ChatterBot Juliett round 1
ChatterBot Sierra round 1
ChatterBot Victor round 1
ChatterBot Whiskey round 1
ChatterBot Lima round 1
ChatterBot November round 1
randomSelections Yankee: {Yankee, Quebec, Sierra, Golf, Lima, November} 
2024-10-14 23:05:46.486518 Yankee: Can we be friends?
ChatterBot Quebec reevaluating
ChatterBot Sierra reevaluating
ChatterBot Golf reevaluating
ChatterBot Lima reevaluating
ChatterBot November reevaluating
2024-10-14 23:05:46.500553 Quebec: Yes
2024-10-14 23:05:46.500720 Sierra: Yes
2024-10-14 23:05:46.500864 Golf: Yes
2024-10-14 23:05:46.500985 Lima: Yes
2024-10-14 23:05:46.501131 November: Yes
ChatterBot Sierra reevaluating
ChatterBot Golf reevaluating
ChatterBot Lima reevaluating
ChatterBot November reevaluating
ChatterBot Quebec reevaluating
ChatterBot Golf reevaluating
ChatterBot Lima reevaluating
ChatterBot November reevaluating
ChatterBot Quebec reevaluating
ChatterBot Sierra reevaluating
ChatterBot Lima reevaluating
ChatterBot November reevaluating
ChatterBot Quebec reevaluating
ChatterBot Sierra reevaluating
ChatterBot Golf reevaluating
ChatterBot November reevaluating
ChatterBot Quebec reevaluating
ChatterBot Sierra reevaluating
ChatterBot Golf reevaluating
ChatterBot Lima reevaluating
randomSelections Victor: {Victor, Sierra, Yankee, Bravo, Whiskey, November, Quebec, Juliett} 
2024-10-14 23:05:46.547151 Victor: We would work well together
ChatterBot Sierra reevaluating
ChatterBot Bravo reevaluating
ChatterBot Whiskey reevaluating
ChatterBot November reevaluating
ChatterBot Quebec reevaluating
ChatterBot Juliett reevaluating
2024-10-14 23:05:46.558217 Sierra: No
2024-10-14 23:05:46.558346 Yankee: No
2024-10-14 23:05:46.558448 Bravo: Yes
2024-10-14 23:05:46.558542 Whiskey: Yes
2024-10-14 23:05:46.558637 November: No
2024-10-14 23:05:46.558737 Quebec: No
2024-10-14 23:05:46.558828 Juliett: Yes
ChatterBot Bravo reevaluating
ChatterBot Whiskey reevaluating
ChatterBot November reevaluating
ChatterBot Quebec reevaluating
ChatterBot Juliett reevaluating
ChatterBot Sierra reevaluating
ChatterBot Bravo reevaluating
ChatterBot Whiskey reevaluating
ChatterBot November reevaluating
ChatterBot Quebec reevaluating
ChatterBot Juliett reevaluating
ChatterBot Sierra reevaluating
ChatterBot Whiskey reevaluating
ChatterBot November reevaluating
ChatterBot Quebec reevaluating
ChatterBot Juliett reevaluating
ChatterBot Sierra reevaluating
ChatterBot Bravo reevaluating
ChatterBot November reevaluating
ChatterBot Quebec reevaluating
ChatterBot Juliett reevaluating
ChatterBot Sierra reevaluating
ChatterBot Bravo reevaluating
ChatterBot Whiskey reevaluating
ChatterBot Quebec reevaluating
ChatterBot Juliett reevaluating
ChatterBot Sierra reevaluating
ChatterBot Bravo reevaluating
ChatterBot Whiskey reevaluating
ChatterBot November reevaluating
ChatterBot Juliett reevaluating
ChatterBot Sierra reevaluating
ChatterBot Bravo reevaluating
ChatterBot Whiskey reevaluating
ChatterBot November reevaluating
ChatterBot Quebec reevaluating
2024-10-14 23:05:46.759727 Yankee: Golf, sending you 3
2024-10-14 23:05:46.761153 Victor: Yankee, Quebec, Sierra and Whiskey, sending you 2
2024-10-14 23:05:46.766655 Victor: Bravo, Juliett and November, sending you 3
2024-10-14 23:05:46.768062 Golf: Sending you each 1
2024-10-14 23:05:46.768768 Whiskey: Yankee, sending you 2
2024-10-14 23:05:46.770008 Yankee: Quebec and Sierra, sending you 5
2024-10-14 23:05:46.771098 Lima: Yankee, sending you 1
2024-10-14 23:05:46.771837 Quebec: Yankee, sending you 3
2024-10-14 23:05:46.772953 November: Yankee, sending you 3
2024-10-14 23:05:46.773460 Bravo: Yankee, sending you 4
2024-10-14 23:05:46.774812 Sierra: Yankee, Golf and Quebec, sending you 3
2024-10-14 23:05:46.775251 Yankee: Lima, sending you 2
2024-10-14 23:05:46.776438 Whiskey: Bravo and Victor, sending you 4
2024-10-14 23:05:46.777159 Juliett: Yankee, Bravo and Quebec, sending you 1
2024-10-14 23:05:46.778468 Lima: Golf, sending you 3
2024-10-14 23:05:46.779044 November: Golf and Sierra, sending you 4
2024-10-14 23:05:46.780252 Quebec: Golf, sending you 2
2024-10-14 23:05:46.780870 Bravo: Quebec, Juliett, Sierra and Whiskey, sending you 2
2024-10-14 23:05:46.782300 Sierra: Lima, sending you 4
2024-10-14 23:05:46.783486 Yankee: November, sending you 1
2024-10-14 23:05:46.784098 Whiskey: Quebec, sending you 5
2024-10-14 23:05:46.785529 Lima: Quebec and Sierra, sending you 2
2024-10-14 23:05:46.786154 Juliett: Sierra and Victor, sending you 2
2024-10-14 23:05:46.787453 November: Quebec, sending you 1
2024-10-14 23:05:46.787972 Quebec: Sierra and Lima, sending you 5
2024-10-14 23:05:46.789154 Bravo: Victor, sending you 1
2024-10-14 23:05:46.789666 Sierra: November, sending you 5
2024-10-14 23:05:46.790643 Whiskey: Sierra and November, sending you 1
2024-10-14 23:05:46.791128 Lima: November, sending you 7
2024-10-14 23:05:46.791552 November: Lima, sending you 2
2024-10-14 23:05:46.792818 Quebec: November, sending you 1
2024-10-14 23:05:46.801828 Bravo: November, sending you 5
chatterbot Victor submitting transactions
chatterbot Sierra submitting transactions
chatterbot Yankee submitting transactions
chatterbot Juliett submitting transactions
chatterbot Quebec submitting transactions
chatterbot November submitting transactions
chatterbot Whiskey submitting transactions
chatterbot Lima submitting transactions
chatterbot Golf submitting transactions
chatterbot Bravo submitting transactions
ChatterBot Yankee round 2
ChatterBot Golf round 2
ChatterBot Bravo round 2
ChatterBot Quebec round 2
ChatterBot Juliett round 2
ChatterBot Sierra round 2
ChatterBot Victor round 2
ChatterBot Whiskey round 2
ChatterBot Lima round 2
ChatterBot November round 2
2024-10-14 23:05:48.342407 Bravo: We should group up
ChatterBot Juliett reevaluating
ChatterBot Victor reevaluating
ChatterBot Whiskey reevaluating
2024-10-14 23:05:48.362167 Juliett: Yes
2024-10-14 23:05:48.362526 Victor: Yes
2024-10-14 23:05:48.362768 Whiskey: Yes
ChatterBot Victor reevaluating
ChatterBot Whiskey reevaluating
ChatterBot Juliett reevaluating
ChatterBot Whiskey reevaluating
ChatterBot Juliett reevaluating
ChatterBot Victor reevaluating
2024-10-14 23:05:48.419118 Victor: Can we be friends?
ChatterBot Juliett reevaluating
ChatterBot Whiskey reevaluating
ChatterBot Quebec reevaluating
2024-10-14 23:05:48.479730 Bravo: No
2024-10-14 23:05:48.479949 Juliett: No
2024-10-14 23:05:48.480115 Whiskey: No
2024-10-14 23:05:48.480295 Quebec: No
ChatterBot Victor reevaluating
ChatterBot Juliett reevaluating
ChatterBot Whiskey reevaluating
ChatterBot Quebec reevaluating
ChatterBot Victor reevaluating
ChatterBot Whiskey reevaluating
ChatterBot Quebec reevaluating
ChatterBot Victor reevaluating
ChatterBot Juliett reevaluating
ChatterBot Quebec reevaluating
ChatterBot Victor reevaluating
ChatterBot Juliett reevaluating
ChatterBot Whiskey reevaluating
2024-10-14 23:05:48.665624 Yankee: We should add Bravo
ChatterBot Quebec reevaluating
ChatterBot Sierra reevaluating
ChatterBot November reevaluating
2024-10-14 23:05:48.682119 Quebec: No
2024-10-14 23:05:48.682400 Sierra: No
2024-10-14 23:05:48.683317 Golf: No
2024-10-14 23:05:48.683607 Lima: No
2024-10-14 23:05:48.683862 November: No
ChatterBot Sierra reevaluating
ChatterBot November reevaluating
ChatterBot Yankee reevaluating
ChatterBot Quebec reevaluating
ChatterBot November reevaluating
ChatterBot Yankee reevaluating
ChatterBot Quebec reevaluating
ChatterBot Sierra reevaluating
ChatterBot November reevaluating
ChatterBot Yankee reevaluating
ChatterBot Quebec reevaluating
ChatterBot Sierra reevaluating
ChatterBot November reevaluating
ChatterBot Yankee reevaluating
ChatterBot Quebec reevaluating
ChatterBot Sierra reevaluating
2024-10-14 23:05:48.992926 Yankee: Bravo we want you to join our group
2024-10-14 23:05:48.996668 Bravo: No
ChatterBot Yankee reevaluating
2024-10-14 23:05:49.015025 Bravo: Juliett, sending you 4
2024-10-14 23:05:49.015657 Sierra: Yankee and Quebec, sending you 5
2024-10-14 23:05:49.330064 Lima: Yankee, Golf and November, sending you 2
2024-10-14 23:05:49.330508 Sierra: Golf, sending you 1
2024-10-14 23:05:49.331213 Victor: Bravo, sending you 3
2024-10-14 23:05:49.331507 Juliett: Bravo, sending you 3
2024-10-14 23:05:49.331715 Golf: Same as last round
2024-10-14 23:05:49.332511 Quebec: Yankee, sending you 5
2024-10-14 23:05:49.332782 Bravo: Victor, sending you 6
2024-10-14 23:05:49.333059 Whiskey: Bravo and Victor, sending you 7
2024-10-14 23:05:49.333270 November: Yankee, Golf and Quebec, sending you 2
chatterbot Bravo submitting transactions
chatterbot Quebec submitting transactions
2024-10-14 23:05:49.334251 Sierra: Lima, sending you 3
2024-10-14 23:05:49.334493 Victor: Quebec, sending you 1
chatterbot Golf submitting transactions
2024-10-14 23:05:49.335454 Lima: Quebec, sending you 5
2024-10-14 23:05:49.335994 Juliett: Victor, sending you 4
2024-10-14 23:05:49.590937 Quebec: Golf and November, sending you 2
2024-10-14 23:05:49.592046 Bravo: Whiskey, sending you 8
2024-10-14 23:05:49.592311 Whiskey: Juliett, sending you 2
2024-10-14 23:05:49.592529 Sierra: November, sending you 4
2024-10-14 23:05:49.592945 Victor: Juliett, sending you 5
2024-10-14 23:05:49.593727 November: Sierra, sending you 3
2024-10-14 23:05:49.594104 Lima: Sierra, sending you 4
chatterbot November submitting transactions
chatterbot Victor submitting transactions
chatterbot Whiskey submitting transactions
chatterbot Yankee submitting transactions
2024-10-14 23:05:49.900042 Quebec: Sierra, sending you 4
2024-10-14 23:05:49.901201 Whiskey: Sierra, sending you 1
2024-10-14 23:05:49.901670 November: Lima, sending you 5
2024-10-14 23:05:49.902815 Victor: Whiskey, sending you 8
chatterbot Juliett submitting transactions
2024-10-14 23:05:49.953678 Quebec: Lima, sending you 3
2024-10-14 23:05:49.955216 Yankee: Golf and Lima, sending you 1
2024-10-14 23:05:49.976468 Yankee: Bravo, sending you 5
2024-10-14 23:05:49.994991 Yankee: Quebec, Sierra and November, sending you 4
chatterbot Lima submitting transactions
chatterbot Sierra submitting transactions
ChatterBot Yankee round 3
ChatterBot Golf round 3
ChatterBot Bravo round 3
ChatterBot Quebec round 3
ChatterBot Juliett round 3
ChatterBot Sierra round 3
ChatterBot Victor round 3
ChatterBot Whiskey round 3
ChatterBot Lima round 3
ChatterBot November round 3
2024-10-14 23:05:50.656290 Victor: We should replace Quebec with Lima
ChatterBot Whiskey reevaluating
2024-10-14 23:05:50.667297 Bravo: No
2024-10-14 23:05:50.667548 Juliett: No
2024-10-14 23:05:50.668045 Whiskey: No
ChatterBot Victor reevaluating
ChatterBot Whiskey reevaluating
ChatterBot Victor reevaluating
ChatterBot Whiskey reevaluating
ChatterBot Victor reevaluating
2024-10-14 23:05:50.715828 Yankee: We should drop Bravo
2024-10-14 23:05:50.731794 Quebec: Yes
2024-10-14 23:05:50.732149 Sierra: Yes
2024-10-14 23:05:50.732355 Golf: Yes
2024-10-14 23:05:50.732538 Lima: Yes
2024-10-14 23:05:50.733220 November: Yes
2024-10-14 23:05:51.116043 Golf: Same as last round
2024-10-14 23:05:51.116674 Sierra: Yankee and November, sending you 4
2024-10-14 23:05:51.117588 Bravo: Juliett and Victor, sending you 5
2024-10-14 23:05:51.118031 Quebec: Yankee, Sierra and Lima, sending you 4
2024-10-14 23:05:51.118426 Lima: Yankee, sending you 2
2024-10-14 23:05:51.119295 Whiskey: Bravo, sending you 8
2024-10-14 23:05:51.119694 Juliett: Bravo and Victor, sending you 3
2024-10-14 23:05:51.119958 November: Yankee and Lima, sending you 3
2024-10-14 23:05:51.120912 Yankee: Golf, sending you 1
chatterbot Whiskey submitting transactions
chatterbot Juliett submitting transactions
2024-10-14 23:05:51.121604 Sierra: Golf, sending you 2
2024-10-14 23:05:51.122684 Bravo: Whiskey, sending you 8
2024-10-14 23:05:51.122928 Quebec: Golf and November, sending you 2
2024-10-14 23:05:51.291778 Lima: Golf, sending you 1
2024-10-14 23:05:51.292682 Juliett: Whiskey, sending you 1
2024-10-14 23:05:51.292956 Victor: Bravo and Juliett, sending you 5
2024-10-14 23:05:51.293213 Whiskey: Juliett, sending you 2
2024-10-14 23:05:51.293452 November: Golf and Quebec, sending you 2
2024-10-14 23:05:51.294288 Yankee: Quebec and Sierra, sending you 6
2024-10-14 23:05:51.294678 Sierra: Quebec, sending you 5
chatterbot Golf submitting transactions
chatterbot Yankee submitting transactions
2024-10-14 23:05:51.361632 November: Sierra, sending you 4
2024-10-14 23:05:51.362788 Lima: Quebec, Sierra and November, sending you 4
2024-10-14 23:05:51.363446 Victor: Whiskey, sending you 7
2024-10-14 23:05:51.363840 Whiskey: Victor, sending you 7
2024-10-14 23:05:51.364953 Yankee: Lima, sending you 2
2024-10-14 23:05:51.365635 Sierra: Lima, sending you 3
2024-10-14 23:05:51.385080 Yankee: November, sending you 4
chatterbot Quebec submitting transactions
chatterbot November submitting transactions
chatterbot Sierra submitting transactions
chatterbot Bravo submitting transactions
chatterbot Victor submitting transactions
chatterbot Lima submitting transactions
ChatterBot Yankee round 4
ChatterBot Golf round 4
ChatterBot Bravo round 4
ChatterBot Quebec round 4
ChatterBot Juliett round 4
ChatterBot Sierra round 4
ChatterBot Victor round 4
ChatterBot Whiskey round 4
ChatterBot Lima round 4
ChatterBot November round 4
2024-10-14 23:05:52.025685 Victor: We should add Golf
ChatterBot Whiskey reevaluating
2024-10-14 23:05:52.040469 Bravo: No
2024-10-14 23:05:52.040668 Juliett: No
2024-10-14 23:05:52.041326 Whiskey: No
ChatterBot Whiskey reevaluating
ChatterBot Victor reevaluating
ChatterBot Whiskey reevaluating
ChatterBot Victor reevaluating
2024-10-14 23:05:52.110278 Victor: We should add Quebec
ChatterBot Whiskey reevaluating
2024-10-14 23:05:52.125205 Bravo: No
2024-10-14 23:05:52.125394 Juliett: No
2024-10-14 23:05:52.126032 Whiskey: No
ChatterBot Victor reevaluating
ChatterBot Whiskey reevaluating
ChatterBot Victor reevaluating
ChatterBot Whiskey reevaluating
ChatterBot Victor reevaluating
2024-10-14 23:05:52.170693 Yankee: Golf, sending you 1
2024-10-14 23:05:52.171296 Golf: Same as last round
2024-10-14 23:05:52.172383 Quebec: Yankee, sending you 5
2024-10-14 23:05:52.173487 Sierra: Yankee, sending you 5
2024-10-14 23:05:52.174172 Juliett: Bravo and Victor, sending you 3
2024-10-14 23:05:52.175683 Yankee: Quebec and Sierra, sending you 6
2024-10-14 23:05:52.177017 Quebec: Golf and November, sending you 2
2024-10-14 23:05:52.177544 Sierra: Golf, sending you 2
2024-10-14 23:05:52.178026 Juliett: Whiskey, sending you 1
2024-10-14 23:05:52.179690 Yankee: Lima, sending you 2
2024-10-14 23:05:52.180930 Quebec: Sierra, sending you 4
2024-10-14 23:05:52.181705 Sierra: Quebec and November, sending you 4
2024-10-14 23:05:52.184205 Lima: Yankee and Golf, sending you 2
2024-10-14 23:05:52.185749 Yankee: November, sending you 4
2024-10-14 23:05:52.186315 Quebec: Lima, sending you 3
2024-10-14 23:05:52.186897 Sierra: Lima, sending you 3
2024-10-14 23:05:52.187809 November: Yankee and Lima, sending you 3
2024-10-14 23:05:52.189670 Lima: Quebec and November, sending you 4
2024-10-14 23:05:52.190798 Bravo: Juliett, sending you 4
2024-10-14 23:05:52.191177 November: Golf and Quebec, sending you 2
2024-10-14 23:05:52.194017 Lima: Sierra, sending you 3
2024-10-14 23:05:52.194660 November: Sierra, sending you 4
2024-10-14 23:05:52.195720 Bravo: Victor, sending you 6
2024-10-14 23:05:52.197264 Whiskey: Bravo and Victor, sending you 7
2024-10-14 23:05:52.200683 Bravo: Whiskey, sending you 8
2024-10-14 23:05:52.201055 Whiskey: Juliett, sending you 2
2024-10-14 23:05:52.204687 Whiskey: Lima, sending you 1
chatterbot Juliett submitting transactions
chatterbot Yankee submitting transactions
chatterbot Victor submitting transactions
chatterbot Lima submitting transactions
chatterbot Quebec submitting transactions
chatterbot Bravo submitting transactions
chatterbot Whiskey submitting transactions
chatterbot Sierra submitting transactions
chatterbot Golf submitting transactions
chatterbot November submitting transactions
ChatterBot Yankee round 5
ChatterBot Golf round 5
ChatterBot Bravo round 5
ChatterBot Quebec round 5
ChatterBot Juliett round 5
ChatterBot Sierra round 5
ChatterBot Victor round 5
ChatterBot Whiskey round 5
ChatterBot Lima round 5
ChatterBot November round 5
2024-10-14 23:05:53.638552 Victor: We should add Golf
ChatterBot Whiskey reevaluating
2024-10-14 23:05:53.657873 Bravo: No
2024-10-14 23:05:53.659040 Juliett: No
2024-10-14 23:05:53.659358 Whiskey: No
ChatterBot Victor reevaluating
ChatterBot Whiskey reevaluating
ChatterBot Victor reevaluating
ChatterBot Whiskey reevaluating
ChatterBot Victor reevaluating
2024-10-14 23:05:53.742133 Sierra: Yankee, sending you 5
2024-10-14 23:05:53.748980 Quebec: Yankee, sending you 5
2024-10-14 23:05:53.750250 Golf: Same as last round
2024-10-14 23:05:53.751083 Yankee: Golf, sending you 1
2024-10-14 23:05:53.751521 Bravo: Juliett, sending you 4
2024-10-14 23:05:53.752482 Lima: Yankee and Golf, sending you 2
2024-10-14 23:05:53.753033 Sierra: Golf, sending you 2
2024-10-14 23:05:53.754555 Juliett: Bravo and Victor, sending you 3
2024-10-14 23:05:53.755140 Quebec: Golf and November, sending you 2
2024-10-14 23:05:53.756351 Yankee: Quebec and Sierra, sending you 6
2024-10-14 23:05:53.756798 Bravo: Victor, sending you 6
2024-10-14 23:05:53.757167 Lima: Quebec and November, sending you 4
2024-10-14 23:05:53.758205 Sierra: Quebec and November, sending you 4
2024-10-14 23:05:53.760388 Juliett: Whiskey, sending you 1
2024-10-14 23:05:53.760866 Victor: Bravo, sending you 6
2024-10-14 23:05:53.761164 November: Yankee and Lima, sending you 3
2024-10-14 23:05:53.762394 Quebec: Sierra, sending you 4
2024-10-14 23:05:53.762933 Yankee: Lima, sending you 2
2024-10-14 23:05:53.764122 Lima: Sierra, sending you 3
2024-10-14 23:05:53.764916 Bravo: Whiskey, sending you 8
2024-10-14 23:05:53.765794 Sierra: Lima, sending you 3
2024-10-14 23:05:53.766410 Victor: Juliett, sending you 4
2024-10-14 23:05:53.766822 Quebec: Lima, sending you 3
2024-10-14 23:05:53.768091 November: Golf and Quebec, sending you 2
2024-10-14 23:05:53.769065 Whiskey: Golf and Juliett, sending you 2
2024-10-14 23:05:53.770516 Yankee: November, sending you 4
2024-10-14 23:05:53.772077 Victor: Whiskey, sending you 7
2024-10-14 23:05:53.777144 Whiskey: Bravo, sending you 7
2024-10-14 23:05:53.777860 November: Sierra, sending you 4
2024-10-14 23:05:53.789601 Whiskey: Victor, sending you 6
chatterbot Yankee submitting transactions
chatterbot Bravo submitting transactions
chatterbot Juliett submitting transactions
chatterbot Whiskey submitting transactions
chatterbot Sierra submitting transactions
chatterbot Quebec submitting transactions
chatterbot November submitting transactions
chatterbot Lima submitting transactions
chatterbot Golf submitting transactions
chatterbot Victor submitting transactions
ChatterBot Yankee round 6
ChatterBot Golf round 6
ChatterBot Bravo round 6
ChatterBot Quebec round 6
ChatterBot Juliett round 6
ChatterBot Sierra round 6
ChatterBot Victor round 6
ChatterBot Whiskey round 6
2024-10-14 23:05:54.859079 Victor: We should add Sierra
2024-10-14 23:05:54.881468 Bravo: No
2024-10-14 23:05:54.882 Juliett: No
2024-10-14 23:05:54.883659 Whiskey: No
ChatterBot Victor reevaluating
ChatterBot Whiskey reevaluating
ChatterBot Victor reevaluating
ChatterBot Whiskey reevaluating
ChatterBot Victor reevaluating
ChatterBot Lima round 6
ChatterBot November round 6
2024-10-14 23:05:54.936024 Victor: We should add November
ChatterBot Whiskey reevaluating
2024-10-14 23:05:54.944476 Bravo: No
2024-10-14 23:05:54.944621 Juliett: No
2024-10-14 23:05:54.945157 Whiskey: No
ChatterBot Victor reevaluating
ChatterBot Whiskey reevaluating
ChatterBot Victor reevaluating
ChatterBot Whiskey reevaluating
ChatterBot Victor reevaluating
2024-10-14 23:05:54.980108 Golf: Same as last round
2024-10-14 23:05:54.981157 Yankee: Golf, sending you 1
2024-10-14 23:05:54.982347 Sierra: Yankee, sending you 5
2024-10-14 23:05:54.986131 Yankee: Quebec and Sierra, sending you 6
2024-10-14 23:05:54.988081 Sierra: Golf, sending you 2
2024-10-14 23:05:54.990055 Yankee: Lima, sending you 2
2024-10-14 23:05:54.991979 Sierra: Quebec and November, sending you 4
2024-10-14 23:05:54.994093 Juliett: Bravo and Victor, sending you 3
2024-10-14 23:05:54.994684 Yankee: November, sending you 4
2024-10-14 23:05:54.995466 Quebec: Yankee, sending you 5
2024-10-14 23:05:54.996550 November: Yankee, Quebec, Sierra and Lima, sending you 3
2024-10-14 23:05:54.997356 Bravo: Juliett, sending you 5
2024-10-14 23:05:54.997699 Sierra: Lima, sending you 3
2024-10-14 23:05:54.998685 Juliett: Whiskey, sending you 1
2024-10-14 23:05:54.999017 Whiskey: Bravo and Victor, sending you 7
2024-10-14 23:05:54.999679 Victor: Bravo, sending you 6
2024-10-14 23:05:55.000916 Quebec: Golf and November, sending you 2
2024-10-14 23:05:55.001823 November: Golf, sending you 2
2024-10-14 23:05:55.002695 Lima: Yankee and Golf, sending you 2
2024-10-14 23:05:55.004053 Bravo: Victor, sending you 6
2024-10-14 23:05:55.004631 Victor: Juliett, sending you 4
2024-10-14 23:05:55.005272 Whiskey: Juliett, sending you 3
2024-10-14 23:05:55.006675 Quebec: Sierra, sending you 4
2024-10-14 23:05:55.007326 Bravo: Whiskey, sending you 7
2024-10-14 23:05:55.007786 Lima: Quebec and November, sending you 4
2024-10-14 23:05:55.009670 Victor: Whiskey, sending you 7
2024-10-14 23:05:55.011681 Quebec: Lima, sending you 3
2024-10-14 23:05:55.013657 Lima: Sierra, sending you 3
chatterbot Bravo submitting transactions
chatterbot Whiskey submitting transactions
chatterbot Golf submitting transactions
chatterbot Yankee submitting transactions
chatterbot Quebec submitting transactions
chatterbot Sierra submitting transactions
chatterbot November submitting transactions
chatterbot Juliett submitting transactions
chatterbot Lima submitting transactions
chatterbot Victor submitting transactions
ChatterBot Yankee round 7
ChatterBot Golf round 7
ChatterBot Bravo round 7
ChatterBot Quebec round 7
ChatterBot Juliett round 7
ChatterBot Sierra round 7
ChatterBot Victor round 7
ChatterBot Whiskey round 7
ChatterBot Lima round 7
ChatterBot November round 7
2024-10-14 23:05:56.203731 Whiskey: We should add Yankee
ChatterBot Victor reevaluating
2024-10-14 23:05:56.216667 Bravo: No
2024-10-14 23:05:56.216965 Juliett: No
2024-10-14 23:05:56.217937 Victor: Yes
ChatterBot Victor reevaluating
ChatterBot Whiskey reevaluating
ChatterBot Victor reevaluating
ChatterBot Whiskey reevaluating
ChatterBot Whiskey reevaluating
2024-10-14 23:05:56.294722 Quebec: Yankee and Sierra, sending you 4
2024-10-14 23:05:56.296220 Juliett: Bravo and Victor, sending you 3
2024-10-14 23:05:56.297825 Yankee: Golf, sending you 1
2024-10-14 23:05:56.299622 Bravo: Juliett, sending you 5
2024-10-14 23:05:56.300295 Golf: Same as last round
2024-10-14 23:05:56.301984 Quebec: Golf, sending you 2
2024-10-14 23:05:56.303754 Juliett: Whiskey, sending you 1
2024-10-14 23:05:56.304362 Yankee: Quebec and Sierra, sending you 6
2024-10-14 23:05:56.305550 Victor: Bravo, sending you 6
2024-10-14 23:05:56.306200 Bravo: Victor, sending you 6
2024-10-14 23:05:56.306948 Lima: Yankee and Golf, sending you 2
2024-10-14 23:05:56.308444 Quebec: Lima and November, sending you 3
2024-10-14 23:05:56.309617 November: Yankee, Quebec, Sierra and Lima, sending you 3
2024-10-14 23:05:56.310564 Sierra: Yankee, sending you 5
2024-10-14 23:05:56.311890 Yankee: Lima, sending you 2
2024-10-14 23:05:56.312730 Victor: Juliett, sending you 4
2024-10-14 23:05:56.314031 Bravo: Whiskey, sending you 7
2024-10-14 23:05:56.314567 Lima: Quebec and November, sending you 4
2024-10-14 23:05:56.315394 November: Golf, sending you 2
2024-10-14 23:05:56.316922 Sierra: Golf, sending you 2
2024-10-14 23:05:56.318036 Yankee: November, sending you 4
2024-10-14 23:05:56.319618 Whiskey: Bravo and Victor, sending you 7
2024-10-14 23:05:56.321452 Victor: Whiskey, sending you 7
2024-10-14 23:05:56.321969 Lima: Sierra, sending you 3
2024-10-14 23:05:56.322925 Sierra: Quebec and November, sending you 4
2024-10-14 23:05:56.324634 Whiskey: Juliett, sending you 3
2024-10-14 23:05:56.327656 Sierra: Lima, sending you 3
chatterbot Lima submitting transactions
chatterbot Whiskey submitting transactions
chatterbot Yankee submitting transactions
chatterbot Juliett submitting transactions
chatterbot Bravo submitting transactions
chatterbot November submitting transactions
chatterbot Victor submitting transactions
chatterbot Golf submitting transactions
chatterbot Quebec submitting transactions
chatterbot Sierra submitting transactions
ChatterBot Yankee round 8
ChatterBot Golf round 8
ChatterBot Bravo round 8
ChatterBot Quebec round 8
ChatterBot Juliett round 8
ChatterBot Sierra round 8
ChatterBot Victor round 8
ChatterBot Whiskey round 8
ChatterBot Lima round 8
ChatterBot November round 8
2024-10-14 23:05:57.486149 Victor: We should add Lima
ChatterBot Whiskey reevaluating
2024-10-14 23:05:57.493038 Bravo: No
2024-10-14 23:05:57.493220 Juliett: No
2024-10-14 23:05:57.493352 Whiskey: Yes
ChatterBot Victor reevaluating
ChatterBot Whiskey reevaluating
ChatterBot Victor reevaluating
ChatterBot Whiskey reevaluating
ChatterBot Victor reevaluating
2024-10-14 23:05:57.543356 Golf: Same as last round
2024-10-14 23:05:57.544357 Bravo: Juliett, sending you 5
2024-10-14 23:05:57.545037 Yankee: Golf, sending you 1
2024-10-14 23:05:57.547700 Bravo: Victor, sending you 6
2024-10-14 23:05:57.548671 Yankee: Quebec and Sierra, sending you 6
2024-10-14 23:05:57.550979 November: Yankee, Quebec, Sierra and Lima, sending you 3
2024-10-14 23:05:57.551824 Bravo: Whiskey, sending you 7
2024-10-14 23:05:57.554129 Yankee: Lima, sending you 2
2024-10-14 23:05:57.554923 Quebec: Yankee and Sierra, sending you 4
2024-10-14 23:05:57.555809 November: Golf, sending you 2
2024-10-14 23:05:57.557696 Juliett: Bravo and Victor, sending you 3
2024-10-14 23:05:57.558552 Yankee: November, sending you 4
2024-10-14 23:05:57.559691 Whiskey: Bravo and Victor, sending you 7
2024-10-14 23:05:57.560954 Quebec: Golf, sending you 2
2024-10-14 23:05:57.562668 Juliett: Whiskey, sending you 1
2024-10-14 23:05:57.564011 Sierra: Yankee, sending you 5
2024-10-14 23:05:57.564763 Lima: Yankee and Golf, sending you 2
2024-10-14 23:05:57.565683 Whiskey: Juliett, sending you 3
2024-10-14 23:05:57.567041 Quebec: Lima and November, sending you 3
2024-10-14 23:05:57.567976 Sierra: Golf, sending you 2
2024-10-14 23:05:57.568755 Lima: Quebec and November, sending you 4
2024-10-14 23:05:57.570204 Victor: Bravo, sending you 6
2024-10-14 23:05:57.572695 Lima: Sierra, sending you 3
2024-10-14 23:05:57.573803 Sierra: Quebec and November, sending you 4
2024-10-14 23:05:57.574684 Victor: Juliett, sending you 4
2024-10-14 23:05:57.578554 Sierra: Lima, sending you 3
2024-10-14 23:05:57.579813 Victor: Whiskey, sending you 7
chatterbot November submitting transactions
chatterbot Whiskey submitting transactions
chatterbot Lima submitting transactions
chatterbot Quebec submitting transactions
chatterbot Yankee submitting transactions
chatterbot Sierra submitting transactions
chatterbot Golf submitting transactions
chatterbot Victor submitting transactions
chatterbot Juliett submitting transactions
chatterbot Bravo submitting transactions
ChatterBot Yankee round 9
ChatterBot Golf round 9
ChatterBot Bravo round 9
ChatterBot Quebec round 9
ChatterBot Juliett round 9
ChatterBot Sierra round 9
ChatterBot Victor round 9
ChatterBot Whiskey round 9
ChatterBot Lima round 9
ChatterBot November round 9
2024-10-14 23:05:58.761662 Bravo: Juliett, sending you 5
2024-10-14 23:05:58.766339 Bravo: Victor, sending you 6
2024-10-14 23:05:58.766808 Quebec: Yankee and Sierra, sending you 4
2024-10-14 23:05:58.768646 Sierra: Yankee, sending you 5
2024-10-14 23:05:58.769660 Bravo: Whiskey, sending you 7
2024-10-14 23:05:58.771084 Quebec: Golf, sending you 2
2024-10-14 23:05:58.771752 Golf: Same as last round
2024-10-14 23:05:58.772379 Juliett: Bravo, sending you 3
2024-10-14 23:05:58.772758 Sierra: Golf, sending you 2
2024-10-14 23:05:58.774881 Quebec: Lima and November, sending you 3
2024-10-14 23:05:58.775780 Lima: Yankee and Golf, sending you 2
2024-10-14 23:05:58.776673 Juliett: Victor and Whiskey, sending you 2
2024-10-14 23:05:58.777158 Sierra: Quebec and November, sending you 4
2024-10-14 23:05:58.777915 Yankee: Golf, sending you 1
2024-10-14 23:05:58.778673 November: Yankee, Quebec, Sierra and Lima, sending you 3
2024-10-14 23:05:58.780273 Victor: Bravo, sending you 6
2024-10-14 23:05:58.780809 Lima: Quebec and November, sending you 4
2024-10-14 23:05:58.782677 Sierra: Lima, sending you 3
2024-10-14 23:05:58.783679 Yankee: Quebec and Sierra, sending you 6
2024-10-14 23:05:58.784709 Whiskey: Bravo and Victor, sending you 7
2024-10-14 23:05:58.785887 Victor: Juliett, sending you 4
2024-10-14 23:05:58.786455 Lima: Sierra, sending you 3
2024-10-14 23:05:58.787610 November: Golf, sending you 2
2024-10-14 23:05:58.788671 Yankee: Lima, sending you 2
2024-10-14 23:05:58.789698 Victor: Whiskey, sending you 7
2024-10-14 23:05:58.791299 Whiskey: Juliett, sending you 3
2024-10-14 23:05:58.794730 Yankee: November, sending you 4
chatterbot Golf submitting transactions
chatterbot November submitting transactions
chatterbot Victor submitting transactions
chatterbot Bravo submitting transactions
chatterbot Lima submitting transactions
chatterbot Quebec submitting transactions
chatterbot Sierra submitting transactions
chatterbot Juliett submitting transactions
chatterbot Yankee submitting transactions
chatterbot Whiskey submitting transactions
ChatterBot Yankee round 10
ChatterBot Golf round 10
ChatterBot Bravo round 10
ChatterBot Quebec round 10
ChatterBot Juliett round 10
ChatterBot Sierra round 10
ChatterBot Victor round 10
ChatterBot Whiskey round 10
ChatterBot Lima round 10
ChatterBot November round 10
2024-10-14 23:05:59.990680 Golf: Same as last round
2024-10-14 23:05:59.992753 Victor: Bravo, sending you 6
2024-10-14 23:05:59.993625 Juliett: Bravo, sending you 3
2024-10-14 23:05:59.994398 Bravo: Juliett, sending you 5
2024-10-14 23:05:59.995791 Yankee: Golf, sending you 1
2024-10-14 23:05:59.997143 Whiskey: Bravo and Victor, sending you 7
2024-10-14 23:05:59.997863 Quebec: Yankee and Sierra, sending you 4
2024-10-14 23:05:59.999432 Juliett: Victor and Whiskey, sending you 2
2024-10-14 23:06:00.000034 Victor: Juliett, sending you 4
2024-10-14 23:06:00.001446 Bravo: Victor, sending you 6
2024-10-14 23:06:00.002070 Yankee: Quebec and Sierra, sending you 6
2024-10-14 23:06:00.003010 Lima: Yankee and Golf, sending you 2
2024-10-14 23:06:00.004390 Sierra: Yankee, sending you 5
2024-10-14 23:06:00.005632 Whiskey: Juliett, sending you 3
2024-10-14 23:06:00.006083 Quebec: Golf, sending you 2
2024-10-14 23:06:00.006859 Victor: Whiskey, sending you 7
2024-10-14 23:06:00.007860 November: Yankee, Quebec, Sierra and Lima, sending you 3
2024-10-14 23:06:00.009287 Bravo: Whiskey, sending you 7
2024-10-14 23:06:00.009821 Yankee: Lima, sending you 2
2024-10-14 23:06:00.010641 Lima: Quebec and November, sending you 4
2024-10-14 23:06:00.011908 Sierra: Golf, sending you 2
2024-10-14 23:06:00.012911 Quebec: Lima and November, sending you 3
2024-10-14 23:06:00.013742 November: Golf, sending you 2
2024-10-14 23:06:00.015054 Yankee: November, sending you 4
2024-10-14 23:06:00.016139 Lima: Sierra, sending you 3
2024-10-14 23:06:00.016915 Sierra: Quebec and November, sending you 4
2024-10-14 23:06:00.021692 Sierra: Lima, sending you 3
chatterbot Sierra submitting transactions
chatterbot November submitting transactions
chatterbot Bravo submitting transactions
chatterbot Lima submitting transactions
chatterbot Juliett submitting transactions
chatterbot Victor submitting transactions
chatterbot Quebec submitting transactions
chatterbot Golf submitting transactions
chatterbot Yankee submitting transactions
chatterbot Whiskey submitting transactions
ChatterBot Yankee round 11
ChatterBot Golf round 11
ChatterBot Bravo round 11
ChatterBot Quebec round 11
ChatterBot Juliett round 11
ChatterBot Sierra round 11
ChatterBot Victor round 11
ChatterBot Whiskey round 11
ChatterBot Lima round 11
ChatterBot November round 11
2024-10-14 23:06:01.203679 Sierra: Yankee, sending you 5
2024-10-14 23:06:01.205313 Juliett: Bravo, sending you 3
2024-10-14 23:06:01.208671 Sierra: Golf, sending you 2
2024-10-14 23:06:01.210107 Juliett: Victor and Whiskey, sending you 2
2024-10-14 23:06:01.210688 Yankee: Golf, sending you 1
2024-10-14 23:06:01.211679 Quebec: Yankee and Sierra, sending you 4
2024-10-14 23:06:01.212971 Bravo: Juliett, sending you 5
2024-10-14 23:06:01.213699 Sierra: Quebec and November, sending you 4
2024-10-14 23:06:01.215668 Golf: Same as last round
2024-10-14 23:06:01.217256 Yankee: Quebec and Sierra, sending you 6
2024-10-14 23:06:01.218261 Bravo: Victor, sending you 6
2024-10-14 23:06:01.218936 Whiskey: Bravo and Victor, sending you 6
2024-10-14 23:06:01.219955 Lima: Yankee and Golf, sending you 2
2024-10-14 23:06:01.221102 Quebec: Golf, sending you 2
2024-10-14 23:06:01.222088 November: Yankee, Quebec, Sierra and Lima, sending you 3
2024-10-14 23:06:01.223521 Sierra: Lima, sending you 3
2024-10-14 23:06:01.224525 Victor: Bravo, sending you 6
2024-10-14 23:06:01.225562 Yankee: Lima, sending you 2
2024-10-14 23:06:01.226534 Bravo: Whiskey, sending you 7
2024-10-14 23:06:01.227120 Whiskey: Juliett, sending you 3
2024-10-14 23:06:01.227992 Lima: Quebec and November, sending you 4
2024-10-14 23:06:01.229070 Quebec: Lima and November, sending you 3
2024-10-14 23:06:01.230478 November: Golf, sending you 2
2024-10-14 23:06:01.231624 Victor: Juliett, sending you 4
2024-10-14 23:06:01.232665 Yankee: November, sending you 4
2024-10-14 23:06:01.233652 Whiskey: November, sending you 2
2024-10-14 23:06:01.234190 Lima: Sierra, sending you 3
2024-10-14 23:06:01.237669 Victor: Whiskey, sending you 7
chatterbot Lima submitting transactions
chatterbot Sierra submitting transactions
chatterbot November submitting transactions
chatterbot Golf submitting transactions
chatterbot Juliett submitting transactions
chatterbot Quebec submitting transactions
chatterbot Bravo submitting transactions
chatterbot Yankee submitting transactions
chatterbot Victor submitting transactions
chatterbot Whiskey submitting transactions
ChatterBot Yankee round 12
ChatterBot Golf round 12
ChatterBot Bravo round 12
ChatterBot Quebec round 12
ChatterBot Juliett round 12
ChatterBot Sierra round 12
ChatterBot Victor round 12
ChatterBot Whiskey round 12
ChatterBot Lima round 12
ChatterBot November round 12
2024-10-14 23:06:02.436686 Golf: Same as last round
2024-10-14 23:06:02.440704 Yankee: Golf, sending you 1
2024-10-14 23:06:02.441764 Juliett: Bravo, sending you 3
2024-10-14 23:06:02.443664 Bravo: Juliett, sending you 5
2024-10-14 23:06:02.445475 Whiskey: Bravo and Victor, sending you 7
2024-10-14 23:06:02.446517 Yankee: Quebec, sending you 5
2024-10-14 23:06:02.447993 Juliett: Victor and Whiskey, sending you 2
2024-10-14 23:06:02.449039 Victor: Bravo, sending you 6
2024-10-14 23:06:02.449994 Bravo: Victor, sending you 6
2024-10-14 23:06:02.451915 Whiskey: Juliett, sending you 3
2024-10-14 23:06:02.452800 Lima: Yankee and Golf, sending you 2
2024-10-14 23:06:02.454188 Yankee: Sierra, sending you 7
2024-10-14 23:06:02.455646 Sierra: Yankee, sending you 5
2024-10-14 23:06:02.457883 November: Yankee, Quebec, Sierra and Lima, sending you 3
2024-10-14 23:06:02.459311 Victor: Juliett, sending you 4
2024-10-14 23:06:02.460071 Bravo: Whiskey, sending you 7
2024-10-14 23:06:02.460961 Quebec: Yankee and Sierra, sending you 4
2024-10-14 23:06:02.462971 Lima: Quebec and November, sending you 4
2024-10-14 23:06:02.464542 Yankee: Lima, sending you 2
2024-10-14 23:06:02.466284 Sierra: Golf, sending you 2
2024-10-14 23:06:02.468367 November: Golf, sending you 2
2024-10-14 23:06:02.469563 Victor: Whiskey, sending you 7
2024-10-14 23:06:02.470415 Quebec: Golf, sending you 2
2024-10-14 23:06:02.471788 Lima: Sierra, sending you 3
2024-10-14 23:06:02.473773 Yankee: November, sending you 4
2024-10-14 23:06:02.475035 Sierra: Quebec and November, sending you 4
2024-10-14 23:06:02.476282 Quebec: Lima and November, sending you 3
2024-10-14 23:06:02.480674 Sierra: Lima, sending you 3
chatterbot Victor submitting transactions
chatterbot Bravo submitting transactions
chatterbot November submitting transactions
chatterbot Juliett submitting transactions
chatterbot Golf submitting transactions
chatterbot Quebec submitting transactions
chatterbot Lima submitting transactions
chatterbot Sierra submitting transactions
chatterbot Whiskey submitting transactions
chatterbot Yankee submitting transactions
ChatterBot Yankee round 13
ChatterBot Golf round 13
ChatterBot Bravo round 13
ChatterBot Quebec round 13
ChatterBot Juliett round 13
ChatterBot Sierra round 13
ChatterBot Victor round 13
ChatterBot Whiskey round 13
ChatterBot Lima round 13
ChatterBot November round 13
2024-10-14 23:06:03.767687 Victor: Bravo, sending you 6
2024-10-14 23:06:03.771680 Quebec: Yankee and Sierra, sending you 4
2024-10-14 23:06:03.776726 Sierra: Yankee, sending you 5
2024-10-14 23:06:03.780592 Victor: Juliett, sending you 4
2024-10-14 23:06:03.783368 Golf: Same as last round
2024-10-14 23:06:03.786534 Whiskey: Golf, sending you 2
2024-10-14 23:06:03.788199 Quebec: Golf, sending you 2
2024-10-14 23:06:03.790848 Juliett: Bravo, sending you 3
2024-10-14 23:06:03.792977 Sierra: Golf, sending you 2
2024-10-14 23:06:03.796822 Lima: Yankee and Golf, sending you 2
2024-10-14 23:06:03.799050 Victor: Whiskey, sending you 7
2024-10-14 23:06:03.801112 Yankee: Golf, sending you 1
2024-10-14 23:06:03.804496 Whiskey: Bravo and Victor, sending you 6
2024-10-14 23:06:03.805244 Bravo: Juliett, sending you 5
2024-10-14 23:06:03.806790 November: Yankee, Quebec, Sierra and Lima, sending you 3
2024-10-14 23:06:03.808388 Quebec: Lima and November, sending you 3
2024-10-14 23:06:03.809545 Juliett: Victor and Whiskey, sending you 2
2024-10-14 23:06:03.810698 Sierra: Quebec and November, sending you 4
2024-10-14 23:06:03.812732 Lima: Quebec and November, sending you 4
2024-10-14 23:06:03.814272 Yankee: Quebec, sending you 5
2024-10-14 23:06:03.815408 Whiskey: Juliett, sending you 3
2024-10-14 23:06:03.816652 Bravo: Victor, sending you 6
2024-10-14 23:06:03.817367 November: Golf, sending you 2
2024-10-14 23:06:03.819111 Sierra: Lima, sending you 3
2024-10-14 23:06:03.821053 Lima: Sierra, sending you 3
2024-10-14 23:06:03.823056 Yankee: Sierra, sending you 7
2024-10-14 23:06:03.825146 Bravo: Whiskey, sending you 7
2024-10-14 23:06:03.827922 Yankee: Lima, sending you 2
2024-10-14 23:06:03.834834 Yankee: November, sending you 4
chatterbot Bravo submitting transactions
chatterbot Quebec submitting transactions
chatterbot Sierra submitting transactions
chatterbot Lima submitting transactions
chatterbot Golf submitting transactions
chatterbot Juliett submitting transactions
chatterbot Yankee submitting transactions
chatterbot Victor submitting transactions
chatterbot November submitting transactions
chatterbot Whiskey submitting transactions
ChatterBot Yankee round 14
ChatterBot Golf round 14
ChatterBot Bravo round 14
ChatterBot Quebec round 14
ChatterBot Juliett round 14
ChatterBot Sierra round 14
ChatterBot Victor round 14
ChatterBot Whiskey round 14
ChatterBot Lima round 14
ChatterBot November round 14
2024-10-14 23:06:04.889660 Sierra: Yankee, sending you 5
2024-10-14 23:06:04.891013 Golf: Same as last round
2024-10-14 23:06:04.892542 Victor: Bravo, sending you 6
2024-10-14 23:06:04.893126 Whiskey: Bravo and Victor, sending you 7
2024-10-14 23:06:04.895696 Sierra: Golf, sending you 2
2024-10-14 23:06:04.896863 Yankee: Golf, sending you 1
2024-10-14 23:06:04.898379 Whiskey: Juliett, sending you 3
2024-10-14 23:06:04.898930 Quebec: Yankee and Sierra, sending you 4
2024-10-14 23:06:04.900378 Victor: Juliett, sending you 4
2024-10-14 23:06:04.900881 Bravo: Juliett, sending you 5
