ChatterBot Whiskey round 1
ChatterBot Romeo round 1
ChatterBot Victor round 1
ChatterBot Echo round 1
ChatterBot Papa round 1
ChatterBot Kilo round 1
ChatterBot Bravo round 1
ChatterBot Delta round 1
randomSelections Romeo: {Romeo, Bravo, Zulu, Whiskey} 
2024-10-14 23:05:46.186931 Romeo: Group up?
ChatterBot Bravo reevaluating
ChatterBot Whiskey reevaluating
2024-10-14 23:05:46.236829 Bravo: Yes
2024-10-14 23:05:46.237503 Whiskey: Yes
ChatterBot Whiskey reevaluating
ChatterBot Bravo reevaluating
randomSelections Echo: {Echo, Romeo, Bravo, Quebec, Papa, Whiskey} 
2024-10-14 23:05:46.260522 Echo: Group up?
ChatterBot Bravo reevaluating
ChatterBot Papa reevaluating
ChatterBot Whiskey reevaluating
2024-10-14 23:05:46.274661 Romeo: No
2024-10-14 23:05:46.274927 Bravo: No
2024-10-14 23:05:46.275124 Papa: Yes
2024-10-14 23:05:46.275271 Whiskey: No
ChatterBot Bravo reevaluating
ChatterBot Papa reevaluating
ChatterBot Whiskey reevaluating
ChatterBot Papa reevaluating
ChatterBot Whiskey reevaluating
ChatterBot Bravo reevaluating
ChatterBot Whiskey reevaluating
ChatterBot Bravo reevaluating
ChatterBot Papa reevaluating
randomSelections Victor: {Victor, Echo, Quebec, Kilo, Bravo, Romeo} 
2024-10-14 23:05:46.305137 Victor: Can we be friends?
ChatterBot Kilo reevaluating
ChatterBot Bravo reevaluating
2024-10-14 23:05:46.311827 Echo: No
2024-10-14 23:05:46.312022 Kilo: Yes
2024-10-14 23:05:46.312173 Bravo: No
2024-10-14 23:05:46.312823 Romeo: No
ChatterBot Kilo reevaluating
ChatterBot Bravo reevaluating
ChatterBot Bravo reevaluating
ChatterBot Kilo reevaluating
ChatterBot Kilo reevaluating
ChatterBot Bravo reevaluating
ChatterBot Zulu round 1
ChatterBot Zulu reevaluating
ChatterBot Zulu reevaluating
ChatterBot Zulu reevaluating
2024-10-14 23:05:46.340950 Zulu: Yes
ChatterBot Bravo reevaluating
ChatterBot Whiskey reevaluating
ChatterBot Quebec round 1
ChatterBot Quebec reevaluating
ChatterBot Quebec reevaluating
ChatterBot Quebec reevaluating
ChatterBot Quebec reevaluating
ChatterBot Quebec reevaluating
ChatterBot Quebec reevaluating
ChatterBot Quebec reevaluating
ChatterBot Quebec reevaluating
ChatterBot Quebec reevaluating
ChatterBot Quebec reevaluating
2024-10-14 23:05:46.361467 Quebec: Yes
2024-10-14 23:05:46.361681 Quebec: No
ChatterBot Bravo reevaluating
ChatterBot Papa reevaluating
ChatterBot Whiskey reevaluating
ChatterBot Kilo reevaluating
ChatterBot Bravo reevaluating
randomSelections Delta: {Delta, Quebec, Echo, Whiskey, Zulu, Kilo} 
2024-10-14 23:05:46.386752 Delta: Friends?
ChatterBot Quebec reevaluating
ChatterBot Whiskey reevaluating
ChatterBot Zulu reevaluating
ChatterBot Kilo reevaluating
2024-10-14 23:05:46.395702 Quebec: No
2024-10-14 23:05:46.396112 Echo: No
2024-10-14 23:05:46.396311 Whiskey: No
2024-10-14 23:05:46.396685 Zulu: No
2024-10-14 23:05:46.397701 Kilo: No
ChatterBot Whiskey reevaluating
ChatterBot Zulu reevaluating
ChatterBot Kilo reevaluating
ChatterBot Quebec reevaluating
ChatterBot Whiskey reevaluating
ChatterBot Zulu reevaluating
ChatterBot Kilo reevaluating
ChatterBot Quebec reevaluating
ChatterBot Zulu reevaluating
ChatterBot Kilo reevaluating
ChatterBot Quebec reevaluating
ChatterBot Whiskey reevaluating
ChatterBot Kilo reevaluating
ChatterBot Quebec reevaluating
ChatterBot Whiskey reevaluating
ChatterBot Zulu reevaluating
2024-10-14 23:05:46.474667 Romeo: Whiskey, sending you 5
2024-10-14 23:05:46.485204 Romeo: Bravo, sending you 2
2024-10-14 23:05:46.485726 Echo: Whiskey and Romeo, sending you 1
2024-10-14 23:05:46.487912 Victor: Romeo and Bravo, sending you 3
2024-10-14 23:05:46.491588 Zulu: Whiskey, sending you 10
2024-10-14 23:05:46.492871 Bravo: Whiskey, sending you 8
2024-10-14 23:05:46.493317 Delta: Whiskey, Kilo and Zulu, sending you 4
2024-10-14 23:05:46.493736 Kilo: Romeo and Quebec, sending you 1
2024-10-14 23:05:46.495007 Romeo: Zulu, sending you 7
2024-10-14 23:05:46.495304 Papa: Romeo, Echo and Bravo, sending you 1
2024-10-14 23:05:46.495584 Quebec: Whiskey, sending you 5
2024-10-14 23:05:46.495882 Echo: Papa, sending you 3
2024-10-14 23:05:46.496741 Victor: Echo and Kilo, sending you 5
2024-10-14 23:05:46.497071 Whiskey: Romeo and Bravo, sending you 2
2024-10-14 23:05:46.497375 Zulu: Romeo and Bravo, sending you 2
2024-10-14 23:05:46.497663 Bravo: Romeo, sending you 5
2024-10-14 23:05:46.498537 Delta: Echo, sending you 2
2024-10-14 23:05:46.498916 Kilo: Victor and Bravo, sending you 5
2024-10-14 23:05:46.499184 Papa: Quebec, sending you 2
2024-10-14 23:05:46.499588 Quebec: Romeo and Echo, sending you 3
2024-10-14 23:05:46.500540 Victor: Quebec, sending you 2
2024-10-14 23:05:46.502340 Echo: Bravo, sending you 4
2024-10-14 23:05:46.502778 Whiskey: Zulu, sending you 4
2024-10-14 23:05:46.503143 Bravo: Zulu, sending you 4
2024-10-14 23:05:46.504297 Delta: Quebec, sending you 3
2024-10-14 23:05:46.504577 Kilo: Echo, sending you 4
2024-10-14 23:05:46.504891 Quebec: Papa, sending you 1
2024-10-14 23:05:46.507871 Echo: Quebec, sending you 5
2024-10-14 23:05:46.511593 Quebec: Bravo, sending you 2
chatterbot Victor submitting transactions
chatterbot Delta submitting transactions
chatterbot Romeo submitting transactions
chatterbot Kilo submitting transactions
chatterbot Bravo submitting transactions
chatterbot Whiskey submitting transactions
chatterbot Zulu submitting transactions
chatterbot Echo submitting transactions
chatterbot Quebec submitting transactions
chatterbot Papa submitting transactions
ChatterBot Whiskey round 2
ChatterBot Romeo round 2
ChatterBot Victor round 2
ChatterBot Echo round 2
ChatterBot Papa round 2
2024-10-14 23:05:47.653301 Romeo: We should group up
ChatterBot Whiskey reevaluating
ChatterBot Bravo reevaluating
ChatterBot Zulu reevaluating
ChatterBot Echo reevaluating
ChatterBot Papa reevaluating
ChatterBot Quebec reevaluating
2024-10-14 23:05:47.730342 Whiskey: No
2024-10-14 23:05:47.730597 Bravo: No
2024-10-14 23:05:47.730787 Zulu: No
2024-10-14 23:05:47.731398 Echo: No
2024-10-14 23:05:47.731553 Papa: Yes
2024-10-14 23:05:47.731719 Quebec: No
ChatterBot Bravo reevaluating
ChatterBot Zulu reevaluating
ChatterBot Echo reevaluating
ChatterBot Papa reevaluating
ChatterBot Quebec reevaluating
ChatterBot Whiskey reevaluating
ChatterBot Zulu reevaluating
ChatterBot Echo reevaluating
ChatterBot Papa reevaluating
ChatterBot Quebec reevaluating
ChatterBot Romeo reevaluating
ChatterBot Whiskey reevaluating
ChatterBot Bravo reevaluating
ChatterBot Echo reevaluating
ChatterBot Papa reevaluating
ChatterBot Quebec reevaluating
ChatterBot Romeo reevaluating
ChatterBot Whiskey reevaluating
ChatterBot Bravo reevaluating
ChatterBot Zulu reevaluating
ChatterBot Papa reevaluating
ChatterBot Quebec reevaluating
ChatterBot Romeo reevaluating
ChatterBot Whiskey reevaluating
ChatterBot Bravo reevaluating
ChatterBot Zulu reevaluating
ChatterBot Echo reevaluating
ChatterBot Quebec reevaluating
ChatterBot Romeo reevaluating
ChatterBot Whiskey reevaluating
ChatterBot Bravo reevaluating
ChatterBot Zulu reevaluating
ChatterBot Echo reevaluating
ChatterBot Papa reevaluating
2024-10-14 23:05:48.053483 Papa: We should add Zulu
ChatterBot Echo reevaluating
ChatterBot Romeo reevaluating
ChatterBot Bravo reevaluating
ChatterBot Quebec reevaluating
ChatterBot Whiskey reevaluating
2024-10-14 23:05:48.098259 Echo: No
2024-10-14 23:05:48.098513 Romeo: Yes
2024-10-14 23:05:48.098746 Bravo: Yes
2024-10-14 23:05:48.099316 Quebec: No
2024-10-14 23:05:48.099467 Whiskey: Yes
ChatterBot Romeo reevaluating
ChatterBot Bravo reevaluating
ChatterBot Quebec reevaluating
ChatterBot Papa reevaluating
ChatterBot Whiskey reevaluating
ChatterBot Echo reevaluating
ChatterBot Bravo reevaluating
ChatterBot Quebec reevaluating
ChatterBot Papa reevaluating
ChatterBot Whiskey reevaluating
ChatterBot Echo reevaluating
ChatterBot Romeo reevaluating
ChatterBot Quebec reevaluating
ChatterBot Papa reevaluating
ChatterBot Whiskey reevaluating
ChatterBot Echo reevaluating
ChatterBot Romeo reevaluating
ChatterBot Bravo reevaluating
ChatterBot Papa reevaluating
ChatterBot Whiskey reevaluating
ChatterBot Echo reevaluating
ChatterBot Romeo reevaluating
ChatterBot Bravo reevaluating
ChatterBot Quebec reevaluating
ChatterBot Papa reevaluating
ChatterBot Kilo round 2
2024-10-14 23:05:48.427012 Victor: We should group up
ChatterBot Kilo reevaluating
ChatterBot Delta reevaluating
ChatterBot Whiskey reevaluating
ChatterBot Romeo reevaluating
ChatterBot Bravo reevaluating
ChatterBot Zulu reevaluating
2024-10-14 23:05:48.643002 Kilo: No
2024-10-14 23:05:48.643679 Delta: No
2024-10-14 23:05:48.643948 Whiskey: No
2024-10-14 23:05:48.644133 Romeo: Yes
2024-10-14 23:05:48.644352 Bravo: No
2024-10-14 23:05:48.645041 Zulu: No
ChatterBot Victor reevaluating
ChatterBot Delta reevaluating
ChatterBot Whiskey reevaluating
ChatterBot Romeo reevaluating
ChatterBot Bravo reevaluating
ChatterBot Zulu reevaluating
ChatterBot Victor reevaluating
ChatterBot Kilo reevaluating
ChatterBot Whiskey reevaluating
ChatterBot Romeo reevaluating
ChatterBot Bravo reevaluating
ChatterBot Zulu reevaluating
ChatterBot Victor reevaluating
ChatterBot Kilo reevaluating
ChatterBot Delta reevaluating
ChatterBot Romeo reevaluating
ChatterBot Bravo reevaluating
ChatterBot Zulu reevaluating
ChatterBot Victor reevaluating
ChatterBot Kilo reevaluating
ChatterBot Delta reevaluating
ChatterBot Whiskey reevaluating
ChatterBot Bravo reevaluating
ChatterBot Zulu reevaluating
ChatterBot Victor reevaluating
ChatterBot Kilo reevaluating
ChatterBot Delta reevaluating
ChatterBot Whiskey reevaluating
ChatterBot Romeo reevaluating
ChatterBot Zulu reevaluating
ChatterBot Victor reevaluating
ChatterBot Kilo reevaluating
ChatterBot Delta reevaluating
ChatterBot Whiskey reevaluating
ChatterBot Romeo reevaluating
ChatterBot Bravo reevaluating
ChatterBot Bravo round 2
ChatterBot Delta round 2
ChatterBot Zulu round 2
ChatterBot Quebec round 2
2024-10-14 23:05:49.080126 Bravo: We would work well together
ChatterBot Victor reevaluating
ChatterBot Kilo reevaluating
ChatterBot Delta reevaluating
ChatterBot Whiskey reevaluating
ChatterBot Zulu reevaluating
2024-10-14 23:05:49.104102 Victor: Yes
2024-10-14 23:05:49.104722 Kilo: Yes
2024-10-14 23:05:49.104849 Delta: Yes
2024-10-14 23:05:49.104955 Whiskey: Yes
2024-10-14 23:05:49.105069 Romeo: Yes
2024-10-14 23:05:49.105203 Zulu: Yes
ChatterBot Kilo reevaluating
ChatterBot Delta reevaluating
ChatterBot Whiskey reevaluating
ChatterBot Zulu reevaluating
ChatterBot Victor reevaluating
ChatterBot Delta reevaluating
ChatterBot Whiskey reevaluating
ChatterBot Zulu reevaluating
ChatterBot Victor reevaluating
ChatterBot Kilo reevaluating
ChatterBot Whiskey reevaluating
ChatterBot Zulu reevaluating
ChatterBot Victor reevaluating
ChatterBot Kilo reevaluating
ChatterBot Delta reevaluating
ChatterBot Romeo reevaluating
ChatterBot Zulu reevaluating
ChatterBot Victor reevaluating
ChatterBot Kilo reevaluating
ChatterBot Delta reevaluating
ChatterBot Whiskey reevaluating
ChatterBot Zulu reevaluating
ChatterBot Victor reevaluating
ChatterBot Kilo reevaluating
ChatterBot Delta reevaluating
ChatterBot Whiskey reevaluating
ChatterBot Romeo reevaluating
2024-10-14 23:05:49.251849 Romeo: Group up?
ChatterBot Victor reevaluating
ChatterBot Kilo reevaluating
ChatterBot Delta reevaluating
ChatterBot Whiskey reevaluating
ChatterBot Zulu reevaluating
2024-10-14 23:05:49.277559 Victor: Yes
2024-10-14 23:05:49.277705 Kilo: Yes
2024-10-14 23:05:49.277816 Delta: Yes
2024-10-14 23:05:49.277911 Whiskey: Yes
2024-10-14 23:05:49.278001 Bravo: Yes
2024-10-14 23:05:49.278095 Zulu: Yes
ChatterBot Kilo reevaluating
ChatterBot Delta reevaluating
ChatterBot Whiskey reevaluating
ChatterBot Romeo reevaluating
ChatterBot Zulu reevaluating
ChatterBot Victor reevaluating
ChatterBot Delta reevaluating
ChatterBot Whiskey reevaluating
ChatterBot Romeo reevaluating
ChatterBot Zulu reevaluating
ChatterBot Victor reevaluating
ChatterBot Kilo reevaluating
ChatterBot Whiskey reevaluating
ChatterBot Romeo reevaluating
ChatterBot Zulu reevaluating
ChatterBot Victor reevaluating
ChatterBot Kilo reevaluating
ChatterBot Delta reevaluating
ChatterBot Romeo reevaluating
ChatterBot Zulu reevaluating
ChatterBot Victor reevaluating
ChatterBot Kilo reevaluating
ChatterBot Delta reevaluating
ChatterBot Whiskey reevaluating
ChatterBot Romeo reevaluating
ChatterBot Zulu reevaluating
ChatterBot Victor reevaluating
ChatterBot Kilo reevaluating
ChatterBot Delta reevaluating
ChatterBot Whiskey reevaluating
ChatterBot Romeo reevaluating
2024-10-14 23:05:49.464171 Papa: Zulu we want you to join our group
ChatterBot Zulu reevaluating
2024-10-14 23:05:49.470684 Zulu: No
ChatterBot Romeo reevaluating
ChatterBot Whiskey reevaluating
ChatterBot Quebec reevaluating
2024-10-14 23:05:49.503997 Quebec: We should group up
ChatterBot Victor reevaluating
ChatterBot Kilo reevaluating
ChatterBot Delta reevaluating
2024-10-14 23:05:49.526686 Echo: Yes
2024-10-14 23:05:49.526967 Victor: No
2024-10-14 23:05:49.527079 Kilo: No
2024-10-14 23:05:49.527201 Delta: No
2024-10-14 23:05:49.527303 Papa: No
ChatterBot Victor reevaluating
ChatterBot Kilo reevaluating
ChatterBot Delta reevaluating
ChatterBot Papa reevaluating
ChatterBot Quebec reevaluating
ChatterBot Kilo reevaluating
ChatterBot Delta reevaluating
ChatterBot Papa reevaluating
ChatterBot Quebec reevaluating
ChatterBot Echo reevaluating
ChatterBot Victor reevaluating
ChatterBot Delta reevaluating
ChatterBot Papa reevaluating
ChatterBot Quebec reevaluating
ChatterBot Echo reevaluating
ChatterBot Victor reevaluating
ChatterBot Kilo reevaluating
ChatterBot Papa reevaluating
ChatterBot Quebec reevaluating
ChatterBot Echo reevaluating
ChatterBot Victor reevaluating
ChatterBot Kilo reevaluating
ChatterBot Delta reevaluating
ChatterBot Quebec reevaluating
chatterbot Quebec submitting transactions
2024-10-14 23:05:49.911663 Bravo: Whiskey, Romeo, Victor and Zulu, sending you 3
2024-10-14 23:05:49.961068 Kilo: Victor, sending you 7
2024-10-14 23:05:49.961526 Romeo: Whiskey, Victor, Bravo, Zulu and Quebec, sending you 2
2024-10-14 23:05:49.962558 Delta: Whiskey, Romeo, Victor, Kilo and Bravo, sending you 3
2024-10-14 23:05:49.963103 Echo: Victor, sending you 4
2024-10-14 23:05:49.963484 Whiskey: Romeo and Delta, sending you 3
2024-10-14 23:05:49.964522 Bravo: Kilo, sending you 4
2024-10-14 23:05:49.964910 Zulu: Whiskey, Bravo and Delta, sending you 3
2024-10-14 23:05:49.965268 Quebec: Victor, Papa and Delta, sending you 3
2024-10-14 23:05:49.965665 Papa: Echo, sending you 10
2024-10-14 23:05:49.966682 Kilo: Echo and Quebec, sending you 2
2024-10-14 23:05:49.967 Romeo: Echo, Papa, Kilo and Delta, sending you 1
2024-10-14 23:05:49.967462 Delta: Zulu, sending you 2
2024-10-14 23:05:49.968779 Echo: Papa and Delta, sending you 2
2024-10-14 23:05:49.969057 Whiskey: Bravo, sending you 5
2024-10-14 23:05:49.987560 Bravo: Delta, sending you 1
2024-10-14 23:05:49.988798 Zulu: Romeo, sending you 4
2024-10-14 23:05:49.989380 Quebec: Echo, sending you 4
2024-10-14 23:05:49.989782 Papa: Quebec, sending you 4
2024-10-14 23:05:49.990820 Victor: Whiskey, Romeo and Delta, sending you 1
2024-10-14 23:05:49.991330 Kilo: Delta, sending you 5
2024-10-14 23:05:49.991677 Echo: Kilo and Quebec, sending you 3
2024-10-14 23:05:49.992656 Whiskey: Zulu, sending you 6
2024-10-14 23:05:50.005408 Zulu: Victor, sending you 1
2024-10-14 23:05:50.005962 Victor: Kilo, sending you 5
2024-10-14 23:05:50.006917 Quebec: Kilo, sending you 1
chatterbot Whiskey submitting transactions
chatterbot Victor submitting transactions
chatterbot Kilo submitting transactions
chatterbot Zulu submitting transactions
chatterbot Quebec submitting transactions
chatterbot Papa submitting transactions
chatterbot Bravo submitting transactions
chatterbot Echo submitting transactions
chatterbot Romeo submitting transactions
chatterbot Delta submitting transactions
ChatterBot Whiskey round 3
ChatterBot Romeo round 3
ChatterBot Victor round 3
ChatterBot Echo round 3
ChatterBot Papa round 3
ChatterBot Kilo round 3
ChatterBot Bravo round 3
ChatterBot Delta round 3
ChatterBot Zulu round 3
ChatterBot Quebec round 3
2024-10-14 23:05:51.187657 Kilo: Can we be friends?
ChatterBot Delta reevaluating
ChatterBot Bravo reevaluating
ChatterBot Zulu reevaluating
2024-10-14 23:05:51.210345 Victor: Yes
2024-10-14 23:05:51.210495 Delta: Yes
2024-10-14 23:05:51.210994 Whiskey: Yes
2024-10-14 23:05:51.211129 Romeo: Yes
2024-10-14 23:05:51.211243 Bravo: Yes
2024-10-14 23:05:51.211393 Zulu: Yes
ChatterBot Delta reevaluating
ChatterBot Bravo reevaluating
ChatterBot Zulu reevaluating
ChatterBot Bravo reevaluating
ChatterBot Zulu reevaluating
ChatterBot Delta reevaluating
ChatterBot Bravo reevaluating
ChatterBot Zulu reevaluating
ChatterBot Delta reevaluating
ChatterBot Bravo reevaluating
ChatterBot Zulu reevaluating
ChatterBot Delta reevaluating
ChatterBot Zulu reevaluating
ChatterBot Delta reevaluating
ChatterBot Bravo reevaluating
2024-10-14 23:05:51.364996 Papa: We should drop Delta
ChatterBot Quebec reevaluating
2024-10-14 23:05:51.384228 Victor: No
2024-10-14 23:05:51.384898 Kilo: No
2024-10-14 23:05:51.385053 Echo: No
2024-10-14 23:05:51.385204 Quebec: No
2024-10-14 23:05:51.385316 Romeo: No
ChatterBot Quebec reevaluating
ChatterBot Papa reevaluating
ChatterBot Quebec reevaluating
ChatterBot Papa reevaluating
ChatterBot Quebec reevaluating
ChatterBot Papa reevaluating
ChatterBot Papa reevaluating
ChatterBot Quebec reevaluating
chatterbot Delta submitting transactions
2024-10-14 23:05:51.631302 Romeo: Whiskey, Victor, Kilo and Delta, sending you 2
2024-10-14 23:05:51.632968 Echo: Victor, Kilo and Quebec, sending you 3
2024-10-14 23:05:51.633732 Victor: Whiskey and Zulu, sending you 1
2024-10-14 23:05:51.635140 Whiskey: Romeo and Delta, sending you 3
2024-10-14 23:05:51.637057 Papa: We should drop Romeo
2024-10-14 23:05:51.667999 Echo: Yes
2024-10-14 23:05:51.668373 Victor: No
2024-10-14 23:05:51.668639 Kilo: No
2024-10-14 23:05:51.669458 Delta: No
2024-10-14 23:05:51.669756 Quebec: Yes
ChatterBot Papa reevaluating
ChatterBot Papa reevaluating
ChatterBot Papa reevaluating
ChatterBot Papa reevaluating
ChatterBot Papa reevaluating
2024-10-14 23:05:51.775825 Romeo: Bravo and Zulu, sending you 3
2024-10-14 23:05:51.777343 Echo: Papa, sending you 4
2024-10-14 23:05:51.778811 Victor: Romeo, sending you 2
2024-10-14 23:05:51.780217 Whiskey: Bravo, sending you 5
2024-10-14 23:05:51.781035 Zulu: Whiskey, sending you 5
2024-10-14 23:05:51.782135 Bravo: Whiskey, sending you 4
chatterbot Whiskey submitting transactions
2024-10-14 23:05:51.799188 Delta: Whiskey, sending you 4
2024-10-14 23:05:51.802454 Echo: Delta, sending you 1
2024-10-14 23:05:51.804089 Victor: Kilo, sending you 4
2024-10-14 23:05:51.806156 Kilo: Whiskey and Zulu, sending you 1
2024-10-14 23:05:51.808493 Whiskey: Zulu, sending you 6
2024-10-14 23:05:51.810136 Zulu: Romeo and Bravo, sending you 3
2024-10-14 23:05:51.811358 Bravo: Romeo, Kilo and Zulu, sending you 3
2024-10-14 23:05:51.813366 Quebec: Victor and Delta, sending you 2
2024-10-14 23:05:51.815128 Delta: Romeo and Bravo, sending you 2
2024-10-14 23:05:51.816993 Victor: Bravo and Delta, sending you 3
2024-10-14 23:05:51.819061 Kilo: Romeo, sending you 2
2024-10-14 23:05:51.820939 Zulu: Victor, sending you 1
2024-10-14 23:05:51.822693 Bravo: Victor and Delta, sending you 2
2024-10-14 23:05:51.823516 Quebec: Echo, sending you 4
2024-10-14 23:05:51.824469 Delta: Victor, sending you 1
2024-10-14 23:05:51.840769 Kilo: Victor, sending you 6
2024-10-14 23:05:51.841442 Zulu: Delta, sending you 2
2024-10-14 23:05:51.842423 Quebec: Papa and Kilo, sending you 3
2024-10-14 23:05:51.842928 Delta: Kilo, sending you 5
2024-10-14 23:05:51.847207 Kilo: Bravo and Delta, sending you 3
2024-10-14 23:05:51.848820 Papa: Echo, sending you 8
2024-10-14 23:05:51.850122 Delta: Zulu, sending you 3
2024-10-14 23:05:51.856365 Papa: Quebec, sending you 6
chatterbot Zulu submitting transactions
chatterbot Kilo submitting transactions
chatterbot Victor submitting transactions
chatterbot Romeo submitting transactions
chatterbot Echo submitting transactions
chatterbot Bravo submitting transactions
chatterbot Papa submitting transactions
chatterbot Quebec submitting transactions
ChatterBot Whiskey round 4
ChatterBot Romeo round 4
ChatterBot Victor round 4
ChatterBot Echo round 4
ChatterBot Papa round 4
ChatterBot Kilo round 4
ChatterBot Bravo round 4
ChatterBot Delta round 4
ChatterBot Zulu round 4
ChatterBot Quebec round 4
2024-10-14 23:05:53.084733 Victor: We should add Echo
ChatterBot Delta reevaluating
ChatterBot Whiskey reevaluating
ChatterBot Bravo reevaluating
2024-10-14 23:05:53.109763 Kilo: No
2024-10-14 23:05:53.109936 Delta: No
2024-10-14 23:05:53.110061 Whiskey: No
2024-10-14 23:05:53.110175 Romeo: No
2024-10-14 23:05:53.110867 Bravo: No
2024-10-14 23:05:53.110991 Zulu: No
ChatterBot Delta reevaluating
ChatterBot Whiskey reevaluating
ChatterBot Bravo reevaluating
ChatterBot Victor reevaluating
ChatterBot Whiskey reevaluating
ChatterBot Bravo reevaluating
ChatterBot Victor reevaluating
ChatterBot Delta reevaluating
ChatterBot Bravo reevaluating
ChatterBot Victor reevaluating
ChatterBot Delta reevaluating
ChatterBot Whiskey reevaluating
ChatterBot Bravo reevaluating
ChatterBot Victor reevaluating
ChatterBot Delta reevaluating
ChatterBot Whiskey reevaluating
ChatterBot Victor reevaluating
ChatterBot Delta reevaluating
ChatterBot Whiskey reevaluating
ChatterBot Bravo reevaluating
2024-10-14 23:05:53.420186 Papa: We should drop Delta
ChatterBot Victor reevaluating
2024-10-14 23:05:53.436084 Echo: Yes
2024-10-14 23:05:53.436958 Quebec: Yes
2024-10-14 23:05:53.437135 Victor: No
2024-10-14 23:05:53.437341 Kilo: No
ChatterBot Victor reevaluating
ChatterBot Victor reevaluating
ChatterBot Victor reevaluating
2024-10-14 23:05:53.494558 Delta: Quebec we want you to join our group
2024-10-14 23:05:53.499124 Quebec: No
ChatterBot Delta reevaluating
ChatterBot Victor reevaluating
2024-10-14 23:05:53.537307 Romeo: Whiskey, Victor, Kilo, Delta and Zulu, sending you 2
2024-10-14 23:05:53.539220 Zulu: Whiskey, sending you 5
2024-10-14 23:05:53.541358 Victor: Echo we want you to join our group
2024-10-14 23:05:53.546956 Echo: No
ChatterBot Victor reevaluating
ChatterBot Delta reevaluating
2024-10-14 23:05:53.576587 Romeo: Bravo, sending you 4
2024-10-14 23:05:53.577578 Zulu: Romeo and Bravo, sending you 3
2024-10-14 23:05:53.579389 Papa: Echo, sending you 8
2024-10-14 23:05:53.710574 Bravo: Whiskey, sending you 4
2024-10-14 23:05:53.712260 Kilo: Whiskey and Zulu, sending you 1
2024-10-14 23:05:53.713047 Whiskey: Romeo and Delta, sending you 3
2024-10-14 23:05:53.714389 Papa: Quebec, sending you 6
2024-10-14 23:05:53.715384 Zulu: Victor, sending you 1
2024-10-14 23:05:53.724749 Bravo: Romeo, Victor, Kilo and Zulu, sending you 3
2024-10-14 23:05:53.726228 Kilo: Romeo, sending you 2
2024-10-14 23:05:53.727591 Whiskey: Victor and Kilo, sending you 1
2024-10-14 23:05:53.728985 Echo: Victor, sending you 2
2024-10-14 23:05:53.729406 Quebec: Victor and Kilo, sending you 3
2024-10-14 23:05:53.730359 Zulu: Delta, sending you 2
2024-10-14 23:05:53.731208 Bravo: Delta, sending you 1
2024-10-14 23:05:53.732610 Kilo: Victor, sending you 5
2024-10-14 23:05:53.734103 Echo: Papa, sending you 5
2024-10-14 23:05:53.734643 Whiskey: Bravo, sending you 4
2024-10-14 23:05:53.736031 Quebec: Echo and Papa, sending you 4
2024-10-14 23:05:53.736591 Victor: Romeo and Bravo, sending you 3
2024-10-14 23:05:53.738476 Kilo: Bravo, sending you 3
2024-10-14 23:05:53.739854 Echo: Kilo, sending you 3
chatterbot Papa submitting transactions
2024-10-14 23:05:53.741578 Whiskey: Zulu, sending you 5
2024-10-14 23:05:53.742543 Victor: Kilo, sending you 5
2024-10-14 23:05:53.744439 Echo: Quebec, sending you 4
2024-10-14 23:05:53.744956 Kilo: Delta, sending you 4
chatterbot Echo submitting transactions
2024-10-14 23:05:53.746623 Delta: Whiskey, sending you 4
2024-10-14 23:05:53.748159 Victor: Delta and Zulu, sending you 2
2024-10-14 23:05:53.753157 Delta: Romeo, Victor, Bravo, Zulu and Quebec, sending you 2
2024-10-14 23:05:53.765997 Delta: Kilo, sending you 3
chatterbot Zulu submitting transactions
chatterbot Victor submitting transactions
chatterbot Bravo submitting transactions
chatterbot Whiskey submitting transactions
chatterbot Kilo submitting transactions
chatterbot Romeo submitting transactions
chatterbot Quebec submitting transactions
chatterbot Delta submitting transactions
ChatterBot Whiskey round 5
ChatterBot Romeo round 5
ChatterBot Victor round 5
ChatterBot Echo round 5
ChatterBot Papa round 5
ChatterBot Kilo round 5
ChatterBot Bravo round 5
ChatterBot Delta round 5
ChatterBot Zulu round 5
ChatterBot Quebec round 5
2024-10-14 23:05:54.678220 Delta: We should drop Quebec
2024-10-14 23:05:54.702220 Victor: Yes
2024-10-14 23:05:54.703106 Kilo: Yes
2024-10-14 23:05:54.703325 Whiskey: Yes
2024-10-14 23:05:54.703502 Romeo: Yes
2024-10-14 23:05:54.703678 Bravo: Yes
2024-10-14 23:05:54.703875 Zulu: Yes
2024-10-14 23:05:54.867983 Papa: Echo, sending you 8
2024-10-14 23:05:54.876252 Victor: Romeo, sending you 3
2024-10-14 23:05:54.880966 Whiskey: Romeo and Delta, sending you 3
2024-10-14 23:05:54.882195 Papa: Quebec, sending you 6
2024-10-14 23:05:54.884637 Kilo: Whiskey and Romeo, sending you 2
2024-10-14 23:05:54.887131 Echo: Victor, sending you 2
2024-10-14 23:05:54.889246 Romeo: Whiskey and Bravo, sending you 3
2024-10-14 23:05:54.891745 Bravo: Whiskey, sending you 4
2024-10-14 23:05:54.894160 Zulu: Whiskey, sending you 4
2024-10-14 23:05:54.896606 Victor: Kilo, sending you 5
2024-10-14 23:05:54.897962 Whiskey: Victor and Kilo, sending you 1
2024-10-14 23:05:54.899097 Kilo: Victor, sending you 5
2024-10-14 23:05:54.900865 Echo: Papa, sending you 5
2024-10-14 23:05:54.901679 Romeo: Victor, Kilo, Delta and Zulu, sending you 2
2024-10-14 23:05:54.903635 Bravo: Romeo, Victor, Kilo and Zulu, sending you 3
2024-10-14 23:05:54.905229 Zulu: Romeo and Bravo, sending you 3
2024-10-14 23:05:54.906796 Quebec: Victor, sending you 2
2024-10-14 23:05:54.907366 Victor: Bravo, sending you 4
2024-10-14 23:05:54.908903 Delta: Whiskey and Kilo, sending you 4
2024-10-14 23:05:54.909796 Whiskey: Bravo, sending you 4
2024-10-14 23:05:54.911619 Kilo: Bravo and Delta, sending you 3
2024-10-14 23:05:54.913777 Echo: Kilo, sending you 3
2024-10-14 23:05:54.914656 Bravo: Delta, sending you 1
2024-10-14 23:05:54.916721 Zulu: Victor and Kilo, sending you 1
2024-10-14 23:05:54.918713 Quebec: Echo and Papa, sending you 4
2024-10-14 23:05:54.919734 Victor: Delta and Zulu, sending you 2
2024-10-14 23:05:54.920662 Delta: Romeo, sending you 2
2024-10-14 23:05:54.922384 Whiskey: Zulu, sending you 5
2024-10-14 23:05:54.924097 Echo: Quebec, sending you 4
2024-10-14 23:05:54.924825 Kilo: Zulu, sending you 1
2024-10-14 23:05:54.926455 Zulu: Delta, sending you 2
2024-10-14 23:05:54.927969 Quebec: Kilo, sending you 3
2024-10-14 23:05:54.928437 Delta: Victor and Zulu, sending you 3
2024-10-14 23:05:54.933785 Delta: Bravo, sending you 1
chatterbot Zulu submitting transactions
chatterbot Bravo submitting transactions
chatterbot Kilo submitting transactions
chatterbot Papa submitting transactions
chatterbot Quebec submitting transactions
chatterbot Victor submitting transactions
chatterbot Echo submitting transactions
chatterbot Whiskey submitting transactions
chatterbot Romeo submitting transactions
chatterbot Delta submitting transactions
ChatterBot Whiskey round 6
ChatterBot Romeo round 6
ChatterBot Victor round 6
ChatterBot Echo round 6
ChatterBot Papa round 6
ChatterBot Kilo round 6
ChatterBot Bravo round 6
ChatterBot Delta round 6
ChatterBot Zulu round 6
ChatterBot Quebec round 6
2024-10-14 23:05:55.895257 Echo: We should drop Victor and Kilo
ChatterBot Papa reevaluating
ChatterBot Quebec reevaluating
2024-10-14 23:05:55.901506 Papa: Yes
2024-10-14 23:05:55.901665 Quebec: Yes
ChatterBot Quebec reevaluating
ChatterBot Papa reevaluating
2024-10-14 23:05:55.935677 Victor: Romeo and Delta, sending you 3
2024-10-14 23:05:55.936743 Papa: Echo, sending you 8
2024-10-14 23:05:55.939695 Victor: Kilo, sending you 5
2024-10-14 23:05:55.941101 Papa: Quebec, sending you 6
2024-10-14 23:05:55.941713 Romeo: Whiskey, Victor, Kilo and Delta, sending you 2
2024-10-14 23:05:55.943698 Whiskey: Romeo and Delta, sending you 3
2024-10-14 23:05:55.944362 Echo: Papa, sending you 7
2024-10-14 23:05:55.944644 Victor: Bravo, sending you 4
2024-10-14 23:05:55.945700 Kilo: Whiskey, Romeo and Zulu, sending you 2
2024-10-14 23:05:55.947758 Romeo: Bravo and Zulu, sending you 3
2024-10-14 23:05:55.948727 Echo: Quebec, sending you 6
2024-10-14 23:05:55.949149 Whiskey: Kilo, sending you 1
2024-10-14 23:05:55.950047 Victor: Zulu, sending you 2
2024-10-14 23:05:55.950950 Zulu: Whiskey, sending you 5
2024-10-14 23:05:55.951659 Quebec: Echo, sending you 5
2024-10-14 23:05:55.952712 Delta: Whiskey and Kilo, sending you 4
2024-10-14 23:05:55.953574 Kilo: Victor, sending you 4
2024-10-14 23:05:55.954219 Bravo: Whiskey, Romeo, Victor, Kilo and Zulu, sending you 3
2024-10-14 23:05:55.954899 Whiskey: Bravo, sending you 4
2024-10-14 23:05:55.956669 Zulu: Romeo and Delta, sending you 2
2024-10-14 23:05:55.957868 Quebec: Papa, sending you 4
2024-10-14 23:05:55.958087 Delta: Romeo, sending you 2
2024-10-14 23:05:55.958757 Kilo: Bravo and Delta, sending you 3
2024-10-14 23:05:55.960073 Bravo: Delta, sending you 2
2024-10-14 23:05:55.961377 Whiskey: Zulu, sending you 6
2024-10-14 23:05:55.963163 Zulu: Victor and Kilo, sending you 1
2024-10-14 23:05:55.964101 Delta: Victor and Zulu, sending you 3
2024-10-14 23:05:55.966751 Zulu: Bravo, sending you 3
2024-10-14 23:05:55.968829 Delta: Bravo, sending you 1
chatterbot Kilo submitting transactions
chatterbot Bravo submitting transactions
chatterbot Victor submitting transactions
chatterbot Zulu submitting transactions
chatterbot Romeo submitting transactions
chatterbot Quebec submitting transactions
chatterbot Echo submitting transactions
chatterbot Whiskey submitting transactions
chatterbot Delta submitting transactions
chatterbot Papa submitting transactions
ChatterBot Whiskey round 7
ChatterBot Romeo round 7
ChatterBot Victor round 7
ChatterBot Echo round 7
ChatterBot Papa round 7
ChatterBot Kilo round 7
ChatterBot Bravo round 7
ChatterBot Delta round 7
ChatterBot Zulu round 7
ChatterBot Quebec round 7
2024-10-14 23:05:57.086766 Papa: We should replace Whiskey with Romeo
2024-10-14 23:05:57.093659 Echo: No
2024-10-14 23:05:57.093857 Quebec: No
ChatterBot Papa reevaluating
ChatterBot Papa reevaluating
2024-10-14 23:05:57.134671 Bravo: Whiskey, Romeo, Victor, Kilo and Zulu, sending you 3
2024-10-14 23:05:57.135842 Echo: Papa, sending you 7
2024-10-14 23:05:57.136714 Quebec: Echo, sending you 5
2024-10-14 23:05:57.137644 Zulu: Whiskey, sending you 4
2024-10-14 23:05:57.138743 Papa: Whiskey, sending you 1
2024-10-14 23:05:57.139145 Bravo: Delta, sending you 2
2024-10-14 23:05:57.140186 Romeo: Whiskey and Bravo, sending you 3
2024-10-14 23:05:57.141515 Echo: Quebec, sending you 6
2024-10-14 23:05:57.141871 Victor: Romeo and Delta, sending you 3
2024-10-14 23:05:57.142743 Whiskey: Romeo and Delta, sending you 3
2024-10-14 23:05:57.143540 Quebec: Papa, sending you 4
2024-10-14 23:05:57.144293 Kilo: Whiskey, Romeo and Zulu, sending you 2
2024-10-14 23:05:57.145084 Papa: Echo, sending you 8
2024-10-14 23:05:57.145413 Zulu: Romeo, Victor and Delta, sending you 2
2024-10-14 23:05:57.146218 Delta: Whiskey, Victor and Zulu, sending you 3
2024-10-14 23:05:57.147400 Romeo: Victor, Kilo, Delta and Zulu, sending you 2
2024-10-14 23:05:57.148195 Victor: Kilo, sending you 5
2024-10-14 23:05:57.148909 Whiskey: Kilo, sending you 2
2024-10-14 23:05:57.149633 Papa: Quebec, sending you 5
2024-10-14 23:05:57.149937 Kilo: Victor, sending you 4
2024-10-14 23:05:57.150744 Zulu: Kilo, sending you 1
2024-10-14 23:05:57.152154 Delta: Romeo and Bravo, sending you 2
2024-10-14 23:05:57.152936 Victor: Bravo, sending you 4
2024-10-14 23:05:57.153767 Whiskey: Bravo, sending you 4
2024-10-14 23:05:57.154493 Kilo: Bravo and Delta, sending you 3
2024-10-14 23:05:57.155532 Zulu: Bravo, sending you 3
2024-10-14 23:05:57.157675 Delta: Kilo, sending you 4
2024-10-14 23:05:57.158748 Victor: Zulu, sending you 2
2024-10-14 23:05:57.159534 Whiskey: Zulu, sending you 5
chatterbot Papa submitting transactions
chatterbot Zulu submitting transactions
chatterbot Kilo submitting transactions
chatterbot Bravo submitting transactions
chatterbot Victor submitting transactions
chatterbot Delta submitting transactions
chatterbot Echo submitting transactions
chatterbot Romeo submitting transactions
chatterbot Quebec submitting transactions
chatterbot Whiskey submitting transactions
ChatterBot Whiskey round 8
ChatterBot Romeo round 8
ChatterBot Victor round 8
ChatterBot Echo round 8
ChatterBot Papa round 8
ChatterBot Kilo round 8
ChatterBot Bravo round 8
ChatterBot Delta round 8
ChatterBot Zulu round 8
ChatterBot Quebec round 8
2024-10-14 23:05:58.382673 Papa: Whiskey, sending you 1
2024-10-14 23:05:58.385679 Bravo: Whiskey, Romeo, Victor, Kilo and Zulu, sending you 3
2024-10-14 23:05:58.386744 Delta: Whiskey, Victor and Zulu, sending you 3
2024-10-14 23:05:58.387558 Papa: Echo, sending you 8
2024-10-14 23:05:58.387908 Whiskey: Romeo and Delta, sending you 3
2024-10-14 23:05:58.389364 Romeo: Whiskey and Bravo, sending you 3
2024-10-14 23:05:58.390213 Kilo: Whiskey, Romeo and Zulu, sending you 2
2024-10-14 23:05:58.390987 Delta: Romeo and Bravo, sending you 2
2024-10-14 23:05:58.391623 Papa: Quebec, sending you 5
2024-10-14 23:05:58.392291 Bravo: Delta, sending you 2
2024-10-14 23:05:58.392944 Whiskey: Kilo, sending you 2
2024-10-14 23:05:58.394673 Romeo: Victor, Kilo, Delta and Zulu, sending you 2
2024-10-14 23:05:58.396057 Delta: Kilo, sending you 4
2024-10-14 23:05:58.396995 Kilo: Victor, sending you 4
2024-10-14 23:05:58.398329 Echo: Sending you each 7
2024-10-14 23:05:58.398743 Whiskey: Bravo, sending you 4
2024-10-14 23:05:58.400386 Victor: Whiskey, sending you 1
2024-10-14 23:05:58.401743 Zulu: Whiskey, sending you 4
2024-10-14 23:05:58.403095 Kilo: Bravo and Delta, sending you 3
2024-10-14 23:05:58.404808 Quebec: Echo, sending you 5
2024-10-14 23:05:58.405222 Whiskey: Zulu, sending you 5
2024-10-14 23:05:58.406588 Victor: Romeo and Delta, sending you 3
2024-10-14 23:05:58.408433 Zulu: Romeo, Victor and Delta, sending you 2
2024-10-14 23:05:58.409758 Quebec: Papa, sending you 4
2024-10-14 23:05:58.411677 Victor: Kilo, sending you 5
2024-10-14 23:05:58.414693 Zulu: Kilo, sending you 1
2024-10-14 23:05:58.415791 Victor: Bravo, sending you 4
2024-10-14 23:05:58.418870 Zulu: Bravo, sending you 3
2024-10-14 23:05:58.420671 Victor: Zulu, sending you 2
chatterbot Zulu submitting transactions
chatterbot Quebec submitting transactions
chatterbot Papa submitting transactions
chatterbot Kilo submitting transactions
chatterbot Delta submitting transactions
chatterbot Echo submitting transactions
chatterbot Romeo submitting transactions
chatterbot Whiskey submitting transactions
chatterbot Bravo submitting transactions
chatterbot Victor submitting transactions
ChatterBot Whiskey round 9
ChatterBot Romeo round 9
ChatterBot Victor round 9
ChatterBot Echo round 9
ChatterBot Papa round 9
ChatterBot Kilo round 9
ChatterBot Bravo round 9
ChatterBot Delta round 9
ChatterBot Zulu round 9
ChatterBot Quebec round 9
2024-10-14 23:05:59.524691 Whiskey: Romeo and Delta, sending you 3
2024-10-14 23:05:59.527710 Echo: Same as last round
2024-10-14 23:05:59.529660 Delta: Whiskey, Victor and Zulu, sending you 3
2024-10-14 23:05:59.531726 Whiskey: Kilo, sending you 2
2024-10-14 23:05:59.533508 Papa: Whiskey, sending you 1
2024-10-14 23:05:59.533822 Quebec: Echo, sending you 5
2024-10-14 23:05:59.534127 Romeo: Whiskey and Bravo, sending you 3
2024-10-14 23:05:59.536637 Delta: Romeo and Bravo, sending you 2
2024-10-14 23:05:59.538679 Zulu: Whiskey, sending you 4
2024-10-14 23:05:59.540587 Whiskey: Bravo, sending you 4
2024-10-14 23:05:59.542552 Bravo: Whiskey, Romeo, Victor, Kilo and Zulu, sending you 3
2024-10-14 23:05:59.544679 Papa: Echo, sending you 8
2024-10-14 23:05:59.545181 Quebec: Papa, sending you 4
2024-10-14 23:05:59.545602 Kilo: Whiskey, Romeo and Zulu, sending you 2
2024-10-14 23:05:59.548212 Victor: Whiskey, sending you 1
2024-10-14 23:05:59.550545 Romeo: Victor, Kilo, Delta and Zulu, sending you 2
2024-10-14 23:05:59.552184 Delta: Kilo, sending you 4
2024-10-14 23:05:59.554259 Zulu: Romeo, Victor and Delta, sending you 2
2024-10-14 23:05:59.556447 Whiskey: Zulu, sending you 5
2024-10-14 23:05:59.558496 Bravo: Delta, sending you 2
2024-10-14 23:05:59.560505 Papa: Quebec, sending you 5
2024-10-14 23:05:59.560954 Kilo: Victor, sending you 4
2024-10-14 23:05:59.562743 Victor: Romeo and Delta, sending you 3
2024-10-14 23:05:59.564549 Zulu: Kilo, sending you 1
2024-10-14 23:05:59.567820 Kilo: Bravo and Delta, sending you 3
2024-10-14 23:05:59.570178 Victor: Kilo, sending you 5
2024-10-14 23:05:59.572035 Zulu: Bravo, sending you 3
2024-10-14 23:05:59.574680 Victor: Bravo, sending you 4
2024-10-14 23:05:59.578678 Victor: Zulu, sending you 2
chatterbot Quebec submitting transactions
chatterbot Victor submitting transactions
chatterbot Whiskey submitting transactions
chatterbot Kilo submitting transactions
chatterbot Echo submitting transactions
chatterbot Romeo submitting transactions
chatterbot Zulu submitting transactions
chatterbot Delta submitting transactions
chatterbot Bravo submitting transactions
chatterbot Papa submitting transactions
ChatterBot Whiskey round 10
ChatterBot Romeo round 10
ChatterBot Victor round 10
ChatterBot Echo round 10
ChatterBot Papa round 10
ChatterBot Kilo round 10
ChatterBot Bravo round 10
ChatterBot Delta round 10
ChatterBot Zulu round 10
ChatterBot Quebec round 10
2024-10-14 23:06:00.710664 Echo: Same as last round
2024-10-14 23:06:00.714676 Papa: Whiskey, sending you 1
2024-10-14 23:06:00.715162 Delta: Whiskey, Victor and Zulu, sending you 3
2024-10-14 23:06:00.717678 Victor: Romeo, Delta and Zulu, sending you 3
2024-10-14 23:06:00.718881 Papa: Echo, sending you 8
2024-10-14 23:06:00.719225 Delta: Romeo and Bravo, sending you 2
2024-10-14 23:06:00.720185 Zulu: Whiskey, sending you 4
2024-10-14 23:06:00.721107 Bravo: Whiskey, Romeo, Victor, Kilo and Zulu, sending you 3
2024-10-14 23:06:00.722081 Romeo: Whiskey and Bravo, sending you 3
2024-10-14 23:06:00.723781 Papa: Quebec, sending you 5
2024-10-14 23:06:00.724191 Victor: Kilo, sending you 5
2024-10-14 23:06:00.725403 Zulu: Romeo, Victor and Delta, sending you 2
2024-10-14 23:06:00.726374 Whiskey: Romeo and Delta, sending you 3
2024-10-14 23:06:00.727339 Delta: Kilo, sending you 4
2024-10-14 23:06:00.728271 Bravo: Delta, sending you 2
2024-10-14 23:06:00.729272 Romeo: Victor, Kilo, Delta and Zulu, sending you 2
2024-10-14 23:06:00.730178 Victor: Bravo, sending you 4
2024-10-14 23:06:00.731496 Zulu: Kilo, sending you 1
2024-10-14 23:06:00.732406 Whiskey: Kilo, sending you 2
2024-10-14 23:06:00.733313 Kilo: Whiskey, Romeo and Zulu, sending you 2
2024-10-14 23:06:00.734241 Quebec: Sending you each 4
2024-10-14 23:06:00.735692 Zulu: Bravo, sending you 3
2024-10-14 23:06:00.737368 Kilo: Victor, sending you 4
2024-10-14 23:06:00.738290 Whiskey: Bravo, sending you 4
2024-10-14 23:06:00.740687 Kilo: Bravo and Delta, sending you 3
2024-10-14 23:06:00.743693 Whiskey: Zulu, sending you 5
chatterbot Papa submitting transactions
chatterbot Echo submitting transactions
chatterbot Zulu submitting transactions
chatterbot Bravo submitting transactions
chatterbot Delta submitting transactions
chatterbot Victor submitting transactions
chatterbot Quebec submitting transactions
chatterbot Kilo submitting transactions
chatterbot Whiskey submitting transactions
chatterbot Romeo submitting transactions
ChatterBot Whiskey round 11
ChatterBot Romeo round 11
ChatterBot Victor round 11
ChatterBot Echo round 11
ChatterBot Papa round 11
ChatterBot Kilo round 11
ChatterBot Bravo round 11
ChatterBot Delta round 11
