ChatterBot Alpha round 1
ChatterBot Echo round 1
ChatterBot Victor round 1
ChatterBot November round 1
ChatterBot Romeo round 1
ChatterBot Oscar round 1
ChatterBot Zulu round 1
ChatterBot Hotel round 1
ChatterBot Delta round 1
ChatterBot Tango round 1
randomSelections Victor: {Victor, Alpha, Tango, Zulu, Delta} 
2024-10-14 23:05:46.787249 Victor: Group up?
ChatterBot Alpha reevaluating
ChatterBot Tango reevaluating
ChatterBot Zulu reevaluating
ChatterBot Delta reevaluating
2024-10-14 23:05:46.799960 Alpha: Yes
2024-10-14 23:05:46.800399 Tango: Yes
2024-10-14 23:05:46.800642 Zulu: Yes
2024-10-14 23:05:46.800835 Delta: Yes
ChatterBot Tango reevaluating
ChatterBot Zulu reevaluating
ChatterBot Delta reevaluating
ChatterBot Alpha reevaluating
ChatterBot Zulu reevaluating
ChatterBot Delta reevaluating
ChatterBot Alpha reevaluating
ChatterBot Tango reevaluating
ChatterBot Delta reevaluating
ChatterBot Alpha reevaluating
ChatterBot Tango reevaluating
ChatterBot Zulu reevaluating
randomSelections Oscar: {Oscar, Delta, November, Tango, Echo, Victor, Romeo, Zulu} 
2024-10-14 23:05:46.847493 Oscar: Group up?
ChatterBot Delta reevaluating
ChatterBot November reevaluating
ChatterBot Tango reevaluating
ChatterBot Echo reevaluating
ChatterBot Romeo reevaluating
ChatterBot Zulu reevaluating
2024-10-14 23:05:46.868328 Delta: No
2024-10-14 23:05:46.869316 November: Yes
2024-10-14 23:05:46.869512 Tango: No
2024-10-14 23:05:46.869998 Echo: Yes
2024-10-14 23:05:46.870183 Victor: No
2024-10-14 23:05:46.871251 Romeo: Yes
2024-10-14 23:05:46.871465 Zulu: No
ChatterBot November reevaluating
ChatterBot Tango reevaluating
ChatterBot Echo reevaluating
ChatterBot Romeo reevaluating
ChatterBot Zulu reevaluating
ChatterBot Delta reevaluating
ChatterBot Tango reevaluating
ChatterBot Echo reevaluating
ChatterBot Romeo reevaluating
ChatterBot Zulu reevaluating
ChatterBot Delta reevaluating
ChatterBot November reevaluating
ChatterBot Echo reevaluating
ChatterBot Romeo reevaluating
ChatterBot Zulu reevaluating
ChatterBot Delta reevaluating
ChatterBot November reevaluating
ChatterBot Tango reevaluating
ChatterBot Romeo reevaluating
ChatterBot Zulu reevaluating
ChatterBot Delta reevaluating
ChatterBot November reevaluating
ChatterBot Tango reevaluating
ChatterBot Echo reevaluating
ChatterBot Romeo reevaluating
ChatterBot Zulu reevaluating
ChatterBot Delta reevaluating
ChatterBot November reevaluating
ChatterBot Tango reevaluating
ChatterBot Echo reevaluating
ChatterBot Zulu reevaluating
ChatterBot Delta reevaluating
ChatterBot November reevaluating
ChatterBot Tango reevaluating
ChatterBot Echo reevaluating
ChatterBot Romeo reevaluating
randomSelections Hotel: {Hotel, Tango, Oscar, Echo, Romeo, Alpha, November, Delta} 
2024-10-14 23:05:47.021812 Hotel: Let's form a team
ChatterBot Tango reevaluating
ChatterBot Echo reevaluating
ChatterBot Romeo reevaluating
ChatterBot Alpha reevaluating
ChatterBot November reevaluating
ChatterBot Delta reevaluating
2024-10-14 23:05:47.039097 Tango: No
2024-10-14 23:05:47.039923 Oscar: No
2024-10-14 23:05:47.040138 Echo: No
2024-10-14 23:05:47.040320 Romeo: No
2024-10-14 23:05:47.040488 Alpha: No
2024-10-14 23:05:47.040637 November: No
2024-10-14 23:05:47.040779 Delta: No
ChatterBot Echo reevaluating
ChatterBot Romeo reevaluating
ChatterBot Alpha reevaluating
ChatterBot November reevaluating
ChatterBot Delta reevaluating
ChatterBot Tango reevaluating
ChatterBot Echo reevaluating
ChatterBot Romeo reevaluating
ChatterBot Alpha reevaluating
ChatterBot November reevaluating
ChatterBot Delta reevaluating
ChatterBot Tango reevaluating
ChatterBot Romeo reevaluating
ChatterBot Alpha reevaluating
ChatterBot November reevaluating
ChatterBot Delta reevaluating
ChatterBot Tango reevaluating
ChatterBot Echo reevaluating
ChatterBot Alpha reevaluating
ChatterBot November reevaluating
ChatterBot Delta reevaluating
ChatterBot Tango reevaluating
ChatterBot Echo reevaluating
ChatterBot Romeo reevaluating
ChatterBot November reevaluating
ChatterBot Delta reevaluating
ChatterBot Tango reevaluating
ChatterBot Echo reevaluating
ChatterBot Romeo reevaluating
ChatterBot Alpha reevaluating
ChatterBot Delta reevaluating
ChatterBot Tango reevaluating
ChatterBot Echo reevaluating
ChatterBot Romeo reevaluating
ChatterBot Alpha reevaluating
ChatterBot November reevaluating
2024-10-14 23:05:47.124708 Zulu: Tango, sending you 3
2024-10-14 23:05:47.128681 Oscar: Echo and Victor, sending you 3
2024-10-14 23:05:47.132691 Oscar: November and Romeo, sending you 4
2024-10-14 23:05:47.135691 Hotel: Alpha and Delta, sending you 1
2024-10-14 23:05:47.136545 Alpha: Victor and Zulu, sending you 4
2024-10-14 23:05:47.136931 Oscar: Zulu, sending you 2
2024-10-14 23:05:47.137257 Victor: Alpha, sending you 2
2024-10-14 23:05:47.137696 Echo: Romeo, sending you 1
2024-10-14 23:05:47.138663 Tango: Alpha, sending you 4
2024-10-14 23:05:47.139680 Hotel: Echo, sending you 2
2024-10-14 23:05:47.140092 Oscar: Delta, sending you 1
2024-10-14 23:05:47.140902 Alpha: Delta, sending you 3
2024-10-14 23:05:47.141211 Delta: Alpha, sending you 6
2024-10-14 23:05:47.141703 Victor: Zulu and Delta, sending you 6
2024-10-14 23:05:47.142672 Tango: Victor, sending you 5
2024-10-14 23:05:47.143665 Romeo: Echo, Victor and November, sending you 1
2024-10-14 23:05:47.144040 Hotel: November, sending you 4
2024-10-14 23:05:47.144718 Delta: Victor, sending you 4
2024-10-14 23:05:47.145016 Alpha: Tango, sending you 7
2024-10-14 23:05:47.145258 November: Echo and Tango, sending you 2
2024-10-14 23:05:47.145692 Victor: Tango, sending you 3
2024-10-14 23:05:47.146001 Tango: Zulu and Delta, sending you 3
2024-10-14 23:05:47.147667 Hotel: Oscar and Tango, sending you 3
2024-10-14 23:05:47.148135 Delta: Zulu, sending you 1
2024-10-14 23:05:47.148697 Romeo: Zulu, sending you 2
2024-10-14 23:05:47.149121 November: Victor and Oscar, sending you 3
2024-10-14 23:05:47.152675 Delta: Tango, sending you 2
2024-10-14 23:05:47.153012 Romeo: Delta, sending you 7
2024-10-14 23:05:47.153697 November: Romeo, sending you 1
2024-10-14 23:05:47.156653 Romeo: Tango, sending you 3
2024-10-14 23:05:47.158683 November: Delta, sending you 4
chatterbot Zulu submitting transactions
chatterbot Oscar submitting transactions
chatterbot Hotel submitting transactions
chatterbot November submitting transactions
chatterbot Romeo submitting transactions
chatterbot Delta submitting transactions
chatterbot Victor submitting transactions
chatterbot Echo submitting transactions
chatterbot Alpha submitting transactions
chatterbot Tango submitting transactions
ChatterBot Alpha round 2
ChatterBot Echo round 2
ChatterBot Victor round 2
ChatterBot November round 2
ChatterBot Romeo round 2
ChatterBot Oscar round 2
ChatterBot Zulu round 2
ChatterBot Hotel round 2
ChatterBot Delta round 2
ChatterBot Tango round 2
2024-10-14 23:05:49.076110 November: We should group up
ChatterBot Romeo reevaluating
ChatterBot Oscar reevaluating
ChatterBot Hotel reevaluating
2024-10-14 23:05:49.086190 Romeo: Yes
2024-10-14 23:05:49.086340 Oscar: Yes
2024-10-14 23:05:49.086867 Hotel: Yes
ChatterBot November reevaluating
ChatterBot Oscar reevaluating
ChatterBot Hotel reevaluating
ChatterBot November reevaluating
ChatterBot Romeo reevaluating
ChatterBot Hotel reevaluating
ChatterBot November reevaluating
ChatterBot Romeo reevaluating
ChatterBot Oscar reevaluating
2024-10-14 23:05:49.117736 Oscar: Can we be friends?
ChatterBot Romeo reevaluating
ChatterBot Echo reevaluating
ChatterBot November reevaluating
ChatterBot Hotel reevaluating
2024-10-14 23:05:49.133603 Romeo: Yes
2024-10-14 23:05:49.133788 Echo: Yes
2024-10-14 23:05:49.133981 November: No
2024-10-14 23:05:49.134089 Hotel: Yes
ChatterBot Echo reevaluating
ChatterBot November reevaluating
ChatterBot Oscar reevaluating
ChatterBot Hotel reevaluating
ChatterBot Romeo reevaluating
ChatterBot November reevaluating
ChatterBot Oscar reevaluating
ChatterBot Hotel reevaluating
ChatterBot Romeo reevaluating
ChatterBot Echo reevaluating
ChatterBot Oscar reevaluating
ChatterBot Hotel reevaluating
ChatterBot Romeo reevaluating
ChatterBot Echo reevaluating
ChatterBot November reevaluating
ChatterBot Oscar reevaluating
2024-10-14 23:05:49.193411 Echo: Group up?
ChatterBot Romeo reevaluating
ChatterBot November reevaluating
ChatterBot Oscar reevaluating
ChatterBot Hotel reevaluating
2024-10-14 23:05:49.208652 Romeo: Yes
2024-10-14 23:05:49.208835 November: Yes
2024-10-14 23:05:49.208957 Oscar: Yes
2024-10-14 23:05:49.209055 Hotel: Yes
ChatterBot Echo reevaluating
ChatterBot November reevaluating
ChatterBot Oscar reevaluating
ChatterBot Hotel reevaluating
ChatterBot Romeo reevaluating
ChatterBot Echo reevaluating
ChatterBot Oscar reevaluating
ChatterBot Hotel reevaluating
ChatterBot Romeo reevaluating
ChatterBot Echo reevaluating
ChatterBot November reevaluating
ChatterBot Hotel reevaluating
ChatterBot Romeo reevaluating
ChatterBot Echo reevaluating
ChatterBot November reevaluating
ChatterBot Oscar reevaluating
2024-10-14 23:05:49.302484 Alpha: We should add Hotel
ChatterBot Victor reevaluating
ChatterBot Tango reevaluating
ChatterBot Zulu reevaluating
ChatterBot Delta reevaluating
2024-10-14 23:05:49.321897 Victor: No
2024-10-14 23:05:49.322119 Tango: No
2024-10-14 23:05:49.322247 Zulu: No
2024-10-14 23:05:49.322369 Delta: No
ChatterBot Tango reevaluating
ChatterBot Zulu reevaluating
ChatterBot Delta reevaluating
ChatterBot Victor reevaluating
ChatterBot Alpha reevaluating
ChatterBot Zulu reevaluating
ChatterBot Delta reevaluating
ChatterBot Victor reevaluating
ChatterBot Alpha reevaluating
ChatterBot Tango reevaluating
ChatterBot Delta reevaluating
ChatterBot Victor reevaluating
ChatterBot Alpha reevaluating
ChatterBot Tango reevaluating
ChatterBot Zulu reevaluating
2024-10-14 23:05:49.379419 Delta: We should add Romeo
ChatterBot Victor reevaluating
ChatterBot Alpha reevaluating
ChatterBot Tango reevaluating
ChatterBot Zulu reevaluating
2024-10-14 23:05:49.393676 Victor: No
2024-10-14 23:05:49.393833 Alpha: No
2024-10-14 23:05:49.393938 Tango: Yes
2024-10-14 23:05:49.394038 Zulu: No
ChatterBot Alpha reevaluating
ChatterBot Tango reevaluating
ChatterBot Zulu reevaluating
ChatterBot Delta reevaluating
ChatterBot Victor reevaluating
ChatterBot Tango reevaluating
ChatterBot Zulu reevaluating
ChatterBot Delta reevaluating
ChatterBot Victor reevaluating
ChatterBot Alpha reevaluating
ChatterBot Zulu reevaluating
ChatterBot Delta reevaluating
ChatterBot Victor reevaluating
ChatterBot Alpha reevaluating
ChatterBot Tango reevaluating
ChatterBot Delta reevaluating
2024-10-14 23:05:49.794624 Delta: Romeo we want you to join our group
2024-10-14 23:05:49.801005 Romeo: No
ChatterBot Alpha reevaluating
2024-10-14 23:05:49.912682 Oscar: Echo, sending you 2
2024-10-14 23:05:49.913856 Echo: November and Hotel, sending you 4
2024-10-14 23:05:49.914465 November: Echo, sending you 1
2024-10-14 23:05:49.915504 Alpha: Hotel we want you to join our group
ChatterBot Hotel reevaluating
2024-10-14 23:05:49.919895 Hotel: No
ChatterBot Alpha reevaluating
2024-10-14 23:05:49.945215 Zulu: Alpha, sending you 4
2024-10-14 23:05:49.946287 Tango: Alpha, sending you 6
2024-10-14 23:05:49.947733 Victor: Alpha and Delta, sending you 5
2024-10-14 23:05:49.949198 Romeo: Echo and November, sending you 3
2024-10-14 23:05:49.950889 Oscar: November and Hotel, sending you 7
2024-10-14 23:05:49.951636 Echo: Romeo, sending you 3
2024-10-14 23:05:49.952760 November: Romeo, sending you 2
chatterbot Hotel submitting transactions
2024-10-14 23:05:49.953734 Zulu: Victor, sending you 5
2024-10-14 23:05:49.955066 Victor: Zulu, sending you 1
2024-10-14 23:05:49.955461 Tango: Victor, Zulu and Delta, sending you 3
2024-10-14 23:05:49.957082 Romeo: Oscar, sending you 8
2024-10-14 23:05:49.957542 Delta: Alpha and Tango, sending you 3
2024-10-14 23:05:49.957946 Oscar: Romeo, sending you 1
2024-10-14 23:05:49.958923 November: Oscar and Hotel, sending you 4
2024-10-14 23:05:49.959279 Echo: Oscar, sending you 6
2024-10-14 23:05:49.959709 Zulu: Delta, sending you 2
2024-10-14 23:05:49.960715 Victor: Tango, sending you 6
2024-10-14 23:05:49.961066 Romeo: Hotel, sending you 1
2024-10-14 23:05:49.981883 Delta: Victor, sending you 5
2024-10-14 23:05:49.983150 Zulu: Tango, sending you 3
chatterbot Victor submitting transactions
2024-10-14 23:05:49.996140 Delta: Romeo, sending you 6
2024-10-14 23:05:49.997273 Alpha: Victor, sending you 4
2024-10-14 23:05:50.009152 Delta: Zulu, sending you 1
2024-10-14 23:05:50.010264 Alpha: Zulu, sending you 2
2024-10-14 23:05:50.047586 Alpha: Delta, sending you 7
2024-10-14 23:05:51.561767 Alpha: Tango, sending you 5
chatterbot Oscar submitting transactions
chatterbot November submitting transactions
chatterbot Echo submitting transactions
chatterbot Delta submitting transactions
chatterbot Zulu submitting transactions
chatterbot Tango submitting transactions
chatterbot Romeo submitting transactions
chatterbot Alpha submitting transactions
ChatterBot Alpha round 3
ChatterBot Echo round 3
ChatterBot Victor round 3
ChatterBot November round 3
ChatterBot Romeo round 3
ChatterBot Oscar round 3
ChatterBot Zulu round 3
ChatterBot Hotel round 3
ChatterBot Delta round 3
ChatterBot Tango round 3
2024-10-14 23:05:51.912528 Hotel: We should drop Zulu
2024-10-14 23:05:51.922839 Romeo: Yes
2024-10-14 23:05:51.923435 Echo: Yes
2024-10-14 23:05:51.923554 November: Yes
2024-10-14 23:05:51.923670 Oscar: Yes
ChatterBot Hotel reevaluating
ChatterBot Hotel reevaluating
ChatterBot Hotel reevaluating
ChatterBot Hotel reevaluating
2024-10-14 23:05:52.007294 Echo: November, sending you 3
2024-10-14 23:05:52.007788 Victor: Alpha, Zulu and Tango, sending you 4
2024-10-14 23:05:52.009004 Romeo: Echo, sending you 5
2024-10-14 23:05:52.009472 Oscar: Echo, November and Hotel, sending you 4
2024-10-14 23:05:52.010453 November: Echo and Romeo, sending you 3
2024-10-14 23:05:52.010886 Alpha: Victor, sending you 4
2024-10-14 23:05:52.012047 Echo: Romeo, sending you 4
2024-10-14 23:05:52.016097 Victor: Delta, sending you 5
2024-10-14 23:05:52.017363 Romeo: November and Hotel, sending you 3
2024-10-14 23:05:52.017844 Tango: Alpha, sending you 5
2024-10-14 23:05:52.018309 Oscar: Romeo, sending you 5
2024-10-14 23:05:52.019287 Alpha: Zulu, sending you 3
2024-10-14 23:05:52.019691 Delta: Alpha and Victor, sending you 5
2024-10-14 23:05:52.020039 November: Oscar and Hotel, sending you 4
2024-10-14 23:05:52.020937 Zulu: Alpha, Victor and Tango, sending you 4
2024-10-14 23:05:52.021392 Echo: Oscar and Hotel, sending you 5
2024-10-14 23:05:52.022330 Romeo: Oscar, sending you 4
2024-10-14 23:05:52.022758 Tango: Victor, sending you 4
2024-10-14 23:05:52.033723 Delta: Romeo, sending you 3
2024-10-14 23:05:52.034198 Alpha: Delta, sending you 5
2024-10-14 23:05:52.035049 Zulu: Delta, sending you 2
2024-10-14 23:05:52.035468 Tango: Zulu and Delta, sending you 3
2024-10-14 23:05:52.044655 Delta: Zulu, sending you 2
2024-10-14 23:05:52.045090 Alpha: Tango, sending you 6
2024-10-14 23:05:52.049659 Delta: Tango, sending you 4
chatterbot Hotel submitting transactions
chatterbot Alpha submitting transactions
chatterbot Zulu submitting transactions
chatterbot Delta submitting transactions
chatterbot Echo submitting transactions
chatterbot Romeo submitting transactions
chatterbot November submitting transactions
chatterbot Tango submitting transactions
chatterbot Victor submitting transactions
chatterbot Oscar submitting transactions
ChatterBot Alpha round 4
ChatterBot Echo round 4
ChatterBot Victor round 4
ChatterBot November round 4
ChatterBot Romeo round 4
ChatterBot Oscar round 4
ChatterBot Zulu round 4
ChatterBot Hotel round 4
ChatterBot Delta round 4
ChatterBot Tango round 4
2024-10-14 23:05:53.197898 Delta: We should drop Romeo
2024-10-14 23:05:53.207725 Victor: Yes
2024-10-14 23:05:53.207937 Alpha: Yes
2024-10-14 23:05:53.208057 Tango: Yes
2024-10-14 23:05:53.208169 Zulu: Yes
2024-10-14 23:05:53.248141 Hotel: We should drop Zulu
2024-10-14 23:05:53.259587 Romeo: Yes
2024-10-14 23:05:53.259804 Echo: Yes
2024-10-14 23:05:53.260440 November: Yes
2024-10-14 23:05:53.260568 Oscar: Yes
ChatterBot Hotel reevaluating
ChatterBot Hotel reevaluating
ChatterBot Hotel reevaluating
ChatterBot Hotel reevaluating
chatterbot Hotel submitting transactions
2024-10-14 23:05:53.477926 Zulu: Alpha, Victor and Tango, sending you 4
2024-10-14 23:05:53.479287 Victor: Alpha, Zulu and Tango, sending you 4
2024-10-14 23:05:53.480526 Alpha: Victor and Zulu, sending you 4
2024-10-14 23:05:53.481483 Tango: Alpha, sending you 5
2024-10-14 23:05:53.483503 Echo: November, sending you 3
2024-10-14 23:05:53.484741 November: Echo and Romeo, sending you 3
2024-10-14 23:05:53.486020 Oscar: Echo, November and Hotel, sending you 4
2024-10-14 23:05:53.486791 Romeo: Echo, sending you 4
chatterbot November submitting transactions
2024-10-14 23:05:53.488231 Zulu: Delta, sending you 2
2024-10-14 23:05:53.489991 Victor: Delta, sending you 5
2024-10-14 23:05:53.490793 Alpha: Delta and Tango, sending you 5
2024-10-14 23:05:53.492232 Tango: Victor, sending you 4
2024-10-14 23:05:53.493465 Echo: Romeo and Oscar, sending you 5
2024-10-14 23:05:53.494188 November: Oscar and Hotel, sending you 4
2024-10-14 23:05:53.495681 Oscar: Romeo, sending you 5
2024-10-14 23:05:53.497091 Romeo: November and Hotel, sending you 3
2024-10-14 23:05:53.497838 Delta: Alpha and Victor, sending you 6
2024-10-14 23:05:53.499375 Tango: Zulu and Delta, sending you 3
2024-10-14 23:05:53.500711 Echo: Hotel, sending you 4
2024-10-14 23:05:53.529091 Romeo: Oscar, sending you 5
2024-10-14 23:05:53.530643 Delta: Zulu, sending you 3
chatterbot Tango submitting transactions
2024-10-14 23:05:53.537942 Delta: Tango, sending you 4
chatterbot Delta submitting transactions
chatterbot Romeo submitting transactions
chatterbot Victor submitting transactions
chatterbot Zulu submitting transactions
chatterbot Oscar submitting transactions
chatterbot Hotel submitting transactions
chatterbot Echo submitting transactions
chatterbot Alpha submitting transactions
ChatterBot Alpha round 5
ChatterBot Echo round 5
ChatterBot Victor round 5
ChatterBot November round 5
ChatterBot Romeo round 5
ChatterBot Oscar round 5
ChatterBot Zulu round 5
ChatterBot Hotel round 5
ChatterBot Delta round 5
ChatterBot Tango round 5
2024-10-14 23:05:54.436971 Hotel: We should drop Zulu
2024-10-14 23:05:54.448973 Romeo: Yes
2024-10-14 23:05:54.449231 Echo: Yes
2024-10-14 23:05:54.449443 November: Yes
2024-10-14 23:05:54.449645 Oscar: Yes
ChatterBot Hotel reevaluating
ChatterBot Hotel reevaluating
ChatterBot Hotel reevaluating
ChatterBot Hotel reevaluating
2024-10-14 23:05:54.491640 Alpha: Victor and Zulu, sending you 4
2024-10-14 23:05:54.492648 Romeo: Echo, sending you 4
2024-10-14 23:05:54.494667 Victor: Alpha, Zulu and Tango, sending you 4
2024-10-14 23:05:54.496441 Romeo: November and Hotel, sending you 3
2024-10-14 23:05:54.497236 Alpha: Delta and Tango, sending you 5
2024-10-14 23:05:54.497779 Echo: November, sending you 3
2024-10-14 23:05:54.498911 Oscar: Echo, November and Hotel, sending you 4
2024-10-14 23:05:54.499511 November: Echo and Romeo, sending you 3
2024-10-14 23:05:54.500640 Victor: Delta, sending you 5
2024-10-14 23:05:54.501166 Romeo: Oscar, sending you 5
2024-10-14 23:05:54.502676 Oscar: Romeo, sending you 5
2024-10-14 23:05:54.503695 Echo: Romeo and Oscar, sending you 5
2024-10-14 23:05:54.504760 November: Oscar and Hotel, sending you 4
2024-10-14 23:05:54.505319 Delta: Alpha and Victor, sending you 6
2024-10-14 23:05:54.508106 Echo: Hotel, sending you 4
2024-10-14 23:05:54.510670 Delta: Zulu, sending you 3
2024-10-14 23:05:54.511275 Zulu: Alpha, Victor and Tango, sending you 4
2024-10-14 23:05:54.512328 Tango: Alpha, sending you 5
2024-10-14 23:05:54.514669 Delta: Tango, sending you 4
2024-10-14 23:05:54.515255 Zulu: Delta, sending you 2
2024-10-14 23:05:54.516672 Tango: Victor, sending you 4
2024-10-14 23:05:54.520679 Tango: Zulu and Delta, sending you 3
chatterbot Echo submitting transactions
chatterbot Alpha submitting transactions
chatterbot Tango submitting transactions
chatterbot Zulu submitting transactions
chatterbot November submitting transactions
chatterbot Romeo submitting transactions
chatterbot Hotel submitting transactions
chatterbot Victor submitting transactions
chatterbot Oscar submitting transactions
chatterbot Delta submitting transactions
ChatterBot Alpha round 6
ChatterBot Echo round 6
ChatterBot Victor round 6
ChatterBot November round 6
ChatterBot Romeo round 6
ChatterBot Oscar round 6
ChatterBot Zulu round 6
ChatterBot Hotel round 6
ChatterBot Delta round 6
ChatterBot Tango round 6
2024-10-14 23:05:55.686440 Romeo: We should add Delta
ChatterBot November reevaluating
ChatterBot Hotel reevaluating
2024-10-14 23:05:55.696069 Echo: No
2024-10-14 23:05:55.696630 November: Yes
2024-10-14 23:05:55.696796 Oscar: No
2024-10-14 23:05:55.696914 Hotel: Yes
ChatterBot November reevaluating
ChatterBot Hotel reevaluating
ChatterBot Hotel reevaluating
ChatterBot November reevaluating
ChatterBot Hotel reevaluating
ChatterBot November reevaluating
2024-10-14 23:05:55.735135 Zulu: We should add Oscar
ChatterBot Delta reevaluating
2024-10-14 23:05:55.742256 Victor: No
2024-10-14 23:05:55.742410 Alpha: No
2024-10-14 23:05:55.742525 Tango: No
2024-10-14 23:05:55.742631 Delta: No
ChatterBot Zulu reevaluating
ChatterBot Delta reevaluating
ChatterBot Zulu reevaluating
ChatterBot Delta reevaluating
ChatterBot Zulu reevaluating
ChatterBot Delta reevaluating
ChatterBot Zulu reevaluating
2024-10-14 23:05:55.771259 Delta: We should add November
ChatterBot Zulu reevaluating
2024-10-14 23:05:55.777921 Victor: No
2024-10-14 23:05:55.778025 Alpha: No
2024-10-14 23:05:55.778111 Tango: No
2024-10-14 23:05:55.778194 Zulu: No
ChatterBot Zulu reevaluating
ChatterBot Delta reevaluating
ChatterBot Zulu reevaluating
ChatterBot Delta reevaluating
ChatterBot Zulu reevaluating
ChatterBot Delta reevaluating
ChatterBot Delta reevaluating
2024-10-14 23:05:55.811791 Romeo: Delta we want you to join our group
ChatterBot Delta reevaluating
2024-10-14 23:05:55.813935 Delta: No
ChatterBot November reevaluating
ChatterBot Hotel reevaluating
2024-10-14 23:05:55.822575 Hotel: We should replace Zulu with Delta
ChatterBot November reevaluating
2024-10-14 23:05:55.829312 Romeo: Yes
2024-10-14 23:05:55.829429 Echo: No
2024-10-14 23:05:55.829546 November: No
2024-10-14 23:05:55.829659 Oscar: No
ChatterBot November reevaluating
ChatterBot Hotel reevaluating
ChatterBot November reevaluating
ChatterBot Hotel reevaluating
ChatterBot Hotel reevaluating
ChatterBot November reevaluating
ChatterBot Hotel reevaluating
2024-10-14 23:05:55.858736 Delta: We should add Echo
ChatterBot Zulu reevaluating
2024-10-14 23:05:55.866208 Victor: No
2024-10-14 23:05:55.866357 Alpha: No
2024-10-14 23:05:55.866474 Tango: No
2024-10-14 23:05:55.866578 Zulu: No
ChatterBot Zulu reevaluating
ChatterBot Zulu reevaluating
ChatterBot Delta reevaluating
ChatterBot Zulu reevaluating
ChatterBot Delta reevaluating
ChatterBot Delta reevaluating
2024-10-14 23:05:55.899384 Alpha: Victor and Zulu, sending you 3
2024-10-14 23:05:55.899816 Victor: Alpha, Zulu and Tango, sending you 4
2024-10-14 23:05:55.901761 Echo: November, sending you 4
2024-10-14 23:05:55.903745 Alpha: Delta, sending you 4
2024-10-14 23:05:55.904628 Victor: Delta, sending you 5
2024-10-14 23:05:55.905556 Oscar: Echo and Romeo, sending you 5
2024-10-14 23:05:55.906745 Hotel: We should drop Zulu
2024-10-14 23:05:55.923256 Romeo: Yes
2024-10-14 23:05:55.923529 Echo: Yes
2024-10-14 23:05:55.923767 November: Yes
2024-10-14 23:05:55.923976 Oscar: Yes
ChatterBot Hotel reevaluating
ChatterBot Hotel reevaluating
2024-10-14 23:05:55.985838 Echo: Romeo and Oscar, sending you 5
2024-10-14 23:05:55.986261 Alpha: Tango, sending you 5
2024-10-14 23:05:55.986711 Oscar: November, sending you 4
2024-10-14 23:05:55.989265 Echo: Hotel, sending you 3
2024-10-14 23:05:55.990153 Romeo: Echo and Oscar, sending you 4
2024-10-14 23:05:55.990765 Oscar: Hotel, sending you 3
2024-10-14 23:05:55.991516 Tango: Sending you each 3
2024-10-14 23:05:55.992404 November: Echo, Romeo and Hotel, sending you 3
2024-10-14 23:05:55.994692 Romeo: November, sending you 3
2024-10-14 23:05:55.996661 November: Oscar, sending you 4
2024-10-14 23:05:55.997664 Delta: Alpha and Victor, sending you 5
2024-10-14 23:05:55.999057 Romeo: Hotel and Delta, sending you 2
2024-10-14 23:05:56.001670 Delta: Zulu, sending you 2
2024-10-14 23:05:56.006675 Delta: Tango, sending you 3
chatterbot Echo submitting transactions
chatterbot Oscar submitting transactions
chatterbot Delta submitting transactions
chatterbot Romeo submitting transactions
chatterbot Tango submitting transactions
chatterbot Hotel submitting transactions
chatterbot Zulu submitting transactions
chatterbot Victor submitting transactions
chatterbot Alpha submitting transactions
chatterbot November submitting transactions
ChatterBot Alpha round 7
ChatterBot Echo round 7
ChatterBot Victor round 7
ChatterBot November round 7
ChatterBot Romeo round 7
2024-10-14 23:05:56.996134 Romeo: We should replace Delta with Victor
ChatterBot Hotel reevaluating
2024-10-14 23:05:57.006104 Echo: No
2024-10-14 23:05:57.006309 November: No
2024-10-14 23:05:57.006455 Oscar: No
2024-10-14 23:05:57.006584 Hotel: No
ChatterBot Romeo reevaluating
ChatterBot Hotel reevaluating
ChatterBot Romeo reevaluating
ChatterBot Hotel reevaluating
ChatterBot Romeo reevaluating
ChatterBot Hotel reevaluating
ChatterBot Romeo reevaluating
ChatterBot Oscar round 7
ChatterBot Zulu round 7
ChatterBot Hotel round 7
ChatterBot Delta round 7
ChatterBot Tango round 7
2024-10-14 23:05:57.054768 Hotel: We should drop Zulu
ChatterBot Romeo reevaluating
2024-10-14 23:05:57.062971 Romeo: Yes
2024-10-14 23:05:57.063142 Echo: Yes
2024-10-14 23:05:57.063271 November: Yes
2024-10-14 23:05:57.063756 Oscar: Yes
ChatterBot Romeo reevaluating
ChatterBot Hotel reevaluating
ChatterBot Romeo reevaluating
ChatterBot Hotel reevaluating
ChatterBot Romeo reevaluating
ChatterBot Hotel reevaluating
2024-10-14 23:05:57.108949 Romeo: We should drop Delta
ChatterBot Hotel reevaluating
2024-10-14 23:05:57.117314 Echo: Yes
2024-10-14 23:05:57.117455 November: Yes
2024-10-14 23:05:57.117565 Oscar: Yes
2024-10-14 23:05:57.117675 Hotel: Yes
ChatterBot Romeo reevaluating
ChatterBot Hotel reevaluating
ChatterBot Romeo reevaluating
ChatterBot Hotel reevaluating
ChatterBot Romeo reevaluating
ChatterBot Hotel reevaluating
ChatterBot Romeo reevaluating
2024-10-14 23:05:57.154651 Victor: Alpha and Tango, sending you 4
2024-10-14 23:05:57.155454 November: Echo, Oscar and Hotel, sending you 4
2024-10-14 23:05:57.156095 Alpha: Victor and Tango, sending you 4
2024-10-14 23:05:57.156644 Echo: November, sending you 3
2024-10-14 23:05:57.157673 Victor: Zulu, sending you 3
2024-10-14 23:05:57.159850 Alpha: Zulu, sending you 3
2024-10-14 23:05:57.160912 November: Romeo, sending you 2
2024-10-14 23:05:57.161526 Echo: Romeo and Oscar, sending you 5
2024-10-14 23:05:57.161989 Victor: Delta, sending you 6
2024-10-14 23:05:57.165692 Alpha: Delta, sending you 5
2024-10-14 23:05:57.166194 Echo: Hotel, sending you 4
2024-10-14 23:05:57.166713 Oscar: Echo and Romeo, sending you 4
2024-10-14 23:05:57.170867 Delta: Alpha and Victor, sending you 5
2024-10-14 23:05:57.171530 Oscar: November and Hotel, sending you 3
2024-10-14 23:05:57.172110 Tango: Alpha and Victor, sending you 4
2024-10-14 23:05:57.173704 Delta: Zulu, sending you 2
2024-10-14 23:05:57.176664 Tango: Zulu and Delta, sending you 3
2024-10-14 23:05:57.178660 Delta: Tango, sending you 4
2024-10-14 23:05:57.188674 Romeo: Echo, sending you 4
2024-10-14 23:05:57.191651 Romeo: November and Hotel, sending you 3
2024-10-14 23:05:57.195679 Romeo: Oscar, sending you 5
chatterbot Echo submitting transactions
chatterbot Hotel submitting transactions
chatterbot Romeo submitting transactions
chatterbot Delta submitting transactions
chatterbot Oscar submitting transactions
chatterbot Victor submitting transactions
chatterbot Zulu submitting transactions
chatterbot Tango submitting transactions
chatterbot Alpha submitting transactions
chatterbot November submitting transactions
ChatterBot Alpha round 8
ChatterBot Echo round 8
ChatterBot Victor round 8
ChatterBot November round 8
ChatterBot Romeo round 8
ChatterBot Oscar round 8
ChatterBot Zulu round 8
ChatterBot Hotel round 8
ChatterBot Delta round 8
ChatterBot Tango round 8
2024-10-14 23:05:58.298362 Romeo: We should add Victor
2024-10-14 23:05:58.309340 Echo: No
2024-10-14 23:05:58.309515 November: No
2024-10-14 23:05:58.309660 Oscar: No
2024-10-14 23:05:58.309799 Hotel: No
ChatterBot Romeo reevaluating
ChatterBot Romeo reevaluating
ChatterBot Romeo reevaluating
ChatterBot Romeo reevaluating
2024-10-14 23:05:58.383443 Romeo: We should add Delta
2024-10-14 23:05:58.397434 Echo: No
2024-10-14 23:05:58.397639 November: No
2024-10-14 23:05:58.397838 Oscar: No
2024-10-14 23:05:58.398004 Hotel: No
ChatterBot Romeo reevaluating
ChatterBot Romeo reevaluating
ChatterBot Romeo reevaluating
ChatterBot Romeo reevaluating
2024-10-14 23:05:58.454026 Hotel: We should drop Zulu
ChatterBot Romeo reevaluating
2024-10-14 23:05:58.462383 Romeo: Yes
2024-10-14 23:05:58.462541 Echo: Yes
2024-10-14 23:05:58.462644 November: Yes
2024-10-14 23:05:58.462751 Oscar: Yes
ChatterBot Romeo reevaluating
ChatterBot Romeo reevaluating
ChatterBot Romeo reevaluating
2024-10-14 23:05:58.494769 Echo: November, sending you 4
2024-10-14 23:05:58.497671 Echo: Romeo and Oscar, sending you 5
2024-10-14 23:05:58.498307 Victor: Alpha and Tango, sending you 4
2024-10-14 23:05:58.498959 Oscar: Echo, November and Romeo, sending you 4
2024-10-14 23:05:58.499736 Alpha: Victor, Delta and Tango, sending you 4
2024-10-14 23:05:58.500332 November: Echo, Romeo and Oscar, sending you 4
2024-10-14 23:05:58.501046 Echo: Hotel, sending you 3
2024-10-14 23:05:58.501702 Victor: Zulu, sending you 3
2024-10-14 23:05:58.503652 Alpha: Zulu, sending you 2
2024-10-14 23:05:58.504250 Alpha: I was attacked by Oscar
ChatterBot Victor reevaluating
ChatterBot Tango reevaluating
ChatterBot Zulu reevaluating
ChatterBot Delta reevaluating
2024-10-14 23:05:58.516653 Alpha: Ow
2024-10-14 23:05:58.517373 Oscar: Hotel, sending you 2
2024-10-14 23:05:58.517916 November: Hotel, sending you 2
2024-10-14 23:05:58.521656 Romeo: Echo and Oscar, sending you 5
2024-10-14 23:05:58.525680 Romeo: November, sending you 3
2024-10-14 23:05:58.528662 Romeo: Hotel, sending you 2
2024-10-14 23:05:58.548673 Delta: Alpha, sending you 6
2024-10-14 23:05:58.551683 Delta: Victor, sending you 7
2024-10-14 23:05:58.556654 Delta: Zulu, sending you 2
2024-10-14 23:05:58.560655 Delta: Tango, sending you 4
chatterbot Echo submitting transactions
chatterbot Hotel submitting transactions
chatterbot Alpha submitting transactions
chatterbot November submitting transactions
chatterbot Delta submitting transactions
chatterbot Zulu submitting transactions
chatterbot Romeo submitting transactions
chatterbot Oscar submitting transactions
chatterbot Victor submitting transactions
chatterbot Tango submitting transactions
ChatterBot Alpha round 9
ChatterBot Echo round 9
ChatterBot Victor round 9
ChatterBot November round 9
ChatterBot Romeo round 9
ChatterBot Oscar round 9
ChatterBot Zulu round 9
ChatterBot Hotel round 9
ChatterBot Delta round 9
ChatterBot Tango round 9
2024-10-14 23:05:59.545156 Hotel: We should drop Zulu
2024-10-14 23:05:59.557752 Romeo: Yes
2024-10-14 23:05:59.557920 Echo: Yes
2024-10-14 23:05:59.558048 November: Yes
2024-10-14 23:05:59.558172 Oscar: Yes
ChatterBot Romeo reevaluating
ChatterBot Romeo reevaluating
ChatterBot Romeo reevaluating
2024-10-14 23:05:59.609654 Alpha: Victor, Delta and Tango, sending you 3
2024-10-14 23:05:59.610657 Delta: Alpha and Tango, sending you 2
2024-10-14 23:05:59.611900 Victor: Alpha and Tango, sending you 4
2024-10-14 23:05:59.612686 Alpha: Zulu, sending you 2
2024-10-14 23:05:59.613515 Alpha: I was attacked by Oscar
ChatterBot Victor reevaluating
ChatterBot Tango reevaluating
ChatterBot Zulu reevaluating
ChatterBot Delta reevaluating
2024-10-14 23:05:59.631887 Alpha: Ow
2024-10-14 23:05:59.635690 Echo: November, sending you 4
2024-10-14 23:05:59.636711 Oscar: Echo, November and Romeo, sending you 3
2024-10-14 23:05:59.638052 November: Echo, Romeo and Oscar, sending you 4
2024-10-14 23:05:59.638929 Romeo: Echo and Oscar, sending you 5
2024-10-14 23:05:59.640682 Echo: Romeo and Oscar, sending you 5
2024-10-14 23:05:59.642147 Oscar: Hotel, sending you 2
2024-10-14 23:05:59.643050 Romeo: November, sending you 4
2024-10-14 23:05:59.643675 November: Hotel, sending you 2
2024-10-14 23:05:59.645657 Echo: Hotel, sending you 3
2024-10-14 23:05:59.646264 Romeo: Hotel, sending you 1
2024-10-14 23:05:59.655653 Zulu: Alpha, Victor and Tango, sending you 4
2024-10-14 23:05:59.658657 Zulu: Delta, sending you 2
chatterbot November submitting transactions
chatterbot Echo submitting transactions
chatterbot Romeo submitting transactions
chatterbot Tango submitting transactions
chatterbot Zulu submitting transactions
chatterbot Oscar submitting transactions
chatterbot Delta submitting transactions
chatterbot Hotel submitting transactions
chatterbot Alpha submitting transactions
chatterbot Victor submitting transactions
ChatterBot Alpha round 10
ChatterBot Echo round 10
ChatterBot Victor round 10
ChatterBot November round 10
ChatterBot Romeo round 10
ChatterBot Oscar round 10
ChatterBot Zulu round 10
ChatterBot Hotel round 10
ChatterBot Delta round 10
ChatterBot Tango round 10
2024-10-14 23:06:00.896974 Romeo: We should add Tango
2024-10-14 23:06:00.905915 Echo: No
2024-10-14 23:06:00.906081 November: No
2024-10-14 23:06:00.906230 Oscar: No
2024-10-14 23:06:00.906357 Hotel: No
ChatterBot Romeo reevaluating
ChatterBot Romeo reevaluating
ChatterBot Romeo reevaluating
2024-10-14 23:06:00.956361 Romeo: We should add Delta
2024-10-14 23:06:00.964404 Echo: No
2024-10-14 23:06:00.964561 November: No
2024-10-14 23:06:00.964682 Oscar: No
2024-10-14 23:06:00.964801 Hotel: No
ChatterBot Romeo reevaluating
ChatterBot Romeo reevaluating
ChatterBot Romeo reevaluating
ChatterBot Romeo reevaluating
2024-10-14 23:06:01.001334 Hotel: We should drop Zulu
ChatterBot Romeo reevaluating
2024-10-14 23:06:01.011743 Romeo: Yes
2024-10-14 23:06:01.011900 Echo: Yes
2024-10-14 23:06:01.012001 November: Yes
2024-10-14 23:06:01.012100 Oscar: Yes
ChatterBot Romeo reevaluating
ChatterBot Romeo reevaluating
ChatterBot Romeo reevaluating
2024-10-14 23:06:01.050676 November: Echo, Romeo and Oscar, sending you 4
2024-10-14 23:06:01.051398 Alpha: Sending you each 1
2024-10-14 23:06:01.052050 Alpha: I was attacked by Oscar
ChatterBot Victor reevaluating
ChatterBot Tango reevaluating
ChatterBot Zulu reevaluating
ChatterBot Delta reevaluating
2024-10-14 23:06:01.065446 Alpha: Ow
2024-10-14 23:06:01.066374 Echo: November, sending you 4
2024-10-14 23:06:01.068138 November: Hotel, sending you 3
2024-10-14 23:06:01.072701 Echo: Romeo and Oscar, sending you 5
2024-10-14 23:06:01.079208 Echo: Hotel, sending you 3
2024-10-14 23:06:01.088681 Romeo: Echo and Oscar, sending you 5
2024-10-14 23:06:01.094667 Romeo: November, sending you 4
2024-10-14 23:06:01.099028 Romeo: Hotel, sending you 1
chatterbot Alpha submitting transactions
chatterbot Echo submitting transactions
chatterbot November submitting transactions
chatterbot Tango submitting transactions
chatterbot Delta submitting transactions
chatterbot Hotel submitting transactions
chatterbot Oscar submitting transactions
chatterbot Zulu submitting transactions
chatterbot Romeo submitting transactions
chatterbot Victor submitting transactions
ChatterBot Alpha round 11
ChatterBot Echo round 11
ChatterBot Victor round 11
ChatterBot November round 11
ChatterBot Romeo round 11
ChatterBot Oscar round 11
ChatterBot Zulu round 11
ChatterBot Hotel round 11
ChatterBot Delta round 11
ChatterBot Tango round 11
2024-10-14 23:06:02.161158 Alpha: I was attacked by Oscar
ChatterBot Victor reevaluating
ChatterBot Tango reevaluating
ChatterBot Zulu reevaluating
ChatterBot Delta reevaluating
2024-10-14 23:06:02.180408 Alpha: Ow
2024-10-14 23:06:02.182318 Hotel: We should drop Zulu
2024-10-14 23:06:02.196607 Romeo: Yes
2024-10-14 23:06:02.196837 Echo: Yes
2024-10-14 23:06:02.196984 November: Yes
2024-10-14 23:06:02.197125 Oscar: Yes
ChatterBot Romeo reevaluating
2024-10-14 23:06:02.241981 Romeo: We should add Delta
2024-10-14 23:06:02.251253 Echo: No
2024-10-14 23:06:02.251402 November: No
2024-10-14 23:06:02.251507 Oscar: No
2024-10-14 23:06:02.251603 Hotel: No
ChatterBot Romeo reevaluating
ChatterBot Romeo reevaluating
ChatterBot Romeo reevaluating
ChatterBot Romeo reevaluating
2024-10-14 23:06:02.298664 Echo: November, sending you 5
2024-10-14 23:06:02.299684 November: Echo, Romeo and Oscar, sending you 4
2024-10-14 23:06:02.300860 Oscar: Echo, November and Romeo, sending you 3
2024-10-14 23:06:02.302541 Echo: Romeo, sending you 6
2024-10-14 23:06:02.303808 November: Hotel, sending you 3
2024-10-14 23:06:02.305004 Oscar: Hotel, sending you 2
2024-10-14 23:06:02.306694 Echo: Oscar, sending you 4
2024-10-14 23:06:02.312679 Echo: Hotel, sending you 2
2024-10-14 23:06:02.320672 Romeo: Echo, sending you 5
2024-10-14 23:06:02.325696 Romeo: November and Oscar, sending you 4
2024-10-14 23:06:02.329679 Romeo: Hotel, sending you 2
chatterbot Alpha submitting transactions
chatterbot Romeo submitting transactions
chatterbot Delta submitting transactions
chatterbot Hotel submitting transactions
chatterbot Oscar submitting transactions
chatterbot Echo submitting transactions
chatterbot Victor submitting transactions
chatterbot Tango submitting transactions
chatterbot November submitting transactions
chatterbot Zulu submitting transactions
ChatterBot Alpha round 12
ChatterBot Echo round 12
ChatterBot Victor round 12
ChatterBot November round 12
ChatterBot Romeo round 12
ChatterBot Oscar round 12
ChatterBot Zulu round 12
ChatterBot Hotel round 12
ChatterBot Delta round 12
ChatterBot Tango round 12
2024-10-14 23:06:03.440099 Hotel: We should drop Zulu
ChatterBot Romeo reevaluating
2024-10-14 23:06:03.454559 Romeo: Yes
2024-10-14 23:06:03.454777 Echo: Yes
2024-10-14 23:06:03.454924 November: Yes
2024-10-14 23:06:03.455048 Oscar: Yes
ChatterBot Romeo reevaluating
ChatterBot Romeo reevaluating
ChatterBot Romeo reevaluating
2024-10-14 23:06:03.550706 November: Echo, Romeo and Oscar, sending you 4
2024-10-14 23:06:03.553852 Oscar: Echo and Romeo, sending you 5
2024-10-14 23:06:03.557086 Echo: November, sending you 5
2024-10-14 23:06:03.560560 Alpha: Victor, Delta and Tango, sending you 4
2024-10-14 23:06:03.564053 November: Hotel, sending you 2
2024-10-14 23:06:03.567469 Oscar: November, sending you 4
2024-10-14 23:06:03.570953 Echo: Romeo, sending you 6
2024-10-14 23:06:03.574017 Alpha: Zulu, sending you 2
2024-10-14 23:06:03.576473 Oscar: Hotel, sending you 3
2024-10-14 23:06:03.578789 Echo: Oscar, sending you 4
2024-10-14 23:06:03.581543 Romeo: Echo, sending you 5
2024-10-14 23:06:03.584661 Echo: Hotel, sending you 2
2024-10-14 23:06:03.585739 Romeo: November and Oscar, sending you 4
2024-10-14 23:06:03.591490 Romeo: Hotel, sending you 2
chatterbot Zulu submitting transactions
chatterbot Delta submitting transactions
chatterbot Hotel submitting transactions
chatterbot Oscar submitting transactions
chatterbot Alpha submitting transactions
chatterbot Victor submitting transactions
chatterbot November submitting transactions
chatterbot Echo submitting transactions
chatterbot Tango submitting transactions
chatterbot Romeo submitting transactions
ChatterBot Alpha round 13
ChatterBot Echo round 13
ChatterBot Victor round 13
ChatterBot November round 13
ChatterBot Romeo round 13
ChatterBot Oscar round 13
ChatterBot Zulu round 13
ChatterBot Hotel round 13
ChatterBot Delta round 13
ChatterBot Tango round 13
2024-10-14 23:06:04.516911 Romeo: We should add Alpha
ChatterBot Oscar reevaluating
ChatterBot Hotel reevaluating
