ChatterBot Zulu round 1
ChatterBot Quebec round 1
ChatterBot Delta round 1
ChatterBot Echo round 1
ChatterBot Oscar round 1
ChatterBot Whiskey round 1
ChatterBot November round 1
ChatterBot Hotel round 1
ChatterBot Papa round 1
ChatterBot Sierra round 1
randomSelections Zulu: {Zulu, Quebec, Papa, Hotel, Oscar, Delta, Whiskey} 
2024-10-14 23:05:46.550708 Zulu: Let's form a team
ChatterBot Quebec reevaluating
ChatterBot Papa reevaluating
ChatterBot Hotel reevaluating
ChatterBot Oscar reevaluating
ChatterBot Delta reevaluating
ChatterBot Whiskey reevaluating
2024-10-14 23:05:46.562408 Quebec: Yes
2024-10-14 23:05:46.562571 Papa: Yes
2024-10-14 23:05:46.562689 Hotel: Yes
2024-10-14 23:05:46.562786 Oscar: Yes
2024-10-14 23:05:46.562893 Delta: Yes
2024-10-14 23:05:46.562988 Whiskey: Yes
ChatterBot Papa reevaluating
ChatterBot Hotel reevaluating
ChatterBot Oscar reevaluating
ChatterBot Delta reevaluating
ChatterBot Whiskey reevaluating
ChatterBot Quebec reevaluating
ChatterBot Hotel reevaluating
ChatterBot Oscar reevaluating
ChatterBot Delta reevaluating
ChatterBot Whiskey reevaluating
ChatterBot Quebec reevaluating
ChatterBot Papa reevaluating
ChatterBot Oscar reevaluating
ChatterBot Delta reevaluating
ChatterBot Whiskey reevaluating
ChatterBot Quebec reevaluating
ChatterBot Papa reevaluating
ChatterBot Hotel reevaluating
ChatterBot Delta reevaluating
ChatterBot Whiskey reevaluating
ChatterBot Quebec reevaluating
ChatterBot Papa reevaluating
ChatterBot Hotel reevaluating
ChatterBot Oscar reevaluating
ChatterBot Whiskey reevaluating
ChatterBot Quebec reevaluating
ChatterBot Papa reevaluating
ChatterBot Hotel reevaluating
ChatterBot Oscar reevaluating
ChatterBot Delta reevaluating
randomSelections Echo: {Echo, November, Whiskey, Papa, Quebec, Delta, Zulu, Sierra} 
2024-10-14 23:05:46.638656 Echo: Friends?
ChatterBot November reevaluating
ChatterBot Whiskey reevaluating
ChatterBot Papa reevaluating
ChatterBot Quebec reevaluating
ChatterBot Delta reevaluating
ChatterBot Sierra reevaluating
2024-10-14 23:05:46.731951 November: Yes
2024-10-14 23:05:46.732408 Whiskey: No
2024-10-14 23:05:46.732763 Papa: No
2024-10-14 23:05:46.733043 Quebec: No
2024-10-14 23:05:46.734133 Delta: No
2024-10-14 23:05:46.734561 Zulu: No
2024-10-14 23:05:46.734947 Sierra: Yes
ChatterBot Whiskey reevaluating
ChatterBot Papa reevaluating
ChatterBot Quebec reevaluating
ChatterBot Delta reevaluating
ChatterBot Sierra reevaluating
ChatterBot November reevaluating
ChatterBot Papa reevaluating
ChatterBot Quebec reevaluating
ChatterBot Delta reevaluating
ChatterBot Sierra reevaluating
ChatterBot November reevaluating
ChatterBot Whiskey reevaluating
ChatterBot Quebec reevaluating
ChatterBot Delta reevaluating
ChatterBot Sierra reevaluating
ChatterBot November reevaluating
ChatterBot Whiskey reevaluating
ChatterBot Papa reevaluating
ChatterBot Delta reevaluating
ChatterBot Sierra reevaluating
ChatterBot November reevaluating
ChatterBot Whiskey reevaluating
ChatterBot Papa reevaluating
ChatterBot Quebec reevaluating
ChatterBot Sierra reevaluating
ChatterBot November reevaluating
ChatterBot Whiskey reevaluating
ChatterBot Papa reevaluating
ChatterBot Quebec reevaluating
ChatterBot Delta reevaluating
ChatterBot Sierra reevaluating
ChatterBot November reevaluating
ChatterBot Whiskey reevaluating
ChatterBot Papa reevaluating
ChatterBot Quebec reevaluating
ChatterBot Delta reevaluating
2024-10-14 23:05:46.902056 Hotel: Quebec and Whiskey, sending you 1
2024-10-14 23:05:46.903407 November: Zulu, Quebec and Sierra, sending you 3
2024-10-14 23:05:46.904652 Oscar: Zulu, sending you 2
2024-10-14 23:05:46.905483 Papa: Zulu and Hotel, sending you 1
2024-10-14 23:05:46.906589 Echo: Zulu, Papa and Sierra, sending you 2
2024-10-14 23:05:46.907454 Zulu: Quebec, sending you 1
2024-10-14 23:05:46.908639 Hotel: Delta, sending you 2
2024-10-14 23:05:46.909160 Delta: Zulu, Oscar and Whiskey, sending you 3
2024-10-14 23:05:46.910558 November: Delta, sending you 2
2024-10-14 23:05:46.911896 Quebec: Zulu and Oscar, sending you 1
2024-10-14 23:05:46.912717 Whiskey: Zulu, sending you 1
2024-10-14 23:05:46.914137 Sierra: Zulu, sending you 2
2024-10-14 23:05:46.914878 Papa: Quebec, Delta and Whiskey, sending you 2
2024-10-14 23:05:46.916289 Oscar: Quebec, Delta and Hotel, sending you 1
2024-10-14 23:05:46.917520 Echo: Quebec and Delta, sending you 3
2024-10-14 23:05:46.918512 Zulu: Whiskey, Hotel and Papa, sending you 2
2024-10-14 23:05:46.919882 Hotel: Papa, sending you 3
2024-10-14 23:05:46.921450 Delta: Quebec and Hotel, sending you 2
2024-10-14 23:05:46.922459 November: Echo, Whiskey and Papa, sending you 1
2024-10-14 23:05:46.923978 Quebec: Delta and Papa, sending you 3
2024-10-14 23:05:46.925501 Whiskey: Quebec and Hotel, sending you 2
2024-10-14 23:05:46.926835 Sierra: Quebec and Delta, sending you 4
2024-10-14 23:05:46.927755 Papa: Oscar, sending you 3
2024-10-14 23:05:46.929122 Oscar: Whiskey, sending you 4
2024-10-14 23:05:46.930625 Echo: Whiskey, sending you 1
2024-10-14 23:05:46.932173 Delta: Papa, sending you 4
2024-10-14 23:05:46.932874 Whiskey: Delta, sending you 4
2024-10-14 23:05:46.934582 Sierra: Whiskey and Papa, sending you 1
2024-10-14 23:05:46.936248 Oscar: Papa, sending you 5
2024-10-14 23:05:46.938597 Echo: November, sending you 4
2024-10-14 23:05:46.940223 Whiskey: Oscar, sending you 3
2024-10-14 23:05:46.941727 Sierra: November, sending you 3
2024-10-14 23:05:46.945998 Whiskey: Papa, sending you 6
chatterbot Zulu submitting transactions
chatterbot Oscar submitting transactions
chatterbot Echo submitting transactions
chatterbot Quebec submitting transactions
chatterbot Delta submitting transactions
chatterbot November submitting transactions
chatterbot Hotel submitting transactions
chatterbot Sierra submitting transactions
chatterbot Whiskey submitting transactions
chatterbot Papa submitting transactions
ChatterBot Zulu round 2
ChatterBot Quebec round 2
ChatterBot Delta round 2
ChatterBot Echo round 2
ChatterBot Oscar round 2
ChatterBot Whiskey round 2
ChatterBot November round 2
ChatterBot Hotel round 2
ChatterBot Papa round 2
ChatterBot Sierra round 2
2024-10-14 23:05:49.064212 Delta: We should replace Zulu with Echo
ChatterBot Quebec reevaluating
ChatterBot Oscar reevaluating
ChatterBot Whiskey reevaluating
ChatterBot Hotel reevaluating
ChatterBot Papa reevaluating
2024-10-14 23:05:49.083143 Quebec: No
2024-10-14 23:05:49.083278 Oscar: No
2024-10-14 23:05:49.083385 Whiskey: No
2024-10-14 23:05:49.083505 Hotel: No
2024-10-14 23:05:49.083629 Papa: No
ChatterBot Delta reevaluating
ChatterBot Oscar reevaluating
ChatterBot Whiskey reevaluating
ChatterBot Hotel reevaluating
ChatterBot Papa reevaluating
ChatterBot Delta reevaluating
ChatterBot Quebec reevaluating
ChatterBot Whiskey reevaluating
ChatterBot Hotel reevaluating
ChatterBot Papa reevaluating
ChatterBot Delta reevaluating
ChatterBot Quebec reevaluating
ChatterBot Oscar reevaluating
ChatterBot Hotel reevaluating
ChatterBot Papa reevaluating
ChatterBot Delta reevaluating
ChatterBot Quebec reevaluating
ChatterBot Oscar reevaluating
ChatterBot Whiskey reevaluating
ChatterBot Papa reevaluating
ChatterBot Delta reevaluating
ChatterBot Quebec reevaluating
ChatterBot Oscar reevaluating
ChatterBot Whiskey reevaluating
ChatterBot Hotel reevaluating
2024-10-14 23:05:49.199490 Echo: Let's form a team
ChatterBot November reevaluating
ChatterBot Sierra reevaluating
2024-10-14 23:05:49.210695 Zulu: No
2024-10-14 23:05:49.210868 November: Yes
2024-10-14 23:05:49.211413 Sierra: Yes
ChatterBot November reevaluating
ChatterBot Sierra reevaluating
ChatterBot Echo reevaluating
ChatterBot Sierra reevaluating
ChatterBot Echo reevaluating
ChatterBot November reevaluating
2024-10-14 23:05:49.245595 November: Group up?
ChatterBot Echo reevaluating
ChatterBot Sierra reevaluating
ChatterBot Quebec reevaluating
2024-10-14 23:05:49.261530 Zulu: No
2024-10-14 23:05:49.261695 Echo: No
2024-10-14 23:05:49.261801 Sierra: Yes
2024-10-14 23:05:49.261912 Quebec: No
ChatterBot November reevaluating
ChatterBot Echo reevaluating
ChatterBot Sierra reevaluating
ChatterBot Quebec reevaluating
ChatterBot November reevaluating
ChatterBot Sierra reevaluating
ChatterBot Quebec reevaluating
ChatterBot November reevaluating
ChatterBot Echo reevaluating
ChatterBot Quebec reevaluating
ChatterBot November reevaluating
ChatterBot Echo reevaluating
ChatterBot Sierra reevaluating
2024-10-14 23:05:49.596234 Delta: Echo we want you to join our group
2024-10-14 23:05:49.624179 Echo: No
ChatterBot Delta reevaluating
2024-10-14 23:05:49.745389 Delta: We should replace Zulu with Sierra
2024-10-14 23:05:49.775033 Quebec: No
2024-10-14 23:05:49.775573 Oscar: No
2024-10-14 23:05:49.776353 Whiskey: No
2024-10-14 23:05:49.776692 Hotel: No
2024-10-14 23:05:49.777009 Papa: No
ChatterBot Delta reevaluating
ChatterBot Delta reevaluating
ChatterBot Delta reevaluating
ChatterBot Delta reevaluating
ChatterBot Delta reevaluating
2024-10-14 23:05:49.926058 Hotel: We should drop Zulu
ChatterBot Delta reevaluating
2024-10-14 23:05:49.963666 Delta: Yes
2024-10-14 23:05:49.964601 Quebec: No
2024-10-14 23:05:49.964834 Oscar: No
2024-10-14 23:05:49.965041 Whiskey: No
2024-10-14 23:05:49.965247 Papa: No
ChatterBot Papa reevaluating
ChatterBot Delta reevaluating
ChatterBot Papa reevaluating
ChatterBot Delta reevaluating
ChatterBot Papa reevaluating
ChatterBot Delta reevaluating
ChatterBot Papa reevaluating
ChatterBot Delta reevaluating
2024-10-14 23:05:50.116523 Quebec: Zulu, sending you 1
chatterbot Zulu submitting transactions
2024-10-14 23:05:51.593461 Whiskey: Zulu and Papa, sending you 3
2024-10-14 23:05:51.595202 Oscar: Zulu, sending you 1
2024-10-14 23:05:51.596763 November: Zulu and Quebec, sending you 1
2024-10-14 23:05:51.597474 Echo: November, sending you 10
2024-10-14 23:05:51.598091 Zulu: Quebec, Oscar, Whiskey, Hotel and Papa, sending you 1
2024-10-14 23:05:51.599550 Quebec: Delta, Whiskey and Papa, sending you 4
2024-10-14 23:05:51.601032 Sierra: Zulu and Quebec, sending you 1
2024-10-14 23:05:51.602359 Delta: Sierra we want you to join our group
2024-10-14 23:05:51.609247 Sierra: No
ChatterBot Delta reevaluating
ChatterBot Papa reevaluating
2024-10-14 23:05:51.647280 Papa: We should add Zulu
ChatterBot Delta reevaluating
2024-10-14 23:05:51.675555 Delta: No
2024-10-14 23:05:51.675838 Quebec: Yes
2024-10-14 23:05:51.676600 Oscar: Yes
2024-10-14 23:05:51.676867 Whiskey: Yes
2024-10-14 23:05:51.677128 Hotel: No
ChatterBot Oscar reevaluating
ChatterBot Papa reevaluating
ChatterBot Delta reevaluating
ChatterBot Oscar reevaluating
ChatterBot Papa reevaluating
ChatterBot Delta reevaluating
ChatterBot Papa reevaluating
ChatterBot Delta reevaluating
ChatterBot Oscar reevaluating
ChatterBot Papa reevaluating
ChatterBot Delta reevaluating
ChatterBot Oscar reevaluating
ChatterBot Papa reevaluating
chatterbot Sierra submitting transactions
chatterbot November submitting transactions
chatterbot Hotel submitting transactions
chatterbot Whiskey submitting transactions
chatterbot Quebec submitting transactions
chatterbot Oscar submitting transactions
chatterbot Echo submitting transactions
2024-10-14 23:05:51.844551 Whiskey: Quebec and Hotel, sending you 2
2024-10-14 23:05:51.845172 November: Echo, sending you 7
2024-10-14 23:05:51.846207 Echo: Sierra, sending you 4
2024-10-14 23:05:51.846513 Zulu: Delta, sending you 2
2024-10-14 23:05:51.847216 Quebec: Oscar and Hotel, sending you 2
2024-10-14 23:05:51.848535 Sierra: Echo, sending you 5
2024-10-14 23:05:51.849946 Hotel: Quebec, Oscar and Papa, sending you 1
2024-10-14 23:05:51.850598 Whiskey: Delta and Oscar, sending you 4
2024-10-14 23:05:51.851211 November: Sierra, sending you 5
2024-10-14 23:05:51.852264 Sierra: November, sending you 8
2024-10-14 23:05:51.855857 Hotel: Delta and Whiskey, sending you 2
2024-10-14 23:05:51.858727 Papa: Zulu we want you to join our group
2024-10-14 23:05:51.865348 Zulu: Yes
ChatterBot Papa reevaluating
ChatterBot Delta reevaluating
2024-10-14 23:05:51.943863 Delta: Quebec and Echo, sending you 3
2024-10-14 23:05:51.966323 Delta: Oscar, Hotel and Papa, sending you 2
2024-10-14 23:05:51.969744 Delta: Whiskey, sending you 5
chatterbot Papa submitting transactions
chatterbot Oscar submitting transactions
chatterbot Delta submitting transactions
ChatterBot Zulu round 3
ChatterBot Quebec round 3
ChatterBot Delta round 3
ChatterBot Echo round 3
ChatterBot Oscar round 3
ChatterBot Whiskey round 3
ChatterBot November round 3
ChatterBot Hotel round 3
ChatterBot Papa round 3
ChatterBot Sierra round 3
2024-10-14 23:05:53.155973 Delta: We should replace Echo with Zulu
ChatterBot Whiskey reevaluating
ChatterBot Papa reevaluating
2024-10-14 23:05:53.172789 Quebec: Yes
2024-10-14 23:05:53.172939 Oscar: Yes
2024-10-14 23:05:53.173075 Whiskey: Yes
2024-10-14 23:05:53.173187 Hotel: No
2024-10-14 23:05:53.173301 Papa: Yes
ChatterBot Whiskey reevaluating
ChatterBot Papa reevaluating
ChatterBot Whiskey reevaluating
ChatterBot Hotel reevaluating
ChatterBot Papa reevaluating
ChatterBot Hotel reevaluating
ChatterBot Papa reevaluating
ChatterBot Whiskey reevaluating
ChatterBot Papa reevaluating
ChatterBot Whiskey reevaluating
ChatterBot Hotel reevaluating
2024-10-14 23:05:53.252598 Papa: We should add Zulu
ChatterBot Whiskey reevaluating
ChatterBot Hotel reevaluating
2024-10-14 23:05:53.269182 Delta: Yes
2024-10-14 23:05:53.269364 Quebec: Yes
2024-10-14 23:05:53.269472 Oscar: Yes
2024-10-14 23:05:53.269597 Whiskey: Yes
2024-10-14 23:05:53.269733 Hotel: Yes
ChatterBot Whiskey reevaluating
ChatterBot Hotel reevaluating
ChatterBot Papa reevaluating
ChatterBot Whiskey reevaluating
ChatterBot Hotel reevaluating
ChatterBot Papa reevaluating
ChatterBot Whiskey reevaluating
ChatterBot Hotel reevaluating
ChatterBot Papa reevaluating
ChatterBot Hotel reevaluating
ChatterBot Papa reevaluating
ChatterBot Whiskey reevaluating
ChatterBot Papa reevaluating
2024-10-14 23:05:53.490811 Delta: Zulu we want you to join our group
ChatterBot Zulu reevaluating
2024-10-14 23:05:53.495830 Zulu: No
ChatterBot Papa reevaluating
ChatterBot Hotel reevaluating
ChatterBot Whiskey reevaluating
2024-10-14 23:05:53.517777 November: We should drop Quebec
ChatterBot Zulu reevaluating
2024-10-14 23:05:53.527279 Echo: Yes
2024-10-14 23:05:53.527871 Zulu: No
2024-10-14 23:05:53.528174 Sierra: Yes
ChatterBot Zulu reevaluating
ChatterBot Zulu reevaluating
2024-10-14 23:05:53.561382 Papa: Zulu we want you to join our group
ChatterBot Zulu reevaluating
2024-10-14 23:05:53.568533 Zulu: Yes
2024-10-14 23:05:53.593461 Quebec: Zulu and Hotel, sending you 2
2024-10-14 23:05:53.594917 Hotel: Zulu we want you to join our group
ChatterBot Zulu reevaluating
2024-10-14 23:05:53.602787 Zulu: No
2024-10-14 23:05:53.637547 Echo: November, sending you 10
2024-10-14 23:05:53.643955 Quebec: Delta, sending you 4
2024-10-14 23:05:53.653638 Whiskey: Zulu and Hotel, sending you 2
2024-10-14 23:05:53.656841 Zulu: We should drop Hotel
2024-10-14 23:05:53.682219 Quebec: No
2024-10-14 23:05:53.682387 Delta: No
2024-10-14 23:05:53.682528 Oscar: No
2024-10-14 23:05:53.682676 Whiskey: No
2024-10-14 23:05:53.682812 Papa: No
ChatterBot Zulu reevaluating
ChatterBot Zulu reevaluating
2024-10-14 23:05:53.766286 Delta: Zulu, sending you 1
2024-10-14 23:05:53.767573 Echo: Sierra, sending you 7
2024-10-14 23:05:53.767901 Quebec: Oscar, Whiskey and Papa, sending you 3
2024-10-14 23:05:53.768657 November: Zulu, sending you 1
2024-10-14 23:05:53.769034 Whiskey: Quebec, Oscar and Papa, sending you 3
2024-10-14 23:05:53.774977 Delta: Quebec and Whiskey, sending you 4
2024-10-14 23:05:53.777071 Sierra: Zulu, sending you 2
2024-10-14 23:05:53.777599 November: Echo, sending you 7
2024-10-14 23:05:53.778154 Hotel: Zulu, Quebec, Oscar, Whiskey and Papa, sending you 1
2024-10-14 23:05:53.779908 Whiskey: Delta, sending you 5
2024-10-14 23:05:53.781720 Delta: Oscar and Papa, sending you 3
2024-10-14 23:05:53.782828 November: Sierra, sending you 6
2024-10-14 23:05:53.783780 Sierra: Echo, sending you 6
2024-10-14 23:05:53.784256 Hotel: Delta, sending you 2
2024-10-14 23:05:53.791159 Delta: Hotel, sending you 2
2024-10-14 23:05:53.792208 Sierra: November, sending you 7
chatterbot Papa submitting transactions
2024-10-14 23:05:53.799693 Zulu: Quebec, Delta, Oscar, Hotel and Papa, sending you 1
2024-10-14 23:05:53.805653 Zulu: Whiskey, sending you 2
chatterbot Delta submitting transactions
chatterbot Hotel submitting transactions
chatterbot November submitting transactions
chatterbot Quebec submitting transactions
chatterbot Echo submitting transactions
chatterbot Sierra submitting transactions
chatterbot Oscar submitting transactions
chatterbot Zulu submitting transactions
chatterbot Whiskey submitting transactions
ChatterBot Zulu round 4
ChatterBot Quebec round 4
ChatterBot Delta round 4
ChatterBot Echo round 4
ChatterBot Oscar round 4
ChatterBot Whiskey round 4
ChatterBot November round 4
ChatterBot Hotel round 4
ChatterBot Papa round 4
ChatterBot Sierra round 4
2024-10-14 23:05:54.806564 Sierra: We should replace Zulu with Hotel
ChatterBot November reevaluating
2024-10-14 23:05:54.818429 Echo: No
2024-10-14 23:05:54.818749 November: Yes
ChatterBot November reevaluating
ChatterBot Sierra reevaluating
ChatterBot Sierra reevaluating
2024-10-14 23:05:54.847956 Papa: We should add Zulu
2024-10-14 23:05:54.875396 Delta: Yes
2024-10-14 23:05:54.878446 Quebec: Yes
2024-10-14 23:05:54.879144 Oscar: Yes
2024-10-14 23:05:54.879426 Whiskey: Yes
2024-10-14 23:05:54.879677 Hotel: Yes
ChatterBot Hotel reevaluating
2024-10-14 23:05:54.976900 Papa: Zulu we want you to join our group
2024-10-14 23:05:54.980343 Zulu: Yes
ChatterBot Hotel reevaluating
2024-10-14 23:05:54.996525 Zulu: Quebec, Delta, Oscar, Hotel and Papa, sending you 1
2024-10-14 23:05:54.999671 Quebec: Zulu and Hotel, sending you 1
2024-10-14 23:05:55.000335 Zulu: Whiskey, sending you 2
2024-10-14 23:05:55.001599 Echo: November, sending you 9
2024-10-14 23:05:55.001990 Whiskey: Zulu, Quebec, Oscar and Papa, sending you 3
2024-10-14 23:05:55.002535 November: Echo, sending you 7
2024-10-14 23:05:55.003445 Delta: Zulu, sending you 1
2024-10-14 23:05:55.004042 Quebec: Delta, sending you 5
2024-10-14 23:05:55.005207 Echo: Sierra, sending you 8
2024-10-14 23:05:55.006005 Whiskey: Delta, sending you 4
2024-10-14 23:05:55.006772 November: Hotel, sending you 1
2024-10-14 23:05:55.007685 Quebec: Oscar and Whiskey, sending you 3
2024-10-14 23:05:55.008940 Delta: Quebec and Whiskey, sending you 4
2024-10-14 23:05:55.011176 Whiskey: Hotel, sending you 2
2024-10-14 23:05:55.012175 November: Sierra, sending you 6
2024-10-14 23:05:55.012474 Quebec: Papa, sending you 4
2024-10-14 23:05:55.013590 Delta: Oscar and Papa, sending you 3
2024-10-14 23:05:55.018664 Delta: Hotel, sending you 2
2024-10-14 23:05:55.019439 Hotel: Zulu, Quebec, Oscar, Whiskey and Papa, sending you 1
2024-10-14 23:05:55.021679 Sierra: Zulu, sending you 2
2024-10-14 23:05:55.025660 Hotel: Delta, sending you 2
2024-10-14 23:05:55.026679 Sierra: Echo, sending you 6
2024-10-14 23:05:55.030669 Sierra: November, sending you 7
chatterbot Quebec submitting transactions
chatterbot Echo submitting transactions
chatterbot Whiskey submitting transactions
chatterbot Oscar submitting transactions
chatterbot Sierra submitting transactions
chatterbot Zulu submitting transactions
chatterbot Papa submitting transactions
chatterbot Delta submitting transactions
chatterbot November submitting transactions
chatterbot Hotel submitting transactions
ChatterBot Zulu round 5
ChatterBot Quebec round 5
ChatterBot Delta round 5
ChatterBot Echo round 5
ChatterBot Oscar round 5
ChatterBot Whiskey round 5
ChatterBot November round 5
ChatterBot Hotel round 5
ChatterBot Papa round 5
ChatterBot Sierra round 5
2024-10-14 23:05:56.255126 Papa: We should add Zulu
2024-10-14 23:05:56.272077 Delta: Yes
2024-10-14 23:05:56.272458 Quebec: Yes
2024-10-14 23:05:56.273514 Oscar: Yes
2024-10-14 23:05:56.273971 Whiskey: Yes
2024-10-14 23:05:56.274271 Hotel: Yes
ChatterBot Hotel reevaluating
ChatterBot Hotel reevaluating
2024-10-14 23:05:56.382721 Sierra: We should replace Zulu with Hotel
2024-10-14 23:05:56.392156 Echo: No
2024-10-14 23:05:56.392422 November: Yes
ChatterBot Sierra reevaluating
ChatterBot Sierra reevaluating
2024-10-14 23:05:56.411603 Papa: Zulu we want you to join our group
2024-10-14 23:05:56.417360 Zulu: Yes
ChatterBot Hotel reevaluating
2024-10-14 23:05:56.445495 Echo: November, sending you 9
2024-10-14 23:05:56.445869 Whiskey: Zulu, Quebec, Oscar and Papa, sending you 3
2024-10-14 23:05:56.448836 Hotel: We should drop Zulu
2024-10-14 23:05:56.462725 Delta: No
2024-10-14 23:05:56.462959 Quebec: No
2024-10-14 23:05:56.463136 Oscar: No
2024-10-14 23:05:56.463329 Whiskey: No
2024-10-14 23:05:56.463534 Papa: No
ChatterBot Hotel reevaluating
ChatterBot Hotel reevaluating
ChatterBot Hotel reevaluating
ChatterBot Hotel reevaluating
ChatterBot Hotel reevaluating
2024-10-14 23:05:56.544351 Zulu: Quebec, Delta, Oscar, Hotel and Papa, sending you 1
2024-10-14 23:05:56.545026 Echo: Sierra, sending you 8
2024-10-14 23:05:56.545353 Whiskey: Delta, sending you 4
2024-10-14 23:05:56.546512 Delta: Zulu, sending you 1
2024-10-14 23:05:56.547365 Quebec: Zulu and Hotel, sending you 1
2024-10-14 23:05:56.548690 Whiskey: Hotel, sending you 2
2024-10-14 23:05:56.549969 Zulu: Whiskey, sending you 2
2024-10-14 23:05:56.551176 Delta: Quebec and Whiskey, sending you 4
2024-10-14 23:05:56.551995 Quebec: Delta, sending you 5
2024-10-14 23:05:56.556011 Delta: Oscar and Papa, sending you 3
2024-10-14 23:05:56.557236 Quebec: Oscar and Whiskey, sending you 3
2024-10-14 23:05:56.561210 Delta: Hotel, sending you 2
2024-10-14 23:05:56.562339 Sierra: Zulu, sending you 1
2024-10-14 23:05:56.562696 Quebec: Papa, sending you 4
2024-10-14 23:05:56.564666 Hotel: Zulu, Quebec, Oscar, Whiskey and Papa, sending you 1
2024-10-14 23:05:56.566092 Sierra: Echo and November, sending you 7
2024-10-14 23:05:56.568660 Hotel: Delta, sending you 2
chatterbot Echo submitting transactions
chatterbot Oscar submitting transactions
chatterbot Papa submitting transactions
chatterbot Delta submitting transactions
chatterbot Hotel submitting transactions
chatterbot Whiskey submitting transactions
chatterbot Sierra submitting transactions
chatterbot November submitting transactions
chatterbot Zulu submitting transactions
chatterbot Quebec submitting transactions
ChatterBot Zulu round 6
ChatterBot Quebec round 6
ChatterBot Delta round 6
ChatterBot Echo round 6
ChatterBot Oscar round 6
ChatterBot Whiskey round 6
ChatterBot November round 6
ChatterBot Hotel round 6
ChatterBot Papa round 6
ChatterBot Sierra round 6
2024-10-14 23:05:57.562193 Zulu: We should drop Hotel
2024-10-14 23:05:57.575579 Quebec: No
2024-10-14 23:05:57.575749 Delta: No
2024-10-14 23:05:57.575883 Oscar: No
2024-10-14 23:05:57.575992 Whiskey: No
2024-10-14 23:05:57.576097 Papa: No
ChatterBot Zulu reevaluating
ChatterBot Zulu reevaluating
ChatterBot Zulu reevaluating
ChatterBot Zulu reevaluating
2024-10-14 23:05:57.673588 Papa: We should add Zulu
2024-10-14 23:05:57.693205 Delta: Yes
2024-10-14 23:05:57.693408 Quebec: Yes
2024-10-14 23:05:57.693552 Oscar: Yes
2024-10-14 23:05:57.693694 Whiskey: Yes
2024-10-14 23:05:57.693830 Hotel: Yes
ChatterBot Hotel reevaluating
ChatterBot Hotel reevaluating
ChatterBot Hotel reevaluating
ChatterBot Hotel reevaluating
2024-10-14 23:05:57.900258 Papa: Zulu we want you to join our group
ChatterBot Zulu reevaluating
2024-10-14 23:05:57.907010 Zulu: No
ChatterBot Hotel reevaluating
2024-10-14 23:05:57.933445 Quebec: Zulu and Hotel, sending you 1
2024-10-14 23:05:57.934834 Delta: Zulu, sending you 1
2024-10-14 23:05:57.939668 Quebec: Delta, sending you 6
2024-10-14 23:05:57.941069 Delta: Quebec and Whiskey, sending you 4
2024-10-14 23:05:57.943175 Sierra: Zulu, sending you 1
2024-10-14 23:05:57.943950 Echo: November, sending you 8
2024-10-14 23:05:57.945230 Whiskey: Zulu, Quebec, Oscar and Papa, sending you 3
2024-10-14 23:05:57.946412 Quebec: Oscar, Whiskey and Papa, sending you 3
2024-10-14 23:05:57.948121 Sierra: Echo, sending you 8
2024-10-14 23:05:57.948991 Delta: Oscar and Papa, sending you 3
2024-10-14 23:05:57.950332 Echo: Sierra, sending you 9
2024-10-14 23:05:57.951404 November: Echo, sending you 7
2024-10-14 23:05:57.952286 Whiskey: Delta, sending you 4
2024-10-14 23:05:57.954058 Sierra: November, sending you 6
chatterbot Sierra submitting transactions
2024-10-14 23:05:57.955037 Delta: Hotel, sending you 2
2024-10-14 23:05:57.956088 November: Hotel, sending you 1
2024-10-14 23:05:57.957036 Hotel: Zulu, Quebec, Oscar, Whiskey and Papa, sending you 1
2024-10-14 23:05:57.957996 Whiskey: Hotel, sending you 2
2024-10-14 23:05:57.960657 November: Sierra, sending you 6
2024-10-14 23:05:57.961466 Hotel: Delta, sending you 2
chatterbot Oscar submitting transactions
chatterbot Delta submitting transactions
chatterbot Zulu submitting transactions
chatterbot Echo submitting transactions
chatterbot Papa submitting transactions
chatterbot Quebec submitting transactions
chatterbot November submitting transactions
chatterbot Whiskey submitting transactions
chatterbot Hotel submitting transactions
ChatterBot Zulu round 7
ChatterBot Quebec round 7
ChatterBot Delta round 7
ChatterBot Echo round 7
ChatterBot Oscar round 7
ChatterBot Whiskey round 7
ChatterBot November round 7
ChatterBot Hotel round 7
ChatterBot Papa round 7
2024-10-14 23:05:58.994168 Zulu: We should add Hotel
2024-10-14 23:05:59.005553 Quebec: Yes
2024-10-14 23:05:59.005729 Delta: Yes
2024-10-14 23:05:59.005857 Oscar: Yes
2024-10-14 23:05:59.005972 Whiskey: Yes
2024-10-14 23:05:59.006093 Papa: Yes
ChatterBot Zulu reevaluating
ChatterBot Zulu reevaluating
ChatterBot Sierra round 7
2024-10-14 23:05:59.064725 Papa: We should add Zulu
2024-10-14 23:05:59.073637 Delta: Yes
2024-10-14 23:05:59.073824 Quebec: Yes
2024-10-14 23:05:59.073931 Oscar: Yes
2024-10-14 23:05:59.074016 Whiskey: Yes
2024-10-14 23:05:59.074099 Hotel: No
2024-10-14 23:05:59.138366 Hotel: We should drop Zulu
2024-10-14 23:05:59.149451 Delta: No
2024-10-14 23:05:59.149601 Quebec: No
2024-10-14 23:05:59.149724 Oscar: No
2024-10-14 23:05:59.149838 Whiskey: No
2024-10-14 23:05:59.149949 Papa: No
2024-10-14 23:05:59.235904 Papa: Zulu we want you to join our group
ChatterBot Zulu reevaluating
2024-10-14 23:05:59.239333 Zulu: No
2024-10-14 23:05:59.258768 Echo: November, sending you 8
2024-10-14 23:05:59.259139 Quebec: Zulu and Hotel, sending you 1
2024-10-14 23:05:59.260002 Whiskey: Zulu and Hotel, sending you 2
2024-10-14 23:05:59.260604 Delta: Zulu, sending you 1
2024-10-14 23:05:59.261663 Echo: Sierra, sending you 9
2024-10-14 23:05:59.263767 Whiskey: Quebec, Oscar and Papa, sending you 3
2024-10-14 23:05:59.264806 Quebec: Delta, sending you 5
2024-10-14 23:05:59.266552 Delta: Quebec and Whiskey, sending you 4
2024-10-14 23:05:59.268670 Hotel: Quebec, Oscar, Whiskey and Papa, sending you 1
2024-10-14 23:05:59.269431 Whiskey: Delta, sending you 5
2024-10-14 23:05:59.270339 Quebec: Oscar and Whiskey, sending you 3
2024-10-14 23:05:59.271515 Delta: Oscar and Papa, sending you 3
2024-10-14 23:05:59.272648 Hotel: Delta, sending you 3
2024-10-14 23:05:59.274648 Delta: Hotel, sending you 2
2024-10-14 23:05:59.275679 Quebec: Papa, sending you 4
2024-10-14 23:05:59.280646 Sierra: Zulu, sending you 2
2024-10-14 23:05:59.281670 Zulu: Quebec, Delta, Oscar and Papa, sending you 1
2024-10-14 23:05:59.285643 Sierra: Echo, sending you 7
2024-10-14 23:05:59.285969 Zulu: Whiskey, sending you 3
2024-10-14 23:05:59.290653 Sierra: November, sending you 6
chatterbot Delta submitting transactions
chatterbot Oscar submitting transactions
chatterbot Papa submitting transactions
chatterbot Zulu submitting transactions
chatterbot Quebec submitting transactions
chatterbot Echo submitting transactions
chatterbot Whiskey submitting transactions
chatterbot Hotel submitting transactions
chatterbot November submitting transactions
chatterbot Sierra submitting transactions
ChatterBot Zulu round 8
ChatterBot Quebec round 8
ChatterBot Delta round 8
ChatterBot Echo round 8
ChatterBot Oscar round 8
ChatterBot Whiskey round 8
ChatterBot November round 8
ChatterBot Hotel round 8
ChatterBot Papa round 8
ChatterBot Sierra round 8
2024-10-14 23:06:00.390098 November: We should replace Hotel with Zulu
2024-10-14 23:06:00.397726 Echo: No
2024-10-14 23:06:00.397977 Sierra: Yes
ChatterBot November reevaluating
ChatterBot November reevaluating
2024-10-14 23:06:00.417978 Papa: We should add Zulu
2024-10-14 23:06:00.432181 Delta: Yes
2024-10-14 23:06:00.432774 Quebec: Yes
2024-10-14 23:06:00.432892 Oscar: Yes
2024-10-14 23:06:00.433001 Whiskey: Yes
2024-10-14 23:06:00.433121 Hotel: No
ChatterBot Oscar reevaluating
ChatterBot Oscar reevaluating
ChatterBot Oscar reevaluating
2024-10-14 23:06:00.487129 Papa: Zulu we want you to join our group
ChatterBot Zulu reevaluating
2024-10-14 23:06:00.490418 Zulu: Yes
ChatterBot Oscar reevaluating
2024-10-14 23:06:00.504117 Zulu: We should add Hotel
ChatterBot Oscar reevaluating
2024-10-14 23:06:00.518979 Quebec: Yes
2024-10-14 23:06:00.519191 Delta: Yes
2024-10-14 23:06:00.519353 Oscar: Yes
2024-10-14 23:06:00.519499 Whiskey: Yes
2024-10-14 23:06:00.519650 Papa: Yes
ChatterBot Zulu reevaluating
ChatterBot Oscar reevaluating
ChatterBot Zulu reevaluating
ChatterBot Oscar reevaluating
ChatterBot Zulu reevaluating
ChatterBot Zulu reevaluating
ChatterBot Oscar reevaluating
ChatterBot Zulu reevaluating
ChatterBot Oscar reevaluating
2024-10-14 23:06:00.591110 Echo: November, sending you 8
2024-10-14 23:06:00.591544 Whiskey: Zulu, Quebec, Oscar and Papa, sending you 3
2024-10-14 23:06:00.593665 Echo: Sierra, sending you 9
2024-10-14 23:06:00.596651 Whiskey: Delta, sending you 4
2024-10-14 23:06:00.597413 Hotel: Quebec, Oscar, Whiskey and Papa, sending you 1
2024-10-14 23:06:00.598095 Delta: Zulu, sending you 1
2024-10-14 23:06:00.599420 Quebec: Zulu and Hotel, sending you 1
2024-10-14 23:06:00.600697 Whiskey: Hotel, sending you 2
2024-10-14 23:06:00.601883 Hotel: Delta, sending you 3
2024-10-14 23:06:00.602701 Delta: Quebec and Whiskey, sending you 4
2024-10-14 23:06:00.604672 Quebec: Delta, sending you 5
2024-10-14 23:06:00.606693 Delta: Oscar and Papa, sending you 3
2024-10-14 23:06:00.608439 Sierra: Echo, sending you 9
2024-10-14 23:06:00.608912 Quebec: Oscar and Whiskey, sending you 3
2024-10-14 23:06:00.612661 Delta: Hotel, sending you 2
2024-10-14 23:06:00.613331 Sierra: November, sending you 6
2024-10-14 23:06:00.613699 Quebec: Papa, sending you 4
chatterbot Quebec submitting transactions
chatterbot Oscar submitting transactions
chatterbot Hotel submitting transactions
chatterbot Whiskey submitting transactions
chatterbot Sierra submitting transactions
chatterbot Delta submitting transactions
chatterbot Echo submitting transactions
chatterbot November submitting transactions
chatterbot Papa submitting transactions
chatterbot Zulu submitting transactions
ChatterBot Zulu round 9
ChatterBot Quebec round 9
ChatterBot Delta round 9
ChatterBot Echo round 9
ChatterBot Oscar round 9
ChatterBot Whiskey round 9
2024-10-14 23:06:01.812565 Zulu: We should add Hotel
ChatterBot Quebec reevaluating
ChatterBot Delta reevaluating
ChatterBot Oscar reevaluating
ChatterBot Whiskey reevaluating
2024-10-14 23:06:01.833898 Quebec: Yes
2024-10-14 23:06:01.834119 Delta: Yes
2024-10-14 23:06:01.834300 Oscar: Yes
2024-10-14 23:06:01.835012 Whiskey: Yes
2024-10-14 23:06:01.835460 Papa: Yes
ChatterBot Delta reevaluating
ChatterBot Oscar reevaluating
ChatterBot Whiskey reevaluating
ChatterBot Quebec reevaluating
ChatterBot Oscar reevaluating
ChatterBot Whiskey reevaluating
ChatterBot Quebec reevaluating
ChatterBot Delta reevaluating
ChatterBot Whiskey reevaluating
ChatterBot Quebec reevaluating
ChatterBot Delta reevaluating
ChatterBot Oscar reevaluating
ChatterBot Quebec reevaluating
ChatterBot Delta reevaluating
ChatterBot Oscar reevaluating
ChatterBot Whiskey reevaluating
ChatterBot November round 9
ChatterBot Hotel round 9
ChatterBot Papa round 9
ChatterBot Sierra round 9
2024-10-14 23:06:01.977125 Zulu: Hotel we want you to join our group
2024-10-14 23:06:01.985093 Hotel: No
ChatterBot Quebec reevaluating
ChatterBot Papa reevaluating
ChatterBot Oscar reevaluating
ChatterBot Delta reevaluating
ChatterBot Whiskey reevaluating
2024-10-14 23:06:02.013566 Papa: We should add Zulu
ChatterBot Delta reevaluating
ChatterBot Quebec reevaluating
ChatterBot Oscar reevaluating
ChatterBot Whiskey reevaluating
2024-10-14 23:06:02.040881 Delta: Yes
2024-10-14 23:06:02.041078 Quebec: Yes
2024-10-14 23:06:02.041306 Oscar: Yes
2024-10-14 23:06:02.041472 Whiskey: Yes
2024-10-14 23:06:02.041663 Hotel: No
ChatterBot Quebec reevaluating
ChatterBot Oscar reevaluating
ChatterBot Whiskey reevaluating
ChatterBot Papa reevaluating
ChatterBot Delta reevaluating
ChatterBot Oscar reevaluating
ChatterBot Whiskey reevaluating
ChatterBot Papa reevaluating
ChatterBot Delta reevaluating
ChatterBot Quebec reevaluating
ChatterBot Whiskey reevaluating
ChatterBot Papa reevaluating
ChatterBot Delta reevaluating
ChatterBot Quebec reevaluating
ChatterBot Oscar reevaluating
ChatterBot Papa reevaluating
ChatterBot Delta reevaluating
ChatterBot Quebec reevaluating
ChatterBot Oscar reevaluating
ChatterBot Whiskey reevaluating
ChatterBot Papa reevaluating
2024-10-14 23:06:02.151521 Sierra: We should replace Zulu with Oscar
2024-10-14 23:06:02.156701 Echo: No
2024-10-14 23:06:02.156846 November: No
ChatterBot November reevaluating
2024-10-14 23:06:02.171563 Sierra: Oscar we want you to join our group
ChatterBot Oscar reevaluating
2024-10-14 23:06:02.175771 Oscar: No
ChatterBot Sierra reevaluating
ChatterBot November reevaluating
2024-10-14 23:06:02.185034 Sierra: We should replace Zulu with Hotel
ChatterBot November reevaluating
2024-10-14 23:06:02.190534 Echo: No
2024-10-14 23:06:02.190679 November: Yes
ChatterBot November reevaluating
ChatterBot Sierra reevaluating
ChatterBot Sierra reevaluating
2024-10-14 23:06:02.202261 Papa: Zulu we want you to join our group
2024-10-14 23:06:02.205885 Zulu: Yes
ChatterBot Oscar reevaluating
2024-10-14 23:06:02.224882 Whiskey: Zulu, sending you 2
2024-10-14 23:06:02.225999 Echo: November, sending you 7
2024-10-14 23:06:02.226669 Quebec: Zulu and Hotel, sending you 1
2024-10-14 23:06:02.227607 Hotel: Delta, Whiskey and Papa, sending you 1
2024-10-14 23:06:02.228674 Whiskey: Quebec, Delta, Oscar and Papa, sending you 3
2024-10-14 23:06:02.229953 Echo: Sierra, sending you 10
2024-10-14 23:06:02.230690 Quebec: Delta, sending you 4
2024-10-14 23:06:02.232690 Whiskey: Hotel, sending you 1
2024-10-14 23:06:02.236680 Quebec: Oscar, sending you 2
2024-10-14 23:06:02.240810 Quebec: Whiskey and Papa, sending you 3
2024-10-14 23:06:02.250904 Sierra: Echo, sending you 9
2024-10-14 23:06:02.253673 Sierra: Oscar, sending you 2
2024-10-14 23:06:02.259678 Sierra: November, sending you 4
chatterbot Quebec submitting transactions
chatterbot Zulu submitting transactions
chatterbot Echo submitting transactions
chatterbot Delta submitting transactions
chatterbot November submitting transactions
chatterbot Sierra submitting transactions
chatterbot Whiskey submitting transactions
chatterbot Hotel submitting transactions
chatterbot Papa submitting transactions
chatterbot Oscar submitting transactions
ChatterBot Zulu round 10
ChatterBot Quebec round 10
ChatterBot Delta round 10
ChatterBot Echo round 10
ChatterBot Oscar round 10
ChatterBot Whiskey round 10
ChatterBot November round 10
ChatterBot Hotel round 10
ChatterBot Papa round 10
ChatterBot Sierra round 10
2024-10-14 23:06:03.447278 Papa: We should add Zulu
ChatterBot Oscar reevaluating
2024-10-14 23:06:03.465572 Delta: Yes
2024-10-14 23:06:03.465775 Quebec: Yes
2024-10-14 23:06:03.466004 Oscar: No
2024-10-14 23:06:03.466169 Whiskey: Yes
2024-10-14 23:06:03.466346 Hotel: No
ChatterBot Oscar reevaluating
ChatterBot Oscar reevaluating
ChatterBot Oscar reevaluating
ChatterBot Oscar reevaluating
2024-10-14 23:06:03.760151 Sierra: Friends?
ChatterBot Oscar reevaluating
2024-10-14 23:06:03.781035 Delta: No
2024-10-14 23:06:03.781242 Quebec: No
2024-10-14 23:06:03.781437 Oscar: No
2024-10-14 23:06:03.781570 Whiskey: No
2024-10-14 23:06:03.781789 Hotel: No
2024-10-14 23:06:03.781933 Papa: No
ChatterBot Oscar reevaluating
ChatterBot Sierra reevaluating
ChatterBot Oscar reevaluating
ChatterBot Sierra reevaluating
ChatterBot Sierra reevaluating
ChatterBot Oscar reevaluating
ChatterBot Sierra reevaluating
ChatterBot Oscar reevaluating
ChatterBot Sierra reevaluating
ChatterBot Oscar reevaluating
ChatterBot Sierra reevaluating
2024-10-14 23:06:03.980002 Papa: Zulu we want you to join our group
2024-10-14 23:06:04.006086 Zulu: Yes
ChatterBot Oscar reevaluating
2024-10-14 23:06:04.041756 November: I was attacked by Quebec, Oscar, Whiskey and Hotel
ChatterBot Echo reevaluating
ChatterBot Sierra reevaluating
ChatterBot Hotel reevaluating
2024-10-14 23:06:04.060955 November: I'm keeping this round to protect myself
2024-10-14 23:06:04.062941 November: Ow
2024-10-14 23:06:04.066354 Zulu: I was attacked by November
ChatterBot Quebec reevaluating
ChatterBot Papa reevaluating
ChatterBot Hotel reevaluating
ChatterBot Oscar reevaluating
ChatterBot Delta reevaluating
ChatterBot Whiskey reevaluating
2024-10-14 23:06:04.097346 Zulu: I'm keeping this round to protect myself
2024-10-14 23:06:04.101677 Zulu: Ow
2024-10-14 23:06:04.136440 Sierra: Echo, sending you 10
2024-10-14 23:06:04.141664 Sierra: November, sending you 5
2024-10-14 23:06:04.150660 Delta: Zulu, Oscar and Hotel, sending you 1
2024-10-14 23:06:04.158845 Delta: Quebec, Whiskey and Papa, sending you 2
chatterbot Zulu submitting transactions
chatterbot November submitting transactions
chatterbot Papa submitting transactions
chatterbot Whiskey submitting transactions
chatterbot Oscar submitting transactions
chatterbot Delta submitting transactions
chatterbot Sierra submitting transactions
chatterbot Quebec submitting transactions
chatterbot Echo submitting transactions
chatterbot Hotel submitting transactions
ChatterBot Zulu round 11
ChatterBot Quebec round 11
ChatterBot Delta round 11
ChatterBot Echo round 11
ChatterBot Oscar round 11
ChatterBot Whiskey round 11
ChatterBot November round 11
ChatterBot Hotel round 11
ChatterBot Papa round 11
ChatterBot Sierra round 11
2024-10-14 23:06:04.873967 Papa: We should add Zulu
ChatterBot Quebec reevaluating
ChatterBot Oscar reevaluating
ChatterBot Whiskey reevaluating
ChatterBot Hotel reevaluating
2024-10-14 23:06:04.890908 Delta: Yes
2024-10-14 23:06:04.891068 Quebec: Yes
2024-10-14 23:06:04.891207 Oscar: No
2024-10-14 23:06:04.891339 Whiskey: Yes
2024-10-14 23:06:04.891469 Hotel: No
ChatterBot Quebec reevaluating
ChatterBot Oscar reevaluating
ChatterBot Whiskey reevaluating
ChatterBot Hotel reevaluating
ChatterBot Papa reevaluating
ChatterBot Oscar reevaluating
ChatterBot Whiskey reevaluating
ChatterBot Hotel reevaluating
ChatterBot Papa reevaluating
ChatterBot Quebec reevaluating
ChatterBot Whiskey reevaluating
ChatterBot Hotel reevaluating
ChatterBot Papa reevaluating
ChatterBot Quebec reevaluating
ChatterBot Oscar reevaluating
ChatterBot Hotel reevaluating
ChatterBot Papa reevaluating
ChatterBot Quebec reevaluating
ChatterBot Oscar reevaluating
ChatterBot Whiskey reevaluating
ChatterBot Papa reevaluating
2024-10-14 23:06:04.966881 Hotel: We should add Sierra
ChatterBot Quebec reevaluating
ChatterBot Oscar reevaluating
ChatterBot Whiskey reevaluating
ChatterBot Papa reevaluating
2024-10-14 23:06:04.981636 Delta: No
2024-10-14 23:06:04.981808 Quebec: No
2024-10-14 23:06:04.981921 Oscar: No
2024-10-14 23:06:04.982039 Whiskey: No
2024-10-14 23:06:04.982132 Papa: No
ChatterBot Quebec reevaluating
ChatterBot Oscar reevaluating
ChatterBot Whiskey reevaluating
ChatterBot Hotel reevaluating
ChatterBot Papa reevaluating
ChatterBot Oscar reevaluating
ChatterBot Whiskey reevaluating
ChatterBot Hotel reevaluating
ChatterBot Papa reevaluating
