ChatterBot Delta round 1
ChatterBot Mike round 1
ChatterBot Quebec round 1
ChatterBot India round 1
ChatterBot Kilo round 1
ChatterBot Alpha round 1
ChatterBot Charlie round 1
ChatterBot Victor round 1
ChatterBot Whiskey round 1
ChatterBot Golf round 1
randomSelections Quebec: {Quebec, Whiskey, Alpha, Kilo, Victor, Charlie} 
2024-10-14 23:05:46.492508 Quebec: We would work well together
ChatterBot Whiskey reevaluating
ChatterBot Alpha reevaluating
ChatterBot Kilo reevaluating
ChatterBot Victor reevaluating
ChatterBot Charlie reevaluating
2024-10-14 23:05:46.508168 Whiskey: Yes
2024-10-14 23:05:46.508355 Alpha: Yes
2024-10-14 23:05:46.508533 Kilo: Yes
2024-10-14 23:05:46.508709 Victor: Yes
2024-10-14 23:05:46.508876 Charlie: Yes
ChatterBot Alpha reevaluating
ChatterBot Kilo reevaluating
ChatterBot Victor reevaluating
ChatterBot Charlie reevaluating
ChatterBot Whiskey reevaluating
ChatterBot Kilo reevaluating
ChatterBot Victor reevaluating
ChatterBot Charlie reevaluating
ChatterBot Whiskey reevaluating
ChatterBot Alpha reevaluating
ChatterBot Victor reevaluating
ChatterBot Charlie reevaluating
ChatterBot Whiskey reevaluating
ChatterBot Alpha reevaluating
ChatterBot Kilo reevaluating
ChatterBot Charlie reevaluating
ChatterBot Whiskey reevaluating
ChatterBot Alpha reevaluating
ChatterBot Kilo reevaluating
ChatterBot Victor reevaluating
randomSelections Delta: {Delta, Mike, Quebec, Charlie, Victor} 
2024-10-14 23:05:46.585688 Delta: We would work well together
ChatterBot Mike reevaluating
ChatterBot Charlie reevaluating
ChatterBot Victor reevaluating
2024-10-14 23:05:46.596489 Mike: Yes
2024-10-14 23:05:46.597144 Quebec: No
2024-10-14 23:05:46.597337 Charlie: No
2024-10-14 23:05:46.597524 Victor: No
ChatterBot Charlie reevaluating
ChatterBot Victor reevaluating
ChatterBot Mike reevaluating
ChatterBot Charlie reevaluating
ChatterBot Victor reevaluating
ChatterBot Mike reevaluating
ChatterBot Victor reevaluating
ChatterBot Mike reevaluating
ChatterBot Charlie reevaluating
randomSelections India: {India, Victor, Whiskey, Delta, Mike, Quebec} 
2024-10-14 23:05:46.732263 India: Let's form a team
ChatterBot Victor reevaluating
ChatterBot Whiskey reevaluating
ChatterBot Mike reevaluating
2024-10-14 23:05:46.746187 Victor: No
2024-10-14 23:05:46.746524 Whiskey: No
2024-10-14 23:05:46.747511 Delta: No
2024-10-14 23:05:46.747701 Mike: No
2024-10-14 23:05:46.748090 Quebec: No
ChatterBot Whiskey reevaluating
ChatterBot Mike reevaluating
ChatterBot Victor reevaluating
ChatterBot Mike reevaluating
ChatterBot Victor reevaluating
ChatterBot Whiskey reevaluating
ChatterBot Mike reevaluating
ChatterBot Victor reevaluating
ChatterBot Whiskey reevaluating
ChatterBot Victor reevaluating
ChatterBot Whiskey reevaluating
ChatterBot Mike reevaluating
randomSelections Golf: {Golf, Charlie, India, Alpha, Kilo, Delta, Whiskey, Quebec} 
2024-10-14 23:05:46.812777 Golf: Let's form a team
ChatterBot Charlie reevaluating
ChatterBot Alpha reevaluating
ChatterBot Kilo reevaluating
ChatterBot Whiskey reevaluating
2024-10-14 23:05:46.822510 Charlie: No
2024-10-14 23:05:46.822869 India: No
2024-10-14 23:05:46.823775 Alpha: No
2024-10-14 23:05:46.824252 Kilo: No
2024-10-14 23:05:46.824524 Delta: No
2024-10-14 23:05:46.824770 Whiskey: No
2024-10-14 23:05:46.825585 Quebec: No
ChatterBot Alpha reevaluating
ChatterBot Kilo reevaluating
ChatterBot Whiskey reevaluating
ChatterBot Charlie reevaluating
ChatterBot Alpha reevaluating
ChatterBot Kilo reevaluating
ChatterBot Whiskey reevaluating
ChatterBot Charlie reevaluating
ChatterBot Kilo reevaluating
ChatterBot Whiskey reevaluating
ChatterBot Charlie reevaluating
ChatterBot Alpha reevaluating
ChatterBot Whiskey reevaluating
ChatterBot Charlie reevaluating
ChatterBot Alpha reevaluating
ChatterBot Kilo reevaluating
ChatterBot Whiskey reevaluating
ChatterBot Charlie reevaluating
ChatterBot Alpha reevaluating
ChatterBot Kilo reevaluating
ChatterBot Charlie reevaluating
ChatterBot Alpha reevaluating
ChatterBot Kilo reevaluating
ChatterBot Whiskey reevaluating
2024-10-14 23:05:46.941379 Victor: Quebec, Alpha and Whiskey, sending you 1
2024-10-14 23:05:46.942527 Delta: Mike, sending you 10
2024-10-14 23:05:46.943927 Quebec: Kilo and Alpha, sending you 1
2024-10-14 23:05:46.945237 India: Delta, Quebec, Victor and Whiskey, sending you 3
chatterbot Delta submitting transactions
2024-10-14 23:05:46.947262 Victor: Kilo, sending you 2
2024-10-14 23:05:46.948753 Golf: Charlie, sending you 1
2024-10-14 23:05:46.949919 Quebec: Charlie, sending you 2
2024-10-14 23:05:46.951268 Delta: Quebec, sending you 4
2024-10-14 23:05:46.952436 India: Mike, sending you 2
2024-10-14 23:05:46.953030 Whiskey: Quebec, sending you 1
2024-10-14 23:05:46.954331 Victor: Charlie, sending you 3
2024-10-14 23:05:46.954867 Mike: Delta, sending you 4
2024-10-14 23:05:46.956246 Kilo: Quebec, sending you 1
2024-10-14 23:05:46.957505 Alpha: Quebec, Victor and Whiskey, sending you 2
2024-10-14 23:05:46.958896 Quebec: Whiskey, sending you 3
2024-10-14 23:05:46.959901 Delta: Charlie, sending you 3
2024-10-14 23:05:46.960982 Whiskey: Kilo, sending you 6
2024-10-14 23:05:46.962233 Mike: Quebec, sending you 2
2024-10-14 23:05:46.962929 Kilo: Alpha, Charlie and Whiskey, sending you 5
2024-10-14 23:05:46.964305 Charlie: Quebec, sending you 1
2024-10-14 23:05:46.966037 Alpha: Kilo and Charlie, sending you 1
2024-10-14 23:05:46.967300 Whiskey: Alpha and Charlie, sending you 2
2024-10-14 23:05:46.968066 Mike: Charlie, sending you 5
2024-10-14 23:05:46.969490 Kilo: Victor, sending you 2
2024-10-14 23:05:46.970826 Charlie: Kilo, sending you 6
2024-10-14 23:05:46.973470 Whiskey: Victor, sending you 4
2024-10-14 23:05:46.975193 Mike: Victor, sending you 6
2024-10-14 23:05:46.978857 Charlie: Alpha and Victor, sending you 3
2024-10-14 23:05:46.984994 Charlie: Whiskey, sending you 5
chatterbot Golf submitting transactions
chatterbot Kilo submitting transactions
chatterbot Quebec submitting transactions
chatterbot Charlie submitting transactions
chatterbot India submitting transactions
chatterbot Victor submitting transactions
chatterbot Mike submitting transactions
chatterbot Alpha submitting transactions
chatterbot Whiskey submitting transactions
ChatterBot Delta round 2
ChatterBot Mike round 2
ChatterBot Quebec round 2
ChatterBot India round 2
ChatterBot Kilo round 2
ChatterBot Alpha round 2
ChatterBot Charlie round 2
ChatterBot Victor round 2
ChatterBot Whiskey round 2
ChatterBot Golf round 2
2024-10-14 23:05:48.255572 Delta: Let's form a team
ChatterBot Mike reevaluating
ChatterBot Quebec reevaluating
ChatterBot India reevaluating
ChatterBot Golf reevaluating
2024-10-14 23:05:48.272951 Mike: Yes
2024-10-14 23:05:48.273209 Quebec: No
2024-10-14 23:05:48.273351 India: No
2024-10-14 23:05:48.273491 Golf: No
ChatterBot Quebec reevaluating
ChatterBot India reevaluating
ChatterBot Golf reevaluating
ChatterBot Mike reevaluating
ChatterBot India reevaluating
ChatterBot Golf reevaluating
ChatterBot Mike reevaluating
ChatterBot Quebec reevaluating
ChatterBot Golf reevaluating
ChatterBot Mike reevaluating
ChatterBot Quebec reevaluating
ChatterBot India reevaluating
2024-10-14 23:05:48.340964 Quebec: Can we be friends?
ChatterBot Kilo reevaluating
ChatterBot Alpha reevaluating
ChatterBot Charlie reevaluating
ChatterBot Whiskey reevaluating
ChatterBot Delta reevaluating
ChatterBot Mike reevaluating
ChatterBot India reevaluating
ChatterBot Victor reevaluating
2024-10-14 23:05:48.377197 Kilo: No
2024-10-14 23:05:48.377503 Alpha: No
2024-10-14 23:05:48.377665 Charlie: Yes
2024-10-14 23:05:48.377827 Whiskey: No
2024-10-14 23:05:48.378007 Delta: No
2024-10-14 23:05:48.378951 Mike: No
2024-10-14 23:05:48.379082 India: No
2024-10-14 23:05:48.379238 Victor: No
ChatterBot Quebec reevaluating
ChatterBot Delta reevaluating
ChatterBot Mike reevaluating
ChatterBot India reevaluating
ChatterBot Alpha reevaluating
ChatterBot Charlie reevaluating
ChatterBot Victor reevaluating
ChatterBot Whiskey reevaluating
ChatterBot Quebec reevaluating
ChatterBot Delta reevaluating
ChatterBot Mike reevaluating
ChatterBot India reevaluating
ChatterBot Kilo reevaluating
ChatterBot Charlie reevaluating
ChatterBot Victor reevaluating
ChatterBot Whiskey reevaluating
ChatterBot Quebec reevaluating
ChatterBot Delta reevaluating
ChatterBot Mike reevaluating
ChatterBot India reevaluating
ChatterBot Kilo reevaluating
ChatterBot Alpha reevaluating
ChatterBot Victor reevaluating
ChatterBot Whiskey reevaluating
ChatterBot Quebec reevaluating
ChatterBot Delta reevaluating
ChatterBot Mike reevaluating
ChatterBot India reevaluating
ChatterBot Kilo reevaluating
ChatterBot Alpha reevaluating
ChatterBot Charlie reevaluating
ChatterBot Victor reevaluating
ChatterBot Quebec reevaluating
ChatterBot Mike reevaluating
ChatterBot India reevaluating
ChatterBot Kilo reevaluating
ChatterBot Alpha reevaluating
ChatterBot Charlie reevaluating
ChatterBot Victor reevaluating
ChatterBot Whiskey reevaluating
ChatterBot Quebec reevaluating
ChatterBot Delta reevaluating
ChatterBot India reevaluating
ChatterBot Kilo reevaluating
ChatterBot Alpha reevaluating
ChatterBot Charlie reevaluating
ChatterBot Victor reevaluating
ChatterBot Whiskey reevaluating
ChatterBot Quebec reevaluating
ChatterBot Delta reevaluating
ChatterBot Mike reevaluating
ChatterBot Kilo reevaluating
ChatterBot Alpha reevaluating
ChatterBot Charlie reevaluating
ChatterBot Victor reevaluating
ChatterBot Whiskey reevaluating
ChatterBot Quebec reevaluating
ChatterBot Delta reevaluating
ChatterBot Mike reevaluating
ChatterBot India reevaluating
ChatterBot Kilo reevaluating
ChatterBot Alpha reevaluating
ChatterBot Charlie reevaluating
ChatterBot Whiskey reevaluating
2024-10-14 23:05:48.889849 India: Let's form a team
ChatterBot Mike reevaluating
2024-10-14 23:05:48.897411 Delta: Yes
2024-10-14 23:05:48.897554 Mike: Yes
ChatterBot Mike reevaluating
ChatterBot India reevaluating
2024-10-14 23:05:49.350673 Whiskey: Quebec, sending you 3
2024-10-14 23:05:49.351557 Golf: Delta, sending you 5
2024-10-14 23:05:49.351854 Charlie: Delta, Quebec, Victor and Whiskey, sending you 2
2024-10-14 23:05:49.352167 Victor: Quebec, sending you 1
2024-10-14 23:05:49.352958 Alpha: Quebec, sending you 1
2024-10-14 23:05:49.353362 Delta: Mike, sending you 9
2024-10-14 23:05:49.353593 Quebec: Delta, Mike, India and Alpha, sending you 3
2024-10-14 23:05:49.354397 Kilo: Quebec and Alpha, sending you 2
2024-10-14 23:05:49.354925 Whiskey: Kilo and Charlie, sending you 4
2024-10-14 23:05:49.355673 Charlie: Mike and Kilo, sending you 4
2024-10-14 23:05:49.355951 Golf: Mike, Quebec and India, sending you 4
2024-10-14 23:05:49.356201 Victor: Kilo and Alpha, sending you 3
2024-10-14 23:05:49.635655 Delta: Quebec, sending you 1
2024-10-14 23:05:49.636644 Alpha: Kilo, Charlie, Victor and Whiskey, sending you 2
2024-10-14 23:05:49.637169 Quebec: Kilo, Charlie, Victor and Whiskey, sending you 2
2024-10-14 23:05:49.637666 Whiskey: Alpha and Victor, sending you 2
2024-10-14 23:05:49.640445 Kilo: Charlie and Whiskey, sending you 6
2024-10-14 23:05:49.643853 India: Sending you 10
2024-10-14 23:05:49.644156 Victor: Charlie and Whiskey, sending you 4
2024-10-14 23:05:49.645824 Charlie: India and Alpha, sending you 1
chatterbot Alpha submitting transactions
chatterbot Whiskey submitting transactions
chatterbot Delta submitting transactions
chatterbot Quebec submitting transactions
2024-10-14 23:05:49.646721 Delta: India, sending you 7
2024-10-14 23:05:49.648503 Kilo: Victor, sending you 3
2024-10-14 23:05:49.905364 Mike: Delta, sending you 9
chatterbot Charlie submitting transactions
chatterbot Kilo submitting transactions
2024-10-14 23:05:49.957359 Mike: Quebec and Golf, sending you 1
2024-10-14 23:05:49.978439 Mike: India, sending you 3
chatterbot Mike submitting transactions
chatterbot Golf submitting transactions
chatterbot Victor submitting transactions
chatterbot India submitting transactions
ChatterBot Delta round 3
ChatterBot Mike round 3
ChatterBot Quebec round 3
ChatterBot India round 3
ChatterBot Kilo round 3
ChatterBot Alpha round 3
ChatterBot Charlie round 3
ChatterBot Victor round 3
ChatterBot Whiskey round 3
ChatterBot Golf round 3
2024-10-14 23:05:50.750823 Quebec: We should add Golf
ChatterBot Delta reevaluating
ChatterBot India reevaluating
ChatterBot Kilo reevaluating
ChatterBot Alpha reevaluating
ChatterBot Charlie reevaluating
ChatterBot Victor reevaluating
ChatterBot Whiskey reevaluating
2024-10-14 23:05:50.787003 Delta: Yes
2024-10-14 23:05:50.787248 Mike: Yes
2024-10-14 23:05:50.787436 India: Yes
2024-10-14 23:05:50.788112 Kilo: No
2024-10-14 23:05:50.788413 Alpha: No
2024-10-14 23:05:50.788674 Charlie: No
2024-10-14 23:05:50.788901 Victor: No
2024-10-14 23:05:50.789711 Whiskey: No
ChatterBot Quebec reevaluating
ChatterBot India reevaluating
ChatterBot Kilo reevaluating
ChatterBot Alpha reevaluating
ChatterBot Charlie reevaluating
ChatterBot Victor reevaluating
ChatterBot Whiskey reevaluating
ChatterBot Quebec reevaluating
ChatterBot Delta reevaluating
ChatterBot India reevaluating
ChatterBot Kilo reevaluating
ChatterBot Alpha reevaluating
ChatterBot Charlie reevaluating
ChatterBot Victor reevaluating
ChatterBot Whiskey reevaluating
ChatterBot Quebec reevaluating
ChatterBot Delta reevaluating
ChatterBot Kilo reevaluating
ChatterBot Alpha reevaluating
ChatterBot Charlie reevaluating
ChatterBot Victor reevaluating
ChatterBot Whiskey reevaluating
ChatterBot Quebec reevaluating
ChatterBot Delta reevaluating
ChatterBot India reevaluating
ChatterBot Alpha reevaluating
ChatterBot Charlie reevaluating
ChatterBot Victor reevaluating
ChatterBot Whiskey reevaluating
ChatterBot Quebec reevaluating
ChatterBot Delta reevaluating
ChatterBot India reevaluating
ChatterBot Kilo reevaluating
ChatterBot Charlie reevaluating
ChatterBot Victor reevaluating
ChatterBot Whiskey reevaluating
ChatterBot Quebec reevaluating
ChatterBot Delta reevaluating
ChatterBot India reevaluating
ChatterBot Kilo reevaluating
ChatterBot Alpha reevaluating
ChatterBot Victor reevaluating
ChatterBot Whiskey reevaluating
ChatterBot Quebec reevaluating
ChatterBot Delta reevaluating
ChatterBot India reevaluating
ChatterBot Kilo reevaluating
ChatterBot Alpha reevaluating
ChatterBot Charlie reevaluating
ChatterBot Whiskey reevaluating
ChatterBot Quebec reevaluating
ChatterBot Delta reevaluating
ChatterBot India reevaluating
ChatterBot Kilo reevaluating
ChatterBot Alpha reevaluating
ChatterBot Charlie reevaluating
ChatterBot Victor reevaluating
2024-10-14 23:05:51.144517 Delta: Golf we want you to join our group
2024-10-14 23:05:51.149671 Golf: Yes
ChatterBot Delta reevaluating
ChatterBot Quebec reevaluating
2024-10-14 23:05:51.320605 Alpha: Quebec, Charlie, Victor and Whiskey, sending you 2
2024-10-14 23:05:51.321675 Quebec: Golf we want you to join our group
2024-10-14 23:05:51.326121 Golf: No
ChatterBot Quebec reevaluating
2024-10-14 23:05:51.360723 Kilo: Quebec and Victor, sending you 3
2024-10-14 23:05:51.361693 Charlie: Quebec, sending you 3
2024-10-14 23:05:51.362006 Mike: Delta, sending you 8
2024-10-14 23:05:51.362297 Victor: Quebec, sending you 2
2024-10-14 23:05:51.363134 Alpha: Kilo, sending you 1
chatterbot Mike submitting transactions
2024-10-14 23:05:51.555053 Quebec: We should drop India
2024-10-14 23:05:51.598733 Kilo: Yes
2024-10-14 23:05:51.599245 Alpha: Yes
2024-10-14 23:05:51.599786 Charlie: Yes
2024-10-14 23:05:51.600194 Victor: Yes
2024-10-14 23:05:51.600903 Whiskey: Yes
2024-10-14 23:05:51.601369 Delta: No
2024-10-14 23:05:51.601719 Mike: No
ChatterBot Quebec reevaluating
ChatterBot Quebec reevaluating
ChatterBot Quebec reevaluating
ChatterBot Quebec reevaluating
ChatterBot Quebec reevaluating
ChatterBot Quebec reevaluating
ChatterBot Quebec reevaluating
2024-10-14 23:05:51.925670 Mike: Quebec and Golf, sending you 3
2024-10-14 23:05:51.926715 Kilo: Alpha, sending you 2
2024-10-14 23:05:51.927260 Charlie: Kilo, sending you 5
2024-10-14 23:05:51.927830 Victor: Kilo, Alpha and Charlie, sending you 3
2024-10-14 23:05:51.928923 Whiskey: Quebec, Charlie and Victor, sending you 3
2024-10-14 23:05:51.930051 Golf: Delta and Quebec, sending you 1
2024-10-14 23:05:51.930491 India: Delta, sending you 5
chatterbot Kilo submitting transactions
2024-10-14 23:05:51.931758 Mike: India, sending you 2
2024-10-14 23:05:51.932166 Charlie: Alpha, sending you 2
chatterbot Victor submitting transactions
2024-10-14 23:05:51.933540 Kilo: Charlie, sending you 6
2024-10-14 23:05:51.934030 Victor: Whiskey, sending you 4
2024-10-14 23:05:51.935096 Whiskey: Kilo, sending you 4
2024-10-14 23:05:51.935619 Golf: Mike, sending you 2
2024-10-14 23:05:51.935971 India: Mike, Quebec and Golf, sending you 3
2024-10-14 23:05:51.936858 Charlie: Victor and Whiskey, sending you 4
2024-10-14 23:05:51.937432 Kilo: Whiskey, sending you 5
2024-10-14 23:05:51.942916 Whiskey: Alpha, sending you 2
2024-10-14 23:05:51.943399 Golf: India, sending you 13
2024-10-14 23:05:51.964737 Delta: Mike, sending you 8
2024-10-14 23:05:52.012726 Delta: Quebec, sending you 3
2024-10-14 23:05:52.013850 Quebec: Delta, Mike, Kilo, Alpha, Charlie and Whiskey, sending you 3
2024-10-14 23:05:52.021476 Delta: India, sending you 2
2024-10-14 23:05:52.022345 Quebec: Victor, sending you 2
2024-10-14 23:05:52.036737 Delta: Golf, sending you 4
chatterbot Quebec submitting transactions
chatterbot Delta submitting transactions
chatterbot Whiskey submitting transactions
chatterbot Golf submitting transactions
chatterbot Alpha submitting transactions
chatterbot India submitting transactions
chatterbot Charlie submitting transactions
ChatterBot Delta round 4
ChatterBot Mike round 4
ChatterBot Quebec round 4
ChatterBot India round 4
ChatterBot Kilo round 4
ChatterBot Alpha round 4
ChatterBot Charlie round 4
ChatterBot Victor round 4
ChatterBot Whiskey round 4
ChatterBot Golf round 4
2024-10-14 23:05:53.141177 Quebec: Delta, Mike, Kilo, Alpha, Charlie and Whiskey, sending you 3
2024-10-14 23:05:53.141809 Whiskey: Quebec, Charlie and Victor, sending you 3
2024-10-14 23:05:53.142704 Delta: Mike, sending you 8
2024-10-14 23:05:53.143111 Golf: Delta and Mike, sending you 4
2024-10-14 23:05:53.143851 Victor: Quebec, sending you 2
2024-10-14 23:05:53.144388 Mike: Delta, sending you 8
2024-10-14 23:05:53.145329 India: Delta, Mike and Quebec, sending you 3
2024-10-14 23:05:53.145687 Charlie: Quebec, sending you 3
2024-10-14 23:05:53.146222 Alpha: Quebec, Charlie, Victor and Whiskey, sending you 2
2024-10-14 23:05:53.147200 Kilo: Quebec, sending you 3
2024-10-14 23:05:53.147666 Quebec: Victor, sending you 2
2024-10-14 23:05:53.148602 Delta: Quebec, India and Golf, sending you 3
2024-10-14 23:05:53.148941 Victor: Kilo, Alpha and Whiskey, sending you 3
2024-10-14 23:05:53.149524 Whiskey: Kilo, sending you 4
2024-10-14 23:05:53.150550 Mike: Quebec, India and Golf, sending you 3
2024-10-14 23:05:53.150889 Golf: India, sending you 9
2024-10-14 23:05:53.151600 India: Golf, sending you 5
2024-10-14 23:05:53.151988 Charlie: Kilo, sending you 5
2024-10-14 23:05:53.152366 Alpha: Kilo, sending you 1
2024-10-14 23:05:53.153328 Kilo: Alpha, sending you 2
2024-10-14 23:05:53.153760 Victor: Charlie, sending you 4
2024-10-14 23:05:53.154540 Whiskey: Alpha, sending you 2
2024-10-14 23:05:53.218768 Charlie: Alpha, sending you 2
2024-10-14 23:05:53.219357 Kilo: Charlie and Whiskey, sending you 5
2024-10-14 23:05:53.464369 Kilo: Victor, sending you 4
2024-10-14 23:05:53.465646 Charlie: Victor and Whiskey, sending you 4
chatterbot Alpha submitting transactions
chatterbot Victor submitting transactions
chatterbot Golf submitting transactions
chatterbot Whiskey submitting transactions
chatterbot India submitting transactions
chatterbot Delta submitting transactions
chatterbot Quebec submitting transactions
chatterbot Charlie submitting transactions
chatterbot Kilo submitting transactions
chatterbot Mike submitting transactions
ChatterBot Delta round 5
ChatterBot Mike round 5
ChatterBot Quebec round 5
ChatterBot India round 5
ChatterBot Kilo round 5
ChatterBot Alpha round 5
2024-10-14 23:05:54.464817 Quebec: We should add India and Golf
2024-10-14 23:05:54.506813 Kilo: No
2024-10-14 23:05:54.507049 Alpha: No
2024-10-14 23:05:54.507250 Charlie: No
2024-10-14 23:05:54.507506 Victor: No
2024-10-14 23:05:54.508119 Whiskey: No
2024-10-14 23:05:54.508335 Delta: Yes
2024-10-14 23:05:54.508497 Mike: Yes
ChatterBot Quebec reevaluating
ChatterBot Quebec reevaluating
ChatterBot Quebec reevaluating
ChatterBot Quebec reevaluating
ChatterBot Charlie round 5
ChatterBot Victor round 5
ChatterBot Whiskey round 5
ChatterBot Golf round 5
2024-10-14 23:05:54.881077 Golf: We should replace Quebec with Alpha
ChatterBot India reevaluating
2024-10-14 23:05:54.894389 Delta: No
2024-10-14 23:05:54.894735 Mike: No
2024-10-14 23:05:54.895956 India: No
ChatterBot Golf reevaluating
ChatterBot India reevaluating
ChatterBot Golf reevaluating
ChatterBot India reevaluating
ChatterBot Golf reevaluating
2024-10-14 23:05:54.956621 Quebec: India and Golf we want you to join our group
ChatterBot India reevaluating
ChatterBot Golf reevaluating
2024-10-14 23:05:54.970420 India: No
2024-10-14 23:05:54.970591 Golf: No
ChatterBot Quebec reevaluating
ChatterBot Golf reevaluating
ChatterBot Quebec reevaluating
ChatterBot India reevaluating
2024-10-14 23:05:55.047673 Mike: Delta, sending you 8
2024-10-14 23:05:55.049293 Alpha: Quebec, Charlie, Victor and Whiskey, sending you 2
2024-10-14 23:05:55.049889 Delta: Mike, sending you 8
2024-10-14 23:05:55.050254 Kilo: Quebec, sending you 3
2024-10-14 23:05:55.051889 India: We should drop Quebec
ChatterBot Golf reevaluating
ChatterBot Delta reevaluating
2024-10-14 23:05:55.070904 Golf: Yes
2024-10-14 23:05:55.071119 Delta: Yes
2024-10-14 23:05:55.071311 Mike: No
ChatterBot Delta reevaluating
ChatterBot Golf reevaluating
ChatterBot Golf reevaluating
ChatterBot Delta reevaluating
2024-10-14 23:05:55.130098 Mike: Quebec, India and Golf, sending you 3
2024-10-14 23:05:55.131316 Alpha: Kilo, sending you 1
2024-10-14 23:05:55.132036 Kilo: Alpha, sending you 2
2024-10-14 23:05:55.136057 Whiskey: Quebec, Charlie and Victor, sending you 3
2024-10-14 23:05:55.137132 Victor: Quebec, sending you 2
2024-10-14 23:05:55.137769 Kilo: Charlie and Whiskey, sending you 5
2024-10-14 23:05:55.138220 Charlie: Quebec, sending you 3
2024-10-14 23:05:55.139690 Whiskey: Kilo, sending you 4
2024-10-14 23:05:55.142518 Victor: Kilo, Alpha and Whiskey, sending you 3
2024-10-14 23:05:55.143227 Kilo: Victor, sending you 4
2024-10-14 23:05:55.144458 Charlie: Kilo, sending you 5
2024-10-14 23:05:55.145186 India: Delta and Mike, sending you 4
2024-10-14 23:05:55.146137 Whiskey: Alpha, sending you 2
2024-10-14 23:05:55.146882 Victor: Charlie, sending you 4
2024-10-14 23:05:55.150318 Charlie: Alpha, sending you 2
2024-10-14 23:05:55.153119 India: Golf, sending you 6
2024-10-14 23:05:55.156722 Charlie: Victor and Whiskey, sending you 4
2024-10-14 23:05:55.163933 Quebec: Delta, Mike, India, Kilo, Alpha, Victor and Golf, sending you 2
2024-10-14 23:05:55.167638 Delta: Sorry, I'm actually sending you 0
2024-10-14 23:05:55.169126 Quebec: Charlie and Whiskey, sending you 3
2024-10-14 23:05:55.181974 Delta: Mike, sending you 9
2024-10-14 23:05:55.190372 Delta: India and Golf, sending you 4
chatterbot India submitting transactions
chatterbot Whiskey submitting transactions
chatterbot Alpha submitting transactions
chatterbot Golf submitting transactions
chatterbot Mike submitting transactions
chatterbot Quebec submitting transactions
chatterbot Delta submitting transactions
chatterbot Victor submitting transactions
chatterbot Charlie submitting transactions
chatterbot Kilo submitting transactions
ChatterBot Delta round 6
ChatterBot Mike round 6
ChatterBot Quebec round 6
ChatterBot India round 6
ChatterBot Kilo round 6
ChatterBot Alpha round 6
ChatterBot Charlie round 6
ChatterBot Victor round 6
ChatterBot Whiskey round 6
ChatterBot Golf round 6
2024-10-14 23:05:56.203928 India: We should add Quebec
ChatterBot Golf reevaluating
ChatterBot Delta reevaluating
2024-10-14 23:05:56.222892 Golf: Yes
2024-10-14 23:05:56.223419 Delta: Yes
2024-10-14 23:05:56.223764 Mike: Yes
ChatterBot Delta reevaluating
ChatterBot Golf reevaluating
ChatterBot Golf reevaluating
ChatterBot Delta reevaluating
2024-10-14 23:05:56.293410 India: Quebec we want you to join our group
ChatterBot Quebec reevaluating
2024-10-14 23:05:56.301842 Quebec: No
ChatterBot Delta reevaluating
ChatterBot Golf reevaluating
2024-10-14 23:05:56.332678 Alpha: Quebec, Charlie, Victor and Whiskey, sending you 2
2024-10-14 23:05:56.334609 Mike: Delta, sending you 8
2024-10-14 23:05:56.335541 Victor: Quebec, sending you 2
2024-10-14 23:05:56.337139 Charlie: Quebec, sending you 3
2024-10-14 23:05:56.338276 Alpha: Kilo, sending you 1
2024-10-14 23:05:56.340174 Delta: Quebec we want you to join our group
ChatterBot Quebec reevaluating
2024-10-14 23:05:56.346514 Quebec: No
ChatterBot India reevaluating
2024-10-14 23:05:56.371475 Mike: Quebec, India and Golf, sending you 3
2024-10-14 23:05:56.373694 Victor: Kilo, Alpha and Whiskey, sending you 3
2024-10-14 23:05:56.376098 Charlie: Kilo, sending you 5
2024-10-14 23:05:56.377626 Kilo: Quebec, sending you 3
2024-10-14 23:05:56.380104 Victor: Charlie, sending you 4
2024-10-14 23:05:56.382425 Charlie: Alpha, sending you 2
2024-10-14 23:05:56.384052 Kilo: Alpha, sending you 2
2024-10-14 23:05:56.386455 Golf: Delta and Mike, sending you 4
2024-10-14 23:05:56.387197 Whiskey: Quebec, Charlie and Victor, sending you 3
2024-10-14 23:05:56.389160 Charlie: Victor and Whiskey, sending you 4
2024-10-14 23:05:56.390147 Kilo: Charlie and Whiskey, sending you 5
2024-10-14 23:05:56.391221 Golf: Quebec, sending you 2
2024-10-14 23:05:56.393675 Whiskey: Kilo, sending you 4
2024-10-14 23:05:56.395597 Kilo: Victor, sending you 4
2024-10-14 23:05:56.396668 Golf: India, sending you 7
2024-10-14 23:05:56.398247 Quebec: Sending you each 4
2024-10-14 23:05:56.398933 India: Delta and Mike, sending you 4
2024-10-14 23:05:56.399676 Whiskey: Alpha, sending you 2
2024-10-14 23:05:56.400916 Delta: Mike, sending you 8
2024-10-14 23:05:56.402667 India: Golf, sending you 6
2024-10-14 23:05:56.405884 Delta: Quebec, India and Golf, sending you 3
chatterbot Victor submitting transactions
chatterbot Mike submitting transactions
chatterbot Whiskey submitting transactions
chatterbot Charlie submitting transactions
chatterbot Kilo submitting transactions
chatterbot Delta submitting transactions
chatterbot Golf submitting transactions
chatterbot Alpha submitting transactions
chatterbot Quebec submitting transactions
chatterbot India submitting transactions
ChatterBot Delta round 7
ChatterBot Mike round 7
ChatterBot Quebec round 7
ChatterBot India round 7
ChatterBot Kilo round 7
ChatterBot Alpha round 7
ChatterBot Charlie round 7
ChatterBot Victor round 7
ChatterBot Whiskey round 7
ChatterBot Golf round 7
2024-10-14 23:05:57.589035 India: We should add Quebec
2024-10-14 23:05:57.602049 Golf: Yes
2024-10-14 23:05:57.602273 Delta: Yes
2024-10-14 23:05:57.603053 Mike: Yes
ChatterBot India reevaluating
ChatterBot India reevaluating
2024-10-14 23:05:57.669702 Kilo: Quebec, sending you 3
2024-10-14 23:05:57.672360 India: Quebec we want you to join our group
ChatterBot Quebec reevaluating
2024-10-14 23:05:57.676568 Quebec: No
ChatterBot India reevaluating
2024-10-14 23:05:57.698503 Kilo: Alpha, sending you 2
2024-10-14 23:05:57.699330 Delta: Mike, sending you 8
2024-10-14 23:05:57.700672 Mike: Delta, sending you 7
2024-10-14 23:05:57.702692 Charlie: Quebec, Alpha and Whiskey, sending you 3
2024-10-14 23:05:57.703532 Alpha: Quebec, Charlie, Victor and Whiskey, sending you 2
2024-10-14 23:05:57.704748 Kilo: Charlie and Whiskey, sending you 5
2024-10-14 23:05:57.705458 Victor: Quebec, Kilo and Whiskey, sending you 3
2024-10-14 23:05:57.709911 Mike: Quebec and Golf, sending you 3
2024-10-14 23:05:57.710823 Delta: Quebec, sending you 2
2024-10-14 23:05:57.711413 Golf: Delta and Mike, sending you 4
2024-10-14 23:05:57.713664 Whiskey: Quebec, Charlie and Victor, sending you 3
2024-10-14 23:05:57.714956 Charlie: Kilo, sending you 5
2024-10-14 23:05:57.717303 Alpha: Kilo, sending you 1
2024-10-14 23:05:57.718278 Kilo: Victor, sending you 4
2024-10-14 23:05:57.720817 Victor: Alpha, sending you 2
2024-10-14 23:05:57.727478 Mike: India, sending you 4
2024-10-14 23:05:57.728790 Delta: India, sending you 4
2024-10-14 23:05:57.729516 Golf: Quebec, sending you 1
2024-10-14 23:05:57.730676 Whiskey: Kilo, sending you 4
2024-10-14 23:05:57.732002 Charlie: Victor, sending you 4
2024-10-14 23:05:57.734489 Victor: Charlie, sending you 4
2024-10-14 23:05:57.735661 Delta: Golf, sending you 3
2024-10-14 23:05:57.738024 Golf: India, sending you 8
2024-10-14 23:05:57.738806 Whiskey: Alpha, sending you 2
2024-10-14 23:05:57.745022 Quebec: Same as last round
2024-10-14 23:05:57.751701 India: Delta, Mike and Quebec, sending you 3
2024-10-14 23:05:57.755691 India: Golf, sending you 5
chatterbot Whiskey submitting transactions
chatterbot Alpha submitting transactions
chatterbot Quebec submitting transactions
chatterbot Golf submitting transactions
chatterbot Kilo submitting transactions
chatterbot Charlie submitting transactions
chatterbot Victor submitting transactions
chatterbot Mike submitting transactions
chatterbot Delta submitting transactions
chatterbot India submitting transactions
ChatterBot Delta round 8
ChatterBot Mike round 8
ChatterBot Quebec round 8
ChatterBot India round 8
ChatterBot Kilo round 8
ChatterBot Alpha round 8
ChatterBot Charlie round 8
ChatterBot Victor round 8
ChatterBot Whiskey round 8
ChatterBot Golf round 8
2024-10-14 23:05:58.908174 India: We should drop Quebec
ChatterBot Golf reevaluating
ChatterBot Delta reevaluating
2024-10-14 23:05:58.918193 Golf: Yes
2024-10-14 23:05:58.918358 Delta: Yes
2024-10-14 23:05:58.918493 Mike: No
ChatterBot Delta reevaluating
ChatterBot Golf reevaluating
ChatterBot Golf reevaluating
ChatterBot Delta reevaluating
2024-10-14 23:05:58.953791 Kilo: Quebec and Victor, sending you 4
2024-10-14 23:05:58.954720 Quebec: Delta, Mike, India, Kilo, Alpha, Charlie, Victor and Golf, sending you 2
2024-10-14 23:05:58.955760 Alpha: Quebec, Charlie, Victor and Whiskey, sending you 2
2024-10-14 23:05:58.956756 Mike: Delta, sending you 7
2024-10-14 23:05:58.957118 Kilo: Alpha, sending you 1
2024-10-14 23:05:58.959689 Alpha: Kilo, sending you 1
2024-10-14 23:05:58.960386 Mike: Quebec, sending you 2
2024-10-14 23:05:58.960929 Charlie: Quebec, Kilo and Victor, sending you 4
2024-10-14 23:05:58.961484 Quebec: Whiskey, sending you 4
2024-10-14 23:05:58.961953 Kilo: Charlie and Whiskey, sending you 5
2024-10-14 23:05:58.964689 Whiskey: Quebec, Charlie and Victor, sending you 3
2024-10-14 23:05:58.966239 Mike: India and Golf, sending you 4
2024-10-14 23:05:58.966925 Charlie: Alpha and Whiskey, sending you 3
2024-10-14 23:05:58.967963 India: Delta and Mike, sending you 4
2024-10-14 23:05:58.969694 Whiskey: Kilo, sending you 4
2024-10-14 23:05:58.972726 India: Golf, sending you 6
2024-10-14 23:05:58.973648 Victor: Quebec, Kilo and Whiskey, sending you 3
2024-10-14 23:05:58.974155 Whiskey: Alpha, sending you 2
2024-10-14 23:05:58.974692 Delta: Mike, sending you 9
2024-10-14 23:05:58.977673 Victor: Alpha, sending you 2
2024-10-14 23:05:58.979250 Delta: India and Golf, sending you 4
2024-10-14 23:05:58.982660 Victor: Charlie, sending you 4
chatterbot Delta submitting transactions
chatterbot Whiskey submitting transactions
chatterbot Charlie submitting transactions
chatterbot Alpha submitting transactions
chatterbot Quebec submitting transactions
chatterbot Kilo submitting transactions
chatterbot Victor submitting transactions
chatterbot Mike submitting transactions
chatterbot India submitting transactions
chatterbot Golf submitting transactions
ChatterBot Delta round 9
ChatterBot Mike round 9
ChatterBot Quebec round 9
ChatterBot India round 9
ChatterBot Kilo round 9
ChatterBot Alpha round 9
ChatterBot Charlie round 9
ChatterBot Victor round 9
ChatterBot Whiskey round 9
ChatterBot Golf round 9
2024-10-14 23:06:00.261448 Golf: We should drop Quebec
2024-10-14 23:06:00.270301 Delta: Yes
2024-10-14 23:06:00.270516 Mike: No
2024-10-14 23:06:00.270724 India: Yes
ChatterBot Golf reevaluating
ChatterBot Golf reevaluating
ChatterBot Golf reevaluating
2024-10-14 23:06:00.298651 Whiskey: Quebec, Charlie and Victor, sending you 3
2024-10-14 23:06:00.299720 Victor: Quebec, Kilo and Whiskey, sending you 3
2024-10-14 23:06:00.300367 Alpha: Quebec, Victor and Whiskey, sending you 2
2024-10-14 23:06:00.301489 Mike: Delta, sending you 7
2024-10-14 23:06:00.302439 Delta: Mike, sending you 9
2024-10-14 23:06:00.302968 India: Delta and Mike, sending you 4
2024-10-14 23:06:00.303535 Kilo: Quebec and Victor, sending you 4
2024-10-14 23:06:00.304569 Victor: Alpha, sending you 2
2024-10-14 23:06:00.305439 Whiskey: Kilo, sending you 4
2024-10-14 23:06:00.306366 Alpha: Kilo and Charlie, sending you 1
2024-10-14 23:06:00.307280 Mike: Quebec, sending you 2
2024-10-14 23:06:00.308980 Delta: India and Golf, sending you 4
2024-10-14 23:06:00.309527 Kilo: Alpha, sending you 1
2024-10-14 23:06:00.310503 India: Golf, sending you 6
2024-10-14 23:06:00.310990 Victor: Charlie, sending you 4
2024-10-14 23:06:00.311981 Whiskey: Alpha, sending you 2
2024-10-14 23:06:00.312996 Mike: India and Golf, sending you 4
2024-10-14 23:06:00.313687 Charlie: Quebec, Alpha and Whiskey, sending you 3
2024-10-14 23:06:00.314738 Kilo: Charlie and Whiskey, sending you 5
2024-10-14 23:06:00.319147 Charlie: Kilo, sending you 5
2024-10-14 23:06:00.319986 Quebec: Sending you each 4
2024-10-14 23:06:00.323677 Charlie: Victor, sending you 4
chatterbot Quebec submitting transactions
chatterbot Mike submitting transactions
chatterbot Victor submitting transactions
chatterbot Alpha submitting transactions
chatterbot Kilo submitting transactions
chatterbot Whiskey submitting transactions
chatterbot India submitting transactions
chatterbot Delta submitting transactions
chatterbot Golf submitting transactions
chatterbot Charlie submitting transactions
ChatterBot Delta round 10
ChatterBot Mike round 10
ChatterBot Quebec round 10
ChatterBot India round 10
ChatterBot Kilo round 10
ChatterBot Alpha round 10
ChatterBot Charlie round 10
ChatterBot Victor round 10
ChatterBot Whiskey round 10
ChatterBot Golf round 10
2024-10-14 23:06:01.354732 Mike: Delta, sending you 7
2024-10-14 23:06:01.358848 Golf: We should drop Quebec
ChatterBot Mike reevaluating
2024-10-14 23:06:01.367318 Delta: Yes
2024-10-14 23:06:01.367577 Mike: Yes
2024-10-14 23:06:01.367731 India: Yes
ChatterBot Golf reevaluating
ChatterBot Mike reevaluating
ChatterBot Golf reevaluating
ChatterBot Golf reevaluating
ChatterBot Mike reevaluating
2024-10-14 23:06:01.393398 India: Delta and Mike, sending you 4
2024-10-14 23:06:01.396667 India: Golf, sending you 6
2024-10-14 23:06:01.397210 Quebec: Same as last round
2024-10-14 23:06:01.398535 Whiskey: Quebec, Charlie and Victor, sending you 3
2024-10-14 23:06:01.399510 Charlie: Quebec, Kilo, Victor and Whiskey, sending you 4
2024-10-14 23:06:01.400845 Victor: Quebec, Kilo and Whiskey, sending you 3
2024-10-14 23:06:01.401912 Alpha: Quebec, Kilo and Charlie, sending you 1
2024-10-14 23:06:01.403114 Delta: Mike, sending you 8
2024-10-14 23:06:01.403578 Kilo: Quebec and Victor, sending you 4
2024-10-14 23:06:01.404553 Whiskey: Kilo, sending you 4
2024-10-14 23:06:01.405749 Charlie: Alpha, sending you 2
2024-10-14 23:06:01.406580 Victor: Alpha, sending you 2
2024-10-14 23:06:01.407463 Alpha: Victor and Whiskey, sending you 2
2024-10-14 23:06:01.408663 Delta: India, sending you 5
2024-10-14 23:06:01.409135 Kilo: Alpha, sending you 1
2024-10-14 23:06:01.409959 Whiskey: Alpha, sending you 2
2024-10-14 23:06:01.411120 Victor: Charlie, sending you 4
2024-10-14 23:06:01.412773 Delta: Golf, sending you 4
2024-10-14 23:06:01.414700 Kilo: Charlie and Whiskey, sending you 5
chatterbot Quebec submitting transactions
chatterbot Kilo submitting transactions
chatterbot Whiskey submitting transactions
chatterbot Victor submitting transactions
chatterbot Charlie submitting transactions
chatterbot Mike submitting transactions
chatterbot Golf submitting transactions
chatterbot Delta submitting transactions
chatterbot India submitting transactions
chatterbot Alpha submitting transactions
ChatterBot Delta round 11
ChatterBot Mike round 11
ChatterBot Quebec round 11
ChatterBot India round 11
ChatterBot Kilo round 11
2024-10-14 23:06:02.589515 Mike: We should replace Quebec with Alpha
ChatterBot Golf reevaluating
2024-10-14 23:06:02.596890 Golf: No
2024-10-14 23:06:02.597069 Delta: No
2024-10-14 23:06:02.597199 India: No
ChatterBot Mike reevaluating
ChatterBot Golf reevaluating
ChatterBot Mike reevaluating
ChatterBot Golf reevaluating
ChatterBot Mike reevaluating
ChatterBot Alpha round 11
ChatterBot Charlie round 11
ChatterBot Victor round 11
ChatterBot Whiskey round 11
ChatterBot Golf round 11
2024-10-14 23:06:02.640862 Golf: We should drop Quebec
ChatterBot Mike reevaluating
2024-10-14 23:06:02.650292 Delta: Yes
2024-10-14 23:06:02.650501 Mike: Yes
2024-10-14 23:06:02.650670 India: Yes
ChatterBot Golf reevaluating
ChatterBot Mike reevaluating
ChatterBot Golf reevaluating
ChatterBot Golf reevaluating
ChatterBot Mike reevaluating
2024-10-14 23:06:02.681408 Quebec: Same as last round
2024-10-14 23:06:02.682430 Delta: Mike, sending you 8
2024-10-14 23:06:02.683009 India: Delta and Mike, sending you 4
2024-10-14 23:06:02.683390 Victor: Quebec, Kilo and Whiskey, sending you 3
2024-10-14 23:06:02.684150 Charlie: Quebec, Kilo, Victor and Whiskey, sending you 4
2024-10-14 23:06:02.684775 Kilo: Quebec and Victor, sending you 4
2024-10-14 23:06:02.685952 Alpha: Quebec, Kilo and Charlie, sending you 1
2024-10-14 23:06:02.686820 Mike: Alpha we want you to join our group
2024-10-14 23:06:02.690602 Alpha: No
ChatterBot Golf reevaluating
2024-10-14 23:06:02.701963 Delta: India, sending you 5
2024-10-14 23:06:02.702434 India: Golf, sending you 6
2024-10-14 23:06:02.702895 Victor: Alpha, sending you 2
2024-10-14 23:06:02.704372 Alpha: Victor and Whiskey, sending you 2
2024-10-14 23:06:02.705369 Charlie: Alpha, sending you 2
2024-10-14 23:06:02.706380 Kilo: Alpha, sending you 1
2024-10-14 23:06:02.707682 Delta: Golf, sending you 4
2024-10-14 23:06:02.708517 Victor: Charlie, sending you 4
2024-10-14 23:06:02.710047 Kilo: Charlie and Whiskey, sending you 5
2024-10-14 23:06:02.712695 Whiskey: Quebec, Charlie and Victor, sending you 3
2024-10-14 23:06:02.718649 Whiskey: Kilo, sending you 4
2024-10-14 23:06:02.721692 Whiskey: Alpha, sending you 2
2024-10-14 23:06:02.739653 Golf: Delta and Mike, sending you 5
2024-10-14 23:06:02.742645 Golf: India, sending you 7
chatterbot Quebec submitting transactions
chatterbot Whiskey submitting transactions
chatterbot Delta submitting transactions
chatterbot India submitting transactions
chatterbot Charlie submitting transactions
chatterbot Kilo submitting transactions
chatterbot Golf submitting transactions
chatterbot Mike submitting transactions
chatterbot Victor submitting transactions
chatterbot Alpha submitting transactions
ChatterBot Delta round 12
ChatterBot Mike round 12
ChatterBot Quebec round 12
ChatterBot India round 12
ChatterBot Kilo round 12
ChatterBot Alpha round 12
ChatterBot Charlie round 12
ChatterBot Victor round 12
ChatterBot Whiskey round 12
ChatterBot Golf round 12
2024-10-14 23:06:03.824995 Mike: We should replace Quebec with Alpha
2024-10-14 23:06:03.839960 Golf: No
2024-10-14 23:06:03.840764 Delta: No
2024-10-14 23:06:03.841258 India: No
ChatterBot Golf reevaluating
2024-10-14 23:06:03.869641 Golf: We should add Alpha
2024-10-14 23:06:03.878156 Delta: No
2024-10-14 23:06:03.878448 Mike: Yes
2024-10-14 23:06:03.878621 India: No
ChatterBot Golf reevaluating
ChatterBot Golf reevaluating
ChatterBot Golf reevaluating
2024-10-14 23:06:03.953707 Mike: Alpha we want you to join our group
2024-10-14 23:06:03.960281 Alpha: No
