ChatterBot Juliett round 1
ChatterBot November round 1
ChatterBot Whiskey round 1
ChatterBot Charlie round 1
ChatterBot Alpha round 1
ChatterBot Golf round 1
ChatterBot Yankee round 1
ChatterBot Papa round 1
ChatterBot Lima round 1
ChatterBot India round 1
randomSelections November: {November, Lima, Alpha, Juliett, Whiskey, Golf} 
2024-10-14 23:05:47.015865 November: Group up?
ChatterBot Lima reevaluating
ChatterBot Alpha reevaluating
ChatterBot Juliett reevaluating
ChatterBot Whiskey reevaluating
ChatterBot Golf reevaluating
2024-10-14 23:05:47.033642 Lima: Yes
2024-10-14 23:05:47.033828 Alpha: Yes
2024-10-14 23:05:47.033953 Juliett: Yes
2024-10-14 23:05:47.034118 Whiskey: Yes
2024-10-14 23:05:47.034277 Golf: Yes
ChatterBot Alpha reevaluating
ChatterBot Juliett reevaluating
ChatterBot Whiskey reevaluating
ChatterBot Golf reevaluating
ChatterBot Lima reevaluating
ChatterBot Juliett reevaluating
ChatterBot Whiskey reevaluating
ChatterBot Golf reevaluating
ChatterBot Lima reevaluating
ChatterBot Alpha reevaluating
ChatterBot Whiskey reevaluating
ChatterBot Golf reevaluating
ChatterBot Lima reevaluating
ChatterBot Alpha reevaluating
ChatterBot Juliett reevaluating
ChatterBot Golf reevaluating
ChatterBot Lima reevaluating
ChatterBot Alpha reevaluating
ChatterBot Juliett reevaluating
ChatterBot Whiskey reevaluating
randomSelections Papa: {Papa, Alpha, India} 
2024-10-14 23:05:47.084637 Papa: Let's form a team
ChatterBot Alpha reevaluating
ChatterBot India reevaluating
2024-10-14 23:05:47.088046 Alpha: No
2024-10-14 23:05:47.088280 India: Yes
ChatterBot India reevaluating
ChatterBot Alpha reevaluating
randomSelections Yankee: {Yankee, Alpha, India, Juliett} 
2024-10-14 23:05:47.095834 Yankee: Group up?
ChatterBot Alpha reevaluating
ChatterBot India reevaluating
ChatterBot Juliett reevaluating
2024-10-14 23:05:47.100462 Alpha: No
2024-10-14 23:05:47.100560 India: No
2024-10-14 23:05:47.100650 Juliett: No
ChatterBot India reevaluating
ChatterBot Juliett reevaluating
ChatterBot Alpha reevaluating
ChatterBot Juliett reevaluating
ChatterBot Alpha reevaluating
ChatterBot India reevaluating
randomSelections Charlie: {Charlie, Whiskey} 
2024-10-14 23:05:47.113919 Charlie: Can we be friends?
ChatterBot Whiskey reevaluating
2024-10-14 23:05:47.115473 Whiskey: No
2024-10-14 23:05:47.128694 November: Juliett, Whiskey, Golf and Lima, sending you 1
2024-10-14 23:05:47.129719 Lima: November and Golf, sending you 2
2024-10-14 23:05:47.132046 Yankee: Juliett, sending you 3
2024-10-14 23:05:47.132390 Juliett: November and Golf, sending you 3
2024-10-14 23:05:47.132774 Papa: Alpha, sending you 9
2024-10-14 23:05:47.133681 Alpha: Juliett and Golf, sending you 1
2024-10-14 23:05:47.135672 Yankee: Alpha, sending you 6
2024-10-14 23:05:47.136649 India: Alpha and Papa, sending you 4
2024-10-14 23:05:47.137687 Juliett: Whiskey, sending you 4
2024-10-14 23:05:47.138461 Charlie: Sending you 15
2024-10-14 23:05:47.138702 Papa: India, sending you 6
2024-10-14 23:05:47.138979 Alpha: Whiskey, sending you 6
2024-10-14 23:05:47.139710 Yankee: India, sending you 5
2024-10-14 23:05:47.140654 Whiskey: Juliett, sending you 3
2024-10-14 23:05:47.141071 Juliett: Alpha and Lima, sending you 2
2024-10-14 23:05:47.141665 Golf: November and Whiskey, sending you 1
2024-10-14 23:05:47.145670 Whiskey: November and Lima, sending you 4
2024-10-14 23:05:47.146004 Golf: Alpha, sending you 2
2024-10-14 23:05:47.148660 Whiskey: Alpha, sending you 5
2024-10-14 23:05:47.153674 Whiskey: Golf, sending you 2
chatterbot Papa submitting transactions
chatterbot Yankee submitting transactions
chatterbot Charlie submitting transactions
chatterbot Juliett submitting transactions
chatterbot India submitting transactions
chatterbot Lima submitting transactions
chatterbot November submitting transactions
chatterbot Golf submitting transactions
chatterbot Whiskey submitting transactions
chatterbot Alpha submitting transactions
ChatterBot Juliett round 2
ChatterBot November round 2
ChatterBot Whiskey round 2
ChatterBot Charlie round 2
ChatterBot Alpha round 2
ChatterBot Golf round 2
ChatterBot Yankee round 2
ChatterBot Papa round 2
ChatterBot Lima round 2
ChatterBot India round 2
2024-10-14 23:05:49.532653 Juliett: Friends?
ChatterBot Whiskey reevaluating
ChatterBot Alpha reevaluating
ChatterBot Yankee reevaluating
2024-10-14 23:05:49.548868 Whiskey: No
2024-10-14 23:05:49.549032 Alpha: Yes
2024-10-14 23:05:49.549172 Yankee: Yes
ChatterBot Alpha reevaluating
ChatterBot Yankee reevaluating
ChatterBot Whiskey reevaluating
ChatterBot Yankee reevaluating
ChatterBot Whiskey reevaluating
ChatterBot Alpha reevaluating
2024-10-14 23:05:49.723819 Lima: Group up?
ChatterBot November reevaluating
ChatterBot Whiskey reevaluating
ChatterBot Charlie reevaluating
ChatterBot Alpha reevaluating
ChatterBot Yankee reevaluating
2024-10-14 23:05:49.778465 November: No
2024-10-14 23:05:49.778782 Juliett: No
2024-10-14 23:05:49.779485 Whiskey: No
2024-10-14 23:05:49.779800 Charlie: No
2024-10-14 23:05:49.780091 Alpha: Yes
2024-10-14 23:05:49.780319 Yankee: No
ChatterBot Whiskey reevaluating
ChatterBot Charlie reevaluating
ChatterBot Alpha reevaluating
ChatterBot Yankee reevaluating
ChatterBot November reevaluating
ChatterBot Whiskey reevaluating
ChatterBot Charlie reevaluating
ChatterBot Alpha reevaluating
ChatterBot Yankee reevaluating
ChatterBot November reevaluating
ChatterBot Charlie reevaluating
ChatterBot Alpha reevaluating
ChatterBot Yankee reevaluating
ChatterBot November reevaluating
ChatterBot Whiskey reevaluating
ChatterBot Alpha reevaluating
ChatterBot Yankee reevaluating
ChatterBot November reevaluating
ChatterBot Whiskey reevaluating
ChatterBot Charlie reevaluating
ChatterBot Yankee reevaluating
ChatterBot November reevaluating
ChatterBot Whiskey reevaluating
ChatterBot Charlie reevaluating
ChatterBot Alpha reevaluating
2024-10-14 23:05:50.049886 Charlie: We should add Juliett and Alpha
ChatterBot Whiskey reevaluating
2024-10-14 23:05:50.062278 Whiskey: Yes
ChatterBot Charlie reevaluating
2024-10-14 23:05:50.089400 Golf: We should group up
ChatterBot Alpha reevaluating
ChatterBot Whiskey reevaluating
ChatterBot Charlie reevaluating
ChatterBot Yankee reevaluating
2024-10-14 23:05:50.128908 Alpha: Yes
2024-10-14 23:05:50.129057 Juliett: No
2024-10-14 23:05:50.129166 Whiskey: No
2024-10-14 23:05:50.129270 Charlie: No
2024-10-14 23:05:50.129372 Yankee: No
ChatterBot Whiskey reevaluating
ChatterBot Charlie reevaluating
ChatterBot Yankee reevaluating
ChatterBot Alpha reevaluating
ChatterBot Whiskey reevaluating
ChatterBot Charlie reevaluating
ChatterBot Yankee reevaluating
ChatterBot Alpha reevaluating
ChatterBot Charlie reevaluating
ChatterBot Yankee reevaluating
ChatterBot Alpha reevaluating
ChatterBot Whiskey reevaluating
ChatterBot Yankee reevaluating
ChatterBot Alpha reevaluating
ChatterBot Whiskey reevaluating
ChatterBot Charlie reevaluating
2024-10-14 23:05:50.300260 India: Friends?
ChatterBot Papa reevaluating
ChatterBot Whiskey reevaluating
ChatterBot Charlie reevaluating
ChatterBot Alpha reevaluating
ChatterBot Yankee reevaluating
2024-10-14 23:05:50.350191 Papa: No
2024-10-14 23:05:50.350468 Juliett: No
2024-10-14 23:05:50.351175 Whiskey: No
2024-10-14 23:05:50.351344 Charlie: No
2024-10-14 23:05:50.351532 Alpha: Yes
2024-10-14 23:05:50.351699 Yankee: No
ChatterBot Whiskey reevaluating
ChatterBot Charlie reevaluating
ChatterBot Alpha reevaluating
ChatterBot Yankee reevaluating
ChatterBot India reevaluating
ChatterBot Papa reevaluating
ChatterBot Whiskey reevaluating
ChatterBot Charlie reevaluating
ChatterBot Alpha reevaluating
ChatterBot Yankee reevaluating
ChatterBot India reevaluating
ChatterBot Papa reevaluating
ChatterBot Charlie reevaluating
ChatterBot Alpha reevaluating
ChatterBot Yankee reevaluating
ChatterBot India reevaluating
ChatterBot Papa reevaluating
ChatterBot Whiskey reevaluating
ChatterBot Alpha reevaluating
ChatterBot Yankee reevaluating
ChatterBot India reevaluating
ChatterBot Papa reevaluating
ChatterBot Whiskey reevaluating
ChatterBot Charlie reevaluating
ChatterBot Yankee reevaluating
ChatterBot India reevaluating
ChatterBot Papa reevaluating
ChatterBot Whiskey reevaluating
ChatterBot Charlie reevaluating
ChatterBot Alpha reevaluating
2024-10-14 23:05:50.781682 Papa: We should replace Alpha with Yankee
ChatterBot India reevaluating
2024-10-14 23:05:50.791295 India: No
ChatterBot Papa reevaluating
2024-10-14 23:05:51.029226 Juliett: Whiskey and Yankee, sending you 5
2024-10-14 23:05:51.029723 Charlie: Juliett and Alpha we want you to join our group
ChatterBot Juliett reevaluating
2024-10-14 23:05:51.039751 Juliett: Yes
2024-10-14 23:05:51.040255 Alpha: Yes
ChatterBot Alpha reevaluating
ChatterBot Juliett reevaluating
2024-10-14 23:05:51.071830 Papa: Yankee we want you to join our group
ChatterBot Yankee reevaluating
2024-10-14 23:05:51.077058 Yankee: Yes
ChatterBot Papa reevaluating
ChatterBot India reevaluating
chatterbot Juliett submitting transactions
2024-10-14 23:05:51.164263 Whiskey: Juliett, sending you 4
2024-10-14 23:05:51.165031 Golf: Juliett, sending you 2
2024-10-14 23:05:51.165292 Lima: Juliett, sending you 3
2024-10-14 23:05:51.165549 November: Juliett, sending you 8
chatterbot Lima submitting transactions
2024-10-14 23:05:51.313985 Whiskey: Charlie, sending you 7
2024-10-14 23:05:51.314274 Golf: Whiskey and Alpha, sending you 1
2024-10-14 23:05:51.314530 Lima: November, sending you 2
2024-10-14 23:05:51.315347 November: Lima, sending you 9
2024-10-14 23:05:51.315574 Alpha: Juliett and Golf, sending you 2
2024-10-14 23:05:51.315826 Charlie: Sending you each 5
chatterbot Whiskey submitting transactions
chatterbot November submitting transactions
chatterbot Charlie submitting transactions
2024-10-14 23:05:51.366998 Whiskey: Alpha, sending you 5
2024-10-14 23:05:51.367372 India: Yankee and Papa, sending you 3
2024-10-14 23:05:51.367694 Lima: Whiskey, sending you 5
2024-10-14 23:05:51.368685 Alpha: Whiskey and Yankee, sending you 6
2024-10-14 23:05:51.389828 Lima: Charlie and Alpha, sending you 1
2024-10-14 23:05:51.390297 Papa: Yankee, sending you 6
2024-10-14 23:05:51.478258 Papa: India, sending you 11
chatterbot Golf submitting transactions
chatterbot India submitting transactions
chatterbot Papa submitting transactions
chatterbot Alpha submitting transactions
chatterbot Juliett submitting transactions
chatterbot Yankee submitting transactions
ChatterBot Juliett round 3
ChatterBot November round 3
ChatterBot Whiskey round 3
ChatterBot Charlie round 3
ChatterBot Alpha round 3
ChatterBot Golf round 3
ChatterBot Yankee round 3
ChatterBot Papa round 3
ChatterBot Lima round 3
ChatterBot India round 3
2024-10-14 23:05:52.440030 Yankee: We should add Alpha
ChatterBot Papa reevaluating
ChatterBot India reevaluating
2024-10-14 23:05:52.517503 Papa: No
2024-10-14 23:05:52.519101 India: Yes
ChatterBot India reevaluating
ChatterBot Yankee reevaluating
ChatterBot Papa reevaluating
ChatterBot Yankee reevaluating
2024-10-14 23:05:52.577801 Lima: We should replace Yankee with Golf
2024-10-14 23:05:52.611835 November: Yes
2024-10-14 23:05:52.612757 Juliett: Yes
2024-10-14 23:05:52.613115 Whiskey: No
2024-10-14 23:05:52.613853 Charlie: No
2024-10-14 23:05:52.614200 Alpha: Yes
ChatterBot Whiskey reevaluating
2024-10-14 23:05:52.753183 Lima: Golf we want you to join our group
2024-10-14 23:05:52.761365 Golf: Yes
ChatterBot Whiskey reevaluating
2024-10-14 23:05:52.789241 Juliett: November and Whiskey, sending you 3
2024-10-14 23:05:52.789837 Yankee: Alpha we want you to join our group
2024-10-14 23:05:52.793998 Alpha: No
ChatterBot Yankee reevaluating
2024-10-14 23:05:52.807135 Yankee: We should group up
ChatterBot Whiskey reevaluating
2024-10-14 23:05:52.836239 Papa: No
2024-10-14 23:05:52.836484 India: No
2024-10-14 23:05:52.836644 Juliett: No
2024-10-14 23:05:52.836838 Whiskey: No
2024-10-14 23:05:52.836963 Charlie: No
2024-10-14 23:05:52.837201 Alpha: No
2024-10-14 23:05:52.837385 Golf: No
ChatterBot Yankee reevaluating
ChatterBot India reevaluating
ChatterBot Whiskey reevaluating
ChatterBot Yankee reevaluating
ChatterBot Whiskey reevaluating
ChatterBot Yankee reevaluating
ChatterBot India reevaluating
ChatterBot Whiskey reevaluating
ChatterBot Yankee reevaluating
ChatterBot India reevaluating
ChatterBot Yankee reevaluating
ChatterBot India reevaluating
ChatterBot Whiskey reevaluating
ChatterBot Yankee reevaluating
ChatterBot India reevaluating
ChatterBot Whiskey reevaluating
ChatterBot Yankee reevaluating
ChatterBot India reevaluating
ChatterBot Whiskey reevaluating
2024-10-14 23:05:53.047924 Juliett: Charlie, Alpha, Golf and Lima, sending you 2
chatterbot November submitting transactions
chatterbot Juliett submitting transactions
2024-10-14 23:05:53.071957 November: Juliett, sending you 4
2024-10-14 23:05:53.072347 Papa: Yankee, sending you 9
2024-10-14 23:05:53.072587 Golf: Juliett, Whiskey, Alpha and Lima, sending you 1
2024-10-14 23:05:53.073369 Charlie: Juliett and Alpha, sending you 1
2024-10-14 23:05:53.073602 Alpha: Juliett, sending you 4
2024-10-14 23:05:53.073876 India: Alpha we want you to join our group
2024-10-14 23:05:53.078077 Alpha: No
ChatterBot Yankee reevaluating
2024-10-14 23:05:53.090003 November: Whiskey and Lima, sending you 5
2024-10-14 23:05:53.090976 Charlie: Whiskey, sending you 13
2024-10-14 23:05:53.091326 Papa: India, sending you 10
2024-10-14 23:05:53.091586 Alpha: Whiskey, sending you 7
2024-10-14 23:05:53.130467 Lima: Juliett, sending you 2
2024-10-14 23:05:53.131434 November: Charlie and Golf, sending you 2
2024-10-14 23:05:53.131825 Alpha: Charlie, sending you 3
2024-10-14 23:05:53.132198 Whiskey: Juliett, sending you 3
2024-10-14 23:05:53.200650 Lima: November, sending you 4
2024-10-14 23:05:53.201026 November: Alpha, sending you 1
2024-10-14 23:05:53.201723 Alpha: Golf, sending you 2
2024-10-14 23:05:53.202058 Whiskey: November, sending you 1
2024-10-14 23:05:53.202372 India: Yankee and Papa, sending you 3
chatterbot Alpha submitting transactions
2024-10-14 23:05:53.442785 Lima: Whiskey, sending you 3
2024-10-14 23:05:53.444477 Alpha: Lima, sending you 1
2024-10-14 23:05:53.445901 Whiskey: Charlie, sending you 6
chatterbot Papa submitting transactions
chatterbot Golf submitting transactions
2024-10-14 23:05:53.502172 Lima: Charlie and Alpha, sending you 1
2024-10-14 23:05:53.503628 Whiskey: Alpha, sending you 4
2024-10-14 23:05:53.532237 Whiskey: Golf and Lima, sending you 2
chatterbot Charlie submitting transactions
chatterbot Whiskey submitting transactions
chatterbot India submitting transactions
chatterbot Lima submitting transactions
chatterbot Yankee submitting transactions
ChatterBot Juliett round 4
ChatterBot November round 4
ChatterBot Whiskey round 4
ChatterBot Charlie round 4
ChatterBot Alpha round 4
ChatterBot Golf round 4
ChatterBot Yankee round 4
ChatterBot Papa round 4
ChatterBot Lima round 4
2024-10-14 23:05:54.195864 Charlie: We should add November and Lima
ChatterBot Juliett reevaluating
ChatterBot Alpha reevaluating
2024-10-14 23:05:54.207136 Whiskey: Yes
2024-10-14 23:05:54.207288 Juliett: Yes
2024-10-14 23:05:54.207424 Alpha: Yes
ChatterBot Juliett reevaluating
ChatterBot Alpha reevaluating
ChatterBot Alpha reevaluating
ChatterBot Juliett reevaluating
ChatterBot India round 4
2024-10-14 23:05:54.242470 Yankee: We should add Alpha
ChatterBot India reevaluating
2024-10-14 23:05:54.247939 Papa: No
2024-10-14 23:05:54.248064 India: No
ChatterBot India reevaluating
ChatterBot Yankee reevaluating
ChatterBot Yankee reevaluating
2024-10-14 23:05:54.259172 India: We should replace Alpha with Golf
ChatterBot Yankee reevaluating
2024-10-14 23:05:54.264833 Papa: No
2024-10-14 23:05:54.264942 Yankee: No
ChatterBot India reevaluating
ChatterBot Yankee reevaluating
ChatterBot India reevaluating
2024-10-14 23:05:54.285431 Whiskey: We should drop Golf
ChatterBot Juliett reevaluating
ChatterBot Alpha reevaluating
2024-10-14 23:05:54.312173 Lima: No
2024-10-14 23:05:54.312354 November: No
2024-10-14 23:05:54.312474 Juliett: Yes
2024-10-14 23:05:54.312566 Charlie: Yes
2024-10-14 23:05:54.312673 Alpha: No
ChatterBot Juliett reevaluating
ChatterBot Alpha reevaluating
ChatterBot Juliett reevaluating
ChatterBot Alpha reevaluating
ChatterBot Alpha reevaluating
ChatterBot Juliett reevaluating
ChatterBot Alpha reevaluating
ChatterBot Juliett reevaluating
2024-10-14 23:05:54.407092 Charlie: November and Lima we want you to join our group
2024-10-14 23:05:54.419769 Lima: Yes
2024-10-14 23:05:54.420397 November: Yes
ChatterBot Juliett reevaluating
ChatterBot Alpha reevaluating
ChatterBot Juliett reevaluating
ChatterBot Alpha reevaluating
chatterbot Charlie submitting transactions
2024-10-14 23:05:54.494863 India: Golf we want you to join our group
2024-10-14 23:05:54.501340 Golf: No
ChatterBot India reevaluating
ChatterBot Yankee reevaluating
2024-10-14 23:05:54.512892 November: Juliett and Whiskey, sending you 4
2024-10-14 23:05:54.516660 November: Charlie, Alpha and Golf, sending you 2
2024-10-14 23:05:54.517684 Golf: Juliett, November, Whiskey and Alpha, sending you 1
2024-10-14 23:05:54.518763 Whiskey: Juliett and Lima, sending you 3
2024-10-14 23:05:54.519180 Lima: Juliett, sending you 2
2024-10-14 23:05:54.519766 Charlie: Juliett and Lima, sending you 2
2024-10-14 23:05:54.520628 Papa: Yankee, sending you 9
2024-10-14 23:05:54.521048 November: Lima, sending you 5
2024-10-14 23:05:54.521681 Yankee: Alpha we want you to join our group
2024-10-14 23:05:54.526888 Alpha: No
ChatterBot Yankee reevaluating
2024-10-14 23:05:54.591579 Yankee: We should add Juliett
2024-10-14 23:05:54.641557 Papa: No
2024-10-14 23:05:54.641856 India: No
ChatterBot Yankee reevaluating
ChatterBot Yankee reevaluating
2024-10-14 23:05:54.676273 Whiskey: November, sending you 2
2024-10-14 23:05:54.677295 Lima: November, sending you 4
2024-10-14 23:05:54.678633 Charlie: Whiskey, sending you 8
2024-10-14 23:05:54.679263 Papa: India, sending you 10
chatterbot Whiskey submitting transactions
2024-10-14 23:05:54.681255 Whiskey: Charlie and Alpha, sending you 5
2024-10-14 23:05:54.682909 Lima: Whiskey, sending you 3
2024-10-14 23:05:54.683742 Charlie: Alpha, sending you 3
2024-10-14 23:05:54.685686 Alpha: Juliett, sending you 4
2024-10-14 23:05:54.687708 Lima: Charlie, Alpha and Golf, sending you 1
2024-10-14 23:05:54.689717 Alpha: November and Lima, sending you 1
2024-10-14 23:05:54.691674 India: Golf, sending you 1
2024-10-14 23:05:54.693688 Alpha: Whiskey, sending you 7
2024-10-14 23:05:54.695673 India: Yankee, sending you 3
2024-10-14 23:05:54.697673 Alpha: Charlie and Golf, sending you 2
2024-10-14 23:05:54.700943 India: Papa, sending you 2
2024-10-14 23:05:54.701673 Juliett: November, Whiskey, Alpha and Lima, sending you 3
2024-10-14 23:05:54.704694 Juliett: Charlie, sending you 2
chatterbot Papa submitting transactions
chatterbot Juliett submitting transactions
chatterbot Lima submitting transactions
chatterbot November submitting transactions
chatterbot Golf submitting transactions
chatterbot Yankee submitting transactions
chatterbot Alpha submitting transactions
chatterbot India submitting transactions
ChatterBot Juliett round 5
ChatterBot November round 5
ChatterBot Whiskey round 5
ChatterBot Charlie round 5
ChatterBot Alpha round 5
ChatterBot Golf round 5
ChatterBot Yankee round 5
ChatterBot Papa round 5
ChatterBot Lima round 5
ChatterBot India round 5
2024-10-14 23:05:55.363682 Whiskey: Juliett and Lima, sending you 3
2024-10-14 23:05:55.364267 Charlie: Juliett, November and Alpha, sending you 2
2024-10-14 23:05:55.365670 Juliett: November, Whiskey, Alpha and Lima, sending you 3
2024-10-14 23:05:55.367680 Charlie: Whiskey, sending you 8
2024-10-14 23:05:55.368686 Whiskey: November, sending you 2
2024-10-14 23:05:55.369940 Juliett: Charlie, sending you 2
2024-10-14 23:05:55.371677 Charlie: Lima, sending you 1
2024-10-14 23:05:55.372117 Alpha: Juliett, sending you 4
2024-10-14 23:05:55.372933 Whiskey: Charlie and Alpha, sending you 5
2024-10-14 23:05:55.373308 Papa: Yankee, sending you 10
2024-10-14 23:05:55.375735 Alpha: Whiskey, sending you 7
2024-10-14 23:05:55.376697 Golf: Juliett, November, Whiskey and Alpha, sending you 1
2024-10-14 23:05:55.377262 Papa: India, sending you 9
2024-10-14 23:05:55.378675 Alpha: Charlie, sending you 3
2024-10-14 23:05:55.380703 November: Juliett and Whiskey, sending you 4
2024-10-14 23:05:55.381705 Alpha: Golf, sending you 2
2024-10-14 23:05:55.383699 Lima: Juliett, sending you 3
2024-10-14 23:05:55.384698 Alpha: Lima, sending you 1
2024-10-14 23:05:55.386673 November: Charlie, Alpha and Golf, sending you 2
2024-10-14 23:05:55.387692 India: Golf, sending you 1
2024-10-14 23:05:55.388077 Lima: November and Whiskey, sending you 4
2024-10-14 23:05:55.389686 November: Lima, sending you 5
2024-10-14 23:05:55.390675 India: Yankee, sending you 3
2024-10-14 23:05:55.392665 Lima: Charlie, Alpha and Golf, sending you 1
2024-10-14 23:05:55.394668 India: Papa, sending you 2
chatterbot Charlie submitting transactions
chatterbot Papa submitting transactions
chatterbot Alpha submitting transactions
chatterbot November submitting transactions
chatterbot Golf submitting transactions
chatterbot Juliett submitting transactions
chatterbot India submitting transactions
chatterbot Lima submitting transactions
chatterbot Whiskey submitting transactions
chatterbot Yankee submitting transactions
ChatterBot Juliett round 6
ChatterBot November round 6
ChatterBot Whiskey round 6
ChatterBot Charlie round 6
ChatterBot Alpha round 6
ChatterBot Golf round 6
2024-10-14 23:05:56.602440 Whiskey: We should add Golf
ChatterBot November reevaluating
ChatterBot Juliett reevaluating
ChatterBot Charlie reevaluating
ChatterBot Alpha reevaluating
2024-10-14 23:05:56.620503 Lima: Yes
2024-10-14 23:05:56.620638 November: Yes
2024-10-14 23:05:56.620843 Juliett: Yes
2024-10-14 23:05:56.620955 Charlie: No
2024-10-14 23:05:56.621052 Alpha: Yes
ChatterBot November reevaluating
ChatterBot Juliett reevaluating
ChatterBot Charlie reevaluating
ChatterBot Alpha reevaluating
ChatterBot Juliett reevaluating
ChatterBot Charlie reevaluating
ChatterBot Alpha reevaluating
ChatterBot November reevaluating
ChatterBot Charlie reevaluating
ChatterBot Alpha reevaluating
ChatterBot November reevaluating
ChatterBot Juliett reevaluating
ChatterBot Alpha reevaluating
ChatterBot November reevaluating
ChatterBot Juliett reevaluating
ChatterBot Charlie reevaluating
ChatterBot Yankee round 6
ChatterBot Papa round 6
ChatterBot Lima round 6
ChatterBot India round 6
2024-10-14 23:05:56.709315 Whiskey: Golf we want you to join our group
2024-10-14 23:05:56.712042 Golf: Yes
ChatterBot Lima reevaluating
ChatterBot November reevaluating
ChatterBot Juliett reevaluating
ChatterBot Charlie reevaluating
ChatterBot Alpha reevaluating
2024-10-14 23:05:56.739676 Juliett: Golf we want you to join our group
2024-10-14 23:05:56.744951 Golf: Yes
2024-10-14 23:05:56.778801 Charlie: We should drop Lima
2024-10-14 23:05:56.794039 Juliett: No
2024-10-14 23:05:56.794203 November: No
2024-10-14 23:05:56.794317 Whiskey: No
2024-10-14 23:05:56.794428 Alpha: No
2024-10-14 23:05:56.845744 Whiskey: Juliett and Lima, sending you 3
2024-10-14 23:05:56.846756 Alpha: Juliett, sending you 4
2024-10-14 23:05:56.848372 November: Juliett and Whiskey, sending you 4
2024-10-14 23:05:56.848951 Papa: Yankee, sending you 10
2024-10-14 23:05:56.849304 Golf: Juliett, November, Alpha and Lima, sending you 1
2024-10-14 23:05:56.851709 Whiskey: November, sending you 2
2024-10-14 23:05:56.852508 Papa: India, sending you 9
2024-10-14 23:05:56.853655 Alpha: November, Golf and Lima, sending you 1
2024-10-14 23:05:56.854639 India: Golf, sending you 1
2024-10-14 23:05:56.855336 November: Charlie, Alpha and Golf, sending you 2
2024-10-14 23:05:56.857002 Whiskey: Charlie, sending you 5
2024-10-14 23:05:56.858029 Alpha: Whiskey, sending you 8
2024-10-14 23:05:56.859419 India: Yankee, sending you 3
2024-10-14 23:05:56.859908 November: Lima, sending you 5
2024-10-14 23:05:56.862735 Whiskey: Alpha, sending you 4
2024-10-14 23:05:56.864257 Charlie: Juliett and November, sending you 2
2024-10-14 23:05:56.864760 Lima: Juliett, sending you 3
2024-10-14 23:05:56.865721 Alpha: Charlie, sending you 2
2024-10-14 23:05:56.867036 India: Papa, sending you 2
2024-10-14 23:05:56.867500 Juliett: November, Charlie, Golf and Lima, sending you 2
2024-10-14 23:05:56.868360 Whiskey: Golf, sending you 1
2024-10-14 23:05:56.869779 Charlie: Whiskey, sending you 8
2024-10-14 23:05:56.870503 Lima: November and Whiskey, sending you 4
2024-10-14 23:05:56.872722 Juliett: Whiskey and Alpha, sending you 3
2024-10-14 23:05:56.875172 Charlie: Alpha, sending you 3
2024-10-14 23:05:56.876719 Lima: Charlie and Golf, sending you 1
2024-10-14 23:05:56.880687 Lima: Alpha, sending you 2
chatterbot India submitting transactions
chatterbot Yankee submitting transactions
chatterbot Whiskey submitting transactions
chatterbot Lima submitting transactions
chatterbot Charlie submitting transactions
chatterbot Alpha submitting transactions
chatterbot November submitting transactions
chatterbot Juliett submitting transactions
chatterbot Papa submitting transactions
chatterbot Golf submitting transactions
ChatterBot Juliett round 7
ChatterBot November round 7
ChatterBot Whiskey round 7
ChatterBot Charlie round 7
ChatterBot Alpha round 7
ChatterBot Golf round 7
ChatterBot Yankee round 7
ChatterBot Papa round 7
ChatterBot Lima round 7
ChatterBot India round 7
2024-10-14 23:05:58.034702 Alpha: Juliett, sending you 4
2024-10-14 23:05:58.042545 Papa: Yankee, sending you 11
2024-10-14 23:05:58.043181 Lima: Juliett, sending you 3
2024-10-14 23:05:58.046201 November: Juliett and Whiskey, sending you 4
2024-10-14 23:05:58.047941 Charlie: Juliett and Alpha, sending you 3
2024-10-14 23:05:58.049523 Alpha: November, Golf and Lima, sending you 1
2024-10-14 23:05:58.051269 Golf: Juliett, November, Whiskey and Alpha, sending you 1
2024-10-14 23:05:58.053565 Papa: India, sending you 8
2024-10-14 23:05:58.054253 Lima: November and Whiskey, sending you 4
2024-10-14 23:05:58.056741 Juliett: November, Charlie, Golf and Lima, sending you 2
2024-10-14 23:05:58.058604 India: Golf, sending you 1
2024-10-14 23:05:58.060050 November: Charlie, Alpha and Golf, sending you 2
2024-10-14 23:05:58.061647 Whiskey: Juliett and Lima, sending you 3
2024-10-14 23:05:58.063648 Charlie: November, sending you 2
2024-10-14 23:05:58.064392 Alpha: Whiskey, sending you 7
2024-10-14 23:05:58.065778 Lima: Charlie and Golf, sending you 1
2024-10-14 23:05:58.067885 Juliett: Whiskey and Alpha, sending you 3
2024-10-14 23:05:58.069317 India: Yankee, sending you 3
2024-10-14 23:05:58.069883 November: Lima, sending you 5
2024-10-14 23:05:58.071996 Whiskey: November, sending you 2
2024-10-14 23:05:58.073004 Charlie: Whiskey, sending you 7
2024-10-14 23:05:58.074055 Alpha: Charlie, sending you 3
2024-10-14 23:05:58.075813 Lima: Alpha, sending you 2
2024-10-14 23:05:58.076941 India: Papa, sending you 2
2024-10-14 23:05:58.077379 Whiskey: Charlie, sending you 5
2024-10-14 23:05:58.081669 Whiskey: Alpha, sending you 4
2024-10-14 23:05:58.085692 Whiskey: Golf, sending you 1
chatterbot November submitting transactions
chatterbot Lima submitting transactions
chatterbot India submitting transactions
chatterbot Alpha submitting transactions
chatterbot Whiskey submitting transactions
chatterbot Yankee submitting transactions
chatterbot Juliett submitting transactions
chatterbot Charlie submitting transactions
chatterbot Papa submitting transactions
chatterbot Golf submitting transactions
ChatterBot Juliett round 8
ChatterBot November round 8
ChatterBot Whiskey round 8
ChatterBot Charlie round 8
ChatterBot Alpha round 8
ChatterBot Golf round 8
ChatterBot Yankee round 8
ChatterBot Papa round 8
ChatterBot Lima round 8
ChatterBot India round 8
2024-10-14 23:05:59.202084 Charlie: We should replace November with Lima
2024-10-14 23:05:59.210975 Whiskey: No
2024-10-14 23:05:59.211160 Juliett: No
2024-10-14 23:05:59.211294 Alpha: No
ChatterBot Charlie reevaluating
ChatterBot Charlie reevaluating
ChatterBot Charlie reevaluating
2024-10-14 23:05:59.250107 Charlie: We should replace Juliett with Lima
2024-10-14 23:05:59.258924 November: No
2024-10-14 23:05:59.259134 Whiskey: No
2024-10-14 23:05:59.259279 Alpha: No
ChatterBot Charlie reevaluating
ChatterBot Charlie reevaluating
ChatterBot Charlie reevaluating
2024-10-14 23:05:59.284794 India: We should drop Golf
ChatterBot Yankee reevaluating
2024-10-14 23:05:59.290300 Papa: Yes
2024-10-14 23:05:59.290454 Yankee: Yes
ChatterBot Yankee reevaluating
2024-10-14 23:05:59.301511 Alpha: Juliett, sending you 4
2024-10-14 23:05:59.303673 November: Juliett, Whiskey and Lima, sending you 4
2024-10-14 23:05:59.305143 Juliett: November, Charlie, Golf and Lima, sending you 2
2024-10-14 23:05:59.306086 Golf: Juliett, November, Whiskey and Alpha, sending you 1
2024-10-14 23:05:59.307152 Whiskey: Juliett and Lima, sending you 3
2024-10-14 23:05:59.308285 Alpha: November and Golf, sending you 1
2024-10-14 23:05:59.309360 Papa: Yankee, sending you 11
2024-10-14 23:05:59.309781 November: Charlie, sending you 3
2024-10-14 23:05:59.311165 Charlie: Lima we want you to join our group
2024-10-14 23:05:59.314456 Lima: Yes
ChatterBot Charlie reevaluating
2024-10-14 23:05:59.325371 Juliett: Whiskey and Alpha, sending you 3
2024-10-14 23:05:59.326392 Whiskey: November and Golf, sending you 2
2024-10-14 23:05:59.326960 Alpha: Whiskey, sending you 6
2024-10-14 23:05:59.327485 Papa: India, sending you 8
2024-10-14 23:05:59.327796 Lima: Juliett, sending you 3
2024-10-14 23:05:59.328481 November: Alpha and Golf, sending you 2
2024-10-14 23:05:59.329816 Alpha: Charlie, sending you 3
2024-10-14 23:05:59.330671 Whiskey: Charlie and Alpha, sending you 4
2024-10-14 23:05:59.332656 India: Yankee, sending you 3
2024-10-14 23:05:59.333001 Lima: November and Whiskey, sending you 4
2024-10-14 23:05:59.334077 Alpha: Lima, sending you 2
2024-10-14 23:05:59.335698 India: Papa, sending you 2
2024-10-14 23:05:59.338669 Lima: Charlie and Golf, sending you 1
2024-10-14 23:05:59.343910 Lima: Alpha, sending you 2
2024-10-14 23:05:59.355671 Charlie: Juliett and Alpha, sending you 3
2024-10-14 23:05:59.359969 Charlie: November, sending you 2
2024-10-14 23:05:59.363676 Charlie: Whiskey, sending you 7
chatterbot Whiskey submitting transactions
chatterbot Charlie submitting transactions
chatterbot Yankee submitting transactions
chatterbot Lima submitting transactions
chatterbot Juliett submitting transactions
chatterbot Papa submitting transactions
chatterbot Alpha submitting transactions
chatterbot November submitting transactions
chatterbot India submitting transactions
chatterbot Golf submitting transactions
ChatterBot Juliett round 9
ChatterBot November round 9
ChatterBot Whiskey round 9
ChatterBot Charlie round 9
ChatterBot Alpha round 9
ChatterBot Golf round 9
ChatterBot Yankee round 9
ChatterBot Papa round 9
ChatterBot Lima round 9
ChatterBot India round 9
2024-10-14 23:06:00.433740 Charlie: We should replace November with Lima
2024-10-14 23:06:00.443519 Whiskey: No
2024-10-14 23:06:00.443695 Juliett: No
2024-10-14 23:06:00.443861 Alpha: No
2024-10-14 23:06:00.490263 Charlie: Lima we want you to join our group
2024-10-14 23:06:00.493345 Lima: Yes
ChatterBot Charlie reevaluating
2024-10-14 23:06:00.504618 Charlie: We should replace Juliett with Lima
2024-10-14 23:06:00.512235 November: No
2024-10-14 23:06:00.512377 Whiskey: No
2024-10-14 23:06:00.512481 Alpha: No
ChatterBot Charlie reevaluating
ChatterBot Charlie reevaluating
ChatterBot Charlie reevaluating
2024-10-14 23:06:00.549675 Golf: Juliett, November, Whiskey and Alpha, sending you 1
2024-10-14 23:06:00.550718 Juliett: November, Charlie, Golf and Lima, sending you 2
2024-10-14 23:06:00.553682 Juliett: Whiskey and Alpha, sending you 3
2024-10-14 23:06:00.562669 Whiskey: Juliett and Lima, sending you 3
2024-10-14 23:06:00.563708 Papa: Yankee, sending you 11
2024-10-14 23:06:00.564210 November: Juliett, Whiskey and Lima, sending you 4
2024-10-14 23:06:00.565686 Whiskey: November and Golf, sending you 2
2024-10-14 23:06:00.567246 Alpha: Juliett, sending you 4
2024-10-14 23:06:00.568696 Lima: Juliett, sending you 3
2024-10-14 23:06:00.570399 Papa: India, sending you 8
2024-10-14 23:06:00.570871 November: Charlie, sending you 3
2024-10-14 23:06:00.571987 India: Sending you each 2
2024-10-14 23:06:00.572363 Whiskey: Charlie and Alpha, sending you 4
2024-10-14 23:06:00.573669 Alpha: November and Golf, sending you 1
2024-10-14 23:06:00.574663 Lima: November and Whiskey, sending you 4
2024-10-14 23:06:00.575502 November: Alpha and Golf, sending you 2
2024-10-14 23:06:00.577667 Alpha: Whiskey, sending you 6
2024-10-14 23:06:00.579700 Lima: Charlie and Golf, sending you 1
2024-10-14 23:06:00.580728 Charlie: Juliett and Alpha, sending you 3
2024-10-14 23:06:00.582053 Alpha: Charlie, sending you 3
2024-10-14 23:06:00.583675 Lima: Alpha, sending you 2
2024-10-14 23:06:00.585665 Charlie: Whiskey, sending you 7
2024-10-14 23:06:00.586667 Alpha: Lima, sending you 2
2024-10-14 23:06:00.588883 Charlie: Lima, sending you 2
chatterbot November submitting transactions
chatterbot Lima submitting transactions
chatterbot Charlie submitting transactions
chatterbot Alpha submitting transactions
chatterbot Papa submitting transactions
chatterbot Yankee submitting transactions
chatterbot Whiskey submitting transactions
chatterbot Golf submitting transactions
chatterbot Juliett submitting transactions
chatterbot India submitting transactions
ChatterBot Juliett round 10
ChatterBot November round 10
ChatterBot Whiskey round 10
ChatterBot Charlie round 10
ChatterBot Alpha round 10
ChatterBot Golf round 10
ChatterBot Yankee round 10
ChatterBot Papa round 10
ChatterBot Lima round 10
ChatterBot India round 10
2024-10-14 23:06:01.793699 Juliett: November, Charlie, Golf and Lima, sending you 2
2024-10-14 23:06:01.796733 Whiskey: Juliett and Lima, sending you 3
2024-10-14 23:06:01.798727 Papa: Yankee, sending you 11
2024-10-14 23:06:01.800212 Alpha: Juliett, sending you 4
2024-10-14 23:06:01.802184 Charlie: Juliett and Alpha, sending you 3
2024-10-14 23:06:01.802804 Juliett: Whiskey and Alpha, sending you 3
2024-10-14 23:06:01.804748 Whiskey: November and Golf, sending you 2
2024-10-14 23:06:01.805796 November: Juliett, Whiskey and Lima, sending you 4
2024-10-14 23:06:01.807126 Papa: India, sending you 8
2024-10-14 23:06:01.807583 Golf: Juliett, November, Whiskey and Alpha, sending you 1
2024-10-14 23:06:01.809214 Alpha: November and Lima, sending you 2
2024-10-14 23:06:01.810198 India: Same as last round
2024-10-14 23:06:01.810987 Charlie: Whiskey, sending you 7
2024-10-14 23:06:01.811457 Whiskey: Charlie and Alpha, sending you 4
2024-10-14 23:06:01.812453 November: Charlie, sending you 3
2024-10-14 23:06:01.814025 Lima: Juliett, sending you 3
2024-10-14 23:06:01.815010 Alpha: Whiskey, sending you 6
2024-10-14 23:06:01.816426 Charlie: Lima, sending you 2
2024-10-14 23:06:01.817706 November: Alpha and Golf, sending you 2
2024-10-14 23:06:01.819085 Lima: November and Whiskey, sending you 4
2024-10-14 23:06:01.820343 Alpha: Charlie, sending you 3
2024-10-14 23:06:01.822656 Lima: Charlie and Golf, sending you 1
2024-10-14 23:06:01.828172 Lima: Alpha, sending you 2
chatterbot Charlie submitting transactions
chatterbot Whiskey submitting transactions
chatterbot Golf submitting transactions
chatterbot India submitting transactions
chatterbot Papa submitting transactions
chatterbot Yankee submitting transactions
chatterbot November submitting transactions
chatterbot Juliett submitting transactions
chatterbot Alpha submitting transactions
chatterbot Lima submitting transactions
ChatterBot Juliett round 11
ChatterBot November round 11
ChatterBot Whiskey round 11
ChatterBot Charlie round 11
ChatterBot Alpha round 11
ChatterBot Golf round 11
ChatterBot Yankee round 11
ChatterBot Papa round 11
ChatterBot Lima round 11
ChatterBot India round 11
2024-10-14 23:06:02.994456 November: Juliett, Whiskey and Lima, sending you 4
2024-10-14 23:06:02.995741 Juliett: November, Charlie, Golf and Lima, sending you 2
2024-10-14 23:06:02.999685 November: Charlie and Golf, sending you 2
2024-10-14 23:06:03.001602 Golf: Juliett, November, Whiskey and Alpha, sending you 1
2024-10-14 23:06:03.004795 Juliett: Whiskey and Alpha, sending you 3
2024-10-14 23:06:03.007392 Charlie: Juliett, sending you 3
2024-10-14 23:06:03.008077 Lima: Juliett and November, sending you 3
2024-10-14 23:06:03.009593 India: Same as last round
2024-10-14 23:06:03.011183 November: Alpha, sending you 3
2024-10-14 23:06:03.012741 Papa: Yankee, sending you 11
2024-10-14 23:06:03.013506 Charlie: Whiskey, sending you 7
2024-10-14 23:06:03.015463 Whiskey: Juliett and Lima, sending you 3
2024-10-14 23:06:03.017471 Lima: Whiskey, sending you 4
2024-10-14 23:06:03.020576 Papa: India, sending you 8
2024-10-14 23:06:03.021458 Alpha: Juliett, sending you 4
2024-10-14 23:06:03.024664 Charlie: Alpha, sending you 4
2024-10-14 23:06:03.026588 Whiskey: November and Golf, sending you 2
2024-10-14 23:06:03.030099 Lima: Charlie and Alpha, sending you 2
2024-10-14 23:06:03.032484 Charlie: Lima, sending you 1
2024-10-14 23:06:03.033783 Alpha: November and Lima, sending you 2
2024-10-14 23:06:03.038051 Whiskey: Charlie and Alpha, sending you 4
2024-10-14 23:06:03.041294 Lima: Golf, sending you 1
2024-10-14 23:06:03.042936 Alpha: Whiskey, sending you 6
2024-10-14 23:06:03.048686 Alpha: Charlie, sending you 3
chatterbot Alpha submitting transactions
chatterbot Whiskey submitting transactions
chatterbot India submitting transactions
chatterbot Juliett submitting transactions
chatterbot Lima submitting transactions
chatterbot Golf submitting transactions
chatterbot Charlie submitting transactions
chatterbot Papa submitting transactions
chatterbot Yankee submitting transactions
chatterbot November submitting transactions
ChatterBot Juliett round 12
ChatterBot November round 12
ChatterBot Whiskey round 12
ChatterBot Charlie round 12
ChatterBot Alpha round 12
ChatterBot Golf round 12
ChatterBot Yankee round 12
ChatterBot Papa round 12
ChatterBot Lima round 12
ChatterBot India round 12
2024-10-14 23:06:04.265692 Alpha: Juliett, sending you 4
2024-10-14 23:06:04.268140 Lima: Juliett and November, sending you 3
2024-10-14 23:06:04.270029 Charlie: Juliett, sending you 3
2024-10-14 23:06:04.271826 Alpha: November and Lima, sending you 2
2024-10-14 23:06:04.274205 Lima: Whiskey, sending you 4
2024-10-14 23:06:04.276132 India: Yankee, sending you 2
2024-10-14 23:06:04.277635 November: Juliett, Whiskey and Lima, sending you 4
2024-10-14 23:06:04.280820 Charlie: Whiskey, sending you 7
2024-10-14 23:06:04.282 Golf: Juliett, November, Whiskey and Lima, sending you 1
2024-10-14 23:06:04.285722 Alpha: Whiskey, sending you 6
2024-10-14 23:06:04.288531 Whiskey: Juliett and Lima, sending you 3
2024-10-14 23:06:04.291388 Lima: Charlie and Alpha, sending you 2
2024-10-14 23:06:04.293918 India: Papa, sending you 1
2024-10-14 23:06:04.295041 Juliett: November, Charlie, Golf and Lima, sending you 2
2024-10-14 23:06:04.297796 November: Charlie, sending you 1
2024-10-14 23:06:04.300879 Papa: Yankee, sending you 11
2024-10-14 23:06:04.301757 Charlie: Alpha, sending you 4
2024-10-14 23:06:04.303956 Alpha: Charlie, sending you 3
2024-10-14 23:06:04.307360 Whiskey: November and Golf, sending you 2
2024-10-14 23:06:04.310860 Lima: Golf, sending you 1
2024-10-14 23:06:04.314086 Juliett: Whiskey and Alpha, sending you 3
2024-10-14 23:06:04.317399 November: Alpha and Golf, sending you 3
2024-10-14 23:06:04.320621 Papa: India, sending you 8
2024-10-14 23:06:04.321383 Charlie: Lima, sending you 1
2024-10-14 23:06:04.323820 Whiskey: Charlie and Alpha, sending you 4
chatterbot Yankee submitting transactions
chatterbot Papa submitting transactions
chatterbot Whiskey submitting transactions
chatterbot Charlie submitting transactions
chatterbot India submitting transactions
