ChatterBot Lima round 1
ChatterBot X-ray round 1
ChatterBot Hotel round 1
ChatterBot Romeo round 1
ChatterBot India round 1
ChatterBot Alpha round 1
ChatterBot Zulu round 1
ChatterBot Papa round 1
ChatterBot Uniform round 1
ChatterBot Oscar round 1
randomSelections India: {India, Romeo, Zulu, X-ray, Alpha, Lima, Papa, Hotel} 
2024-10-14 23:05:46.547385 India: Can we be friends?
ChatterBot Romeo reevaluating
ChatterBot Zulu reevaluating
ChatterBot X-ray reevaluating
ChatterBot Alpha reevaluating
ChatterBot Lima reevaluating
ChatterBot Papa reevaluating
ChatterBot Hotel reevaluating
2024-10-14 23:05:46.563889 Romeo: Yes
2024-10-14 23:05:46.564050 Zulu: Yes
2024-10-14 23:05:46.564176 X-ray: Yes
2024-10-14 23:05:46.564277 Alpha: Yes
2024-10-14 23:05:46.564376 Lima: Yes
2024-10-14 23:05:46.564480 Papa: Yes
2024-10-14 23:05:46.564603 Hotel: Yes
ChatterBot Zulu reevaluating
ChatterBot X-ray reevaluating
ChatterBot Alpha reevaluating
ChatterBot Lima reevaluating
ChatterBot Papa reevaluating
ChatterBot Hotel reevaluating
ChatterBot Romeo reevaluating
ChatterBot X-ray reevaluating
ChatterBot Alpha reevaluating
ChatterBot Lima reevaluating
ChatterBot Papa reevaluating
ChatterBot Hotel reevaluating
ChatterBot Romeo reevaluating
ChatterBot Zulu reevaluating
ChatterBot Alpha reevaluating
ChatterBot Lima reevaluating
ChatterBot Papa reevaluating
ChatterBot Hotel reevaluating
ChatterBot Romeo reevaluating
ChatterBot Zulu reevaluating
ChatterBot X-ray reevaluating
ChatterBot Lima reevaluating
ChatterBot Papa reevaluating
ChatterBot Hotel reevaluating
ChatterBot Romeo reevaluating
ChatterBot Zulu reevaluating
ChatterBot X-ray reevaluating
ChatterBot Alpha reevaluating
ChatterBot Papa reevaluating
ChatterBot Hotel reevaluating
ChatterBot Romeo reevaluating
ChatterBot Zulu reevaluating
ChatterBot X-ray reevaluating
ChatterBot Alpha reevaluating
ChatterBot Lima reevaluating
ChatterBot Hotel reevaluating
ChatterBot Romeo reevaluating
ChatterBot Zulu reevaluating
ChatterBot X-ray reevaluating
ChatterBot Alpha reevaluating
ChatterBot Lima reevaluating
ChatterBot Papa reevaluating
randomSelections Oscar: {Oscar, Romeo, Zulu, India, Lima, X-ray} 
2024-10-14 23:05:46.771147 Oscar: Can we be friends?
ChatterBot Romeo reevaluating
ChatterBot Zulu reevaluating
ChatterBot Lima reevaluating
ChatterBot X-ray reevaluating
2024-10-14 23:05:46.778267 Romeo: No
2024-10-14 23:05:46.778549 Zulu: No
2024-10-14 23:05:46.778789 India: No
2024-10-14 23:05:46.778942 Lima: No
2024-10-14 23:05:46.779082 X-ray: No
ChatterBot Zulu reevaluating
ChatterBot Lima reevaluating
ChatterBot X-ray reevaluating
ChatterBot Romeo reevaluating
ChatterBot Lima reevaluating
ChatterBot X-ray reevaluating
ChatterBot Romeo reevaluating
ChatterBot Zulu reevaluating
ChatterBot Lima reevaluating
ChatterBot X-ray reevaluating
ChatterBot Romeo reevaluating
ChatterBot Zulu reevaluating
ChatterBot X-ray reevaluating
ChatterBot Romeo reevaluating
ChatterBot Zulu reevaluating
ChatterBot Lima reevaluating
randomSelections Uniform: {Uniform, Papa, India, X-ray, Lima, Zulu, Romeo, Oscar} 
2024-10-14 23:05:46.852517 Uniform: Can we be friends?
ChatterBot Papa reevaluating
ChatterBot X-ray reevaluating
ChatterBot Lima reevaluating
ChatterBot Zulu reevaluating
ChatterBot Romeo reevaluating
2024-10-14 23:05:46.869750 Papa: No
2024-10-14 23:05:46.870232 India: No
2024-10-14 23:05:46.871505 X-ray: No
2024-10-14 23:05:46.871753 Lima: No
2024-10-14 23:05:46.872221 Zulu: No
2024-10-14 23:05:46.873342 Romeo: No
2024-10-14 23:05:46.873653 Oscar: No
ChatterBot X-ray reevaluating
ChatterBot Lima reevaluating
ChatterBot Zulu reevaluating
ChatterBot Romeo reevaluating
ChatterBot Papa reevaluating
ChatterBot X-ray reevaluating
ChatterBot Lima reevaluating
ChatterBot Zulu reevaluating
ChatterBot Romeo reevaluating
ChatterBot Papa reevaluating
ChatterBot Lima reevaluating
ChatterBot Zulu reevaluating
ChatterBot Romeo reevaluating
ChatterBot Papa reevaluating
ChatterBot X-ray reevaluating
ChatterBot Zulu reevaluating
ChatterBot Romeo reevaluating
ChatterBot Papa reevaluating
ChatterBot X-ray reevaluating
ChatterBot Lima reevaluating
ChatterBot Romeo reevaluating
ChatterBot Papa reevaluating
ChatterBot X-ray reevaluating
ChatterBot Lima reevaluating
ChatterBot Zulu reevaluating
ChatterBot Papa reevaluating
ChatterBot X-ray reevaluating
ChatterBot Lima reevaluating
ChatterBot Zulu reevaluating
ChatterBot Romeo reevaluating
2024-10-14 23:05:46.990742 Hotel: Lima, sending you 4
2024-10-14 23:05:46.993511 Uniform: Lima, sending you 2
2024-10-14 23:05:46.995014 India: Lima, X-ray, Romeo and Papa, sending you 2
2024-10-14 23:05:46.997689 Hotel: X-ray, Romeo, India, Zulu and Papa, sending you 2
2024-10-14 23:05:46.999005 Alpha: Lima, India and Papa, sending you 1
2024-10-14 23:05:46.999457 India: Hotel, sending you 4
2024-10-14 23:05:47.000772 Zulu: Lima, sending you 5
2024-10-14 23:05:47.001256 Uniform: Romeo and Papa, sending you 1
2024-10-14 23:05:47.001771 Romeo: Lima, X-ray, Hotel, India, Alpha, Zulu and Papa, sending you 1
2024-10-14 23:05:47.003266 X-ray: Lima, sending you 1
2024-10-14 23:05:47.003837 Hotel: Alpha, sending you 3
2024-10-14 23:05:47.005346 Oscar: Lima and X-ray, sending you 1
2024-10-14 23:05:47.005781 Alpha: X-ray, sending you 5
2024-10-14 23:05:47.006839 India: Alpha, sending you 3
2024-10-14 23:05:47.007293 Zulu: X-ray, sending you 4
2024-10-14 23:05:47.008451 X-ray: Hotel and Zulu, sending you 2
2024-10-14 23:05:47.008905 Lima: X-ray and India, sending you 3
2024-10-14 23:05:47.010326 Papa: Lima, X-ray, Hotel and Alpha, sending you 2
2024-10-14 23:05:47.010853 Alpha: Hotel, sending you 4
2024-10-14 23:05:47.011852 Oscar: India and Zulu, sending you 3
2024-10-14 23:05:47.012260 X-ray: Romeo and Papa, sending you 3
2024-10-14 23:05:47.012678 Zulu: Hotel, sending you 1
2024-10-14 23:05:47.014198 Lima: Hotel, Zulu and Papa, sending you 1
2024-10-14 23:05:47.015395 Papa: Romeo, sending you 1
2024-10-14 23:05:47.015916 Alpha: Romeo, sending you 3
2024-10-14 23:05:47.017059 X-ray: Alpha, sending you 5
2024-10-14 23:05:47.017530 Zulu: Romeo, sending you 2
2024-10-14 23:05:47.019688 Lima: Romeo and Alpha, sending you 2
2024-10-14 23:05:47.020764 Papa: India and Zulu, sending you 3
2024-10-14 23:05:47.021804 Alpha: Zulu, sending you 2
2024-10-14 23:05:47.022217 Zulu: India and Alpha, sending you 3
chatterbot Romeo submitting transactions
chatterbot Uniform submitting transactions
chatterbot India submitting transactions
chatterbot Alpha submitting transactions
chatterbot Zulu submitting transactions
chatterbot Oscar submitting transactions
chatterbot Papa submitting transactions
chatterbot Hotel submitting transactions
chatterbot X-ray submitting transactions
chatterbot Lima submitting transactions
ChatterBot Lima round 2
ChatterBot X-ray round 2
ChatterBot Hotel round 2
ChatterBot Romeo round 2
ChatterBot India round 2
ChatterBot Alpha round 2
ChatterBot Zulu round 2
ChatterBot Papa round 2
ChatterBot Uniform round 2
ChatterBot Oscar round 2
2024-10-14 23:05:49.487717 India: We should add Oscar
ChatterBot Romeo reevaluating
ChatterBot Zulu reevaluating
ChatterBot X-ray reevaluating
ChatterBot Alpha reevaluating
ChatterBot Lima reevaluating
ChatterBot Papa reevaluating
2024-10-14 23:05:49.514502 Romeo: No
2024-10-14 23:05:49.514736 Zulu: Yes
2024-10-14 23:05:49.515268 X-ray: No
2024-10-14 23:05:49.515435 Alpha: No
2024-10-14 23:05:49.515547 Lima: No
2024-10-14 23:05:49.515731 Papa: No
2024-10-14 23:05:49.515860 Hotel: No
ChatterBot India reevaluating
ChatterBot Zulu reevaluating
ChatterBot X-ray reevaluating
ChatterBot Alpha reevaluating
ChatterBot Lima reevaluating
ChatterBot Papa reevaluating
ChatterBot India reevaluating
ChatterBot Romeo reevaluating
ChatterBot X-ray reevaluating
ChatterBot Alpha reevaluating
ChatterBot Lima reevaluating
ChatterBot Papa reevaluating
ChatterBot India reevaluating
ChatterBot Romeo reevaluating
ChatterBot Zulu reevaluating
ChatterBot Alpha reevaluating
ChatterBot Lima reevaluating
ChatterBot Papa reevaluating
ChatterBot India reevaluating
ChatterBot Romeo reevaluating
ChatterBot Zulu reevaluating
ChatterBot X-ray reevaluating
ChatterBot Lima reevaluating
ChatterBot Papa reevaluating
ChatterBot India reevaluating
ChatterBot Romeo reevaluating
ChatterBot Zulu reevaluating
ChatterBot X-ray reevaluating
ChatterBot Alpha reevaluating
ChatterBot Papa reevaluating
ChatterBot India reevaluating
ChatterBot Romeo reevaluating
ChatterBot Zulu reevaluating
ChatterBot X-ray reevaluating
ChatterBot Alpha reevaluating
ChatterBot Lima reevaluating
ChatterBot India reevaluating
ChatterBot Romeo reevaluating
ChatterBot Zulu reevaluating
ChatterBot X-ray reevaluating
ChatterBot Alpha reevaluating
ChatterBot Lima reevaluating
ChatterBot Papa reevaluating
2024-10-14 23:05:49.857421 Uniform: We would work well together
ChatterBot Oscar reevaluating
2024-10-14 23:05:49.862259 Oscar: Yes
2024-10-14 23:05:49.865609 Oscar: Can we be friends?
2024-10-14 23:05:49.868912 Uniform: Yes
ChatterBot Oscar reevaluating
2024-10-14 23:05:49.969433 Hotel: Lima, X-ray, Romeo, Zulu and Papa, sending you 2
2024-10-14 23:05:49.970600 Papa: Lima and Romeo, sending you 2
2024-10-14 23:05:49.971022 X-ray: Lima, sending you 3
2024-10-14 23:05:49.971415 Romeo: Same as last round
2024-10-14 23:05:49.972423 Alpha: Lima and Papa, sending you 2
2024-10-14 23:05:49.972871 Lima: X-ray, Romeo, India, Alpha and Papa, sending you 2
2024-10-14 23:05:49.973279 Uniform: Sending you 4
2024-10-14 23:05:49.989992 Papa: X-ray, sending you 4
2024-10-14 23:05:49.991158 X-ray: Hotel, India and Papa, sending you 2
2024-10-14 23:05:49.991665 Hotel: India, sending you 4
2024-10-14 23:05:49.992653 India: Lima, sending you 4
2024-10-14 23:05:49.993222 Zulu: Lima and Romeo, sending you 2
2024-10-14 23:05:49.993779 Alpha: X-ray, sending you 4
2024-10-14 23:05:49.994977 Lima: Hotel, sending you 4
2024-10-14 23:05:49.995499 Oscar: Sending you 9
2024-10-14 23:05:49.995853 Papa: Hotel and India, sending you 3
2024-10-14 23:05:49.997070 India: X-ray, Romeo and Alpha, sending you 1
2024-10-14 23:05:49.997573 X-ray: Romeo, sending you 1
2024-10-14 23:05:49.998006 Hotel: Alpha, sending you 3
2024-10-14 23:05:49.999184 Zulu: X-ray, Hotel and Alpha, sending you 3
2024-10-14 23:05:49.999779 Alpha: Hotel, India and Zulu, sending you 3
2024-10-14 23:05:50.000346 Lima: Zulu, sending you 5
2024-10-14 23:05:50.001816 Papa: Alpha, sending you 1
2024-10-14 23:05:50.002252 India: Hotel, sending you 2
2024-10-14 23:05:50.003401 X-ray: Alpha, sending you 5
2024-10-14 23:05:50.003935 Zulu: India, sending you 1
2024-10-14 23:05:50.012059 India: Zulu and Papa, sending you 3
2024-10-14 23:05:50.012595 X-ray: Zulu, sending you 4
2024-10-14 23:05:50.013633 Zulu: Papa, sending you 5
chatterbot Uniform submitting transactions
chatterbot X-ray submitting transactions
chatterbot Hotel submitting transactions
chatterbot Alpha submitting transactions
chatterbot Papa submitting transactions
chatterbot Romeo submitting transactions
chatterbot Lima submitting transactions
chatterbot Oscar submitting transactions
chatterbot India submitting transactions
chatterbot Zulu submitting transactions
ChatterBot Lima round 3
ChatterBot X-ray round 3
ChatterBot Hotel round 3
ChatterBot Romeo round 3
ChatterBot India round 3
ChatterBot Alpha round 3
ChatterBot Zulu round 3
ChatterBot Papa round 3
ChatterBot Uniform round 3
ChatterBot Oscar round 3
2024-10-14 23:05:51.292853 Uniform: We should add Papa
ChatterBot Oscar reevaluating
2024-10-14 23:05:51.296510 Oscar: No
ChatterBot Uniform reevaluating
2024-10-14 23:05:51.301073 Oscar: We should add Romeo
ChatterBot Uniform reevaluating
2024-10-14 23:05:51.304977 Uniform: No
ChatterBot Oscar reevaluating
2024-10-14 23:05:51.316779 Alpha: We should drop Romeo
ChatterBot Hotel reevaluating
2024-10-14 23:05:51.335043 Lima: No
2024-10-14 23:05:51.335714 X-ray: No
2024-10-14 23:05:51.335889 Hotel: Yes
2024-10-14 23:05:51.336005 India: No
2024-10-14 23:05:51.336119 Zulu: No
2024-10-14 23:05:51.336227 Papa: No
ChatterBot Hotel reevaluating
ChatterBot Alpha reevaluating
ChatterBot Hotel reevaluating
ChatterBot Alpha reevaluating
ChatterBot Alpha reevaluating
ChatterBot Hotel reevaluating
ChatterBot Alpha reevaluating
ChatterBot Hotel reevaluating
ChatterBot Alpha reevaluating
ChatterBot Hotel reevaluating
2024-10-14 23:05:51.571311 Uniform: We should add Hotel
ChatterBot Oscar reevaluating
2024-10-14 23:05:51.575310 Oscar: No
ChatterBot Uniform reevaluating
2024-10-14 23:05:51.579717 Uniform: We should add India
ChatterBot Oscar reevaluating
2024-10-14 23:05:51.583429 Oscar: No
ChatterBot Uniform reevaluating
2024-10-14 23:05:51.588078 X-ray: Lima and Papa, sending you 3
2024-10-14 23:05:51.589836 Uniform: We should add Alpha
ChatterBot Oscar reevaluating
2024-10-14 23:05:51.593742 Oscar: No
ChatterBot Uniform reevaluating
2024-10-14 23:05:51.597563 India: Lima, Alpha and Zulu, sending you 2
2024-10-14 23:05:51.599158 Romeo: Same as last round
2024-10-14 23:05:51.601051 Lima: X-ray, Hotel and India, sending you 3
2024-10-14 23:05:51.602153 X-ray: Hotel and India, sending you 2
2024-10-14 23:05:51.603835 Zulu: Lima and X-ray, sending you 4
2024-10-14 23:05:51.605140 India: X-ray and Romeo, sending you 1
chatterbot Papa submitting transactions
2024-10-14 23:05:51.620479 Uniform: Hotel we want you to join our group
2024-10-14 23:05:51.624592 Hotel: No
ChatterBot Uniform reevaluating
2024-10-14 23:05:51.633362 Lima: Romeo, Alpha and Papa, sending you 2
2024-10-14 23:05:51.634721 Papa: Lima, Hotel and Alpha, sending you 2
2024-10-14 23:05:51.635532 X-ray: Alpha, sending you 5
2024-10-14 23:05:51.636769 Hotel: Lima, India and Alpha, sending you 3
2024-10-14 23:05:51.638173 Zulu: Hotel and Alpha, sending you 3
2024-10-14 23:05:51.638866 India: Hotel, sending you 4
2024-10-14 23:05:51.640295 Uniform: Alpha we want you to join our group
ChatterBot Alpha reevaluating
2024-10-14 23:05:51.645054 Alpha: No
ChatterBot Uniform reevaluating
2024-10-14 23:05:51.653269 Uniform: We should add Lima
2024-10-14 23:05:51.657586 Oscar: No
ChatterBot Uniform reevaluating
2024-10-14 23:05:51.661726 Papa: X-ray, India and Zulu, sending you 3
2024-10-14 23:05:51.662974 Lima: Zulu, sending you 4
2024-10-14 23:05:51.664442 X-ray: Zulu, sending you 4
2024-10-14 23:05:51.665778 Hotel: X-ray, Romeo, Zulu and Papa, sending you 2
2024-10-14 23:05:51.666438 Zulu: Romeo, sending you 1
2024-10-14 23:05:51.667677 India: Papa, sending you 3
2024-10-14 23:05:51.669346 Oscar: Same as last round
2024-10-14 23:05:51.677648 Zulu: India and Papa, sending you 2
2024-10-14 23:05:51.712420 Uniform: Romeo, sending you 1
2024-10-14 23:05:51.746951 Uniform: Oscar, sending you 3
chatterbot Oscar submitting transactions
chatterbot X-ray submitting transactions
chatterbot Lima submitting transactions
chatterbot Zulu submitting transactions
chatterbot Romeo submitting transactions
chatterbot India submitting transactions
chatterbot Uniform submitting transactions
chatterbot Hotel submitting transactions
chatterbot Alpha submitting transactions
ChatterBot Lima round 4
ChatterBot X-ray round 4
ChatterBot Hotel round 4
ChatterBot Romeo round 4
ChatterBot India round 4
ChatterBot Alpha round 4
ChatterBot Zulu round 4
ChatterBot Papa round 4
ChatterBot Uniform round 4
ChatterBot Oscar round 4
2024-10-14 23:05:52.963058 Hotel: We should drop Romeo
ChatterBot Alpha reevaluating
ChatterBot Papa reevaluating
2024-10-14 23:05:52.981130 Alpha: Yes
2024-10-14 23:05:52.981351 Lima: No
2024-10-14 23:05:52.982168 X-ray: No
2024-10-14 23:05:52.982310 India: No
2024-10-14 23:05:52.982421 Zulu: No
2024-10-14 23:05:52.982587 Papa: No
ChatterBot India reevaluating
ChatterBot Papa reevaluating
ChatterBot Alpha reevaluating
ChatterBot India reevaluating
ChatterBot Papa reevaluating
ChatterBot Alpha reevaluating
ChatterBot India reevaluating
ChatterBot Papa reevaluating
ChatterBot Alpha reevaluating
ChatterBot Papa reevaluating
ChatterBot Alpha reevaluating
ChatterBot India reevaluating
ChatterBot Papa reevaluating
ChatterBot Alpha reevaluating
ChatterBot India reevaluating
2024-10-14 23:05:53.133205 X-ray: Lima and Papa, sending you 3
2024-10-14 23:05:53.135136 Romeo: Same as last round
2024-10-14 23:05:53.136742 Lima: X-ray, Hotel and India, sending you 3
2024-10-14 23:05:53.138558 X-ray: Hotel, sending you 2
2024-10-14 23:05:53.204336 Zulu: Lima and X-ray, sending you 4
2024-10-14 23:05:53.204947 Uniform: Romeo, sending you 1
2024-10-14 23:05:53.205198 Hotel: Lima, India, Alpha, Zulu and Papa, sending you 3
2024-10-14 23:05:53.205880 Lima: Romeo, Alpha and Papa, sending you 2
2024-10-14 23:05:53.206382 Oscar: Sending you 11
2024-10-14 23:05:53.206601 X-ray: Romeo and India, sending you 1
2024-10-14 23:05:53.447161 Lima: Zulu, sending you 4
2024-10-14 23:05:53.448833 Zulu: Hotel, Romeo, India and Papa, sending you 2
2024-10-14 23:05:53.450138 Uniform: Oscar, sending you 3
2024-10-14 23:05:53.451150 X-ray: Alpha, sending you 5
2024-10-14 23:05:53.452167 Hotel: X-ray, sending you 2
2024-10-14 23:05:53.453271 India: Lima, Hotel and Papa, sending you 3
2024-10-14 23:05:53.455002 Papa: Lima, Hotel, Alpha and Zulu, sending you 2
chatterbot Romeo submitting transactions
chatterbot X-ray submitting transactions
chatterbot Zulu submitting transactions
2024-10-14 23:05:53.457091 Zulu: Alpha, sending you 3
2024-10-14 23:05:53.458713 X-ray: Zulu, sending you 4
2024-10-14 23:05:53.459670 India: X-ray, Alpha and Zulu, sending you 2
2024-10-14 23:05:53.461165 Papa: X-ray and India, sending you 3
2024-10-14 23:05:53.512289 Papa: Romeo, sending you 1
chatterbot Lima submitting transactions
chatterbot Papa submitting transactions
chatterbot Hotel submitting transactions
chatterbot Oscar submitting transactions
chatterbot Alpha submitting transactions
chatterbot Uniform submitting transactions
chatterbot India submitting transactions
ChatterBot Lima round 5
ChatterBot X-ray round 5
ChatterBot Hotel round 5
ChatterBot Romeo round 5
ChatterBot India round 5
ChatterBot Alpha round 5
ChatterBot Zulu round 5
ChatterBot Papa round 5
ChatterBot Uniform round 5
ChatterBot Oscar round 5
2024-10-14 23:05:54.433303 Uniform: We should replace Romeo with Alpha
ChatterBot Oscar reevaluating
2024-10-14 23:05:54.437764 Oscar: No
2024-10-14 23:05:54.440735 Oscar: We should add Romeo
ChatterBot Uniform reevaluating
2024-10-14 23:05:54.445082 Uniform: Yes
ChatterBot Oscar reevaluating
2024-10-14 23:05:54.454076 India: We should drop Romeo
ChatterBot Alpha reevaluating
2024-10-14 23:05:54.472205 Alpha: Yes
2024-10-14 23:05:54.472394 Lima: No
2024-10-14 23:05:54.472514 X-ray: No
2024-10-14 23:05:54.472656 Hotel: Yes
2024-10-14 23:05:54.472829 Zulu: No
2024-10-14 23:05:54.472934 Papa: Yes
ChatterBot India reevaluating
ChatterBot Alpha reevaluating
ChatterBot India reevaluating
ChatterBot Alpha reevaluating
ChatterBot India reevaluating
ChatterBot Alpha reevaluating
ChatterBot India reevaluating
ChatterBot Papa reevaluating
ChatterBot Alpha reevaluating
ChatterBot India reevaluating
ChatterBot Papa reevaluating
ChatterBot Alpha reevaluating
ChatterBot India reevaluating
2024-10-14 23:05:54.685682 X-ray: Lima and Papa, sending you 3
2024-10-14 23:05:54.687778 Lima: X-ray, Hotel and India, sending you 3
2024-10-14 23:05:54.689308 Romeo: Same as last round
2024-10-14 23:05:54.690843 Hotel: Lima, India, Alpha, Zulu and Papa, sending you 3
2024-10-14 23:05:54.692669 X-ray: Hotel and India, sending you 2
2024-10-14 23:05:54.693881 Lima: Romeo, Alpha and Papa, sending you 2
2024-10-14 23:05:54.695970 Hotel: X-ray, sending you 2
2024-10-14 23:05:54.699012 X-ray: Alpha, sending you 5
2024-10-14 23:05:54.700133 Lima: Zulu, sending you 4
2024-10-14 23:05:54.701587 Zulu: Lima and X-ray, sending you 4
2024-10-14 23:05:54.703290 Oscar: Sending you 12
2024-10-14 23:05:54.703728 X-ray: Zulu, sending you 4
2024-10-14 23:05:54.705698 Zulu: Hotel and Alpha, sending you 3
2024-10-14 23:05:54.711661 Zulu: Romeo, sending you 1
2024-10-14 23:05:54.714679 Uniform: Romeo, sending you 1
2024-10-14 23:05:54.715653 Zulu: India and Papa, sending you 2
2024-10-14 23:05:54.718665 India: Lima, Hotel and Papa, sending you 3
2024-10-14 23:05:54.720687 Uniform: Oscar, sending you 3
2024-10-14 23:05:54.723674 India: X-ray, Alpha and Zulu, sending you 2
2024-10-14 23:05:54.728664 Papa: Lima, Alpha and Zulu, sending you 2
chatterbot Zulu submitting transactions
2024-10-14 23:05:54.733685 Papa: X-ray, Hotel and India, sending you 3
chatterbot X-ray submitting transactions
chatterbot Romeo submitting transactions
chatterbot Lima submitting transactions
chatterbot Oscar submitting transactions
chatterbot Alpha submitting transactions
chatterbot Hotel submitting transactions
chatterbot Papa submitting transactions
chatterbot Uniform submitting transactions
chatterbot India submitting transactions
ChatterBot Lima round 6
ChatterBot X-ray round 6
ChatterBot Hotel round 6
ChatterBot Romeo round 6
ChatterBot India round 6
ChatterBot Alpha round 6
ChatterBot Zulu round 6
ChatterBot Papa round 6
ChatterBot Uniform round 6
ChatterBot Oscar round 6
2024-10-14 23:05:55.696886 Uniform: We should replace Romeo with Alpha
ChatterBot Oscar reevaluating
2024-10-14 23:05:55.699608 Oscar: No
2024-10-14 23:05:55.702548 Oscar: We should add Romeo
2024-10-14 23:05:55.704832 Uniform: No
ChatterBot Oscar reevaluating
2024-10-14 23:05:55.712697 Uniform: Alpha we want you to join our group
ChatterBot Alpha reevaluating
2024-10-14 23:05:55.715493 Alpha: No
ChatterBot Uniform reevaluating
ChatterBot Oscar reevaluating
2024-10-14 23:05:55.723687 India: Lima, Hotel and Papa, sending you 3
2024-10-14 23:05:55.724664 Oscar: Romeo we want you to join our group
2024-10-14 23:05:55.727085 Romeo: No
ChatterBot Uniform reevaluating
ChatterBot Oscar reevaluating
2024-10-14 23:05:55.732581 Zulu: Lima and X-ray, sending you 4
2024-10-14 23:05:55.733280 X-ray: Lima and Papa, sending you 3
2024-10-14 23:05:55.733937 Romeo: Lima, sending you 2
2024-10-14 23:05:55.734562 India: X-ray, Alpha and Zulu, sending you 2
2024-10-14 23:05:55.736734 Papa: Lima, Alpha and Zulu, sending you 2
2024-10-14 23:05:55.737232 Zulu: Hotel and Alpha, sending you 3
2024-10-14 23:05:55.738666 X-ray: Hotel and India, sending you 2
2024-10-14 23:05:55.739394 Romeo: X-ray, Hotel, India, Zulu and Papa, sending you 1
2024-10-14 23:05:55.740063 Hotel: Lima, India, Alpha, Zulu and Papa, sending you 3
2024-10-14 23:05:55.740525 Lima: X-ray, Hotel and India, sending you 3
2024-10-14 23:05:55.741664 Papa: X-ray, Hotel and India, sending you 3
2024-10-14 23:05:55.742666 Zulu: Romeo, sending you 1
2024-10-14 23:05:55.743688 X-ray: Alpha, sending you 5
2024-10-14 23:05:55.744359 Hotel: X-ray, sending you 2
2024-10-14 23:05:55.744814 Lima: Romeo, sending you 1
2024-10-14 23:05:55.747674 Lima: Alpha and Papa, sending you 2
2024-10-14 23:05:55.748665 Zulu: India and Papa, sending you 2
2024-10-14 23:05:55.749787 X-ray: Zulu, sending you 4
2024-10-14 23:05:55.751661 Lima: Zulu, sending you 5
2024-10-14 23:05:55.755684 Uniform: Alpha, sending you 1
2024-10-14 23:05:55.758672 Oscar: Romeo, sending you 3
2024-10-14 23:05:55.758913 Uniform: Oscar, sending you 3
2024-10-14 23:05:55.761647 Oscar: Uniform, sending you 11
chatterbot Zulu submitting transactions
chatterbot Oscar submitting transactions
chatterbot Alpha submitting transactions
chatterbot X-ray submitting transactions
chatterbot Hotel submitting transactions
chatterbot Uniform submitting transactions
chatterbot Romeo submitting transactions
chatterbot India submitting transactions
chatterbot Lima submitting transactions
chatterbot Papa submitting transactions
ChatterBot Lima round 7
ChatterBot X-ray round 7
ChatterBot Hotel round 7
ChatterBot Romeo round 7
ChatterBot India round 7
ChatterBot Alpha round 7
ChatterBot Zulu round 7
ChatterBot Papa round 7
ChatterBot Uniform round 7
ChatterBot Oscar round 7
2024-10-14 23:05:56.791430 Zulu: We should drop Romeo
ChatterBot Alpha reevaluating
ChatterBot Lima reevaluating
ChatterBot X-ray reevaluating
2024-10-14 23:05:56.813767 Alpha: Yes
2024-10-14 23:05:56.813982 Lima: Yes
2024-10-14 23:05:56.814139 X-ray: Yes
2024-10-14 23:05:56.814288 Hotel: Yes
2024-10-14 23:05:56.814429 India: Yes
2024-10-14 23:05:56.814576 Papa: Yes
ChatterBot Lima reevaluating
ChatterBot X-ray reevaluating
ChatterBot Alpha reevaluating
ChatterBot X-ray reevaluating
ChatterBot Alpha reevaluating
ChatterBot Lima reevaluating
ChatterBot Alpha reevaluating
ChatterBot Lima reevaluating
ChatterBot X-ray reevaluating
ChatterBot Alpha reevaluating
ChatterBot Lima reevaluating
ChatterBot X-ray reevaluating
ChatterBot Alpha reevaluating
ChatterBot Lima reevaluating
ChatterBot X-ray reevaluating
2024-10-14 23:05:56.941672 Hotel: Lima, India, Alpha, Zulu and Papa, sending you 3
2024-10-14 23:05:56.942881 Romeo: Lima and Zulu, sending you 2
2024-10-14 23:05:56.944362 India: Lima, Hotel and Papa, sending you 3
2024-10-14 23:05:56.945148 Uniform: Romeo, sending you 1
2024-10-14 23:05:56.945946 Hotel: X-ray, sending you 2
2024-10-14 23:05:56.946916 Romeo: X-ray, Hotel and Papa, sending you 1
2024-10-14 23:05:56.947971 India: X-ray, Alpha and Zulu, sending you 2
2024-10-14 23:05:56.949169 Uniform: Oscar, sending you 3
2024-10-14 23:05:56.951664 Papa: Lima, Alpha and Zulu, sending you 2
2024-10-14 23:05:56.952691 Oscar: Sending you 14
2024-10-14 23:05:56.955661 Zulu: Lima, sending you 5
2024-10-14 23:05:56.956702 Papa: X-ray, Hotel and India, sending you 3
2024-10-14 23:05:56.958667 Zulu: X-ray, sending you 4
2024-10-14 23:05:56.963700 Zulu: Hotel and Alpha, sending you 3
2024-10-14 23:05:56.965353 X-ray: Lima and Papa, sending you 3
2024-10-14 23:05:56.968703 Zulu: India and Papa, sending you 2
2024-10-14 23:05:56.969691 X-ray: Hotel and India, sending you 2
2024-10-14 23:05:56.971672 Lima: X-ray and India, sending you 3
2024-10-14 23:05:56.973706 X-ray: Alpha, sending you 5
2024-10-14 23:05:56.977190 Lima: Hotel, sending you 4
2024-10-14 23:05:56.978684 X-ray: Zulu, sending you 4
2024-10-14 23:05:56.982671 Lima: Alpha and Papa, sending you 2
2024-10-14 23:05:56.988657 Lima: Zulu, sending you 5
chatterbot Romeo submitting transactions
chatterbot Papa submitting transactions
chatterbot Lima submitting transactions
chatterbot Hotel submitting transactions
chatterbot Alpha submitting transactions
chatterbot Uniform submitting transactions
chatterbot Oscar submitting transactions
chatterbot India submitting transactions
chatterbot Zulu submitting transactions
chatterbot X-ray submitting transactions
ChatterBot Lima round 8
ChatterBot X-ray round 8
ChatterBot Hotel round 8
ChatterBot Romeo round 8
ChatterBot India round 8
ChatterBot Alpha round 8
ChatterBot Zulu round 8
ChatterBot Papa round 8
ChatterBot Uniform round 8
ChatterBot Oscar round 8
2024-10-14 23:05:58.170824 Uniform: We should add Alpha
2024-10-14 23:05:58.175320 Oscar: No
2024-10-14 23:05:58.175442 Romeo: Yes
ChatterBot Uniform reevaluating
ChatterBot Uniform reevaluating
2024-10-14 23:05:58.190683 X-ray: Lima and Papa, sending you 3
2024-10-14 23:05:58.191781 Uniform: Alpha we want you to join our group
ChatterBot Alpha reevaluating
2024-10-14 23:05:58.195015 Alpha: No
ChatterBot Uniform reevaluating
2024-10-14 23:05:58.203039 Uniform: We should add X-ray
2024-10-14 23:05:58.207315 Oscar: Yes
2024-10-14 23:05:58.207470 Romeo: Yes
ChatterBot Uniform reevaluating
ChatterBot Uniform reevaluating
2024-10-14 23:05:58.218330 Lima: X-ray, sending you 4
2024-10-14 23:05:58.218947 Hotel: Lima, India, Alpha, Zulu and Papa, sending you 3
2024-10-14 23:05:58.219693 X-ray: Hotel and India, sending you 2
2024-10-14 23:05:58.220411 Uniform: We should add Hotel
2024-10-14 23:05:58.224090 Oscar: No
2024-10-14 23:05:58.224215 Romeo: Yes
ChatterBot Uniform reevaluating
ChatterBot Uniform reevaluating
2024-10-14 23:05:58.232813 Uniform: We should add Papa
2024-10-14 23:05:58.236379 Oscar: No
2024-10-14 23:05:58.236497 Romeo: Yes
ChatterBot Uniform reevaluating
ChatterBot Uniform reevaluating
2024-10-14 23:05:58.244943 Romeo: Lima and Zulu, sending you 2
2024-10-14 23:05:58.245600 Lima: Hotel and India, sending you 3
2024-10-14 23:05:58.246070 Hotel: X-ray, sending you 2
2024-10-14 23:05:58.246467 X-ray: Alpha, sending you 5
2024-10-14 23:05:58.246894 Papa: Lima, Alpha and Zulu, sending you 2
2024-10-14 23:05:58.247333 India: Lima, Hotel and Papa, sending you 3
2024-10-14 23:05:58.247746 Zulu: Lima, sending you 5
2024-10-14 23:05:58.248232 Romeo: X-ray, Hotel and Papa, sending you 1
2024-10-14 23:05:58.248881 Lima: Alpha and Papa, sending you 2
2024-10-14 23:05:58.249667 Papa: X-ray, Hotel and India, sending you 3
2024-10-14 23:05:58.250717 X-ray: Zulu, sending you 4
2024-10-14 23:05:58.251813 Uniform: Hotel we want you to join our group
2024-10-14 23:05:58.254447 Hotel: No
ChatterBot Uniform reevaluating
2024-10-14 23:05:58.262843 India: X-ray, Alpha and Zulu, sending you 2
2024-10-14 23:05:58.263487 Zulu: X-ray, sending you 4
2024-10-14 23:05:58.264437 Oscar: Same as last round
2024-10-14 23:05:58.264720 Lima: Zulu, sending you 5
2024-10-14 23:05:58.267671 Zulu: Hotel and Alpha, sending you 3
2024-10-14 23:05:58.271762 Uniform: Papa we want you to join our group
2024-10-14 23:05:58.274794 Papa: No
ChatterBot Uniform reevaluating
2024-10-14 23:05:58.284299 Zulu: India and Papa, sending you 2
2024-10-14 23:05:58.323653 Uniform: Romeo and Alpha, sending you 1
2024-10-14 23:05:58.326661 Uniform: Oscar, sending you 2
chatterbot Zulu submitting transactions
chatterbot Romeo submitting transactions
chatterbot Lima submitting transactions
chatterbot India submitting transactions
chatterbot Alpha submitting transactions
chatterbot X-ray submitting transactions
chatterbot Oscar submitting transactions
chatterbot Papa submitting transactions
chatterbot Uniform submitting transactions
chatterbot Hotel submitting transactions
ChatterBot Lima round 9
ChatterBot X-ray round 9
ChatterBot Hotel round 9
ChatterBot Romeo round 9
ChatterBot India round 9
ChatterBot Alpha round 9
ChatterBot Zulu round 9
ChatterBot Papa round 9
ChatterBot Uniform round 9
ChatterBot Oscar round 9
2024-10-14 23:05:59.125663 X-ray: Lima and Papa, sending you 3
2024-10-14 23:05:59.129716 X-ray: Hotel and India, sending you 2
2024-10-14 23:05:59.131449 Lima: X-ray, sending you 4
2024-10-14 23:05:59.132657 Zulu: Lima, sending you 5
2024-10-14 23:05:59.133997 Romeo: Lima and Zulu, sending you 2
2024-10-14 23:05:59.136638 X-ray: Alpha, sending you 5
2024-10-14 23:05:59.137537 Lima: Hotel and India, sending you 3
2024-10-14 23:05:59.138360 Papa: Lima, Alpha and Zulu, sending you 2
2024-10-14 23:05:59.140045 Zulu: X-ray, sending you 4
2024-10-14 23:05:59.141055 Romeo: X-ray, Hotel and Papa, sending you 1
2024-10-14 23:05:59.143251 X-ray: Zulu, sending you 4
2024-10-14 23:05:59.144611 Lima: Alpha and Papa, sending you 2
2024-10-14 23:05:59.146364 Uniform: Romeo, sending you 1
2024-10-14 23:05:59.146816 Papa: X-ray, Hotel and India, sending you 3
2024-10-14 23:05:59.148016 Zulu: Hotel and Alpha, sending you 3
2024-10-14 23:05:59.149903 Hotel: Lima, India, Alpha, Zulu and Papa, sending you 3
2024-10-14 23:05:59.151046 India: Lima, Hotel and Papa, sending you 3
2024-10-14 23:05:59.152516 Lima: Zulu, sending you 5
2024-10-14 23:05:59.153330 Uniform: Oscar, sending you 3
2024-10-14 23:05:59.153675 Oscar: Romeo, sending you 3
2024-10-14 23:05:59.154029 Zulu: India and Papa, sending you 2
2024-10-14 23:05:59.155669 Hotel: X-ray, sending you 2
2024-10-14 23:05:59.156685 India: X-ray, Alpha and Zulu, sending you 2
2024-10-14 23:05:59.158698 Oscar: Uniform, sending you 11
chatterbot X-ray submitting transactions
chatterbot Alpha submitting transactions
chatterbot Zulu submitting transactions
chatterbot Uniform submitting transactions
chatterbot Papa submitting transactions
chatterbot Romeo submitting transactions
chatterbot Oscar submitting transactions
chatterbot Lima submitting transactions
chatterbot Hotel submitting transactions
chatterbot India submitting transactions
ChatterBot Lima round 10
ChatterBot X-ray round 10
ChatterBot Hotel round 10
ChatterBot Romeo round 10
ChatterBot India round 10
ChatterBot Alpha round 10
ChatterBot Zulu round 10
ChatterBot Papa round 10
ChatterBot Uniform round 10
ChatterBot Oscar round 10
2024-10-14 23:06:00.322751 Uniform: We should replace Romeo with Hotel
ChatterBot Oscar reevaluating
2024-10-14 23:06:00.325625 Oscar: No
ChatterBot Uniform reevaluating
2024-10-14 23:06:00.330694 Lima: X-ray, Hotel and India, sending you 3
2024-10-14 23:06:00.336206 X-ray: Lima and Papa, sending you 3
2024-10-14 23:06:00.336969 Lima: Alpha and Papa, sending you 2
2024-10-14 23:06:00.340670 Lima: Zulu, sending you 6
2024-10-14 23:06:00.341417 Papa: Lima, Alpha and Zulu, sending you 2
2024-10-14 23:06:00.342138 X-ray: Hotel and India, sending you 2
2024-10-14 23:06:00.342930 Zulu: Lima, sending you 5
2024-10-14 23:06:00.343783 Hotel: Lima, India, Alpha, Zulu and Papa, sending you 3
2024-10-14 23:06:00.344671 Papa: X-ray, Hotel and India, sending you 3
2024-10-14 23:06:00.346671 Zulu: X-ray, sending you 4
2024-10-14 23:06:00.348157 X-ray: Alpha, sending you 5
2024-10-14 23:06:00.348918 Hotel: X-ray, sending you 2
2024-10-14 23:06:00.349696 Uniform: Oscar, sending you 4
2024-10-14 23:06:00.350688 India: Lima, Hotel and Papa, sending you 3
2024-10-14 23:06:00.351696 Oscar: Sending you 14
2024-10-14 23:06:00.352287 Zulu: Hotel and Alpha, sending you 3
2024-10-14 23:06:00.353994 Romeo: Lima and Zulu, sending you 2
2024-10-14 23:06:00.356279 X-ray: Zulu, sending you 4
2024-10-14 23:06:00.358032 India: X-ray, Alpha and Zulu, sending you 2
2024-10-14 23:06:00.361533 Zulu: India and Papa, sending you 2
2024-10-14 23:06:00.363176 Romeo: X-ray, Hotel and Papa, sending you 1
chatterbot Romeo submitting transactions
chatterbot Hotel submitting transactions
chatterbot Zulu submitting transactions
chatterbot Oscar submitting transactions
chatterbot India submitting transactions
chatterbot Uniform submitting transactions
chatterbot Alpha submitting transactions
chatterbot X-ray submitting transactions
chatterbot Papa submitting transactions
chatterbot Lima submitting transactions
ChatterBot Lima round 11
ChatterBot X-ray round 11
ChatterBot Hotel round 11
ChatterBot Romeo round 11
ChatterBot India round 11
ChatterBot Alpha round 11
ChatterBot Zulu round 11
ChatterBot Papa round 11
ChatterBot Uniform round 11
ChatterBot Oscar round 11
2024-10-14 23:06:01.499671 X-ray: Lima and Papa, sending you 3
2024-10-14 23:06:01.501065 Lima: X-ray, Hotel and India, sending you 3
2024-10-14 23:06:01.503171 Romeo: Lima and Zulu, sending you 2
2024-10-14 23:06:01.504513 X-ray: Hotel and India, sending you 2
2024-10-14 23:06:01.505154 Lima: Alpha and Papa, sending you 2
2024-10-14 23:06:01.507706 Romeo: X-ray, Hotel and Papa, sending you 1
2024-10-14 23:06:01.510678 Lima: Zulu, sending you 6
2024-10-14 23:06:01.512487 X-ray: Alpha, sending you 5
2024-10-14 23:06:01.514623 Papa: Lima, Alpha and Zulu, sending you 2
2024-10-14 23:06:01.516643 Zulu: Lima, sending you 5
2024-10-14 23:06:01.518682 X-ray: Zulu, sending you 4
2024-10-14 23:06:01.519971 Hotel: Lima, India, Alpha, Zulu and Papa, sending you 3
2024-10-14 23:06:01.520684 Papa: X-ray, Hotel and India, sending you 3
2024-10-14 23:06:01.521467 Uniform: Oscar, sending you 4
2024-10-14 23:06:01.522363 India: Lima, Hotel and Papa, sending you 3
2024-10-14 23:06:01.523176 Oscar: Same as last round
2024-10-14 23:06:01.523445 Zulu: X-ray, sending you 4
2024-10-14 23:06:01.524933 Hotel: X-ray, sending you 2
2024-10-14 23:06:01.526631 India: X-ray, Alpha and Zulu, sending you 2
2024-10-14 23:06:01.529659 Zulu: Hotel and Alpha, sending you 3
2024-10-14 23:06:01.535686 Zulu: India and Papa, sending you 2
chatterbot Oscar submitting transactions
chatterbot India submitting transactions
chatterbot Uniform submitting transactions
chatterbot Alpha submitting transactions
chatterbot Hotel submitting transactions
chatterbot Romeo submitting transactions
chatterbot Papa submitting transactions
chatterbot X-ray submitting transactions
chatterbot Zulu submitting transactions
chatterbot Lima submitting transactions
ChatterBot Lima round 12
ChatterBot X-ray round 12
ChatterBot Hotel round 12
ChatterBot Romeo round 12
ChatterBot India round 12
ChatterBot Alpha round 12
ChatterBot Zulu round 12
ChatterBot Papa round 12
ChatterBot Uniform round 12
ChatterBot Oscar round 12
2024-10-14 23:06:02.707674 Lima: X-ray, Hotel and India, sending you 3
2024-10-14 23:06:02.711678 Lima: Alpha and Papa, sending you 2
2024-10-14 23:06:02.714883 Lima: Zulu, sending you 6
2024-10-14 23:06:02.716085 Hotel: Lima, India, Alpha, Zulu and Papa, sending you 3
2024-10-14 23:06:02.718680 India: Lima, Hotel and Papa, sending you 3
2024-10-14 23:06:02.721692 Hotel: X-ray, sending you 2
2024-10-14 23:06:02.722969 India: X-ray, Alpha and Zulu, sending you 2
2024-10-14 23:06:02.724086 Papa: Lima, Alpha and Zulu, sending you 2
2024-10-14 23:06:02.725156 Oscar: Romeo, sending you 3
2024-10-14 23:06:02.725524 X-ray: Lima and Papa, sending you 3
2024-10-14 23:06:02.726466 Zulu: Lima, sending you 5
2024-10-14 23:06:02.727706 Uniform: Oscar, sending you 4
2024-10-14 23:06:02.728128 Romeo: Lima and Zulu, sending you 2
2024-10-14 23:06:02.729649 Oscar: Uniform, sending you 11
2024-10-14 23:06:02.730012 Papa: X-ray, Hotel and India, sending you 3
2024-10-14 23:06:02.730962 X-ray: Hotel and India, sending you 2
2024-10-14 23:06:02.732675 Zulu: X-ray, sending you 4
2024-10-14 23:06:02.733580 Romeo: X-ray, Hotel and Papa, sending you 1
2024-10-14 23:06:02.734819 X-ray: Alpha, sending you 5
2024-10-14 23:06:02.735943 Zulu: Hotel and Alpha, sending you 3
2024-10-14 23:06:02.740675 X-ray: Zulu, sending you 4
2024-10-14 23:06:02.741461 Zulu: India and Papa, sending you 2
chatterbot Alpha submitting transactions
chatterbot Hotel submitting transactions
chatterbot India submitting transactions
chatterbot Oscar submitting transactions
chatterbot Zulu submitting transactions
chatterbot X-ray submitting transactions
chatterbot Romeo submitting transactions
chatterbot Uniform submitting transactions
chatterbot Lima submitting transactions
chatterbot Papa submitting transactions
ChatterBot Lima round 13
ChatterBot X-ray round 13
ChatterBot Hotel round 13
ChatterBot Romeo round 13
ChatterBot India round 13
ChatterBot Alpha round 13
ChatterBot Zulu round 13
ChatterBot Papa round 13
ChatterBot Uniform round 13
ChatterBot Oscar round 13
2024-10-14 23:06:04.074884 Hotel: Lima, India, Alpha, Zulu and Papa, sending you 3
2024-10-14 23:06:04.077752 Uniform: Oscar, sending you 4
2024-10-14 23:06:04.079197 Lima: X-ray, Hotel and India, sending you 3
2024-10-14 23:06:04.081952 Papa: Lima, Alpha and Zulu, sending you 2
2024-10-14 23:06:04.084532 Hotel: X-ray, sending you 2
2024-10-14 23:06:04.088114 India: Lima, Hotel and Papa, sending you 3
2024-10-14 23:06:04.090879 Lima: Alpha and Papa, sending you 2
2024-10-14 23:06:04.093728 Romeo: Lima and Zulu, sending you 2
2024-10-14 23:06:04.097794 Zulu: Lima, sending you 5
2024-10-14 23:06:04.101056 Papa: X-ray, Hotel and India, sending you 3
2024-10-14 23:06:04.104499 X-ray: Lima and Papa, sending you 3
2024-10-14 23:06:04.107423 India: X-ray, Alpha and Zulu, sending you 2
2024-10-14 23:06:04.110713 Lima: Zulu, sending you 6
2024-10-14 23:06:04.114925 Romeo: X-ray, Hotel and Papa, sending you 1
2024-10-14 23:06:04.118129 Zulu: X-ray, sending you 4
2024-10-14 23:06:04.121064 X-ray: Hotel and India, sending you 2
2024-10-14 23:06:04.123927 Oscar: Sending you 14
2024-10-14 23:06:04.129487 Zulu: Hotel and Alpha, sending you 3
2024-10-14 23:06:04.133319 X-ray: Alpha, sending you 5
2024-10-14 23:06:04.136771 Zulu: India and Papa, sending you 2
2024-10-14 23:06:04.143514 X-ray: Zulu, sending you 4
chatterbot Uniform submitting transactions
chatterbot X-ray submitting transactions
chatterbot Zulu submitting transactions
chatterbot Oscar submitting transactions
chatterbot Hotel submitting transactions
chatterbot Papa submitting transactions
