ChatterBot Zulu round 1
ChatterBot November round 1
ChatterBot X-ray round 1
ChatterBot Quebec round 1
ChatterBot Bravo round 1
ChatterBot Sierra round 1
randomSelections Zulu: {Zulu, Bravo, India, Golf, November, Quebec, Oscar} 
2024-10-14 23:05:46.185842 Zulu: Friends?
ChatterBot Bravo reevaluating
ChatterBot November reevaluating
ChatterBot Quebec reevaluating
2024-10-14 23:05:46.237685 Bravo: Yes
2024-10-14 23:05:46.238657 November: Yes
2024-10-14 23:05:46.238896 Quebec: Yes
ChatterBot November reevaluating
ChatterBot Quebec reevaluating
ChatterBot Bravo reevaluating
ChatterBot Quebec reevaluating
ChatterBot Bravo reevaluating
ChatterBot November reevaluating
randomSelections X-ray: {X-ray, November, Quebec, Golf, Papa} 
2024-10-14 23:05:46.267993 X-ray: Group up?
ChatterBot November reevaluating
ChatterBot Quebec reevaluating
2024-10-14 23:05:46.273277 November: No
2024-10-14 23:05:46.273637 Quebec: No
ChatterBot Quebec reevaluating
ChatterBot November reevaluating
ChatterBot Oscar round 1
ChatterBot Oscar reevaluating
ChatterBot Oscar reevaluating
ChatterBot Oscar reevaluating
ChatterBot Oscar reevaluating
2024-10-14 23:05:46.290038 Oscar: Yes
ChatterBot Bravo reevaluating
ChatterBot November reevaluating
ChatterBot Quebec reevaluating
ChatterBot India round 1
ChatterBot India reevaluating
ChatterBot India reevaluating
ChatterBot India reevaluating
ChatterBot India reevaluating
ChatterBot India reevaluating
2024-10-14 23:05:46.307838 India: Yes
ChatterBot Bravo reevaluating
ChatterBot November reevaluating
ChatterBot Quebec reevaluating
ChatterBot Oscar reevaluating
ChatterBot Papa round 1
ChatterBot Papa reevaluating
ChatterBot Papa reevaluating
ChatterBot Papa reevaluating
2024-10-14 23:05:46.322594 Papa: Yes
ChatterBot November reevaluating
ChatterBot Quebec reevaluating
ChatterBot Golf round 1
ChatterBot Golf reevaluating
ChatterBot Golf reevaluating
ChatterBot Golf reevaluating
ChatterBot Golf reevaluating
ChatterBot Golf reevaluating
ChatterBot Golf reevaluating
ChatterBot Golf reevaluating
ChatterBot Golf reevaluating
ChatterBot Golf reevaluating
ChatterBot Golf reevaluating
2024-10-14 23:05:46.342375 Golf: Yes
2024-10-14 23:05:46.342560 Golf: No
ChatterBot Bravo reevaluating
ChatterBot India reevaluating
ChatterBot November reevaluating
ChatterBot Quebec reevaluating
ChatterBot Oscar reevaluating
ChatterBot Papa reevaluating
ChatterBot November reevaluating
ChatterBot Quebec reevaluating
randomSelections Sierra: {Sierra, India, Oscar, November, Golf, Quebec} 
2024-10-14 23:05:46.364491 Sierra: Group up?
ChatterBot India reevaluating
ChatterBot Oscar reevaluating
ChatterBot November reevaluating
ChatterBot Golf reevaluating
ChatterBot Quebec reevaluating
2024-10-14 23:05:46.372430 India: No
2024-10-14 23:05:46.372666 Oscar: No
2024-10-14 23:05:46.372792 November: No
2024-10-14 23:05:46.373418 Golf: No
2024-10-14 23:05:46.373675 Quebec: No
ChatterBot Oscar reevaluating
ChatterBot November reevaluating
ChatterBot Golf reevaluating
ChatterBot Quebec reevaluating
ChatterBot India reevaluating
ChatterBot November reevaluating
ChatterBot Golf reevaluating
ChatterBot Quebec reevaluating
ChatterBot India reevaluating
ChatterBot Oscar reevaluating
ChatterBot Golf reevaluating
ChatterBot Quebec reevaluating
ChatterBot India reevaluating
ChatterBot Oscar reevaluating
ChatterBot November reevaluating
ChatterBot Quebec reevaluating
ChatterBot India reevaluating
ChatterBot Oscar reevaluating
ChatterBot November reevaluating
ChatterBot Golf reevaluating
2024-10-14 23:05:46.470127 Zulu: Quebec and Oscar, sending you 1
2024-10-14 23:05:46.470741 Bravo: November, India and Golf, sending you 1
2024-10-14 23:05:46.471257 Papa: November and Quebec, sending you 5
2024-10-14 23:05:46.471668 X-ray: November and Golf, sending you 3
2024-10-14 23:05:46.473145 Oscar: Zulu and India, sending you 4
2024-10-14 23:05:46.473897 Quebec: Zulu and Bravo, sending you 2
2024-10-14 23:05:46.476237 Sierra: November, sending you 3
2024-10-14 23:05:46.476978 November: Oscar, sending you 1
2024-10-14 23:05:46.477650 Bravo: Quebec and Oscar, sending you 2
2024-10-14 23:05:46.479788 Zulu: Bravo, sending you 3
2024-10-14 23:05:46.480487 India: November and Golf, sending you 1
2024-10-14 23:05:46.482339 Papa: X-ray, sending you 2
2024-10-14 23:05:46.482924 Oscar: November, Bravo and Golf, sending you 1
2024-10-14 23:05:46.485289 X-ray: Quebec, sending you 7
2024-10-14 23:05:46.485757 Quebec: November, sending you 1
2024-10-14 23:05:46.486167 November: Golf, sending you 2
2024-10-14 23:05:46.487673 Golf: Zulu and India, sending you 1
2024-10-14 23:05:46.488176 Sierra: Quebec, sending you 4
2024-10-14 23:05:46.488643 India: Bravo, sending you 2
2024-10-14 23:05:46.490346 Papa: Golf, sending you 4
2024-10-14 23:05:46.490849 X-ray: Papa, sending you 4
2024-10-14 23:05:46.491463 Oscar: Quebec, sending you 6
2024-10-14 23:05:46.492942 Quebec: India, sending you 4
2024-10-14 23:05:46.493610 Golf: November, sending you 3
2024-10-14 23:05:46.495088 Sierra: India, sending you 8
2024-10-14 23:05:46.500933 Sierra: Golf, sending you 2
chatterbot Papa submitting transactions
chatterbot Zulu submitting transactions
chatterbot India submitting transactions
chatterbot Sierra submitting transactions
chatterbot November submitting transactions
chatterbot X-ray submitting transactions
chatterbot Golf submitting transactions
chatterbot Bravo submitting transactions
chatterbot Oscar submitting transactions
chatterbot Quebec submitting transactions
ChatterBot Zulu round 2
ChatterBot November round 2
ChatterBot X-ray round 2
ChatterBot Quebec round 2
ChatterBot Bravo round 2
2024-10-14 23:05:47.702290 Zulu: Can we be friends?
ChatterBot Quebec reevaluating
ChatterBot Bravo reevaluating
ChatterBot Oscar reevaluating
2024-10-14 23:05:47.740144 Quebec: No
2024-10-14 23:05:47.740330 Bravo: Yes
2024-10-14 23:05:47.740490 Oscar: No
ChatterBot Zulu reevaluating
ChatterBot Bravo reevaluating
ChatterBot Oscar reevaluating
ChatterBot Zulu reevaluating
ChatterBot Quebec reevaluating
ChatterBot Oscar reevaluating
ChatterBot Zulu reevaluating
ChatterBot Quebec reevaluating
ChatterBot Bravo reevaluating
ChatterBot Sierra round 2
ChatterBot Oscar round 2
ChatterBot India round 2
ChatterBot Papa round 2
2024-10-14 23:05:47.831289 Bravo: We should group up
ChatterBot Zulu reevaluating
ChatterBot Quebec reevaluating
ChatterBot Oscar reevaluating
ChatterBot Sierra reevaluating
ChatterBot India reevaluating
2024-10-14 23:05:47.856724 Zulu: No
2024-10-14 23:05:47.856864 Quebec: No
2024-10-14 23:05:47.856962 Oscar: Yes
2024-10-14 23:05:47.857575 Sierra: Yes
2024-10-14 23:05:47.857717 India: Yes
ChatterBot Bravo reevaluating
ChatterBot Quebec reevaluating
ChatterBot Oscar reevaluating
ChatterBot Sierra reevaluating
ChatterBot India reevaluating
ChatterBot Bravo reevaluating
ChatterBot Zulu reevaluating
ChatterBot Oscar reevaluating
ChatterBot Sierra reevaluating
ChatterBot India reevaluating
ChatterBot Bravo reevaluating
ChatterBot Zulu reevaluating
ChatterBot Quebec reevaluating
ChatterBot Sierra reevaluating
ChatterBot India reevaluating
ChatterBot Bravo reevaluating
ChatterBot Zulu reevaluating
ChatterBot Quebec reevaluating
ChatterBot Oscar reevaluating
ChatterBot India reevaluating
ChatterBot Bravo reevaluating
ChatterBot Zulu reevaluating
ChatterBot Quebec reevaluating
ChatterBot Oscar reevaluating
ChatterBot Sierra reevaluating
ChatterBot Golf round 2
2024-10-14 23:05:47.990568 November: We should group up
ChatterBot Papa reevaluating
ChatterBot Golf reevaluating
ChatterBot Sierra reevaluating
ChatterBot India reevaluating
2024-10-14 23:05:48.016694 X-ray: No
2024-10-14 23:05:48.016846 Papa: No
2024-10-14 23:05:48.016962 Golf: No
2024-10-14 23:05:48.017091 Sierra: No
2024-10-14 23:05:48.017602 India: No
ChatterBot November reevaluating
ChatterBot Papa reevaluating
ChatterBot Golf reevaluating
ChatterBot Sierra reevaluating
ChatterBot India reevaluating
ChatterBot November reevaluating
ChatterBot Golf reevaluating
ChatterBot Sierra reevaluating
ChatterBot India reevaluating
ChatterBot November reevaluating
ChatterBot Papa reevaluating
ChatterBot Sierra reevaluating
ChatterBot India reevaluating
ChatterBot November reevaluating
ChatterBot Papa reevaluating
ChatterBot Golf reevaluating
ChatterBot India reevaluating
ChatterBot November reevaluating
ChatterBot Papa reevaluating
ChatterBot Golf reevaluating
ChatterBot Sierra reevaluating
2024-10-14 23:05:48.169089 X-ray: We should drop Quebec
ChatterBot Papa reevaluating
ChatterBot November reevaluating
ChatterBot Golf reevaluating
2024-10-14 23:05:48.186785 Papa: Yes
2024-10-14 23:05:48.186950 November: Yes
2024-10-14 23:05:48.187065 Golf: Yes
ChatterBot November reevaluating
ChatterBot Golf reevaluating
ChatterBot Papa reevaluating
ChatterBot Golf reevaluating
ChatterBot Papa reevaluating
ChatterBot November reevaluating
chatterbot Zulu submitting transactions
chatterbot X-ray submitting transactions
2024-10-14 23:05:49.158598 India: Zulu, sending you 2
2024-10-14 23:05:49.158987 Zulu: Quebec, sending you 1
2024-10-14 23:05:49.159748 Bravo: Zulu, sending you 5
2024-10-14 23:05:49.159964 Quebec: Zulu, sending you 2
2024-10-14 23:05:49.160148 Papa: November and Golf, sending you 3
2024-10-14 23:05:49.160367 November: X-ray and Golf, sending you 4
2024-10-14 23:05:49.160567 Oscar: Zulu, sending you 5
2024-10-14 23:05:49.161219 X-ray: November and Golf, sending you 2
2024-10-14 23:05:49.161412 Sierra: Zulu and India, sending you 4
chatterbot Quebec submitting transactions
chatterbot Bravo submitting transactions
2024-10-14 23:05:49.161855 India: Quebec and Oscar, sending you 4
2024-10-14 23:05:49.509336 Zulu: Oscar, sending you 4
2024-10-14 23:05:49.509781 November: Papa, sending you 6
2024-10-14 23:05:49.510125 Bravo: Quebec, Oscar and India, sending you 4
2024-10-14 23:05:49.510911 Papa: X-ray, sending you 10
2024-10-14 23:05:49.511224 Quebec: Bravo, sending you 3
2024-10-14 23:05:49.511541 Oscar: Quebec, Sierra and India, sending you 1
2024-10-14 23:05:49.512364 X-ray: Papa, sending you 13
2024-10-14 23:05:49.512670 Golf: November and Sierra, sending you 3
2024-10-14 23:05:49.512996 India: Bravo, sending you 3
2024-10-14 23:05:49.513919 Sierra: Quebec, Bravo and Oscar, sending you 3
chatterbot November submitting transactions
chatterbot India submitting transactions
chatterbot Papa submitting transactions
chatterbot Sierra submitting transactions
2024-10-14 23:05:49.515173 Quebec: Sierra, sending you 4
2024-10-14 23:05:49.515504 Oscar: Bravo, sending you 9
2024-10-14 23:05:49.515988 Bravo: Sierra, sending you 3
2024-10-14 23:05:49.870545 India: Sierra, sending you 6
2024-10-14 23:05:49.872094 Golf: X-ray, sending you 5
2024-10-14 23:05:49.872794 Quebec: Oscar, sending you 6
chatterbot Oscar submitting transactions
chatterbot Golf submitting transactions
2024-10-14 23:05:49.896454 India: Quebec did not give me 4 like they said
ChatterBot Bravo reevaluating
ChatterBot Zulu reevaluating
ChatterBot Quebec reevaluating
ChatterBot Oscar reevaluating
ChatterBot Sierra reevaluating
2024-10-14 23:05:49.939324 India: Sierra did not give me 8 like they said
ChatterBot Bravo reevaluating
ChatterBot Zulu reevaluating
ChatterBot Quebec reevaluating
ChatterBot Oscar reevaluating
ChatterBot Sierra reevaluating
2024-10-14 23:05:49.982917 India: Oscar did not give me 4 like they said
ChatterBot Bravo reevaluating
ChatterBot Zulu reevaluating
ChatterBot Quebec reevaluating
ChatterBot Oscar reevaluating
ChatterBot Sierra reevaluating
2024-10-14 23:05:50.024138 India: Golf did not give me 1 like they said
ChatterBot Bravo reevaluating
ChatterBot Zulu reevaluating
ChatterBot Quebec reevaluating
ChatterBot Oscar reevaluating
ChatterBot Sierra reevaluating
2024-10-14 23:05:50.070759 Golf: Papa, sending you 6
ChatterBot Zulu round 3
ChatterBot November round 3
ChatterBot X-ray round 3
ChatterBot Quebec round 3
ChatterBot Bravo round 3
ChatterBot Sierra round 3
ChatterBot Oscar round 3
ChatterBot India round 3
ChatterBot Papa round 3
ChatterBot Golf round 3
2024-10-14 23:05:50.076121 Quebec: We should add India
ChatterBot Zulu reevaluating
ChatterBot Bravo reevaluating
ChatterBot Oscar reevaluating
ChatterBot Sierra reevaluating
2024-10-14 23:05:50.099806 Zulu: Yes
2024-10-14 23:05:50.100060 Bravo: Yes
2024-10-14 23:05:50.100221 Oscar: Yes
2024-10-14 23:05:50.100405 Sierra: Yes
ChatterBot Quebec reevaluating
ChatterBot Bravo reevaluating
ChatterBot Oscar reevaluating
ChatterBot Sierra reevaluating
ChatterBot Quebec reevaluating
ChatterBot Zulu reevaluating
ChatterBot Oscar reevaluating
ChatterBot Sierra reevaluating
ChatterBot Quebec reevaluating
ChatterBot Zulu reevaluating
ChatterBot Bravo reevaluating
ChatterBot Sierra reevaluating
ChatterBot Quebec reevaluating
ChatterBot Zulu reevaluating
ChatterBot Bravo reevaluating
ChatterBot Oscar reevaluating
2024-10-14 23:05:50.199252 Sierra: We should add Golf
ChatterBot Bravo reevaluating
ChatterBot Zulu reevaluating
ChatterBot Quebec reevaluating
ChatterBot Oscar reevaluating
ChatterBot India reevaluating
2024-10-14 23:05:50.227139 Bravo: No
2024-10-14 23:05:50.227319 Zulu: No
2024-10-14 23:05:50.227462 Quebec: No
2024-10-14 23:05:50.228067 Oscar: No
2024-10-14 23:05:50.228270 India: No
ChatterBot Zulu reevaluating
ChatterBot Quebec reevaluating
ChatterBot Oscar reevaluating
ChatterBot Sierra reevaluating
ChatterBot India reevaluating
ChatterBot Bravo reevaluating
ChatterBot Quebec reevaluating
ChatterBot Oscar reevaluating
ChatterBot Sierra reevaluating
ChatterBot India reevaluating
ChatterBot Bravo reevaluating
ChatterBot Zulu reevaluating
ChatterBot Oscar reevaluating
ChatterBot Sierra reevaluating
ChatterBot India reevaluating
ChatterBot Bravo reevaluating
ChatterBot Zulu reevaluating
ChatterBot Quebec reevaluating
ChatterBot Sierra reevaluating
ChatterBot India reevaluating
ChatterBot Bravo reevaluating
ChatterBot Zulu reevaluating
ChatterBot Quebec reevaluating
ChatterBot Oscar reevaluating
ChatterBot Sierra reevaluating
2024-10-14 23:05:50.368501 Quebec: We should replace Zulu with India
ChatterBot Bravo reevaluating
ChatterBot Sierra reevaluating
ChatterBot Oscar reevaluating
2024-10-14 23:05:50.382911 Bravo: No
2024-10-14 23:05:50.383533 Sierra: No
2024-10-14 23:05:50.383701 Oscar: No
ChatterBot Quebec reevaluating
ChatterBot Sierra reevaluating
ChatterBot Oscar reevaluating
ChatterBot Quebec reevaluating
ChatterBot Bravo reevaluating
ChatterBot Oscar reevaluating
ChatterBot Quebec reevaluating
ChatterBot Bravo reevaluating
ChatterBot Sierra reevaluating
2024-10-14 23:05:50.423753 Golf: We should drop Sierra
2024-10-14 23:05:50.432921 X-ray: Yes
2024-10-14 23:05:50.433124 Papa: Yes
2024-10-14 23:05:50.433273 November: Yes
ChatterBot Golf reevaluating
ChatterBot Golf reevaluating
ChatterBot Golf reevaluating
2024-10-14 23:05:50.462708 Quebec: India we want you to join our group
2024-10-14 23:05:50.466118 India: Yes
ChatterBot Quebec reevaluating
2024-10-14 23:05:50.504758 India: Zulu, sending you 1
2024-10-14 23:05:50.505956 Zulu: Sending you each 1
2024-10-14 23:05:50.507094 November: X-ray, sending you 4
2024-10-14 23:05:50.507458 Papa: November, sending you 5
2024-10-14 23:05:50.507792 X-ray: November and Golf, sending you 5
2024-10-14 23:05:50.711449 India: Quebec, Bravo and Oscar, sending you 4
2024-10-14 23:05:50.712721 November: Papa and Golf, sending you 5
2024-10-14 23:05:50.713818 X-ray: Papa, sending you 7
2024-10-14 23:05:50.714365 Papa: X-ray, sending you 7
2024-10-14 23:05:50.714695 Oscar: Zulu and India, sending you 3
2024-10-14 23:05:50.715720 Bravo: Zulu and Sierra, sending you 3
2024-10-14 23:05:50.716250 Golf: November, sending you 6
2024-10-14 23:05:50.717417 Sierra: Zulu, sending you 1
2024-10-14 23:05:50.717998 India: Sierra, sending you 6
2024-10-14 23:05:50.937286 Papa: Golf, sending you 4
2024-10-14 23:05:50.937696 Bravo: Quebec and India, sending you 4
2024-10-14 23:05:50.938121 Oscar: Quebec, sending you 5
2024-10-14 23:05:50.938953 Golf: X-ray, sending you 4
2024-10-14 23:05:50.939233 Sierra: Quebec, sending you 5
chatterbot Sierra submitting transactions
2024-10-14 23:05:51.097782 Bravo: Oscar, sending you 6
2024-10-14 23:05:51.098396 Oscar: Bravo, sending you 4
2024-10-14 23:05:51.099731 Golf: Sierra, sending you 2
2024-10-14 23:05:51.100077 Sierra: Bravo, sending you 3
2024-10-14 23:05:51.100480 Quebec: Bravo, Sierra and Oscar, sending you 4
chatterbot Golf submitting transactions
chatterbot Papa submitting transactions
chatterbot Quebec submitting transactions
2024-10-14 23:05:51.265171 Oscar: Sierra, sending you 2
2024-10-14 23:05:51.265664 Golf: Papa, sending you 5
2024-10-14 23:05:51.265951 Quebec: India, sending you 3
2024-10-14 23:05:51.266806 Sierra: Oscar, sending you 2
chatterbot Oscar submitting transactions
chatterbot India submitting transactions
2024-10-14 23:05:51.337587 Sierra: India, sending you 6
chatterbot Bravo submitting transactions
chatterbot November submitting transactions
chatterbot Zulu submitting transactions
chatterbot X-ray submitting transactions
ChatterBot Zulu round 4
ChatterBot November round 4
ChatterBot X-ray round 4
ChatterBot Quebec round 4
ChatterBot Bravo round 4
ChatterBot Sierra round 4
ChatterBot Oscar round 4
ChatterBot India round 4
ChatterBot Papa round 4
ChatterBot Golf round 4
2024-10-14 23:05:51.712919 Golf: We should replace Sierra with Zulu
2024-10-14 23:05:51.721662 X-ray: No
2024-10-14 23:05:51.722364 Papa: No
2024-10-14 23:05:51.722578 November: No
ChatterBot Golf reevaluating
2024-10-14 23:05:51.760092 Quebec: Bravo, Sierra and Oscar, sending you 4
2024-10-14 23:05:51.761174 November: X-ray, sending you 4
2024-10-14 23:05:51.762722 Golf: We should drop Sierra
2024-10-14 23:05:51.770463 X-ray: Yes
2024-10-14 23:05:51.770729 Papa: Yes
2024-10-14 23:05:51.771336 November: Yes
ChatterBot Golf reevaluating
ChatterBot Golf reevaluating
ChatterBot Golf reevaluating
2024-10-14 23:05:51.801261 Quebec: India, sending you 3
2024-10-14 23:05:51.801984 Papa: November and Golf, sending you 5
2024-10-14 23:05:51.802610 November: Papa and Golf, sending you 5
2024-10-14 23:05:51.804109 Oscar: Zulu and India, sending you 3
2024-10-14 23:05:51.806154 India: Zulu, sending you 2
2024-10-14 23:05:51.807319 Zulu: Quebec, Bravo and Sierra, sending you 1
2024-10-14 23:05:51.809346 Papa: X-ray, sending you 6
2024-10-14 23:05:51.810288 Bravo: Zulu, sending you 3
2024-10-14 23:05:51.811224 Sierra: Zulu and Oscar, sending you 2
2024-10-14 23:05:51.812398 X-ray: November and Golf, sending you 5
2024-10-14 23:05:51.813330 Oscar: Quebec, sending you 4
2024-10-14 23:05:51.814850 India: Quebec, Bravo and Oscar, sending you 4
2024-10-14 23:05:51.815557 Zulu: Oscar, sending you 2
2024-10-14 23:05:51.816995 Bravo: Quebec, Sierra and India, sending you 4
2024-10-14 23:05:51.818740 Sierra: Quebec, sending you 4
2024-10-14 23:05:51.819467 X-ray: Papa, sending you 7
2024-10-14 23:05:51.820904 India: Sierra, sending you 5
2024-10-14 23:05:51.821688 Oscar: Bravo, sending you 5
2024-10-14 23:05:51.822889 Bravo: Oscar, sending you 5
2024-10-14 23:05:51.823418 Sierra: Bravo, sending you 3
2024-10-14 23:05:51.852901 Oscar: Sierra, sending you 2
2024-10-14 23:05:51.854374 Sierra: India, sending you 6
chatterbot India submitting transactions
chatterbot Papa submitting transactions
chatterbot Golf submitting transactions
chatterbot Oscar submitting transactions
chatterbot November submitting transactions
chatterbot Zulu submitting transactions
chatterbot Bravo submitting transactions
chatterbot Sierra submitting transactions
chatterbot Quebec submitting transactions
chatterbot X-ray submitting transactions
ChatterBot Zulu round 5
ChatterBot November round 5
ChatterBot X-ray round 5
ChatterBot Quebec round 5
ChatterBot Bravo round 5
ChatterBot Sierra round 5
ChatterBot Oscar round 5
ChatterBot India round 5
ChatterBot Papa round 5
ChatterBot Golf round 5
2024-10-14 23:05:53.097945 Golf: We should drop Sierra
2024-10-14 23:05:53.108078 X-ray: Yes
2024-10-14 23:05:53.108266 Papa: Yes
2024-10-14 23:05:53.108378 November: Yes
ChatterBot Golf reevaluating
ChatterBot Golf reevaluating
ChatterBot Golf reevaluating
2024-10-14 23:05:53.138044 Zulu: Sending you each 1
2024-10-14 23:05:53.138548 Sierra: Zulu and Oscar, sending you 2
2024-10-14 23:05:53.139521 November: X-ray, sending you 4
2024-10-14 23:05:53.139855 Bravo: Zulu, sending you 3
2024-10-14 23:05:53.140725 X-ray: November and Golf, sending you 5
2024-10-14 23:05:53.209378 November: Papa and Golf, sending you 5
2024-10-14 23:05:53.209757 Quebec: Bravo, Sierra and Oscar, sending you 4
2024-10-14 23:05:53.210502 India: Zulu, sending you 2
2024-10-14 23:05:53.210923 Papa: November and Golf, sending you 5
2024-10-14 23:05:53.211221 Sierra: Quebec, sending you 4
2024-10-14 23:05:53.212158 X-ray: Papa, sending you 7
2024-10-14 23:05:53.212426 Bravo: Quebec, Sierra and India, sending you 4
2024-10-14 23:05:53.212780 Oscar: Zulu, sending you 3
2024-10-14 23:05:53.213647 Quebec: India, sending you 3
2024-10-14 23:05:53.213892 Papa: X-ray, sending you 6
2024-10-14 23:05:53.458896 India: Quebec, Bravo and Oscar, sending you 4
2024-10-14 23:05:53.459902 Sierra: Bravo, sending you 3
2024-10-14 23:05:53.461214 Bravo: Oscar, sending you 5
2024-10-14 23:05:53.462777 Oscar: Quebec, Bravo and India, sending you 4
2024-10-14 23:05:53.463828 India: Sierra, sending you 5
2024-10-14 23:05:53.518175 Sierra: India, sending you 6
2024-10-14 23:05:53.519815 Oscar: Sierra, sending you 2
chatterbot Sierra submitting transactions
chatterbot Oscar submitting transactions
chatterbot Zulu submitting transactions
chatterbot Golf submitting transactions
chatterbot Papa submitting transactions
chatterbot Quebec submitting transactions
chatterbot Bravo submitting transactions
chatterbot November submitting transactions
chatterbot X-ray submitting transactions
chatterbot India submitting transactions
ChatterBot Zulu round 6
ChatterBot November round 6
ChatterBot X-ray round 6
ChatterBot Quebec round 6
ChatterBot Bravo round 6
ChatterBot Sierra round 6
ChatterBot Oscar round 6
ChatterBot India round 6
ChatterBot Papa round 6
ChatterBot Golf round 6
2024-10-14 23:05:54.436317 Golf: We should drop Sierra
2024-10-14 23:05:54.449049 X-ray: Yes
2024-10-14 23:05:54.449253 Papa: Yes
2024-10-14 23:05:54.449442 November: Yes
ChatterBot Golf reevaluating
ChatterBot Golf reevaluating
ChatterBot Golf reevaluating
2024-10-14 23:05:54.490683 November: X-ray, sending you 4
2024-10-14 23:05:54.492064 Zulu: Same as last round
2024-10-14 23:05:54.492704 Sierra: Zulu and Oscar, sending you 2
2024-10-14 23:05:54.493104 Quebec: Bravo, Sierra and Oscar, sending you 4
2024-10-14 23:05:54.493371 X-ray: November and Golf, sending you 5
2024-10-14 23:05:54.494207 November: Papa and Golf, sending you 5
2024-10-14 23:05:54.495705 Quebec: India, sending you 3
2024-10-14 23:05:54.496722 Sierra: Quebec and Bravo, sending you 4
2024-10-14 23:05:54.498698 X-ray: Papa, sending you 7
2024-10-14 23:05:54.499212 Oscar: Zulu and Sierra, sending you 2
2024-10-14 23:05:54.499864 Papa: November and Golf, sending you 5
2024-10-14 23:05:54.500917 Sierra: India, sending you 5
2024-10-14 23:05:54.504653 Oscar: Quebec and India, sending you 4
2024-10-14 23:05:54.505449 India: Zulu, sending you 2
2024-10-14 23:05:54.506638 Papa: X-ray, sending you 6
2024-10-14 23:05:54.507289 Bravo: Zulu, sending you 3
2024-10-14 23:05:54.509899 Oscar: Bravo, sending you 5
2024-10-14 23:05:54.510553 India: Quebec, Bravo and Oscar, sending you 4
2024-10-14 23:05:54.511362 Bravo: Quebec, Sierra and India, sending you 4
2024-10-14 23:05:54.514669 India: Sierra, sending you 5
2024-10-14 23:05:54.515380 Bravo: Oscar, sending you 5
chatterbot X-ray submitting transactions
chatterbot Zulu submitting transactions
chatterbot Papa submitting transactions
chatterbot Oscar submitting transactions
chatterbot Sierra submitting transactions
chatterbot India submitting transactions
chatterbot Bravo submitting transactions
chatterbot Golf submitting transactions
chatterbot Quebec submitting transactions
chatterbot November submitting transactions
ChatterBot Zulu round 7
ChatterBot November round 7
ChatterBot X-ray round 7
ChatterBot Quebec round 7
ChatterBot Bravo round 7
ChatterBot Sierra round 7
ChatterBot Oscar round 7
ChatterBot India round 7
ChatterBot Papa round 7
ChatterBot Golf round 7
2024-10-14 23:05:55.607393 Golf: We should replace Sierra with Zulu
2024-10-14 23:05:55.615051 X-ray: No
2024-10-14 23:05:55.615249 Papa: No
2024-10-14 23:05:55.615373 November: No
ChatterBot Golf reevaluating
ChatterBot Golf reevaluating
ChatterBot Golf reevaluating
2024-10-14 23:05:55.640676 Zulu: Bravo, Sierra and India, sending you 1
2024-10-14 23:05:55.642704 Quebec: Bravo, Sierra and Oscar, sending you 4
2024-10-14 23:05:55.645656 Zulu: Oscar, sending you 2
2024-10-14 23:05:55.646287 Quebec: India, sending you 3
2024-10-14 23:05:55.646690 X-ray: November and Golf, sending you 5
2024-10-14 23:05:55.647776 Golf: Zulu we want you to join our group
2024-10-14 23:05:55.649914 Zulu: No
ChatterBot Golf reevaluating
2024-10-14 23:05:55.657807 Sierra: Zulu and Oscar, sending you 2
2024-10-14 23:05:55.658362 Oscar: Zulu and Sierra, sending you 2
2024-10-14 23:05:55.658763 X-ray: Papa, sending you 7
2024-10-14 23:05:55.659025 India: Zulu, sending you 2
2024-10-14 23:05:55.659896 Bravo: Zulu, sending you 3
2024-10-14 23:05:55.661667 Sierra: Quebec and Bravo, sending you 4
2024-10-14 23:05:55.662813 Golf: We should drop Sierra
2024-10-14 23:05:55.669687 X-ray: Yes
2024-10-14 23:05:55.670367 Papa: Yes
2024-10-14 23:05:55.670507 November: Yes
ChatterBot Golf reevaluating
ChatterBot Golf reevaluating
ChatterBot Golf reevaluating
2024-10-14 23:05:55.689308 Oscar: Quebec and India, sending you 4
2024-10-14 23:05:55.689795 India: Quebec, Bravo and Oscar, sending you 4
2024-10-14 23:05:55.690168 November: X-ray, sending you 4
2024-10-14 23:05:55.690405 Bravo: Quebec, Sierra and India, sending you 4
2024-10-14 23:05:55.691136 Sierra: India, sending you 5
2024-10-14 23:05:55.692668 Papa: November and Golf, sending you 5
2024-10-14 23:05:55.693162 India: Sierra, sending you 5
2024-10-14 23:05:55.693962 November: Papa and Golf, sending you 5
2024-10-14 23:05:55.694686 Oscar: Bravo, sending you 5
2024-10-14 23:05:55.695688 Bravo: Oscar, sending you 5
2024-10-14 23:05:55.697670 Papa: X-ray, sending you 6
chatterbot Golf submitting transactions
chatterbot India submitting transactions
chatterbot November submitting transactions
chatterbot Bravo submitting transactions
chatterbot X-ray submitting transactions
chatterbot Papa submitting transactions
chatterbot Quebec submitting transactions
chatterbot Zulu submitting transactions
chatterbot Sierra submitting transactions
chatterbot Oscar submitting transactions
ChatterBot Zulu round 8
ChatterBot November round 8
ChatterBot X-ray round 8
ChatterBot Quebec round 8
ChatterBot Bravo round 8
ChatterBot Sierra round 8
ChatterBot Oscar round 8
ChatterBot India round 8
ChatterBot Papa round 8
ChatterBot Golf round 8
2024-10-14 23:05:56.872119 Zulu: Bravo, sending you 2
2024-10-14 23:05:56.873872 Golf: We should drop Sierra
2024-10-14 23:05:56.885971 X-ray: Yes
2024-10-14 23:05:56.886202 Papa: Yes
2024-10-14 23:05:56.886389 November: Yes
ChatterBot Golf reevaluating
ChatterBot Golf reevaluating
ChatterBot Golf reevaluating
2024-10-14 23:05:56.923261 Zulu: Sierra, Oscar and India, sending you 1
2024-10-14 23:05:56.926683 Quebec: Bravo, Sierra and Oscar, sending you 4
2024-10-14 23:05:56.927532 November: X-ray, sending you 4
2024-10-14 23:05:56.928589 Sierra: Zulu and Oscar, sending you 2
2024-10-14 23:05:56.929494 Papa: November and Golf, sending you 5
2024-10-14 23:05:56.930148 X-ray: November and Golf, sending you 5
2024-10-14 23:05:56.931274 Oscar: Zulu and Sierra, sending you 2
2024-10-14 23:05:56.932111 India: Zulu, sending you 2
2024-10-14 23:05:56.933335 Bravo: Zulu, sending you 3
2024-10-14 23:05:56.934351 Quebec: India, sending you 3
2024-10-14 23:05:56.935037 November: Papa and Golf, sending you 5
2024-10-14 23:05:56.936050 Sierra: Quebec and Bravo, sending you 4
2024-10-14 23:05:56.936981 Papa: X-ray, sending you 6
2024-10-14 23:05:56.937448 X-ray: Papa, sending you 7
2024-10-14 23:05:56.938375 Oscar: Quebec and India, sending you 4
2024-10-14 23:05:56.939192 India: Quebec, Bravo and Oscar, sending you 4
2024-10-14 23:05:56.939960 Bravo: Quebec, Sierra and India, sending you 4
2024-10-14 23:05:56.941172 Sierra: India, sending you 5
2024-10-14 23:05:56.943664 Oscar: Bravo, sending you 5
2024-10-14 23:05:56.944378 India: Sierra, sending you 5
2024-10-14 23:05:56.945929 Bravo: Oscar, sending you 5
chatterbot Zulu submitting transactions
chatterbot X-ray submitting transactions
chatterbot November submitting transactions
chatterbot Sierra submitting transactions
chatterbot Quebec submitting transactions
chatterbot Oscar submitting transactions
chatterbot Bravo submitting transactions
chatterbot Papa submitting transactions
chatterbot Golf submitting transactions
chatterbot India submitting transactions
ChatterBot Zulu round 9
ChatterBot November round 9
ChatterBot X-ray round 9
ChatterBot Quebec round 9
ChatterBot Bravo round 9
ChatterBot Sierra round 9
ChatterBot Oscar round 9
ChatterBot India round 9
ChatterBot Papa round 9
ChatterBot Golf round 9
2024-10-14 23:05:58.068261 Golf: We should replace Sierra with Zulu
2024-10-14 23:05:58.076463 X-ray: No
2024-10-14 23:05:58.076673 Papa: No
2024-10-14 23:05:58.076839 November: No
ChatterBot Golf reevaluating
ChatterBot Golf reevaluating
ChatterBot Golf reevaluating
2024-10-14 23:05:58.108407 November: X-ray, sending you 4
2024-10-14 23:05:58.109080 Bravo: Zulu, sending you 3
2024-10-14 23:05:58.109791 Zulu: Bravo, sending you 2
2024-10-14 23:05:58.110415 Golf: We should drop Sierra
2024-10-14 23:05:58.120354 X-ray: Yes
2024-10-14 23:05:58.120554 Papa: Yes
2024-10-14 23:05:58.120788 November: Yes
ChatterBot Golf reevaluating
ChatterBot Golf reevaluating
ChatterBot Golf reevaluating
2024-10-14 23:05:58.153533 November: Papa and Golf, sending you 5
2024-10-14 23:05:58.154045 Bravo: Quebec, Sierra and India, sending you 4
2024-10-14 23:05:58.156203 Zulu: Sierra, Oscar and India, sending you 1
2024-10-14 23:05:58.157035 India: Quebec, sending you 4
2024-10-14 23:05:58.159656 Bravo: Oscar, sending you 5
2024-10-14 23:05:58.160548 Sierra: Zulu and Oscar, sending you 2
2024-10-14 23:05:58.162665 Papa: November and Golf, sending you 5
2024-10-14 23:05:58.163310 Quebec: Bravo, Sierra and Oscar, sending you 4
2024-10-14 23:05:58.164215 Oscar: Zulu and Sierra, sending you 2
2024-10-14 23:05:58.165246 X-ray: November and Golf, sending you 5
2024-10-14 23:05:58.165704 India: Bravo, Sierra and Oscar, sending you 5
2024-10-14 23:05:58.166655 Papa: X-ray, sending you 6
2024-10-14 23:05:58.167913 Sierra: Quebec and Bravo, sending you 4
2024-10-14 23:05:58.168835 Quebec: India, sending you 3
2024-10-14 23:05:58.169684 Oscar: Quebec and India, sending you 4
2024-10-14 23:05:58.170571 X-ray: Papa, sending you 7
2024-10-14 23:05:58.171669 Sierra: India, sending you 5
2024-10-14 23:05:58.173654 Oscar: Bravo, sending you 5
chatterbot Golf submitting transactions
chatterbot November submitting transactions
chatterbot Papa submitting transactions
chatterbot Quebec submitting transactions
chatterbot Oscar submitting transactions
chatterbot Zulu submitting transactions
chatterbot Bravo submitting transactions
chatterbot India submitting transactions
chatterbot Sierra submitting transactions
chatterbot X-ray submitting transactions
ChatterBot Zulu round 10
ChatterBot November round 10
ChatterBot X-ray round 10
ChatterBot Quebec round 10
ChatterBot Bravo round 10
ChatterBot Sierra round 10
ChatterBot Oscar round 10
ChatterBot India round 10
ChatterBot Papa round 10
ChatterBot Golf round 10
2024-10-14 23:05:59.324636 India: We should add Zulu
2024-10-14 23:05:59.337911 Quebec: No
2024-10-14 23:05:59.338100 Bravo: Yes
2024-10-14 23:05:59.338261 Sierra: Yes
2024-10-14 23:05:59.338416 Oscar: Yes
2024-10-14 23:05:59.374492 India: Zulu we want you to join our group
2024-10-14 23:05:59.378067 Zulu: Yes
ChatterBot Quebec reevaluating
2024-10-14 23:05:59.391569 Quebec: We should replace Sierra with Zulu
2024-10-14 23:05:59.401665 Bravo: No
2024-10-14 23:05:59.401853 Oscar: No
2024-10-14 23:05:59.402010 India: No
ChatterBot Quebec reevaluating
ChatterBot Quebec reevaluating
ChatterBot Quebec reevaluating
2024-10-14 23:05:59.422279 Golf: We should drop Sierra
2024-10-14 23:05:59.427946 X-ray: Yes
2024-10-14 23:05:59.428097 Papa: Yes
2024-10-14 23:05:59.428214 November: Yes
ChatterBot Golf reevaluating
ChatterBot Golf reevaluating
ChatterBot Golf reevaluating
2024-10-14 23:05:59.449282 Quebec: We should replace Bravo with Zulu
2024-10-14 23:05:59.462412 Sierra: No
2024-10-14 23:05:59.462648 Oscar: No
2024-10-14 23:05:59.462817 India: No
ChatterBot Quebec reevaluating
ChatterBot Quebec reevaluating
ChatterBot Quebec reevaluating
2024-10-14 23:05:59.503448 November: X-ray, sending you 4
2024-10-14 23:05:59.504920 Sierra: Zulu and Oscar, sending you 2
2024-10-14 23:05:59.507234 Papa: November and Golf, sending you 5
2024-10-14 23:05:59.507895 Oscar: Zulu and Sierra, sending you 2
2024-10-14 23:05:59.509450 Bravo: Zulu, sending you 3
2024-10-14 23:05:59.510966 X-ray: November and Golf, sending you 5
2024-10-14 23:05:59.511843 Zulu: Bravo, sending you 2
2024-10-14 23:05:59.513325 November: Papa and Golf, sending you 5
2024-10-14 23:05:59.513918 Sierra: Quebec and Bravo, sending you 4
2024-10-14 23:05:59.515478 Oscar: Quebec and India, sending you 4
2024-10-14 23:05:59.516295 Papa: X-ray, sending you 6
2024-10-14 23:05:59.516826 Bravo: Quebec, Sierra and India, sending you 4
2024-10-14 23:05:59.518229 India: Zulu, sending you 2
2024-10-14 23:05:59.519096 X-ray: Papa, sending you 7
2024-10-14 23:05:59.520164 Zulu: Sierra, Oscar and India, sending you 1
2024-10-14 23:05:59.521033 Oscar: Bravo, sending you 5
2024-10-14 23:05:59.522289 Sierra: India, sending you 5
2024-10-14 23:05:59.523265 Quebec: Zulu we want you to join our group
2024-10-14 23:05:59.527856 Zulu: Yes
ChatterBot Quebec reevaluating
2024-10-14 23:05:59.544293 Quebec: We should replace Oscar with Zulu
2024-10-14 23:05:59.555529 Bravo: No
2024-10-14 23:05:59.555744 Sierra: No
2024-10-14 23:05:59.555901 India: No
ChatterBot Quebec reevaluating
ChatterBot Quebec reevaluating
ChatterBot Quebec reevaluating
2024-10-14 23:05:59.590133 India: Quebec, Bravo and Oscar, sending you 4
2024-10-14 23:05:59.591202 Bravo: Oscar, sending you 5
2024-10-14 23:05:59.595115 India: Sierra, sending you 5
2024-10-14 23:05:59.620670 Quebec: Bravo, Oscar and India, sending you 5
chatterbot Sierra submitting transactions
chatterbot November submitting transactions
chatterbot X-ray submitting transactions
chatterbot Oscar submitting transactions
chatterbot Bravo submitting transactions
chatterbot India submitting transactions
chatterbot Zulu submitting transactions
chatterbot Golf submitting transactions
chatterbot Papa submitting transactions
chatterbot Quebec submitting transactions
ChatterBot Zulu round 11
ChatterBot November round 11
ChatterBot X-ray round 11
ChatterBot Quebec round 11
ChatterBot Bravo round 11
ChatterBot Sierra round 11
ChatterBot Oscar round 11
ChatterBot India round 11
ChatterBot Papa round 11
ChatterBot Golf round 11
2024-10-14 23:06:00.431159 Quebec: We should replace Oscar with Sierra
2024-10-14 23:06:00.437391 Zulu: No
2024-10-14 23:06:00.438056 Bravo: No
2024-10-14 23:06:00.438175 India: No
ChatterBot Quebec reevaluating
2024-10-14 23:06:00.467802 Golf: We should drop Sierra
2024-10-14 23:06:00.474424 X-ray: Yes
2024-10-14 23:06:00.474588 Papa: Yes
2024-10-14 23:06:00.474713 November: Yes
ChatterBot Papa reevaluating
ChatterBot Golf reevaluating
ChatterBot Golf reevaluating
ChatterBot Papa reevaluating
ChatterBot Golf reevaluating
2024-10-14 23:06:00.497698 X-ray: November and Golf, sending you 5
2024-10-14 23:06:00.498447 Oscar: Zulu and Sierra, sending you 2
2024-10-14 23:06:00.499450 Zulu: Bravo, sending you 2
2024-10-14 23:06:00.500784 India: Zulu, sending you 2
2024-10-14 23:06:00.501948 November: X-ray, sending you 4
2024-10-14 23:06:00.502499 Bravo: Zulu, sending you 3
2024-10-14 23:06:00.504033 Sierra: Zulu, sending you 1
2024-10-14 23:06:00.505288 X-ray: Papa, sending you 7
2024-10-14 23:06:00.505947 Oscar: Quebec and India, sending you 4
2024-10-14 23:06:00.507535 Zulu: Sierra, Oscar and India, sending you 1
2024-10-14 23:06:00.508811 India: Quebec, Bravo and Oscar, sending you 4
2024-10-14 23:06:00.510899 November: Papa and Golf, sending you 5
2024-10-14 23:06:00.511802 Bravo: Quebec, Sierra and India, sending you 4
2024-10-14 23:06:00.513453 Sierra: Quebec and Bravo, sending you 4
2024-10-14 23:06:00.515527 Oscar: Bravo, sending you 5
2024-10-14 23:06:00.517042 India: Sierra, sending you 5
2024-10-14 23:06:00.518811 Bravo: Oscar, sending you 5
2024-10-14 23:06:00.520089 Sierra: Oscar, sending you 3
2024-10-14 23:06:00.521856 Quebec: Bravo, Oscar and India, sending you 5
2024-10-14 23:06:00.525106 Sierra: India, sending you 5
2024-10-14 23:06:00.526684 Papa: November and Golf, sending you 5
2024-10-14 23:06:00.531665 Papa: X-ray, sending you 6
chatterbot Zulu submitting transactions
chatterbot November submitting transactions
chatterbot Golf submitting transactions
chatterbot Sierra submitting transactions
chatterbot Quebec submitting transactions
chatterbot Bravo submitting transactions
chatterbot Papa submitting transactions
chatterbot Oscar submitting transactions
chatterbot India submitting transactions
chatterbot X-ray submitting transactions
ChatterBot Zulu round 12
ChatterBot November round 12
ChatterBot X-ray round 12
ChatterBot Quebec round 12
ChatterBot Bravo round 12
ChatterBot Sierra round 12
ChatterBot Oscar round 12
ChatterBot India round 12
ChatterBot Papa round 12
ChatterBot Golf round 12
2024-10-14 23:06:01.553517 Golf: We should replace Sierra with Zulu
2024-10-14 23:06:01.561794 X-ray: No
2024-10-14 23:06:01.561994 Papa: No
2024-10-14 23:06:01.562133 November: No
ChatterBot Golf reevaluating
ChatterBot Golf reevaluating
ChatterBot Golf reevaluating
2024-10-14 23:06:01.609281 Papa: We should add Zulu
ChatterBot Golf reevaluating
2024-10-14 23:06:01.615779 X-ray: No
2024-10-14 23:06:01.616302 November: No
2024-10-14 23:06:01.616406 Golf: Yes
ChatterBot Papa reevaluating
ChatterBot Golf reevaluating
ChatterBot Papa reevaluating
ChatterBot Golf reevaluating
ChatterBot Papa reevaluating
2024-10-14 23:06:01.656243 Golf: Zulu we want you to join our group
2024-10-14 23:06:01.673814 Zulu: No
ChatterBot Golf reevaluating
ChatterBot Papa reevaluating
2024-10-14 23:06:01.776768 X-ray: November and Golf, sending you 5
2024-10-14 23:06:01.778482 Oscar: Zulu, sending you 2
2024-10-14 23:06:01.781938 Bravo: Zulu, sending you 3
2024-10-14 23:06:01.784575 Sierra: Zulu, sending you 2
2024-10-14 23:06:01.786753 November: X-ray, sending you 4
2024-10-14 23:06:01.787713 Zulu: Bravo, sending you 2
2024-10-14 23:06:01.790221 Quebec: Bravo, Oscar and India, sending you 5
2024-10-14 23:06:01.791150 X-ray: Papa, sending you 7
2024-10-14 23:06:01.793004 Oscar: Quebec, Bravo and India, sending you 4
2024-10-14 23:06:01.796113 Bravo: Quebec, Sierra and India, sending you 4
2024-10-14 23:06:01.798099 Sierra: Quebec and Oscar, sending you 3
2024-10-14 23:06:01.800064 November: Papa and Golf, sending you 5
2024-10-14 23:06:01.800770 Zulu: Sierra, Oscar and India, sending you 1
2024-10-14 23:06:01.802801 Oscar: Sierra, sending you 3
2024-10-14 23:06:01.805073 Bravo: Oscar, sending you 5
2024-10-14 23:06:01.806814 India: Zulu, sending you 3
2024-10-14 23:06:01.808123 Papa: November and Golf, sending you 5
2024-10-14 23:06:01.809764 Sierra: Bravo, sending you 4
2024-10-14 23:06:01.811725 India: Quebec, Bravo, Sierra and Oscar, sending you 4
2024-10-14 23:06:01.813862 Sierra: India, sending you 5
2024-10-14 23:06:01.815962 Papa: X-ray, sending you 6
