ChatterBot Victor round 1
ChatterBot Bravo round 1
ChatterBot Tango round 1
ChatterBot Romeo round 1
ChatterBot Delta round 1
ChatterBot Kilo round 1
ChatterBot India round 1
ChatterBot Echo round 1
ChatterBot Charlie round 1
ChatterBot Golf round 1
randomSelections Romeo: {Romeo, Golf, Bravo, Kilo, Tango, Charlie, Victor, Delta} 
2024-10-14 23:05:47.024230 Romeo: We would work well together
ChatterBot Golf reevaluating
ChatterBot Bravo reevaluating
ChatterBot Kilo reevaluating
ChatterBot Tango reevaluating
ChatterBot Charlie reevaluating
ChatterBot Victor reevaluating
ChatterBot Delta reevaluating
2024-10-14 23:05:47.052082 Golf: Yes
2024-10-14 23:05:47.052232 Bravo: Yes
2024-10-14 23:05:47.052379 Kilo: Yes
2024-10-14 23:05:47.052514 Tango: Yes
2024-10-14 23:05:47.053211 Charlie: Yes
2024-10-14 23:05:47.053356 Victor: Yes
2024-10-14 23:05:47.053465 Delta: Yes
ChatterBot Bravo reevaluating
ChatterBot Kilo reevaluating
ChatterBot Tango reevaluating
ChatterBot Charlie reevaluating
ChatterBot Victor reevaluating
ChatterBot Delta reevaluating
ChatterBot Golf reevaluating
ChatterBot Kilo reevaluating
ChatterBot Tango reevaluating
ChatterBot Charlie reevaluating
ChatterBot Victor reevaluating
ChatterBot Delta reevaluating
ChatterBot Golf reevaluating
ChatterBot Bravo reevaluating
ChatterBot Tango reevaluating
ChatterBot Charlie reevaluating
ChatterBot Victor reevaluating
ChatterBot Delta reevaluating
ChatterBot Golf reevaluating
ChatterBot Bravo reevaluating
ChatterBot Kilo reevaluating
ChatterBot Charlie reevaluating
ChatterBot Victor reevaluating
ChatterBot Delta reevaluating
ChatterBot Golf reevaluating
ChatterBot Bravo reevaluating
ChatterBot Kilo reevaluating
ChatterBot Tango reevaluating
ChatterBot Victor reevaluating
ChatterBot Delta reevaluating
ChatterBot Golf reevaluating
ChatterBot Bravo reevaluating
ChatterBot Kilo reevaluating
ChatterBot Tango reevaluating
ChatterBot Charlie reevaluating
ChatterBot Delta reevaluating
ChatterBot Golf reevaluating
ChatterBot Bravo reevaluating
ChatterBot Kilo reevaluating
ChatterBot Tango reevaluating
ChatterBot Charlie reevaluating
ChatterBot Victor reevaluating
randomSelections Echo: {Echo, Charlie, India, Golf, Romeo} 
2024-10-14 23:05:47.151369 Echo: Friends?
ChatterBot Charlie reevaluating
ChatterBot India reevaluating
ChatterBot Golf reevaluating
2024-10-14 23:05:47.156401 Charlie: No
2024-10-14 23:05:47.156515 India: Yes
2024-10-14 23:05:47.156598 Golf: No
2024-10-14 23:05:47.157177 Romeo: No
ChatterBot India reevaluating
ChatterBot Golf reevaluating
ChatterBot Charlie reevaluating
ChatterBot Golf reevaluating
ChatterBot Charlie reevaluating
ChatterBot India reevaluating
ChatterBot Charlie reevaluating
ChatterBot India reevaluating
ChatterBot Golf reevaluating
2024-10-14 23:05:47.189673 Echo: Romeo and India, sending you 4
2024-10-14 23:05:47.192669 Bravo: Victor, Tango and Romeo, sending you 1
2024-10-14 23:05:47.193685 Kilo: Victor and Bravo, sending you 1
2024-10-14 23:05:47.193997 Echo: Charlie, sending you 3
2024-10-14 23:05:47.196681 Tango: Bravo, Romeo and Golf, sending you 1
2024-10-14 23:05:47.196994 Bravo: Kilo, sending you 4
2024-10-14 23:05:47.197234 Kilo: Tango, Romeo, Delta and Golf, sending you 3
2024-10-14 23:05:47.197484 Echo: Golf, sending you 6
2024-10-14 23:05:47.198692 Romeo: Victor, sending you 5
2024-10-14 23:05:47.199056 Delta: Victor, Tango and Golf, sending you 3
2024-10-14 23:05:47.199683 Tango: Kilo, sending you 3
2024-10-14 23:05:47.201661 India: Romeo, sending you 2
2024-10-14 23:05:47.201975 Victor: Bravo, sending you 5
2024-10-14 23:05:47.202259 Charlie: Victor, Bravo, Romeo and Kilo, sending you 2
2024-10-14 23:05:47.202673 Romeo: Bravo, Delta and Charlie, sending you 1
2024-10-14 23:05:47.203673 Delta: Bravo, sending you 4
2024-10-14 23:05:47.204139 Golf: Victor and Kilo, sending you 4
2024-10-14 23:05:47.204683 India: Echo, sending you 7
2024-10-14 23:05:47.205703 Charlie: Tango, sending you 5
2024-10-14 23:05:47.206098 Romeo: Tango and Kilo, sending you 2
2024-10-14 23:05:47.206695 Victor: Tango and Golf, sending you 1
2024-10-14 23:05:47.207681 Delta: Romeo, sending you 1
2024-10-14 23:05:47.208028 Golf: Bravo and Romeo, sending you 2
2024-10-14 23:05:47.208666 Charlie: Delta, sending you 4
2024-10-14 23:05:47.209062 Romeo: Golf, sending you 4
2024-10-14 23:05:47.209673 India: Charlie, sending you 1
2024-10-14 23:05:47.210679 Victor: Romeo, sending you 2
2024-10-14 23:05:47.211672 Delta: Kilo, sending you 2
2024-10-14 23:05:47.211985 Golf: Delta, sending you 1
2024-10-14 23:05:47.212710 India: Golf, sending you 6
2024-10-14 23:05:47.213669 Charlie: Golf, sending you 1
2024-10-14 23:05:47.214058 Victor: Delta, Kilo and Charlie, sending you 3
2024-10-14 23:05:47.216649 Golf: Charlie, sending you 3
chatterbot Charlie submitting transactions
chatterbot Golf submitting transactions
chatterbot Echo submitting transactions
chatterbot India submitting transactions
chatterbot Tango submitting transactions
chatterbot Romeo submitting transactions
chatterbot Bravo submitting transactions
chatterbot Victor submitting transactions
chatterbot Delta submitting transactions
chatterbot Kilo submitting transactions
ChatterBot Victor round 2
ChatterBot Bravo round 2
ChatterBot Tango round 2
ChatterBot Romeo round 2
ChatterBot Delta round 2
ChatterBot Kilo round 2
ChatterBot India round 2
ChatterBot Echo round 2
ChatterBot Charlie round 2
ChatterBot Golf round 2
2024-10-14 23:05:49.181736 India: Friends?
ChatterBot Echo reevaluating
2024-10-14 23:05:49.189290 Echo: Yes
2024-10-14 23:05:49.189446 Tango: No
ChatterBot India reevaluating
ChatterBot India reevaluating
ChatterBot Echo reevaluating
2024-10-14 23:05:49.203833 Golf: We should drop Bravo
2024-10-14 23:05:49.221959 Victor: No
2024-10-14 23:05:49.222168 Tango: No
2024-10-14 23:05:49.222295 Romeo: No
2024-10-14 23:05:49.222417 Delta: No
2024-10-14 23:05:49.222933 Kilo: No
2024-10-14 23:05:49.223056 Charlie: No
ChatterBot Kilo reevaluating
ChatterBot Kilo reevaluating
2024-10-14 23:05:49.587483 Bravo: Victor and Delta, sending you 5
2024-10-14 23:05:49.588043 Tango: Victor, Bravo, Romeo, Delta and Kilo, sending you 2
2024-10-14 23:05:49.588984 Romeo: Victor, Kilo, Charlie and Golf, sending you 3
2024-10-14 23:05:49.589553 Victor: Bravo, Kilo and Charlie, sending you 2
2024-10-14 23:05:49.590952 Bravo: Tango, Romeo and Kilo, sending you 1
2024-10-14 23:05:49.890992 Tango: Charlie, sending you 3
2024-10-14 23:05:49.891698 Victor: Tango, sending you 1
2024-10-14 23:05:49.892667 Romeo: Bravo and Tango, sending you 2
2024-10-14 23:05:49.893239 India: Tango, sending you 3
2024-10-14 23:05:49.894016 Echo: Tango, sending you 4
2024-10-14 23:05:49.894355 Golf: Victor, Tango and Charlie, sending you 2
2024-10-14 23:05:49.894733 Delta: Victor and Kilo, sending you 4
2024-10-14 23:05:49.895579 Charlie: Victor and Golf, sending you 7
2024-10-14 23:05:49.896021 Bravo: Charlie and Golf, sending you 2
chatterbot Echo submitting transactions
chatterbot Charlie submitting transactions
chatterbot Kilo submitting transactions
chatterbot Tango submitting transactions
chatterbot Bravo submitting transactions
2024-10-14 23:05:49.897719 Tango: Golf, sending you 1
2024-10-14 23:05:49.898355 Echo: India, sending you 13
2024-10-14 23:05:49.899254 Victor: Romeo and Golf, sending you 4
2024-10-14 23:05:49.900006 India: Echo, sending you 13
2024-10-14 23:05:49.900855 Golf: Romeo, sending you 4
2024-10-14 23:05:49.901226 Delta: Romeo, sending you 2
2024-10-14 23:05:49.901856 Charlie: Bravo and Tango, sending you 1
chatterbot Golf submitting transactions
2024-10-14 23:05:49.953659 Victor: Delta, sending you 3
2024-10-14 23:05:49.955272 Golf: Delta and Kilo, sending you 3
2024-10-14 23:05:49.956753 Delta: Charlie, sending you 5
2024-10-14 23:05:49.957654 Charlie: Romeo, sending you 3
2024-10-14 23:05:49.983918 Delta: Golf, sending you 1
2024-10-14 23:05:49.985362 Kilo: Victor, Tango, Romeo, Delta and Charlie, sending you 2
2024-10-14 23:05:49.997891 Kilo: Golf, sending you 4
chatterbot Delta submitting transactions
chatterbot Romeo submitting transactions
chatterbot India submitting transactions
chatterbot Victor submitting transactions
ChatterBot Victor round 3
ChatterBot Bravo round 3
ChatterBot Tango round 3
ChatterBot Romeo round 3
ChatterBot Delta round 3
ChatterBot Kilo round 3
ChatterBot India round 3
ChatterBot Echo round 3
ChatterBot Charlie round 3
ChatterBot Golf round 3
2024-10-14 23:05:51.020482 Golf: We should replace Tango with Bravo
ChatterBot Kilo reevaluating
2024-10-14 23:05:51.036703 Victor: No
2024-10-14 23:05:51.036893 Romeo: No
2024-10-14 23:05:51.037010 Delta: No
2024-10-14 23:05:51.037501 Kilo: Yes
2024-10-14 23:05:51.037611 Charlie: No
ChatterBot Kilo reevaluating
ChatterBot Kilo reevaluating
ChatterBot Kilo reevaluating
ChatterBot Kilo reevaluating
2024-10-14 23:05:51.138230 Golf: Bravo we want you to join our group
2024-10-14 23:05:51.142261 Bravo: Yes
ChatterBot Kilo reevaluating
2024-10-14 23:05:51.308180 Tango: Victor, Bravo, Delta and Golf, sending you 2
2024-10-14 23:05:51.309130 India: Tango, sending you 3
2024-10-14 23:05:51.309340 Romeo: Victor and Golf, sending you 3
2024-10-14 23:05:51.309709 Kilo: Bravo we want you to join our group
2024-10-14 23:05:51.313828 Bravo: Yes
ChatterBot Kilo reevaluating
2024-10-14 23:05:51.331942 Tango: Romeo, Kilo and Charlie, sending you 3
2024-10-14 23:05:51.332951 India: Echo, sending you 13
2024-10-14 23:05:51.333160 Romeo: Bravo, Tango, Delta, Kilo and Charlie, sending you 2
2024-10-14 23:05:51.369189 Bravo: Victor, sending you 4
2024-10-14 23:05:51.370325 Charlie: Victor, Tango, Romeo, Delta and Golf, sending you 3
2024-10-14 23:05:51.370881 Victor: Bravo, Romeo, Delta, Charlie and Golf, sending you 3
2024-10-14 23:05:51.371874 Golf: Victor, Romeo, Kilo and Charlie, sending you 3
2024-10-14 23:05:51.372165 Echo: Tango, sending you 4
2024-10-14 23:05:51.372401 Delta: Victor, Bravo, Kilo and Golf, sending you 3
2024-10-14 23:05:51.391900 Bravo: Tango and Delta, sending you 3
2024-10-14 23:05:51.392866 Charlie: Bravo and Kilo, sending you 2
2024-10-14 23:05:51.393385 Victor: Tango, sending you 1
2024-10-14 23:05:51.394444 Golf: Bravo and Delta, sending you 2
2024-10-14 23:05:51.394775 Echo: India, sending you 13
2024-10-14 23:05:51.395102 Delta: Tango and Charlie, sending you 2
2024-10-14 23:05:51.478631 Bravo: Romeo, Charlie and Golf, sending you 2
2024-10-14 23:05:51.479712 Victor: Kilo, sending you 2
2024-10-14 23:05:51.505675 Bravo: Kilo, sending you 1
2024-10-14 23:05:51.507397 Kilo: Victor, Bravo, Romeo and Charlie, sending you 2
2024-10-14 23:05:51.529094 Kilo: Delta and Golf, sending you 3
chatterbot Romeo submitting transactions
chatterbot Golf submitting transactions
chatterbot Victor submitting transactions
chatterbot Delta submitting transactions
chatterbot Charlie submitting transactions
chatterbot Kilo submitting transactions
chatterbot Bravo submitting transactions
chatterbot Tango submitting transactions
chatterbot Echo submitting transactions
chatterbot India submitting transactions
ChatterBot Victor round 4
ChatterBot Bravo round 4
ChatterBot Tango round 4
ChatterBot Romeo round 4
ChatterBot Delta round 4
ChatterBot Kilo round 4
ChatterBot India round 4
ChatterBot Echo round 4
ChatterBot Charlie round 4
ChatterBot Golf round 4
2024-10-14 23:05:52.329666 Romeo: Victor, sending you 3
2024-10-14 23:05:52.331665 Bravo: Victor, sending you 4
2024-10-14 23:05:52.332682 Romeo: Bravo, Tango, Kilo and Charlie, sending you 2
2024-10-14 23:05:52.335699 Bravo: Tango, Romeo, Kilo, Charlie and Golf, sending you 2
2024-10-14 23:05:52.336867 Charlie: Victor, Tango, Romeo, Delta and Golf, sending you 3
2024-10-14 23:05:52.337413 Romeo: Delta, sending you 1
2024-10-14 23:05:52.339659 Tango: Victor, sending you 2
2024-10-14 23:05:52.340564 Bravo: Delta, sending you 3
2024-10-14 23:05:52.341122 Kilo: Victor, Bravo, Romeo and Charlie, sending you 2
2024-10-14 23:05:52.342009 Charlie: Bravo and Kilo, sending you 2
2024-10-14 23:05:52.342792 Romeo: Golf, sending you 4
2024-10-14 23:05:52.343900 Echo: Tango, sending you 4
2024-10-14 23:05:52.344223 Delta: Victor, Bravo and Kilo, sending you 3
2024-10-14 23:05:52.344983 Victor: Bravo, Romeo, Delta, Charlie and Golf, sending you 3
2024-10-14 23:05:52.346013 India: Tango, sending you 3
2024-10-14 23:05:52.346277 Kilo: Delta and Golf, sending you 3
2024-10-14 23:05:52.346640 Tango: Bravo, Romeo, Delta and Kilo, sending you 3
2024-10-14 23:05:52.348650 Echo: India, sending you 13
2024-10-14 23:05:52.349388 Delta: Tango, Charlie and Golf, sending you 2
2024-10-14 23:05:52.350036 Victor: Tango, sending you 1
2024-10-14 23:05:52.351211 India: Echo, sending you 13
2024-10-14 23:05:52.351537 Tango: Charlie, sending you 4
2024-10-14 23:05:52.353698 Delta: Romeo, sending you 1
2024-10-14 23:05:52.354840 Golf: Victor, Romeo, Kilo and Charlie, sending you 3
2024-10-14 23:05:52.355202 Victor: Kilo, sending you 2
2024-10-14 23:05:52.355809 Tango: Golf, sending you 1
2024-10-14 23:05:52.358116 Golf: Bravo and Delta, sending you 2
chatterbot Tango submitting transactions
chatterbot Bravo submitting transactions
chatterbot Kilo submitting transactions
chatterbot Romeo submitting transactions
chatterbot India submitting transactions
chatterbot Delta submitting transactions
chatterbot Echo submitting transactions
chatterbot Victor submitting transactions
chatterbot Golf submitting transactions
chatterbot Charlie submitting transactions
ChatterBot Victor round 5
ChatterBot Bravo round 5
ChatterBot Tango round 5
ChatterBot Romeo round 5
ChatterBot Delta round 5
ChatterBot Kilo round 5
ChatterBot India round 5
2024-10-14 23:05:53.703536 Tango: We should add India and Echo
2024-10-14 23:05:53.729694 Romeo: No
2024-10-14 23:05:53.730327 Golf: No
2024-10-14 23:05:53.730521 Bravo: No
2024-10-14 23:05:53.730715 Kilo: No
2024-10-14 23:05:53.730908 Charlie: No
2024-10-14 23:05:53.731094 Victor: No
2024-10-14 23:05:53.731277 Delta: No
ChatterBot Tango reevaluating
ChatterBot Tango reevaluating
ChatterBot Tango reevaluating
ChatterBot Tango reevaluating
ChatterBot Tango reevaluating
ChatterBot Echo round 5
ChatterBot Charlie round 5
ChatterBot Golf round 5
2024-10-14 23:05:53.914198 India: We should replace Tango with Bravo
ChatterBot Echo reevaluating
2024-10-14 23:05:53.917501 Echo: Yes
2024-10-14 23:05:53.925037 Echo: We should replace Tango with Romeo
ChatterBot India reevaluating
2024-10-14 23:05:53.928862 India: No
ChatterBot Echo reevaluating
2024-10-14 23:05:53.941720 Bravo: Victor, Tango and Delta, sending you 3
2024-10-14 23:05:53.943287 Victor: Bravo, Romeo, Delta, Charlie and Golf, sending you 3
2024-10-14 23:05:53.944706 Romeo: Victor, sending you 3
2024-10-14 23:05:53.946683 Victor: Tango, sending you 1
2024-10-14 23:05:53.947923 Bravo: Romeo, Kilo, Charlie and Golf, sending you 2
2024-10-14 23:05:53.949401 Romeo: Bravo, Tango, Kilo and Charlie, sending you 2
2024-10-14 23:05:53.950907 Kilo: Victor, Bravo, Romeo and Charlie, sending you 2
2024-10-14 23:05:53.952707 Victor: Kilo, sending you 2
2024-10-14 23:05:53.953773 Tango: Victor, Kilo and Golf, sending you 2
2024-10-14 23:05:53.955069 Kilo: Delta and Golf, sending you 3
2024-10-14 23:05:53.955676 Romeo: Delta, sending you 1
2024-10-14 23:05:53.957792 Echo: Bravo, sending you 4
2024-10-14 23:05:53.958905 Tango: Bravo, Romeo and Delta, sending you 3
2024-10-14 23:05:53.959930 Golf: Victor, Romeo, Kilo and Charlie, sending you 3
2024-10-14 23:05:53.961033 Romeo: Golf, sending you 4
2024-10-14 23:05:53.961966 Charlie: Victor, Tango and Delta, sending you 3
2024-10-14 23:05:53.962797 Echo: India, sending you 13
2024-10-14 23:05:53.963665 Delta: Victor, Bravo and Kilo, sending you 3
2024-10-14 23:05:53.964416 Golf: Bravo and Delta, sending you 2
2024-10-14 23:05:53.965437 Tango: Charlie, sending you 4
2024-10-14 23:05:53.966246 India: Echo, sending you 14
2024-10-14 23:05:53.967701 Charlie: Bravo, Romeo and Kilo, sending you 2
2024-10-14 23:05:53.968680 Delta: Tango, Charlie and Golf, sending you 2
2024-10-14 23:05:53.971682 Charlie: Golf, sending you 4
2024-10-14 23:05:53.974687 Delta: Romeo, sending you 1
chatterbot Romeo submitting transactions
chatterbot Victor submitting transactions
chatterbot Bravo submitting transactions
chatterbot India submitting transactions
chatterbot Tango submitting transactions
chatterbot Delta submitting transactions
chatterbot Kilo submitting transactions
chatterbot Echo submitting transactions
chatterbot Golf submitting transactions
chatterbot Charlie submitting transactions
ChatterBot Victor round 6
ChatterBot Bravo round 6
ChatterBot Tango round 6
ChatterBot Romeo round 6
ChatterBot Delta round 6
ChatterBot Kilo round 6
ChatterBot India round 6
ChatterBot Echo round 6
ChatterBot Charlie round 6
ChatterBot Golf round 6
2024-10-14 23:05:55.203388 India: We should replace Tango with Kilo
ChatterBot Echo reevaluating
2024-10-14 23:05:55.207663 Echo: Yes
ChatterBot India reevaluating
2024-10-14 23:05:55.232666 Kilo: Victor, Bravo, Romeo and Charlie, sending you 2
2024-10-14 23:05:55.233450 Romeo: Victor, sending you 3
2024-10-14 23:05:55.234810 Victor: Bravo, Romeo, Delta, Charlie and Golf, sending you 3
2024-10-14 23:05:55.235606 Bravo: Victor, Tango and Delta, sending you 3
2024-10-14 23:05:55.236805 Kilo: Delta and Golf, sending you 3
2024-10-14 23:05:55.237698 Romeo: Bravo, Tango, Kilo and Charlie, sending you 2
2024-10-14 23:05:55.239480 Tango: Victor, Kilo and Golf, sending you 2
2024-10-14 23:05:55.240970 Charlie: Victor, sending you 3
2024-10-14 23:05:55.241951 Victor: Tango, sending you 1
2024-10-14 23:05:55.243564 Bravo: Romeo, Kilo, Charlie and Golf, sending you 2
2024-10-14 23:05:55.245276 Delta: Victor, Bravo and Kilo, sending you 3
2024-10-14 23:05:55.246972 Echo: Kilo, sending you 4
2024-10-14 23:05:55.247255 Romeo: Delta, sending you 1
2024-10-14 23:05:55.248194 Tango: Bravo, Romeo and Delta, sending you 3
2024-10-14 23:05:55.249709 Charlie: Bravo, Romeo, Delta and Kilo, sending you 2
2024-10-14 23:05:55.251387 Victor: Kilo, sending you 2
2024-10-14 23:05:55.252272 Delta: Tango, Charlie and Golf, sending you 2
2024-10-14 23:05:55.253887 Echo: India, sending you 13
2024-10-14 23:05:55.254206 Romeo: Golf, sending you 4
2024-10-14 23:05:55.254941 Tango: Charlie, sending you 4
2024-10-14 23:05:55.256376 Charlie: Tango and Golf, sending you 4
2024-10-14 23:05:55.257512 India: Echo, sending you 14
2024-10-14 23:05:55.258251 Golf: Victor, Romeo, Kilo and Charlie, sending you 3
2024-10-14 23:05:55.259040 Delta: Romeo, sending you 1
2024-10-14 23:05:55.261694 Golf: Bravo and Delta, sending you 2
chatterbot Kilo submitting transactions
chatterbot Tango submitting transactions
chatterbot Bravo submitting transactions
chatterbot Golf submitting transactions
chatterbot Charlie submitting transactions
chatterbot Echo submitting transactions
chatterbot Delta submitting transactions
chatterbot Romeo submitting transactions
chatterbot Victor submitting transactions
chatterbot India submitting transactions
ChatterBot Victor round 7
ChatterBot Bravo round 7
ChatterBot Tango round 7
ChatterBot Romeo round 7
ChatterBot Delta round 7
ChatterBot Kilo round 7
ChatterBot India round 7
ChatterBot Echo round 7
ChatterBot Charlie round 7
ChatterBot Golf round 7
2024-10-14 23:05:56.514175 India: We should replace Tango with Delta
ChatterBot Echo reevaluating
2024-10-14 23:05:56.517941 Echo: Yes
ChatterBot India reevaluating
2024-10-14 23:05:56.533652 Victor: Bravo, Romeo, Delta, Charlie and Golf, sending you 3
2024-10-14 23:05:56.538866 Victor: Tango, sending you 1
2024-10-14 23:05:56.539941 Bravo: Victor, Tango and Delta, sending you 3
2024-10-14 23:05:56.541649 Kilo: Victor, Bravo, Romeo and Charlie, sending you 2
2024-10-14 23:05:56.543756 Bravo: Romeo, Kilo, Charlie and Golf, sending you 2
2024-10-14 23:05:56.544996 Victor: Kilo, sending you 2
2024-10-14 23:05:56.546836 Kilo: Delta and Golf, sending you 3
2024-10-14 23:05:56.547648 Delta: Victor, Bravo and Kilo, sending you 3
2024-10-14 23:05:56.549403 Tango: Victor, Kilo and Golf, sending you 2
2024-10-14 23:05:56.551115 Charlie: Victor, sending you 3
2024-10-14 23:05:56.552515 Romeo: Victor, sending you 3
2024-10-14 23:05:56.554076 Delta: Tango, Charlie and Golf, sending you 2
2024-10-14 23:05:56.555328 Echo: Delta, sending you 4
2024-10-14 23:05:56.556150 India: Echo, sending you 14
2024-10-14 23:05:56.556633 Tango: Bravo, Romeo and Delta, sending you 3
2024-10-14 23:05:56.557712 Charlie: Bravo, Romeo, Delta and Kilo, sending you 2
2024-10-14 23:05:56.558974 Romeo: Bravo, Tango, Kilo and Charlie, sending you 2
2024-10-14 23:05:56.559799 Delta: Romeo, sending you 1
2024-10-14 23:05:56.560414 Golf: Victor, Romeo, Kilo and Charlie, sending you 3
2024-10-14 23:05:56.561386 Echo: India, sending you 13
2024-10-14 23:05:56.562670 Tango: Charlie, sending you 4
2024-10-14 23:05:56.564444 Charlie: Tango and Golf, sending you 4
2024-10-14 23:05:56.566261 Romeo: Delta, sending you 1
2024-10-14 23:05:56.567051 Golf: Bravo and Delta, sending you 2
2024-10-14 23:05:56.570786 Romeo: Golf, sending you 4
chatterbot Delta submitting transactions
chatterbot Romeo submitting transactions
chatterbot Charlie submitting transactions
chatterbot Victor submitting transactions
chatterbot India submitting transactions
chatterbot Kilo submitting transactions
chatterbot Golf submitting transactions
chatterbot Echo submitting transactions
chatterbot Tango submitting transactions
chatterbot Bravo submitting transactions
ChatterBot Victor round 8
ChatterBot Bravo round 8
ChatterBot Tango round 8
ChatterBot Romeo round 8
ChatterBot Delta round 8
ChatterBot Kilo round 8
ChatterBot India round 8
ChatterBot Echo round 8
ChatterBot Charlie round 8
ChatterBot Golf round 8
2024-10-14 23:05:57.874837 India: We should replace Tango with Kilo
2024-10-14 23:05:57.879243 Echo: Yes
ChatterBot India reevaluating
2024-10-14 23:05:57.902050 Romeo: Victor, sending you 3
2024-10-14 23:05:57.904889 Tango: Victor, Kilo and Golf, sending you 2
2024-10-14 23:05:57.906935 Golf: Victor, Romeo, Kilo and Charlie, sending you 3
2024-10-14 23:05:57.907693 Victor: Bravo, Romeo, Delta, Charlie and Golf, sending you 3
2024-10-14 23:05:57.909648 Delta: Victor, Bravo and Kilo, sending you 3
2024-10-14 23:05:57.911637 Echo: Kilo, sending you 4
2024-10-14 23:05:57.912118 Romeo: Bravo, Tango, Kilo and Charlie, sending you 2
2024-10-14 23:05:57.913820 Kilo: Victor, Bravo, Romeo and Charlie, sending you 2
2024-10-14 23:05:57.914776 Tango: Bravo, Romeo and Delta, sending you 3
2024-10-14 23:05:57.916926 Golf: Bravo and Delta, sending you 2
2024-10-14 23:05:57.918565 Victor: Tango, sending you 1
2024-10-14 23:05:57.919854 Delta: Tango, Charlie and Golf, sending you 2
2024-10-14 23:05:57.922377 Charlie: Victor, sending you 3
2024-10-14 23:05:57.924684 Echo: India, sending you 13
2024-10-14 23:05:57.925218 Bravo: Victor, sending you 4
2024-10-14 23:05:57.926601 Romeo: Delta, sending you 1
2024-10-14 23:05:57.928547 Kilo: Delta and Golf, sending you 3
2024-10-14 23:05:57.930500 Tango: Charlie, sending you 4
2024-10-14 23:05:57.933043 India: Romeo, sending you 3
2024-10-14 23:05:57.933523 Victor: Kilo, sending you 2
2024-10-14 23:05:57.935109 Delta: Romeo, sending you 1
2024-10-14 23:05:57.937139 Charlie: Bravo, Romeo, Delta and Kilo, sending you 2
2024-10-14 23:05:57.938711 Bravo: Tango, Romeo, Kilo, Charlie and Golf, sending you 2
2024-10-14 23:05:57.940731 Romeo: Golf, sending you 4
2024-10-14 23:05:57.942488 India: Echo, sending you 13
2024-10-14 23:05:57.942948 Charlie: Tango and Golf, sending you 4
2024-10-14 23:05:57.945674 Bravo: Delta, sending you 3
chatterbot Delta submitting transactions
chatterbot Kilo submitting transactions
chatterbot Bravo submitting transactions
chatterbot Romeo submitting transactions
chatterbot Echo submitting transactions
chatterbot Victor submitting transactions
chatterbot Charlie submitting transactions
chatterbot Tango submitting transactions
chatterbot India submitting transactions
chatterbot Golf submitting transactions
ChatterBot Victor round 9
ChatterBot Bravo round 9
ChatterBot Tango round 9
ChatterBot Romeo round 9
ChatterBot Delta round 9
ChatterBot Kilo round 9
ChatterBot India round 9
ChatterBot Echo round 9
ChatterBot Charlie round 9
ChatterBot Golf round 9
2024-10-14 23:05:59.175323 Golf: We should replace Delta with Tango
ChatterBot Kilo reevaluating
2024-10-14 23:05:59.194967 Victor: No
2024-10-14 23:05:59.195158 Bravo: No
2024-10-14 23:05:59.195337 Romeo: No
2024-10-14 23:05:59.195502 Kilo: No
2024-10-14 23:05:59.196133 Charlie: No
ChatterBot Golf reevaluating
ChatterBot Kilo reevaluating
ChatterBot Golf reevaluating
ChatterBot Kilo reevaluating
ChatterBot Golf reevaluating
ChatterBot Kilo reevaluating
ChatterBot Golf reevaluating
ChatterBot Golf reevaluating
ChatterBot Kilo reevaluating
2024-10-14 23:05:59.280840 India: We would work well together
ChatterBot Echo reevaluating
ChatterBot Kilo reevaluating
ChatterBot Golf reevaluating
2024-10-14 23:05:59.301361 Echo: No
2024-10-14 23:05:59.301499 Victor: No
2024-10-14 23:05:59.301620 Bravo: No
2024-10-14 23:05:59.301728 Tango: No
2024-10-14 23:05:59.301850 Romeo: No
2024-10-14 23:05:59.301942 Delta: No
2024-10-14 23:05:59.302041 Kilo: No
2024-10-14 23:05:59.302128 Charlie: No
2024-10-14 23:05:59.302228 Golf: No
ChatterBot India reevaluating
ChatterBot Kilo reevaluating
ChatterBot Golf reevaluating
ChatterBot India reevaluating
ChatterBot Echo reevaluating
ChatterBot Kilo reevaluating
ChatterBot Golf reevaluating
ChatterBot India reevaluating
ChatterBot Echo reevaluating
ChatterBot Kilo reevaluating
ChatterBot Golf reevaluating
ChatterBot India reevaluating
ChatterBot Echo reevaluating
ChatterBot Kilo reevaluating
ChatterBot Golf reevaluating
ChatterBot India reevaluating
ChatterBot Echo reevaluating
ChatterBot Kilo reevaluating
ChatterBot Golf reevaluating
ChatterBot India reevaluating
ChatterBot Echo reevaluating
ChatterBot Kilo reevaluating
ChatterBot Golf reevaluating
ChatterBot India reevaluating
ChatterBot Echo reevaluating
ChatterBot Golf reevaluating
ChatterBot India reevaluating
ChatterBot Echo reevaluating
ChatterBot Kilo reevaluating
ChatterBot Golf reevaluating
ChatterBot India reevaluating
ChatterBot Echo reevaluating
ChatterBot Kilo reevaluating
2024-10-14 23:05:59.563764 India: We should replace Romeo with Kilo
ChatterBot Echo reevaluating
2024-10-14 23:05:59.566388 Echo: No
ChatterBot India reevaluating
2024-10-14 23:05:59.569219 India: We should replace Romeo with Tango
ChatterBot Echo reevaluating
2024-10-14 23:05:59.572157 Echo: No
ChatterBot India reevaluating
2024-10-14 23:05:59.575002 Bravo: Victor, sending you 4
2024-10-14 23:05:59.578658 Bravo: Tango, Romeo, Kilo, Charlie and Golf, sending you 2
2024-10-14 23:05:59.579934 Delta: Victor, Bravo and Kilo, sending you 3
2024-10-14 23:05:59.581221 Victor: Bravo, Romeo, Delta, Charlie and Golf, sending you 3
2024-10-14 23:05:59.581970 Tango: Victor, Kilo and Golf, sending you 2
2024-10-14 23:05:59.583673 Delta: Tango, Charlie and Golf, sending you 2
2024-10-14 23:05:59.585064 Bravo: Delta, sending you 3
2024-10-14 23:05:59.585913 Victor: Tango, sending you 1
2024-10-14 23:05:59.587553 Tango: Bravo, Romeo and Delta, sending you 3
2024-10-14 23:05:59.588795 Romeo: Victor and Golf, sending you 3
2024-10-14 23:05:59.590351 Delta: Romeo, sending you 1
2024-10-14 23:05:59.591619 Kilo: Victor, Bravo, Romeo and Charlie, sending you 2
2024-10-14 23:05:59.592547 Golf: Victor, Romeo, Kilo and Charlie, sending you 3
2024-10-14 23:05:59.593159 Victor: Kilo, sending you 2
2024-10-14 23:05:59.595152 Tango: Charlie, sending you 4
2024-10-14 23:05:59.596211 Romeo: Bravo, Tango, Delta, Kilo and Charlie, sending you 2
2024-10-14 23:05:59.597631 Kilo: Delta and Golf, sending you 3
2024-10-14 23:05:59.598036 Golf: Bravo and Delta, sending you 2
2024-10-14 23:05:59.600677 Charlie: Victor and Golf, sending you 4
2024-10-14 23:05:59.602278 Echo: India, sending you 14
2024-10-14 23:05:59.604147 India: Victor, Bravo, Romeo, Kilo and Charlie, sending you 1
2024-10-14 23:05:59.605707 Charlie: Bravo, Romeo, Delta and Kilo, sending you 2
2024-10-14 23:05:59.608698 India: Echo, sending you 11
2024-10-14 23:05:59.611927 Charlie: Tango, sending you 3
chatterbot Bravo submitting transactions
chatterbot India submitting transactions
chatterbot Tango submitting transactions
chatterbot Echo submitting transactions
chatterbot Delta submitting transactions
chatterbot Charlie submitting transactions
chatterbot Romeo submitting transactions
chatterbot Golf submitting transactions
chatterbot Victor submitting transactions
chatterbot Kilo submitting transactions
ChatterBot Victor round 10
ChatterBot Bravo round 10
ChatterBot Tango round 10
ChatterBot Romeo round 10
ChatterBot Delta round 10
ChatterBot Kilo round 10
ChatterBot India round 10
ChatterBot Echo round 10
ChatterBot Charlie round 10
ChatterBot Golf round 10
2024-10-14 23:06:00.527496 Kilo: We should replace Romeo with Tango
2024-10-14 23:06:00.545629 Victor: No
2024-10-14 23:06:00.545828 Bravo: No
2024-10-14 23:06:00.545985 Delta: No
2024-10-14 23:06:00.546137 Charlie: No
2024-10-14 23:06:00.546285 Golf: No
ChatterBot Kilo reevaluating
ChatterBot Golf reevaluating
ChatterBot Kilo reevaluating
ChatterBot Golf reevaluating
ChatterBot Kilo reevaluating
ChatterBot Golf reevaluating
ChatterBot Kilo reevaluating
ChatterBot Golf reevaluating
ChatterBot Kilo reevaluating
2024-10-14 23:06:00.614862 Golf: We should replace Delta with Tango
ChatterBot Kilo reevaluating
2024-10-14 23:06:00.628704 Victor: No
2024-10-14 23:06:00.628926 Bravo: No
2024-10-14 23:06:00.629107 Romeo: No
2024-10-14 23:06:00.629262 Kilo: No
2024-10-14 23:06:00.629412 Charlie: No
ChatterBot Kilo reevaluating
ChatterBot Kilo reevaluating
ChatterBot Kilo reevaluating
ChatterBot Golf reevaluating
ChatterBot Kilo reevaluating
2024-10-14 23:06:00.687671 Delta: Victor, Bravo and Kilo, sending you 3
2024-10-14 23:06:00.689018 Tango: Victor, Kilo and Golf, sending you 2
2024-10-14 23:06:00.691492 Bravo: Victor, sending you 4
2024-10-14 23:06:00.693399 Victor: Bravo, Romeo, Delta, Charlie and Golf, sending you 3
2024-10-14 23:06:00.695392 India: Echo, sending you 13
2024-10-14 23:06:00.695931 Echo: Bravo, sending you 4
2024-10-14 23:06:00.697253 Romeo: Victor and Golf, sending you 3
2024-10-14 23:06:00.698469 Delta: Tango, Charlie and Golf, sending you 2
2024-10-14 23:06:00.699601 Tango: Bravo, Romeo and Delta, sending you 3
2024-10-14 23:06:00.700793 Bravo: Tango, Romeo, Kilo, Charlie and Golf, sending you 2
2024-10-14 23:06:00.701671 Victor: Tango, sending you 1
2024-10-14 23:06:00.703043 Echo: India, sending you 13
2024-10-14 23:06:00.703315 Romeo: Bravo, Tango, Delta, Kilo and Charlie, sending you 2
2024-10-14 23:06:00.704289 Delta: Romeo, sending you 1
2024-10-14 23:06:00.705158 Tango: Charlie, sending you 4
2024-10-14 23:06:00.706197 Bravo: Delta, sending you 3
2024-10-14 23:06:00.707165 Charlie: Victor and Golf, sending you 4
2024-10-14 23:06:00.708195 Victor: Kilo, sending you 2
2024-10-14 23:06:00.710691 Charlie: Bravo, Romeo, Delta and Kilo, sending you 2
2024-10-14 23:06:00.713678 Golf: Victor, Romeo, Kilo and Charlie, sending you 3
2024-10-14 23:06:00.714360 Kilo: Victor, Bravo, Romeo and Charlie, sending you 2
2024-10-14 23:06:00.716853 Charlie: Tango, sending you 3
2024-10-14 23:06:00.718674 Golf: Bravo and Delta, sending you 2
2024-10-14 23:06:00.719174 Kilo: Delta and Golf, sending you 3
chatterbot India submitting transactions
chatterbot Victor submitting transactions
chatterbot Romeo submitting transactions
chatterbot Charlie submitting transactions
chatterbot Echo submitting transactions
chatterbot Delta submitting transactions
chatterbot Golf submitting transactions
chatterbot Bravo submitting transactions
chatterbot Kilo submitting transactions
chatterbot Tango submitting transactions
ChatterBot Victor round 11
ChatterBot Bravo round 11
ChatterBot Tango round 11
ChatterBot Romeo round 11
ChatterBot Delta round 11
ChatterBot Kilo round 11
ChatterBot India round 11
ChatterBot Echo round 11
ChatterBot Charlie round 11
ChatterBot Golf round 11
2024-10-14 23:06:01.811954 Golf: We should replace Delta with Tango
2024-10-14 23:06:01.829328 Victor: No
2024-10-14 23:06:01.829578 Bravo: No
2024-10-14 23:06:01.829807 Romeo: No
2024-10-14 23:06:01.830562 Kilo: No
2024-10-14 23:06:01.830788 Charlie: No
ChatterBot Golf reevaluating
ChatterBot Golf reevaluating
ChatterBot Golf reevaluating
ChatterBot Golf reevaluating
2024-10-14 23:06:01.949265 Golf: Tango we want you to join our group
2024-10-14 23:06:01.955168 Tango: Yes
ChatterBot Golf reevaluating
2024-10-14 23:06:01.981984 Bravo: Victor, sending you 4
2024-10-14 23:06:01.985714 India: Victor, Bravo, Romeo, Delta and Charlie, sending you 1
2024-10-14 23:06:01.987828 Delta: Victor, Bravo and Kilo, sending you 3
2024-10-14 23:06:01.990716 Tango: Victor, Kilo and Golf, sending you 2
2024-10-14 23:06:01.993733 Victor: Bravo, Romeo, Delta, Charlie and Golf, sending you 3
2024-10-14 23:06:01.996423 Charlie: Victor and Tango, sending you 3
2024-10-14 23:06:01.999605 Bravo: Tango, Romeo, Kilo, Charlie and Golf, sending you 2
2024-10-14 23:06:02.003086 Kilo: Victor, Bravo, Romeo and Charlie, sending you 2
2024-10-14 23:06:02.005964 Romeo: Victor and Golf, sending you 3
2024-10-14 23:06:02.009432 India: Echo, sending you 11
2024-10-14 23:06:02.011609 Delta: Tango, Charlie and Golf, sending you 2
2024-10-14 23:06:02.014407 Tango: Bravo, Romeo and Delta, sending you 3
2024-10-14 23:06:02.016726 Victor: Tango, sending you 1
2024-10-14 23:06:02.018982 Charlie: Bravo, Romeo, Delta and Kilo, sending you 2
2024-10-14 23:06:02.022554 Bravo: Delta, sending you 3
2024-10-14 23:06:02.025020 Kilo: Delta and Golf, sending you 3
2024-10-14 23:06:02.026944 Romeo: Bravo, Tango, Delta, Kilo and Charlie, sending you 2
2024-10-14 23:06:02.028964 Delta: Romeo, sending you 1
2024-10-14 23:06:02.030542 Tango: Charlie, sending you 4
2024-10-14 23:06:02.032444 Echo: India, sending you 14
2024-10-14 23:06:02.032867 Victor: Kilo, sending you 2
2024-10-14 23:06:02.034752 Charlie: Golf, sending you 5
2024-10-14 23:06:02.039677 Golf: Victor, Romeo, Kilo and Charlie, sending you 3
2024-10-14 23:06:02.043676 Golf: Bravo and Tango, sending you 2
chatterbot Tango submitting transactions
chatterbot Echo submitting transactions
chatterbot Victor submitting transactions
chatterbot India submitting transactions
chatterbot Bravo submitting transactions
chatterbot Charlie submitting transactions
chatterbot Romeo submitting transactions
chatterbot Kilo submitting transactions
chatterbot Delta submitting transactions
chatterbot Golf submitting transactions
ChatterBot Victor round 12
ChatterBot Bravo round 12
ChatterBot Tango round 12
ChatterBot Romeo round 12
ChatterBot Delta round 12
ChatterBot Kilo round 12
ChatterBot India round 12
ChatterBot Echo round 12
ChatterBot Charlie round 12
ChatterBot Golf round 12
2024-10-14 23:06:03.249498 Echo: We should replace Kilo with Charlie
2024-10-14 23:06:03.253786 India: No
ChatterBot Echo reevaluating
2024-10-14 23:06:03.289113 Kilo: Victor, Bravo, Romeo and Charlie, sending you 2
2024-10-14 23:06:03.290782 Tango: Victor, Kilo and Golf, sending you 2
2024-10-14 23:06:03.294225 India: Echo, sending you 13
2024-10-14 23:06:03.295755 Delta: Victor, Bravo and Kilo, sending you 3
2024-10-14 23:06:03.299300 Victor: Bravo, Romeo, Delta, Charlie and Golf, sending you 3
2024-10-14 23:06:03.302004 Kilo: Delta and Golf, sending you 3
2024-10-14 23:06:03.304510 Romeo: Victor and Golf, sending you 3
2024-10-14 23:06:03.306272 Tango: Bravo, Romeo and Delta, sending you 3
2024-10-14 23:06:03.308745 Charlie: Victor and Tango, sending you 3
2024-10-14 23:06:03.310980 Delta: Tango, Charlie and Golf, sending you 2
2024-10-14 23:06:03.312971 Victor: Tango, sending you 1
2024-10-14 23:06:03.314164 Romeo: Bravo, Tango, Delta, Kilo and Charlie, sending you 2
2024-10-14 23:06:03.315913 Bravo: Victor, sending you 4
2024-10-14 23:06:03.318503 Tango: Charlie, sending you 4
2024-10-14 23:06:03.319569 Echo: Delta, sending you 4
2024-10-14 23:06:03.320185 Golf: Victor, Romeo, Kilo and Charlie, sending you 3
2024-10-14 23:06:03.322156 Charlie: Bravo, Romeo, Delta and Kilo, sending you 2
2024-10-14 23:06:03.324405 Delta: Romeo, sending you 1
2024-10-14 23:06:03.325520 Victor: Kilo, sending you 2
2024-10-14 23:06:03.327224 Bravo: Tango, Romeo, Kilo, Charlie and Golf, sending you 2
2024-10-14 23:06:03.328381 Echo: India, sending you 13
2024-10-14 23:06:03.329246 Golf: Bravo and Tango, sending you 2
2024-10-14 23:06:03.329945 Charlie: Golf, sending you 5
2024-10-14 23:06:03.332673 Bravo: Delta, sending you 3
chatterbot India submitting transactions
chatterbot Echo submitting transactions
chatterbot Romeo submitting transactions
chatterbot Delta submitting transactions
chatterbot Victor submitting transactions
chatterbot Bravo submitting transactions
chatterbot Golf submitting transactions
chatterbot Tango submitting transactions
chatterbot Charlie submitting transactions
chatterbot Kilo submitting transactions
ChatterBot Victor round 13
ChatterBot Bravo round 13
ChatterBot Tango round 13
ChatterBot Romeo round 13
ChatterBot Delta round 13
ChatterBot Kilo round 13
ChatterBot India round 13
ChatterBot Echo round 13
ChatterBot Charlie round 13
ChatterBot Golf round 13
2024-10-14 23:06:04.454852 Kilo: We should replace Romeo with Tango
2024-10-14 23:06:04.465476 Victor: No
2024-10-14 23:06:04.465639 Bravo: No
2024-10-14 23:06:04.465761 Delta: No
2024-10-14 23:06:04.465869 Charlie: No
2024-10-14 23:06:04.465968 Golf: No
ChatterBot Kilo reevaluating
ChatterBot Kilo reevaluating
ChatterBot Kilo reevaluating
ChatterBot Kilo reevaluating
ChatterBot Kilo reevaluating
2024-10-14 23:06:04.531281 Kilo: We should replace Bravo with Tango
2024-10-14 23:06:04.543258 Golf: No
2024-10-14 23:06:04.543775 Victor: No
2024-10-14 23:06:04.543929 Romeo: No
2024-10-14 23:06:04.544036 Delta: No
2024-10-14 23:06:04.544148 Charlie: No
ChatterBot Kilo reevaluating
ChatterBot Golf reevaluating
ChatterBot Kilo reevaluating
ChatterBot Golf reevaluating
ChatterBot Kilo reevaluating
ChatterBot Golf reevaluating
ChatterBot Kilo reevaluating
ChatterBot Golf reevaluating
ChatterBot Kilo reevaluating
2024-10-14 23:06:04.609676 Tango: Victor, Kilo and Golf, sending you 2
2024-10-14 23:06:04.611713 Golf: We should replace Bravo with Delta
ChatterBot Kilo reevaluating
2024-10-14 23:06:04.625414 Victor: No
2024-10-14 23:06:04.625591 Tango: No
2024-10-14 23:06:04.625775 Romeo: No
2024-10-14 23:06:04.625926 Kilo: No
2024-10-14 23:06:04.626063 Charlie: No
ChatterBot Golf reevaluating
ChatterBot Kilo reevaluating
ChatterBot Golf reevaluating
ChatterBot Kilo reevaluating
ChatterBot Golf reevaluating
ChatterBot Kilo reevaluating
ChatterBot Golf reevaluating
ChatterBot Golf reevaluating
ChatterBot Kilo reevaluating
2024-10-14 23:06:04.691966 Romeo: Victor and Golf, sending you 3
2024-10-14 23:06:04.693781 Bravo: Victor, sending you 4
2024-10-14 23:06:04.694750 India: Victor, Bravo, Romeo, Delta and Charlie, sending you 1
2024-10-14 23:06:04.695347 Echo: Delta, sending you 4
2024-10-14 23:06:04.695581 Victor: Bravo, Romeo, Delta, Charlie and Golf, sending you 3
2024-10-14 23:06:04.696643 Tango: Bravo, Romeo and Delta, sending you 3
2024-10-14 23:06:04.699516 Romeo: Bravo, Tango, Delta, Kilo and Charlie, sending you 2
2024-10-14 23:06:04.700953 Bravo: Tango, Romeo, Kilo, Charlie and Golf, sending you 2
2024-10-14 23:06:04.701881 India: Echo, sending you 11
2024-10-14 23:06:04.703010 Victor: Tango, sending you 1
2024-10-14 23:06:04.703947 Echo: India, sending you 13
2024-10-14 23:06:04.704351 Tango: Charlie, sending you 4
2024-10-14 23:06:04.705378 Charlie: Victor and Tango, sending you 3
2024-10-14 23:06:04.707048 Delta: Victor, Bravo and Kilo, sending you 3
2024-10-14 23:06:04.708015 Bravo: Delta, sending you 3
2024-10-14 23:06:04.709176 Victor: Kilo, sending you 2
