ChatterBot Kilo round 1
ChatterBot Papa round 1
ChatterBot Romeo round 1
ChatterBot Alpha round 1
ChatterBot Hotel round 1
ChatterBot X-ray round 1
ChatterBot Bravo round 1
ChatterBot Echo round 1
ChatterBot Foxtrot round 1
ChatterBot India round 1
randomSelections Foxtrot: {Foxtrot, Alpha, Echo, Papa, India, Hotel, Kilo} 
2024-10-14 23:05:46.406263 Foxtrot: Group up?
ChatterBot Alpha reevaluating
ChatterBot Echo reevaluating
ChatterBot Papa reevaluating
ChatterBot India reevaluating
ChatterBot Hotel reevaluating
ChatterBot Kilo reevaluating
2024-10-14 23:05:46.419813 Alpha: Yes
2024-10-14 23:05:46.420068 Echo: Yes
2024-10-14 23:05:46.420301 Papa: Yes
2024-10-14 23:05:46.421241 India: Yes
2024-10-14 23:05:46.421416 Hotel: Yes
2024-10-14 23:05:46.421569 Kilo: Yes
ChatterBot Echo reevaluating
ChatterBot Papa reevaluating
ChatterBot India reevaluating
ChatterBot Hotel reevaluating
ChatterBot Kilo reevaluating
ChatterBot Alpha reevaluating
ChatterBot Papa reevaluating
ChatterBot India reevaluating
ChatterBot Hotel reevaluating
ChatterBot Kilo reevaluating
ChatterBot Alpha reevaluating
ChatterBot Echo reevaluating
ChatterBot India reevaluating
ChatterBot Hotel reevaluating
ChatterBot Kilo reevaluating
ChatterBot Alpha reevaluating
ChatterBot Echo reevaluating
ChatterBot Papa reevaluating
ChatterBot Hotel reevaluating
ChatterBot Kilo reevaluating
ChatterBot Alpha reevaluating
ChatterBot Echo reevaluating
ChatterBot Papa reevaluating
ChatterBot India reevaluating
ChatterBot Kilo reevaluating
ChatterBot Alpha reevaluating
ChatterBot Echo reevaluating
ChatterBot Papa reevaluating
ChatterBot India reevaluating
ChatterBot Hotel reevaluating
randomSelections Romeo: {Romeo, Hotel, Bravo, India, Kilo, Foxtrot, Echo, Papa} 
2024-10-14 23:05:46.500957 Romeo: Can we be friends?
ChatterBot Hotel reevaluating
ChatterBot Bravo reevaluating
ChatterBot India reevaluating
ChatterBot Kilo reevaluating
ChatterBot Echo reevaluating
ChatterBot Papa reevaluating
2024-10-14 23:05:46.512277 Hotel: No
2024-10-14 23:05:46.512532 Bravo: Yes
2024-10-14 23:05:46.513587 India: No
2024-10-14 23:05:46.513758 Kilo: No
2024-10-14 23:05:46.513884 Foxtrot: No
2024-10-14 23:05:46.514064 Echo: No
2024-10-14 23:05:46.514236 Papa: No
ChatterBot Bravo reevaluating
ChatterBot India reevaluating
ChatterBot Kilo reevaluating
ChatterBot Echo reevaluating
ChatterBot Papa reevaluating
ChatterBot Hotel reevaluating
ChatterBot India reevaluating
ChatterBot Kilo reevaluating
ChatterBot Echo reevaluating
ChatterBot Papa reevaluating
ChatterBot Hotel reevaluating
ChatterBot Bravo reevaluating
ChatterBot Kilo reevaluating
ChatterBot Echo reevaluating
ChatterBot Papa reevaluating
ChatterBot Hotel reevaluating
ChatterBot Bravo reevaluating
ChatterBot India reevaluating
ChatterBot Echo reevaluating
ChatterBot Papa reevaluating
ChatterBot Hotel reevaluating
ChatterBot Bravo reevaluating
ChatterBot India reevaluating
ChatterBot Kilo reevaluating
ChatterBot Echo reevaluating
ChatterBot Papa reevaluating
ChatterBot Hotel reevaluating
ChatterBot Bravo reevaluating
ChatterBot India reevaluating
ChatterBot Kilo reevaluating
ChatterBot Papa reevaluating
ChatterBot Hotel reevaluating
ChatterBot Bravo reevaluating
ChatterBot India reevaluating
ChatterBot Kilo reevaluating
ChatterBot Echo reevaluating
randomSelections X-ray: {X-ray, Bravo, Alpha, Romeo, Hotel, Foxtrot, Kilo} 
2024-10-14 23:05:46.597720 X-ray: Group up?
ChatterBot Bravo reevaluating
ChatterBot Alpha reevaluating
ChatterBot Hotel reevaluating
ChatterBot Kilo reevaluating
2024-10-14 23:05:46.607779 Bravo: No
2024-10-14 23:05:46.607963 Alpha: No
2024-10-14 23:05:46.608097 Romeo: No
2024-10-14 23:05:46.608259 Hotel: No
2024-10-14 23:05:46.608357 Foxtrot: No
2024-10-14 23:05:46.609007 Kilo: No
ChatterBot Alpha reevaluating
ChatterBot Hotel reevaluating
ChatterBot Kilo reevaluating
ChatterBot Bravo reevaluating
ChatterBot Hotel reevaluating
ChatterBot Kilo reevaluating
ChatterBot Bravo reevaluating
ChatterBot Alpha reevaluating
ChatterBot Hotel reevaluating
ChatterBot Kilo reevaluating
ChatterBot Bravo reevaluating
ChatterBot Alpha reevaluating
ChatterBot Kilo reevaluating
ChatterBot Bravo reevaluating
ChatterBot Alpha reevaluating
ChatterBot Hotel reevaluating
ChatterBot Kilo reevaluating
ChatterBot Bravo reevaluating
ChatterBot Alpha reevaluating
ChatterBot Hotel reevaluating
2024-10-14 23:05:46.803312 X-ray: Kilo, sending you 3
2024-10-14 23:05:46.815772 X-ray: Romeo, sending you 4
2024-10-14 23:05:46.817303 Papa: Alpha, Echo and India, sending you 2
2024-10-14 23:05:46.818569 Foxtrot: Kilo, Echo and India, sending you 3
2024-10-14 23:05:46.819987 Romeo: Kilo, Papa and Hotel, sending you 2
2024-10-14 23:05:46.820696 Hotel: Kilo, Papa and Foxtrot, sending you 3
2024-10-14 23:05:46.821975 Echo: Kilo, sending you 6
2024-10-14 23:05:46.822610 X-ray: Alpha, sending you 6
2024-10-14 23:05:46.823881 Papa: Hotel and Foxtrot, sending you 5
2024-10-14 23:05:46.824658 Foxtrot: Papa and Hotel, sending you 2
2024-10-14 23:05:46.826035 Alpha: Kilo, Hotel, Echo and India, sending you 2
2024-10-14 23:05:46.827213 Romeo: Bravo and Foxtrot, sending you 3
2024-10-14 23:05:46.828040 Bravo: Papa and Foxtrot, sending you 2
2024-10-14 23:05:46.829308 Hotel: Alpha, sending you 1
2024-10-14 23:05:46.829899 Echo: Papa, sending you 4
2024-10-14 23:05:46.831036 Kilo: Papa and Echo, sending you 3
2024-10-14 23:05:46.832284 India: Kilo and Hotel, sending you 1
2024-10-14 23:05:46.833004 X-ray: Hotel, Bravo and Foxtrot, sending you 1
2024-10-14 23:05:46.833982 Foxtrot: Alpha, sending you 4
2024-10-14 23:05:46.834447 Alpha: Papa and Foxtrot, sending you 1
2024-10-14 23:05:46.835461 Romeo: Echo, sending you 4
2024-10-14 23:05:46.836264 Bravo: Romeo, sending you 3
2024-10-14 23:05:46.837640 Hotel: Echo, sending you 6
2024-10-14 23:05:46.838231 Echo: Alpha and Foxtrot, sending you 3
2024-10-14 23:05:46.839504 Kilo: Alpha, sending you 5
2024-10-14 23:05:46.840110 India: Papa and Alpha, sending you 3
2024-10-14 23:05:46.841605 Romeo: India, sending you 1
2024-10-14 23:05:46.843066 Bravo: Hotel and Echo, sending you 4
2024-10-14 23:05:46.843896 Hotel: India, sending you 2
2024-10-14 23:05:46.845163 Kilo: Hotel and Foxtrot, sending you 2
2024-10-14 23:05:46.845699 Echo: India, sending you 2
2024-10-14 23:05:46.846942 India: Echo, sending you 4
2024-10-14 23:05:46.848674 Bravo: India, sending you 1
2024-10-14 23:05:46.851110 Kilo: India, sending you 1
2024-10-14 23:05:46.852673 India: Foxtrot, sending you 5
chatterbot Foxtrot submitting transactions
chatterbot X-ray submitting transactions
chatterbot Hotel submitting transactions
chatterbot Papa submitting transactions
chatterbot Romeo submitting transactions
chatterbot Kilo submitting transactions
chatterbot India submitting transactions
chatterbot Bravo submitting transactions
chatterbot Echo submitting transactions
chatterbot Alpha submitting transactions
ChatterBot Kilo round 2
ChatterBot Papa round 2
ChatterBot Romeo round 2
ChatterBot Alpha round 2
ChatterBot Hotel round 2
ChatterBot X-ray round 2
ChatterBot Bravo round 2
ChatterBot Echo round 2
ChatterBot Foxtrot round 2
ChatterBot India round 2
2024-10-14 23:05:48.804974 Bravo: We should add X-ray and Alpha
ChatterBot Romeo reevaluating
ChatterBot Hotel reevaluating
ChatterBot India reevaluating
ChatterBot Kilo reevaluating
ChatterBot Papa reevaluating
2024-10-14 23:05:48.831038 Romeo: Yes
2024-10-14 23:05:48.831430 Hotel: Yes
2024-10-14 23:05:48.831730 India: Yes
2024-10-14 23:05:48.832520 Kilo: Yes
2024-10-14 23:05:48.832759 Foxtrot: Yes
2024-10-14 23:05:48.832990 Echo: Yes
2024-10-14 23:05:48.833245 Papa: Yes
ChatterBot Hotel reevaluating
ChatterBot India reevaluating
ChatterBot Kilo reevaluating
ChatterBot Papa reevaluating
ChatterBot Romeo reevaluating
ChatterBot India reevaluating
ChatterBot Kilo reevaluating
ChatterBot Papa reevaluating
ChatterBot Romeo reevaluating
ChatterBot Hotel reevaluating
ChatterBot Kilo reevaluating
ChatterBot Papa reevaluating
ChatterBot Romeo reevaluating
ChatterBot Hotel reevaluating
ChatterBot India reevaluating
ChatterBot Papa reevaluating
ChatterBot Romeo reevaluating
ChatterBot Hotel reevaluating
ChatterBot India reevaluating
ChatterBot Kilo reevaluating
ChatterBot Papa reevaluating
ChatterBot Romeo reevaluating
ChatterBot Hotel reevaluating
ChatterBot India reevaluating
ChatterBot Kilo reevaluating
ChatterBot Papa reevaluating
ChatterBot Romeo reevaluating
ChatterBot Hotel reevaluating
ChatterBot India reevaluating
ChatterBot Kilo reevaluating
2024-10-14 23:05:49.013750 X-ray: Let's form a team
ChatterBot Romeo reevaluating
2024-10-14 23:05:49.023894 Romeo: Yes
2024-10-14 23:05:49.024055 Bravo: Yes
2024-10-14 23:05:49.024195 Alpha: No
ChatterBot X-ray reevaluating
ChatterBot X-ray reevaluating
ChatterBot Romeo reevaluating
ChatterBot X-ray reevaluating
ChatterBot Romeo reevaluating
2024-10-14 23:05:49.063467 Bravo: X-ray and Alpha we want you to join our group
ChatterBot X-ray reevaluating
2024-10-14 23:05:49.070433 Alpha: No
2024-10-14 23:05:49.070588 X-ray: No
ChatterBot Kilo reevaluating
ChatterBot Papa reevaluating
ChatterBot Hotel reevaluating
ChatterBot India reevaluating
ChatterBot Romeo reevaluating
ChatterBot X-ray reevaluating
ChatterBot Kilo reevaluating
ChatterBot Papa reevaluating
ChatterBot Hotel reevaluating
ChatterBot India reevaluating
ChatterBot Romeo reevaluating
2024-10-14 23:05:49.474874 Foxtrot: Kilo and Alpha, sending you 2
2024-10-14 23:05:49.475887 Alpha: Kilo, Papa, Hotel and India, sending you 1
2024-10-14 23:05:49.476437 Echo: Kilo, Foxtrot and India, sending you 3
2024-10-14 23:05:49.477550 Romeo: X-ray and Alpha we want you to join our group
ChatterBot X-ray reevaluating
2024-10-14 23:05:49.485707 Alpha: No
2024-10-14 23:05:49.486356 X-ray: No
ChatterBot Romeo reevaluating
ChatterBot X-ray reevaluating
ChatterBot Romeo reevaluating
chatterbot Alpha submitting transactions
chatterbot Foxtrot submitting transactions
2024-10-14 23:05:49.551677 Foxtrot: Papa, sending you 4
2024-10-14 23:05:49.552139 Alpha: Echo and Foxtrot, sending you 2
2024-10-14 23:05:49.552927 Echo: Papa and Alpha, sending you 2
chatterbot Bravo submitting transactions
2024-10-14 23:05:49.874260 Bravo: Kilo, Papa, Alpha, Hotel and Echo, sending you 1
2024-10-14 23:05:49.875714 Foxtrot: Hotel, Echo and India, sending you 3
2024-10-14 23:05:49.877133 India: Sending you each 3
2024-10-14 23:05:49.877724 Echo: Hotel, sending you 5
chatterbot India submitting transactions
chatterbot Papa submitting transactions
2024-10-14 23:05:49.921487 Bravo: Romeo, sending you 4
2024-10-14 23:05:49.922878 Kilo: Papa, Bravo and India, sending you 1
2024-10-14 23:05:49.936405 Papa: Kilo, Romeo, Hotel, Bravo, Foxtrot and India, sending you 2
2024-10-14 23:05:49.939741 Hotel: Kilo, Romeo, Alpha and Foxtrot, sending you 2
chatterbot Kilo submitting transactions
chatterbot Echo submitting transactions
2024-10-14 23:05:49.942892 Bravo: X-ray, sending you 3
2024-10-14 23:05:49.943844 Kilo: Romeo, Alpha, Hotel, X-ray and Foxtrot, sending you 2
chatterbot X-ray submitting transactions
2024-10-14 23:05:49.946003 Papa: Alpha, sending you 1
2024-10-14 23:05:49.947783 X-ray: Romeo and Bravo, sending you 6
2024-10-14 23:05:49.949162 Hotel: Papa, sending you 5
2024-10-14 23:05:49.951194 Kilo: Echo, sending you 3
2024-10-14 23:05:49.952674 Papa: Echo, sending you 3
2024-10-14 23:05:49.973604 X-ray: Alpha, sending you 5
2024-10-14 23:05:49.974551 Hotel: X-ray, Echo and India, sending you 1
2024-10-14 23:05:49.975116 Romeo: Kilo, Papa, Alpha, Hotel, Echo, Foxtrot and India, sending you 1
2024-10-14 23:05:49.993985 Hotel: Bravo, sending you 3
2024-10-14 23:05:49.995455 Romeo: X-ray, sending you 6
2024-10-14 23:05:50.009057 Romeo: Bravo, sending you 4
chatterbot Romeo submitting transactions
chatterbot Hotel submitting transactions
ChatterBot Kilo round 3
ChatterBot Papa round 3
ChatterBot Romeo round 3
ChatterBot Alpha round 3
ChatterBot Hotel round 3
ChatterBot X-ray round 3
ChatterBot Bravo round 3
ChatterBot Echo round 3
ChatterBot Foxtrot round 3
ChatterBot India round 3
2024-10-14 23:05:50.518399 X-ray: We should drop Alpha
2024-10-14 23:05:50.524640 Romeo: No
2024-10-14 23:05:50.524841 Bravo: No
2024-10-14 23:05:50.907088 Hotel: Kilo, Romeo, Alpha, Bravo and India, sending you 2
2024-10-14 23:05:50.907645 India: Kilo, sending you 2
2024-10-14 23:05:50.908576 Kilo: Papa, X-ray and Bravo, sending you 1
2024-10-14 23:05:50.909014 Bravo: Kilo, Alpha, Foxtrot and India, sending you 1
2024-10-14 23:05:50.909868 Echo: Kilo, Papa, Hotel and Foxtrot, sending you 3
2024-10-14 23:05:50.910237 Alpha: Sending you each 1
2024-10-14 23:05:50.910632 Romeo: Kilo, Papa and Hotel, sending you 2
2024-10-14 23:05:50.911494 Papa: Kilo, Echo and India, sending you 2
2024-10-14 23:05:50.911999 India: Papa, Alpha, Hotel and Echo, sending you 3
2024-10-14 23:05:50.912906 Hotel: Papa, Echo and Foxtrot, sending you 3
2024-10-14 23:05:50.913278 Kilo: Romeo, Alpha, Hotel, Foxtrot and India, sending you 2
2024-10-14 23:05:50.913756 Bravo: Papa, sending you 2
2024-10-14 23:05:51.074877 Echo: Alpha, sending you 2
2024-10-14 23:05:51.075499 Romeo: Alpha and India, sending you 1
2024-10-14 23:05:51.076522 Foxtrot: Kilo, Papa, Hotel, Echo and India, sending you 3
2024-10-14 23:05:51.076930 X-ray: Romeo, sending you 10
2024-10-14 23:05:51.077861 Papa: Romeo, Alpha and Bravo, sending you 1
2024-10-14 23:05:51.078366 India: Foxtrot, sending you 4
2024-10-14 23:05:51.078794 Kilo: Echo, sending you 3
2024-10-14 23:05:51.079670 Bravo: Romeo, sending you 4
chatterbot Foxtrot submitting transactions
chatterbot Bravo submitting transactions
chatterbot Papa submitting transactions
2024-10-14 23:05:51.080984 Romeo: X-ray, sending you 5
2024-10-14 23:05:51.081478 Echo: India, sending you 4
2024-10-14 23:05:51.082298 Foxtrot: Alpha, sending you 2
2024-10-14 23:05:51.082658 Papa: Hotel, sending you 4
2024-10-14 23:05:51.083095 X-ray: Bravo, sending you 7
2024-10-14 23:05:51.161477 Romeo: Bravo, sending you 4
2024-10-14 23:05:51.162502 Bravo: Hotel and X-ray, sending you 3
2024-10-14 23:05:51.163446 Papa: Foxtrot, sending you 3
chatterbot X-ray submitting transactions
chatterbot India submitting transactions
chatterbot Echo submitting transactions
chatterbot Hotel submitting transactions
chatterbot Kilo submitting transactions
chatterbot Alpha submitting transactions
chatterbot Romeo submitting transactions
ChatterBot Kilo round 4
ChatterBot Papa round 4
ChatterBot Romeo round 4
ChatterBot Alpha round 4
ChatterBot Hotel round 4
ChatterBot X-ray round 4
ChatterBot Bravo round 4
ChatterBot Echo round 4
ChatterBot Foxtrot round 4
ChatterBot India round 4
2024-10-14 23:05:51.974499 Papa: Kilo, sending you 2
2024-10-14 23:05:51.975347 Romeo: Kilo, Papa and Hotel, sending you 2
2024-10-14 23:05:51.981773 Papa: Alpha, sending you 1
2024-10-14 23:05:51.982296 Romeo: Alpha and India, sending you 1
2024-10-14 23:05:51.983855 Kilo: Papa, Alpha and India, sending you 2
2024-10-14 23:05:51.984779 Bravo: Kilo, Alpha, Foxtrot and India, sending you 1
2024-10-14 23:05:51.989657 X-ray: Romeo, sending you 10
2024-10-14 23:05:51.989904 Foxtrot: Kilo, Papa, Hotel, Echo and India, sending you 3
2024-10-14 23:05:51.990370 Papa: Hotel, sending you 4
2024-10-14 23:05:51.991344 Romeo: X-ray, sending you 5
2024-10-14 23:05:51.991841 Hotel: Kilo, Romeo, Alpha, Bravo and India, sending you 2
2024-10-14 23:05:51.993009 Kilo: Hotel and Foxtrot, sending you 3
2024-10-14 23:05:51.993574 Alpha: Same as last round
2024-10-14 23:05:51.994511 Bravo: Papa and Hotel, sending you 2
2024-10-14 23:05:51.995065 X-ray: Bravo, sending you 7
2024-10-14 23:05:51.995292 Foxtrot: Alpha, sending you 2
2024-10-14 23:05:51.996344 Papa: Echo, Foxtrot and India, sending you 3
2024-10-14 23:05:51.996849 Echo: Kilo, Papa, Hotel and India, sending you 3
2024-10-14 23:05:51.997348 Romeo: Bravo, sending you 4
2024-10-14 23:05:51.998635 India: Kilo, Papa, Hotel and Foxtrot, sending you 3
2024-10-14 23:05:51.999076 Kilo: Echo, sending you 4
2024-10-14 23:05:52.000192 Hotel: Papa, Echo and Foxtrot, sending you 3
2024-10-14 23:05:52.000794 Bravo: Romeo, sending you 4
2024-10-14 23:05:52.001836 Echo: Alpha, sending you 2
2024-10-14 23:05:52.012156 India: Alpha, sending you 2
2024-10-14 23:05:52.013009 Bravo: X-ray, sending you 3
2024-10-14 23:05:52.014442 Echo: Foxtrot, sending you 4
2024-10-14 23:05:52.022896 India: Echo, sending you 4
chatterbot Papa submitting transactions
chatterbot Bravo submitting transactions
chatterbot Hotel submitting transactions
chatterbot Romeo submitting transactions
chatterbot Kilo submitting transactions
chatterbot Foxtrot submitting transactions
chatterbot X-ray submitting transactions
chatterbot India submitting transactions
chatterbot Echo submitting transactions
chatterbot Alpha submitting transactions
ChatterBot Kilo round 5
ChatterBot Papa round 5
ChatterBot Romeo round 5
ChatterBot Alpha round 5
ChatterBot Hotel round 5
ChatterBot X-ray round 5
ChatterBot Bravo round 5
ChatterBot Echo round 5
ChatterBot Foxtrot round 5
ChatterBot India round 5
2024-10-14 23:05:53.486964 Romeo: We would work well together
ChatterBot X-ray reevaluating
2024-10-14 23:05:53.505596 X-ray: No
2024-10-14 23:05:53.506040 Bravo: Yes
2024-10-14 23:05:53.506787 Kilo: No
ChatterBot Romeo reevaluating
ChatterBot Romeo reevaluating
ChatterBot X-ray reevaluating
ChatterBot Romeo reevaluating
ChatterBot X-ray reevaluating
2024-10-14 23:05:53.714009 Papa: Kilo and Alpha, sending you 2
2024-10-14 23:05:53.715384 X-ray: Romeo, sending you 10
2024-10-14 23:05:53.715823 Foxtrot: Kilo, Papa, Hotel, Echo and India, sending you 3
2024-10-14 23:05:53.717115 Alpha: Same as last round
2024-10-14 23:05:53.717987 Bravo: Kilo, Papa, Alpha, Foxtrot and India, sending you 1
2024-10-14 23:05:53.719498 Echo: Kilo, sending you 4
2024-10-14 23:05:53.721028 Romeo: Hotel, sending you 4
2024-10-14 23:05:53.721456 Hotel: Kilo, Echo, Foxtrot and India, sending you 3
2024-10-14 23:05:53.722821 Kilo: Papa and Alpha, sending you 2
2024-10-14 23:05:53.724073 Papa: Hotel, Echo, Foxtrot and India, sending you 3
2024-10-14 23:05:53.725021 X-ray: Bravo, sending you 7
2024-10-14 23:05:53.725739 Foxtrot: Alpha, sending you 2
2024-10-14 23:05:53.726541 Bravo: Romeo, sending you 4
2024-10-14 23:05:53.727850 Echo: Papa, Hotel, Foxtrot and India, sending you 3
2024-10-14 23:05:53.729175 Romeo: X-ray, sending you 8
2024-10-14 23:05:53.729635 Hotel: Papa, sending you 5
2024-10-14 23:05:53.730715 Kilo: Hotel, Echo, Foxtrot and India, sending you 3
2024-10-14 23:05:53.731326 India: Sending you each 3
2024-10-14 23:05:53.732466 Echo: Alpha, sending you 2
2024-10-14 23:05:53.735936 Bravo: Hotel and X-ray, sending you 3
2024-10-14 23:05:53.736692 Romeo: Bravo, sending you 5
2024-10-14 23:05:53.737732 Hotel: Alpha, sending you 2
chatterbot Bravo submitting transactions
chatterbot X-ray submitting transactions
chatterbot Kilo submitting transactions
chatterbot Foxtrot submitting transactions
chatterbot Romeo submitting transactions
chatterbot Hotel submitting transactions
chatterbot Alpha submitting transactions
chatterbot Echo submitting transactions
chatterbot Papa submitting transactions
chatterbot India submitting transactions
ChatterBot Kilo round 6
ChatterBot Papa round 6
ChatterBot Romeo round 6
ChatterBot Alpha round 6
ChatterBot Hotel round 6
ChatterBot X-ray round 6
ChatterBot Bravo round 6
ChatterBot Echo round 6
ChatterBot Foxtrot round 6
ChatterBot India round 6
2024-10-14 23:05:54.742232 Romeo: We should replace Hotel with Alpha
ChatterBot X-ray reevaluating
2024-10-14 23:05:54.750850 X-ray: No
2024-10-14 23:05:54.751248 Bravo: No
ChatterBot X-ray reevaluating
2024-10-14 23:05:54.805948 Romeo: Alpha we want you to join our group
2024-10-14 23:05:54.811689 Alpha: No
ChatterBot X-ray reevaluating
ChatterBot Romeo reevaluating
2024-10-14 23:05:54.830956 Papa: Kilo, sending you 2
2024-10-14 23:05:54.834357 Romeo: We should drop Hotel
2024-10-14 23:05:54.845458 X-ray: Yes
2024-10-14 23:05:54.845916 Bravo: No
ChatterBot Romeo reevaluating
ChatterBot Romeo reevaluating
2024-10-14 23:05:54.872665 Kilo: Papa and Alpha, sending you 2
2024-10-14 23:05:54.880901 Papa: Alpha, sending you 1
2024-10-14 23:05:54.883903 Kilo: Hotel, Echo, Foxtrot and India, sending you 3
2024-10-14 23:05:54.885216 Foxtrot: Kilo, Papa, Hotel, Echo and India, sending you 3
2024-10-14 23:05:54.889018 Alpha: Same as last round
2024-10-14 23:05:54.891215 Hotel: Kilo, Echo, Foxtrot and India, sending you 3
2024-10-14 23:05:54.892660 India: Same as last round
2024-10-14 23:05:54.895684 Echo: Kilo, sending you 4
2024-10-14 23:05:54.896783 Papa: Hotel, sending you 4
2024-10-14 23:05:54.898040 Bravo: Kilo, Papa, Alpha, Foxtrot and India, sending you 1
2024-10-14 23:05:54.899177 Foxtrot: Alpha, sending you 2
2024-10-14 23:05:54.900861 Hotel: Papa, sending you 5
2024-10-14 23:05:54.902758 Echo: Papa, Hotel, Foxtrot and India, sending you 3
2024-10-14 23:05:54.903571 Papa: Echo, Foxtrot and India, sending you 3
2024-10-14 23:05:54.904981 Bravo: Romeo, sending you 4
2024-10-14 23:05:54.905889 X-ray: Romeo, sending you 10
2024-10-14 23:05:54.906884 Echo: Alpha, sending you 2
2024-10-14 23:05:54.907642 Hotel: Alpha, sending you 2
2024-10-14 23:05:54.916922 Bravo: Hotel, sending you 2
2024-10-14 23:05:54.918745 X-ray: Bravo, sending you 7
2024-10-14 23:05:54.919033 Romeo: X-ray, sending you 9
2024-10-14 23:05:54.922669 Bravo: X-ray, sending you 3
2024-10-14 23:05:54.924085 Romeo: Bravo, sending you 8
chatterbot Kilo submitting transactions
chatterbot Papa submitting transactions
chatterbot Hotel submitting transactions
chatterbot Romeo submitting transactions
chatterbot India submitting transactions
chatterbot X-ray submitting transactions
chatterbot Alpha submitting transactions
chatterbot Bravo submitting transactions
chatterbot Echo submitting transactions
chatterbot Foxtrot submitting transactions
ChatterBot Kilo round 7
ChatterBot Papa round 7
ChatterBot Romeo round 7
ChatterBot Alpha round 7
ChatterBot Hotel round 7
ChatterBot X-ray round 7
ChatterBot Bravo round 7
ChatterBot Echo round 7
ChatterBot Foxtrot round 7
ChatterBot India round 7
2024-10-14 23:05:55.889701 Papa: Kilo, sending you 2
2024-10-14 23:05:55.890686 Kilo: Papa and Alpha, sending you 2
2024-10-14 23:05:55.892679 Papa: Alpha, sending you 1
2024-10-14 23:05:55.897314 Kilo: Hotel, Echo, Foxtrot and India, sending you 3
2024-10-14 23:05:55.898106 Papa: Hotel, sending you 4
2024-10-14 23:05:55.899667 Echo: Kilo, sending you 4
2024-10-14 23:05:55.901759 Alpha: Same as last round
2024-10-14 23:05:55.903624 Papa: Echo, Foxtrot and India, sending you 3
2024-10-14 23:05:55.904685 X-ray: Romeo, sending you 10
2024-10-14 23:05:55.905220 Echo: Papa, Hotel, Foxtrot and India, sending you 3
2024-10-14 23:05:55.906442 India: Same as last round
2024-10-14 23:05:55.908979 X-ray: Bravo, sending you 7
2024-10-14 23:05:55.909457 Echo: Alpha, sending you 2
2024-10-14 23:05:55.910541 Romeo: X-ray, sending you 10
2024-10-14 23:05:55.911281 Bravo: Kilo, Papa, Alpha, Echo and India, sending you 1
2024-10-14 23:05:55.913856 Hotel: Kilo, Echo, Foxtrot and India, sending you 3
2024-10-14 23:05:55.914562 Foxtrot: Kilo, Papa, Hotel, Echo and India, sending you 3
2024-10-14 23:05:55.915188 Romeo: Bravo, sending you 7
2024-10-14 23:05:55.915536 Bravo: Romeo, sending you 4
2024-10-14 23:05:55.918257 Hotel: Papa, sending you 5
2024-10-14 23:05:55.918942 Bravo: Hotel, sending you 2
2024-10-14 23:05:55.920673 Foxtrot: Alpha, sending you 2
2024-10-14 23:05:55.923244 Hotel: Alpha, sending you 2
2024-10-14 23:05:55.924910 Bravo: X-ray, sending you 3
chatterbot Papa submitting transactions
chatterbot Alpha submitting transactions
chatterbot Foxtrot submitting transactions
chatterbot India submitting transactions
chatterbot X-ray submitting transactions
chatterbot Kilo submitting transactions
chatterbot Echo submitting transactions
chatterbot Romeo submitting transactions
chatterbot Hotel submitting transactions
chatterbot Bravo submitting transactions
ChatterBot Kilo round 8
ChatterBot Papa round 8
ChatterBot Romeo round 8
ChatterBot Alpha round 8
ChatterBot Hotel round 8
ChatterBot X-ray round 8
ChatterBot Bravo round 8
ChatterBot Echo round 8
ChatterBot Foxtrot round 8
ChatterBot India round 8
2024-10-14 23:05:56.932673 Kilo: Papa and Alpha, sending you 2
2024-10-14 23:05:56.935807 Romeo: X-ray, sending you 10
2024-10-14 23:05:56.938078 Kilo: Hotel, Echo, Foxtrot and India, sending you 3
2024-10-14 23:05:56.940688 Romeo: Bravo, sending you 7
2024-10-14 23:05:56.941696 Hotel: Kilo, Echo, Foxtrot and India, sending you 3
2024-10-14 23:05:56.944658 X-ray: Romeo, sending you 11
2024-10-14 23:05:56.945097 Hotel: Papa, sending you 5
2024-10-14 23:05:56.946585 Bravo: Kilo, Papa, Alpha and Echo, sending you 1
2024-10-14 23:05:56.947381 Foxtrot: Kilo, Papa, Hotel, Echo and India, sending you 3
2024-10-14 23:05:56.948682 X-ray: Bravo, sending you 6
2024-10-14 23:05:56.949662 Hotel: Alpha, sending you 2
2024-10-14 23:05:56.950709 Bravo: Romeo, sending you 4
2024-10-14 23:05:56.952793 Alpha: Same as last round
2024-10-14 23:05:56.953708 Papa: Kilo, sending you 2
2024-10-14 23:05:56.954962 Foxtrot: Alpha, sending you 2
2024-10-14 23:05:56.958033 Bravo: Hotel, sending you 2
2024-10-14 23:05:56.958868 Echo: Kilo, sending you 4
2024-10-14 23:05:56.960165 Papa: Alpha, sending you 1
2024-10-14 23:05:56.960717 India: Same as last round
2024-10-14 23:05:56.961728 Bravo: X-ray, sending you 3
2024-10-14 23:05:56.962898 Echo: Papa, Hotel, Foxtrot and India, sending you 3
2024-10-14 23:05:56.964283 Papa: Hotel, sending you 4
2024-10-14 23:05:56.968680 Echo: Alpha, sending you 2
2024-10-14 23:05:56.970155 Papa: Echo, Foxtrot and India, sending you 3
chatterbot X-ray submitting transactions
chatterbot Papa submitting transactions
chatterbot Bravo submitting transactions
chatterbot Romeo submitting transactions
chatterbot Foxtrot submitting transactions
chatterbot Hotel submitting transactions
chatterbot Echo submitting transactions
chatterbot Alpha submitting transactions
chatterbot Kilo submitting transactions
chatterbot India submitting transactions
ChatterBot Kilo round 9
ChatterBot Papa round 9
ChatterBot Romeo round 9
ChatterBot Alpha round 9
ChatterBot Hotel round 9
ChatterBot X-ray round 9
ChatterBot Bravo round 9
ChatterBot Echo round 9
ChatterBot Foxtrot round 9
ChatterBot India round 9
2024-10-14 23:05:58.038688 Alpha: Same as last round
2024-10-14 23:05:58.043155 Bravo: Kilo and Papa, sending you 1
2024-10-14 23:05:58.046738 Kilo: Papa and Alpha, sending you 2
2024-10-14 23:05:58.049270 Romeo: X-ray, sending you 10
2024-10-14 23:05:58.050207 Papa: Kilo, sending you 2
2024-10-14 23:05:58.052708 Bravo: Romeo, sending you 4
2024-10-14 23:05:58.054488 Hotel: Kilo, Echo, Foxtrot and India, sending you 3
2024-10-14 23:05:58.056635 Echo: Kilo, Papa, Foxtrot and India, sending you 3
2024-10-14 23:05:58.058607 India: Same as last round
2024-10-14 23:05:58.060624 Romeo: Bravo, sending you 7
2024-10-14 23:05:58.061673 Kilo: Hotel, Echo, Foxtrot and India, sending you 3
2024-10-14 23:05:58.063834 Papa: Alpha, sending you 1
2024-10-14 23:05:58.065412 X-ray: Romeo, sending you 11
2024-10-14 23:05:58.066044 Bravo: Hotel, sending you 2
2024-10-14 23:05:58.068535 Hotel: Papa, sending you 5
2024-10-14 23:05:58.069837 Echo: Alpha, sending you 2
2024-10-14 23:05:58.071096 Foxtrot: Kilo, Papa, Hotel, Echo and India, sending you 3
2024-10-14 23:05:58.072888 Papa: Hotel, sending you 4
2024-10-14 23:05:58.074189 X-ray: Bravo, sending you 6
2024-10-14 23:05:58.075422 Bravo: X-ray, sending you 3
2024-10-14 23:05:58.076419 Hotel: Alpha, sending you 2
2024-10-14 23:05:58.077264 Echo: Hotel, sending you 4
2024-10-14 23:05:58.078726 Foxtrot: Alpha, sending you 2
2024-10-14 23:05:58.079560 Papa: Echo, Foxtrot and India, sending you 3
chatterbot India submitting transactions
chatterbot Echo submitting transactions
chatterbot Kilo submitting transactions
chatterbot X-ray submitting transactions
chatterbot Papa submitting transactions
chatterbot Alpha submitting transactions
chatterbot Foxtrot submitting transactions
chatterbot Bravo submitting transactions
chatterbot Hotel submitting transactions
chatterbot Romeo submitting transactions
ChatterBot Kilo round 10
ChatterBot Papa round 10
ChatterBot Romeo round 10
ChatterBot Alpha round 10
ChatterBot Hotel round 10
ChatterBot X-ray round 10
ChatterBot Bravo round 10
ChatterBot Echo round 10
ChatterBot Foxtrot round 10
ChatterBot India round 10
2024-10-14 23:05:59.230553 X-ray: We should add Alpha
2024-10-14 23:05:59.238058 Romeo: Yes
2024-10-14 23:05:59.238291 Bravo: Yes
2024-10-14 23:05:59.265482 X-ray: Alpha we want you to join our group
2024-10-14 23:05:59.269896 Alpha: No
ChatterBot X-ray reevaluating
2024-10-14 23:05:59.281509 Kilo: Papa and Alpha, sending you 2
2024-10-14 23:05:59.285662 Papa: Kilo, sending you 2
2024-10-14 23:05:59.286970 Kilo: Hotel, Echo, Foxtrot and India, sending you 3
2024-10-14 23:05:59.287839 Alpha: Same as last round
2024-10-14 23:05:59.288932 Romeo: X-ray, sending you 10
2024-10-14 23:05:59.289286 Bravo: Kilo and Papa, sending you 1
2024-10-14 23:05:59.290355 Hotel: Kilo, Echo, Foxtrot and India, sending you 3
2024-10-14 23:05:59.292072 Papa: Alpha, sending you 1
2024-10-14 23:05:59.293344 Bravo: Romeo, sending you 4
2024-10-14 23:05:59.294087 Romeo: Bravo, sending you 7
2024-10-14 23:05:59.295109 Hotel: Papa, sending you 5
2024-10-14 23:05:59.296194 Foxtrot: Kilo, Papa, Hotel, Echo and India, sending you 3
2024-10-14 23:05:59.297043 Papa: Hotel, sending you 4
2024-10-14 23:05:59.298401 Bravo: Hotel, sending you 2
2024-10-14 23:05:59.299290 X-ray: Romeo, sending you 11
2024-10-14 23:05:59.300688 Hotel: Alpha, sending you 2
2024-10-14 23:05:59.302248 Foxtrot: Alpha, sending you 2
2024-10-14 23:05:59.303212 Papa: Echo, Foxtrot and India, sending you 3
2024-10-14 23:05:59.304897 Echo: Kilo, Hotel, Foxtrot and India, sending you 3
2024-10-14 23:05:59.305969 Bravo: X-ray, sending you 3
2024-10-14 23:05:59.307714 X-ray: Bravo, sending you 6
2024-10-14 23:05:59.308207 India: Same as last round
2024-10-14 23:05:59.309714 Echo: Papa, sending you 4
2024-10-14 23:05:59.315681 Echo: Alpha, sending you 2
chatterbot Alpha submitting transactions
chatterbot Papa submitting transactions
chatterbot Echo submitting transactions
chatterbot India submitting transactions
chatterbot Foxtrot submitting transactions
chatterbot Kilo submitting transactions
chatterbot Hotel submitting transactions
chatterbot Bravo submitting transactions
chatterbot Romeo submitting transactions
chatterbot X-ray submitting transactions
ChatterBot Kilo round 11
ChatterBot Papa round 11
ChatterBot Romeo round 11
ChatterBot Alpha round 11
ChatterBot Hotel round 11
ChatterBot X-ray round 11
ChatterBot Bravo round 11
ChatterBot Echo round 11
ChatterBot Foxtrot round 11
2024-10-14 23:06:00.553787 X-ray: We should add Alpha
ChatterBot Bravo reevaluating
2024-10-14 23:06:00.557964 Romeo: Yes
2024-10-14 23:06:00.558095 Bravo: Yes
ChatterBot Bravo reevaluating
ChatterBot India round 11
2024-10-14 23:06:00.576014 X-ray: Alpha we want you to join our group
2024-10-14 23:06:00.578377 Alpha: No
ChatterBot Bravo reevaluating
2024-10-14 23:06:00.584348 Bravo: Can we be friends?
2024-10-14 23:06:00.591035 X-ray: Yes
2024-10-14 23:06:00.591155 Romeo: Yes
2024-10-14 23:06:00.591273 Alpha: No
ChatterBot Bravo reevaluating
ChatterBot X-ray reevaluating
ChatterBot Bravo reevaluating
ChatterBot X-ray reevaluating
ChatterBot Bravo reevaluating
2024-10-14 23:06:00.617022 Romeo: X-ray, sending you 10
2024-10-14 23:06:00.617679 Hotel: Kilo, Echo, Foxtrot and India, sending you 3
2024-10-14 23:06:00.619024 India: We should drop Alpha
2024-10-14 23:06:00.628784 Kilo: No
2024-10-14 23:06:00.628945 Papa: No
2024-10-14 23:06:00.629100 Hotel: No
2024-10-14 23:06:00.629232 Echo: No
2024-10-14 23:06:00.629350 Foxtrot: No
ChatterBot India reevaluating
ChatterBot India reevaluating
ChatterBot India reevaluating
ChatterBot Foxtrot reevaluating
ChatterBot India reevaluating
ChatterBot Foxtrot reevaluating
ChatterBot India reevaluating
2024-10-14 23:06:00.679122 Papa: Kilo, sending you 2
2024-10-14 23:06:00.679742 Kilo: Papa and Alpha, sending you 2
2024-10-14 23:06:00.680379 Romeo: Bravo, sending you 7
2024-10-14 23:06:00.680743 Hotel: Papa, sending you 5
2024-10-14 23:06:00.682653 Papa: Alpha, sending you 1
2024-10-14 23:06:00.684154 Kilo: Hotel, Echo, Foxtrot and India, sending you 3
2024-10-14 23:06:00.685353 Alpha: Same as last round
2024-10-14 23:06:00.686273 Echo: Kilo, Hotel, Foxtrot and India, sending you 3
2024-10-14 23:06:00.687077 Hotel: Alpha, sending you 2
2024-10-14 23:06:00.687875 X-ray: Romeo, sending you 11
2024-10-14 23:06:00.688252 Bravo: Romeo, sending you 4
2024-10-14 23:06:00.688748 Papa: Hotel, sending you 4
2024-10-14 23:06:00.690661 Echo: Papa, sending you 4
2024-10-14 23:06:00.691595 X-ray: Bravo, sending you 6
2024-10-14 23:06:00.692658 Bravo: X-ray, sending you 3
2024-10-14 23:06:00.693110 Papa: Echo, Foxtrot and India, sending you 3
2024-10-14 23:06:00.695678 Echo: Alpha, sending you 2
2024-10-14 23:06:00.708666 India: Kilo, Hotel, Echo and Foxtrot, sending you 3
2024-10-14 23:06:00.710687 Foxtrot: Kilo, Papa, Hotel, Echo and India, sending you 3
2024-10-14 23:06:00.713660 India: Papa, sending you 4
2024-10-14 23:06:00.716848 Foxtrot: Alpha, sending you 2
2024-10-14 23:06:00.719652 India: Alpha, sending you 2
chatterbot Alpha submitting transactions
chatterbot Hotel submitting transactions
chatterbot Bravo submitting transactions
chatterbot Papa submitting transactions
chatterbot X-ray submitting transactions
chatterbot Kilo submitting transactions
chatterbot India submitting transactions
chatterbot Echo submitting transactions
chatterbot Romeo submitting transactions
chatterbot Foxtrot submitting transactions
ChatterBot Kilo round 12
ChatterBot Papa round 12
ChatterBot Romeo round 12
ChatterBot Alpha round 12
ChatterBot Hotel round 12
ChatterBot X-ray round 12
ChatterBot Bravo round 12
ChatterBot Echo round 12
ChatterBot Foxtrot round 12
ChatterBot India round 12
2024-10-14 23:06:01.934684 Kilo: Papa and Alpha, sending you 2
2024-10-14 23:06:01.939663 Kilo: Hotel, Echo, Foxtrot and India, sending you 3
2024-10-14 23:06:01.941854 India: Kilo, Hotel, Echo and Foxtrot, sending you 3
2024-10-14 23:06:01.943832 Romeo: X-ray, sending you 10
2024-10-14 23:06:01.944657 Alpha: Same as last round
2024-10-14 23:06:01.946671 Papa: Kilo, sending you 2
2024-10-14 23:06:01.947921 Hotel: Kilo, Echo, Foxtrot and India, sending you 3
2024-10-14 23:06:01.950292 India: Papa, sending you 4
2024-10-14 23:06:01.952295 X-ray: Romeo, sending you 10
2024-10-14 23:06:01.952991 Romeo: Bravo, sending you 7
2024-10-14 23:06:01.953693 Bravo: Romeo and X-ray, sending you 3
2024-10-14 23:06:01.955140 Papa: Alpha, sending you 1
2024-10-14 23:06:01.956182 Hotel: Papa, sending you 5
2024-10-14 23:06:01.958424 India: Alpha, sending you 2
2024-10-14 23:06:01.960374 X-ray: Bravo, sending you 6
2024-10-14 23:06:01.975618 Foxtrot: Kilo, Papa, Hotel, Echo and India, sending you 3
2024-10-14 23:06:01.977220 Echo: Kilo, Hotel, Foxtrot and India, sending you 3
2024-10-14 23:06:01.979787 Papa: Hotel, sending you 4
2024-10-14 23:06:01.982929 Hotel: Alpha, sending you 2
2024-10-14 23:06:01.984982 Foxtrot: Alpha, sending you 2
2024-10-14 23:06:01.987368 Echo: Papa, sending you 4
2024-10-14 23:06:01.989445 Papa: Echo, Foxtrot and India, sending you 3
2024-10-14 23:06:01.993670 Echo: Alpha, sending you 2
chatterbot Hotel submitting transactions
chatterbot Foxtrot submitting transactions
chatterbot Bravo submitting transactions
chatterbot Alpha submitting transactions
chatterbot X-ray submitting transactions
chatterbot Kilo submitting transactions
chatterbot Echo submitting transactions
chatterbot Romeo submitting transactions
chatterbot India submitting transactions
chatterbot Papa submitting transactions
ChatterBot Kilo round 13
ChatterBot Papa round 13
ChatterBot Romeo round 13
ChatterBot Alpha round 13
ChatterBot Hotel round 13
ChatterBot X-ray round 13
ChatterBot Bravo round 13
ChatterBot Echo round 13
ChatterBot Foxtrot round 13
ChatterBot India round 13
2024-10-14 23:06:02.955683 Alpha: Same as last round
2024-10-14 23:06:02.956999 Bravo: Kilo, Papa and Hotel, sending you 1
2024-10-14 23:06:02.958268 Kilo: Papa and Alpha, sending you 2
2024-10-14 23:06:02.960338 Romeo: X-ray, sending you 10
2024-10-14 23:06:02.960936 Echo: Kilo, Hotel, Foxtrot and India, sending you 3
2024-10-14 23:06:02.962521 X-ray: Romeo, sending you 10
2024-10-14 23:06:02.962931 Papa: Kilo, sending you 2
2024-10-14 23:06:02.964916 Bravo: Romeo and X-ray, sending you 3
2024-10-14 23:06:02.966969 Kilo: Hotel, Echo, Foxtrot and India, sending you 3
2024-10-14 23:06:02.969415 Romeo: Bravo, sending you 7
2024-10-14 23:06:02.969901 Hotel: Kilo, Echo, Foxtrot and India, sending you 3
2024-10-14 23:06:02.971653 India: Kilo, Hotel, Echo and Foxtrot, sending you 3
2024-10-14 23:06:02.973362 Echo: Papa, sending you 4
2024-10-14 23:06:02.975295 X-ray: Bravo, sending you 6
2024-10-14 23:06:02.975817 Papa: Alpha, sending you 1
2024-10-14 23:06:02.977328 Foxtrot: Kilo, Papa, Hotel, Echo and India, sending you 3
2024-10-14 23:06:02.979219 Hotel: Papa, sending you 5
2024-10-14 23:06:02.980619 India: Papa, sending you 4
2024-10-14 23:06:02.981956 Echo: Alpha, sending you 2
2024-10-14 23:06:02.984468 Papa: Hotel, sending you 4
2024-10-14 23:06:02.985949 Foxtrot: Alpha, sending you 2
2024-10-14 23:06:02.987310 Hotel: Alpha, sending you 2
2024-10-14 23:06:02.989169 India: Alpha, sending you 2
2024-10-14 23:06:02.990696 Papa: Echo, Foxtrot and India, sending you 3
chatterbot Alpha submitting transactions
chatterbot India submitting transactions
chatterbot Foxtrot submitting transactions
chatterbot X-ray submitting transactions
chatterbot Papa submitting transactions
chatterbot Kilo submitting transactions
chatterbot Romeo submitting transactions
chatterbot Hotel submitting transactions
chatterbot Bravo submitting transactions
chatterbot Echo submitting transactions
ChatterBot Kilo round 14
ChatterBot Papa round 14
ChatterBot Romeo round 14
ChatterBot Alpha round 14
ChatterBot Hotel round 14
ChatterBot X-ray round 14
ChatterBot Bravo round 14
ChatterBot Echo round 14
ChatterBot Foxtrot round 14
ChatterBot India round 14
2024-10-14 23:06:04.238995 X-ray: We should add Alpha
2024-10-14 23:06:04.245664 Romeo: Yes
2024-10-14 23:06:04.246454 Bravo: Yes
ChatterBot X-ray reevaluating
ChatterBot X-ray reevaluating
2024-10-14 23:06:04.290700 Bravo: Romeo and X-ray, sending you 3
2024-10-14 23:06:04.293678 Papa: Kilo, sending you 2
2024-10-14 23:06:04.296434 Foxtrot: Kilo, Papa, Hotel, Echo and India, sending you 3
2024-10-14 23:06:04.299189 Romeo: X-ray, sending you 10
2024-10-14 23:06:04.300605 Alpha: Same as last round
2024-10-14 23:06:04.303129 Echo: Kilo, Hotel, Foxtrot and India, sending you 3
2024-10-14 23:06:04.305884 Papa: Alpha, sending you 1
2024-10-14 23:06:04.309151 Foxtrot: Alpha, sending you 2
2024-10-14 23:06:04.312179 Hotel: Kilo, Echo, Foxtrot and India, sending you 3
2024-10-14 23:06:04.315180 Romeo: Bravo, sending you 7
2024-10-14 23:06:04.316951 Echo: Papa, sending you 4
2024-10-14 23:06:04.319675 Kilo: Papa, Hotel, Echo, Foxtrot and India, sending you 3
2024-10-14 23:06:04.322659 X-ray: Romeo, sending you 10
2024-10-14 23:06:04.323519 Papa: Hotel, sending you 4
2024-10-14 23:06:04.325863 India: Kilo, Hotel, Echo and Foxtrot, sending you 3
2024-10-14 23:06:04.328125 Hotel: Papa, sending you 5
2024-10-14 23:06:04.330297 Echo: Alpha, sending you 2
2024-10-14 23:06:04.332325 X-ray: Bravo, sending you 6
2024-10-14 23:06:04.332909 Kilo: Alpha, sending you 1
2024-10-14 23:06:04.334784 Papa: Echo, Foxtrot and India, sending you 3
2024-10-14 23:06:04.335762 India: Papa, sending you 4
2024-10-14 23:06:04.337918 Hotel: Alpha, sending you 2
2024-10-14 23:06:04.341670 India: Alpha, sending you 2
