ChatterBot Mike round 1
ChatterBot Alpha round 1
ChatterBot X-ray round 1
ChatterBot Echo round 1
ChatterBot November round 1
ChatterBot Zulu round 1
ChatterBot India round 1
ChatterBot Bravo round 1
ChatterBot Uniform round 1
ChatterBot Foxtrot round 1
randomSelections November: {November, X-ray} 
2024-10-14 19:14:30.913571 November: Group up?
ChatterBot X-ray reevaluating
2024-10-14 19:14:30.917341 X-ray: Yes
randomSelections Echo: {Echo, Mike, November, Bravo, X-ray, Alpha} 
2024-10-14 19:14:30.922671 Echo: Can we be friends?
ChatterBot Mike reevaluating
ChatterBot Bravo reevaluating
ChatterBot X-ray reevaluating
ChatterBot Alpha reevaluating
2024-10-14 19:14:30.936498 Mike: Yes
2024-10-14 19:14:30.937137 November: No
2024-10-14 19:14:30.937298 Bravo: Yes
2024-10-14 19:14:30.937426 X-ray: No
2024-10-14 19:14:30.937574 Alpha: Yes
ChatterBot Bravo reevaluating
ChatterBot X-ray reevaluating
ChatterBot Alpha reevaluating
ChatterBot Mike reevaluating
ChatterBot Bravo reevaluating
ChatterBot X-ray reevaluating
ChatterBot Alpha reevaluating
ChatterBot Mike reevaluating
ChatterBot X-ray reevaluating
ChatterBot Alpha reevaluating
ChatterBot Mike reevaluating
ChatterBot Bravo reevaluating
ChatterBot Alpha reevaluating
ChatterBot Mike reevaluating
ChatterBot Bravo reevaluating
ChatterBot X-ray reevaluating
randomSelections India: {India, Mike, Bravo, Echo, Uniform, Foxtrot} 
2024-10-14 19:14:30.991100 India: Can we be friends?
ChatterBot Mike reevaluating
ChatterBot Bravo reevaluating
ChatterBot Uniform reevaluating
ChatterBot Foxtrot reevaluating
2024-10-14 19:14:30.999796 Mike: No
2024-10-14 19:14:30.999962 Bravo: No
2024-10-14 19:14:31.000112 Echo: No
2024-10-14 19:14:31.000264 Uniform: Yes
2024-10-14 19:14:31.000369 Foxtrot: Yes
ChatterBot Bravo reevaluating
ChatterBot Uniform reevaluating
ChatterBot Foxtrot reevaluating
ChatterBot Mike reevaluating
ChatterBot Uniform reevaluating
ChatterBot Foxtrot reevaluating
ChatterBot Mike reevaluating
ChatterBot Bravo reevaluating
ChatterBot Uniform reevaluating
ChatterBot Foxtrot reevaluating
ChatterBot Mike reevaluating
ChatterBot Bravo reevaluating
ChatterBot Foxtrot reevaluating
ChatterBot Mike reevaluating
ChatterBot Bravo reevaluating
ChatterBot Uniform reevaluating
randomSelections Zulu: {Zulu, India, Mike, November} 
2024-10-14 19:14:31.042847 Zulu: We would work well together
ChatterBot Mike reevaluating
2024-10-14 19:14:31.047263 India: No
2024-10-14 19:14:31.047475 Mike: No
2024-10-14 19:14:31.047646 November: No
ChatterBot Mike reevaluating
ChatterBot Mike reevaluating
2024-10-14 19:14:31.071657 India: Mike and Uniform, sending you 3
2024-10-14 19:14:31.072017 Bravo: Mike, sending you 5
2024-10-14 19:14:31.075111 Bravo: Alpha and X-ray, sending you 4
2024-10-14 19:14:31.075680 India: Echo and Foxtrot, sending you 1
2024-10-14 19:14:31.076036 Zulu: Mike, sending you 2
2024-10-14 19:14:31.078866 Bravo: Echo and November, sending you 2
2024-10-14 19:14:31.079191 Zulu: November, sending you 4
2024-10-14 19:14:31.079690 India: Bravo, sending you 7
2024-10-14 19:14:31.079950 Echo: Mike, sending you 1
2024-10-14 19:14:31.080929 Mike: Alpha and Echo, sending you 2
2024-10-14 19:14:31.081732 Uniform: Mike, Echo, Bravo and Foxtrot, sending you 3
2024-10-14 19:14:31.083176 November: Sending you 10
2024-10-14 19:14:31.083416 Zulu: India, sending you 5
2024-10-14 19:14:31.083721 X-ray: Sending you 6
2024-10-14 19:14:31.084765 Echo: Alpha, sending you 3
2024-10-14 19:14:31.085812 Mike: X-ray, sending you 5
2024-10-14 19:14:31.086713 Uniform: India, sending you 2
2024-10-14 19:14:31.087674 Alpha: Mike and Bravo, sending you 3
2024-10-14 19:14:31.088224 Foxtrot: Mike, sending you 5
2024-10-14 19:14:31.088735 Mike: November and Bravo, sending you 3
2024-10-14 19:14:31.090706 Echo: X-ray, sending you 2
2024-10-14 19:14:31.091507 Alpha: X-ray and Echo, sending you 2
2024-10-14 19:14:31.091801 Foxtrot: Echo, sending you 1
2024-10-14 19:14:31.094663 Alpha: November, sending you 6
2024-10-14 19:14:31.095101 Foxtrot: India and Bravo, sending you 3
2024-10-14 19:14:31.096041 Echo: November and Bravo, sending you 4
2024-10-14 19:14:31.098659 Foxtrot: Uniform, sending you 4
chatterbot Echo submitting transactions
chatterbot X-ray submitting transactions
chatterbot Bravo submitting transactions
chatterbot Zulu submitting transactions
chatterbot Mike submitting transactions
chatterbot Uniform submitting transactions
chatterbot November submitting transactions
chatterbot Alpha submitting transactions
chatterbot India submitting transactions
chatterbot Foxtrot submitting transactions
ChatterBot Mike round 2
ChatterBot Alpha round 2
ChatterBot X-ray round 2
ChatterBot Echo round 2
ChatterBot November round 2
2024-10-14 19:14:37.706903 Alpha: We should group up
ChatterBot Mike reevaluating
ChatterBot Echo reevaluating
ChatterBot Bravo reevaluating
ChatterBot Zulu reevaluating
2024-10-14 19:14:37.739372 Mike: No
2024-10-14 19:14:37.739561 Echo: Yes
2024-10-14 19:14:37.739772 Bravo: No
2024-10-14 19:14:37.740401 Zulu: No
ChatterBot Echo reevaluating
ChatterBot Bravo reevaluating
ChatterBot Zulu reevaluating
ChatterBot Alpha reevaluating
ChatterBot Mike reevaluating
ChatterBot Bravo reevaluating
ChatterBot Zulu reevaluating
ChatterBot Alpha reevaluating
ChatterBot Mike reevaluating
ChatterBot Echo reevaluating
ChatterBot Zulu reevaluating
ChatterBot Alpha reevaluating
ChatterBot Mike reevaluating
ChatterBot Echo reevaluating
ChatterBot Bravo reevaluating
2024-10-14 19:14:37.933695 Echo: Group up?
ChatterBot India reevaluating
ChatterBot Uniform reevaluating
ChatterBot Mike reevaluating
ChatterBot Alpha reevaluating
2024-10-14 19:14:37.966509 Mike: Can we be friends?
ChatterBot Zulu reevaluating
ChatterBot Foxtrot reevaluating
2024-10-14 19:14:37.987086 India: No
2024-10-14 19:14:37.987943 Uniform: No
2024-10-14 19:14:37.988129 Mike: No
2024-10-14 19:14:37.988299 Alpha: Yes
ChatterBot Bravo reevaluating
2024-10-14 19:14:37.999053 Zulu: No
2024-10-14 19:14:37.999372 Foxtrot: No
2024-10-14 19:14:37.999563 Bravo: No
ChatterBot Echo reevaluating
ChatterBot Alpha reevaluating
ChatterBot Bravo reevaluating
ChatterBot Zulu reevaluating
ChatterBot India reevaluating
ChatterBot Uniform reevaluating
ChatterBot Foxtrot reevaluating
2024-10-14 19:14:38.061271 Echo: Yes
ChatterBot Echo reevaluating
ChatterBot Mike reevaluating
2024-10-14 19:14:38.070201 Alpha: Yes
ChatterBot Alpha reevaluating
2024-10-14 19:14:38.075243 Bravo: No
ChatterBot Bravo reevaluating
2024-10-14 19:14:38.085885 Zulu: No
ChatterBot Zulu reevaluating
2024-10-14 19:14:38.095654 India: No
2024-10-14 19:14:38.095820 Uniform: No
ChatterBot Uniform reevaluating
2024-10-14 19:14:38.105827 Foxtrot: No
ChatterBot Foxtrot reevaluating
ChatterBot Echo reevaluating
ChatterBot Mike reevaluating
ChatterBot Alpha reevaluating
ChatterBot Bravo reevaluating
ChatterBot Zulu reevaluating
ChatterBot India reevaluating
ChatterBot Foxtrot reevaluating
ChatterBot Echo reevaluating
ChatterBot Alpha reevaluating
ChatterBot Bravo reevaluating
ChatterBot Zulu reevaluating
ChatterBot India reevaluating
ChatterBot Uniform reevaluating
ChatterBot Foxtrot reevaluating
ChatterBot Echo reevaluating
ChatterBot Mike reevaluating
ChatterBot Bravo reevaluating
ChatterBot Zulu reevaluating
ChatterBot India reevaluating
ChatterBot Uniform reevaluating
ChatterBot Foxtrot reevaluating
ChatterBot Echo reevaluating
ChatterBot Mike reevaluating
ChatterBot Alpha reevaluating
ChatterBot Bravo reevaluating
ChatterBot India reevaluating
ChatterBot Uniform reevaluating
ChatterBot Foxtrot reevaluating
ChatterBot Echo reevaluating
ChatterBot Mike reevaluating
ChatterBot Alpha reevaluating
ChatterBot Bravo reevaluating
ChatterBot Zulu reevaluating
ChatterBot India reevaluating
ChatterBot Uniform reevaluating
ChatterBot Echo reevaluating
ChatterBot Mike reevaluating
ChatterBot Alpha reevaluating
ChatterBot Zulu reevaluating
ChatterBot India reevaluating
ChatterBot Uniform reevaluating
ChatterBot Foxtrot reevaluating
ChatterBot Mike reevaluating
ChatterBot Alpha reevaluating
ChatterBot Bravo reevaluating
ChatterBot Zulu reevaluating
ChatterBot India reevaluating
ChatterBot Uniform reevaluating
ChatterBot Foxtrot reevaluating
ChatterBot Echo reevaluating
ChatterBot Mike reevaluating
ChatterBot Bravo reevaluating
ChatterBot Zulu reevaluating
ChatterBot India reevaluating
ChatterBot Uniform reevaluating
ChatterBot Foxtrot reevaluating
ChatterBot Echo reevaluating
ChatterBot Mike reevaluating
ChatterBot Alpha reevaluating
ChatterBot Zulu reevaluating
ChatterBot India reevaluating
ChatterBot Uniform reevaluating
ChatterBot Foxtrot reevaluating
ChatterBot Echo reevaluating
ChatterBot Mike reevaluating
ChatterBot Alpha reevaluating
ChatterBot Bravo reevaluating
ChatterBot India reevaluating
ChatterBot Uniform reevaluating
ChatterBot Foxtrot reevaluating
ChatterBot Echo reevaluating
ChatterBot Mike reevaluating
ChatterBot Alpha reevaluating
ChatterBot Bravo reevaluating
ChatterBot Zulu reevaluating
ChatterBot Uniform reevaluating
ChatterBot Foxtrot reevaluating
ChatterBot Echo reevaluating
ChatterBot Mike reevaluating
ChatterBot Alpha reevaluating
ChatterBot Bravo reevaluating
ChatterBot Zulu reevaluating
ChatterBot India reevaluating
ChatterBot Foxtrot reevaluating
ChatterBot Echo reevaluating
ChatterBot Mike reevaluating
ChatterBot Alpha reevaluating
ChatterBot Bravo reevaluating
ChatterBot Zulu reevaluating
ChatterBot India reevaluating
ChatterBot Uniform reevaluating
ChatterBot Zulu round 2
ChatterBot India round 2
ChatterBot Bravo round 2
2024-10-14 19:14:38.995750 X-ray: Group up?
ChatterBot Echo reevaluating
ChatterBot Mike reevaluating
ChatterBot November reevaluating
ChatterBot Bravo reevaluating
ChatterBot Alpha reevaluating
2024-10-14 19:14:39.018374 Echo: No
2024-10-14 19:14:39.018517 Mike: No
2024-10-14 19:14:39.018645 November: Yes
2024-10-14 19:14:39.018775 Bravo: No
2024-10-14 19:14:39.018872 Alpha: No
ChatterBot Mike reevaluating
ChatterBot November reevaluating
ChatterBot Bravo reevaluating
ChatterBot Alpha reevaluating
ChatterBot Echo reevaluating
ChatterBot November reevaluating
ChatterBot Bravo reevaluating
ChatterBot Alpha reevaluating
ChatterBot Echo reevaluating
ChatterBot Mike reevaluating
ChatterBot Bravo reevaluating
ChatterBot Alpha reevaluating
ChatterBot Echo reevaluating
ChatterBot Mike reevaluating
ChatterBot November reevaluating
ChatterBot Alpha reevaluating
ChatterBot Echo reevaluating
ChatterBot Mike reevaluating
ChatterBot November reevaluating
ChatterBot Bravo reevaluating
ChatterBot Uniform round 2
ChatterBot Foxtrot round 2
2024-10-14 19:14:39.170762 India: We should add Zulu and Alpha
ChatterBot Mike reevaluating
ChatterBot Uniform reevaluating
ChatterBot Foxtrot reevaluating
2024-10-14 19:14:39.199148 Mike: Yes
2024-10-14 19:14:39.199367 Bravo: Yes
2024-10-14 19:14:39.199526 Echo: Yes
2024-10-14 19:14:39.199684 Uniform: Yes
2024-10-14 19:14:39.199832 Foxtrot: Yes
ChatterBot India reevaluating
ChatterBot Uniform reevaluating
ChatterBot Foxtrot reevaluating
ChatterBot India reevaluating
ChatterBot Mike reevaluating
ChatterBot Uniform reevaluating
ChatterBot Foxtrot reevaluating
ChatterBot India reevaluating
ChatterBot Mike reevaluating
ChatterBot Uniform reevaluating
ChatterBot Foxtrot reevaluating
ChatterBot India reevaluating
ChatterBot Mike reevaluating
ChatterBot Foxtrot reevaluating
ChatterBot India reevaluating
ChatterBot Mike reevaluating
ChatterBot Uniform reevaluating
2024-10-14 19:14:39.425445 Zulu: We would work well together
ChatterBot Alpha reevaluating
ChatterBot Mike reevaluating
2024-10-14 19:14:39.449445 Alpha: Yes
2024-10-14 19:14:39.449760 Mike: Yes
2024-10-14 19:14:39.449942 Echo: Yes
2024-10-14 19:14:39.450099 Bravo: Yes
ChatterBot Mike reevaluating
ChatterBot Alpha reevaluating
ChatterBot Alpha reevaluating
ChatterBot Mike reevaluating
ChatterBot Alpha reevaluating
ChatterBot Mike reevaluating
2024-10-14 19:14:39.556664 Foxtrot: Zulu and Alpha we want you to join our group
2024-10-14 19:14:39.568206 Alpha: Yes
2024-10-14 19:14:39.568831 Zulu: No
2024-10-14 19:14:39.636 Uniform: Zulu and Alpha we want you to join our group
2024-10-14 19:14:39.643280 Alpha: Yes
2024-10-14 19:14:39.643449 Zulu: No
2024-10-14 19:14:39.688423 X-ray: Mike, Alpha, November and Bravo, sending you 3
2024-10-14 19:14:39.688849 India: Zulu and Alpha we want you to join our group
2024-10-14 19:14:39.695224 Alpha: Yes
2024-10-14 19:14:39.695370 Zulu: No
2024-10-14 19:14:39.734391 Bravo: Mike, Alpha, Uniform and Foxtrot, sending you 2
2024-10-14 19:14:39.734707 X-ray: Echo, sending you 2
2024-10-14 19:14:39.734949 Mike: Alpha, Zulu, India and Uniform, sending you 2
2024-10-14 19:14:39.736674 Echo: Mike, Alpha and Bravo, sending you 3
2024-10-14 19:14:39.737662 November: Mike and Bravo, sending you 2
2024-10-14 19:14:39.737983 Zulu: Sending you each 4
2024-10-14 19:14:39.738269 Alpha: Mike and Echo, sending you 3
2024-10-14 19:14:39.738665 Bravo: Echo, sending you 4
2024-10-14 19:14:39.739062 Mike: Echo, sending you 1
2024-10-14 19:14:39.739659 Echo: Zulu, sending you 1
2024-10-14 19:14:39.741294 November: Alpha and X-ray, sending you 5
2024-10-14 19:14:39.741803 Alpha: Zulu, India and Uniform, sending you 2
2024-10-14 19:14:39.742697 Bravo: India, sending you 6
2024-10-14 19:14:39.743295 Mike: Bravo and Foxtrot, sending you 3
2024-10-14 19:14:39.744667 Echo: India and Foxtrot, sending you 2
2024-10-14 19:14:39.745134 November: Echo, sending you 3
2024-10-14 19:14:39.745450 Alpha: Bravo, sending you 4
2024-10-14 19:14:39.746661 Foxtrot: India, sending you 4
2024-10-14 19:14:39.748654 Echo: Uniform, sending you 4
2024-10-14 19:14:39.751694 Foxtrot: Uniform, sending you 12
2024-10-14 19:14:39.754678 India: Zulu, sending you 9
2024-10-14 19:14:39.756651 Uniform: India, sending you 6
2024-10-14 19:14:39.758655 India: Uniform, sending you 4
2024-10-14 19:14:39.760681 Uniform: Foxtrot, sending you 8
2024-10-14 19:14:39.763682 India: Foxtrot, sending you 5
chatterbot X-ray submitting transactions
chatterbot Mike submitting transactions
chatterbot Echo submitting transactions
chatterbot Uniform submitting transactions
chatterbot Foxtrot submitting transactions
chatterbot India submitting transactions
chatterbot November submitting transactions
chatterbot Zulu submitting transactions
chatterbot Alpha submitting transactions
chatterbot Bravo submitting transactions
ChatterBot Mike round 3
ChatterBot Alpha round 3
ChatterBot X-ray round 3
ChatterBot Echo round 3
ChatterBot November round 3
ChatterBot Zulu round 3
ChatterBot India round 3
ChatterBot Bravo round 3
ChatterBot Uniform round 3
ChatterBot Foxtrot round 3
2024-10-14 19:14:40.773467 Zulu: We should add India
ChatterBot Alpha reevaluating
ChatterBot Mike reevaluating
ChatterBot Bravo reevaluating
2024-10-14 19:14:40.799581 Alpha: Yes
2024-10-14 19:14:40.799781 Mike: No
2024-10-14 19:14:40.799941 Echo: No
2024-10-14 19:14:40.800082 Bravo: Yes
ChatterBot Mike reevaluating
ChatterBot Bravo reevaluating
ChatterBot Alpha reevaluating
ChatterBot Bravo reevaluating
ChatterBot Alpha reevaluating
ChatterBot Mike reevaluating
ChatterBot Bravo reevaluating
ChatterBot Alpha reevaluating
ChatterBot Mike reevaluating
2024-10-14 19:14:40.896060 Bravo: We should add X-ray and November
ChatterBot Mike reevaluating
ChatterBot Alpha reevaluating
ChatterBot India reevaluating
ChatterBot Uniform reevaluating
ChatterBot Foxtrot reevaluating
2024-10-14 19:14:40.922802 Echo: Yes
2024-10-14 19:14:40.922917 Mike: No
2024-10-14 19:14:40.923011 Alpha: Yes
2024-10-14 19:14:40.923102 Zulu: No
2024-10-14 19:14:40.923187 India: No
2024-10-14 19:14:40.923300 Uniform: No
2024-10-14 19:14:40.923398 Foxtrot: No
ChatterBot Mike reevaluating
ChatterBot Alpha reevaluating
ChatterBot Bravo reevaluating
ChatterBot India reevaluating
ChatterBot Uniform reevaluating
ChatterBot Foxtrot reevaluating
ChatterBot Alpha reevaluating
ChatterBot Bravo reevaluating
ChatterBot India reevaluating
ChatterBot Uniform reevaluating
ChatterBot Foxtrot reevaluating
ChatterBot Mike reevaluating
ChatterBot Bravo reevaluating
ChatterBot India reevaluating
ChatterBot Uniform reevaluating
ChatterBot Foxtrot reevaluating
ChatterBot Mike reevaluating
ChatterBot Alpha reevaluating
ChatterBot Bravo reevaluating
ChatterBot India reevaluating
ChatterBot Uniform reevaluating
ChatterBot Foxtrot reevaluating
ChatterBot Mike reevaluating
ChatterBot Alpha reevaluating
ChatterBot Bravo reevaluating
ChatterBot Uniform reevaluating
ChatterBot Foxtrot reevaluating
ChatterBot Mike reevaluating
ChatterBot Alpha reevaluating
ChatterBot Bravo reevaluating
ChatterBot India reevaluating
ChatterBot Foxtrot reevaluating
ChatterBot Mike reevaluating
ChatterBot Alpha reevaluating
ChatterBot Bravo reevaluating
ChatterBot India reevaluating
ChatterBot Uniform reevaluating
2024-10-14 19:14:41.129026 Zulu: India we want you to join our group
ChatterBot India reevaluating
2024-10-14 19:14:41.132458 India: Yes
ChatterBot Mike reevaluating
ChatterBot Alpha reevaluating
ChatterBot Bravo reevaluating
2024-10-14 19:14:41.153661 X-ray: Mike, Echo and Bravo, sending you 3
2024-10-14 19:14:41.154745 Echo: Mike, Alpha, November and Zulu, sending you 3
2024-10-14 19:14:41.156700 X-ray: Alpha, sending you 1
2024-10-14 19:14:41.157709 Echo: X-ray, sending you 2
2024-10-14 19:14:41.160916 Uniform: Mike, Alpha and Bravo, sending you 1
2024-10-14 19:14:41.161436 X-ray: November, sending you 4
2024-10-14 19:14:41.162668 Echo: Bravo, sending you 4
2024-10-14 19:14:41.163667 Uniform: Echo, sending you 2
2024-10-14 19:14:41.167725 November: Mike, sending you 2
2024-10-14 19:14:41.168207 Uniform: India, sending you 3
2024-10-14 19:14:41.168798 Mike: Alpha, X-ray and Echo, sending you 3
2024-10-14 19:14:41.169241 Alpha: Mike, Echo and Bravo, sending you 3
2024-10-14 19:14:41.169809 Foxtrot: Mike and Bravo, sending you 2
2024-10-14 19:14:41.171683 Zulu: Mike, sending you 3
2024-10-14 19:14:41.171992 November: Alpha, sending you 4
2024-10-14 19:14:41.172311 Mike: November, sending you 2
2024-10-14 19:14:41.173012 Uniform: Foxtrot, sending you 6
2024-10-14 19:14:41.173476 Foxtrot: Echo, sending you 1
2024-10-14 19:14:41.173960 Alpha: Zulu, India and Uniform, sending you 2
2024-10-14 19:14:41.174670 India: Mike, Alpha and Echo, sending you 1
2024-10-14 19:14:41.175685 Zulu: Alpha, sending you 2
2024-10-14 19:14:41.176122 Mike: Bravo, sending you 4
2024-10-14 19:14:41.176691 November: X-ray, sending you 7
2024-10-14 19:14:41.177014 Foxtrot: India, sending you 4
2024-10-14 19:14:41.177675 Alpha: Foxtrot, sending you 1
2024-10-14 19:14:41.178365 India: Zulu, sending you 2
2024-10-14 19:14:41.179189 Zulu: Echo, sending you 1
2024-10-14 19:14:41.180656 Bravo: Mike and India, sending you 3
2024-10-14 19:14:41.181225 November: Echo, sending you 3
2024-10-14 19:14:41.181564 Foxtrot: Uniform, sending you 7
2024-10-14 19:14:41.182057 India: Bravo and Uniform, sending you 5
2024-10-14 19:14:41.182498 Zulu: India, sending you 10
2024-10-14 19:14:41.183654 Bravo: Alpha and Echo, sending you 4
2024-10-14 19:14:41.185679 November: Bravo, sending you 1
2024-10-14 19:14:41.186274 India: Foxtrot, sending you 3
2024-10-14 19:14:41.188667 Bravo: Zulu, sending you 2
2024-10-14 19:14:41.191711 Bravo: Uniform and Foxtrot, sending you 1
chatterbot X-ray submitting transactions
chatterbot Uniform submitting transactions
chatterbot Zulu submitting transactions
chatterbot Echo submitting transactions
chatterbot Alpha submitting transactions
chatterbot India submitting transactions
chatterbot November submitting transactions
chatterbot Bravo submitting transactions
chatterbot Foxtrot submitting transactions
chatterbot Mike submitting transactions
ChatterBot Mike round 4
ChatterBot Alpha round 4
ChatterBot X-ray round 4
ChatterBot Echo round 4
ChatterBot November round 4
ChatterBot Zulu round 4
ChatterBot India round 4
ChatterBot Bravo round 4
ChatterBot Uniform round 4
ChatterBot Foxtrot round 4
2024-10-14 19:14:42.285104 Echo: We should drop Zulu
2024-10-14 19:14:42.303204 Mike: Yes
2024-10-14 19:14:42.303381 November: Yes
2024-10-14 19:14:42.303513 Bravo: No
2024-10-14 19:14:42.303636 X-ray: Yes
2024-10-14 19:14:42.303754 Alpha: No
ChatterBot Echo reevaluating
ChatterBot Echo reevaluating
ChatterBot Echo reevaluating
ChatterBot Echo reevaluating
ChatterBot Alpha reevaluating
ChatterBot Echo reevaluating
2024-10-14 19:14:42.403757 X-ray: Mike, Echo and Bravo, sending you 3
2024-10-14 19:14:42.407699 India: Mike and Echo, sending you 1
2024-10-14 19:14:42.408947 Zulu: Mike, sending you 1
2024-10-14 19:14:42.409306 Mike: Alpha, X-ray and Echo, sending you 3
2024-10-14 19:14:42.409752 X-ray: Alpha, sending you 1
2024-10-14 19:14:42.411674 Zulu: Alpha and Echo, sending you 3
2024-10-14 19:14:42.413678 India: Alpha, sending you 2
2024-10-14 19:14:42.414449 Mike: November, sending you 2
2024-10-14 19:14:42.414898 X-ray: November, sending you 4
2024-10-14 19:14:42.415404 Foxtrot: Mike, Alpha and Echo, sending you 1
2024-10-14 19:14:42.417551 Zulu: India, sending you 7
2024-10-14 19:14:42.418224 India: Zulu and Uniform, sending you 4
2024-10-14 19:14:42.420191 Mike: Bravo, sending you 4
2024-10-14 19:14:42.420915 Uniform: Mike, Alpha, Echo and Bravo, sending you 1
2024-10-14 19:14:42.421508 Foxtrot: India, sending you 4
2024-10-14 19:14:42.422146 November: Mike and Alpha, sending you 3
2024-10-14 19:14:42.423362 Zulu: Bravo, sending you 2
2024-10-14 19:14:42.424421 India: Bravo and Foxtrot, sending you 3
2024-10-14 19:14:42.425692 Bravo: Mike, Echo and India, sending you 4
2024-10-14 19:14:42.427354 Uniform: India, sending you 3
2024-10-14 19:14:42.428470 Foxtrot: Bravo, sending you 2
2024-10-14 19:14:42.429962 November: X-ray, sending you 7
2024-10-14 19:14:42.430733 Bravo: Alpha, sending you 3
2024-10-14 19:14:42.431797 Alpha: Mike, Echo and Bravo, sending you 3
2024-10-14 19:14:42.433176 Uniform: Foxtrot, sending you 7
2024-10-14 19:14:42.434114 Foxtrot: Uniform, sending you 7
2024-10-14 19:14:42.435700 November: Echo, sending you 4
2024-10-14 19:14:42.436692 Bravo: Zulu, Uniform and Foxtrot, sending you 1
2024-10-14 19:14:42.438712 Alpha: Zulu, India and Uniform, sending you 2
2024-10-14 19:14:42.440688 Echo: Mike, X-ray and November, sending you 3
2024-10-14 19:14:42.444697 Alpha: Foxtrot, sending you 1
2024-10-14 19:14:42.446332 Echo: Alpha, sending you 4
2024-10-14 19:14:42.450678 Echo: Bravo, sending you 5
chatterbot November submitting transactions
chatterbot Foxtrot submitting transactions
chatterbot Zulu submitting transactions
chatterbot Alpha submitting transactions
chatterbot Bravo submitting transactions
chatterbot Mike submitting transactions
chatterbot Uniform submitting transactions
chatterbot X-ray submitting transactions
chatterbot Echo submitting transactions
chatterbot India submitting transactions
ChatterBot Mike round 5
ChatterBot Alpha round 5
ChatterBot X-ray round 5
ChatterBot Echo round 5
ChatterBot November round 5
ChatterBot Zulu round 5
ChatterBot India round 5
ChatterBot Bravo round 5
ChatterBot Uniform round 5
2024-10-14 19:14:43.387915 Zulu: Can we be friends?
ChatterBot India reevaluating
ChatterBot Uniform reevaluating
2024-10-14 19:14:43.400369 India: Yes
2024-10-14 19:14:43.400509 Uniform: Yes
2024-10-14 19:14:43.400619 Foxtrot: Yes
ChatterBot Uniform reevaluating
ChatterBot India reevaluating
ChatterBot India reevaluating
ChatterBot Uniform reevaluating
ChatterBot Foxtrot round 5
2024-10-14 19:14:43.451267 November: We should drop Bravo
ChatterBot Mike reevaluating
2024-10-14 19:14:43.466232 X-ray: No
2024-10-14 19:14:43.466369 Mike: No
2024-10-14 19:14:43.466865 Alpha: No
2024-10-14 19:14:43.466989 Echo: No
ChatterBot November reevaluating
ChatterBot Mike reevaluating
ChatterBot November reevaluating
ChatterBot November reevaluating
ChatterBot Mike reevaluating
ChatterBot November reevaluating
ChatterBot Mike reevaluating
2024-10-14 19:14:43.572288 November: We should drop Alpha
ChatterBot Mike reevaluating
2024-10-14 19:14:43.643293 X-ray: No
2024-10-14 19:14:43.643597 Mike: No
2024-10-14 19:14:43.643950 Echo: No
2024-10-14 19:14:43.644991 Bravo: No
ChatterBot November reevaluating
ChatterBot Mike reevaluating
ChatterBot November reevaluating
ChatterBot November reevaluating
ChatterBot Mike reevaluating
ChatterBot November reevaluating
ChatterBot Mike reevaluating
2024-10-14 19:14:43.731940 Alpha: Mike, Echo and Bravo, sending you 3
2024-10-14 19:14:43.735668 Echo: Mike, X-ray and November, sending you 3
2024-10-14 19:14:43.740289 India: Mike, sending you 1
2024-10-14 19:14:43.745226 Zulu: India, sending you 14
2024-10-14 19:14:43.746658 X-ray: Mike and Echo, sending you 3
2024-10-14 19:14:43.748063 Alpha: Zulu, India, Uniform and Foxtrot, sending you 2
2024-10-14 19:14:43.751315 Mike: We should drop November
2024-10-14 19:14:43.770602 X-ray: No
2024-10-14 19:14:43.770943 Alpha: Yes
2024-10-14 19:14:43.771138 Echo: No
2024-10-14 19:14:43.771426 Bravo: Yes
2024-10-14 19:14:43.837638 Echo: Alpha, sending you 4
2024-10-14 19:14:43.838125 India: Alpha, sending you 2
2024-10-14 19:14:43.838794 Zulu: Uniform, sending you 1
2024-10-14 19:14:43.839386 X-ray: Alpha and Bravo, sending you 2
2024-10-14 19:14:43.839903 Uniform: Alpha, sending you 2
2024-10-14 19:14:43.840541 Bravo: Mike, sending you 4
2024-10-14 19:14:43.841352 Foxtrot: Mike and Alpha, sending you 1
2024-10-14 19:14:43.842849 Echo: Bravo, sending you 5
2024-10-14 19:14:43.843312 India: Zulu, sending you 5
2024-10-14 19:14:43.843990 X-ray: November, sending you 4
2024-10-14 19:14:43.844372 Uniform: Echo and Bravo, sending you 1
2024-10-14 19:14:43.845391 Bravo: Alpha and India, sending you 3
2024-10-14 19:14:43.847687 Foxtrot: India, sending you 4
2024-10-14 19:14:43.849286 India: Bravo, sending you 4
2024-10-14 19:14:43.850129 Uniform: India, sending you 4
2024-10-14 19:14:43.851174 Bravo: Echo, sending you 5
chatterbot Alpha submitting transactions
2024-10-14 19:14:43.852791 Mike: Alpha, sending you 4
2024-10-14 19:14:43.853912 Foxtrot: Bravo, sending you 2
2024-10-14 19:14:43.854740 India: Uniform and Foxtrot, sending you 3
2024-10-14 19:14:43.855668 Uniform: Foxtrot, sending you 6
2024-10-14 19:14:43.857193 Bravo: Zulu, Uniform and Foxtrot, sending you 1
2024-10-14 19:14:43.858006 Mike: X-ray and Echo, sending you 3
2024-10-14 19:14:43.858427 Foxtrot: Uniform, sending you 8
2024-10-14 19:14:43.862683 Mike: Bravo, sending you 5
2024-10-14 19:14:43.870691 November: Mike, sending you 4
2024-10-14 19:14:43.875663 November: X-ray, sending you 8
2024-10-14 19:14:43.880679 November: Echo, sending you 5
chatterbot India submitting transactions
chatterbot Bravo submitting transactions
chatterbot X-ray submitting transactions
chatterbot Foxtrot submitting transactions
chatterbot Echo submitting transactions
chatterbot November submitting transactions
chatterbot Mike submitting transactions
chatterbot Zulu submitting transactions
chatterbot Uniform submitting transactions
ChatterBot Mike round 6
ChatterBot Alpha round 6
ChatterBot X-ray round 6
ChatterBot Echo round 6
ChatterBot November round 6
ChatterBot Zulu round 6
ChatterBot India round 6
2024-10-14 19:14:44.784938 November: We should add Alpha
2024-10-14 19:14:44.816326 X-ray: Yes
2024-10-14 19:14:44.816629 Mike: Yes
2024-10-14 19:14:44.816907 Echo: Yes
2024-10-14 19:14:44.817169 Bravo: Yes
ChatterBot November reevaluating
ChatterBot November reevaluating
ChatterBot November reevaluating
ChatterBot November reevaluating
ChatterBot Bravo round 6
ChatterBot Uniform round 6
ChatterBot Foxtrot round 6
2024-10-14 19:14:44.948283 November: We should replace Bravo with Alpha
2024-10-14 19:14:44.968243 X-ray: No
2024-10-14 19:14:44.968436 Mike: No
2024-10-14 19:14:44.968586 Echo: No
ChatterBot November reevaluating
ChatterBot November reevaluating
ChatterBot November reevaluating
2024-10-14 19:14:45.047672 Alpha: Mike, Echo and Bravo, sending you 3
2024-10-14 19:14:45.049126 X-ray: Mike and Echo, sending you 3
2024-10-14 19:14:45.050763 November: Alpha we want you to join our group
2024-10-14 19:14:45.058244 Alpha: No
ChatterBot November reevaluating
2024-10-14 19:14:45.084361 Mike: Alpha and Echo, sending you 4
2024-10-14 19:14:45.085295 Alpha: Zulu, India, Uniform and Foxtrot, sending you 2
2024-10-14 19:14:45.086959 X-ray: Alpha and Bravo, sending you 2
2024-10-14 19:14:45.087763 Mike: X-ray, sending you 2
2024-10-14 19:14:45.091182 X-ray: November, sending you 4
2024-10-14 19:14:45.091994 Foxtrot: Alpha and Bravo, sending you 2
2024-10-14 19:14:45.094158 Bravo: Mike, sending you 5
2024-10-14 19:14:45.095780 Mike: Bravo, sending you 5
2024-10-14 19:14:45.097057 Echo: Mike, Alpha and X-ray, sending you 3
2024-10-14 19:14:45.098158 India: Alpha, sending you 2
2024-10-14 19:14:45.099913 Zulu: India, sending you 15
2024-10-14 19:14:45.100532 Foxtrot: India, sending you 4
2024-10-14 19:14:45.102518 Bravo: Alpha and India, sending you 3
2024-10-14 19:14:45.103902 Echo: November, sending you 4
2024-10-14 19:14:45.105368 India: Zulu, sending you 7
2024-10-14 19:14:45.106787 Zulu: Uniform, sending you 1
2024-10-14 19:14:45.107755 Uniform: Alpha, sending you 2
2024-10-14 19:14:45.110095 Foxtrot: Uniform, sending you 8
2024-10-14 19:14:45.111571 November: Mike, sending you 3
2024-10-14 19:14:45.112652 Bravo: Echo, sending you 4
2024-10-14 19:14:45.113702 Echo: Bravo, sending you 5
2024-10-14 19:14:45.114951 India: Bravo, Uniform and Foxtrot, sending you 3
2024-10-14 19:14:45.115718 Uniform: Echo and Bravo, sending you 1
2024-10-14 19:14:45.116686 November: X-ray, sending you 8
2024-10-14 19:14:45.118691 Bravo: Zulu, Uniform and Foxtrot, sending you 1
2024-10-14 19:14:45.120671 Uniform: India, sending you 3
2024-10-14 19:14:45.121711 November: Echo, sending you 6
2024-10-14 19:14:45.123704 Uniform: Foxtrot, sending you 7
chatterbot Zulu submitting transactions
chatterbot Alpha submitting transactions
chatterbot Mike submitting transactions
chatterbot November submitting transactions
chatterbot X-ray submitting transactions
chatterbot India submitting transactions
chatterbot Echo submitting transactions
chatterbot Uniform submitting transactions
chatterbot Foxtrot submitting transactions
chatterbot Bravo submitting transactions
ChatterBot Mike round 7
ChatterBot Alpha round 7
ChatterBot X-ray round 7
ChatterBot Echo round 7
ChatterBot November round 7
ChatterBot Zulu round 7
ChatterBot India round 7
ChatterBot Bravo round 7
ChatterBot Uniform round 7
ChatterBot Foxtrot round 7
2024-10-14 19:14:46.262335 November: We should add Alpha
ChatterBot Bravo reevaluating
2024-10-14 19:14:46.278517 X-ray: Yes
2024-10-14 19:14:46.279036 Mike: Yes
2024-10-14 19:14:46.279177 Echo: Yes
2024-10-14 19:14:46.279293 Bravo: Yes
ChatterBot Bravo reevaluating
ChatterBot November reevaluating
ChatterBot Bravo reevaluating
ChatterBot November reevaluating
ChatterBot Bravo reevaluating
ChatterBot November reevaluating
2024-10-14 19:14:46.337129 Bravo: We should add X-ray and November
ChatterBot Alpha reevaluating
ChatterBot India reevaluating
ChatterBot Uniform reevaluating
ChatterBot Foxtrot reevaluating
2024-10-14 19:14:46.359767 Echo: Yes
2024-10-14 19:14:46.359919 Mike: No
2024-10-14 19:14:46.360024 Alpha: Yes
2024-10-14 19:14:46.360146 Zulu: No
2024-10-14 19:14:46.360259 India: No
2024-10-14 19:14:46.360370 Uniform: No
2024-10-14 19:14:46.360809 Foxtrot: Yes
ChatterBot Alpha reevaluating
ChatterBot Bravo reevaluating
ChatterBot India reevaluating
ChatterBot Uniform reevaluating
ChatterBot Foxtrot reevaluating
ChatterBot Alpha reevaluating
ChatterBot Bravo reevaluating
ChatterBot India reevaluating
ChatterBot Uniform reevaluating
ChatterBot Foxtrot reevaluating
ChatterBot Bravo reevaluating
ChatterBot India reevaluating
ChatterBot Uniform reevaluating
ChatterBot Foxtrot reevaluating
ChatterBot Alpha reevaluating
ChatterBot Bravo reevaluating
ChatterBot India reevaluating
ChatterBot Uniform reevaluating
ChatterBot Foxtrot reevaluating
ChatterBot Alpha reevaluating
ChatterBot Bravo reevaluating
ChatterBot Uniform reevaluating
ChatterBot Foxtrot reevaluating
ChatterBot Alpha reevaluating
ChatterBot Bravo reevaluating
ChatterBot India reevaluating
ChatterBot Foxtrot reevaluating
ChatterBot Alpha reevaluating
ChatterBot Bravo reevaluating
ChatterBot India reevaluating
ChatterBot Uniform reevaluating
2024-10-14 19:14:46.617663 Echo: Mike, November and Bravo, sending you 4
2024-10-14 19:14:46.618887 Mike: Alpha, sending you 4
2024-10-14 19:14:46.620043 X-ray: Mike and Echo, sending you 3
2024-10-14 19:14:46.622821 Bravo: X-ray and November we want you to join our group
ChatterBot November reevaluating
2024-10-14 19:14:46.633109 X-ray: No
2024-10-14 19:14:46.633286 November: No
ChatterBot November reevaluating
ChatterBot Alpha reevaluating
2024-10-14 19:14:46.729116 X-ray: Alpha and Bravo, sending you 2
2024-10-14 19:14:46.730769 Echo: Alpha and X-ray, sending you 3
2024-10-14 19:14:46.731611 Mike: X-ray and Echo, sending you 3
2024-10-14 19:14:46.732999 Uniform: Alpha, sending you 2
chatterbot Mike submitting transactions
2024-10-14 19:14:46.733731 Alpha: X-ray and November we want you to join our group
2024-10-14 19:14:46.745086 X-ray: No
2024-10-14 19:14:46.745253 November: No
ChatterBot Alpha reevaluating
ChatterBot India reevaluating
ChatterBot Alpha reevaluating
ChatterBot India reevaluating
2024-10-14 19:14:46.825839 X-ray: November, sending you 4
2024-10-14 19:14:46.826946 Zulu: India, sending you 15
2024-10-14 19:14:46.828158 Mike: Bravo, sending you 5
2024-10-14 19:14:46.828676 Uniform: Zulu, sending you 1
2024-10-14 19:14:46.829926 Foxtrot: Alpha, sending you 2
chatterbot November submitting transactions
2024-10-14 19:14:46.832671 Zulu: Foxtrot, sending you 1
2024-10-14 19:14:46.833784 Uniform: India, sending you 4
2024-10-14 19:14:46.834318 Bravo: Mike and Echo, sending you 4
2024-10-14 19:14:46.835842 Foxtrot: India, sending you 5
2024-10-14 19:14:46.837654 Uniform: Foxtrot, sending you 7
2024-10-14 19:14:46.839711 Bravo: Alpha and India, sending you 3
2024-10-14 19:14:46.840330 Foxtrot: Uniform, sending you 9
2024-10-14 19:14:46.843690 Bravo: X-ray, sending you 2
2024-10-14 19:14:46.844765 Alpha: Mike, sending you 4
2024-10-14 19:14:46.848694 Bravo: Uniform and Foxtrot, sending you 1
2024-10-14 19:14:46.850497 Alpha: X-ray, Echo and Bravo, sending you 3
2024-10-14 19:14:46.852665 November: Mike, sending you 2
2024-10-14 19:14:46.856694 Alpha: November and Foxtrot, sending you 2
2024-10-14 19:14:46.858690 November: X-ray, sending you 8
2024-10-14 19:14:46.864061 November: Echo, sending you 7
chatterbot Echo submitting transactions
chatterbot Uniform submitting transactions
chatterbot November submitting transactions
chatterbot X-ray submitting transactions
chatterbot Alpha submitting transactions
chatterbot Foxtrot submitting transactions
chatterbot Zulu submitting transactions
chatterbot India submitting transactions
chatterbot Bravo submitting transactions
ChatterBot Mike round 8
ChatterBot Alpha round 8
ChatterBot X-ray round 8
ChatterBot Echo round 8
ChatterBot November round 8
ChatterBot Zulu round 8
ChatterBot India round 8
ChatterBot Bravo round 8
ChatterBot Uniform round 8
ChatterBot Foxtrot round 8
2024-10-14 19:14:47.722474 November: We should add Alpha
ChatterBot Bravo reevaluating
2024-10-14 19:14:47.733510 X-ray: Yes
2024-10-14 19:14:47.733657 Mike: Yes
2024-10-14 19:14:47.733783 Echo: Yes
2024-10-14 19:14:47.733890 Bravo: Yes
ChatterBot Bravo reevaluating
ChatterBot Bravo reevaluating
ChatterBot Bravo reevaluating
2024-10-14 19:14:47.795334 Alpha: We should drop Foxtrot
ChatterBot Bravo reevaluating
2024-10-14 19:14:47.809914 Echo: Yes
2024-10-14 19:14:47.810091 Mike: Yes
2024-10-14 19:14:47.810519 November: Yes
2024-10-14 19:14:47.810654 Bravo: No
2024-10-14 19:14:47.810758 X-ray: Yes
ChatterBot Bravo reevaluating
ChatterBot Bravo reevaluating
ChatterBot Bravo reevaluating
ChatterBot Bravo reevaluating
2024-10-14 19:14:47.896253 November: Alpha we want you to join our group
2024-10-14 19:14:47.902346 Alpha: Yes
ChatterBot Bravo reevaluating
2024-10-14 19:14:47.935679 X-ray: Mike, Alpha, Echo and November, sending you 3
2024-10-14 19:14:47.936659 Uniform: Alpha, sending you 2
2024-10-14 19:14:47.937688 Mike: Alpha and Echo, sending you 4
2024-10-14 19:14:47.938438 Zulu: India, sending you 14
2024-10-14 19:14:47.938988 Echo: Mike, November and Bravo, sending you 4
2024-10-14 19:14:47.944694 X-ray: Bravo, sending you 2
2024-10-14 19:14:47.945722 Uniform: Zulu, sending you 1
2024-10-14 19:14:47.947684 Mike: X-ray, sending you 2
2024-10-14 19:14:47.948429 Zulu: Uniform and Foxtrot, sending you 1
2024-10-14 19:14:47.949064 Echo: Alpha and X-ray, sending you 3
2024-10-14 19:14:47.951338 Uniform: India, sending you 4
2024-10-14 19:14:47.954829 Mike: Bravo, sending you 5
2024-10-14 19:14:47.955556 November: Mike, sending you 1
2024-10-14 19:14:47.957835 Foxtrot: Alpha, sending you 2
2024-10-14 19:14:47.958606 Uniform: Foxtrot, sending you 7
2024-10-14 19:14:47.959201 Alpha: Mike, Echo and Bravo, sending you 4
2024-10-14 19:14:47.964602 November: Alpha, sending you 2
2024-10-14 19:14:47.965451 Foxtrot: Zulu, sending you 1
2024-10-14 19:14:47.965947 Bravo: Mike and Echo, sending you 6
2024-10-14 19:14:47.967758 Alpha: X-ray, sending you 3
2024-10-14 19:14:47.969661 November: X-ray, sending you 8
2024-10-14 19:14:47.970489 Foxtrot: India, sending you 5
2024-10-14 19:14:47.971019 Bravo: Alpha, sending you 4
2024-10-14 19:14:47.976032 Alpha: November, sending you 2
2024-10-14 19:14:47.976855 Foxtrot: Uniform, sending you 8
2024-10-14 19:14:47.978559 November: Echo, sending you 6
2024-10-14 19:14:47.979446 Bravo: X-ray, sending you 2
chatterbot Uniform submitting transactions
chatterbot Mike submitting transactions
chatterbot Zulu submitting transactions
chatterbot Bravo submitting transactions
chatterbot Echo submitting transactions
chatterbot X-ray submitting transactions
chatterbot India submitting transactions
chatterbot Alpha submitting transactions
chatterbot November submitting transactions
chatterbot Foxtrot submitting transactions
ChatterBot Mike round 9
ChatterBot Alpha round 9
ChatterBot X-ray round 9
ChatterBot Echo round 9
ChatterBot November round 9
ChatterBot Zulu round 9
ChatterBot India round 9
ChatterBot Bravo round 9
ChatterBot Uniform round 9
ChatterBot Foxtrot round 9
2024-10-14 19:14:49.135558 November: Mike, sending you 1
2024-10-14 19:14:49.139322 Mike: Alpha and Echo, sending you 4
2024-10-14 19:14:49.145475 X-ray: Mike, Alpha, Echo and November, sending you 3
2024-10-14 19:14:49.147238 Alpha: Mike, Echo and Bravo, sending you 4
2024-10-14 19:14:49.148303 Echo: Mike and Bravo, sending you 4
2024-10-14 19:14:49.150050 Bravo: Mike, sending you 7
2024-10-14 19:14:49.151849 Zulu: India, sending you 14
2024-10-14 19:14:49.153142 Uniform: Zulu, sending you 1
2024-10-14 19:14:49.153953 November: Alpha, sending you 2
2024-10-14 19:14:49.155744 Mike: X-ray, sending you 2
2024-10-14 19:14:49.157802 X-ray: Bravo, sending you 2
2024-10-14 19:14:49.160951 Alpha: X-ray, sending you 3
2024-10-14 19:14:49.163455 Echo: Alpha, X-ray and November, sending you 3
2024-10-14 19:14:49.166293 Bravo: Alpha, sending you 4
2024-10-14 19:14:49.168737 Zulu: Uniform and Foxtrot, sending you 1
2024-10-14 19:14:49.170419 Uniform: India, sending you 5
2024-10-14 19:14:49.171629 November: X-ray, sending you 6
2024-10-14 19:14:49.173563 Foxtrot: Alpha, sending you 2
2024-10-14 19:14:49.175372 Mike: Bravo, sending you 5
2024-10-14 19:14:49.177122 Alpha: November, sending you 2
2024-10-14 19:14:49.179426 Bravo: X-ray, sending you 2
2024-10-14 19:14:49.180934 Uniform: Foxtrot, sending you 8
2024-10-14 19:14:49.182955 November: Echo, sending you 8
2024-10-14 19:14:49.185126 Foxtrot: Zulu, sending you 1
2024-10-14 19:14:49.186457 Bravo: Echo, sending you 5
2024-10-14 19:14:49.197392 Foxtrot: India, sending you 5
2024-10-14 19:14:49.215518 Foxtrot: Uniform, sending you 8
chatterbot November submitting transactions
chatterbot Echo submitting transactions
