ChatterBot Hotel round 1
ChatterBot Juliett round 1
ChatterBot Romeo round 1
ChatterBot Delta round 1
ChatterBot Golf round 1
ChatterBot Papa round 1
ChatterBot X-ray round 1
ChatterBot Quebec round 1
ChatterBot Yankee round 1
ChatterBot Whiskey round 1
randomSelections Romeo: {Romeo, Delta, Papa, Hotel, Yankee, X-ray, Whiskey} 
2024-10-14 22:15:33.692618 Romeo: Let's form a team
ChatterBot Delta reevaluating
ChatterBot Papa reevaluating
ChatterBot Hotel reevaluating
ChatterBot Yankee reevaluating
ChatterBot X-ray reevaluating
ChatterBot Whiskey reevaluating
2024-10-14 22:15:33.707012 Delta: Yes
2024-10-14 22:15:33.707950 Papa: Yes
2024-10-14 22:15:33.708165 Hotel: Yes
2024-10-14 22:15:33.708386 Yankee: Yes
2024-10-14 22:15:33.708610 X-ray: Yes
2024-10-14 22:15:33.708909 Whiskey: Yes
ChatterBot Papa reevaluating
ChatterBot Hotel reevaluating
ChatterBot Yankee reevaluating
ChatterBot X-ray reevaluating
ChatterBot Whiskey reevaluating
ChatterBot Delta reevaluating
ChatterBot Hotel reevaluating
ChatterBot Yankee reevaluating
ChatterBot X-ray reevaluating
ChatterBot Whiskey reevaluating
ChatterBot Delta reevaluating
ChatterBot Papa reevaluating
ChatterBot Yankee reevaluating
ChatterBot X-ray reevaluating
ChatterBot Whiskey reevaluating
ChatterBot Delta reevaluating
ChatterBot Papa reevaluating
ChatterBot Hotel reevaluating
ChatterBot X-ray reevaluating
ChatterBot Whiskey reevaluating
ChatterBot Delta reevaluating
ChatterBot Papa reevaluating
ChatterBot Hotel reevaluating
ChatterBot Yankee reevaluating
ChatterBot Whiskey reevaluating
ChatterBot Delta reevaluating
ChatterBot Papa reevaluating
ChatterBot Hotel reevaluating
ChatterBot Yankee reevaluating
ChatterBot X-ray reevaluating
randomSelections Quebec: {Quebec, X-ray, Hotel, Romeo, Golf, Papa, Delta} 
2024-10-14 22:15:33.774579 Quebec: Let's form a team
ChatterBot X-ray reevaluating
ChatterBot Hotel reevaluating
ChatterBot Golf reevaluating
ChatterBot Papa reevaluating
ChatterBot Delta reevaluating
2024-10-14 22:15:33.786536 X-ray: No
2024-10-14 22:15:33.787727 Hotel: No
2024-10-14 22:15:33.788352 Romeo: No
2024-10-14 22:15:33.789395 Golf: Yes
2024-10-14 22:15:33.789650 Papa: No
2024-10-14 22:15:33.790040 Delta: No
ChatterBot Hotel reevaluating
ChatterBot Golf reevaluating
ChatterBot Papa reevaluating
ChatterBot Delta reevaluating
ChatterBot X-ray reevaluating
ChatterBot Golf reevaluating
ChatterBot Papa reevaluating
ChatterBot Delta reevaluating
ChatterBot X-ray reevaluating
ChatterBot Hotel reevaluating
ChatterBot Golf reevaluating
ChatterBot Papa reevaluating
ChatterBot Delta reevaluating
ChatterBot X-ray reevaluating
ChatterBot Hotel reevaluating
ChatterBot Papa reevaluating
ChatterBot Delta reevaluating
ChatterBot X-ray reevaluating
ChatterBot Hotel reevaluating
ChatterBot Golf reevaluating
ChatterBot Delta reevaluating
ChatterBot X-ray reevaluating
ChatterBot Hotel reevaluating
ChatterBot Golf reevaluating
ChatterBot Papa reevaluating
randomSelections Juliett: {Juliett, Delta, Quebec, Golf, Romeo, Whiskey, X-ray} 
2024-10-14 22:15:33.868807 Juliett: We would work well together
ChatterBot Delta reevaluating
ChatterBot Golf reevaluating
ChatterBot Whiskey reevaluating
ChatterBot X-ray reevaluating
2024-10-14 22:15:33.885341 Delta: No
2024-10-14 22:15:33.885675 Quebec: No
2024-10-14 22:15:33.885956 Golf: No
2024-10-14 22:15:33.886814 Romeo: No
2024-10-14 22:15:33.887062 Whiskey: No
2024-10-14 22:15:33.887235 X-ray: No
ChatterBot Golf reevaluating
ChatterBot Whiskey reevaluating
ChatterBot X-ray reevaluating
ChatterBot Delta reevaluating
ChatterBot Golf reevaluating
ChatterBot Whiskey reevaluating
ChatterBot X-ray reevaluating
ChatterBot Delta reevaluating
ChatterBot Whiskey reevaluating
ChatterBot X-ray reevaluating
ChatterBot Delta reevaluating
ChatterBot Golf reevaluating
ChatterBot Whiskey reevaluating
ChatterBot X-ray reevaluating
ChatterBot Delta reevaluating
ChatterBot Golf reevaluating
ChatterBot X-ray reevaluating
ChatterBot Delta reevaluating
ChatterBot Golf reevaluating
ChatterBot Whiskey reevaluating
2024-10-14 22:15:34.001963 X-ray: Hotel, sending you 1
2024-10-14 22:15:34.003249 Quebec: Hotel, sending you 1
2024-10-14 22:15:34.003837 Golf: Hotel, Romeo, Papa and X-ray, sending you 1
2024-10-14 22:15:34.005032 Hotel: Romeo, sending you 3
2024-10-14 22:15:34.006290 Papa: Hotel and Yankee, sending you 2
2024-10-14 22:15:34.006709 Romeo: Hotel, sending you 2
2024-10-14 22:15:34.007126 Yankee: Hotel, Papa and X-ray, sending you 2
2024-10-14 22:15:34.008273 Juliett: Romeo and Quebec, sending you 2
2024-10-14 22:15:34.008677 Quebec: Romeo, Delta, Golf, Papa and X-ray, sending you 3
2024-10-14 22:15:34.009108 Delta: Hotel, Romeo and Whiskey, sending you 3
2024-10-14 22:15:34.010049 X-ray: Romeo and Delta, sending you 2
2024-10-14 22:15:34.010473 Hotel: Delta and Papa, sending you 2
2024-10-14 22:15:34.011366 Golf: Delta and Quebec, sending you 2
2024-10-14 22:15:34.011939 Papa: Romeo, Delta, X-ray and Whiskey, sending you 3
2024-10-14 22:15:34.012902 Romeo: Delta, sending you 1
2024-10-14 22:15:34.013359 Yankee: Romeo, sending you 3
2024-10-14 22:15:34.014716 Juliett: Delta and Whiskey, sending you 4
2024-10-14 22:15:34.015178 Delta: Papa, sending you 1
2024-10-14 22:15:34.015420 X-ray: Papa, sending you 4
2024-10-14 22:15:34.015678 Hotel: Yankee, sending you 5
2024-10-14 22:15:34.016679 Whiskey: Hotel and X-ray, sending you 4
2024-10-14 22:15:34.017004 Romeo: Papa, sending you 5
2024-10-14 22:15:34.017904 Yankee: Delta, sending you 4
2024-10-14 22:15:34.018255 Juliett: Golf, sending you 1
2024-10-14 22:15:34.023113 Delta: X-ray, sending you 2
2024-10-14 22:15:34.023641 Whiskey: Romeo, Delta and Yankee, sending you 2
2024-10-14 22:15:34.024637 X-ray: Yankee, sending you 6
2024-10-14 22:15:34.025002 Hotel: Whiskey, sending you 1
2024-10-14 22:15:34.025376 Romeo: Yankee, sending you 4
2024-10-14 22:15:34.026513 Yankee: Whiskey, sending you 1
2024-10-14 22:15:34.026889 Juliett: X-ray, sending you 3
2024-10-14 22:15:34.027961 Delta: Yankee, sending you 4
2024-10-14 22:15:34.028448 Whiskey: Papa, sending you 3
2024-10-14 22:15:34.028931 X-ray: Whiskey, sending you 3
chatterbot Whiskey submitting transactions
chatterbot Golf submitting transactions
chatterbot Delta submitting transactions
chatterbot Papa submitting transactions
chatterbot Juliett submitting transactions
chatterbot Hotel submitting transactions
chatterbot Romeo submitting transactions
chatterbot Quebec submitting transactions
chatterbot X-ray submitting transactions
chatterbot Yankee submitting transactions
ChatterBot Hotel round 2
ChatterBot Juliett round 2
ChatterBot Romeo round 2
ChatterBot Delta round 2
ChatterBot Golf round 2
ChatterBot Papa round 2
ChatterBot X-ray round 2
ChatterBot Quebec round 2
ChatterBot Yankee round 2
2024-10-14 22:15:34.997282 Juliett: Friends?
ChatterBot Golf reevaluating
ChatterBot Quebec reevaluating
2024-10-14 22:15:35.009966 Golf: Yes
2024-10-14 22:15:35.010176 Quebec: Yes
ChatterBot Juliett reevaluating
ChatterBot Quebec reevaluating
ChatterBot Juliett reevaluating
ChatterBot Golf reevaluating
2024-10-14 22:15:35.034680 Quebec: Can we be friends?
ChatterBot Juliett reevaluating
ChatterBot Golf reevaluating
2024-10-14 22:15:35.047146 Juliett: No
2024-10-14 22:15:35.047764 Golf: Yes
ChatterBot Golf reevaluating
ChatterBot Quebec reevaluating
ChatterBot Juliett reevaluating
ChatterBot Quebec reevaluating
ChatterBot Whiskey round 2
2024-10-14 22:15:35.085159 Delta: We should add Juliett
ChatterBot Romeo reevaluating
ChatterBot Papa reevaluating
ChatterBot Yankee reevaluating
ChatterBot X-ray reevaluating
ChatterBot Whiskey reevaluating
2024-10-14 22:15:35.120160 Romeo: No
2024-10-14 22:15:35.120825 Papa: No
2024-10-14 22:15:35.121039 Hotel: No
2024-10-14 22:15:35.121239 Yankee: No
2024-10-14 22:15:35.121455 X-ray: Yes
2024-10-14 22:15:35.122059 Whiskey: Yes
ChatterBot Delta reevaluating
ChatterBot Papa reevaluating
ChatterBot Yankee reevaluating
ChatterBot X-ray reevaluating
ChatterBot Whiskey reevaluating
ChatterBot Romeo reevaluating
ChatterBot Delta reevaluating
ChatterBot Yankee reevaluating
ChatterBot X-ray reevaluating
ChatterBot Whiskey reevaluating
ChatterBot Romeo reevaluating
ChatterBot Delta reevaluating
ChatterBot Papa reevaluating
ChatterBot Yankee reevaluating
ChatterBot X-ray reevaluating
ChatterBot Whiskey reevaluating
ChatterBot Romeo reevaluating
ChatterBot Delta reevaluating
ChatterBot Papa reevaluating
ChatterBot X-ray reevaluating
ChatterBot Whiskey reevaluating
ChatterBot Romeo reevaluating
ChatterBot Delta reevaluating
ChatterBot Papa reevaluating
ChatterBot Yankee reevaluating
ChatterBot Whiskey reevaluating
ChatterBot Romeo reevaluating
ChatterBot Delta reevaluating
ChatterBot Papa reevaluating
ChatterBot Yankee reevaluating
ChatterBot X-ray reevaluating
2024-10-14 22:15:35.307123 Delta: We should add Juliett and Quebec
ChatterBot Romeo reevaluating
ChatterBot Papa reevaluating
ChatterBot Yankee reevaluating
ChatterBot X-ray reevaluating
ChatterBot Whiskey reevaluating
2024-10-14 22:15:35.329484 Romeo: No
2024-10-14 22:15:35.329685 Papa: No
2024-10-14 22:15:35.329814 Hotel: No
2024-10-14 22:15:35.329933 Yankee: No
2024-10-14 22:15:35.330062 X-ray: No
2024-10-14 22:15:35.330685 Whiskey: No
ChatterBot Delta reevaluating
ChatterBot Papa reevaluating
ChatterBot Yankee reevaluating
ChatterBot X-ray reevaluating
ChatterBot Whiskey reevaluating
ChatterBot Romeo reevaluating
ChatterBot Delta reevaluating
ChatterBot Yankee reevaluating
ChatterBot X-ray reevaluating
ChatterBot Whiskey reevaluating
ChatterBot Romeo reevaluating
ChatterBot Delta reevaluating
ChatterBot Papa reevaluating
ChatterBot Yankee reevaluating
ChatterBot X-ray reevaluating
ChatterBot Whiskey reevaluating
ChatterBot Romeo reevaluating
ChatterBot Delta reevaluating
ChatterBot Papa reevaluating
ChatterBot X-ray reevaluating
ChatterBot Whiskey reevaluating
ChatterBot Romeo reevaluating
ChatterBot Delta reevaluating
ChatterBot Papa reevaluating
ChatterBot Yankee reevaluating
ChatterBot Whiskey reevaluating
ChatterBot Romeo reevaluating
ChatterBot Delta reevaluating
ChatterBot Papa reevaluating
ChatterBot Yankee reevaluating
ChatterBot X-ray reevaluating
2024-10-14 22:15:36.213531 Juliett: Sending you each 8
2024-10-14 22:15:36.214156 Whiskey: Juliett we want you to join our group
2024-10-14 22:15:36.218061 Juliett: No
ChatterBot Delta reevaluating
2024-10-14 22:15:36.239145 Hotel: Romeo, Papa and Yankee, sending you 2
2024-10-14 22:15:36.239797 X-ray: Juliett we want you to join our group
ChatterBot Juliett reevaluating
2024-10-14 22:15:36.243746 Juliett: Yes
ChatterBot Delta reevaluating
2024-10-14 22:15:36.264665 Juliett: Friends?
ChatterBot Delta reevaluating
2024-10-14 22:15:36.285659 Whiskey: Yes
2024-10-14 22:15:36.285833 Hotel: No
2024-10-14 22:15:36.286550 Romeo: No
2024-10-14 22:15:36.286727 Delta: Yes
2024-10-14 22:15:36.286843 Papa: No
2024-10-14 22:15:36.286962 X-ray: Yes
2024-10-14 22:15:36.287083 Yankee: No
ChatterBot Juliett reevaluating
ChatterBot Delta reevaluating
ChatterBot Juliett reevaluating
ChatterBot Delta reevaluating
ChatterBot Juliett reevaluating
ChatterBot Delta reevaluating
ChatterBot Juliett reevaluating
ChatterBot Juliett reevaluating
ChatterBot Delta reevaluating
ChatterBot Juliett reevaluating
ChatterBot Delta reevaluating
ChatterBot Juliett reevaluating
ChatterBot Delta reevaluating
2024-10-14 22:15:36.453284 Hotel: Delta, sending you 4
chatterbot Juliett submitting transactions
chatterbot Hotel submitting transactions
chatterbot X-ray submitting transactions
2024-10-14 22:15:36.603644 Quebec: Juliett, sending you 5
2024-10-14 22:15:36.603930 Golf: Juliett, sending you 6
2024-10-14 22:15:36.604586 Papa: Hotel and Yankee, sending you 2
2024-10-14 22:15:36.605053 Hotel: X-ray, sending you 1
2024-10-14 22:15:36.605509 Delta: Juliett and Quebec we want you to join our group
ChatterBot Juliett reevaluating
2024-10-14 22:15:36.611818 Juliett: No
2024-10-14 22:15:36.611947 Quebec: No
ChatterBot Juliett reevaluating
2024-10-14 22:15:36.657151 Golf: Quebec, sending you 13
2024-10-14 22:15:36.657415 Whiskey: Hotel, Romeo and Yankee, sending you 1
2024-10-14 22:15:36.657761 Hotel: Whiskey, sending you 6
2024-10-14 22:15:36.658706 Quebec: Golf, sending you 6
2024-10-14 22:15:36.658915 Papa: Romeo, sending you 5
2024-10-14 22:15:36.659706 Yankee: Hotel, Romeo, Delta, Papa and Whiskey, sending you 2
2024-10-14 22:15:38.001970 Romeo: Hotel, Delta, Papa and Yankee, sending you 3
2024-10-14 22:15:38.003166 X-ray: Hotel and Romeo, sending you 2
2024-10-14 22:15:38.003714 Whiskey: Juliett, sending you 5
2024-10-14 22:15:38.004211 Yankee: X-ray, sending you 4
2024-10-14 22:15:38.005230 Papa: Delta, sending you 1
chatterbot Yankee submitting transactions
chatterbot Whiskey submitting transactions
chatterbot Quebec submitting transactions
chatterbot Papa submitting transactions
chatterbot Romeo submitting transactions
chatterbot Golf submitting transactions
2024-10-14 22:15:38.007289 X-ray: Juliett, Delta, Papa, Yankee and Whiskey, sending you 3
2024-10-14 22:15:38.581193 Romeo: X-ray and Whiskey, sending you 2
2024-10-14 22:15:38.581702 Whiskey: Delta, Papa and X-ray, sending you 3
2024-10-14 22:15:38.582583 Papa: X-ray and Whiskey, sending you 3
2024-10-14 22:15:38.583035 Delta: Hotel, Papa, X-ray, Quebec and Whiskey, sending you 2
2024-10-14 22:15:38.583415 Juliett: Sorry, I'm actually sending you 0
2024-10-14 22:15:38.583629 Juliett: Sorry, I'm actually sending you 0
chatterbot Juliett submitting transactions
chatterbot Delta submitting transactions
2024-10-14 22:15:38.597858 Delta: Juliett and Yankee, sending you 3
2024-10-14 22:15:38.598262 Juliett: Hotel and Romeo, sending you 3
ChatterBot Hotel round 3
ChatterBot Juliett round 3
ChatterBot Romeo round 3
2024-10-14 22:15:38.603919 Hotel: We should add Juliett
ChatterBot Romeo reevaluating
ChatterBot Delta reevaluating
2024-10-14 22:15:38.621246 Romeo: Yes
2024-10-14 22:15:38.621461 Delta: Yes
2024-10-14 22:15:38.621590 Papa: No
2024-10-14 22:15:38.622173 Yankee: No
2024-10-14 22:15:38.622300 X-ray: Yes
2024-10-14 22:15:38.622432 Whiskey: Yes
ChatterBot Delta reevaluating
ChatterBot Papa reevaluating
ChatterBot Romeo reevaluating
ChatterBot Papa reevaluating
ChatterBot Romeo reevaluating
ChatterBot Delta reevaluating
ChatterBot Romeo reevaluating
ChatterBot Delta reevaluating
ChatterBot Papa reevaluating
ChatterBot Romeo reevaluating
ChatterBot Delta reevaluating
ChatterBot Papa reevaluating
ChatterBot Romeo reevaluating
ChatterBot Delta reevaluating
ChatterBot Papa reevaluating
ChatterBot Delta round 3
ChatterBot Golf round 3
ChatterBot Papa round 3
ChatterBot X-ray round 3
2024-10-14 22:15:38.857697 Juliett: Delta, Papa, X-ray, Yankee and Whiskey, sending you 2
ChatterBot Quebec round 3
ChatterBot Yankee round 3
ChatterBot Whiskey round 3
2024-10-14 22:15:38.867441 Hotel: Juliett we want you to join our group
2024-10-14 22:15:38.871416 Juliett: No
ChatterBot Romeo reevaluating
ChatterBot Delta reevaluating
ChatterBot Papa reevaluating
ChatterBot Yankee reevaluating
2024-10-14 22:15:38.893496 Papa: We should add Juliett
2024-10-14 22:15:38.893952 Yankee: We should add Juliett
ChatterBot Romeo reevaluating
ChatterBot Delta reevaluating
ChatterBot Yankee reevaluating
2024-10-14 22:15:38.912167 Romeo: Yes
ChatterBot Romeo reevaluating
2024-10-14 22:15:38.915601 Delta: Yes
ChatterBot Delta reevaluating
ChatterBot Papa reevaluating
2024-10-14 22:15:38.922883 Hotel: Yes
2024-10-14 22:15:38.926329 Yankee: Yes
2024-10-14 22:15:38.926605 X-ray: Yes
2024-10-14 22:15:38.929756 Whiskey: Yes
2024-10-14 22:15:38.932896 Romeo: Yes
2024-10-14 22:15:38.933207 Delta: Yes
2024-10-14 22:15:38.933477 Papa: Yes
2024-10-14 22:15:38.933720 Hotel: Yes
2024-10-14 22:15:38.934394 X-ray: Yes
2024-10-14 22:15:38.934551 Whiskey: Yes
ChatterBot Delta reevaluating
ChatterBot Papa reevaluating
ChatterBot Yankee reevaluating
ChatterBot Romeo reevaluating
ChatterBot Papa reevaluating
ChatterBot Yankee reevaluating
ChatterBot Romeo reevaluating
ChatterBot Delta reevaluating
ChatterBot Papa reevaluating
ChatterBot Yankee reevaluating
ChatterBot Romeo reevaluating
ChatterBot Delta reevaluating
ChatterBot Papa reevaluating
ChatterBot Romeo reevaluating
ChatterBot Delta reevaluating
ChatterBot Papa reevaluating
ChatterBot Yankee reevaluating
ChatterBot Romeo reevaluating
ChatterBot Delta reevaluating
ChatterBot Papa reevaluating
ChatterBot Yankee reevaluating
ChatterBot Delta reevaluating
ChatterBot Papa reevaluating
ChatterBot Yankee reevaluating
ChatterBot Romeo reevaluating
ChatterBot Papa reevaluating
ChatterBot Yankee reevaluating
ChatterBot Romeo reevaluating
ChatterBot Delta reevaluating
ChatterBot Yankee reevaluating
ChatterBot Romeo reevaluating
ChatterBot Delta reevaluating
ChatterBot Papa reevaluating
ChatterBot Yankee reevaluating
ChatterBot Romeo reevaluating
ChatterBot Delta reevaluating
ChatterBot Papa reevaluating
ChatterBot Yankee reevaluating
ChatterBot Romeo reevaluating
ChatterBot Delta reevaluating
ChatterBot Papa reevaluating
ChatterBot Yankee reevaluating
2024-10-14 22:15:39.201018 Romeo: Juliett we want you to join our group
2024-10-14 22:15:39.204295 Juliett: No
ChatterBot Yankee reevaluating
2024-10-14 22:15:39.224773 Delta: We should drop Quebec
ChatterBot Yankee reevaluating
2024-10-14 22:15:39.245262 Whiskey: Yes
2024-10-14 22:15:39.245395 Hotel: Yes
2024-10-14 22:15:39.245509 Juliett: No
2024-10-14 22:15:39.245601 Romeo: Yes
2024-10-14 22:15:39.245706 Papa: Yes
2024-10-14 22:15:39.245813 X-ray: Yes
2024-10-14 22:15:39.246273 Yankee: Yes
ChatterBot Yankee reevaluating
ChatterBot Yankee reevaluating
ChatterBot Yankee reevaluating
ChatterBot Yankee reevaluating
ChatterBot Yankee reevaluating
ChatterBot Yankee reevaluating
2024-10-14 22:15:39.388731 Papa: Juliett we want you to join our group
2024-10-14 22:15:39.392481 Juliett: No
ChatterBot Yankee reevaluating
2024-10-14 22:15:39.413962 Juliett: Sorry, I'm actually sending you 0
2024-10-14 22:15:39.414226 Juliett: Sorry, I'm actually sending you 0
2024-10-14 22:15:39.414425 Juliett: Sorry, I'm actually sending you 0
2024-10-14 22:15:39.414609 Juliett: Sorry, I'm actually sending you 0
2024-10-14 22:15:39.414808 Juliett: Sorry, I'm actually sending you 0
2024-10-14 22:15:39.432956 Hotel: Juliett, Papa, X-ray and Yankee, sending you 2
2024-10-14 22:15:39.433494 Yankee: Juliett we want you to join our group
2024-10-14 22:15:39.437220 Juliett: No
2024-10-14 22:15:39.456580 Golf: Juliett, sending you 3
2024-10-14 22:15:39.457398 X-ray: Hotel and Romeo, sending you 2
2024-10-14 22:15:39.457946 Juliett: Golf, sending you 7
2024-10-14 22:15:39.458249 Hotel: Romeo, Delta and Whiskey, sending you 3
2024-10-14 22:15:39.463411 Golf: Quebec, sending you 16
2024-10-14 22:15:39.463717 X-ray: Juliett, Delta, Papa, Yankee and Whiskey, sending you 3
2024-10-14 22:15:39.464254 Romeo: Hotel, Juliett, Delta, X-ray, Yankee and Whiskey, sending you 2
2024-10-14 22:15:39.465230 Whiskey: Hotel, sending you 4
2024-10-14 22:15:39.465677 Papa: Hotel, Delta and Yankee, sending you 2
2024-10-14 22:15:39.466578 Juliett: Quebec, sending you 8
2024-10-14 22:15:39.466799 Delta: Hotel and Yankee, sending you 3
2024-10-14 22:15:39.467173 Quebec: Juliett, sending you 2
2024-10-14 22:15:39.475764 Papa: Juliett, sending you 1
2024-10-14 22:15:39.477008 Romeo: Papa, sending you 4
2024-10-14 22:15:39.477477 Whiskey: Juliett, Delta and Yankee, sending you 2
2024-10-14 22:15:39.478077 Delta: Juliett, Romeo, Papa, X-ray and Whiskey, sending you 2
2024-10-14 22:15:39.479007 Quebec: Golf, sending you 5
2024-10-14 22:15:39.481969 Papa: Romeo, X-ray and Whiskey, sending you 3
chatterbot Quebec submitting transactions
2024-10-14 22:15:39.483283 Yankee: Sending you each 2
2024-10-14 22:15:39.483931 Whiskey: Romeo, sending you 1
2024-10-14 22:15:39.491111 Whiskey: Papa and X-ray, sending you 3
chatterbot Delta submitting transactions
chatterbot Romeo submitting transactions
chatterbot Hotel submitting transactions
chatterbot Juliett submitting transactions
chatterbot Papa submitting transactions
chatterbot Yankee submitting transactions
chatterbot X-ray submitting transactions
chatterbot Golf submitting transactions
chatterbot Whiskey submitting transactions
ChatterBot Hotel round 4
ChatterBot Juliett round 4
ChatterBot Romeo round 4
ChatterBot Delta round 4
ChatterBot Golf round 4
ChatterBot Papa round 4
ChatterBot X-ray round 4
ChatterBot Quebec round 4
ChatterBot Yankee round 4
ChatterBot Whiskey round 4
2024-10-14 22:15:40.652521 Hotel: We should drop Juliett
ChatterBot Delta reevaluating
ChatterBot Yankee reevaluating
ChatterBot X-ray reevaluating
ChatterBot Whiskey reevaluating
2024-10-14 22:15:40.673095 Romeo: Yes
2024-10-14 22:15:40.673382 Delta: Yes
2024-10-14 22:15:40.673651 Papa: Yes
2024-10-14 22:15:40.673942 Yankee: Yes
2024-10-14 22:15:40.674736 X-ray: Yes
2024-10-14 22:15:40.675001 Whiskey: No
ChatterBot Delta reevaluating
ChatterBot Yankee reevaluating
ChatterBot X-ray reevaluating
ChatterBot Whiskey reevaluating
ChatterBot Yankee reevaluating
ChatterBot X-ray reevaluating
ChatterBot Whiskey reevaluating
ChatterBot Delta reevaluating
ChatterBot Yankee reevaluating
ChatterBot X-ray reevaluating
ChatterBot Whiskey reevaluating
ChatterBot Delta reevaluating
ChatterBot X-ray reevaluating
ChatterBot Whiskey reevaluating
ChatterBot Delta reevaluating
ChatterBot Yankee reevaluating
ChatterBot Whiskey reevaluating
ChatterBot Delta reevaluating
ChatterBot Yankee reevaluating
ChatterBot X-ray reevaluating
2024-10-14 22:15:40.862153 Juliett: Hotel, Romeo, Delta, Papa and Yankee, sending you 2
2024-10-14 22:15:40.863663 Delta: Hotel, X-ray and Yankee, sending you 3
2024-10-14 22:15:40.864388 Hotel: Romeo, Delta and Yankee, sending you 3
2024-10-14 22:15:40.865563 Golf: Juliett, sending you 8
2024-10-14 22:15:40.865882 Quebec: Juliett, sending you 5
2024-10-14 22:15:40.866203 Romeo: Hotel and Yankee, sending you 3
2024-10-14 22:15:40.867430 Delta: Juliett, sending you 1
2024-10-14 22:15:40.868650 Juliett: X-ray and Whiskey, sending you 3
2024-10-14 22:15:40.869315 Golf: Quebec, sending you 11
2024-10-14 22:15:40.870090 Hotel: Papa and X-ray, sending you 2
2024-10-14 22:15:40.870839 Quebec: Golf, sending you 4
2024-10-14 22:15:40.871256 Romeo: Delta, X-ray and Whiskey, sending you 2
2024-10-14 22:15:40.872546 Papa: Hotel, Delta and Yankee, sending you 2
2024-10-14 22:15:40.873900 Delta: Romeo, Papa and Whiskey, sending you 2
2024-10-14 22:15:40.880082 Hotel: Whiskey, sending you 4
2024-10-14 22:15:40.881702 Romeo: Papa, sending you 4
chatterbot Romeo submitting transactions
2024-10-14 22:15:40.882602 Papa: Romeo, sending you 4
2024-10-14 22:15:40.897296 Yankee: Hotel, Romeo, Papa and Whiskey, sending you 2
2024-10-14 22:15:40.898207 Papa: X-ray and Whiskey, sending you 3
2024-10-14 22:15:40.899540 X-ray: Romeo, Delta, Papa, Yankee and Whiskey, sending you 2
2024-10-14 22:15:40.900434 Whiskey: Hotel, sending you 4
2024-10-14 22:15:40.906742 Yankee: Delta and X-ray, sending you 3
2024-10-14 22:15:40.908469 Whiskey: Romeo and Yankee, sending you 2
2024-10-14 22:15:40.917402 Whiskey: Delta, Papa and X-ray, sending you 3
chatterbot X-ray submitting transactions
chatterbot Delta submitting transactions
chatterbot Yankee submitting transactions
chatterbot Juliett submitting transactions
chatterbot Whiskey submitting transactions
chatterbot Golf submitting transactions
chatterbot Quebec submitting transactions
chatterbot Hotel submitting transactions
chatterbot Papa submitting transactions
ChatterBot Hotel round 5
ChatterBot Juliett round 5
ChatterBot Romeo round 5
ChatterBot Delta round 5
ChatterBot Golf round 5
ChatterBot Papa round 5
ChatterBot X-ray round 5
ChatterBot Quebec round 5
ChatterBot Yankee round 5
ChatterBot Whiskey round 5
2024-10-14 22:15:41.914244 Quebec: We should add Delta
ChatterBot Juliett reevaluating
2024-10-14 22:15:41.921170 Juliett: Yes
2024-10-14 22:15:41.921370 Golf: No
ChatterBot Juliett reevaluating
2024-10-14 22:15:41.941278 Delta: We should drop Juliett
2024-10-14 22:15:41.959563 Romeo: Yes
2024-10-14 22:15:41.959740 Papa: Yes
2024-10-14 22:15:41.959858 Hotel: Yes
2024-10-14 22:15:41.960035 Yankee: Yes
2024-10-14 22:15:41.960626 X-ray: Yes
2024-10-14 22:15:41.960827 Whiskey: Yes
2024-10-14 22:15:42.158413 Quebec: Delta we want you to join our group
2024-10-14 22:15:42.165042 Delta: No
ChatterBot Juliett reevaluating
2024-10-14 22:15:42.195445 Golf: Juliett, sending you 7
2024-10-14 22:15:42.196546 Hotel: Romeo, Delta, Papa and Yankee, sending you 3
2024-10-14 22:15:42.198205 Romeo: Hotel and Yankee, sending you 3
2024-10-14 22:15:42.199026 X-ray: Hotel, Romeo, Delta, Papa and Yankee, sending you 3
2024-10-14 22:15:42.200421 Papa: Hotel, Delta and Yankee, sending you 2
2024-10-14 22:15:42.201312 Golf: Quebec, sending you 12
2024-10-14 22:15:42.204639 Hotel: X-ray, sending you 1
2024-10-14 22:15:42.205498 Romeo: Delta, X-ray and Whiskey, sending you 2
2024-10-14 22:15:42.206896 Yankee: Hotel, Romeo, Papa and Whiskey, sending you 2
2024-10-14 22:15:42.207673 X-ray: Whiskey, sending you 4
2024-10-14 22:15:42.209320 Delta: Hotel, X-ray, Yankee and Whiskey, sending you 3
2024-10-14 22:15:42.210892 Papa: Romeo, sending you 4
2024-10-14 22:15:42.211626 Whiskey: Hotel, sending you 4
2024-10-14 22:15:42.212933 Quebec: Juliett, sending you 3
2024-10-14 22:15:42.213328 Hotel: Whiskey, sending you 4
2024-10-14 22:15:42.214085 Romeo: Papa, sending you 4
2024-10-14 22:15:42.215652 Yankee: Delta and X-ray, sending you 3
2024-10-14 22:15:42.217213 Papa: X-ray and Whiskey, sending you 3
2024-10-14 22:15:42.218131 Delta: Romeo and Papa, sending you 2
2024-10-14 22:15:42.219994 Quebec: Delta, sending you 1
2024-10-14 22:15:42.220510 Whiskey: Romeo and Yankee, sending you 2
2024-10-14 22:15:42.222750 Quebec: Golf, sending you 4
2024-10-14 22:15:42.239474 Whiskey: Delta, Papa and X-ray, sending you 3
chatterbot Hotel submitting transactions
chatterbot Romeo submitting transactions
chatterbot X-ray submitting transactions
chatterbot Delta submitting transactions
chatterbot Golf submitting transactions
chatterbot Quebec submitting transactions
chatterbot Papa submitting transactions
chatterbot Juliett submitting transactions
chatterbot Yankee submitting transactions
chatterbot Whiskey submitting transactions
ChatterBot Hotel round 6
ChatterBot Juliett round 6
ChatterBot Romeo round 6
ChatterBot Delta round 6
ChatterBot Golf round 6
ChatterBot Papa round 6
ChatterBot X-ray round 6
ChatterBot Quebec round 6
ChatterBot Yankee round 6
ChatterBot Whiskey round 6
2024-10-14 22:15:43.173681 Hotel: Romeo and Delta, sending you 3
2024-10-14 22:15:43.178669 Hotel: Papa, X-ray and Yankee, sending you 2
2024-10-14 22:15:43.181675 Juliett: Delta, sending you 1
2024-10-14 22:15:43.183677 Yankee: Hotel, Romeo, Papa and Whiskey, sending you 2
2024-10-14 22:15:43.184932 Hotel: Whiskey, sending you 5
2024-10-14 22:15:43.185656 Juliett: Golf and Quebec, sending you 2
2024-10-14 22:15:43.186103 Quebec: Juliett and Golf, sending you 3
2024-10-14 22:15:43.186498 Golf: Juliett, sending you 5
2024-10-14 22:15:43.188694 Yankee: Delta and X-ray, sending you 3
2024-10-14 22:15:43.190278 Romeo: Hotel, X-ray and Yankee, sending you 3
2024-10-14 22:15:43.191032 Papa: Hotel, Delta and Yankee, sending you 2
2024-10-14 22:15:43.191751 Golf: Quebec, sending you 14
2024-10-14 22:15:43.193667 Whiskey: Hotel, sending you 4
2024-10-14 22:15:43.195679 Romeo: Delta, sending you 2
2024-10-14 22:15:43.197172 Delta: Hotel, X-ray, Yankee and Whiskey, sending you 3
2024-10-14 22:15:43.198066 Papa: Romeo, sending you 4
2024-10-14 22:15:43.198737 Whiskey: Romeo and Yankee, sending you 2
2024-10-14 22:15:43.199668 Romeo: Papa, sending you 4
2024-10-14 22:15:43.201666 Delta: Romeo and Papa, sending you 2
2024-10-14 22:15:43.202667 Papa: X-ray and Whiskey, sending you 3
2024-10-14 22:15:43.203281 Whiskey: Delta, Papa and X-ray, sending you 3
2024-10-14 22:15:43.203870 X-ray: Hotel, Romeo, Delta, Yankee and Whiskey, sending you 3
2024-10-14 22:15:43.205652 Romeo: Whiskey, sending you 1
2024-10-14 22:15:43.208675 X-ray: Papa, sending you 4
chatterbot Golf submitting transactions
chatterbot Whiskey submitting transactions
chatterbot Juliett submitting transactions
chatterbot Quebec submitting transactions
chatterbot Papa submitting transactions
chatterbot Romeo submitting transactions
chatterbot Delta submitting transactions
chatterbot Yankee submitting transactions
chatterbot X-ray submitting transactions
chatterbot Hotel submitting transactions
ChatterBot Hotel round 7
ChatterBot Juliett round 7
ChatterBot Romeo round 7
ChatterBot Delta round 7
ChatterBot Golf round 7
ChatterBot Papa round 7
ChatterBot X-ray round 7
ChatterBot Quebec round 7
ChatterBot Yankee round 7
ChatterBot Whiskey round 7
2024-10-14 22:15:44.333691 Delta: Hotel, X-ray, Yankee and Whiskey, sending you 3
2024-10-14 22:15:44.340955 Delta: Romeo and Papa, sending you 2
2024-10-14 22:15:44.343548 Romeo: Hotel and X-ray, sending you 3
2024-10-14 22:15:44.345992 Juliett: Golf, sending you 4
2024-10-14 22:15:44.347165 Golf: Juliett, sending you 6
2024-10-14 22:15:44.347677 Hotel: Romeo and Delta, sending you 3
2024-10-14 22:15:44.349664 Romeo: Delta, Yankee and Whiskey, sending you 2
2024-10-14 22:15:44.351071 Quebec: Juliett and Golf, sending you 3
2024-10-14 22:15:44.351360 X-ray: Hotel, Romeo, Delta, Papa and Whiskey, sending you 3
2024-10-14 22:15:44.352039 Papa: Hotel, Delta and Yankee, sending you 2
2024-10-14 22:15:44.353063 Golf: Quebec, sending you 13
2024-10-14 22:15:44.353461 Juliett: Quebec, sending you 8
2024-10-14 22:15:44.353705 Hotel: Papa, X-ray and Yankee, sending you 2
2024-10-14 22:15:44.355211 Romeo: Papa, sending you 4
2024-10-14 22:15:44.356876 Quebec: Delta, sending you 1
2024-10-14 22:15:44.357287 Yankee: Hotel, Romeo, Papa and Whiskey, sending you 2
2024-10-14 22:15:44.359164 X-ray: Yankee, sending you 4
2024-10-14 22:15:44.360709 Whiskey: Hotel, sending you 4
2024-10-14 22:15:44.362550 Papa: Romeo, sending you 4
2024-10-14 22:15:44.364280 Hotel: Whiskey, sending you 5
2024-10-14 22:15:44.366822 Yankee: Delta and X-ray, sending you 3
2024-10-14 22:15:44.369131 Whiskey: Romeo and Yankee, sending you 2
2024-10-14 22:15:44.371931 Papa: X-ray and Whiskey, sending you 3
2024-10-14 22:15:44.377050 Whiskey: Delta, Papa and X-ray, sending you 3
chatterbot X-ray submitting transactions
chatterbot Romeo submitting transactions
chatterbot Golf submitting transactions
chatterbot Whiskey submitting transactions
chatterbot Quebec submitting transactions
chatterbot Hotel submitting transactions
chatterbot Papa submitting transactions
chatterbot Juliett submitting transactions
chatterbot Delta submitting transactions
chatterbot Yankee submitting transactions
ChatterBot Hotel round 8
ChatterBot Juliett round 8
ChatterBot Romeo round 8
ChatterBot Delta round 8
ChatterBot Golf round 8
ChatterBot Papa round 8
ChatterBot X-ray round 8
ChatterBot Quebec round 8
ChatterBot Yankee round 8
ChatterBot Whiskey round 8
2024-10-14 22:15:45.624675 Juliett: Golf, sending you 4
2024-10-14 22:15:45.628678 Juliett: Quebec, sending you 8
2024-10-14 22:15:45.630668 Delta: Hotel, X-ray, Yankee and Whiskey, sending you 3
2024-10-14 22:15:45.632852 Romeo: Hotel and X-ray, sending you 3
2024-10-14 22:15:45.634249 Whiskey: Hotel, sending you 4
2024-10-14 22:15:45.636433 X-ray: Hotel, Romeo, Delta, Papa and Whiskey, sending you 3
2024-10-14 22:15:45.639557 Delta: Romeo and Papa, sending you 2
2024-10-14 22:15:45.641770 Romeo: Delta, Yankee and Whiskey, sending you 2
2024-10-14 22:15:45.644140 Papa: Hotel, Delta and Yankee, sending you 2
2024-10-14 22:15:45.645565 Hotel: Romeo and Delta, sending you 3
2024-10-14 22:15:45.647509 Whiskey: Romeo and Yankee, sending you 2
2024-10-14 22:15:45.649497 Quebec: Juliett, sending you 5
2024-10-14 22:15:45.650650 X-ray: Yankee, sending you 4
2024-10-14 22:15:45.652972 Golf: Juliett, sending you 7
2024-10-14 22:15:45.653415 Romeo: Papa, sending you 4
2024-10-14 22:15:45.655741 Papa: Romeo, sending you 4
2024-10-14 22:15:45.657683 Hotel: Papa, X-ray and Yankee, sending you 2
2024-10-14 22:15:45.659365 Whiskey: Delta, Papa and X-ray, sending you 3
2024-10-14 22:15:45.660727 Quebec: Golf, sending you 2
2024-10-14 22:15:45.661680 Golf: Quebec, sending you 12
2024-10-14 22:15:45.662099 Yankee: Hotel, Romeo, Papa and Whiskey, sending you 2
2024-10-14 22:15:45.663821 Papa: X-ray and Whiskey, sending you 3
2024-10-14 22:15:45.665466 Hotel: Whiskey, sending you 5
2024-10-14 22:15:45.666701 Yankee: Delta and X-ray, sending you 3
chatterbot Delta submitting transactions
chatterbot Golf submitting transactions
chatterbot Papa submitting transactions
chatterbot Juliett submitting transactions
chatterbot Yankee submitting transactions
chatterbot Hotel submitting transactions
chatterbot Whiskey submitting transactions
chatterbot Romeo submitting transactions
chatterbot X-ray submitting transactions
chatterbot Quebec submitting transactions
ChatterBot Hotel round 9
ChatterBot Juliett round 9
ChatterBot Romeo round 9
ChatterBot Delta round 9
ChatterBot Golf round 9
ChatterBot Papa round 9
ChatterBot X-ray round 9
ChatterBot Quebec round 9
ChatterBot Yankee round 9
ChatterBot Whiskey round 9
2024-10-14 22:15:46.959686 Romeo: Hotel and X-ray, sending you 3
2024-10-14 22:15:46.962851 Yankee: Hotel, Romeo, Papa and Whiskey, sending you 2
2024-10-14 22:15:46.964876 Delta: Hotel, X-ray, Yankee and Whiskey, sending you 3
2024-10-14 22:15:46.966731 Quebec: Juliett, sending you 4
2024-10-14 22:15:46.967304 X-ray: Hotel, Romeo, Delta, Papa and Whiskey, sending you 3
2024-10-14 22:15:46.969215 Golf: Juliett, sending you 8
2024-10-14 22:15:46.969610 Juliett: Delta and Golf, sending you 4
2024-10-14 22:15:46.970814 Papa: Hotel, Delta and Yankee, sending you 2
2024-10-14 22:15:46.972601 Romeo: Delta, Yankee and Whiskey, sending you 2
2024-10-14 22:15:46.973872 Yankee: Delta and X-ray, sending you 3
2024-10-14 22:15:46.975565 Quebec: Golf, sending you 2
2024-10-14 22:15:46.976474 Delta: Romeo and Papa, sending you 2
2024-10-14 22:15:46.977760 Golf: Quebec, sending you 11
2024-10-14 22:15:46.978632 X-ray: Yankee, sending you 4
2024-10-14 22:15:46.980764 Juliett: Quebec, sending you 6
2024-10-14 22:15:46.981263 Papa: Romeo, sending you 4
2024-10-14 22:15:46.982845 Hotel: Romeo, Delta and X-ray, sending you 3
2024-10-14 22:15:46.985253 Romeo: Papa, sending you 4
2024-10-14 22:15:46.985979 Whiskey: Hotel, sending you 4
2024-10-14 22:15:46.987690 Papa: X-ray and Whiskey, sending you 3
2024-10-14 22:15:46.989809 Hotel: Papa and Yankee, sending you 2
2024-10-14 22:15:46.991719 Whiskey: Romeo and Yankee, sending you 2
2024-10-14 22:15:46.995698 Hotel: Whiskey, sending you 4
2024-10-14 22:15:46.997292 Whiskey: Delta, Papa and X-ray, sending you 3
chatterbot Juliett submitting transactions
chatterbot Romeo submitting transactions
chatterbot Hotel submitting transactions
chatterbot X-ray submitting transactions
chatterbot Delta submitting transactions
chatterbot Yankee submitting transactions
chatterbot Whiskey submitting transactions
chatterbot Golf submitting transactions
chatterbot Quebec submitting transactions
chatterbot Papa submitting transactions
ChatterBot Hotel round 10
ChatterBot Juliett round 10
ChatterBot Romeo round 10
ChatterBot Delta round 10
ChatterBot Golf round 10
ChatterBot Papa round 10
ChatterBot X-ray round 10
ChatterBot Quebec round 10
ChatterBot Yankee round 10
ChatterBot Whiskey round 10
2024-10-14 22:15:48.758035 Romeo: Hotel and X-ray, sending you 3
chatterbot Whiskey submitting transactions
2024-10-14 22:15:48.763136 X-ray: Hotel, Romeo, Delta, Papa and Whiskey, sending you 3
2024-10-14 22:15:48.767039 Juliett: Golf, sending you 4
2024-10-14 22:15:48.767763 Quebec: Juliett, sending you 4
2024-10-14 22:15:48.769300 Hotel: Romeo, Delta and X-ray, sending you 3
2024-10-14 22:15:48.773311 Golf: Juliett, sending you 9
2024-10-14 22:15:48.774438 Yankee: Hotel, Romeo, Papa and Whiskey, sending you 2
2024-10-14 22:15:48.778369 Papa: Hotel, Delta and Yankee, sending you 2
2024-10-14 22:15:48.781575 Delta: Hotel, X-ray, Yankee and Whiskey, sending you 3
2024-10-14 22:15:48.785659 Romeo: Delta, Yankee and Whiskey, sending you 2
2024-10-14 22:15:48.789432 X-ray: Yankee, sending you 4
2024-10-14 22:15:48.793254 Juliett: Quebec, sending you 8
2024-10-14 22:15:48.794068 Quebec: Golf, sending you 2
2024-10-14 22:15:48.795670 Hotel: Papa and Yankee, sending you 2
2024-10-14 22:15:48.798968 Golf: Quebec, sending you 10
2024-10-14 22:15:48.800447 Yankee: Delta and X-ray, sending you 3
2024-10-14 22:15:48.804070 Papa: Romeo, sending you 4
2024-10-14 22:15:48.807610 Delta: Romeo and Papa, sending you 2
2024-10-14 22:15:48.811640 Whiskey: Hotel, sending you 4
2024-10-14 22:15:48.815271 Romeo: Papa, sending you 4
2024-10-14 22:15:48.819094 Hotel: Whiskey, sending you 4
2024-10-14 22:15:48.822553 Papa: X-ray and Whiskey, sending you 3
2024-10-14 22:15:48.826798 Whiskey: Romeo and Yankee, sending you 2
2024-10-14 22:15:48.835310 Whiskey: Delta, Papa and X-ray, sending you 3
chatterbot Yankee submitting transactions
chatterbot X-ray submitting transactions
chatterbot Papa submitting transactions
chatterbot Romeo submitting transactions
chatterbot Quebec submitting transactions
chatterbot Golf submitting transactions
chatterbot Delta submitting transactions
chatterbot Juliett submitting transactions
chatterbot Hotel submitting transactions
ChatterBot Hotel round 11
ChatterBot Juliett round 11
ChatterBot Romeo round 11
ChatterBot Delta round 11
ChatterBot Golf round 11
ChatterBot Papa round 11
ChatterBot X-ray round 11
ChatterBot Quebec round 11
ChatterBot Yankee round 11
ChatterBot Whiskey round 11
2024-10-14 22:15:49.572444 Quebec: We should replace Delta with Yankee
2024-10-14 22:15:49.578282 Juliett: No
2024-10-14 22:15:49.579073 Golf: No
ChatterBot Quebec reevaluating
ChatterBot Quebec reevaluating
2024-10-14 22:15:49.604672 Delta: Hotel, X-ray, Yankee and Whiskey, sending you 3
2024-10-14 22:15:49.608704 Romeo: Hotel and X-ray, sending you 3
2024-10-14 22:15:49.610760 Delta: Romeo and Papa, sending you 2
2024-10-14 22:15:49.612950 Yankee: Hotel, Romeo, Delta, Papa and Whiskey, sending you 2
2024-10-14 22:15:49.615652 Romeo: Delta, Yankee and Whiskey, sending you 2
2024-10-14 22:15:49.618222 Juliett: Golf, sending you 4
2024-10-14 22:15:49.619290 X-ray: Hotel, Romeo, Delta, Papa and Whiskey, sending you 3
2024-10-14 22:15:49.621893 Yankee: X-ray, sending you 4
2024-10-14 22:15:49.623977 Romeo: Papa, sending you 4
2024-10-14 22:15:49.626126 Juliett: Quebec, sending you 8
2024-10-14 22:15:49.626671 Hotel: Romeo, Delta and X-ray, sending you 3
2024-10-14 22:15:49.629478 Whiskey: Hotel, sending you 4
2024-10-14 22:15:49.631461 Quebec: Juliett, sending you 4
2024-10-14 22:15:49.631906 X-ray: Yankee, sending you 4
2024-10-14 22:15:49.634065 Golf: Juliett, sending you 9
2024-10-14 22:15:49.634643 Papa: Hotel, Delta and Yankee, sending you 2
2024-10-14 22:15:49.636820 Hotel: Papa and Yankee, sending you 2
2024-10-14 22:15:49.639286 Whiskey: Romeo and Yankee, sending you 2
2024-10-14 22:15:49.641840 Quebec: Golf, sending you 2
2024-10-14 22:15:49.642345 Golf: Quebec, sending you 10
2024-10-14 22:15:49.642793 Papa: Romeo, sending you 4
2024-10-14 22:15:49.645106 Hotel: Whiskey, sending you 4
2024-10-14 22:15:49.647587 Whiskey: Delta, Papa and X-ray, sending you 3
2024-10-14 22:15:49.649654 Papa: X-ray and Whiskey, sending you 3
chatterbot Hotel submitting transactions
chatterbot Juliett submitting transactions
chatterbot X-ray submitting transactions
chatterbot Whiskey submitting transactions
chatterbot Golf submitting transactions
chatterbot Quebec submitting transactions
chatterbot Papa submitting transactions
chatterbot Yankee submitting transactions
chatterbot Romeo submitting transactions
chatterbot Delta submitting transactions
ChatterBot Hotel round 12
ChatterBot Juliett round 12
ChatterBot Romeo round 12
ChatterBot Delta round 12
