ChatterBot Bravo round 1
ChatterBot Quebec round 1
ChatterBot Victor round 1
ChatterBot X-ray round 1
ChatterBot Yankee round 1
ChatterBot Uniform round 1
ChatterBot Sierra round 1
ChatterBot India round 1
ChatterBot Hotel round 1
randomSelections Victor: {Victor, India, X-ray, Uniform, Yankee, Quebec} 
2024-10-14 19:55:00.126525 Victor: We would work well together
ChatterBot India reevaluating
ChatterBot X-ray reevaluating
ChatterBot Uniform reevaluating
ChatterBot Yankee reevaluating
ChatterBot Quebec reevaluating
2024-10-14 19:55:00.149369 India: Yes
2024-10-14 19:55:00.149608 X-ray: Yes
2024-10-14 19:55:00.151431 Uniform: Yes
2024-10-14 19:55:00.151644 Yankee: Yes
2024-10-14 19:55:00.151847 Quebec: Yes
ChatterBot X-ray reevaluating
ChatterBot Uniform reevaluating
ChatterBot Yankee reevaluating
ChatterBot Quebec reevaluating
ChatterBot India reevaluating
ChatterBot Uniform reevaluating
ChatterBot Yankee reevaluating
ChatterBot Quebec reevaluating
ChatterBot India reevaluating
ChatterBot X-ray reevaluating
ChatterBot Yankee reevaluating
ChatterBot Quebec reevaluating
ChatterBot India reevaluating
ChatterBot X-ray reevaluating
ChatterBot Uniform reevaluating
ChatterBot Quebec reevaluating
ChatterBot India reevaluating
ChatterBot X-ray reevaluating
ChatterBot Uniform reevaluating
ChatterBot Yankee reevaluating
randomSelections Sierra: {Sierra, Yankee, Hotel, Victor, Uniform, Bravo} 
2024-10-14 19:55:00.263369 Sierra: We should group up
ChatterBot Yankee reevaluating
ChatterBot Hotel reevaluating
ChatterBot Uniform reevaluating
ChatterBot Bravo reevaluating
2024-10-14 19:55:00.287418 Yankee: No
2024-10-14 19:55:00.288560 Hotel: Yes
2024-10-14 19:55:00.288815 Victor: No
2024-10-14 19:55:00.289100 Uniform: No
2024-10-14 19:55:00.289394 Bravo: Yes
ChatterBot Hotel reevaluating
ChatterBot Uniform reevaluating
ChatterBot Bravo reevaluating
ChatterBot Yankee reevaluating
ChatterBot Uniform reevaluating
ChatterBot Bravo reevaluating
ChatterBot Yankee reevaluating
ChatterBot Hotel reevaluating
ChatterBot Uniform reevaluating
ChatterBot Bravo reevaluating
ChatterBot Yankee reevaluating
ChatterBot Hotel reevaluating
ChatterBot Bravo reevaluating
ChatterBot Yankee reevaluating
ChatterBot Hotel reevaluating
ChatterBot Uniform reevaluating
ChatterBot Juliett round 1
randomSelections Juliett: {Juliett, Bravo, X-ray, Sierra, Uniform, Quebec} 
2024-10-14 19:55:00.429825 Juliett: We would work well together
2024-10-14 19:55:00.440413 Bravo: No
2024-10-14 19:55:00.440847 X-ray: No
2024-10-14 19:55:00.441313 Sierra: No
2024-10-14 19:55:00.442136 Uniform: No
2024-10-14 19:55:00.442389 Quebec: No
2024-10-14 19:55:00.497879 Victor: Quebec, sending you 5
2024-10-14 19:55:00.499039 Quebec: Victor and Uniform, sending you 2
2024-10-14 19:55:00.500441 Uniform: Quebec, sending you 3
2024-10-14 19:55:00.502422 Sierra: Bravo, sending you 1
2024-10-14 19:55:00.504254 Yankee: Quebec and India, sending you 2
2024-10-14 19:55:00.504992 Quebec: X-ray, sending you 1
2024-10-14 19:55:00.506820 Victor: X-ray and Yankee, sending you 3
2024-10-14 19:55:00.507741 Uniform: Victor, sending you 5
2024-10-14 19:55:00.509588 Sierra: Victor and Yankee, sending you 2
2024-10-14 19:55:00.511670 Yankee: Victor, sending you 3
2024-10-14 19:55:00.512468 India: Quebec, sending you 2
2024-10-14 19:55:00.514240 Quebec: Yankee, sending you 10
2024-10-14 19:55:00.515789 Hotel: Bravo, Uniform and Sierra, sending you 4
2024-10-14 19:55:00.516781 Victor: Uniform, sending you 2
2024-10-14 19:55:00.518247 Juliett: Bravo, sending you 3
2024-10-14 19:55:00.519653 Uniform: X-ray and India, sending you 2
2024-10-14 19:55:00.520418 Bravo: Victor and Yankee, sending you 2
2024-10-14 19:55:00.522024 X-ray: Quebec and Uniform, sending you 3
2024-10-14 19:55:00.523578 Sierra: Uniform, sending you 3
2024-10-14 19:55:00.524286 Yankee: X-ray and Uniform, sending you 5
2024-10-14 19:55:00.525879 India: Victor, sending you 6
2024-10-14 19:55:00.527204 Quebec: India, sending you 3
2024-10-14 19:55:00.528054 Hotel: Victor, sending you 1
2024-10-14 19:55:00.529766 Victor: India, sending you 4
2024-10-14 19:55:00.531327 Juliett: Quebec, sending you 6
2024-10-14 19:55:00.532834 Uniform: Yankee, sending you 4
2024-10-14 19:55:00.533747 Bravo: Uniform, sending you 4
2024-10-14 19:55:00.534890 Sierra: Hotel, sending you 4
2024-10-14 19:55:00.535773 X-ray: Victor, sending you 5
2024-10-14 19:55:00.537429 India: X-ray, sending you 4
2024-10-14 19:55:00.538844 Hotel: Yankee, sending you 2
2024-10-14 19:55:00.540510 Juliett: Uniform, sending you 4
2024-10-14 19:55:00.541912 Bravo: Sierra and Hotel, sending you 1
2024-10-14 19:55:00.542792 X-ray: India, sending you 4
2024-10-14 19:55:00.544404 India: Yankee, sending you 5
2024-10-14 19:55:00.546761 Juliett: Sierra, sending you 2
2024-10-14 19:55:00.550668 India: Uniform, sending you 1
chatterbot Quebec submitting transactions
chatterbot Uniform submitting transactions
chatterbot Bravo submitting transactions
chatterbot Victor submitting transactions
chatterbot X-ray submitting transactions
chatterbot Sierra submitting transactions
chatterbot Juliett submitting transactions
chatterbot Yankee submitting transactions
chatterbot Hotel submitting transactions
chatterbot India submitting transactions
ChatterBot Bravo round 2
ChatterBot Quebec round 2
ChatterBot Victor round 2
ChatterBot X-ray round 2
ChatterBot Yankee round 2
ChatterBot Uniform round 2
2024-10-14 19:55:01.696527 Quebec: We should add Juliett
ChatterBot India reevaluating
ChatterBot X-ray reevaluating
ChatterBot Uniform reevaluating
ChatterBot Yankee reevaluating
2024-10-14 19:55:01.739150 Victor: No
2024-10-14 19:55:01.739379 India: No
2024-10-14 19:55:01.739576 X-ray: No
2024-10-14 19:55:01.739759 Uniform: No
2024-10-14 19:55:01.739941 Yankee: No
ChatterBot India reevaluating
ChatterBot X-ray reevaluating
ChatterBot Uniform reevaluating
ChatterBot Yankee reevaluating
ChatterBot X-ray reevaluating
ChatterBot Uniform reevaluating
ChatterBot Yankee reevaluating
ChatterBot India reevaluating
ChatterBot Uniform reevaluating
ChatterBot Yankee reevaluating
ChatterBot India reevaluating
ChatterBot X-ray reevaluating
ChatterBot Yankee reevaluating
ChatterBot India reevaluating
ChatterBot X-ray reevaluating
ChatterBot Uniform reevaluating
ChatterBot Sierra round 2
ChatterBot India round 2
ChatterBot Hotel round 2
ChatterBot Juliett round 2
2024-10-14 19:55:01.927075 Bravo: Let's form a team
ChatterBot Sierra reevaluating
ChatterBot Hotel reevaluating
ChatterBot Juliett reevaluating
2024-10-14 19:55:01.942225 Sierra: Yes
2024-10-14 19:55:01.942516 Hotel: Yes
2024-10-14 19:55:01.942744 Juliett: Yes
ChatterBot Hotel reevaluating
ChatterBot Juliett reevaluating
ChatterBot Sierra reevaluating
ChatterBot Juliett reevaluating
ChatterBot Sierra reevaluating
ChatterBot Hotel reevaluating
2024-10-14 19:55:01.987591 Hotel: We would work well together
ChatterBot Sierra reevaluating
2024-10-14 19:55:01.998439 Bravo: Yes
2024-10-14 19:55:01.998653 Sierra: Yes
ChatterBot Hotel reevaluating
ChatterBot Sierra reevaluating
ChatterBot Hotel reevaluating
2024-10-14 19:55:02.029982 Quebec: Juliett we want you to join our group
ChatterBot Juliett reevaluating
2024-10-14 19:55:02.035737 Juliett: No
ChatterBot X-ray reevaluating
ChatterBot Yankee reevaluating
ChatterBot Uniform reevaluating
ChatterBot India reevaluating
2024-10-14 19:55:02.066205 India: We should add Juliett
ChatterBot X-ray reevaluating
ChatterBot Uniform reevaluating
ChatterBot Yankee reevaluating
2024-10-14 19:55:02.089184 Victor: No
2024-10-14 19:55:02.089475 X-ray: No
2024-10-14 19:55:02.089656 Uniform: No
2024-10-14 19:55:02.089835 Yankee: No
2024-10-14 19:55:02.090004 Quebec: Yes
ChatterBot India reevaluating
ChatterBot X-ray reevaluating
ChatterBot Uniform reevaluating
ChatterBot Yankee reevaluating
ChatterBot India reevaluating
ChatterBot Uniform reevaluating
ChatterBot Yankee reevaluating
ChatterBot India reevaluating
ChatterBot X-ray reevaluating
ChatterBot Yankee reevaluating
ChatterBot India reevaluating
ChatterBot X-ray reevaluating
ChatterBot Uniform reevaluating
ChatterBot India reevaluating
ChatterBot X-ray reevaluating
ChatterBot Uniform reevaluating
ChatterBot Yankee reevaluating
2024-10-14 19:55:03.007220 Victor: Quebec, sending you 3
chatterbot Quebec submitting transactions
chatterbot Bravo submitting transactions
chatterbot Victor submitting transactions
2024-10-14 19:55:03.661530 Victor: X-ray, Yankee, Uniform and India, sending you 4
2024-10-14 19:55:03.662838 Yankee: Quebec, sending you 5
2024-10-14 19:55:03.663406 Uniform: Quebec and Victor, sending you 3
2024-10-14 19:55:03.664859 Bravo: Sierra, sending you 4
2024-10-14 19:55:03.665953 X-ray: Sending you each 3
2024-10-14 19:55:03.666550 Quebec: Victor, X-ray, Yankee and Uniform, sending you 3
2024-10-14 19:55:03.667976 Sierra: Sending you each 5
2024-10-14 19:55:03.668643 Juliett: Bravo, Sierra and Hotel, sending you 4
chatterbot Juliett submitting transactions
chatterbot Hotel submitting transactions
chatterbot Yankee submitting transactions
chatterbot Sierra submitting transactions
chatterbot Uniform submitting transactions
chatterbot X-ray submitting transactions
2024-10-14 19:55:03.671562 Yankee: Victor and Uniform, sending you 3
2024-10-14 19:55:03.672883 Uniform: X-ray, sending you 4
2024-10-14 19:55:03.674083 Bravo: Hotel and Juliett, sending you 5
2024-10-14 19:55:03.674803 Quebec: India, sending you 2
2024-10-14 19:55:03.676012 Hotel: Sending you each 5
2024-10-14 19:55:03.676626 Juliett: Yankee, sending you 3
2024-10-14 19:55:03.677644 India: Quebec, Victor and X-ray, sending you 4
2024-10-14 19:55:03.678717 Yankee: X-ray, sending you 2
2024-10-14 19:55:03.679319 Uniform: Yankee, sending you 5
2024-10-14 19:55:03.680270 Quebec: Juliett, sending you 4
2024-10-14 19:55:03.948051 Yankee: India, sending you 4
2024-10-14 19:55:03.949173 India: Yankee and Uniform, sending you 3
2024-10-14 19:55:03.949564 Uniform: India, sending you 2
chatterbot India submitting transactions
2024-10-14 19:55:03.964774 India: Quebec did not give me 3 like they said
ChatterBot Victor reevaluating
ChatterBot X-ray reevaluating
ChatterBot Uniform reevaluating
ChatterBot Yankee reevaluating
ChatterBot Quebec reevaluating
2024-10-14 19:55:03.981552 India: X-ray did not give me 4 like they said
ChatterBot Victor reevaluating
ChatterBot X-ray reevaluating
ChatterBot Uniform reevaluating
ChatterBot Yankee reevaluating
ChatterBot Quebec reevaluating
ChatterBot Bravo round 3
ChatterBot Quebec round 3
ChatterBot Victor round 3
ChatterBot X-ray round 3
ChatterBot Yankee round 3
ChatterBot Uniform round 3
ChatterBot Sierra round 3
ChatterBot India round 3
ChatterBot Hotel round 3
ChatterBot Juliett round 3
2024-10-14 19:55:04.346909 Juliett: We should replace Yankee with Quebec
2024-10-14 19:55:04.358423 Bravo: No
2024-10-14 19:55:04.358753 Sierra: No
2024-10-14 19:55:04.359013 Hotel: No
2024-10-14 19:55:04.421167 Quebec: We should drop Juliett
ChatterBot Victor reevaluating
ChatterBot X-ray reevaluating
ChatterBot Uniform reevaluating
2024-10-14 19:55:04.442695 Victor: Yes
2024-10-14 19:55:04.443548 India: Yes
2024-10-14 19:55:04.443768 X-ray: Yes
2024-10-14 19:55:04.443983 Uniform: Yes
2024-10-14 19:55:04.444175 Yankee: Yes
ChatterBot X-ray reevaluating
ChatterBot Uniform reevaluating
ChatterBot Victor reevaluating
ChatterBot X-ray reevaluating
ChatterBot Uniform reevaluating
ChatterBot Victor reevaluating
ChatterBot Uniform reevaluating
ChatterBot Victor reevaluating
ChatterBot X-ray reevaluating
ChatterBot Victor reevaluating
ChatterBot X-ray reevaluating
ChatterBot Uniform reevaluating
2024-10-14 19:55:04.551001 Juliett: Quebec we want you to join our group
2024-10-14 19:55:04.556116 Quebec: No
2024-10-14 19:55:04.583869 Sierra: Same as last round
2024-10-14 19:55:04.584317 Yankee: Quebec and Uniform, sending you 4
2024-10-14 19:55:04.590157 Yankee: Victor, X-ray and India, sending you 3
2024-10-14 19:55:04.590704 Victor: Quebec, sending you 3
2024-10-14 19:55:04.591719 India: Quebec and Uniform, sending you 3
2024-10-14 19:55:04.593193 Juliett: Bravo, Sierra and Hotel, sending you 4
2024-10-14 19:55:04.593486 Bravo: Sierra and Hotel, sending you 5
2024-10-14 19:55:04.593858 Hotel: Same as last round
2024-10-14 19:55:04.594125 X-ray: Same as last round
2024-10-14 19:55:04.595189 Quebec: Victor, Yankee and Uniform, sending you 4
2024-10-14 19:55:04.595775 Victor: X-ray, Yankee, Uniform and India, sending you 4
2024-10-14 19:55:04.596475 Juliett: Quebec, sending you 3
2024-10-14 19:55:04.598522 India: Victor, X-ray and Yankee, sending you 4
2024-10-14 19:55:04.599422 Bravo: Juliett, sending you 4
2024-10-14 19:55:04.599678 Uniform: Quebec, X-ray and India, sending you 3
2024-10-14 19:55:04.601272 Quebec: X-ray and India, sending you 3
2024-10-14 19:55:04.604191 Uniform: Victor and Yankee, sending you 4
chatterbot Juliett submitting transactions
chatterbot Quebec submitting transactions
chatterbot Yankee submitting transactions
chatterbot Sierra submitting transactions
chatterbot Bravo submitting transactions
chatterbot Hotel submitting transactions
chatterbot Victor submitting transactions
chatterbot India submitting transactions
chatterbot Uniform submitting transactions
chatterbot X-ray submitting transactions
ChatterBot Bravo round 4
ChatterBot Quebec round 4
ChatterBot Victor round 4
ChatterBot X-ray round 4
ChatterBot Yankee round 4
ChatterBot Uniform round 4
ChatterBot Sierra round 4
ChatterBot India round 4
ChatterBot Hotel round 4
ChatterBot Juliett round 4
2024-10-14 19:55:06.827688 Yankee: Quebec and Uniform, sending you 4
2024-10-14 19:55:06.828799 Uniform: Quebec, X-ray and India, sending you 3
2024-10-14 19:55:06.829517 Quebec: Victor, Yankee and Uniform, sending you 4
2024-10-14 19:55:06.831053 Bravo: Sierra and Hotel, sending you 5
2024-10-14 19:55:06.831534 Juliett: Bravo, Sierra and Hotel, sending you 4
2024-10-14 19:55:06.833813 Yankee: Victor, X-ray and India, sending you 3
2024-10-14 19:55:06.834406 Uniform: Victor and Yankee, sending you 4
2024-10-14 19:55:06.834831 Quebec: X-ray and India, sending you 3
2024-10-14 19:55:06.835258 Bravo: Juliett, sending you 4
2024-10-14 19:55:06.835496 Juliett: Quebec, sending you 3
2024-10-14 19:55:06.836716 Hotel: Same as last round
2024-10-14 19:55:06.836975 X-ray: Same as last round
2024-10-14 19:55:06.837649 India: Quebec and Uniform, sending you 3
2024-10-14 19:55:06.838112 Victor: Quebec, sending you 3
2024-10-14 19:55:06.839050 Sierra: Same as last round
2024-10-14 19:55:06.840668 India: Victor, X-ray and Yankee, sending you 4
2024-10-14 19:55:06.841830 Victor: X-ray, Yankee, Uniform and India, sending you 4
chatterbot Hotel submitting transactions
chatterbot Yankee submitting transactions
chatterbot Victor submitting transactions
chatterbot X-ray submitting transactions
chatterbot Sierra submitting transactions
chatterbot India submitting transactions
chatterbot Juliett submitting transactions
chatterbot Bravo submitting transactions
chatterbot Uniform submitting transactions
chatterbot Quebec submitting transactions
ChatterBot Bravo round 5
ChatterBot Quebec round 5
ChatterBot Victor round 5
ChatterBot X-ray round 5
ChatterBot Yankee round 5
ChatterBot Uniform round 5
ChatterBot Sierra round 5
ChatterBot India round 5
ChatterBot Hotel round 5
ChatterBot Juliett round 5
2024-10-14 19:55:08.105673 Yankee: Quebec and Uniform, sending you 4
2024-10-14 19:55:08.107704 Bravo: Sierra and Hotel, sending you 5
2024-10-14 19:55:08.110659 Yankee: Victor, X-ray and India, sending you 3
2024-10-14 19:55:08.111849 Bravo: Juliett, sending you 4
2024-10-14 19:55:08.114672 India: Quebec and Uniform, sending you 3
2024-10-14 19:55:08.118706 Quebec: Victor, Yankee and Uniform, sending you 4
2024-10-14 19:55:08.119411 India: Victor, X-ray and Yankee, sending you 4
2024-10-14 19:55:08.120479 Victor: Quebec, X-ray, Uniform and India, sending you 4
2024-10-14 19:55:08.121208 Sierra: Same as last round
2024-10-14 19:55:08.121643 X-ray: Same as last round
2024-10-14 19:55:08.123703 Quebec: X-ray and India, sending you 3
2024-10-14 19:55:08.125302 Victor: Yankee, sending you 3
2024-10-14 19:55:08.127669 Uniform: Quebec, X-ray and India, sending you 3
2024-10-14 19:55:08.128651 Hotel: Same as last round
2024-10-14 19:55:08.129032 Juliett: Bravo and Hotel, sending you 4
2024-10-14 19:55:08.131674 Uniform: Victor and Yankee, sending you 4
2024-10-14 19:55:08.133694 Juliett: Quebec, sending you 2
2024-10-14 19:55:08.137081 Juliett: Sierra, sending you 5
chatterbot Juliett submitting transactions
chatterbot Quebec submitting transactions
chatterbot Yankee submitting transactions
chatterbot Sierra submitting transactions
chatterbot Bravo submitting transactions
chatterbot Uniform submitting transactions
chatterbot India submitting transactions
chatterbot Hotel submitting transactions
chatterbot Victor submitting transactions
chatterbot X-ray submitting transactions
ChatterBot Bravo round 6
ChatterBot Quebec round 6
ChatterBot Victor round 6
ChatterBot X-ray round 6
ChatterBot Yankee round 6
ChatterBot Uniform round 6
ChatterBot Sierra round 6
ChatterBot India round 6
ChatterBot Hotel round 6
ChatterBot Juliett round 6
2024-10-14 19:55:09.350605 Juliett: We should replace Quebec with X-ray
2024-10-14 19:55:09.359015 Bravo: No
2024-10-14 19:55:09.359224 Sierra: No
2024-10-14 19:55:09.359398 Hotel: No
ChatterBot Juliett reevaluating
ChatterBot Juliett reevaluating
ChatterBot Juliett reevaluating
2024-10-14 19:55:09.392673 Quebec: Victor, Yankee and Uniform, sending you 4
2024-10-14 19:55:09.393597 X-ray: Same as last round
2024-10-14 19:55:09.396397 Victor: Quebec, Yankee, Uniform and India, sending you 4
2024-10-14 19:55:09.398220 Quebec: X-ray and India, sending you 3
2024-10-14 19:55:09.400679 Hotel: Same as last round
2024-10-14 19:55:09.401680 Victor: X-ray, sending you 3
2024-10-14 19:55:09.402591 Bravo: Sierra and Hotel, sending you 5
2024-10-14 19:55:09.403704 India: Quebec and Uniform, sending you 3
2024-10-14 19:55:09.404694 Sierra: Same as last round
2024-10-14 19:55:09.406707 Bravo: Juliett, sending you 4
2024-10-14 19:55:09.408653 India: Victor, X-ray and Yankee, sending you 4
2024-10-14 19:55:09.413653 Uniform: Quebec, X-ray and India, sending you 3
2024-10-14 19:55:09.414561 Yankee: Quebec and Uniform, sending you 4
2024-10-14 19:55:09.416671 Uniform: Victor and Yankee, sending you 4
2024-10-14 19:55:09.417291 Juliett: Bravo and Hotel, sending you 4
2024-10-14 19:55:09.417711 Yankee: Victor, X-ray and India, sending you 3
2024-10-14 19:55:09.422671 Juliett: Quebec, sending you 2
2024-10-14 19:55:09.432819 Juliett: Sierra, sending you 5
chatterbot Yankee submitting transactions
chatterbot X-ray submitting transactions
chatterbot Juliett submitting transactions
chatterbot Victor submitting transactions
chatterbot Bravo submitting transactions
chatterbot Sierra submitting transactions
chatterbot Uniform submitting transactions
chatterbot Hotel submitting transactions
chatterbot Quebec submitting transactions
chatterbot India submitting transactions
ChatterBot Bravo round 7
ChatterBot Quebec round 7
ChatterBot Victor round 7
ChatterBot X-ray round 7
ChatterBot Yankee round 7
ChatterBot Uniform round 7
ChatterBot Sierra round 7
ChatterBot India round 7
ChatterBot Hotel round 7
ChatterBot Juliett round 7
2024-10-14 19:55:10.570258 X-ray: We should drop Uniform
2024-10-14 19:55:10.584041 Quebec: No
2024-10-14 19:55:10.584256 Victor: No
2024-10-14 19:55:10.584432 Yankee: No
2024-10-14 19:55:10.584593 India: No
ChatterBot X-ray reevaluating
ChatterBot X-ray reevaluating
ChatterBot X-ray reevaluating
ChatterBot X-ray reevaluating
2024-10-14 19:55:10.641695 Victor: Quebec, Yankee, Uniform and India, sending you 4
2024-10-14 19:55:10.642945 Bravo: Sierra and Hotel, sending you 5
2024-10-14 19:55:10.643403 Quebec: Victor, Yankee and Uniform, sending you 4
2024-10-14 19:55:10.644163 Uniform: Quebec, Victor and Yankee, sending you 4
2024-10-14 19:55:10.645318 Yankee: Quebec and Uniform, sending you 4
2024-10-14 19:55:10.646090 Bravo: Juliett, sending you 4
2024-10-14 19:55:10.646672 Victor: X-ray, sending you 3
2024-10-14 19:55:10.647356 Quebec: X-ray and India, sending you 3
2024-10-14 19:55:10.648388 Uniform: X-ray, sending you 3
2024-10-14 19:55:10.649686 Yankee: Victor, X-ray and India, sending you 3
2024-10-14 19:55:10.650685 Hotel: Same as last round
2024-10-14 19:55:10.651681 Uniform: India, sending you 2
2024-10-14 19:55:10.654685 India: Quebec and Uniform, sending you 3
2024-10-14 19:55:10.655723 Juliett: Bravo and Hotel, sending you 4
2024-10-14 19:55:10.659687 India: Victor, X-ray and Yankee, sending you 4
2024-10-14 19:55:10.660935 Juliett: Quebec, sending you 2
2024-10-14 19:55:10.662697 Sierra: Same as last round
2024-10-14 19:55:10.664687 Juliett: Sierra, sending you 5
2024-10-14 19:55:10.667685 X-ray: Same as last round
chatterbot Bravo submitting transactions
chatterbot Quebec submitting transactions
chatterbot India submitting transactions
chatterbot Yankee submitting transactions
chatterbot Uniform submitting transactions
chatterbot Juliett submitting transactions
chatterbot Victor submitting transactions
chatterbot Hotel submitting transactions
chatterbot X-ray submitting transactions
chatterbot Sierra submitting transactions
ChatterBot Bravo round 8
ChatterBot Quebec round 8
ChatterBot Victor round 8
ChatterBot X-ray round 8
ChatterBot Yankee round 8
ChatterBot Uniform round 8
ChatterBot Sierra round 8
ChatterBot India round 8
ChatterBot Hotel round 8
ChatterBot Juliett round 8
2024-10-14 19:55:11.751398 Juliett: We should replace Quebec with X-ray
2024-10-14 19:55:11.757071 Bravo: No
2024-10-14 19:55:11.757255 Sierra: No
2024-10-14 19:55:11.757411 Hotel: No
ChatterBot Juliett reevaluating
ChatterBot Juliett reevaluating
ChatterBot Juliett reevaluating
2024-10-14 19:55:11.776172 Yankee: We should drop X-ray
2024-10-14 19:55:11.783416 Quebec: Yes
2024-10-14 19:55:11.783594 Victor: Yes
2024-10-14 19:55:11.783761 Uniform: Yes
2024-10-14 19:55:11.783920 India: Yes
ChatterBot Uniform reevaluating
ChatterBot Uniform reevaluating
2024-10-14 19:55:11.819651 Sierra: Same as last round
2024-10-14 19:55:11.820675 Bravo: Sierra and Hotel, sending you 5
2024-10-14 19:55:11.821096 Quebec: Victor, Yankee and Uniform, sending you 4
2024-10-14 19:55:11.821718 Victor: Quebec, Yankee, Uniform and India, sending you 4
2024-10-14 19:55:11.823693 Bravo: Juliett, sending you 4
2024-10-14 19:55:11.825651 Quebec: X-ray and India, sending you 3
2024-10-14 19:55:11.826667 Victor: X-ray, sending you 3
2024-10-14 19:55:11.827670 Yankee: Quebec, sending you 5
2024-10-14 19:55:11.832669 Yankee: Victor, Uniform and India, sending you 4
2024-10-14 19:55:11.836180 X-ray: Same as last round
2024-10-14 19:55:11.836842 Juliett: Bravo and Hotel, sending you 4
2024-10-14 19:55:11.838668 India: Quebec, Victor, X-ray and Yankee, sending you 4
2024-10-14 19:55:11.839388 Hotel: Same as last round
2024-10-14 19:55:11.841658 Juliett: Quebec, sending you 2
2024-10-14 19:55:11.842003 India: Uniform, sending you 2
2024-10-14 19:55:11.844660 Juliett: Sierra, sending you 5
2024-10-14 19:55:11.854655 Uniform: Quebec, Victor and India, sending you 4
2024-10-14 19:55:11.859114 Uniform: Yankee, sending you 5
chatterbot India submitting transactions
chatterbot Juliett submitting transactions
chatterbot Bravo submitting transactions
chatterbot Victor submitting transactions
chatterbot Uniform submitting transactions
chatterbot Hotel submitting transactions
chatterbot Sierra submitting transactions
chatterbot Yankee submitting transactions
chatterbot Quebec submitting transactions
chatterbot X-ray submitting transactions
ChatterBot Bravo round 9
ChatterBot Quebec round 9
ChatterBot Victor round 9
ChatterBot X-ray round 9
ChatterBot Yankee round 9
ChatterBot Uniform round 9
ChatterBot Sierra round 9
ChatterBot India round 9
ChatterBot Hotel round 9
ChatterBot Juliett round 9
2024-10-14 19:55:13.053680 Quebec: Victor, Yankee and Uniform, sending you 4
2024-10-14 19:55:13.055626 Bravo: Sierra and Hotel, sending you 5
2024-10-14 19:55:13.057722 X-ray: Same as last round
2024-10-14 19:55:13.058957 Bravo: Juliett, sending you 4
2024-10-14 19:55:13.060099 Quebec: X-ray and India, sending you 3
2024-10-14 19:55:13.062161 Yankee: Quebec, Victor and India, sending you 4
2024-10-14 19:55:13.064735 Victor: Quebec, Yankee, Uniform and India, sending you 4
2024-10-14 19:55:13.066894 Juliett: Bravo and Hotel, sending you 4
2024-10-14 19:55:13.068180 Yankee: Uniform, sending you 5
2024-10-14 19:55:13.069068 Sierra: Same as last round
2024-10-14 19:55:13.070200 Victor: X-ray, sending you 3
2024-10-14 19:55:13.072569 Uniform: Quebec, Victor and India, sending you 4
2024-10-14 19:55:13.073737 Juliett: Quebec, sending you 2
2024-10-14 19:55:13.074904 Hotel: Same as last round
2024-10-14 19:55:13.075602 India: Quebec and X-ray, sending you 3
2024-10-14 19:55:13.077684 Uniform: Yankee, sending you 5
2024-10-14 19:55:13.079183 Juliett: Sierra, sending you 5
2024-10-14 19:55:13.081667 India: Victor, Yankee and Uniform, sending you 4
chatterbot X-ray submitting transactions
chatterbot Hotel submitting transactions
chatterbot Sierra submitting transactions
chatterbot Uniform submitting transactions
chatterbot Juliett submitting transactions
chatterbot Yankee submitting transactions
chatterbot India submitting transactions
chatterbot Quebec submitting transactions
chatterbot Bravo submitting transactions
chatterbot Victor submitting transactions
ChatterBot Bravo round 10
ChatterBot Quebec round 10
ChatterBot Victor round 10
ChatterBot X-ray round 10
ChatterBot Yankee round 10
ChatterBot Uniform round 10
ChatterBot Sierra round 10
ChatterBot India round 10
ChatterBot Hotel round 10
ChatterBot Juliett round 10
2024-10-14 19:55:14.339707 X-ray: Same as last round
2024-10-14 19:55:14.340699 Yankee: Quebec, Victor and India, sending you 4
2024-10-14 19:55:14.341265 Bravo: Sierra and Hotel, sending you 5
2024-10-14 19:55:14.344693 Yankee: Uniform, sending you 5
2024-10-14 19:55:14.346335 Bravo: Juliett, sending you 4
2024-10-14 19:55:14.346850 Sierra: Bravo and Hotel, sending you 2
2024-10-14 19:55:14.347246 Victor: Quebec, Yankee, Uniform and India, sending you 4
2024-10-14 19:55:14.350724 India: Quebec and X-ray, sending you 3
2024-10-14 19:55:14.352377 Victor: X-ray, sending you 3
2024-10-14 19:55:14.353807 Sierra: Juliett, sending you 1
2024-10-14 19:55:14.354365 Hotel: Same as last round
2024-10-14 19:55:14.354880 Uniform: Quebec, Victor and India, sending you 4
2024-10-14 19:55:14.355832 India: Victor, Yankee and Uniform, sending you 4
2024-10-14 19:55:14.356718 Juliett: Bravo, sending you 4
2024-10-14 19:55:14.358675 Quebec: Victor, Yankee and Uniform, sending you 4
2024-10-14 19:55:14.359666 Uniform: Yankee, sending you 5
2024-10-14 19:55:14.360859 Juliett: Quebec, sending you 1
2024-10-14 19:55:14.361715 Quebec: X-ray and India, sending you 3
2024-10-14 19:55:14.365686 Juliett: Sierra and Hotel, sending you 5
chatterbot Uniform submitting transactions
chatterbot Victor submitting transactions
chatterbot Yankee submitting transactions
chatterbot Bravo submitting transactions
chatterbot Hotel submitting transactions
chatterbot Quebec submitting transactions
chatterbot Juliett submitting transactions
chatterbot India submitting transactions
chatterbot X-ray submitting transactions
chatterbot Sierra submitting transactions
ChatterBot Bravo round 11
ChatterBot Quebec round 11
ChatterBot Victor round 11
ChatterBot X-ray round 11
ChatterBot Yankee round 11
ChatterBot Uniform round 11
ChatterBot Sierra round 11
ChatterBot India round 11
ChatterBot Hotel round 11
ChatterBot Juliett round 11
2024-10-14 19:55:15.559528 X-ray: We should drop Yankee
ChatterBot Quebec reevaluating
ChatterBot India reevaluating
2024-10-14 19:55:15.575431 Quebec: No
2024-10-14 19:55:15.575713 Victor: No
2024-10-14 19:55:15.576190 Uniform: No
2024-10-14 19:55:15.576499 India: No
ChatterBot X-ray reevaluating
ChatterBot India reevaluating
ChatterBot X-ray reevaluating
ChatterBot Quebec reevaluating
ChatterBot India reevaluating
ChatterBot X-ray reevaluating
ChatterBot Quebec reevaluating
ChatterBot India reevaluating
ChatterBot X-ray reevaluating
ChatterBot Quebec reevaluating
2024-10-14 19:55:15.650669 Uniform: Quebec, Victor and India, sending you 4
2024-10-14 19:55:15.652085 Sierra: Bravo, sending you 2
2024-10-14 19:55:15.652905 Bravo: Sierra and Hotel, sending you 5
2024-10-14 19:55:15.653690 Yankee: Quebec, Victor and India, sending you 3
2024-10-14 19:55:15.654887 Victor: Quebec, Yankee, Uniform and India, sending you 4
2024-10-14 19:55:15.657084 Uniform: Yankee, sending you 5
2024-10-14 19:55:15.659665 X-ray: We should drop India
ChatterBot Quebec reevaluating
2024-10-14 19:55:15.678967 Quebec: No
2024-10-14 19:55:15.680206 Victor: No
2024-10-14 19:55:15.680502 Yankee: No
2024-10-14 19:55:15.680895 Uniform: No
ChatterBot X-ray reevaluating
ChatterBot X-ray reevaluating
ChatterBot Quebec reevaluating
ChatterBot X-ray reevaluating
ChatterBot Quebec reevaluating
ChatterBot X-ray reevaluating
ChatterBot Quebec reevaluating
2024-10-14 19:55:15.757818 Sierra: X-ray, Hotel and Juliett, sending you 1
2024-10-14 19:55:15.758703 Bravo: Juliett, sending you 4
2024-10-14 19:55:15.759823 Yankee: Uniform, sending you 4
2024-10-14 19:55:15.760720 Victor: X-ray, sending you 3
2024-10-14 19:55:15.762625 Quebec: We should drop X-ray
ChatterBot India reevaluating
2024-10-14 19:55:15.778674 Yankee: Yes
2024-10-14 19:55:15.778866 Victor: Yes
2024-10-14 19:55:15.779036 Uniform: Yes
2024-10-14 19:55:15.779209 India: Yes
ChatterBot Quebec reevaluating
ChatterBot India reevaluating
ChatterBot Quebec reevaluating
ChatterBot India reevaluating
ChatterBot Quebec reevaluating
ChatterBot India reevaluating
ChatterBot Quebec reevaluating
2024-10-14 19:55:15.847571 X-ray: We should drop Victor
ChatterBot Quebec reevaluating
ChatterBot India reevaluating
2024-10-14 19:55:15.865722 Quebec: No
2024-10-14 19:55:15.865911 Yankee: No
2024-10-14 19:55:15.866067 Uniform: No
2024-10-14 19:55:15.866231 India: No
ChatterBot X-ray reevaluating
ChatterBot India reevaluating
ChatterBot X-ray reevaluating
ChatterBot Quebec reevaluating
ChatterBot India reevaluating
ChatterBot X-ray reevaluating
ChatterBot Quebec reevaluating
ChatterBot India reevaluating
ChatterBot X-ray reevaluating
ChatterBot Quebec reevaluating
2024-10-14 19:55:15.915146 Hotel: Bravo, Sierra and Juliett, sending you 4
2024-10-14 19:55:15.915494 Juliett: Bravo and Sierra, sending you 4
2024-10-14 19:55:15.918653 Juliett: Quebec, sending you 2
2024-10-14 19:55:15.920411 Hotel: X-ray, sending you 3
2024-10-14 19:55:15.921686 Juliett: Hotel, sending you 5
2024-10-14 19:55:15.925585 X-ray: We should drop Quebec
2024-10-14 19:55:15.935618 Victor: No
2024-10-14 19:55:15.935866 Yankee: No
2024-10-14 19:55:15.935998 Uniform: No
2024-10-14 19:55:15.936124 India: No
ChatterBot X-ray reevaluating
ChatterBot X-ray reevaluating
ChatterBot X-ray reevaluating
ChatterBot X-ray reevaluating
2024-10-14 19:55:15.992819 X-ray: We should drop Uniform
ChatterBot Quebec reevaluating
2024-10-14 19:55:16.001450 Quebec: No
2024-10-14 19:55:16.001600 Victor: No
2024-10-14 19:55:16.002276 Yankee: No
2024-10-14 19:55:16.002393 India: No
ChatterBot X-ray reevaluating
ChatterBot X-ray reevaluating
ChatterBot Quebec reevaluating
ChatterBot X-ray reevaluating
ChatterBot Quebec reevaluating
ChatterBot X-ray reevaluating
ChatterBot Quebec reevaluating
chatterbot Victor submitting transactions
2024-10-14 19:55:16.084318 Quebec: Victor, Yankee and Uniform, sending you 4
2024-10-14 19:55:16.089046 Quebec: India, sending you 2
2024-10-14 19:55:16.090696 X-ray: Sending you each 2
chatterbot Sierra submitting transactions
chatterbot Bravo submitting transactions
chatterbot Uniform submitting transactions
chatterbot India submitting transactions
chatterbot Juliett submitting transactions
chatterbot Hotel submitting transactions
chatterbot Yankee submitting transactions
chatterbot X-ray submitting transactions
chatterbot Quebec submitting transactions
ChatterBot Bravo round 12
ChatterBot Quebec round 12
ChatterBot Victor round 12
ChatterBot X-ray round 12
ChatterBot Yankee round 12
ChatterBot Uniform round 12
ChatterBot Sierra round 12
ChatterBot India round 12
ChatterBot Hotel round 12
ChatterBot Juliett round 12
2024-10-14 19:55:17.239963 X-ray: We should replace India with Uniform
2024-10-14 19:55:17.247197 Quebec: No
2024-10-14 19:55:17.247360 Victor: No
2024-10-14 19:55:17.247479 Yankee: No
ChatterBot X-ray reevaluating
ChatterBot X-ray reevaluating
ChatterBot X-ray reevaluating
2024-10-14 19:55:17.279553 X-ray: We should replace Yankee with Uniform
2024-10-14 19:55:17.285636 Quebec: No
2024-10-14 19:55:17.285826 Victor: No
2024-10-14 19:55:17.285970 India: No
ChatterBot X-ray reevaluating
ChatterBot X-ray reevaluating
ChatterBot X-ray reevaluating
2024-10-14 19:55:17.315164 Uniform: I was attacked by Sierra
ChatterBot Yankee reevaluating
ChatterBot Quebec reevaluating
ChatterBot Victor reevaluating
ChatterBot India reevaluating
2024-10-14 19:55:17.334088 Uniform: I'm keeping this round to protect myself
2024-10-14 19:55:17.336656 Uniform: Ow
2024-10-14 19:55:17.337081 Bravo: Sierra and Hotel, sending you 5
2024-10-14 19:55:17.338095 X-ray: Uniform we want you to join our group
2024-10-14 19:55:17.341968 Uniform: No
ChatterBot X-ray reevaluating
ChatterBot Quebec reevaluating
ChatterBot Victor reevaluating
ChatterBot India reevaluating
2024-10-14 19:55:17.353776 Sierra: I was attacked by Quebec, X-ray and Yankee
ChatterBot Bravo reevaluating
ChatterBot Hotel reevaluating
ChatterBot Juliett reevaluating
2024-10-14 19:55:17.363234 Sierra: Ow
2024-10-14 19:55:17.364467 Juliett: We should replace Quebec with India
ChatterBot Bravo reevaluating
ChatterBot Hotel reevaluating
2024-10-14 19:55:17.371967 Bravo: No
2024-10-14 19:55:17.372081 Sierra: No
2024-10-14 19:55:17.372185 Hotel: No
ChatterBot Hotel reevaluating
ChatterBot Juliett reevaluating
ChatterBot Bravo reevaluating
ChatterBot Hotel reevaluating
ChatterBot Juliett reevaluating
ChatterBot Bravo reevaluating
ChatterBot Juliett reevaluating
2024-10-14 19:55:17.415693 India: Quebec, sending you 3
2024-10-14 19:55:17.419698 Yankee: Quebec, Victor and India, sending you 4
2024-10-14 19:55:17.421069 India: Victor, Yankee and Uniform, sending you 5
2024-10-14 19:55:17.423679 X-ray: Quebec, sending you 4
2024-10-14 19:55:17.425679 Yankee: Uniform, sending you 5
2024-10-14 19:55:17.428674 X-ray: Victor, sending you 5
2024-10-14 19:55:17.429688 Victor: Quebec, Yankee, Uniform and India, sending you 4
2024-10-14 19:55:17.431702 X-ray: Yankee and Uniform, sending you 3
2024-10-14 19:55:17.434700 Victor: X-ray, sending you 3
chatterbot Bravo submitting transactions
chatterbot India submitting transactions
chatterbot Yankee submitting transactions
chatterbot X-ray submitting transactions
chatterbot Juliett submitting transactions
chatterbot Uniform submitting transactions
chatterbot Sierra submitting transactions
chatterbot Hotel submitting transactions
chatterbot Victor submitting transactions
chatterbot Quebec submitting transactions
ChatterBot Bravo round 13
ChatterBot Quebec round 13
ChatterBot Victor round 13
ChatterBot X-ray round 13
ChatterBot Yankee round 13
ChatterBot Uniform round 13
ChatterBot Sierra round 13
ChatterBot India round 13
ChatterBot Hotel round 13
ChatterBot Juliett round 13
2024-10-14 19:55:18.661821 Juliett: We should replace Uniform with India
2024-10-14 19:55:18.676741 Bravo: No
2024-10-14 19:55:18.677232 Sierra: No
2024-10-14 19:55:18.678338 Hotel: No
ChatterBot Juliett reevaluating
ChatterBot Juliett reevaluating
ChatterBot Juliett reevaluating
2024-10-14 19:55:18.733797 Juliett: India we want you to join our group
2024-10-14 19:55:18.736745 India: No
ChatterBot Juliett reevaluating
2024-10-14 19:55:18.748666 Bravo: Sierra, sending you 4
2024-10-14 19:55:18.749702 Yankee: Quebec, sending you 4
2024-10-14 19:55:18.751154 X-ray: Quebec, sending you 4
2024-10-14 19:55:18.751529 Hotel: Same as last round
2024-10-14 19:55:18.751886 India: Sending you each 4
2024-10-14 19:55:18.752434 Bravo: Hotel and Juliett, sending you 5
2024-10-14 19:55:18.753986 Victor: Quebec, Yankee, Uniform and India, sending you 4
2024-10-14 19:55:18.755381 X-ray: Victor, sending you 5
2024-10-14 19:55:18.756067 Yankee: Victor, Uniform and India, sending you 3
2024-10-14 19:55:18.760027 Victor: X-ray, sending you 3
2024-10-14 19:55:18.761135 X-ray: Yankee and Uniform, sending you 3
chatterbot Victor submitting transactions
chatterbot Yankee submitting transactions
chatterbot Juliett submitting transactions
chatterbot Quebec submitting transactions
chatterbot Uniform submitting transactions
chatterbot Sierra submitting transactions
chatterbot India submitting transactions
chatterbot X-ray submitting transactions
chatterbot Bravo submitting transactions
chatterbot Hotel submitting transactions
ChatterBot Bravo round 14
ChatterBot Quebec round 14
ChatterBot Victor round 14
ChatterBot X-ray round 14
ChatterBot Yankee round 14
ChatterBot Uniform round 14
ChatterBot Sierra round 14
ChatterBot India round 14
ChatterBot Hotel round 14
ChatterBot Juliett round 14
2024-10-14 19:55:20.023882 X-ray: We should replace Uniform with India
ChatterBot Quebec reevaluating
2024-10-14 19:55:20.039382 Quebec: No
2024-10-14 19:55:20.039664 Victor: No
2024-10-14 19:55:20.039919 Yankee: No
ChatterBot Quebec reevaluating
ChatterBot Quebec reevaluating
2024-10-14 19:55:20.130021 Hotel: We should add Victor
ChatterBot Sierra reevaluating
ChatterBot Juliett reevaluating
2024-10-14 19:55:20.146016 Bravo: No
2024-10-14 19:55:20.146896 Sierra: Yes
2024-10-14 19:55:20.147203 Juliett: Yes
ChatterBot Sierra reevaluating
ChatterBot Hotel reevaluating
ChatterBot Juliett reevaluating
ChatterBot Bravo reevaluating
ChatterBot Hotel reevaluating
ChatterBot Juliett reevaluating
ChatterBot Bravo reevaluating
ChatterBot Sierra reevaluating
ChatterBot Hotel reevaluating
2024-10-14 19:55:20.183538 X-ray: India we want you to join our group
2024-10-14 19:55:20.187420 India: No
ChatterBot Quebec reevaluating
2024-10-14 19:55:20.211673 Victor: Quebec, X-ray, Yankee and India, sending you 4
2024-10-14 19:55:20.214207 X-ray: Quebec, Victor and India, sending you 4
2024-10-14 19:55:20.214949 Bravo: Victor and Sierra, sending you 3
2024-10-14 19:55:20.216693 Victor: Uniform, sending you 3
2024-10-14 19:55:20.217848 Yankee: Quebec, sending you 5
2024-10-14 19:55:20.219074 X-ray: Yankee, sending you 3
2024-10-14 19:55:20.219677 Bravo: Hotel and Juliett, sending you 4
2024-10-14 19:55:20.220252 Uniform: Quebec, Victor and India, sending you 3
2024-10-14 19:55:20.220754 India: Quebec, Victor and Yankee, sending you 3
2024-10-14 19:55:20.223695 Yankee: Victor, Uniform and India, sending you 4
2024-10-14 19:55:20.224895 Uniform: Yankee, sending you 4
2024-10-14 19:55:20.226196 Hotel: Same as last round
2024-10-14 19:55:20.226954 India: Uniform, sending you 2
chatterbot Yankee submitting transactions
chatterbot Bravo submitting transactions
chatterbot X-ray submitting transactions
chatterbot Uniform submitting transactions
chatterbot India submitting transactions
chatterbot Hotel submitting transactions
chatterbot Quebec submitting transactions
chatterbot Victor submitting transactions
chatterbot Sierra submitting transactions
chatterbot Juliett submitting transactions
ChatterBot Bravo round 15
ChatterBot Quebec round 15
ChatterBot Victor round 15
ChatterBot X-ray round 15
ChatterBot Yankee round 15
ChatterBot Uniform round 15
ChatterBot Sierra round 15
ChatterBot India round 15
ChatterBot Hotel round 15
ChatterBot Juliett round 15
2024-10-14 19:55:21.552751 India: Sending you each 1
2024-10-14 19:55:21.566642 Victor: Quebec, Yankee, Uniform and India, sending you 4
2024-10-14 19:55:21.570146 Bravo: Victor and Sierra, sending you 3
