ChatterBot Bravo round 1
ChatterBot Oscar round 1
ChatterBot Lima round 1
ChatterBot Tango round 1
ChatterBot Papa round 1
ChatterBot Sierra round 1
ChatterBot Echo round 1
randomSelections Bravo: {Bravo, Echo, Tango, Victor, Oscar, Papa} 
2024-10-14 19:55:00.942424 Bravo: Friends?
ChatterBot Echo reevaluating
ChatterBot Tango reevaluating
ChatterBot Oscar reevaluating
ChatterBot Papa reevaluating
2024-10-14 19:55:00.979166 Echo: Yes
2024-10-14 19:55:00.979623 Tango: Yes
2024-10-14 19:55:00.980585 Oscar: Yes
2024-10-14 19:55:00.981175 Papa: Yes
ChatterBot Tango reevaluating
ChatterBot Oscar reevaluating
ChatterBot Papa reevaluating
ChatterBot Echo reevaluating
ChatterBot Oscar reevaluating
ChatterBot Papa reevaluating
ChatterBot Echo reevaluating
ChatterBot Tango reevaluating
ChatterBot Papa reevaluating
ChatterBot Echo reevaluating
ChatterBot Tango reevaluating
ChatterBot Oscar reevaluating
ChatterBot Victor round 1
ChatterBot Victor reevaluating
ChatterBot Victor reevaluating
ChatterBot Victor reevaluating
ChatterBot Victor reevaluating
ChatterBot Victor reevaluating
2024-10-14 19:55:01.024645 Victor: Yes
ChatterBot Echo reevaluating
ChatterBot Tango reevaluating
ChatterBot Oscar reevaluating
ChatterBot Papa reevaluating
ChatterBot Yankee round 1
ChatterBot X-ray round 1
randomSelections Sierra: {Sierra, Echo, Bravo, X-ray, Oscar, Papa} 
2024-10-14 19:55:01.041949 Sierra: We would work well together
ChatterBot Echo reevaluating
ChatterBot X-ray reevaluating
ChatterBot Oscar reevaluating
ChatterBot Papa reevaluating
2024-10-14 19:55:01.048960 Echo: No
2024-10-14 19:55:01.049103 Bravo: No
2024-10-14 19:55:01.049240 X-ray: Yes
2024-10-14 19:55:01.049891 Oscar: No
2024-10-14 19:55:01.050111 Papa: No
ChatterBot X-ray reevaluating
ChatterBot Oscar reevaluating
ChatterBot Papa reevaluating
ChatterBot Echo reevaluating
ChatterBot X-ray reevaluating
ChatterBot Oscar reevaluating
ChatterBot Papa reevaluating
ChatterBot Echo reevaluating
ChatterBot Oscar reevaluating
ChatterBot Papa reevaluating
ChatterBot Echo reevaluating
ChatterBot X-ray reevaluating
ChatterBot Papa reevaluating
ChatterBot Echo reevaluating
ChatterBot X-ray reevaluating
ChatterBot Oscar reevaluating
randomSelections Lima: {Lima, Papa, Sierra, Victor, Tango, Bravo} 
2024-10-14 19:55:01.089904 Lima: Let's form a team
ChatterBot Papa reevaluating
ChatterBot Victor reevaluating
ChatterBot Tango reevaluating
2024-10-14 19:55:01.095310 Papa: No
2024-10-14 19:55:01.095498 Sierra: No
2024-10-14 19:55:01.095715 Victor: No
2024-10-14 19:55:01.096122 Tango: No
2024-10-14 19:55:01.097012 Bravo: No
ChatterBot Victor reevaluating
ChatterBot Tango reevaluating
ChatterBot Papa reevaluating
ChatterBot Victor reevaluating
ChatterBot Tango reevaluating
ChatterBot Papa reevaluating
ChatterBot Tango reevaluating
ChatterBot Papa reevaluating
ChatterBot Victor reevaluating
ChatterBot Papa reevaluating
ChatterBot Victor reevaluating
ChatterBot Tango reevaluating
randomSelections Yankee: {Yankee, Oscar, Papa, Sierra, Lima, Victor} 
2024-10-14 19:55:01.129753 Yankee: Friends?
2024-10-14 19:55:01.135038 Oscar: No
2024-10-14 19:55:01.135242 Papa: No
2024-10-14 19:55:01.135398 Sierra: No
2024-10-14 19:55:01.135618 Lima: No
2024-10-14 19:55:01.135929 Victor: No
2024-10-14 19:55:01.158642 Bravo: Oscar, sending you 3
2024-10-14 19:55:01.161660 Bravo: Tango, sending you 2
2024-10-14 19:55:01.168641 Echo: Bravo and Papa, sending you 5
2024-10-14 19:55:01.169676 Tango: Bravo and Oscar, sending you 2
2024-10-14 19:55:01.170676 Lima: Bravo and Sierra, sending you 5
2024-10-14 19:55:01.171046 Papa: Bravo, sending you 5
2024-10-14 19:55:01.171283 Sierra: Bravo, sending you 6
2024-10-14 19:55:01.171679 Echo: Oscar, sending you 2
2024-10-14 19:55:01.173651 Tango: Papa, sending you 3
2024-10-14 19:55:01.174643 X-ray: Bravo, sending you 5
2024-10-14 19:55:01.174888 Papa: Oscar, sending you 4
2024-10-14 19:55:01.175691 Lima: Tango, sending you 3
2024-10-14 19:55:01.175949 Sierra: Oscar, sending you 1
2024-10-14 19:55:01.176182 Echo: Tango, sending you 3
2024-10-14 19:55:01.177668 Tango: Echo, sending you 1
2024-10-14 19:55:01.178674 X-ray: Oscar and Sierra, sending you 2
2024-10-14 19:55:01.178988 Papa: Tango, sending you 1
2024-10-14 19:55:01.179235 Oscar: Bravo, sending you 1
2024-10-14 19:55:01.179468 Victor: Bravo and Oscar, sending you 1
2024-10-14 19:55:01.179735 Yankee: Oscar, sending you 4
2024-10-14 19:55:01.180005 Echo: Victor, sending you 4
2024-10-14 19:55:01.180668 Lima: Papa and Victor, sending you 2
2024-10-14 19:55:01.180983 Sierra: Papa and Echo, sending you 2
2024-10-14 19:55:01.181655 Tango: Victor, sending you 4
2024-10-14 19:55:01.182669 X-ray: Papa, sending you 3
2024-10-14 19:55:01.182885 Victor: Papa, sending you 2
2024-10-14 19:55:01.183705 Papa: Echo, sending you 3
2024-10-14 19:55:01.184035 Oscar: Tango and Victor, sending you 3
2024-10-14 19:55:01.184318 Sierra: X-ray, sending you 4
2024-10-14 19:55:01.184688 Yankee: Lima and Victor, sending you 3
2024-10-14 19:55:01.186676 Oscar: Echo, sending you 4
2024-10-14 19:55:01.187675 X-ray: Echo, sending you 4
2024-10-14 19:55:01.187935 Victor: Echo, sending you 4
2024-10-14 19:55:01.188134 Papa: Victor, sending you 2
2024-10-14 19:55:01.188668 Yankee: Sierra, sending you 5
chatterbot Bravo submitting transactions
chatterbot Oscar submitting transactions
chatterbot Tango submitting transactions
chatterbot Lima submitting transactions
chatterbot Victor submitting transactions
chatterbot Sierra submitting transactions
chatterbot Papa submitting transactions
chatterbot Echo submitting transactions
chatterbot X-ray submitting transactions
chatterbot Yankee submitting transactions
ChatterBot Bravo round 2
ChatterBot Oscar round 2
ChatterBot Lima round 2
ChatterBot Tango round 2
ChatterBot Papa round 2
ChatterBot Sierra round 2
ChatterBot Echo round 2
ChatterBot Victor round 2
ChatterBot Yankee round 2
ChatterBot X-ray round 2
2024-10-14 19:55:03.470950 Lima: Can we be friends?
ChatterBot Bravo reevaluating
ChatterBot Sierra reevaluating
ChatterBot Yankee reevaluating
ChatterBot X-ray reevaluating
2024-10-14 19:55:03.486075 Bravo: Yes
2024-10-14 19:55:03.486309 Sierra: Yes
2024-10-14 19:55:03.486980 Yankee: Yes
2024-10-14 19:55:03.487148 X-ray: Yes
ChatterBot Lima reevaluating
ChatterBot Sierra reevaluating
ChatterBot Yankee reevaluating
ChatterBot X-ray reevaluating
ChatterBot Lima reevaluating
ChatterBot Bravo reevaluating
ChatterBot Yankee reevaluating
ChatterBot X-ray reevaluating
ChatterBot Lima reevaluating
ChatterBot Bravo reevaluating
ChatterBot Sierra reevaluating
ChatterBot X-ray reevaluating
ChatterBot Lima reevaluating
ChatterBot Bravo reevaluating
ChatterBot Sierra reevaluating
ChatterBot Yankee reevaluating
2024-10-14 19:55:03.636179 Sierra: Can we be friends?
ChatterBot Bravo reevaluating
ChatterBot Lima reevaluating
ChatterBot Yankee reevaluating
ChatterBot X-ray reevaluating
2024-10-14 19:55:03.652993 Bravo: Yes
2024-10-14 19:55:03.653571 Lima: Yes
2024-10-14 19:55:03.653730 Yankee: Yes
2024-10-14 19:55:03.653902 X-ray: Yes
ChatterBot Lima reevaluating
ChatterBot Sierra reevaluating
ChatterBot Yankee reevaluating
ChatterBot X-ray reevaluating
ChatterBot Bravo reevaluating
ChatterBot Sierra reevaluating
ChatterBot Yankee reevaluating
ChatterBot X-ray reevaluating
ChatterBot Lima reevaluating
ChatterBot Bravo reevaluating
ChatterBot Sierra reevaluating
ChatterBot X-ray reevaluating
ChatterBot Lima reevaluating
ChatterBot Bravo reevaluating
ChatterBot Sierra reevaluating
ChatterBot Yankee reevaluating
2024-10-14 19:55:03.720226 Echo: We should replace Bravo with X-ray
ChatterBot Oscar reevaluating
ChatterBot Papa reevaluating
ChatterBot Victor reevaluating
2024-10-14 19:55:03.734450 Oscar: No
2024-10-14 19:55:03.734669 Tango: No
2024-10-14 19:55:03.735269 Papa: Yes
2024-10-14 19:55:03.735425 Victor: No
ChatterBot Papa reevaluating
ChatterBot Victor reevaluating
ChatterBot Echo reevaluating
ChatterBot Oscar reevaluating
ChatterBot Papa reevaluating
ChatterBot Victor reevaluating
ChatterBot Echo reevaluating
ChatterBot Oscar reevaluating
ChatterBot Victor reevaluating
ChatterBot Echo reevaluating
ChatterBot Oscar reevaluating
ChatterBot Papa reevaluating
2024-10-14 19:55:03.820980 Tango: We should drop Bravo and Victor
ChatterBot Oscar reevaluating
ChatterBot Papa reevaluating
ChatterBot Echo reevaluating
2024-10-14 19:55:03.832326 Oscar: No
2024-10-14 19:55:03.832862 Papa: No
2024-10-14 19:55:03.832987 Echo: No
ChatterBot Papa reevaluating
ChatterBot Echo reevaluating
ChatterBot Oscar reevaluating
ChatterBot Echo reevaluating
ChatterBot Oscar reevaluating
ChatterBot Papa reevaluating
2024-10-14 19:55:03.866807 Victor: We should drop Bravo
ChatterBot Echo reevaluating
ChatterBot Oscar reevaluating
ChatterBot Papa reevaluating
2024-10-14 19:55:03.881978 Echo: Yes
2024-10-14 19:55:03.882682 Oscar: No
2024-10-14 19:55:03.882819 Tango: Yes
2024-10-14 19:55:03.882935 Papa: Yes
ChatterBot Oscar reevaluating
ChatterBot Papa reevaluating
ChatterBot Echo reevaluating
ChatterBot Papa reevaluating
ChatterBot Echo reevaluating
ChatterBot Oscar reevaluating
ChatterBot Papa reevaluating
ChatterBot Echo reevaluating
ChatterBot Oscar reevaluating
2024-10-14 19:55:04.144290 Yankee: Bravo, Lima, Sierra, Echo and X-ray, sending you 3
2024-10-14 19:55:04.144749 Bravo: Oscar, Victor and Yankee, sending you 1
2024-10-14 19:55:04.145629 Sierra: Bravo and X-ray, sending you 3
2024-10-14 19:55:04.145888 Lima: Bravo and Sierra, sending you 3
2024-10-14 19:55:04.146211 Papa: X-ray we want you to join our group
2024-10-14 19:55:04.149922 X-ray: No
ChatterBot Oscar reevaluating
ChatterBot Echo reevaluating
2024-10-14 19:55:04.166349 Oscar: We should replace Bravo with Yankee
ChatterBot Echo reevaluating
2024-10-14 19:55:04.179207 Echo: No
2024-10-14 19:55:04.179367 Tango: No
2024-10-14 19:55:04.179519 Papa: No
2024-10-14 19:55:04.179995 Victor: No
ChatterBot Oscar reevaluating
ChatterBot Echo reevaluating
ChatterBot Oscar reevaluating
ChatterBot Echo reevaluating
ChatterBot Oscar reevaluating
ChatterBot Echo reevaluating
ChatterBot Oscar reevaluating
2024-10-14 19:55:04.327314 Bravo: Lima, Tango, Papa, Echo and X-ray, sending you 2
2024-10-14 19:55:04.328539 Sierra: Lima, sending you 5
2024-10-14 19:55:04.328922 Lima: Yankee, sending you 9
2024-10-14 19:55:04.330266 Tango: Oscar and Echo, sending you 6
2024-10-14 19:55:04.409873 Victor: Oscar and Papa, sending you 2
2024-10-14 19:55:04.410490 X-ray: Bravo and Lima, sending you 3
2024-10-14 19:55:04.411606 Sierra: Yankee, sending you 4
2024-10-14 19:55:04.412149 Echo: X-ray we want you to join our group
2024-10-14 19:55:04.418466 X-ray: No
ChatterBot Oscar reevaluating
2024-10-14 19:55:04.448131 Bravo: Sierra, sending you 4
2024-10-14 19:55:04.448788 Lima: X-ray, sending you 2
2024-10-14 19:55:04.449154 Tango: Papa, sending you 3
chatterbot Victor submitting transactions
2024-10-14 19:55:04.450300 Victor: Tango and Echo, sending you 3
2024-10-14 19:55:04.450770 X-ray: Sierra, sending you 9
chatterbot Sierra submitting transactions
2024-10-14 19:55:04.543292 Papa: Oscar, sending you 2
2024-10-14 19:55:04.544062 X-ray: Yankee, sending you 2
chatterbot Papa submitting transactions
2024-10-14 19:55:04.567184 Echo: Oscar, sending you 5
2024-10-14 19:55:04.568015 Papa: Tango, Victor and X-ray, sending you 3
2024-10-14 19:55:04.581542 Echo: Tango, sending you 2
2024-10-14 19:55:04.581908 Oscar: Bravo, Tango, Papa, Echo, Yankee and X-ray, sending you 2
2024-10-14 19:55:04.582491 Papa: Echo, sending you 4
2024-10-14 19:55:04.589381 Echo: Papa, Victor and X-ray, sending you 4
2024-10-14 19:55:04.589910 Oscar: Lima, Sierra and Victor, sending you 1
chatterbot Lima submitting transactions
chatterbot Tango submitting transactions
chatterbot Echo submitting transactions
chatterbot X-ray submitting transactions
chatterbot Bravo submitting transactions
chatterbot Yankee submitting transactions
chatterbot Oscar submitting transactions
ChatterBot Bravo round 3
ChatterBot Oscar round 3
ChatterBot Lima round 3
ChatterBot Tango round 3
ChatterBot Papa round 3
ChatterBot Sierra round 3
ChatterBot Echo round 3
ChatterBot Victor round 3
ChatterBot Yankee round 3
ChatterBot X-ray round 3
2024-10-14 19:55:05.711849 Tango: We should replace Echo with Victor
ChatterBot Oscar reevaluating
2024-10-14 19:55:05.718045 Oscar: No
2024-10-14 19:55:05.718421 Papa: No
ChatterBot Tango reevaluating
ChatterBot Tango reevaluating
ChatterBot Oscar reevaluating
2024-10-14 19:55:05.740426 Yankee: We should replace Echo with Oscar
2024-10-14 19:55:05.751323 Lima: No
2024-10-14 19:55:05.751999 Bravo: No
2024-10-14 19:55:05.752217 Sierra: No
2024-10-14 19:55:05.752405 X-ray: No
2024-10-14 19:55:05.801799 Papa: We should drop X-ray
ChatterBot Oscar reevaluating
ChatterBot Tango reevaluating
2024-10-14 19:55:05.814523 Echo: Yes
2024-10-14 19:55:05.814789 Oscar: Yes
2024-10-14 19:55:05.815351 Tango: Yes
2024-10-14 19:55:05.815475 Victor: Yes
ChatterBot Oscar reevaluating
ChatterBot Tango reevaluating
ChatterBot Tango reevaluating
ChatterBot Oscar reevaluating
ChatterBot Oscar reevaluating
ChatterBot Tango reevaluating
2024-10-14 19:55:05.861088 Tango: We should replace Papa with Victor
ChatterBot Oscar reevaluating
2024-10-14 19:55:05.866670 Oscar: No
2024-10-14 19:55:05.867281 Echo: No
ChatterBot Tango reevaluating
ChatterBot Tango reevaluating
ChatterBot Oscar reevaluating
2024-10-14 19:55:05.879693 Yankee: Oscar we want you to join our group
ChatterBot Oscar reevaluating
2024-10-14 19:55:05.883329 Oscar: No
ChatterBot Lima reevaluating
2024-10-14 19:55:05.896712 Lima: We should add Oscar
2024-10-14 19:55:05.907235 Bravo: Yes
2024-10-14 19:55:05.907435 Sierra: No
2024-10-14 19:55:05.907557 Yankee: Yes
2024-10-14 19:55:05.907691 X-ray: No
ChatterBot Lima reevaluating
ChatterBot Lima reevaluating
ChatterBot Lima reevaluating
ChatterBot Lima reevaluating
2024-10-14 19:55:05.972793 Victor: Oscar and Tango, sending you 2
2024-10-14 19:55:05.973319 Sierra: Bravo, sending you 3
2024-10-14 19:55:05.973807 Bravo: Oscar, Lima, Papa, Echo, Yankee and X-ray, sending you 2
2024-10-14 19:55:05.977688 Victor: Papa and Echo, sending you 3
2024-10-14 19:55:05.980701 Sierra: Lima, Yankee and X-ray, sending you 4
2024-10-14 19:55:05.981201 X-ray: Bravo and Yankee, sending you 4
2024-10-14 19:55:05.981636 Bravo: Tango and Victor, sending you 1
2024-10-14 19:55:05.982994 Oscar: Tango, Papa and Echo, sending you 4
2024-10-14 19:55:05.983523 Yankee: Bravo, Oscar and X-ray, sending you 2
2024-10-14 19:55:05.984457 X-ray: Lima, sending you 3
2024-10-14 19:55:05.986996 Papa: Oscar, sending you 3
2024-10-14 19:55:05.988370 Bravo: Sierra, sending you 3
2024-10-14 19:55:05.988946 Yankee: Lima, sending you 6
2024-10-14 19:55:05.989499 Lima: Bravo, sending you 3
2024-10-14 19:55:05.990561 Oscar: Victor, sending you 3
2024-10-14 19:55:05.991 X-ray: Sierra, sending you 6
2024-10-14 19:55:05.991486 Echo: Oscar, sending you 4
2024-10-14 19:55:05.993145 Papa: Tango, Echo and Victor, sending you 4
2024-10-14 19:55:05.993768 Lima: Sierra and Yankee, sending you 5
2024-10-14 19:55:05.994687 Yankee: Sierra, sending you 3
2024-10-14 19:55:05.995895 Echo: Tango, Papa and Victor, sending you 5
2024-10-14 19:55:05.996867 Tango: Sending you each 5
2024-10-14 19:55:05.998794 Lima: X-ray, sending you 4
chatterbot Tango submitting transactions
chatterbot Yankee submitting transactions
chatterbot Echo submitting transactions
chatterbot Papa submitting transactions
chatterbot Bravo submitting transactions
chatterbot Victor submitting transactions
chatterbot X-ray submitting transactions
chatterbot Lima submitting transactions
chatterbot Oscar submitting transactions
chatterbot Sierra submitting transactions
ChatterBot Bravo round 4
ChatterBot Oscar round 4
ChatterBot Lima round 4
ChatterBot Tango round 4
ChatterBot Papa round 4
ChatterBot Sierra round 4
ChatterBot Echo round 4
ChatterBot Victor round 4
ChatterBot Yankee round 4
ChatterBot X-ray round 4
2024-10-14 19:55:06.961674 Bravo: Oscar, Lima, Papa, Echo and Yankee, sending you 2
2024-10-14 19:55:06.963148 Yankee: Bravo and Oscar, sending you 2
2024-10-14 19:55:06.964752 Echo: Oscar, Tango and Papa, sending you 5
2024-10-14 19:55:06.965916 Victor: Oscar, Papa and Echo, sending you 3
2024-10-14 19:55:06.966666 Yankee: Lima and Sierra, sending you 4
2024-10-14 19:55:06.967189 Tango: Same as last round
2024-10-14 19:55:06.968181 Bravo: Tango, sending you 1
2024-10-14 19:55:06.968724 Lima: Bravo, sending you 3
2024-10-14 19:55:06.970683 Echo: Victor, sending you 4
2024-10-14 19:55:06.971511 Victor: Tango, sending you 2
2024-10-14 19:55:06.971882 Yankee: X-ray, sending you 3
2024-10-14 19:55:06.972240 X-ray: Bravo, Lima and Yankee, sending you 4
2024-10-14 19:55:06.973176 Oscar: Tango, Papa and Echo, sending you 4
2024-10-14 19:55:06.973650 Papa: Oscar, sending you 3
2024-10-14 19:55:06.974876 Lima: Sierra and Yankee, sending you 5
2024-10-14 19:55:06.975422 Bravo: Sierra and X-ray, sending you 3
2024-10-14 19:55:06.976611 Sierra: Bravo, Lima and X-ray, sending you 4
2024-10-14 19:55:06.977274 X-ray: Sierra, sending you 5
2024-10-14 19:55:06.978270 Oscar: Victor, sending you 3
2024-10-14 19:55:06.978684 Lima: X-ray, sending you 4
2024-10-14 19:55:06.979696 Papa: Tango, Echo and Victor, sending you 4
2024-10-14 19:55:06.980709 Sierra: Yankee, sending you 3
chatterbot Tango submitting transactions
chatterbot Victor submitting transactions
chatterbot X-ray submitting transactions
chatterbot Sierra submitting transactions
chatterbot Echo submitting transactions
chatterbot Oscar submitting transactions
chatterbot Papa submitting transactions
chatterbot Lima submitting transactions
chatterbot Yankee submitting transactions
chatterbot Bravo submitting transactions
ChatterBot Bravo round 5
ChatterBot Oscar round 5
ChatterBot Lima round 5
2024-10-14 19:55:08.041737 Oscar: We should add Yankee
2024-10-14 19:55:08.060791 Echo: No
2024-10-14 19:55:08.061022 Tango: No
2024-10-14 19:55:08.061565 Papa: No
2024-10-14 19:55:08.061703 Victor: No
ChatterBot Oscar reevaluating
ChatterBot Oscar reevaluating
ChatterBot Oscar reevaluating
ChatterBot Oscar reevaluating
ChatterBot Tango round 5
ChatterBot Papa round 5
ChatterBot Sierra round 5
ChatterBot Echo round 5
ChatterBot Victor round 5
ChatterBot Yankee round 5
ChatterBot X-ray round 5
2024-10-14 19:55:08.117487 Tango: We should replace Papa with Victor
ChatterBot Oscar reevaluating
2024-10-14 19:55:08.124429 Oscar: No
2024-10-14 19:55:08.124569 Echo: No
ChatterBot Tango reevaluating
ChatterBot Tango reevaluating
ChatterBot Oscar reevaluating
2024-10-14 19:55:08.162683 Papa: Oscar, Tango and Echo, sending you 4
2024-10-14 19:55:08.163842 Bravo: Oscar, Tango, Papa, Echo and Victor, sending you 1
2024-10-14 19:55:08.165673 Papa: Victor, sending you 3
2024-10-14 19:55:08.166644 Sierra: Bravo, sending you 3
2024-10-14 19:55:08.168863 Echo: Oscar, Tango and Papa, sending you 5
2024-10-14 19:55:08.169284 Bravo: Lima and Yankee, sending you 2
2024-10-14 19:55:08.169773 Yankee: Bravo and Oscar, sending you 2
2024-10-14 19:55:08.170167 Lima: Bravo, sending you 3
2024-10-14 19:55:08.170521 Sierra: Lima, Yankee and X-ray, sending you 4
2024-10-14 19:55:08.171730 Echo: Victor, sending you 4
2024-10-14 19:55:08.172691 Oscar: Tango, Papa and Echo, sending you 4
2024-10-14 19:55:08.173373 X-ray: Bravo, Lima and Yankee, sending you 4
2024-10-14 19:55:08.173854 Yankee: Lima, sending you 5
2024-10-14 19:55:08.174220 Lima: Sierra and Yankee, sending you 5
2024-10-14 19:55:08.175019 Bravo: Sierra and X-ray, sending you 4
2024-10-14 19:55:08.175601 Tango: Same as last round
2024-10-14 19:55:08.175985 Victor: Oscar, Papa and Echo, sending you 3
2024-10-14 19:55:08.176683 Oscar: Victor, sending you 3
2024-10-14 19:55:08.177897 X-ray: Sierra, sending you 5
2024-10-14 19:55:08.178340 Yankee: Sierra and X-ray, sending you 3
2024-10-14 19:55:08.179666 Lima: X-ray, sending you 4
2024-10-14 19:55:08.181023 Victor: Tango, sending you 2
chatterbot Sierra submitting transactions
chatterbot Tango submitting transactions
chatterbot X-ray submitting transactions
chatterbot Bravo submitting transactions
chatterbot Lima submitting transactions
chatterbot Echo submitting transactions
chatterbot Oscar submitting transactions
chatterbot Papa submitting transactions
chatterbot Yankee submitting transactions
chatterbot Victor submitting transactions
ChatterBot Bravo round 6
ChatterBot Oscar round 6
ChatterBot Lima round 6
ChatterBot Tango round 6
ChatterBot Papa round 6
ChatterBot Sierra round 6
ChatterBot Echo round 6
ChatterBot Victor round 6
ChatterBot Yankee round 6
ChatterBot X-ray round 6
2024-10-14 19:55:09.379687 Lima: Bravo, sending you 3
2024-10-14 19:55:09.384983 Lima: Sierra and Yankee, sending you 5
2024-10-14 19:55:09.388667 Sierra: Bravo, Lima and X-ray, sending you 4
2024-10-14 19:55:09.389165 Lima: X-ray, sending you 4
2024-10-14 19:55:09.389677 Papa: Oscar, Tango and Echo, sending you 4
2024-10-14 19:55:09.393670 Sierra: Yankee, sending you 3
2024-10-14 19:55:09.396464 Papa: Victor, sending you 3
2024-10-14 19:55:09.397788 X-ray: Bravo, Lima and Yankee, sending you 4
2024-10-14 19:55:09.398737 Bravo: Oscar, Tango, Papa, Echo and Victor, sending you 1
2024-10-14 19:55:09.400532 Tango: Same as last round
2024-10-14 19:55:09.401304 Echo: Oscar, Tango and Papa, sending you 5
2024-10-14 19:55:09.403174 X-ray: Sierra, sending you 5
2024-10-14 19:55:09.403970 Oscar: Tango, Papa and Echo, sending you 4
2024-10-14 19:55:09.404932 Victor: Oscar and Papa, sending you 3
2024-10-14 19:55:09.406360 Yankee: Bravo and Oscar, sending you 2
2024-10-14 19:55:09.407415 Bravo: Lima and X-ray, sending you 3
2024-10-14 19:55:09.413887 Echo: Victor, sending you 4
2024-10-14 19:55:09.415130 Oscar: Victor, sending you 3
2024-10-14 19:55:09.416221 Victor: Tango, sending you 2
2024-10-14 19:55:09.418478 Yankee: Lima and Sierra, sending you 4
2024-10-14 19:55:09.419671 Bravo: Sierra, sending you 4
2024-10-14 19:55:09.422404 Yankee: X-ray, sending you 3
2024-10-14 19:55:09.423716 Victor: Echo, sending you 4
2024-10-14 19:55:09.425704 Bravo: Yankee, sending you 2
chatterbot Bravo submitting transactions
chatterbot Sierra submitting transactions
chatterbot Victor submitting transactions
chatterbot Papa submitting transactions
chatterbot X-ray submitting transactions
chatterbot Yankee submitting transactions
chatterbot Tango submitting transactions
chatterbot Oscar submitting transactions
chatterbot Lima submitting transactions
chatterbot Echo submitting transactions
ChatterBot Bravo round 7
ChatterBot Oscar round 7
ChatterBot Lima round 7
ChatterBot Tango round 7
ChatterBot Papa round 7
ChatterBot Sierra round 7
ChatterBot Echo round 7
ChatterBot Victor round 7
ChatterBot Yankee round 7
ChatterBot X-ray round 7
2024-10-14 19:55:10.615689 Bravo: Oscar, Tango, Papa, Echo and Victor, sending you 1
2024-10-14 19:55:10.616783 Lima: Bravo, sending you 3
2024-10-14 19:55:10.620677 Bravo: Lima and X-ray, sending you 3
2024-10-14 19:55:10.621792 Lima: Sierra and Yankee, sending you 5
2024-10-14 19:55:10.622318 Yankee: Bravo and Oscar, sending you 2
2024-10-14 19:55:10.622859 Oscar: Tango, Papa and Echo, sending you 4
2024-10-14 19:55:10.624687 Sierra: Bravo, Lima and X-ray, sending you 4
2024-10-14 19:55:10.625685 Bravo: Sierra, sending you 4
2024-10-14 19:55:10.626879 Yankee: Lima and Sierra, sending you 4
2024-10-14 19:55:10.627413 Lima: X-ray, sending you 4
2024-10-14 19:55:10.628068 Oscar: Victor, sending you 3
2024-10-14 19:55:10.629223 X-ray: Bravo, Lima and Yankee, sending you 4
2024-10-14 19:55:10.629839 Sierra: Yankee, sending you 3
2024-10-14 19:55:10.630510 Papa: Oscar, Tango and Echo, sending you 4
2024-10-14 19:55:10.631621 Bravo: Yankee, sending you 2
2024-10-14 19:55:10.632282 Yankee: X-ray, sending you 3
2024-10-14 19:55:10.632714 Echo: Oscar, Tango and Papa, sending you 5
2024-10-14 19:55:10.633562 X-ray: Sierra, sending you 5
2024-10-14 19:55:10.634065 Victor: Oscar and Papa, sending you 3
2024-10-14 19:55:10.634486 Papa: Victor, sending you 3
2024-10-14 19:55:10.635783 Tango: Same as last round
2024-10-14 19:55:10.636699 Echo: Victor, sending you 4
2024-10-14 19:55:10.637926 Victor: Tango, sending you 2
2024-10-14 19:55:10.642681 Victor: Echo, sending you 4
chatterbot Tango submitting transactions
chatterbot Bravo submitting transactions
chatterbot Oscar submitting transactions
chatterbot X-ray submitting transactions
chatterbot Papa submitting transactions
chatterbot Sierra submitting transactions
chatterbot Yankee submitting transactions
chatterbot Echo submitting transactions
chatterbot Lima submitting transactions
chatterbot Victor submitting transactions
ChatterBot Bravo round 8
ChatterBot Oscar round 8
ChatterBot Lima round 8
ChatterBot Tango round 8
ChatterBot Papa round 8
ChatterBot Sierra round 8
ChatterBot Echo round 8
ChatterBot Victor round 8
ChatterBot Yankee round 8
ChatterBot X-ray round 8
2024-10-14 19:55:11.652384 Yankee: We should replace Oscar with Papa
ChatterBot Bravo reevaluating
2024-10-14 19:55:11.662542 Lima: No
2024-10-14 19:55:11.662744 Bravo: No
2024-10-14 19:55:11.662897 Sierra: No
2024-10-14 19:55:11.663022 X-ray: No
ChatterBot Bravo reevaluating
ChatterBot Yankee reevaluating
ChatterBot Yankee reevaluating
ChatterBot Bravo reevaluating
ChatterBot Yankee reevaluating
ChatterBot Bravo reevaluating
ChatterBot Yankee reevaluating
2024-10-14 19:55:11.707667 Oscar: Tango, Papa and Echo, sending you 4
2024-10-14 19:55:11.708675 Tango: Same as last round
2024-10-14 19:55:11.712656 Oscar: Victor, sending you 3
2024-10-14 19:55:11.714671 Lima: Bravo, Yankee and X-ray, sending you 4
2024-10-14 19:55:11.717287 Echo: Oscar, Tango and Papa, sending you 5
2024-10-14 19:55:11.719658 Lima: Sierra, sending you 5
2024-10-14 19:55:11.721082 Echo: Victor, sending you 4
2024-10-14 19:55:11.723956 Sierra: Bravo, Lima and X-ray, sending you 4
2024-10-14 19:55:11.725680 Papa: Oscar, Tango and Echo, sending you 4
2024-10-14 19:55:11.726974 Victor: Oscar and Papa, sending you 3
2024-10-14 19:55:11.727549 Sierra: Yankee, sending you 3
2024-10-14 19:55:11.729652 Yankee: Bravo, sending you 2
2024-10-14 19:55:11.730007 Papa: Victor, sending you 3
2024-10-14 19:55:11.730388 Victor: Tango, sending you 2
2024-10-14 19:55:11.730851 Bravo: Oscar, Tango, Papa, Echo and Victor, sending you 1
2024-10-14 19:55:11.733676 Yankee: Oscar, sending you 1
2024-10-14 19:55:11.734786 Victor: Echo, sending you 4
2024-10-14 19:55:11.735682 Bravo: Lima and X-ray, sending you 3
2024-10-14 19:55:11.739291 X-ray: Bravo, Lima and Yankee, sending you 4
2024-10-14 19:55:11.739888 Yankee: Lima, sending you 5
2024-10-14 19:55:11.740394 Bravo: Sierra, sending you 4
2024-10-14 19:55:11.742769 X-ray: Sierra, sending you 5
2024-10-14 19:55:11.744014 Bravo: Yankee, sending you 2
2024-10-14 19:55:11.745525 Yankee: Sierra, sending you 4
2024-10-14 19:55:11.749684 Yankee: X-ray, sending you 3
chatterbot Papa submitting transactions
chatterbot Echo submitting transactions
chatterbot Victor submitting transactions
chatterbot Sierra submitting transactions
chatterbot X-ray submitting transactions
chatterbot Lima submitting transactions
chatterbot Oscar submitting transactions
chatterbot Yankee submitting transactions
chatterbot Tango submitting transactions
chatterbot Bravo submitting transactions
ChatterBot Bravo round 9
ChatterBot Oscar round 9
ChatterBot Lima round 9
ChatterBot Tango round 9
ChatterBot Papa round 9
ChatterBot Sierra round 9
ChatterBot Echo round 9
ChatterBot Victor round 9
ChatterBot Yankee round 9
ChatterBot X-ray round 9
2024-10-14 19:55:12.827689 Tango: Same as last round
2024-10-14 19:55:12.831678 Sierra: Bravo, sending you 3
2024-10-14 19:55:12.835658 Lima: Bravo, sending you 3
2024-10-14 19:55:12.837676 Sierra: Lima, Yankee and X-ray, sending you 4
2024-10-14 19:55:12.839417 Echo: Oscar, Tango and Papa, sending you 5
2024-10-14 19:55:12.840557 Lima: Sierra and Yankee, sending you 5
2024-10-14 19:55:12.842144 Yankee: Bravo, sending you 2
2024-10-14 19:55:12.843399 Bravo: Oscar, Tango, Papa, Echo and Victor, sending you 1
2024-10-14 19:55:12.845465 Echo: Victor, sending you 4
2024-10-14 19:55:12.846445 Papa: Oscar, Tango and Echo, sending you 4
2024-10-14 19:55:12.848317 Oscar: Tango, Papa and Echo, sending you 4
2024-10-14 19:55:12.849432 Lima: X-ray, sending you 4
2024-10-14 19:55:12.850767 Victor: Oscar, Papa and Echo, sending you 4
2024-10-14 19:55:12.851777 X-ray: Bravo, Lima and Yankee, sending you 4
2024-10-14 19:55:12.852913 Yankee: Oscar, sending you 1
2024-10-14 19:55:12.853508 Bravo: Lima and X-ray, sending you 3
2024-10-14 19:55:12.855126 Papa: Victor, sending you 3
2024-10-14 19:55:12.856138 Oscar: Victor, sending you 3
2024-10-14 19:55:12.857434 Victor: Tango, sending you 1
2024-10-14 19:55:12.858034 X-ray: Sierra, sending you 5
2024-10-14 19:55:12.858573 Yankee: Lima, sending you 5
2024-10-14 19:55:12.859655 Bravo: Sierra, sending you 4
2024-10-14 19:55:12.862710 Yankee: Sierra, sending you 4
2024-10-14 19:55:12.864095 Bravo: Yankee, sending you 2
2024-10-14 19:55:12.868690 Yankee: X-ray, sending you 3
chatterbot Tango submitting transactions
chatterbot Bravo submitting transactions
chatterbot Oscar submitting transactions
chatterbot Yankee submitting transactions
chatterbot Lima submitting transactions
chatterbot Sierra submitting transactions
chatterbot Victor submitting transactions
chatterbot Echo submitting transactions
chatterbot Papa submitting transactions
chatterbot X-ray submitting transactions
ChatterBot Bravo round 10
ChatterBot Oscar round 10
ChatterBot Lima round 10
ChatterBot Tango round 10
ChatterBot Papa round 10
ChatterBot Sierra round 10
ChatterBot Echo round 10
ChatterBot Victor round 10
ChatterBot Yankee round 10
ChatterBot X-ray round 10
2024-10-14 19:55:13.949662 Bravo: Oscar, Tango, Papa, Echo and Victor, sending you 1
2024-10-14 19:55:13.952662 Bravo: Lima and X-ray, sending you 3
2024-10-14 19:55:13.955704 Bravo: Sierra, sending you 4
2024-10-14 19:55:13.957086 Tango: Same as last round
2024-10-14 19:55:13.958670 Papa: Oscar, Tango and Echo, sending you 4
2024-10-14 19:55:13.959211 Echo: Oscar, Tango and Papa, sending you 1
2024-10-14 19:55:13.961693 Bravo: Yankee, sending you 2
2024-10-14 19:55:13.962676 Papa: Victor, sending you 3
2024-10-14 19:55:13.963691 Victor: Oscar, Papa and Echo, sending you 4
2024-10-14 19:55:13.968663 Lima: Bravo, sending you 3
2024-10-14 19:55:13.969134 Oscar: Tango, Papa and Echo, sending you 4
2024-10-14 19:55:13.969587 Victor: Tango, sending you 1
2024-10-14 19:55:13.971714 Yankee: Bravo, sending you 2
2024-10-14 19:55:13.972219 X-ray: Bravo, Lima and Yankee, sending you 4
2024-10-14 19:55:13.972815 Oscar: Victor, sending you 3
2024-10-14 19:55:13.974060 Lima: Sierra and Yankee, sending you 5
2024-10-14 19:55:13.974685 Sierra: Bravo, sending you 3
2024-10-14 19:55:13.975234 Yankee: Oscar, sending you 1
2024-10-14 19:55:13.976667 X-ray: Sierra, sending you 5
2024-10-14 19:55:13.977676 Lima: X-ray, sending you 4
2024-10-14 19:55:13.979674 Sierra: Lima, Yankee and X-ray, sending you 4
2024-10-14 19:55:13.980275 Yankee: Lima, sending you 5
2024-10-14 19:55:13.984672 Yankee: Sierra, sending you 4
2024-10-14 19:55:13.987668 Yankee: X-ray, sending you 3
chatterbot Sierra submitting transactions
chatterbot Victor submitting transactions
chatterbot Oscar submitting transactions
chatterbot Bravo submitting transactions
chatterbot Yankee submitting transactions
chatterbot Echo submitting transactions
chatterbot Lima submitting transactions
chatterbot X-ray submitting transactions
chatterbot Papa submitting transactions
chatterbot Tango submitting transactions
ChatterBot Bravo round 11
ChatterBot Oscar round 11
ChatterBot Lima round 11
ChatterBot Tango round 11
ChatterBot Papa round 11
ChatterBot Sierra round 11
ChatterBot Echo round 11
ChatterBot Victor round 11
ChatterBot Yankee round 11
ChatterBot X-ray round 11
2024-10-14 19:55:15.231685 Bravo: Oscar, Tango, Papa, Echo and Victor, sending you 1
2024-10-14 19:55:15.232726 Lima: Bravo, sending you 3
2024-10-14 19:55:15.233804 Sierra: Bravo, sending you 3
2024-10-14 19:55:15.236680 Bravo: Lima and X-ray, sending you 3
2024-10-14 19:55:15.238042 Lima: Sierra and Yankee, sending you 5
2024-10-14 19:55:15.238603 Sierra: Lima, Yankee and X-ray, sending you 4
2024-10-14 19:55:15.239222 Oscar: Tango, Papa and Echo, sending you 4
2024-10-14 19:55:15.240309 Yankee: Bravo, sending you 2
2024-10-14 19:55:15.240875 Papa: Oscar, Tango and Echo, sending you 4
2024-10-14 19:55:15.241681 Bravo: Sierra, sending you 4
2024-10-14 19:55:15.243092 Lima: X-ray, sending you 4
2024-10-14 19:55:15.243677 Lima: I was attacked by Echo
ChatterBot Bravo reevaluating
ChatterBot Sierra reevaluating
ChatterBot Yankee reevaluating
ChatterBot X-ray reevaluating
2024-10-14 19:55:15.260103 Lima: Ow
2024-10-14 19:55:15.261154 Bravo: We would work well together
ChatterBot Sierra reevaluating
ChatterBot Yankee reevaluating
ChatterBot X-ray reevaluating
2024-10-14 19:55:15.275707 Lima: Yes
2024-10-14 19:55:15.275871 Sierra: Yes
2024-10-14 19:55:15.276010 Yankee: Yes
2024-10-14 19:55:15.276124 X-ray: Yes
ChatterBot Bravo reevaluating
ChatterBot Sierra reevaluating
ChatterBot Yankee reevaluating
ChatterBot X-ray reevaluating
ChatterBot Bravo reevaluating
ChatterBot Yankee reevaluating
ChatterBot X-ray reevaluating
ChatterBot Bravo reevaluating
ChatterBot Sierra reevaluating
ChatterBot X-ray reevaluating
ChatterBot Bravo reevaluating
ChatterBot Sierra reevaluating
ChatterBot Yankee reevaluating
2024-10-14 19:55:15.318162 Tango: Same as last round
2024-10-14 19:55:15.319224 Oscar: Victor, sending you 3
2024-10-14 19:55:15.319898 Echo: Oscar, Tango and Papa, sending you 5
2024-10-14 19:55:15.320440 Papa: Victor, sending you 3
2024-10-14 19:55:15.320929 Victor: Oscar, Papa and Echo, sending you 4
2024-10-14 19:55:15.322788 Echo: Victor, sending you 4
2024-10-14 19:55:15.324738 Victor: Tango, sending you 1
2024-10-14 19:55:15.335728 Bravo: Sorry, I'm actually sending you 0
2024-10-14 19:55:15.336779 Bravo: Sorry, I'm actually sending you 0
2024-10-14 19:55:15.337432 Bravo: Sorry, I'm actually sending you 0
2024-10-14 19:55:15.338139 Bravo: Sorry, I'm actually sending you 0
2024-10-14 19:55:15.338999 Bravo: Sorry, I'm actually sending you 0
2024-10-14 19:55:15.341648 Bravo: Lima, sending you 4
2024-10-14 19:55:15.346294 Bravo: Sierra and X-ray, sending you 5
2024-10-14 19:55:15.346848 X-ray: Bravo, Lima and Yankee, sending you 4
2024-10-14 19:55:15.349664 X-ray: Sierra, sending you 5
2024-10-14 19:55:15.351706 Bravo: Yankee, sending you 3
chatterbot Tango submitting transactions
chatterbot Echo submitting transactions
chatterbot Papa submitting transactions
chatterbot Oscar submitting transactions
chatterbot X-ray submitting transactions
chatterbot Sierra submitting transactions
chatterbot Bravo submitting transactions
chatterbot Yankee submitting transactions
chatterbot Lima submitting transactions
chatterbot Victor submitting transactions
ChatterBot Bravo round 12
ChatterBot Oscar round 12
ChatterBot Lima round 12
ChatterBot Tango round 12
ChatterBot Papa round 12
ChatterBot Sierra round 12
ChatterBot Echo round 12
ChatterBot Victor round 12
ChatterBot Yankee round 12
ChatterBot X-ray round 12
2024-10-14 19:55:16.424688 Papa: Oscar, Tango and Echo, sending you 4
2024-10-14 19:55:16.428659 Lima: Bravo, sending you 3
2024-10-14 19:55:16.429844 Oscar: Tango, Papa and Echo, sending you 4
2024-10-14 19:55:16.430595 Papa: Victor, sending you 3
2024-10-14 19:55:16.431291 Sierra: Bravo, sending you 3
2024-10-14 19:55:16.432379 Victor: Oscar, Papa and Echo, sending you 4
2024-10-14 19:55:16.433188 Tango: Same as last round
2024-10-14 19:55:16.433625 Oscar: Victor, sending you 3
2024-10-14 19:55:16.434700 Bravo: Lima, sending you 4
2024-10-14 19:55:16.435350 X-ray: Bravo, Lima and Yankee, sending you 4
2024-10-14 19:55:16.436065 Lima: Sierra and Yankee, sending you 5
2024-10-14 19:55:16.436750 Sierra: Lima, Yankee and X-ray, sending you 4
2024-10-14 19:55:16.437420 Victor: Tango, sending you 1
2024-10-14 19:55:16.438462 Echo: Oscar, Tango and Papa, sending you 1
2024-10-14 19:55:16.439173 Bravo: Sierra and X-ray, sending you 5
2024-10-14 19:55:16.439866 Lima: X-ray, sending you 4
2024-10-14 19:55:16.440666 X-ray: Sierra, sending you 5
2024-10-14 19:55:16.445107 Bravo: Yankee, sending you 3
chatterbot Oscar submitting transactions
chatterbot Papa submitting transactions
chatterbot Bravo submitting transactions
chatterbot Victor submitting transactions
chatterbot Tango submitting transactions
chatterbot Lima submitting transactions
chatterbot Sierra submitting transactions
chatterbot X-ray submitting transactions
chatterbot Echo submitting transactions
chatterbot Yankee submitting transactions
ChatterBot Bravo round 13
ChatterBot Oscar round 13
ChatterBot Lima round 13
ChatterBot Tango round 13
ChatterBot Papa round 13
ChatterBot Sierra round 13
ChatterBot Echo round 13
ChatterBot Victor round 13
ChatterBot Yankee round 13
2024-10-14 19:55:17.661567 Oscar: We should add Sierra
2024-10-14 19:55:17.674587 Echo: No
2024-10-14 19:55:17.674801 Tango: No
2024-10-14 19:55:17.674961 Papa: No
2024-10-14 19:55:17.675096 Victor: No
ChatterBot Oscar reevaluating
ChatterBot Oscar reevaluating
ChatterBot Oscar reevaluating
ChatterBot Oscar reevaluating
ChatterBot X-ray round 13
2024-10-14 19:55:17.728757 Lima: We should add Victor
2024-10-14 19:55:17.736493 Bravo: No
2024-10-14 19:55:17.736686 Sierra: No
2024-10-14 19:55:17.736799 Yankee: No
2024-10-14 19:55:17.736910 X-ray: No
ChatterBot Lima reevaluating
ChatterBot Lima reevaluating
ChatterBot Lima reevaluating
ChatterBot Lima reevaluating
2024-10-14 19:55:17.781465 Lima: We should add Tango
2024-10-14 19:55:17.789185 Bravo: No
2024-10-14 19:55:17.789350 Sierra: No
2024-10-14 19:55:17.789465 Yankee: No
2024-10-14 19:55:17.789573 X-ray: No
ChatterBot Lima reevaluating
ChatterBot Lima reevaluating
ChatterBot Lima reevaluating
ChatterBot Lima reevaluating
2024-10-14 19:55:17.827180 Sierra: Bravo, sending you 3
2024-10-14 19:55:17.827948 Bravo: Lima, sending you 4
2024-10-14 19:55:17.830659 Sierra: Lima, Yankee and X-ray, sending you 4
2024-10-14 19:55:17.834591 Bravo: Sierra and X-ray, sending you 5
2024-10-14 19:55:17.835723 Victor: Oscar and Papa, sending you 4
2024-10-14 19:55:17.839677 Bravo: Yankee, sending you 3
2024-10-14 19:55:17.840364 Victor: Tango, sending you 2
2024-10-14 19:55:17.841138 X-ray: Bravo, Lima and Yankee, sending you 4
2024-10-14 19:55:17.841739 Echo: Oscar, Tango and Papa, sending you 5
2024-10-14 19:55:17.843669 Oscar: Tango, Papa and Echo, sending you 4
2024-10-14 19:55:17.844384 Victor: Echo, sending you 3
2024-10-14 19:55:17.844991 Papa: Oscar, Tango and Echo, sending you 4
2024-10-14 19:55:17.845655 Echo: Victor, sending you 4
2024-10-14 19:55:17.846703 X-ray: Sierra, sending you 5
2024-10-14 19:55:17.848368 Tango: Same as last round
2024-10-14 19:55:17.849275 Oscar: Victor, sending you 3
2024-10-14 19:55:17.850640 Papa: Victor, sending you 3
2024-10-14 19:55:17.854675 Lima: Bravo, Yankee and X-ray, sending you 4
2024-10-14 19:55:17.859671 Lima: Sierra, sending you 5
chatterbot Bravo submitting transactions
chatterbot Oscar submitting transactions
chatterbot Papa submitting transactions
chatterbot Tango submitting transactions
chatterbot Victor submitting transactions
chatterbot X-ray submitting transactions
chatterbot Echo submitting transactions
chatterbot Sierra submitting transactions
chatterbot Yankee submitting transactions
chatterbot Lima submitting transactions
ChatterBot Bravo round 14
ChatterBot Oscar round 14
ChatterBot Lima round 14
ChatterBot Tango round 14
ChatterBot Papa round 14
ChatterBot Sierra round 14
ChatterBot Echo round 14
ChatterBot Victor round 14
ChatterBot Yankee round 14
ChatterBot X-ray round 14
2024-10-14 19:55:18.938656 Oscar: Tango, Papa and Echo, sending you 4
