ChatterBot X-ray round 1
ChatterBot Echo round 1
ChatterBot Oscar round 1
randomSelections Echo: {Echo, Juliett, X-ray, Oscar, Lima, Zulu} 
2024-10-14 19:55:00.162910 Echo: Let's form a team
ChatterBot X-ray reevaluating
ChatterBot Oscar reevaluating
2024-10-14 19:55:00.177195 X-ray: Yes
2024-10-14 19:55:00.177485 Oscar: Yes
ChatterBot Oscar reevaluating
ChatterBot X-ray reevaluating
ChatterBot Juliett round 1
ChatterBot Juliett reevaluating
ChatterBot Juliett reevaluating
ChatterBot Juliett reevaluating
2024-10-14 19:55:00.209094 Juliett: Yes
ChatterBot X-ray reevaluating
ChatterBot Oscar reevaluating
ChatterBot Yankee round 1
ChatterBot Zulu round 1
ChatterBot Zulu reevaluating
ChatterBot Zulu reevaluating
ChatterBot Zulu reevaluating
ChatterBot Zulu reevaluating
2024-10-14 19:55:00.243017 Zulu: Yes
ChatterBot Juliett reevaluating
ChatterBot X-ray reevaluating
ChatterBot Oscar reevaluating
ChatterBot Sierra round 1
ChatterBot India round 1
ChatterBot Lima round 1
ChatterBot Lima reevaluating
ChatterBot Lima reevaluating
ChatterBot Lima reevaluating
ChatterBot Lima reevaluating
ChatterBot Lima reevaluating
2024-10-14 19:55:00.284784 Lima: Yes
ChatterBot Juliett reevaluating
ChatterBot X-ray reevaluating
ChatterBot Oscar reevaluating
ChatterBot Zulu reevaluating
ChatterBot Romeo round 1
randomSelections Yankee: {Yankee, Sierra, Lima, X-ray, Echo, Oscar} 
2024-10-14 19:55:00.306376 Yankee: Let's form a team
ChatterBot Sierra reevaluating
ChatterBot Lima reevaluating
ChatterBot X-ray reevaluating
2024-10-14 19:55:00.340895 Sierra: Yes
2024-10-14 19:55:00.341171 Lima: No
2024-10-14 19:55:00.341389 X-ray: No
2024-10-14 19:55:00.341654 Echo: No
2024-10-14 19:55:00.341897 Oscar: No
ChatterBot Lima reevaluating
ChatterBot X-ray reevaluating
ChatterBot Sierra reevaluating
ChatterBot X-ray reevaluating
ChatterBot Sierra reevaluating
ChatterBot Lima reevaluating
ChatterBot Sierra reevaluating
ChatterBot Lima reevaluating
ChatterBot X-ray reevaluating
ChatterBot Sierra reevaluating
ChatterBot Lima reevaluating
ChatterBot X-ray reevaluating
randomSelections India: {India, Oscar, Sierra, Lima, Echo} 
2024-10-14 19:55:00.450355 India: Friends?
ChatterBot Sierra reevaluating
ChatterBot Lima reevaluating
2024-10-14 19:55:00.459148 Oscar: No
2024-10-14 19:55:00.460099 Sierra: No
2024-10-14 19:55:00.460524 Lima: No
2024-10-14 19:55:00.460918 Echo: No
ChatterBot Sierra reevaluating
ChatterBot Lima reevaluating
ChatterBot Lima reevaluating
ChatterBot Sierra reevaluating
ChatterBot Sierra reevaluating
ChatterBot Lima reevaluating
randomSelections Romeo: {Romeo, Oscar, X-ray, India, Lima, Juliett, Echo} 
2024-10-14 19:55:00.494160 Romeo: Can we be friends?
2024-10-14 19:55:00.504210 Oscar: No
2024-10-14 19:55:00.504512 X-ray: No
2024-10-14 19:55:00.504846 India: No
2024-10-14 19:55:00.505241 Lima: No
2024-10-14 19:55:00.506783 Juliett: No
2024-10-14 19:55:00.507418 Echo: No
2024-10-14 19:55:00.578076 Echo: X-ray and Juliett, sending you 1
2024-10-14 19:55:00.583151 Echo: Oscar and Lima, sending you 6
2024-10-14 19:55:00.587142 Juliett: X-ray, Zulu and Lima, sending you 4
2024-10-14 19:55:00.587599 Yankee: X-ray, sending you 5
2024-10-14 19:55:00.588120 Echo: Zulu, sending you 4
2024-10-14 19:55:00.591610 Lima: X-ray, Echo and Oscar, sending you 2
2024-10-14 19:55:00.592466 Juliett: Echo, sending you 1
2024-10-14 19:55:00.592766 Oscar: X-ray, sending you 1
2024-10-14 19:55:00.593083 Yankee: Echo, sending you 3
2024-10-14 19:55:00.593338 India: Echo, sending you 2
2024-10-14 19:55:00.598163 Sierra: X-ray, sending you 5
2024-10-14 19:55:00.598482 Lima: Juliett, sending you 5
2024-10-14 19:55:00.599446 Romeo: X-ray and Lima, sending you 3
2024-10-14 19:55:00.599754 Zulu: X-ray, sending you 1
2024-10-14 19:55:00.600006 Juliett: Oscar, sending you 6
2024-10-14 19:55:00.600775 X-ray: Echo and Oscar, sending you 4
2024-10-14 19:55:00.601214 Yankee: Oscar and Sierra, sending you 2
2024-10-14 19:55:00.601600 India: Oscar, sending you 1
2024-10-14 19:55:00.602482 Lima: Zulu, sending you 6
2024-10-14 19:55:00.602910 Sierra: Echo and Yankee, sending you 2
2024-10-14 19:55:00.603251 Zulu: Echo and Oscar, sending you 2
2024-10-14 19:55:00.604200 X-ray: Juliett, sending you 5
2024-10-14 19:55:00.605953 Romeo: Oscar, sending you 6
2024-10-14 19:55:00.606310 Yankee: Lima, sending you 4
2024-10-14 19:55:00.607122 India: Sierra and Lima, sending you 4
2024-10-14 19:55:00.607460 Sierra: Oscar, sending you 6
2024-10-14 19:55:00.607851 Zulu: Juliett and Lima, sending you 6
2024-10-14 19:55:00.608726 X-ray: Zulu, sending you 2
2024-10-14 19:55:00.609103 Romeo: Juliett, sending you 4
2024-10-14 19:55:00.610691 Sierra: Lima, sending you 3
2024-10-14 19:55:00.612233 Romeo: India, sending you 1
2024-10-14 19:55:00.613391 X-ray: Lima, sending you 3
chatterbot Oscar submitting transactions
chatterbot Juliett submitting transactions
chatterbot Yankee submitting transactions
chatterbot Echo submitting transactions
chatterbot Sierra submitting transactions
chatterbot Romeo submitting transactions
chatterbot Zulu submitting transactions
chatterbot X-ray submitting transactions
chatterbot Lima submitting transactions
chatterbot India submitting transactions
ChatterBot X-ray round 2
ChatterBot Echo round 2
ChatterBot Oscar round 2
ChatterBot Juliett round 2
2024-10-14 19:55:01.463635 X-ray: We should replace Oscar with Romeo
ChatterBot Echo reevaluating
ChatterBot Juliett reevaluating
ChatterBot Zulu reevaluating
ChatterBot Lima reevaluating
2024-10-14 19:55:01.490444 Echo: No
2024-10-14 19:55:01.490620 Juliett: No
2024-10-14 19:55:01.490771 Zulu: No
2024-10-14 19:55:01.490888 Lima: No
ChatterBot X-ray reevaluating
ChatterBot Juliett reevaluating
ChatterBot Zulu reevaluating
ChatterBot Lima reevaluating
ChatterBot X-ray reevaluating
ChatterBot Echo reevaluating
ChatterBot Zulu reevaluating
ChatterBot Lima reevaluating
ChatterBot X-ray reevaluating
ChatterBot Echo reevaluating
ChatterBot Juliett reevaluating
ChatterBot Lima reevaluating
ChatterBot X-ray reevaluating
ChatterBot Echo reevaluating
ChatterBot Juliett reevaluating
ChatterBot Zulu reevaluating
2024-10-14 19:55:01.584739 Juliett: We should add Romeo
ChatterBot Echo reevaluating
ChatterBot X-ray reevaluating
ChatterBot Oscar reevaluating
ChatterBot Lima reevaluating
ChatterBot Zulu reevaluating
2024-10-14 19:55:01.621182 Echo: No
2024-10-14 19:55:01.621314 X-ray: Yes
2024-10-14 19:55:01.621405 Oscar: Yes
2024-10-14 19:55:01.621514 Lima: No
2024-10-14 19:55:01.621606 Zulu: No
ChatterBot Juliett reevaluating
ChatterBot X-ray reevaluating
ChatterBot Oscar reevaluating
ChatterBot Lima reevaluating
ChatterBot Zulu reevaluating
ChatterBot Echo reevaluating
ChatterBot Juliett reevaluating
ChatterBot Oscar reevaluating
ChatterBot Lima reevaluating
ChatterBot Zulu reevaluating
ChatterBot Echo reevaluating
ChatterBot Juliett reevaluating
ChatterBot X-ray reevaluating
ChatterBot Lima reevaluating
ChatterBot Zulu reevaluating
ChatterBot Echo reevaluating
ChatterBot Juliett reevaluating
ChatterBot X-ray reevaluating
ChatterBot Oscar reevaluating
ChatterBot Zulu reevaluating
ChatterBot Echo reevaluating
ChatterBot Juliett reevaluating
ChatterBot X-ray reevaluating
ChatterBot Oscar reevaluating
ChatterBot Lima reevaluating
ChatterBot Yankee round 2
ChatterBot Zulu round 2
ChatterBot Sierra round 2
ChatterBot India round 2
ChatterBot Lima round 2
ChatterBot Romeo round 2
2024-10-14 19:55:01.918920 Yankee: Can we be friends?
ChatterBot Sierra reevaluating
2024-10-14 19:55:01.926392 Sierra: Yes
2024-10-14 19:55:01.933959 Sierra: We would work well together
ChatterBot Yankee reevaluating
ChatterBot India reevaluating
2024-10-14 19:55:01.949749 Yankee: Yes
2024-10-14 19:55:01.949938 India: Yes
ChatterBot Sierra reevaluating
ChatterBot India reevaluating
ChatterBot Sierra reevaluating
ChatterBot Yankee reevaluating
2024-10-14 19:55:01.982435 India: Can we be friends?
ChatterBot Yankee reevaluating
ChatterBot Sierra reevaluating
ChatterBot Romeo reevaluating
2024-10-14 19:55:02.005130 Yankee: No
2024-10-14 19:55:02.005311 Sierra: No
2024-10-14 19:55:02.005453 Romeo: Yes
ChatterBot India reevaluating
ChatterBot Sierra reevaluating
ChatterBot Romeo reevaluating
ChatterBot India reevaluating
ChatterBot Yankee reevaluating
ChatterBot Romeo reevaluating
ChatterBot India reevaluating
ChatterBot Yankee reevaluating
ChatterBot Sierra reevaluating
2024-10-14 19:55:02.106968 Lima: Can we be friends?
ChatterBot X-ray reevaluating
ChatterBot Echo reevaluating
ChatterBot Yankee reevaluating
ChatterBot Sierra reevaluating
ChatterBot India reevaluating
2024-10-14 19:55:02.158719 X-ray: No
2024-10-14 19:55:02.158956 Echo: No
2024-10-14 19:55:02.159125 Juliett: No
2024-10-14 19:55:02.159800 Zulu: No
2024-10-14 19:55:02.159968 Yankee: No
2024-10-14 19:55:02.160114 Sierra: No
2024-10-14 19:55:02.160304 India: No
ChatterBot Echo reevaluating
ChatterBot Yankee reevaluating
ChatterBot Sierra reevaluating
ChatterBot India reevaluating
ChatterBot X-ray reevaluating
ChatterBot Yankee reevaluating
ChatterBot Sierra reevaluating
ChatterBot India reevaluating
ChatterBot X-ray reevaluating
ChatterBot Echo reevaluating
ChatterBot Yankee reevaluating
ChatterBot Sierra reevaluating
ChatterBot India reevaluating
ChatterBot X-ray reevaluating
ChatterBot Echo reevaluating
ChatterBot Yankee reevaluating
ChatterBot Sierra reevaluating
ChatterBot India reevaluating
ChatterBot X-ray reevaluating
ChatterBot Echo reevaluating
ChatterBot Sierra reevaluating
ChatterBot India reevaluating
ChatterBot X-ray reevaluating
ChatterBot Echo reevaluating
ChatterBot Yankee reevaluating
ChatterBot India reevaluating
ChatterBot X-ray reevaluating
ChatterBot Echo reevaluating
ChatterBot Yankee reevaluating
ChatterBot Sierra reevaluating
2024-10-14 19:55:02.442030 Oscar: Romeo we want you to join our group
ChatterBot Romeo reevaluating
2024-10-14 19:55:02.447015 Romeo: No
ChatterBot X-ray reevaluating
ChatterBot Echo reevaluating
2024-10-14 19:55:02.472404 Juliett: Romeo we want you to join our group
ChatterBot Romeo reevaluating
2024-10-14 19:55:02.477704 Romeo: No
ChatterBot Echo reevaluating
2024-10-14 19:55:02.503425 Zulu: We should drop Oscar
2024-10-14 19:55:02.519341 X-ray: Yes
2024-10-14 19:55:02.519909 Echo: Yes
2024-10-14 19:55:02.520022 Juliett: No
2024-10-14 19:55:02.520122 Lima: Yes
ChatterBot X-ray reevaluating
ChatterBot Juliett reevaluating
2024-10-14 19:55:03.245333 X-ray: Yankee we want you to join our group
2024-10-14 19:55:03.249686 Yankee: No
ChatterBot X-ray reevaluating
ChatterBot Juliett reevaluating
ChatterBot Lima reevaluating
2024-10-14 19:55:03.270333 Lima: We should replace Oscar with Yankee
ChatterBot X-ray reevaluating
ChatterBot Juliett reevaluating
2024-10-14 19:55:03.286434 X-ray: No
2024-10-14 19:55:03.286986 Echo: No
2024-10-14 19:55:03.287135 Juliett: No
2024-10-14 19:55:03.287242 Zulu: No
ChatterBot Echo reevaluating
ChatterBot Juliett reevaluating
ChatterBot Lima reevaluating
ChatterBot X-ray reevaluating
ChatterBot Juliett reevaluating
ChatterBot Lima reevaluating
ChatterBot X-ray reevaluating
ChatterBot Echo reevaluating
ChatterBot Lima reevaluating
ChatterBot X-ray reevaluating
ChatterBot Echo reevaluating
ChatterBot Juliett reevaluating
ChatterBot Lima reevaluating
2024-10-14 19:55:03.356964 Echo: Group up?
ChatterBot Lima reevaluating
ChatterBot X-ray reevaluating
ChatterBot Juliett reevaluating
ChatterBot Sierra reevaluating
2024-10-14 19:55:03.387412 Lima: Yes
2024-10-14 19:55:03.387577 X-ray: No
2024-10-14 19:55:03.387741 Juliett: No
2024-10-14 19:55:03.387893 Zulu: No
2024-10-14 19:55:03.388005 Yankee: No
2024-10-14 19:55:03.388116 Sierra: No
2024-10-14 19:55:03.388258 India: No
ChatterBot X-ray reevaluating
ChatterBot Echo reevaluating
ChatterBot Juliett reevaluating
ChatterBot Sierra reevaluating
ChatterBot Lima reevaluating
ChatterBot Echo reevaluating
ChatterBot Juliett reevaluating
ChatterBot Sierra reevaluating
ChatterBot Lima reevaluating
ChatterBot X-ray reevaluating
ChatterBot Echo reevaluating
ChatterBot Sierra reevaluating
ChatterBot Lima reevaluating
ChatterBot X-ray reevaluating
ChatterBot Echo reevaluating
ChatterBot Juliett reevaluating
ChatterBot Sierra reevaluating
ChatterBot Lima reevaluating
ChatterBot X-ray reevaluating
ChatterBot Echo reevaluating
ChatterBot Juliett reevaluating
ChatterBot Sierra reevaluating
ChatterBot Lima reevaluating
ChatterBot X-ray reevaluating
ChatterBot Echo reevaluating
ChatterBot Juliett reevaluating
ChatterBot Lima reevaluating
ChatterBot X-ray reevaluating
ChatterBot Echo reevaluating
ChatterBot Juliett reevaluating
ChatterBot Sierra reevaluating
chatterbot Lima submitting transactions
chatterbot Zulu submitting transactions
chatterbot Oscar submitting transactions
2024-10-14 19:55:03.996909 Yankee: Sierra, sending you 8
2024-10-14 19:55:03.997546 Oscar: X-ray and Juliett, sending you 3
2024-10-14 19:55:03.997879 Zulu: X-ray, sending you 3
2024-10-14 19:55:03.998164 India: Yankee and Sierra, sending you 2
2024-10-14 19:55:04.322318 Yankee: India, sending you 5
2024-10-14 19:55:04.323347 Oscar: Echo and Romeo, sending you 4
2024-10-14 19:55:04.324114 India: Romeo, sending you 7
2024-10-14 19:55:04.325144 Zulu: Echo, Juliett and Lima, sending you 5
chatterbot Juliett submitting transactions
chatterbot Yankee submitting transactions
chatterbot Romeo submitting transactions
chatterbot India submitting transactions
chatterbot Lima submitting transactions
2024-10-14 19:55:04.326966 Yankee: Romeo, sending you 4
2024-10-14 19:55:04.327369 Oscar: Zulu and Lima, sending you 2
2024-10-14 19:55:04.403867 X-ray: Echo, Juliett, Yankee and Lima, sending you 4
2024-10-14 19:55:04.404988 Sierra: Yankee, sending you 7
2024-10-14 19:55:04.405440 Echo: X-ray, Zulu and Lima, sending you 5
2024-10-14 19:55:04.406520 Juliett: X-ray, Zulu and Lima, sending you 5
2024-10-14 19:55:04.407218 Lima: X-ray, Echo, Juliett, Yankee, Zulu and India, sending you 3
chatterbot Sierra submitting transactions
2024-10-14 19:55:04.408829 X-ray: Zulu, sending you 2
2024-10-14 19:55:04.526091 Sierra: India, sending you 10
2024-10-14 19:55:04.526597 Echo: Juliett, sending you 3
2024-10-14 19:55:04.527580 Juliett: Romeo, sending you 4
2024-10-14 19:55:04.528091 Lima: Sierra, sending you 1
chatterbot Echo submitting transactions
chatterbot X-ray submitting transactions
ChatterBot X-ray round 3
ChatterBot Echo round 3
ChatterBot Oscar round 3
ChatterBot Juliett round 3
ChatterBot Yankee round 3
ChatterBot Zulu round 3
ChatterBot Sierra round 3
ChatterBot India round 3
ChatterBot Lima round 3
ChatterBot Romeo round 3
2024-10-14 19:55:05.164666 X-ray: We should replace Yankee with Oscar
ChatterBot Echo reevaluating
ChatterBot Juliett reevaluating
ChatterBot Zulu reevaluating
ChatterBot Lima reevaluating
2024-10-14 19:55:05.179570 Echo: Yes
2024-10-14 19:55:05.179730 Juliett: Yes
2024-10-14 19:55:05.179846 Zulu: Yes
2024-10-14 19:55:05.179957 Lima: Yes
ChatterBot Juliett reevaluating
ChatterBot Zulu reevaluating
ChatterBot Lima reevaluating
ChatterBot Echo reevaluating
ChatterBot Zulu reevaluating
ChatterBot Lima reevaluating
ChatterBot Echo reevaluating
ChatterBot Juliett reevaluating
ChatterBot Lima reevaluating
ChatterBot Echo reevaluating
ChatterBot Juliett reevaluating
ChatterBot Zulu reevaluating
2024-10-14 19:55:05.236637 Echo: We should add Oscar
2024-10-14 19:55:05.237015 Zulu: We should add Oscar
ChatterBot Juliett reevaluating
ChatterBot Zulu reevaluating
ChatterBot Lima reevaluating
2024-10-14 19:55:05.250372 X-ray: Yes
ChatterBot Echo reevaluating
2024-10-14 19:55:05.256345 Juliett: Yes
ChatterBot Juliett reevaluating
2024-10-14 19:55:05.260466 Zulu: Yes
2024-10-14 19:55:05.260602 Lima: Yes
ChatterBot Lima reevaluating
2024-10-14 19:55:05.264234 X-ray: Yes
2024-10-14 19:55:05.264346 Echo: Yes
2024-10-14 19:55:05.264450 Juliett: Yes
2024-10-14 19:55:05.264539 Lima: Yes
ChatterBot Echo reevaluating
ChatterBot Juliett reevaluating
ChatterBot Zulu reevaluating
ChatterBot Lima reevaluating
ChatterBot Echo reevaluating
ChatterBot Zulu reevaluating
ChatterBot Lima reevaluating
ChatterBot Echo reevaluating
ChatterBot Juliett reevaluating
ChatterBot Lima reevaluating
ChatterBot Echo reevaluating
ChatterBot Juliett reevaluating
ChatterBot Zulu reevaluating
ChatterBot Echo reevaluating
ChatterBot Juliett reevaluating
ChatterBot Zulu reevaluating
ChatterBot Lima reevaluating
ChatterBot Juliett reevaluating
ChatterBot Zulu reevaluating
ChatterBot Lima reevaluating
ChatterBot Echo reevaluating
ChatterBot Zulu reevaluating
ChatterBot Lima reevaluating
ChatterBot Echo reevaluating
ChatterBot Juliett reevaluating
ChatterBot Zulu reevaluating
2024-10-14 19:55:05.387592 Oscar: We should replace Romeo with Sierra
ChatterBot Echo reevaluating
ChatterBot Juliett reevaluating
ChatterBot Lima reevaluating
ChatterBot Zulu reevaluating
2024-10-14 19:55:05.406813 Echo: No
2024-10-14 19:55:05.407424 Juliett: No
2024-10-14 19:55:05.407567 X-ray: No
2024-10-14 19:55:05.407724 Lima: No
2024-10-14 19:55:05.407883 Zulu: No
ChatterBot Juliett reevaluating
ChatterBot Oscar reevaluating
ChatterBot Lima reevaluating
ChatterBot Zulu reevaluating
ChatterBot Echo reevaluating
ChatterBot Oscar reevaluating
ChatterBot Lima reevaluating
ChatterBot Zulu reevaluating
ChatterBot Echo reevaluating
ChatterBot Juliett reevaluating
ChatterBot Oscar reevaluating
ChatterBot Lima reevaluating
ChatterBot Zulu reevaluating
ChatterBot Echo reevaluating
ChatterBot Juliett reevaluating
ChatterBot Oscar reevaluating
ChatterBot Zulu reevaluating
ChatterBot Echo reevaluating
ChatterBot Juliett reevaluating
ChatterBot Oscar reevaluating
ChatterBot Lima reevaluating
2024-10-14 19:55:05.615063 Yankee: We should add Lima
ChatterBot Romeo reevaluating
2024-10-14 19:55:05.626207 India: No
2024-10-14 19:55:05.626478 Sierra: No
2024-10-14 19:55:05.626702 Romeo: No
ChatterBot Yankee reevaluating
ChatterBot Romeo reevaluating
ChatterBot Yankee reevaluating
ChatterBot Romeo reevaluating
ChatterBot Yankee reevaluating
2024-10-14 19:55:05.687119 X-ray: Oscar we want you to join our group
ChatterBot Oscar reevaluating
2024-10-14 19:55:05.694094 Oscar: Yes
ChatterBot Echo reevaluating
ChatterBot Juliett reevaluating
ChatterBot Lima reevaluating
ChatterBot Zulu reevaluating
2024-10-14 19:55:05.777718 Juliett: Oscar we want you to join our group
ChatterBot Oscar reevaluating
2024-10-14 19:55:05.785214 Oscar: Yes
ChatterBot Echo reevaluating
2024-10-14 19:55:05.817583 Zulu: Oscar we want you to join our group
ChatterBot Oscar reevaluating
2024-10-14 19:55:05.824427 Oscar: Yes
chatterbot X-ray submitting transactions
2024-10-14 19:55:05.850532 Echo: Oscar we want you to join our group
ChatterBot Oscar reevaluating
2024-10-14 19:55:05.856829 Oscar: Yes
2024-10-14 19:55:05.881160 India: Yankee, sending you 4
2024-10-14 19:55:05.881585 Sierra: Yankee, sending you 11
2024-10-14 19:55:05.882406 Lima: X-ray, Echo, Juliett and Zulu, sending you 4
2024-10-14 19:55:05.883020 X-ray: Echo, Oscar, Juliett and Lima, sending you 4
2024-10-14 19:55:05.884146 Romeo: Oscar and India, sending you 5
2024-10-14 19:55:05.888347 India: Sierra, sending you 5
2024-10-14 19:55:05.888631 Sierra: India, sending you 7
2024-10-14 19:55:05.889356 X-ray: Zulu, sending you 2
2024-10-14 19:55:05.889703 Lima: Oscar, sending you 3
2024-10-14 19:55:05.890051 Romeo: Yankee, sending you 4
2024-10-14 19:55:05.890274 Yankee: Sierra, sending you 7
2024-10-14 19:55:05.891057 Juliett: X-ray and Lima, sending you 4
2024-10-14 19:55:05.891500 Oscar: Sierra we want you to join our group
2024-10-14 19:55:05.896609 Sierra: No
ChatterBot Oscar reevaluating
2024-10-14 19:55:05.914549 Yankee: India and Romeo, sending you 5
2024-10-14 19:55:05.914847 India: Romeo, sending you 2
2024-10-14 19:55:05.915602 Romeo: Sierra, sending you 3
2024-10-14 19:55:05.915868 Juliett: Echo and Oscar, sending you 2
2024-10-14 19:55:05.943337 Juliett: Zulu, sending you 6
2024-10-14 19:55:05.943982 Echo: X-ray, Oscar, Zulu and Lima, sending you 4
2024-10-14 19:55:05.945245 Zulu: X-ray and Oscar, sending you 3
2024-10-14 19:55:05.946769 Juliett: Romeo, sending you 1
2024-10-14 19:55:05.970546 Echo: Juliett, sending you 2
2024-10-14 19:55:05.971577 Zulu: Echo, Juliett and Lima, sending you 4
2024-10-14 19:55:05.979137 Oscar: X-ray and Lima, sending you 3
2024-10-14 19:55:05.986759 Oscar: Echo, Juliett and Romeo, sending you 4
chatterbot Juliett submitting transactions
2024-10-14 19:55:05.990756 Oscar: Zulu, sending you 2
chatterbot India submitting transactions
chatterbot Oscar submitting transactions
chatterbot Lima submitting transactions
chatterbot Sierra submitting transactions
chatterbot Romeo submitting transactions
chatterbot Zulu submitting transactions
chatterbot Yankee submitting transactions
chatterbot Echo submitting transactions
ChatterBot X-ray round 4
ChatterBot Echo round 4
ChatterBot Oscar round 4
ChatterBot Juliett round 4
ChatterBot Yankee round 4
ChatterBot Zulu round 4
ChatterBot Sierra round 4
ChatterBot India round 4
ChatterBot Lima round 4
ChatterBot Romeo round 4
2024-10-14 19:55:07.032143 Sierra: We should add Romeo
2024-10-14 19:55:07.038459 Yankee: Yes
2024-10-14 19:55:07.038662 India: Yes
2024-10-14 19:55:07.063183 Sierra: Romeo we want you to join our group
ChatterBot Romeo reevaluating
2024-10-14 19:55:07.066905 Romeo: Yes
2024-10-14 19:55:07.079007 X-ray: Echo, Oscar, Juliett and Lima, sending you 4
2024-10-14 19:55:07.080420 Oscar: X-ray, Juliett, Zulu and Lima, sending you 3
2024-10-14 19:55:07.080981 Romeo: We should drop Oscar
2024-10-14 19:55:07.088249 India: Yes
2024-10-14 19:55:07.088398 Yankee: Yes
2024-10-14 19:55:07.088529 Sierra: Yes
ChatterBot Romeo reevaluating
ChatterBot Romeo reevaluating
ChatterBot Romeo reevaluating
2024-10-14 19:55:07.118084 Yankee: Sierra, sending you 7
2024-10-14 19:55:07.118409 Zulu: X-ray and Oscar, sending you 3
2024-10-14 19:55:07.119409 X-ray: Zulu, sending you 2
2024-10-14 19:55:07.119858 Oscar: Echo and Romeo, sending you 4
2024-10-14 19:55:07.120254 Juliett: X-ray and Lima, sending you 4
2024-10-14 19:55:07.125827 Lima: X-ray, Echo, Juliett and Zulu, sending you 4
2024-10-14 19:55:07.126374 India: Yankee and Sierra, sending you 4
2024-10-14 19:55:07.126737 Yankee: India and Romeo, sending you 5
2024-10-14 19:55:07.126990 Echo: X-ray, Oscar, Zulu and Lima, sending you 4
2024-10-14 19:55:07.127854 Sierra: Yankee, sending you 9
2024-10-14 19:55:07.128078 Zulu: Echo, Juliett and Lima, sending you 4
2024-10-14 19:55:07.128505 Juliett: Echo, sending you 2
2024-10-14 19:55:07.129759 Lima: Oscar, sending you 3
2024-10-14 19:55:07.130235 India: Romeo, sending you 3
2024-10-14 19:55:07.131219 Sierra: India, sending you 7
2024-10-14 19:55:07.133385 Echo: Juliett, sending you 2
2024-10-14 19:55:07.135293 Juliett: Oscar, sending you 3
2024-10-14 19:55:07.136168 Sierra: Romeo, sending you 3
2024-10-14 19:55:07.138989 Juliett: Zulu, sending you 5
2024-10-14 19:55:07.142672 Juliett: Romeo, sending you 1
chatterbot Lima submitting transactions
chatterbot Echo submitting transactions
chatterbot Oscar submitting transactions
chatterbot Juliett submitting transactions
chatterbot India submitting transactions
chatterbot Romeo submitting transactions
chatterbot X-ray submitting transactions
chatterbot Zulu submitting transactions
chatterbot Yankee submitting transactions
chatterbot Sierra submitting transactions
ChatterBot X-ray round 5
ChatterBot Echo round 5
ChatterBot Oscar round 5
ChatterBot Juliett round 5
ChatterBot Yankee round 5
ChatterBot Zulu round 5
ChatterBot Sierra round 5
ChatterBot India round 5
ChatterBot Lima round 5
ChatterBot Romeo round 5
2024-10-14 19:55:08.271667 Juliett: We should drop Romeo
2024-10-14 19:55:08.354513 Echo: Yes
2024-10-14 19:55:08.354738 X-ray: Yes
2024-10-14 19:55:08.356258 Oscar: No
2024-10-14 19:55:08.356440 Lima: Yes
2024-10-14 19:55:08.356589 Zulu: Yes
ChatterBot Oscar reevaluating
ChatterBot Oscar reevaluating
ChatterBot Oscar reevaluating
2024-10-14 19:55:08.464924 Romeo: We should drop Oscar
2024-10-14 19:55:08.476743 India: Yes
2024-10-14 19:55:08.477242 Yankee: Yes
2024-10-14 19:55:08.477757 Sierra: Yes
ChatterBot Romeo reevaluating
ChatterBot Romeo reevaluating
ChatterBot Romeo reevaluating
2024-10-14 19:55:08.515111 X-ray: Echo, Oscar, Juliett and Lima, sending you 4
2024-10-14 19:55:08.518192 Yankee: Sierra, sending you 7
2024-10-14 19:55:08.519197 Zulu: X-ray and Oscar, sending you 3
2024-10-14 19:55:08.521975 Echo: X-ray, Oscar, Zulu and Lima, sending you 4
2024-10-14 19:55:08.523859 X-ray: Zulu, sending you 2
2024-10-14 19:55:08.525753 Sierra: Yankee, sending you 10
2024-10-14 19:55:08.526389 India: Yankee, sending you 3
2024-10-14 19:55:08.527311 Yankee: India and Romeo, sending you 5
2024-10-14 19:55:08.529009 Zulu: Echo, Juliett and Lima, sending you 4
2024-10-14 19:55:08.531387 Echo: Juliett, sending you 2
2024-10-14 19:55:08.532438 Sierra: India, sending you 6
2024-10-14 19:55:08.534033 India: Sierra and Romeo, sending you 4
2024-10-14 19:55:08.534993 Lima: X-ray, Echo, Juliett and Zulu, sending you 4
2024-10-14 19:55:08.536795 Sierra: Romeo, sending you 3
2024-10-14 19:55:08.539682 Juliett: X-ray, sending you 4
2024-10-14 19:55:08.541661 Lima: Oscar, sending you 3
2024-10-14 19:55:08.544670 Juliett: Echo, sending you 2
chatterbot X-ray submitting transactions
2024-10-14 19:55:08.550304 Juliett: Oscar, sending you 3
2024-10-14 19:55:08.555145 Juliett: Zulu and Lima, sending you 5
2024-10-14 19:55:08.557674 Oscar: Sending you each 4
chatterbot Juliett submitting transactions
chatterbot India submitting transactions
chatterbot Echo submitting transactions
chatterbot Lima submitting transactions
chatterbot Oscar submitting transactions
chatterbot Sierra submitting transactions
chatterbot Yankee submitting transactions
chatterbot Zulu submitting transactions
chatterbot Romeo submitting transactions
ChatterBot X-ray round 6
ChatterBot Echo round 6
ChatterBot Oscar round 6
ChatterBot Juliett round 6
ChatterBot Yankee round 6
ChatterBot Zulu round 6
ChatterBot Sierra round 6
ChatterBot India round 6
ChatterBot Lima round 6
ChatterBot Romeo round 6
2024-10-14 19:55:09.531690 Romeo: We should drop Oscar
2024-10-14 19:55:09.542314 India: Yes
2024-10-14 19:55:09.542787 Yankee: Yes
2024-10-14 19:55:09.543997 Sierra: Yes
ChatterBot Romeo reevaluating
ChatterBot Romeo reevaluating
ChatterBot Romeo reevaluating
2024-10-14 19:55:09.580681 Oscar: Same as last round
2024-10-14 19:55:09.582206 Juliett: X-ray and Zulu, sending you 4
2024-10-14 19:55:09.583178 X-ray: Echo, Oscar, Juliett and Lima, sending you 4
2024-10-14 19:55:09.584473 Yankee: Sierra and Romeo, sending you 6
2024-10-14 19:55:09.585150 India: Yankee, sending you 3
2024-10-14 19:55:09.585798 Lima: X-ray, Echo, Juliett and Zulu, sending you 4
2024-10-14 19:55:09.587019 Echo: X-ray, Oscar, Zulu and Lima, sending you 4
2024-10-14 19:55:09.587830 Zulu: X-ray and Oscar, sending you 3
2024-10-14 19:55:09.589217 Juliett: Echo, sending you 2
2024-10-14 19:55:09.590053 X-ray: Zulu, sending you 2
2024-10-14 19:55:09.591272 Yankee: India, sending you 5
2024-10-14 19:55:09.591800 India: Sierra and Romeo, sending you 4
2024-10-14 19:55:09.592382 Lima: Oscar, sending you 3
2024-10-14 19:55:09.593802 Echo: Juliett, sending you 2
2024-10-14 19:55:09.594708 Zulu: Echo, Juliett and Lima, sending you 4
2024-10-14 19:55:09.595605 Sierra: Yankee, sending you 9
2024-10-14 19:55:09.596682 Juliett: Oscar, sending you 3
2024-10-14 19:55:09.600661 Sierra: India, sending you 6
2024-10-14 19:55:09.603243 Juliett: Lima, sending you 6
2024-10-14 19:55:09.608093 Sierra: Romeo, sending you 4
chatterbot India submitting transactions
chatterbot X-ray submitting transactions
chatterbot Juliett submitting transactions
chatterbot Sierra submitting transactions
chatterbot Echo submitting transactions
chatterbot Romeo submitting transactions
chatterbot Yankee submitting transactions
chatterbot Lima submitting transactions
chatterbot Oscar submitting transactions
chatterbot Zulu submitting transactions
ChatterBot X-ray round 7
ChatterBot Echo round 7
ChatterBot Oscar round 7
ChatterBot Juliett round 7
ChatterBot Yankee round 7
ChatterBot Zulu round 7
ChatterBot Sierra round 7
ChatterBot India round 7
ChatterBot Lima round 7
ChatterBot Romeo round 7
2024-10-14 19:55:10.629667 Echo: X-ray, Oscar, Zulu and Lima, sending you 4
2024-10-14 19:55:10.630674 Zulu: X-ray and Oscar, sending you 3
2024-10-14 19:55:10.633794 Romeo: We should drop Oscar
2024-10-14 19:55:10.641206 India: Yes
2024-10-14 19:55:10.641357 Yankee: Yes
2024-10-14 19:55:10.641485 Sierra: Yes
ChatterBot Romeo reevaluating
ChatterBot Romeo reevaluating
ChatterBot Romeo reevaluating
2024-10-14 19:55:10.665291 Echo: Juliett, sending you 2
2024-10-14 19:55:10.666158 Zulu: Echo, Juliett and Lima, sending you 4
2024-10-14 19:55:10.669671 Yankee: Sierra and Romeo, sending you 6
2024-10-14 19:55:10.670061 Sierra: Yankee, sending you 8
2024-10-14 19:55:10.670361 Lima: X-ray, Echo, Juliett and Zulu, sending you 4
2024-10-14 19:55:10.670919 X-ray: Echo, Oscar, Juliett and Lima, sending you 4
2024-10-14 19:55:10.671796 India: Yankee, sending you 3
2024-10-14 19:55:10.672182 Juliett: X-ray, Oscar and Zulu, sending you 4
2024-10-14 19:55:10.672721 Oscar: Same as last round
2024-10-14 19:55:10.673687 Sierra: India, sending you 6
2024-10-14 19:55:10.674352 Lima: Oscar, sending you 3
2024-10-14 19:55:10.674890 Yankee: India, sending you 5
2024-10-14 19:55:10.675266 X-ray: Zulu, sending you 2
2024-10-14 19:55:10.676681 India: Sierra and Romeo, sending you 4
2024-10-14 19:55:10.677447 Juliett: Echo, sending you 2
2024-10-14 19:55:10.678035 Sierra: Romeo, sending you 5
2024-10-14 19:55:10.681680 Juliett: Lima, sending you 5
chatterbot Yankee submitting transactions
chatterbot X-ray submitting transactions
chatterbot Romeo submitting transactions
chatterbot Lima submitting transactions
chatterbot India submitting transactions
chatterbot Juliett submitting transactions
chatterbot Zulu submitting transactions
chatterbot Echo submitting transactions
chatterbot Oscar submitting transactions
chatterbot Sierra submitting transactions
ChatterBot X-ray round 8
ChatterBot Echo round 8
ChatterBot Oscar round 8
ChatterBot Juliett round 8
ChatterBot Yankee round 8
ChatterBot Zulu round 8
ChatterBot Sierra round 8
ChatterBot India round 8
ChatterBot Lima round 8
ChatterBot Romeo round 8
2024-10-14 19:55:11.900809 Romeo: We should drop Oscar
2024-10-14 19:55:11.908490 India: Yes
2024-10-14 19:55:11.908725 Yankee: Yes
2024-10-14 19:55:11.908942 Sierra: Yes
ChatterBot Romeo reevaluating
ChatterBot Romeo reevaluating
ChatterBot Romeo reevaluating
2024-10-14 19:55:11.930804 X-ray: Echo, Oscar, Juliett and Lima, sending you 4
2024-10-14 19:55:11.933671 Zulu: X-ray and Oscar, sending you 3
2024-10-14 19:55:11.934702 Lima: X-ray, Echo, Juliett and Zulu, sending you 4
2024-10-14 19:55:11.935364 Sierra: Yankee, sending you 8
2024-10-14 19:55:11.935826 Oscar: Same as last round
2024-10-14 19:55:11.937001 X-ray: Zulu, sending you 2
2024-10-14 19:55:11.937762 Juliett: X-ray, Oscar and Zulu, sending you 4
2024-10-14 19:55:11.938329 Echo: X-ray, Oscar, Zulu and Lima, sending you 4
2024-10-14 19:55:11.938946 Yankee: Sierra and Romeo, sending you 6
2024-10-14 19:55:11.939420 Zulu: Echo, Juliett and Lima, sending you 4
2024-10-14 19:55:11.940644 Lima: Oscar, sending you 3
2024-10-14 19:55:11.941243 Sierra: India, sending you 6
2024-10-14 19:55:11.941671 Juliett: Echo, sending you 2
2024-10-14 19:55:11.943118 Echo: Juliett, sending you 2
2024-10-14 19:55:11.944048 Yankee: India, sending you 5
2024-10-14 19:55:11.946669 Sierra: Romeo, sending you 5
2024-10-14 19:55:11.947353 Juliett: Lima, sending you 5
2024-10-14 19:55:11.952693 India: Yankee, sending you 3
2024-10-14 19:55:11.956692 India: Sierra and Romeo, sending you 4
chatterbot X-ray submitting transactions
chatterbot India submitting transactions
chatterbot Oscar submitting transactions
chatterbot Romeo submitting transactions
chatterbot Lima submitting transactions
chatterbot Juliett submitting transactions
chatterbot Yankee submitting transactions
chatterbot Echo submitting transactions
chatterbot Sierra submitting transactions
chatterbot Zulu submitting transactions
ChatterBot X-ray round 9
ChatterBot Echo round 9
ChatterBot Oscar round 9
ChatterBot Juliett round 9
ChatterBot Yankee round 9
ChatterBot Zulu round 9
ChatterBot Sierra round 9
ChatterBot India round 9
ChatterBot Lima round 9
ChatterBot Romeo round 9
2024-10-14 19:55:13.138908 Romeo: We should drop Oscar
2024-10-14 19:55:13.147646 India: Yes
2024-10-14 19:55:13.147821 Yankee: Yes
2024-10-14 19:55:13.147946 Sierra: Yes
ChatterBot Romeo reevaluating
ChatterBot Romeo reevaluating
ChatterBot Romeo reevaluating
2024-10-14 19:55:13.177694 India: Yankee, sending you 3
2024-10-14 19:55:13.179698 Yankee: Sierra and Romeo, sending you 6
2024-10-14 19:55:13.180662 Echo: X-ray, Oscar, Zulu and Lima, sending you 4
2024-10-14 19:55:13.181698 India: Sierra and Romeo, sending you 4
2024-10-14 19:55:13.182761 Yankee: India, sending you 5
2024-10-14 19:55:13.183697 Sierra: Yankee, sending you 8
2024-10-14 19:55:13.184688 Echo: Juliett, sending you 2
2024-10-14 19:55:13.186044 Juliett: X-ray, Oscar and Zulu, sending you 4
2024-10-14 19:55:13.186757 Sierra: India, sending you 6
2024-10-14 19:55:13.187727 Zulu: X-ray and Oscar, sending you 3
2024-10-14 19:55:13.190068 Lima: X-ray, Echo, Juliett and Zulu, sending you 4
2024-10-14 19:55:13.191304 X-ray: Echo, Oscar, Juliett and Lima, sending you 4
2024-10-14 19:55:13.192349 Oscar: Same as last round
2024-10-14 19:55:13.194005 Juliett: Echo, sending you 2
2024-10-14 19:55:13.195429 Sierra: Romeo, sending you 5
2024-10-14 19:55:13.196141 Zulu: Echo, Juliett and Lima, sending you 4
2024-10-14 19:55:13.197911 Lima: Oscar, sending you 3
2024-10-14 19:55:13.199125 X-ray: Zulu, sending you 2
2024-10-14 19:55:13.200574 Juliett: Lima, sending you 5
chatterbot X-ray submitting transactions
chatterbot Echo submitting transactions
chatterbot Sierra submitting transactions
chatterbot Yankee submitting transactions
chatterbot Romeo submitting transactions
chatterbot India submitting transactions
chatterbot Juliett submitting transactions
chatterbot Oscar submitting transactions
chatterbot Lima submitting transactions
chatterbot Zulu submitting transactions
ChatterBot X-ray round 10
ChatterBot Echo round 10
ChatterBot Oscar round 10
ChatterBot Juliett round 10
ChatterBot Yankee round 10
ChatterBot Zulu round 10
ChatterBot Sierra round 10
ChatterBot India round 10
ChatterBot Lima round 10
ChatterBot Romeo round 10
2024-10-14 19:55:14.380848 Romeo: We should drop Oscar
2024-10-14 19:55:14.390932 India: Yes
2024-10-14 19:55:14.391146 Yankee: Yes
2024-10-14 19:55:14.391364 Sierra: Yes
ChatterBot Romeo reevaluating
ChatterBot Romeo reevaluating
ChatterBot Romeo reevaluating
2024-10-14 19:55:14.424972 Juliett: X-ray, Oscar and Zulu, sending you 4
2024-10-14 19:55:14.426872 X-ray: Echo, Oscar, Juliett and Lima, sending you 4
2024-10-14 19:55:14.428275 Echo: X-ray, Oscar, Zulu and Lima, sending you 4
2024-10-14 19:55:14.429268 Yankee: Sierra and Romeo, sending you 6
2024-10-14 19:55:14.430672 Juliett: Echo, sending you 2
2024-10-14 19:55:14.431689 Sierra: Yankee, sending you 8
2024-10-14 19:55:14.432911 X-ray: Zulu, sending you 2
2024-10-14 19:55:14.433671 Echo: Juliett, sending you 2
2024-10-14 19:55:14.435116 Lima: X-ray, Echo, Juliett and Zulu, sending you 4
2024-10-14 19:55:14.435947 Oscar: Same as last round
2024-10-14 19:55:14.437539 India: Yankee, sending you 3
2024-10-14 19:55:14.438102 Zulu: X-ray, sending you 2
2024-10-14 19:55:14.439396 Yankee: India, sending you 5
2024-10-14 19:55:14.439797 Juliett: Lima, sending you 5
2024-10-14 19:55:14.440386 Sierra: India, sending you 6
2024-10-14 19:55:14.440928 Lima: Oscar, sending you 3
2024-10-14 19:55:14.442205 India: Sierra and Romeo, sending you 4
2024-10-14 19:55:14.442659 Zulu: Echo, Oscar, Juliett and Lima, sending you 4
2024-10-14 19:55:14.444130 Sierra: Romeo, sending you 5
chatterbot Zulu submitting transactions
chatterbot Romeo submitting transactions
chatterbot India submitting transactions
chatterbot Echo submitting transactions
chatterbot Yankee submitting transactions
chatterbot Juliett submitting transactions
chatterbot Sierra submitting transactions
chatterbot Oscar submitting transactions
chatterbot X-ray submitting transactions
chatterbot Lima submitting transactions
ChatterBot X-ray round 11
ChatterBot Echo round 11
ChatterBot Oscar round 11
ChatterBot Juliett round 11
ChatterBot Yankee round 11
ChatterBot Zulu round 11
ChatterBot Sierra round 11
ChatterBot India round 11
ChatterBot Lima round 11
ChatterBot Romeo round 11
2024-10-14 19:55:15.629852 Romeo: We should drop Oscar
2024-10-14 19:55:15.640668 India: Yes
2024-10-14 19:55:15.643260 Yankee: Yes
2024-10-14 19:55:15.645287 Sierra: Yes
ChatterBot Romeo reevaluating
ChatterBot Romeo reevaluating
ChatterBot Romeo reevaluating
2024-10-14 19:55:15.692326 Yankee: Sierra and Romeo, sending you 6
2024-10-14 19:55:15.693138 Sierra: Yankee, sending you 8
2024-10-14 19:55:15.694538 X-ray: Echo, Oscar, Juliett and Lima, sending you 4
2024-10-14 19:55:15.696516 Juliett: X-ray, Oscar and Zulu, sending you 4
2024-10-14 19:55:15.697554 Oscar: Same as last round
2024-10-14 19:55:15.699197 India: Yankee, sending you 3
2024-10-14 19:55:15.700537 Lima: X-ray, Echo, Juliett and Zulu, sending you 4
2024-10-14 19:55:15.701632 Echo: X-ray, Oscar, Zulu and Lima, sending you 4
2024-10-14 19:55:15.703513 Zulu: X-ray, sending you 2
2024-10-14 19:55:15.705054 Yankee: India, sending you 5
2024-10-14 19:55:15.705700 Sierra: India, sending you 6
2024-10-14 19:55:15.706329 X-ray: Zulu, sending you 2
2024-10-14 19:55:15.707961 Juliett: Echo, sending you 2
2024-10-14 19:55:15.710148 India: Sierra and Romeo, sending you 4
2024-10-14 19:55:15.710892 Lima: Oscar, sending you 3
2024-10-14 19:55:15.713146 Echo: Juliett, sending you 2
2024-10-14 19:55:15.714793 Zulu: Echo, Oscar, Juliett and Lima, sending you 4
2024-10-14 19:55:15.716522 Sierra: Romeo, sending you 5
2024-10-14 19:55:15.717372 Juliett: Lima, sending you 5
chatterbot Yankee submitting transactions
chatterbot Sierra submitting transactions
chatterbot Zulu submitting transactions
chatterbot India submitting transactions
chatterbot Lima submitting transactions
chatterbot Juliett submitting transactions
chatterbot Oscar submitting transactions
chatterbot Echo submitting transactions
chatterbot X-ray submitting transactions
chatterbot Romeo submitting transactions
ChatterBot X-ray round 12
ChatterBot Echo round 12
ChatterBot Oscar round 12
ChatterBot Juliett round 12
ChatterBot Yankee round 12
ChatterBot Zulu round 12
ChatterBot Sierra round 12
ChatterBot India round 12
ChatterBot Lima round 12
ChatterBot Romeo round 12
2024-10-14 19:55:16.883657 Juliett: X-ray, Oscar and Zulu, sending you 4
2024-10-14 19:55:16.885005 Romeo: We should drop Oscar
2024-10-14 19:55:16.892883 India: Yes
2024-10-14 19:55:16.893170 Yankee: Yes
2024-10-14 19:55:16.893457 Sierra: Yes
ChatterBot Romeo reevaluating
ChatterBot Romeo reevaluating
ChatterBot Romeo reevaluating
2024-10-14 19:55:16.934461 Juliett: Echo, sending you 2
2024-10-14 19:55:16.936663 Zulu: X-ray, sending you 2
2024-10-14 19:55:16.938047 X-ray: Echo, Oscar, Juliett and Lima, sending you 4
2024-10-14 19:55:16.939865 Echo: X-ray, Oscar, Zulu and Lima, sending you 4
2024-10-14 19:55:16.943857 Sierra: Yankee, sending you 8
2024-10-14 19:55:16.945870 Oscar: Same as last round
2024-10-14 19:55:16.949533 Yankee: Sierra and Romeo, sending you 6
2024-10-14 19:55:16.951582 Juliett: Lima, sending you 5
2024-10-14 19:55:16.953943 India: Yankee, sending you 3
2024-10-14 19:55:16.955062 Lima: X-ray, Echo, Juliett and Zulu, sending you 4
2024-10-14 19:55:16.957212 Zulu: Echo, Oscar, Juliett and Lima, sending you 4
2024-10-14 19:55:16.959403 X-ray: Zulu, sending you 2
2024-10-14 19:55:16.961535 Echo: Juliett, sending you 2
