ChatterBot Oscar round 1
ChatterBot Mike round 1
ChatterBot November round 1
ChatterBot Victor round 1
ChatterBot Uniform round 1
ChatterBot Echo round 1
ChatterBot X-ray round 1
randomSelections Victor: {Victor, Mike, Quebec, Echo, Uniform, India} 
2024-10-14 19:55:00.184296 Victor: Let's form a team
ChatterBot Mike reevaluating
ChatterBot Echo reevaluating
ChatterBot Uniform reevaluating
2024-10-14 19:55:00.201532 Mike: Yes
2024-10-14 19:55:00.201804 Echo: Yes
2024-10-14 19:55:00.202043 Uniform: Yes
ChatterBot Echo reevaluating
ChatterBot Uniform reevaluating
ChatterBot Mike reevaluating
ChatterBot Uniform reevaluating
ChatterBot Mike reevaluating
ChatterBot Echo reevaluating
ChatterBot Tango round 1
ChatterBot Quebec round 1
ChatterBot Quebec reevaluating
ChatterBot Quebec reevaluating
ChatterBot Quebec reevaluating
ChatterBot Quebec reevaluating
2024-10-14 19:55:00.262147 Quebec: Yes
ChatterBot Mike reevaluating
ChatterBot Echo reevaluating
ChatterBot Uniform reevaluating
ChatterBot India round 1
ChatterBot India reevaluating
ChatterBot India reevaluating
ChatterBot India reevaluating
ChatterBot India reevaluating
ChatterBot India reevaluating
2024-10-14 19:55:00.299788 India: Yes
ChatterBot Mike reevaluating
ChatterBot Quebec reevaluating
ChatterBot Echo reevaluating
ChatterBot Uniform reevaluating
randomSelections Oscar: {Oscar, Quebec, Mike, X-ray, Echo, Tango} 
2024-10-14 19:55:00.362994 Oscar: Group up?
ChatterBot Quebec reevaluating
ChatterBot Mike reevaluating
ChatterBot X-ray reevaluating
ChatterBot Echo reevaluating
ChatterBot Tango reevaluating
2024-10-14 19:55:00.399340 Quebec: No
2024-10-14 19:55:00.399553 Mike: No
2024-10-14 19:55:00.400517 X-ray: Yes
2024-10-14 19:55:00.400853 Echo: No
2024-10-14 19:55:00.401193 Tango: Yes
ChatterBot Mike reevaluating
ChatterBot X-ray reevaluating
ChatterBot Echo reevaluating
ChatterBot Tango reevaluating
ChatterBot Quebec reevaluating
ChatterBot X-ray reevaluating
ChatterBot Echo reevaluating
ChatterBot Tango reevaluating
ChatterBot Quebec reevaluating
ChatterBot Mike reevaluating
ChatterBot Echo reevaluating
ChatterBot Tango reevaluating
ChatterBot Quebec reevaluating
ChatterBot Mike reevaluating
ChatterBot X-ray reevaluating
ChatterBot Tango reevaluating
ChatterBot Quebec reevaluating
ChatterBot Mike reevaluating
ChatterBot X-ray reevaluating
ChatterBot Echo reevaluating
randomSelections November: {November, Echo, Tango, Uniform, X-ray, India} 
2024-10-14 19:55:00.467462 November: Can we be friends?
ChatterBot Echo reevaluating
ChatterBot Tango reevaluating
ChatterBot Uniform reevaluating
ChatterBot X-ray reevaluating
ChatterBot India reevaluating
2024-10-14 19:55:00.478920 Echo: No
2024-10-14 19:55:00.479271 Tango: No
2024-10-14 19:55:00.480119 Uniform: No
2024-10-14 19:55:00.480694 X-ray: No
2024-10-14 19:55:00.481204 India: No
ChatterBot Tango reevaluating
ChatterBot Uniform reevaluating
ChatterBot X-ray reevaluating
ChatterBot India reevaluating
ChatterBot Echo reevaluating
ChatterBot Uniform reevaluating
ChatterBot X-ray reevaluating
ChatterBot India reevaluating
ChatterBot Echo reevaluating
ChatterBot Tango reevaluating
ChatterBot X-ray reevaluating
ChatterBot India reevaluating
ChatterBot Echo reevaluating
ChatterBot Tango reevaluating
ChatterBot Uniform reevaluating
ChatterBot India reevaluating
ChatterBot Echo reevaluating
ChatterBot Tango reevaluating
ChatterBot Uniform reevaluating
ChatterBot X-ray reevaluating
2024-10-14 19:55:00.549758 Victor: Uniform, sending you 4
2024-10-14 19:55:00.554694 Victor: Echo and India, sending you 3
2024-10-14 19:55:00.558836 Oscar: Mike, sending you 5
2024-10-14 19:55:00.561092 X-ray: Oscar and Quebec, sending you 2
2024-10-14 19:55:00.563146 Victor: Quebec, sending you 1
2024-10-14 19:55:00.563554 November: Uniform, sending you 4
2024-10-14 19:55:00.564005 Quebec: Mike, sending you 3
2024-10-14 19:55:00.565442 India: Mike and Echo, sending you 2
2024-10-14 19:55:00.566180 Oscar: Echo, sending you 2
2024-10-14 19:55:00.567774 X-ray: Mike, sending you 4
2024-10-14 19:55:00.568326 Tango: Oscar, Mike and Quebec, sending you 1
2024-10-14 19:55:00.568803 Mike: Victor, sending you 1
2024-10-14 19:55:00.570503 Echo: Mike and Uniform, sending you 5
2024-10-14 19:55:00.571061 Uniform: Mike, sending you 3
2024-10-14 19:55:00.572454 November: Echo and India, sending you 2
2024-10-14 19:55:00.573003 Quebec: Victor and Uniform, sending you 2
2024-10-14 19:55:00.573604 India: Victor, Uniform and Quebec, sending you 3
2024-10-14 19:55:00.575666 Oscar: X-ray, sending you 6
2024-10-14 19:55:00.576150 X-ray: Echo, sending you 5
2024-10-14 19:55:00.577880 Tango: Echo, sending you 2
2024-10-14 19:55:00.578400 Mike: Uniform, Echo and Quebec, sending you 3
2024-10-14 19:55:00.579036 Echo: Victor, sending you 3
2024-10-14 19:55:00.580631 Uniform: Victor, sending you 5
2024-10-14 19:55:00.581245 November: X-ray, sending you 3
2024-10-14 19:55:00.582892 Quebec: Echo, sending you 4
2024-10-14 19:55:00.583467 Oscar: Tango, sending you 1
2024-10-14 19:55:00.584964 Tango: X-ray, sending you 7
2024-10-14 19:55:00.585582 X-ray: Tango, sending you 1
2024-10-14 19:55:00.585994 Mike: India, sending you 2
2024-10-14 19:55:00.587383 Echo: Quebec, sending you 4
2024-10-14 19:55:00.587907 Uniform: Quebec, sending you 2
2024-10-14 19:55:00.589206 Quebec: India, sending you 1
2024-10-14 19:55:00.589813 November: Tango, sending you 5
2024-10-14 19:55:00.590782 Oscar: Quebec, sending you 3
2024-10-14 19:55:00.591251 Echo: India, sending you 2
2024-10-14 19:55:00.595852 Uniform: India, sending you 1
chatterbot Victor submitting transactions
chatterbot Mike submitting transactions
chatterbot India submitting transactions
chatterbot Echo submitting transactions
chatterbot X-ray submitting transactions
chatterbot Tango submitting transactions
chatterbot Oscar submitting transactions
chatterbot Uniform submitting transactions
chatterbot Quebec submitting transactions
chatterbot November submitting transactions
ChatterBot Oscar round 2
ChatterBot Mike round 2
ChatterBot November round 2
ChatterBot Victor round 2
ChatterBot Uniform round 2
2024-10-14 19:55:01.741596 November: Group up?
ChatterBot Oscar reevaluating
ChatterBot Tango reevaluating
2024-10-14 19:55:01.766733 Oscar: Yes
2024-10-14 19:55:01.767310 Tango: No
ChatterBot November reevaluating
ChatterBot Tango reevaluating
ChatterBot November reevaluating
ChatterBot Oscar reevaluating
ChatterBot Echo round 2
ChatterBot X-ray round 2
ChatterBot Tango round 2
ChatterBot Quebec round 2
2024-10-14 19:55:01.831896 Uniform: We should add November
ChatterBot Victor reevaluating
ChatterBot Quebec reevaluating
ChatterBot Echo reevaluating
ChatterBot India reevaluating
2024-10-14 19:55:01.856178 Victor: Yes
2024-10-14 19:55:01.856872 Mike: No
2024-10-14 19:55:01.857010 Quebec: No
2024-10-14 19:55:01.857118 Echo: No
2024-10-14 19:55:01.857219 India: No
ChatterBot Quebec reevaluating
ChatterBot Echo reevaluating
ChatterBot India reevaluating
ChatterBot Victor reevaluating
ChatterBot Quebec reevaluating
ChatterBot Echo reevaluating
ChatterBot India reevaluating
ChatterBot Victor reevaluating
ChatterBot Echo reevaluating
ChatterBot India reevaluating
ChatterBot Victor reevaluating
ChatterBot Quebec reevaluating
ChatterBot Uniform reevaluating
ChatterBot India reevaluating
ChatterBot Victor reevaluating
ChatterBot Quebec reevaluating
ChatterBot Echo reevaluating
ChatterBot Uniform reevaluating
ChatterBot India round 2
2024-10-14 19:55:01.986705 X-ray: Group up?
ChatterBot Oscar reevaluating
ChatterBot November reevaluating
ChatterBot Tango reevaluating
2024-10-14 19:55:01.998292 Oscar: Yes
2024-10-14 19:55:01.998510 November: Yes
2024-10-14 19:55:01.999169 Tango: Yes
ChatterBot November reevaluating
ChatterBot Tango reevaluating
ChatterBot Oscar reevaluating
ChatterBot Tango reevaluating
ChatterBot Oscar reevaluating
ChatterBot November reevaluating
2024-10-14 19:55:02.054033 Quebec: We should drop Uniform
ChatterBot Victor reevaluating
2024-10-14 19:55:02.077058 Mike: No
2024-10-14 19:55:02.077334 Victor: No
2024-10-14 19:55:02.077550 Echo: No
2024-10-14 19:55:02.078142 India: No
ChatterBot Quebec reevaluating
ChatterBot Victor reevaluating
ChatterBot Quebec reevaluating
ChatterBot Quebec reevaluating
ChatterBot Victor reevaluating
ChatterBot Quebec reevaluating
ChatterBot Victor reevaluating
2024-10-14 19:55:02.175322 Mike: Sending you each 3
2024-10-14 19:55:02.861823 X-ray: Oscar, sending you 5
2024-10-14 19:55:02.862361 Tango: Sending you each 5
2024-10-14 19:55:02.862695 Oscar: November, sending you 4
2024-10-14 19:55:02.863583 November: Sending you each 6
2024-10-14 19:55:02.863949 Echo: Mike and Victor, sending you 4
2024-10-14 19:55:02.865227 Quebec: We should drop Victor
ChatterBot Uniform reevaluating
2024-10-14 19:55:02.880348 Mike: No
2024-10-14 19:55:02.880741 Uniform: No
2024-10-14 19:55:02.880997 Echo: No
2024-10-14 19:55:02.881146 India: No
ChatterBot Uniform reevaluating
ChatterBot Quebec reevaluating
ChatterBot Quebec reevaluating
ChatterBot Uniform reevaluating
ChatterBot Quebec reevaluating
ChatterBot Uniform reevaluating
2024-10-14 19:55:02.947537 Victor: November we want you to join our group
2024-10-14 19:55:02.952290 November: No
ChatterBot Victor reevaluating
ChatterBot Uniform reevaluating
ChatterBot Quebec reevaluating
chatterbot Mike submitting transactions
2024-10-14 19:55:02.977226 X-ray: November, sending you 4
2024-10-14 19:55:02.977564 Echo: Uniform, sending you 2
2024-10-14 19:55:02.978350 Oscar: X-ray, sending you 7
2024-10-14 19:55:02.978564 India: Mike, Victor and Echo, sending you 3
2024-10-14 19:55:03.412334 X-ray: Tango, sending you 6
2024-10-14 19:55:03.413161 Oscar: Tango, sending you 6
2024-10-14 19:55:03.413604 Echo: Quebec, sending you 6
2024-10-14 19:55:03.414565 India: Uniform and Quebec, sending you 2
chatterbot Tango submitting transactions
chatterbot November submitting transactions
2024-10-14 19:55:03.924031 Echo: India, sending you 3
chatterbot India submitting transactions
chatterbot Oscar submitting transactions
chatterbot X-ray submitting transactions
chatterbot Quebec submitting transactions
2024-10-14 19:55:04.136476 Victor: Mike, sending you 3
2024-10-14 19:55:04.136889 Uniform: Mike, Victor and India, sending you 3
chatterbot Echo submitting transactions
chatterbot Uniform submitting transactions
2024-10-14 19:55:04.359411 Uniform: Echo, sending you 4
2024-10-14 19:55:04.360601 Quebec: Mike, Echo and India, sending you 4
2024-10-14 19:55:04.361109 Victor: Uniform, Echo, Quebec and India, sending you 4
chatterbot Victor submitting transactions
2024-10-14 19:55:04.376785 Uniform: Quebec, sending you 2
2024-10-14 19:55:04.377746 Quebec: Uniform, sending you 3
ChatterBot Oscar round 3
ChatterBot Mike round 3
ChatterBot November round 3
ChatterBot Victor round 3
ChatterBot Uniform round 3
ChatterBot Echo round 3
ChatterBot X-ray round 3
ChatterBot Tango round 3
ChatterBot Quebec round 3
ChatterBot India round 3
2024-10-14 19:55:04.529304 Quebec: We should replace Uniform with Victor
2024-10-14 19:55:04.536745 Mike: No
2024-10-14 19:55:04.536913 Echo: No
2024-10-14 19:55:04.537024 India: No
2024-10-14 19:55:04.562117 Quebec: Victor we want you to join our group
2024-10-14 19:55:04.565032 Victor: Yes
2024-10-14 19:55:04.574438 Oscar: November, sending you 5
2024-10-14 19:55:04.585262 Oscar: X-ray and Tango, sending you 6
2024-10-14 19:55:04.585534 Victor: Mike, Uniform, Echo and India, sending you 4
2024-10-14 19:55:04.586157 Tango: Same as last round
2024-10-14 19:55:04.586437 November: Oscar, sending you 5
2024-10-14 19:55:04.587284 Uniform: Sending you each 3
2024-10-14 19:55:04.587709 Mike: Same as last round
2024-10-14 19:55:04.591234 X-ray: Sending you each 5
2024-10-14 19:55:04.591639 Victor: Quebec, sending you 3
2024-10-14 19:55:04.592271 Echo: Mike and Victor, sending you 4
2024-10-14 19:55:04.593410 November: X-ray, sending you 6
2024-10-14 19:55:04.597854 Quebec: Mike, sending you 4
2024-10-14 19:55:04.598288 Echo: Uniform and India, sending you 3
2024-10-14 19:55:04.598811 November: Tango, sending you 7
2024-10-14 19:55:04.599677 India: Mike, Victor, Echo and Quebec, sending you 3
2024-10-14 19:55:04.601701 Quebec: Victor and India, sending you 3
2024-10-14 19:55:04.603982 Echo: Quebec, sending you 5
2024-10-14 19:55:04.605449 India: Uniform, sending you 1
2024-10-14 19:55:04.611091 Quebec: Echo, sending you 5
chatterbot November submitting transactions
chatterbot Victor submitting transactions
chatterbot Mike submitting transactions
chatterbot Uniform submitting transactions
chatterbot Echo submitting transactions
chatterbot Oscar submitting transactions
chatterbot X-ray submitting transactions
chatterbot Quebec submitting transactions
chatterbot India submitting transactions
chatterbot Tango submitting transactions
ChatterBot Oscar round 4
ChatterBot Mike round 4
ChatterBot November round 4
ChatterBot Victor round 4
ChatterBot Uniform round 4
ChatterBot Echo round 4
ChatterBot X-ray round 4
ChatterBot Tango round 4
ChatterBot Quebec round 4
ChatterBot India round 4
2024-10-14 19:55:06.851880 Quebec: We should replace India with Uniform
2024-10-14 19:55:06.860046 Mike: No
2024-10-14 19:55:06.860289 Victor: No
2024-10-14 19:55:06.860498 Echo: No
ChatterBot Quebec reevaluating
ChatterBot Quebec reevaluating
2024-10-14 19:55:06.893766 Oscar: November, sending you 5
2024-10-14 19:55:06.894210 Victor: Mike, Uniform, Echo and India, sending you 4
2024-10-14 19:55:06.895291 X-ray: Same as last round
2024-10-14 19:55:06.897746 Oscar: X-ray and Tango, sending you 6
2024-10-14 19:55:06.898890 Victor: Quebec, sending you 3
2024-10-14 19:55:06.899606 Mike: Same as last round
2024-10-14 19:55:06.900041 November: Oscar, sending you 5
2024-10-14 19:55:06.907552 November: X-ray, sending you 6
2024-10-14 19:55:06.908454 Tango: Same as last round
2024-10-14 19:55:06.911116 Quebec: Mike, sending you 4
2024-10-14 19:55:06.921747 November: Tango, sending you 7
2024-10-14 19:55:06.922742 Echo: Mike and Victor, sending you 4
2024-10-14 19:55:06.923346 Uniform: Mike and Echo, sending you 3
2024-10-14 19:55:06.924316 India: Mike, Victor, Echo and Quebec, sending you 3
2024-10-14 19:55:06.924933 Quebec: Victor and India, sending you 3
2024-10-14 19:55:06.928255 Echo: Uniform and India, sending you 3
2024-10-14 19:55:06.929327 Uniform: Victor, sending you 5
2024-10-14 19:55:06.930439 India: Uniform, sending you 1
2024-10-14 19:55:06.931026 Quebec: Echo, sending you 5
2024-10-14 19:55:06.934337 Echo: Quebec, sending you 5
2024-10-14 19:55:06.938644 Uniform: Quebec and India, sending you 2
chatterbot Quebec submitting transactions
chatterbot Mike submitting transactions
chatterbot Oscar submitting transactions
chatterbot November submitting transactions
chatterbot Echo submitting transactions
chatterbot India submitting transactions
chatterbot X-ray submitting transactions
chatterbot Victor submitting transactions
chatterbot Tango submitting transactions
chatterbot Uniform submitting transactions
ChatterBot Oscar round 5
ChatterBot Mike round 5
ChatterBot November round 5
ChatterBot Victor round 5
ChatterBot Uniform round 5
ChatterBot Echo round 5
ChatterBot X-ray round 5
ChatterBot Tango round 5
ChatterBot Quebec round 5
ChatterBot India round 5
2024-10-14 19:55:08.011673 November: Oscar, sending you 5
2024-10-14 19:55:08.016855 November: X-ray, sending you 7
2024-10-14 19:55:08.017708 Uniform: Mike and Echo, sending you 3
2024-10-14 19:55:08.021090 X-ray: Same as last round
2024-10-14 19:55:08.021683 November: Tango, sending you 6
2024-10-14 19:55:08.022118 Uniform: Victor, sending you 5
2024-10-14 19:55:08.023229 Victor: Mike, Uniform, Echo and India, sending you 4
2024-10-14 19:55:08.025113 Oscar: X-ray, sending you 1
2024-10-14 19:55:08.025501 Tango: Same as last round
2024-10-14 19:55:08.026661 Uniform: Quebec and India, sending you 2
2024-10-14 19:55:08.027604 Mike: Same as last round
2024-10-14 19:55:08.028932 Victor: Quebec, sending you 3
2024-10-14 19:55:08.029374 Echo: Mike and Victor, sending you 4
2024-10-14 19:55:08.029919 Quebec: Mike, sending you 4
2024-10-14 19:55:08.033055 Echo: Uniform and India, sending you 3
2024-10-14 19:55:08.035184 Quebec: Victor and India, sending you 3
2024-10-14 19:55:08.037179 Echo: Quebec, sending you 5
2024-10-14 19:55:08.038160 India: Mike, Victor, Echo and Quebec, sending you 3
2024-10-14 19:55:08.039682 Quebec: Echo, sending you 5
2024-10-14 19:55:08.043675 India: Uniform, sending you 1
chatterbot India submitting transactions
chatterbot Quebec submitting transactions
chatterbot Tango submitting transactions
chatterbot November submitting transactions
chatterbot Victor submitting transactions
chatterbot Oscar submitting transactions
chatterbot Mike submitting transactions
chatterbot Echo submitting transactions
chatterbot Uniform submitting transactions
chatterbot X-ray submitting transactions
ChatterBot Oscar round 6
ChatterBot Mike round 6
ChatterBot November round 6
ChatterBot Victor round 6
ChatterBot Uniform round 6
ChatterBot Echo round 6
ChatterBot X-ray round 6
ChatterBot Tango round 6
2024-10-14 19:55:09.174167 X-ray: We should add Uniform
2024-10-14 19:55:09.182382 Oscar: No
2024-10-14 19:55:09.182559 November: No
2024-10-14 19:55:09.182689 Tango: No
ChatterBot X-ray reevaluating
ChatterBot X-ray reevaluating
ChatterBot X-ray reevaluating
ChatterBot Quebec round 6
ChatterBot India round 6
2024-10-14 19:55:09.218497 X-ray: We should add India
2024-10-14 19:55:09.224913 Oscar: No
2024-10-14 19:55:09.225099 November: No
2024-10-14 19:55:09.225620 Tango: No
ChatterBot X-ray reevaluating
ChatterBot X-ray reevaluating
ChatterBot X-ray reevaluating
2024-10-14 19:55:09.252046 Quebec: We should replace Mike with Uniform
2024-10-14 19:55:09.258973 Victor: No
2024-10-14 19:55:09.259136 Echo: No
2024-10-14 19:55:09.259266 India: No
ChatterBot Quebec reevaluating
ChatterBot Quebec reevaluating
ChatterBot Quebec reevaluating
2024-10-14 19:55:09.280493 Quebec: We should replace India with Uniform
ChatterBot Victor reevaluating
2024-10-14 19:55:09.287176 Mike: No
2024-10-14 19:55:09.287329 Victor: No
2024-10-14 19:55:09.287448 Echo: No
ChatterBot Quebec reevaluating
ChatterBot Victor reevaluating
ChatterBot Quebec reevaluating
ChatterBot Quebec reevaluating
ChatterBot Victor reevaluating
2024-10-14 19:55:09.309161 Mike: Victor, Echo, Quebec and India, sending you 3
2024-10-14 19:55:09.310060 Oscar: November, sending you 5
2024-10-14 19:55:09.310468 Echo: I was attacked by Oscar
ChatterBot Victor reevaluating
ChatterBot Mike reevaluating
ChatterBot Quebec reevaluating
ChatterBot Uniform reevaluating
ChatterBot India reevaluating
2024-10-14 19:55:09.322865 Echo: I'm keeping this round to protect myself
2024-10-14 19:55:09.324282 Echo: Ow
2024-10-14 19:55:09.324586 Victor: We should add Tango
ChatterBot Mike reevaluating
ChatterBot Quebec reevaluating
ChatterBot Uniform reevaluating
ChatterBot India reevaluating
2024-10-14 19:55:09.336663 Mike: No
2024-10-14 19:55:09.336817 Quebec: No
2024-10-14 19:55:09.336943 Echo: No
2024-10-14 19:55:09.337046 Uniform: No
2024-10-14 19:55:09.337573 India: No
ChatterBot Victor reevaluating
ChatterBot Quebec reevaluating
ChatterBot Uniform reevaluating
ChatterBot India reevaluating
ChatterBot Victor reevaluating
ChatterBot Mike reevaluating
ChatterBot Uniform reevaluating
ChatterBot India reevaluating
ChatterBot Victor reevaluating
ChatterBot Mike reevaluating
ChatterBot Quebec reevaluating
ChatterBot Uniform reevaluating
ChatterBot India reevaluating
ChatterBot Victor reevaluating
ChatterBot Mike reevaluating
ChatterBot Quebec reevaluating
ChatterBot India reevaluating
ChatterBot Victor reevaluating
ChatterBot Mike reevaluating
ChatterBot Quebec reevaluating
ChatterBot Uniform reevaluating
2024-10-14 19:55:09.399821 Tango: Same as last round
2024-10-14 19:55:09.400234 November: Oscar, sending you 4
2024-10-14 19:55:09.401216 Oscar: X-ray and Tango, sending you 6
2024-10-14 19:55:09.403673 X-ray: Oscar and November, sending you 5
2024-10-14 19:55:09.403999 November: X-ray and Tango, sending you 7
2024-10-14 19:55:09.406722 X-ray: Tango, sending you 6
2024-10-14 19:55:09.413855 Quebec: Uniform we want you to join our group
2024-10-14 19:55:09.426344 Uniform: Yes
ChatterBot Quebec reevaluating
ChatterBot Mike reevaluating
2024-10-14 19:55:09.482753 Uniform: Mike and Victor, sending you 4
2024-10-14 19:55:09.487662 Uniform: Echo, sending you 3
2024-10-14 19:55:09.496164 Victor: Mike, Echo, Quebec and India, sending you 2
2024-10-14 19:55:09.496918 Uniform: Quebec and India, sending you 2
2024-10-14 19:55:09.500686 Victor: Uniform, sending you 3
2024-10-14 19:55:09.503671 Mike: Victor, Echo, Quebec and India, sending you 2
2024-10-14 19:55:09.507130 Mike: Uniform, sending you 1
2024-10-14 19:55:09.513662 Quebec: Mike, Victor and Echo, sending you 4
2024-10-14 19:55:09.517671 Quebec: Uniform, sending you 3
chatterbot Oscar submitting transactions
chatterbot November submitting transactions
chatterbot Tango submitting transactions
chatterbot Quebec submitting transactions
chatterbot Echo submitting transactions
chatterbot Mike submitting transactions
chatterbot Victor submitting transactions
chatterbot X-ray submitting transactions
chatterbot Uniform submitting transactions
chatterbot India submitting transactions
ChatterBot Oscar round 7
ChatterBot Mike round 7
ChatterBot November round 7
ChatterBot Victor round 7
ChatterBot Uniform round 7
ChatterBot Echo round 7
ChatterBot X-ray round 7
ChatterBot Tango round 7
ChatterBot Quebec round 7
ChatterBot India round 7
2024-10-14 19:55:10.607981 Quebec: We should replace Mike with India
2024-10-14 19:55:10.615820 Victor: No
2024-10-14 19:55:10.616016 Uniform: No
2024-10-14 19:55:10.616151 Echo: No
ChatterBot Victor reevaluating
2024-10-14 19:55:10.638381 Victor: We should add X-ray
2024-10-14 19:55:10.648599 Mike: Yes
2024-10-14 19:55:10.648778 Quebec: Yes
2024-10-14 19:55:10.648883 Echo: Yes
2024-10-14 19:55:10.649002 Uniform: Yes
2024-10-14 19:55:10.649132 India: Yes
ChatterBot Victor reevaluating
ChatterBot Quebec reevaluating
ChatterBot Victor reevaluating
ChatterBot Victor reevaluating
ChatterBot Quebec reevaluating
ChatterBot Victor reevaluating
ChatterBot Mike reevaluating
ChatterBot Quebec reevaluating
ChatterBot Victor reevaluating
ChatterBot Mike reevaluating
ChatterBot Quebec reevaluating
2024-10-14 19:55:10.714913 Oscar: I was attacked by Mike and Victor
ChatterBot November reevaluating
ChatterBot X-ray reevaluating
ChatterBot Tango reevaluating
2024-10-14 19:55:10.721997 Oscar: I'm keeping this round to protect myself
2024-10-14 19:55:10.722641 Oscar: Ow
2024-10-14 19:55:10.723341 Mike: X-ray we want you to join our group
ChatterBot X-ray reevaluating
2024-10-14 19:55:10.725683 X-ray: No
ChatterBot Mike reevaluating
ChatterBot Victor reevaluating
ChatterBot Quebec reevaluating
2024-10-14 19:55:10.741706 Victor: X-ray we want you to join our group
ChatterBot X-ray reevaluating
2024-10-14 19:55:10.746733 X-ray: No
ChatterBot Mike reevaluating
ChatterBot Victor reevaluating
ChatterBot Quebec reevaluating
2024-10-14 19:55:10.771664 Echo: Mike, Victor, Quebec and India, sending you 3
2024-10-14 19:55:10.772338 November: Oscar, sending you 5
2024-10-14 19:55:10.772719 Tango: Oscar and X-ray, sending you 1
2024-10-14 19:55:10.773741 Quebec: India we want you to join our group
2024-10-14 19:55:10.776301 India: Yes
ChatterBot Victor reevaluating
2024-10-14 19:55:10.783725 Uniform: Mike and Echo, sending you 3
2024-10-14 19:55:10.784617 Echo: Uniform, sending you 2
2024-10-14 19:55:10.785093 November: X-ray, sending you 7
2024-10-14 19:55:10.785427 Tango: November, sending you 2
2024-10-14 19:55:10.788673 Uniform: Victor, sending you 5
2024-10-14 19:55:10.789659 November: Tango, sending you 6
2024-10-14 19:55:10.792682 Uniform: Quebec and India, sending you 2
2024-10-14 19:55:10.808010 X-ray: Oscar, sending you 6
2024-10-14 19:55:10.808678 Quebec: Victor, Echo and India, sending you 4
2024-10-14 19:55:10.810674 Victor: Mike, Uniform, Quebec and India, sending you 4
2024-10-14 19:55:10.811685 X-ray: November and Tango, sending you 5
2024-10-14 19:55:10.812681 Quebec: Uniform, sending you 3
2024-10-14 19:55:10.813699 Mike: Victor, Uniform, Echo, Quebec and India, sending you 3
2024-10-14 19:55:10.814696 Victor: Echo, sending you 3
chatterbot Mike submitting transactions
chatterbot Victor submitting transactions
chatterbot November submitting transactions
chatterbot Oscar submitting transactions
chatterbot Tango submitting transactions
chatterbot X-ray submitting transactions
chatterbot Uniform submitting transactions
chatterbot Echo submitting transactions
chatterbot India submitting transactions
chatterbot Quebec submitting transactions
ChatterBot Oscar round 8
ChatterBot Mike round 8
ChatterBot November round 8
ChatterBot Victor round 8
ChatterBot Uniform round 8
ChatterBot Echo round 8
ChatterBot X-ray round 8
ChatterBot Tango round 8
ChatterBot Quebec round 8
ChatterBot India round 8
2024-10-14 19:55:11.971086 Quebec: We should replace Victor with Mike
2024-10-14 19:55:11.981279 Uniform: No
2024-10-14 19:55:11.981472 Echo: No
2024-10-14 19:55:11.981627 India: No
ChatterBot Quebec reevaluating
ChatterBot Quebec reevaluating
2024-10-14 19:55:12.016802 Quebec: We should replace Uniform with Mike
2024-10-14 19:55:12.027081 Victor: No
2024-10-14 19:55:12.027273 Echo: No
2024-10-14 19:55:12.027426 India: No
ChatterBot Quebec reevaluating
ChatterBot India reevaluating
ChatterBot Quebec reevaluating
ChatterBot Victor reevaluating
ChatterBot India reevaluating
ChatterBot Quebec reevaluating
ChatterBot Victor reevaluating
2024-10-14 19:55:12.062651 Victor: We should add X-ray
ChatterBot Quebec reevaluating
ChatterBot India reevaluating
2024-10-14 19:55:12.080514 Mike: Yes
2024-10-14 19:55:12.080723 Quebec: Yes
2024-10-14 19:55:12.080878 Echo: Yes
2024-10-14 19:55:12.081020 Uniform: Yes
2024-10-14 19:55:12.081182 India: Yes
ChatterBot Victor reevaluating
ChatterBot Quebec reevaluating
ChatterBot India reevaluating
ChatterBot Victor reevaluating
ChatterBot India reevaluating
ChatterBot Victor reevaluating
ChatterBot Quebec reevaluating
ChatterBot India reevaluating
ChatterBot Victor reevaluating
ChatterBot Quebec reevaluating
ChatterBot India reevaluating
ChatterBot Victor reevaluating
ChatterBot Quebec reevaluating
2024-10-14 19:55:12.141297 Echo: Mike, Victor and Quebec, sending you 4
2024-10-14 19:55:12.142035 Mike: I was attacked by Tango
ChatterBot Victor reevaluating
ChatterBot Uniform reevaluating
ChatterBot Echo reevaluating
ChatterBot Quebec reevaluating
ChatterBot India reevaluating
ChatterBot X-ray reevaluating
2024-10-14 19:55:12.155970 Mike: Ow
2024-10-14 19:55:12.160681 Tango: Oscar, sending you 4
2024-10-14 19:55:12.161697 November: Oscar, sending you 2
2024-10-14 19:55:12.163694 Tango: November and X-ray, sending you 5
2024-10-14 19:55:12.168067 November: X-ray, sending you 4
2024-10-14 19:55:12.170666 November: Tango, sending you 3
2024-10-14 19:55:12.183701 Quebec: Victor, Echo and India, sending you 4
2024-10-14 19:55:12.184459 Echo: Quebec, sending you 5
2024-10-14 19:55:12.186210 X-ray: Oscar and Tango, sending you 5
2024-10-14 19:55:12.186825 Victor: Mike, Echo and India, sending you 1
2024-10-14 19:55:12.187900 Quebec: Uniform, sending you 3
2024-10-14 19:55:12.189946 X-ray: November, sending you 6
2024-10-14 19:55:12.192671 Victor: Uniform and Quebec, sending you 2
chatterbot Mike submitting transactions
chatterbot Victor submitting transactions
chatterbot Echo submitting transactions
chatterbot November submitting transactions
chatterbot Quebec submitting transactions
chatterbot X-ray submitting transactions
chatterbot Uniform submitting transactions
chatterbot India submitting transactions
chatterbot Oscar submitting transactions
chatterbot Tango submitting transactions
ChatterBot Oscar round 9
ChatterBot Mike round 9
ChatterBot November round 9
ChatterBot Victor round 9
ChatterBot Uniform round 9
ChatterBot Echo round 9
ChatterBot X-ray round 9
ChatterBot Tango round 9
ChatterBot Quebec round 9
ChatterBot India round 9
2024-10-14 19:55:13.135821 X-ray: We should add Echo
2024-10-14 19:55:13.143768 Oscar: No
2024-10-14 19:55:13.143958 November: No
2024-10-14 19:55:13.144093 Tango: No
ChatterBot X-ray reevaluating
ChatterBot X-ray reevaluating
ChatterBot X-ray reevaluating
2024-10-14 19:55:13.185664 Victor: I was attacked by November and Tango
ChatterBot Mike reevaluating
ChatterBot Quebec reevaluating
ChatterBot Echo reevaluating
ChatterBot Uniform reevaluating
ChatterBot India reevaluating
2024-10-14 19:55:13.203432 Victor: I'm keeping this round to protect myself
2024-10-14 19:55:13.205895 Victor: Ow
2024-10-14 19:55:13.206451 Quebec: We should replace Uniform with Mike
ChatterBot Echo reevaluating
ChatterBot India reevaluating
2024-10-14 19:55:13.217235 Victor: No
2024-10-14 19:55:13.217365 Echo: No
2024-10-14 19:55:13.217495 India: No
ChatterBot Quebec reevaluating
ChatterBot Echo reevaluating
ChatterBot India reevaluating
ChatterBot Quebec reevaluating
ChatterBot Victor reevaluating
ChatterBot India reevaluating
ChatterBot Quebec reevaluating
ChatterBot Victor reevaluating
ChatterBot Echo reevaluating
2024-10-14 19:55:13.244714 November: Oscar, sending you 2
2024-10-14 19:55:13.245468 Tango: I was attacked by Mike, Victor and Uniform
ChatterBot Oscar reevaluating
ChatterBot November reevaluating
ChatterBot X-ray reevaluating
2024-10-14 19:55:13.256934 Tango: Ow
2024-10-14 19:55:13.258689 X-ray: We should add Quebec
ChatterBot Oscar reevaluating
ChatterBot November reevaluating
2024-10-14 19:55:13.270580 Oscar: No
2024-10-14 19:55:13.270730 November: No
2024-10-14 19:55:13.270828 Tango: No
ChatterBot November reevaluating
ChatterBot X-ray reevaluating
ChatterBot Oscar reevaluating
ChatterBot X-ray reevaluating
ChatterBot Oscar reevaluating
ChatterBot November reevaluating
ChatterBot X-ray reevaluating
2024-10-14 19:55:13.315665 Quebec: Victor, Echo and India, sending you 4
2024-10-14 19:55:13.316686 Oscar: November and Tango, sending you 5
2024-10-14 19:55:13.318190 Mike: Victor, Uniform, Echo, X-ray, Quebec and India, sending you 1
2024-10-14 19:55:13.319676 Oscar: X-ray, sending you 6
chatterbot Tango submitting transactions
chatterbot Uniform submitting transactions
chatterbot Mike submitting transactions
chatterbot November submitting transactions
chatterbot Quebec submitting transactions
chatterbot Victor submitting transactions
chatterbot Oscar submitting transactions
chatterbot India submitting transactions
chatterbot Echo submitting transactions
chatterbot X-ray submitting transactions
ChatterBot Oscar round 10
ChatterBot Mike round 10
ChatterBot November round 10
ChatterBot Victor round 10
ChatterBot Uniform round 10
ChatterBot Echo round 10
ChatterBot X-ray round 10
ChatterBot Tango round 10
ChatterBot Quebec round 10
ChatterBot India round 10
2024-10-14 19:55:14.547933 X-ray: We should add Mike
2024-10-14 19:55:14.561663 Oscar: No
2024-10-14 19:55:14.561880 November: No
2024-10-14 19:55:14.562059 Tango: No
ChatterBot X-ray reevaluating
ChatterBot X-ray reevaluating
ChatterBot X-ray reevaluating
2024-10-14 19:55:14.598605 Quebec: We should replace Victor with Mike
ChatterBot Uniform reevaluating
2024-10-14 19:55:14.607355 Uniform: No
2024-10-14 19:55:14.607522 Echo: No
2024-10-14 19:55:14.607663 India: No
ChatterBot Quebec reevaluating
ChatterBot Quebec reevaluating
ChatterBot Uniform reevaluating
ChatterBot India reevaluating
ChatterBot Quebec reevaluating
ChatterBot Uniform reevaluating
2024-10-14 19:55:14.651688 Oscar: X-ray, sending you 1
2024-10-14 19:55:14.653075 Quebec: Mike we want you to join our group
2024-10-14 19:55:14.657428 Mike: Yes
ChatterBot Quebec reevaluating
ChatterBot Uniform reevaluating
ChatterBot India reevaluating
2024-10-14 19:55:14.670467 Victor: I was attacked by November and Tango
ChatterBot Mike reevaluating
ChatterBot Quebec reevaluating
ChatterBot Echo reevaluating
ChatterBot Uniform reevaluating
ChatterBot India reevaluating
2024-10-14 19:55:14.685815 Victor: I'm keeping this round to protect myself
2024-10-14 19:55:14.687853 Victor: Ow
2024-10-14 19:55:14.693096 India: We should drop Quebec
ChatterBot Mike reevaluating
ChatterBot Uniform reevaluating
ChatterBot Echo reevaluating
2024-10-14 19:55:14.703172 Mike: No
2024-10-14 19:55:14.703330 Victor: No
2024-10-14 19:55:14.703450 Uniform: No
2024-10-14 19:55:14.703560 Echo: No
ChatterBot India reevaluating
ChatterBot Victor reevaluating
ChatterBot Uniform reevaluating
ChatterBot Echo reevaluating
ChatterBot India reevaluating
ChatterBot Mike reevaluating
ChatterBot Uniform reevaluating
ChatterBot Echo reevaluating
ChatterBot India reevaluating
ChatterBot Mike reevaluating
ChatterBot Victor reevaluating
ChatterBot Echo reevaluating
ChatterBot India reevaluating
ChatterBot Mike reevaluating
ChatterBot Victor reevaluating
ChatterBot Uniform reevaluating
2024-10-14 19:55:14.753794 Victor: We should add X-ray
ChatterBot Mike reevaluating
ChatterBot Quebec reevaluating
ChatterBot Echo reevaluating
ChatterBot Uniform reevaluating
ChatterBot India reevaluating
2024-10-14 19:55:14.768724 Mike: Yes
2024-10-14 19:55:14.768869 Quebec: Yes
2024-10-14 19:55:14.769005 Echo: Yes
2024-10-14 19:55:14.769117 Uniform: Yes
2024-10-14 19:55:14.769222 India: Yes
ChatterBot Victor reevaluating
ChatterBot Quebec reevaluating
ChatterBot Echo reevaluating
ChatterBot Uniform reevaluating
ChatterBot India reevaluating
ChatterBot Victor reevaluating
ChatterBot Mike reevaluating
ChatterBot Echo reevaluating
ChatterBot Uniform reevaluating
ChatterBot India reevaluating
ChatterBot Victor reevaluating
ChatterBot Mike reevaluating
ChatterBot Quebec reevaluating
ChatterBot Uniform reevaluating
ChatterBot India reevaluating
ChatterBot Victor reevaluating
ChatterBot Mike reevaluating
ChatterBot Quebec reevaluating
ChatterBot Echo reevaluating
ChatterBot India reevaluating
ChatterBot Victor reevaluating
ChatterBot Mike reevaluating
ChatterBot Quebec reevaluating
ChatterBot Echo reevaluating
ChatterBot Uniform reevaluating
2024-10-14 19:55:14.850856 Mike: We should drop India and X-ray
ChatterBot Quebec reevaluating
ChatterBot Victor reevaluating
2024-10-14 19:55:14.864918 Quebec: No
2024-10-14 19:55:14.865458 Victor: No
2024-10-14 19:55:14.865660 Uniform: No
2024-10-14 19:55:14.865785 Echo: No
ChatterBot Mike reevaluating
ChatterBot Victor reevaluating
ChatterBot Quebec reevaluating
ChatterBot Mike reevaluating
ChatterBot Quebec reevaluating
ChatterBot Mike reevaluating
ChatterBot Victor reevaluating
ChatterBot Quebec reevaluating
ChatterBot Mike reevaluating
ChatterBot Victor reevaluating
2024-10-14 19:55:14.918660 Victor: X-ray we want you to join our group
ChatterBot X-ray reevaluating
2024-10-14 19:55:14.921935 X-ray: No
ChatterBot Mike reevaluating
ChatterBot Victor reevaluating
ChatterBot Quebec reevaluating
2024-10-14 19:55:14.961671 Quebec: Victor and India, sending you 4
2024-10-14 19:55:14.962375 Mike: Victor, Uniform, X-ray and Quebec, sending you 2
2024-10-14 19:55:14.964673 Quebec: Uniform, sending you 2
2024-10-14 19:55:14.970818 Quebec: Echo, sending you 5
chatterbot India submitting transactions
chatterbot Oscar submitting transactions
chatterbot Victor submitting transactions
chatterbot Mike submitting transactions
chatterbot Tango submitting transactions
chatterbot Echo submitting transactions
chatterbot Uniform submitting transactions
chatterbot X-ray submitting transactions
chatterbot November submitting transactions
chatterbot Quebec submitting transactions
ChatterBot Oscar round 11
ChatterBot Mike round 11
ChatterBot November round 11
ChatterBot Victor round 11
ChatterBot Uniform round 11
ChatterBot Echo round 11
ChatterBot X-ray round 11
ChatterBot Tango round 11
ChatterBot Quebec round 11
ChatterBot India round 11
2024-10-14 19:55:16.041014 Quebec: We should replace Victor with Mike
2024-10-14 19:55:16.052045 Uniform: No
2024-10-14 19:55:16.052534 Echo: No
2024-10-14 19:55:16.052672 India: No
2024-10-14 19:55:16.090755 Mike: We should drop X-ray
2024-10-14 19:55:16.104582 Victor: Yes
2024-10-14 19:55:16.104779 Quebec: Yes
2024-10-14 19:55:16.104898 Echo: Yes
2024-10-14 19:55:16.105026 Uniform: Yes
2024-10-14 19:55:16.105140 India: Yes
ChatterBot India reevaluating
ChatterBot India reevaluating
ChatterBot India reevaluating
ChatterBot India reevaluating
2024-10-14 19:55:16.167228 Quebec: Mike we want you to join our group
2024-10-14 19:55:16.169862 Mike: Yes
ChatterBot India reevaluating
chatterbot X-ray submitting transactions
2024-10-14 19:55:16.186798 Victor: I was attacked by Oscar and Tango
ChatterBot Mike reevaluating
ChatterBot Quebec reevaluating
ChatterBot Echo reevaluating
ChatterBot Uniform reevaluating
ChatterBot India reevaluating
2024-10-14 19:55:16.212769 Victor: I'm keeping this round to protect myself
2024-10-14 19:55:16.214538 Victor: Ow
2024-10-14 19:55:16.217652 Oscar: X-ray, sending you 1
2024-10-14 19:55:16.252649 Quebec: Mike, Echo and India, sending you 4
2024-10-14 19:55:16.254649 Mike: Sending you each 2
2024-10-14 19:55:16.256677 Quebec: Uniform, sending you 3
chatterbot November submitting transactions
chatterbot Oscar submitting transactions
chatterbot India submitting transactions
chatterbot Victor submitting transactions
chatterbot Uniform submitting transactions
chatterbot Echo submitting transactions
chatterbot Mike submitting transactions
chatterbot X-ray submitting transactions
chatterbot Tango submitting transactions
chatterbot Quebec submitting transactions
ChatterBot Oscar round 12
ChatterBot Mike round 12
ChatterBot November round 12
ChatterBot Victor round 12
ChatterBot Uniform round 12
ChatterBot Echo round 12
ChatterBot X-ray round 12
ChatterBot Tango round 12
ChatterBot Quebec round 12
2024-10-14 19:55:17.345854 X-ray: We should add Victor
2024-10-14 19:55:17.355481 Oscar: No
2024-10-14 19:55:17.355670 November: No
2024-10-14 19:55:17.355825 Tango: No
ChatterBot X-ray reevaluating
ChatterBot X-ray reevaluating
ChatterBot X-ray reevaluating
ChatterBot India round 12
2024-10-14 19:55:17.410837 India: We should drop Victor
ChatterBot Uniform reevaluating
ChatterBot Echo reevaluating
2024-10-14 19:55:17.423239 Quebec: Yes
2024-10-14 19:55:17.423398 Mike: No
2024-10-14 19:55:17.423526 Uniform: No
2024-10-14 19:55:17.423653 Echo: No
ChatterBot Mike reevaluating
ChatterBot Uniform reevaluating
ChatterBot Echo reevaluating
ChatterBot India reevaluating
ChatterBot Uniform reevaluating
ChatterBot Echo reevaluating
ChatterBot India reevaluating
ChatterBot Mike reevaluating
ChatterBot Echo reevaluating
ChatterBot India reevaluating
ChatterBot Mike reevaluating
ChatterBot Uniform reevaluating
ChatterBot India reevaluating
2024-10-14 19:55:17.465212 Victor: I was attacked by Tango
ChatterBot Mike reevaluating
ChatterBot Quebec reevaluating
ChatterBot Echo reevaluating
ChatterBot Uniform reevaluating
ChatterBot India reevaluating
2024-10-14 19:55:17.478346 Victor: I'm keeping this round to protect myself
2024-10-14 19:55:17.480111 Victor: Ow
2024-10-14 19:55:17.480356 Oscar: I was attacked by Mike
ChatterBot November reevaluating
ChatterBot X-ray reevaluating
ChatterBot Tango reevaluating
2024-10-14 19:55:17.488033 Oscar: I'm keeping this round to protect myself
2024-10-14 19:55:17.488749 Oscar: Ow
2024-10-14 19:55:17.506663 Quebec: Mike, Echo and India, sending you 4
2024-10-14 19:55:17.511669 Quebec: Uniform, sending you 3
2024-10-14 19:55:17.512153 Mike: Sending you each 1
2024-10-14 19:55:17.516670 Tango: Oscar and November, sending you 1
2024-10-14 19:55:17.520665 Tango: X-ray, sending you 2
chatterbot Echo submitting transactions
chatterbot November submitting transactions
chatterbot X-ray submitting transactions
chatterbot Quebec submitting transactions
chatterbot Oscar submitting transactions
chatterbot Uniform submitting transactions
chatterbot India submitting transactions
chatterbot Victor submitting transactions
