ChatterBot Papa round 1
ChatterBot Kilo round 1
ChatterBot Echo round 1
ChatterBot Romeo round 1
ChatterBot Charlie round 1
ChatterBot Alpha round 1
ChatterBot Oscar round 1
ChatterBot Delta round 1
ChatterBot Yankee round 1
ChatterBot Tango round 1
randomSelections Charlie: {Charlie, Yankee, Oscar, Romeo, Kilo, Echo} 
2024-10-14 19:55:00.530032 Charlie: Can we be friends?
ChatterBot Yankee reevaluating
ChatterBot Oscar reevaluating
ChatterBot Romeo reevaluating
ChatterBot Kilo reevaluating
ChatterBot Echo reevaluating
2024-10-14 19:55:00.546951 Yankee: Yes
2024-10-14 19:55:00.549866 Oscar: Yes
2024-10-14 19:55:00.550241 Romeo: Yes
2024-10-14 19:55:00.550526 Kilo: Yes
2024-10-14 19:55:00.550788 Echo: Yes
ChatterBot Oscar reevaluating
ChatterBot Romeo reevaluating
ChatterBot Kilo reevaluating
ChatterBot Echo reevaluating
ChatterBot Yankee reevaluating
ChatterBot Romeo reevaluating
ChatterBot Kilo reevaluating
ChatterBot Echo reevaluating
ChatterBot Yankee reevaluating
ChatterBot Oscar reevaluating
ChatterBot Kilo reevaluating
ChatterBot Echo reevaluating
ChatterBot Yankee reevaluating
ChatterBot Oscar reevaluating
ChatterBot Romeo reevaluating
ChatterBot Echo reevaluating
ChatterBot Yankee reevaluating
ChatterBot Oscar reevaluating
ChatterBot Romeo reevaluating
ChatterBot Kilo reevaluating
randomSelections Papa: {Papa, Yankee, Delta, Oscar, Romeo, Alpha} 
2024-10-14 19:55:00.627137 Papa: We would work well together
ChatterBot Yankee reevaluating
ChatterBot Delta reevaluating
ChatterBot Oscar reevaluating
ChatterBot Romeo reevaluating
ChatterBot Alpha reevaluating
2024-10-14 19:55:00.642161 Yankee: No
2024-10-14 19:55:00.642440 Delta: Yes
2024-10-14 19:55:00.642640 Oscar: No
2024-10-14 19:55:00.642888 Romeo: No
2024-10-14 19:55:00.643068 Alpha: Yes
ChatterBot Delta reevaluating
ChatterBot Oscar reevaluating
ChatterBot Romeo reevaluating
ChatterBot Alpha reevaluating
ChatterBot Yankee reevaluating
ChatterBot Oscar reevaluating
ChatterBot Romeo reevaluating
ChatterBot Alpha reevaluating
ChatterBot Yankee reevaluating
ChatterBot Delta reevaluating
ChatterBot Romeo reevaluating
ChatterBot Alpha reevaluating
ChatterBot Yankee reevaluating
ChatterBot Delta reevaluating
ChatterBot Oscar reevaluating
ChatterBot Alpha reevaluating
ChatterBot Yankee reevaluating
ChatterBot Delta reevaluating
ChatterBot Oscar reevaluating
ChatterBot Romeo reevaluating
randomSelections Tango: {Tango, Yankee, Charlie, Echo, Romeo, Oscar} 
2024-10-14 19:55:00.705456 Tango: Can we be friends?
ChatterBot Yankee reevaluating
ChatterBot Echo reevaluating
ChatterBot Romeo reevaluating
ChatterBot Oscar reevaluating
2024-10-14 19:55:00.712656 Yankee: No
2024-10-14 19:55:00.712840 Charlie: No
2024-10-14 19:55:00.713578 Echo: No
2024-10-14 19:55:00.713732 Romeo: No
2024-10-14 19:55:00.713874 Oscar: No
ChatterBot Echo reevaluating
ChatterBot Romeo reevaluating
ChatterBot Oscar reevaluating
ChatterBot Yankee reevaluating
ChatterBot Echo reevaluating
ChatterBot Romeo reevaluating
ChatterBot Oscar reevaluating
ChatterBot Yankee reevaluating
ChatterBot Romeo reevaluating
ChatterBot Oscar reevaluating
ChatterBot Yankee reevaluating
ChatterBot Echo reevaluating
ChatterBot Oscar reevaluating
ChatterBot Yankee reevaluating
ChatterBot Echo reevaluating
ChatterBot Romeo reevaluating
2024-10-14 19:55:00.762003 Alpha: Papa, sending you 7
2024-10-14 19:55:00.762689 Tango: Echo, sending you 1
2024-10-14 19:55:00.766259 Tango: Romeo, sending you 7
2024-10-14 19:55:00.767161 Alpha: Romeo and Yankee, sending you 3
2024-10-14 19:55:00.768336 Kilo: Echo and Charlie, sending you 2
2024-10-14 19:55:00.770729 Charlie: Kilo, sending you 3
2024-10-14 19:55:00.773609 Tango: Charlie, sending you 6
2024-10-14 19:55:00.773972 Yankee: Kilo and Charlie, sending you 5
2024-10-14 19:55:00.774319 Alpha: Oscar, sending you 1
2024-10-14 19:55:00.774627 Kilo: Romeo and Yankee, sending you 3
2024-10-14 19:55:00.776061 Delta: Papa, sending you 3
2024-10-14 19:55:00.776381 Echo: Kilo and Yankee, sending you 2
2024-10-14 19:55:00.776778 Charlie: Echo, sending you 6
2024-10-14 19:55:00.777223 Yankee: Echo and Oscar, sending you 3
2024-10-14 19:55:00.778267 Papa: Romeo, Oscar and Delta, sending you 1
2024-10-14 19:55:00.778724 Tango: Oscar, sending you 2
2024-10-14 19:55:00.779662 Alpha: Delta, sending you 5
2024-10-14 19:55:00.779981 Echo: Romeo, sending you 3
2024-10-14 19:55:00.781537 Kilo: Oscar, sending you 6
2024-10-14 19:55:00.781864 Delta: Romeo, sending you 2
2024-10-14 19:55:00.782141 Charlie: Romeo, sending you 2
2024-10-14 19:55:00.782411 Yankee: Romeo, sending you 2
2024-10-14 19:55:00.783308 Oscar: Kilo, sending you 6
2024-10-14 19:55:00.783629 Papa: Alpha, sending you 2
2024-10-14 19:55:00.784002 Romeo: Kilo, Echo and Yankee, sending you 2
2024-10-14 19:55:00.789661 Echo: Charlie, sending you 6
2024-10-14 19:55:00.790153 Charlie: Yankee, sending you 4
2024-10-14 19:55:00.791379 Delta: Alpha, Oscar and Yankee, sending you 4
2024-10-14 19:55:00.791879 Papa: Yankee, sending you 5
2024-10-14 19:55:00.792910 Oscar: Echo, sending you 2
2024-10-14 19:55:00.793353 Romeo: Charlie and Oscar, sending you 3
2024-10-14 19:55:00.795356 Echo: Oscar, sending you 1
2024-10-14 19:55:00.797273 Oscar: Romeo, sending you 5
2024-10-14 19:55:00.802660 Oscar: Charlie, sending you 3
2024-10-14 19:55:00.809406 Oscar: Yankee, sending you 1
chatterbot Echo submitting transactions
chatterbot Tango submitting transactions
chatterbot Papa submitting transactions
chatterbot Delta submitting transactions
chatterbot Oscar submitting transactions
chatterbot Alpha submitting transactions
chatterbot Charlie submitting transactions
chatterbot Kilo submitting transactions
chatterbot Romeo submitting transactions
chatterbot Yankee submitting transactions
ChatterBot Papa round 2
ChatterBot Kilo round 2
ChatterBot Echo round 2
ChatterBot Romeo round 2
ChatterBot Charlie round 2
ChatterBot Alpha round 2
ChatterBot Oscar round 2
ChatterBot Delta round 2
ChatterBot Yankee round 2
ChatterBot Tango round 2
2024-10-14 19:55:02.795346 Romeo: We should add Tango
ChatterBot Charlie reevaluating
ChatterBot Yankee reevaluating
ChatterBot Oscar reevaluating
ChatterBot Echo reevaluating
2024-10-14 19:55:02.831910 Charlie: Yes
2024-10-14 19:55:02.832594 Yankee: No
2024-10-14 19:55:02.832767 Oscar: No
2024-10-14 19:55:02.832972 Kilo: No
2024-10-14 19:55:02.833119 Echo: Yes
ChatterBot Yankee reevaluating
ChatterBot Oscar reevaluating
ChatterBot Echo reevaluating
ChatterBot Charlie reevaluating
ChatterBot Oscar reevaluating
ChatterBot Echo reevaluating
ChatterBot Charlie reevaluating
ChatterBot Yankee reevaluating
ChatterBot Echo reevaluating
ChatterBot Charlie reevaluating
ChatterBot Yankee reevaluating
ChatterBot Oscar reevaluating
ChatterBot Echo reevaluating
ChatterBot Charlie reevaluating
ChatterBot Yankee reevaluating
ChatterBot Oscar reevaluating
2024-10-14 19:55:02.985670 Papa: Group up?
ChatterBot Alpha reevaluating
ChatterBot Delta reevaluating
2024-10-14 19:55:02.995457 Alpha: Yes
2024-10-14 19:55:02.995604 Delta: Yes
ChatterBot Delta reevaluating
ChatterBot Alpha reevaluating
2024-10-14 19:55:03.027038 Romeo: Tango we want you to join our group
ChatterBot Tango reevaluating
2024-10-14 19:55:03.032145 Tango: No
ChatterBot Echo reevaluating
ChatterBot Charlie reevaluating
ChatterBot Yankee reevaluating
ChatterBot Oscar reevaluating
2024-10-14 19:55:03.062235 Tango: We should replace Charlie with Kilo
ChatterBot Echo reevaluating
2024-10-14 19:55:03.080798 Echo: No
2024-10-14 19:55:03.080989 Yankee: No
2024-10-14 19:55:03.081581 Romeo: No
2024-10-14 19:55:03.081742 Oscar: No
ChatterBot Tango reevaluating
ChatterBot Tango reevaluating
ChatterBot Echo reevaluating
ChatterBot Oscar reevaluating
ChatterBot Tango reevaluating
ChatterBot Echo reevaluating
ChatterBot Oscar reevaluating
ChatterBot Tango reevaluating
ChatterBot Echo reevaluating
2024-10-14 19:55:03.158427 Charlie: Tango we want you to join our group
ChatterBot Tango reevaluating
2024-10-14 19:55:03.164112 Tango: No
ChatterBot Echo reevaluating
ChatterBot Charlie reevaluating
ChatterBot Oscar reevaluating
2024-10-14 19:55:03.193301 Alpha: We should drop Yankee and Romeo
ChatterBot Delta reevaluating
ChatterBot Oscar reevaluating
2024-10-14 19:55:03.205330 Papa: Yes
2024-10-14 19:55:03.205544 Delta: Yes
2024-10-14 19:55:03.206092 Oscar: No
ChatterBot Alpha reevaluating
ChatterBot Delta reevaluating
ChatterBot Oscar reevaluating
ChatterBot Alpha reevaluating
ChatterBot Oscar reevaluating
ChatterBot Alpha reevaluating
ChatterBot Delta reevaluating
2024-10-14 19:55:03.244308 Kilo: Echo and Romeo, sending you 2
2024-10-14 19:55:03.827741 Papa: Sending you each 7
2024-10-14 19:55:03.828685 Kilo: Charlie, sending you 3
2024-10-14 19:55:03.829154 Romeo: Kilo, Echo, Charlie, Oscar, Yankee and Tango, sending you 2
chatterbot Kilo submitting transactions
chatterbot Papa submitting transactions
2024-10-14 19:55:04.108939 Kilo: Oscar, sending you 6
2024-10-14 19:55:04.109470 Yankee: Kilo, Echo, Romeo and Charlie, sending you 4
chatterbot Echo submitting transactions
chatterbot Alpha submitting transactions
chatterbot Romeo submitting transactions
2024-10-14 19:55:04.342195 Kilo: Yankee, sending you 5
2024-10-14 19:55:04.343258 Charlie: Kilo, Romeo and Oscar, sending you 2
2024-10-14 19:55:04.343776 Oscar: Kilo, sending you 5
2024-10-14 19:55:04.344857 Yankee: Oscar, sending you 2
2024-10-14 19:55:04.345419 Delta: Papa, sending you 6
2024-10-14 19:55:04.346310 Echo: Kilo, Romeo, Charlie and Yankee, sending you 3
2024-10-14 19:55:04.347330 Tango: Kilo, sending you 9
chatterbot Charlie submitting transactions
2024-10-14 19:55:04.348448 Charlie: Echo, Yankee and Tango, sending you 3
2024-10-14 19:55:04.486170 Oscar: Echo, sending you 3
2024-10-14 19:55:04.486745 Echo: Oscar, sending you 2
2024-10-14 19:55:04.487543 Delta: Alpha, sending you 11
2024-10-14 19:55:04.487829 Tango: Oscar, sending you 8
2024-10-14 19:55:04.549363 Oscar: Romeo and Yankee, sending you 4
2024-10-14 19:55:04.574070 Oscar: Charlie, sending you 1
chatterbot Tango submitting transactions
chatterbot Yankee submitting transactions
chatterbot Delta submitting transactions
chatterbot Oscar submitting transactions
ChatterBot Papa round 3
ChatterBot Kilo round 3
ChatterBot Echo round 3
ChatterBot Romeo round 3
ChatterBot Charlie round 3
ChatterBot Alpha round 3
ChatterBot Oscar round 3
ChatterBot Delta round 3
ChatterBot Yankee round 3
ChatterBot Tango round 3
2024-10-14 19:55:05.047813 Echo: We should add Tango
ChatterBot Charlie reevaluating
ChatterBot Yankee reevaluating
ChatterBot Oscar reevaluating
ChatterBot Romeo reevaluating
ChatterBot Kilo reevaluating
2024-10-14 19:55:05.069487 Charlie: Yes
2024-10-14 19:55:05.069711 Yankee: Yes
2024-10-14 19:55:05.069893 Oscar: Yes
2024-10-14 19:55:05.070540 Romeo: Yes
2024-10-14 19:55:05.070676 Kilo: Yes
ChatterBot Yankee reevaluating
ChatterBot Oscar reevaluating
ChatterBot Romeo reevaluating
ChatterBot Kilo reevaluating
ChatterBot Charlie reevaluating
ChatterBot Oscar reevaluating
ChatterBot Romeo reevaluating
ChatterBot Kilo reevaluating
ChatterBot Charlie reevaluating
ChatterBot Yankee reevaluating
ChatterBot Romeo reevaluating
ChatterBot Kilo reevaluating
ChatterBot Charlie reevaluating
ChatterBot Yankee reevaluating
ChatterBot Oscar reevaluating
ChatterBot Kilo reevaluating
ChatterBot Charlie reevaluating
ChatterBot Yankee reevaluating
ChatterBot Oscar reevaluating
ChatterBot Romeo reevaluating
2024-10-14 19:55:05.242274 Alpha: Let's form a team
ChatterBot Delta reevaluating
ChatterBot Tango reevaluating
2024-10-14 19:55:05.259255 Papa: No
2024-10-14 19:55:05.259539 Delta: Yes
2024-10-14 19:55:05.260191 Tango: No
ChatterBot Alpha reevaluating
ChatterBot Delta reevaluating
ChatterBot Tango reevaluating
ChatterBot Alpha reevaluating
ChatterBot Papa reevaluating
ChatterBot Tango reevaluating
ChatterBot Alpha reevaluating
ChatterBot Papa reevaluating
ChatterBot Delta reevaluating
2024-10-14 19:55:05.316605 Papa: We should add Tango
ChatterBot Alpha reevaluating
ChatterBot Delta reevaluating
2024-10-14 19:55:05.328774 Alpha: Yes
2024-10-14 19:55:05.328952 Delta: No
ChatterBot Papa reevaluating
ChatterBot Delta reevaluating
ChatterBot Papa reevaluating
ChatterBot Alpha reevaluating
2024-10-14 19:55:05.360834 Echo: Tango we want you to join our group
ChatterBot Tango reevaluating
2024-10-14 19:55:05.367609 Tango: No
ChatterBot Romeo reevaluating
ChatterBot Charlie reevaluating
ChatterBot Yankee reevaluating
ChatterBot Kilo reevaluating
ChatterBot Oscar reevaluating
2024-10-14 19:55:05.405306 Oscar: We should replace Echo with Tango
ChatterBot Kilo reevaluating
2024-10-14 19:55:05.427791 Kilo: No
2024-10-14 19:55:05.428003 Romeo: No
2024-10-14 19:55:05.428244 Charlie: No
2024-10-14 19:55:05.428413 Yankee: No
ChatterBot Oscar reevaluating
ChatterBot Oscar reevaluating
ChatterBot Kilo reevaluating
ChatterBot Oscar reevaluating
ChatterBot Kilo reevaluating
ChatterBot Oscar reevaluating
ChatterBot Kilo reevaluating
2024-10-14 19:55:05.604284 Yankee: Tango we want you to join our group
2024-10-14 19:55:05.608634 Tango: No
ChatterBot Oscar reevaluating
2024-10-14 19:55:05.630105 Kilo: Tango we want you to join our group
2024-10-14 19:55:05.633344 Tango: No
2024-10-14 19:55:05.651491 Oscar: Tango we want you to join our group
2024-10-14 19:55:05.655379 Tango: No
2024-10-14 19:55:05.673357 Delta: Papa, sending you 6
2024-10-14 19:55:05.673810 Tango: Papa and Alpha, sending you 6
2024-10-14 19:55:05.674734 Alpha: Papa, sending you 7
2024-10-14 19:55:05.675129 Echo: Kilo, Romeo, Oscar and Tango, sending you 2
2024-10-14 19:55:05.675578 Papa: Same as last round
2024-10-14 19:55:05.676455 Charlie: Kilo, Romeo, Oscar and Tango, sending you 2
2024-10-14 19:55:05.691049 Romeo: Kilo, Echo, Charlie, Oscar and Yankee, sending you 2
2024-10-14 19:55:05.692370 Delta: Alpha, sending you 7
2024-10-14 19:55:05.692686 Tango: Delta, sending you 5
2024-10-14 19:55:05.693141 Alpha: Delta, sending you 9
2024-10-14 19:55:05.694324 Echo: Charlie and Yankee, sending you 3
2024-10-14 19:55:05.694787 Yankee: Sending you each 3
2024-10-14 19:55:05.695176 Charlie: Echo, sending you 3
2024-10-14 19:55:05.696257 Romeo: Tango, sending you 1
2024-10-14 19:55:05.719897 Delta: Tango, sending you 4
2024-10-14 19:55:05.720977 Alpha: Tango, sending you 3
2024-10-14 19:55:05.721462 Charlie: Yankee, sending you 4
2024-10-14 19:55:05.722404 Oscar: Kilo, sending you 4
2024-10-14 19:55:05.722845 Kilo: Echo, Romeo and Charlie, sending you 2
chatterbot Echo submitting transactions
2024-10-14 19:55:05.799478 Oscar: Echo and Charlie, sending you 2
2024-10-14 19:55:05.800206 Kilo: Oscar, sending you 5
chatterbot Tango submitting transactions
2024-10-14 19:55:05.837496 Oscar: Romeo, Yankee and Tango, sending you 3
2024-10-14 19:55:05.838419 Kilo: Yankee, sending you 4
2024-10-14 19:55:05.860191 Kilo: Tango, sending you 3
chatterbot Alpha submitting transactions
chatterbot Oscar submitting transactions
chatterbot Papa submitting transactions
chatterbot Romeo submitting transactions
chatterbot Delta submitting transactions
chatterbot Kilo submitting transactions
chatterbot Yankee submitting transactions
chatterbot Charlie submitting transactions
ChatterBot Papa round 4
ChatterBot Kilo round 4
ChatterBot Echo round 4
ChatterBot Romeo round 4
ChatterBot Charlie round 4
ChatterBot Alpha round 4
ChatterBot Oscar round 4
ChatterBot Delta round 4
ChatterBot Yankee round 4
ChatterBot Tango round 4
2024-10-14 19:55:06.533598 Tango: We would work well together
ChatterBot Papa reevaluating
2024-10-14 19:55:06.570504 Kilo: No
2024-10-14 19:55:06.570912 Echo: No
2024-10-14 19:55:06.571297 Romeo: No
2024-10-14 19:55:06.571693 Charlie: No
2024-10-14 19:55:06.572604 Oscar: No
2024-10-14 19:55:06.572959 Yankee: No
2024-10-14 19:55:06.573236 Papa: No
2024-10-14 19:55:06.573655 Alpha: No
2024-10-14 19:55:06.574022 Delta: No
ChatterBot Papa reevaluating
ChatterBot Tango reevaluating
ChatterBot Oscar reevaluating
ChatterBot Papa reevaluating
ChatterBot Tango reevaluating
ChatterBot Oscar reevaluating
ChatterBot Papa reevaluating
ChatterBot Tango reevaluating
ChatterBot Oscar reevaluating
ChatterBot Papa reevaluating
ChatterBot Tango reevaluating
ChatterBot Papa reevaluating
ChatterBot Tango reevaluating
ChatterBot Oscar reevaluating
ChatterBot Papa reevaluating
ChatterBot Tango reevaluating
ChatterBot Oscar reevaluating
ChatterBot Tango reevaluating
ChatterBot Oscar reevaluating
ChatterBot Papa reevaluating
ChatterBot Tango reevaluating
ChatterBot Oscar reevaluating
ChatterBot Papa reevaluating
2024-10-14 19:55:06.803584 Papa: We should add Tango
2024-10-14 19:55:06.807559 Alpha: Yes
2024-10-14 19:55:06.807687 Delta: Yes
ChatterBot Papa reevaluating
ChatterBot Papa reevaluating
2024-10-14 19:55:06.832784 Oscar: We should drop Charlie
ChatterBot Tango reevaluating
2024-10-14 19:55:06.846091 Kilo: No
2024-10-14 19:55:06.846276 Echo: No
2024-10-14 19:55:06.846464 Romeo: No
2024-10-14 19:55:06.846620 Yankee: No
2024-10-14 19:55:06.846779 Tango: Yes
ChatterBot Oscar reevaluating
ChatterBot Tango reevaluating
ChatterBot Oscar reevaluating
ChatterBot Tango reevaluating
ChatterBot Oscar reevaluating
ChatterBot Tango reevaluating
ChatterBot Oscar reevaluating
ChatterBot Tango reevaluating
ChatterBot Oscar reevaluating
2024-10-14 19:55:06.946086 Papa: Tango we want you to join our group
ChatterBot Tango reevaluating
2024-10-14 19:55:06.949810 Tango: Yes
2024-10-14 19:55:06.961686 Kilo: Echo, Romeo and Tango, sending you 2
2024-10-14 19:55:06.963204 Romeo: Sending you each 2
2024-10-14 19:55:06.964256 Echo: Kilo, Romeo, Oscar and Tango, sending you 2
2024-10-14 19:55:06.964764 Charlie: Kilo, Romeo and Oscar, sending you 2
2024-10-14 19:55:06.966692 Kilo: Charlie, sending you 3
2024-10-14 19:55:06.967856 Echo: Charlie and Yankee, sending you 3
2024-10-14 19:55:06.968692 Charlie: Echo and Yankee, sending you 4
2024-10-14 19:55:06.969999 Yankee: Same as last round
2024-10-14 19:55:06.971677 Alpha: Papa, sending you 7
2024-10-14 19:55:06.972115 Kilo: Oscar, sending you 5
2024-10-14 19:55:06.973823 Charlie: Tango, sending you 1
2024-10-14 19:55:06.975198 Tango: Papa, sending you 1
2024-10-14 19:55:06.976389 Papa: Alpha and Delta, sending you 5
2024-10-14 19:55:06.976820 Alpha: Delta, sending you 8
2024-10-14 19:55:06.977311 Delta: Papa, sending you 6
2024-10-14 19:55:06.978863 Kilo: Yankee, sending you 4
2024-10-14 19:55:06.980060 Tango: Kilo, Echo, Romeo, Charlie, Alpha, Oscar, Delta and Yankee, sending you 2
2024-10-14 19:55:06.980607 Oscar: Kilo, sending you 4
2024-10-14 19:55:06.981596 Alpha: Tango, sending you 4
2024-10-14 19:55:06.981927 Papa: Tango, sending you 4
2024-10-14 19:55:06.982199 Delta: Alpha, sending you 7
2024-10-14 19:55:06.985674 Oscar: Echo and Charlie, sending you 2
2024-10-14 19:55:06.989325 Delta: Tango, sending you 4
2024-10-14 19:55:06.992242 Oscar: Romeo, Yankee and Tango, sending you 3
chatterbot Echo submitting transactions
chatterbot Kilo submitting transactions
chatterbot Romeo submitting transactions
chatterbot Charlie submitting transactions
chatterbot Oscar submitting transactions
chatterbot Papa submitting transactions
chatterbot Tango submitting transactions
chatterbot Alpha submitting transactions
chatterbot Yankee submitting transactions
chatterbot Delta submitting transactions
ChatterBot Papa round 5
ChatterBot Kilo round 5
ChatterBot Echo round 5
ChatterBot Romeo round 5
ChatterBot Charlie round 5
ChatterBot Alpha round 5
ChatterBot Oscar round 5
ChatterBot Delta round 5
ChatterBot Yankee round 5
ChatterBot Tango round 5
2024-10-14 19:55:08.011681 Echo: Kilo, Romeo, Oscar and Tango, sending you 2
2024-10-14 19:55:08.012756 Kilo: Echo and Tango, sending you 2
2024-10-14 19:55:08.015668 Papa: Alpha and Delta, sending you 5
2024-10-14 19:55:08.016101 Echo: Charlie and Yankee, sending you 3
2024-10-14 19:55:08.017674 Kilo: Romeo and Charlie, sending you 3
2024-10-14 19:55:08.019661 Papa: Tango, sending you 4
2024-10-14 19:55:08.021672 Kilo: Oscar and Yankee, sending you 4
2024-10-14 19:55:08.023687 Delta: Papa, sending you 6
2024-10-14 19:55:08.025664 Romeo: Same as last round
2024-10-14 19:55:08.028937 Charlie: Kilo, Echo and Yankee, sending you 3
2024-10-14 19:55:08.029387 Delta: Alpha, sending you 7
2024-10-14 19:55:08.029652 Alpha: Papa, sending you 7
2024-10-14 19:55:08.031687 Oscar: Kilo, sending you 4
2024-10-14 19:55:08.032319 Charlie: Romeo, Oscar and Tango, sending you 2
2024-10-14 19:55:08.033684 Tango: Papa, sending you 5
2024-10-14 19:55:08.034063 Delta: Tango, sending you 4
2024-10-14 19:55:08.035170 Alpha: Delta, sending you 8
2024-10-14 19:55:08.037257 Oscar: Echo and Charlie, sending you 2
2024-10-14 19:55:08.038185 Tango: Alpha and Delta, sending you 6
2024-10-14 19:55:08.039212 Yankee: Same as last round
2024-10-14 19:55:08.039717 Alpha: Tango, sending you 4
2024-10-14 19:55:08.040670 Oscar: Romeo, Yankee and Tango, sending you 3
chatterbot Kilo submitting transactions
chatterbot Yankee submitting transactions
chatterbot Echo submitting transactions
chatterbot Romeo submitting transactions
chatterbot Papa submitting transactions
chatterbot Charlie submitting transactions
chatterbot Delta submitting transactions
chatterbot Alpha submitting transactions
chatterbot Oscar submitting transactions
chatterbot Tango submitting transactions
ChatterBot Papa round 6
ChatterBot Kilo round 6
ChatterBot Echo round 6
ChatterBot Romeo round 6
ChatterBot Charlie round 6
ChatterBot Alpha round 6
ChatterBot Oscar round 6
ChatterBot Delta round 6
ChatterBot Yankee round 6
ChatterBot Tango round 6
2024-10-14 19:55:09.141916 Alpha: We should add Charlie
2024-10-14 19:55:09.153366 Papa: No
2024-10-14 19:55:09.153559 Delta: No
2024-10-14 19:55:09.153735 Tango: No
ChatterBot Alpha reevaluating
ChatterBot Alpha reevaluating
ChatterBot Alpha reevaluating
2024-10-14 19:55:09.188106 Echo: We should drop Tango
2024-10-14 19:55:09.199882 Charlie: No
2024-10-14 19:55:09.200055 Yankee: Yes
2024-10-14 19:55:09.200169 Oscar: Yes
2024-10-14 19:55:09.200683 Romeo: No
2024-10-14 19:55:09.200823 Kilo: No
ChatterBot Romeo reevaluating
ChatterBot Romeo reevaluating
2024-10-14 19:55:09.277287 Alpha: We should add Echo
ChatterBot Tango reevaluating
2024-10-14 19:55:09.284070 Papa: No
2024-10-14 19:55:09.284558 Delta: No
2024-10-14 19:55:09.284686 Tango: Yes
ChatterBot Alpha reevaluating
ChatterBot Tango reevaluating
ChatterBot Alpha reevaluating
ChatterBot Tango reevaluating
ChatterBot Alpha reevaluating
2024-10-14 19:55:09.315319 Papa: Alpha and Delta, sending you 5
2024-10-14 19:55:09.318729 Charlie: Kilo and Echo, sending you 3
2024-10-14 19:55:09.319684 Papa: Tango, sending you 4
2024-10-14 19:55:09.320543 Kilo: Echo, Romeo and Charlie, sending you 3
2024-10-14 19:55:09.323767 Charlie: Romeo and Oscar, sending you 2
2024-10-14 19:55:09.324522 Kilo: Oscar and Yankee, sending you 4
2024-10-14 19:55:09.328666 Charlie: Yankee, sending you 4
2024-10-14 19:55:09.329146 Kilo: Tango, sending you 1
2024-10-14 19:55:09.331674 Romeo: Same as last round
2024-10-14 19:55:09.332673 Charlie: Tango, sending you 1
2024-10-14 19:55:09.333681 Oscar: Kilo, sending you 5
2024-10-14 19:55:09.334212 Echo: Kilo, sending you 2
2024-10-14 19:55:09.336697 Tango: Papa, sending you 5
2024-10-14 19:55:09.337683 Oscar: Echo, Romeo, Charlie and Yankee, sending you 3
2024-10-14 19:55:09.338307 Echo: Romeo, Charlie, Oscar and Yankee, sending you 3
2024-10-14 19:55:09.338982 Delta: Papa, sending you 6
2024-10-14 19:55:09.339667 Yankee: Kilo, Echo, Charlie and Oscar, sending you 4
2024-10-14 19:55:09.340695 Tango: Alpha and Delta, sending you 6
2024-10-14 19:55:09.341681 Delta: Alpha, sending you 7
2024-10-14 19:55:09.343659 Yankee: Romeo, sending you 2
2024-10-14 19:55:09.346666 Delta: Tango, sending you 4
chatterbot Papa submitting transactions
chatterbot Kilo submitting transactions
chatterbot Oscar submitting transactions
chatterbot Romeo submitting transactions
chatterbot Echo submitting transactions
chatterbot Charlie submitting transactions
chatterbot Yankee submitting transactions
chatterbot Delta submitting transactions
chatterbot Tango submitting transactions
chatterbot Alpha submitting transactions
ChatterBot Papa round 7
ChatterBot Kilo round 7
ChatterBot Echo round 7
ChatterBot Romeo round 7
ChatterBot Charlie round 7
ChatterBot Alpha round 7
ChatterBot Oscar round 7
ChatterBot Delta round 7
ChatterBot Yankee round 7
2024-10-14 19:55:10.579044 Alpha: We should add Oscar
ChatterBot Tango reevaluating
2024-10-14 19:55:10.592650 Papa: No
2024-10-14 19:55:10.593291 Delta: No
2024-10-14 19:55:10.593507 Tango: Yes
ChatterBot Alpha reevaluating
ChatterBot Tango reevaluating
ChatterBot Alpha reevaluating
ChatterBot Tango reevaluating
ChatterBot Alpha reevaluating
ChatterBot Tango round 7
2024-10-14 19:55:10.629627 Romeo: We should drop Tango
2024-10-14 19:55:10.640389 Charlie: Yes
2024-10-14 19:55:10.640552 Yankee: Yes
2024-10-14 19:55:10.640704 Oscar: Yes
2024-10-14 19:55:10.640825 Kilo: Yes
2024-10-14 19:55:10.640931 Echo: Yes
2024-10-14 19:55:10.693848 Alpha: We should add Kilo
ChatterBot Tango reevaluating
2024-10-14 19:55:10.700624 Papa: No
2024-10-14 19:55:10.700802 Delta: No
2024-10-14 19:55:10.700925 Tango: No
ChatterBot Alpha reevaluating
ChatterBot Tango reevaluating
ChatterBot Alpha reevaluating
ChatterBot Tango reevaluating
ChatterBot Alpha reevaluating
2024-10-14 19:55:10.725699 Papa: Alpha and Delta, sending you 5
2024-10-14 19:55:10.730668 Papa: Tango, sending you 4
2024-10-14 19:55:10.733668 Echo: Kilo, sending you 2
2024-10-14 19:55:10.734680 Charlie: Kilo, Echo and Romeo, sending you 3
2024-10-14 19:55:10.735674 Kilo: Echo, Romeo and Charlie, sending you 3
2024-10-14 19:55:10.738675 Echo: Romeo, Charlie, Oscar and Yankee, sending you 3
2024-10-14 19:55:10.739194 Kilo: Oscar, sending you 5
2024-10-14 19:55:10.739677 Charlie: Oscar, sending you 2
2024-10-14 19:55:10.740676 Oscar: Kilo and Yankee, sending you 4
2024-10-14 19:55:10.741114 Delta: Papa and Alpha, sending you 6
2024-10-14 19:55:10.741668 Romeo: Same as last round
2024-10-14 19:55:10.742183 Kilo: Yankee, sending you 4
2024-10-14 19:55:10.742662 Tango: Papa, sending you 5
2024-10-14 19:55:10.743399 Charlie: Yankee, sending you 4
2024-10-14 19:55:10.743913 Yankee: Kilo, Echo, Charlie and Oscar, sending you 4
2024-10-14 19:55:10.744414 Delta: Tango, sending you 5
2024-10-14 19:55:10.745663 Oscar: Echo, Romeo and Charlie, sending you 3
2024-10-14 19:55:10.746688 Tango: Alpha and Delta, sending you 6
2024-10-14 19:55:10.747683 Yankee: Romeo, sending you 2
chatterbot Echo submitting transactions
chatterbot Delta submitting transactions
chatterbot Kilo submitting transactions
chatterbot Papa submitting transactions
chatterbot Charlie submitting transactions
chatterbot Oscar submitting transactions
chatterbot Alpha submitting transactions
chatterbot Romeo submitting transactions
chatterbot Yankee submitting transactions
chatterbot Tango submitting transactions
ChatterBot Papa round 8
ChatterBot Kilo round 8
ChatterBot Echo round 8
ChatterBot Romeo round 8
ChatterBot Charlie round 8
ChatterBot Alpha round 8
ChatterBot Oscar round 8
ChatterBot Delta round 8
ChatterBot Yankee round 8
ChatterBot Tango round 8
2024-10-14 19:55:11.772167 Delta: Papa and Tango, sending you 5
2024-10-14 19:55:11.772715 Charlie: Kilo, Echo and Oscar, sending you 3
2024-10-14 19:55:11.773668 Oscar: Kilo and Yankee, sending you 4
2024-10-14 19:55:11.774148 Papa: Alpha and Delta, sending you 5
2024-10-14 19:55:11.774940 Yankee: Kilo, Echo, Charlie and Oscar, sending you 4
2024-10-14 19:55:11.775431 Kilo: Echo and Romeo, sending you 1
2024-10-14 19:55:11.775852 Echo: Kilo, Charlie, Oscar and Yankee, sending you 3
2024-10-14 19:55:11.776326 Romeo: Same as last round
2024-10-14 19:55:11.776786 Charlie: Romeo, sending you 2
2024-10-14 19:55:11.777899 Delta: Alpha, sending you 7
2024-10-14 19:55:11.778265 Papa: Tango, sending you 4
2024-10-14 19:55:11.778830 Oscar: Echo, Romeo and Charlie, sending you 3
2024-10-14 19:55:11.779894 Yankee: Romeo, sending you 2
2024-10-14 19:55:11.780795 Kilo: Charlie and Yankee, sending you 2
2024-10-14 19:55:11.781654 Echo: Romeo, sending you 2
2024-10-14 19:55:11.783236 Charlie: Yankee, sending you 4
2024-10-14 19:55:11.784224 Alpha: Papa and Tango, sending you 6
2024-10-14 19:55:11.784747 Tango: Papa, sending you 5
2024-10-14 19:55:11.786664 Kilo: Oscar, sending you 3
2024-10-14 19:55:11.789253 Tango: Alpha and Delta, sending you 6
2024-10-14 19:55:11.789687 Alpha: Delta, sending you 7
chatterbot Tango submitting transactions
chatterbot Charlie submitting transactions
chatterbot Kilo submitting transactions
chatterbot Alpha submitting transactions
chatterbot Romeo submitting transactions
chatterbot Yankee submitting transactions
chatterbot Papa submitting transactions
chatterbot Echo submitting transactions
chatterbot Delta submitting transactions
chatterbot Oscar submitting transactions
ChatterBot Papa round 9
ChatterBot Kilo round 9
ChatterBot Echo round 9
ChatterBot Romeo round 9
ChatterBot Charlie round 9
ChatterBot Alpha round 9
ChatterBot Oscar round 9
2024-10-14 19:55:12.954427 Alpha: We should add Yankee
2024-10-14 19:55:12.962837 Papa: No
2024-10-14 19:55:12.963350 Delta: No
2024-10-14 19:55:12.963491 Tango: No
ChatterBot Alpha reevaluating
ChatterBot Alpha reevaluating
ChatterBot Alpha reevaluating
ChatterBot Delta round 9
ChatterBot Yankee round 9
ChatterBot Tango round 9
2024-10-14 19:55:13.031005 Alpha: We should add Echo
2024-10-14 19:55:13.045272 Papa: No
2024-10-14 19:55:13.045490 Delta: No
2024-10-14 19:55:13.045695 Tango: No
ChatterBot Alpha reevaluating
ChatterBot Alpha reevaluating
ChatterBot Alpha reevaluating
2024-10-14 19:55:13.108683 Oscar: Kilo and Yankee, sending you 4
2024-10-14 19:55:13.110136 Yankee: Kilo, Echo, Charlie and Oscar, sending you 4
2024-10-14 19:55:13.111075 Kilo: Echo, Romeo and Charlie, sending you 3
2024-10-14 19:55:13.113847 Oscar: Echo, Romeo and Charlie, sending you 3
2024-10-14 19:55:13.115079 Charlie: Kilo, Echo and Oscar, sending you 3
2024-10-14 19:55:13.116532 Yankee: Romeo, sending you 2
2024-10-14 19:55:13.118057 Papa: Alpha and Delta, sending you 5
2024-10-14 19:55:13.118981 Romeo: Same as last round
2024-10-14 19:55:13.120414 Kilo: Oscar, sending you 5
2024-10-14 19:55:13.121775 Echo: Kilo, sending you 2
2024-10-14 19:55:13.122735 Tango: I was attacked by Kilo
ChatterBot Alpha reevaluating
ChatterBot Papa reevaluating
ChatterBot Delta reevaluating
2024-10-14 19:55:13.141906 Tango: I'm keeping this round to protect myself
2024-10-14 19:55:13.142869 Tango: Ow
2024-10-14 19:55:13.143709 Alpha: We should add Romeo
ChatterBot Papa reevaluating
ChatterBot Delta reevaluating
ChatterBot Tango reevaluating
2024-10-14 19:55:13.154025 Papa: No
2024-10-14 19:55:13.154525 Delta: No
2024-10-14 19:55:13.154656 Tango: Yes
ChatterBot Alpha reevaluating
ChatterBot Delta reevaluating
ChatterBot Tango reevaluating
ChatterBot Alpha reevaluating
ChatterBot Papa reevaluating
ChatterBot Tango reevaluating
ChatterBot Alpha reevaluating
ChatterBot Papa reevaluating
ChatterBot Delta reevaluating
2024-10-14 19:55:13.181117 Charlie: Romeo, sending you 2
2024-10-14 19:55:13.181910 Kilo: Yankee, sending you 4
2024-10-14 19:55:13.183006 Echo: Romeo, Charlie, Oscar and Yankee, sending you 3
2024-10-14 19:55:13.183925 Alpha: We should add Charlie
ChatterBot Papa reevaluating
ChatterBot Delta reevaluating
ChatterBot Tango reevaluating
2024-10-14 19:55:13.192249 Papa: No
2024-10-14 19:55:13.192907 Delta: No
2024-10-14 19:55:13.193042 Tango: No
ChatterBot Alpha reevaluating
ChatterBot Delta reevaluating
ChatterBot Tango reevaluating
ChatterBot Alpha reevaluating
ChatterBot Papa reevaluating
ChatterBot Tango reevaluating
ChatterBot Alpha reevaluating
ChatterBot Papa reevaluating
ChatterBot Delta reevaluating
2024-10-14 19:55:13.222920 Charlie: Yankee, sending you 4
chatterbot Oscar submitting transactions
chatterbot Romeo submitting transactions
chatterbot Yankee submitting transactions
chatterbot Delta submitting transactions
chatterbot Kilo submitting transactions
chatterbot Tango submitting transactions
chatterbot Charlie submitting transactions
chatterbot Echo submitting transactions
chatterbot Papa submitting transactions
chatterbot Alpha submitting transactions
ChatterBot Papa round 10
ChatterBot Kilo round 10
ChatterBot Echo round 10
ChatterBot Romeo round 10
ChatterBot Charlie round 10
ChatterBot Alpha round 10
ChatterBot Oscar round 10
ChatterBot Delta round 10
ChatterBot Yankee round 10
ChatterBot Tango round 10
2024-10-14 19:55:14.351697 Alpha: We should add Romeo
2024-10-14 19:55:14.363857 Papa: No
2024-10-14 19:55:14.364107 Delta: No
2024-10-14 19:55:14.364725 Tango: No
ChatterBot Alpha reevaluating
ChatterBot Alpha reevaluating
ChatterBot Alpha reevaluating
2024-10-14 19:55:14.409489 Kilo: I was attacked by Alpha
ChatterBot Charlie reevaluating
ChatterBot Yankee reevaluating
ChatterBot Oscar reevaluating
ChatterBot Romeo reevaluating
ChatterBot Echo reevaluating
2024-10-14 19:55:14.437655 Kilo: I'm keeping this round to protect myself
2024-10-14 19:55:14.440386 Kilo: Ow
2024-10-14 19:55:14.441928 Alpha: We should add Oscar
ChatterBot Delta reevaluating
2024-10-14 19:55:14.454164 Papa: No
2024-10-14 19:55:14.454408 Delta: No
2024-10-14 19:55:14.454606 Tango: No
ChatterBot Alpha reevaluating
ChatterBot Delta reevaluating
ChatterBot Alpha reevaluating
ChatterBot Alpha reevaluating
ChatterBot Delta reevaluating
2024-10-14 19:55:14.502734 Papa: Alpha and Delta, sending you 5
2024-10-14 19:55:14.509117 Papa: Tango, sending you 4
2024-10-14 19:55:14.510750 Romeo: Same as last round
2024-10-14 19:55:14.514698 Charlie: Kilo, Echo and Oscar, sending you 3
2024-10-14 19:55:14.516029 Echo: Sending you each 1
2024-10-14 19:55:14.518063 Oscar: Kilo and Yankee, sending you 4
2024-10-14 19:55:14.519389 Charlie: Romeo, sending you 2
2024-10-14 19:55:14.521251 Yankee: Kilo, Echo, Charlie and Oscar, sending you 4
2024-10-14 19:55:14.523072 Oscar: Echo, Romeo and Charlie, sending you 3
2024-10-14 19:55:14.523814 Tango: Papa and Alpha, sending you 2
2024-10-14 19:55:14.525691 Charlie: Yankee, sending you 4
2024-10-14 19:55:14.527081 Yankee: Romeo, sending you 2
2024-10-14 19:55:14.528794 Tango: Delta, sending you 3
chatterbot Charlie submitting transactions
chatterbot Delta submitting transactions
chatterbot Yankee submitting transactions
chatterbot Kilo submitting transactions
chatterbot Papa submitting transactions
chatterbot Echo submitting transactions
chatterbot Romeo submitting transactions
chatterbot Tango submitting transactions
chatterbot Oscar submitting transactions
chatterbot Alpha submitting transactions
ChatterBot Papa round 11
ChatterBot Kilo round 11
ChatterBot Echo round 11
ChatterBot Romeo round 11
ChatterBot Charlie round 11
ChatterBot Alpha round 11
ChatterBot Oscar round 11
ChatterBot Delta round 11
ChatterBot Yankee round 11
ChatterBot Tango round 11
2024-10-14 19:55:15.798674 Kilo: Echo and Romeo, sending you 2
2024-10-14 19:55:15.800371 Papa: Alpha and Delta, sending you 5
2024-10-14 19:55:15.804715 Kilo: Charlie, Oscar and Yankee, sending you 3
2024-10-14 19:55:15.806017 Alpha: I was attacked by Echo
ChatterBot Papa reevaluating
ChatterBot Delta reevaluating
ChatterBot Tango reevaluating
2024-10-14 19:55:15.816874 Alpha: I'm keeping this round to protect myself
2024-10-14 19:55:15.817736 Alpha: Ow
2024-10-14 19:55:15.818745 Echo: Kilo, sending you 2
2024-10-14 19:55:15.820661 Oscar: Kilo and Yankee, sending you 4
2024-10-14 19:55:15.822855 Romeo: Kilo and Echo, sending you 3
2024-10-14 19:55:15.825132 Echo: Romeo, Charlie, Oscar and Yankee, sending you 3
2024-10-14 19:55:15.827535 Oscar: Echo, Romeo and Charlie, sending you 3
2024-10-14 19:55:15.829974 Charlie: Kilo, sending you 2
2024-10-14 19:55:15.831652 Yankee: Kilo, Echo, Charlie and Oscar, sending you 4
2024-10-14 19:55:15.834014 Romeo: Charlie, Oscar and Yankee, sending you 2
2024-10-14 19:55:15.835136 Charlie: Echo, Romeo and Oscar, sending you 3
2024-10-14 19:55:15.836908 Yankee: Romeo, sending you 2
2024-10-14 19:55:15.841853 Charlie: Yankee, sending you 4
2024-10-14 19:55:15.845673 Tango: Papa, sending you 5
2024-10-14 19:55:15.851670 Tango: Alpha and Delta, sending you 6
chatterbot Papa submitting transactions
chatterbot Yankee submitting transactions
chatterbot Tango submitting transactions
chatterbot Charlie submitting transactions
chatterbot Alpha submitting transactions
chatterbot Kilo submitting transactions
chatterbot Delta submitting transactions
chatterbot Echo submitting transactions
chatterbot Oscar submitting transactions
chatterbot Romeo submitting transactions
ChatterBot Papa round 12
ChatterBot Kilo round 12
ChatterBot Echo round 12
ChatterBot Romeo round 12
ChatterBot Charlie round 12
ChatterBot Alpha round 12
ChatterBot Oscar round 12
ChatterBot Delta round 12
ChatterBot Yankee round 12
ChatterBot Tango round 12
2024-10-14 19:55:17.019673 Romeo: Kilo and Echo, sending you 3
2024-10-14 19:55:17.023682 Alpha: Papa and Tango, sending you 6
2024-10-14 19:55:17.024741 Romeo: Charlie, Oscar and Yankee, sending you 2
2024-10-14 19:55:17.025620 Charlie: Kilo, Echo and Oscar, sending you 3
2024-10-14 19:55:17.026956 Kilo: Echo, Romeo and Charlie, sending you 3
2024-10-14 19:55:17.028862 Echo: Kilo, Romeo, Charlie and Yankee, sending you 1
2024-10-14 19:55:17.030765 Papa: Alpha and Delta, sending you 5
2024-10-14 19:55:17.031225 Alpha: Delta, sending you 7
2024-10-14 19:55:17.031619 Charlie: Romeo, sending you 2
2024-10-14 19:55:17.033686 Kilo: Oscar, sending you 5
2024-10-14 19:55:17.034703 Papa: Tango, sending you 4
2024-10-14 19:55:17.035677 Yankee: Kilo, Echo, Charlie and Oscar, sending you 4
2024-10-14 19:55:17.036921 Charlie: Yankee, sending you 4
2024-10-14 19:55:17.037590 Oscar: Kilo and Yankee, sending you 4
2024-10-14 19:55:17.038742 Kilo: Yankee, sending you 4
2024-10-14 19:55:17.041688 Yankee: Romeo, sending you 2
2024-10-14 19:55:17.043680 Oscar: Echo, Romeo and Charlie, sending you 3
2024-10-14 19:55:17.045715 Tango: Papa and Delta, sending you 6
2024-10-14 19:55:17.049662 Tango: Alpha, sending you 5
chatterbot Papa submitting transactions
chatterbot Echo submitting transactions
chatterbot Tango submitting transactions
chatterbot Alpha submitting transactions
chatterbot Charlie submitting transactions
chatterbot Romeo submitting transactions
chatterbot Kilo submitting transactions
chatterbot Delta submitting transactions
chatterbot Yankee submitting transactions
chatterbot Oscar submitting transactions
ChatterBot Papa round 13
ChatterBot Kilo round 13
ChatterBot Echo round 13
ChatterBot Romeo round 13
ChatterBot Charlie round 13
ChatterBot Alpha round 13
ChatterBot Oscar round 13
ChatterBot Delta round 13
ChatterBot Yankee round 13
ChatterBot Tango round 13
2024-10-14 19:55:18.205117 Alpha: We should add Yankee
ChatterBot Delta reevaluating
2024-10-14 19:55:18.211667 Papa: No
2024-10-14 19:55:18.211822 Delta: No
2024-10-14 19:55:18.211970 Tango: No
ChatterBot Alpha reevaluating
ChatterBot Delta reevaluating
ChatterBot Alpha reevaluating
ChatterBot Alpha reevaluating
ChatterBot Delta reevaluating
2024-10-14 19:55:18.242439 Oscar: We should drop Echo
2024-10-14 19:55:18.251415 Kilo: No
2024-10-14 19:55:18.251563 Romeo: No
2024-10-14 19:55:18.251677 Charlie: No
2024-10-14 19:55:18.251782 Yankee: No
ChatterBot Oscar reevaluating
ChatterBot Oscar reevaluating
ChatterBot Oscar reevaluating
2024-10-14 19:55:18.291676 Romeo: Kilo and Echo, sending you 3
2024-10-14 19:55:18.292734 Papa: Alpha and Delta, sending you 5
2024-10-14 19:55:18.293765 Echo: Kilo, sending you 2
2024-10-14 19:55:18.294625 Charlie: Kilo, Echo and Oscar, sending you 3
2024-10-14 19:55:18.296854 Kilo: Echo, Romeo and Charlie, sending you 3
2024-10-14 19:55:18.298580 Romeo: Charlie, Oscar and Yankee, sending you 2
2024-10-14 19:55:18.300931 Papa: Tango, sending you 4
2024-10-14 19:55:18.302010 Echo: Romeo, Charlie, Oscar and Yankee, sending you 3
