ChatterBot Quebec round 1
ChatterBot Golf round 1
ChatterBot India round 1
ChatterBot Lima round 1
ChatterBot Papa round 1
ChatterBot Uniform round 1
ChatterBot Kilo round 1
ChatterBot Victor round 1
ChatterBot Delta round 1
ChatterBot Zulu round 1
randomSelections Golf: {Golf, Delta, Kilo, Papa, India, Lima} 
2024-10-14 19:55:00.492104 Golf: We should group up
ChatterBot Delta reevaluating
ChatterBot Kilo reevaluating
ChatterBot Papa reevaluating
ChatterBot India reevaluating
ChatterBot Lima reevaluating
2024-10-14 19:55:00.504805 Delta: Yes
2024-10-14 19:55:00.505141 Kilo: Yes
2024-10-14 19:55:00.505361 Papa: Yes
2024-10-14 19:55:00.506667 India: Yes
2024-10-14 19:55:00.507124 Lima: Yes
ChatterBot Kilo reevaluating
ChatterBot Papa reevaluating
ChatterBot India reevaluating
ChatterBot Lima reevaluating
ChatterBot Delta reevaluating
ChatterBot Papa reevaluating
ChatterBot India reevaluating
ChatterBot Lima reevaluating
ChatterBot Delta reevaluating
ChatterBot Kilo reevaluating
ChatterBot India reevaluating
ChatterBot Lima reevaluating
ChatterBot Delta reevaluating
ChatterBot Kilo reevaluating
ChatterBot Papa reevaluating
ChatterBot Lima reevaluating
ChatterBot Delta reevaluating
ChatterBot Kilo reevaluating
ChatterBot Papa reevaluating
ChatterBot India reevaluating
randomSelections Uniform: {Uniform, Quebec, India, Zulu, Kilo, Golf} 
2024-10-14 19:55:00.575490 Uniform: Let's form a team
ChatterBot Quebec reevaluating
ChatterBot India reevaluating
ChatterBot Zulu reevaluating
ChatterBot Kilo reevaluating
2024-10-14 19:55:00.587682 Quebec: Yes
2024-10-14 19:55:00.587914 India: No
2024-10-14 19:55:00.588178 Zulu: Yes
2024-10-14 19:55:00.589149 Kilo: No
2024-10-14 19:55:00.589478 Golf: No
ChatterBot India reevaluating
ChatterBot Zulu reevaluating
ChatterBot Kilo reevaluating
ChatterBot Quebec reevaluating
ChatterBot Zulu reevaluating
ChatterBot Kilo reevaluating
ChatterBot Quebec reevaluating
ChatterBot India reevaluating
ChatterBot Kilo reevaluating
ChatterBot Quebec reevaluating
ChatterBot India reevaluating
ChatterBot Zulu reevaluating
ChatterBot Quebec reevaluating
ChatterBot India reevaluating
ChatterBot Zulu reevaluating
ChatterBot Kilo reevaluating
randomSelections Victor: {Victor, Zulu, Quebec, Lima, Papa, Delta} 
2024-10-14 19:55:00.660278 Victor: We should group up
ChatterBot Zulu reevaluating
ChatterBot Quebec reevaluating
ChatterBot Lima reevaluating
ChatterBot Papa reevaluating
ChatterBot Delta reevaluating
2024-10-14 19:55:00.674348 Zulu: No
2024-10-14 19:55:00.674579 Quebec: No
2024-10-14 19:55:00.674752 Lima: No
2024-10-14 19:55:00.674950 Papa: No
2024-10-14 19:55:00.675132 Delta: No
ChatterBot Quebec reevaluating
ChatterBot Lima reevaluating
ChatterBot Papa reevaluating
ChatterBot Delta reevaluating
ChatterBot Zulu reevaluating
ChatterBot Lima reevaluating
ChatterBot Papa reevaluating
ChatterBot Delta reevaluating
ChatterBot Zulu reevaluating
ChatterBot Quebec reevaluating
ChatterBot Papa reevaluating
ChatterBot Delta reevaluating
ChatterBot Zulu reevaluating
ChatterBot Quebec reevaluating
ChatterBot Lima reevaluating
ChatterBot Delta reevaluating
ChatterBot Zulu reevaluating
ChatterBot Quebec reevaluating
ChatterBot Lima reevaluating
ChatterBot Papa reevaluating
2024-10-14 19:55:00.766010 Lima: Golf and Kilo, sending you 4
2024-10-14 19:55:00.770701 Lima: India and Papa, sending you 3
2024-10-14 19:55:00.771799 Quebec: Golf, sending you 2
2024-10-14 19:55:00.772084 India: Golf, Papa and Kilo, sending you 2
2024-10-14 19:55:00.772379 Uniform: Quebec and Zulu, sending you 3
2024-10-14 19:55:00.773762 Zulu: Quebec, sending you 3
2024-10-14 19:55:00.776212 Victor: Quebec, sending you 3
2024-10-14 19:55:00.776595 Lima: Delta, sending you 2
2024-10-14 19:55:00.776919 Quebec: India, sending you 3
2024-10-14 19:55:00.777200 India: Lima, sending you 3
2024-10-14 19:55:00.778197 Uniform: Golf, India and Kilo, sending you 2
2024-10-14 19:55:00.778565 Papa: Golf, sending you 3
2024-10-14 19:55:00.778926 Zulu: Golf and Uniform, sending you 1
2024-10-14 19:55:00.779782 Golf: India, Kilo and Delta, sending you 3
2024-10-14 19:55:00.780669 Victor: Lima, sending you 5
2024-10-14 19:55:00.781671 Quebec: Uniform and Zulu, sending you 4
2024-10-14 19:55:00.782130 India: Delta, sending you 5
2024-10-14 19:55:00.785441 Papa: India, sending you 1
2024-10-14 19:55:00.785880 Delta: Golf, sending you 6
2024-10-14 19:55:00.787075 Zulu: India, sending you 4
2024-10-14 19:55:00.787413 Kilo: Golf, sending you 2
2024-10-14 19:55:00.787756 Golf: Lima, sending you 4
2024-10-14 19:55:00.788122 Victor: Papa and Zulu, sending you 4
2024-10-14 19:55:00.789130 Quebec: Kilo, sending you 1
2024-10-14 19:55:00.789599 Papa: Delta, sending you 7
2024-10-14 19:55:00.789978 Zulu: Kilo, sending you 5
2024-10-14 19:55:00.791060 Kilo: India and Delta, sending you 5
2024-10-14 19:55:00.791689 Delta: India and Papa, sending you 3
2024-10-14 19:55:00.793843 Golf: Papa, sending you 1
2024-10-14 19:55:00.795288 Kilo: Lima, sending you 1
2024-10-14 19:55:00.796290 Delta: Lima and Kilo, sending you 2
2024-10-14 19:55:00.802022 Kilo: Papa, sending you 4
chatterbot Golf submitting transactions
chatterbot Victor submitting transactions
chatterbot India submitting transactions
chatterbot Zulu submitting transactions
chatterbot Delta submitting transactions
chatterbot Papa submitting transactions
chatterbot Kilo submitting transactions
chatterbot Lima submitting transactions
chatterbot Quebec submitting transactions
chatterbot Uniform submitting transactions
ChatterBot Quebec round 2
ChatterBot Golf round 2
ChatterBot India round 2
ChatterBot Lima round 2
ChatterBot Papa round 2
ChatterBot Uniform round 2
ChatterBot Kilo round 2
ChatterBot Victor round 2
ChatterBot Delta round 2
ChatterBot Zulu round 2
2024-10-14 19:55:03.174087 India: We should add Zulu
ChatterBot Delta reevaluating
ChatterBot Kilo reevaluating
ChatterBot Papa reevaluating
ChatterBot Lima reevaluating
2024-10-14 19:55:03.202235 Golf: No
2024-10-14 19:55:03.202511 Delta: No
2024-10-14 19:55:03.202649 Kilo: Yes
2024-10-14 19:55:03.203188 Papa: No
2024-10-14 19:55:03.203314 Lima: No
ChatterBot Delta reevaluating
ChatterBot Kilo reevaluating
ChatterBot Papa reevaluating
ChatterBot India reevaluating
ChatterBot Lima reevaluating
ChatterBot Kilo reevaluating
ChatterBot Papa reevaluating
ChatterBot India reevaluating
ChatterBot Lima reevaluating
ChatterBot Delta reevaluating
ChatterBot Papa reevaluating
ChatterBot India reevaluating
ChatterBot Lima reevaluating
ChatterBot Delta reevaluating
ChatterBot Kilo reevaluating
ChatterBot India reevaluating
ChatterBot Lima reevaluating
ChatterBot Delta reevaluating
ChatterBot Kilo reevaluating
ChatterBot Papa reevaluating
ChatterBot India reevaluating
2024-10-14 19:55:03.323170 Lima: We should add Victor
ChatterBot Delta reevaluating
ChatterBot Kilo reevaluating
ChatterBot Papa reevaluating
ChatterBot India reevaluating
2024-10-14 19:55:03.339212 Golf: No
2024-10-14 19:55:03.339347 Delta: No
2024-10-14 19:55:03.339442 Kilo: No
2024-10-14 19:55:03.339535 Papa: Yes
2024-10-14 19:55:03.339636 India: No
ChatterBot Delta reevaluating
ChatterBot Kilo reevaluating
ChatterBot Papa reevaluating
ChatterBot India reevaluating
ChatterBot Lima reevaluating
ChatterBot Kilo reevaluating
ChatterBot Papa reevaluating
ChatterBot India reevaluating
ChatterBot Lima reevaluating
ChatterBot Delta reevaluating
ChatterBot Papa reevaluating
ChatterBot India reevaluating
ChatterBot Lima reevaluating
ChatterBot Delta reevaluating
ChatterBot Kilo reevaluating
ChatterBot India reevaluating
ChatterBot Lima reevaluating
ChatterBot Delta reevaluating
ChatterBot Kilo reevaluating
ChatterBot Papa reevaluating
ChatterBot Lima reevaluating
2024-10-14 19:55:03.436170 Uniform: We would work well together
ChatterBot Quebec reevaluating
ChatterBot Zulu reevaluating
2024-10-14 19:55:03.443674 Quebec: Yes
2024-10-14 19:55:03.443844 Zulu: Yes
ChatterBot Zulu reevaluating
ChatterBot Quebec reevaluating
2024-10-14 19:55:03.456786 Zulu: We should group up
ChatterBot Quebec reevaluating
ChatterBot Victor reevaluating
2024-10-14 19:55:03.466954 Quebec: Yes
2024-10-14 19:55:03.467094 Uniform: No
2024-10-14 19:55:03.467189 Victor: Yes
ChatterBot Uniform reevaluating
ChatterBot Victor reevaluating
ChatterBot Zulu reevaluating
ChatterBot Quebec reevaluating
ChatterBot Victor reevaluating
ChatterBot Zulu reevaluating
ChatterBot Quebec reevaluating
ChatterBot Uniform reevaluating
ChatterBot Zulu reevaluating
2024-10-14 19:55:03.611098 India: We should add Uniform
ChatterBot Delta reevaluating
ChatterBot Kilo reevaluating
ChatterBot Papa reevaluating
ChatterBot Lima reevaluating
2024-10-14 19:55:03.641945 Golf: No
2024-10-14 19:55:03.642329 Delta: No
2024-10-14 19:55:03.643127 Kilo: No
2024-10-14 19:55:03.643620 Papa: No
2024-10-14 19:55:03.643993 Lima: No
ChatterBot Delta reevaluating
ChatterBot Kilo reevaluating
ChatterBot Papa reevaluating
ChatterBot India reevaluating
ChatterBot Lima reevaluating
ChatterBot Kilo reevaluating
ChatterBot Papa reevaluating
ChatterBot India reevaluating
ChatterBot Lima reevaluating
ChatterBot Delta reevaluating
ChatterBot Papa reevaluating
ChatterBot India reevaluating
ChatterBot Lima reevaluating
ChatterBot Delta reevaluating
ChatterBot Kilo reevaluating
ChatterBot India reevaluating
ChatterBot Lima reevaluating
ChatterBot Delta reevaluating
ChatterBot Kilo reevaluating
ChatterBot Papa reevaluating
ChatterBot India reevaluating
2024-10-14 19:55:03.804982 India: We should add Quebec
ChatterBot Delta reevaluating
ChatterBot Kilo reevaluating
ChatterBot Papa reevaluating
ChatterBot Lima reevaluating
2024-10-14 19:55:03.834908 Golf: No
2024-10-14 19:55:03.835093 Delta: No
2024-10-14 19:55:03.835249 Kilo: No
2024-10-14 19:55:03.835870 Papa: No
2024-10-14 19:55:03.836017 Lima: No
ChatterBot Delta reevaluating
ChatterBot Kilo reevaluating
ChatterBot Papa reevaluating
ChatterBot India reevaluating
ChatterBot Lima reevaluating
ChatterBot Kilo reevaluating
ChatterBot Papa reevaluating
ChatterBot India reevaluating
ChatterBot Lima reevaluating
ChatterBot Delta reevaluating
ChatterBot Papa reevaluating
ChatterBot India reevaluating
ChatterBot Lima reevaluating
ChatterBot Delta reevaluating
ChatterBot Kilo reevaluating
ChatterBot India reevaluating
ChatterBot Lima reevaluating
ChatterBot Delta reevaluating
ChatterBot Kilo reevaluating
ChatterBot Papa reevaluating
ChatterBot India reevaluating
2024-10-14 19:55:04.147452 Golf: India and Kilo, sending you 2
2024-10-14 19:55:04.148419 Papa: Victor we want you to join our group
2024-10-14 19:55:04.151610 Victor: No
ChatterBot India reevaluating
2024-10-14 19:55:04.169192 Kilo: Zulu we want you to join our group
2024-10-14 19:55:04.172447 Zulu: No
ChatterBot India reevaluating
2024-10-14 19:55:04.247990 Lima: Victor we want you to join our group
2024-10-14 19:55:04.282193 Victor: No
ChatterBot India reevaluating
chatterbot Zulu submitting transactions
2024-10-14 19:55:04.313512 Golf: Lima and Papa, sending you 3
2024-10-14 19:55:04.389222 Quebec: Uniform and Victor, sending you 5
2024-10-14 19:55:04.389991 Uniform: Quebec and Zulu, sending you 3
2024-10-14 19:55:04.390353 Victor: Quebec and Uniform, sending you 6
2024-10-14 19:55:04.390728 Zulu: Quebec and Victor, sending you 5
2024-10-14 19:55:04.391507 Golf: Delta, sending you 4
2024-10-14 19:55:04.392178 Delta: Golf, India, Lima and Kilo, sending you 3
2024-10-14 19:55:04.393283 India: Quebec we want you to join our group
ChatterBot Quebec reevaluating
2024-10-14 19:55:04.397854 Quebec: No
ChatterBot India reevaluating
2024-10-14 19:55:04.418371 Uniform: Victor, sending you 2
2024-10-14 19:55:04.419316 Victor: Zulu, sending you 5
2024-10-14 19:55:04.419704 Zulu: Uniform, sending you 4
2024-10-14 19:55:04.420580 Delta: Papa, sending you 5
2024-10-14 19:55:04.421143 Papa: Golf, sending you 1
2024-10-14 19:55:04.527228 Lima: Golf, sending you 5
2024-10-14 19:55:04.527748 India: Uniform we want you to join our group
2024-10-14 19:55:04.531282 Uniform: No
ChatterBot India reevaluating
2024-10-14 19:55:04.549310 Kilo: Golf, India, Lima, Delta and Zulu, sending you 3
2024-10-14 19:55:04.550167 Papa: India, sending you 2
chatterbot Uniform submitting transactions
2024-10-14 19:55:04.550570 Lima: India, sending you 4
2024-10-14 19:55:04.574484 India: Zulu we want you to join our group
2024-10-14 19:55:04.579785 Zulu: No
ChatterBot India reevaluating
2024-10-14 19:55:04.609725 Papa: Lima, Kilo, Victor and Delta, sending you 3
2024-10-14 19:55:04.610976 Quebec: Uniform, Victor and Zulu, sending you 4
2024-10-14 19:55:04.611420 Kilo: Papa, sending you 2
2024-10-14 19:55:04.612424 Lima: Kilo, sending you 1
chatterbot Kilo submitting transactions
chatterbot Golf submitting transactions
2024-10-14 19:55:04.634654 Quebec: Delta, sending you 2
2024-10-14 19:55:04.635191 Lima: Victor, sending you 6
2024-10-14 19:55:04.649125 Lima: Delta, sending you 3
2024-10-14 19:55:04.666516 India: Quebec, Golf, Lima, Papa and Delta, sending you 2
2024-10-14 19:55:04.673392 India: Kilo, sending you 4
chatterbot Quebec submitting transactions
chatterbot Papa submitting transactions
chatterbot Delta submitting transactions
chatterbot Quebec submitting transactions
chatterbot Lima submitting transactions
chatterbot Victor submitting transactions
chatterbot India submitting transactions
ChatterBot Quebec round 3
ChatterBot Golf round 3
ChatterBot India round 3
ChatterBot Lima round 3
ChatterBot Papa round 3
ChatterBot Uniform round 3
ChatterBot Kilo round 3
ChatterBot Victor round 3
ChatterBot Delta round 3
ChatterBot Zulu round 3
2024-10-14 19:55:05.496815 Kilo: We should drop Zulu
ChatterBot India reevaluating
ChatterBot Lima reevaluating
2024-10-14 19:55:05.608508 Golf: Yes
2024-10-14 19:55:05.608974 Delta: Yes
2024-10-14 19:55:05.609997 Papa: Yes
2024-10-14 19:55:05.610439 India: No
2024-10-14 19:55:05.610665 Lima: Yes
ChatterBot India reevaluating
ChatterBot Lima reevaluating
ChatterBot India reevaluating
ChatterBot Lima reevaluating
ChatterBot India reevaluating
ChatterBot Lima reevaluating
ChatterBot Lima reevaluating
ChatterBot India reevaluating
2024-10-14 19:55:05.711588 India: We should replace Quebec with Uniform
ChatterBot Lima reevaluating
2024-10-14 19:55:05.726192 Golf: No
2024-10-14 19:55:05.726383 Delta: No
2024-10-14 19:55:05.726576 Kilo: No
2024-10-14 19:55:05.726724 Papa: No
2024-10-14 19:55:05.727427 Lima: No
ChatterBot India reevaluating
ChatterBot Lima reevaluating
ChatterBot India reevaluating
ChatterBot Lima reevaluating
ChatterBot India reevaluating
ChatterBot Lima reevaluating
ChatterBot India reevaluating
ChatterBot Lima reevaluating
ChatterBot India reevaluating
2024-10-14 19:55:05.806396 Papa: We should drop Victor
ChatterBot India reevaluating
ChatterBot Lima reevaluating
2024-10-14 19:55:05.821557 Golf: Yes
2024-10-14 19:55:05.821704 Delta: Yes
2024-10-14 19:55:05.821814 Kilo: Yes
2024-10-14 19:55:05.821914 India: Yes
2024-10-14 19:55:05.822034 Lima: No
ChatterBot India reevaluating
ChatterBot Lima reevaluating
ChatterBot India reevaluating
ChatterBot Lima reevaluating
ChatterBot India reevaluating
ChatterBot Lima reevaluating
ChatterBot Lima reevaluating
ChatterBot India reevaluating
2024-10-14 19:55:05.904393 Victor: Quebec and Zulu, sending you 6
2024-10-14 19:55:05.905327 Delta: Golf, India, Lima and Kilo, sending you 3
2024-10-14 19:55:05.906015 Quebec: Uniform, sending you 4
2024-10-14 19:55:05.907171 Golf: India and Papa, sending you 2
2024-10-14 19:55:05.907894 Uniform: Quebec and Zulu, sending you 3
2024-10-14 19:55:05.908946 Victor: Uniform, sending you 5
2024-10-14 19:55:05.911088 India: Uniform we want you to join our group
2024-10-14 19:55:05.914268 Uniform: No
ChatterBot India reevaluating
2024-10-14 19:55:05.932187 India: We should replace Quebec with Zulu
2024-10-14 19:55:05.947654 Golf: No
2024-10-14 19:55:05.948244 Delta: No
2024-10-14 19:55:05.948369 Kilo: No
2024-10-14 19:55:05.948480 Papa: No
2024-10-14 19:55:05.948591 Lima: No
ChatterBot India reevaluating
ChatterBot India reevaluating
ChatterBot India reevaluating
ChatterBot India reevaluating
ChatterBot India reevaluating
2024-10-14 19:55:06.027107 Quebec: Victor and Zulu, sending you 5
2024-10-14 19:55:06.027420 Delta: Papa, sending you 5
2024-10-14 19:55:06.028275 Golf: Lima and Kilo, sending you 3
2024-10-14 19:55:06.028663 Uniform: Victor, sending you 2
2024-10-14 19:55:06.028878 Zulu: Quebec and Victor, sending you 5
2024-10-14 19:55:06.031789 Golf: Delta, sending you 4
2024-10-14 19:55:06.032679 Papa: Golf, India and Kilo, sending you 3
2024-10-14 19:55:06.033663 Zulu: Uniform, sending you 4
2024-10-14 19:55:06.033995 Kilo: Golf, Lima, Papa and Delta, sending you 3
2024-10-14 19:55:06.036669 Kilo: India, sending you 5
2024-10-14 19:55:06.038895 Papa: Lima, sending you 2
2024-10-14 19:55:06.043683 Lima: Golf, sending you 5
2024-10-14 19:55:06.044803 Papa: Delta, sending you 4
2024-10-14 19:55:06.046676 India: Quebec, Golf, Lima, Papa and Delta, sending you 2
2024-10-14 19:55:06.048673 Lima: India and Delta, sending you 4
2024-10-14 19:55:06.049796 India: Kilo, sending you 4
2024-10-14 19:55:06.052670 Lima: Papa and Kilo, sending you 3
chatterbot Quebec submitting transactions
chatterbot Kilo submitting transactions
chatterbot Golf submitting transactions
chatterbot Lima submitting transactions
chatterbot Papa submitting transactions
chatterbot Uniform submitting transactions
chatterbot Delta submitting transactions
chatterbot Victor submitting transactions
chatterbot India submitting transactions
chatterbot Zulu submitting transactions
ChatterBot Quebec round 4
ChatterBot Golf round 4
ChatterBot India round 4
ChatterBot Lima round 4
ChatterBot Papa round 4
ChatterBot Uniform round 4
ChatterBot Kilo round 4
ChatterBot Victor round 4
2024-10-14 19:55:06.910456 Quebec: We should add Lima
2024-10-14 19:55:06.923417 Uniform: No
2024-10-14 19:55:06.924077 Victor: No
2024-10-14 19:55:06.924327 Zulu: No
ChatterBot Quebec reevaluating
ChatterBot Quebec reevaluating
ChatterBot Quebec reevaluating
ChatterBot Delta round 4
2024-10-14 19:55:06.973741 India: We should replace Quebec with Uniform
2024-10-14 19:55:06.994755 Golf: No
2024-10-14 19:55:06.995029 Delta: No
2024-10-14 19:55:06.995254 Kilo: No
2024-10-14 19:55:06.995439 Papa: No
2024-10-14 19:55:06.996127 Lima: No
ChatterBot India reevaluating
ChatterBot India reevaluating
ChatterBot India reevaluating
ChatterBot India reevaluating
ChatterBot India reevaluating
ChatterBot Zulu round 4
2024-10-14 19:55:07.126518 Quebec: We should add India
2024-10-14 19:55:07.135258 Uniform: No
2024-10-14 19:55:07.135430 Victor: No
2024-10-14 19:55:07.135543 Zulu: No
ChatterBot Quebec reevaluating
ChatterBot Quebec reevaluating
ChatterBot Quebec reevaluating
2024-10-14 19:55:07.190280 India: Uniform we want you to join our group
2024-10-14 19:55:07.209583 Uniform: No
ChatterBot India reevaluating
2024-10-14 19:55:07.298095 India: We should replace Quebec with Zulu
2024-10-14 19:55:07.320476 Golf: No
2024-10-14 19:55:07.320845 Delta: No
2024-10-14 19:55:07.321591 Kilo: No
2024-10-14 19:55:07.321913 Papa: No
2024-10-14 19:55:07.322284 Lima: No
ChatterBot India reevaluating
ChatterBot India reevaluating
ChatterBot India reevaluating
ChatterBot India reevaluating
ChatterBot India reevaluating
2024-10-14 19:55:07.409148 Golf: India, sending you 2
2024-10-14 19:55:07.411284 Papa: Golf, India and Kilo, sending you 3
2024-10-14 19:55:07.412825 Delta: Golf, India, Lima and Kilo, sending you 3
2024-10-14 19:55:07.413607 Lima: Golf, sending you 5
2024-10-14 19:55:07.415034 Victor: Quebec and Zulu, sending you 6
2024-10-14 19:55:07.415713 Uniform: Quebec and Zulu, sending you 3
2024-10-14 19:55:07.416608 Kilo: Golf, Lima, Papa and Delta, sending you 3
2024-10-14 19:55:07.417521 Golf: Lima, Papa, Kilo and Delta, sending you 3
2024-10-14 19:55:07.419349 Papa: Lima, sending you 2
2024-10-14 19:55:07.421020 Delta: Papa, sending you 5
2024-10-14 19:55:07.423055 Lima: India, Kilo and Delta, sending you 4
2024-10-14 19:55:07.424787 Victor: Uniform, sending you 5
2024-10-14 19:55:07.425740 Uniform: Victor, sending you 2
2024-10-14 19:55:07.426968 Kilo: India, sending you 5
2024-10-14 19:55:07.428898 Zulu: Quebec and Victor, sending you 5
2024-10-14 19:55:07.429741 Papa: Delta, sending you 4
chatterbot Golf submitting transactions
2024-10-14 19:55:07.432367 Lima: Papa, sending you 2
2024-10-14 19:55:07.434208 Zulu: Uniform, sending you 4
2024-10-14 19:55:07.454721 India: Golf, Lima, Papa, Uniform and Delta, sending you 2
2024-10-14 19:55:07.462157 India: Kilo, sending you 4
chatterbot Kilo submitting transactions
chatterbot Zulu submitting transactions
chatterbot Uniform submitting transactions
chatterbot Papa submitting transactions
chatterbot Lima submitting transactions
chatterbot Delta submitting transactions
chatterbot Victor submitting transactions
chatterbot Quebec submitting transactions
chatterbot India submitting transactions
ChatterBot Quebec round 5
ChatterBot Golf round 5
ChatterBot India round 5
ChatterBot Lima round 5
ChatterBot Papa round 5
ChatterBot Uniform round 5
ChatterBot Kilo round 5
2024-10-14 19:55:08.398132 Quebec: We should add India
2024-10-14 19:55:08.409337 Uniform: No
2024-10-14 19:55:08.409637 Victor: No
2024-10-14 19:55:08.409946 Zulu: No
ChatterBot Quebec reevaluating
ChatterBot Quebec reevaluating
ChatterBot Quebec reevaluating
ChatterBot Victor round 5
ChatterBot Delta round 5
ChatterBot Zulu round 5
2024-10-14 19:55:08.469371 Quebec: We should add Lima
2024-10-14 19:55:08.477219 Uniform: No
2024-10-14 19:55:08.477723 Victor: No
2024-10-14 19:55:08.478399 Zulu: No
ChatterBot Quebec reevaluating
ChatterBot Quebec reevaluating
ChatterBot Quebec reevaluating
2024-10-14 19:55:08.508086 India: We should drop Uniform
2024-10-14 19:55:08.523632 Golf: Yes
2024-10-14 19:55:08.524054 Delta: Yes
2024-10-14 19:55:08.524359 Kilo: Yes
2024-10-14 19:55:08.524729 Papa: Yes
2024-10-14 19:55:08.525091 Lima: Yes
ChatterBot India reevaluating
ChatterBot India reevaluating
ChatterBot India reevaluating
ChatterBot India reevaluating
ChatterBot India reevaluating
2024-10-14 19:55:08.601767 India: We should replace Uniform with Quebec
2024-10-14 19:55:08.614454 Golf: No
2024-10-14 19:55:08.614655 Delta: No
2024-10-14 19:55:08.614781 Kilo: No
2024-10-14 19:55:08.614899 Papa: No
2024-10-14 19:55:08.615023 Lima: No
ChatterBot India reevaluating
ChatterBot India reevaluating
ChatterBot India reevaluating
ChatterBot India reevaluating
ChatterBot India reevaluating
2024-10-14 19:55:08.682425 Golf: India, sending you 2
2024-10-14 19:55:08.683481 Lima: Golf, sending you 5
2024-10-14 19:55:08.686912 Golf: Lima, Papa, Kilo and Delta, sending you 3
2024-10-14 19:55:08.687666 Papa: Golf, India and Kilo, sending you 3
2024-10-14 19:55:08.688331 Uniform: Sending you each 2
2024-10-14 19:55:08.689185 Delta: Golf, India, Lima and Kilo, sending you 3
2024-10-14 19:55:08.689719 Lima: India and Papa, sending you 3
2024-10-14 19:55:08.690241 Kilo: Golf, Lima, Papa and Delta, sending you 3
2024-10-14 19:55:08.690850 Victor: Quebec and Zulu, sending you 6
2024-10-14 19:55:08.692689 Papa: Lima, sending you 2
2024-10-14 19:55:08.693938 Delta: Papa, sending you 5
2024-10-14 19:55:08.694732 Lima: Kilo and Delta, sending you 4
2024-10-14 19:55:08.695810 Victor: Uniform, sending you 5
2024-10-14 19:55:08.696133 Kilo: India, sending you 5
2024-10-14 19:55:08.696739 Zulu: Quebec and Victor, sending you 5
2024-10-14 19:55:08.697834 Papa: Delta, sending you 4
2024-10-14 19:55:08.702184 Zulu: Uniform, sending you 4
2024-10-14 19:55:08.711684 India: Golf, Lima, Papa, Uniform and Delta, sending you 2
2024-10-14 19:55:08.716777 India: Kilo, sending you 4
chatterbot Quebec submitting transactions
chatterbot Golf submitting transactions
chatterbot Papa submitting transactions
chatterbot Uniform submitting transactions
chatterbot Delta submitting transactions
chatterbot Lima submitting transactions
chatterbot Kilo submitting transactions
chatterbot Zulu submitting transactions
chatterbot Victor submitting transactions
chatterbot India submitting transactions
ChatterBot Quebec round 6
ChatterBot Golf round 6
ChatterBot India round 6
ChatterBot Lima round 6
ChatterBot Papa round 6
ChatterBot Uniform round 6
ChatterBot Kilo round 6
ChatterBot Victor round 6
ChatterBot Delta round 6
ChatterBot Zulu round 6
2024-10-14 19:55:09.807006 Lima: Golf, sending you 5
2024-10-14 19:55:09.811663 Lima: India and Papa, sending you 3
2024-10-14 19:55:09.812207 Papa: Golf, India and Kilo, sending you 3
2024-10-14 19:55:09.815299 Lima: Kilo and Delta, sending you 4
2024-10-14 19:55:09.816460 Papa: Lima, sending you 2
2024-10-14 19:55:09.817672 Golf: India, sending you 2
2024-10-14 19:55:09.818649 Delta: Golf, India, Lima and Kilo, sending you 3
2024-10-14 19:55:09.820718 India: Golf, Lima, Papa, Uniform and Delta, sending you 2
2024-10-14 19:55:09.821288 Golf: Lima, Papa, Kilo and Delta, sending you 3
2024-10-14 19:55:09.822207 Papa: Delta, sending you 4
2024-10-14 19:55:09.823095 Quebec: Uniform, sending you 4
2024-10-14 19:55:09.824389 Victor: Quebec and Zulu, sending you 6
2024-10-14 19:55:09.824860 Delta: Papa, sending you 5
2024-10-14 19:55:09.825863 Kilo: Golf, Lima, Papa and Delta, sending you 3
2024-10-14 19:55:09.827414 India: Kilo, sending you 4
2024-10-14 19:55:09.828096 Uniform: Same as last round
2024-10-14 19:55:09.828562 Quebec: Victor and Zulu, sending you 5
2024-10-14 19:55:09.829060 Victor: Uniform, sending you 5
2024-10-14 19:55:09.830667 Kilo: India, sending you 5
2024-10-14 19:55:09.832681 Zulu: Quebec and Victor, sending you 5
2024-10-14 19:55:09.835671 Zulu: Uniform, sending you 4
chatterbot Quebec submitting transactions
chatterbot Kilo submitting transactions
chatterbot Zulu submitting transactions
chatterbot Victor submitting transactions
chatterbot Papa submitting transactions
chatterbot India submitting transactions
chatterbot Delta submitting transactions
chatterbot Lima submitting transactions
chatterbot Uniform submitting transactions
chatterbot Golf submitting transactions
ChatterBot Quebec round 7
ChatterBot Golf round 7
ChatterBot India round 7
ChatterBot Lima round 7
ChatterBot Papa round 7
2024-10-14 19:55:11.067752 Quebec: We should add Lima
2024-10-14 19:55:11.079091 Uniform: No
2024-10-14 19:55:11.079383 Victor: No
2024-10-14 19:55:11.079628 Zulu: No
ChatterBot Quebec reevaluating
ChatterBot Quebec reevaluating
ChatterBot Quebec reevaluating
ChatterBot Uniform round 7
ChatterBot Kilo round 7
ChatterBot Victor round 7
ChatterBot Delta round 7
ChatterBot Zulu round 7
2024-10-14 19:55:11.130380 Quebec: We should add India
2024-10-14 19:55:11.141227 Uniform: No
2024-10-14 19:55:11.141741 Victor: No
2024-10-14 19:55:11.142881 Zulu: No
ChatterBot Quebec reevaluating
ChatterBot Quebec reevaluating
ChatterBot Quebec reevaluating
2024-10-14 19:55:11.213662 Golf: India, sending you 2
2024-10-14 19:55:11.216691 Papa: Golf, India and Kilo, sending you 3
2024-10-14 19:55:11.218354 Golf: Lima, Papa, Kilo and Delta, sending you 3
2024-10-14 19:55:11.222865 Papa: Lima, sending you 2
2024-10-14 19:55:11.224077 Kilo: Golf, Lima, Papa and Delta, sending you 3
2024-10-14 19:55:11.225448 Quebec: Victor, sending you 1
2024-10-14 19:55:11.226070 India: Golf, Lima, Papa, Uniform and Delta, sending you 2
2024-10-14 19:55:11.226702 Lima: Golf, sending you 5
2024-10-14 19:55:11.227973 Victor: Quebec and Zulu, sending you 6
2024-10-14 19:55:11.228444 Zulu: Quebec and Victor, sending you 5
2024-10-14 19:55:11.228902 Papa: Delta, sending you 4
2024-10-14 19:55:11.230374 Uniform: Same as last round
2024-10-14 19:55:11.230869 Kilo: India, sending you 5
2024-10-14 19:55:11.232189 Victor: Uniform, sending you 5
2024-10-14 19:55:11.232761 India: Kilo, sending you 4
2024-10-14 19:55:11.233420 Lima: India and Papa, sending you 3
2024-10-14 19:55:11.235047 Zulu: Uniform, sending you 4
2024-10-14 19:55:11.235573 Delta: Golf, India, Lima and Kilo, sending you 3
2024-10-14 19:55:11.237711 Lima: Kilo and Delta, sending you 4
2024-10-14 19:55:11.240696 Delta: Papa, sending you 5
chatterbot India submitting transactions
chatterbot Papa submitting transactions
chatterbot Delta submitting transactions
chatterbot Golf submitting transactions
chatterbot Uniform submitting transactions
chatterbot Kilo submitting transactions
chatterbot Zulu submitting transactions
chatterbot Lima submitting transactions
chatterbot Victor submitting transactions
chatterbot Quebec submitting transactions
ChatterBot Quebec round 8
ChatterBot Golf round 8
ChatterBot India round 8
ChatterBot Lima round 8
ChatterBot Papa round 8
ChatterBot Uniform round 8
ChatterBot Kilo round 8
2024-10-14 19:55:12.451518 Quebec: We should add India
2024-10-14 19:55:12.465289 Uniform: No
2024-10-14 19:55:12.465525 Victor: No
2024-10-14 19:55:12.465736 Zulu: No
ChatterBot Victor round 8
ChatterBot Delta round 8
ChatterBot Zulu round 8
2024-10-14 19:55:12.520807 Quebec: India we want you to join our group
ChatterBot India reevaluating
2024-10-14 19:55:12.524191 India: No
2024-10-14 19:55:12.534196 India: We should replace Uniform with Quebec
2024-10-14 19:55:12.545556 Golf: No
2024-10-14 19:55:12.545748 Delta: No
2024-10-14 19:55:12.545885 Kilo: No
2024-10-14 19:55:12.546003 Papa: No
2024-10-14 19:55:12.546114 Lima: No
ChatterBot India reevaluating
ChatterBot India reevaluating
ChatterBot India reevaluating
ChatterBot India reevaluating
ChatterBot India reevaluating
2024-10-14 19:55:12.734655 Golf: India, sending you 1
2024-10-14 19:55:12.737664 Kilo: I was attacked by Quebec
ChatterBot Golf reevaluating
ChatterBot Delta reevaluating
ChatterBot Papa reevaluating
ChatterBot India reevaluating
ChatterBot Lima reevaluating
2024-10-14 19:55:12.767944 Kilo: I'm keeping this round to protect myself
2024-10-14 19:55:12.771822 Kilo: Ow
2024-10-14 19:55:12.772535 India: We should replace Uniform with Zulu
ChatterBot Golf reevaluating
ChatterBot Delta reevaluating
ChatterBot Papa reevaluating
ChatterBot Lima reevaluating
2024-10-14 19:55:12.798091 Golf: No
2024-10-14 19:55:12.799514 Delta: No
2024-10-14 19:55:12.799977 Kilo: No
2024-10-14 19:55:12.800423 Papa: No
2024-10-14 19:55:12.801136 Lima: No
ChatterBot Delta reevaluating
ChatterBot Papa reevaluating
ChatterBot India reevaluating
ChatterBot Lima reevaluating
ChatterBot Golf reevaluating
ChatterBot Papa reevaluating
ChatterBot India reevaluating
ChatterBot Lima reevaluating
ChatterBot Golf reevaluating
ChatterBot Delta reevaluating
ChatterBot Papa reevaluating
ChatterBot India reevaluating
ChatterBot Lima reevaluating
ChatterBot Golf reevaluating
ChatterBot Delta reevaluating
ChatterBot India reevaluating
ChatterBot Lima reevaluating
ChatterBot Golf reevaluating
ChatterBot Delta reevaluating
ChatterBot Papa reevaluating
ChatterBot India reevaluating
chatterbot Golf submitting transactions
2024-10-14 19:55:12.920047 Zulu: Quebec and Victor, sending you 5
2024-10-14 19:55:12.920602 Uniform: Same as last round
2024-10-14 19:55:12.921003 Victor: Quebec and Zulu, sending you 6
2024-10-14 19:55:12.921373 Quebec: India and Uniform, sending you 3
2024-10-14 19:55:12.922704 Zulu: Uniform, sending you 4
2024-10-14 19:55:12.924694 Victor: Uniform, sending you 5
2024-10-14 19:55:12.925242 Quebec: Victor and Zulu, sending you 4
2024-10-14 19:55:12.931707 Papa: Golf, Lima and Kilo, sending you 3
2024-10-14 19:55:12.936655 Papa: India, sending you 2
2024-10-14 19:55:12.938093 Golf: Lima, Papa, Kilo and Delta, sending you 2
2024-10-14 19:55:12.939671 Lima: Golf, sending you 5
2024-10-14 19:55:12.941664 Delta: Golf, India, Lima and Kilo, sending you 3
2024-10-14 19:55:12.942774 Papa: Delta, sending you 4
2024-10-14 19:55:12.944447 Lima: India and Papa, sending you 3
2024-10-14 19:55:12.945984 India: Golf, Lima, Papa, Uniform and Delta, sending you 2
2024-10-14 19:55:12.946662 Delta: Papa, sending you 5
2024-10-14 19:55:12.949663 Lima: Kilo and Delta, sending you 4
2024-10-14 19:55:12.951317 India: Kilo, sending you 4
chatterbot Zulu submitting transactions
chatterbot Victor submitting transactions
chatterbot Kilo submitting transactions
chatterbot Uniform submitting transactions
chatterbot Delta submitting transactions
chatterbot Golf submitting transactions
chatterbot Lima submitting transactions
chatterbot Quebec submitting transactions
chatterbot India submitting transactions
chatterbot Papa submitting transactions
ChatterBot Quebec round 9
ChatterBot Golf round 9
ChatterBot India round 9
ChatterBot Lima round 9
ChatterBot Papa round 9
ChatterBot Uniform round 9
ChatterBot Kilo round 9
ChatterBot Victor round 9
ChatterBot Delta round 9
2024-10-14 19:55:14.120280 India: We should replace Uniform with Quebec
2024-10-14 19:55:14.136552 Golf: No
2024-10-14 19:55:14.136918 Delta: No
2024-10-14 19:55:14.137265 Kilo: No
2024-10-14 19:55:14.137593 Papa: No
2024-10-14 19:55:14.137821 Lima: No
ChatterBot India reevaluating
ChatterBot India reevaluating
ChatterBot India reevaluating
ChatterBot India reevaluating
ChatterBot Zulu round 9
2024-10-14 19:55:14.228671 Quebec: I was attacked by Golf
ChatterBot Uniform reevaluating
ChatterBot Victor reevaluating
ChatterBot Zulu reevaluating
ChatterBot India reevaluating
2024-10-14 19:55:14.240260 Quebec: I'm keeping this round to protect myself
2024-10-14 19:55:14.241087 Quebec: Ow
2024-10-14 19:55:14.241393 India: We should replace Uniform with Zulu
2024-10-14 19:55:14.254266 Golf: No
2024-10-14 19:55:14.254859 Delta: No
2024-10-14 19:55:14.254996 Kilo: No
2024-10-14 19:55:14.255119 Papa: No
2024-10-14 19:55:14.255249 Lima: No
ChatterBot India reevaluating
ChatterBot India reevaluating
ChatterBot India reevaluating
ChatterBot India reevaluating
ChatterBot India reevaluating
2024-10-14 19:55:14.335798 Golf: India, Lima, Papa and Delta, sending you 3
2024-10-14 19:55:14.338672 Papa: Golf, India, Lima and Kilo, sending you 2
2024-10-14 19:55:14.340266 Golf: Kilo, sending you 2
2024-10-14 19:55:14.341004 Delta: Golf, India, Lima and Kilo, sending you 3
2024-10-14 19:55:14.341714 Lima: Golf, sending you 3
2024-10-14 19:55:14.344699 Papa: Delta, sending you 4
2024-10-14 19:55:14.347334 Delta: Papa, sending you 5
2024-10-14 19:55:14.349436 Lima: India, Papa and Kilo, sending you 2
2024-10-14 19:55:14.351369 India: Zulu we want you to join our group
ChatterBot Zulu reevaluating
2024-10-14 19:55:14.359785 Zulu: No
ChatterBot India reevaluating
2024-10-14 19:55:14.392943 Uniform: Quebec and Zulu, sending you 2
2024-10-14 19:55:14.393638 Lima: Delta, sending you 4
2024-10-14 19:55:14.397209 Victor: Quebec and Zulu, sending you 6
2024-10-14 19:55:14.397941 Uniform: Victor, sending you 1
2024-10-14 19:55:14.401729 Victor: Uniform, sending you 5
2024-10-14 19:55:14.409703 Zulu: Quebec and Victor, sending you 5
2024-10-14 19:55:14.415604 Zulu: Uniform, sending you 4
2024-10-14 19:55:14.421459 India: Golf, Lima, Papa, Kilo and Delta, sending you 2
2024-10-14 19:55:14.426039 India: Zulu, sending you 1
chatterbot Papa submitting transactions
chatterbot Uniform submitting transactions
chatterbot Victor submitting transactions
chatterbot Kilo submitting transactions
chatterbot Delta submitting transactions
chatterbot Golf submitting transactions
chatterbot Lima submitting transactions
chatterbot Quebec submitting transactions
chatterbot India submitting transactions
chatterbot Zulu submitting transactions
ChatterBot Quebec round 10
ChatterBot Golf round 10
ChatterBot India round 10
ChatterBot Lima round 10
ChatterBot Papa round 10
ChatterBot Uniform round 10
ChatterBot Kilo round 10
ChatterBot Victor round 10
ChatterBot Delta round 10
ChatterBot Zulu round 10
2024-10-14 19:55:15.632953 India: We should replace Zulu with Quebec
2024-10-14 19:55:15.653351 Golf: No
2024-10-14 19:55:15.653766 Delta: No
2024-10-14 19:55:15.654445 Kilo: No
2024-10-14 19:55:15.654689 Papa: No
2024-10-14 19:55:15.654964 Lima: No
ChatterBot India reevaluating
ChatterBot India reevaluating
ChatterBot India reevaluating
ChatterBot India reevaluating
2024-10-14 19:55:15.790683 Quebec: I was attacked by India, Lima, Papa and Kilo
ChatterBot Uniform reevaluating
ChatterBot Victor reevaluating
ChatterBot Zulu reevaluating
2024-10-14 19:55:15.801394 Quebec: I'm keeping this round to protect myself
2024-10-14 19:55:15.803104 Quebec: Ow
2024-10-14 19:55:15.807662 Kilo: Golf, sending you 1
2024-10-14 19:55:15.809867 Papa: Golf, India and Lima, sending you 2
2024-10-14 19:55:15.812131 Delta: Golf, India, Lima and Kilo, sending you 3
2024-10-14 19:55:15.814316 Lima: Sending you each 1
2024-10-14 19:55:15.816312 Kilo: India, Lima, Papa and Delta, sending you 2
2024-10-14 19:55:15.817509 Papa: Kilo, sending you 1
2024-10-14 19:55:15.819207 Delta: Papa, sending you 5
2024-10-14 19:55:15.823675 Papa: Delta, sending you 3
2024-10-14 19:55:15.826787 India: Golf, Lima, Papa, Kilo and Zulu, sending you 1
2024-10-14 19:55:15.831664 Uniform: Quebec and Zulu, sending you 2
2024-10-14 19:55:15.833702 India: Delta, sending you 2
2024-10-14 19:55:15.835961 Uniform: Victor, sending you 1
2024-10-14 19:55:15.836937 Zulu: Quebec, sending you 1
2024-10-14 19:55:15.837610 Victor: Quebec and Uniform, sending you 5
2024-10-14 19:55:15.839698 Zulu: Uniform, sending you 2
2024-10-14 19:55:15.841840 Victor: Zulu, sending you 7
chatterbot Quebec submitting transactions
chatterbot Lima submitting transactions
chatterbot Victor submitting transactions
chatterbot Zulu submitting transactions
chatterbot Golf submitting transactions
chatterbot Delta submitting transactions
chatterbot Kilo submitting transactions
chatterbot Uniform submitting transactions
chatterbot Papa submitting transactions
chatterbot India submitting transactions
ChatterBot Quebec round 11
ChatterBot Golf round 11
ChatterBot India round 11
ChatterBot Lima round 11
ChatterBot Papa round 11
ChatterBot Uniform round 11
ChatterBot Kilo round 11
ChatterBot Victor round 11
ChatterBot Delta round 11
ChatterBot Zulu round 11
2024-10-14 19:55:16.934259 Quebec: We should add Lima
2024-10-14 19:55:16.946111 Uniform: No
2024-10-14 19:55:16.948179 Victor: No
2024-10-14 19:55:16.948888 Zulu: No
ChatterBot Quebec reevaluating
ChatterBot Quebec reevaluating
ChatterBot Quebec reevaluating
2024-10-14 19:55:17.032689 Uniform: Quebec and Zulu, sending you 2
2024-10-14 19:55:17.034675 Victor: I was attacked by Zulu
ChatterBot Quebec reevaluating
ChatterBot Uniform reevaluating
ChatterBot Zulu reevaluating
2024-10-14 19:55:17.043769 Victor: I'm keeping this round to protect myself
2024-10-14 19:55:17.045262 Victor: Ow
2024-10-14 19:55:17.046371 Delta: Golf, India, Lima and Kilo, sending you 3
2024-10-14 19:55:17.050717 Delta: Papa, sending you 5
2024-10-14 19:55:17.052344 Papa: Golf, India and Kilo, sending you 3
2024-10-14 19:55:17.053626 Kilo: Golf, Lima and Papa, sending you 2
2024-10-14 19:55:17.055258 Golf: India, Lima, Papa and Delta, sending you 3
2024-10-14 19:55:17.056319 Lima: Golf and Papa, sending you 4
2024-10-14 19:55:17.057757 India: Golf, Lima, Papa, Kilo and Zulu, sending you 2
2024-10-14 19:55:17.058562 Quebec: Lima we want you to join our group
2024-10-14 19:55:17.062022 Lima: No
ChatterBot Quebec reevaluating
ChatterBot Uniform reevaluating
ChatterBot Zulu reevaluating
2024-10-14 19:55:17.074893 Papa: Lima, sending you 2
2024-10-14 19:55:17.075935 Golf: Kilo, sending you 2
2024-10-14 19:55:17.077148 Kilo: India and Delta, sending you 3
2024-10-14 19:55:17.077848 Lima: India and Kilo, sending you 3
2024-10-14 19:55:17.078558 India: Delta, sending you 4
2024-10-14 19:55:17.080717 Papa: Delta, sending you 4
2024-10-14 19:55:17.082466 Lima: Delta, sending you 5
2024-10-14 19:55:17.105981 Zulu: Quebec, sending you 4
2024-10-14 19:55:17.109652 Zulu: Uniform and Victor, sending you 5
chatterbot Delta submitting transactions
chatterbot Victor submitting transactions
chatterbot Papa submitting transactions
chatterbot Uniform submitting transactions
chatterbot Golf submitting transactions
chatterbot India submitting transactions
chatterbot Zulu submitting transactions
