ChatterBot Quebec round 1
ChatterBot Echo round 1
ChatterBot Uniform round 1
ChatterBot Mike round 1
ChatterBot Yankee round 1
ChatterBot Delta round 1
ChatterBot Romeo round 1
ChatterBot Victor round 1
ChatterBot Juliett round 1
ChatterBot Zulu round 1
randomSelections Uniform: {Uniform, Romeo, Delta, Victor, Echo} 
2024-10-14 19:55:00.143099 Uniform: Can we be friends?
ChatterBot Romeo reevaluating
ChatterBot Delta reevaluating
ChatterBot Victor reevaluating
ChatterBot Echo reevaluating
2024-10-14 19:55:00.166469 Romeo: Yes
2024-10-14 19:55:00.166701 Delta: Yes
2024-10-14 19:55:00.166898 Victor: Yes
2024-10-14 19:55:00.167061 Echo: Yes
ChatterBot Delta reevaluating
ChatterBot Victor reevaluating
ChatterBot Echo reevaluating
ChatterBot Romeo reevaluating
ChatterBot Victor reevaluating
ChatterBot Echo reevaluating
ChatterBot Romeo reevaluating
ChatterBot Delta reevaluating
ChatterBot Echo reevaluating
ChatterBot Romeo reevaluating
ChatterBot Delta reevaluating
ChatterBot Victor reevaluating
randomSelections Mike: {Mike, Juliett, Victor, Delta, Romeo, Echo} 
2024-10-14 19:55:00.212696 Mike: We should group up
ChatterBot Juliett reevaluating
ChatterBot Victor reevaluating
ChatterBot Delta reevaluating
ChatterBot Romeo reevaluating
ChatterBot Echo reevaluating
2024-10-14 19:55:00.225383 Juliett: Yes
2024-10-14 19:55:00.226258 Victor: No
2024-10-14 19:55:00.226548 Delta: No
2024-10-14 19:55:00.226788 Romeo: No
2024-10-14 19:55:00.226997 Echo: No
ChatterBot Victor reevaluating
ChatterBot Delta reevaluating
ChatterBot Romeo reevaluating
ChatterBot Echo reevaluating
ChatterBot Juliett reevaluating
ChatterBot Delta reevaluating
ChatterBot Romeo reevaluating
ChatterBot Echo reevaluating
ChatterBot Juliett reevaluating
ChatterBot Victor reevaluating
ChatterBot Romeo reevaluating
ChatterBot Echo reevaluating
ChatterBot Juliett reevaluating
ChatterBot Victor reevaluating
ChatterBot Delta reevaluating
ChatterBot Echo reevaluating
ChatterBot Juliett reevaluating
ChatterBot Victor reevaluating
ChatterBot Delta reevaluating
ChatterBot Romeo reevaluating
randomSelections Quebec: {Quebec, Victor, Romeo, Juliett, Uniform, Yankee} 
2024-10-14 19:55:00.301354 Quebec: Group up?
ChatterBot Victor reevaluating
ChatterBot Romeo reevaluating
ChatterBot Juliett reevaluating
ChatterBot Yankee reevaluating
2024-10-14 19:55:00.311534 Victor: No
2024-10-14 19:55:00.311757 Romeo: No
2024-10-14 19:55:00.311900 Juliett: No
2024-10-14 19:55:00.314127 Uniform: No
2024-10-14 19:55:00.314315 Yankee: Yes
ChatterBot Romeo reevaluating
ChatterBot Juliett reevaluating
ChatterBot Yankee reevaluating
ChatterBot Victor reevaluating
ChatterBot Juliett reevaluating
ChatterBot Yankee reevaluating
ChatterBot Victor reevaluating
ChatterBot Romeo reevaluating
ChatterBot Yankee reevaluating
ChatterBot Victor reevaluating
ChatterBot Romeo reevaluating
ChatterBot Juliett reevaluating
ChatterBot Yankee reevaluating
ChatterBot Victor reevaluating
ChatterBot Romeo reevaluating
ChatterBot Juliett reevaluating
randomSelections Zulu: {Zulu, Delta, Mike, Juliett, Uniform, Victor} 
2024-10-14 19:55:00.432212 Zulu: Let's form a team
ChatterBot Delta reevaluating
ChatterBot Juliett reevaluating
ChatterBot Victor reevaluating
2024-10-14 19:55:00.442104 Delta: No
2024-10-14 19:55:00.442417 Mike: No
2024-10-14 19:55:00.442926 Juliett: No
2024-10-14 19:55:00.443751 Uniform: No
2024-10-14 19:55:00.444019 Victor: No
ChatterBot Juliett reevaluating
ChatterBot Victor reevaluating
ChatterBot Delta reevaluating
ChatterBot Juliett reevaluating
ChatterBot Victor reevaluating
ChatterBot Delta reevaluating
ChatterBot Victor reevaluating
ChatterBot Delta reevaluating
ChatterBot Juliett reevaluating
ChatterBot Victor reevaluating
ChatterBot Delta reevaluating
ChatterBot Juliett reevaluating
2024-10-14 19:55:00.513831 Mike: Echo and Juliett, sending you 3
2024-10-14 19:55:00.514922 Uniform: Echo and Victor, sending you 2
2024-10-14 19:55:00.516814 Delta: Echo, sending you 2
2024-10-14 19:55:00.518513 Juliett: Echo, Mike and Romeo, sending you 2
2024-10-14 19:55:00.520207 Victor: Echo, sending you 2
2024-10-14 19:55:00.521861 Zulu: Uniform, sending you 3
2024-10-14 19:55:00.523628 Mike: Delta and Romeo, sending you 5
2024-10-14 19:55:00.524409 Uniform: Delta, sending you 4
2024-10-14 19:55:00.525648 Delta: Uniform and Victor, sending you 3
2024-10-14 19:55:00.527020 Juliett: Delta, sending you 1
2024-10-14 19:55:00.528002 Victor: Uniform, sending you 5
2024-10-14 19:55:00.529354 Zulu: Mike, Delta and Victor, sending you 2
2024-10-14 19:55:00.530225 Echo: Uniform and Victor, sending you 4
2024-10-14 19:55:00.531486 Quebec: Uniform, Romeo and Victor, sending you 4
2024-10-14 19:55:00.533121 Romeo: Echo and Victor, sending you 5
2024-10-14 19:55:00.533964 Delta: Romeo, sending you 7
2024-10-14 19:55:00.535076 Uniform: Romeo, sending you 8
2024-10-14 19:55:00.536494 Juliett: Victor, sending you 7
2024-10-14 19:55:00.537408 Victor: Delta, sending you 4
2024-10-14 19:55:00.538959 Zulu: Juliett, sending you 5
2024-10-14 19:55:00.540354 Echo: Delta, sending you 3
2024-10-14 19:55:00.541896 Yankee: Quebec, sending you 1
2024-10-14 19:55:00.542655 Quebec: Yankee, sending you 2
2024-10-14 19:55:00.544228 Romeo: Uniform, sending you 3
2024-10-14 19:55:00.545051 Victor: Romeo, sending you 3
2024-10-14 19:55:00.550337 Echo: Romeo, sending you 6
2024-10-14 19:55:00.550855 Yankee: Uniform and Juliett, sending you 2
2024-10-14 19:55:00.552762 Quebec: Juliett, sending you 1
2024-10-14 19:55:00.553162 Romeo: Delta, sending you 4
2024-10-14 19:55:00.558885 Yankee: Romeo and Victor, sending you 3
chatterbot Uniform submitting transactions
chatterbot Mike submitting transactions
chatterbot Yankee submitting transactions
chatterbot Quebec submitting transactions
chatterbot Juliett submitting transactions
chatterbot Zulu submitting transactions
chatterbot Echo submitting transactions
chatterbot Victor submitting transactions
chatterbot Romeo submitting transactions
chatterbot Delta submitting transactions
ChatterBot Quebec round 2
ChatterBot Echo round 2
ChatterBot Uniform round 2
ChatterBot Mike round 2
ChatterBot Yankee round 2
ChatterBot Delta round 2
2024-10-14 19:55:01.745207 Yankee: Group up?
ChatterBot Quebec reevaluating
2024-10-14 19:55:01.751182 Quebec: Yes
2024-10-14 19:55:01.756420 Quebec: Group up?
2024-10-14 19:55:01.761673 Yankee: Yes
ChatterBot Quebec reevaluating
ChatterBot Romeo round 2
2024-10-14 19:55:01.773863 Mike: We should add Zulu and Uniform
ChatterBot Juliett reevaluating
ChatterBot Victor reevaluating
ChatterBot Delta reevaluating
ChatterBot Romeo reevaluating
ChatterBot Echo reevaluating
2024-10-14 19:55:01.830326 Juliett: No
2024-10-14 19:55:01.830586 Victor: No
2024-10-14 19:55:01.830799 Delta: Yes
2024-10-14 19:55:01.831003 Romeo: No
2024-10-14 19:55:01.831174 Echo: No
ChatterBot Victor reevaluating
ChatterBot Delta reevaluating
ChatterBot Romeo reevaluating
ChatterBot Echo reevaluating
ChatterBot Mike reevaluating
ChatterBot Juliett reevaluating
ChatterBot Delta reevaluating
ChatterBot Romeo reevaluating
ChatterBot Echo reevaluating
ChatterBot Mike reevaluating
ChatterBot Juliett reevaluating
ChatterBot Victor reevaluating
ChatterBot Romeo reevaluating
ChatterBot Echo reevaluating
ChatterBot Mike reevaluating
ChatterBot Juliett reevaluating
ChatterBot Victor reevaluating
ChatterBot Delta reevaluating
ChatterBot Echo reevaluating
ChatterBot Mike reevaluating
ChatterBot Juliett reevaluating
ChatterBot Victor reevaluating
ChatterBot Delta reevaluating
ChatterBot Romeo reevaluating
2024-10-14 19:55:02.028088 Echo: We should add Mike
ChatterBot Uniform reevaluating
ChatterBot Romeo reevaluating
ChatterBot Delta reevaluating
ChatterBot Victor reevaluating
2024-10-14 19:55:02.051342 Uniform: No
2024-10-14 19:55:02.051530 Romeo: Yes
2024-10-14 19:55:02.051653 Delta: Yes
2024-10-14 19:55:02.051772 Victor: No
ChatterBot Romeo reevaluating
ChatterBot Delta reevaluating
ChatterBot Victor reevaluating
ChatterBot Echo reevaluating
ChatterBot Uniform reevaluating
ChatterBot Delta reevaluating
ChatterBot Victor reevaluating
ChatterBot Echo reevaluating
ChatterBot Uniform reevaluating
ChatterBot Romeo reevaluating
ChatterBot Victor reevaluating
ChatterBot Echo reevaluating
ChatterBot Uniform reevaluating
ChatterBot Romeo reevaluating
ChatterBot Delta reevaluating
ChatterBot Echo reevaluating
ChatterBot Victor round 2
ChatterBot Juliett round 2
ChatterBot Zulu round 2
2024-10-14 19:55:02.160412 Victor: Can we be friends?
ChatterBot Mike reevaluating
ChatterBot Juliett reevaluating
ChatterBot Zulu reevaluating
2024-10-14 19:55:02.183944 Delta: Yes
2024-10-14 19:55:02.184638 Echo: No
2024-10-14 19:55:02.184769 Uniform: No
2024-10-14 19:55:02.184889 Romeo: No
2024-10-14 19:55:02.185040 Mike: No
2024-10-14 19:55:02.185176 Juliett: No
2024-10-14 19:55:02.185302 Zulu: No
ChatterBot Mike reevaluating
ChatterBot Juliett reevaluating
ChatterBot Zulu reevaluating
ChatterBot Mike reevaluating
ChatterBot Juliett reevaluating
ChatterBot Zulu reevaluating
ChatterBot Mike reevaluating
ChatterBot Juliett reevaluating
ChatterBot Zulu reevaluating
ChatterBot Mike reevaluating
ChatterBot Juliett reevaluating
ChatterBot Zulu reevaluating
ChatterBot Juliett reevaluating
ChatterBot Zulu reevaluating
ChatterBot Mike reevaluating
ChatterBot Zulu reevaluating
ChatterBot Mike reevaluating
ChatterBot Juliett reevaluating
2024-10-14 19:55:02.351971 Zulu: We should add Echo and Romeo
ChatterBot Mike reevaluating
ChatterBot Juliett reevaluating
2024-10-14 19:55:02.369991 Delta: Yes
2024-10-14 19:55:02.370165 Mike: Yes
2024-10-14 19:55:02.370286 Juliett: Yes
2024-10-14 19:55:02.370413 Uniform: Yes
2024-10-14 19:55:02.370524 Victor: Yes
ChatterBot Zulu reevaluating
ChatterBot Mike reevaluating
ChatterBot Juliett reevaluating
ChatterBot Zulu reevaluating
ChatterBot Juliett reevaluating
ChatterBot Zulu reevaluating
ChatterBot Mike reevaluating
ChatterBot Zulu reevaluating
ChatterBot Mike reevaluating
ChatterBot Juliett reevaluating
ChatterBot Zulu reevaluating
ChatterBot Mike reevaluating
ChatterBot Juliett reevaluating
2024-10-14 19:55:02.458733 Romeo: Mike we want you to join our group
ChatterBot Mike reevaluating
2024-10-14 19:55:02.462903 Mike: Yes
2024-10-14 19:55:02.479383 Echo: Mike we want you to join our group
ChatterBot Mike reevaluating
2024-10-14 19:55:02.483745 Mike: Yes
chatterbot Yankee submitting transactions
2024-10-14 19:55:02.504602 Juliett: We should add Zulu and Uniform
ChatterBot Mike reevaluating
ChatterBot Echo reevaluating
2024-10-14 19:55:02.521477 Mike: Yes
2024-10-14 19:55:02.521668 Victor: Yes
2024-10-14 19:55:02.521812 Delta: Yes
2024-10-14 19:55:02.521951 Romeo: No
2024-10-14 19:55:02.522471 Echo: Yes
ChatterBot Juliett reevaluating
ChatterBot Echo reevaluating
ChatterBot Mike reevaluating
ChatterBot Juliett reevaluating
ChatterBot Echo reevaluating
ChatterBot Mike reevaluating
ChatterBot Juliett reevaluating
ChatterBot Echo reevaluating
ChatterBot Mike reevaluating
ChatterBot Juliett reevaluating
ChatterBot Echo reevaluating
ChatterBot Mike reevaluating
ChatterBot Juliett reevaluating
2024-10-14 19:55:02.609037 Yankee: Sending you 2
2024-10-14 19:55:02.609349 Quebec: Sending you 5
2024-10-14 19:55:02.609579 Delta: Echo, Uniform, Romeo, Victor, Juliett and Zulu, sending you 2
2024-10-14 19:55:02.610535 Uniform: Sending you each 4
2024-10-14 19:55:02.611034 Zulu: Echo and Romeo we want you to join our group
ChatterBot Echo reevaluating
2024-10-14 19:55:02.618732 Echo: Yes
2024-10-14 19:55:02.618936 Romeo: No
ChatterBot Mike reevaluating
ChatterBot Juliett reevaluating
ChatterBot Zulu reevaluating
ChatterBot Echo reevaluating
ChatterBot Mike reevaluating
ChatterBot Juliett reevaluating
ChatterBot Zulu reevaluating
chatterbot Quebec submitting transactions
2024-10-14 19:55:02.675727 Delta: Mike, sending you 3
2024-10-14 19:55:02.676192 Victor: Echo, Uniform, Mike, Delta, Romeo, Juliett and Zulu, sending you 2
2024-10-14 19:55:02.677675 Romeo: Echo, Mike and Victor, sending you 3
2024-10-14 19:55:02.678110 Juliett: Zulu and Uniform we want you to join our group
ChatterBot Zulu reevaluating
2024-10-14 19:55:02.728672 Uniform: No
2024-10-14 19:55:02.730638 Zulu: Yes
ChatterBot Mike reevaluating
ChatterBot Zulu reevaluating
ChatterBot Echo reevaluating
ChatterBot Romeo reevaluating
ChatterBot Mike reevaluating
2024-10-14 19:55:02.809705 Romeo: Let's form a team
ChatterBot Echo reevaluating
ChatterBot Mike reevaluating
ChatterBot Zulu reevaluating
2024-10-14 19:55:02.834322 Delta: Yes
2024-10-14 19:55:02.834556 Echo: Yes
2024-10-14 19:55:02.834747 Uniform: No
2024-10-14 19:55:02.834888 Victor: Yes
2024-10-14 19:55:02.835470 Mike: Yes
2024-10-14 19:55:02.835604 Juliett: Yes
2024-10-14 19:55:02.835831 Zulu: No
ChatterBot Echo reevaluating
ChatterBot Romeo reevaluating
ChatterBot Mike reevaluating
ChatterBot Zulu reevaluating
ChatterBot Romeo reevaluating
ChatterBot Mike reevaluating
ChatterBot Zulu reevaluating
ChatterBot Echo reevaluating
ChatterBot Romeo reevaluating
ChatterBot Mike reevaluating
ChatterBot Zulu reevaluating
ChatterBot Echo reevaluating
ChatterBot Romeo reevaluating
ChatterBot Mike reevaluating
ChatterBot Zulu reevaluating
ChatterBot Echo reevaluating
ChatterBot Romeo reevaluating
ChatterBot Zulu reevaluating
ChatterBot Echo reevaluating
ChatterBot Romeo reevaluating
ChatterBot Mike reevaluating
ChatterBot Zulu reevaluating
ChatterBot Echo reevaluating
ChatterBot Romeo reevaluating
ChatterBot Mike reevaluating
chatterbot Uniform submitting transactions
2024-10-14 19:55:03.685034 Mike: Zulu and Uniform we want you to join our group
2024-10-14 19:55:03.693604 Uniform: No
2024-10-14 19:55:03.693892 Zulu: Yes
ChatterBot Romeo reevaluating
ChatterBot Zulu reevaluating
ChatterBot Romeo reevaluating
chatterbot Echo submitting transactions
chatterbot Juliett submitting transactions
chatterbot Delta submitting transactions
chatterbot Victor submitting transactions
chatterbot Romeo submitting transactions
2024-10-14 19:55:04.003398 Juliett: Echo, Uniform, Delta, Romeo and Victor, sending you 1
2024-10-14 19:55:04.330205 Echo: Uniform, Delta, Victor, Juliett and Zulu, sending you 2
2024-10-14 19:55:04.331961 Mike: Echo, Uniform, Delta, Romeo and Victor, sending you 1
2024-10-14 19:55:04.332592 Juliett: Mike, sending you 4
2024-10-14 19:55:04.429535 Mike: Juliett and Zulu, sending you 5
2024-10-14 19:55:04.430994 Echo: Mike, sending you 3
2024-10-14 19:55:04.432199 Juliett: Zulu, sending you 5
2024-10-14 19:55:04.433206 Romeo: Echo, Uniform, Mike and Delta, sending you 3
2024-10-14 19:55:04.434575 Zulu: Echo, Uniform, Delta and Romeo, sending you 3
chatterbot Mike submitting transactions
chatterbot Echo submitting transactions
2024-10-14 19:55:04.436020 Echo: Romeo, sending you 4
2024-10-14 19:55:04.541334 Zulu: Victor, sending you 2
2024-10-14 19:55:04.542365 Romeo: Victor and Juliett, sending you 2
2024-10-14 19:55:04.570138 Romeo: Zulu, sending you 1
chatterbot Zulu submitting transactions
ChatterBot Quebec round 3
ChatterBot Echo round 3
ChatterBot Uniform round 3
ChatterBot Mike round 3
ChatterBot Yankee round 3
ChatterBot Delta round 3
ChatterBot Romeo round 3
ChatterBot Victor round 3
2024-10-14 19:55:04.731702 Quebec: We should add Zulu
ChatterBot Yankee reevaluating
2024-10-14 19:55:04.735459 Yankee: Yes
ChatterBot Juliett round 3
ChatterBot Zulu round 3
2024-10-14 19:55:04.744625 Uniform: We would work well together
ChatterBot Mike reevaluating
ChatterBot Juliett reevaluating
ChatterBot Zulu reevaluating
2024-10-14 19:55:04.774904 Delta: Yes
2024-10-14 19:55:04.775117 Echo: Yes
2024-10-14 19:55:04.775761 Romeo: Yes
2024-10-14 19:55:04.775915 Victor: Yes
2024-10-14 19:55:04.776081 Mike: No
2024-10-14 19:55:04.776273 Juliett: No
2024-10-14 19:55:04.776400 Zulu: Yes
ChatterBot Mike reevaluating
ChatterBot Juliett reevaluating
ChatterBot Zulu reevaluating
ChatterBot Mike reevaluating
ChatterBot Juliett reevaluating
ChatterBot Zulu reevaluating
ChatterBot Mike reevaluating
ChatterBot Juliett reevaluating
ChatterBot Zulu reevaluating
ChatterBot Mike reevaluating
ChatterBot Juliett reevaluating
ChatterBot Zulu reevaluating
ChatterBot Juliett reevaluating
ChatterBot Zulu reevaluating
ChatterBot Mike reevaluating
ChatterBot Zulu reevaluating
ChatterBot Mike reevaluating
ChatterBot Juliett reevaluating
2024-10-14 19:55:05.087390 Zulu: We should add Mike and Juliett
2024-10-14 19:55:05.109942 Echo: Yes
2024-10-14 19:55:05.111139 Uniform: Yes
2024-10-14 19:55:05.111391 Delta: Yes
2024-10-14 19:55:05.111821 Romeo: Yes
2024-10-14 19:55:05.112678 Victor: Yes
ChatterBot Zulu reevaluating
ChatterBot Zulu reevaluating
ChatterBot Zulu reevaluating
ChatterBot Zulu reevaluating
ChatterBot Zulu reevaluating
2024-10-14 19:55:05.256432 Quebec: Zulu we want you to join our group
ChatterBot Zulu reevaluating
2024-10-14 19:55:05.262150 Zulu: No
ChatterBot Yankee reevaluating
chatterbot Romeo submitting transactions
2024-10-14 19:55:05.282649 Mike: We should drop Victor
2024-10-14 19:55:05.308651 Echo: No
2024-10-14 19:55:05.308847 Uniform: No
2024-10-14 19:55:05.309033 Delta: No
2024-10-14 19:55:05.309665 Romeo: No
2024-10-14 19:55:05.309803 Juliett: No
2024-10-14 19:55:05.309949 Zulu: No
ChatterBot Mike reevaluating
ChatterBot Juliett reevaluating
ChatterBot Mike reevaluating
ChatterBot Juliett reevaluating
ChatterBot Mike reevaluating
ChatterBot Juliett reevaluating
ChatterBot Mike reevaluating
ChatterBot Juliett reevaluating
ChatterBot Mike reevaluating
ChatterBot Mike reevaluating
ChatterBot Juliett reevaluating
2024-10-14 19:55:05.476962 Yankee: Zulu we want you to join our group
2024-10-14 19:55:05.482205 Zulu: No
ChatterBot Yankee reevaluating
2024-10-14 19:55:05.490568 Zulu: Mike and Juliett we want you to join our group
2024-10-14 19:55:05.500035 Mike: No
2024-10-14 19:55:05.502384 Juliett: No
ChatterBot Mike reevaluating
2024-10-14 19:55:05.685095 Delta: Echo, Mike, Victor and Zulu, sending you 2
2024-10-14 19:55:05.686541 Quebec: Sending you each 5
2024-10-14 19:55:05.686933 Uniform: Echo, Mike, Delta, Romeo, Juliett and Zulu, sending you 2
2024-10-14 19:55:05.687639 Echo: Uniform, sending you 3
2024-10-14 19:55:05.688834 Romeo: Echo, Uniform and Delta, sending you 3
2024-10-14 19:55:05.690123 Victor: Echo, Uniform, Mike, Delta, Romeo, Juliett and Zulu, sending you 2
2024-10-14 19:55:05.691276 Mike: We should drop Uniform
ChatterBot Juliett reevaluating
2024-10-14 19:55:05.716979 Echo: No
2024-10-14 19:55:05.717696 Delta: No
2024-10-14 19:55:05.717929 Romeo: No
2024-10-14 19:55:05.718126 Victor: No
2024-10-14 19:55:05.718400 Juliett: Yes
2024-10-14 19:55:05.719195 Zulu: No
ChatterBot Mike reevaluating
ChatterBot Juliett reevaluating
ChatterBot Mike reevaluating
ChatterBot Juliett reevaluating
ChatterBot Mike reevaluating
ChatterBot Juliett reevaluating
ChatterBot Mike reevaluating
ChatterBot Juliett reevaluating
ChatterBot Mike reevaluating
ChatterBot Mike reevaluating
ChatterBot Juliett reevaluating
chatterbot Quebec submitting transactions
chatterbot Uniform submitting transactions
2024-10-14 19:55:05.875517 Delta: Uniform and Romeo, sending you 3
2024-10-14 19:55:05.876130 Uniform: Victor, sending you 4
2024-10-14 19:55:05.877174 Romeo: Mike, Victor, Juliett and Zulu, sending you 2
2024-10-14 19:55:05.877637 Echo: Mike, Delta, Victor, Juliett and Zulu, sending you 2
chatterbot Echo submitting transactions
chatterbot Romeo submitting transactions
2024-10-14 19:55:05.878730 Delta: Juliett, sending you 1
2024-10-14 19:55:05.886654 Zulu: Echo, Uniform, Mike, Delta, Romeo, Victor and Juliett, sending you 2
2024-10-14 19:55:05.888469 Echo: Romeo, sending you 4
2024-10-14 19:55:05.900063 Yankee: Quebec, sending you 2
2024-10-14 19:55:05.918443 Yankee: Zulu, sending you 3
2024-10-14 19:55:05.956233 Mike: Echo, Delta, Romeo and Victor, sending you 3
2024-10-14 19:55:05.957497 Juliett: Echo, Delta, Romeo, Victor and Zulu, sending you 2
chatterbot Yankee submitting transactions
2024-10-14 19:55:05.969417 Mike: Juliett, sending you 4
2024-10-14 19:55:05.970099 Juliett: Mike, sending you 4
2024-10-14 19:55:05.975347 Mike: Zulu, sending you 1
chatterbot Victor submitting transactions
chatterbot Delta submitting transactions
chatterbot Zulu submitting transactions
chatterbot Juliett submitting transactions
chatterbot Mike submitting transactions
ChatterBot Quebec round 4
ChatterBot Echo round 4
ChatterBot Uniform round 4
ChatterBot Mike round 4
ChatterBot Yankee round 4
ChatterBot Delta round 4
ChatterBot Romeo round 4
ChatterBot Victor round 4
ChatterBot Juliett round 4
ChatterBot Zulu round 4
2024-10-14 19:55:06.906834 Quebec: We should drop Zulu
2024-10-14 19:55:06.910516 Yankee: Yes
2024-10-14 19:55:06.928130 Juliett: We should replace Victor with Uniform
ChatterBot Mike reevaluating
ChatterBot Zulu reevaluating
2024-10-14 19:55:06.948295 Echo: No
2024-10-14 19:55:06.948486 Mike: Yes
2024-10-14 19:55:06.948643 Delta: No
2024-10-14 19:55:06.948839 Romeo: No
2024-10-14 19:55:06.949005 Zulu: No
ChatterBot Mike reevaluating
ChatterBot Zulu reevaluating
ChatterBot Juliett reevaluating
ChatterBot Zulu reevaluating
ChatterBot Juliett reevaluating
ChatterBot Mike reevaluating
ChatterBot Zulu reevaluating
ChatterBot Juliett reevaluating
ChatterBot Mike reevaluating
ChatterBot Zulu reevaluating
ChatterBot Juliett reevaluating
ChatterBot Mike reevaluating
2024-10-14 19:55:07.049668 Echo: Uniform, sending you 3
2024-10-14 19:55:07.050900 Uniform: Echo, Mike, Delta, Victor, Juliett and Zulu, sending you 2
2024-10-14 19:55:07.052570 Delta: Echo, Uniform, Mike, Victor, Juliett and Zulu, sending you 2
2024-10-14 19:55:07.054201 Juliett: Uniform we want you to join our group
2024-10-14 19:55:07.059053 Uniform: Yes
ChatterBot Mike reevaluating
ChatterBot Juliett reevaluating
2024-10-14 19:55:07.079283 Echo: Mike, Delta, Victor, Juliett and Zulu, sending you 2
2024-10-14 19:55:07.080692 Uniform: Romeo, sending you 4
2024-10-14 19:55:07.081381 Delta: Romeo, sending you 3
2024-10-14 19:55:07.084014 Echo: Romeo, sending you 4
2024-10-14 19:55:07.086175 Victor: Same as last round
2024-10-14 19:55:07.086850 Mike: Uniform we want you to join our group
2024-10-14 19:55:07.091433 Uniform: Yes
ChatterBot Juliett reevaluating
2024-10-14 19:55:07.113179 Quebec: Sending you 6
2024-10-14 19:55:07.113479 Zulu: Same as last round
2024-10-14 19:55:07.114866 Romeo: Echo, Uniform and Delta, sending you 3
2024-10-14 19:55:07.123426 Romeo: Mike, Victor, Juliett and Zulu, sending you 2
2024-10-14 19:55:07.124681 Yankee: Same as last round
2024-10-14 19:55:07.134025 Mike: Echo, Delta and Romeo, sending you 3
2024-10-14 19:55:07.139705 Mike: Uniform and Zulu, sending you 2
2024-10-14 19:55:07.146002 Mike: Juliett, sending you 4
2024-10-14 19:55:07.159018 Juliett: Echo, Uniform, Delta, Romeo and Zulu, sending you 2
2024-10-14 19:55:07.172590 Juliett: Mike, sending you 4
chatterbot Victor submitting transactions
chatterbot Delta submitting transactions
chatterbot Mike submitting transactions
chatterbot Romeo submitting transactions
chatterbot Uniform submitting transactions
chatterbot Quebec submitting transactions
chatterbot Yankee submitting transactions
chatterbot Echo submitting transactions
chatterbot Zulu submitting transactions
chatterbot Juliett submitting transactions
ChatterBot Quebec round 5
ChatterBot Echo round 5
ChatterBot Uniform round 5
ChatterBot Mike round 5
ChatterBot Yankee round 5
ChatterBot Delta round 5
ChatterBot Romeo round 5
ChatterBot Victor round 5
ChatterBot Juliett round 5
ChatterBot Zulu round 5
2024-10-14 19:55:08.447671 Quebec: Same as last round
2024-10-14 19:55:08.456653 Yankee: Same as last round
2024-10-14 19:55:08.457188 Uniform: Echo and Romeo, sending you 3
2024-10-14 19:55:08.458634 Delta: Echo, Uniform, Mike, Victor, Juliett and Zulu, sending you 2
2024-10-14 19:55:08.459541 Romeo: Echo, Uniform and Delta, sending you 3
2024-10-14 19:55:08.461285 Echo: Uniform, sending you 3
2024-10-14 19:55:08.463018 Mike: Echo, Delta and Romeo, sending you 3
2024-10-14 19:55:08.464636 Uniform: Mike, Delta, Victor, Juliett and Zulu, sending you 2
2024-10-14 19:55:08.465730 Delta: Romeo, sending you 3
2024-10-14 19:55:08.467375 Romeo: Mike, Victor, Juliett and Zulu, sending you 2
2024-10-14 19:55:08.468676 Echo: Mike, Delta, Victor, Juliett and Zulu, sending you 2
2024-10-14 19:55:08.469638 Mike: Uniform and Zulu, sending you 2
2024-10-14 19:55:08.470851 Zulu: Same as last round
2024-10-14 19:55:08.471721 Victor: Same as last round
2024-10-14 19:55:08.473457 Juliett: Echo, Uniform, Delta, Romeo and Zulu, sending you 2
2024-10-14 19:55:08.475015 Echo: Romeo, sending you 4
2024-10-14 19:55:08.476786 Mike: Juliett, sending you 4
2024-10-14 19:55:08.478711 Juliett: Mike, sending you 4
chatterbot Echo submitting transactions
chatterbot Zulu submitting transactions
chatterbot Yankee submitting transactions
chatterbot Victor submitting transactions
chatterbot Mike submitting transactions
chatterbot Juliett submitting transactions
chatterbot Uniform submitting transactions
chatterbot Romeo submitting transactions
chatterbot Quebec submitting transactions
chatterbot Delta submitting transactions
ChatterBot Quebec round 6
ChatterBot Echo round 6
ChatterBot Uniform round 6
ChatterBot Mike round 6
ChatterBot Yankee round 6
ChatterBot Delta round 6
ChatterBot Romeo round 6
ChatterBot Victor round 6
ChatterBot Juliett round 6
ChatterBot Zulu round 6
2024-10-14 19:55:09.589704 Quebec: Same as last round
2024-10-14 19:55:09.590355 Mike: Echo, Delta, Romeo and Zulu, sending you 3
2024-10-14 19:55:09.594701 Mike: Uniform, sending you 1
2024-10-14 19:55:09.596106 Echo: Uniform, sending you 3
2024-10-14 19:55:09.597639 Uniform: Echo and Romeo, sending you 3
2024-10-14 19:55:09.599626 Yankee: Same as last round
2024-10-14 19:55:09.600060 Juliett: Echo, Uniform, Delta, Romeo and Zulu, sending you 2
2024-10-14 19:55:09.603060 Mike: Juliett, sending you 4
2024-10-14 19:55:09.605174 Echo: Mike, Delta, Victor, Juliett and Zulu, sending you 2
2024-10-14 19:55:09.607086 Uniform: Mike, Delta, Victor, Juliett and Zulu, sending you 2
2024-10-14 19:55:09.609626 Delta: Echo, Uniform, Mike, Victor, Juliett and Zulu, sending you 2
2024-10-14 19:55:09.611984 Romeo: Echo, Uniform and Delta, sending you 3
2024-10-14 19:55:09.613409 Juliett: Mike, sending you 4
2024-10-14 19:55:09.615143 Echo: Romeo, sending you 4
2024-10-14 19:55:09.617371 Zulu: Same as last round
2024-10-14 19:55:09.618776 Delta: Romeo, sending you 3
2024-10-14 19:55:09.620475 Romeo: Mike, Victor, Juliett and Zulu, sending you 2
2024-10-14 19:55:09.622088 Victor: Same as last round
chatterbot Delta submitting transactions
chatterbot Yankee submitting transactions
chatterbot Zulu submitting transactions
chatterbot Mike submitting transactions
chatterbot Romeo submitting transactions
chatterbot Uniform submitting transactions
chatterbot Victor submitting transactions
chatterbot Echo submitting transactions
chatterbot Quebec submitting transactions
chatterbot Juliett submitting transactions
ChatterBot Quebec round 7
ChatterBot Echo round 7
ChatterBot Uniform round 7
ChatterBot Mike round 7
ChatterBot Yankee round 7
ChatterBot Delta round 7
ChatterBot Romeo round 7
ChatterBot Victor round 7
ChatterBot Juliett round 7
ChatterBot Zulu round 7
2024-10-14 19:55:10.879681 Mike: Echo, Delta, Romeo and Zulu, sending you 3
2024-10-14 19:55:10.882667 Quebec: Sending you 7
2024-10-14 19:55:10.884659 Mike: Uniform, sending you 1
2024-10-14 19:55:10.885181 Delta: Echo, Uniform, Mike, Victor, Juliett and Zulu, sending you 2
2024-10-14 19:55:10.885974 Yankee: Same as last round
2024-10-14 19:55:10.886219 Uniform: Echo and Romeo, sending you 3
2024-10-14 19:55:10.887821 Mike: Juliett, sending you 4
2024-10-14 19:55:10.888677 Delta: Romeo, sending you 3
2024-10-14 19:55:10.890687 Uniform: Mike, Delta, Victor, Juliett and Zulu, sending you 2
2024-10-14 19:55:10.894688 Romeo: Echo, Uniform and Delta, sending you 3
2024-10-14 19:55:10.895494 Juliett: Echo, Uniform, Delta, Romeo and Zulu, sending you 2
2024-10-14 19:55:10.896085 Zulu: Same as last round
2024-10-14 19:55:10.897244 Echo: Uniform, sending you 3
2024-10-14 19:55:10.897924 Victor: Same as last round
2024-10-14 19:55:10.899664 Romeo: Mike, Victor, Juliett and Zulu, sending you 2
2024-10-14 19:55:10.900610 Juliett: Mike, sending you 4
2024-10-14 19:55:10.901142 Echo: Mike, Delta, Victor, Juliett and Zulu, sending you 2
2024-10-14 19:55:10.904675 Echo: Romeo, sending you 4
chatterbot Echo submitting transactions
chatterbot Quebec submitting transactions
chatterbot Zulu submitting transactions
chatterbot Victor submitting transactions
chatterbot Juliett submitting transactions
chatterbot Uniform submitting transactions
chatterbot Delta submitting transactions
chatterbot Mike submitting transactions
chatterbot Romeo submitting transactions
chatterbot Yankee submitting transactions
ChatterBot Quebec round 8
ChatterBot Echo round 8
ChatterBot Uniform round 8
ChatterBot Mike round 8
ChatterBot Yankee round 8
ChatterBot Delta round 8
ChatterBot Romeo round 8
ChatterBot Victor round 8
ChatterBot Juliett round 8
ChatterBot Zulu round 8
2024-10-14 19:55:12.135721 Mike: We should replace Delta with Victor
ChatterBot Juliett reevaluating
2024-10-14 19:55:12.149791 Echo: No
2024-10-14 19:55:12.149976 Uniform: No
2024-10-14 19:55:12.150108 Romeo: No
2024-10-14 19:55:12.150240 Juliett: Yes
2024-10-14 19:55:12.150770 Zulu: No
ChatterBot Mike reevaluating
ChatterBot Juliett reevaluating
ChatterBot Mike reevaluating
ChatterBot Juliett reevaluating
ChatterBot Mike reevaluating
ChatterBot Juliett reevaluating
ChatterBot Mike reevaluating
ChatterBot Mike reevaluating
ChatterBot Juliett reevaluating
2024-10-14 19:55:12.219680 Quebec: Same as last round
2024-10-14 19:55:12.224807 Juliett: Victor we want you to join our group
2024-10-14 19:55:12.229483 Victor: Yes
ChatterBot Mike reevaluating
2024-10-14 19:55:12.245549 Mike: We should replace Juliett with Victor
2024-10-14 19:55:12.259737 Echo: No
2024-10-14 19:55:12.259922 Uniform: No
2024-10-14 19:55:12.260062 Delta: No
2024-10-14 19:55:12.260189 Romeo: No
2024-10-14 19:55:12.260307 Zulu: No
ChatterBot Mike reevaluating
ChatterBot Mike reevaluating
ChatterBot Mike reevaluating
ChatterBot Mike reevaluating
ChatterBot Mike reevaluating
2024-10-14 19:55:12.315269 Delta: Echo, Uniform, Mike, Victor, Juliett and Zulu, sending you 2
2024-10-14 19:55:12.316755 Romeo: Echo, Uniform and Delta, sending you 3
2024-10-14 19:55:12.317677 Zulu: Same as last round
2024-10-14 19:55:12.319677 Victor: Same as last round
2024-10-14 19:55:12.320929 Delta: Romeo, sending you 3
2024-10-14 19:55:12.321690 Uniform: Echo and Romeo, sending you 3
2024-10-14 19:55:12.322444 Romeo: Mike, Victor, Juliett and Zulu, sending you 2
2024-10-14 19:55:12.323259 Yankee: Same as last round
2024-10-14 19:55:12.323530 Echo: Uniform, sending you 3
2024-10-14 19:55:12.324673 Uniform: Mike, Delta, Victor, Juliett and Zulu, sending you 2
2024-10-14 19:55:12.328665 Mike: Victor we want you to join our group
2024-10-14 19:55:12.330960 Victor: Yes
ChatterBot Mike reevaluating
2024-10-14 19:55:12.349875 Echo: Mike, Delta, Victor, Juliett and Zulu, sending you 2
2024-10-14 19:55:12.350957 Juliett: Echo, Uniform, Romeo, Victor and Zulu, sending you 2
2024-10-14 19:55:12.353673 Echo: Romeo, sending you 4
2024-10-14 19:55:12.355685 Juliett: Mike, sending you 4
2024-10-14 19:55:12.385699 Mike: Echo, Romeo, Victor and Zulu, sending you 3
2024-10-14 19:55:12.389684 Mike: Uniform, sending you 1
2024-10-14 19:55:12.394284 Mike: Juliett, sending you 4
chatterbot Uniform submitting transactions
chatterbot Juliett submitting transactions
chatterbot Delta submitting transactions
chatterbot Mike submitting transactions
chatterbot Victor submitting transactions
chatterbot Romeo submitting transactions
chatterbot Zulu submitting transactions
chatterbot Echo submitting transactions
chatterbot Quebec submitting transactions
chatterbot Yankee submitting transactions
ChatterBot Quebec round 9
ChatterBot Echo round 9
ChatterBot Uniform round 9
ChatterBot Mike round 9
ChatterBot Yankee round 9
ChatterBot Delta round 9
2024-10-14 19:55:13.433891 Mike: We should replace Juliett with Delta
2024-10-14 19:55:13.443921 Echo: No
2024-10-14 19:55:13.444088 Uniform: No
2024-10-14 19:55:13.444198 Romeo: No
2024-10-14 19:55:13.444303 Victor: No
2024-10-14 19:55:13.444410 Zulu: No
ChatterBot Mike reevaluating
ChatterBot Mike reevaluating
ChatterBot Mike reevaluating
ChatterBot Mike reevaluating
ChatterBot Mike reevaluating
ChatterBot Romeo round 9
ChatterBot Victor round 9
ChatterBot Juliett round 9
ChatterBot Zulu round 9
2024-10-14 19:55:13.524674 Yankee: Sending you 1
2024-10-14 19:55:13.528698 Uniform: Echo and Romeo, sending you 3
2024-10-14 19:55:13.530337 Echo: Uniform, sending you 3
2024-10-14 19:55:13.531330 Mike: Echo, Romeo, Victor and Zulu, sending you 3
2024-10-14 19:55:13.532656 Victor: Same as last round
2024-10-14 19:55:13.534313 Echo: Mike, Delta, Victor, Juliett and Zulu, sending you 2
2024-10-14 19:55:13.535538 Uniform: Mike, Delta, Victor, Juliett and Zulu, sending you 2
2024-10-14 19:55:13.536964 Delta: Echo, Uniform, Mike, Victor, Juliett and Zulu, sending you 2
2024-10-14 19:55:13.537825 Mike: Uniform, sending you 1
2024-10-14 19:55:13.538280 Echo: Romeo, sending you 4
2024-10-14 19:55:13.539200 Juliett: Echo, Uniform, Romeo, Victor and Zulu, sending you 2
2024-10-14 19:55:13.540666 Delta: Romeo, sending you 3
2024-10-14 19:55:13.541677 Romeo: Echo, Uniform and Delta, sending you 3
2024-10-14 19:55:13.542633 Mike: Juliett, sending you 4
2024-10-14 19:55:13.543558 Quebec: Sending you 8
2024-10-14 19:55:13.543991 Juliett: Mike, sending you 4
2024-10-14 19:55:13.546682 Romeo: Mike, Victor, Juliett and Zulu, sending you 2
2024-10-14 19:55:13.553728 Zulu: Same as last round
chatterbot Mike submitting transactions
chatterbot Zulu submitting transactions
chatterbot Yankee submitting transactions
chatterbot Delta submitting transactions
chatterbot Uniform submitting transactions
chatterbot Romeo submitting transactions
chatterbot Juliett submitting transactions
chatterbot Quebec submitting transactions
chatterbot Echo submitting transactions
chatterbot Victor submitting transactions
ChatterBot Quebec round 10
ChatterBot Echo round 10
ChatterBot Uniform round 10
ChatterBot Mike round 10
ChatterBot Yankee round 10
ChatterBot Delta round 10
ChatterBot Romeo round 10
ChatterBot Victor round 10
ChatterBot Juliett round 10
ChatterBot Zulu round 10
2024-10-14 19:55:14.792044 Mike: We should replace Romeo with Delta
ChatterBot Juliett reevaluating
2024-10-14 19:55:14.806853 Echo: No
2024-10-14 19:55:14.807073 Uniform: No
2024-10-14 19:55:14.807238 Victor: No
2024-10-14 19:55:14.807375 Juliett: Yes
2024-10-14 19:55:14.808153 Zulu: No
ChatterBot Mike reevaluating
ChatterBot Juliett reevaluating
ChatterBot Mike reevaluating
ChatterBot Juliett reevaluating
ChatterBot Mike reevaluating
ChatterBot Juliett reevaluating
ChatterBot Mike reevaluating
ChatterBot Mike reevaluating
ChatterBot Juliett reevaluating
2024-10-14 19:55:14.903417 Mike: We should replace Juliett with Delta
2024-10-14 19:55:14.916161 Echo: No
2024-10-14 19:55:14.916390 Uniform: No
2024-10-14 19:55:14.916558 Romeo: No
2024-10-14 19:55:14.916738 Victor: No
2024-10-14 19:55:14.916897 Zulu: No
ChatterBot Mike reevaluating
ChatterBot Mike reevaluating
ChatterBot Mike reevaluating
ChatterBot Mike reevaluating
ChatterBot Mike reevaluating
2024-10-14 19:55:14.982656 Quebec: Sending you 9
2024-10-14 19:55:14.989827 Juliett: Delta we want you to join our group
2024-10-14 19:55:14.994601 Delta: Yes
ChatterBot Mike reevaluating
2024-10-14 19:55:15.020827 Echo: Uniform, sending you 3
2024-10-14 19:55:15.022423 Uniform: Echo and Romeo, sending you 3
2024-10-14 19:55:15.024658 Yankee: Same as last round
2024-10-14 19:55:15.026674 Echo: Mike, Delta, Victor, Juliett and Zulu, sending you 2
2024-10-14 19:55:15.028507 Zulu: Same as last round
2024-10-14 19:55:15.029745 Uniform: Mike, Delta, Victor, Juliett and Zulu, sending you 2
2024-10-14 19:55:15.031524 Mike: Delta we want you to join our group
2024-10-14 19:55:15.034020 Delta: Yes
ChatterBot Mike reevaluating
2024-10-14 19:55:15.047976 Romeo: Echo, Uniform and Delta, sending you 3
2024-10-14 19:55:15.050146 Victor: Same as last round
2024-10-14 19:55:15.052338 Delta: Echo, Uniform, Mike, Victor, Juliett and Zulu, sending you 2
2024-10-14 19:55:15.054812 Echo: Romeo, sending you 4
2024-10-14 19:55:15.057107 Romeo: Mike, Victor, Juliett and Zulu, sending you 2
2024-10-14 19:55:15.061538 Juliett: Echo, Uniform, Delta, Victor and Zulu, sending you 2
2024-10-14 19:55:15.063034 Delta: Romeo, sending you 3
2024-10-14 19:55:15.065704 Juliett: Mike, sending you 4
2024-10-14 19:55:15.088960 Mike: Echo, Uniform, Delta, Romeo and Zulu, sending you 3
2024-10-14 19:55:15.094691 Mike: Victor, sending you 2
chatterbot Romeo submitting transactions
chatterbot Yankee submitting transactions
chatterbot Zulu submitting transactions
chatterbot Delta submitting transactions
chatterbot Uniform submitting transactions
chatterbot Victor submitting transactions
chatterbot Echo submitting transactions
chatterbot Quebec submitting transactions
chatterbot Mike submitting transactions
chatterbot Juliett submitting transactions
ChatterBot Quebec round 11
ChatterBot Echo round 11
ChatterBot Uniform round 11
ChatterBot Mike round 11
ChatterBot Yankee round 11
ChatterBot Delta round 11
ChatterBot Romeo round 11
ChatterBot Victor round 11
ChatterBot Juliett round 11
ChatterBot Zulu round 11
2024-10-14 19:55:16.120129 Mike: We should replace Romeo with Juliett
2024-10-14 19:55:16.133426 Echo: No
2024-10-14 19:55:16.133665 Uniform: No
2024-10-14 19:55:16.133908 Delta: No
2024-10-14 19:55:16.134133 Victor: No
2024-10-14 19:55:16.134315 Zulu: No
ChatterBot Mike reevaluating
ChatterBot Mike reevaluating
ChatterBot Mike reevaluating
ChatterBot Mike reevaluating
ChatterBot Mike reevaluating
2024-10-14 19:55:16.215697 Mike: Juliett we want you to join our group
2024-10-14 19:55:16.218761 Juliett: Yes
ChatterBot Mike reevaluating
2024-10-14 19:55:16.237576 Uniform: Echo and Romeo, sending you 3
2024-10-14 19:55:16.239477 Romeo: Echo, Uniform and Delta, sending you 3
2024-10-14 19:55:16.241668 Echo: Uniform, sending you 3
2024-10-14 19:55:16.243301 Uniform: Mike, Delta, Victor, Juliett and Zulu, sending you 2
2024-10-14 19:55:16.245345 Delta: Echo, Uniform, Mike, Victor, Juliett and Zulu, sending you 2
2024-10-14 19:55:16.247265 Zulu: Same as last round
2024-10-14 19:55:16.248456 Yankee: Same as last round
2024-10-14 19:55:16.248748 Victor: Sending you each 1
2024-10-14 19:55:16.250027 Romeo: Mike, Victor, Juliett and Zulu, sending you 2
2024-10-14 19:55:16.251035 Juliett: Echo, Uniform, Delta, Victor and Zulu, sending you 2
2024-10-14 19:55:16.252549 Quebec: Sending you 10
2024-10-14 19:55:16.252814 Echo: Mike, Delta, Victor, Juliett and Zulu, sending you 2
2024-10-14 19:55:16.253983 Delta: Romeo, sending you 3
2024-10-14 19:55:16.256684 Juliett: Mike, sending you 4
2024-10-14 19:55:16.257673 Echo: Romeo, sending you 4
2024-10-14 19:55:16.264656 Mike: Echo, Delta, Victor and Zulu, sending you 3
2024-10-14 19:55:16.267672 Mike: Uniform, sending you 1
2024-10-14 19:55:16.271665 Mike: Juliett, sending you 4
chatterbot Yankee submitting transactions
chatterbot Zulu submitting transactions
chatterbot Romeo submitting transactions
chatterbot Uniform submitting transactions
chatterbot Echo submitting transactions
chatterbot Juliett submitting transactions
chatterbot Quebec submitting transactions
chatterbot Victor submitting transactions
chatterbot Mike submitting transactions
chatterbot Delta submitting transactions
ChatterBot Quebec round 12
ChatterBot Echo round 12
ChatterBot Uniform round 12
ChatterBot Mike round 12
ChatterBot Yankee round 12
ChatterBot Delta round 12
ChatterBot Romeo round 12
ChatterBot Victor round 12
ChatterBot Juliett round 12
ChatterBot Zulu round 12
