ChatterBot Oscar round 1
ChatterBot Golf round 1
ChatterBot November round 1
ChatterBot X-ray round 1
ChatterBot Papa round 1
ChatterBot Kilo round 1
ChatterBot Hotel round 1
ChatterBot Echo round 1
ChatterBot India round 1
ChatterBot Mike round 1
randomSelections November: {November, Oscar, Kilo, India, Echo, Golf} 
2024-10-14 19:55:00.697762 November: Let's form a team
ChatterBot Oscar reevaluating
ChatterBot Kilo reevaluating
ChatterBot India reevaluating
ChatterBot Echo reevaluating
ChatterBot Golf reevaluating
2024-10-14 19:55:00.712683 Oscar: Yes
2024-10-14 19:55:00.712867 Kilo: Yes
2024-10-14 19:55:00.713592 India: Yes
2024-10-14 19:55:00.713753 Echo: Yes
2024-10-14 19:55:00.713894 Golf: Yes
ChatterBot Kilo reevaluating
ChatterBot India reevaluating
ChatterBot Echo reevaluating
ChatterBot Golf reevaluating
ChatterBot Oscar reevaluating
ChatterBot India reevaluating
ChatterBot Echo reevaluating
ChatterBot Golf reevaluating
ChatterBot Oscar reevaluating
ChatterBot Kilo reevaluating
ChatterBot Echo reevaluating
ChatterBot Golf reevaluating
ChatterBot Oscar reevaluating
ChatterBot Kilo reevaluating
ChatterBot India reevaluating
ChatterBot Golf reevaluating
ChatterBot Oscar reevaluating
ChatterBot Kilo reevaluating
ChatterBot India reevaluating
ChatterBot Echo reevaluating
randomSelections Hotel: {Hotel, X-ray, November, Echo, Kilo, India} 
2024-10-14 19:55:00.785741 Hotel: We would work well together
ChatterBot X-ray reevaluating
ChatterBot Echo reevaluating
ChatterBot Kilo reevaluating
ChatterBot India reevaluating
2024-10-14 19:55:00.795277 X-ray: Yes
2024-10-14 19:55:00.795394 November: No
2024-10-14 19:55:00.795561 Echo: No
2024-10-14 19:55:00.796238 Kilo: No
2024-10-14 19:55:00.796407 India: No
ChatterBot Echo reevaluating
ChatterBot Kilo reevaluating
ChatterBot India reevaluating
ChatterBot X-ray reevaluating
ChatterBot Echo reevaluating
ChatterBot Kilo reevaluating
ChatterBot India reevaluating
ChatterBot X-ray reevaluating
ChatterBot Kilo reevaluating
ChatterBot India reevaluating
ChatterBot X-ray reevaluating
ChatterBot Echo reevaluating
ChatterBot India reevaluating
ChatterBot X-ray reevaluating
ChatterBot Echo reevaluating
ChatterBot Kilo reevaluating
randomSelections Mike: {Mike, November, Kilo, X-ray, Oscar} 
2024-10-14 19:55:00.845155 Mike: Let's form a team
ChatterBot Kilo reevaluating
ChatterBot X-ray reevaluating
ChatterBot Oscar reevaluating
2024-10-14 19:55:00.850823 November: No
2024-10-14 19:55:00.850946 Kilo: No
2024-10-14 19:55:00.851065 X-ray: No
2024-10-14 19:55:00.851171 Oscar: No
ChatterBot Kilo reevaluating
ChatterBot X-ray reevaluating
ChatterBot Oscar reevaluating
ChatterBot X-ray reevaluating
ChatterBot Oscar reevaluating
ChatterBot Kilo reevaluating
ChatterBot Oscar reevaluating
ChatterBot Kilo reevaluating
ChatterBot X-ray reevaluating
randomSelections Papa: {Papa, November, X-ray, Echo, Kilo, Oscar} 
2024-10-14 19:55:00.875667 Papa: Can we be friends?
ChatterBot X-ray reevaluating
ChatterBot Echo reevaluating
ChatterBot Kilo reevaluating
ChatterBot Oscar reevaluating
2024-10-14 19:55:00.882541 November: No
2024-10-14 19:55:00.882696 X-ray: No
2024-10-14 19:55:00.882844 Echo: No
2024-10-14 19:55:00.884576 Kilo: No
2024-10-14 19:55:00.884799 Oscar: No
ChatterBot X-ray reevaluating
ChatterBot Echo reevaluating
ChatterBot Kilo reevaluating
ChatterBot Oscar reevaluating
ChatterBot Echo reevaluating
ChatterBot Kilo reevaluating
ChatterBot Oscar reevaluating
ChatterBot X-ray reevaluating
ChatterBot Kilo reevaluating
ChatterBot Oscar reevaluating
ChatterBot X-ray reevaluating
ChatterBot Echo reevaluating
ChatterBot Oscar reevaluating
ChatterBot X-ray reevaluating
ChatterBot Echo reevaluating
ChatterBot Kilo reevaluating
2024-10-14 19:55:01.039999 Oscar: November, sending you 7
2024-10-14 19:55:01.042976 India: Oscar, sending you 3
2024-10-14 19:55:01.043690 November: Oscar, sending you 5
2024-10-14 19:55:01.044741 Papa: Oscar, sending you 5
2024-10-14 19:55:01.045322 Oscar: Kilo, sending you 3
2024-10-14 19:55:01.046479 X-ray: November, Echo and India, sending you 3
2024-10-14 19:55:01.047170 India: Golf and Echo, sending you 2
2024-10-14 19:55:01.048247 Golf: Oscar, sending you 1
2024-10-14 19:55:01.048639 Papa: November and X-ray, sending you 3
2024-10-14 19:55:01.049798 November: Golf, sending you 4
2024-10-14 19:55:01.050460 Oscar: Echo, sending you 4
2024-10-14 19:55:01.051587 X-ray: Kilo, sending you 2
2024-10-14 19:55:01.052285 Golf: November and Echo, sending you 5
2024-10-14 19:55:01.053151 Papa: Kilo, sending you 2
2024-10-14 19:55:01.053964 India: November and Kilo, sending you 1
2024-10-14 19:55:01.054997 Hotel: November, sending you 5
2024-10-14 19:55:01.055578 Mike: Oscar, sending you 7
2024-10-14 19:55:01.056885 November: Kilo, sending you 6
2024-10-14 19:55:01.057681 Golf: Kilo and India, sending you 2
2024-10-14 19:55:01.058990 Papa: Echo, sending you 1
2024-10-14 19:55:01.059780 Kilo: Oscar and Echo, sending you 2
2024-10-14 19:55:01.061068 Echo: Oscar, sending you 1
2024-10-14 19:55:01.062380 Hotel: X-ray, sending you 6
2024-10-14 19:55:01.062971 Mike: November, sending you 3
2024-10-14 19:55:01.063552 November: India, sending you 1
2024-10-14 19:55:01.064677 Echo: Golf, sending you 2
2024-10-14 19:55:01.066277 Kilo: Golf, sending you 3
2024-10-14 19:55:01.067661 Mike: X-ray, sending you 5
2024-10-14 19:55:01.068340 Hotel: Kilo, sending you 2
2024-10-14 19:55:01.070895 Echo: Kilo, sending you 3
2024-10-14 19:55:01.071630 Mike: Kilo, sending you 2
2024-10-14 19:55:01.072659 Kilo: November, sending you 4
2024-10-14 19:55:01.074658 Hotel: Echo, sending you 1
2024-10-14 19:55:01.075435 Echo: India, sending you 7
2024-10-14 19:55:01.076448 Kilo: India, sending you 5
2024-10-14 19:55:01.078695 Hotel: India, sending you 3
chatterbot Golf submitting transactions
chatterbot Hotel submitting transactions
chatterbot Echo submitting transactions
chatterbot Papa submitting transactions
chatterbot Kilo submitting transactions
chatterbot Mike submitting transactions
chatterbot November submitting transactions
chatterbot Oscar submitting transactions
chatterbot India submitting transactions
chatterbot X-ray submitting transactions
ChatterBot Oscar round 2
2024-10-14 19:55:02.189900 Oscar: We should add Papa
ChatterBot November reevaluating
ChatterBot Kilo reevaluating
ChatterBot India reevaluating
ChatterBot Echo reevaluating
ChatterBot Golf reevaluating
2024-10-14 19:55:02.248133 November: Yes
2024-10-14 19:55:02.248773 Kilo: No
2024-10-14 19:55:02.248901 India: No
2024-10-14 19:55:02.249013 Echo: No
2024-10-14 19:55:02.249126 Golf: No
ChatterBot Kilo reevaluating
ChatterBot India reevaluating
ChatterBot Echo reevaluating
ChatterBot Golf reevaluating
ChatterBot November reevaluating
ChatterBot Oscar reevaluating
ChatterBot India reevaluating
ChatterBot Echo reevaluating
ChatterBot Golf reevaluating
ChatterBot November reevaluating
ChatterBot Oscar reevaluating
ChatterBot Kilo reevaluating
ChatterBot Echo reevaluating
ChatterBot Golf reevaluating
ChatterBot November reevaluating
ChatterBot Oscar reevaluating
ChatterBot Kilo reevaluating
ChatterBot India reevaluating
ChatterBot Golf reevaluating
ChatterBot November reevaluating
ChatterBot Oscar reevaluating
ChatterBot Kilo reevaluating
ChatterBot India reevaluating
ChatterBot Echo reevaluating
ChatterBot Golf round 2
ChatterBot November round 2
ChatterBot X-ray round 2
ChatterBot Papa round 2
ChatterBot Kilo round 2
ChatterBot Hotel round 2
ChatterBot Echo round 2
ChatterBot India round 2
ChatterBot Mike round 2
2024-10-14 19:55:02.512537 Oscar: We should add Mike
ChatterBot November reevaluating
ChatterBot Kilo reevaluating
ChatterBot India reevaluating
ChatterBot Echo reevaluating
ChatterBot Golf reevaluating
2024-10-14 19:55:02.529551 November: Yes
2024-10-14 19:55:02.529725 Kilo: Yes
2024-10-14 19:55:02.529861 India: No
2024-10-14 19:55:02.530375 Echo: No
2024-10-14 19:55:02.530514 Golf: No
ChatterBot Oscar reevaluating
ChatterBot Kilo reevaluating
ChatterBot India reevaluating
ChatterBot Echo reevaluating
ChatterBot Golf reevaluating
ChatterBot November reevaluating
ChatterBot Oscar reevaluating
ChatterBot India reevaluating
ChatterBot Echo reevaluating
ChatterBot Golf reevaluating
ChatterBot November reevaluating
ChatterBot Oscar reevaluating
ChatterBot Kilo reevaluating
ChatterBot Echo reevaluating
ChatterBot Golf reevaluating
ChatterBot November reevaluating
ChatterBot Oscar reevaluating
ChatterBot Kilo reevaluating
ChatterBot India reevaluating
ChatterBot Golf reevaluating
ChatterBot November reevaluating
ChatterBot Oscar reevaluating
ChatterBot Kilo reevaluating
ChatterBot India reevaluating
ChatterBot Echo reevaluating
2024-10-14 19:55:02.623127 Kilo: We should add Hotel
2024-10-14 19:55:02.623795 Echo: We should add Papa
ChatterBot November reevaluating
ChatterBot Oscar reevaluating
ChatterBot India reevaluating
ChatterBot Echo reevaluating
ChatterBot Golf reevaluating
2024-10-14 19:55:02.641083 November: Yes
ChatterBot November reevaluating
2024-10-14 19:55:02.644662 Oscar: No
ChatterBot Oscar reevaluating
ChatterBot Kilo reevaluating
2024-10-14 19:55:02.651638 India: No
ChatterBot India reevaluating
2024-10-14 19:55:02.655510 Echo: Yes
2024-10-14 19:55:02.655683 Golf: No
ChatterBot Golf reevaluating
2024-10-14 19:55:02.659514 November: Yes
2024-10-14 19:55:02.659676 Oscar: Yes
2024-10-14 19:55:02.659784 Kilo: Yes
2024-10-14 19:55:02.660309 India: No
2024-10-14 19:55:02.660412 Golf: No
ChatterBot Oscar reevaluating
ChatterBot Kilo reevaluating
ChatterBot India reevaluating
ChatterBot Echo reevaluating
ChatterBot Golf reevaluating
ChatterBot November reevaluating
ChatterBot Kilo reevaluating
ChatterBot India reevaluating
ChatterBot Echo reevaluating
ChatterBot Golf reevaluating
ChatterBot November reevaluating
ChatterBot Oscar reevaluating
ChatterBot Kilo reevaluating
ChatterBot Echo reevaluating
ChatterBot Golf reevaluating
ChatterBot November reevaluating
ChatterBot Oscar reevaluating
ChatterBot Kilo reevaluating
ChatterBot India reevaluating
ChatterBot Golf reevaluating
ChatterBot November reevaluating
ChatterBot Oscar reevaluating
ChatterBot Kilo reevaluating
ChatterBot India reevaluating
ChatterBot Echo reevaluating
ChatterBot Oscar reevaluating
ChatterBot Kilo reevaluating
ChatterBot India reevaluating
ChatterBot Echo reevaluating
ChatterBot Golf reevaluating
ChatterBot November reevaluating
ChatterBot Kilo reevaluating
ChatterBot India reevaluating
ChatterBot Echo reevaluating
ChatterBot Golf reevaluating
ChatterBot November reevaluating
ChatterBot Oscar reevaluating
ChatterBot India reevaluating
ChatterBot Echo reevaluating
ChatterBot Golf reevaluating
ChatterBot November reevaluating
ChatterBot Oscar reevaluating
ChatterBot Kilo reevaluating
ChatterBot Echo reevaluating
ChatterBot Golf reevaluating
ChatterBot November reevaluating
ChatterBot Oscar reevaluating
ChatterBot Kilo reevaluating
ChatterBot India reevaluating
ChatterBot Echo reevaluating
2024-10-14 19:55:02.945121 X-ray: We should group up
ChatterBot Papa reevaluating
ChatterBot Hotel reevaluating
ChatterBot Mike reevaluating
ChatterBot Oscar reevaluating
2024-10-14 19:55:02.963291 Papa: No
2024-10-14 19:55:02.963965 Hotel: No
2024-10-14 19:55:02.964136 Mike: No
2024-10-14 19:55:02.964296 Oscar: No
ChatterBot X-ray reevaluating
ChatterBot Hotel reevaluating
ChatterBot Mike reevaluating
ChatterBot Oscar reevaluating
ChatterBot X-ray reevaluating
ChatterBot Papa reevaluating
ChatterBot Mike reevaluating
ChatterBot Oscar reevaluating
ChatterBot X-ray reevaluating
ChatterBot Papa reevaluating
ChatterBot Hotel reevaluating
ChatterBot Oscar reevaluating
ChatterBot X-ray reevaluating
ChatterBot Papa reevaluating
ChatterBot Hotel reevaluating
ChatterBot Mike reevaluating
2024-10-14 19:55:03.045059 Hotel: We would work well together
ChatterBot Papa reevaluating
ChatterBot X-ray reevaluating
ChatterBot Mike reevaluating
2024-10-14 19:55:03.062396 Papa: No
2024-10-14 19:55:03.062552 X-ray: Yes
2024-10-14 19:55:03.062722 Mike: Yes
ChatterBot X-ray reevaluating
ChatterBot Hotel reevaluating
ChatterBot Mike reevaluating
ChatterBot Papa reevaluating
ChatterBot Hotel reevaluating
ChatterBot Mike reevaluating
ChatterBot Papa reevaluating
ChatterBot X-ray reevaluating
ChatterBot Hotel reevaluating
2024-10-14 19:55:03.127885 Kilo: Let's form a team
ChatterBot X-ray reevaluating
ChatterBot Papa reevaluating
ChatterBot Hotel reevaluating
ChatterBot Mike reevaluating
ChatterBot Oscar reevaluating
ChatterBot November reevaluating
2024-10-14 19:55:03.155739 X-ray: Yes
2024-10-14 19:55:03.156276 Papa: No
2024-10-14 19:55:03.156398 Hotel: No
2024-10-14 19:55:03.156504 Mike: No
2024-10-14 19:55:03.156603 Oscar: No
2024-10-14 19:55:03.156731 Golf: No
2024-10-14 19:55:03.156820 November: Yes
2024-10-14 19:55:03.156909 Echo: No
2024-10-14 19:55:03.157034 India: No
ChatterBot Papa reevaluating
ChatterBot Hotel reevaluating
ChatterBot Mike reevaluating
ChatterBot Oscar reevaluating
ChatterBot November reevaluating
ChatterBot X-ray reevaluating
ChatterBot Hotel reevaluating
ChatterBot Mike reevaluating
ChatterBot Oscar reevaluating
ChatterBot November reevaluating
ChatterBot India reevaluating
ChatterBot X-ray reevaluating
ChatterBot Papa reevaluating
ChatterBot Mike reevaluating
ChatterBot Oscar reevaluating
ChatterBot November reevaluating
ChatterBot India reevaluating
ChatterBot X-ray reevaluating
ChatterBot Papa reevaluating
ChatterBot Hotel reevaluating
ChatterBot Oscar reevaluating
ChatterBot November reevaluating
ChatterBot India reevaluating
ChatterBot X-ray reevaluating
ChatterBot Papa reevaluating
ChatterBot Hotel reevaluating
ChatterBot Mike reevaluating
ChatterBot November reevaluating
ChatterBot India reevaluating
ChatterBot X-ray reevaluating
ChatterBot Papa reevaluating
ChatterBot Hotel reevaluating
ChatterBot Mike reevaluating
ChatterBot Oscar reevaluating
ChatterBot November reevaluating
ChatterBot India reevaluating
ChatterBot X-ray reevaluating
ChatterBot Papa reevaluating
ChatterBot Hotel reevaluating
ChatterBot Mike reevaluating
ChatterBot Oscar reevaluating
ChatterBot India reevaluating
ChatterBot X-ray reevaluating
ChatterBot Papa reevaluating
ChatterBot Hotel reevaluating
ChatterBot Mike reevaluating
ChatterBot Oscar reevaluating
ChatterBot November reevaluating
ChatterBot India reevaluating
ChatterBot X-ray reevaluating
ChatterBot Papa reevaluating
ChatterBot Hotel reevaluating
ChatterBot Mike reevaluating
ChatterBot Oscar reevaluating
ChatterBot November reevaluating
2024-10-14 19:55:03.432492 India: We should add X-ray
ChatterBot November reevaluating
2024-10-14 19:55:03.447993 November: Yes
2024-10-14 19:55:03.448160 Oscar: Yes
2024-10-14 19:55:03.448264 Kilo: Yes
2024-10-14 19:55:03.448378 Echo: Yes
2024-10-14 19:55:03.448490 Golf: Yes
ChatterBot November reevaluating
ChatterBot November reevaluating
ChatterBot Echo reevaluating
ChatterBot November reevaluating
ChatterBot November reevaluating
ChatterBot Oscar reevaluating
ChatterBot Echo reevaluating
2024-10-14 19:55:03.615487 Echo: Let's form a team
2024-10-14 19:55:03.615857 Oscar: Group up?
ChatterBot X-ray reevaluating
ChatterBot Papa reevaluating
ChatterBot Hotel reevaluating
ChatterBot Mike reevaluating
ChatterBot Oscar reevaluating
ChatterBot November reevaluating
2024-10-14 19:55:03.646152 X-ray: Yes
2024-10-14 19:55:03.646372 Papa: No
2024-10-14 19:55:03.646574 Hotel: No
2024-10-14 19:55:03.646761 Mike: No
2024-10-14 19:55:03.646941 Oscar: Yes
2024-10-14 19:55:03.647607 Golf: No
2024-10-14 19:55:03.647771 November: Yes
2024-10-14 19:55:03.647963 Kilo: Yes
2024-10-14 19:55:03.648119 India: No
ChatterBot X-ray reevaluating
ChatterBot Papa reevaluating
ChatterBot Hotel reevaluating
ChatterBot Mike reevaluating
ChatterBot November reevaluating
ChatterBot Echo reevaluating
2024-10-14 19:55:03.677689 X-ray: Yes
2024-10-14 19:55:03.677866 Papa: No
2024-10-14 19:55:03.678106 Hotel: No
2024-10-14 19:55:03.678709 Mike: No
2024-10-14 19:55:03.678939 Golf: No
2024-10-14 19:55:03.679091 November: Yes
2024-10-14 19:55:03.679321 Kilo: Yes
2024-10-14 19:55:03.679449 Echo: Yes
2024-10-14 19:55:03.679596 India: No
ChatterBot Papa reevaluating
ChatterBot Hotel reevaluating
ChatterBot Mike reevaluating
ChatterBot Oscar reevaluating
ChatterBot November reevaluating
ChatterBot Echo reevaluating
ChatterBot X-ray reevaluating
ChatterBot Hotel reevaluating
ChatterBot Mike reevaluating
ChatterBot Oscar reevaluating
ChatterBot November reevaluating
ChatterBot Echo reevaluating
ChatterBot X-ray reevaluating
ChatterBot Papa reevaluating
ChatterBot Mike reevaluating
ChatterBot Oscar reevaluating
ChatterBot November reevaluating
ChatterBot Echo reevaluating
ChatterBot X-ray reevaluating
ChatterBot Papa reevaluating
ChatterBot Hotel reevaluating
ChatterBot Oscar reevaluating
ChatterBot November reevaluating
ChatterBot Echo reevaluating
ChatterBot X-ray reevaluating
ChatterBot Papa reevaluating
ChatterBot Hotel reevaluating
ChatterBot Mike reevaluating
ChatterBot November reevaluating
ChatterBot Echo reevaluating
ChatterBot X-ray reevaluating
ChatterBot Papa reevaluating
ChatterBot Hotel reevaluating
ChatterBot Mike reevaluating
ChatterBot Oscar reevaluating
ChatterBot November reevaluating
ChatterBot Echo reevaluating
ChatterBot X-ray reevaluating
ChatterBot Papa reevaluating
ChatterBot Hotel reevaluating
ChatterBot Mike reevaluating
ChatterBot Oscar reevaluating
ChatterBot Echo reevaluating
ChatterBot X-ray reevaluating
ChatterBot Papa reevaluating
ChatterBot Hotel reevaluating
ChatterBot Mike reevaluating
ChatterBot Oscar reevaluating
ChatterBot November reevaluating
ChatterBot Echo reevaluating
ChatterBot X-ray reevaluating
ChatterBot Papa reevaluating
ChatterBot Hotel reevaluating
ChatterBot Mike reevaluating
ChatterBot Oscar reevaluating
ChatterBot November reevaluating
ChatterBot Echo reevaluating
ChatterBot Papa reevaluating
ChatterBot Hotel reevaluating
ChatterBot Mike reevaluating
ChatterBot Oscar reevaluating
ChatterBot November reevaluating
ChatterBot Echo reevaluating
ChatterBot X-ray reevaluating
ChatterBot Hotel reevaluating
ChatterBot Mike reevaluating
ChatterBot Oscar reevaluating
ChatterBot November reevaluating
ChatterBot Echo reevaluating
ChatterBot X-ray reevaluating
ChatterBot Papa reevaluating
ChatterBot Mike reevaluating
ChatterBot Oscar reevaluating
ChatterBot November reevaluating
ChatterBot Echo reevaluating
ChatterBot X-ray reevaluating
ChatterBot Papa reevaluating
ChatterBot Hotel reevaluating
ChatterBot Oscar reevaluating
ChatterBot November reevaluating
ChatterBot Echo reevaluating
ChatterBot X-ray reevaluating
ChatterBot Papa reevaluating
ChatterBot Hotel reevaluating
ChatterBot Mike reevaluating
ChatterBot Oscar reevaluating
ChatterBot November reevaluating
ChatterBot Echo reevaluating
ChatterBot X-ray reevaluating
ChatterBot Papa reevaluating
ChatterBot Hotel reevaluating
ChatterBot Mike reevaluating
ChatterBot Oscar reevaluating
ChatterBot Echo reevaluating
ChatterBot X-ray reevaluating
ChatterBot Papa reevaluating
ChatterBot Hotel reevaluating
ChatterBot Mike reevaluating
ChatterBot Oscar reevaluating
ChatterBot November reevaluating
ChatterBot Echo reevaluating
ChatterBot X-ray reevaluating
ChatterBot Papa reevaluating
ChatterBot Hotel reevaluating
ChatterBot Mike reevaluating
ChatterBot Oscar reevaluating
ChatterBot November reevaluating
ChatterBot X-ray reevaluating
ChatterBot Papa reevaluating
ChatterBot Hotel reevaluating
ChatterBot Mike reevaluating
ChatterBot Oscar reevaluating
ChatterBot November reevaluating
ChatterBot Echo reevaluating
2024-10-14 19:55:04.333471 November: Friends?
ChatterBot X-ray reevaluating
ChatterBot Papa reevaluating
ChatterBot Hotel reevaluating
ChatterBot Mike reevaluating
ChatterBot Oscar reevaluating
ChatterBot Echo reevaluating
2024-10-14 19:55:04.362306 X-ray: Yes
2024-10-14 19:55:04.362596 Papa: No
2024-10-14 19:55:04.362989 Hotel: No
2024-10-14 19:55:04.363602 Mike: No
2024-10-14 19:55:04.363813 Oscar: Yes
2024-10-14 19:55:04.364010 Golf: No
2024-10-14 19:55:04.364211 Kilo: Yes
2024-10-14 19:55:04.364416 Echo: Yes
2024-10-14 19:55:04.364638 India: No
ChatterBot Papa reevaluating
ChatterBot Hotel reevaluating
ChatterBot Mike reevaluating
ChatterBot Oscar reevaluating
ChatterBot November reevaluating
ChatterBot Echo reevaluating
ChatterBot X-ray reevaluating
ChatterBot Hotel reevaluating
ChatterBot Mike reevaluating
ChatterBot Oscar reevaluating
ChatterBot November reevaluating
ChatterBot Echo reevaluating
ChatterBot X-ray reevaluating
ChatterBot Papa reevaluating
ChatterBot Mike reevaluating
ChatterBot Oscar reevaluating
ChatterBot November reevaluating
ChatterBot Echo reevaluating
ChatterBot X-ray reevaluating
ChatterBot Papa reevaluating
ChatterBot Hotel reevaluating
ChatterBot Oscar reevaluating
ChatterBot November reevaluating
ChatterBot Echo reevaluating
ChatterBot X-ray reevaluating
ChatterBot Papa reevaluating
ChatterBot Hotel reevaluating
ChatterBot Mike reevaluating
ChatterBot November reevaluating
ChatterBot Echo reevaluating
ChatterBot X-ray reevaluating
ChatterBot Papa reevaluating
ChatterBot Hotel reevaluating
ChatterBot Mike reevaluating
ChatterBot Oscar reevaluating
ChatterBot November reevaluating
ChatterBot Echo reevaluating
ChatterBot X-ray reevaluating
ChatterBot Papa reevaluating
ChatterBot Hotel reevaluating
ChatterBot Mike reevaluating
ChatterBot Oscar reevaluating
ChatterBot November reevaluating
ChatterBot Echo reevaluating
ChatterBot X-ray reevaluating
ChatterBot Papa reevaluating
ChatterBot Hotel reevaluating
ChatterBot Mike reevaluating
ChatterBot Oscar reevaluating
ChatterBot November reevaluating
ChatterBot X-ray reevaluating
ChatterBot Papa reevaluating
ChatterBot Hotel reevaluating
ChatterBot Mike reevaluating
ChatterBot Oscar reevaluating
ChatterBot November reevaluating
ChatterBot Echo reevaluating
2024-10-14 19:55:04.677850 India: X-ray we want you to join our group
ChatterBot X-ray reevaluating
2024-10-14 19:55:04.682429 X-ray: Yes
ChatterBot November reevaluating
2024-10-14 19:55:04.710748 Echo: Hotel we want you to join our group
ChatterBot Hotel reevaluating
2024-10-14 19:55:04.714793 Hotel: No
ChatterBot Echo reevaluating
2024-10-14 19:55:05.920413 Golf: Oscar, sending you 2
2024-10-14 19:55:05.921723 Oscar: Golf, X-ray, Kilo, Hotel and Echo, sending you 1
2024-10-14 19:55:05.923155 Papa: Sending you each 4
2024-10-14 19:55:05.923475 Kilo: Oscar, Golf, X-ray, Papa, Hotel, Echo and Mike, sending you 2
chatterbot Golf submitting transactions
chatterbot Kilo submitting transactions
chatterbot India submitting transactions
2024-10-14 19:55:05.941975 Golf: November, sending you 4
2024-10-14 19:55:05.943412 Oscar: November, Papa and India, sending you 2
2024-10-14 19:55:05.944661 Kilo: November, sending you 4
2024-10-14 19:55:05.945348 Mike: Oscar, Golf, November, X-ray, Papa, Kilo, Hotel and Echo, sending you 2
2024-10-14 19:55:05.946821 India: Oscar, sending you 1
2024-10-14 19:55:05.947473 November: Oscar, Golf, X-ray, Papa, Kilo, Hotel, India and Mike, sending you 2
2024-10-14 19:55:05.948702 X-ray: Oscar, Golf, November, Papa, Kilo and Echo, sending you 2
2024-10-14 19:55:05.949343 Golf: Kilo, Echo and India, sending you 3
2024-10-14 19:55:05.950238 Oscar: Mike, sending you 3
2024-10-14 19:55:05.950805 Mike: India, sending you 1
2024-10-14 19:55:05.952104 India: Golf and November, sending you 2
2024-10-14 19:55:05.952699 November: Echo, sending you 1
2024-10-14 19:55:05.953779 Echo: Oscar, Golf, X-ray, Papa, Kilo, Hotel and India, sending you 2
2024-10-14 19:55:05.954501 Hotel: X-ray, sending you 10
2024-10-14 19:55:05.955329 X-ray: Hotel and Mike, sending you 3
2024-10-14 19:55:05.957403 India: X-ray and Kilo, sending you 3
2024-10-14 19:55:05.958919 Echo: November and Mike, sending you 1
2024-10-14 19:55:05.959435 Hotel: Mike, sending you 9
2024-10-14 19:55:05.959707 X-ray: India, sending you 1
2024-10-14 19:55:05.969864 India: Echo, sending you 4
chatterbot Hotel submitting transactions
chatterbot November submitting transactions
chatterbot Echo submitting transactions
chatterbot X-ray submitting transactions
chatterbot Oscar submitting transactions
chatterbot Mike submitting transactions
chatterbot Papa submitting transactions
ChatterBot Oscar round 3
ChatterBot Golf round 3
ChatterBot November round 3
ChatterBot X-ray round 3
ChatterBot Papa round 3
ChatterBot Kilo round 3
ChatterBot Hotel round 3
ChatterBot Echo round 3
ChatterBot India round 3
2024-10-14 19:55:06.677842 Hotel: Can we be friends?
ChatterBot Papa reevaluating
ChatterBot Echo reevaluating
ChatterBot India reevaluating
2024-10-14 19:55:06.718334 X-ray: No
2024-10-14 19:55:06.718498 Papa: No
2024-10-14 19:55:06.718608 Mike: Yes
2024-10-14 19:55:06.718727 Oscar: Yes
2024-10-14 19:55:06.718865 Golf: No
2024-10-14 19:55:06.719022 November: Yes
2024-10-14 19:55:06.719123 Kilo: Yes
2024-10-14 19:55:06.719259 Echo: No
2024-10-14 19:55:06.719363 India: No
ChatterBot Papa reevaluating
ChatterBot Echo reevaluating
ChatterBot India reevaluating
ChatterBot Echo reevaluating
ChatterBot India reevaluating
ChatterBot Papa reevaluating
ChatterBot Golf reevaluating
ChatterBot Echo reevaluating
ChatterBot India reevaluating
ChatterBot Papa reevaluating
ChatterBot Golf reevaluating
ChatterBot Echo reevaluating
ChatterBot India reevaluating
ChatterBot Papa reevaluating
ChatterBot Echo reevaluating
ChatterBot India reevaluating
ChatterBot Papa reevaluating
ChatterBot Golf reevaluating
ChatterBot Echo reevaluating
ChatterBot India reevaluating
ChatterBot Papa reevaluating
ChatterBot Golf reevaluating
ChatterBot Echo reevaluating
ChatterBot India reevaluating
ChatterBot Papa reevaluating
ChatterBot Golf reevaluating
ChatterBot India reevaluating
ChatterBot Papa reevaluating
ChatterBot Golf reevaluating
ChatterBot Echo reevaluating
2024-10-14 19:55:07.032425 India: We should add Hotel and Mike
ChatterBot Golf reevaluating
ChatterBot Echo reevaluating
2024-10-14 19:55:07.056438 Oscar: Yes
2024-10-14 19:55:07.056575 Golf: Yes
2024-10-14 19:55:07.056698 November: Yes
2024-10-14 19:55:07.057315 Kilo: Yes
2024-10-14 19:55:07.057446 Echo: Yes
2024-10-14 19:55:07.057562 X-ray: Yes
ChatterBot India reevaluating
ChatterBot Golf reevaluating
ChatterBot Echo reevaluating
ChatterBot India reevaluating
ChatterBot Oscar reevaluating
ChatterBot Echo reevaluating
ChatterBot India reevaluating
ChatterBot Oscar reevaluating
ChatterBot Golf reevaluating
ChatterBot Echo reevaluating
ChatterBot India reevaluating
ChatterBot Oscar reevaluating
ChatterBot Golf reevaluating
ChatterBot Echo reevaluating
ChatterBot India reevaluating
ChatterBot Oscar reevaluating
ChatterBot Golf reevaluating
ChatterBot India reevaluating
ChatterBot Oscar reevaluating
ChatterBot Golf reevaluating
ChatterBot Echo reevaluating
ChatterBot Mike round 3
2024-10-14 19:55:07.356872 X-ray: We should drop Papa
ChatterBot Golf reevaluating
ChatterBot Oscar reevaluating
ChatterBot Echo reevaluating
ChatterBot India reevaluating
ChatterBot Mike reevaluating
2024-10-14 19:55:07.405058 Golf: Yes
2024-10-14 19:55:07.405291 Oscar: Yes
2024-10-14 19:55:07.405552 November: No
2024-10-14 19:55:07.405760 Kilo: No
2024-10-14 19:55:07.406749 Echo: Yes
2024-10-14 19:55:07.406948 India: Yes
2024-10-14 19:55:07.407270 Hotel: No
2024-10-14 19:55:07.407425 Mike: No
ChatterBot Oscar reevaluating
ChatterBot Echo reevaluating
ChatterBot India reevaluating
ChatterBot Mike reevaluating
ChatterBot Golf reevaluating
ChatterBot November reevaluating
ChatterBot Echo reevaluating
ChatterBot India reevaluating
ChatterBot Mike reevaluating
ChatterBot Golf reevaluating
ChatterBot Oscar reevaluating
ChatterBot Echo reevaluating
ChatterBot India reevaluating
ChatterBot Mike reevaluating
ChatterBot Golf reevaluating
ChatterBot Oscar reevaluating
ChatterBot November reevaluating
ChatterBot Echo reevaluating
ChatterBot India reevaluating
ChatterBot Mike reevaluating
ChatterBot Golf reevaluating
ChatterBot Oscar reevaluating
ChatterBot November reevaluating
ChatterBot India reevaluating
ChatterBot Mike reevaluating
ChatterBot Golf reevaluating
ChatterBot Oscar reevaluating
ChatterBot November reevaluating
ChatterBot Echo reevaluating
ChatterBot Mike reevaluating
ChatterBot Golf reevaluating
ChatterBot Oscar reevaluating
ChatterBot November reevaluating
ChatterBot Echo reevaluating
ChatterBot India reevaluating
ChatterBot Mike reevaluating
ChatterBot Golf reevaluating
ChatterBot Oscar reevaluating
ChatterBot November reevaluating
ChatterBot Echo reevaluating
ChatterBot India reevaluating
2024-10-14 19:55:07.669008 India: Hotel and Mike we want you to join our group
ChatterBot Mike reevaluating
2024-10-14 19:55:07.676356 Hotel: Yes
2024-10-14 19:55:07.676590 Mike: No
ChatterBot Oscar reevaluating
ChatterBot November reevaluating
ChatterBot Mike reevaluating
ChatterBot Oscar reevaluating
ChatterBot November reevaluating
chatterbot Papa submitting transactions
2024-10-14 19:55:07.735448 X-ray: Oscar, Golf, November, Kilo, Echo and India, sending you 2
2024-10-14 19:55:07.736144 Kilo: Oscar, Golf, X-ray, Echo, India and Mike, sending you 2
2024-10-14 19:55:07.736956 Hotel: Oscar, Golf, November, X-ray, Kilo, Echo, India and Mike, sending you 2
2024-10-14 19:55:07.738522 Golf: Oscar, November, X-ray, Kilo, Echo, India and Mike, sending you 2
2024-10-14 19:55:07.739265 Papa: Oscar, Golf, November, X-ray, Kilo, Echo and Mike, sending you 2
2024-10-14 19:55:07.740313 X-ray: Hotel, sending you 4
2024-10-14 19:55:07.742170 Kilo: November, sending you 4
2024-10-14 19:55:07.742983 Hotel: Papa, sending you 3
2024-10-14 19:55:07.743911 Echo: Oscar, Golf, November, X-ray, Kilo, Hotel, India and Mike, sending you 2
2024-10-14 19:55:07.745130 Golf: Hotel, sending you 1
2024-10-14 19:55:07.746726 X-ray: Mike, sending you 3
2024-10-14 19:55:07.748391 Kilo: Papa and Hotel, sending you 1
2024-10-14 19:55:07.751183 India: Oscar, Golf, November, X-ray, Kilo and Hotel, sending you 2
2024-10-14 19:55:07.757264 India: Echo, sending you 3
2024-10-14 19:55:07.760699 Mike: Oscar, November, X-ray, Kilo and Echo, sending you 2
2024-10-14 19:55:07.766047 Mike: Golf and India, sending you 1
2024-10-14 19:55:07.769093 November: Oscar, sending you 3
2024-10-14 19:55:07.770415 Mike: Hotel, sending you 5
2024-10-14 19:55:07.772079 Oscar: Golf, November, Kilo, Echo, India and Mike, sending you 2
2024-10-14 19:55:07.772745 November: Golf, X-ray, Kilo, Hotel, Echo, India and Mike, sending you 2
2024-10-14 19:55:07.776717 Oscar: X-ray and Hotel, sending you 1
chatterbot Golf submitting transactions
chatterbot Kilo submitting transactions
chatterbot Hotel submitting transactions
chatterbot Mike submitting transactions
chatterbot Echo submitting transactions
chatterbot X-ray submitting transactions
chatterbot India submitting transactions
chatterbot November submitting transactions
chatterbot Oscar submitting transactions
ChatterBot Oscar round 4
ChatterBot Golf round 4
ChatterBot November round 4
ChatterBot X-ray round 4
ChatterBot Papa round 4
ChatterBot Kilo round 4
ChatterBot Hotel round 4
2024-10-14 19:55:08.985064 Papa: We should replace Golf with India
2024-10-14 19:55:09.003260 Oscar: No
2024-10-14 19:55:09.003428 November: No
2024-10-14 19:55:09.003547 Kilo: No
2024-10-14 19:55:09.003662 Echo: No
2024-10-14 19:55:09.003800 X-ray: No
2024-10-14 19:55:09.003910 Hotel: No
2024-10-14 19:55:09.004007 Mike: No
ChatterBot Papa reevaluating
ChatterBot Hotel reevaluating
ChatterBot Papa reevaluating
ChatterBot Hotel reevaluating
ChatterBot Papa reevaluating
ChatterBot Hotel reevaluating
ChatterBot Papa reevaluating
ChatterBot Hotel reevaluating
ChatterBot Papa reevaluating
ChatterBot Hotel reevaluating
ChatterBot Papa reevaluating
ChatterBot Papa reevaluating
ChatterBot Hotel reevaluating
ChatterBot Echo round 4
ChatterBot India round 4
ChatterBot Mike round 4
2024-10-14 19:55:09.196907 Hotel: We should drop Papa
2024-10-14 19:55:09.220207 Golf: Yes
2024-10-14 19:55:09.220369 Oscar: Yes
2024-10-14 19:55:09.220484 November: Yes
2024-10-14 19:55:09.220592 Kilo: No
2024-10-14 19:55:09.220710 Echo: Yes
2024-10-14 19:55:09.220812 India: Yes
2024-10-14 19:55:09.220919 X-ray: Yes
2024-10-14 19:55:09.221030 Mike: Yes
ChatterBot Kilo reevaluating
ChatterBot Kilo reevaluating
ChatterBot Kilo reevaluating
ChatterBot Hotel reevaluating
ChatterBot Kilo reevaluating
ChatterBot Hotel reevaluating
ChatterBot Kilo reevaluating
ChatterBot Hotel reevaluating
ChatterBot Kilo reevaluating
ChatterBot Hotel reevaluating
2024-10-14 19:55:09.399699 November: Oscar, Golf, X-ray, Hotel, Echo, India and Mike, sending you 2
2024-10-14 19:55:09.400738 X-ray: Oscar, Golf, November, Kilo, Echo and India, sending you 2
2024-10-14 19:55:09.402387 Golf: Oscar, November, X-ray, Kilo, Echo, India and Mike, sending you 2
2024-10-14 19:55:09.403231 Oscar: Golf, November, X-ray, Kilo, Echo, India and Mike, sending you 2
2024-10-14 19:55:09.405503 November: Kilo, sending you 3
2024-10-14 19:55:09.406707 X-ray: Hotel, sending you 4
chatterbot Papa submitting transactions
2024-10-14 19:55:09.407816 Golf: Hotel, sending you 1
2024-10-14 19:55:09.413695 India: Oscar, Golf, November, X-ray, Kilo, Hotel and Echo, sending you 2
2024-10-14 19:55:09.415110 X-ray: Mike, sending you 3
2024-10-14 19:55:09.418691 India: Mike, sending you 1
2024-10-14 19:55:09.420726 Papa: Oscar, November, X-ray, Kilo, Hotel and Echo, sending you 2
2024-10-14 19:55:09.421704 Echo: Oscar, Golf, November, X-ray, Kilo, Hotel, India and Mike, sending you 2
2024-10-14 19:55:09.422871 Mike: Oscar, Golf, November, X-ray, Kilo and Echo, sending you 2
2024-10-14 19:55:09.424558 Papa: Mike, sending you 1
2024-10-14 19:55:09.432821 Mike: Hotel, sending you 4
2024-10-14 19:55:09.434034 Kilo: Oscar, Golf, X-ray, India and Mike, sending you 2
2024-10-14 19:55:09.437676 Kilo: November, sending you 4
2024-10-14 19:55:09.438673 Mike: India, sending you 1
2024-10-14 19:55:09.439977 Hotel: Oscar, Golf, November, Kilo, Echo and India, sending you 2
2024-10-14 19:55:09.441699 Kilo: Hotel, sending you 1
2024-10-14 19:55:09.445688 Hotel: X-ray, sending you 4
2024-10-14 19:55:09.446452 Kilo: Echo, sending you 3
2024-10-14 19:55:09.450679 Hotel: Mike, sending you 3
chatterbot Golf submitting transactions
chatterbot X-ray submitting transactions
chatterbot India submitting transactions
chatterbot Echo submitting transactions
chatterbot Mike submitting transactions
chatterbot November submitting transactions
chatterbot Oscar submitting transactions
chatterbot Kilo submitting transactions
chatterbot Hotel submitting transactions
ChatterBot Oscar round 5
ChatterBot Golf round 5
ChatterBot November round 5
ChatterBot X-ray round 5
ChatterBot Papa round 5
ChatterBot Kilo round 5
ChatterBot Hotel round 5
ChatterBot Echo round 5
ChatterBot India round 5
ChatterBot Mike round 5
2024-10-14 19:55:10.610070 November: Oscar, Golf, X-ray, Hotel, Echo, India and Mike, sending you 2
2024-10-14 19:55:10.613678 November: Kilo, sending you 3
2024-10-14 19:55:10.619682 Golf: Oscar, November, X-ray, Kilo, Echo, India and Mike, sending you 2
2024-10-14 19:55:10.620743 X-ray: Oscar, Golf, November, Kilo, Echo and India, sending you 2
2024-10-14 19:55:10.624094 Papa: Oscar, November, Kilo and Hotel, sending you 2
2024-10-14 19:55:10.625016 Kilo: Oscar, Golf, X-ray, Hotel, Echo, India and Mike, sending you 2
2024-10-14 19:55:10.626438 Golf: Hotel, sending you 1
2024-10-14 19:55:10.627321 X-ray: Hotel, sending you 4
2024-10-14 19:55:10.628179 Oscar: Golf, November, X-ray, Kilo, Echo, India and Mike, sending you 2
2024-10-14 19:55:10.629483 Hotel: Oscar, Golf, November, Kilo, Echo and India, sending you 2
2024-10-14 19:55:10.630355 Papa: Golf, X-ray, Echo and Mike, sending you 1
2024-10-14 19:55:10.631421 Kilo: November, sending you 4
2024-10-14 19:55:10.632320 X-ray: Mike, sending you 3
2024-10-14 19:55:10.633108 Echo: Oscar, Golf, November, X-ray, Kilo, Hotel, India and Mike, sending you 2
2024-10-14 19:55:10.634386 Mike: Oscar, Golf, November, X-ray, Kilo and Echo, sending you 2
2024-10-14 19:55:10.636162 Hotel: X-ray, sending you 4
2024-10-14 19:55:10.637092 India: Oscar, Golf, November, X-ray, Kilo, Hotel and Echo, sending you 2
2024-10-14 19:55:10.638707 Mike: Hotel, sending you 4
2024-10-14 19:55:10.641682 Hotel: Mike, sending you 3
2024-10-14 19:55:10.642934 India: Mike, sending you 1
2024-10-14 19:55:10.643655 Mike: India, sending you 1
chatterbot Mike submitting transactions
chatterbot November submitting transactions
chatterbot Papa submitting transactions
chatterbot X-ray submitting transactions
chatterbot Kilo submitting transactions
chatterbot India submitting transactions
chatterbot Hotel submitting transactions
chatterbot Oscar submitting transactions
chatterbot Golf submitting transactions
chatterbot Echo submitting transactions
ChatterBot Oscar round 6
ChatterBot Golf round 6
ChatterBot November round 6
ChatterBot X-ray round 6
ChatterBot Papa round 6
ChatterBot Kilo round 6
ChatterBot Hotel round 6
ChatterBot Echo round 6
ChatterBot India round 6
ChatterBot Mike round 6
2024-10-14 19:55:11.538242 Papa: We should replace Golf with India
ChatterBot November reevaluating
ChatterBot Kilo reevaluating
ChatterBot X-ray reevaluating
ChatterBot Hotel reevaluating
ChatterBot Mike reevaluating
2024-10-14 19:55:11.568915 Oscar: No
2024-10-14 19:55:11.569071 November: No
2024-10-14 19:55:11.569197 Kilo: No
2024-10-14 19:55:11.569357 Echo: No
2024-10-14 19:55:11.569489 X-ray: No
2024-10-14 19:55:11.569638 Hotel: No
2024-10-14 19:55:11.569777 Mike: No
ChatterBot November reevaluating
ChatterBot Kilo reevaluating
ChatterBot X-ray reevaluating
ChatterBot Hotel reevaluating
ChatterBot Mike reevaluating
ChatterBot Papa reevaluating
ChatterBot Kilo reevaluating
ChatterBot X-ray reevaluating
ChatterBot Hotel reevaluating
ChatterBot Mike reevaluating
ChatterBot Papa reevaluating
ChatterBot November reevaluating
ChatterBot X-ray reevaluating
ChatterBot Hotel reevaluating
ChatterBot Mike reevaluating
ChatterBot Papa reevaluating
ChatterBot November reevaluating
ChatterBot Kilo reevaluating
ChatterBot X-ray reevaluating
ChatterBot Hotel reevaluating
ChatterBot Mike reevaluating
ChatterBot Papa reevaluating
ChatterBot November reevaluating
ChatterBot Kilo reevaluating
ChatterBot Hotel reevaluating
ChatterBot Mike reevaluating
ChatterBot Papa reevaluating
ChatterBot November reevaluating
ChatterBot Kilo reevaluating
ChatterBot X-ray reevaluating
ChatterBot Mike reevaluating
ChatterBot Papa reevaluating
ChatterBot November reevaluating
ChatterBot Kilo reevaluating
ChatterBot X-ray reevaluating
ChatterBot Hotel reevaluating
2024-10-14 19:55:11.721783 Papa: India we want you to join our group
2024-10-14 19:55:11.724579 India: No
ChatterBot Papa reevaluating
2024-10-14 19:55:11.748755 Echo: Same as last round
2024-10-14 19:55:11.749850 Oscar: Golf, November, X-ray, Kilo, Echo, India and Mike, sending you 2
2024-10-14 19:55:11.751213 Kilo: Oscar, Golf, X-ray, Hotel, Echo, India and Mike, sending you 2
2024-10-14 19:55:11.752047 November: Oscar, Golf, X-ray, Hotel, Echo, India and Mike, sending you 2
2024-10-14 19:55:11.752953 Hotel: Oscar, Golf, November, Kilo, Echo and India, sending you 2
2024-10-14 19:55:11.754140 Golf: Oscar, November, X-ray, Kilo, Echo, India and Mike, sending you 2
2024-10-14 19:55:11.754922 India: Oscar, Golf, November, X-ray, Kilo, Hotel and Echo, sending you 2
2024-10-14 19:55:11.755833 Kilo: November, sending you 4
2024-10-14 19:55:11.756993 Hotel: X-ray, sending you 4
2024-10-14 19:55:11.757949 November: Kilo, sending you 3
2024-10-14 19:55:11.760001 Golf: Hotel, sending you 1
2024-10-14 19:55:11.760732 India: Mike, sending you 1
2024-10-14 19:55:11.761481 Hotel: Mike, sending you 3
2024-10-14 19:55:11.762207 X-ray: Oscar, Golf, November, Kilo, Echo and India, sending you 2
2024-10-14 19:55:11.766680 X-ray: Hotel, sending you 4
2024-10-14 19:55:11.767692 Mike: Oscar, Golf, November, X-ray, Kilo, Echo and India, sending you 2
2024-10-14 19:55:11.769723 X-ray: Mike, sending you 3
