ChatterBot Foxtrot round 1
ChatterBot Papa round 1
ChatterBot Lima round 1
ChatterBot Victor round 1
ChatterBot Whiskey round 1
ChatterBot Romeo round 1
ChatterBot X-ray round 1
ChatterBot Yankee round 1
randomSelections Papa: {Papa, Foxtrot, Lima, Romeo, Yankee, X-ray} 
2024-10-14 19:55:00.160066 Papa: We would work well together
ChatterBot Foxtrot reevaluating
ChatterBot Lima reevaluating
ChatterBot Romeo reevaluating
ChatterBot Yankee reevaluating
ChatterBot X-ray reevaluating
2024-10-14 19:55:00.182471 Foxtrot: Yes
2024-10-14 19:55:00.183353 Lima: Yes
2024-10-14 19:55:00.183456 Romeo: Yes
2024-10-14 19:55:00.183547 Yankee: Yes
2024-10-14 19:55:00.183642 X-ray: Yes
ChatterBot Lima reevaluating
ChatterBot Romeo reevaluating
ChatterBot Yankee reevaluating
ChatterBot X-ray reevaluating
ChatterBot Foxtrot reevaluating
ChatterBot Romeo reevaluating
ChatterBot Yankee reevaluating
ChatterBot X-ray reevaluating
ChatterBot Foxtrot reevaluating
ChatterBot Lima reevaluating
ChatterBot Yankee reevaluating
ChatterBot X-ray reevaluating
ChatterBot Foxtrot reevaluating
ChatterBot Lima reevaluating
ChatterBot Romeo reevaluating
ChatterBot X-ray reevaluating
ChatterBot Foxtrot reevaluating
ChatterBot Lima reevaluating
ChatterBot Romeo reevaluating
ChatterBot Yankee reevaluating
randomSelections Victor: {Victor, Delta, Yankee, Foxtrot, Whiskey, Lima} 
2024-10-14 19:55:00.222919 Victor: Let's form a team
ChatterBot Yankee reevaluating
ChatterBot Foxtrot reevaluating
ChatterBot Whiskey reevaluating
ChatterBot Lima reevaluating
2024-10-14 19:55:00.228576 Yankee: No
2024-10-14 19:55:00.228704 Foxtrot: No
2024-10-14 19:55:00.228805 Whiskey: Yes
2024-10-14 19:55:00.228894 Lima: No
ChatterBot Foxtrot reevaluating
ChatterBot Whiskey reevaluating
ChatterBot Lima reevaluating
ChatterBot Yankee reevaluating
ChatterBot Whiskey reevaluating
ChatterBot Lima reevaluating
ChatterBot Yankee reevaluating
ChatterBot Foxtrot reevaluating
ChatterBot Lima reevaluating
ChatterBot Yankee reevaluating
ChatterBot Foxtrot reevaluating
ChatterBot Whiskey reevaluating
ChatterBot Delta round 1
ChatterBot Delta reevaluating
ChatterBot Delta reevaluating
ChatterBot Delta reevaluating
ChatterBot Delta reevaluating
ChatterBot Delta reevaluating
2024-10-14 19:55:00.257587 Delta: Yes
ChatterBot Yankee reevaluating
ChatterBot Foxtrot reevaluating
ChatterBot Whiskey reevaluating
ChatterBot Lima reevaluating
ChatterBot Kilo round 1
randomSelections Kilo: {Kilo, Romeo, Yankee, Papa, Whiskey, Victor} 
2024-10-14 19:55:00.275454 Kilo: We would work well together
2024-10-14 19:55:00.280307 Romeo: No
2024-10-14 19:55:00.280460 Yankee: No
2024-10-14 19:55:00.281150 Papa: No
2024-10-14 19:55:00.281253 Whiskey: No
2024-10-14 19:55:00.281349 Victor: No
2024-10-14 19:55:00.360424 Victor: Foxtrot and Lima, sending you 4
2024-10-14 19:55:00.361156 Papa: Foxtrot, sending you 4
2024-10-14 19:55:00.363813 Romeo: Foxtrot and X-ray, sending you 3
2024-10-14 19:55:00.396514 Whiskey: Foxtrot and Yankee, sending you 2
2024-10-14 19:55:00.397569 Yankee: Foxtrot, Romeo and X-ray, sending you 3
2024-10-14 19:55:00.399471 X-ray: Foxtrot, Romeo and Yankee, sending you 2
2024-10-14 19:55:00.400941 Lima: Foxtrot, sending you 4
2024-10-14 19:55:00.401703 Foxtrot: Papa and Romeo, sending you 2
2024-10-14 19:55:00.403268 Victor: Whiskey, sending you 5
2024-10-14 19:55:00.404639 Papa: Lima, sending you 3
2024-10-14 19:55:00.405285 Delta: Foxtrot, sending you 3
2024-10-14 19:55:00.406475 Kilo: Papa, Whiskey and Yankee, sending you 2
2024-10-14 19:55:00.407293 Romeo: Papa, sending you 4
2024-10-14 19:55:00.409049 Whiskey: Victor, sending you 4
2024-10-14 19:55:00.410246 Yankee: Papa, sending you 2
2024-10-14 19:55:00.410799 X-ray: Papa, sending you 6
2024-10-14 19:55:00.412252 Lima: Papa, X-ray and Yankee, sending you 3
2024-10-14 19:55:00.413427 Foxtrot: Lima, sending you 1
2024-10-14 19:55:00.414865 Papa: Romeo, sending you 2
2024-10-14 19:55:00.415645 Kilo: Victor and Romeo, sending you 1
2024-10-14 19:55:00.416522 Delta: Lima and Whiskey, sending you 4
2024-10-14 19:55:00.417712 Romeo: Lima and Yankee, sending you 2
2024-10-14 19:55:00.418447 Whiskey: Delta, sending you 1
2024-10-14 19:55:00.419456 Yankee: Lima, sending you 1
2024-10-14 19:55:00.420083 X-ray: Lima, sending you 3
2024-10-14 19:55:00.421223 Lima: Romeo, sending you 2
2024-10-14 19:55:00.422160 Foxtrot: X-ray and Yankee, sending you 3
2024-10-14 19:55:00.422929 Papa: X-ray, sending you 5
2024-10-14 19:55:00.424396 Delta: Yankee, sending you 5
chatterbot Victor submitting transactions
chatterbot Delta submitting transactions
chatterbot Papa submitting transactions
chatterbot Whiskey submitting transactions
chatterbot Yankee submitting transactions
chatterbot Foxtrot submitting transactions
chatterbot Romeo submitting transactions
chatterbot X-ray submitting transactions
chatterbot Lima submitting transactions
chatterbot Kilo submitting transactions
ChatterBot Foxtrot round 2
ChatterBot Papa round 2
ChatterBot Lima round 2
ChatterBot Victor round 2
ChatterBot Whiskey round 2
ChatterBot Romeo round 2
ChatterBot X-ray round 2
2024-10-14 19:55:01.551954 Lima: We should add Delta
ChatterBot Papa reevaluating
ChatterBot Foxtrot reevaluating
ChatterBot Romeo reevaluating
ChatterBot Yankee reevaluating
ChatterBot X-ray reevaluating
2024-10-14 19:55:01.584828 Papa: No
2024-10-14 19:55:01.584988 Foxtrot: No
2024-10-14 19:55:01.585113 Romeo: No
2024-10-14 19:55:01.585239 Yankee: No
2024-10-14 19:55:01.585355 X-ray: No
ChatterBot Foxtrot reevaluating
ChatterBot Romeo reevaluating
ChatterBot Yankee reevaluating
ChatterBot X-ray reevaluating
ChatterBot Papa reevaluating
ChatterBot Romeo reevaluating
ChatterBot Yankee reevaluating
ChatterBot X-ray reevaluating
ChatterBot Papa reevaluating
ChatterBot Foxtrot reevaluating
ChatterBot Yankee reevaluating
ChatterBot X-ray reevaluating
ChatterBot Papa reevaluating
ChatterBot Foxtrot reevaluating
ChatterBot Romeo reevaluating
ChatterBot X-ray reevaluating
ChatterBot Papa reevaluating
ChatterBot Foxtrot reevaluating
ChatterBot Lima reevaluating
ChatterBot Romeo reevaluating
ChatterBot Yankee reevaluating
ChatterBot Yankee round 2
ChatterBot Delta round 2
ChatterBot Kilo round 2
2024-10-14 19:55:01.792945 Victor: We should group up
ChatterBot Whiskey reevaluating
ChatterBot Delta reevaluating
ChatterBot Kilo reevaluating
2024-10-14 19:55:01.811175 Whiskey: Yes
2024-10-14 19:55:01.811452 Delta: No
2024-10-14 19:55:01.811662 Kilo: Yes
ChatterBot Delta reevaluating
ChatterBot Kilo reevaluating
ChatterBot Whiskey reevaluating
ChatterBot Kilo reevaluating
ChatterBot Whiskey reevaluating
ChatterBot Delta reevaluating
2024-10-14 19:55:01.892061 Yankee: We should add Delta
ChatterBot Lima reevaluating
2024-10-14 19:55:01.920135 Papa: No
2024-10-14 19:55:01.920395 Foxtrot: No
2024-10-14 19:55:01.920574 Lima: Yes
2024-10-14 19:55:01.920760 Romeo: No
2024-10-14 19:55:01.921370 X-ray: No
ChatterBot Lima reevaluating
ChatterBot Romeo reevaluating
ChatterBot Lima reevaluating
ChatterBot Romeo reevaluating
ChatterBot Romeo reevaluating
ChatterBot Lima reevaluating
ChatterBot Yankee reevaluating
ChatterBot Lima reevaluating
ChatterBot Romeo reevaluating
ChatterBot Yankee reevaluating
2024-10-14 19:55:02.026985 Lima: Delta we want you to join our group
2024-10-14 19:55:02.031201 Delta: No
ChatterBot Lima reevaluating
2024-10-14 19:55:02.053086 Yankee: Delta we want you to join our group
2024-10-14 19:55:02.057374 Delta: No
ChatterBot Yankee reevaluating
2024-10-14 19:55:02.078900 Foxtrot: Papa, sending you 4
2024-10-14 19:55:02.079784 X-ray: Sending you each 3
2024-10-14 19:55:02.236559 Whiskey: Victor, sending you 6
2024-10-14 19:55:02.236967 Victor: Whiskey, sending you 7
2024-10-14 19:55:02.237240 Papa: Foxtrot and Yankee, sending you 2
2024-10-14 19:55:02.238202 Foxtrot: Lima, Romeo and Yankee, sending you 3
2024-10-14 19:55:02.238691 Kilo: Sending you each 5
2024-10-14 19:55:02.239509 Romeo: Foxtrot, Papa, Lima and Yankee, sending you 1
2024-10-14 19:55:02.240064 Delta: Victor, sending you 4
2024-10-14 19:55:02.240834 Whiskey: Delta, sending you 5
2024-10-14 19:55:02.241093 Victor: Delta, sending you 2
2024-10-14 19:55:03.008725 Papa: Lima and Romeo, sending you 3
2024-10-14 19:55:03.009129 Foxtrot: X-ray, sending you 2
2024-10-14 19:55:03.009439 Whiskey: Kilo, sending you 4
2024-10-14 19:55:03.010173 Victor: Kilo, sending you 4
2024-10-14 19:55:03.010363 Delta: Whiskey, sending you 10
chatterbot Victor submitting transactions
chatterbot Papa submitting transactions
chatterbot Foxtrot submitting transactions
chatterbot X-ray submitting transactions
2024-10-14 19:55:03.680803 Papa: X-ray, sending you 4
2024-10-14 19:55:03.681987 Delta: Kilo, sending you 3
2024-10-14 19:55:03.682403 Yankee: Foxtrot and Lima, sending you 3
2024-10-14 19:55:03.683444 Lima: Foxtrot and Yankee, sending you 1
chatterbot Whiskey submitting transactions
chatterbot Lima submitting transactions
2024-10-14 19:55:03.990997 Yankee: Papa, Romeo and X-ray, sending you 2
2024-10-14 19:55:03.991953 Lima: Papa and X-ray, sending you 3
chatterbot Delta submitting transactions
chatterbot Kilo submitting transactions
chatterbot Yankee submitting transactions
chatterbot Romeo submitting transactions
2024-10-14 19:55:04.013277 Lima: Romeo, sending you 2
ChatterBot Foxtrot round 3
ChatterBot Papa round 3
ChatterBot Lima round 3
ChatterBot Victor round 3
ChatterBot Whiskey round 3
ChatterBot Romeo round 3
2024-10-14 19:55:04.028994 Victor: We should add X-ray
2024-10-14 19:55:04.044777 Whiskey: Yes
2024-10-14 19:55:04.045432 Delta: Yes
2024-10-14 19:55:04.045609 Kilo: Yes
ChatterBot Whiskey reevaluating
ChatterBot X-ray round 3
2024-10-14 19:55:04.094955 Lima: Delta, sending you 5
ChatterBot Yankee round 3
ChatterBot Delta round 3
ChatterBot Kilo round 3
2024-10-14 19:55:04.122503 Victor: X-ray we want you to join our group
2024-10-14 19:55:04.127898 X-ray: No
ChatterBot Whiskey reevaluating
ChatterBot Kilo reevaluating
2024-10-14 19:55:04.150506 Kilo: We should add X-ray
ChatterBot Whiskey reevaluating
2024-10-14 19:55:04.166782 Victor: Yes
2024-10-14 19:55:04.166961 Whiskey: Yes
2024-10-14 19:55:04.167130 Delta: Yes
ChatterBot Whiskey reevaluating
ChatterBot Kilo reevaluating
ChatterBot Kilo reevaluating
ChatterBot Whiskey reevaluating
ChatterBot Kilo reevaluating
2024-10-14 19:55:04.325179 Lima: We should drop Delta
2024-10-14 19:55:04.351430 Papa: Yes
2024-10-14 19:55:04.351916 Foxtrot: Yes
2024-10-14 19:55:04.353017 Romeo: Yes
2024-10-14 19:55:04.353245 Yankee: Yes
2024-10-14 19:55:04.353567 X-ray: Yes
2024-10-14 19:55:04.493903 Whiskey: X-ray we want you to join our group
2024-10-14 19:55:04.500360 X-ray: No
ChatterBot Whiskey reevaluating
ChatterBot Kilo reevaluating
2024-10-14 19:55:04.524836 Foxtrot: Sending you each 3
2024-10-14 19:55:04.560168 Papa: Foxtrot, Lima, Romeo and X-ray, sending you 3
2024-10-14 19:55:04.561205 Romeo: Foxtrot, Papa, X-ray and Yankee, sending you 3
2024-10-14 19:55:04.561678 Victor: Whiskey, sending you 4
2024-10-14 19:55:04.561969 Yankee: Foxtrot and Lima, sending you 3
2024-10-14 19:55:04.562913 Lima: Sorry, I'm actually sending you 0
2024-10-14 19:55:04.563156 Kilo: X-ray we want you to join our group
2024-10-14 19:55:04.566507 X-ray: No
2024-10-14 19:55:04.578121 Papa: Yankee, sending you 2
2024-10-14 19:55:04.578693 Romeo: Lima, sending you 2
2024-10-14 19:55:04.579626 Victor: X-ray, sending you 2
2024-10-14 19:55:04.579989 Yankee: Papa, Romeo and X-ray, sending you 2
2024-10-14 19:55:04.580579 Lima: Foxtrot and Yankee, sending you 3
2024-10-14 19:55:04.581623 X-ray: Foxtrot, Lima and Yankee, sending you 3
2024-10-14 19:55:04.582127 Delta: Victor, sending you 4
2024-10-14 19:55:04.587422 Victor: Delta and Kilo, sending you 3
2024-10-14 19:55:04.587748 Delta: Whiskey, sending you 7
2024-10-14 19:55:04.588148 Lima: Papa and X-ray, sending you 4
2024-10-14 19:55:04.589274 X-ray: Papa, sending you 4
2024-10-14 19:55:04.593911 Delta: Kilo, sending you 6
2024-10-14 19:55:04.594362 Lima: Romeo, sending you 1
2024-10-14 19:55:04.595764 X-ray: Romeo, sending you 2
2024-10-14 19:55:04.596686 Kilo: Victor and Delta, sending you 4
2024-10-14 19:55:04.602048 Kilo: Whiskey, sending you 5
2024-10-14 19:55:04.613383 Kilo: X-ray, sending you 2
chatterbot Lima submitting transactions
chatterbot Victor submitting transactions
chatterbot Delta submitting transactions
chatterbot Papa submitting transactions
chatterbot Whiskey submitting transactions
chatterbot Foxtrot submitting transactions
chatterbot Yankee submitting transactions
chatterbot Romeo submitting transactions
chatterbot X-ray submitting transactions
chatterbot Kilo submitting transactions
ChatterBot Foxtrot round 4
ChatterBot Papa round 4
ChatterBot Lima round 4
ChatterBot Victor round 4
ChatterBot Whiskey round 4
ChatterBot Romeo round 4
ChatterBot X-ray round 4
ChatterBot Yankee round 4
2024-10-14 19:55:05.481744 Victor: We should replace X-ray with Lima
ChatterBot Whiskey reevaluating
ChatterBot Kilo reevaluating
2024-10-14 19:55:05.492759 Whiskey: No
2024-10-14 19:55:05.492916 Delta: No
2024-10-14 19:55:05.493035 Kilo: No
ChatterBot Victor reevaluating
ChatterBot Kilo reevaluating
ChatterBot Victor reevaluating
ChatterBot Whiskey reevaluating
ChatterBot Kilo reevaluating
ChatterBot Victor reevaluating
ChatterBot Whiskey reevaluating
ChatterBot Delta round 4
ChatterBot Kilo round 4
2024-10-14 19:55:05.633391 Victor: We should replace X-ray with Yankee
ChatterBot Whiskey reevaluating
ChatterBot Kilo reevaluating
2024-10-14 19:55:05.644308 Whiskey: No
2024-10-14 19:55:05.645010 Delta: No
2024-10-14 19:55:05.645239 Kilo: No
ChatterBot Victor reevaluating
ChatterBot Kilo reevaluating
ChatterBot Victor reevaluating
ChatterBot Whiskey reevaluating
ChatterBot Kilo reevaluating
ChatterBot Victor reevaluating
ChatterBot Whiskey reevaluating
2024-10-14 19:55:05.697008 Foxtrot: Same as last round
2024-10-14 19:55:05.698239 Papa: Foxtrot, Lima, Romeo and X-ray, sending you 3
2024-10-14 19:55:05.699595 Victor: Lima we want you to join our group
2024-10-14 19:55:05.703982 Lima: No
ChatterBot Whiskey reevaluating
ChatterBot Victor reevaluating
2024-10-14 19:55:05.718586 Papa: Yankee, sending you 2
2024-10-14 19:55:05.764537 Lima: Foxtrot, X-ray and Yankee, sending you 3
2024-10-14 19:55:05.766232 Romeo: Foxtrot, Papa, X-ray and Yankee, sending you 3
2024-10-14 19:55:05.767663 X-ray: Sending you each 3
2024-10-14 19:55:05.769260 Delta: Victor and Whiskey, sending you 5
2024-10-14 19:55:05.770385 Yankee: Foxtrot and X-ray, sending you 3
2024-10-14 19:55:05.771276 Lima: Papa, sending you 4
2024-10-14 19:55:05.772800 Romeo: Lima, sending you 2
2024-10-14 19:55:05.774263 Romeo: I was attacked by Victor
ChatterBot Papa reevaluating
ChatterBot Foxtrot reevaluating
ChatterBot Lima reevaluating
ChatterBot Yankee reevaluating
ChatterBot X-ray reevaluating
2024-10-14 19:55:05.795040 Romeo: Ow
2024-10-14 19:55:05.796636 Delta: Kilo, sending you 7
2024-10-14 19:55:05.797947 Kilo: Victor and Delta, sending you 5
2024-10-14 19:55:05.836044 Kilo: Whiskey, sending you 4
2024-10-14 19:55:05.836819 Victor: Whiskey, Delta and Kilo, sending you 3
2024-10-14 19:55:05.837159 Whiskey: Victor and Delta, sending you 4
2024-10-14 19:55:05.853970 Whiskey: Kilo, sending you 3
2024-10-14 19:55:05.854367 Victor: X-ray, sending you 2
chatterbot Foxtrot submitting transactions
chatterbot Victor submitting transactions
chatterbot Foxtrot submitting transactions
chatterbot Romeo submitting transactions
chatterbot Papa submitting transactions
chatterbot Whiskey submitting transactions
chatterbot Yankee submitting transactions
chatterbot Lima submitting transactions
chatterbot X-ray submitting transactions
chatterbot Papa submitting transactions
chatterbot Kilo submitting transactions
chatterbot Delta submitting transactions
ChatterBot Foxtrot round 5
ChatterBot Papa round 5
ChatterBot Lima round 5
ChatterBot Victor round 5
ChatterBot Whiskey round 5
ChatterBot Romeo round 5
ChatterBot X-ray round 5
ChatterBot Yankee round 5
2024-10-14 19:55:06.877360 Victor: We should replace X-ray with Lima
ChatterBot Whiskey reevaluating
2024-10-14 19:55:06.894958 Whiskey: Yes
2024-10-14 19:55:06.895174 Delta: No
2024-10-14 19:55:06.895355 Kilo: No
ChatterBot Victor reevaluating
ChatterBot Victor reevaluating
ChatterBot Whiskey reevaluating
ChatterBot Victor reevaluating
ChatterBot Whiskey reevaluating
ChatterBot Delta round 5
ChatterBot Kilo round 5
2024-10-14 19:55:06.951695 Victor: Lima we want you to join our group
2024-10-14 19:55:06.954248 Lima: No
ChatterBot Victor reevaluating
2024-10-14 19:55:06.965407 Victor: We should replace X-ray with Yankee
ChatterBot Whiskey reevaluating
2024-10-14 19:55:06.973548 Whiskey: No
2024-10-14 19:55:06.973721 Delta: No
2024-10-14 19:55:06.973967 Kilo: No
ChatterBot Victor reevaluating
ChatterBot Victor reevaluating
ChatterBot Whiskey reevaluating
ChatterBot Victor reevaluating
ChatterBot Whiskey reevaluating
2024-10-14 19:55:07.002119 Papa: Foxtrot, Lima, Romeo and X-ray, sending you 3
2024-10-14 19:55:07.003336 Romeo: I was attacked by Victor and Whiskey
ChatterBot Papa reevaluating
ChatterBot Foxtrot reevaluating
ChatterBot Lima reevaluating
ChatterBot Yankee reevaluating
ChatterBot X-ray reevaluating
2024-10-14 19:55:07.020986 Romeo: Ow
2024-10-14 19:55:07.043891 Delta: Victor, sending you 5
2024-10-14 19:55:07.047665 Delta: Whiskey and Kilo, sending you 6
2024-10-14 19:55:07.048765 Whiskey: Lima, sending you 1
2024-10-14 19:55:07.049234 Kilo: Victor and Delta, sending you 5
2024-10-14 19:55:07.054013 Whiskey: Victor, Delta and Kilo, sending you 3
2024-10-14 19:55:07.055585 Kilo: Whiskey, sending you 4
2024-10-14 19:55:07.056147 Yankee: Foxtrot and X-ray, sending you 3
2024-10-14 19:55:07.058195 Victor: Whiskey and Kilo, sending you 5
2024-10-14 19:55:07.060671 Yankee: Papa, sending you 1
2024-10-14 19:55:07.063655 Lima: Foxtrot, X-ray and Yankee, sending you 3
2024-10-14 19:55:07.064320 X-ray: Foxtrot, Papa, Lima and Yankee, sending you 3
2024-10-14 19:55:07.065460 Victor: Delta, sending you 4
2024-10-14 19:55:07.065878 Yankee: Lima and Romeo, sending you 2
2024-10-14 19:55:07.075266 Lima: Papa, sending you 4
2024-10-14 19:55:07.076120 X-ray: Romeo, sending you 2
2024-10-14 19:55:07.081453 Lima: Romeo, sending you 2
chatterbot Romeo submitting transactions
chatterbot Kilo submitting transactions
chatterbot Yankee submitting transactions
chatterbot Foxtrot submitting transactions
chatterbot Lima submitting transactions
chatterbot Papa submitting transactions
chatterbot Delta submitting transactions
chatterbot Whiskey submitting transactions
chatterbot Victor submitting transactions
chatterbot X-ray submitting transactions
ChatterBot Foxtrot round 6
ChatterBot Papa round 6
ChatterBot Lima round 6
ChatterBot Victor round 6
ChatterBot Whiskey round 6
ChatterBot Romeo round 6
ChatterBot X-ray round 6
ChatterBot Yankee round 6
ChatterBot Delta round 6
ChatterBot Kilo round 6
2024-10-14 19:55:08.417700 Papa: We should drop Romeo
2024-10-14 19:55:08.435986 Foxtrot: No
2024-10-14 19:55:08.436249 Lima: No
2024-10-14 19:55:08.436433 X-ray: No
2024-10-14 19:55:08.436629 Yankee: No
ChatterBot Papa reevaluating
ChatterBot Papa reevaluating
ChatterBot Papa reevaluating
ChatterBot Papa reevaluating
2024-10-14 19:55:08.488319 Romeo: I was attacked by Whiskey
ChatterBot Papa reevaluating
ChatterBot Foxtrot reevaluating
ChatterBot Lima reevaluating
ChatterBot Yankee reevaluating
ChatterBot X-ray reevaluating
2024-10-14 19:55:08.503896 Romeo: I'm keeping this round to protect myself
2024-10-14 19:55:08.506599 Romeo: Ow
2024-10-14 19:55:08.507063 Victor: I was attacked by X-ray and Yankee
ChatterBot Whiskey reevaluating
ChatterBot Delta reevaluating
ChatterBot Kilo reevaluating
ChatterBot Lima reevaluating
2024-10-14 19:55:08.521635 Victor: Ow
2024-10-14 19:55:08.539727 Foxtrot: Papa, Lima and X-ray, sending you 3
2024-10-14 19:55:08.541843 Yankee: Foxtrot, Papa and X-ray, sending you 3
2024-10-14 19:55:08.544679 Foxtrot: Romeo, sending you 2
2024-10-14 19:55:08.546677 Kilo: Victor and Delta, sending you 5
2024-10-14 19:55:08.548028 Yankee: Lima and Romeo, sending you 2
2024-10-14 19:55:08.548821 X-ray: Sending you each 3
2024-10-14 19:55:08.549426 Foxtrot: Yankee, sending you 4
2024-10-14 19:55:08.551026 Papa: Foxtrot and X-ray, sending you 3
2024-10-14 19:55:08.551669 Kilo: Whiskey, sending you 4
2024-10-14 19:55:08.555681 Lima: Foxtrot and Yankee, sending you 3
2024-10-14 19:55:08.556415 Papa: Lima, sending you 4
2024-10-14 19:55:08.557670 Delta: Victor, sending you 5
2024-10-14 19:55:08.559665 Lima: Papa and X-ray, sending you 4
2024-10-14 19:55:08.561670 Papa: Romeo and Yankee, sending you 2
2024-10-14 19:55:08.562683 Delta: Whiskey and Kilo, sending you 6
2024-10-14 19:55:08.564669 Lima: Romeo, sending you 1
chatterbot Victor submitting transactions
chatterbot Romeo submitting transactions
chatterbot Foxtrot submitting transactions
chatterbot Delta submitting transactions
chatterbot Kilo submitting transactions
chatterbot Whiskey submitting transactions
chatterbot Papa submitting transactions
chatterbot Yankee submitting transactions
chatterbot X-ray submitting transactions
chatterbot Lima submitting transactions
ChatterBot Foxtrot round 7
ChatterBot Papa round 7
ChatterBot Lima round 7
ChatterBot Victor round 7
ChatterBot Whiskey round 7
ChatterBot Romeo round 7
ChatterBot X-ray round 7
ChatterBot Yankee round 7
ChatterBot Delta round 7
ChatterBot Kilo round 7
2024-10-14 19:55:09.812675 Papa: Foxtrot, Lima, X-ray and Yankee, sending you 3
2024-10-14 19:55:09.813695 Foxtrot: Papa, X-ray and Yankee, sending you 3
2024-10-14 19:55:09.816658 Papa: Romeo, sending you 2
2024-10-14 19:55:09.817684 Foxtrot: Lima, sending you 2
2024-10-14 19:55:09.822672 Foxtrot: Romeo, sending you 1
2024-10-14 19:55:09.825684 Yankee: Foxtrot, sending you 3
2024-10-14 19:55:09.829682 Lima: Foxtrot, Papa and X-ray, sending you 4
2024-10-14 19:55:09.830849 Victor: Whiskey, sending you 4
2024-10-14 19:55:09.831235 Yankee: Papa, Lima, Romeo and X-ray, sending you 2
2024-10-14 19:55:09.831813 X-ray: Same as last round
2024-10-14 19:55:09.832326 X-ray: I was attacked by Victor
ChatterBot Papa reevaluating
ChatterBot Foxtrot reevaluating
ChatterBot Lima reevaluating
ChatterBot Romeo reevaluating
ChatterBot Yankee reevaluating
2024-10-14 19:55:09.847315 X-ray: Ow
2024-10-14 19:55:09.848308 Delta: Victor and Whiskey, sending you 5
2024-10-14 19:55:09.849731 Victor: Delta and Kilo, sending you 5
2024-10-14 19:55:09.853642 Kilo: Victor, sending you 5
2024-10-14 19:55:09.854702 Delta: Kilo, sending you 7
2024-10-14 19:55:09.858119 Papa: We should drop Foxtrot
ChatterBot Lima reevaluating
ChatterBot Romeo reevaluating
ChatterBot Yankee reevaluating
2024-10-14 19:55:09.869622 Lima: No
2024-10-14 19:55:09.869774 Romeo: No
2024-10-14 19:55:09.869882 X-ray: No
2024-10-14 19:55:09.869989 Yankee: No
ChatterBot Papa reevaluating
ChatterBot Romeo reevaluating
ChatterBot Yankee reevaluating
ChatterBot Papa reevaluating
ChatterBot Lima reevaluating
ChatterBot Yankee reevaluating
ChatterBot Papa reevaluating
ChatterBot Lima reevaluating
ChatterBot Romeo reevaluating
ChatterBot Yankee reevaluating
ChatterBot Papa reevaluating
ChatterBot Lima reevaluating
ChatterBot Romeo reevaluating
2024-10-14 19:55:09.916747 Kilo: Whiskey and Delta, sending you 4
2024-10-14 19:55:09.917237 Foxtrot: Sorry, I'm actually sending you 0
2024-10-14 19:55:09.917500 Foxtrot: Sorry, I'm actually sending you 0
2024-10-14 19:55:09.917756 Foxtrot: Sorry, I'm actually sending you 0
2024-10-14 19:55:09.923848 Foxtrot: Papa and Yankee, sending you 1
2024-10-14 19:55:09.939686 Yankee: Foxtrot and X-ray, sending you 2
2024-10-14 19:55:09.941807 Lima: Foxtrot, Papa and X-ray, sending you 3
2024-10-14 19:55:09.945670 Yankee: Papa, Lima and Romeo, sending you 1
2024-10-14 19:55:09.946737 Lima: Yankee, sending you 2
chatterbot Foxtrot submitting transactions
chatterbot Victor submitting transactions
chatterbot Delta submitting transactions
chatterbot Kilo submitting transactions
chatterbot Yankee submitting transactions
chatterbot X-ray submitting transactions
chatterbot Whiskey submitting transactions
chatterbot Romeo submitting transactions
chatterbot Papa submitting transactions
chatterbot Lima submitting transactions
ChatterBot Foxtrot round 8
ChatterBot Papa round 8
ChatterBot Lima round 8
ChatterBot Victor round 8
ChatterBot Whiskey round 8
ChatterBot Romeo round 8
ChatterBot X-ray round 8
ChatterBot Yankee round 8
ChatterBot Delta round 8
ChatterBot Kilo round 8
2024-10-14 19:55:11.140100 Papa: We should drop Romeo
2024-10-14 19:55:11.161376 Foxtrot: No
2024-10-14 19:55:11.161873 Lima: No
2024-10-14 19:55:11.162147 X-ray: No
2024-10-14 19:55:11.162509 Yankee: No
ChatterBot Papa reevaluating
2024-10-14 19:55:11.237740 Victor: I was attacked by Foxtrot, Lima, Romeo and Yankee
ChatterBot Whiskey reevaluating
ChatterBot Delta reevaluating
ChatterBot Kilo reevaluating
ChatterBot Lima reevaluating
2024-10-14 19:55:11.255705 Victor: Ow
2024-10-14 19:55:11.258350 Papa: We should drop Yankee
ChatterBot Lima reevaluating
ChatterBot X-ray reevaluating
2024-10-14 19:55:11.274528 Foxtrot: No
2024-10-14 19:55:11.274763 Lima: No
2024-10-14 19:55:11.274954 Romeo: No
2024-10-14 19:55:11.275142 X-ray: No
ChatterBot Papa reevaluating
ChatterBot Lima reevaluating
ChatterBot X-ray reevaluating
ChatterBot Papa reevaluating
ChatterBot X-ray reevaluating
ChatterBot Papa reevaluating
ChatterBot Lima reevaluating
ChatterBot X-ray reevaluating
ChatterBot Papa reevaluating
ChatterBot Lima reevaluating
2024-10-14 19:55:11.329666 Yankee: Foxtrot, sending you 3
2024-10-14 19:55:11.331503 X-ray: We should drop Papa
ChatterBot Lima reevaluating
2024-10-14 19:55:11.346111 Foxtrot: No
2024-10-14 19:55:11.346355 Lima: No
2024-10-14 19:55:11.346529 Romeo: No
2024-10-14 19:55:11.346695 Yankee: No
ChatterBot X-ray reevaluating
ChatterBot Lima reevaluating
ChatterBot X-ray reevaluating
ChatterBot X-ray reevaluating
ChatterBot Lima reevaluating
ChatterBot X-ray reevaluating
ChatterBot Lima reevaluating
2024-10-14 19:55:11.415409 Romeo: Foxtrot, Papa, X-ray and Yankee, sending you 3
2024-10-14 19:55:11.416610 Foxtrot: Papa, sending you 4
2024-10-14 19:55:11.417372 Yankee: Papa, Lima, Romeo and X-ray, sending you 2
2024-10-14 19:55:11.419695 Romeo: Lima, sending you 2
2024-10-14 19:55:11.420697 Foxtrot: Lima, X-ray and Yankee, sending you 3
2024-10-14 19:55:11.421671 Whiskey: Victor and Kilo, sending you 4
2024-10-14 19:55:11.422535 Delta: Victor and Whiskey, sending you 5
2024-10-14 19:55:11.422944 Kilo: Victor, sending you 2
2024-10-14 19:55:11.424690 Whiskey: Delta, sending you 5
2024-10-14 19:55:11.425708 Foxtrot: Romeo, sending you 2
2024-10-14 19:55:11.426417 Delta: Kilo, sending you 6
2024-10-14 19:55:11.426807 Kilo: Whiskey and Delta, sending you 4
2024-10-14 19:55:11.435695 Lima: Foxtrot and Yankee, sending you 3
2024-10-14 19:55:11.438673 X-ray: Foxtrot, Lima and Yankee, sending you 3
2024-10-14 19:55:11.439553 Papa: Foxtrot and Yankee, sending you 3
2024-10-14 19:55:11.440796 Lima: Papa, sending you 5
2024-10-14 19:55:11.441678 X-ray: Papa, sending you 4
2024-10-14 19:55:11.444735 Papa: Lima and X-ray, sending you 4
2024-10-14 19:55:11.445688 Lima: X-ray, sending you 4
2024-10-14 19:55:11.446680 X-ray: Romeo, sending you 2
chatterbot Delta submitting transactions
chatterbot Romeo submitting transactions
chatterbot Papa submitting transactions
chatterbot Yankee submitting transactions
chatterbot X-ray submitting transactions
chatterbot Victor submitting transactions
chatterbot Foxtrot submitting transactions
chatterbot Lima submitting transactions
chatterbot Kilo submitting transactions
chatterbot Whiskey submitting transactions
ChatterBot Foxtrot round 9
ChatterBot Papa round 9
ChatterBot Lima round 9
ChatterBot Victor round 9
ChatterBot Whiskey round 9
ChatterBot Romeo round 9
ChatterBot X-ray round 9
ChatterBot Yankee round 9
ChatterBot Delta round 9
ChatterBot Kilo round 9
2024-10-14 19:55:12.474083 Papa: We should replace X-ray with Romeo
2024-10-14 19:55:12.482338 Foxtrot: No
2024-10-14 19:55:12.482516 Lima: No
2024-10-14 19:55:12.482656 Yankee: No
2024-10-14 19:55:12.514405 Victor: We should replace Lima with Papa
2024-10-14 19:55:12.520976 Whiskey: No
2024-10-14 19:55:12.521176 Delta: No
2024-10-14 19:55:12.521307 Kilo: No
ChatterBot Victor reevaluating
ChatterBot Victor reevaluating
2024-10-14 19:55:12.597997 Papa: Romeo we want you to join our group
2024-10-14 19:55:12.615828 Romeo: Yes
2024-10-14 19:55:12.665688 Foxtrot: Papa, Lima, X-ray and Yankee, sending you 2
2024-10-14 19:55:12.668295 Victor: Papa we want you to join our group
2024-10-14 19:55:12.673537 Papa: No
ChatterBot Victor reevaluating
2024-10-14 19:55:12.693707 Foxtrot: Romeo, sending you 1
2024-10-14 19:55:12.695752 Foxtrot: I was attacked by Victor
ChatterBot Papa reevaluating
ChatterBot Lima reevaluating
ChatterBot Romeo reevaluating
ChatterBot Yankee reevaluating
ChatterBot X-ray reevaluating
2024-10-14 19:55:12.723895 Foxtrot: Ow
2024-10-14 19:55:12.726604 Whiskey: Victor, sending you 3
2024-10-14 19:55:12.727545 Kilo: Victor, sending you 1
2024-10-14 19:55:12.729744 Delta: Victor, sending you 4
2024-10-14 19:55:12.731687 Whiskey: Delta, sending you 6
2024-10-14 19:55:12.733301 Kilo: Whiskey, sending you 5
2024-10-14 19:55:12.733936 Delta: Whiskey, sending you 6
2024-10-14 19:55:12.735878 Whiskey: Kilo, sending you 5
2024-10-14 19:55:12.736730 Kilo: Delta, sending you 4
2024-10-14 19:55:12.737667 Delta: Kilo, sending you 7
2024-10-14 19:55:12.746684 Romeo: Foxtrot, Papa, X-ray and Yankee, sending you 1
2024-10-14 19:55:12.754674 Lima: Foxtrot, X-ray and Yankee, sending you 3
2024-10-14 19:55:12.756717 Yankee: Foxtrot, sending you 3
2024-10-14 19:55:12.759699 Lima: Papa, sending you 4
2024-10-14 19:55:12.761986 Yankee: Papa, Lima, Romeo and X-ray, sending you 2
2024-10-14 19:55:12.764719 Papa: Foxtrot and Lima, sending you 4
2024-10-14 19:55:12.766594 Lima: Romeo, sending you 2
2024-10-14 19:55:12.769850 Papa: Romeo and Yankee, sending you 3
chatterbot Romeo submitting transactions
chatterbot Foxtrot submitting transactions
chatterbot Lima submitting transactions
chatterbot Victor submitting transactions
chatterbot Delta submitting transactions
chatterbot Whiskey submitting transactions
chatterbot Papa submitting transactions
chatterbot Yankee submitting transactions
chatterbot X-ray submitting transactions
chatterbot Kilo submitting transactions
ChatterBot Foxtrot round 10
ChatterBot Papa round 10
ChatterBot Lima round 10
ChatterBot Victor round 10
ChatterBot Whiskey round 10
ChatterBot Romeo round 10
ChatterBot X-ray round 10
ChatterBot Yankee round 10
ChatterBot Delta round 10
ChatterBot Kilo round 10
2024-10-14 19:55:13.796666 Lima: Foxtrot and Yankee, sending you 3
2024-10-14 19:55:13.799660 Foxtrot: I was attacked by Victor
ChatterBot Papa reevaluating
ChatterBot Lima reevaluating
ChatterBot Romeo reevaluating
ChatterBot Yankee reevaluating
ChatterBot X-ray reevaluating
2024-10-14 19:55:13.816236 Foxtrot: I'm keeping this round to protect myself
2024-10-14 19:55:13.817937 Foxtrot: Ow
2024-10-14 19:55:13.818275 Whiskey: Victor, sending you 3
2024-10-14 19:55:13.818771 Kilo: I was attacked by Romeo
ChatterBot Victor reevaluating
ChatterBot Whiskey reevaluating
ChatterBot Delta reevaluating
2024-10-14 19:55:13.828251 Kilo: I'm keeping this round to protect myself
2024-10-14 19:55:13.829085 Kilo: Ow
2024-10-14 19:55:13.842679 Papa: Foxtrot and Lima, sending you 4
2024-10-14 19:55:13.843232 Romeo: Foxtrot, Papa, Lima and Yankee, sending you 1
2024-10-14 19:55:13.847657 Papa: Romeo and Yankee, sending you 3
2024-10-14 19:55:13.849661 Romeo: X-ray, sending you 2
2024-10-14 19:55:13.850387 Yankee: Foxtrot, sending you 3
2024-10-14 19:55:13.853682 Yankee: Papa, Lima, Romeo and X-ray, sending you 2
chatterbot Delta submitting transactions
chatterbot X-ray submitting transactions
chatterbot Victor submitting transactions
chatterbot Yankee submitting transactions
chatterbot Foxtrot submitting transactions
chatterbot Whiskey submitting transactions
chatterbot Romeo submitting transactions
chatterbot Lima submitting transactions
chatterbot Kilo submitting transactions
chatterbot Papa submitting transactions
ChatterBot Foxtrot round 11
ChatterBot Papa round 11
ChatterBot Lima round 11
ChatterBot Victor round 11
ChatterBot Whiskey round 11
ChatterBot Romeo round 11
ChatterBot X-ray round 11
ChatterBot Yankee round 11
ChatterBot Delta round 11
ChatterBot Kilo round 11
2024-10-14 19:55:15.075443 Whiskey: We should replace Victor with X-ray
ChatterBot Delta reevaluating
ChatterBot Kilo reevaluating
2024-10-14 19:55:15.085047 Delta: No
2024-10-14 19:55:15.085210 Kilo: Yes
ChatterBot Whiskey reevaluating
ChatterBot Kilo reevaluating
ChatterBot Whiskey reevaluating
ChatterBot Delta reevaluating
2024-10-14 19:55:15.136318 Foxtrot: We should drop X-ray
ChatterBot Lima reevaluating
2024-10-14 19:55:15.150217 Papa: Yes
2024-10-14 19:55:15.150395 Lima: Yes
2024-10-14 19:55:15.150514 Romeo: Yes
2024-10-14 19:55:15.150646 Yankee: Yes
ChatterBot Lima reevaluating
ChatterBot Lima reevaluating
ChatterBot Lima reevaluating
2024-10-14 19:55:15.198372 Delta: We should drop Victor
ChatterBot Whiskey reevaluating
2024-10-14 19:55:15.205727 Whiskey: Yes
2024-10-14 19:55:15.205891 Kilo: Yes
ChatterBot Delta reevaluating
ChatterBot Kilo reevaluating
ChatterBot Whiskey reevaluating
ChatterBot Delta reevaluating
2024-10-14 19:55:15.221948 Victor: I was attacked by Romeo
2024-10-14 19:55:15.222153 Victor: I'm keeping this round to protect myself
2024-10-14 19:55:15.222267 Victor: Ow
2024-10-14 19:55:15.223648 Romeo: Foxtrot and Lima, sending you 2
2024-10-14 19:55:15.224740 Papa: Foxtrot and Yankee, sending you 3
2024-10-14 19:55:15.225546 X-ray: Same as last round
2024-10-14 19:55:15.226488 Yankee: Foxtrot, sending you 3
2024-10-14 19:55:15.229750 Whiskey: X-ray we want you to join our group
2024-10-14 19:55:15.232658 X-ray: No
ChatterBot Whiskey reevaluating
2024-10-14 19:55:15.243509 Romeo: Papa, X-ray and Yankee, sending you 3
2024-10-14 19:55:15.244752 Papa: Lima, sending you 4
2024-10-14 19:55:15.245189 Yankee: Papa, Lima, Romeo and X-ray, sending you 2
2024-10-14 19:55:15.249677 Papa: Romeo, sending you 2
2024-10-14 19:55:15.250186 Foxtrot: Sending you each 1
2024-10-14 19:55:15.250678 Foxtrot: I was attacked by Victor
ChatterBot Papa reevaluating
ChatterBot Lima reevaluating
ChatterBot Romeo reevaluating
ChatterBot Yankee reevaluating
2024-10-14 19:55:15.266263 Foxtrot: Ow
2024-10-14 19:55:15.267554 Kilo: Whiskey, sending you 6
2024-10-14 19:55:15.270671 Kilo: Delta, sending you 4
chatterbot Lima submitting transactions
chatterbot Kilo submitting transactions
chatterbot Romeo submitting transactions
chatterbot Foxtrot submitting transactions
chatterbot Victor submitting transactions
chatterbot Whiskey submitting transactions
chatterbot Yankee submitting transactions
chatterbot X-ray submitting transactions
chatterbot Papa submitting transactions
chatterbot Delta submitting transactions
ChatterBot Foxtrot round 12
ChatterBot Papa round 12
ChatterBot Lima round 12
ChatterBot Victor round 12
ChatterBot Whiskey round 12
ChatterBot Romeo round 12
ChatterBot X-ray round 12
ChatterBot Yankee round 12
ChatterBot Delta round 12
ChatterBot Kilo round 12
2024-10-14 19:55:16.495801 Whiskey: We should replace Victor with X-ray
ChatterBot Kilo reevaluating
2024-10-14 19:55:16.504272 Delta: No
2024-10-14 19:55:16.504417 Kilo: No
ChatterBot Whiskey reevaluating
ChatterBot Kilo reevaluating
ChatterBot Whiskey reevaluating
2024-10-14 19:55:16.528453 Delta: We should drop Victor
ChatterBot Whiskey reevaluating
ChatterBot Kilo reevaluating
2024-10-14 19:55:16.535043 Whiskey: Yes
2024-10-14 19:55:16.535163 Kilo: Yes
ChatterBot Kilo reevaluating
ChatterBot Whiskey reevaluating
2024-10-14 19:55:16.547694 X-ray: We should drop Papa
ChatterBot Lima reevaluating
2024-10-14 19:55:16.558909 Foxtrot: No
2024-10-14 19:55:16.559060 Lima: No
2024-10-14 19:55:16.559172 Romeo: No
2024-10-14 19:55:16.559273 Yankee: No
ChatterBot X-ray reevaluating
ChatterBot Lima reevaluating
ChatterBot X-ray reevaluating
ChatterBot X-ray reevaluating
ChatterBot Lima reevaluating
ChatterBot X-ray reevaluating
ChatterBot Lima reevaluating
2024-10-14 19:55:16.607899 Victor: I was attacked by Papa and Romeo
2024-10-14 19:55:16.608134 Victor: I'm keeping this round to protect myself
2024-10-14 19:55:16.608336 Victor: Ow
2024-10-14 19:55:16.610687 Papa: Foxtrot, Romeo and Yankee, sending you 3
2024-10-14 19:55:16.611712 Foxtrot: Papa, sending you 4
2024-10-14 19:55:16.612968 Romeo: Foxtrot, Papa, X-ray and Yankee, sending you 1
2024-10-14 19:55:16.614065 Yankee: Foxtrot, sending you 3
2024-10-14 19:55:16.615668 Papa: Lima, sending you 5
2024-10-14 19:55:16.616316 Foxtrot: Lima and Yankee, sending you 3
2024-10-14 19:55:16.617662 Yankee: Papa, Lima, Romeo and X-ray, sending you 2
2024-10-14 19:55:16.619680 Foxtrot: Romeo, sending you 2
2024-10-14 19:55:16.623684 Kilo: Whiskey, sending you 5
2024-10-14 19:55:16.626678 Kilo: Delta, sending you 4
2024-10-14 19:55:16.629688 X-ray: Same as last round
chatterbot Yankee submitting transactions
chatterbot Romeo submitting transactions
chatterbot Kilo submitting transactions
chatterbot Papa submitting transactions
chatterbot Lima submitting transactions
chatterbot Victor submitting transactions
chatterbot Whiskey submitting transactions
chatterbot Foxtrot submitting transactions
chatterbot Delta submitting transactions
chatterbot X-ray submitting transactions
ChatterBot Foxtrot round 13
ChatterBot Papa round 13
ChatterBot Lima round 13
ChatterBot Victor round 13
ChatterBot Whiskey round 13
ChatterBot Romeo round 13
ChatterBot X-ray round 13
ChatterBot Yankee round 13
ChatterBot Delta round 13
ChatterBot Kilo round 13
2024-10-14 19:55:17.890369 Whiskey: We should replace Victor with Lima
ChatterBot Kilo reevaluating
2024-10-14 19:55:17.898603 Delta: No
2024-10-14 19:55:17.898762 Kilo: Yes
ChatterBot Whiskey reevaluating
ChatterBot Kilo reevaluating
ChatterBot Whiskey reevaluating
2024-10-14 19:55:17.927816 Delta: We should drop Victor
ChatterBot Whiskey reevaluating
2024-10-14 19:55:17.934690 Whiskey: Yes
2024-10-14 19:55:17.934866 Kilo: Yes
ChatterBot Whiskey reevaluating
2024-10-14 19:55:17.951689 Papa: Foxtrot and Lima, sending you 4
2024-10-14 19:55:17.952340 X-ray: Foxtrot, Romeo and Yankee, sending you 3
2024-10-14 19:55:17.953208 Romeo: Foxtrot, Papa, X-ray and Yankee, sending you 1
2024-10-14 19:55:17.954074 Yankee: Foxtrot, sending you 3
2024-10-14 19:55:17.954905 Foxtrot: Papa, Lima and Yankee, sending you 4
2024-10-14 19:55:17.955672 X-ray: Papa, sending you 2
2024-10-14 19:55:17.957270 Papa: Romeo and Yankee, sending you 3
2024-10-14 19:55:17.958275 Whiskey: Lima we want you to join our group
2024-10-14 19:55:17.961410 Lima: No
ChatterBot Whiskey reevaluating
2024-10-14 19:55:17.976640 Whiskey: We should replace Victor with X-ray
2024-10-14 19:55:17.988300 Delta: No
2024-10-14 19:55:17.988516 Kilo: No
ChatterBot Whiskey reevaluating
ChatterBot Whiskey reevaluating
2024-10-14 19:55:18.009662 Yankee: Papa, Lima, Romeo and X-ray, sending you 2
2024-10-14 19:55:18.010770 Foxtrot: Romeo, sending you 3
2024-10-14 19:55:18.011185 X-ray: Lima, sending you 4
2024-10-14 19:55:18.016670 Kilo: Lima, sending you 3
2024-10-14 19:55:18.021666 Kilo: Whiskey, sending you 5
2024-10-14 19:55:18.024664 Kilo: Delta, sending you 2
chatterbot Delta submitting transactions
chatterbot Foxtrot submitting transactions
chatterbot Kilo submitting transactions
chatterbot Whiskey submitting transactions
chatterbot Victor submitting transactions
chatterbot Papa submitting transactions
chatterbot X-ray submitting transactions
chatterbot Romeo submitting transactions
chatterbot Yankee submitting transactions
chatterbot Lima submitting transactions
ChatterBot Foxtrot round 14
ChatterBot Papa round 14
