ChatterBot Kilo round 1
ChatterBot Zulu round 1
ChatterBot Victor round 1
ChatterBot Sierra round 1
ChatterBot Papa round 1
ChatterBot X-ray round 1
ChatterBot Golf round 1
ChatterBot Tango round 1
ChatterBot Bravo round 1
ChatterBot Juliett round 1
randomSelections Kilo: {Kilo, Juliett, Sierra, Bravo, X-ray, Zulu} 
2024-10-14 19:55:00.764097 Kilo: Friends?
ChatterBot Juliett reevaluating
ChatterBot Sierra reevaluating
ChatterBot Bravo reevaluating
ChatterBot X-ray reevaluating
ChatterBot Zulu reevaluating
2024-10-14 19:55:00.776502 Juliett: Yes
2024-10-14 19:55:00.776657 Sierra: Yes
2024-10-14 19:55:00.776772 Bravo: Yes
2024-10-14 19:55:00.776907 X-ray: Yes
2024-10-14 19:55:00.777015 Zulu: Yes
ChatterBot Sierra reevaluating
ChatterBot Bravo reevaluating
ChatterBot X-ray reevaluating
ChatterBot Zulu reevaluating
ChatterBot Juliett reevaluating
ChatterBot Bravo reevaluating
ChatterBot X-ray reevaluating
ChatterBot Zulu reevaluating
ChatterBot Juliett reevaluating
ChatterBot Sierra reevaluating
ChatterBot X-ray reevaluating
ChatterBot Zulu reevaluating
ChatterBot Juliett reevaluating
ChatterBot Sierra reevaluating
ChatterBot Bravo reevaluating
ChatterBot Zulu reevaluating
ChatterBot Juliett reevaluating
ChatterBot Sierra reevaluating
ChatterBot Bravo reevaluating
ChatterBot X-ray reevaluating
randomSelections Victor: {Victor, Kilo, Sierra, Juliett, Zulu, Bravo} 
2024-10-14 19:55:00.852587 Victor: We would work well together
ChatterBot Sierra reevaluating
ChatterBot Juliett reevaluating
ChatterBot Zulu reevaluating
ChatterBot Bravo reevaluating
2024-10-14 19:55:00.865501 Kilo: No
2024-10-14 19:55:00.865724 Sierra: No
2024-10-14 19:55:00.865909 Juliett: No
2024-10-14 19:55:00.866117 Zulu: No
2024-10-14 19:55:00.866798 Bravo: No
ChatterBot Sierra reevaluating
ChatterBot Juliett reevaluating
ChatterBot Zulu reevaluating
ChatterBot Bravo reevaluating
ChatterBot Juliett reevaluating
ChatterBot Zulu reevaluating
ChatterBot Bravo reevaluating
ChatterBot Sierra reevaluating
ChatterBot Zulu reevaluating
ChatterBot Bravo reevaluating
ChatterBot Sierra reevaluating
ChatterBot Juliett reevaluating
ChatterBot Bravo reevaluating
ChatterBot Sierra reevaluating
ChatterBot Juliett reevaluating
ChatterBot Zulu reevaluating
randomSelections Tango: {Tango, Golf, Sierra, Juliett, Kilo, Zulu} 
2024-10-14 19:55:01.001582 Tango: Let's form a team
ChatterBot Golf reevaluating
ChatterBot Sierra reevaluating
ChatterBot Juliett reevaluating
ChatterBot Zulu reevaluating
2024-10-14 19:55:01.009685 Golf: Yes
2024-10-14 19:55:01.009801 Sierra: No
2024-10-14 19:55:01.010520 Juliett: No
2024-10-14 19:55:01.010693 Kilo: No
2024-10-14 19:55:01.010799 Zulu: No
ChatterBot Sierra reevaluating
ChatterBot Juliett reevaluating
ChatterBot Zulu reevaluating
ChatterBot Golf reevaluating
ChatterBot Juliett reevaluating
ChatterBot Zulu reevaluating
ChatterBot Golf reevaluating
ChatterBot Sierra reevaluating
ChatterBot Zulu reevaluating
ChatterBot Golf reevaluating
ChatterBot Sierra reevaluating
ChatterBot Juliett reevaluating
ChatterBot Zulu reevaluating
ChatterBot Golf reevaluating
ChatterBot Sierra reevaluating
ChatterBot Juliett reevaluating
randomSelections Papa: {Papa, Tango, Sierra, Kilo, X-ray, Bravo} 
2024-10-14 19:55:01.053362 Papa: We should group up
ChatterBot Sierra reevaluating
ChatterBot X-ray reevaluating
ChatterBot Bravo reevaluating
2024-10-14 19:55:01.059572 Tango: No
2024-10-14 19:55:01.059829 Sierra: No
2024-10-14 19:55:01.060706 Kilo: No
2024-10-14 19:55:01.060851 X-ray: No
2024-10-14 19:55:01.060982 Bravo: No
ChatterBot Sierra reevaluating
ChatterBot X-ray reevaluating
ChatterBot Bravo reevaluating
ChatterBot X-ray reevaluating
ChatterBot Bravo reevaluating
ChatterBot Sierra reevaluating
ChatterBot X-ray reevaluating
ChatterBot Bravo reevaluating
ChatterBot Sierra reevaluating
ChatterBot Bravo reevaluating
ChatterBot Sierra reevaluating
ChatterBot X-ray reevaluating
2024-10-14 19:55:01.114687 Kilo: Zulu and Juliett, sending you 3
2024-10-14 19:55:01.115326 Bravo: Kilo and Sierra, sending you 4
2024-10-14 19:55:01.115880 Juliett: Kilo and X-ray, sending you 3
2024-10-14 19:55:01.116672 Papa: Kilo, sending you 2
2024-10-14 19:55:01.118056 Tango: Kilo and Sierra, sending you 4
2024-10-14 19:55:01.118782 Victor: Kilo, sending you 5
2024-10-14 19:55:01.119522 Kilo: Sierra and Bravo, sending you 4
2024-10-14 19:55:01.120843 Bravo: Zulu, sending you 2
2024-10-14 19:55:01.121533 Zulu: Kilo and Bravo, sending you 5
2024-10-14 19:55:01.122062 Papa: Sierra, sending you 8
2024-10-14 19:55:01.122560 Juliett: Zulu, sending you 1
2024-10-14 19:55:01.123953 Victor: Zulu, sending you 4
2024-10-14 19:55:01.124608 X-ray: Kilo, Zulu and Juliett, sending you 4
2024-10-14 19:55:01.125526 Tango: Zulu, sending you 5
2024-10-14 19:55:01.125811 Bravo: X-ray, sending you 5
2024-10-14 19:55:01.126093 Kilo: X-ray, sending you 1
2024-10-14 19:55:01.128219 Zulu: Sierra, sending you 3
2024-10-14 19:55:01.128525 Papa: X-ray, sending you 1
2024-10-14 19:55:01.129243 Sierra: Kilo, sending you 4
2024-10-14 19:55:01.129690 Juliett: Sierra, sending you 4
2024-10-14 19:55:01.130203 Victor: Sierra, sending you 1
2024-10-14 19:55:01.131359 X-ray: Sierra and Bravo, sending you 2
2024-10-14 19:55:01.131870 Bravo: Juliett, sending you 1
2024-10-14 19:55:01.132439 Tango: Golf and Juliett, sending you 1
2024-10-14 19:55:01.132892 Golf: Kilo and Tango, sending you 4
2024-10-14 19:55:01.133459 Zulu: X-ray and Juliett, sending you 1
2024-10-14 19:55:01.134629 Papa: Tango, sending you 3
2024-10-14 19:55:01.135145 Sierra: Zulu and Juliett, sending you 2
2024-10-14 19:55:01.135603 Juliett: Bravo, sending you 6
2024-10-14 19:55:01.136152 Victor: Bravo, sending you 2
2024-10-14 19:55:01.136675 Golf: Zulu, Sierra and Juliett, sending you 3
2024-10-14 19:55:01.138693 Papa: Bravo, sending you 4
2024-10-14 19:55:01.139219 Victor: Juliett, sending you 3
2024-10-14 19:55:01.139669 Sierra: X-ray and Bravo, sending you 3
chatterbot Bravo submitting transactions
chatterbot Kilo submitting transactions
chatterbot Tango submitting transactions
chatterbot Zulu submitting transactions
chatterbot X-ray submitting transactions
chatterbot Victor submitting transactions
chatterbot Golf submitting transactions
chatterbot Papa submitting transactions
chatterbot Sierra submitting transactions
chatterbot Juliett submitting transactions
ChatterBot Kilo round 2
ChatterBot Zulu round 2
ChatterBot Victor round 2
ChatterBot Sierra round 2
ChatterBot Papa round 2
ChatterBot X-ray round 2
ChatterBot Golf round 2
ChatterBot Tango round 2
ChatterBot Bravo round 2
ChatterBot Juliett round 2
2024-10-14 19:55:03.622130 Papa: We would work well together
ChatterBot Kilo reevaluating
ChatterBot Zulu reevaluating
ChatterBot Victor reevaluating
ChatterBot Sierra reevaluating
ChatterBot X-ray reevaluating
ChatterBot Bravo reevaluating
ChatterBot Juliett reevaluating
2024-10-14 19:55:03.649263 Kilo: Yes
2024-10-14 19:55:03.649642 Zulu: No
2024-10-14 19:55:03.649878 Victor: Yes
2024-10-14 19:55:03.650069 Sierra: No
2024-10-14 19:55:03.650641 X-ray: No
2024-10-14 19:55:03.650828 Bravo: Yes
2024-10-14 19:55:03.651006 Juliett: No
ChatterBot Zulu reevaluating
ChatterBot Victor reevaluating
ChatterBot Sierra reevaluating
ChatterBot X-ray reevaluating
ChatterBot Bravo reevaluating
ChatterBot Juliett reevaluating
ChatterBot Papa reevaluating
ChatterBot Kilo reevaluating
ChatterBot Victor reevaluating
ChatterBot Sierra reevaluating
ChatterBot X-ray reevaluating
ChatterBot Bravo reevaluating
ChatterBot Juliett reevaluating
ChatterBot Papa reevaluating
ChatterBot Kilo reevaluating
ChatterBot Zulu reevaluating
ChatterBot Sierra reevaluating
ChatterBot X-ray reevaluating
ChatterBot Bravo reevaluating
ChatterBot Juliett reevaluating
ChatterBot Papa reevaluating
ChatterBot Kilo reevaluating
ChatterBot Zulu reevaluating
ChatterBot Victor reevaluating
ChatterBot X-ray reevaluating
ChatterBot Bravo reevaluating
ChatterBot Juliett reevaluating
ChatterBot Papa reevaluating
ChatterBot Kilo reevaluating
ChatterBot Zulu reevaluating
ChatterBot Victor reevaluating
ChatterBot Sierra reevaluating
ChatterBot Bravo reevaluating
ChatterBot Juliett reevaluating
ChatterBot Papa reevaluating
ChatterBot Kilo reevaluating
ChatterBot Zulu reevaluating
ChatterBot Victor reevaluating
ChatterBot Sierra reevaluating
ChatterBot X-ray reevaluating
ChatterBot Juliett reevaluating
ChatterBot Papa reevaluating
ChatterBot Kilo reevaluating
ChatterBot Zulu reevaluating
ChatterBot Victor reevaluating
ChatterBot Sierra reevaluating
ChatterBot X-ray reevaluating
ChatterBot Bravo reevaluating
2024-10-14 19:55:03.854386 Victor: We should add Papa and X-ray
2024-10-14 19:55:03.855211 X-ray: We should add Victor and Papa
2024-10-14 19:55:03.855449 Bravo: We should add Victor and Papa
ChatterBot Kilo reevaluating
ChatterBot Sierra reevaluating
ChatterBot Juliett reevaluating
ChatterBot Zulu reevaluating
ChatterBot Bravo reevaluating
2024-10-14 19:55:03.874602 Kilo: Yes
ChatterBot Kilo reevaluating
2024-10-14 19:55:03.878585 Sierra: Yes
ChatterBot Sierra reevaluating
2024-10-14 19:55:03.882880 Juliett: No
ChatterBot Juliett reevaluating
2024-10-14 19:55:03.886937 Zulu: No
ChatterBot Zulu reevaluating
2024-10-14 19:55:03.891037 Bravo: Yes
ChatterBot Bravo reevaluating
ChatterBot X-ray reevaluating
2024-10-14 19:55:03.898558 Kilo: Yes
ChatterBot Kilo reevaluating
2024-10-14 19:55:03.902527 Sierra: Yes
ChatterBot Sierra reevaluating
2024-10-14 19:55:03.906792 Juliett: Yes
ChatterBot Juliett reevaluating
2024-10-14 19:55:03.910938 Zulu: No
ChatterBot Zulu reevaluating
2024-10-14 19:55:03.914939 Bravo: Yes
2024-10-14 19:55:03.915109 X-ray: Yes
ChatterBot Victor reevaluating
2024-10-14 19:55:03.919447 Kilo: Yes
2024-10-14 19:55:03.920127 Sierra: Yes
ChatterBot Sierra reevaluating
2024-10-14 19:55:03.923827 Juliett: Yes
ChatterBot Juliett reevaluating
2024-10-14 19:55:03.927678 Zulu: No
ChatterBot Zulu reevaluating
ChatterBot Bravo reevaluating
ChatterBot Victor reevaluating
ChatterBot X-ray reevaluating
ChatterBot Kilo reevaluating
ChatterBot Juliett reevaluating
ChatterBot Zulu reevaluating
ChatterBot Bravo reevaluating
ChatterBot Victor reevaluating
ChatterBot X-ray reevaluating
ChatterBot Kilo reevaluating
ChatterBot Sierra reevaluating
ChatterBot Zulu reevaluating
ChatterBot Bravo reevaluating
ChatterBot Victor reevaluating
ChatterBot X-ray reevaluating
ChatterBot Kilo reevaluating
ChatterBot Sierra reevaluating
ChatterBot Juliett reevaluating
ChatterBot Bravo reevaluating
ChatterBot Victor reevaluating
ChatterBot X-ray reevaluating
ChatterBot Kilo reevaluating
ChatterBot Sierra reevaluating
ChatterBot Juliett reevaluating
ChatterBot Zulu reevaluating
ChatterBot X-ray reevaluating
ChatterBot Sierra reevaluating
ChatterBot Juliett reevaluating
ChatterBot Zulu reevaluating
ChatterBot Bravo reevaluating
ChatterBot Kilo reevaluating
ChatterBot Juliett reevaluating
ChatterBot Zulu reevaluating
ChatterBot Bravo reevaluating
ChatterBot X-ray reevaluating
ChatterBot Kilo reevaluating
ChatterBot Sierra reevaluating
ChatterBot Zulu reevaluating
ChatterBot Bravo reevaluating
ChatterBot X-ray reevaluating
ChatterBot Kilo reevaluating
ChatterBot Sierra reevaluating
ChatterBot Juliett reevaluating
ChatterBot Bravo reevaluating
ChatterBot X-ray reevaluating
ChatterBot Kilo reevaluating
ChatterBot Sierra reevaluating
ChatterBot Juliett reevaluating
ChatterBot Zulu reevaluating
ChatterBot X-ray reevaluating
ChatterBot Kilo reevaluating
ChatterBot Sierra reevaluating
ChatterBot Juliett reevaluating
ChatterBot Zulu reevaluating
ChatterBot Bravo reevaluating
ChatterBot Sierra reevaluating
ChatterBot Juliett reevaluating
ChatterBot Zulu reevaluating
ChatterBot Bravo reevaluating
ChatterBot Kilo reevaluating
ChatterBot Juliett reevaluating
ChatterBot Zulu reevaluating
ChatterBot Bravo reevaluating
ChatterBot Kilo reevaluating
ChatterBot Sierra reevaluating
ChatterBot Zulu reevaluating
ChatterBot Bravo reevaluating
ChatterBot Kilo reevaluating
ChatterBot Sierra reevaluating
ChatterBot Juliett reevaluating
ChatterBot Bravo reevaluating
2024-10-14 19:55:04.323719 Golf: Let's form a team
ChatterBot Tango reevaluating
2024-10-14 19:55:04.330162 Tango: Yes
2024-10-14 19:55:04.335253 Tango: Friends?
ChatterBot Golf reevaluating
ChatterBot Papa reevaluating
2024-10-14 19:55:04.346304 Golf: Yes
2024-10-14 19:55:04.346852 Papa: No
ChatterBot Tango reevaluating
ChatterBot Papa reevaluating
ChatterBot Tango reevaluating
ChatterBot Golf reevaluating
2024-10-14 19:55:04.412512 X-ray: Victor and Papa we want you to join our group
2024-10-14 19:55:04.422357 Papa: Yes
2024-10-14 19:55:04.422765 Victor: Yes
ChatterBot Kilo reevaluating
ChatterBot Kilo reevaluating
ChatterBot Juliett reevaluating
2024-10-14 19:55:04.491289 Victor: Papa and X-ray we want you to join our group
2024-10-14 19:55:04.501851 Papa: Yes
2024-10-14 19:55:04.502045 X-ray: Yes
ChatterBot Kilo reevaluating
ChatterBot Zulu reevaluating
ChatterBot Juliett reevaluating
ChatterBot Kilo reevaluating
ChatterBot Zulu reevaluating
ChatterBot Sierra reevaluating
ChatterBot Juliett reevaluating
2024-10-14 19:55:04.571555 Bravo: Victor and Papa we want you to join our group
2024-10-14 19:55:04.580671 Papa: Yes
2024-10-14 19:55:04.581342 Victor: Yes
ChatterBot Kilo reevaluating
ChatterBot Zulu reevaluating
ChatterBot Sierra reevaluating
ChatterBot Juliett reevaluating
ChatterBot Kilo reevaluating
ChatterBot Zulu reevaluating
ChatterBot Sierra reevaluating
ChatterBot Juliett reevaluating
2024-10-14 19:55:04.667944 Tango: Papa, sending you 7
2024-10-14 19:55:04.668347 Papa: Kilo, Zulu, Victor, Sierra, X-ray and Bravo, sending you 3
2024-10-14 19:55:04.668975 Golf: Papa, sending you 6
2024-10-14 19:55:04.672661 Tango: Golf, sending you 8
2024-10-14 19:55:04.672927 Papa: Juliett, sending you 1
2024-10-14 19:55:04.674360 Bravo: Kilo, Zulu and Papa, sending you 3
2024-10-14 19:55:05.892093 Golf: Tango, sending you 11
2024-10-14 19:55:05.892995 X-ray: Kilo, Zulu and Papa, sending you 2
2024-10-14 19:55:05.893604 Victor: Kilo and Zulu, sending you 3
2024-10-14 19:55:05.894654 Sierra: Victor and Papa we want you to join our group
2024-10-14 19:55:05.905602 Papa: Yes
2024-10-14 19:55:05.905808 Victor: Yes
ChatterBot Zulu reevaluating
ChatterBot Sierra reevaluating
ChatterBot Juliett reevaluating
ChatterBot Zulu reevaluating
ChatterBot Sierra reevaluating
ChatterBot Juliett reevaluating
2024-10-14 19:55:05.984948 Bravo: Victor and Sierra, sending you 2
chatterbot Papa submitting transactions
chatterbot X-ray submitting transactions
chatterbot Victor submitting transactions
chatterbot Bravo submitting transactions
chatterbot Golf submitting transactions
chatterbot Tango submitting transactions
2024-10-14 19:55:05.987103 X-ray: Victor, sending you 1
2024-10-14 19:55:05.988536 Victor: Sierra, Papa, X-ray, Bravo and Juliett, sending you 2
2024-10-14 19:55:05.989509 Bravo: X-ray, sending you 1
2024-10-14 19:55:05.990849 Kilo: Zulu, Victor, Sierra, X-ray, Golf, Tango and Bravo, sending you 2
2024-10-14 19:55:05.991817 X-ray: Sierra and Juliett, sending you 3
2024-10-14 19:55:05.995280 Bravo: Juliett, sending you 4
2024-10-14 19:55:05.996598 Kilo: Juliett, sending you 1
2024-10-14 19:55:05.997723 X-ray: Bravo, sending you 4
2024-10-14 19:55:06.006700 Zulu: Kilo, Victor, Sierra, X-ray, Golf, Tango and Bravo, sending you 2
2024-10-14 19:55:06.010328 Juliett: Kilo, Zulu, Victor, Sierra, Papa, Golf and Bravo, sending you 2
2024-10-14 19:55:06.011707 Zulu: Juliett, sending you 1
2024-10-14 19:55:06.013694 Juliett: X-ray, sending you 3
2024-10-14 19:55:06.014705 Sierra: Kilo, Zulu, X-ray, Bravo and Juliett, sending you 2
2024-10-14 19:55:06.019689 Sierra: Victor, sending you 1
2024-10-14 19:55:06.022948 Sierra: Papa, sending you 3
chatterbot Kilo submitting transactions
chatterbot Sierra submitting transactions
chatterbot Juliett submitting transactions
chatterbot Zulu submitting transactions
ChatterBot Kilo round 3
ChatterBot Zulu round 3
ChatterBot Victor round 3
ChatterBot Sierra round 3
ChatterBot Papa round 3
ChatterBot X-ray round 3
ChatterBot Golf round 3
ChatterBot Tango round 3
ChatterBot Bravo round 3
ChatterBot Juliett round 3
2024-10-14 19:55:06.944679 Victor: We should drop Zulu
ChatterBot Juliett reevaluating
2024-10-14 19:55:06.966659 Sierra: Yes
2024-10-14 19:55:06.966862 Kilo: No
2024-10-14 19:55:06.967054 Papa: No
2024-10-14 19:55:06.967211 X-ray: No
2024-10-14 19:55:06.967922 Bravo: No
2024-10-14 19:55:06.968090 Juliett: No
ChatterBot Juliett reevaluating
ChatterBot Juliett reevaluating
ChatterBot Juliett reevaluating
ChatterBot Juliett reevaluating
ChatterBot Juliett reevaluating
2024-10-14 19:55:07.073722 Golf: We should replace Papa with Zulu
ChatterBot Tango reevaluating
2024-10-14 19:55:07.078994 Tango: No
2024-10-14 19:55:07.093741 Zulu: We should drop Golf and Tango
ChatterBot Juliett reevaluating
2024-10-14 19:55:07.122811 Papa: Yes
2024-10-14 19:55:07.123005 Kilo: Yes
2024-10-14 19:55:07.123156 Victor: Yes
2024-10-14 19:55:07.123310 Sierra: Yes
2024-10-14 19:55:07.123461 X-ray: Yes
2024-10-14 19:55:07.123684 Bravo: Yes
2024-10-14 19:55:07.124255 Juliett: Yes
ChatterBot Juliett reevaluating
ChatterBot Juliett reevaluating
ChatterBot Juliett reevaluating
ChatterBot Juliett reevaluating
ChatterBot Juliett reevaluating
ChatterBot Juliett reevaluating
2024-10-14 19:55:07.402060 Golf: Zulu we want you to join our group
2024-10-14 19:55:07.405517 Zulu: No
ChatterBot Tango reevaluating
2024-10-14 19:55:07.412900 Juliett: We should drop Golf
2024-10-14 19:55:07.438506 Papa: Yes
2024-10-14 19:55:07.438985 Kilo: Yes
2024-10-14 19:55:07.440129 Zulu: Yes
2024-10-14 19:55:07.440517 Victor: Yes
2024-10-14 19:55:07.440682 Sierra: Yes
2024-10-14 19:55:07.441044 X-ray: Yes
2024-10-14 19:55:07.441279 Bravo: Yes
2024-10-14 19:55:07.586608 Papa: Victor, sending you 2
2024-10-14 19:55:07.589685 Victor: Kilo, Sierra, Papa, Bravo and Juliett, sending you 3
2024-10-14 19:55:07.591321 Papa: Sierra, sending you 6
2024-10-14 19:55:07.591975 Zulu: Kilo, Sierra, Papa, X-ray, Bravo and Juliett, sending you 2
2024-10-14 19:55:07.593260 Kilo: Zulu, Victor, Sierra, Papa, X-ray and Juliett, sending you 2
2024-10-14 19:55:07.594025 Bravo: Kilo, Zulu, X-ray and Juliett, sending you 3
2024-10-14 19:55:07.594728 X-ray: Kilo, Zulu, Victor and Papa, sending you 2
2024-10-14 19:55:07.596079 Victor: X-ray, sending you 1
2024-10-14 19:55:07.596661 Papa: X-ray and Juliett, sending you 3
2024-10-14 19:55:07.598239 Zulu: Victor, sending you 3
2024-10-14 19:55:07.598810 Bravo: Victor, Sierra and Papa, sending you 2
2024-10-14 19:55:07.600171 Kilo: Bravo, sending you 3
2024-10-14 19:55:07.600699 X-ray: Sierra, Bravo and Juliett, sending you 3
2024-10-14 19:55:07.601272 Sierra: Kilo, Victor, X-ray, Bravo and Juliett, sending you 2
2024-10-14 19:55:07.602232 Golf: Zulu, sending you 7
2024-10-14 19:55:07.602679 Tango: Sending you 9
2024-10-14 19:55:07.603094 Papa: Bravo, sending you 5
2024-10-14 19:55:07.604355 Juliett: Kilo, Zulu, Victor, Sierra and Papa, sending you 2
2024-10-14 19:55:07.605054 Sierra: Papa, sending you 4
2024-10-14 19:55:07.608027 Golf: Tango, sending you 10
2024-10-14 19:55:07.608322 Juliett: X-ray, sending you 4
2024-10-14 19:55:07.612331 Juliett: Bravo, sending you 3
chatterbot Sierra submitting transactions
chatterbot Kilo submitting transactions
chatterbot Tango submitting transactions
chatterbot Golf submitting transactions
chatterbot Papa submitting transactions
chatterbot Victor submitting transactions
chatterbot X-ray submitting transactions
chatterbot Bravo submitting transactions
chatterbot Zulu submitting transactions
chatterbot Juliett submitting transactions
ChatterBot Kilo round 4
ChatterBot Zulu round 4
ChatterBot Victor round 4
ChatterBot Sierra round 4
ChatterBot Papa round 4
ChatterBot X-ray round 4
ChatterBot Golf round 4
ChatterBot Tango round 4
ChatterBot Bravo round 4
ChatterBot Juliett round 4
2024-10-14 19:55:08.418988 Golf: We should drop Zulu
2024-10-14 19:55:08.424784 Tango: Yes
2024-10-14 19:55:08.435066 Zulu: Kilo, Victor, Sierra, Papa, X-ray and Juliett, sending you 2
2024-10-14 19:55:08.437677 Kilo: Zulu, Victor, Sierra, Papa, X-ray and Juliett, sending you 2
2024-10-14 19:55:08.439869 Sierra: Kilo, Victor, X-ray, Bravo and Juliett, sending you 2
2024-10-14 19:55:08.440517 X-ray: Kilo, Zulu, Victor and Papa, sending you 2
2024-10-14 19:55:08.441780 Zulu: Bravo, sending you 3
2024-10-14 19:55:08.443181 Kilo: Bravo, sending you 3
2024-10-14 19:55:08.445606 Tango: Same as last round
2024-10-14 19:55:08.446391 Sierra: Papa, sending you 4
2024-10-14 19:55:08.448069 Bravo: Kilo, Zulu, Papa, X-ray and Juliett, sending you 3
2024-10-14 19:55:08.449870 Papa: Kilo, Zulu, X-ray and Juliett, sending you 2
2024-10-14 19:55:08.451497 X-ray: Sierra, Bravo and Juliett, sending you 3
2024-10-14 19:55:08.453212 Victor: Kilo, Sierra, Papa, Bravo and Juliett, sending you 3
2024-10-14 19:55:08.454814 Bravo: Victor, sending you 1
2024-10-14 19:55:08.456450 Papa: Victor and Bravo, sending you 3
2024-10-14 19:55:08.457755 Victor: X-ray, sending you 1
2024-10-14 19:55:08.459198 Golf: Sending you 17
2024-10-14 19:55:08.460300 Bravo: Sierra, sending you 2
2024-10-14 19:55:08.462561 Papa: Sierra, sending you 5
chatterbot Sierra submitting transactions
chatterbot Victor submitting transactions
chatterbot Bravo submitting transactions
chatterbot Golf submitting transactions
chatterbot Tango submitting transactions
chatterbot Juliett submitting transactions
chatterbot Papa submitting transactions
chatterbot Zulu submitting transactions
chatterbot Kilo submitting transactions
chatterbot X-ray submitting transactions
ChatterBot Kilo round 5
ChatterBot Zulu round 5
ChatterBot Victor round 5
ChatterBot Sierra round 5
ChatterBot Papa round 5
ChatterBot X-ray round 5
ChatterBot Golf round 5
ChatterBot Tango round 5
ChatterBot Bravo round 5
ChatterBot Juliett round 5
2024-10-14 19:55:09.537835 Victor: We should replace Juliett with Zulu
ChatterBot Sierra reevaluating
2024-10-14 19:55:09.551795 Kilo: No
2024-10-14 19:55:09.552750 Sierra: Yes
2024-10-14 19:55:09.553003 Papa: No
2024-10-14 19:55:09.553206 X-ray: No
2024-10-14 19:55:09.553526 Bravo: No
ChatterBot Sierra reevaluating
ChatterBot Sierra reevaluating
ChatterBot Sierra reevaluating
ChatterBot Sierra reevaluating
2024-10-14 19:55:09.627559 Tango: We should add Kilo
ChatterBot Golf reevaluating
2024-10-14 19:55:09.630382 Golf: Yes
2024-10-14 19:55:09.640157 Victor: Zulu we want you to join our group
2024-10-14 19:55:09.644545 Zulu: Yes
ChatterBot Sierra reevaluating
2024-10-14 19:55:09.661056 Tango: Kilo we want you to join our group
2024-10-14 19:55:09.663503 Kilo: No
ChatterBot Golf reevaluating
2024-10-14 19:55:09.668472 Zulu: Kilo, Victor, Sierra, Papa, X-ray and Juliett, sending you 2
2024-10-14 19:55:09.669677 Sierra: Zulu we want you to join our group
2024-10-14 19:55:09.672829 Zulu: Yes
2024-10-14 19:55:09.687161 Papa: Kilo, Zulu and X-ray, sending you 2
2024-10-14 19:55:09.687829 Kilo: Zulu, Victor, Sierra, Papa, X-ray and Juliett, sending you 2
2024-10-14 19:55:09.688457 Zulu: Bravo, sending you 3
2024-10-14 19:55:09.691824 Victor: Kilo, Zulu, Sierra, Papa and Bravo, sending you 3
2024-10-14 19:55:09.692363 Tango: Kilo, sending you 6
2024-10-14 19:55:09.692689 Papa: Victor and Bravo, sending you 3
2024-10-14 19:55:09.693355 Kilo: Bravo, sending you 3
2024-10-14 19:55:09.693918 X-ray: Kilo, Zulu, Victor, Papa and Juliett, sending you 2
2024-10-14 19:55:09.694819 Bravo: Kilo, Zulu, Papa and X-ray, sending you 3
2024-10-14 19:55:09.695314 Juliett: Kilo, Zulu, Victor, Sierra and Papa, sending you 2
2024-10-14 19:55:09.695833 Tango: Golf, sending you 5
2024-10-14 19:55:09.696068 Victor: X-ray, sending you 1
2024-10-14 19:55:09.696349 Papa: Sierra, sending you 6
2024-10-14 19:55:09.697688 X-ray: Sierra, sending you 3
2024-10-14 19:55:09.700070 Bravo: Victor, Sierra and Juliett, sending you 2
2024-10-14 19:55:09.700763 Juliett: X-ray, sending you 3
2024-10-14 19:55:09.701419 Sierra: Kilo, Zulu, Victor, X-ray and Bravo, sending you 2
2024-10-14 19:55:09.701819 Papa: Juliett, sending you 1
2024-10-14 19:55:09.702934 X-ray: Bravo, sending you 4
2024-10-14 19:55:09.703674 Juliett: Bravo, sending you 4
2024-10-14 19:55:09.705684 Sierra: Papa, sending you 4
chatterbot X-ray submitting transactions
chatterbot Sierra submitting transactions
chatterbot Juliett submitting transactions
chatterbot Victor submitting transactions
chatterbot Golf submitting transactions
chatterbot Tango submitting transactions
chatterbot Bravo submitting transactions
chatterbot Papa submitting transactions
chatterbot Kilo submitting transactions
chatterbot Zulu submitting transactions
ChatterBot Kilo round 6
ChatterBot Zulu round 6
ChatterBot Victor round 6
ChatterBot Sierra round 6
ChatterBot Papa round 6
ChatterBot X-ray round 6
ChatterBot Golf round 6
ChatterBot Tango round 6
ChatterBot Bravo round 6
ChatterBot Juliett round 6
2024-10-14 19:55:10.814698 X-ray: Kilo, Zulu, Victor and Papa, sending you 2
2024-10-14 19:55:10.816691 Kilo: Zulu, Victor, Sierra, Papa, X-ray and Juliett, sending you 2
2024-10-14 19:55:10.818690 Zulu: Kilo, Victor, Sierra, Papa, X-ray and Juliett, sending you 2
2024-10-14 19:55:10.819458 X-ray: Sierra, Bravo and Juliett, sending you 3
2024-10-14 19:55:10.820267 Papa: Kilo, Zulu, X-ray and Juliett, sending you 2
2024-10-14 19:55:10.820884 Bravo: Kilo, Zulu, Papa, X-ray and Juliett, sending you 3
2024-10-14 19:55:10.821505 Victor: Kilo, Zulu, Sierra, Papa and Bravo, sending you 3
2024-10-14 19:55:10.821949 Kilo: Bravo, sending you 3
2024-10-14 19:55:10.823604 Sierra: Kilo, Zulu, Victor, X-ray and Bravo, sending you 2
2024-10-14 19:55:10.824064 Tango: Kilo and Golf, sending you 6
2024-10-14 19:55:10.824308 Zulu: Bravo, sending you 3
2024-10-14 19:55:10.824841 Bravo: Victor, sending you 1
2024-10-14 19:55:10.825428 Victor: X-ray, sending you 1
2024-10-14 19:55:10.825773 Papa: Victor and Bravo, sending you 3
2024-10-14 19:55:10.828157 Sierra: Papa, sending you 4
2024-10-14 19:55:10.828642 Bravo: Sierra, sending you 2
2024-10-14 19:55:10.829369 Papa: Sierra, sending you 5
chatterbot Zulu submitting transactions
chatterbot Sierra submitting transactions
chatterbot Papa submitting transactions
chatterbot Victor submitting transactions
chatterbot Kilo submitting transactions
chatterbot X-ray submitting transactions
chatterbot Juliett submitting transactions
chatterbot Bravo submitting transactions
chatterbot Tango submitting transactions
chatterbot Golf submitting transactions
ChatterBot Kilo round 7
ChatterBot Zulu round 7
ChatterBot Victor round 7
ChatterBot Sierra round 7
ChatterBot Papa round 7
ChatterBot X-ray round 7
ChatterBot Golf round 7
ChatterBot Tango round 7
ChatterBot Bravo round 7
ChatterBot Juliett round 7
2024-10-14 19:55:11.984978 Papa: We should drop Juliett
2024-10-14 19:55:11.998210 Victor: Yes
2024-10-14 19:55:11.998384 Kilo: No
2024-10-14 19:55:11.998519 Zulu: No
2024-10-14 19:55:11.998652 Sierra: Yes
2024-10-14 19:55:11.998781 X-ray: No
2024-10-14 19:55:11.998899 Bravo: No
ChatterBot Papa reevaluating
ChatterBot Papa reevaluating
ChatterBot Papa reevaluating
ChatterBot Papa reevaluating
ChatterBot Papa reevaluating
ChatterBot Papa reevaluating
2024-10-14 19:55:12.072604 Golf: I was attacked by Juliett
ChatterBot Tango reevaluating
ChatterBot Kilo reevaluating
2024-10-14 19:55:12.077423 Golf: I'm keeping this round to protect myself
2024-10-14 19:55:12.077919 Golf: Ow
2024-10-14 19:55:12.081684 Zulu: Kilo, Victor, Sierra, Papa, X-ray and Juliett, sending you 2
2024-10-14 19:55:12.082716 Victor: Kilo, Zulu, Sierra, Papa and X-ray, sending you 3
2024-10-14 19:55:12.086672 Zulu: Bravo, sending you 3
2024-10-14 19:55:12.087699 Victor: Bravo, sending you 1
2024-10-14 19:55:12.091682 Bravo: Kilo, Zulu, Papa and X-ray, sending you 3
2024-10-14 19:55:12.092880 Sierra: Kilo, Zulu, Victor, X-ray and Bravo, sending you 2
2024-10-14 19:55:12.094909 Juliett: Kilo, Zulu, Victor, Sierra and Papa, sending you 2
2024-10-14 19:55:12.095652 Sierra: Papa, sending you 4
2024-10-14 19:55:12.097674 Bravo: Victor, Sierra and Juliett, sending you 2
2024-10-14 19:55:12.098468 X-ray: Kilo, Zulu, Victor, Papa and Juliett, sending you 2
2024-10-14 19:55:12.099745 Juliett: X-ray, sending you 3
2024-10-14 19:55:12.103689 Juliett: Bravo, sending you 4
2024-10-14 19:55:12.104700 X-ray: Sierra, sending you 3
2024-10-14 19:55:12.105400 Tango: Kilo, sending you 6
2024-10-14 19:55:12.108670 Kilo: Zulu, Victor, Sierra, Papa, X-ray and Juliett, sending you 2
2024-10-14 19:55:12.109495 X-ray: Bravo, sending you 4
2024-10-14 19:55:12.110687 Papa: Kilo, Zulu and X-ray, sending you 2
2024-10-14 19:55:12.111137 Tango: Golf, sending you 5
2024-10-14 19:55:12.112668 Kilo: Bravo, sending you 3
2024-10-14 19:55:12.115653 Papa: Victor, sending you 3
2024-10-14 19:55:12.119677 Papa: Sierra, sending you 6
2024-10-14 19:55:12.124652 Papa: Bravo, sending you 4
chatterbot X-ray submitting transactions
chatterbot Golf submitting transactions
chatterbot Juliett submitting transactions
chatterbot Tango submitting transactions
chatterbot Papa submitting transactions
chatterbot Zulu submitting transactions
chatterbot Victor submitting transactions
chatterbot Sierra submitting transactions
chatterbot Bravo submitting transactions
chatterbot Kilo submitting transactions
ChatterBot Kilo round 8
ChatterBot Zulu round 8
ChatterBot Victor round 8
ChatterBot Sierra round 8
ChatterBot Papa round 8
ChatterBot X-ray round 8
ChatterBot Golf round 8
ChatterBot Tango round 8
ChatterBot Bravo round 8
ChatterBot Juliett round 8
2024-10-14 19:55:13.113969 Papa: We should add Juliett
2024-10-14 19:55:13.131375 Victor: No
2024-10-14 19:55:13.131539 Kilo: Yes
2024-10-14 19:55:13.131665 Zulu: Yes
2024-10-14 19:55:13.131778 Sierra: No
2024-10-14 19:55:13.131902 X-ray: Yes
2024-10-14 19:55:13.132011 Bravo: Yes
ChatterBot Sierra reevaluating
ChatterBot Papa reevaluating
ChatterBot Papa reevaluating
ChatterBot Sierra reevaluating
ChatterBot Papa reevaluating
ChatterBot Sierra reevaluating
ChatterBot Papa reevaluating
2024-10-14 19:55:13.231863 Juliett: We should drop Zulu
ChatterBot Sierra reevaluating
ChatterBot Papa reevaluating
2024-10-14 19:55:13.255466 Sierra: No
2024-10-14 19:55:13.255660 Kilo: No
2024-10-14 19:55:13.255865 Victor: No
2024-10-14 19:55:13.256020 Papa: No
2024-10-14 19:55:13.256178 X-ray: No
2024-10-14 19:55:13.256339 Bravo: No
ChatterBot Papa reevaluating
ChatterBot Juliett reevaluating
ChatterBot Sierra reevaluating
ChatterBot Papa reevaluating
ChatterBot Juliett reevaluating
ChatterBot Sierra reevaluating
ChatterBot Papa reevaluating
ChatterBot Juliett reevaluating
ChatterBot Sierra reevaluating
ChatterBot Juliett reevaluating
ChatterBot Sierra reevaluating
ChatterBot Papa reevaluating
ChatterBot Juliett reevaluating
ChatterBot Sierra reevaluating
ChatterBot Papa reevaluating
ChatterBot Juliett reevaluating
2024-10-14 19:55:13.359504 Victor: Kilo, Zulu, Sierra, Papa and Bravo, sending you 3
2024-10-14 19:55:13.361672 Kilo: Zulu, Victor, Sierra, Papa, X-ray and Juliett, sending you 2
2024-10-14 19:55:13.363206 Zulu: Kilo, Victor, Sierra, Papa, X-ray and Juliett, sending you 2
2024-10-14 19:55:13.364141 Victor: X-ray, sending you 1
2024-10-14 19:55:13.364693 Bravo: Kilo, Zulu, Papa, X-ray and Juliett, sending you 3
2024-10-14 19:55:13.366376 X-ray: Kilo, Zulu, Victor and Papa, sending you 2
2024-10-14 19:55:13.367965 Tango: Sending you 6
2024-10-14 19:55:13.368382 Kilo: Bravo, sending you 3
2024-10-14 19:55:13.370457 Zulu: Bravo, sending you 3
2024-10-14 19:55:13.372106 Bravo: Victor, sending you 1
2024-10-14 19:55:13.373636 X-ray: Sierra, Bravo and Juliett, sending you 3
2024-10-14 19:55:13.376679 Bravo: Sierra, sending you 2
2024-10-14 19:55:13.378849 Papa: Kilo and Victor, sending you 3
2024-10-14 19:55:13.383727 Papa: Zulu, sending you 1
2024-10-14 19:55:13.387668 Papa: Sierra, sending you 6
2024-10-14 19:55:13.393066 Sierra: Kilo, Zulu, Victor, X-ray and Bravo, sending you 2
2024-10-14 19:55:13.393707 Papa: X-ray, sending you 2
2024-10-14 19:55:13.394693 Juliett: Bravo, sending you 1
2024-10-14 19:55:13.397678 Papa: Bravo, sending you 4
2024-10-14 19:55:13.398708 Sierra: Papa, sending you 4
chatterbot Tango submitting transactions
chatterbot Zulu submitting transactions
chatterbot X-ray submitting transactions
chatterbot Bravo submitting transactions
chatterbot Victor submitting transactions
chatterbot Golf submitting transactions
chatterbot Kilo submitting transactions
chatterbot Juliett submitting transactions
chatterbot Papa submitting transactions
chatterbot Sierra submitting transactions
ChatterBot Kilo round 9
ChatterBot Zulu round 9
ChatterBot Victor round 9
ChatterBot Sierra round 9
ChatterBot Papa round 9
ChatterBot X-ray round 9
ChatterBot Golf round 9
ChatterBot Tango round 9
ChatterBot Bravo round 9
ChatterBot Juliett round 9
2024-10-14 19:55:14.632052 Tango: We should add Kilo
2024-10-14 19:55:14.636980 Golf: Yes
2024-10-14 19:55:14.653109 Kilo: We should drop Juliett
ChatterBot X-ray reevaluating
2024-10-14 19:55:14.669922 Victor: Yes
2024-10-14 19:55:14.670142 Zulu: No
2024-10-14 19:55:14.670268 Sierra: Yes
2024-10-14 19:55:14.670378 Papa: Yes
2024-10-14 19:55:14.670481 X-ray: Yes
2024-10-14 19:55:14.670591 Bravo: Yes
ChatterBot X-ray reevaluating
ChatterBot X-ray reevaluating
ChatterBot Zulu reevaluating
ChatterBot X-ray reevaluating
ChatterBot Zulu reevaluating
ChatterBot X-ray reevaluating
ChatterBot Zulu reevaluating
ChatterBot Zulu reevaluating
ChatterBot X-ray reevaluating
2024-10-14 19:55:14.763562 Tango: Kilo we want you to join our group
2024-10-14 19:55:14.766172 Kilo: No
ChatterBot Tango reevaluating
ChatterBot Golf reevaluating
2024-10-14 19:55:14.773744 Juliett: We should drop Sierra
ChatterBot Zulu reevaluating
ChatterBot X-ray reevaluating
2024-10-14 19:55:14.788577 Kilo: No
2024-10-14 19:55:14.788745 Zulu: No
2024-10-14 19:55:14.789401 Victor: No
2024-10-14 19:55:14.789499 Papa: No
2024-10-14 19:55:14.789591 X-ray: No
2024-10-14 19:55:14.789721 Bravo: No
ChatterBot Juliett reevaluating
ChatterBot Zulu reevaluating
ChatterBot X-ray reevaluating
ChatterBot Juliett reevaluating
ChatterBot X-ray reevaluating
ChatterBot Juliett reevaluating
ChatterBot Zulu reevaluating
ChatterBot X-ray reevaluating
ChatterBot Juliett reevaluating
ChatterBot Zulu reevaluating
ChatterBot X-ray reevaluating
ChatterBot Juliett reevaluating
ChatterBot Zulu reevaluating
ChatterBot Juliett reevaluating
ChatterBot Zulu reevaluating
ChatterBot X-ray reevaluating
2024-10-14 19:55:14.885676 Sierra: Kilo, Zulu, Victor, X-ray and Bravo, sending you 2
2024-10-14 19:55:14.886837 Victor: Kilo, Zulu, Sierra, Papa and X-ray, sending you 3
2024-10-14 19:55:14.887752 Papa: Kilo and Victor, sending you 3
2024-10-14 19:55:14.889983 Juliett: We should drop Victor
2024-10-14 19:55:14.905263 Kilo: No
2024-10-14 19:55:14.905427 Zulu: No
2024-10-14 19:55:14.905552 Sierra: No
2024-10-14 19:55:14.905668 Papa: No
2024-10-14 19:55:14.905769 X-ray: No
2024-10-14 19:55:14.905873 Bravo: No
ChatterBot Juliett reevaluating
ChatterBot Juliett reevaluating
ChatterBot Juliett reevaluating
ChatterBot Juliett reevaluating
ChatterBot Juliett reevaluating
ChatterBot Juliett reevaluating
2024-10-14 19:55:14.986436 Sierra: Papa, sending you 4
2024-10-14 19:55:14.988013 Papa: Zulu, sending you 2
2024-10-14 19:55:14.989261 Victor: Bravo, sending you 1
2024-10-14 19:55:14.991570 Kilo: Zulu, Papa and X-ray, sending you 2
2024-10-14 19:55:14.992977 Papa: Sierra, sending you 6
2024-10-14 19:55:14.994217 Tango: Sending you 2
2024-10-14 19:55:14.994683 Bravo: Kilo, sending you 4
2024-10-14 19:55:14.997329 Juliett: We should drop Papa
2024-10-14 19:55:15.022479 Kilo: No
2024-10-14 19:55:15.022646 Zulu: No
2024-10-14 19:55:15.022851 Victor: No
2024-10-14 19:55:15.022997 Sierra: No
2024-10-14 19:55:15.023123 X-ray: No
2024-10-14 19:55:15.023253 Bravo: No
ChatterBot Juliett reevaluating
ChatterBot Juliett reevaluating
ChatterBot Juliett reevaluating
ChatterBot Juliett reevaluating
ChatterBot Juliett reevaluating
ChatterBot Juliett reevaluating
2024-10-14 19:55:15.104509 Kilo: Victor, Sierra and Bravo, sending you 3
2024-10-14 19:55:15.105115 Papa: X-ray, sending you 1
2024-10-14 19:55:15.105570 Bravo: Zulu, Sierra, Papa and X-ray, sending you 3
chatterbot Sierra submitting transactions
2024-10-14 19:55:15.107680 Papa: Bravo, sending you 4
2024-10-14 19:55:15.108668 X-ray: Kilo, Zulu, Sierra, Papa and Bravo, sending you 3
2024-10-14 19:55:15.109368 Zulu: Kilo, Victor, Sierra, X-ray and Bravo, sending you 3
2024-10-14 19:55:15.110671 Bravo: Victor, sending you 2
2024-10-14 19:55:15.113667 X-ray: Victor, sending you 2
chatterbot Kilo submitting transactions
chatterbot Zulu submitting transactions
chatterbot Bravo submitting transactions
chatterbot Golf submitting transactions
chatterbot Tango submitting transactions
chatterbot Papa submitting transactions
chatterbot Victor submitting transactions
chatterbot Juliett submitting transactions
chatterbot X-ray submitting transactions
ChatterBot Kilo round 10
ChatterBot Zulu round 10
ChatterBot Victor round 10
ChatterBot Sierra round 10
ChatterBot Papa round 10
ChatterBot X-ray round 10
ChatterBot Golf round 10
ChatterBot Tango round 10
ChatterBot Bravo round 10
ChatterBot Juliett round 10
2024-10-14 19:55:16.145695 Juliett: We should add Sierra
2024-10-14 19:55:16.166520 Kilo: Yes
2024-10-14 19:55:16.167145 Zulu: Yes
2024-10-14 19:55:16.167289 Victor: Yes
2024-10-14 19:55:16.167435 Papa: Yes
2024-10-14 19:55:16.167550 X-ray: Yes
2024-10-14 19:55:16.167679 Bravo: Yes
ChatterBot Juliett reevaluating
ChatterBot Juliett reevaluating
ChatterBot Juliett reevaluating
ChatterBot Victor reevaluating
ChatterBot Juliett reevaluating
ChatterBot Victor reevaluating
ChatterBot Juliett reevaluating
ChatterBot Victor reevaluating
2024-10-14 19:55:16.284908 Tango: Group up?
ChatterBot Victor reevaluating
2024-10-14 19:55:16.302599 Kilo: No
2024-10-14 19:55:16.302806 Zulu: No
2024-10-14 19:55:16.302895 Victor: No
2024-10-14 19:55:16.302982 Sierra: No
2024-10-14 19:55:16.303104 Papa: No
2024-10-14 19:55:16.303190 X-ray: No
2024-10-14 19:55:16.303272 Bravo: No
ChatterBot Tango reevaluating
ChatterBot Victor reevaluating
ChatterBot Tango reevaluating
ChatterBot Victor reevaluating
ChatterBot Tango reevaluating
ChatterBot Tango reevaluating
ChatterBot Victor reevaluating
ChatterBot Tango reevaluating
ChatterBot Victor reevaluating
ChatterBot Tango reevaluating
ChatterBot Victor reevaluating
ChatterBot Tango reevaluating
ChatterBot Victor reevaluating
ChatterBot Sierra reevaluating
2024-10-14 19:55:16.458568 Sierra: We should drop Bravo
2024-10-14 19:55:16.477580 Kilo: No
2024-10-14 19:55:16.477867 Zulu: No
2024-10-14 19:55:16.477993 Victor: No
2024-10-14 19:55:16.478110 Papa: No
2024-10-14 19:55:16.478219 X-ray: No
ChatterBot Sierra reevaluating
ChatterBot Sierra reevaluating
ChatterBot Sierra reevaluating
ChatterBot Sierra reevaluating
ChatterBot Sierra reevaluating
2024-10-14 19:55:16.548924 Juliett: Sierra we want you to join our group
ChatterBot Sierra reevaluating
2024-10-14 19:55:16.553308 Sierra: No
ChatterBot Juliett reevaluating
2024-10-14 19:55:16.576712 Zulu: Sending you each 2
2024-10-14 19:55:16.578060 Papa: Kilo and Victor, sending you 3
2024-10-14 19:55:16.578758 Tango: Kilo, Zulu and Papa, sending you 3
2024-10-14 19:55:16.579269 X-ray: Kilo, Zulu, Sierra, Papa and Bravo, sending you 3
2024-10-14 19:55:16.580633 Sierra: We should drop Kilo
2024-10-14 19:55:16.593977 Zulu: No
2024-10-14 19:55:16.594170 Victor: No
2024-10-14 19:55:16.594320 Papa: No
2024-10-14 19:55:16.594469 X-ray: No
2024-10-14 19:55:16.594606 Bravo: No
ChatterBot Sierra reevaluating
ChatterBot Sierra reevaluating
ChatterBot Sierra reevaluating
ChatterBot Sierra reevaluating
ChatterBot Sierra reevaluating
2024-10-14 19:55:16.668365 Victor: Kilo, Zulu, Sierra, Papa and X-ray, sending you 3
