ChatterBot Whiskey round 1
ChatterBot Uniform round 1
ChatterBot Charlie round 1
ChatterBot Sierra round 1
ChatterBot November round 1
ChatterBot Papa round 1
ChatterBot Yankee round 1
ChatterBot Zulu round 1
ChatterBot Quebec round 1
ChatterBot Foxtrot round 1
randomSelections November: {November, Yankee, Papa, Charlie, Whiskey} 
2024-10-14 19:55:00.454108 November: We would work well together
ChatterBot Yankee reevaluating
ChatterBot Papa reevaluating
ChatterBot Charlie reevaluating
ChatterBot Whiskey reevaluating
2024-10-14 19:55:00.464262 Yankee: Yes
2024-10-14 19:55:00.464409 Papa: Yes
2024-10-14 19:55:00.464628 Charlie: Yes
2024-10-14 19:55:00.464841 Whiskey: Yes
ChatterBot Papa reevaluating
ChatterBot Charlie reevaluating
ChatterBot Whiskey reevaluating
ChatterBot Yankee reevaluating
ChatterBot Charlie reevaluating
ChatterBot Whiskey reevaluating
ChatterBot Yankee reevaluating
ChatterBot Papa reevaluating
ChatterBot Whiskey reevaluating
ChatterBot Yankee reevaluating
ChatterBot Papa reevaluating
ChatterBot Charlie reevaluating
randomSelections Uniform: {Uniform, Foxtrot, Quebec, Papa, Yankee, November, Zulu} 
2024-10-14 19:55:00.490783 Uniform: Can we be friends?
ChatterBot Foxtrot reevaluating
ChatterBot Quebec reevaluating
ChatterBot Papa reevaluating
ChatterBot Yankee reevaluating
ChatterBot Zulu reevaluating
2024-10-14 19:55:00.503011 Foxtrot: Yes
2024-10-14 19:55:00.503915 Quebec: Yes
2024-10-14 19:55:00.504155 Papa: No
2024-10-14 19:55:00.504442 Yankee: No
2024-10-14 19:55:00.504793 November: No
2024-10-14 19:55:00.505210 Zulu: Yes
ChatterBot Quebec reevaluating
ChatterBot Papa reevaluating
ChatterBot Yankee reevaluating
ChatterBot Zulu reevaluating
ChatterBot Foxtrot reevaluating
ChatterBot Papa reevaluating
ChatterBot Yankee reevaluating
ChatterBot Zulu reevaluating
ChatterBot Foxtrot reevaluating
ChatterBot Quebec reevaluating
ChatterBot Yankee reevaluating
ChatterBot Zulu reevaluating
ChatterBot Foxtrot reevaluating
ChatterBot Quebec reevaluating
ChatterBot Papa reevaluating
ChatterBot Zulu reevaluating
ChatterBot Foxtrot reevaluating
ChatterBot Quebec reevaluating
ChatterBot Papa reevaluating
ChatterBot Yankee reevaluating
ChatterBot Zulu reevaluating
ChatterBot Foxtrot reevaluating
ChatterBot Quebec reevaluating
ChatterBot Papa reevaluating
ChatterBot Yankee reevaluating
randomSelections Sierra: {Sierra, Foxtrot, Uniform, Yankee, November, Papa} 
2024-10-14 19:55:00.591555 Sierra: Group up?
ChatterBot Foxtrot reevaluating
ChatterBot Yankee reevaluating
ChatterBot Papa reevaluating
2024-10-14 19:55:00.601097 Foxtrot: No
2024-10-14 19:55:00.601230 Uniform: No
2024-10-14 19:55:00.601345 Yankee: No
2024-10-14 19:55:00.601460 November: No
2024-10-14 19:55:00.601608 Papa: No
ChatterBot Yankee reevaluating
ChatterBot Papa reevaluating
ChatterBot Foxtrot reevaluating
ChatterBot Yankee reevaluating
ChatterBot Papa reevaluating
ChatterBot Foxtrot reevaluating
ChatterBot Papa reevaluating
ChatterBot Foxtrot reevaluating
ChatterBot Yankee reevaluating
ChatterBot Papa reevaluating
ChatterBot Foxtrot reevaluating
ChatterBot Yankee reevaluating
2024-10-14 19:55:00.659397 Uniform: November, Zulu and Quebec, sending you 2
2024-10-14 19:55:00.660253 Sierra: Uniform, sending you 1
2024-10-14 19:55:00.660658 Quebec: Uniform, November, Yankee, Zulu and Foxtrot, sending you 2
2024-10-14 19:55:00.661594 Zulu: Uniform and Yankee, sending you 2
2024-10-14 19:55:00.661985 Charlie: Whiskey, sending you 3
2024-10-14 19:55:00.663655 Foxtrot: Uniform, sending you 4
2024-10-14 19:55:00.664691 Uniform: Papa, sending you 6
2024-10-14 19:55:00.664963 Whiskey: Charlie, sending you 1
2024-10-14 19:55:00.665187 Quebec: Papa, sending you 5
2024-10-14 19:55:00.665437 Zulu: November, Papa and Foxtrot, sending you 3
2024-10-14 19:55:00.666562 Sierra: November, sending you 4
2024-10-14 19:55:00.666856 Charlie: November, Papa and Yankee, sending you 4
2024-10-14 19:55:00.667148 November: Whiskey and Charlie, sending you 3
2024-10-14 19:55:00.668093 Papa: Whiskey, sending you 2
2024-10-14 19:55:00.668358 Yankee: Whiskey and November, sending you 4
2024-10-14 19:55:00.668643 Foxtrot: November, Yankee and Quebec, sending you 2
2024-10-14 19:55:00.668909 Zulu: Quebec, sending you 1
2024-10-14 19:55:00.671626 Uniform: Yankee, sending you 1
2024-10-14 19:55:00.672776 Whiskey: November, sending you 2
2024-10-14 19:55:00.673189 Sierra: Papa, sending you 5
2024-10-14 19:55:00.674295 November: Papa, sending you 1
2024-10-14 19:55:00.674672 Papa: Charlie, sending you 3
2024-10-14 19:55:00.675007 Foxtrot: Papa, sending you 1
2024-10-14 19:55:00.675993 Yankee: Charlie, sending you 2
2024-10-14 19:55:00.676433 Whiskey: Papa, sending you 8
2024-10-14 19:55:00.677356 Sierra: Yankee and Foxtrot, sending you 2
2024-10-14 19:55:00.681579 Uniform: Foxtrot, sending you 4
2024-10-14 19:55:00.682665 Papa: November, sending you 4
2024-10-14 19:55:00.683028 November: Yankee, sending you 2
2024-10-14 19:55:00.683928 Foxtrot: Zulu, sending you 6
2024-10-14 19:55:00.684444 Yankee: Papa, sending you 5
2024-10-14 19:55:00.685209 Whiskey: Yankee, sending you 3
2024-10-14 19:55:00.685694 Papa: Yankee, sending you 8
chatterbot Zulu submitting transactions
chatterbot Sierra submitting transactions
chatterbot Papa submitting transactions
chatterbot Foxtrot submitting transactions
chatterbot Uniform submitting transactions
chatterbot Charlie submitting transactions
chatterbot November submitting transactions
chatterbot Yankee submitting transactions
chatterbot Whiskey submitting transactions
chatterbot Quebec submitting transactions
ChatterBot Whiskey round 2
ChatterBot Uniform round 2
ChatterBot Charlie round 2
ChatterBot Sierra round 2
ChatterBot November round 2
ChatterBot Papa round 2
ChatterBot Yankee round 2
ChatterBot Zulu round 2
2024-10-14 19:55:01.294349 Uniform: We would work well together
ChatterBot Zulu reevaluating
ChatterBot Quebec reevaluating
ChatterBot Foxtrot reevaluating
ChatterBot Sierra reevaluating
2024-10-14 19:55:01.321540 Zulu: No
2024-10-14 19:55:01.321776 Quebec: No
2024-10-14 19:55:01.321934 Foxtrot: No
2024-10-14 19:55:01.322071 Sierra: Yes
ChatterBot Quebec reevaluating
ChatterBot Foxtrot reevaluating
ChatterBot Sierra reevaluating
ChatterBot Zulu reevaluating
ChatterBot Foxtrot reevaluating
ChatterBot Sierra reevaluating
ChatterBot Uniform reevaluating
ChatterBot Zulu reevaluating
ChatterBot Quebec reevaluating
ChatterBot Sierra reevaluating
ChatterBot Uniform reevaluating
ChatterBot Zulu reevaluating
ChatterBot Quebec reevaluating
ChatterBot Foxtrot reevaluating
ChatterBot Quebec round 2
ChatterBot Foxtrot round 2
2024-10-14 19:55:01.399999 Papa: Can we be friends?
ChatterBot Sierra reevaluating
ChatterBot November reevaluating
ChatterBot Yankee reevaluating
ChatterBot Uniform reevaluating
ChatterBot Zulu reevaluating
ChatterBot Quebec reevaluating
ChatterBot Foxtrot reevaluating
2024-10-14 19:55:01.418394 Whiskey: No
2024-10-14 19:55:01.418573 Charlie: No
2024-10-14 19:55:01.418695 Sierra: No
2024-10-14 19:55:01.418789 November: Yes
2024-10-14 19:55:01.418913 Yankee: Yes
2024-10-14 19:55:01.419018 Uniform: No
2024-10-14 19:55:01.419108 Zulu: No
2024-10-14 19:55:01.419188 Quebec: No
2024-10-14 19:55:01.419278 Foxtrot: No
ChatterBot Sierra reevaluating
ChatterBot November reevaluating
ChatterBot Yankee reevaluating
ChatterBot Uniform reevaluating
ChatterBot Zulu reevaluating
ChatterBot Quebec reevaluating
ChatterBot Foxtrot reevaluating
ChatterBot Sierra reevaluating
ChatterBot November reevaluating
ChatterBot Yankee reevaluating
ChatterBot Uniform reevaluating
ChatterBot Zulu reevaluating
ChatterBot Quebec reevaluating
ChatterBot Foxtrot reevaluating
ChatterBot November reevaluating
ChatterBot Yankee reevaluating
ChatterBot Uniform reevaluating
ChatterBot Zulu reevaluating
ChatterBot Quebec reevaluating
ChatterBot Foxtrot reevaluating
ChatterBot Sierra reevaluating
ChatterBot Yankee reevaluating
ChatterBot Uniform reevaluating
ChatterBot Zulu reevaluating
ChatterBot Quebec reevaluating
ChatterBot Foxtrot reevaluating
ChatterBot Charlie reevaluating
ChatterBot Sierra reevaluating
ChatterBot November reevaluating
ChatterBot Uniform reevaluating
ChatterBot Zulu reevaluating
ChatterBot Quebec reevaluating
ChatterBot Foxtrot reevaluating
ChatterBot Charlie reevaluating
ChatterBot Sierra reevaluating
ChatterBot November reevaluating
ChatterBot Yankee reevaluating
ChatterBot Zulu reevaluating
ChatterBot Quebec reevaluating
ChatterBot Foxtrot reevaluating
ChatterBot Charlie reevaluating
ChatterBot Sierra reevaluating
ChatterBot November reevaluating
ChatterBot Yankee reevaluating
ChatterBot Uniform reevaluating
ChatterBot Quebec reevaluating
ChatterBot Foxtrot reevaluating
ChatterBot Charlie reevaluating
ChatterBot Sierra reevaluating
ChatterBot November reevaluating
ChatterBot Yankee reevaluating
ChatterBot Uniform reevaluating
ChatterBot Zulu reevaluating
ChatterBot Foxtrot reevaluating
ChatterBot Charlie reevaluating
ChatterBot Sierra reevaluating
ChatterBot November reevaluating
ChatterBot Yankee reevaluating
ChatterBot Uniform reevaluating
ChatterBot Zulu reevaluating
ChatterBot Quebec reevaluating
2024-10-14 19:55:01.642687 Whiskey: Charlie, November and Yankee, sending you 4
2024-10-14 19:55:01.647686 Whiskey: Papa, sending you 2
2024-10-14 19:55:01.649687 November: Whiskey, Uniform, Quebec and Foxtrot, sending you 1
2024-10-14 19:55:01.651693 Uniform: Sierra, sending you 3
2024-10-14 19:55:01.652688 November: Charlie, Sierra, Papa, Yankee and Zulu, sending you 2
2024-10-14 19:55:01.656656 Uniform: Zulu and Quebec, sending you 4
2024-10-14 19:55:01.656915 Foxtrot: Uniform, sending you 5
2024-10-14 19:55:01.657695 Charlie: Whiskey, sending you 3
2024-10-14 19:55:01.658118 Yankee: Whiskey, sending you 2
2024-10-14 19:55:01.658670 Papa: Whiskey, sending you 4
2024-10-14 19:55:01.659443 Zulu: Uniform, Sierra and Quebec, sending you 3
2024-10-14 19:55:01.659753 Uniform: Foxtrot, sending you 6
2024-10-14 19:55:01.660048 Foxtrot: Sierra, Zulu and Quebec, sending you 4
2024-10-14 19:55:01.660832 Yankee: Uniform, Sierra, November, Zulu, Quebec and Foxtrot, sending you 1
2024-10-14 19:55:01.662692 Charlie: November, Papa and Yankee, sending you 4
2024-10-14 19:55:01.663057 Papa: Uniform, Charlie, Sierra, Yankee, Zulu and Quebec, sending you 2
2024-10-14 19:55:01.663441 Zulu: Foxtrot, sending you 5
2024-10-14 19:55:01.664067 Yankee: Charlie, sending you 3
2024-10-14 19:55:01.667715 Papa: November and Foxtrot, sending you 1
2024-10-14 19:55:01.668587 Yankee: Papa, sending you 4
2024-10-14 19:55:01.669018 Quebec: Uniform, Zulu and Foxtrot, sending you 4
2024-10-14 19:55:01.671698 Quebec: Sierra, sending you 3
chatterbot Whiskey submitting transactions
chatterbot Quebec submitting transactions
chatterbot Papa submitting transactions
chatterbot Yankee submitting transactions
chatterbot Foxtrot submitting transactions
chatterbot Sierra submitting transactions
chatterbot Charlie submitting transactions
chatterbot Uniform submitting transactions
chatterbot Zulu submitting transactions
chatterbot November submitting transactions
2024-10-14 19:55:03.410772 Sierra: Whiskey, Charlie, November and Papa, sending you 3
ChatterBot Whiskey round 3
ChatterBot Uniform round 3
ChatterBot Charlie round 3
ChatterBot Sierra round 3
ChatterBot November round 3
2024-10-14 19:55:03.848344 Sierra: Yankee, sending you 2
ChatterBot Papa round 3
ChatterBot Yankee round 3
ChatterBot Zulu round 3
ChatterBot Quebec round 3
ChatterBot Foxtrot round 3
2024-10-14 19:55:03.863868 Whiskey: We should add Sierra
ChatterBot Papa reevaluating
ChatterBot Charlie reevaluating
2024-10-14 19:55:03.885878 November: Yes
2024-10-14 19:55:03.886079 Yankee: Yes
2024-10-14 19:55:03.886265 Papa: Yes
2024-10-14 19:55:03.886844 Charlie: Yes
ChatterBot Papa reevaluating
ChatterBot Charlie reevaluating
ChatterBot Papa reevaluating
ChatterBot Charlie reevaluating
ChatterBot Charlie reevaluating
ChatterBot November reevaluating
ChatterBot Papa reevaluating
2024-10-14 19:55:04.000771 Quebec: We should replace Sierra with Papa
ChatterBot Zulu reevaluating
2024-10-14 19:55:04.015798 Zulu: No
2024-10-14 19:55:04.016015 Uniform: No
2024-10-14 19:55:04.016169 Foxtrot: No
ChatterBot Uniform reevaluating
ChatterBot Zulu reevaluating
ChatterBot Foxtrot reevaluating
ChatterBot Zulu reevaluating
ChatterBot Uniform reevaluating
2024-10-14 19:55:04.084121 Whiskey: Sierra we want you to join our group
2024-10-14 19:55:04.089179 Sierra: Yes
ChatterBot Charlie reevaluating
ChatterBot November reevaluating
ChatterBot Papa reevaluating
2024-10-14 19:55:04.117893 Quebec: Papa we want you to join our group
2024-10-14 19:55:04.122847 Papa: No
ChatterBot Uniform reevaluating
ChatterBot Zulu reevaluating
ChatterBot Foxtrot reevaluating
2024-10-14 19:55:04.146246 Charlie: Sierra we want you to join our group
2024-10-14 19:55:04.151906 Sierra: Yes
2024-10-14 19:55:04.175488 Zulu: Papa we want you to join our group
2024-10-14 19:55:04.180797 Papa: No
ChatterBot Zulu reevaluating
2024-10-14 19:55:04.286103 Zulu: We should replace Sierra with November
ChatterBot Quebec reevaluating
2024-10-14 19:55:04.304379 Uniform: No
2024-10-14 19:55:04.305037 Quebec: No
2024-10-14 19:55:04.305327 Foxtrot: No
ChatterBot Zulu reevaluating
ChatterBot Quebec reevaluating
ChatterBot Zulu reevaluating
ChatterBot Zulu reevaluating
ChatterBot Quebec reevaluating
2024-10-14 19:55:04.355046 Uniform: We should drop Sierra
ChatterBot Zulu reevaluating
ChatterBot Quebec reevaluating
2024-10-14 19:55:04.373190 Zulu: Yes
2024-10-14 19:55:04.373517 Quebec: Yes
2024-10-14 19:55:04.373818 Foxtrot: Yes
ChatterBot Quebec reevaluating
ChatterBot Zulu reevaluating
ChatterBot Zulu reevaluating
ChatterBot Quebec reevaluating
2024-10-14 19:55:04.425415 Sierra: Whiskey, sending you 2
2024-10-14 19:55:04.426849 Papa: Whiskey, Charlie and Yankee, sending you 4
2024-10-14 19:55:04.428304 Whiskey: Charlie, November, Papa and Yankee, sending you 3
2024-10-14 19:55:04.529143 Yankee: Whiskey, Charlie, Sierra and November, sending you 2
2024-10-14 19:55:04.530284 Sierra: Charlie, sending you 1
2024-10-14 19:55:04.530666 November: Whiskey, Charlie, Sierra and Papa, sending you 3
2024-10-14 19:55:04.531190 Zulu: November we want you to join our group
2024-10-14 19:55:04.536299 November: No
ChatterBot Zulu reevaluating
ChatterBot Quebec reevaluating
2024-10-14 19:55:04.558161 Papa: Sierra and November, sending you 3
2024-10-14 19:55:04.559451 Whiskey: Sierra, sending you 2
chatterbot Uniform submitting transactions
2024-10-14 19:55:04.560388 Yankee: Uniform, Zulu, Quebec and Foxtrot, sending you 1
2024-10-14 19:55:04.561831 November: Yankee, sending you 2
2024-10-14 19:55:04.562244 Sierra: November and Papa, sending you 4
2024-10-14 19:55:04.578802 Uniform: Zulu and Quebec, sending you 5
2024-10-14 19:55:04.579711 Charlie: Whiskey, November and Yankee, sending you 3
2024-10-14 19:55:04.580235 Yankee: Papa, sending you 3
2024-10-14 19:55:04.581303 Sierra: Yankee, sending you 3
2024-10-14 19:55:04.587510 Charlie: Sierra, sending you 2
2024-10-14 19:55:04.587996 Uniform: Foxtrot, sending you 7
2024-10-14 19:55:04.588382 Foxtrot: Uniform and Zulu, sending you 6
2024-10-14 19:55:04.593319 Charlie: Papa, sending you 4
2024-10-14 19:55:04.595374 Foxtrot: Quebec, sending you 5
chatterbot Charlie submitting transactions
2024-10-14 19:55:04.611602 Quebec: Uniform, Zulu and Foxtrot, sending you 4
2024-10-14 19:55:04.612659 Zulu: Uniform, November and Quebec, sending you 3
2024-10-14 19:55:04.632368 Quebec: Papa, sending you 3
2024-10-14 19:55:04.632872 Zulu: Foxtrot, sending you 4
chatterbot Quebec submitting transactions
chatterbot Sierra submitting transactions
chatterbot Whiskey submitting transactions
chatterbot Papa submitting transactions
chatterbot November submitting transactions
chatterbot Foxtrot submitting transactions
chatterbot Yankee submitting transactions
chatterbot Zulu submitting transactions
ChatterBot Whiskey round 4
ChatterBot Uniform round 4
ChatterBot Charlie round 4
ChatterBot Sierra round 4
ChatterBot November round 4
ChatterBot Papa round 4
ChatterBot Yankee round 4
ChatterBot Zulu round 4
ChatterBot Quebec round 4
ChatterBot Foxtrot round 4
2024-10-14 19:55:05.867936 Quebec: We should replace Papa with Yankee
ChatterBot Zulu reevaluating
2024-10-14 19:55:05.876147 Zulu: Yes
2024-10-14 19:55:05.876311 Uniform: No
2024-10-14 19:55:05.876436 Foxtrot: No
ChatterBot Zulu reevaluating
ChatterBot Zulu reevaluating
2024-10-14 19:55:05.907079 Quebec: Yankee we want you to join our group
2024-10-14 19:55:05.909899 Yankee: Yes
ChatterBot Zulu reevaluating
2024-10-14 19:55:05.920321 Zulu: We should replace November with Yankee
2024-10-14 19:55:05.928592 Uniform: No
2024-10-14 19:55:05.928780 Quebec: Yes
2024-10-14 19:55:05.928881 Foxtrot: No
ChatterBot Zulu reevaluating
ChatterBot Zulu reevaluating
ChatterBot Zulu reevaluating
2024-10-14 19:55:05.959794 Whiskey: Charlie, November, Papa and Yankee, sending you 3
2024-10-14 19:55:05.960941 Uniform: Zulu and Quebec, sending you 5
2024-10-14 19:55:05.961385 Sierra: Whiskey and Charlie, sending you 2
2024-10-14 19:55:05.961847 Yankee: Whiskey, Charlie, Sierra and November, sending you 2
2024-10-14 19:55:05.962950 November: Whiskey, Charlie, Sierra and Papa, sending you 3
2024-10-14 19:55:05.963384 Papa: Whiskey, Charlie, Sierra and Yankee, sending you 4
2024-10-14 19:55:05.964189 Charlie: Whiskey, November and Yankee, sending you 3
2024-10-14 19:55:05.964644 Zulu: Yankee we want you to join our group
2024-10-14 19:55:05.968309 Yankee: Yes
ChatterBot Zulu reevaluating
2024-10-14 19:55:05.981372 Uniform: Foxtrot, sending you 7
2024-10-14 19:55:05.981758 Sierra: November and Yankee, sending you 3
2024-10-14 19:55:05.982823 Whiskey: Sierra, sending you 2
2024-10-14 19:55:05.983271 November: Yankee, sending you 2
2024-10-14 19:55:05.984173 Papa: November, sending you 2
2024-10-14 19:55:05.984546 Yankee: Uniform, Zulu, Quebec and Foxtrot, sending you 1
2024-10-14 19:55:05.985175 Charlie: Sierra, sending you 2
2024-10-14 19:55:05.986360 Quebec: Uniform, Zulu and Foxtrot, sending you 4
2024-10-14 19:55:05.988808 Sierra: Papa, sending you 4
2024-10-14 19:55:05.989645 Yankee: Papa, sending you 3
2024-10-14 19:55:05.991039 Foxtrot: Uniform and Zulu, sending you 6
2024-10-14 19:55:05.991667 Charlie: Papa, sending you 4
2024-10-14 19:55:05.992684 Quebec: Yankee, sending you 3
2024-10-14 19:55:05.995280 Foxtrot: Quebec, sending you 5
2024-10-14 19:55:06.014677 Zulu: Uniform and Foxtrot, sending you 4
2024-10-14 19:55:06.017986 Zulu: Yankee and Quebec, sending you 3
chatterbot Sierra submitting transactions
chatterbot Quebec submitting transactions
chatterbot Charlie submitting transactions
chatterbot Papa submitting transactions
chatterbot Yankee submitting transactions
chatterbot Whiskey submitting transactions
chatterbot November submitting transactions
chatterbot Uniform submitting transactions
chatterbot Foxtrot submitting transactions
chatterbot Zulu submitting transactions
ChatterBot Whiskey round 5
ChatterBot Uniform round 5
ChatterBot Charlie round 5
ChatterBot Sierra round 5
ChatterBot November round 5
ChatterBot Papa round 5
ChatterBot Yankee round 5
2024-10-14 19:55:07.026549 Uniform: We should add Yankee
2024-10-14 19:55:07.039878 Zulu: Yes
2024-10-14 19:55:07.040082 Quebec: Yes
2024-10-14 19:55:07.040247 Foxtrot: No
ChatterBot Uniform reevaluating
ChatterBot Zulu round 5
ChatterBot Quebec round 5
ChatterBot Foxtrot round 5
2024-10-14 19:55:07.109261 Foxtrot: We should add Yankee
ChatterBot Uniform reevaluating
2024-10-14 19:55:07.122692 Zulu: Yes
2024-10-14 19:55:07.122934 Uniform: Yes
2024-10-14 19:55:07.123100 Quebec: Yes
ChatterBot Uniform reevaluating
ChatterBot Uniform reevaluating
2024-10-14 19:55:07.172981 Foxtrot: Yankee we want you to join our group
ChatterBot Yankee reevaluating
2024-10-14 19:55:07.178273 Yankee: Yes
ChatterBot Uniform reevaluating
2024-10-14 19:55:07.275054 Whiskey: Charlie, November, Papa and Yankee, sending you 3
2024-10-14 19:55:07.282396 Uniform: Yankee we want you to join our group
ChatterBot Yankee reevaluating
2024-10-14 19:55:07.287153 Yankee: Yes
2024-10-14 19:55:07.299995 Charlie: Whiskey, November and Yankee, sending you 3
2024-10-14 19:55:07.301270 Whiskey: Sierra, sending you 2
2024-10-14 19:55:07.302527 November: Whiskey, Charlie, Sierra and Papa, sending you 3
2024-10-14 19:55:07.303266 Sierra: Whiskey and Charlie, sending you 2
2024-10-14 19:55:07.304437 Papa: Whiskey, Charlie, Sierra and Yankee, sending you 4
2024-10-14 19:55:07.305859 Zulu: Uniform and Foxtrot, sending you 4
2024-10-14 19:55:07.306405 Charlie: Sierra, sending you 2
2024-10-14 19:55:07.307378 November: Yankee, sending you 2
2024-10-14 19:55:07.308132 Sierra: November and Yankee, sending you 3
2024-10-14 19:55:07.310559 Papa: November, sending you 2
2024-10-14 19:55:07.311529 Quebec: Uniform, Zulu and Foxtrot, sending you 4
2024-10-14 19:55:07.312930 Foxtrot: Uniform, sending you 6
2024-10-14 19:55:07.313938 Zulu: Yankee and Quebec, sending you 3
2024-10-14 19:55:07.314707 Charlie: Papa, sending you 4
2024-10-14 19:55:07.316026 Sierra: Papa, sending you 4
2024-10-14 19:55:07.317443 Quebec: Yankee, sending you 3
2024-10-14 19:55:07.325056 Foxtrot: Yankee, sending you 3
2024-10-14 19:55:07.340361 Foxtrot: Zulu and Quebec, sending you 4
2024-10-14 19:55:07.341216 Yankee: Whiskey, Charlie, Sierra and November, sending you 2
2024-10-14 19:55:07.343375 Uniform: Yankee, sending you 3
2024-10-14 19:55:07.355711 Yankee: Uniform, Zulu, Quebec and Foxtrot, sending you 1
2024-10-14 19:55:07.357565 Uniform: Zulu and Quebec, sending you 4
2024-10-14 19:55:07.376082 Yankee: Papa, sending you 3
2024-10-14 19:55:07.377763 Uniform: Foxtrot, sending you 6
chatterbot Zulu submitting transactions
chatterbot Uniform submitting transactions
chatterbot Sierra submitting transactions
chatterbot Foxtrot submitting transactions
chatterbot November submitting transactions
chatterbot Quebec submitting transactions
chatterbot Charlie submitting transactions
chatterbot Papa submitting transactions
chatterbot Whiskey submitting transactions
chatterbot Yankee submitting transactions
ChatterBot Whiskey round 6
ChatterBot Uniform round 6
ChatterBot Charlie round 6
ChatterBot Sierra round 6
ChatterBot November round 6
ChatterBot Papa round 6
ChatterBot Yankee round 6
ChatterBot Zulu round 6
ChatterBot Quebec round 6
ChatterBot Foxtrot round 6
2024-10-14 19:55:08.599692 Sierra: Whiskey and Charlie, sending you 2
2024-10-14 19:55:08.600332 Yankee: Whiskey, Charlie, Sierra, November, Papa, Zulu and Quebec, sending you 2
2024-10-14 19:55:08.603665 Zulu: Uniform, Quebec and Foxtrot, sending you 4
2024-10-14 19:55:08.604122 Papa: Whiskey, Charlie, Sierra and Yankee, sending you 4
2024-10-14 19:55:08.604767 Charlie: Whiskey, November and Yankee, sending you 3
2024-10-14 19:55:08.605820 Quebec: Uniform, Zulu and Foxtrot, sending you 4
2024-10-14 19:55:08.606233 Sierra: November and Yankee, sending you 3
2024-10-14 19:55:08.606756 Yankee: Foxtrot, sending you 1
2024-10-14 19:55:08.607957 Whiskey: Charlie, November, Papa and Yankee, sending you 3
2024-10-14 19:55:08.608500 Zulu: Yankee, sending you 2
2024-10-14 19:55:08.608928 Uniform: Yankee, sending you 3
2024-10-14 19:55:08.609716 Papa: November, sending you 2
2024-10-14 19:55:08.610209 November: Whiskey, Charlie, Sierra and Papa, sending you 3
2024-10-14 19:55:08.610721 Charlie: Sierra, sending you 2
2024-10-14 19:55:08.611243 Sierra: Papa, sending you 4
2024-10-14 19:55:08.612457 Quebec: Yankee, sending you 3
2024-10-14 19:55:08.612945 Whiskey: Sierra, sending you 2
2024-10-14 19:55:08.613501 Uniform: Zulu and Quebec, sending you 4
2024-10-14 19:55:08.614405 Charlie: Papa, sending you 4
2024-10-14 19:55:08.616440 November: Yankee, sending you 2
2024-10-14 19:55:08.617189 Foxtrot: Uniform, sending you 6
2024-10-14 19:55:08.618669 Uniform: Foxtrot, sending you 6
2024-10-14 19:55:08.621701 Foxtrot: Yankee, sending you 3
2024-10-14 19:55:08.625685 Foxtrot: Zulu and Quebec, sending you 4
chatterbot Sierra submitting transactions
chatterbot Quebec submitting transactions
chatterbot Yankee submitting transactions
chatterbot Foxtrot submitting transactions
chatterbot Uniform submitting transactions
chatterbot November submitting transactions
chatterbot Charlie submitting transactions
chatterbot Whiskey submitting transactions
chatterbot Papa submitting transactions
chatterbot Zulu submitting transactions
ChatterBot Whiskey round 7
ChatterBot Uniform round 7
ChatterBot Charlie round 7
ChatterBot Sierra round 7
ChatterBot November round 7
ChatterBot Papa round 7
ChatterBot Yankee round 7
ChatterBot Zulu round 7
ChatterBot Quebec round 7
ChatterBot Foxtrot round 7
2024-10-14 19:55:09.809677 Uniform: Yankee, sending you 3
2024-10-14 19:55:09.810654 Sierra: Whiskey and Charlie, sending you 2
2024-10-14 19:55:09.812687 Uniform: Zulu and Quebec, sending you 4
2024-10-14 19:55:09.813674 Sierra: November and Yankee, sending you 3
2024-10-14 19:55:09.817659 Uniform: Foxtrot, sending you 6
2024-10-14 19:55:09.818120 Sierra: Papa, sending you 4
2024-10-14 19:55:09.819990 Papa: Whiskey, Charlie, Sierra and Yankee, sending you 4
2024-10-14 19:55:09.821724 November: Whiskey, Charlie, Sierra and Yankee, sending you 3
2024-10-14 19:55:09.824279 Whiskey: Charlie, November, Papa and Yankee, sending you 3
2024-10-14 19:55:09.824753 Zulu: Uniform, Quebec and Foxtrot, sending you 4
2024-10-14 19:55:09.825274 Papa: November, sending you 2
2024-10-14 19:55:09.825847 Charlie: Sending you each 3
2024-10-14 19:55:09.826674 November: Papa, sending you 2
2024-10-14 19:55:09.827834 Yankee: Whiskey, Charlie, Sierra, November, Papa, Zulu and Quebec, sending you 2
2024-10-14 19:55:09.828772 Zulu: Yankee, sending you 2
2024-10-14 19:55:09.829349 Whiskey: Sierra, sending you 2
2024-10-14 19:55:09.831673 Foxtrot: Uniform, sending you 6
2024-10-14 19:55:09.832702 Yankee: Foxtrot, sending you 1
2024-10-14 19:55:09.833676 Quebec: Uniform, Zulu and Foxtrot, sending you 4
2024-10-14 19:55:09.836667 Foxtrot: Yankee, sending you 3
2024-10-14 19:55:09.839666 Quebec: Yankee, sending you 3
2024-10-14 19:55:09.841683 Foxtrot: Zulu and Quebec, sending you 4
chatterbot November submitting transactions
chatterbot Sierra submitting transactions
chatterbot Whiskey submitting transactions
chatterbot Uniform submitting transactions
chatterbot Papa submitting transactions
chatterbot Foxtrot submitting transactions
chatterbot Zulu submitting transactions
chatterbot Quebec submitting transactions
chatterbot Yankee submitting transactions
chatterbot Charlie submitting transactions
ChatterBot Whiskey round 8
ChatterBot Uniform round 8
ChatterBot Charlie round 8
ChatterBot Sierra round 8
ChatterBot November round 8
ChatterBot Papa round 8
ChatterBot Yankee round 8
ChatterBot Zulu round 8
ChatterBot Quebec round 8
ChatterBot Foxtrot round 8
2024-10-14 19:55:11.078665 Whiskey: Charlie, November, Papa and Yankee, sending you 3
2024-10-14 19:55:11.080706 Charlie: Same as last round
2024-10-14 19:55:11.081712 Uniform: Yankee, sending you 3
2024-10-14 19:55:11.084082 Whiskey: Sierra, sending you 2
2024-10-14 19:55:11.085050 Papa: Whiskey, Charlie, Sierra and Yankee, sending you 4
2024-10-14 19:55:11.085839 Sierra: Whiskey, sending you 2
2024-10-14 19:55:11.086433 November: Whiskey, Charlie, Sierra and Yankee, sending you 3
2024-10-14 19:55:11.087206 Yankee: Whiskey, Charlie, Sierra, November, Papa, Zulu and Quebec, sending you 2
2024-10-14 19:55:11.088320 Uniform: Zulu and Quebec, sending you 4
2024-10-14 19:55:11.089122 Zulu: Uniform, Quebec and Foxtrot, sending you 4
2024-10-14 19:55:11.090664 Sierra: Charlie, November, Papa and Yankee, sending you 3
2024-10-14 19:55:11.091582 Papa: November, sending you 2
2024-10-14 19:55:11.092675 November: Papa, sending you 2
2024-10-14 19:55:11.093414 Uniform: Foxtrot, sending you 6
2024-10-14 19:55:11.094057 Yankee: Foxtrot, sending you 1
2024-10-14 19:55:11.095822 Zulu: Yankee, sending you 2
2024-10-14 19:55:11.096662 Quebec: Uniform, Zulu and Foxtrot, sending you 4
2024-10-14 19:55:11.099673 Quebec: Yankee, sending you 3
2024-10-14 19:55:11.101096 Foxtrot: Uniform, sending you 6
2024-10-14 19:55:11.105664 Foxtrot: Yankee, sending you 3
2024-10-14 19:55:11.110684 Foxtrot: Zulu and Quebec, sending you 4
chatterbot Sierra submitting transactions
chatterbot Quebec submitting transactions
chatterbot Charlie submitting transactions
chatterbot Zulu submitting transactions
chatterbot November submitting transactions
chatterbot Whiskey submitting transactions
chatterbot Foxtrot submitting transactions
chatterbot Uniform submitting transactions
chatterbot Papa submitting transactions
chatterbot Yankee submitting transactions
ChatterBot Whiskey round 9
ChatterBot Uniform round 9
ChatterBot Charlie round 9
ChatterBot Sierra round 9
ChatterBot November round 9
ChatterBot Papa round 9
ChatterBot Yankee round 9
ChatterBot Zulu round 9
ChatterBot Quebec round 9
ChatterBot Foxtrot round 9
2024-10-14 19:55:12.334663 November: Whiskey, Charlie, Sierra and Yankee, sending you 3
2024-10-14 19:55:12.337671 Charlie: Same as last round
2024-10-14 19:55:12.338841 November: Papa, sending you 2
2024-10-14 19:55:12.339654 Whiskey: Charlie, November, Papa and Yankee, sending you 3
2024-10-14 19:55:12.340156 Sierra: Whiskey, sending you 2
2024-10-14 19:55:12.341691 Yankee: Whiskey, Charlie, Sierra, November, Papa, Quebec and Foxtrot, sending you 2
2024-10-14 19:55:12.342666 Whiskey: Sierra, sending you 2
2024-10-14 19:55:12.344115 Sierra: Charlie, November, Papa and Yankee, sending you 3
2024-10-14 19:55:12.345700 Uniform: Yankee, sending you 3
2024-10-14 19:55:12.346675 Yankee: Uniform, sending you 1
2024-10-14 19:55:12.348680 Papa: Whiskey, Charlie, Sierra and Yankee, sending you 4
2024-10-14 19:55:12.349685 Uniform: Zulu and Quebec, sending you 4
2024-10-14 19:55:12.351665 Papa: November, sending you 2
2024-10-14 19:55:12.352677 Zulu: Uniform, Quebec and Foxtrot, sending you 4
2024-10-14 19:55:12.353098 Quebec: Uniform, Zulu and Foxtrot, sending you 4
2024-10-14 19:55:12.353711 Uniform: Foxtrot, sending you 6
2024-10-14 19:55:12.356666 Foxtrot: Uniform, sending you 6
2024-10-14 19:55:12.357080 Zulu: Yankee, sending you 2
2024-10-14 19:55:12.357679 Quebec: Yankee, sending you 3
2024-10-14 19:55:12.360675 Foxtrot: Yankee, sending you 3
2024-10-14 19:55:12.365687 Foxtrot: Zulu and Quebec, sending you 4
chatterbot Zulu submitting transactions
chatterbot Yankee submitting transactions
chatterbot Uniform submitting transactions
chatterbot November submitting transactions
chatterbot Quebec submitting transactions
chatterbot Foxtrot submitting transactions
chatterbot Charlie submitting transactions
chatterbot Whiskey submitting transactions
chatterbot Papa submitting transactions
chatterbot Sierra submitting transactions
ChatterBot Whiskey round 10
ChatterBot Uniform round 10
ChatterBot Charlie round 10
ChatterBot Sierra round 10
ChatterBot November round 10
ChatterBot Papa round 10
ChatterBot Yankee round 10
ChatterBot Zulu round 10
ChatterBot Quebec round 10
ChatterBot Foxtrot round 10
2024-10-14 19:55:13.311710 Charlie: We should drop Yankee
2024-10-14 19:55:13.322186 Whiskey: No
2024-10-14 19:55:13.322364 Sierra: No
2024-10-14 19:55:13.322563 November: No
2024-10-14 19:55:13.322783 Papa: No
ChatterBot Charlie reevaluating
ChatterBot Charlie reevaluating
ChatterBot Charlie reevaluating
2024-10-14 19:55:13.364688 Papa: Whiskey, Charlie, Sierra and Yankee, sending you 4
2024-10-14 19:55:13.365796 November: Whiskey, Charlie, Sierra and Yankee, sending you 3
2024-10-14 19:55:13.369649 Papa: November, sending you 2
2024-10-14 19:55:13.370676 November: Papa, sending you 2
2024-10-14 19:55:13.373719 Uniform: Yankee, sending you 3
2024-10-14 19:55:13.375664 Charlie: Same as last round
2024-10-14 19:55:13.377670 Uniform: Zulu and Quebec, sending you 4
2024-10-14 19:55:13.379145 Yankee: Whiskey, Charlie, Sierra, November, Papa, Quebec and Foxtrot, sending you 2
2024-10-14 19:55:13.380003 Foxtrot: Uniform, sending you 5
2024-10-14 19:55:13.380507 Zulu: Uniform, Quebec and Foxtrot, sending you 4
2024-10-14 19:55:13.380988 Whiskey: Sending you each 1
2024-10-14 19:55:13.383727 Uniform: Foxtrot, sending you 6
2024-10-14 19:55:13.384292 Yankee: Uniform, sending you 1
2024-10-14 19:55:13.384989 Foxtrot: Yankee, Zulu and Quebec, sending you 4
2024-10-14 19:55:13.385464 Sierra: Whiskey, sending you 2
2024-10-14 19:55:13.385952 Zulu: Yankee, sending you 2
2024-10-14 19:55:13.390690 Sierra: Charlie, November, Papa and Yankee, sending you 3
2024-10-14 19:55:13.391378 Quebec: Uniform, Zulu and Foxtrot, sending you 4
2024-10-14 19:55:13.395685 Quebec: Yankee, sending you 3
chatterbot Uniform submitting transactions
chatterbot Yankee submitting transactions
chatterbot Charlie submitting transactions
chatterbot November submitting transactions
chatterbot Whiskey submitting transactions
chatterbot Zulu submitting transactions
chatterbot Papa submitting transactions
chatterbot Sierra submitting transactions
chatterbot Quebec submitting transactions
chatterbot Foxtrot submitting transactions
ChatterBot Whiskey round 11
ChatterBot Uniform round 11
ChatterBot Charlie round 11
ChatterBot Sierra round 11
ChatterBot November round 11
ChatterBot Papa round 11
ChatterBot Yankee round 11
ChatterBot Zulu round 11
ChatterBot Quebec round 11
ChatterBot Foxtrot round 11
2024-10-14 19:55:14.665673 Sierra: Whiskey, sending you 2
2024-10-14 19:55:14.667569 Whiskey: Charlie, November, Papa and Yankee, sending you 3
2024-10-14 19:55:14.670664 Whiskey: Sierra, sending you 2
2024-10-14 19:55:14.672298 Sierra: Charlie, November, Papa and Yankee, sending you 3
2024-10-14 19:55:14.676711 Uniform: Yankee, sending you 3
2024-10-14 19:55:14.678248 Charlie: Same as last round
2024-10-14 19:55:14.679433 Zulu: Uniform, Quebec and Foxtrot, sending you 4
2024-10-14 19:55:14.680813 Quebec: Uniform, Zulu and Foxtrot, sending you 4
2024-10-14 19:55:14.681705 Yankee: Sending you each 3
2024-10-14 19:55:14.683151 Uniform: Zulu and Quebec, sending you 4
2024-10-14 19:55:14.683932 Papa: Whiskey and November, sending you 3
2024-10-14 19:55:14.685682 Zulu: Yankee, sending you 2
2024-10-14 19:55:14.687327 Quebec: Yankee, sending you 3
2024-10-14 19:55:14.687970 November: Whiskey, Charlie, Sierra and Yankee, sending you 3
2024-10-14 19:55:14.688901 Foxtrot: Uniform, sending you 5
2024-10-14 19:55:14.690621 Uniform: Foxtrot, sending you 5
2024-10-14 19:55:14.691445 Uniform: I was attacked by Whiskey
ChatterBot Quebec reevaluating
ChatterBot Zulu reevaluating
ChatterBot Foxtrot reevaluating
ChatterBot Yankee reevaluating
2024-10-14 19:55:14.713641 Uniform: Ow
2024-10-14 19:55:14.715606 Papa: Charlie, Sierra and Yankee, sending you 4
2024-10-14 19:55:14.717543 November: Papa, sending you 2
2024-10-14 19:55:14.739667 Yankee: Whiskey, Charlie, Sierra, November, Papa, Quebec and Foxtrot, sending you 2
2024-10-14 19:55:14.744684 Yankee: Uniform, sending you 1
chatterbot November submitting transactions
chatterbot Foxtrot submitting transactions
chatterbot Papa submitting transactions
chatterbot Sierra submitting transactions
chatterbot Yankee submitting transactions
chatterbot Whiskey submitting transactions
chatterbot Zulu submitting transactions
chatterbot Charlie submitting transactions
chatterbot Quebec submitting transactions
chatterbot Uniform submitting transactions
ChatterBot Whiskey round 12
ChatterBot Uniform round 12
ChatterBot Charlie round 12
ChatterBot Sierra round 12
ChatterBot November round 12
ChatterBot Papa round 12
ChatterBot Yankee round 12
ChatterBot Zulu round 12
ChatterBot Quebec round 12
ChatterBot Foxtrot round 12
2024-10-14 19:55:15.883263 Papa: Whiskey, Charlie, Sierra and Yankee, sending you 4
2024-10-14 19:55:15.888674 Papa: November, sending you 2
2024-10-14 19:55:15.890023 November: Whiskey, Charlie, Sierra and Yankee, sending you 3
2024-10-14 19:55:15.891651 Yankee: Whiskey, Charlie, Sierra, November, Papa, Quebec and Foxtrot, sending you 2
2024-10-14 19:55:15.893679 November: Papa, sending you 2
2024-10-14 19:55:15.894704 Uniform: Yankee, sending you 3
2024-10-14 19:55:15.896151 Whiskey: Charlie, Sierra, November and Yankee, sending you 1
2024-10-14 19:55:15.896871 Zulu: Uniform, Quebec and Foxtrot, sending you 4
2024-10-14 19:55:15.897412 Sierra: Whiskey, sending you 2
2024-10-14 19:55:15.898586 Quebec: Uniform, Zulu and Foxtrot, sending you 4
2024-10-14 19:55:15.899120 Charlie: Same as last round
2024-10-14 19:55:15.900127 Yankee: Uniform, sending you 1
2024-10-14 19:55:15.900896 Foxtrot: Uniform, sending you 5
2024-10-14 19:55:15.901607 Uniform: Zulu and Quebec, sending you 4
2024-10-14 19:55:15.902588 Zulu: Yankee, sending you 2
2024-10-14 19:55:15.903136 Sierra: Charlie, November, Papa and Yankee, sending you 3
2024-10-14 19:55:15.904325 Quebec: Yankee, sending you 3
2024-10-14 19:55:15.905663 Foxtrot: Yankee, Zulu and Quebec, sending you 4
2024-10-14 19:55:15.906921 Uniform: Foxtrot, sending you 6
chatterbot Papa submitting transactions
chatterbot Uniform submitting transactions
chatterbot November submitting transactions
chatterbot Sierra submitting transactions
chatterbot Yankee submitting transactions
chatterbot Whiskey submitting transactions
chatterbot Quebec submitting transactions
chatterbot Charlie submitting transactions
chatterbot Foxtrot submitting transactions
chatterbot Zulu submitting transactions
ChatterBot Whiskey round 13
ChatterBot Uniform round 13
ChatterBot Charlie round 13
ChatterBot Sierra round 13
ChatterBot November round 13
ChatterBot Papa round 13
ChatterBot Yankee round 13
ChatterBot Zulu round 13
ChatterBot Quebec round 13
ChatterBot Foxtrot round 13
2024-10-14 19:55:17.149164 Papa: I was attacked by Whiskey
ChatterBot Sierra reevaluating
ChatterBot Whiskey reevaluating
ChatterBot Charlie reevaluating
ChatterBot November reevaluating
ChatterBot Yankee reevaluating
2024-10-14 19:55:17.174168 Papa: Ow
2024-10-14 19:55:17.179679 Zulu: Uniform, Quebec and Foxtrot, sending you 4
2024-10-14 19:55:17.180648 Foxtrot: Uniform, sending you 5
2024-10-14 19:55:17.182054 Quebec: Uniform, Zulu and Foxtrot, sending you 4
2024-10-14 19:55:17.183086 Uniform: Yankee, sending you 3
2024-10-14 19:55:17.185693 Zulu: Yankee, sending you 2
2024-10-14 19:55:17.187486 Foxtrot: Yankee, Zulu and Quebec, sending you 4
2024-10-14 19:55:17.188222 Quebec: Yankee, sending you 3
2024-10-14 19:55:17.189303 Uniform: Zulu and Quebec, sending you 4
2024-10-14 19:55:17.192676 Uniform: Foxtrot, sending you 6
2024-10-14 19:55:17.194680 November: Whiskey, Charlie, Sierra and Yankee, sending you 3
2024-10-14 19:55:17.199158 Charlie: Same as last round
2024-10-14 19:55:17.200096 November: Papa, sending you 2
2024-10-14 19:55:17.201499 Yankee: Whiskey, Charlie, Sierra, November, Papa, Quebec and Foxtrot, sending you 2
2024-10-14 19:55:17.205673 Sierra: Whiskey, sending you 2
2024-10-14 19:55:17.207197 Yankee: Uniform, sending you 1
2024-10-14 19:55:17.208620 Whiskey: Charlie, November, Papa and Yankee, sending you 3
2024-10-14 19:55:17.210476 Sierra: Charlie, November, Papa and Yankee, sending you 3
2024-10-14 19:55:17.214659 Whiskey: Sierra, sending you 2
chatterbot Foxtrot submitting transactions
chatterbot Charlie submitting transactions
chatterbot Uniform submitting transactions
chatterbot November submitting transactions
chatterbot Whiskey submitting transactions
chatterbot Papa submitting transactions
chatterbot Quebec submitting transactions
chatterbot Sierra submitting transactions
chatterbot Zulu submitting transactions
chatterbot Yankee submitting transactions
ChatterBot Whiskey round 14
ChatterBot Uniform round 14
ChatterBot Charlie round 14
ChatterBot Sierra round 14
ChatterBot November round 14
ChatterBot Papa round 14
ChatterBot Yankee round 14
ChatterBot Zulu round 14
ChatterBot Quebec round 14
ChatterBot Foxtrot round 14
2024-10-14 19:55:18.557888 Charlie: Same as last round
