ChatterBot Victor round 1
ChatterBot Uniform round 1
ChatterBot Yankee round 1
ChatterBot Lima round 1
ChatterBot Whiskey round 1
ChatterBot Alpha round 1
ChatterBot Echo round 1
ChatterBot Hotel round 1
ChatterBot Quebec round 1
ChatterBot Tango round 1
randomSelections Alpha: {Alpha, Echo, Lima, Yankee, Victor, Tango} 
2024-10-14 13:33:26.947766 Alpha: Let's form a team
ChatterBot Echo reevaluating
ChatterBot Lima reevaluating
ChatterBot Yankee reevaluating
ChatterBot Victor reevaluating
ChatterBot Tango reevaluating
2024-10-14 13:33:27.006776 Echo: Yes
2024-10-14 13:33:27.006963 Lima: Yes
2024-10-14 13:33:27.008329 Yankee: Yes
2024-10-14 13:33:27.008607 Victor: Yes
2024-10-14 13:33:27.008849 Tango: Yes
ChatterBot Lima reevaluating
ChatterBot Yankee reevaluating
ChatterBot Victor reevaluating
ChatterBot Tango reevaluating
ChatterBot Echo reevaluating
ChatterBot Yankee reevaluating
ChatterBot Victor reevaluating
ChatterBot Tango reevaluating
ChatterBot Echo reevaluating
ChatterBot Lima reevaluating
ChatterBot Victor reevaluating
ChatterBot Tango reevaluating
ChatterBot Echo reevaluating
ChatterBot Lima reevaluating
ChatterBot Yankee reevaluating
ChatterBot Tango reevaluating
ChatterBot Echo reevaluating
ChatterBot Lima reevaluating
ChatterBot Yankee reevaluating
ChatterBot Victor reevaluating
randomSelections Uniform: {Uniform, Alpha, Lima, Tango, Yankee, Whiskey} 
2024-10-14 13:33:27.068172 Uniform: Let's form a team
ChatterBot Lima reevaluating
ChatterBot Tango reevaluating
ChatterBot Yankee reevaluating
ChatterBot Whiskey reevaluating
2024-10-14 13:33:27.077583 Alpha: No
2024-10-14 13:33:27.078186 Lima: No
2024-10-14 13:33:27.078369 Tango: No
2024-10-14 13:33:27.078619 Yankee: No
2024-10-14 13:33:27.078825 Whiskey: Yes
ChatterBot Lima reevaluating
ChatterBot Tango reevaluating
ChatterBot Yankee reevaluating
ChatterBot Whiskey reevaluating
ChatterBot Tango reevaluating
ChatterBot Yankee reevaluating
ChatterBot Whiskey reevaluating
ChatterBot Lima reevaluating
ChatterBot Yankee reevaluating
ChatterBot Whiskey reevaluating
ChatterBot Lima reevaluating
ChatterBot Tango reevaluating
ChatterBot Whiskey reevaluating
ChatterBot Lima reevaluating
ChatterBot Tango reevaluating
ChatterBot Yankee reevaluating
randomSelections Quebec: {Quebec, Lima, Yankee, Uniform, Victor, Whiskey} 
2024-10-14 13:33:27.155082 Quebec: We should group up
ChatterBot Lima reevaluating
ChatterBot Yankee reevaluating
ChatterBot Victor reevaluating
ChatterBot Whiskey reevaluating
2024-10-14 13:33:27.163872 Lima: No
2024-10-14 13:33:27.164019 Yankee: No
2024-10-14 13:33:27.164157 Uniform: No
2024-10-14 13:33:27.164319 Victor: No
2024-10-14 13:33:27.164426 Whiskey: No
ChatterBot Yankee reevaluating
ChatterBot Victor reevaluating
ChatterBot Whiskey reevaluating
ChatterBot Lima reevaluating
ChatterBot Victor reevaluating
ChatterBot Whiskey reevaluating
ChatterBot Lima reevaluating
ChatterBot Yankee reevaluating
ChatterBot Victor reevaluating
ChatterBot Whiskey reevaluating
ChatterBot Lima reevaluating
ChatterBot Yankee reevaluating
ChatterBot Whiskey reevaluating
ChatterBot Lima reevaluating
ChatterBot Yankee reevaluating
ChatterBot Victor reevaluating
randomSelections Hotel: {Hotel, Lima, Uniform, Victor, Alpha, Yankee} 
2024-10-14 13:33:27.203543 Hotel: We would work well together
ChatterBot Lima reevaluating
ChatterBot Victor reevaluating
ChatterBot Yankee reevaluating
2024-10-14 13:33:27.210878 Lima: No
2024-10-14 13:33:27.211011 Uniform: No
2024-10-14 13:33:27.211106 Victor: No
2024-10-14 13:33:27.211666 Alpha: No
2024-10-14 13:33:27.211761 Yankee: No
ChatterBot Victor reevaluating
ChatterBot Yankee reevaluating
ChatterBot Lima reevaluating
ChatterBot Victor reevaluating
ChatterBot Yankee reevaluating
ChatterBot Lima reevaluating
ChatterBot Yankee reevaluating
ChatterBot Lima reevaluating
ChatterBot Victor reevaluating
ChatterBot Yankee reevaluating
ChatterBot Lima reevaluating
ChatterBot Victor reevaluating
2024-10-14 13:33:27.265203 Alpha: Victor and Yankee, sending you 3
2024-10-14 13:33:27.269545 Whiskey: Uniform and Alpha, sending you 2
2024-10-14 13:33:27.269901 Alpha: Lima and Tango, sending you 4
2024-10-14 13:33:27.276147 Whiskey: Yankee and Lima, sending you 3
2024-10-14 13:33:27.276558 Alpha: Echo, sending you 1
2024-10-14 13:33:27.276970 Quebec: Victor, sending you 1
2024-10-14 13:33:27.280825 Hotel: Victor and Uniform, sending you 3
2024-10-14 13:33:27.281715 Victor: Lima, sending you 3
2024-10-14 13:33:27.282033 Uniform: Yankee, sending you 5
2024-10-14 13:33:27.282342 Echo: Victor and Yankee, sending you 4
2024-10-14 13:33:27.282605 Whiskey: Tango, sending you 1
2024-10-14 13:33:27.283511 Quebec: Uniform and Lima, sending you 3
2024-10-14 13:33:27.283793 Tango: Victor, sending you 1
2024-10-14 13:33:27.284044 Yankee: Victor, Lima, Echo and Tango, sending you 3
2024-10-14 13:33:27.284271 Lima: Victor, Echo and Tango, sending you 1
2024-10-14 13:33:27.285102 Uniform: Lima, Alpha and Tango, sending you 2
2024-10-14 13:33:27.285404 Echo: Lima and Alpha, sending you 2
2024-10-14 13:33:27.288880 Hotel: Yankee, sending you 2
2024-10-14 13:33:27.289338 Victor: Alpha and Tango, sending you 4
2024-10-14 13:33:27.289788 Quebec: Yankee, sending you 2
2024-10-14 13:33:27.290232 Tango: Yankee and Alpha, sending you 2
2024-10-14 13:33:27.291259 Yankee: Alpha, sending you 2
2024-10-14 13:33:27.291672 Lima: Yankee, sending you 3
2024-10-14 13:33:27.292191 Uniform: Whiskey, sending you 1
2024-10-14 13:33:27.293316 Echo: Tango, sending you 3
2024-10-14 13:33:27.293837 Hotel: Alpha, sending you 4
2024-10-14 13:33:27.294282 Victor: Echo, sending you 2
2024-10-14 13:33:27.295350 Tango: Lima and Echo, sending you 3
2024-10-14 13:33:27.297278 Lima: Alpha, sending you 2
chatterbot Uniform submitting transactions
chatterbot Victor submitting transactions
chatterbot Hotel submitting transactions
chatterbot Quebec submitting transactions
chatterbot Tango submitting transactions
chatterbot Yankee submitting transactions
chatterbot Alpha submitting transactions
chatterbot Whiskey submitting transactions
chatterbot Echo submitting transactions
chatterbot Lima submitting transactions
ChatterBot Victor round 2
ChatterBot Uniform round 2
ChatterBot Yankee round 2
ChatterBot Lima round 2
ChatterBot Whiskey round 2
ChatterBot Alpha round 2
ChatterBot Echo round 2
ChatterBot Hotel round 2
2024-10-14 13:33:28.359378 Victor: We should add Hotel
ChatterBot Alpha reevaluating
ChatterBot Echo reevaluating
ChatterBot Lima reevaluating
ChatterBot Yankee reevaluating
ChatterBot Tango reevaluating
2024-10-14 13:33:28.383314 Alpha: Yes
2024-10-14 13:33:28.383483 Echo: No
2024-10-14 13:33:28.383601 Lima: No
2024-10-14 13:33:28.383732 Yankee: No
2024-10-14 13:33:28.383847 Tango: No
ChatterBot Echo reevaluating
ChatterBot Lima reevaluating
ChatterBot Yankee reevaluating
ChatterBot Tango reevaluating
ChatterBot Alpha reevaluating
ChatterBot Lima reevaluating
ChatterBot Yankee reevaluating
ChatterBot Tango reevaluating
ChatterBot Alpha reevaluating
ChatterBot Echo reevaluating
ChatterBot Yankee reevaluating
ChatterBot Tango reevaluating
ChatterBot Alpha reevaluating
ChatterBot Echo reevaluating
ChatterBot Lima reevaluating
ChatterBot Tango reevaluating
ChatterBot Alpha reevaluating
ChatterBot Echo reevaluating
ChatterBot Lima reevaluating
ChatterBot Yankee reevaluating
ChatterBot Quebec round 2
ChatterBot Tango round 2
2024-10-14 13:33:28.490049 Uniform: Let's form a team
ChatterBot Whiskey reevaluating
ChatterBot Hotel reevaluating
ChatterBot Quebec reevaluating
2024-10-14 13:33:28.501190 Whiskey: Yes
2024-10-14 13:33:28.501360 Hotel: Yes
2024-10-14 13:33:28.501472 Quebec: Yes
ChatterBot Hotel reevaluating
ChatterBot Quebec reevaluating
ChatterBot Whiskey reevaluating
ChatterBot Quebec reevaluating
ChatterBot Whiskey reevaluating
ChatterBot Hotel reevaluating
2024-10-14 13:33:28.560275 Victor: Hotel we want you to join our group
ChatterBot Hotel reevaluating
2024-10-14 13:33:28.564482 Hotel: No
ChatterBot Yankee reevaluating
ChatterBot Lima reevaluating
ChatterBot Alpha reevaluating
ChatterBot Echo reevaluating
ChatterBot Tango reevaluating
2024-10-14 13:33:28.590596 Yankee: We should add Whiskey
ChatterBot Alpha reevaluating
ChatterBot Tango reevaluating
2024-10-14 13:33:28.609133 Alpha: No
2024-10-14 13:33:28.609728 Echo: No
2024-10-14 13:33:28.609872 Lima: No
2024-10-14 13:33:28.609989 Victor: No
2024-10-14 13:33:28.610100 Tango: No
ChatterBot Yankee reevaluating
ChatterBot Tango reevaluating
ChatterBot Alpha reevaluating
ChatterBot Yankee reevaluating
ChatterBot Tango reevaluating
ChatterBot Alpha reevaluating
ChatterBot Yankee reevaluating
ChatterBot Tango reevaluating
ChatterBot Alpha reevaluating
ChatterBot Yankee reevaluating
ChatterBot Tango reevaluating
ChatterBot Alpha reevaluating
ChatterBot Yankee reevaluating
2024-10-14 13:33:29.002861 Yankee: Uniform we want you to join our group
2024-10-14 13:33:29.006168 Uniform: No
2024-10-14 13:33:29.122067 Whiskey: Uniform, sending you 9
2024-10-14 13:33:29.122352 Hotel: Sending you each 4
2024-10-14 13:33:29.122577 Uniform: Whiskey, sending you 3
2024-10-14 13:33:29.122781 Victor: Yankee and Echo, sending you 3
2024-10-14 13:33:29.123515 Echo: Victor, sending you 3
2024-10-14 13:33:29.123808 Alpha: Victor, sending you 4
2024-10-14 13:33:29.124103 Lima: Victor, Yankee, Alpha and Tango, sending you 2
chatterbot Victor submitting transactions
chatterbot Quebec submitting transactions
2024-10-14 13:33:29.728040 Whiskey: Hotel and Quebec, sending you 1
2024-10-14 13:33:29.728313 Victor: Lima, Alpha, Hotel and Tango, sending you 2
2024-10-14 13:33:29.728627 Uniform: Hotel, sending you 5
2024-10-14 13:33:29.729243 Alpha: Yankee, Lima and Echo, sending you 3
2024-10-14 13:33:29.729559 Yankee: Uniform, sending you 5
2024-10-14 13:33:29.729810 Echo: Yankee and Tango, sending you 4
2024-10-14 13:33:29.730108 Lima: Echo, sending you 1
2024-10-14 13:33:29.730883 Quebec: Sending you each 3
2024-10-14 13:33:29.731084 Tango: Victor and Alpha, sending you 3
chatterbot Alpha submitting transactions
chatterbot Hotel submitting transactions
chatterbot Echo submitting transactions
chatterbot Tango submitting transactions
chatterbot Lima submitting transactions
chatterbot Yankee submitting transactions
2024-10-14 13:33:30.031436 Alpha: Tango, sending you 2
2024-10-14 13:33:30.032512 Echo: Lima and Alpha, sending you 2
2024-10-14 13:33:30.032960 Uniform: Quebec, sending you 4
2024-10-14 13:33:30.033750 Yankee: Lima, Alpha and Tango, sending you 2
2024-10-14 13:33:30.034208 Tango: Yankee, Lima and Echo, sending you 2
chatterbot Uniform submitting transactions
chatterbot Whiskey submitting transactions
2024-10-14 13:33:30.052712 Yankee: Echo, sending you 3
2024-10-14 13:33:30.053148 Tango: Victor did not give me 4 like they said
ChatterBot Alpha reevaluating
ChatterBot Echo reevaluating
ChatterBot Lima reevaluating
ChatterBot Yankee reevaluating
ChatterBot Victor reevaluating
2024-10-14 13:33:30.076902 Tango: Uniform did not give me 2 like they said
ChatterBot Alpha reevaluating
ChatterBot Echo reevaluating
ChatterBot Lima reevaluating
ChatterBot Yankee reevaluating
ChatterBot Victor reevaluating
2024-10-14 13:33:30.099147 Tango: Yankee did not give me 3 like they said
ChatterBot Alpha reevaluating
ChatterBot Echo reevaluating
ChatterBot Lima reevaluating
ChatterBot Yankee reevaluating
ChatterBot Victor reevaluating
2024-10-14 13:33:30.129314 Tango: Whiskey did not give me 1 like they said
ChatterBot Alpha reevaluating
ChatterBot Echo reevaluating
ChatterBot Lima reevaluating
ChatterBot Yankee reevaluating
ChatterBot Victor reevaluating
2024-10-14 13:33:30.164107 Tango: Alpha did not give me 4 like they said
ChatterBot Alpha reevaluating
ChatterBot Echo reevaluating
ChatterBot Lima reevaluating
ChatterBot Yankee reevaluating
ChatterBot Victor reevaluating
ChatterBot Victor round 3
ChatterBot Uniform round 3
ChatterBot Yankee round 3
ChatterBot Lima round 3
ChatterBot Whiskey round 3
ChatterBot Alpha round 3
ChatterBot Echo round 3
ChatterBot Hotel round 3
ChatterBot Quebec round 3
ChatterBot Tango round 3
2024-10-14 13:33:30.232776 Quebec: We should add Victor
2024-10-14 13:33:30.246737 Uniform: No
2024-10-14 13:33:30.247369 Whiskey: No
2024-10-14 13:33:30.247559 Hotel: No
ChatterBot Quebec reevaluating
ChatterBot Quebec reevaluating
ChatterBot Quebec reevaluating
2024-10-14 13:33:30.373510 Victor: We should drop Hotel
ChatterBot Alpha reevaluating
ChatterBot Echo reevaluating
2024-10-14 13:33:30.397489 Alpha: Yes
2024-10-14 13:33:30.398054 Echo: Yes
2024-10-14 13:33:30.398397 Lima: Yes
2024-10-14 13:33:30.399171 Yankee: Yes
2024-10-14 13:33:30.399529 Tango: Yes
ChatterBot Echo reevaluating
ChatterBot Alpha reevaluating
ChatterBot Alpha reevaluating
ChatterBot Echo reevaluating
ChatterBot Alpha reevaluating
ChatterBot Echo reevaluating
ChatterBot Alpha reevaluating
ChatterBot Echo reevaluating
2024-10-14 13:33:30.490399 Quebec: We should add Lima
2024-10-14 13:33:30.499120 Uniform: No
2024-10-14 13:33:30.499318 Whiskey: No
2024-10-14 13:33:30.499428 Hotel: No
ChatterBot Quebec reevaluating
ChatterBot Quebec reevaluating
ChatterBot Quebec reevaluating
2024-10-14 13:33:30.527907 Yankee: We should drop Uniform
ChatterBot Alpha reevaluating
ChatterBot Echo reevaluating
2024-10-14 13:33:30.542639 Alpha: Yes
2024-10-14 13:33:30.542801 Echo: Yes
2024-10-14 13:33:30.542929 Lima: Yes
2024-10-14 13:33:30.543048 Victor: Yes
2024-10-14 13:33:30.543176 Tango: Yes
ChatterBot Echo reevaluating
ChatterBot Alpha reevaluating
ChatterBot Alpha reevaluating
ChatterBot Echo reevaluating
ChatterBot Alpha reevaluating
ChatterBot Echo reevaluating
ChatterBot Alpha reevaluating
ChatterBot Echo reevaluating
2024-10-14 13:33:30.755043 Lima: Victor, Yankee, Alpha and Tango, sending you 2
2024-10-14 13:33:30.757906 Uniform: Whiskey, sending you 5
2024-10-14 13:33:30.758356 Whiskey: Uniform and Hotel, sending you 4
chatterbot Whiskey submitting transactions
chatterbot Uniform submitting transactions
chatterbot Yankee submitting transactions
2024-10-14 13:33:30.800492 Uniform: Hotel, sending you 4
2024-10-14 13:33:30.800824 Whiskey: Quebec, sending you 3
2024-10-14 13:33:30.801051 Victor: Yankee, sending you 2
2024-10-14 13:33:30.802073 Hotel: Uniform, sending you 7
2024-10-14 13:33:30.802308 Lima: Echo, sending you 1
2024-10-14 13:33:30.802731 Yankee: Victor and Tango, sending you 2
2024-10-14 13:33:30.803678 Tango: Victor, Yankee and Lima, sending you 2
2024-10-14 13:33:30.804065 Uniform: Quebec, sending you 3
2024-10-14 13:33:30.864171 Hotel: Whiskey, sending you 1
2024-10-14 13:33:30.864544 Victor: Lima, Alpha, Echo and Tango, sending you 3
2024-10-14 13:33:30.865728 Tango: Alpha and Echo, sending you 3
2024-10-14 13:33:30.866837 Echo: Victor, Alpha and Tango, sending you 3
2024-10-14 13:33:30.867258 Yankee: Lima and Alpha, sending you 3
2024-10-14 13:33:30.867759 Alpha: Sending you each 3
2024-10-14 13:33:30.868633 Hotel: Quebec, sending you 4
2024-10-14 13:33:30.897672 Echo: Yankee, sending you 4
2024-10-14 13:33:30.898357 Yankee: Echo, sending you 4
2024-10-14 13:33:30.915398 Echo: Lima, sending you 2
chatterbot Victor submitting transactions
chatterbot Hotel submitting transactions
chatterbot Alpha submitting transactions
chatterbot Lima submitting transactions
chatterbot Echo submitting transactions
chatterbot Quebec submitting transactions
chatterbot Tango submitting transactions
ChatterBot Victor round 4
ChatterBot Uniform round 4
ChatterBot Yankee round 4
ChatterBot Lima round 4
ChatterBot Whiskey round 4
ChatterBot Alpha round 4
ChatterBot Echo round 4
ChatterBot Hotel round 4
ChatterBot Quebec round 4
ChatterBot Tango round 4
2024-10-14 13:33:31.842035 Quebec: We should add Lima
2024-10-14 13:33:31.851981 Uniform: No
2024-10-14 13:33:31.852831 Whiskey: No
2024-10-14 13:33:31.853070 Hotel: No
ChatterBot Quebec reevaluating
ChatterBot Quebec reevaluating
ChatterBot Quebec reevaluating
2024-10-14 13:33:31.939208 Quebec: Lima we want you to join our group
2024-10-14 13:33:31.943058 Lima: No
ChatterBot Quebec reevaluating
2024-10-14 13:33:31.954966 Quebec: We should add Yankee
2024-10-14 13:33:31.964165 Uniform: No
2024-10-14 13:33:31.964366 Whiskey: No
2024-10-14 13:33:31.964497 Hotel: No
ChatterBot Quebec reevaluating
ChatterBot Quebec reevaluating
ChatterBot Quebec reevaluating
2024-10-14 13:33:31.991566 Yankee: Victor and Tango, sending you 2
2024-10-14 13:33:32.016009 Uniform: Whiskey, sending you 5
2024-10-14 13:33:32.016345 Victor: Yankee, sending you 2
2024-10-14 13:33:32.016812 Hotel: Uniform, sending you 6
2024-10-14 13:33:32.017482 Yankee: Lima and Alpha, sending you 3
2024-10-14 13:33:32.017887 Tango: Victor, Alpha and Echo, sending you 3
2024-10-14 13:33:32.018256 Whiskey: Uniform, sending you 5
2024-10-14 13:33:32.018495 Alpha: Same as last round
2024-10-14 13:33:32.019378 Lima: Victor, Yankee, Alpha and Tango, sending you 2
2024-10-14 13:33:32.019790 Echo: Victor, Alpha and Tango, sending you 3
2024-10-14 13:33:32.020675 Uniform: Hotel, sending you 4
2024-10-14 13:33:32.020947 Hotel: Whiskey and Quebec, sending you 3
2024-10-14 13:33:32.021183 Whiskey: Hotel and Quebec, sending you 3
2024-10-14 13:33:32.030639 Victor: Lima, Alpha, Echo and Tango, sending you 3
2024-10-14 13:33:32.031555 Yankee: Echo, sending you 4
2024-10-14 13:33:32.032004 Tango: Yankee, sending you 2
2024-10-14 13:33:32.032838 Lima: Echo, sending you 1
2024-10-14 13:33:32.033256 Echo: Yankee, sending you 4
2024-10-14 13:33:32.034004 Uniform: Quebec, sending you 3
2024-10-14 13:33:32.041682 Echo: Lima, sending you 2
2024-10-14 13:33:32.042235 Tango: Lima, sending you 1
2024-10-14 13:33:32.358387 Quebec: Uniform and Hotel, sending you 3
2024-10-14 13:33:32.366257 Quebec: Lima, sending you 1
2024-10-14 13:33:32.373982 Quebec: Whiskey, sending you 2
chatterbot Echo submitting transactions
chatterbot Lima submitting transactions
chatterbot Uniform submitting transactions
chatterbot Tango submitting transactions
chatterbot Hotel submitting transactions
chatterbot Yankee submitting transactions
chatterbot Whiskey submitting transactions
chatterbot Quebec submitting transactions
chatterbot Victor submitting transactions
chatterbot Alpha submitting transactions
ChatterBot Victor round 5
ChatterBot Uniform round 5
ChatterBot Yankee round 5
ChatterBot Lima round 5
ChatterBot Whiskey round 5
ChatterBot Alpha round 5
ChatterBot Echo round 5
ChatterBot Hotel round 5
ChatterBot Quebec round 5
ChatterBot Tango round 5
2024-10-14 13:33:33.239698 Uniform: Whiskey, sending you 4
2024-10-14 13:33:33.243802 Uniform: Hotel, sending you 5
2024-10-14 13:33:33.246667 Yankee: Victor and Tango, sending you 2
2024-10-14 13:33:33.248810 Uniform: Quebec, sending you 3
2024-10-14 13:33:33.249677 Echo: Victor, Alpha and Tango, sending you 3
2024-10-14 13:33:33.252715 Yankee: Lima and Alpha, sending you 3
2024-10-14 13:33:33.254683 Tango: Victor, Alpha and Echo, sending you 3
2024-10-14 13:33:33.255883 Echo: Yankee, sending you 4
2024-10-14 13:33:33.256678 Victor: Yankee, sending you 2
2024-10-14 13:33:33.257938 Lima: Victor and Yankee, sending you 2
2024-10-14 13:33:33.259295 Alpha: Same as last round
2024-10-14 13:33:33.260212 Yankee: Echo, sending you 4
2024-10-14 13:33:33.262391 Tango: Yankee, sending you 2
2024-10-14 13:33:33.264089 Echo: Lima, sending you 2
2024-10-14 13:33:33.265131 Victor: Lima, Alpha, Echo and Tango, sending you 3
2024-10-14 13:33:33.266592 Lima: Alpha, sending you 3
2024-10-14 13:33:33.268047 Tango: Lima, sending you 1
2024-10-14 13:33:33.272213 Lima: Echo and Tango, sending you 1
chatterbot Uniform submitting transactions
chatterbot Yankee submitting transactions
chatterbot Tango submitting transactions
chatterbot Echo submitting transactions
chatterbot Whiskey submitting transactions
chatterbot Victor submitting transactions
chatterbot Hotel submitting transactions
chatterbot Alpha submitting transactions
chatterbot Lima submitting transactions
chatterbot Quebec submitting transactions
ChatterBot Victor round 6
ChatterBot Uniform round 6
ChatterBot Yankee round 6
ChatterBot Lima round 6
ChatterBot Whiskey round 6
ChatterBot Alpha round 6
ChatterBot Echo round 6
ChatterBot Hotel round 6
ChatterBot Quebec round 6
ChatterBot Tango round 6
2024-10-14 13:33:34.428011 Quebec: We should replace Lima with Yankee
2024-10-14 13:33:34.439223 Uniform: No
2024-10-14 13:33:34.439482 Whiskey: No
2024-10-14 13:33:34.439658 Hotel: No
ChatterBot Quebec reevaluating
ChatterBot Quebec reevaluating
ChatterBot Quebec reevaluating
2024-10-14 13:33:34.480662 Echo: We should drop Lima
2024-10-14 13:33:34.495159 Victor: No
2024-10-14 13:33:34.495381 Yankee: No
2024-10-14 13:33:34.495546 Alpha: No
2024-10-14 13:33:34.495716 Tango: No
ChatterBot Yankee reevaluating
ChatterBot Echo reevaluating
ChatterBot Yankee reevaluating
ChatterBot Echo reevaluating
ChatterBot Yankee reevaluating
2024-10-14 13:33:34.547536 Yankee: We should add Uniform
ChatterBot Echo reevaluating
2024-10-14 13:33:34.562295 Alpha: No
2024-10-14 13:33:34.562501 Echo: No
2024-10-14 13:33:34.562631 Lima: No
2024-10-14 13:33:34.562789 Victor: No
2024-10-14 13:33:34.562896 Tango: No
ChatterBot Echo reevaluating
ChatterBot Yankee reevaluating
ChatterBot Yankee reevaluating
ChatterBot Echo reevaluating
ChatterBot Yankee reevaluating
ChatterBot Echo reevaluating
ChatterBot Yankee reevaluating
ChatterBot Echo reevaluating
ChatterBot Yankee reevaluating
2024-10-14 13:33:34.638882 Alpha: I was attacked by Hotel
ChatterBot Echo reevaluating
ChatterBot Lima reevaluating
ChatterBot Yankee reevaluating
ChatterBot Victor reevaluating
ChatterBot Tango reevaluating
2024-10-14 13:33:34.655197 Alpha: I'm keeping this round to protect myself
2024-10-14 13:33:34.656941 Alpha: Ow
2024-10-14 13:33:34.657320 Quebec: We should replace Lima with Echo
2024-10-14 13:33:34.665447 Uniform: No
2024-10-14 13:33:34.665650 Whiskey: No
2024-10-14 13:33:34.665781 Hotel: No
ChatterBot Quebec reevaluating
ChatterBot Quebec reevaluating
ChatterBot Quebec reevaluating
2024-10-14 13:33:34.693666 Hotel: Uniform, sending you 7
2024-10-14 13:33:34.694685 Uniform: Whiskey, sending you 4
2024-10-14 13:33:34.696676 Hotel: Whiskey, sending you 2
2024-10-14 13:33:34.698671 Uniform: Hotel, sending you 5
2024-10-14 13:33:34.701058 Quebec: Yankee we want you to join our group
2024-10-14 13:33:34.706051 Yankee: No
ChatterBot Quebec reevaluating
2024-10-14 13:33:34.720874 Hotel: Quebec, sending you 3
2024-10-14 13:33:34.721223 Uniform: Quebec, sending you 3
2024-10-14 13:33:34.721973 Tango: Victor and Yankee, sending you 2
2024-10-14 13:33:34.725654 Lima: Victor, Yankee and Alpha, sending you 2
2024-10-14 13:33:34.726309 Yankee: Victor and Tango, sending you 2
2024-10-14 13:33:34.726824 Tango: Lima, sending you 1
2024-10-14 13:33:34.727678 Echo: Victor, Alpha and Tango, sending you 3
2024-10-14 13:33:34.728688 Lima: Echo and Tango, sending you 1
2024-10-14 13:33:34.731650 Yankee: Lima and Alpha, sending you 3
2024-10-14 13:33:34.732917 Tango: Alpha and Echo, sending you 3
2024-10-14 13:33:34.733800 Echo: Yankee, sending you 4
2024-10-14 13:33:34.736655 Yankee: Echo, sending you 4
2024-10-14 13:33:34.738672 Echo: Lima, sending you 2
2024-10-14 13:33:34.739744 Quebec: Uniform, sending you 4
2024-10-14 13:33:34.742670 Quebec: Whiskey, sending you 2
2024-10-14 13:33:34.745743 Quebec: Hotel, sending you 3
chatterbot Lima submitting transactions
chatterbot Quebec submitting transactions
chatterbot Yankee submitting transactions
chatterbot Whiskey submitting transactions
chatterbot Echo submitting transactions
chatterbot Alpha submitting transactions
chatterbot Tango submitting transactions
chatterbot Uniform submitting transactions
chatterbot Hotel submitting transactions
chatterbot Victor submitting transactions
ChatterBot Victor round 7
ChatterBot Uniform round 7
ChatterBot Yankee round 7
ChatterBot Lima round 7
ChatterBot Whiskey round 7
ChatterBot Alpha round 7
ChatterBot Echo round 7
ChatterBot Hotel round 7
ChatterBot Quebec round 7
ChatterBot Tango round 7
2024-10-14 13:33:35.740016 Yankee: We should add Quebec
2024-10-14 13:33:35.753553 Alpha: No
2024-10-14 13:33:35.753749 Echo: No
2024-10-14 13:33:35.753895 Lima: No
2024-10-14 13:33:35.754029 Victor: No
2024-10-14 13:33:35.754159 Tango: No
ChatterBot Echo reevaluating
ChatterBot Yankee reevaluating
ChatterBot Yankee reevaluating
ChatterBot Echo reevaluating
ChatterBot Yankee reevaluating
ChatterBot Echo reevaluating
ChatterBot Yankee reevaluating
ChatterBot Echo reevaluating
ChatterBot Yankee reevaluating
2024-10-14 13:33:35.830131 Quebec: We should replace Lima with Tango
2024-10-14 13:33:35.835959 Uniform: No
2024-10-14 13:33:35.836103 Whiskey: No
2024-10-14 13:33:35.836213 Hotel: No
ChatterBot Quebec reevaluating
ChatterBot Quebec reevaluating
2024-10-14 13:33:35.868808 Quebec: Tango we want you to join our group
2024-10-14 13:33:35.871402 Tango: No
ChatterBot Quebec reevaluating
2024-10-14 13:33:35.883171 Echo: I was attacked by Whiskey
ChatterBot Alpha reevaluating
ChatterBot Lima reevaluating
ChatterBot Yankee reevaluating
ChatterBot Victor reevaluating
ChatterBot Tango reevaluating
2024-10-14 13:33:35.903418 Echo: I'm keeping this round to protect myself
2024-10-14 13:33:35.905116 Echo: Ow
2024-10-14 13:33:35.905478 Hotel: Uniform, sending you 7
2024-10-14 13:33:35.907658 Whiskey: Uniform, sending you 5
2024-10-14 13:33:35.908652 Hotel: Whiskey, sending you 2
2024-10-14 13:33:35.909679 Uniform: Whiskey, sending you 3
2024-10-14 13:33:35.911679 Whiskey: Hotel and Quebec, sending you 3
2024-10-14 13:33:35.912677 Hotel: Quebec, sending you 3
2024-10-14 13:33:35.914681 Uniform: Hotel, sending you 5
2024-10-14 13:33:35.919672 Uniform: Quebec, sending you 4
2024-10-14 13:33:35.927665 Quebec: Uniform, sending you 4
2024-10-14 13:33:35.929673 Tango: Victor, Yankee, Lima and Alpha, sending you 2
2024-10-14 13:33:35.932664 Quebec: Whiskey, sending you 2
2024-10-14 13:33:35.934663 Tango: Echo, sending you 3
2024-10-14 13:33:35.937661 Quebec: Hotel, sending you 3
chatterbot Victor submitting transactions
chatterbot Yankee submitting transactions
chatterbot Lima submitting transactions
chatterbot Alpha submitting transactions
chatterbot Uniform submitting transactions
chatterbot Hotel submitting transactions
chatterbot Quebec submitting transactions
chatterbot Whiskey submitting transactions
chatterbot Echo submitting transactions
chatterbot Tango submitting transactions
ChatterBot Victor round 8
ChatterBot Uniform round 8
ChatterBot Yankee round 8
ChatterBot Lima round 8
ChatterBot Whiskey round 8
ChatterBot Alpha round 8
ChatterBot Echo round 8
ChatterBot Hotel round 8
ChatterBot Quebec round 8
ChatterBot Tango round 8
2024-10-14 13:33:37.184241 Echo: We should drop Victor
ChatterBot Yankee reevaluating
ChatterBot Lima reevaluating
2024-10-14 13:33:37.194101 Yankee: No
2024-10-14 13:33:37.194262 Lima: No
2024-10-14 13:33:37.194384 Alpha: No
2024-10-14 13:33:37.194496 Tango: No
ChatterBot Echo reevaluating
ChatterBot Lima reevaluating
ChatterBot Echo reevaluating
ChatterBot Yankee reevaluating
ChatterBot Echo reevaluating
ChatterBot Yankee reevaluating
ChatterBot Lima reevaluating
ChatterBot Echo reevaluating
ChatterBot Yankee reevaluating
ChatterBot Lima reevaluating
2024-10-14 13:33:37.241657 Whiskey: Uniform, sending you 5
2024-10-14 13:33:37.242693 Hotel: Uniform, sending you 7
2024-10-14 13:33:37.243825 Uniform: Whiskey, sending you 4
2024-10-14 13:33:37.244704 Whiskey: Hotel and Quebec, sending you 3
2024-10-14 13:33:37.247636 Echo: We should drop Alpha
ChatterBot Yankee reevaluating
2024-10-14 13:33:37.258499 Victor: No
2024-10-14 13:33:37.258645 Yankee: No
2024-10-14 13:33:37.259223 Lima: No
2024-10-14 13:33:37.259321 Tango: No
ChatterBot Echo reevaluating
ChatterBot Yankee reevaluating
ChatterBot Echo reevaluating
ChatterBot Lima reevaluating
ChatterBot Echo reevaluating
ChatterBot Yankee reevaluating
ChatterBot Echo reevaluating
ChatterBot Yankee reevaluating
ChatterBot Lima reevaluating
2024-10-14 13:33:37.302391 Hotel: Whiskey, sending you 2
2024-10-14 13:33:37.302775 Uniform: Hotel, sending you 5
2024-10-14 13:33:37.306680 Hotel: Quebec, sending you 3
2024-10-14 13:33:37.307069 Tango: Victor, Lima and Alpha, sending you 2
2024-10-14 13:33:37.307705 Uniform: Quebec, sending you 3
2024-10-14 13:33:37.308077 Quebec: Uniform and Hotel, sending you 3
2024-10-14 13:33:37.312159 Echo: We should drop Lima
2024-10-14 13:33:37.322015 Victor: No
2024-10-14 13:33:37.322172 Yankee: No
2024-10-14 13:33:37.322307 Alpha: No
2024-10-14 13:33:37.322418 Tango: No
ChatterBot Echo reevaluating
ChatterBot Echo reevaluating
ChatterBot Echo reevaluating
ChatterBot Echo reevaluating
2024-10-14 13:33:37.359408 Tango: Yankee and Echo, sending you 3
2024-10-14 13:33:37.360276 Quebec: Whiskey, sending you 2
2024-10-14 13:33:37.364661 Quebec: Tango, sending you 1
2024-10-14 13:33:37.390660 Echo: Yankee, Lima and Alpha, sending you 3
2024-10-14 13:33:37.393675 Echo: Tango, sending you 4
chatterbot Tango submitting transactions
chatterbot Yankee submitting transactions
chatterbot Lima submitting transactions
chatterbot Hotel submitting transactions
chatterbot Victor submitting transactions
chatterbot Whiskey submitting transactions
chatterbot Alpha submitting transactions
chatterbot Uniform submitting transactions
chatterbot Echo submitting transactions
chatterbot Quebec submitting transactions
ChatterBot Victor round 9
ChatterBot Uniform round 9
ChatterBot Yankee round 9
ChatterBot Lima round 9
ChatterBot Whiskey round 9
ChatterBot Alpha round 9
ChatterBot Echo round 9
2024-10-14 13:33:38.349345 Echo: We should replace Alpha with Victor
ChatterBot Lima reevaluating
2024-10-14 13:33:38.358494 Yankee: No
2024-10-14 13:33:38.358678 Lima: No
2024-10-14 13:33:38.358818 Tango: No
ChatterBot Lima reevaluating
ChatterBot Echo reevaluating
ChatterBot Echo reevaluating
ChatterBot Lima reevaluating
ChatterBot Hotel round 9
ChatterBot Quebec round 9
ChatterBot Tango round 9
2024-10-14 13:33:38.406388 Quebec: We should replace Tango with Echo
2024-10-14 13:33:38.413058 Uniform: No
2024-10-14 13:33:38.413258 Whiskey: No
2024-10-14 13:33:38.413395 Hotel: No
ChatterBot Quebec reevaluating
ChatterBot Quebec reevaluating
ChatterBot Quebec reevaluating
2024-10-14 13:33:38.434754 Echo: Victor we want you to join our group
2024-10-14 13:33:38.437494 Victor: Yes
ChatterBot Echo reevaluating
2024-10-14 13:33:38.446944 Echo: We should replace Lima with Victor
2024-10-14 13:33:38.453371 Yankee: No
2024-10-14 13:33:38.453998 Alpha: No
2024-10-14 13:33:38.454120 Tango: No
ChatterBot Echo reevaluating
ChatterBot Echo reevaluating
ChatterBot Yankee reevaluating
ChatterBot Echo reevaluating
ChatterBot Yankee reevaluating
2024-10-14 13:33:38.477720 Quebec: We should replace Tango with Yankee
2024-10-14 13:33:38.488447 Uniform: No
2024-10-14 13:33:38.488686 Whiskey: No
2024-10-14 13:33:38.488885 Hotel: No
ChatterBot Quebec reevaluating
ChatterBot Quebec reevaluating
ChatterBot Quebec reevaluating
2024-10-14 13:33:38.524560 Whiskey: I was attacked by Victor
ChatterBot Uniform reevaluating
ChatterBot Hotel reevaluating
ChatterBot Quebec reevaluating
2024-10-14 13:33:38.533061 Whiskey: I'm keeping this round to protect myself
2024-10-14 13:33:38.533798 Whiskey: Ow
2024-10-14 13:33:38.534411 Victor: Yankee, Lima, Echo and Tango, sending you 1
2024-10-14 13:33:38.536662 Alpha: Yankee and Tango, sending you 1
2024-10-14 13:33:38.538674 Tango: Victor, Lima and Alpha, sending you 2
2024-10-14 13:33:38.541664 Tango: Yankee and Echo, sending you 3
2024-10-14 13:33:38.554670 Hotel: Uniform, sending you 6
2024-10-14 13:33:38.556733 Quebec: Uniform and Hotel, sending you 3
2024-10-14 13:33:38.559934 Hotel: Whiskey and Quebec, sending you 3
2024-10-14 13:33:38.560720 Quebec: Whiskey, sending you 2
2024-10-14 13:33:38.564674 Echo: Victor, Yankee and Alpha, sending you 3
2024-10-14 13:33:38.565700 Quebec: Tango, sending you 1
2024-10-14 13:33:38.568717 Echo: Tango, sending you 4
chatterbot Whiskey submitting transactions
chatterbot Tango submitting transactions
chatterbot Uniform submitting transactions
chatterbot Lima submitting transactions
chatterbot Echo submitting transactions
chatterbot Victor submitting transactions
chatterbot Quebec submitting transactions
chatterbot Yankee submitting transactions
chatterbot Alpha submitting transactions
chatterbot Hotel submitting transactions
ChatterBot Victor round 10
ChatterBot Uniform round 10
ChatterBot Yankee round 10
ChatterBot Lima round 10
ChatterBot Whiskey round 10
ChatterBot Alpha round 10
ChatterBot Echo round 10
ChatterBot Hotel round 10
ChatterBot Quebec round 10
ChatterBot Tango round 10
2024-10-14 13:33:39.674262 Victor: We should replace Alpha with Hotel
ChatterBot Echo reevaluating
ChatterBot Yankee reevaluating
ChatterBot Tango reevaluating
2024-10-14 13:33:39.687482 Echo: No
2024-10-14 13:33:39.687782 Yankee: Yes
2024-10-14 13:33:39.687946 Lima: No
2024-10-14 13:33:39.688079 Tango: No
ChatterBot Yankee reevaluating
ChatterBot Tango reevaluating
ChatterBot Echo reevaluating
ChatterBot Tango reevaluating
ChatterBot Echo reevaluating
ChatterBot Yankee reevaluating
ChatterBot Tango reevaluating
ChatterBot Echo reevaluating
ChatterBot Yankee reevaluating
2024-10-14 13:33:39.750010 Quebec: We should replace Tango with Lima
ChatterBot Uniform reevaluating
2024-10-14 13:33:39.762017 Uniform: No
2024-10-14 13:33:39.762255 Whiskey: No
2024-10-14 13:33:39.762412 Hotel: No
ChatterBot Quebec reevaluating
ChatterBot Uniform reevaluating
ChatterBot Quebec reevaluating
ChatterBot Uniform reevaluating
ChatterBot Quebec reevaluating
2024-10-14 13:33:39.802056 Victor: Hotel we want you to join our group
2024-10-14 13:33:39.805832 Hotel: No
ChatterBot Echo reevaluating
ChatterBot Tango reevaluating
ChatterBot Yankee reevaluating
2024-10-14 13:33:39.819226 Echo: We should replace Alpha with Lima
ChatterBot Yankee reevaluating
ChatterBot Tango reevaluating
2024-10-14 13:33:39.827038 Victor: Yes
2024-10-14 13:33:39.827163 Yankee: Yes
2024-10-14 13:33:39.827299 Tango: Yes
ChatterBot Echo reevaluating
ChatterBot Yankee reevaluating
ChatterBot Tango reevaluating
ChatterBot Echo reevaluating
ChatterBot Tango reevaluating
ChatterBot Echo reevaluating
ChatterBot Yankee reevaluating
2024-10-14 13:33:39.850740 Whiskey: I was attacked by Victor and Alpha
ChatterBot Uniform reevaluating
ChatterBot Hotel reevaluating
ChatterBot Quebec reevaluating
2024-10-14 13:33:39.858945 Whiskey: I'm keeping this round to protect myself
2024-10-14 13:33:39.859764 Whiskey: Ow
2024-10-14 13:33:39.860996 Tango: We should drop Yankee and Alpha
ChatterBot Echo reevaluating
2024-10-14 13:33:39.868491 Victor: No
2024-10-14 13:33:39.868659 Lima: No
2024-10-14 13:33:39.868784 Echo: No
ChatterBot Echo reevaluating
ChatterBot Tango reevaluating
ChatterBot Echo reevaluating
ChatterBot Tango reevaluating
2024-10-14 13:33:39.892064 Alpha: Victor, sending you 1
2024-10-14 13:33:39.893215 Yankee: Hotel we want you to join our group
ChatterBot Hotel reevaluating
2024-10-14 13:33:39.896268 Hotel: No
ChatterBot Echo reevaluating
ChatterBot Tango reevaluating
2024-10-14 13:33:39.911241 Alpha: Yankee, sending you 2
2024-10-14 13:33:39.914727 Victor: Yankee, Lima, Echo and Tango, sending you 3
2024-10-14 13:33:39.915918 Alpha: Lima, Echo and Tango, sending you 3
2024-10-14 13:33:39.917059 Echo: Lima we want you to join our group
2024-10-14 13:33:39.921721 Lima: Yes
ChatterBot Tango reevaluating
2024-10-14 13:33:39.931422 Victor: Hotel, sending you 2
2024-10-14 13:33:39.935661 Quebec: Uniform and Hotel, sending you 1
2024-10-14 13:33:39.949027 Echo: Victor, sending you 2
2024-10-14 13:33:39.952706 Echo: Yankee and Tango, sending you 4
2024-10-14 13:33:39.957677 Echo: Lima, sending you 3
2024-10-14 13:33:39.969059 Tango: Victor and Echo, sending you 3
2024-10-14 13:33:39.973706 Tango: Lima, sending you 4
chatterbot Hotel submitting transactions
chatterbot Whiskey submitting transactions
chatterbot Uniform submitting transactions
chatterbot Lima submitting transactions
chatterbot Quebec submitting transactions
chatterbot Alpha submitting transactions
chatterbot Yankee submitting transactions
chatterbot Echo submitting transactions
chatterbot Victor submitting transactions
chatterbot Tango submitting transactions
ChatterBot Victor round 11
ChatterBot Uniform round 11
ChatterBot Yankee round 11
ChatterBot Lima round 11
ChatterBot Whiskey round 11
ChatterBot Alpha round 11
ChatterBot Echo round 11
ChatterBot Hotel round 11
ChatterBot Quebec round 11
ChatterBot Tango round 11
2024-10-14 13:33:41.192434 Tango: We should add Hotel and Yankee
2024-10-14 13:33:41.207284 Victor: Yes
2024-10-14 13:33:41.207458 Lima: No
2024-10-14 13:33:41.207607 Echo: No
ChatterBot Tango reevaluating
ChatterBot Tango reevaluating
ChatterBot Tango reevaluating
ChatterBot Victor reevaluating
2024-10-14 13:33:41.322989 Victor: We should replace Yankee with Alpha
ChatterBot Tango reevaluating
2024-10-14 13:33:41.345947 Lima: No
2024-10-14 13:33:41.346296 Echo: No
2024-10-14 13:33:41.346693 Hotel: No
2024-10-14 13:33:41.346996 Tango: No
ChatterBot Victor reevaluating
ChatterBot Tango reevaluating
ChatterBot Victor reevaluating
ChatterBot Tango reevaluating
ChatterBot Victor reevaluating
ChatterBot Tango reevaluating
ChatterBot Victor reevaluating
ChatterBot Echo reevaluating
2024-10-14 13:33:41.434640 Echo: We should add Alpha
ChatterBot Victor reevaluating
ChatterBot Tango reevaluating
2024-10-14 13:33:41.453301 Victor: Yes
2024-10-14 13:33:41.453425 Yankee: No
2024-10-14 13:33:41.454024 Lima: Yes
2024-10-14 13:33:41.454133 Tango: No
ChatterBot Echo reevaluating
ChatterBot Tango reevaluating
ChatterBot Echo reevaluating
ChatterBot Victor reevaluating
ChatterBot Tango reevaluating
ChatterBot Echo reevaluating
ChatterBot Victor reevaluating
ChatterBot Tango reevaluating
ChatterBot Echo reevaluating
ChatterBot Victor reevaluating
2024-10-14 13:33:41.539016 Yankee: We should replace Alpha with Hotel
ChatterBot Echo reevaluating
ChatterBot Victor reevaluating
ChatterBot Tango reevaluating
2024-10-14 13:33:41.554041 Echo: No
2024-10-14 13:33:41.554198 Victor: No
2024-10-14 13:33:41.554324 Lima: No
2024-10-14 13:33:41.554456 Tango: No
ChatterBot Victor reevaluating
ChatterBot Tango reevaluating
ChatterBot Echo reevaluating
ChatterBot Tango reevaluating
ChatterBot Echo reevaluating
ChatterBot Victor reevaluating
ChatterBot Tango reevaluating
ChatterBot Echo reevaluating
ChatterBot Victor reevaluating
2024-10-14 13:33:41.643781 Yankee: Hotel we want you to join our group
2024-10-14 13:33:41.648284 Hotel: No
ChatterBot Victor reevaluating
ChatterBot Echo reevaluating
ChatterBot Tango reevaluating
2024-10-14 13:33:41.679007 Alpha: Victor, sending you 2
2024-10-14 13:33:41.681344 Victor: Alpha we want you to join our group
2024-10-14 13:33:41.687951 Alpha: No
2024-10-14 13:33:41.713439 Quebec: Uniform, sending you 4
2024-10-14 13:33:41.715012 Alpha: Yankee, Lima, Echo and Tango, sending you 3
2024-10-14 13:33:41.724746 Quebec: Whiskey, sending you 2
2024-10-14 13:33:41.725960 Echo: Victor and Lima, sending you 3
2024-10-14 13:33:41.893557 Quebec: Hotel, sending you 3
2024-10-14 13:33:41.895962 Echo: Yankee and Tango, sending you 4
2024-10-14 13:33:41.929222 Tango: Victor and Echo, sending you 3
2024-10-14 13:33:41.930396 Victor: Lima, Alpha, Echo and Tango, sending you 3
2024-10-14 13:33:41.946175 Tango: Lima, sending you 4
2024-10-14 13:33:41.947076 Victor: Hotel, sending you 2
chatterbot Echo submitting transactions
chatterbot Hotel submitting transactions
chatterbot Alpha submitting transactions
chatterbot Whiskey submitting transactions
chatterbot Victor submitting transactions
chatterbot Lima submitting transactions
chatterbot Yankee submitting transactions
chatterbot Uniform submitting transactions
chatterbot Tango submitting transactions
chatterbot Quebec submitting transactions
ChatterBot Victor round 12
ChatterBot Uniform round 12
ChatterBot Yankee round 12
