ChatterBot Foxtrot round 1
ChatterBot Oscar round 1
ChatterBot November round 1
ChatterBot Delta round 1
ChatterBot Yankee round 1
ChatterBot Uniform round 1
ChatterBot Whiskey round 1
ChatterBot Zulu round 1
ChatterBot Charlie round 1
ChatterBot Bravo round 1
randomSelections Oscar: {Oscar, Bravo, Uniform, Foxtrot, Zulu, Charlie, Whiskey, Delta} 
2024-10-14 13:33:26.934570 Oscar: We would work well together
ChatterBot Bravo reevaluating
ChatterBot Uniform reevaluating
ChatterBot Foxtrot reevaluating
ChatterBot Zulu reevaluating
ChatterBot Charlie reevaluating
ChatterBot Whiskey reevaluating
ChatterBot Delta reevaluating
2024-10-14 13:33:27.009375 Bravo: Yes
2024-10-14 13:33:27.009703 Uniform: Yes
2024-10-14 13:33:27.009972 Foxtrot: Yes
2024-10-14 13:33:27.011589 Zulu: Yes
2024-10-14 13:33:27.011821 Charlie: Yes
2024-10-14 13:33:27.012004 Whiskey: Yes
2024-10-14 13:33:27.012146 Delta: Yes
ChatterBot Uniform reevaluating
ChatterBot Foxtrot reevaluating
ChatterBot Zulu reevaluating
ChatterBot Charlie reevaluating
ChatterBot Whiskey reevaluating
ChatterBot Delta reevaluating
ChatterBot Bravo reevaluating
ChatterBot Foxtrot reevaluating
ChatterBot Zulu reevaluating
ChatterBot Charlie reevaluating
ChatterBot Whiskey reevaluating
ChatterBot Delta reevaluating
ChatterBot Bravo reevaluating
ChatterBot Uniform reevaluating
ChatterBot Zulu reevaluating
ChatterBot Charlie reevaluating
ChatterBot Whiskey reevaluating
ChatterBot Delta reevaluating
ChatterBot Bravo reevaluating
ChatterBot Uniform reevaluating
ChatterBot Foxtrot reevaluating
ChatterBot Charlie reevaluating
ChatterBot Whiskey reevaluating
ChatterBot Delta reevaluating
ChatterBot Bravo reevaluating
ChatterBot Uniform reevaluating
ChatterBot Foxtrot reevaluating
ChatterBot Zulu reevaluating
ChatterBot Whiskey reevaluating
ChatterBot Delta reevaluating
ChatterBot Bravo reevaluating
ChatterBot Uniform reevaluating
ChatterBot Foxtrot reevaluating
ChatterBot Zulu reevaluating
ChatterBot Charlie reevaluating
ChatterBot Delta reevaluating
ChatterBot Bravo reevaluating
ChatterBot Uniform reevaluating
ChatterBot Foxtrot reevaluating
ChatterBot Zulu reevaluating
ChatterBot Charlie reevaluating
ChatterBot Whiskey reevaluating
randomSelections November: {November, Delta, Whiskey, Uniform, Yankee, Charlie, Oscar, Foxtrot} 
2024-10-14 13:33:27.146893 November: We should group up
ChatterBot Delta reevaluating
ChatterBot Whiskey reevaluating
ChatterBot Uniform reevaluating
ChatterBot Yankee reevaluating
ChatterBot Charlie reevaluating
ChatterBot Foxtrot reevaluating
2024-10-14 13:33:27.158315 Delta: No
2024-10-14 13:33:27.158573 Whiskey: No
2024-10-14 13:33:27.158820 Uniform: No
2024-10-14 13:33:27.159533 Yankee: Yes
2024-10-14 13:33:27.159673 Charlie: No
2024-10-14 13:33:27.159854 Oscar: No
2024-10-14 13:33:27.160042 Foxtrot: No
ChatterBot Whiskey reevaluating
ChatterBot Uniform reevaluating
ChatterBot Yankee reevaluating
ChatterBot Charlie reevaluating
ChatterBot Foxtrot reevaluating
ChatterBot Delta reevaluating
ChatterBot Uniform reevaluating
ChatterBot Yankee reevaluating
ChatterBot Charlie reevaluating
ChatterBot Foxtrot reevaluating
ChatterBot Delta reevaluating
ChatterBot Whiskey reevaluating
ChatterBot Yankee reevaluating
ChatterBot Charlie reevaluating
ChatterBot Foxtrot reevaluating
ChatterBot Delta reevaluating
ChatterBot Whiskey reevaluating
ChatterBot Uniform reevaluating
ChatterBot Charlie reevaluating
ChatterBot Foxtrot reevaluating
ChatterBot Delta reevaluating
ChatterBot Whiskey reevaluating
ChatterBot Uniform reevaluating
ChatterBot Yankee reevaluating
ChatterBot Foxtrot reevaluating
ChatterBot Delta reevaluating
ChatterBot Whiskey reevaluating
ChatterBot Uniform reevaluating
ChatterBot Yankee reevaluating
ChatterBot Charlie reevaluating
ChatterBot Foxtrot reevaluating
ChatterBot Delta reevaluating
ChatterBot Whiskey reevaluating
ChatterBot Uniform reevaluating
ChatterBot Yankee reevaluating
ChatterBot Charlie reevaluating
2024-10-14 13:33:27.264279 November: Foxtrot and Yankee, sending you 2
2024-10-14 13:33:27.266814 Foxtrot: Delta, Uniform and Charlie, sending you 1
2024-10-14 13:33:27.267363 Bravo: Foxtrot and Zulu, sending you 1
2024-10-14 13:33:27.267824 Delta: Foxtrot, Zulu and Bravo, sending you 1
2024-10-14 13:33:27.269193 Oscar: Foxtrot and Uniform, sending you 1
2024-10-14 13:33:27.269509 Charlie: Foxtrot, Whiskey and Bravo, sending you 1
2024-10-14 13:33:27.269884 Uniform: Foxtrot, sending you 3
2024-10-14 13:33:27.270329 November: Oscar, Delta and Uniform, sending you 1
2024-10-14 13:33:27.271528 Whiskey: Oscar and Zulu, sending you 3
2024-10-14 13:33:27.271870 Yankee: Foxtrot, Uniform and Whiskey, sending you 1
2024-10-14 13:33:27.272228 Foxtrot: Whiskey and Zulu, sending you 3
2024-10-14 13:33:27.272602 Bravo: Oscar, Delta and Whiskey, sending you 3
2024-10-14 13:33:27.273929 Oscar: Delta, sending you 4
2024-10-14 13:33:27.274214 Uniform: Oscar, Whiskey, Zulu and Bravo, sending you 2
2024-10-14 13:33:27.274514 Delta: Oscar and Charlie, sending you 3
2024-10-14 13:33:27.274874 Charlie: Oscar, sending you 3
2024-10-14 13:33:27.275202 November: Charlie, sending you 4
2024-10-14 13:33:27.276313 Whiskey: Delta, sending you 1
2024-10-14 13:33:27.276664 Yankee: Oscar and Charlie, sending you 2
2024-10-14 13:33:27.276975 Foxtrot: Bravo, sending you 2
2024-10-14 13:33:27.278046 Oscar: Zulu, sending you 3
2024-10-14 13:33:27.278433 Uniform: Delta and Charlie, sending you 1
2024-10-14 13:33:27.278974 Bravo: Uniform and Charlie, sending you 2
2024-10-14 13:33:27.280004 Delta: Whiskey, sending you 2
2024-10-14 13:33:27.280390 Charlie: Delta, Uniform and Zulu, sending you 2
2024-10-14 13:33:27.285349 Whiskey: Charlie and Bravo, sending you 2
2024-10-14 13:33:27.285875 Yankee: November, sending you 4
2024-10-14 13:33:27.286878 Oscar: Charlie and Bravo, sending you 2
2024-10-14 13:33:27.287368 Zulu: Foxtrot, Oscar, Delta, Uniform and Bravo, sending you 2
2024-10-14 13:33:27.291674 Zulu: Whiskey and Charlie, sending you 3
chatterbot Oscar submitting transactions
chatterbot Yankee submitting transactions
chatterbot Bravo submitting transactions
chatterbot November submitting transactions
chatterbot Charlie submitting transactions
chatterbot Uniform submitting transactions
chatterbot Zulu submitting transactions
chatterbot Whiskey submitting transactions
chatterbot Foxtrot submitting transactions
chatterbot Delta submitting transactions
ChatterBot Foxtrot round 2
ChatterBot Oscar round 2
ChatterBot November round 2
ChatterBot Delta round 2
ChatterBot Yankee round 2
ChatterBot Uniform round 2
ChatterBot Whiskey round 2
ChatterBot Zulu round 2
2024-10-14 13:33:28.524586 November: Can we be friends?
ChatterBot Yankee reevaluating
ChatterBot Whiskey reevaluating
2024-10-14 13:33:28.538332 Yankee: No
2024-10-14 13:33:28.538606 Whiskey: No
ChatterBot November reevaluating
ChatterBot Whiskey reevaluating
ChatterBot November reevaluating
ChatterBot Yankee reevaluating
ChatterBot Charlie round 2
ChatterBot Bravo round 2
2024-10-14 13:33:28.623341 Foxtrot: We should drop Whiskey
ChatterBot Oscar reevaluating
2024-10-14 13:33:28.665497 Oscar: No
2024-10-14 13:33:28.665724 Delta: No
2024-10-14 13:33:28.665900 Charlie: No
2024-10-14 13:33:28.666474 Uniform: No
2024-10-14 13:33:28.666662 Zulu: No
2024-10-14 13:33:28.666816 Bravo: No
ChatterBot Oscar reevaluating
ChatterBot Oscar reevaluating
ChatterBot Oscar reevaluating
ChatterBot Oscar reevaluating
ChatterBot Oscar reevaluating
2024-10-14 13:33:28.928276 Whiskey: We should drop Charlie
ChatterBot Oscar reevaluating
2024-10-14 13:33:28.961466 Oscar: No
2024-10-14 13:33:28.961661 Delta: No
2024-10-14 13:33:28.961806 Foxtrot: No
2024-10-14 13:33:28.962314 Uniform: No
2024-10-14 13:33:28.962437 Zulu: No
2024-10-14 13:33:28.962563 Bravo: No
ChatterBot Whiskey reevaluating
ChatterBot Whiskey reevaluating
ChatterBot Oscar reevaluating
ChatterBot Whiskey reevaluating
ChatterBot Oscar reevaluating
ChatterBot Whiskey reevaluating
ChatterBot Oscar reevaluating
ChatterBot Whiskey reevaluating
ChatterBot Oscar reevaluating
ChatterBot Whiskey reevaluating
ChatterBot Oscar reevaluating
2024-10-14 13:33:29.743370 Delta: Foxtrot, Uniform and Whiskey, sending you 1
2024-10-14 13:33:29.743893 Uniform: Foxtrot and Oscar, sending you 2
2024-10-14 13:33:29.744702 Yankee: Sending you 11
2024-10-14 13:33:29.744900 Zulu: Foxtrot, Oscar and Whiskey, sending you 3
2024-10-14 13:33:29.745517 Whiskey: We should drop Oscar
2024-10-14 13:33:29.778951 Delta: No
2024-10-14 13:33:29.779155 Charlie: No
2024-10-14 13:33:29.779698 Foxtrot: No
2024-10-14 13:33:29.779868 Uniform: No
2024-10-14 13:33:29.780008 Zulu: No
2024-10-14 13:33:29.780140 Bravo: No
ChatterBot Whiskey reevaluating
ChatterBot Uniform reevaluating
ChatterBot Whiskey reevaluating
ChatterBot Uniform reevaluating
ChatterBot Whiskey reevaluating
ChatterBot Uniform reevaluating
ChatterBot Whiskey reevaluating
ChatterBot Whiskey reevaluating
ChatterBot Uniform reevaluating
ChatterBot Whiskey reevaluating
ChatterBot Uniform reevaluating
2024-10-14 13:33:30.011866 Oscar: We should drop Foxtrot
ChatterBot Uniform reevaluating
ChatterBot Whiskey reevaluating
2024-10-14 13:33:30.055992 Delta: No
2024-10-14 13:33:30.056235 Charlie: No
2024-10-14 13:33:30.056809 Uniform: Yes
2024-10-14 13:33:30.057018 Whiskey: No
2024-10-14 13:33:30.057188 Zulu: No
2024-10-14 13:33:30.057360 Bravo: No
ChatterBot Oscar reevaluating
ChatterBot Uniform reevaluating
ChatterBot Whiskey reevaluating
ChatterBot Oscar reevaluating
ChatterBot Uniform reevaluating
ChatterBot Whiskey reevaluating
ChatterBot Oscar reevaluating
ChatterBot Whiskey reevaluating
ChatterBot Oscar reevaluating
ChatterBot Uniform reevaluating
ChatterBot Oscar reevaluating
ChatterBot Uniform reevaluating
ChatterBot Whiskey reevaluating
ChatterBot Oscar reevaluating
ChatterBot Uniform reevaluating
ChatterBot Whiskey reevaluating
chatterbot Foxtrot submitting transactions
chatterbot Uniform submitting transactions
chatterbot November submitting transactions
2024-10-14 13:33:30.277803 Zulu: Delta, Uniform and Charlie, sending you 2
2024-10-14 13:33:30.279194 Delta: Oscar, Zulu, Charlie and Bravo, sending you 2
2024-10-14 13:33:30.279904 Foxtrot: Oscar, Delta, Charlie and Bravo, sending you 1
chatterbot Charlie submitting transactions
chatterbot Yankee submitting transactions
chatterbot Bravo submitting transactions
chatterbot Zulu submitting transactions
2024-10-14 13:33:30.281775 Charlie: Foxtrot, Oscar, Delta, Whiskey, Zulu and Bravo, sending you 2
chatterbot Delta submitting transactions
2024-10-14 13:33:30.283731 Bravo: Foxtrot, Delta, Uniform, Whiskey, Zulu and Charlie, sending you 2
2024-10-14 13:33:30.284347 Zulu: Bravo, sending you 1
2024-10-14 13:33:30.574972 Foxtrot: Uniform, sending you 4
2024-10-14 13:33:30.575407 Bravo: Oscar, sending you 3
2024-10-14 13:33:30.628830 November: Oscar and Delta, sending you 1
2024-10-14 13:33:30.629210 Whiskey: Oscar, sending you 1
2024-10-14 13:33:30.630073 Foxtrot: Zulu, sending you 3
2024-10-14 13:33:30.765749 November: Yankee, sending you 9
2024-10-14 13:33:30.766337 Whiskey: Delta, Uniform, Zulu, Charlie and Bravo, sending you 2
2024-10-14 13:33:30.767739 Oscar: Delta, sending you 3
chatterbot Whiskey submitting transactions
2024-10-14 13:33:30.807167 Oscar: Uniform, Whiskey, Zulu, Charlie and Bravo, sending you 2
chatterbot Uniform submitting transactions
chatterbot Oscar submitting transactions
ChatterBot Foxtrot round 3
ChatterBot Oscar round 3
ChatterBot November round 3
ChatterBot Delta round 3
ChatterBot Yankee round 3
ChatterBot Uniform round 3
ChatterBot Whiskey round 3
ChatterBot Zulu round 3
2024-10-14 13:33:31.287716 Oscar: We should add Foxtrot
ChatterBot Delta reevaluating
ChatterBot Uniform reevaluating
ChatterBot Whiskey reevaluating
ChatterBot Zulu reevaluating
2024-10-14 13:33:31.313853 Delta: Yes
2024-10-14 13:33:31.314117 Charlie: Yes
2024-10-14 13:33:31.314250 Uniform: Yes
2024-10-14 13:33:31.314757 Whiskey: No
2024-10-14 13:33:31.314897 Zulu: Yes
2024-10-14 13:33:31.315020 Bravo: Yes
ChatterBot Uniform reevaluating
ChatterBot Whiskey reevaluating
ChatterBot Zulu reevaluating
ChatterBot Delta reevaluating
ChatterBot Uniform reevaluating
ChatterBot Whiskey reevaluating
ChatterBot Zulu reevaluating
ChatterBot Delta reevaluating
ChatterBot Whiskey reevaluating
ChatterBot Zulu reevaluating
ChatterBot Delta reevaluating
ChatterBot Uniform reevaluating
ChatterBot Zulu reevaluating
ChatterBot Delta reevaluating
ChatterBot Uniform reevaluating
ChatterBot Whiskey reevaluating
ChatterBot Delta reevaluating
ChatterBot Uniform reevaluating
ChatterBot Whiskey reevaluating
ChatterBot Zulu reevaluating
ChatterBot Charlie round 3
ChatterBot Bravo round 3
2024-10-14 13:33:31.559508 Oscar: Foxtrot we want you to join our group
2024-10-14 13:33:31.563888 Foxtrot: No
ChatterBot Bravo reevaluating
ChatterBot Uniform reevaluating
ChatterBot Zulu reevaluating
ChatterBot Charlie reevaluating
ChatterBot Whiskey reevaluating
ChatterBot Delta reevaluating
chatterbot Foxtrot submitting transactions
2024-10-14 13:33:31.618707 Whiskey: Foxtrot we want you to join our group
2024-10-14 13:33:31.623484 Foxtrot: No
ChatterBot Uniform reevaluating
2024-10-14 13:33:31.643917 November: Foxtrot, sending you 1
2024-10-14 13:33:31.644261 Foxtrot: Oscar and Delta, sending you 1
2024-10-14 13:33:31.663507 November: Yankee, sending you 10
2024-10-14 13:33:31.663812 Delta: Foxtrot, Uniform and Whiskey, sending you 1
2024-10-14 13:33:31.664270 Foxtrot: Uniform, Charlie and Bravo, sending you 2
2024-10-14 13:33:31.665033 Yankee: Same as last round
2024-10-14 13:33:31.665226 Zulu: Foxtrot, sending you 3
2024-10-14 13:33:31.665748 Uniform: We should drop Whiskey
2024-10-14 13:33:31.692227 Foxtrot: Yes
2024-10-14 13:33:31.692421 Oscar: No
2024-10-14 13:33:31.692611 Delta: No
2024-10-14 13:33:31.692764 Charlie: No
2024-10-14 13:33:31.692940 Zulu: No
2024-10-14 13:33:31.693110 Bravo: No
ChatterBot Uniform reevaluating
ChatterBot Uniform reevaluating
ChatterBot Uniform reevaluating
ChatterBot Uniform reevaluating
ChatterBot Uniform reevaluating
ChatterBot Uniform reevaluating
2024-10-14 13:33:31.912940 Oscar: Foxtrot, sending you 1
2024-10-14 13:33:31.913856 Charlie: Oscar, Delta, Uniform, Whiskey, Zulu and Bravo, sending you 2
2024-10-14 13:33:31.914370 Delta: Oscar, Zulu, Charlie and Bravo, sending you 2
2024-10-14 13:33:31.915252 Foxtrot: Zulu, sending you 3
2024-10-14 13:33:31.915591 Zulu: Oscar, Delta, Uniform, Whiskey, Charlie and Bravo, sending you 2
2024-10-14 13:33:31.931430 Oscar: Delta, Uniform, Whiskey, Zulu, Charlie and Bravo, sending you 2
2024-10-14 13:33:31.932462 Bravo: Foxtrot, Oscar, Delta, Whiskey, Zulu and Charlie, sending you 2
2024-10-14 13:33:31.932878 Whiskey: Foxtrot, Oscar, Zulu, Charlie and Bravo, sending you 2
2024-10-14 13:33:31.972560 Whiskey: Uniform, sending you 1
2024-10-14 13:33:31.973427 Bravo: Uniform, sending you 3
chatterbot Oscar submitting transactions
2024-10-14 13:33:32.002923 Uniform: Foxtrot, sending you 3
chatterbot Bravo submitting transactions
2024-10-14 13:33:32.021441 Uniform: Oscar, Whiskey, Zulu and Bravo, sending you 2
2024-10-14 13:33:32.034433 Uniform: Delta and Charlie, sending you 1
chatterbot Charlie submitting transactions
chatterbot Uniform submitting transactions
chatterbot Delta submitting transactions
chatterbot Zulu submitting transactions
chatterbot Yankee submitting transactions
chatterbot November submitting transactions
chatterbot Whiskey submitting transactions
ChatterBot Foxtrot round 4
ChatterBot Oscar round 4
ChatterBot November round 4
ChatterBot Delta round 4
ChatterBot Yankee round 4
ChatterBot Uniform round 4
ChatterBot Whiskey round 4
ChatterBot Zulu round 4
ChatterBot Charlie round 4
ChatterBot Bravo round 4
2024-10-14 13:33:32.877137 November: We should replace Foxtrot with Whiskey
2024-10-14 13:33:32.880673 Yankee: No
ChatterBot November reevaluating
2024-10-14 13:33:32.909192 Whiskey: We should replace Foxtrot with Delta
2024-10-14 13:33:32.926424 Oscar: No
2024-10-14 13:33:32.926636 Uniform: No
2024-10-14 13:33:32.927360 Zulu: No
2024-10-14 13:33:32.927490 Charlie: No
2024-10-14 13:33:32.927619 Bravo: No
ChatterBot Whiskey reevaluating
ChatterBot Whiskey reevaluating
ChatterBot Whiskey reevaluating
ChatterBot Uniform reevaluating
ChatterBot Whiskey reevaluating
ChatterBot Uniform reevaluating
ChatterBot Whiskey reevaluating
ChatterBot Uniform reevaluating
2024-10-14 13:33:33.014678 Delta: Foxtrot, Uniform and Whiskey, sending you 1
2024-10-14 13:33:33.016841 November: We should drop Foxtrot
2024-10-14 13:33:33.020993 Yankee: Yes
ChatterBot November reevaluating
2024-10-14 13:33:33.025676 Delta: Oscar, Zulu, Charlie and Bravo, sending you 2
2024-10-14 13:33:33.028993 Oscar: Foxtrot, sending you 1
2024-10-14 13:33:33.029707 Foxtrot: Oscar, Delta and Charlie, sending you 1
2024-10-14 13:33:33.030236 Yankee: Same as last round
2024-10-14 13:33:33.030885 Charlie: Oscar, Delta, Uniform, Whiskey, Zulu and Bravo, sending you 2
2024-10-14 13:33:33.031662 Bravo: Foxtrot, Oscar, Delta, Whiskey, Zulu and Charlie, sending you 2
2024-10-14 13:33:33.032788 Oscar: Delta, Uniform, Whiskey, Zulu, Charlie and Bravo, sending you 2
2024-10-14 13:33:33.034064 Foxtrot: Uniform and Bravo, sending you 2
2024-10-14 13:33:33.034636 Uniform: Foxtrot, sending you 3
2024-10-14 13:33:33.037056 Zulu: Foxtrot, sending you 4
2024-10-14 13:33:33.037984 Bravo: Uniform, sending you 3
2024-10-14 13:33:33.038959 Uniform: Oscar, Zulu, Charlie and Bravo, sending you 2
2024-10-14 13:33:33.039491 Foxtrot: Zulu, sending you 4
2024-10-14 13:33:33.040658 Zulu: Oscar, Delta, Uniform, Whiskey, Charlie and Bravo, sending you 2
2024-10-14 13:33:33.041871 Uniform: Delta and Whiskey, sending you 1
2024-10-14 13:33:33.043667 Whiskey: Foxtrot, sending you 1
2024-10-14 13:33:33.047668 Whiskey: Oscar, Uniform, Zulu, Charlie and Bravo, sending you 2
2024-10-14 13:33:33.058680 November: Sending you 11
chatterbot Delta submitting transactions
chatterbot Yankee submitting transactions
chatterbot Foxtrot submitting transactions
chatterbot Charlie submitting transactions
chatterbot Zulu submitting transactions
chatterbot Whiskey submitting transactions
chatterbot Oscar submitting transactions
chatterbot Bravo submitting transactions
chatterbot November submitting transactions
chatterbot Uniform submitting transactions
ChatterBot Foxtrot round 5
ChatterBot Oscar round 5
ChatterBot November round 5
ChatterBot Delta round 5
ChatterBot Yankee round 5
ChatterBot Uniform round 5
ChatterBot Whiskey round 5
ChatterBot Zulu round 5
ChatterBot Charlie round 5
ChatterBot Bravo round 5
2024-10-14 13:33:34.189538 Whiskey: We should replace Foxtrot with Delta
2024-10-14 13:33:34.202514 Oscar: No
2024-10-14 13:33:34.202712 Uniform: No
2024-10-14 13:33:34.202856 Zulu: No
2024-10-14 13:33:34.202995 Charlie: No
2024-10-14 13:33:34.203113 Bravo: No
ChatterBot Whiskey reevaluating
ChatterBot Whiskey reevaluating
ChatterBot Whiskey reevaluating
2024-10-14 13:33:34.267690 November: Same as last round
2024-10-14 13:33:34.268999 Whiskey: Delta we want you to join our group
2024-10-14 13:33:34.271941 Delta: Yes
ChatterBot Whiskey reevaluating
2024-10-14 13:33:34.286620 Oscar: Foxtrot, sending you 1
2024-10-14 13:33:34.290679 Bravo: Foxtrot, Oscar, Delta, Whiskey, Zulu and Charlie, sending you 2
2024-10-14 13:33:34.291510 Yankee: Same as last round
2024-10-14 13:33:34.291826 Oscar: Delta, Uniform, Whiskey, Zulu, Charlie and Bravo, sending you 2
2024-10-14 13:33:34.293535 Delta: Foxtrot, Uniform and Whiskey, sending you 1
2024-10-14 13:33:34.294318 Foxtrot: Oscar, Delta and Charlie, sending you 1
2024-10-14 13:33:34.294862 Zulu: Foxtrot, sending you 4
2024-10-14 13:33:34.296303 Charlie: Oscar, Delta, Uniform, Whiskey, Zulu and Bravo, sending you 2
2024-10-14 13:33:34.297376 Bravo: Uniform, sending you 3
2024-10-14 13:33:34.298778 Delta: Oscar, Zulu, Charlie and Bravo, sending you 2
2024-10-14 13:33:34.300303 Foxtrot: Uniform and Bravo, sending you 2
2024-10-14 13:33:34.301040 Zulu: Oscar, Delta, Uniform, Whiskey, Charlie and Bravo, sending you 2
2024-10-14 13:33:34.303326 Uniform: Foxtrot, Oscar, Whiskey, Zulu, Charlie and Bravo, sending you 2
2024-10-14 13:33:34.305691 Foxtrot: Zulu, sending you 4
2024-10-14 13:33:34.306716 Uniform: Delta, sending you 1
2024-10-14 13:33:34.329702 Whiskey: Oscar, Delta, Zulu, Charlie and Bravo, sending you 2
2024-10-14 13:33:34.332689 Whiskey: Uniform, sending you 1
chatterbot November submitting transactions
chatterbot Charlie submitting transactions
chatterbot Oscar submitting transactions
chatterbot Zulu submitting transactions
chatterbot Uniform submitting transactions
chatterbot Whiskey submitting transactions
chatterbot Yankee submitting transactions
chatterbot Foxtrot submitting transactions
chatterbot Delta submitting transactions
chatterbot Bravo submitting transactions
ChatterBot Foxtrot round 6
ChatterBot Oscar round 6
ChatterBot November round 6
ChatterBot Delta round 6
ChatterBot Yankee round 6
2024-10-14 13:33:35.290504 Foxtrot: We should replace Charlie with Whiskey
2024-10-14 13:33:35.305739 Oscar: No
2024-10-14 13:33:35.305911 Delta: No
2024-10-14 13:33:35.306036 Uniform: No
2024-10-14 13:33:35.306159 Zulu: No
2024-10-14 13:33:35.306272 Bravo: No
ChatterBot Foxtrot reevaluating
ChatterBot Foxtrot reevaluating
ChatterBot Foxtrot reevaluating
ChatterBot Foxtrot reevaluating
ChatterBot Foxtrot reevaluating
ChatterBot Uniform round 6
ChatterBot Whiskey round 6
ChatterBot Zulu round 6
ChatterBot Charlie round 6
ChatterBot Bravo round 6
2024-10-14 13:33:35.373495 November: We should add Whiskey
2024-10-14 13:33:35.377386 Yankee: No
ChatterBot November reevaluating
2024-10-14 13:33:35.425690 Foxtrot: Oscar, Delta and Charlie, sending you 1
2024-10-14 13:33:35.427674 Charlie: Oscar, Delta, Uniform, Whiskey, Zulu and Bravo, sending you 2
2024-10-14 13:33:35.429679 Foxtrot: Uniform and Bravo, sending you 2
2024-10-14 13:33:35.433881 Oscar: Foxtrot, sending you 1
2024-10-14 13:33:35.434891 Whiskey: Oscar, Uniform, Zulu, Charlie and Bravo, sending you 2
2024-10-14 13:33:35.435869 Foxtrot: Zulu, sending you 4
2024-10-14 13:33:35.436537 November: Same as last round
2024-10-14 13:33:35.436833 Zulu: Foxtrot, sending you 3
2024-10-14 13:33:35.438226 Uniform: Foxtrot, Oscar, Whiskey, Zulu, Charlie and Bravo, sending you 2
2024-10-14 13:33:35.439205 Bravo: Foxtrot, Delta, Uniform, Whiskey, Zulu and Charlie, sending you 2
2024-10-14 13:33:35.440648 Oscar: Delta, Uniform, Whiskey, Zulu, Charlie and Bravo, sending you 2
2024-10-14 13:33:35.441670 Yankee: Same as last round
2024-10-14 13:33:35.442344 Whiskey: Delta, sending you 1
2024-10-14 13:33:35.442994 Delta: Foxtrot, Uniform and Whiskey, sending you 1
2024-10-14 13:33:35.443930 Zulu: Oscar, Delta, Uniform, Whiskey, Charlie and Bravo, sending you 2
2024-10-14 13:33:35.445164 Uniform: Delta, sending you 1
2024-10-14 13:33:35.446180 Bravo: Oscar, sending you 3
2024-10-14 13:33:35.448690 Delta: Oscar, Zulu, Charlie and Bravo, sending you 2
chatterbot Whiskey submitting transactions
chatterbot Foxtrot submitting transactions
chatterbot Yankee submitting transactions
chatterbot Bravo submitting transactions
chatterbot November submitting transactions
chatterbot Charlie submitting transactions
chatterbot Zulu submitting transactions
chatterbot Delta submitting transactions
chatterbot Oscar submitting transactions
chatterbot Uniform submitting transactions
ChatterBot Foxtrot round 7
ChatterBot Oscar round 7
ChatterBot November round 7
ChatterBot Delta round 7
ChatterBot Yankee round 7
ChatterBot Uniform round 7
ChatterBot Whiskey round 7
ChatterBot Zulu round 7
ChatterBot Charlie round 7
2024-10-14 13:33:36.585091 Whiskey: We should replace Uniform with Foxtrot
2024-10-14 13:33:36.599215 Oscar: No
2024-10-14 13:33:36.600050 Delta: No
2024-10-14 13:33:36.600223 Zulu: No
2024-10-14 13:33:36.600359 Charlie: No
2024-10-14 13:33:36.600483 Bravo: No
ChatterBot Whiskey reevaluating
ChatterBot Whiskey reevaluating
ChatterBot Whiskey reevaluating
ChatterBot Bravo round 7
2024-10-14 13:33:36.682670 Oscar: Foxtrot, sending you 1
2024-10-14 13:33:36.683453 Foxtrot: Oscar, Delta and Charlie, sending you 1
2024-10-14 13:33:36.686679 Oscar: Delta, Uniform, Whiskey, Zulu, Charlie and Bravo, sending you 2
2024-10-14 13:33:36.687879 Foxtrot: Uniform and Bravo, sending you 2
2024-10-14 13:33:36.688691 November: Same as last round
2024-10-14 13:33:36.690667 Foxtrot: Zulu, sending you 4
2024-10-14 13:33:36.691668 Delta: Foxtrot, Uniform and Whiskey, sending you 1
2024-10-14 13:33:36.694684 Yankee: Same as last round
2024-10-14 13:33:36.695709 Delta: Oscar, Zulu, Charlie and Bravo, sending you 2
2024-10-14 13:33:36.698669 Zulu: Foxtrot, sending you 3
2024-10-14 13:33:36.701672 Uniform: Foxtrot, Oscar, Whiskey, Zulu, Charlie and Bravo, sending you 2
2024-10-14 13:33:36.702466 Whiskey: Oscar, Uniform, Zulu, Charlie and Bravo, sending you 2
2024-10-14 13:33:36.703489 Charlie: Oscar, Delta, Uniform, Whiskey, Zulu and Bravo, sending you 2
2024-10-14 13:33:36.704176 Bravo: Foxtrot, Delta, Uniform, Whiskey, Zulu and Charlie, sending you 2
2024-10-14 13:33:36.704863 Zulu: Oscar, Delta, Uniform, Whiskey, Charlie and Bravo, sending you 2
2024-10-14 13:33:36.706218 Whiskey: Delta, sending you 1
2024-10-14 13:33:36.706709 Uniform: Delta, sending you 1
2024-10-14 13:33:36.707670 Bravo: Oscar, sending you 3
chatterbot Bravo submitting transactions
chatterbot Foxtrot submitting transactions
chatterbot Charlie submitting transactions
chatterbot Uniform submitting transactions
chatterbot Zulu submitting transactions
chatterbot November submitting transactions
chatterbot Oscar submitting transactions
chatterbot Delta submitting transactions
chatterbot Yankee submitting transactions
chatterbot Whiskey submitting transactions
ChatterBot Foxtrot round 8
ChatterBot Oscar round 8
ChatterBot November round 8
ChatterBot Delta round 8
ChatterBot Yankee round 8
ChatterBot Uniform round 8
ChatterBot Whiskey round 8
ChatterBot Zulu round 8
ChatterBot Charlie round 8
ChatterBot Bravo round 8
2024-10-14 13:33:37.924672 November: Same as last round
2024-10-14 13:33:37.928676 Oscar: Foxtrot, sending you 1
2024-10-14 13:33:37.930096 Delta: Foxtrot, Uniform and Whiskey, sending you 1
2024-10-14 13:33:37.930851 Foxtrot: Oscar, Delta and Charlie, sending you 1
2024-10-14 13:33:37.934233 Delta: Oscar, Zulu, Charlie and Bravo, sending you 2
2024-10-14 13:33:37.935310 Bravo: Foxtrot, Delta, Uniform, Whiskey, Zulu and Charlie, sending you 2
2024-10-14 13:33:37.936172 Foxtrot: Uniform and Bravo, sending you 2
2024-10-14 13:33:37.936762 Oscar: Delta, Uniform, Whiskey, Zulu, Charlie and Bravo, sending you 2
2024-10-14 13:33:37.939675 Foxtrot: Zulu, sending you 4
2024-10-14 13:33:37.940674 Bravo: Oscar, sending you 3
2024-10-14 13:33:37.941499 Uniform: Foxtrot, Oscar, Whiskey, Zulu, Charlie and Bravo, sending you 2
2024-10-14 13:33:37.942361 Yankee: Same as last round
2024-10-14 13:33:37.943932 Whiskey: Oscar, Uniform, Zulu, Charlie and Bravo, sending you 2
2024-10-14 13:33:37.944479 Zulu: Foxtrot, sending you 3
2024-10-14 13:33:37.945703 Uniform: Delta, sending you 1
2024-10-14 13:33:37.947226 Whiskey: Delta, sending you 1
2024-10-14 13:33:37.948674 Charlie: Oscar, Delta, Uniform, Whiskey, Zulu and Bravo, sending you 2
2024-10-14 13:33:37.950129 Zulu: Oscar, Delta, Uniform, Whiskey, Charlie and Bravo, sending you 2
chatterbot Charlie submitting transactions
chatterbot November submitting transactions
chatterbot Bravo submitting transactions
chatterbot Yankee submitting transactions
chatterbot Whiskey submitting transactions
chatterbot Foxtrot submitting transactions
chatterbot Delta submitting transactions
chatterbot Uniform submitting transactions
chatterbot Zulu submitting transactions
chatterbot Oscar submitting transactions
ChatterBot Foxtrot round 9
ChatterBot Oscar round 9
ChatterBot November round 9
ChatterBot Delta round 9
ChatterBot Yankee round 9
ChatterBot Uniform round 9
ChatterBot Whiskey round 9
ChatterBot Zulu round 9
ChatterBot Charlie round 9
ChatterBot Bravo round 9
2024-10-14 13:33:38.955706 Whiskey: We should replace Delta with Foxtrot
2024-10-14 13:33:38.970726 Oscar: No
2024-10-14 13:33:38.970889 Uniform: No
2024-10-14 13:33:38.971001 Zulu: No
2024-10-14 13:33:38.971105 Charlie: No
2024-10-14 13:33:38.971211 Bravo: No
ChatterBot Whiskey reevaluating
ChatterBot Whiskey reevaluating
ChatterBot Whiskey reevaluating
ChatterBot Whiskey reevaluating
ChatterBot Whiskey reevaluating
2024-10-14 13:33:39.037009 November: We should add Charlie
2024-10-14 13:33:39.039415 Yankee: No
ChatterBot November reevaluating
2024-10-14 13:33:39.050370 Whiskey: We should replace Uniform with Foxtrot
2024-10-14 13:33:39.061765 Oscar: No
2024-10-14 13:33:39.061923 Delta: No
2024-10-14 13:33:39.062035 Zulu: No
2024-10-14 13:33:39.062141 Charlie: No
2024-10-14 13:33:39.062247 Bravo: No
ChatterBot Whiskey reevaluating
ChatterBot Whiskey reevaluating
ChatterBot Whiskey reevaluating
ChatterBot Whiskey reevaluating
ChatterBot Whiskey reevaluating
2024-10-14 13:33:39.127719 November: We should add Uniform
2024-10-14 13:33:39.130129 Yankee: No
ChatterBot November reevaluating
2024-10-14 13:33:39.133876 Oscar: Foxtrot, sending you 1
2024-10-14 13:33:39.135708 Delta: Foxtrot, Uniform and Whiskey, sending you 1
2024-10-14 13:33:39.137849 November: We should add Delta
2024-10-14 13:33:39.141363 Yankee: No
ChatterBot November reevaluating
2024-10-14 13:33:39.145208 Yankee: Same as last round
2024-10-14 13:33:39.145431 Foxtrot: Oscar, Delta and Charlie, sending you 1
2024-10-14 13:33:39.146137 Oscar: Delta, Uniform, Whiskey, Zulu, Charlie and Bravo, sending you 2
2024-10-14 13:33:39.147101 Delta: Oscar, Zulu, Charlie and Bravo, sending you 2
2024-10-14 13:33:39.148595 Bravo: Foxtrot, Delta, Uniform, Whiskey, Zulu and Charlie, sending you 2
2024-10-14 13:33:39.149634 Foxtrot: Uniform and Bravo, sending you 2
2024-10-14 13:33:39.150720 Uniform: Foxtrot, Oscar, Whiskey, Zulu, Charlie and Bravo, sending you 2
2024-10-14 13:33:39.151681 Bravo: Oscar, sending you 3
2024-10-14 13:33:39.153003 Zulu: Foxtrot, sending you 3
2024-10-14 13:33:39.154674 Foxtrot: Zulu, sending you 4
2024-10-14 13:33:39.155416 Uniform: Delta, sending you 1
2024-10-14 13:33:39.156992 Zulu: Oscar, Delta, Uniform, Whiskey, Charlie and Bravo, sending you 2
2024-10-14 13:33:39.157844 Whiskey: Oscar, Uniform, Zulu, Charlie and Bravo, sending you 2
2024-10-14 13:33:39.158588 Charlie: Oscar, Delta, Uniform, Whiskey, Zulu and Bravo, sending you 2
2024-10-14 13:33:39.161695 Whiskey: Delta, sending you 1
chatterbot Uniform submitting transactions
chatterbot Yankee submitting transactions
chatterbot Bravo submitting transactions
chatterbot Foxtrot submitting transactions
chatterbot Oscar submitting transactions
chatterbot Delta submitting transactions
chatterbot Whiskey submitting transactions
chatterbot Zulu submitting transactions
chatterbot November submitting transactions
chatterbot Charlie submitting transactions
ChatterBot Foxtrot round 10
ChatterBot Oscar round 10
ChatterBot November round 10
ChatterBot Delta round 10
ChatterBot Yankee round 10
ChatterBot Uniform round 10
ChatterBot Whiskey round 10
ChatterBot Zulu round 10
ChatterBot Charlie round 10
ChatterBot Bravo round 10
2024-10-14 13:33:40.132794 Foxtrot: We should replace Charlie with Whiskey
ChatterBot Oscar reevaluating
ChatterBot Delta reevaluating
ChatterBot Uniform reevaluating
ChatterBot Bravo reevaluating
2024-10-14 13:33:40.152323 Oscar: No
2024-10-14 13:33:40.152469 Delta: No
2024-10-14 13:33:40.152603 Uniform: Yes
2024-10-14 13:33:40.152755 Zulu: No
2024-10-14 13:33:40.152891 Bravo: No
ChatterBot Foxtrot reevaluating
ChatterBot Delta reevaluating
ChatterBot Uniform reevaluating
ChatterBot Bravo reevaluating
ChatterBot Foxtrot reevaluating
ChatterBot Oscar reevaluating
ChatterBot Uniform reevaluating
ChatterBot Bravo reevaluating
ChatterBot Foxtrot reevaluating
ChatterBot Oscar reevaluating
ChatterBot Delta reevaluating
ChatterBot Bravo reevaluating
ChatterBot Foxtrot reevaluating
ChatterBot Oscar reevaluating
ChatterBot Delta reevaluating
ChatterBot Uniform reevaluating
ChatterBot Bravo reevaluating
ChatterBot Foxtrot reevaluating
ChatterBot Oscar reevaluating
ChatterBot Delta reevaluating
ChatterBot Uniform reevaluating
2024-10-14 13:33:40.248183 November: We should add Zulu
2024-10-14 13:33:40.250238 Yankee: No
ChatterBot November reevaluating
2024-10-14 13:33:40.267400 Whiskey: We should replace Charlie with Foxtrot
ChatterBot Oscar reevaluating
ChatterBot Delta reevaluating
ChatterBot Uniform reevaluating
ChatterBot Bravo reevaluating
2024-10-14 13:33:40.279578 Oscar: No
2024-10-14 13:33:40.279940 Delta: No
2024-10-14 13:33:40.280036 Uniform: Yes
2024-10-14 13:33:40.280132 Zulu: No
2024-10-14 13:33:40.280218 Bravo: No
ChatterBot Delta reevaluating
ChatterBot Uniform reevaluating
ChatterBot Bravo reevaluating
ChatterBot Whiskey reevaluating
ChatterBot Oscar reevaluating
ChatterBot Uniform reevaluating
ChatterBot Bravo reevaluating
ChatterBot Whiskey reevaluating
ChatterBot Oscar reevaluating
ChatterBot Delta reevaluating
ChatterBot Bravo reevaluating
ChatterBot Whiskey reevaluating
ChatterBot Oscar reevaluating
ChatterBot Delta reevaluating
ChatterBot Uniform reevaluating
ChatterBot Bravo reevaluating
ChatterBot Whiskey reevaluating
ChatterBot Oscar reevaluating
ChatterBot Delta reevaluating
ChatterBot Uniform reevaluating
2024-10-14 13:33:40.414818 November: We should add Oscar
2024-10-14 13:33:40.420878 Yankee: No
ChatterBot November reevaluating
2024-10-14 13:33:40.428071 Yankee: Zulu we want you to join our group
2024-10-14 13:33:40.433927 Zulu: No
ChatterBot Yankee reevaluating
ChatterBot November reevaluating
2024-10-14 13:33:40.445179 Yankee: We should add Uniform
ChatterBot November reevaluating
2024-10-14 13:33:40.448690 November: Yes
ChatterBot Yankee reevaluating
2024-10-14 13:33:40.454050 Delta: We should drop Uniform
ChatterBot Foxtrot reevaluating
ChatterBot Whiskey reevaluating
ChatterBot Charlie reevaluating
ChatterBot Bravo reevaluating
2024-10-14 13:33:40.472745 Foxtrot: No
2024-10-14 13:33:40.472941 Oscar: No
2024-10-14 13:33:40.473249 Whiskey: No
2024-10-14 13:33:40.473399 Zulu: No
2024-10-14 13:33:40.473705 Charlie: No
2024-10-14 13:33:40.474109 Bravo: Yes
ChatterBot Delta reevaluating
ChatterBot Whiskey reevaluating
ChatterBot Charlie reevaluating
ChatterBot Bravo reevaluating
ChatterBot Delta reevaluating
ChatterBot Foxtrot reevaluating
ChatterBot Whiskey reevaluating
ChatterBot Charlie reevaluating
ChatterBot Bravo reevaluating
ChatterBot Delta reevaluating
ChatterBot Foxtrot reevaluating
ChatterBot Oscar reevaluating
ChatterBot Charlie reevaluating
ChatterBot Bravo reevaluating
ChatterBot Delta reevaluating
ChatterBot Foxtrot reevaluating
ChatterBot Oscar reevaluating
ChatterBot Whiskey reevaluating
ChatterBot Charlie reevaluating
ChatterBot Bravo reevaluating
ChatterBot Delta reevaluating
ChatterBot Foxtrot reevaluating
ChatterBot Oscar reevaluating
ChatterBot Whiskey reevaluating
ChatterBot Bravo reevaluating
ChatterBot Delta reevaluating
ChatterBot Foxtrot reevaluating
ChatterBot Oscar reevaluating
ChatterBot Whiskey reevaluating
ChatterBot Charlie reevaluating
2024-10-14 13:33:40.595213 Uniform: We should drop Whiskey
ChatterBot Foxtrot reevaluating
ChatterBot Oscar reevaluating
ChatterBot Charlie reevaluating
ChatterBot Bravo reevaluating
2024-10-14 13:33:40.616837 Foxtrot: No
2024-10-14 13:33:40.617043 Oscar: No
2024-10-14 13:33:40.617212 Delta: No
2024-10-14 13:33:40.617690 Charlie: No
2024-10-14 13:33:40.617841 Zulu: No
2024-10-14 13:33:40.617980 Bravo: Yes
ChatterBot Oscar reevaluating
ChatterBot Charlie reevaluating
ChatterBot Uniform reevaluating
ChatterBot Bravo reevaluating
ChatterBot Foxtrot reevaluating
ChatterBot Charlie reevaluating
ChatterBot Uniform reevaluating
ChatterBot Bravo reevaluating
ChatterBot Foxtrot reevaluating
ChatterBot Oscar reevaluating
ChatterBot Charlie reevaluating
ChatterBot Uniform reevaluating
ChatterBot Bravo reevaluating
ChatterBot Foxtrot reevaluating
ChatterBot Oscar reevaluating
ChatterBot Uniform reevaluating
ChatterBot Bravo reevaluating
ChatterBot Foxtrot reevaluating
ChatterBot Oscar reevaluating
ChatterBot Charlie reevaluating
ChatterBot Uniform reevaluating
ChatterBot Bravo reevaluating
ChatterBot Foxtrot reevaluating
ChatterBot Oscar reevaluating
ChatterBot Charlie reevaluating
ChatterBot Uniform reevaluating
2024-10-14 13:33:40.747543 Whiskey: We should replace Delta with Foxtrot
ChatterBot Oscar reevaluating
ChatterBot Uniform reevaluating
ChatterBot Charlie reevaluating
ChatterBot Bravo reevaluating
2024-10-14 13:33:40.761266 Oscar: No
2024-10-14 13:33:40.761397 Uniform: No
2024-10-14 13:33:40.761504 Zulu: No
2024-10-14 13:33:40.761631 Charlie: No
2024-10-14 13:33:40.761756 Bravo: No
ChatterBot Whiskey reevaluating
ChatterBot Uniform reevaluating
ChatterBot Charlie reevaluating
ChatterBot Bravo reevaluating
ChatterBot Whiskey reevaluating
ChatterBot Oscar reevaluating
ChatterBot Charlie reevaluating
ChatterBot Bravo reevaluating
ChatterBot Whiskey reevaluating
ChatterBot Oscar reevaluating
ChatterBot Uniform reevaluating
ChatterBot Charlie reevaluating
ChatterBot Bravo reevaluating
ChatterBot Whiskey reevaluating
ChatterBot Oscar reevaluating
ChatterBot Uniform reevaluating
ChatterBot Bravo reevaluating
ChatterBot Whiskey reevaluating
ChatterBot Oscar reevaluating
ChatterBot Uniform reevaluating
ChatterBot Charlie reevaluating
2024-10-14 13:33:40.828409 Whiskey: We should replace Uniform with Foxtrot
ChatterBot Oscar reevaluating
ChatterBot Zulu reevaluating
ChatterBot Bravo reevaluating
2024-10-14 13:33:40.840915 Oscar: No
2024-10-14 13:33:40.841061 Delta: No
2024-10-14 13:33:40.841435 Zulu: No
2024-10-14 13:33:40.841530 Charlie: No
2024-10-14 13:33:40.841636 Bravo: No
ChatterBot Whiskey reevaluating
ChatterBot Delta reevaluating
ChatterBot Zulu reevaluating
ChatterBot Bravo reevaluating
ChatterBot Whiskey reevaluating
ChatterBot Oscar reevaluating
ChatterBot Zulu reevaluating
ChatterBot Bravo reevaluating
ChatterBot Whiskey reevaluating
ChatterBot Oscar reevaluating
ChatterBot Delta reevaluating
ChatterBot Bravo reevaluating
ChatterBot Whiskey reevaluating
ChatterBot Oscar reevaluating
ChatterBot Delta reevaluating
ChatterBot Zulu reevaluating
ChatterBot Bravo reevaluating
ChatterBot Whiskey reevaluating
ChatterBot Oscar reevaluating
ChatterBot Delta reevaluating
ChatterBot Zulu reevaluating
2024-10-14 13:33:40.904929 November: Uniform we want you to join our group
ChatterBot Uniform reevaluating
2024-10-14 13:33:40.907792 Uniform: No
ChatterBot November reevaluating
ChatterBot Yankee reevaluating
2024-10-14 13:33:40.914159 Whiskey: Foxtrot we want you to join our group
ChatterBot Foxtrot reevaluating
2024-10-14 13:33:40.917189 Foxtrot: No
ChatterBot Oscar reevaluating
ChatterBot Whiskey reevaluating
2024-10-14 13:33:40.931322 Uniform: We should drop Charlie
ChatterBot Whiskey reevaluating
ChatterBot Foxtrot reevaluating
ChatterBot Bravo reevaluating
2024-10-14 13:33:40.945144 Whiskey: Yes
2024-10-14 13:33:40.945295 Oscar: No
2024-10-14 13:33:40.945905 Delta: No
2024-10-14 13:33:40.946031 Foxtrot: No
2024-10-14 13:33:40.946132 Zulu: No
2024-10-14 13:33:40.946301 Bravo: Yes
ChatterBot Oscar reevaluating
ChatterBot Delta reevaluating
ChatterBot Foxtrot reevaluating
ChatterBot Uniform reevaluating
ChatterBot Zulu reevaluating
ChatterBot Bravo reevaluating
ChatterBot Whiskey reevaluating
ChatterBot Delta reevaluating
ChatterBot Foxtrot reevaluating
ChatterBot Uniform reevaluating
ChatterBot Zulu reevaluating
ChatterBot Bravo reevaluating
ChatterBot Whiskey reevaluating
ChatterBot Oscar reevaluating
ChatterBot Foxtrot reevaluating
ChatterBot Uniform reevaluating
ChatterBot Zulu reevaluating
ChatterBot Bravo reevaluating
ChatterBot Whiskey reevaluating
ChatterBot Oscar reevaluating
ChatterBot Delta reevaluating
ChatterBot Uniform reevaluating
