ChatterBot Lima round 1
ChatterBot Zulu round 1
ChatterBot Kilo round 1
ChatterBot Echo round 1
ChatterBot Quebec round 1
ChatterBot X-ray round 1
ChatterBot India round 1
ChatterBot Charlie round 1
randomSelections India: {India, Echo, Yankee, Zulu, Charlie, Kilo} 
2024-10-14 13:33:26.970898 India: Group up?
ChatterBot Echo reevaluating
ChatterBot Zulu reevaluating
ChatterBot Charlie reevaluating
ChatterBot Kilo reevaluating
2024-10-14 13:33:27.006653 Echo: Yes
2024-10-14 13:33:27.006976 Zulu: Yes
2024-10-14 13:33:27.008352 Charlie: Yes
2024-10-14 13:33:27.008621 Kilo: Yes
ChatterBot Zulu reevaluating
ChatterBot Charlie reevaluating
ChatterBot Kilo reevaluating
ChatterBot Echo reevaluating
ChatterBot Charlie reevaluating
ChatterBot Kilo reevaluating
ChatterBot Echo reevaluating
ChatterBot Zulu reevaluating
ChatterBot Kilo reevaluating
ChatterBot Echo reevaluating
ChatterBot Zulu reevaluating
ChatterBot Charlie reevaluating
randomSelections Lima: {Lima, X-ray, November, Zulu, India, Kilo} 
2024-10-14 13:33:27.047096 Lima: We should group up
ChatterBot X-ray reevaluating
ChatterBot Zulu reevaluating
ChatterBot Kilo reevaluating
2024-10-14 13:33:27.055646 X-ray: Yes
2024-10-14 13:33:27.055835 Zulu: No
2024-10-14 13:33:27.056013 India: No
2024-10-14 13:33:27.056228 Kilo: No
ChatterBot Zulu reevaluating
ChatterBot Kilo reevaluating
ChatterBot X-ray reevaluating
ChatterBot Kilo reevaluating
ChatterBot X-ray reevaluating
ChatterBot Zulu reevaluating
ChatterBot Kilo reevaluating
ChatterBot X-ray reevaluating
ChatterBot Zulu reevaluating
randomSelections Quebec: {Quebec, Zulu, India, Lima, Kilo, Yankee, Charlie, November} 
2024-10-14 13:33:27.089672 Quebec: Can we be friends?
ChatterBot Zulu reevaluating
ChatterBot Kilo reevaluating
ChatterBot Charlie reevaluating
2024-10-14 13:33:27.119368 Zulu: No
2024-10-14 13:33:27.119538 India: No
2024-10-14 13:33:27.119892 Lima: No
2024-10-14 13:33:27.120193 Kilo: No
2024-10-14 13:33:27.120444 Charlie: No
ChatterBot Kilo reevaluating
ChatterBot Charlie reevaluating
ChatterBot Zulu reevaluating
ChatterBot Kilo reevaluating
ChatterBot Charlie reevaluating
ChatterBot Zulu reevaluating
ChatterBot Kilo reevaluating
ChatterBot Charlie reevaluating
ChatterBot Zulu reevaluating
ChatterBot Charlie reevaluating
ChatterBot Zulu reevaluating
ChatterBot Kilo reevaluating
ChatterBot Yankee round 1
ChatterBot Yankee reevaluating
ChatterBot Yankee reevaluating
ChatterBot Yankee reevaluating
ChatterBot Yankee reevaluating
ChatterBot Yankee reevaluating
ChatterBot Yankee reevaluating
ChatterBot Yankee reevaluating
ChatterBot Yankee reevaluating
ChatterBot Yankee reevaluating
ChatterBot Yankee reevaluating
ChatterBot Yankee reevaluating
2024-10-14 13:33:27.177212 Yankee: Yes
2024-10-14 13:33:27.177350 Yankee: No
ChatterBot Echo reevaluating
ChatterBot Zulu reevaluating
ChatterBot Charlie reevaluating
ChatterBot Kilo reevaluating
ChatterBot Zulu reevaluating
ChatterBot Charlie reevaluating
ChatterBot Kilo reevaluating
ChatterBot November round 1
ChatterBot November reevaluating
ChatterBot November reevaluating
ChatterBot November reevaluating
ChatterBot November reevaluating
ChatterBot November reevaluating
ChatterBot November reevaluating
ChatterBot November reevaluating
ChatterBot November reevaluating
ChatterBot November reevaluating
ChatterBot November reevaluating
ChatterBot November reevaluating
ChatterBot November reevaluating
2024-10-14 13:33:27.212354 November: Yes
2024-10-14 13:33:27.212918 November: No
ChatterBot X-ray reevaluating
ChatterBot Zulu reevaluating
ChatterBot Kilo reevaluating
ChatterBot Yankee reevaluating
ChatterBot Charlie reevaluating
ChatterBot Zulu reevaluating
ChatterBot Kilo reevaluating
2024-10-14 13:33:27.253715 Lima: Zulu, sending you 3
2024-10-14 13:33:27.257410 Lima: India, sending you 2
2024-10-14 13:33:27.258752 Quebec: Lima, Zulu, Kilo, Yankee and November, sending you 2
2024-10-14 13:33:27.262275 India: Zulu, sending you 5
2024-10-14 13:33:27.262638 X-ray: Lima and Zulu, sending you 4
2024-10-14 13:33:27.262972 Lima: November, sending you 1
2024-10-14 13:33:27.263254 Echo: Zulu, India and Yankee, sending you 2
2024-10-14 13:33:27.264444 Quebec: India, sending you 1
2024-10-14 13:33:27.264922 Kilo: Zulu, Echo and India, sending you 1
2024-10-14 13:33:27.266794 Charlie: Zulu and Yankee, sending you 3
2024-10-14 13:33:27.267237 India: Kilo, sending you 3
2024-10-14 13:33:27.267583 Zulu: Kilo, Echo and Yankee, sending you 1
2024-10-14 13:33:27.267956 X-ray: India, sending you 1
2024-10-14 13:33:27.269270 Kilo: Charlie, sending you 2
2024-10-14 13:33:27.269800 Echo: Kilo, sending you 1
2024-10-14 13:33:27.270324 November: Zulu, sending you 1
2024-10-14 13:33:27.271592 Charlie: Kilo, sending you 1
2024-10-14 13:33:27.272035 India: Echo, sending you 4
2024-10-14 13:33:27.272471 Zulu: India, sending you 3
2024-10-14 13:33:27.273926 X-ray: November, sending you 2
2024-10-14 13:33:27.274289 November: Kilo, sending you 2
2024-10-14 13:33:27.274698 Kilo: Yankee, sending you 3
2024-10-14 13:33:27.275102 Yankee: Zulu, sending you 4
2024-10-14 13:33:27.276296 Echo: Charlie, sending you 4
2024-10-14 13:33:27.276724 India: Charlie, sending you 2
2024-10-14 13:33:27.277169 Charlie: Echo and India, sending you 2
2024-10-14 13:33:27.278452 Zulu: Charlie, sending you 6
2024-10-14 13:33:27.279005 Yankee: Echo, sending you 2
2024-10-14 13:33:27.285485 India: Yankee, sending you 1
2024-10-14 13:33:27.285872 Yankee: India, sending you 3
2024-10-14 13:33:27.291028 Yankee: Charlie, sending you 6
chatterbot India submitting transactions
chatterbot Echo submitting transactions
chatterbot Quebec submitting transactions
chatterbot Lima submitting transactions
chatterbot X-ray submitting transactions
chatterbot November submitting transactions
chatterbot Kilo submitting transactions
chatterbot Yankee submitting transactions
chatterbot Charlie submitting transactions
chatterbot Zulu submitting transactions
ChatterBot Lima round 2
ChatterBot Zulu round 2
ChatterBot Kilo round 2
ChatterBot Echo round 2
ChatterBot Quebec round 2
2024-10-14 13:33:28.377278 Kilo: We should add Quebec
ChatterBot India reevaluating
ChatterBot Echo reevaluating
ChatterBot Yankee reevaluating
ChatterBot Zulu reevaluating
ChatterBot Charlie reevaluating
2024-10-14 13:33:28.413638 India: No
2024-10-14 13:33:28.413812 Echo: No
2024-10-14 13:33:28.413957 Yankee: Yes
2024-10-14 13:33:28.414079 Zulu: Yes
2024-10-14 13:33:28.414198 Charlie: No
ChatterBot Echo reevaluating
ChatterBot Yankee reevaluating
ChatterBot Zulu reevaluating
ChatterBot Charlie reevaluating
ChatterBot India reevaluating
ChatterBot Yankee reevaluating
ChatterBot Zulu reevaluating
ChatterBot Charlie reevaluating
ChatterBot India reevaluating
ChatterBot Echo reevaluating
ChatterBot Zulu reevaluating
ChatterBot Charlie reevaluating
ChatterBot India reevaluating
ChatterBot Echo reevaluating
ChatterBot Yankee reevaluating
ChatterBot Charlie reevaluating
ChatterBot India reevaluating
ChatterBot Echo reevaluating
ChatterBot Yankee reevaluating
ChatterBot Zulu reevaluating
ChatterBot X-ray round 2
2024-10-14 13:33:28.610151 Lima: Group up?
ChatterBot X-ray reevaluating
ChatterBot Quebec reevaluating
ChatterBot November reevaluating
2024-10-14 13:33:28.640998 X-ray: Yes
2024-10-14 13:33:28.641362 Quebec: Yes
2024-10-14 13:33:28.641878 November: No
ChatterBot Quebec reevaluating
ChatterBot November reevaluating
ChatterBot Lima reevaluating
ChatterBot X-ray reevaluating
ChatterBot November reevaluating
ChatterBot Lima reevaluating
ChatterBot X-ray reevaluating
ChatterBot Quebec reevaluating
2024-10-14 13:33:28.723191 Quebec: Group up?
ChatterBot X-ray reevaluating
ChatterBot November reevaluating
ChatterBot Lima reevaluating
2024-10-14 13:33:28.756363 X-ray: Yes
2024-10-14 13:33:28.756701 November: No
2024-10-14 13:33:28.757317 Lima: Yes
ChatterBot Lima reevaluating
ChatterBot Quebec reevaluating
ChatterBot November reevaluating
ChatterBot Lima reevaluating
ChatterBot X-ray reevaluating
ChatterBot Quebec reevaluating
ChatterBot X-ray reevaluating
ChatterBot Quebec reevaluating
ChatterBot November reevaluating
ChatterBot India round 2
ChatterBot Charlie round 2
ChatterBot Yankee round 2
ChatterBot November round 2
2024-10-14 13:33:28.900321 Kilo: Quebec we want you to join our group
ChatterBot Quebec reevaluating
2024-10-14 13:33:28.905132 Quebec: No
ChatterBot Zulu reevaluating
ChatterBot Echo reevaluating
ChatterBot India reevaluating
ChatterBot Charlie reevaluating
ChatterBot Yankee reevaluating
2024-10-14 13:33:29.533102 Echo: Zulu and Kilo, sending you 1
2024-10-14 13:33:29.533564 November: Lima, Quebec and X-ray, sending you 5
2024-10-14 13:33:29.534289 Quebec: Sending you each 2
2024-10-14 13:33:29.534527 Charlie: Zulu, sending you 4
2024-10-14 13:33:29.534936 X-ray: Lima and Quebec, sending you 4
2024-10-14 13:33:29.535654 Lima: Quebec and X-ray, sending you 6
2024-10-14 13:33:29.535895 Kilo: Zulu, Echo and Charlie, sending you 1
2024-10-14 13:33:29.536192 Zulu: Kilo, sending you 2
chatterbot Lima submitting transactions
2024-10-14 13:33:29.537665 Echo: India, sending you 5
2024-10-14 13:33:29.913382 Charlie: Kilo and India, sending you 2
2024-10-14 13:33:29.913829 Kilo: Quebec, sending you 2
2024-10-14 13:33:29.914121 Zulu: Echo and Charlie, sending you 3
2024-10-14 13:33:29.915940 Yankee: Zulu and India, sending you 2
2024-10-14 13:33:29.916405 X-ray: November, sending you 3
2024-10-14 13:33:29.916774 Echo: Charlie and Yankee, sending you 2
chatterbot November submitting transactions
chatterbot Kilo submitting transactions
chatterbot India submitting transactions
chatterbot Echo submitting transactions
2024-10-14 13:33:29.919471 Charlie: Echo and Yankee, sending you 3
2024-10-14 13:33:29.919980 Kilo: India, sending you 3
2024-10-14 13:33:29.925266 Zulu: India and Yankee, sending you 4
2024-10-14 13:33:29.925915 Yankee: Kilo and Charlie, sending you 4
2024-10-14 13:33:29.926414 India: Zulu and Yankee, sending you 4
2024-10-14 13:33:30.284473 Yankee: Echo, sending you 3
2024-10-14 13:33:30.285599 India: Kilo, sending you 1
chatterbot Charlie submitting transactions
chatterbot Quebec submitting transactions
chatterbot Zulu submitting transactions
chatterbot Yankee submitting transactions
2024-10-14 13:33:30.576366 India: Echo and Charlie, sending you 3
chatterbot X-ray submitting transactions
2024-10-14 13:33:30.589976 India: Lima did not give me 2 like they said
ChatterBot Echo reevaluating
ChatterBot Yankee reevaluating
ChatterBot Zulu reevaluating
ChatterBot Charlie reevaluating
ChatterBot Kilo reevaluating
2024-10-14 13:33:30.609271 India: Quebec did not give me 1 like they said
ChatterBot Echo reevaluating
ChatterBot Yankee reevaluating
ChatterBot Zulu reevaluating
ChatterBot Charlie reevaluating
ChatterBot Kilo reevaluating
2024-10-14 13:33:30.628337 India: X-ray did not give me 1 like they said
ChatterBot Echo reevaluating
ChatterBot Yankee reevaluating
ChatterBot Zulu reevaluating
ChatterBot Charlie reevaluating
ChatterBot Kilo reevaluating
2024-10-14 13:33:30.647963 India: Yankee did not give me 3 like they said
ChatterBot Echo reevaluating
ChatterBot Yankee reevaluating
ChatterBot Zulu reevaluating
ChatterBot Charlie reevaluating
ChatterBot Kilo reevaluating
ChatterBot Lima round 3
ChatterBot Zulu round 3
ChatterBot Kilo round 3
ChatterBot Echo round 3
ChatterBot Quebec round 3
ChatterBot X-ray round 3
ChatterBot India round 3
ChatterBot Charlie round 3
ChatterBot Yankee round 3
ChatterBot November round 3
2024-10-14 13:33:30.696978 Lima: We should add November and Kilo
ChatterBot Quebec reevaluating
ChatterBot X-ray reevaluating
2024-10-14 13:33:30.724170 Quebec: No
2024-10-14 13:33:30.725137 X-ray: Yes
ChatterBot X-ray reevaluating
ChatterBot Quebec reevaluating
2024-10-14 13:33:30.739145 X-ray: We should add Kilo
2024-10-14 13:33:30.739623 Quebec: We should add November
ChatterBot Quebec reevaluating
ChatterBot November reevaluating
2024-10-14 13:33:30.754743 Lima: Yes
ChatterBot Lima reevaluating
ChatterBot X-ray reevaluating
2024-10-14 13:33:30.762714 Quebec: No
2024-10-14 13:33:30.763003 November: No
2024-10-14 13:33:30.763219 Lima: Yes
2024-10-14 13:33:30.763326 X-ray: Yes
ChatterBot X-ray reevaluating
ChatterBot Quebec reevaluating
ChatterBot November reevaluating
ChatterBot Lima reevaluating
ChatterBot X-ray reevaluating
ChatterBot November reevaluating
ChatterBot Lima reevaluating
ChatterBot X-ray reevaluating
ChatterBot Quebec reevaluating
ChatterBot X-ray reevaluating
ChatterBot Quebec reevaluating
ChatterBot Lima reevaluating
ChatterBot Quebec reevaluating
2024-10-14 13:33:30.815062 Zulu: We should add Quebec
ChatterBot Echo reevaluating
ChatterBot Yankee reevaluating
ChatterBot Charlie reevaluating
ChatterBot Kilo reevaluating
2024-10-14 13:33:30.830232 India: No
2024-10-14 13:33:30.830425 Echo: No
2024-10-14 13:33:30.830588 Yankee: No
2024-10-14 13:33:30.831152 Charlie: No
2024-10-14 13:33:30.831302 Kilo: No
ChatterBot Echo reevaluating
ChatterBot Yankee reevaluating
ChatterBot Zulu reevaluating
ChatterBot Charlie reevaluating
ChatterBot Kilo reevaluating
ChatterBot Yankee reevaluating
ChatterBot Zulu reevaluating
ChatterBot Charlie reevaluating
ChatterBot Kilo reevaluating
ChatterBot Echo reevaluating
ChatterBot Zulu reevaluating
ChatterBot Charlie reevaluating
ChatterBot Kilo reevaluating
ChatterBot Echo reevaluating
ChatterBot Yankee reevaluating
ChatterBot Zulu reevaluating
ChatterBot Kilo reevaluating
ChatterBot Echo reevaluating
ChatterBot Yankee reevaluating
ChatterBot Zulu reevaluating
ChatterBot Charlie reevaluating
2024-10-14 13:33:30.975729 Kilo: We should drop Quebec
ChatterBot Zulu reevaluating
2024-10-14 13:33:30.995931 India: Yes
2024-10-14 13:33:30.996146 Echo: Yes
2024-10-14 13:33:30.997453 Yankee: Yes
2024-10-14 13:33:30.997671 Zulu: Yes
2024-10-14 13:33:30.997867 Charlie: Yes
ChatterBot Zulu reevaluating
ChatterBot Zulu reevaluating
ChatterBot Zulu reevaluating
ChatterBot Zulu reevaluating
2024-10-14 13:33:31.129 Quebec: November we want you to join our group
2024-10-14 13:33:31.132400 November: Yes
ChatterBot Lima reevaluating
2024-10-14 13:33:31.156403 Charlie: Zulu, Echo, India and Yankee, sending you 3
2024-10-14 13:33:31.157393 X-ray: Lima, sending you 5
2024-10-14 13:33:31.157735 Yankee: Zulu and Charlie, sending you 4
2024-10-14 13:33:31.158629 India: Zulu, sending you 4
2024-10-14 13:33:31.159014 Lima: November we want you to join our group
2024-10-14 13:33:31.161941 November: Yes
2024-10-14 13:33:31.169162 Charlie: Kilo, sending you 2
2024-10-14 13:33:31.169587 X-ray: Quebec, sending you 2
2024-10-14 13:33:31.169858 Yankee: Kilo and Echo, sending you 2
2024-10-14 13:33:31.170661 India: Kilo, sending you 2
2024-10-14 13:33:31.170999 Echo: Zulu and Yankee, sending you 2
2024-10-14 13:33:31.178992 Zulu: Kilo, sending you 2
2024-10-14 13:33:31.179796 Kilo: Zulu, India, Charlie and Yankee, sending you 2
2024-10-14 13:33:31.180216 X-ray: November, sending you 4
2024-10-14 13:33:31.180464 November: Lima, sending you 4
2024-10-14 13:33:31.181074 Quebec: Sending you each 2
2024-10-14 13:33:31.181299 Yankee: India, sending you 3
2024-10-14 13:33:31.181684 Echo: Kilo, sending you 1
2024-10-14 13:33:31.182517 India: Echo, Charlie and Yankee, sending you 3
2024-10-14 13:33:31.182960 Kilo: Echo, sending you 1
2024-10-14 13:33:31.211141 Zulu: Echo and Yankee, sending you 3
2024-10-14 13:33:31.212258 Echo: India and Charlie, sending you 3
2024-10-14 13:33:31.212705 November: Quebec, sending you 5
2024-10-14 13:33:31.213030 Lima: Quebec, sending you 4
2024-10-14 13:33:31.235404 Zulu: India and Charlie, sending you 4
2024-10-14 13:33:31.236248 November: X-ray, sending you 6
2024-10-14 13:33:31.236523 Lima: X-ray and November, sending you 5
chatterbot Quebec submitting transactions
chatterbot November submitting transactions
chatterbot Kilo submitting transactions
chatterbot X-ray submitting transactions
chatterbot Yankee submitting transactions
chatterbot India submitting transactions
chatterbot Lima submitting transactions
chatterbot Echo submitting transactions
chatterbot Charlie submitting transactions
chatterbot Zulu submitting transactions
ChatterBot Lima round 4
ChatterBot Zulu round 4
ChatterBot Kilo round 4
ChatterBot Echo round 4
ChatterBot Quebec round 4
ChatterBot X-ray round 4
ChatterBot India round 4
ChatterBot Charlie round 4
ChatterBot Yankee round 4
ChatterBot November round 4
2024-10-14 13:33:32.599999 Quebec: Lima and X-ray, sending you 2
2024-10-14 13:33:32.600938 November: Sending you each 5
2024-10-14 13:33:32.601304 Echo: Zulu and Yankee, sending you 2
2024-10-14 13:33:32.601914 Kilo: Zulu, India, Charlie and Yankee, sending you 2
2024-10-14 13:33:32.602697 Lima: Quebec, sending you 3
2024-10-14 13:33:32.602968 Yankee: Zulu and Charlie, sending you 4
2024-10-14 13:33:32.603810 Charlie: Zulu, Echo, India and Yankee, sending you 3
2024-10-14 13:33:32.604452 Zulu: Kilo, sending you 2
2024-10-14 13:33:32.605435 India: Zulu, sending you 4
2024-10-14 13:33:32.605992 X-ray: Lima, sending you 5
2024-10-14 13:33:32.606310 Echo: Kilo, sending you 1
2024-10-14 13:33:32.607407 Quebec: November, sending you 1
2024-10-14 13:33:32.607731 Kilo: Echo, sending you 1
2024-10-14 13:33:32.608191 Lima: X-ray, sending you 6
2024-10-14 13:33:32.609056 Charlie: Kilo, sending you 2
2024-10-14 13:33:32.609509 Yankee: Kilo and Echo, sending you 2
2024-10-14 13:33:32.609964 Zulu: Echo and Yankee, sending you 3
2024-10-14 13:33:32.611113 India: Kilo, sending you 2
2024-10-14 13:33:32.611756 Echo: India and Charlie, sending you 3
2024-10-14 13:33:32.612713 X-ray: Quebec, sending you 2
2024-10-14 13:33:32.613060 Lima: November, sending you 5
2024-10-14 13:33:32.613351 Yankee: India, sending you 3
2024-10-14 13:33:32.616492 India: Echo, Charlie and Yankee, sending you 3
2024-10-14 13:33:32.617456 Zulu: India and Charlie, sending you 4
2024-10-14 13:33:32.618069 X-ray: November, sending you 4
chatterbot X-ray submitting transactions
chatterbot India submitting transactions
chatterbot Kilo submitting transactions
chatterbot Charlie submitting transactions
chatterbot Zulu submitting transactions
chatterbot November submitting transactions
chatterbot Echo submitting transactions
chatterbot Quebec submitting transactions
chatterbot Yankee submitting transactions
chatterbot Lima submitting transactions
ChatterBot Lima round 5
ChatterBot Zulu round 5
ChatterBot Kilo round 5
ChatterBot Echo round 5
ChatterBot Quebec round 5
ChatterBot X-ray round 5
ChatterBot India round 5
ChatterBot Charlie round 5
ChatterBot Yankee round 5
ChatterBot November round 5
2024-10-14 13:33:33.581663 Zulu: Kilo, Echo, Charlie and Yankee, sending you 3
2024-10-14 13:33:33.582824 Lima: Quebec, sending you 3
2024-10-14 13:33:33.585847 Zulu: India, sending you 4
2024-10-14 13:33:33.587831 Lima: X-ray, sending you 6
2024-10-14 13:33:33.590665 X-ray: Lima, sending you 5
2024-10-14 13:33:33.590994 Quebec: Lima and X-ray, sending you 2
2024-10-14 13:33:33.591650 Lima: November, sending you 5
2024-10-14 13:33:33.594675 X-ray: Quebec, sending you 2
2024-10-14 13:33:33.596677 Quebec: November, sending you 1
2024-10-14 13:33:33.597028 Kilo: Zulu, India, Charlie and Yankee, sending you 2
2024-10-14 13:33:33.598007 Echo: Zulu, India and Charlie, sending you 3
2024-10-14 13:33:33.599671 Yankee: Zulu and Charlie, sending you 4
2024-10-14 13:33:33.600212 X-ray: November, sending you 4
2024-10-14 13:33:33.600447 India: Zulu, sending you 4
2024-10-14 13:33:33.601691 Kilo: Echo, sending you 1
2024-10-14 13:33:33.603025 Charlie: Zulu, Echo, India and Yankee, sending you 3
2024-10-14 13:33:33.603653 Yankee: Kilo and Echo, sending you 2
2024-10-14 13:33:33.604249 Echo: Yankee, sending you 2
2024-10-14 13:33:33.605670 India: Kilo, sending you 2
2024-10-14 13:33:33.606056 November: Lima, sending you 5
2024-10-14 13:33:33.606791 Yankee: India, sending you 3
2024-10-14 13:33:33.607673 Charlie: Kilo, sending you 2
2024-10-14 13:33:33.609699 India: Echo, Charlie and Yankee, sending you 3
2024-10-14 13:33:33.611075 November: Quebec, sending you 4
2024-10-14 13:33:33.614972 November: X-ray, sending you 6
chatterbot Lima submitting transactions
chatterbot Yankee submitting transactions
chatterbot Zulu submitting transactions
chatterbot X-ray submitting transactions
chatterbot Charlie submitting transactions
chatterbot India submitting transactions
chatterbot Echo submitting transactions
chatterbot November submitting transactions
chatterbot Kilo submitting transactions
chatterbot Quebec submitting transactions
ChatterBot Lima round 6
ChatterBot Zulu round 6
ChatterBot Kilo round 6
ChatterBot Echo round 6
ChatterBot Quebec round 6
ChatterBot X-ray round 6
ChatterBot India round 6
ChatterBot Charlie round 6
ChatterBot Yankee round 6
ChatterBot November round 6
2024-10-14 13:33:34.778662 X-ray: Lima, sending you 5
2024-10-14 13:33:34.779933 Zulu: Kilo, Echo, Charlie and Yankee, sending you 3
2024-10-14 13:33:34.781887 X-ray: Quebec, sending you 2
2024-10-14 13:33:34.784658 Zulu: India, sending you 4
2024-10-14 13:33:34.785759 Lima: Quebec, sending you 3
2024-10-14 13:33:34.786074 X-ray: November, sending you 4
2024-10-14 13:33:34.788657 Lima: X-ray, sending you 6
2024-10-14 13:33:34.789712 Charlie: Zulu, Echo, India and Yankee, sending you 3
2024-10-14 13:33:34.790939 Quebec: Lima and November, sending you 1
2024-10-14 13:33:34.791673 Lima: November, sending you 5
2024-10-14 13:33:34.792689 November: Lima, sending you 6
2024-10-14 13:33:34.794717 Charlie: Kilo, sending you 2
2024-10-14 13:33:34.795668 Quebec: X-ray, sending you 2
2024-10-14 13:33:34.796776 Echo: Zulu, India and Charlie, sending you 3
2024-10-14 13:33:34.797728 Kilo: Zulu, India, Charlie and Yankee, sending you 2
2024-10-14 13:33:34.798492 India: Zulu, sending you 4
2024-10-14 13:33:34.799443 November: Quebec, sending you 4
2024-10-14 13:33:34.799819 Yankee: Zulu and Charlie, sending you 4
2024-10-14 13:33:34.800365 Echo: Yankee, sending you 2
2024-10-14 13:33:34.801290 Kilo: Echo, sending you 1
2024-10-14 13:33:34.802674 India: Kilo, sending you 2
2024-10-14 13:33:34.803856 November: X-ray, sending you 5
2024-10-14 13:33:34.804683 Yankee: Kilo and Echo, sending you 2
2024-10-14 13:33:34.807672 India: Echo, Charlie and Yankee, sending you 3
2024-10-14 13:33:34.808918 Yankee: India, sending you 3
chatterbot Yankee submitting transactions
chatterbot Echo submitting transactions
chatterbot X-ray submitting transactions
chatterbot Quebec submitting transactions
chatterbot Lima submitting transactions
chatterbot Zulu submitting transactions
chatterbot India submitting transactions
chatterbot Charlie submitting transactions
chatterbot November submitting transactions
chatterbot Kilo submitting transactions
ChatterBot Lima round 7
ChatterBot Zulu round 7
ChatterBot Kilo round 7
ChatterBot Echo round 7
ChatterBot Quebec round 7
ChatterBot X-ray round 7
ChatterBot India round 7
ChatterBot Charlie round 7
ChatterBot Yankee round 7
ChatterBot November round 7
2024-10-14 13:33:36.019683 Zulu: Kilo, Echo, Charlie and Yankee, sending you 3
2024-10-14 13:33:36.020794 Charlie: Zulu, Echo, India and Yankee, sending you 3
2024-10-14 13:33:36.021371 Echo: Zulu, India and Charlie, sending you 3
2024-10-14 13:33:36.021892 India: Zulu, sending you 4
2024-10-14 13:33:36.022402 Lima: Quebec, sending you 3
2024-10-14 13:33:36.023976 Kilo: Zulu, India, Charlie and Yankee, sending you 2
2024-10-14 13:33:36.024580 Charlie: Kilo, sending you 2
2024-10-14 13:33:36.025241 Quebec: Lima and November, sending you 1
2024-10-14 13:33:36.025564 Echo: Yankee, sending you 2
2024-10-14 13:33:36.026098 Zulu: India, sending you 4
2024-10-14 13:33:36.026591 India: Kilo, sending you 2
2024-10-14 13:33:36.027362 Lima: X-ray, sending you 6
2024-10-14 13:33:36.027661 November: Lima, sending you 6
2024-10-14 13:33:36.028732 Kilo: Echo, sending you 1
2024-10-14 13:33:36.029608 Quebec: X-ray, sending you 2
2024-10-14 13:33:36.030389 X-ray: Lima, sending you 5
2024-10-14 13:33:36.030800 India: Echo, Charlie and Yankee, sending you 3
2024-10-14 13:33:36.031424 Lima: November, sending you 5
2024-10-14 13:33:36.031765 November: Quebec, sending you 4
2024-10-14 13:33:36.034663 X-ray: Quebec, sending you 2
2024-10-14 13:33:36.034977 November: X-ray, sending you 5
2024-10-14 13:33:36.035667 Yankee: Zulu and Charlie, sending you 4
2024-10-14 13:33:36.038647 X-ray: November, sending you 4
2024-10-14 13:33:36.040686 Yankee: Kilo and Echo, sending you 2
2024-10-14 13:33:36.045648 Yankee: India, sending you 3
chatterbot Quebec submitting transactions
chatterbot Kilo submitting transactions
chatterbot November submitting transactions
chatterbot X-ray submitting transactions
chatterbot Echo submitting transactions
chatterbot Lima submitting transactions
chatterbot Zulu submitting transactions
chatterbot India submitting transactions
chatterbot Charlie submitting transactions
chatterbot Yankee submitting transactions
ChatterBot Lima round 8
ChatterBot Zulu round 8
ChatterBot Kilo round 8
ChatterBot Echo round 8
ChatterBot Quebec round 8
ChatterBot X-ray round 8
ChatterBot India round 8
ChatterBot Charlie round 8
ChatterBot Yankee round 8
ChatterBot November round 8
2024-10-14 13:33:37.275684 X-ray: Lima, sending you 5
2024-10-14 13:33:37.280678 Zulu: Kilo, Echo, Charlie and Yankee, sending you 3
2024-10-14 13:33:37.281480 X-ray: Quebec, sending you 2
2024-10-14 13:33:37.281897 Lima: Quebec, sending you 3
2024-10-14 13:33:37.282674 Charlie: Zulu, Echo, India and Yankee, sending you 3
2024-10-14 13:33:37.283670 Zulu: India, sending you 4
2024-10-14 13:33:37.284679 November: Lima, sending you 6
2024-10-14 13:33:37.286031 Kilo: Zulu, India, Charlie and Yankee, sending you 2
2024-10-14 13:33:37.286771 India: Zulu, sending you 4
2024-10-14 13:33:37.287417 X-ray: November, sending you 4
2024-10-14 13:33:37.287750 Lima: X-ray, sending you 6
2024-10-14 13:33:37.288080 Yankee: Zulu and Charlie, sending you 4
2024-10-14 13:33:37.288634 Charlie: Kilo, sending you 2
2024-10-14 13:33:37.289644 November: Quebec, sending you 4
2024-10-14 13:33:37.290658 Quebec: Lima and November, sending you 1
2024-10-14 13:33:37.291664 Kilo: Echo, sending you 1
2024-10-14 13:33:37.293210 India: Kilo, sending you 2
2024-10-14 13:33:37.293966 Echo: Zulu, India and Charlie, sending you 3
2024-10-14 13:33:37.294733 Lima: November, sending you 5
2024-10-14 13:33:37.295728 Yankee: Kilo and Echo, sending you 2
2024-10-14 13:33:37.296595 Quebec: X-ray, sending you 2
2024-10-14 13:33:37.297134 November: X-ray, sending you 5
2024-10-14 13:33:37.298695 India: Echo, Charlie and Yankee, sending you 3
2024-10-14 13:33:37.299313 Yankee: India, sending you 3
2024-10-14 13:33:37.299886 Echo: Yankee, sending you 2
chatterbot Lima submitting transactions
chatterbot Kilo submitting transactions
chatterbot Yankee submitting transactions
chatterbot Zulu submitting transactions
chatterbot Echo submitting transactions
chatterbot Quebec submitting transactions
chatterbot India submitting transactions
chatterbot X-ray submitting transactions
chatterbot November submitting transactions
chatterbot Charlie submitting transactions
ChatterBot Lima round 9
ChatterBot Zulu round 9
ChatterBot Kilo round 9
ChatterBot Echo round 9
ChatterBot Quebec round 9
ChatterBot X-ray round 9
ChatterBot India round 9
ChatterBot Charlie round 9
ChatterBot Yankee round 9
ChatterBot November round 9
2024-10-14 13:33:38.560681 Kilo: Zulu, sending you 3
2024-10-14 13:33:38.561898 Charlie: Zulu, Echo, India and Yankee, sending you 3
2024-10-14 13:33:38.566854 Kilo: India, Charlie and Yankee, sending you 2
2024-10-14 13:33:38.567681 Charlie: Kilo, sending you 2
2024-10-14 13:33:38.568362 X-ray: Lima, sending you 5
2024-10-14 13:33:38.568885 Yankee: Zulu and Charlie, sending you 4
2024-10-14 13:33:38.570032 Lima: Quebec, sending you 3
2024-10-14 13:33:38.570441 Zulu: Kilo, Echo, Charlie and Yankee, sending you 3
2024-10-14 13:33:38.571693 Echo: Zulu, India and Charlie, sending you 3
2024-10-14 13:33:38.573114 X-ray: Quebec, sending you 2
2024-10-14 13:33:38.573887 India: Zulu, sending you 4
2024-10-14 13:33:38.575274 Yankee: Kilo and Echo, sending you 2
2024-10-14 13:33:38.576451 Lima: X-ray, sending you 6
2024-10-14 13:33:38.577490 Zulu: India, sending you 4
2024-10-14 13:33:38.578492 Quebec: Lima and November, sending you 1
2024-10-14 13:33:38.579071 Echo: Yankee, sending you 2
2024-10-14 13:33:38.580090 India: Kilo, sending you 2
2024-10-14 13:33:38.581762 X-ray: November, sending you 4
2024-10-14 13:33:38.582310 Yankee: India, sending you 3
2024-10-14 13:33:38.583309 Lima: November, sending you 5
2024-10-14 13:33:38.583879 Quebec: X-ray, sending you 2
2024-10-14 13:33:38.584938 November: Lima, sending you 6
2024-10-14 13:33:38.585509 India: Echo, Charlie and Yankee, sending you 3
2024-10-14 13:33:38.587716 November: Quebec, sending you 4
2024-10-14 13:33:38.590660 November: X-ray, sending you 5
chatterbot India submitting transactions
chatterbot Echo submitting transactions
chatterbot Lima submitting transactions
chatterbot Kilo submitting transactions
chatterbot November submitting transactions
chatterbot Quebec submitting transactions
chatterbot X-ray submitting transactions
chatterbot Charlie submitting transactions
chatterbot Zulu submitting transactions
chatterbot Yankee submitting transactions
ChatterBot Lima round 10
ChatterBot Zulu round 10
ChatterBot Kilo round 10
ChatterBot Echo round 10
ChatterBot Quebec round 10
ChatterBot X-ray round 10
ChatterBot India round 10
ChatterBot Charlie round 10
ChatterBot Yankee round 10
ChatterBot November round 10
2024-10-14 13:33:39.835189 Charlie: We should drop Kilo
2024-10-14 13:33:39.847331 Zulu: No
2024-10-14 13:33:39.847513 Echo: No
2024-10-14 13:33:39.847683 India: No
2024-10-14 13:33:39.847831 Yankee: No
ChatterBot Charlie reevaluating
ChatterBot Charlie reevaluating
ChatterBot Charlie reevaluating
ChatterBot Charlie reevaluating
2024-10-14 13:33:39.892689 Zulu: Kilo, Echo, Charlie and Yankee, sending you 3
2024-10-14 13:33:39.893892 Echo: Zulu, India and Charlie, sending you 3
2024-10-14 13:33:39.895297 India: Zulu, sending you 4
2024-10-14 13:33:39.896102 Kilo: Zulu, sending you 3
2024-10-14 13:33:39.897576 Lima: Quebec, sending you 3
2024-10-14 13:33:39.898128 Quebec: Lima and November, sending you 1
2024-10-14 13:33:39.898765 Zulu: India, sending you 4
2024-10-14 13:33:39.900107 Echo: Yankee, sending you 2
2024-10-14 13:33:39.900941 Kilo: India, Charlie and Yankee, sending you 2
2024-10-14 13:33:39.902278 India: Kilo, sending you 2
2024-10-14 13:33:39.903174 Lima: X-ray, sending you 6
2024-10-14 13:33:39.903681 Quebec: X-ray, sending you 2
2024-10-14 13:33:39.905669 India: Echo, Charlie and Yankee, sending you 3
2024-10-14 13:33:39.907383 Yankee: Zulu and Charlie, sending you 4
2024-10-14 13:33:39.908350 Lima: November, sending you 5
2024-10-14 13:33:39.910684 Charlie: Zulu, Echo, India and Yankee, sending you 3
2024-10-14 13:33:39.912669 Yankee: Kilo and Echo, sending you 2
2024-10-14 13:33:39.913723 Charlie: Kilo, sending you 2
2024-10-14 13:33:39.915672 Yankee: India, sending you 3
chatterbot Yankee submitting transactions
chatterbot Echo submitting transactions
chatterbot November submitting transactions
chatterbot Lima submitting transactions
chatterbot Quebec submitting transactions
chatterbot India submitting transactions
chatterbot Zulu submitting transactions
chatterbot Kilo submitting transactions
chatterbot Charlie submitting transactions
chatterbot X-ray submitting transactions
ChatterBot Lima round 11
ChatterBot Zulu round 11
ChatterBot Kilo round 11
ChatterBot Echo round 11
2024-10-14 13:33:41.029731 Lima: We should add Charlie
2024-10-14 13:33:41.037314 X-ray: No
2024-10-14 13:33:41.037498 Quebec: No
2024-10-14 13:33:41.037661 November: No
ChatterBot Lima reevaluating
ChatterBot Lima reevaluating
ChatterBot Lima reevaluating
ChatterBot Quebec round 11
ChatterBot X-ray round 11
ChatterBot India round 11
ChatterBot Charlie round 11
ChatterBot Yankee round 11
ChatterBot November round 11
2024-10-14 13:33:41.070461 Lima: We should add Echo
ChatterBot X-ray reevaluating
ChatterBot Quebec reevaluating
2024-10-14 13:33:41.078248 X-ray: Yes
2024-10-14 13:33:41.078424 Quebec: Yes
2024-10-14 13:33:41.078566 November: No
ChatterBot Lima reevaluating
ChatterBot Quebec reevaluating
ChatterBot Lima reevaluating
ChatterBot X-ray reevaluating
ChatterBot Lima reevaluating
ChatterBot X-ray reevaluating
ChatterBot Quebec reevaluating
2024-10-14 13:33:41.120084 Zulu: I was attacked by X-ray
ChatterBot Charlie reevaluating
2024-10-14 13:33:41.134682 Zulu: I'm keeping this round to protect myself
2024-10-14 13:33:41.136260 Zulu: Ow
2024-10-14 13:33:41.136714 X-ray: Echo we want you to join our group
2024-10-14 13:33:41.140291 Echo: No
ChatterBot X-ray reevaluating
ChatterBot Lima reevaluating
ChatterBot Quebec reevaluating
2024-10-14 13:33:41.160387 Quebec: We should add Kilo
ChatterBot Lima reevaluating
ChatterBot X-ray reevaluating
2024-10-14 13:33:41.174786 Lima: No
2024-10-14 13:33:41.174982 X-ray: Yes
2024-10-14 13:33:41.175144 November: No
ChatterBot X-ray reevaluating
ChatterBot Quebec reevaluating
ChatterBot Lima reevaluating
ChatterBot Quebec reevaluating
ChatterBot Lima reevaluating
ChatterBot X-ray reevaluating
ChatterBot Quebec reevaluating
2024-10-14 13:33:41.215321 Kilo: Zulu, sending you 3
2024-10-14 13:33:41.217383 Charlie: We should drop Kilo
2024-10-14 13:33:41.300304 Zulu: No
2024-10-14 13:33:41.300909 Echo: No
2024-10-14 13:33:41.301368 India: No
2024-10-14 13:33:41.302525 Yankee: No
ChatterBot Charlie reevaluating
ChatterBot Echo reevaluating
ChatterBot Charlie reevaluating
ChatterBot Charlie reevaluating
ChatterBot Echo reevaluating
ChatterBot Charlie reevaluating
ChatterBot Echo reevaluating
2024-10-14 13:33:41.387219 Kilo: India, Charlie and Yankee, sending you 2
2024-10-14 13:33:41.389309 Quebec: Echo we want you to join our group
ChatterBot Echo reevaluating
2024-10-14 13:33:41.396856 Echo: No
ChatterBot X-ray reevaluating
ChatterBot Lima reevaluating
2024-10-14 13:33:41.420703 Yankee: I was attacked by November
ChatterBot India reevaluating
ChatterBot Echo reevaluating
ChatterBot Zulu reevaluating
ChatterBot Charlie reevaluating
ChatterBot Kilo reevaluating
2024-10-14 13:33:41.449902 Yankee: I'm keeping this round to protect myself
2024-10-14 13:33:41.453336 Yankee: Ow
2024-10-14 13:33:41.454528 Lima: Echo we want you to join our group
2024-10-14 13:33:41.460438 Echo: No
ChatterBot Lima reevaluating
2024-10-14 13:33:41.500819 Quebec: Lima and November, sending you 1
2024-10-14 13:33:41.522816 X-ray: Lima, sending you 5
2024-10-14 13:33:41.523659 Charlie: Zulu, Echo, India and Yankee, sending you 3
2024-10-14 13:33:41.525507 Quebec: Echo and X-ray, sending you 2
2024-10-14 13:33:41.544654 X-ray: Echo, sending you 1
2024-10-14 13:33:41.545206 Charlie: Kilo, sending you 2
2024-10-14 13:33:41.556109 X-ray: Quebec, sending you 2
2024-10-14 13:33:41.557646 Lima: Echo, sending you 1
2024-10-14 13:33:41.590979 Lima: Quebec, sending you 3
2024-10-14 13:33:41.591687 X-ray: November, sending you 3
2024-10-14 13:33:41.614440 Lima: X-ray and November, sending you 5
chatterbot Quebec submitting transactions
chatterbot X-ray submitting transactions
chatterbot November submitting transactions
chatterbot Yankee submitting transactions
chatterbot Charlie submitting transactions
chatterbot Zulu submitting transactions
chatterbot India submitting transactions
chatterbot Lima submitting transactions
chatterbot Kilo submitting transactions
chatterbot Echo submitting transactions
ChatterBot Lima round 12
ChatterBot Zulu round 12
ChatterBot Kilo round 12
ChatterBot Echo round 12
ChatterBot Quebec round 12
ChatterBot X-ray round 12
ChatterBot India round 12
ChatterBot Charlie round 12
ChatterBot Yankee round 12
ChatterBot November round 12
2024-10-14 13:33:42.622746 Lima: We should replace Echo with Kilo
ChatterBot X-ray reevaluating
ChatterBot Quebec reevaluating
2024-10-14 13:33:42.633811 X-ray: Yes
2024-10-14 13:33:42.633996 Quebec: Yes
2024-10-14 13:33:42.634133 November: No
ChatterBot Quebec reevaluating
ChatterBot Lima reevaluating
ChatterBot X-ray reevaluating
ChatterBot Lima reevaluating
ChatterBot X-ray reevaluating
ChatterBot Quebec reevaluating
2024-10-14 13:33:42.695235 Lima: Kilo we want you to join our group
2024-10-14 13:33:42.699794 Kilo: No
ChatterBot Lima reevaluating
ChatterBot Quebec reevaluating
ChatterBot X-ray reevaluating
2024-10-14 13:33:42.719751 Kilo: Zulu, India, Charlie and Yankee, sending you 2
2024-10-14 13:33:42.721540 Zulu: I was attacked by November
ChatterBot India reevaluating
ChatterBot Echo reevaluating
ChatterBot Yankee reevaluating
ChatterBot Charlie reevaluating
ChatterBot Kilo reevaluating
2024-10-14 13:33:42.744251 Zulu: I'm keeping this round to protect myself
2024-10-14 13:33:42.747141 Zulu: Ow
2024-10-14 13:33:42.747748 Quebec: Kilo we want you to join our group
ChatterBot Kilo reevaluating
2024-10-14 13:33:42.752965 Kilo: No
ChatterBot Lima reevaluating
ChatterBot X-ray reevaluating
2024-10-14 13:33:42.771142 Charlie: We should drop India
ChatterBot Kilo reevaluating
ChatterBot Echo reevaluating
ChatterBot Yankee reevaluating
2024-10-14 13:33:42.783211 Zulu: No
2024-10-14 13:33:42.783321 Kilo: No
2024-10-14 13:33:42.783403 Echo: No
2024-10-14 13:33:42.783498 Yankee: No
ChatterBot Charlie reevaluating
ChatterBot Kilo reevaluating
ChatterBot Echo reevaluating
ChatterBot Yankee reevaluating
ChatterBot Charlie reevaluating
ChatterBot Echo reevaluating
ChatterBot Yankee reevaluating
ChatterBot Charlie reevaluating
ChatterBot Kilo reevaluating
ChatterBot Yankee reevaluating
ChatterBot Charlie reevaluating
ChatterBot Kilo reevaluating
ChatterBot Echo reevaluating
2024-10-14 13:33:42.825235 Echo: We should add Lima
ChatterBot India reevaluating
ChatterBot Yankee reevaluating
ChatterBot Charlie reevaluating
ChatterBot Kilo reevaluating
2024-10-14 13:33:42.840013 India: No
2024-10-14 13:33:42.840219 Yankee: No
2024-10-14 13:33:42.840364 Zulu: No
2024-10-14 13:33:42.840522 Charlie: No
2024-10-14 13:33:42.840670 Kilo: No
ChatterBot Echo reevaluating
ChatterBot Yankee reevaluating
ChatterBot Charlie reevaluating
ChatterBot Kilo reevaluating
ChatterBot India reevaluating
ChatterBot Echo reevaluating
ChatterBot Charlie reevaluating
ChatterBot Kilo reevaluating
ChatterBot India reevaluating
ChatterBot Echo reevaluating
ChatterBot Yankee reevaluating
ChatterBot Charlie reevaluating
ChatterBot Kilo reevaluating
ChatterBot India reevaluating
ChatterBot Echo reevaluating
ChatterBot Yankee reevaluating
ChatterBot Kilo reevaluating
ChatterBot India reevaluating
ChatterBot Echo reevaluating
ChatterBot Yankee reevaluating
ChatterBot Charlie reevaluating
2024-10-14 13:33:42.931726 X-ray: Kilo we want you to join our group
ChatterBot Kilo reevaluating
2024-10-14 13:33:42.936766 Kilo: No
ChatterBot Lima reevaluating
ChatterBot X-ray reevaluating
2024-10-14 13:33:42.953685 Quebec: Lima and November, sending you 1
2024-10-14 13:33:42.956681 Quebec: Kilo and X-ray, sending you 2
2024-10-14 13:33:42.964668 Yankee: Zulu and India, sending you 3
2024-10-14 13:33:42.965673 Charlie: Sending you each 3
2024-10-14 13:33:42.970047 Yankee: Kilo and Echo, sending you 2
2024-10-14 13:33:42.973668 Yankee: Charlie, sending you 5
2024-10-14 13:33:42.985677 Lima: Kilo, sending you 1
2024-10-14 13:33:42.990676 Lima: Quebec, sending you 3
2024-10-14 13:33:42.995696 Lima: X-ray, sending you 6
2024-10-14 13:33:42.998661 Lima: November, sending you 4
chatterbot X-ray submitting transactions
chatterbot Quebec submitting transactions
chatterbot Kilo submitting transactions
chatterbot Echo submitting transactions
chatterbot Yankee submitting transactions
chatterbot India submitting transactions
chatterbot Zulu submitting transactions
chatterbot November submitting transactions
chatterbot Lima submitting transactions
chatterbot Charlie submitting transactions
ChatterBot Lima round 13
ChatterBot Zulu round 13
ChatterBot Kilo round 13
