ChatterBot Foxtrot round 1
ChatterBot Bravo round 1
ChatterBot Sierra round 1
ChatterBot Kilo round 1
ChatterBot Delta round 1
ChatterBot Zulu round 1
ChatterBot Whiskey round 1
ChatterBot Echo round 1
ChatterBot Quebec round 1
ChatterBot Victor round 1
randomSelections Zulu: {Zulu, Echo, Quebec, Foxtrot} 
2024-10-14 17:35:19.674233 Zulu: We would work well together
ChatterBot Echo reevaluating
ChatterBot Quebec reevaluating
ChatterBot Foxtrot reevaluating
2024-10-14 17:35:19.684286 Echo: Yes
2024-10-14 17:35:19.684888 Quebec: Yes
2024-10-14 17:35:19.685016 Foxtrot: Yes
ChatterBot Quebec reevaluating
ChatterBot Foxtrot reevaluating
ChatterBot Echo reevaluating
ChatterBot Foxtrot reevaluating
ChatterBot Echo reevaluating
ChatterBot Quebec reevaluating
randomSelections Bravo: {Bravo, Quebec, Victor, Kilo, Sierra, Whiskey, Echo} 
2024-10-14 17:35:19.708830 Bravo: Let's form a team
ChatterBot Quebec reevaluating
ChatterBot Victor reevaluating
ChatterBot Kilo reevaluating
ChatterBot Sierra reevaluating
ChatterBot Whiskey reevaluating
ChatterBot Echo reevaluating
2024-10-14 17:35:19.724883 Quebec: No
2024-10-14 17:35:19.725059 Victor: Yes
2024-10-14 17:35:19.725206 Kilo: Yes
2024-10-14 17:35:19.725697 Sierra: Yes
2024-10-14 17:35:19.725829 Whiskey: Yes
2024-10-14 17:35:19.725978 Echo: No
ChatterBot Victor reevaluating
ChatterBot Kilo reevaluating
ChatterBot Sierra reevaluating
ChatterBot Whiskey reevaluating
ChatterBot Echo reevaluating
ChatterBot Quebec reevaluating
ChatterBot Kilo reevaluating
ChatterBot Sierra reevaluating
ChatterBot Whiskey reevaluating
ChatterBot Echo reevaluating
ChatterBot Quebec reevaluating
ChatterBot Victor reevaluating
ChatterBot Sierra reevaluating
ChatterBot Whiskey reevaluating
ChatterBot Echo reevaluating
ChatterBot Quebec reevaluating
ChatterBot Victor reevaluating
ChatterBot Kilo reevaluating
ChatterBot Whiskey reevaluating
ChatterBot Echo reevaluating
ChatterBot Quebec reevaluating
ChatterBot Victor reevaluating
ChatterBot Kilo reevaluating
ChatterBot Sierra reevaluating
ChatterBot Echo reevaluating
ChatterBot Quebec reevaluating
ChatterBot Victor reevaluating
ChatterBot Kilo reevaluating
ChatterBot Sierra reevaluating
ChatterBot Whiskey reevaluating
randomSelections Delta: {Delta, Sierra, Zulu, Whiskey} 
2024-10-14 17:35:19.799482 Delta: Let's form a team
ChatterBot Sierra reevaluating
ChatterBot Whiskey reevaluating
2024-10-14 17:35:19.803610 Sierra: No
2024-10-14 17:35:19.804230 Zulu: No
2024-10-14 17:35:19.804395 Whiskey: No
ChatterBot Whiskey reevaluating
ChatterBot Sierra reevaluating
ChatterBot Whiskey reevaluating
ChatterBot Sierra reevaluating
2024-10-14 17:35:19.828876 Bravo: Sierra and Victor, sending you 2
2024-10-14 17:35:19.829220 Delta: Sierra, sending you 2
2024-10-14 17:35:19.829414 Echo: Foxtrot, sending you 3
2024-10-14 17:35:19.832665 Delta: Zulu, sending you 1
2024-10-14 17:35:19.833679 Bravo: Kilo, sending you 4
2024-10-14 17:35:19.833978 Echo: Zulu, sending you 6
2024-10-14 17:35:19.834715 Whiskey: Bravo, Sierra and Echo, sending you 2
2024-10-14 17:35:19.835735 Zulu: Foxtrot, sending you 1
2024-10-14 17:35:19.836044 Quebec: Foxtrot, sending you 4
2024-10-14 17:35:19.837681 Kilo: Bravo, Sierra and Whiskey, sending you 3
2024-10-14 17:35:19.838001 Delta: Whiskey, sending you 11
2024-10-14 17:35:19.838226 Foxtrot: Zulu, sending you 1
2024-10-14 17:35:19.838421 Echo: Quebec, sending you 7
2024-10-14 17:35:19.838712 Bravo: Whiskey and Quebec, sending you 1
2024-10-14 17:35:19.839013 Victor: Bravo and Echo, sending you 3
2024-10-14 17:35:19.839313 Whiskey: Kilo, sending you 3
2024-10-14 17:35:19.839676 Zulu: Echo, sending you 4
2024-10-14 17:35:19.839942 Quebec: Zulu, sending you 3
2024-10-14 17:35:19.840682 Kilo: Quebec, sending you 1
2024-10-14 17:35:19.840961 Foxtrot: Echo, sending you 4
2024-10-14 17:35:19.841708 Sierra: Bravo, sending you 3
2024-10-14 17:35:19.842668 Whiskey: Quebec and Victor, sending you 1
2024-10-14 17:35:19.843128 Zulu: Quebec, sending you 8
2024-10-14 17:35:19.843677 Victor: Sierra, Whiskey and Quebec, sending you 1
2024-10-14 17:35:19.844154 Foxtrot: Quebec, sending you 6
2024-10-14 17:35:19.844834 Quebec: Echo, sending you 2
2024-10-14 17:35:19.846664 Sierra: Kilo and Quebec, sending you 1
2024-10-14 17:35:19.847085 Victor: Kilo, sending you 2
2024-10-14 17:35:19.851660 Sierra: Whiskey, sending you 4
2024-10-14 17:35:19.855664 Sierra: Echo, sending you 2
2024-10-14 17:35:19.858676 Sierra: Victor, sending you 6
chatterbot Zulu submitting transactions
chatterbot Quebec submitting transactions
chatterbot Kilo submitting transactions
chatterbot Echo submitting transactions
chatterbot Bravo submitting transactions
chatterbot Victor submitting transactions
chatterbot Foxtrot submitting transactions
chatterbot Sierra submitting transactions
chatterbot Delta submitting transactions
chatterbot Whiskey submitting transactions
ChatterBot Foxtrot round 2
ChatterBot Bravo round 2
ChatterBot Sierra round 2
ChatterBot Kilo round 2
ChatterBot Delta round 2
2024-10-14 17:35:20.913917 Kilo: We should group up
ChatterBot Bravo reevaluating
ChatterBot Sierra reevaluating
ChatterBot Delta reevaluating
ChatterBot Whiskey reevaluating
ChatterBot Victor reevaluating
2024-10-14 17:35:20.971857 Bravo: No
2024-10-14 17:35:20.972607 Sierra: Yes
2024-10-14 17:35:20.972804 Delta: Yes
2024-10-14 17:35:20.972972 Whiskey: No
2024-10-14 17:35:20.973130 Victor: No
ChatterBot Sierra reevaluating
ChatterBot Delta reevaluating
ChatterBot Whiskey reevaluating
ChatterBot Victor reevaluating
ChatterBot Bravo reevaluating
ChatterBot Delta reevaluating
ChatterBot Whiskey reevaluating
ChatterBot Victor reevaluating
ChatterBot Bravo reevaluating
ChatterBot Sierra reevaluating
ChatterBot Whiskey reevaluating
ChatterBot Victor reevaluating
ChatterBot Bravo reevaluating
ChatterBot Sierra reevaluating
ChatterBot Delta reevaluating
ChatterBot Victor reevaluating
ChatterBot Bravo reevaluating
2024-10-14 17:35:21.138872 Sierra: Let's form a team
ChatterBot Sierra reevaluating
ChatterBot Delta reevaluating
ChatterBot Whiskey reevaluating
ChatterBot Delta reevaluating
ChatterBot Bravo reevaluating
ChatterBot Whiskey reevaluating
ChatterBot Victor reevaluating
2024-10-14 17:35:21.228961 Kilo: Yes
2024-10-14 17:35:21.229175 Delta: Yes
2024-10-14 17:35:21.229720 Bravo: Yes
2024-10-14 17:35:21.230086 Whiskey: No
2024-10-14 17:35:21.230251 Victor: No
ChatterBot Bravo reevaluating
ChatterBot Sierra reevaluating
ChatterBot Delta reevaluating
ChatterBot Whiskey reevaluating
ChatterBot Victor reevaluating
ChatterBot Bravo reevaluating
ChatterBot Sierra reevaluating
ChatterBot Whiskey reevaluating
ChatterBot Victor reevaluating
ChatterBot Sierra reevaluating
ChatterBot Delta reevaluating
ChatterBot Whiskey reevaluating
ChatterBot Victor reevaluating
ChatterBot Bravo reevaluating
ChatterBot Sierra reevaluating
ChatterBot Delta reevaluating
ChatterBot Victor reevaluating
ChatterBot Bravo reevaluating
ChatterBot Sierra reevaluating
ChatterBot Delta reevaluating
ChatterBot Whiskey reevaluating
ChatterBot Zulu round 2
ChatterBot Whiskey round 2
ChatterBot Echo round 2
ChatterBot Quebec round 2
ChatterBot Victor round 2
2024-10-14 17:35:21.536916 Whiskey: Let's form a team
ChatterBot Victor reevaluating
2024-10-14 17:35:21.562809 Kilo: Yes
2024-10-14 17:35:21.563390 Bravo: Yes
2024-10-14 17:35:21.563560 Sierra: Yes
2024-10-14 17:35:21.563739 Delta: Yes
2024-10-14 17:35:21.563943 Victor: Yes
ChatterBot Victor reevaluating
ChatterBot Victor reevaluating
ChatterBot Victor reevaluating
ChatterBot Victor reevaluating
2024-10-14 17:35:21.894332 Kilo: Bravo, sending you 3
2024-10-14 17:35:21.895128 Bravo: Sierra, sending you 3
2024-10-14 17:35:21.895471 Delta: Sending you each 3
2024-10-14 17:35:21.999236 Kilo: Sierra, Whiskey and Victor, sending you 2
2024-10-14 17:35:21.999691 Bravo: Kilo, Whiskey and Victor, sending you 2
2024-10-14 17:35:22.000526 Foxtrot: Zulu, sending you 1
2024-10-14 17:35:22.000872 Sierra: Bravo, Delta and Whiskey, sending you 3
2024-10-14 17:35:22.001277 Whiskey: Bravo and Victor, sending you 1
2024-10-14 17:35:22.001670 Echo: Foxtrot and Zulu, sending you 6
2024-10-14 17:35:22.002364 Zulu: Foxtrot, sending you 1
chatterbot Delta submitting transactions
chatterbot Foxtrot submitting transactions
2024-10-14 17:35:22.023505 Bravo: Delta, sending you 1
2024-10-14 17:35:22.023867 Foxtrot: Echo, sending you 4
2024-10-14 17:35:22.024120 Sierra: Kilo, sending you 6
2024-10-14 17:35:22.024924 Kilo: Delta, sending you 1
2024-10-14 17:35:22.025212 Whiskey: Sierra and Kilo, sending you 2
2024-10-14 17:35:22.025476 Echo: Quebec, sending you 4
2024-10-14 17:35:22.026210 Zulu: Echo, sending you 9
2024-10-14 17:35:22.026552 Quebec: Foxtrot and Echo, sending you 3
2024-10-14 17:35:22.026783 Victor: Bravo, sending you 2
2024-10-14 17:35:22.027095 Foxtrot: Quebec, sending you 6
2024-10-14 17:35:22.068744 Whiskey: Delta, sending you 3
2024-10-14 17:35:22.069571 Sierra: Victor, sending you 2
2024-10-14 17:35:22.070007 Quebec: Zulu, sending you 4
2024-10-14 17:35:22.070931 Zulu: Quebec, sending you 4
2024-10-14 17:35:22.071254 Victor: Sierra, sending you 8
2024-10-14 17:35:22.102090 Victor: Whiskey, sending you 1
chatterbot Victor submitting transactions
chatterbot Kilo submitting transactions
chatterbot Whiskey submitting transactions
chatterbot Bravo submitting transactions
chatterbot Echo submitting transactions
chatterbot Sierra submitting transactions
chatterbot Zulu submitting transactions
chatterbot Quebec submitting transactions
ChatterBot Foxtrot round 3
ChatterBot Bravo round 3
ChatterBot Sierra round 3
ChatterBot Kilo round 3
ChatterBot Delta round 3
ChatterBot Zulu round 3
ChatterBot Whiskey round 3
ChatterBot Echo round 3
ChatterBot Quebec round 3
ChatterBot Victor round 3
2024-10-14 17:35:22.952729 Bravo: Sending you each 2
2024-10-14 17:35:22.953193 Sierra: Bravo, Kilo and Delta, sending you 3
2024-10-14 17:35:22.958680 Sierra: Whiskey, sending you 2
2024-10-14 17:35:22.960029 Kilo: Sending you each 2
2024-10-14 17:35:22.962681 Delta: Bravo and Kilo, sending you 3
2024-10-14 17:35:22.963188 Sierra: Victor, sending you 6
2024-10-14 17:35:22.965650 Quebec: Sending you each 3
2024-10-14 17:35:22.965957 Delta: Sierra and Whiskey, sending you 4
2024-10-14 17:35:22.966721 Whiskey: Bravo, Sierra, Kilo and Victor, sending you 2
2024-10-14 17:35:22.967671 Foxtrot: Zulu, sending you 1
2024-10-14 17:35:22.969672 Echo: Foxtrot and Quebec, sending you 5
2024-10-14 17:35:22.969987 Whiskey: Delta, sending you 3
2024-10-14 17:35:22.970887 Delta: Victor, sending you 1
2024-10-14 17:35:22.971662 Victor: Bravo and Delta, sending you 2
2024-10-14 17:35:22.972916 Foxtrot: Echo, sending you 6
2024-10-14 17:35:22.973202 Echo: Zulu, sending you 6
2024-10-14 17:35:22.975667 Victor: Sierra, sending you 5
2024-10-14 17:35:22.976652 Foxtrot: Quebec, sending you 4
2024-10-14 17:35:22.978716 Zulu: Foxtrot, sending you 1
2024-10-14 17:35:22.979698 Victor: Kilo and Whiskey, sending you 1
2024-10-14 17:35:22.983684 Zulu: Echo, sending you 8
2024-10-14 17:35:22.986719 Zulu: Quebec, sending you 6
chatterbot Echo submitting transactions
chatterbot Whiskey submitting transactions
chatterbot Quebec submitting transactions
chatterbot Victor submitting transactions
chatterbot Foxtrot submitting transactions
chatterbot Bravo submitting transactions
chatterbot Kilo submitting transactions
chatterbot Delta submitting transactions
chatterbot Zulu submitting transactions
chatterbot Sierra submitting transactions
ChatterBot Foxtrot round 4
ChatterBot Bravo round 4
ChatterBot Sierra round 4
ChatterBot Kilo round 4
ChatterBot Delta round 4
ChatterBot Zulu round 4
ChatterBot Whiskey round 4
ChatterBot Echo round 4
ChatterBot Quebec round 4
ChatterBot Victor round 4
2024-10-14 17:35:24.171661 Zulu: Foxtrot, sending you 1
2024-10-14 17:35:24.175676 Foxtrot: Zulu, sending you 1
2024-10-14 17:35:24.176018 Zulu: Echo, sending you 9
2024-10-14 17:35:24.178669 Delta: Bravo, Sierra and Kilo, sending you 3
2024-10-14 17:35:24.179102 Foxtrot: Echo, sending you 6
2024-10-14 17:35:24.179361 Zulu: Quebec, sending you 6
2024-10-14 17:35:24.180701 Bravo: Same as last round
2024-10-14 17:35:24.181761 Echo: Foxtrot and Quebec, sending you 5
2024-10-14 17:35:24.182058 Sierra: Bravo, Kilo and Delta, sending you 3
2024-10-14 17:35:24.182403 Whiskey: Bravo, Sierra, Kilo and Victor, sending you 2
2024-10-14 17:35:24.182764 Delta: Whiskey, sending you 4
2024-10-14 17:35:24.183153 Foxtrot: Quebec, sending you 4
2024-10-14 17:35:24.183679 Kilo: Same as last round
2024-10-14 17:35:24.185740 Victor: Bravo, Kilo and Whiskey, sending you 2
2024-10-14 17:35:24.186140 Sierra: Whiskey, sending you 2
2024-10-14 17:35:24.186540 Delta: Victor, sending you 2
2024-10-14 17:35:24.187038 Echo: Zulu, sending you 6
2024-10-14 17:35:24.187727 Whiskey: Delta, sending you 3
2024-10-14 17:35:24.188504 Quebec: Same as last round
2024-10-14 17:35:24.189673 Sierra: Victor, sending you 6
2024-10-14 17:35:24.190691 Victor: Sierra, sending you 4
2024-10-14 17:35:24.193681 Victor: Delta, sending you 1
chatterbot Bravo submitting transactions
chatterbot Quebec submitting transactions
chatterbot Sierra submitting transactions
chatterbot Zulu submitting transactions
chatterbot Delta submitting transactions
chatterbot Foxtrot submitting transactions
chatterbot Whiskey submitting transactions
chatterbot Kilo submitting transactions
chatterbot Echo submitting transactions
chatterbot Victor submitting transactions
ChatterBot Foxtrot round 5
ChatterBot Bravo round 5
ChatterBot Sierra round 5
ChatterBot Kilo round 5
ChatterBot Delta round 5
ChatterBot Zulu round 5
ChatterBot Whiskey round 5
ChatterBot Echo round 5
ChatterBot Quebec round 5
ChatterBot Victor round 5
2024-10-14 17:35:25.327676 Delta: Bravo, Sierra and Kilo, sending you 3
2024-10-14 17:35:25.329675 Foxtrot: Zulu, sending you 1
2024-10-14 17:35:25.331692 Bravo: Same as last round
2024-10-14 17:35:25.332696 Delta: Whiskey, sending you 4
2024-10-14 17:35:25.334652 Foxtrot: Echo, sending you 6
2024-10-14 17:35:25.335706 Sierra: Bravo, Kilo and Delta, sending you 3
2024-10-14 17:35:25.336237 Delta: Victor, sending you 2
2024-10-14 17:35:25.337949 Foxtrot: Quebec, sending you 4
2024-10-14 17:35:25.340678 Sierra: Whiskey, sending you 2
2024-10-14 17:35:25.341154 Whiskey: Bravo, Sierra, Kilo and Victor, sending you 2
2024-10-14 17:35:25.343687 Kilo: Same as last round
2024-10-14 17:35:25.344162 Sierra: Victor, sending you 6
2024-10-14 17:35:25.344702 Whiskey: Delta, sending you 3
2024-10-14 17:35:25.346194 Zulu: Foxtrot, sending you 1
2024-10-14 17:35:25.346542 Echo: Foxtrot and Quebec, sending you 5
2024-10-14 17:35:25.351117 Zulu: Echo, sending you 10
2024-10-14 17:35:25.351465 Quebec: Same as last round
2024-10-14 17:35:25.351881 Echo: Zulu, sending you 6
2024-10-14 17:35:25.353678 Zulu: Quebec, sending you 6
2024-10-14 17:35:25.355685 Victor: Bravo, Kilo and Whiskey, sending you 2
2024-10-14 17:35:25.358678 Victor: Sierra, sending you 4
2024-10-14 17:35:25.363661 Victor: Delta, sending you 1
chatterbot Delta submitting transactions
chatterbot Echo submitting transactions
chatterbot Whiskey submitting transactions
chatterbot Sierra submitting transactions
chatterbot Victor submitting transactions
chatterbot Bravo submitting transactions
chatterbot Kilo submitting transactions
chatterbot Zulu submitting transactions
chatterbot Quebec submitting transactions
chatterbot Foxtrot submitting transactions
ChatterBot Foxtrot round 6
ChatterBot Bravo round 6
ChatterBot Sierra round 6
ChatterBot Kilo round 6
ChatterBot Delta round 6
ChatterBot Zulu round 6
ChatterBot Whiskey round 6
ChatterBot Echo round 6
ChatterBot Quebec round 6
ChatterBot Victor round 6
2024-10-14 17:35:26.490657 Foxtrot: Zulu, sending you 1
2024-10-14 17:35:26.494689 Foxtrot: Echo, sending you 6
2024-10-14 17:35:26.497663 Bravo: Same as last round
2024-10-14 17:35:26.498342 Foxtrot: Quebec, sending you 4
2024-10-14 17:35:26.498734 Sierra: Bravo, Kilo and Delta, sending you 3
2024-10-14 17:35:26.500665 Zulu: Foxtrot, sending you 1
2024-10-14 17:35:26.502702 Sierra: Whiskey, sending you 2
2024-10-14 17:35:26.503678 Echo: Foxtrot and Quebec, sending you 5
2024-10-14 17:35:26.504148 Whiskey: Bravo, Sierra, Kilo and Victor, sending you 2
2024-10-14 17:35:26.504851 Zulu: Echo, sending you 10
2024-10-14 17:35:26.505277 Quebec: Same as last round
2024-10-14 17:35:26.506160 Victor: Bravo, Kilo and Whiskey, sending you 2
2024-10-14 17:35:26.507054 Sierra: Victor, sending you 6
2024-10-14 17:35:26.507869 Echo: Zulu, sending you 6
2024-10-14 17:35:26.508426 Delta: Bravo, Sierra and Kilo, sending you 3
2024-10-14 17:35:26.509650 Zulu: Quebec, sending you 6
2024-10-14 17:35:26.510121 Whiskey: Delta, sending you 3
2024-10-14 17:35:26.510752 Victor: Sierra, sending you 4
2024-10-14 17:35:26.511713 Kilo: Same as last round
2024-10-14 17:35:26.513057 Delta: Whiskey, sending you 4
2024-10-14 17:35:26.513682 Victor: Delta, sending you 1
2024-10-14 17:35:26.516017 Delta: Victor, sending you 2
chatterbot Quebec submitting transactions
chatterbot Echo submitting transactions
chatterbot Victor submitting transactions
chatterbot Bravo submitting transactions
chatterbot Kilo submitting transactions
chatterbot Zulu submitting transactions
chatterbot Foxtrot submitting transactions
chatterbot Sierra submitting transactions
chatterbot Whiskey submitting transactions
chatterbot Delta submitting transactions
ChatterBot Foxtrot round 7
ChatterBot Bravo round 7
ChatterBot Sierra round 7
ChatterBot Kilo round 7
ChatterBot Delta round 7
ChatterBot Zulu round 7
ChatterBot Whiskey round 7
ChatterBot Echo round 7
ChatterBot Quebec round 7
ChatterBot Victor round 7
2024-10-14 17:35:27.708692 Foxtrot: Zulu, sending you 1
2024-10-14 17:35:27.710007 Sierra: Bravo, Kilo and Delta, sending you 3
2024-10-14 17:35:27.712708 Foxtrot: Echo, sending you 6
2024-10-14 17:35:27.713106 Sierra: Whiskey, sending you 2
2024-10-14 17:35:27.716695 Foxtrot: Quebec, sending you 4
2024-10-14 17:35:27.718495 Sierra: Victor, sending you 6
2024-10-14 17:35:27.719685 Zulu: Foxtrot, sending you 1
2024-10-14 17:35:27.720696 Whiskey: Bravo, Sierra, Kilo and Victor, sending you 2
2024-10-14 17:35:27.723700 Quebec: Foxtrot and Zulu, sending you 3
2024-10-14 17:35:27.724167 Kilo: Same as last round
2024-10-14 17:35:27.724681 Zulu: Echo, sending you 11
2024-10-14 17:35:27.725725 Bravo: Same as last round
2024-10-14 17:35:27.726325 Whiskey: Delta, sending you 3
2024-10-14 17:35:27.726910 Quebec: Echo, sending you 4
2024-10-14 17:35:27.728647 Zulu: Quebec, sending you 6
2024-10-14 17:35:27.728976 Delta: Bravo, Sierra and Kilo, sending you 3
2024-10-14 17:35:27.732708 Echo: Foxtrot and Quebec, sending you 5
2024-10-14 17:35:27.733699 Delta: Whiskey, sending you 4
2024-10-14 17:35:27.736232 Victor: Bravo, Kilo and Whiskey, sending you 2
2024-10-14 17:35:27.737667 Echo: Zulu, sending you 6
2024-10-14 17:35:27.738664 Delta: Victor, sending you 2
2024-10-14 17:35:27.740652 Victor: Sierra, sending you 4
2024-10-14 17:35:27.745712 Victor: Delta, sending you 1
chatterbot Quebec submitting transactions
chatterbot Delta submitting transactions
chatterbot Victor submitting transactions
chatterbot Foxtrot submitting transactions
chatterbot Zulu submitting transactions
chatterbot Bravo submitting transactions
chatterbot Echo submitting transactions
chatterbot Whiskey submitting transactions
chatterbot Kilo submitting transactions
chatterbot Sierra submitting transactions
ChatterBot Foxtrot round 8
ChatterBot Bravo round 8
ChatterBot Sierra round 8
ChatterBot Kilo round 8
ChatterBot Delta round 8
ChatterBot Zulu round 8
ChatterBot Whiskey round 8
ChatterBot Echo round 8
ChatterBot Quebec round 8
ChatterBot Victor round 8
2024-10-14 17:35:28.919725 Kilo: Same as last round
2024-10-14 17:35:28.921940 Delta: Bravo, Sierra and Kilo, sending you 3
2024-10-14 17:35:28.925665 Zulu: Foxtrot, sending you 1
2024-10-14 17:35:28.927057 Delta: Whiskey, sending you 4
2024-10-14 17:35:28.927746 Bravo: Same as last round
2024-10-14 17:35:28.929158 Foxtrot: Zulu, sending you 1
2024-10-14 17:35:28.929871 Zulu: Echo, sending you 11
2024-10-14 17:35:28.930740 Whiskey: Bravo, Sierra, Kilo and Victor, sending you 2
2024-10-14 17:35:28.932280 Delta: Victor, sending you 2
2024-10-14 17:35:28.933456 Sierra: Bravo, Kilo and Delta, sending you 3
2024-10-14 17:35:28.934253 Foxtrot: Echo, sending you 6
2024-10-14 17:35:28.934806 Zulu: Quebec, sending you 6
2024-10-14 17:35:28.935332 Echo: Foxtrot and Quebec, sending you 5
2024-10-14 17:35:28.936710 Whiskey: Delta, sending you 3
2024-10-14 17:35:28.938677 Sierra: Whiskey, sending you 2
2024-10-14 17:35:28.940050 Foxtrot: Quebec, sending you 4
2024-10-14 17:35:28.940526 Echo: Zulu, sending you 6
2024-10-14 17:35:28.940920 Quebec: Foxtrot and Zulu, sending you 3
2024-10-14 17:35:28.942666 Sierra: Victor, sending you 6
2024-10-14 17:35:28.945652 Quebec: Echo, sending you 4
2024-10-14 17:35:28.946044 Victor: Bravo, Kilo and Whiskey, sending you 2
2024-10-14 17:35:28.950682 Victor: Sierra, sending you 4
2024-10-14 17:35:28.953657 Victor: Delta, sending you 1
chatterbot Delta submitting transactions
chatterbot Echo submitting transactions
chatterbot Sierra submitting transactions
chatterbot Zulu submitting transactions
chatterbot Foxtrot submitting transactions
chatterbot Whiskey submitting transactions
chatterbot Kilo submitting transactions
chatterbot Bravo submitting transactions
chatterbot Quebec submitting transactions
chatterbot Victor submitting transactions
ChatterBot Foxtrot round 9
ChatterBot Bravo round 9
ChatterBot Sierra round 9
ChatterBot Kilo round 9
ChatterBot Delta round 9
ChatterBot Zulu round 9
ChatterBot Whiskey round 9
ChatterBot Echo round 9
ChatterBot Quebec round 9
ChatterBot Victor round 9
2024-10-14 17:35:30.173698 Bravo: Same as last round
2024-10-14 17:35:30.175690 Delta: Bravo, Sierra and Kilo, sending you 3
2024-10-14 17:35:30.176330 Kilo: Same as last round
2024-10-14 17:35:30.176934 Foxtrot: Zulu, sending you 1
2024-10-14 17:35:30.178687 Echo: Foxtrot and Quebec, sending you 5
2024-10-14 17:35:30.179694 Delta: Whiskey, sending you 4
2024-10-14 17:35:30.180696 Foxtrot: Echo, sending you 6
2024-10-14 17:35:30.182674 Echo: Zulu, sending you 6
2024-10-14 17:35:30.183995 Sierra: Bravo, Kilo and Delta, sending you 3
2024-10-14 17:35:30.184680 Delta: Victor, sending you 2
2024-10-14 17:35:30.185369 Foxtrot: Quebec, sending you 4
2024-10-14 17:35:30.186008 Zulu: Foxtrot, sending you 1
2024-10-14 17:35:30.187669 Sierra: Whiskey, sending you 2
2024-10-14 17:35:30.189877 Zulu: Echo, sending you 11
2024-10-14 17:35:30.190720 Whiskey: Bravo, Sierra, Kilo and Victor, sending you 2
2024-10-14 17:35:30.192661 Quebec: Foxtrot and Zulu, sending you 3
2024-10-14 17:35:30.193296 Sierra: Victor, sending you 6
2024-10-14 17:35:30.193980 Zulu: Quebec, sending you 6
2024-10-14 17:35:30.196661 Whiskey: Delta, sending you 3
2024-10-14 17:35:30.197696 Quebec: Echo, sending you 4
2024-10-14 17:35:30.198859 Victor: Bravo, Kilo and Whiskey, sending you 2
2024-10-14 17:35:30.202654 Victor: Sierra, sending you 4
2024-10-14 17:35:30.207656 Victor: Delta, sending you 1
chatterbot Quebec submitting transactions
chatterbot Foxtrot submitting transactions
chatterbot Kilo submitting transactions
chatterbot Victor submitting transactions
chatterbot Bravo submitting transactions
chatterbot Sierra submitting transactions
chatterbot Echo submitting transactions
chatterbot Delta submitting transactions
chatterbot Zulu submitting transactions
chatterbot Whiskey submitting transactions
ChatterBot Foxtrot round 10
ChatterBot Bravo round 10
ChatterBot Sierra round 10
ChatterBot Kilo round 10
ChatterBot Delta round 10
ChatterBot Zulu round 10
ChatterBot Whiskey round 10
ChatterBot Echo round 10
ChatterBot Quebec round 10
ChatterBot Victor round 10
2024-10-14 17:35:31.456685 Foxtrot: Zulu, sending you 1
2024-10-14 17:35:31.460681 Sierra: Bravo, Kilo and Delta, sending you 3
2024-10-14 17:35:31.462446 Foxtrot: Echo, sending you 6
2024-10-14 17:35:31.463664 Echo: Foxtrot and Quebec, sending you 5
2024-10-14 17:35:31.466687 Sierra: Whiskey, sending you 2
2024-10-14 17:35:31.468045 Kilo: Same as last round
2024-10-14 17:35:31.468967 Delta: Bravo, Sierra and Kilo, sending you 3
2024-10-14 17:35:31.469830 Foxtrot: Quebec, sending you 4
2024-10-14 17:35:31.470939 Echo: Zulu, sending you 6
2024-10-14 17:35:31.471359 Zulu: Foxtrot, sending you 1
2024-10-14 17:35:31.471803 Sierra: Victor, sending you 6
2024-10-14 17:35:31.473809 Delta: Whiskey, sending you 4
2024-10-14 17:35:31.474567 Whiskey: Bravo, Sierra, Kilo and Victor, sending you 2
2024-10-14 17:35:31.475243 Quebec: Foxtrot and Zulu, sending you 3
2024-10-14 17:35:31.475632 Zulu: Echo, sending you 11
2024-10-14 17:35:31.476122 Bravo: Same as last round
2024-10-14 17:35:31.477700 Delta: Victor, sending you 2
2024-10-14 17:35:31.480126 Whiskey: Delta, sending you 3
2024-10-14 17:35:31.481155 Quebec: Echo, sending you 4
2024-10-14 17:35:31.481839 Zulu: Quebec, sending you 6
2024-10-14 17:35:31.482458 Victor: Bravo, Kilo and Whiskey, sending you 2
2024-10-14 17:35:31.487681 Victor: Sierra, sending you 4
2024-10-14 17:35:31.492673 Victor: Delta, sending you 1
chatterbot Echo submitting transactions
chatterbot Sierra submitting transactions
chatterbot Whiskey submitting transactions
chatterbot Delta submitting transactions
chatterbot Victor submitting transactions
chatterbot Zulu submitting transactions
chatterbot Bravo submitting transactions
chatterbot Kilo submitting transactions
chatterbot Quebec submitting transactions
chatterbot Foxtrot submitting transactions
ChatterBot Foxtrot round 11
ChatterBot Bravo round 11
ChatterBot Sierra round 11
ChatterBot Kilo round 11
ChatterBot Delta round 11
ChatterBot Zulu round 11
ChatterBot Whiskey round 11
ChatterBot Echo round 11
ChatterBot Quebec round 11
ChatterBot Victor round 11
2024-10-14 17:35:32.644696 Bravo: Same as last round
2024-10-14 17:35:32.645739 Kilo: Same as last round
2024-10-14 17:35:32.647703 Zulu: Foxtrot, sending you 1
2024-10-14 17:35:32.649677 Delta: Bravo, Sierra and Kilo, sending you 3
2024-10-14 17:35:32.651345 Foxtrot: Zulu, sending you 1
2024-10-14 17:35:32.651934 Zulu: Echo, sending you 11
2024-10-14 17:35:32.652666 Sierra: Bravo, Kilo and Delta, sending you 3
2024-10-14 17:35:32.654187 Delta: Whiskey, sending you 4
2024-10-14 17:35:32.655607 Whiskey: Bravo, Sierra, Kilo and Victor, sending you 2
2024-10-14 17:35:32.656934 Zulu: Quebec, sending you 6
2024-10-14 17:35:32.657638 Victor: Bravo, Kilo and Whiskey, sending you 2
2024-10-14 17:35:32.659742 Foxtrot: Echo, sending you 6
2024-10-14 17:35:32.660391 Sierra: Whiskey, sending you 2
2024-10-14 17:35:32.661629 Delta: Victor, sending you 2
2024-10-14 17:35:32.663102 Whiskey: Delta, sending you 3
2024-10-14 17:35:32.664692 Victor: Sierra, sending you 4
2024-10-14 17:35:32.665517 Foxtrot: Quebec, sending you 4
2024-10-14 17:35:32.666486 Sierra: Victor, sending you 6
2024-10-14 17:35:32.667160 Quebec: Foxtrot and Zulu, sending you 3
2024-10-14 17:35:32.668695 Echo: Foxtrot and Quebec, sending you 5
2024-10-14 17:35:32.669748 Victor: Delta, sending you 1
2024-10-14 17:35:32.673006 Quebec: Echo, sending you 4
2024-10-14 17:35:32.673773 Echo: Zulu, sending you 6
chatterbot Quebec submitting transactions
chatterbot Victor submitting transactions
chatterbot Echo submitting transactions
chatterbot Bravo submitting transactions
chatterbot Delta submitting transactions
chatterbot Sierra submitting transactions
chatterbot Foxtrot submitting transactions
chatterbot Kilo submitting transactions
chatterbot Whiskey submitting transactions
chatterbot Zulu submitting transactions
ChatterBot Foxtrot round 12
ChatterBot Bravo round 12
ChatterBot Sierra round 12
ChatterBot Kilo round 12
ChatterBot Delta round 12
ChatterBot Zulu round 12
ChatterBot Whiskey round 12
ChatterBot Echo round 12
ChatterBot Quebec round 12
ChatterBot Victor round 12
2024-10-14 17:35:34.003098 Whiskey: Bravo, Sierra, Kilo and Victor, sending you 2
2024-10-14 17:35:34.004424 Sierra: Bravo, Kilo and Delta, sending you 3
2024-10-14 17:35:34.005955 Zulu: Foxtrot, sending you 1
2024-10-14 17:35:34.007012 Bravo: Same as last round
2024-10-14 17:35:34.009071 Quebec: Foxtrot and Zulu, sending you 3
2024-10-14 17:35:34.009986 Delta: Bravo, Sierra and Kilo, sending you 3
2024-10-14 17:35:34.012035 Whiskey: Delta, sending you 3
2024-10-14 17:35:34.013240 Foxtrot: Zulu, sending you 1
2024-10-14 17:35:34.014538 Sierra: Whiskey, sending you 2
2024-10-14 17:35:34.015621 Zulu: Echo, sending you 11
2024-10-14 17:35:34.016395 Quebec: Echo, sending you 4
2024-10-14 17:35:34.017988 Delta: Whiskey, sending you 4
2024-10-14 17:35:34.019783 Foxtrot: Echo, sending you 6
2024-10-14 17:35:34.021918 Kilo: Same as last round
2024-10-14 17:35:34.023573 Sierra: Victor, sending you 6
2024-10-14 17:35:34.024783 Echo: Foxtrot and Quebec, sending you 5
2024-10-14 17:35:34.026268 Victor: Bravo, Kilo and Whiskey, sending you 2
2024-10-14 17:35:34.029322 Zulu: Quebec, sending you 6
2024-10-14 17:35:34.030925 Delta: Victor, sending you 2
2024-10-14 17:35:34.032546 Foxtrot: Quebec, sending you 4
2024-10-14 17:35:34.033284 Echo: Zulu, sending you 6
2024-10-14 17:35:34.034238 Victor: Sierra, sending you 4
2024-10-14 17:35:34.040994 Victor: Delta, sending you 1
chatterbot Foxtrot submitting transactions
chatterbot Whiskey submitting transactions
chatterbot Delta submitting transactions
chatterbot Echo submitting transactions
chatterbot Sierra submitting transactions
chatterbot Zulu submitting transactions
chatterbot Kilo submitting transactions
chatterbot Victor submitting transactions
chatterbot Quebec submitting transactions
chatterbot Bravo submitting transactions
ChatterBot Foxtrot round 13
ChatterBot Bravo round 13
ChatterBot Sierra round 13
ChatterBot Kilo round 13
ChatterBot Delta round 13
ChatterBot Zulu round 13
ChatterBot Whiskey round 13
ChatterBot Echo round 13
ChatterBot Quebec round 13
ChatterBot Victor round 13
2024-10-14 17:35:35.173690 Bravo: Same as last round
2024-10-14 17:35:35.174680 Zulu: Foxtrot, sending you 1
2024-10-14 17:35:35.180500 Zulu: Echo, sending you 11
2024-10-14 17:35:35.184564 Foxtrot: Zulu, sending you 1
2024-10-14 17:35:35.185278 Zulu: Quebec, sending you 6
2024-10-14 17:35:35.185787 Victor: Bravo, Kilo and Whiskey, sending you 2
2024-10-14 17:35:35.186844 Echo: Foxtrot and Quebec, sending you 5
2024-10-14 17:35:35.188680 Whiskey: Bravo, Sierra, Kilo and Victor, sending you 2
2024-10-14 17:35:35.189962 Foxtrot: Echo, sending you 6
2024-10-14 17:35:35.190532 Delta: Bravo, Sierra and Kilo, sending you 3
2024-10-14 17:35:35.191485 Echo: Zulu, sending you 6
2024-10-14 17:35:35.192546 Sierra: Bravo, Kilo and Delta, sending you 3
2024-10-14 17:35:35.193351 Quebec: Foxtrot and Zulu, sending you 3
2024-10-14 17:35:35.194153 Victor: Sierra, sending you 4
2024-10-14 17:35:35.195108 Kilo: Same as last round
2024-10-14 17:35:35.196426 Whiskey: Delta, sending you 3
2024-10-14 17:35:35.197431 Foxtrot: Quebec, sending you 4
2024-10-14 17:35:35.198076 Delta: Whiskey, sending you 4
2024-10-14 17:35:35.199029 Sierra: Whiskey, sending you 2
2024-10-14 17:35:35.199842 Quebec: Echo, sending you 4
2024-10-14 17:35:35.200721 Victor: Delta, sending you 1
2024-10-14 17:35:35.201692 Delta: Victor, sending you 2
2024-10-14 17:35:35.204657 Sierra: Victor, sending you 6
chatterbot Victor submitting transactions
chatterbot Whiskey submitting transactions
chatterbot Quebec submitting transactions
chatterbot Zulu submitting transactions
chatterbot Foxtrot submitting transactions
chatterbot Echo submitting transactions
chatterbot Sierra submitting transactions
chatterbot Delta submitting transactions
chatterbot Bravo submitting transactions
chatterbot Kilo submitting transactions
ChatterBot Foxtrot round 14
ChatterBot Bravo round 14
ChatterBot Sierra round 14
ChatterBot Kilo round 14
ChatterBot Delta round 14
ChatterBot Zulu round 14
ChatterBot Whiskey round 14
ChatterBot Echo round 14
ChatterBot Quebec round 14
ChatterBot Victor round 14
2024-10-14 17:35:36.040679 Foxtrot: Zulu, sending you 1
2024-10-14 17:35:36.045659 Foxtrot: Echo, sending you 6
2024-10-14 17:35:36.047143 Kilo: Same as last round
2024-10-14 17:35:36.048062 Sierra: Bravo, Kilo and Delta, sending you 3
2024-10-14 17:35:36.048899 Bravo: Same as last round
2024-10-14 17:35:36.049568 Zulu: Foxtrot, sending you 1
2024-10-14 17:35:36.050661 Foxtrot: Quebec, sending you 4
2024-10-14 17:35:36.051112 Whiskey: Bravo, Sierra, Kilo and Victor, sending you 2
2024-10-14 17:35:36.052686 Delta: Bravo, Sierra and Kilo, sending you 3
2024-10-14 17:35:36.053525 Sierra: Whiskey, sending you 2
2024-10-14 17:35:36.054391 Echo: Foxtrot and Quebec, sending you 5
2024-10-14 17:35:36.055026 Zulu: Echo, sending you 11
2024-10-14 17:35:36.055657 Whiskey: Delta, sending you 3
2024-10-14 17:35:36.057239 Victor: Bravo, Kilo and Whiskey, sending you 2
2024-10-14 17:35:36.058083 Delta: Whiskey, sending you 4
2024-10-14 17:35:36.059223 Sierra: Victor, sending you 6
2024-10-14 17:35:36.060342 Echo: Zulu, sending you 6
2024-10-14 17:35:36.061762 Zulu: Quebec, sending you 6
2024-10-14 17:35:36.062433 Quebec: Foxtrot, sending you 3
2024-10-14 17:35:36.063099 Victor: Sierra, sending you 4
2024-10-14 17:35:36.064267 Delta: Victor, sending you 2
2024-10-14 17:35:36.067713 Quebec: Zulu, sending you 2
2024-10-14 17:35:36.068726 Victor: Delta, sending you 1
2024-10-14 17:35:36.071670 Quebec: Echo, sending you 4
chatterbot Foxtrot submitting transactions
chatterbot Bravo submitting transactions
chatterbot Whiskey submitting transactions
chatterbot Kilo submitting transactions
chatterbot Victor submitting transactions
chatterbot Echo submitting transactions
chatterbot Quebec submitting transactions
chatterbot Delta submitting transactions
chatterbot Zulu submitting transactions
chatterbot Sierra submitting transactions
ChatterBot Foxtrot round 15
ChatterBot Bravo round 15
ChatterBot Sierra round 15
ChatterBot Kilo round 15
ChatterBot Delta round 15
ChatterBot Zulu round 15
ChatterBot Whiskey round 15
ChatterBot Echo round 15
ChatterBot Quebec round 15
ChatterBot Victor round 15
2024-10-14 17:35:37.251075 Foxtrot: Zulu, sending you 1
2024-10-14 17:35:37.253657 Foxtrot: Echo, sending you 6
2024-10-14 17:35:37.258683 Foxtrot: Quebec, sending you 4
2024-10-14 17:35:37.259683 Kilo: Same as last round
2024-10-14 17:35:37.261261 Bravo: Same as last round
2024-10-14 17:35:37.262676 Delta: Bravo, Sierra and Kilo, sending you 3
2024-10-14 17:35:37.264009 Sierra: Bravo, Kilo and Delta, sending you 3
2024-10-14 17:35:37.265183 Victor: Bravo, Kilo and Whiskey, sending you 2
2024-10-14 17:35:37.266683 Whiskey: Bravo, Sierra, Kilo and Victor, sending you 2
2024-10-14 17:35:37.267618 Zulu: Foxtrot, sending you 1
2024-10-14 17:35:37.272367 Delta: Whiskey, sending you 4
2024-10-14 17:35:37.274003 Sierra: Whiskey, sending you 2
2024-10-14 17:35:37.275033 Victor: Sierra, sending you 4
2024-10-14 17:35:37.276560 Whiskey: Delta, sending you 3
2024-10-14 17:35:37.278275 Echo: Foxtrot and Quebec, sending you 5
2024-10-14 17:35:37.279309 Zulu: Echo, sending you 11
2024-10-14 17:35:37.280109 Delta: Victor, sending you 2
2024-10-14 17:35:37.281982 Sierra: Victor, sending you 6
2024-10-14 17:35:37.287420 Victor: Delta, sending you 1
2024-10-14 17:35:37.289947 Quebec: Foxtrot, sending you 3
2024-10-14 17:35:37.290720 Echo: Zulu, sending you 6
2024-10-14 17:35:37.291504 Zulu: Quebec, sending you 6
2024-10-14 17:35:37.294711 Quebec: Zulu, sending you 2
2024-10-14 17:35:37.299121 Quebec: Echo, sending you 4
chatterbot Bravo submitting transactions
chatterbot Foxtrot submitting transactions
chatterbot Whiskey submitting transactions
chatterbot Echo submitting transactions
chatterbot Kilo submitting transactions
chatterbot Delta submitting transactions
chatterbot Sierra submitting transactions
chatterbot Victor submitting transactions
chatterbot Zulu submitting transactions
chatterbot Quebec submitting transactions
ChatterBot Foxtrot round 16
ChatterBot Bravo round 16
ChatterBot Sierra round 16
ChatterBot Kilo round 16
ChatterBot Delta round 16
ChatterBot Zulu round 16
ChatterBot Whiskey round 16
ChatterBot Echo round 16
ChatterBot Quebec round 16
ChatterBot Victor round 16
2024-10-14 17:35:38.453684 Foxtrot: Zulu, sending you 1
2024-10-14 17:35:38.456684 Kilo: Same as last round
2024-10-14 17:35:38.457697 Sierra: Bravo, Kilo and Delta, sending you 3
2024-10-14 17:35:38.459068 Foxtrot: Echo, sending you 6
2024-10-14 17:35:38.459652 Zulu: Foxtrot, sending you 1
2024-10-14 17:35:38.460177 Bravo: Same as last round
2024-10-14 17:35:38.461797 Foxtrot: Quebec, sending you 4
2024-10-14 17:35:38.463104 Echo: Foxtrot and Quebec, sending you 5
2024-10-14 17:35:38.464397 Zulu: Echo, sending you 12
2024-10-14 17:35:38.466154 Sierra: Whiskey, sending you 2
2024-10-14 17:35:38.468639 Whiskey: Bravo, Sierra, Kilo and Victor, sending you 2
2024-10-14 17:35:38.471048 Delta: Bravo, Sierra and Kilo, sending you 3
2024-10-14 17:35:38.473290 Victor: Bravo, Kilo and Whiskey, sending you 2
2024-10-14 17:35:38.475930 Echo: Zulu, sending you 6
2024-10-14 17:35:38.477143 Zulu: Quebec, sending you 5
2024-10-14 17:35:38.478503 Sierra: Victor, sending you 6
2024-10-14 17:35:38.479865 Quebec: Foxtrot, sending you 3
2024-10-14 17:35:38.480722 Whiskey: Delta, sending you 3
2024-10-14 17:35:38.482608 Delta: Whiskey, sending you 4
2024-10-14 17:35:38.483845 Victor: Sierra, sending you 4
2024-10-14 17:35:38.485713 Quebec: Zulu, sending you 2
2024-10-14 17:35:38.488689 Delta: Victor, sending you 2
2024-10-14 17:35:38.490465 Victor: Delta, sending you 1
2024-10-14 17:35:38.491817 Quebec: Echo, sending you 4
chatterbot Bravo submitting transactions
chatterbot Delta submitting transactions
chatterbot Sierra submitting transactions
chatterbot Foxtrot submitting transactions
chatterbot Victor submitting transactions
chatterbot Zulu submitting transactions
chatterbot Echo submitting transactions
chatterbot Kilo submitting transactions
chatterbot Quebec submitting transactions
chatterbot Whiskey submitting transactions
ChatterBot Foxtrot round 17
ChatterBot Bravo round 17
ChatterBot Sierra round 17
ChatterBot Kilo round 17
ChatterBot Delta round 17
ChatterBot Zulu round 17
ChatterBot Whiskey round 17
ChatterBot Echo round 17
ChatterBot Quebec round 17
ChatterBot Victor round 17
2024-10-14 17:35:39.598690 Kilo: Same as last round
2024-10-14 17:35:39.600664 Sierra: Bravo, Kilo and Delta, sending you 3
2024-10-14 17:35:39.602666 Delta: Bravo, Sierra and Kilo, sending you 3
2024-10-14 17:35:39.604229 Echo: Foxtrot and Quebec, sending you 5
2024-10-14 17:35:39.605499 Zulu: Foxtrot, sending you 1
2024-10-14 17:35:39.606104 Sierra: Whiskey, sending you 2
2024-10-14 17:35:39.607099 Bravo: Same as last round
2024-10-14 17:35:39.608143 Quebec: Foxtrot, sending you 3
2024-10-14 17:35:39.609511 Echo: Zulu, sending you 6
2024-10-14 17:35:39.610150 Delta: Whiskey, sending you 4
2024-10-14 17:35:39.611137 Sierra: Victor, sending you 6
2024-10-14 17:35:39.612855 Zulu: Echo, sending you 12
2024-10-14 17:35:39.613467 Foxtrot: Zulu, sending you 1
2024-10-14 17:35:39.613998 Whiskey: Bravo, Sierra, Kilo and Victor, sending you 2
2024-10-14 17:35:39.616185 Quebec: Zulu, sending you 2
2024-10-14 17:35:39.616750 Delta: Victor, sending you 2
2024-10-14 17:35:39.617571 Victor: Bravo, Kilo and Whiskey, sending you 2
2024-10-14 17:35:39.618440 Foxtrot: Echo, sending you 6
2024-10-14 17:35:39.619942 Zulu: Quebec, sending you 5
2024-10-14 17:35:39.620579 Whiskey: Delta, sending you 3
2024-10-14 17:35:39.621607 Quebec: Echo, sending you 4
2024-10-14 17:35:39.623258 Victor: Sierra, sending you 4
2024-10-14 17:35:39.624271 Foxtrot: Quebec, sending you 4
2024-10-14 17:35:39.628656 Victor: Delta, sending you 1
chatterbot Foxtrot submitting transactions
chatterbot Zulu submitting transactions
chatterbot Delta submitting transactions
chatterbot Sierra submitting transactions
