ChatterBot Victor round 1
ChatterBot Lima round 1
ChatterBot Kilo round 1
ChatterBot Quebec round 1
ChatterBot Sierra round 1
ChatterBot Delta round 1
ChatterBot Mike round 1
ChatterBot Hotel round 1
ChatterBot Tango round 1
ChatterBot Golf round 1
randomSelections Kilo: {Kilo, Quebec, Tango, Lima, Victor, Golf, Delta} 
2024-10-14 17:35:19.605312 Kilo: We should group up
ChatterBot Quebec reevaluating
ChatterBot Tango reevaluating
ChatterBot Lima reevaluating
ChatterBot Victor reevaluating
ChatterBot Golf reevaluating
ChatterBot Delta reevaluating
2024-10-14 17:35:19.622158 Quebec: Yes
2024-10-14 17:35:19.622768 Tango: Yes
2024-10-14 17:35:19.622907 Lima: Yes
2024-10-14 17:35:19.623017 Victor: Yes
2024-10-14 17:35:19.623136 Golf: Yes
2024-10-14 17:35:19.623238 Delta: Yes
ChatterBot Tango reevaluating
ChatterBot Lima reevaluating
ChatterBot Victor reevaluating
ChatterBot Golf reevaluating
ChatterBot Delta reevaluating
ChatterBot Quebec reevaluating
ChatterBot Lima reevaluating
ChatterBot Victor reevaluating
ChatterBot Golf reevaluating
ChatterBot Delta reevaluating
ChatterBot Quebec reevaluating
ChatterBot Tango reevaluating
ChatterBot Victor reevaluating
ChatterBot Golf reevaluating
ChatterBot Delta reevaluating
ChatterBot Quebec reevaluating
ChatterBot Tango reevaluating
ChatterBot Lima reevaluating
ChatterBot Golf reevaluating
ChatterBot Delta reevaluating
ChatterBot Quebec reevaluating
ChatterBot Tango reevaluating
ChatterBot Lima reevaluating
ChatterBot Victor reevaluating
ChatterBot Delta reevaluating
ChatterBot Quebec reevaluating
ChatterBot Tango reevaluating
ChatterBot Lima reevaluating
ChatterBot Victor reevaluating
ChatterBot Golf reevaluating
randomSelections Mike: {Mike, Kilo, Quebec, Tango, Golf} 
2024-10-14 17:35:19.705234 Mike: We should group up
ChatterBot Quebec reevaluating
ChatterBot Tango reevaluating
ChatterBot Golf reevaluating
2024-10-14 17:35:19.711508 Kilo: No
2024-10-14 17:35:19.711645 Quebec: No
2024-10-14 17:35:19.711742 Tango: No
2024-10-14 17:35:19.711842 Golf: No
ChatterBot Quebec reevaluating
ChatterBot Tango reevaluating
ChatterBot Golf reevaluating
ChatterBot Tango reevaluating
ChatterBot Golf reevaluating
ChatterBot Quebec reevaluating
ChatterBot Golf reevaluating
ChatterBot Quebec reevaluating
ChatterBot Tango reevaluating
randomSelections Sierra: {Sierra, Kilo, Victor, Hotel, Golf, Tango, Quebec} 
2024-10-14 17:35:19.739448 Sierra: Friends?
ChatterBot Victor reevaluating
ChatterBot Hotel reevaluating
ChatterBot Golf reevaluating
ChatterBot Tango reevaluating
ChatterBot Quebec reevaluating
2024-10-14 17:35:19.747280 Kilo: No
2024-10-14 17:35:19.747810 Victor: No
2024-10-14 17:35:19.747915 Hotel: Yes
2024-10-14 17:35:19.748004 Golf: No
2024-10-14 17:35:19.748092 Tango: No
2024-10-14 17:35:19.748190 Quebec: No
ChatterBot Victor reevaluating
ChatterBot Hotel reevaluating
ChatterBot Golf reevaluating
ChatterBot Tango reevaluating
ChatterBot Quebec reevaluating
ChatterBot Hotel reevaluating
ChatterBot Golf reevaluating
ChatterBot Tango reevaluating
ChatterBot Quebec reevaluating
ChatterBot Victor reevaluating
ChatterBot Golf reevaluating
ChatterBot Tango reevaluating
ChatterBot Quebec reevaluating
ChatterBot Victor reevaluating
ChatterBot Hotel reevaluating
ChatterBot Tango reevaluating
ChatterBot Quebec reevaluating
ChatterBot Victor reevaluating
ChatterBot Hotel reevaluating
ChatterBot Golf reevaluating
ChatterBot Quebec reevaluating
ChatterBot Victor reevaluating
ChatterBot Hotel reevaluating
ChatterBot Golf reevaluating
ChatterBot Tango reevaluating
2024-10-14 17:35:19.804054 Golf: Victor and Lima, sending you 1
2024-10-14 17:35:19.806685 Victor: Lima, sending you 1
2024-10-14 17:35:19.807056 Lima: Victor and Delta, sending you 2
2024-10-14 17:35:19.807755 Golf: Kilo and Tango, sending you 4
2024-10-14 17:35:19.809693 Mike: Kilo and Quebec, sending you 1
2024-10-14 17:35:19.809961 Lima: Kilo, sending you 4
2024-10-14 17:35:19.810673 Delta: Victor, sending you 4
2024-10-14 17:35:19.810959 Victor: Kilo, sending you 4
2024-10-14 17:35:19.811626 Golf: Quebec, sending you 3
2024-10-14 17:35:19.812716 Mike: Tango, sending you 5
2024-10-14 17:35:19.813668 Sierra: Victor, Tango and Golf, sending you 2
2024-10-14 17:35:19.814664 Lima: Quebec, Tango and Golf, sending you 1
2024-10-14 17:35:19.815417 Delta: Lima, Tango and Golf, sending you 3
2024-10-14 17:35:19.815747 Victor: Quebec and Tango, sending you 2
2024-10-14 17:35:19.816092 Mike: Golf, sending you 4
2024-10-14 17:35:19.816683 Golf: Delta, sending you 5
2024-10-14 17:35:19.817296 Quebec: Victor, Lima and Delta, sending you 1
2024-10-14 17:35:19.817662 Kilo: Victor and Delta, sending you 3
2024-10-14 17:35:19.818023 Sierra: Kilo and Quebec, sending you 3
2024-10-14 17:35:19.819701 Victor: Delta, sending you 3
2024-10-14 17:35:19.820145 Hotel: Victor and Sierra, sending you 3
2024-10-14 17:35:19.820674 Delta: Kilo, sending you 2
2024-10-14 17:35:19.821442 Quebec: Kilo, sending you 3
2024-10-14 17:35:19.821823 Sierra: Hotel, sending you 4
2024-10-14 17:35:19.822663 Tango: Victor and Golf, sending you 2
2024-10-14 17:35:19.822961 Kilo: Lima, sending you 2
2024-10-14 17:35:19.823733 Victor: Golf, sending you 5
2024-10-14 17:35:19.824046 Hotel: Kilo, sending you 5
2024-10-14 17:35:19.824686 Delta: Quebec, sending you 1
2024-10-14 17:35:19.824985 Quebec: Tango, sending you 5
2024-10-14 17:35:19.825981 Tango: Lima and Quebec, sending you 4
2024-10-14 17:35:19.826379 Kilo: Quebec and Golf, sending you 1
2024-10-14 17:35:19.827686 Hotel: Quebec, sending you 4
2024-10-14 17:35:19.829678 Quebec: Golf, sending you 2
2024-10-14 17:35:19.830710 Tango: Kilo, sending you 3
2024-10-14 17:35:19.831008 Hotel: Tango, sending you 2
2024-10-14 17:35:19.833679 Hotel: Golf, sending you 1
2024-10-14 17:35:19.835675 Tango: Delta, sending you 1
chatterbot Kilo submitting transactions
chatterbot Tango submitting transactions
chatterbot Hotel submitting transactions
chatterbot Sierra submitting transactions
chatterbot Golf submitting transactions
chatterbot Quebec submitting transactions
chatterbot Mike submitting transactions
chatterbot Lima submitting transactions
chatterbot Delta submitting transactions
chatterbot Victor submitting transactions
ChatterBot Victor round 2
ChatterBot Lima round 2
ChatterBot Kilo round 2
ChatterBot Quebec round 2
ChatterBot Sierra round 2
ChatterBot Delta round 2
ChatterBot Mike round 2
ChatterBot Hotel round 2
ChatterBot Tango round 2
ChatterBot Golf round 2
2024-10-14 17:35:21.684030 Sierra: We should group up
ChatterBot Hotel reevaluating
ChatterBot Mike reevaluating
2024-10-14 17:35:21.697847 Hotel: Yes
2024-10-14 17:35:21.698561 Mike: Yes
ChatterBot Mike reevaluating
ChatterBot Hotel reevaluating
2024-10-14 17:35:21.738657 Tango: We should replace Kilo with Mike
ChatterBot Victor reevaluating
ChatterBot Golf reevaluating
ChatterBot Quebec reevaluating
2024-10-14 17:35:21.773469 Victor: No
2024-10-14 17:35:21.773696 Lima: No
2024-10-14 17:35:21.773877 Delta: No
2024-10-14 17:35:21.774143 Golf: No
2024-10-14 17:35:21.774392 Quebec: No
ChatterBot Tango reevaluating
ChatterBot Golf reevaluating
ChatterBot Quebec reevaluating
ChatterBot Tango reevaluating
ChatterBot Victor reevaluating
ChatterBot Golf reevaluating
ChatterBot Quebec reevaluating
ChatterBot Tango reevaluating
ChatterBot Victor reevaluating
ChatterBot Golf reevaluating
ChatterBot Quebec reevaluating
ChatterBot Tango reevaluating
ChatterBot Victor reevaluating
ChatterBot Quebec reevaluating
ChatterBot Tango reevaluating
ChatterBot Victor reevaluating
ChatterBot Golf reevaluating
2024-10-14 17:35:22.005663 Golf: Mike we want you to join our group
2024-10-14 17:35:22.013338 Mike: No
ChatterBot Tango reevaluating
chatterbot Lima submitting transactions
2024-10-14 17:35:22.094783 Lima: Victor, Quebec and Golf, sending you 1
2024-10-14 17:35:22.095863 Tango: Mike we want you to join our group
2024-10-14 17:35:22.103503 Mike: No
ChatterBot Tango reevaluating
2024-10-14 17:35:22.183851 Tango: We should add Mike
2024-10-14 17:35:22.240318 Kilo: No
2024-10-14 17:35:22.240541 Quebec: Yes
2024-10-14 17:35:22.240731 Lima: No
2024-10-14 17:35:22.241477 Victor: No
2024-10-14 17:35:22.241717 Golf: Yes
2024-10-14 17:35:22.241889 Delta: No
ChatterBot Tango reevaluating
ChatterBot Tango reevaluating
ChatterBot Tango reevaluating
ChatterBot Tango reevaluating
ChatterBot Tango reevaluating
ChatterBot Tango reevaluating
2024-10-14 17:35:22.462867 Hotel: Sierra, sending you 13
2024-10-14 17:35:22.463658 Sierra: Mike, sending you 3
2024-10-14 17:35:22.463838 Victor: Lima, Kilo and Tango, sending you 3
2024-10-14 17:35:22.464174 Kilo: Victor, Lima, Quebec, Tango and Golf, sending you 2
2024-10-14 17:35:22.464541 Quebec: Victor and Sierra, sending you 2
2024-10-14 17:35:22.465207 Delta: Victor and Kilo, sending you 3
chatterbot Delta submitting transactions
2024-10-14 17:35:22.465634 Lima: Kilo and Delta, sending you 2
2024-10-14 17:35:22.466691 Victor: Quebec and Golf, sending you 2
2024-10-14 17:35:22.488430 Hotel: Mike, sending you 6
2024-10-14 17:35:22.488744 Sierra: Hotel, sending you 13
2024-10-14 17:35:22.488974 Delta: Lima, Quebec and Tango, sending you 2
2024-10-14 17:35:22.489330 Mike: Sierra, sending you 6
2024-10-14 17:35:22.489498 Golf: Victor, sending you 4
2024-10-14 17:35:22.490132 Quebec: Lima, Kilo, Delta and Mike, sending you 1
2024-10-14 17:35:22.490387 Victor: Delta, sending you 4
2024-10-14 17:35:22.490762 Lima: Tango, sending you 4
2024-10-14 17:35:22.498393 Mike: Hotel, sending you 5
2024-10-14 17:35:22.498676 Delta: Golf, sending you 5
2024-10-14 17:35:22.499460 Golf: Lima, Kilo, Quebec and Tango, sending you 2
2024-10-14 17:35:22.499748 Quebec: Hotel, Tango and Golf, sending you 3
2024-10-14 17:35:22.505094 Golf: Delta and Mike, sending you 3
2024-10-14 17:35:22.523048 Tango: Victor, Delta and Golf, sending you 3
2024-10-14 17:35:22.525671 Tango: Lima, sending you 1
2024-10-14 17:35:22.528876 Tango: Quebec and Mike, sending you 4
chatterbot Golf submitting transactions
chatterbot Sierra submitting transactions
chatterbot Kilo submitting transactions
chatterbot Quebec submitting transactions
chatterbot Hotel submitting transactions
chatterbot Tango submitting transactions
chatterbot Mike submitting transactions
chatterbot Victor submitting transactions
ChatterBot Victor round 3
ChatterBot Lima round 3
ChatterBot Kilo round 3
ChatterBot Quebec round 3
ChatterBot Sierra round 3
ChatterBot Delta round 3
ChatterBot Mike round 3
ChatterBot Hotel round 3
ChatterBot Tango round 3
ChatterBot Golf round 3
2024-10-14 17:35:23.470152 Sierra: We should add Quebec
ChatterBot Mike reevaluating
2024-10-14 17:35:23.475539 Hotel: No
2024-10-14 17:35:23.475693 Mike: No
ChatterBot Sierra reevaluating
ChatterBot Mike reevaluating
ChatterBot Sierra reevaluating
2024-10-14 17:35:23.496225 Tango: We should replace Mike with Kilo
ChatterBot Golf reevaluating
2024-10-14 17:35:23.507215 Victor: Yes
2024-10-14 17:35:23.507369 Lima: Yes
2024-10-14 17:35:23.507474 Delta: Yes
2024-10-14 17:35:23.507584 Golf: Yes
2024-10-14 17:35:23.508266 Quebec: Yes
ChatterBot Golf reevaluating
ChatterBot Golf reevaluating
ChatterBot Golf reevaluating
ChatterBot Golf reevaluating
2024-10-14 17:35:23.569563 Tango: Kilo we want you to join our group
2024-10-14 17:35:23.572635 Kilo: Yes
ChatterBot Golf reevaluating
2024-10-14 17:35:23.653756 Lima: Victor, Kilo, Delta, Tango and Golf, sending you 2
2024-10-14 17:35:23.655108 Victor: Lima and Quebec, sending you 2
2024-10-14 17:35:23.656100 Quebec: Victor, Kilo, Delta and Golf, sending you 3
2024-10-14 17:35:23.667282 Delta: Victor and Golf, sending you 4
2024-10-14 17:35:23.669539 Kilo: Victor, Lima, Quebec, Delta and Golf, sending you 2
2024-10-14 17:35:23.670722 Mike: Sierra, sending you 4
2024-10-14 17:35:23.674076 Golf: We should drop Mike
2024-10-14 17:35:23.701515 Kilo: Yes
2024-10-14 17:35:23.702200 Quebec: Yes
2024-10-14 17:35:23.702444 Tango: Yes
2024-10-14 17:35:23.702654 Lima: Yes
2024-10-14 17:35:23.702974 Victor: Yes
2024-10-14 17:35:23.703170 Delta: Yes
2024-10-14 17:35:23.808950 Hotel: Sierra, sending you 11
2024-10-14 17:35:23.809428 Lima: Quebec, sending you 1
2024-10-14 17:35:23.810699 Victor: Kilo, Tango and Golf, sending you 3
2024-10-14 17:35:23.811577 Quebec: Lima, sending you 1
2024-10-14 17:35:23.813566 Delta: Lima, Kilo and Quebec, sending you 2
2024-10-14 17:35:23.815040 Mike: Hotel, sending you 7
2024-10-14 17:35:23.815309 Hotel: Mike, sending you 8
2024-10-14 17:35:23.815499 Tango: Victor, Lima, Delta and Golf, sending you 3
2024-10-14 17:35:23.815914 Victor: Delta, sending you 4
2024-10-14 17:35:23.816795 Sierra: Mike, sending you 6
2024-10-14 17:35:23.817663 Quebec: Tango, sending you 4
2024-10-14 17:35:23.818891 Delta: Tango, sending you 3
2024-10-14 17:35:23.819672 Tango: Kilo, sending you 2
2024-10-14 17:35:23.821708 Sierra: Hotel, sending you 10
2024-10-14 17:35:23.825669 Tango: Quebec, sending you 4
2024-10-14 17:35:23.826726 Golf: Victor, Kilo, Quebec and Tango, sending you 3
2024-10-14 17:35:23.829674 Golf: Lima, sending you 2
2024-10-14 17:35:23.833677 Golf: Delta, sending you 4
chatterbot Lima submitting transactions
chatterbot Tango submitting transactions
chatterbot Hotel submitting transactions
chatterbot Sierra submitting transactions
chatterbot Mike submitting transactions
chatterbot Golf submitting transactions
chatterbot Victor submitting transactions
chatterbot Delta submitting transactions
chatterbot Kilo submitting transactions
chatterbot Quebec submitting transactions
ChatterBot Victor round 4
ChatterBot Lima round 4
ChatterBot Kilo round 4
ChatterBot Quebec round 4
ChatterBot Sierra round 4
ChatterBot Delta round 4
ChatterBot Mike round 4
ChatterBot Hotel round 4
ChatterBot Tango round 4
ChatterBot Golf round 4
2024-10-14 17:35:24.691954 Sierra: Mike, sending you 6
2024-10-14 17:35:24.693644 Quebec: Victor, Kilo, Delta and Golf, sending you 3
2024-10-14 17:35:24.694714 Sierra: Hotel, sending you 10
2024-10-14 17:35:24.696656 Quebec: Lima, sending you 1
2024-10-14 17:35:24.699683 Victor: Lima, sending you 2
2024-10-14 17:35:24.701679 Kilo: Victor, Lima, Quebec, Delta and Golf, sending you 2
2024-10-14 17:35:24.702458 Quebec: Tango, sending you 4
2024-10-14 17:35:24.703370 Golf: Victor, Kilo, Quebec and Tango, sending you 3
2024-10-14 17:35:24.704588 Delta: Victor and Golf, sending you 4
2024-10-14 17:35:24.705459 Mike: Sierra, sending you 5
2024-10-14 17:35:24.705860 Tango: Victor, Lima, Delta and Golf, sending you 3
2024-10-14 17:35:24.706845 Victor: Kilo, Quebec, Delta, Tango and Golf, sending you 3
2024-10-14 17:35:24.708050 Lima: Victor, Kilo, Delta, Tango and Golf, sending you 2
2024-10-14 17:35:24.709186 Golf: Lima, sending you 2
2024-10-14 17:35:24.710006 Delta: Lima, Kilo and Quebec, sending you 2
2024-10-14 17:35:24.711006 Mike: Hotel, sending you 6
2024-10-14 17:35:24.711790 Tango: Kilo, sending you 2
2024-10-14 17:35:24.712550 Hotel: Sierra, sending you 11
2024-10-14 17:35:24.712875 Lima: Quebec, sending you 1
2024-10-14 17:35:24.713497 Golf: Delta, sending you 4
2024-10-14 17:35:24.714140 Delta: Tango, sending you 3
2024-10-14 17:35:24.715668 Tango: Quebec, sending you 4
2024-10-14 17:35:24.717483 Hotel: Mike, sending you 8
chatterbot Kilo submitting transactions
chatterbot Hotel submitting transactions
chatterbot Lima submitting transactions
chatterbot Delta submitting transactions
chatterbot Quebec submitting transactions
chatterbot Victor submitting transactions
chatterbot Sierra submitting transactions
chatterbot Tango submitting transactions
chatterbot Mike submitting transactions
chatterbot Golf submitting transactions
ChatterBot Victor round 5
ChatterBot Lima round 5
ChatterBot Kilo round 5
ChatterBot Quebec round 5
ChatterBot Sierra round 5
ChatterBot Delta round 5
ChatterBot Mike round 5
ChatterBot Hotel round 5
ChatterBot Tango round 5
ChatterBot Golf round 5
2024-10-14 17:35:25.812659 Kilo: Victor, Lima, Quebec, Delta and Golf, sending you 2
2024-10-14 17:35:25.813324 Quebec: Victor, Kilo, Delta and Golf, sending you 3
2024-10-14 17:35:25.818091 Mike: Sierra, sending you 5
2024-10-14 17:35:25.818689 Quebec: Lima, sending you 2
2024-10-14 17:35:25.819392 Victor: Lima, sending you 2
2024-10-14 17:35:25.820696 Lima: Victor, Kilo, Delta, Tango and Golf, sending you 2
2024-10-14 17:35:25.821707 Mike: Hotel, sending you 6
2024-10-14 17:35:25.822663 Quebec: Tango, sending you 4
2024-10-14 17:35:25.823670 Hotel: Sierra, sending you 11
2024-10-14 17:35:25.823948 Victor: Kilo, Quebec, Delta, Tango and Golf, sending you 3
2024-10-14 17:35:25.824710 Lima: Quebec, sending you 1
2024-10-14 17:35:25.825686 Delta: Victor and Tango, sending you 3
2024-10-14 17:35:25.828688 Sierra: Mike, sending you 6
2024-10-14 17:35:25.829026 Hotel: Mike, sending you 8
2024-10-14 17:35:25.829305 Delta: Lima, Kilo and Quebec, sending you 2
2024-10-14 17:35:25.832084 Sierra: Hotel, sending you 10
2024-10-14 17:35:25.832711 Tango: Victor, Lima, Delta and Golf, sending you 3
2024-10-14 17:35:25.833981 Delta: Golf, sending you 5
2024-10-14 17:35:25.835128 Golf: Victor, Kilo, Quebec and Tango, sending you 3
2024-10-14 17:35:25.836739 Tango: Kilo, sending you 2
2024-10-14 17:35:25.839666 Tango: Quebec, sending you 4
2024-10-14 17:35:25.840696 Golf: Lima, sending you 2
2024-10-14 17:35:25.845709 Golf: Delta, sending you 4
chatterbot Kilo submitting transactions
chatterbot Sierra submitting transactions
chatterbot Quebec submitting transactions
chatterbot Mike submitting transactions
chatterbot Lima submitting transactions
chatterbot Tango submitting transactions
chatterbot Delta submitting transactions
chatterbot Victor submitting transactions
chatterbot Hotel submitting transactions
chatterbot Golf submitting transactions
ChatterBot Victor round 6
ChatterBot Lima round 6
ChatterBot Kilo round 6
ChatterBot Quebec round 6
ChatterBot Sierra round 6
ChatterBot Delta round 6
ChatterBot Mike round 6
ChatterBot Hotel round 6
ChatterBot Tango round 6
ChatterBot Golf round 6
2024-10-14 17:35:27.079671 Quebec: Victor, Kilo, Delta and Golf, sending you 3
2024-10-14 17:35:27.081660 Kilo: Victor, Lima, Quebec, Delta and Golf, sending you 2
2024-10-14 17:35:27.082363 Lima: Victor, Kilo, Delta, Tango and Golf, sending you 2
2024-10-14 17:35:27.082959 Sierra: Mike, sending you 6
2024-10-14 17:35:27.083662 Quebec: Lima, sending you 2
2024-10-14 17:35:27.086661 Quebec: Tango, sending you 4
2024-10-14 17:35:27.087666 Lima: Quebec, sending you 1
2024-10-14 17:35:27.088333 Sierra: Hotel, sending you 10
2024-10-14 17:35:27.090358 Delta: Victor, Quebec and Tango, sending you 3
2024-10-14 17:35:27.091674 Victor: Lima, sending you 2
2024-10-14 17:35:27.094698 Hotel: Sierra, sending you 10
2024-10-14 17:35:27.095071 Delta: Lima and Kilo, sending you 2
2024-10-14 17:35:27.096658 Victor: Kilo, Quebec, Delta, Tango and Golf, sending you 3
2024-10-14 17:35:27.097800 Golf: Victor, Kilo, Quebec and Tango, sending you 3
2024-10-14 17:35:27.098762 Hotel: Mike, sending you 9
2024-10-14 17:35:27.100668 Delta: Golf, sending you 4
2024-10-14 17:35:27.101875 Golf: Lima, sending you 2
2024-10-14 17:35:27.103661 Mike: Sierra, sending you 5
2024-10-14 17:35:27.104670 Tango: Victor, Lima, Delta and Golf, sending you 3
2024-10-14 17:35:27.106684 Mike: Hotel, sending you 6
2024-10-14 17:35:27.107680 Golf: Delta, sending you 4
2024-10-14 17:35:27.109768 Tango: Kilo, sending you 2
2024-10-14 17:35:27.113678 Tango: Quebec, sending you 4
chatterbot Quebec submitting transactions
chatterbot Hotel submitting transactions
chatterbot Tango submitting transactions
chatterbot Mike submitting transactions
chatterbot Lima submitting transactions
chatterbot Kilo submitting transactions
chatterbot Delta submitting transactions
chatterbot Sierra submitting transactions
chatterbot Victor submitting transactions
chatterbot Golf submitting transactions
ChatterBot Victor round 7
ChatterBot Lima round 7
ChatterBot Kilo round 7
ChatterBot Quebec round 7
ChatterBot Sierra round 7
ChatterBot Delta round 7
ChatterBot Mike round 7
ChatterBot Hotel round 7
ChatterBot Tango round 7
ChatterBot Golf round 7
2024-10-14 17:35:28.360674 Victor: Lima, sending you 2
2024-10-14 17:35:28.366670 Victor: Kilo, Quebec, Delta, Tango and Golf, sending you 3
2024-10-14 17:35:28.370017 Golf: Victor, Kilo, Quebec and Tango, sending you 3
2024-10-14 17:35:28.371666 Sierra: Mike, sending you 6
2024-10-14 17:35:28.372685 Kilo: Victor, Lima, Quebec, Delta and Golf, sending you 2
2024-10-14 17:35:28.373493 Mike: Sierra, sending you 5
2024-10-14 17:35:28.373857 Lima: Victor, Kilo, Delta, Tango and Golf, sending you 2
2024-10-14 17:35:28.374654 Delta: Victor, Quebec and Tango, sending you 3
2024-10-14 17:35:28.375640 Sierra: Hotel, sending you 10
2024-10-14 17:35:28.376170 Golf: Lima, sending you 2
2024-10-14 17:35:28.377585 Tango: Victor, Lima, Delta and Golf, sending you 3
2024-10-14 17:35:28.378601 Hotel: Sierra, sending you 10
2024-10-14 17:35:28.379062 Mike: Hotel, sending you 6
2024-10-14 17:35:28.379478 Lima: Quebec, sending you 1
2024-10-14 17:35:28.380506 Delta: Lima and Kilo, sending you 2
2024-10-14 17:35:28.381596 Quebec: Victor, Kilo, Delta and Golf, sending you 3
2024-10-14 17:35:28.382679 Tango: Kilo, sending you 2
2024-10-14 17:35:28.383722 Golf: Delta, sending you 4
2024-10-14 17:35:28.384943 Hotel: Mike, sending you 9
2024-10-14 17:35:28.385688 Delta: Golf, sending you 4
2024-10-14 17:35:28.387334 Quebec: Lima, sending you 2
2024-10-14 17:35:28.388675 Tango: Quebec, sending you 4
2024-10-14 17:35:28.391681 Quebec: Tango, sending you 4
chatterbot Victor submitting transactions
chatterbot Sierra submitting transactions
chatterbot Kilo submitting transactions
chatterbot Mike submitting transactions
chatterbot Golf submitting transactions
chatterbot Lima submitting transactions
chatterbot Quebec submitting transactions
chatterbot Tango submitting transactions
chatterbot Delta submitting transactions
chatterbot Hotel submitting transactions
ChatterBot Victor round 8
ChatterBot Lima round 8
ChatterBot Kilo round 8
ChatterBot Quebec round 8
ChatterBot Sierra round 8
2024-10-14 17:35:29.618676 Sierra: We should add Lima
2024-10-14 17:35:29.622769 Hotel: No
2024-10-14 17:35:29.622934 Mike: No
ChatterBot Sierra reevaluating
ChatterBot Sierra reevaluating
ChatterBot Delta round 8
ChatterBot Mike round 8
ChatterBot Hotel round 8
ChatterBot Tango round 8
ChatterBot Golf round 8
2024-10-14 17:35:29.658695 Lima: Victor, Kilo, Delta, Tango and Golf, sending you 2
2024-10-14 17:35:29.662715 Golf: Victor, Kilo, Quebec and Tango, sending you 3
2024-10-14 17:35:29.663675 Lima: Quebec, sending you 1
2024-10-14 17:35:29.664359 Kilo: Victor, Lima, Quebec, Delta and Golf, sending you 2
2024-10-14 17:35:29.665667 Victor: Lima, sending you 2
2024-10-14 17:35:29.666655 Tango: Victor, Lima, Delta and Golf, sending you 3
2024-10-14 17:35:29.667807 Golf: Lima, sending you 2
2024-10-14 17:35:29.670677 Victor: Kilo, Quebec, Delta, Tango and Golf, sending you 3
2024-10-14 17:35:29.671475 Quebec: Victor, Kilo, Delta and Golf, sending you 3
2024-10-14 17:35:29.672193 Mike: Sierra, sending you 5
2024-10-14 17:35:29.672874 Delta: Victor, Quebec and Tango, sending you 3
2024-10-14 17:35:29.673597 Tango: Kilo, sending you 2
2024-10-14 17:35:29.674653 Golf: Delta, sending you 4
2024-10-14 17:35:29.675346 Sierra: Mike, sending you 6
2024-10-14 17:35:29.675645 Quebec: Lima, sending you 2
2024-10-14 17:35:29.676302 Mike: Hotel, sending you 6
2024-10-14 17:35:29.676690 Hotel: Sierra, sending you 10
2024-10-14 17:35:29.677668 Delta: Lima and Kilo, sending you 2
2024-10-14 17:35:29.678445 Tango: Quebec, sending you 4
2024-10-14 17:35:29.679890 Sierra: Hotel, sending you 10
2024-10-14 17:35:29.680652 Quebec: Tango, sending you 4
2024-10-14 17:35:29.681440 Hotel: Mike, sending you 9
2024-10-14 17:35:29.681721 Delta: Golf, sending you 4
chatterbot Lima submitting transactions
chatterbot Mike submitting transactions
chatterbot Hotel submitting transactions
chatterbot Tango submitting transactions
chatterbot Kilo submitting transactions
chatterbot Golf submitting transactions
chatterbot Delta submitting transactions
chatterbot Sierra submitting transactions
chatterbot Victor submitting transactions
chatterbot Quebec submitting transactions
ChatterBot Victor round 9
ChatterBot Lima round 9
ChatterBot Kilo round 9
ChatterBot Quebec round 9
ChatterBot Sierra round 9
ChatterBot Delta round 9
ChatterBot Mike round 9
ChatterBot Hotel round 9
ChatterBot Tango round 9
ChatterBot Golf round 9
2024-10-14 17:35:30.934657 Lima: Victor, Kilo, Delta, Tango and Golf, sending you 2
2024-10-14 17:35:30.936702 Victor: Lima, sending you 2
2024-10-14 17:35:30.937705 Hotel: Sierra, sending you 10
2024-10-14 17:35:30.940683 Lima: Quebec, sending you 1
2024-10-14 17:35:30.941625 Hotel: Mike, sending you 9
2024-10-14 17:35:30.942026 Quebec: Victor, Kilo, Delta and Golf, sending you 3
2024-10-14 17:35:30.942908 Victor: Kilo, Quebec, Delta, Tango and Golf, sending you 3
2024-10-14 17:35:30.943855 Kilo: Victor, Lima, Quebec, Delta and Golf, sending you 2
2024-10-14 17:35:30.944957 Delta: Victor, Quebec and Tango, sending you 3
2024-10-14 17:35:30.945705 Quebec: Lima, sending you 2
2024-10-14 17:35:30.947180 Sierra: Mike, sending you 7
2024-10-14 17:35:30.947643 Mike: Sierra, sending you 5
2024-10-14 17:35:30.948011 Tango: Victor, Lima, Delta and Golf, sending you 3
2024-10-14 17:35:30.950656 Delta: Lima and Kilo, sending you 2
2024-10-14 17:35:30.951459 Quebec: Tango, sending you 4
2024-10-14 17:35:30.952181 Golf: Victor, Kilo, Quebec and Tango, sending you 3
2024-10-14 17:35:30.953586 Sierra: Hotel, sending you 9
2024-10-14 17:35:30.953889 Mike: Hotel, sending you 6
2024-10-14 17:35:30.954141 Tango: Kilo, sending you 2
2024-10-14 17:35:30.955665 Delta: Golf, sending you 4
2024-10-14 17:35:30.957671 Golf: Lima, sending you 2
2024-10-14 17:35:30.958589 Tango: Quebec, sending you 4
2024-10-14 17:35:30.962656 Golf: Delta, sending you 4
chatterbot Tango submitting transactions
chatterbot Victor submitting transactions
chatterbot Mike submitting transactions
chatterbot Kilo submitting transactions
chatterbot Sierra submitting transactions
chatterbot Lima submitting transactions
chatterbot Hotel submitting transactions
chatterbot Quebec submitting transactions
chatterbot Delta submitting transactions
chatterbot Golf submitting transactions
ChatterBot Victor round 10
ChatterBot Lima round 10
ChatterBot Kilo round 10
ChatterBot Quebec round 10
ChatterBot Sierra round 10
ChatterBot Delta round 10
ChatterBot Mike round 10
ChatterBot Hotel round 10
ChatterBot Tango round 10
ChatterBot Golf round 10
2024-10-14 17:35:32.049070 Sierra: We should add Lima
2024-10-14 17:35:32.054135 Hotel: No
2024-10-14 17:35:32.054381 Mike: No
ChatterBot Sierra reevaluating
ChatterBot Sierra reevaluating
2024-10-14 17:35:32.075219 Sierra: We should add Kilo
2024-10-14 17:35:32.079361 Hotel: No
2024-10-14 17:35:32.079538 Mike: No
ChatterBot Sierra reevaluating
ChatterBot Sierra reevaluating
2024-10-14 17:35:32.091658 Lima: Victor, Kilo, Delta, Tango and Golf, sending you 2
2024-10-14 17:35:32.092621 Kilo: Victor, Lima, Quebec, Delta and Golf, sending you 2
2024-10-14 17:35:32.093466 Victor: Lima, sending you 2
2024-10-14 17:35:32.095017 Quebec: Victor, Kilo, Delta and Golf, sending you 3
2024-10-14 17:35:32.096674 Lima: Quebec, sending you 1
2024-10-14 17:35:32.098680 Delta: Victor, Kilo, Quebec and Tango, sending you 3
2024-10-14 17:35:32.100644 Victor: Kilo, Quebec, Delta, Tango and Golf, sending you 3
2024-10-14 17:35:32.101533 Quebec: Lima, sending you 2
2024-10-14 17:35:32.103679 Delta: Lima, sending you 1
2024-10-14 17:35:32.105675 Quebec: Tango, sending you 4
2024-10-14 17:35:32.106707 Golf: Victor, Kilo, Quebec and Tango, sending you 3
2024-10-14 17:35:32.108692 Tango: Victor, Lima, Delta and Golf, sending you 3
2024-10-14 17:35:32.110299 Delta: Golf, sending you 4
2024-10-14 17:35:32.111354 Hotel: Sierra, sending you 10
2024-10-14 17:35:32.111841 Mike: Sierra, sending you 5
2024-10-14 17:35:32.112190 Golf: Lima, sending you 2
2024-10-14 17:35:32.113309 Sierra: Mike, sending you 7
2024-10-14 17:35:32.114055 Tango: Kilo, sending you 2
2024-10-14 17:35:32.115153 Hotel: Mike, sending you 9
2024-10-14 17:35:32.115685 Mike: Hotel, sending you 6
2024-10-14 17:35:32.116674 Golf: Delta, sending you 4
2024-10-14 17:35:32.118188 Sierra: Hotel, sending you 9
2024-10-14 17:35:32.119042 Tango: Quebec, sending you 4
chatterbot Victor submitting transactions
chatterbot Tango submitting transactions
chatterbot Hotel submitting transactions
chatterbot Mike submitting transactions
chatterbot Lima submitting transactions
chatterbot Delta submitting transactions
chatterbot Quebec submitting transactions
chatterbot Kilo submitting transactions
chatterbot Sierra submitting transactions
chatterbot Golf submitting transactions
ChatterBot Victor round 11
ChatterBot Lima round 11
ChatterBot Kilo round 11
ChatterBot Quebec round 11
ChatterBot Sierra round 11
ChatterBot Delta round 11
ChatterBot Mike round 11
ChatterBot Hotel round 11
ChatterBot Tango round 11
ChatterBot Golf round 11
2024-10-14 17:35:33.341688 Lima: Victor, Kilo, Delta, Tango and Golf, sending you 2
2024-10-14 17:35:33.345668 Lima: Quebec, sending you 1
2024-10-14 17:35:33.348666 Quebec: Victor, Kilo, Delta and Golf, sending you 3
2024-10-14 17:35:33.349547 Sierra: Mike, sending you 7
2024-10-14 17:35:33.350628 Kilo: Victor, Lima, Quebec, Delta and Golf, sending you 2
2024-10-14 17:35:33.353682 Quebec: Lima, sending you 2
2024-10-14 17:35:33.355731 Sierra: Hotel, sending you 9
2024-10-14 17:35:33.356671 Golf: Victor, Kilo, Quebec and Tango, sending you 3
2024-10-14 17:35:33.357678 Victor: Lima, sending you 2
2024-10-14 17:35:33.359720 Quebec: Tango, sending you 4
2024-10-14 17:35:33.361112 Mike: Sierra, sending you 5
2024-10-14 17:35:33.361579 Delta: Victor, Kilo, Quebec and Tango, sending you 3
2024-10-14 17:35:33.363102 Golf: Lima, sending you 2
2024-10-14 17:35:33.365114 Hotel: Sierra, sending you 10
2024-10-14 17:35:33.365553 Victor: Kilo, Quebec, Delta, Tango and Golf, sending you 3
2024-10-14 17:35:33.367097 Mike: Hotel, sending you 6
2024-10-14 17:35:33.367529 Delta: Lima, sending you 1
2024-10-14 17:35:33.369464 Golf: Delta, sending you 4
2024-10-14 17:35:33.370800 Tango: Victor, Lima, Delta and Golf, sending you 3
2024-10-14 17:35:33.371655 Hotel: Mike, sending you 9
2024-10-14 17:35:33.373675 Delta: Golf, sending you 4
2024-10-14 17:35:33.374655 Tango: Kilo, sending you 2
2024-10-14 17:35:33.378675 Tango: Quebec, sending you 4
chatterbot Victor submitting transactions
chatterbot Golf submitting transactions
chatterbot Delta submitting transactions
chatterbot Lima submitting transactions
chatterbot Sierra submitting transactions
chatterbot Kilo submitting transactions
chatterbot Tango submitting transactions
chatterbot Quebec submitting transactions
chatterbot Hotel submitting transactions
chatterbot Mike submitting transactions
ChatterBot Victor round 12
ChatterBot Lima round 12
ChatterBot Kilo round 12
ChatterBot Quebec round 12
ChatterBot Sierra round 12
ChatterBot Delta round 12
ChatterBot Mike round 12
ChatterBot Hotel round 12
ChatterBot Tango round 12
ChatterBot Golf round 12
2024-10-14 17:35:34.546651 Victor: Lima, sending you 2
2024-10-14 17:35:34.547901 Tango: We should drop Kilo
2024-10-14 17:35:34.556711 Victor: No
2024-10-14 17:35:34.556869 Lima: No
2024-10-14 17:35:34.556979 Delta: No
2024-10-14 17:35:34.557086 Golf: No
2024-10-14 17:35:34.557187 Quebec: No
ChatterBot Tango reevaluating
ChatterBot Tango reevaluating
ChatterBot Tango reevaluating
ChatterBot Tango reevaluating
ChatterBot Tango reevaluating
2024-10-14 17:35:34.612387 Victor: Kilo, Quebec, Delta, Tango and Golf, sending you 3
2024-10-14 17:35:34.614649 Delta: Victor, Kilo, Quebec and Tango, sending you 3
2024-10-14 17:35:34.616186 Kilo: Victor, Lima, Quebec, Delta and Golf, sending you 2
2024-10-14 17:35:34.617200 Quebec: Victor, Kilo, Delta and Golf, sending you 3
2024-10-14 17:35:34.618116 Mike: Sierra, sending you 5
2024-10-14 17:35:34.618963 Hotel: Sierra, sending you 10
2024-10-14 17:35:34.619280 Sierra: Mike, sending you 7
2024-10-14 17:35:34.619562 Lima: Victor, Kilo, Quebec, Tango and Golf, sending you 2
2024-10-14 17:35:34.620453 Delta: Lima, sending you 1
2024-10-14 17:35:34.622029 Hotel: Mike, sending you 9
2024-10-14 17:35:34.622668 Quebec: Lima, sending you 2
2024-10-14 17:35:34.624165 Mike: Hotel, sending you 6
2024-10-14 17:35:34.625204 Sierra: Hotel, sending you 9
2024-10-14 17:35:34.625749 Lima: Delta, sending you 1
2024-10-14 17:35:34.627407 Golf: Victor, Kilo, Quebec and Tango, sending you 3
2024-10-14 17:35:34.629449 Delta: Golf, sending you 4
2024-10-14 17:35:34.630982 Quebec: Tango, sending you 4
2024-10-14 17:35:34.633668 Golf: Lima, sending you 2
2024-10-14 17:35:34.638688 Golf: Delta, sending you 4
2024-10-14 17:35:34.640670 Tango: Victor, Lima, Delta and Golf, sending you 3
2024-10-14 17:35:34.646752 Tango: Kilo, sending you 2
2024-10-14 17:35:34.651686 Tango: Quebec, sending you 4
chatterbot Sierra submitting transactions
chatterbot Delta submitting transactions
chatterbot Kilo submitting transactions
chatterbot Mike submitting transactions
chatterbot Tango submitting transactions
chatterbot Victor submitting transactions
chatterbot Hotel submitting transactions
chatterbot Lima submitting transactions
chatterbot Golf submitting transactions
chatterbot Quebec submitting transactions
ChatterBot Victor round 13
ChatterBot Lima round 13
ChatterBot Kilo round 13
ChatterBot Quebec round 13
ChatterBot Sierra round 13
ChatterBot Delta round 13
ChatterBot Mike round 13
ChatterBot Hotel round 13
ChatterBot Tango round 13
ChatterBot Golf round 13
2024-10-14 17:35:35.846295 Sierra: We should add Tango
2024-10-14 17:35:35.853698 Hotel: No
2024-10-14 17:35:35.853919 Mike: No
ChatterBot Sierra reevaluating
ChatterBot Sierra reevaluating
2024-10-14 17:35:35.883671 Victor: Lima, sending you 2
2024-10-14 17:35:35.885843 Hotel: Sierra, sending you 10
2024-10-14 17:35:35.886248 Lima: Victor, Kilo, Quebec, Tango and Golf, sending you 2
2024-10-14 17:35:35.888395 Kilo: Victor, Lima, Quebec, Delta and Golf, sending you 2
2024-10-14 17:35:35.890087 Golf: Victor, Kilo, Quebec and Tango, sending you 3
2024-10-14 17:35:35.892149 Hotel: Mike, sending you 9
2024-10-14 17:35:35.892527 Victor: Kilo, Quebec, Delta, Tango and Golf, sending you 3
2024-10-14 17:35:35.894487 Lima: Delta, sending you 1
2024-10-14 17:35:35.896484 Quebec: Victor, Kilo, Delta and Golf, sending you 3
2024-10-14 17:35:35.898452 Golf: Lima, sending you 2
2024-10-14 17:35:35.900932 Tango: Victor, Lima, Delta and Golf, sending you 3
2024-10-14 17:35:35.903123 Mike: Sierra, sending you 5
2024-10-14 17:35:35.903611 Sierra: Mike, sending you 7
2024-10-14 17:35:35.904123 Quebec: Lima, sending you 2
2024-10-14 17:35:35.906713 Golf: Delta, sending you 4
2024-10-14 17:35:35.908351 Mike: Hotel, sending you 6
2024-10-14 17:35:35.909473 Tango: Kilo, sending you 2
2024-10-14 17:35:35.911474 Delta: Victor, Kilo, Quebec and Tango, sending you 3
2024-10-14 17:35:35.913722 Sierra: Hotel, sending you 9
2024-10-14 17:35:35.914454 Quebec: Tango, sending you 4
2024-10-14 17:35:35.916853 Tango: Quebec, sending you 4
2024-10-14 17:35:35.918870 Delta: Lima, sending you 1
2024-10-14 17:35:35.923687 Delta: Golf, sending you 4
chatterbot Tango submitting transactions
chatterbot Delta submitting transactions
chatterbot Lima submitting transactions
chatterbot Sierra submitting transactions
chatterbot Kilo submitting transactions
chatterbot Mike submitting transactions
chatterbot Hotel submitting transactions
chatterbot Quebec submitting transactions
chatterbot Golf submitting transactions
chatterbot Victor submitting transactions
ChatterBot Victor round 14
ChatterBot Lima round 14
ChatterBot Kilo round 14
ChatterBot Quebec round 14
ChatterBot Sierra round 14
ChatterBot Delta round 14
ChatterBot Mike round 14
ChatterBot Hotel round 14
ChatterBot Tango round 14
ChatterBot Golf round 14
2024-10-14 17:35:37.143691 Lima: Victor, Kilo, Quebec, Tango and Golf, sending you 2
2024-10-14 17:35:37.146104 Sierra: Mike, sending you 7
2024-10-14 17:35:37.148895 Sierra: Hotel, sending you 9
2024-10-14 17:35:37.149675 Lima: Delta, sending you 1
2024-10-14 17:35:37.152668 Kilo: Victor, Lima, Quebec, Delta and Golf, sending you 2
2024-10-14 17:35:37.153751 Mike: Sierra, sending you 5
2024-10-14 17:35:37.158686 Mike: Hotel, sending you 6
2024-10-14 17:35:37.159198 Tango: Victor, Lima, Delta and Golf, sending you 3
2024-10-14 17:35:37.161193 Golf: Victor, Kilo, Quebec and Tango, sending you 3
2024-10-14 17:35:37.163115 Delta: Victor, Kilo, Quebec and Tango, sending you 3
2024-10-14 17:35:37.164250 Victor: Lima, sending you 2
2024-10-14 17:35:37.165965 Tango: Kilo, sending you 2
2024-10-14 17:35:37.167506 Delta: Lima, sending you 1
2024-10-14 17:35:37.169645 Golf: Lima, sending you 2
2024-10-14 17:35:37.170697 Quebec: Victor, Kilo, Delta and Golf, sending you 3
2024-10-14 17:35:37.172328 Victor: Kilo, Quebec, Delta, Tango and Golf, sending you 3
2024-10-14 17:35:37.173397 Tango: Quebec, sending you 4
2024-10-14 17:35:37.174912 Delta: Golf, sending you 4
2024-10-14 17:35:37.176025 Hotel: Sierra, sending you 10
2024-10-14 17:35:37.176422 Quebec: Lima, sending you 2
2024-10-14 17:35:37.178173 Golf: Delta, sending you 4
2024-10-14 17:35:37.179659 Hotel: Mike, sending you 9
2024-10-14 17:35:37.181665 Quebec: Tango, sending you 4
chatterbot Victor submitting transactions
chatterbot Sierra submitting transactions
chatterbot Tango submitting transactions
chatterbot Quebec submitting transactions
chatterbot Mike submitting transactions
chatterbot Hotel submitting transactions
chatterbot Golf submitting transactions
chatterbot Delta submitting transactions
chatterbot Kilo submitting transactions
chatterbot Lima submitting transactions
ChatterBot Victor round 15
ChatterBot Lima round 15
ChatterBot Kilo round 15
ChatterBot Quebec round 15
ChatterBot Sierra round 15
ChatterBot Delta round 15
ChatterBot Mike round 15
ChatterBot Hotel round 15
ChatterBot Tango round 15
ChatterBot Golf round 15
2024-10-14 17:35:38.147671 Kilo: Victor, Lima, Quebec, Delta and Golf, sending you 2
2024-10-14 17:35:38.156669 Lima: Victor, Kilo, Quebec, Tango and Golf, sending you 2
2024-10-14 17:35:38.159679 Delta: Victor, Kilo, Quebec and Tango, sending you 3
2024-10-14 17:35:38.160875 Victor: Lima, sending you 2
2024-10-14 17:35:38.162732 Lima: Delta, sending you 1
2024-10-14 17:35:38.163856 Quebec: Sending you each 3
2024-10-14 17:35:38.164952 Delta: Lima, sending you 1
2024-10-14 17:35:38.167275 Golf: Victor, Kilo, Quebec and Tango, sending you 3
2024-10-14 17:35:38.170321 Victor: Kilo, Quebec, Delta, Tango and Golf, sending you 3
2024-10-14 17:35:38.172051 Mike: Sierra, sending you 5
2024-10-14 17:35:38.172829 Hotel: Sierra, sending you 10
2024-10-14 17:35:38.173654 Sierra: Mike, sending you 7
2024-10-14 17:35:38.174183 Delta: Golf, sending you 4
2024-10-14 17:35:38.177129 Golf: Lima, sending you 2
2024-10-14 17:35:38.179569 Mike: Hotel, sending you 6
2024-10-14 17:35:38.181366 Hotel: Mike, sending you 9
2024-10-14 17:35:38.182004 Sierra: Hotel, sending you 9
2024-10-14 17:35:38.182674 Tango: Victor, Lima, Delta and Golf, sending you 3
2024-10-14 17:35:38.185397 Golf: Delta, sending you 4
2024-10-14 17:35:38.187692 Tango: Kilo, sending you 2
2024-10-14 17:35:38.196308 Tango: Quebec, sending you 4
chatterbot Tango submitting transactions
chatterbot Sierra submitting transactions
chatterbot Victor submitting transactions
chatterbot Delta submitting transactions
chatterbot Kilo submitting transactions
chatterbot Mike submitting transactions
chatterbot Quebec submitting transactions
chatterbot Lima submitting transactions
chatterbot Hotel submitting transactions
chatterbot Golf submitting transactions
ChatterBot Victor round 16
ChatterBot Lima round 16
ChatterBot Kilo round 16
ChatterBot Quebec round 16
