ChatterBot Foxtrot round 1
ChatterBot Mike round 1
ChatterBot November round 1
ChatterBot Yankee round 1
ChatterBot Bravo round 1
ChatterBot Victor round 1
ChatterBot Tango round 1
ChatterBot Golf round 1
ChatterBot Juliett round 1
ChatterBot Zulu round 1
randomSelections Foxtrot: {Foxtrot, Juliett, November, Bravo, Golf, Zulu} 
2024-10-14 17:35:18.905407 Foxtrot: Can we be friends?
ChatterBot Juliett reevaluating
ChatterBot November reevaluating
ChatterBot Bravo reevaluating
ChatterBot Golf reevaluating
ChatterBot Zulu reevaluating
2024-10-14 17:35:19.005450 Juliett: Yes
2024-10-14 17:35:19.006740 November: Yes
2024-10-14 17:35:19.007 Bravo: Yes
2024-10-14 17:35:19.007460 Golf: Yes
2024-10-14 17:35:19.008041 Zulu: Yes
ChatterBot November reevaluating
ChatterBot Bravo reevaluating
ChatterBot Golf reevaluating
ChatterBot Zulu reevaluating
ChatterBot Juliett reevaluating
ChatterBot Bravo reevaluating
ChatterBot Golf reevaluating
ChatterBot Zulu reevaluating
ChatterBot Juliett reevaluating
ChatterBot November reevaluating
ChatterBot Golf reevaluating
ChatterBot Zulu reevaluating
ChatterBot Juliett reevaluating
ChatterBot November reevaluating
ChatterBot Bravo reevaluating
ChatterBot Zulu reevaluating
ChatterBot Juliett reevaluating
ChatterBot November reevaluating
ChatterBot Bravo reevaluating
ChatterBot Golf reevaluating
randomSelections Yankee: {Yankee, Foxtrot, November, Juliett} 
2024-10-14 17:35:19.126735 Yankee: We would work well together
ChatterBot November reevaluating
ChatterBot Juliett reevaluating
2024-10-14 17:35:19.134816 Foxtrot: No
2024-10-14 17:35:19.135748 November: No
2024-10-14 17:35:19.136070 Juliett: No
ChatterBot November reevaluating
ChatterBot Juliett reevaluating
ChatterBot Juliett reevaluating
ChatterBot November reevaluating
randomSelections Victor: {Victor, Zulu, Golf, November} 
2024-10-14 17:35:19.158698 Victor: We should group up
ChatterBot Zulu reevaluating
ChatterBot Golf reevaluating
ChatterBot November reevaluating
2024-10-14 17:35:19.166461 Zulu: No
2024-10-14 17:35:19.166657 Golf: No
2024-10-14 17:35:19.167364 November: No
ChatterBot Golf reevaluating
ChatterBot November reevaluating
ChatterBot Zulu reevaluating
ChatterBot November reevaluating
ChatterBot Zulu reevaluating
ChatterBot Golf reevaluating
randomSelections Mike: {Mike, Tango, Victor, Juliett, Yankee, Bravo, Golf} 
2024-10-14 17:35:19.190955 Mike: Group up?
ChatterBot Tango reevaluating
ChatterBot Juliett reevaluating
ChatterBot Bravo reevaluating
ChatterBot Golf reevaluating
2024-10-14 17:35:19.205147 Tango: Yes
2024-10-14 17:35:19.205281 Victor: No
2024-10-14 17:35:19.205393 Juliett: No
2024-10-14 17:35:19.205516 Yankee: No
2024-10-14 17:35:19.205659 Bravo: No
2024-10-14 17:35:19.205784 Golf: No
ChatterBot Juliett reevaluating
ChatterBot Bravo reevaluating
ChatterBot Golf reevaluating
ChatterBot Tango reevaluating
ChatterBot Juliett reevaluating
ChatterBot Bravo reevaluating
ChatterBot Golf reevaluating
ChatterBot Tango reevaluating
ChatterBot Bravo reevaluating
ChatterBot Golf reevaluating
ChatterBot Tango reevaluating
ChatterBot Juliett reevaluating
ChatterBot Bravo reevaluating
ChatterBot Golf reevaluating
ChatterBot Tango reevaluating
ChatterBot Juliett reevaluating
ChatterBot Golf reevaluating
ChatterBot Tango reevaluating
ChatterBot Juliett reevaluating
ChatterBot Bravo reevaluating
2024-10-14 17:35:19.351488 Mike: Yankee and Tango, sending you 4
2024-10-14 17:35:19.352750 Victor: November, sending you 6
2024-10-14 17:35:19.354104 Foxtrot: Bravo and Golf, sending you 3
2024-10-14 17:35:19.357798 Mike: Bravo, Victor and Juliett, sending you 2
2024-10-14 17:35:19.359077 Victor: Golf, sending you 2
2024-10-14 17:35:19.360122 Tango: Mike and Juliett, sending you 2
2024-10-14 17:35:19.361127 Juliett: Foxtrot, sending you 3
2024-10-14 17:35:19.362473 Bravo: Foxtrot, sending you 1
2024-10-14 17:35:19.364033 Foxtrot: Zulu, sending you 4
2024-10-14 17:35:19.365251 Yankee: Foxtrot, sending you 8
2024-10-14 17:35:19.365894 Mike: Golf, sending you 1
2024-10-14 17:35:19.367055 Victor: Zulu, sending you 9
2024-10-14 17:35:19.367540 November: Foxtrot, sending you 1
2024-10-14 17:35:19.367989 Tango: Yankee, Victor and Golf, sending you 4
2024-10-14 17:35:19.369545 Juliett: November and Golf, sending you 2
2024-10-14 17:35:19.371121 Bravo: November and Golf, sending you 4
2024-10-14 17:35:19.372258 Golf: Foxtrot, sending you 4
2024-10-14 17:35:19.373787 Yankee: November, sending you 3
2024-10-14 17:35:19.375420 November: Bravo and Zulu, sending you 3
2024-10-14 17:35:19.376323 Juliett: Bravo, sending you 4
2024-10-14 17:35:19.377564 Bravo: Juliett, sending you 2
2024-10-14 17:35:19.378044 Golf: November, sending you 5
2024-10-14 17:35:19.378997 Yankee: Juliett, sending you 6
2024-10-14 17:35:19.379375 November: Golf, sending you 6
2024-10-14 17:35:19.385173 Golf: Bravo, Juliett and Zulu, sending you 1
2024-10-14 17:35:19.386260 November: Juliett, sending you 4
chatterbot Foxtrot submitting transactions
chatterbot Bravo submitting transactions
chatterbot Victor submitting transactions
chatterbot Yankee submitting transactions
chatterbot Golf submitting transactions
chatterbot November submitting transactions
chatterbot Mike submitting transactions
chatterbot Zulu submitting transactions
chatterbot Juliett submitting transactions
chatterbot Tango submitting transactions
ChatterBot Foxtrot round 2
ChatterBot Mike round 2
ChatterBot November round 2
ChatterBot Yankee round 2
ChatterBot Bravo round 2
2024-10-14 17:35:20.535232 Foxtrot: We should replace Zulu with Yankee
ChatterBot November reevaluating
ChatterBot Bravo reevaluating
ChatterBot Golf reevaluating
ChatterBot Juliett reevaluating
2024-10-14 17:35:20.579932 November: Yes
2024-10-14 17:35:20.580142 Bravo: Yes
2024-10-14 17:35:20.580309 Golf: No
2024-10-14 17:35:20.580429 Juliett: No
ChatterBot Bravo reevaluating
ChatterBot Golf reevaluating
ChatterBot Juliett reevaluating
ChatterBot November reevaluating
ChatterBot Golf reevaluating
ChatterBot Juliett reevaluating
ChatterBot November reevaluating
ChatterBot Bravo reevaluating
ChatterBot Juliett reevaluating
ChatterBot November reevaluating
ChatterBot Bravo reevaluating
ChatterBot Golf reevaluating
2024-10-14 17:35:20.689280 Bravo: Friends?
ChatterBot November reevaluating
ChatterBot Yankee reevaluating
ChatterBot Mike reevaluating
ChatterBot Golf reevaluating
ChatterBot Juliett reevaluating
ChatterBot Tango reevaluating
2024-10-14 17:35:20.783798 Foxtrot: No
2024-10-14 17:35:20.784041 November: No
2024-10-14 17:35:20.784183 Yankee: Yes
2024-10-14 17:35:20.784353 Mike: Yes
2024-10-14 17:35:20.784510 Golf: No
2024-10-14 17:35:20.784647 Juliett: No
2024-10-14 17:35:20.784772 Tango: No
ChatterBot Bravo reevaluating
ChatterBot November reevaluating
ChatterBot Yankee reevaluating
ChatterBot Golf reevaluating
ChatterBot Juliett reevaluating
ChatterBot Mike reevaluating
ChatterBot Tango reevaluating
ChatterBot Bravo reevaluating
ChatterBot Yankee reevaluating
ChatterBot Golf reevaluating
ChatterBot Juliett reevaluating
ChatterBot Mike reevaluating
ChatterBot Tango reevaluating
ChatterBot Bravo reevaluating
ChatterBot November reevaluating
ChatterBot Golf reevaluating
ChatterBot Juliett reevaluating
ChatterBot Mike reevaluating
ChatterBot Tango reevaluating
ChatterBot Bravo reevaluating
ChatterBot November reevaluating
ChatterBot Yankee reevaluating
ChatterBot Golf reevaluating
ChatterBot Juliett reevaluating
ChatterBot Tango reevaluating
ChatterBot Bravo reevaluating
ChatterBot November reevaluating
ChatterBot Yankee reevaluating
ChatterBot Juliett reevaluating
ChatterBot Mike reevaluating
ChatterBot Tango reevaluating
ChatterBot Bravo reevaluating
ChatterBot November reevaluating
ChatterBot Yankee reevaluating
ChatterBot Golf reevaluating
ChatterBot Mike reevaluating
ChatterBot Tango reevaluating
ChatterBot Bravo reevaluating
ChatterBot November reevaluating
ChatterBot Yankee reevaluating
ChatterBot Golf reevaluating
ChatterBot Juliett reevaluating
ChatterBot Mike reevaluating
ChatterBot Victor round 2
ChatterBot Tango round 2
ChatterBot Golf round 2
ChatterBot Juliett round 2
ChatterBot Zulu round 2
2024-10-14 17:35:21.171893 Foxtrot: Yankee we want you to join our group
ChatterBot Yankee reevaluating
2024-10-14 17:35:21.176318 Yankee: Yes
ChatterBot November reevaluating
ChatterBot Bravo reevaluating
ChatterBot Golf reevaluating
ChatterBot Juliett reevaluating
2024-10-14 17:35:21.196704 Golf: Friends?
ChatterBot Bravo reevaluating
ChatterBot November reevaluating
ChatterBot Yankee reevaluating
ChatterBot Juliett reevaluating
ChatterBot Mike reevaluating
ChatterBot Tango reevaluating
2024-10-14 17:35:21.225648 Bravo: No
2024-10-14 17:35:21.225831 Foxtrot: No
2024-10-14 17:35:21.225945 November: No
2024-10-14 17:35:21.226078 Yankee: Yes
2024-10-14 17:35:21.226215 Juliett: No
2024-10-14 17:35:21.226341 Mike: Yes
2024-10-14 17:35:21.226450 Tango: Yes
ChatterBot November reevaluating
ChatterBot Yankee reevaluating
ChatterBot Golf reevaluating
ChatterBot Juliett reevaluating
ChatterBot Mike reevaluating
ChatterBot Tango reevaluating
ChatterBot Bravo reevaluating
ChatterBot November reevaluating
ChatterBot Yankee reevaluating
ChatterBot Golf reevaluating
ChatterBot Juliett reevaluating
ChatterBot Mike reevaluating
ChatterBot Tango reevaluating
ChatterBot Bravo reevaluating
ChatterBot Yankee reevaluating
ChatterBot Golf reevaluating
ChatterBot Juliett reevaluating
ChatterBot Mike reevaluating
ChatterBot Tango reevaluating
ChatterBot Bravo reevaluating
ChatterBot November reevaluating
ChatterBot Golf reevaluating
ChatterBot Juliett reevaluating
ChatterBot Mike reevaluating
ChatterBot Tango reevaluating
ChatterBot Bravo reevaluating
ChatterBot November reevaluating
ChatterBot Yankee reevaluating
ChatterBot Golf reevaluating
ChatterBot Mike reevaluating
ChatterBot Tango reevaluating
ChatterBot Bravo reevaluating
ChatterBot November reevaluating
ChatterBot Yankee reevaluating
ChatterBot Golf reevaluating
ChatterBot Juliett reevaluating
ChatterBot Tango reevaluating
ChatterBot Bravo reevaluating
ChatterBot November reevaluating
ChatterBot Yankee reevaluating
ChatterBot Golf reevaluating
ChatterBot Juliett reevaluating
ChatterBot Mike reevaluating
2024-10-14 17:35:21.437249 Victor: Let's form a team
2024-10-14 17:35:21.444907 Mike: No
2024-10-14 17:35:21.445105 Tango: No
2024-10-14 17:35:21.475685 Zulu: We should add Victor and Yankee
ChatterBot November reevaluating
ChatterBot Bravo reevaluating
2024-10-14 17:35:21.494280 Foxtrot: No
2024-10-14 17:35:21.494855 Juliett: No
2024-10-14 17:35:21.494973 November: No
2024-10-14 17:35:21.495106 Bravo: No
2024-10-14 17:35:21.495208 Golf: No
ChatterBot November reevaluating
ChatterBot Bravo reevaluating
ChatterBot Foxtrot reevaluating
ChatterBot November reevaluating
ChatterBot Bravo reevaluating
ChatterBot Foxtrot reevaluating
ChatterBot Bravo reevaluating
ChatterBot Zulu reevaluating
ChatterBot Foxtrot reevaluating
ChatterBot November reevaluating
ChatterBot Zulu reevaluating
ChatterBot Foxtrot reevaluating
ChatterBot November reevaluating
ChatterBot Bravo reevaluating
ChatterBot Zulu reevaluating
chatterbot Foxtrot submitting transactions
2024-10-14 17:35:21.861784 Juliett: We should drop Zulu
ChatterBot Foxtrot reevaluating
ChatterBot Bravo reevaluating
2024-10-14 17:35:21.877338 Foxtrot: Yes
2024-10-14 17:35:21.877531 November: Yes
2024-10-14 17:35:21.877663 Bravo: Yes
2024-10-14 17:35:21.877769 Golf: Yes
ChatterBot Bravo reevaluating
ChatterBot Foxtrot reevaluating
ChatterBot Bravo reevaluating
ChatterBot Foxtrot reevaluating
ChatterBot Foxtrot reevaluating
ChatterBot Bravo reevaluating
2024-10-14 17:35:21.936807 Zulu: Victor and Yankee we want you to join our group
2024-10-14 17:35:21.944235 Victor: No
2024-10-14 17:35:21.944427 Yankee: No
ChatterBot Zulu reevaluating
ChatterBot Foxtrot reevaluating
ChatterBot Bravo reevaluating
ChatterBot Zulu reevaluating
ChatterBot Foxtrot reevaluating
ChatterBot Bravo reevaluating
2024-10-14 17:35:21.994437 Mike: Foxtrot, November, Yankee, Bravo, Golf and Juliett, sending you 1
2024-10-14 17:35:22.017564 Victor: Mike, sending you 6
2024-10-14 17:35:22.017855 November: Yankee, sending you 4
2024-10-14 17:35:22.018786 Yankee: Mike, sending you 9
2024-10-14 17:35:22.019108 Golf: Foxtrot, Bravo and Tango, sending you 2
2024-10-14 17:35:22.019429 Tango: Foxtrot and November, sending you 2
2024-10-14 17:35:22.019761 Mike: Tango, sending you 9
2024-10-14 17:35:22.060246 November: Bravo, sending you 5
2024-10-14 17:35:22.060990 Victor: Tango, sending you 11
2024-10-14 17:35:22.061194 Yankee: Tango, sending you 8
2024-10-14 17:35:22.061517 Golf: Mike, Yankee and Juliett, sending you 1
2024-10-14 17:35:22.062274 Tango: Mike, sending you 9
2024-10-14 17:35:22.062571 Juliett: November, sending you 6
2024-10-14 17:35:22.093829 November: Golf, sending you 6
2024-10-14 17:35:22.094259 Golf: November, sending you 3
2024-10-14 17:35:22.094609 Tango: Yankee, Bravo, Golf and Juliett, sending you 1
2024-10-14 17:35:22.095364 Bravo: Foxtrot, Mike, November and Juliett, sending you 2
2024-10-14 17:35:22.095733 Juliett: Bravo, sending you 3
2024-10-14 17:35:22.096006 Foxtrot: Mike, November and Bravo, sending you 1
2024-10-14 17:35:22.096330 Zulu: Mike, sending you 3
2024-10-14 17:35:22.108856 November: Juliett, sending you 2
2024-10-14 17:35:22.109849 Bravo: Yankee, Tango and Golf, sending you 1
2024-10-14 17:35:22.110419 Juliett: Golf, sending you 2
2024-10-14 17:35:22.110793 Zulu: Victor, sending you 11
2024-10-14 17:35:22.111415 Foxtrot: Yankee, sending you 3
2024-10-14 17:35:22.128908 Zulu: Tango, sending you 2
2024-10-14 17:35:22.129243 Foxtrot: Golf and Juliett, sending you 2
chatterbot Golf submitting transactions
chatterbot Mike submitting transactions
chatterbot Zulu submitting transactions
chatterbot Bravo submitting transactions
chatterbot Tango submitting transactions
chatterbot Juliett submitting transactions
chatterbot November submitting transactions
chatterbot Yankee submitting transactions
chatterbot Victor submitting transactions
ChatterBot Foxtrot round 3
ChatterBot Mike round 3
ChatterBot November round 3
ChatterBot Yankee round 3
ChatterBot Bravo round 3
ChatterBot Victor round 3
ChatterBot Tango round 3
ChatterBot Golf round 3
ChatterBot Juliett round 3
ChatterBot Zulu round 3
2024-10-14 17:35:23.033440 Tango: Can we be friends?
ChatterBot Victor reevaluating
ChatterBot Zulu reevaluating
2024-10-14 17:35:23.051771 Mike: No
2024-10-14 17:35:23.052309 Yankee: No
2024-10-14 17:35:23.052475 Victor: Yes
2024-10-14 17:35:23.052633 Zulu: No
ChatterBot Victor reevaluating
ChatterBot Zulu reevaluating
ChatterBot Victor reevaluating
ChatterBot Zulu reevaluating
ChatterBot Yankee reevaluating
ChatterBot Zulu reevaluating
ChatterBot Yankee reevaluating
ChatterBot Victor reevaluating
2024-10-14 17:35:23.108735 Victor: We should add Yankee and Zulu
2024-10-14 17:35:23.109018 Zulu: We should add Yankee and Foxtrot
ChatterBot Victor reevaluating
2024-10-14 17:35:23.116609 Mike: No
ChatterBot Mike reevaluating
2024-10-14 17:35:23.119518 Tango: Yes
2024-10-14 17:35:23.121724 Victor: No
2024-10-14 17:35:23.121894 Mike: No
2024-10-14 17:35:23.121990 Tango: No
ChatterBot Victor reevaluating
ChatterBot Zulu reevaluating
ChatterBot Victor reevaluating
ChatterBot Mike reevaluating
ChatterBot Zulu reevaluating
ChatterBot Mike reevaluating
ChatterBot Zulu reevaluating
ChatterBot Victor reevaluating
ChatterBot Victor reevaluating
ChatterBot Mike reevaluating
chatterbot Foxtrot submitting transactions
2024-10-14 17:35:23.173378 November: Foxtrot, Mike, Yankee and Tango, sending you 1
2024-10-14 17:35:23.173976 Victor: Yankee and Zulu we want you to join our group
ChatterBot Yankee reevaluating
ChatterBot Zulu reevaluating
2024-10-14 17:35:23.181263 Yankee: Yes
2024-10-14 17:35:23.181418 Zulu: Yes
ChatterBot Mike reevaluating
ChatterBot Zulu reevaluating
ChatterBot Mike reevaluating
ChatterBot Yankee reevaluating
2024-10-14 17:35:23.208876 Juliett: We should drop Foxtrot
2024-10-14 17:35:23.220861 November: No
2024-10-14 17:35:23.221068 Bravo: No
2024-10-14 17:35:23.221228 Golf: No
ChatterBot Juliett reevaluating
ChatterBot Juliett reevaluating
ChatterBot Juliett reevaluating
2024-10-14 17:35:23.247839 November: Bravo, sending you 3
2024-10-14 17:35:23.248350 Tango: Mike and Victor, sending you 5
2024-10-14 17:35:23.248721 Zulu: Yankee and Foxtrot we want you to join our group
ChatterBot Yankee reevaluating
2024-10-14 17:35:23.254688 Yankee: No
2024-10-14 17:35:23.254859 Foxtrot: No
ChatterBot Mike reevaluating
ChatterBot Mike reevaluating
ChatterBot Yankee reevaluating
2024-10-14 17:35:23.293273 November: Golf and Juliett, sending you 5
2024-10-14 17:35:23.294121 Foxtrot: Mike, November, Bravo, Tango and Juliett, sending you 1
2024-10-14 17:35:23.294585 Bravo: Foxtrot and Golf, sending you 2
2024-10-14 17:35:23.294845 Golf: Foxtrot, Bravo, Tango and Juliett, sending you 2
2024-10-14 17:35:23.295280 Tango: Yankee, sending you 4
2024-10-14 17:35:23.298714 Foxtrot: Yankee, sending you 3
2024-10-14 17:35:23.299340 Tango: Zulu, sending you 3
2024-10-14 17:35:23.299712 Bravo: November, sending you 4
2024-10-14 17:35:23.300060 Golf: Mike, sending you 1
2024-10-14 17:35:23.300546 Victor: Mike, sending you 2
2024-10-14 17:35:23.301675 Foxtrot: Golf, sending you 2
2024-10-14 17:35:23.302668 Bravo: Juliett, sending you 3
2024-10-14 17:35:23.303684 Golf: November, sending you 3
2024-10-14 17:35:23.306050 Victor: Tango, sending you 3
2024-10-14 17:35:23.310653 Victor: Zulu, sending you 12
2024-10-14 17:35:23.315677 Mike: Yankee, sending you 4
2024-10-14 17:35:23.319667 Zulu: Foxtrot, sending you 6
2024-10-14 17:35:23.320020 Mike: Victor and Zulu, sending you 3
2024-10-14 17:35:23.320672 Yankee: Mike, sending you 8
2024-10-14 17:35:23.322675 Zulu: Mike and Yankee, sending you 2
2024-10-14 17:35:23.323680 Mike: Tango, sending you 5
2024-10-14 17:35:23.324065 Yankee: Tango, sending you 9
2024-10-14 17:35:23.325689 Zulu: Victor, sending you 10
chatterbot Victor submitting transactions
chatterbot Mike submitting transactions
chatterbot Tango submitting transactions
chatterbot Yankee submitting transactions
chatterbot November submitting transactions
chatterbot Foxtrot submitting transactions
chatterbot Juliett submitting transactions
chatterbot Zulu submitting transactions
chatterbot Bravo submitting transactions
chatterbot Golf submitting transactions
ChatterBot Foxtrot round 4
ChatterBot Mike round 4
ChatterBot November round 4
ChatterBot Yankee round 4
ChatterBot Bravo round 4
ChatterBot Victor round 4
ChatterBot Tango round 4
ChatterBot Golf round 4
ChatterBot Juliett round 4
ChatterBot Zulu round 4
2024-10-14 17:35:24.373036 Yankee: We should add Foxtrot
2024-10-14 17:35:24.386627 Tango: No
2024-10-14 17:35:24.386819 Mike: No
2024-10-14 17:35:24.386969 Victor: No
2024-10-14 17:35:24.387113 Zulu: Yes
ChatterBot Yankee reevaluating
ChatterBot Yankee reevaluating
ChatterBot Yankee reevaluating
ChatterBot Yankee reevaluating
2024-10-14 17:35:24.444812 Juliett: We should drop Foxtrot
ChatterBot Golf reevaluating
2024-10-14 17:35:24.459716 November: No
2024-10-14 17:35:24.459947 Bravo: No
2024-10-14 17:35:24.460169 Golf: No
ChatterBot Juliett reevaluating
ChatterBot Golf reevaluating
ChatterBot Juliett reevaluating
ChatterBot Golf reevaluating
ChatterBot Juliett reevaluating
2024-10-14 17:35:24.509886 Zulu: We should drop Foxtrot
ChatterBot Yankee reevaluating
2024-10-14 17:35:24.523085 Tango: Yes
2024-10-14 17:35:24.523237 Mike: Yes
2024-10-14 17:35:24.523350 Yankee: Yes
2024-10-14 17:35:24.523471 Victor: Yes
ChatterBot Yankee reevaluating
ChatterBot Yankee reevaluating
ChatterBot Zulu reevaluating
ChatterBot Zulu reevaluating
ChatterBot Yankee reevaluating
ChatterBot Zulu reevaluating
2024-10-14 17:35:24.570485 Mike: Yankee and Tango, sending you 5
2024-10-14 17:35:24.572696 Tango: Mike and Yankee, sending you 5
2024-10-14 17:35:24.573394 Bravo: Foxtrot and Golf, sending you 2
2024-10-14 17:35:24.573789 November: Foxtrot, sending you 1
2024-10-14 17:35:24.574105 Victor: Mike, sending you 3
2024-10-14 17:35:24.574416 Foxtrot: November, sending you 1
2024-10-14 17:35:24.575667 Mike: Victor, sending you 3
2024-10-14 17:35:24.576048 Tango: Victor, sending you 4
2024-10-14 17:35:24.576666 November: Bravo and Golf, sending you 5
2024-10-14 17:35:24.577 Victor: Tango, sending you 4
2024-10-14 17:35:24.577949 Foxtrot: Bravo, sending you 3
2024-10-14 17:35:24.578652 Bravo: November, sending you 3
2024-10-14 17:35:24.578962 Mike: Zulu, sending you 2
2024-10-14 17:35:24.579662 Tango: Zulu, sending you 3
2024-10-14 17:35:24.580654 November: Juliett, sending you 6
2024-10-14 17:35:24.580983 Victor: Zulu, sending you 10
2024-10-14 17:35:24.581670 Foxtrot: Golf, sending you 4
2024-10-14 17:35:24.582664 Golf: Foxtrot and Bravo, sending you 3
2024-10-14 17:35:24.583658 Bravo: Juliett, sending you 4
2024-10-14 17:35:24.585665 Foxtrot: Juliett, sending you 2
2024-10-14 17:35:24.587662 Golf: November, sending you 4
2024-10-14 17:35:24.592537 Golf: Juliett, sending you 2
2024-10-14 17:35:24.596667 Zulu: Foxtrot, Mike and Tango, sending you 3
2024-10-14 17:35:24.598681 Yankee: Mike, sending you 7
2024-10-14 17:35:24.600665 Zulu: Yankee, sending you 2
2024-10-14 17:35:24.603661 Yankee: Tango, sending you 8
2024-10-14 17:35:24.604682 Zulu: Victor, sending you 9
2024-10-14 17:35:24.609541 Yankee: Zulu, sending you 2
chatterbot Zulu submitting transactions
chatterbot Foxtrot submitting transactions
chatterbot Yankee submitting transactions
chatterbot Bravo submitting transactions
chatterbot Victor submitting transactions
chatterbot Mike submitting transactions
chatterbot Golf submitting transactions
chatterbot Tango submitting transactions
chatterbot November submitting transactions
chatterbot Juliett submitting transactions
ChatterBot Foxtrot round 5
ChatterBot Mike round 5
ChatterBot November round 5
ChatterBot Yankee round 5
ChatterBot Bravo round 5
ChatterBot Victor round 5
ChatterBot Tango round 5
ChatterBot Golf round 5
ChatterBot Juliett round 5
ChatterBot Zulu round 5
2024-10-14 17:35:25.837672 Foxtrot: November, sending you 2
2024-10-14 17:35:25.839689 Yankee: Mike, sending you 7
2024-10-14 17:35:25.842689 Foxtrot: Bravo, sending you 3
2024-10-14 17:35:25.843332 Yankee: Tango, sending you 8
2024-10-14 17:35:25.844711 Tango: Mike and Yankee, sending you 5
2024-10-14 17:35:25.845188 Bravo: Foxtrot and Golf, sending you 2
2024-10-14 17:35:25.845718 Foxtrot: Golf, sending you 4
2024-10-14 17:35:25.846702 Yankee: Zulu, sending you 2
2024-10-14 17:35:25.847202 November: Foxtrot, sending you 1
2024-10-14 17:35:25.849674 Mike: Yankee and Tango, sending you 5
2024-10-14 17:35:25.850215 Tango: Victor, sending you 4
2024-10-14 17:35:25.850756 Bravo: November, sending you 4
2024-10-14 17:35:25.851279 Foxtrot: Juliett, sending you 1
2024-10-14 17:35:25.851829 Victor: Mike, sending you 3
2024-10-14 17:35:25.852345 Golf: Foxtrot and Bravo, sending you 3
2024-10-14 17:35:25.852901 November: Bravo, sending you 4
2024-10-14 17:35:25.853437 Mike: Victor, sending you 3
2024-10-14 17:35:25.854080 Bravo: Juliett, sending you 3
2024-10-14 17:35:25.854706 Tango: Zulu, sending you 3
2024-10-14 17:35:25.855710 November: Golf, sending you 5
2024-10-14 17:35:25.856710 Victor: Tango, sending you 4
2024-10-14 17:35:25.857717 Golf: November, sending you 4
2024-10-14 17:35:25.858679 Mike: Zulu, sending you 2
2024-10-14 17:35:25.859204 Juliett: Foxtrot and Golf, sending you 2
2024-10-14 17:35:25.860715 Zulu: Foxtrot and Yankee, sending you 2
2024-10-14 17:35:25.861132 November: Juliett, sending you 7
2024-10-14 17:35:25.861504 Victor: Zulu, sending you 10
2024-10-14 17:35:25.862695 Golf: Juliett, sending you 2
2024-10-14 17:35:25.863925 Juliett: November, sending you 4
2024-10-14 17:35:25.865679 Zulu: Mike, sending you 3
2024-10-14 17:35:25.868697 Juliett: Bravo, sending you 3
2024-10-14 17:35:25.869691 Zulu: Victor, sending you 9
2024-10-14 17:35:25.874690 Zulu: Tango, sending you 4
chatterbot Bravo submitting transactions
chatterbot Zulu submitting transactions
chatterbot Yankee submitting transactions
chatterbot Juliett submitting transactions
chatterbot Tango submitting transactions
chatterbot Victor submitting transactions
chatterbot Golf submitting transactions
chatterbot Mike submitting transactions
chatterbot November submitting transactions
chatterbot Foxtrot submitting transactions
ChatterBot Foxtrot round 6
ChatterBot Mike round 6
ChatterBot November round 6
ChatterBot Yankee round 6
ChatterBot Bravo round 6
ChatterBot Victor round 6
ChatterBot Tango round 6
ChatterBot Golf round 6
ChatterBot Juliett round 6
ChatterBot Zulu round 6
2024-10-14 17:35:26.998670 Foxtrot: November, sending you 1
2024-10-14 17:35:27.002689 Foxtrot: Bravo, sending you 3
2024-10-14 17:35:27.003673 Mike: Yankee and Tango, sending you 5
2024-10-14 17:35:27.005069 Zulu: We should drop Foxtrot
2024-10-14 17:35:27.017652 Tango: Yes
2024-10-14 17:35:27.017894 Mike: Yes
2024-10-14 17:35:27.018034 Yankee: Yes
2024-10-14 17:35:27.018162 Victor: Yes
ChatterBot Zulu reevaluating
ChatterBot Zulu reevaluating
ChatterBot Zulu reevaluating
2024-10-14 17:35:27.068729 Golf: Foxtrot, sending you 3
2024-10-14 17:35:27.069252 Victor: Mike, sending you 3
2024-10-14 17:35:27.069550 Mike: Victor, sending you 3
2024-10-14 17:35:27.069833 Foxtrot: Golf, sending you 4
2024-10-14 17:35:27.071670 Golf: November, sending you 4
2024-10-14 17:35:27.072062 Juliett: Foxtrot, sending you 1
2024-10-14 17:35:27.072484 Victor: Tango, sending you 5
2024-10-14 17:35:27.072937 Mike: Zulu, sending you 2
2024-10-14 17:35:27.073399 November: Foxtrot, sending you 1
2024-10-14 17:35:27.073866 Tango: Mike and Yankee, sending you 5
2024-10-14 17:35:27.074358 Yankee: Mike, sending you 7
2024-10-14 17:35:27.075264 Foxtrot: Juliett, sending you 2
2024-10-14 17:35:27.075717 Bravo: Foxtrot, sending you 2
2024-10-14 17:35:27.076159 Juliett: November, sending you 5
2024-10-14 17:35:27.076655 Golf: Yankee, sending you 1
2024-10-14 17:35:27.077074 Victor: Zulu, sending you 9
2024-10-14 17:35:27.077864 Tango: Victor, sending you 4
2024-10-14 17:35:27.078340 November: Bravo and Golf, sending you 5
2024-10-14 17:35:27.078832 Yankee: Tango, sending you 8
2024-10-14 17:35:27.079362 Bravo: November, Golf and Juliett, sending you 3
2024-10-14 17:35:27.079827 Juliett: Bravo, sending you 3
2024-10-14 17:35:27.080684 Golf: Bravo and Juliett, sending you 2
2024-10-14 17:35:27.081678 November: Juliett, sending you 6
2024-10-14 17:35:27.082685 Tango: Zulu, sending you 3
2024-10-14 17:35:27.083364 Yankee: Zulu, sending you 2
2024-10-14 17:35:27.084660 Juliett: Golf, sending you 2
chatterbot Victor submitting transactions
chatterbot November submitting transactions
chatterbot Golf submitting transactions
chatterbot Yankee submitting transactions
chatterbot Tango submitting transactions
chatterbot Mike submitting transactions
chatterbot Foxtrot submitting transactions
chatterbot Bravo submitting transactions
chatterbot Juliett submitting transactions
chatterbot Zulu submitting transactions
ChatterBot Foxtrot round 7
ChatterBot Mike round 7
ChatterBot November round 7
ChatterBot Yankee round 7
ChatterBot Bravo round 7
ChatterBot Victor round 7
ChatterBot Tango round 7
ChatterBot Golf round 7
ChatterBot Juliett round 7
ChatterBot Zulu round 7
2024-10-14 17:35:28.233837 Zulu: We should drop Foxtrot
2024-10-14 17:35:28.252033 Tango: Yes
2024-10-14 17:35:28.252531 Mike: Yes
2024-10-14 17:35:28.252693 Yankee: Yes
2024-10-14 17:35:28.252911 Victor: Yes
ChatterBot Zulu reevaluating
ChatterBot Zulu reevaluating
ChatterBot Zulu reevaluating
ChatterBot Zulu reevaluating
2024-10-14 17:35:28.299576 Mike: Yankee and Tango, sending you 5
2024-10-14 17:35:28.299982 Victor: Mike, sending you 3
2024-10-14 17:35:28.302662 November: Foxtrot, sending you 2
2024-10-14 17:35:28.303188 Victor: Tango, sending you 5
2024-10-14 17:35:28.303666 Tango: Mike and Yankee, sending you 5
2024-10-14 17:35:28.304166 Yankee: Mike and Tango, sending you 7
2024-10-14 17:35:28.304972 Juliett: Foxtrot and Golf, sending you 2
2024-10-14 17:35:28.305387 Mike: Victor, sending you 2
2024-10-14 17:35:28.305773 Foxtrot: November, sending you 1
2024-10-14 17:35:28.306215 Bravo: Foxtrot and Golf, sending you 2
2024-10-14 17:35:28.306733 Golf: Foxtrot and Bravo, sending you 3
2024-10-14 17:35:28.307258 November: Bravo, sending you 4
2024-10-14 17:35:28.307767 Tango: Victor, sending you 4
2024-10-14 17:35:28.308450 Yankee: Zulu, sending you 3
2024-10-14 17:35:28.309005 Victor: Zulu, sending you 9
2024-10-14 17:35:28.309680 Juliett: November, sending you 4
2024-10-14 17:35:28.310180 Bravo: November, sending you 4
2024-10-14 17:35:28.310687 Mike: Zulu, sending you 3
2024-10-14 17:35:28.311165 Foxtrot: Bravo, sending you 3
2024-10-14 17:35:28.311660 Golf: November, sending you 4
2024-10-14 17:35:28.312141 Tango: Zulu, sending you 3
2024-10-14 17:35:28.312647 November: Golf, sending you 5
2024-10-14 17:35:28.314676 Juliett: Bravo, sending you 3
2024-10-14 17:35:28.315678 Bravo: Juliett, sending you 3
2024-10-14 17:35:28.316473 November: Juliett, sending you 6
2024-10-14 17:35:28.317194 Foxtrot: Golf, sending you 4
2024-10-14 17:35:28.317859 Golf: Juliett, sending you 2
2024-10-14 17:35:28.322667 Foxtrot: Juliett, sending you 2
2024-10-14 17:35:28.332670 Zulu: Mike and Tango, sending you 4
2024-10-14 17:35:28.336661 Zulu: Yankee, sending you 3
2024-10-14 17:35:28.340675 Zulu: Victor, sending you 9
chatterbot Victor submitting transactions
chatterbot Bravo submitting transactions
chatterbot Yankee submitting transactions
chatterbot November submitting transactions
chatterbot Foxtrot submitting transactions
chatterbot Juliett submitting transactions
chatterbot Tango submitting transactions
chatterbot Mike submitting transactions
chatterbot Golf submitting transactions
chatterbot Zulu submitting transactions
ChatterBot Foxtrot round 8
ChatterBot Mike round 8
ChatterBot November round 8
ChatterBot Yankee round 8
ChatterBot Bravo round 8
ChatterBot Victor round 8
ChatterBot Tango round 8
ChatterBot Golf round 8
ChatterBot Juliett round 8
ChatterBot Zulu round 8
2024-10-14 17:35:29.479727 Zulu: We should add Bravo
2024-10-14 17:35:29.492417 Tango: No
2024-10-14 17:35:29.492687 Mike: No
2024-10-14 17:35:29.492848 Yankee: No
2024-10-14 17:35:29.492971 Victor: No
ChatterBot Zulu reevaluating
ChatterBot Zulu reevaluating
ChatterBot Zulu reevaluating
ChatterBot Zulu reevaluating
2024-10-14 17:35:29.544671 Foxtrot: November and Juliett, sending you 2
2024-10-14 17:35:29.545675 November: Golf and Juliett, sending you 1
2024-10-14 17:35:29.548672 Foxtrot: Bravo and Golf, sending you 3
2024-10-14 17:35:29.551685 Juliett: Foxtrot and Golf, sending you 2
2024-10-14 17:35:29.552449 Bravo: Foxtrot, sending you 2
2024-10-14 17:35:29.553692 Mike: Yankee, sending you 5
2024-10-14 17:35:29.554694 Golf: Foxtrot and Bravo, sending you 3
2024-10-14 17:35:29.555653 Bravo: November, Golf and Juliett, sending you 3
2024-10-14 17:35:29.556669 Juliett: November, sending you 4
2024-10-14 17:35:29.557672 Victor: Tango and Zulu, sending you 1
2024-10-14 17:35:29.558667 Mike: Victor and Zulu, sending you 3
2024-10-14 17:35:29.559657 Golf: November, sending you 4
2024-10-14 17:35:29.560671 Tango: Mike and Yankee, sending you 5
2024-10-14 17:35:29.561658 Juliett: Bravo, sending you 3
2024-10-14 17:35:29.562099 Mike: Tango, sending you 4
2024-10-14 17:35:29.564949 Yankee: Mike and Tango, sending you 1
2024-10-14 17:35:29.565440 Golf: Juliett, sending you 2
2024-10-14 17:35:29.565866 Tango: Victor, sending you 4
2024-10-14 17:35:29.566248 Zulu: Mike and Tango, sending you 4
2024-10-14 17:35:29.569648 Tango: Zulu, sending you 3
2024-10-14 17:35:29.570678 Zulu: Yankee, sending you 3
2024-10-14 17:35:29.574663 Zulu: Victor, sending you 9
chatterbot Mike submitting transactions
chatterbot Foxtrot submitting transactions
chatterbot Golf submitting transactions
chatterbot Victor submitting transactions
chatterbot November submitting transactions
chatterbot Juliett submitting transactions
chatterbot Yankee submitting transactions
chatterbot Tango submitting transactions
chatterbot Zulu submitting transactions
chatterbot Bravo submitting transactions
ChatterBot Foxtrot round 9
ChatterBot Mike round 9
ChatterBot November round 9
ChatterBot Yankee round 9
ChatterBot Bravo round 9
ChatterBot Victor round 9
ChatterBot Tango round 9
ChatterBot Golf round 9
2024-10-14 17:35:30.591534 November: We should add Tango
ChatterBot Golf reevaluating
ChatterBot Juliett reevaluating
2024-10-14 17:35:30.605101 Foxtrot: No
2024-10-14 17:35:30.605265 Bravo: No
2024-10-14 17:35:30.605403 Golf: No
2024-10-14 17:35:30.605533 Juliett: No
ChatterBot November reevaluating
ChatterBot Golf reevaluating
ChatterBot Juliett reevaluating
ChatterBot November reevaluating
ChatterBot Golf reevaluating
ChatterBot Juliett reevaluating
ChatterBot November reevaluating
ChatterBot Juliett reevaluating
ChatterBot November reevaluating
ChatterBot Golf reevaluating
2024-10-14 17:35:30.734752 Golf: We should add Mike
ChatterBot November reevaluating
ChatterBot Juliett reevaluating
2024-10-14 17:35:30.747064 Foxtrot: No
2024-10-14 17:35:30.747239 November: Yes
2024-10-14 17:35:30.747450 Bravo: No
2024-10-14 17:35:30.747660 Juliett: No
ChatterBot November reevaluating
ChatterBot Golf reevaluating
ChatterBot Juliett reevaluating
ChatterBot Golf reevaluating
ChatterBot Juliett reevaluating
ChatterBot November reevaluating
ChatterBot Golf reevaluating
ChatterBot Juliett reevaluating
ChatterBot November reevaluating
ChatterBot Golf reevaluating
ChatterBot Juliett round 9
ChatterBot Zulu round 9
2024-10-14 17:35:30.811466 Zulu: We should add Foxtrot
2024-10-14 17:35:30.819598 Tango: No
2024-10-14 17:35:30.819763 Mike: No
2024-10-14 17:35:30.819872 Yankee: No
2024-10-14 17:35:30.819983 Victor: No
ChatterBot Zulu reevaluating
ChatterBot Zulu reevaluating
ChatterBot Zulu reevaluating
ChatterBot Zulu reevaluating
2024-10-14 17:35:30.856439 Juliett: We should drop Foxtrot
ChatterBot November reevaluating
ChatterBot Golf reevaluating
2024-10-14 17:35:30.863463 November: No
2024-10-14 17:35:30.863593 Bravo: No
2024-10-14 17:35:30.864153 Golf: No
ChatterBot Golf reevaluating
ChatterBot Juliett reevaluating
ChatterBot November reevaluating
ChatterBot Golf reevaluating
ChatterBot Juliett reevaluating
ChatterBot November reevaluating
2024-10-14 17:35:30.890966 Zulu: We should add Golf
ChatterBot Mike reevaluating
ChatterBot Yankee reevaluating
2024-10-14 17:35:30.900928 Tango: No
2024-10-14 17:35:30.901072 Mike: Yes
2024-10-14 17:35:30.901183 Yankee: Yes
2024-10-14 17:35:30.901288 Victor: No
ChatterBot Mike reevaluating
ChatterBot Yankee reevaluating
ChatterBot Zulu reevaluating
ChatterBot Yankee reevaluating
ChatterBot Zulu reevaluating
ChatterBot Mike reevaluating
ChatterBot Zulu reevaluating
ChatterBot Mike reevaluating
ChatterBot Yankee reevaluating
ChatterBot Zulu reevaluating
2024-10-14 17:35:30.943927 Foxtrot: November and Juliett, sending you 2
2024-10-14 17:35:30.944715 Victor: I was attacked by November
ChatterBot Tango reevaluating
ChatterBot Mike reevaluating
ChatterBot Yankee reevaluating
ChatterBot Zulu reevaluating
2024-10-14 17:35:30.955801 Victor: I'm keeping this round to protect myself
2024-10-14 17:35:30.956594 Victor: Ow
2024-10-14 17:35:30.956992 Bravo: Foxtrot, sending you 2
2024-10-14 17:35:30.957392 Foxtrot: Bravo and Golf, sending you 3
2024-10-14 17:35:30.960660 Bravo: November, Golf and Juliett, sending you 3
2024-10-14 17:35:30.962783 Zulu: Golf we want you to join our group
ChatterBot Golf reevaluating
2024-10-14 17:35:30.966832 Golf: No
ChatterBot Zulu reevaluating
ChatterBot Tango reevaluating
ChatterBot Victor reevaluating
2024-10-14 17:35:30.982814 Golf: We should add Zulu
2024-10-14 17:35:30.996047 Foxtrot: No
2024-10-14 17:35:30.996251 November: No
2024-10-14 17:35:30.996395 Bravo: No
2024-10-14 17:35:30.996525 Juliett: No
ChatterBot Golf reevaluating
ChatterBot Juliett reevaluating
ChatterBot Golf reevaluating
ChatterBot Juliett reevaluating
ChatterBot Golf reevaluating
ChatterBot Juliett reevaluating
ChatterBot Golf reevaluating
2024-10-14 17:35:31.042800 November: Golf and Juliett, sending you 1
2024-10-14 17:35:31.043463 Victor: Golf we want you to join our group
ChatterBot Golf reevaluating
2024-10-14 17:35:31.046130 Golf: No
ChatterBot Zulu reevaluating
ChatterBot Tango reevaluating
ChatterBot Victor reevaluating
2024-10-14 17:35:31.064683 Mike: Yankee, sending you 4
2024-10-14 17:35:31.067688 Mike: Victor and Zulu, sending you 3
2024-10-14 17:35:31.068962 Yankee: Mike and Tango, sending you 1
2024-10-14 17:35:31.072698 Mike: Tango, sending you 5
2024-10-14 17:35:31.086684 Tango: Mike and Yankee, sending you 5
2024-10-14 17:35:31.089672 Zulu: Mike and Tango, sending you 4
2024-10-14 17:35:31.091691 Tango: Victor, sending you 4
2024-10-14 17:35:31.093411 Zulu: Yankee, sending you 3
2024-10-14 17:35:31.095807 Golf: Foxtrot, sending you 3
2024-10-14 17:35:31.097664 Tango: Zulu, sending you 3
2024-10-14 17:35:31.098697 Zulu: Victor, sending you 7
2024-10-14 17:35:31.099666 Golf: November, sending you 4
2024-10-14 17:35:31.101681 Zulu: Golf, sending you 2
2024-10-14 17:35:31.102664 Golf: Bravo and Juliett, sending you 2
2024-10-14 17:35:31.107684 Golf: Tango, sending you 1
chatterbot Bravo submitting transactions
chatterbot November submitting transactions
chatterbot Tango submitting transactions
chatterbot Foxtrot submitting transactions
chatterbot Zulu submitting transactions
chatterbot Golf submitting transactions
chatterbot Victor submitting transactions
chatterbot Mike submitting transactions
chatterbot Yankee submitting transactions
chatterbot Juliett submitting transactions
ChatterBot Foxtrot round 10
ChatterBot Mike round 10
ChatterBot November round 10
ChatterBot Yankee round 10
ChatterBot Bravo round 10
ChatterBot Victor round 10
ChatterBot Tango round 10
ChatterBot Golf round 10
ChatterBot Juliett round 10
ChatterBot Zulu round 10
2024-10-14 17:35:32.216232 Victor: We should add Golf
ChatterBot Tango reevaluating
ChatterBot Mike reevaluating
ChatterBot Yankee reevaluating
ChatterBot Zulu reevaluating
2024-10-14 17:35:32.239531 Tango: Yes
2024-10-14 17:35:32.239912 Mike: Yes
2024-10-14 17:35:32.240227 Yankee: Yes
2024-10-14 17:35:32.240520 Zulu: Yes
ChatterBot Mike reevaluating
ChatterBot Yankee reevaluating
ChatterBot Zulu reevaluating
ChatterBot Tango reevaluating
ChatterBot Yankee reevaluating
ChatterBot Zulu reevaluating
ChatterBot Tango reevaluating
ChatterBot Mike reevaluating
ChatterBot Zulu reevaluating
ChatterBot Tango reevaluating
ChatterBot Mike reevaluating
ChatterBot Yankee reevaluating
2024-10-14 17:35:32.383020 Golf: We should replace Tango with Mike
ChatterBot Juliett reevaluating
2024-10-14 17:35:32.394378 Foxtrot: No
2024-10-14 17:35:32.394725 November: No
2024-10-14 17:35:32.394960 Bravo: No
2024-10-14 17:35:32.395181 Juliett: No
ChatterBot Golf reevaluating
ChatterBot Juliett reevaluating
ChatterBot Golf reevaluating
ChatterBot Juliett reevaluating
ChatterBot Golf reevaluating
ChatterBot Juliett reevaluating
ChatterBot Golf reevaluating
2024-10-14 17:35:32.440066 Victor: Golf we want you to join our group
ChatterBot Golf reevaluating
2024-10-14 17:35:32.442497 Golf: No
ChatterBot Zulu reevaluating
ChatterBot Mike reevaluating
ChatterBot Yankee reevaluating
ChatterBot Tango reevaluating
2024-10-14 17:35:32.454617 Golf: We should replace Tango with Zulu
ChatterBot Juliett reevaluating
2024-10-14 17:35:32.464322 Foxtrot: No
2024-10-14 17:35:32.464447 November: No
2024-10-14 17:35:32.464564 Bravo: No
2024-10-14 17:35:32.464689 Juliett: No
ChatterBot Golf reevaluating
ChatterBot Juliett reevaluating
ChatterBot Golf reevaluating
ChatterBot Juliett reevaluating
ChatterBot Golf reevaluating
ChatterBot Juliett reevaluating
ChatterBot Golf reevaluating
2024-10-14 17:35:32.502128 Juliett: We should replace November with Foxtrot
