ChatterBot Victor round 1
ChatterBot India round 1
ChatterBot Romeo round 1
ChatterBot Oscar round 1
ChatterBot Lima round 1
ChatterBot Tango round 1
ChatterBot Alpha round 1
ChatterBot Golf round 1
ChatterBot Juliett round 1
ChatterBot Mike round 1
randomSelections India: {India, Mike, Alpha, Lima, Victor} 
2024-10-14 17:35:18.990876 India: Group up?
ChatterBot Mike reevaluating
ChatterBot Alpha reevaluating
ChatterBot Lima reevaluating
ChatterBot Victor reevaluating
2024-10-14 17:35:19.007072 Mike: Yes
2024-10-14 17:35:19.007541 Alpha: Yes
2024-10-14 17:35:19.008077 Lima: Yes
2024-10-14 17:35:19.009198 Victor: Yes
ChatterBot Alpha reevaluating
ChatterBot Lima reevaluating
ChatterBot Victor reevaluating
ChatterBot Mike reevaluating
ChatterBot Lima reevaluating
ChatterBot Victor reevaluating
ChatterBot Mike reevaluating
ChatterBot Alpha reevaluating
ChatterBot Victor reevaluating
ChatterBot Mike reevaluating
ChatterBot Alpha reevaluating
ChatterBot Lima reevaluating
randomSelections Romeo: {Romeo, Golf, Juliett, Alpha, Tango, India} 
2024-10-14 17:35:19.044678 Romeo: Can we be friends?
ChatterBot Golf reevaluating
ChatterBot Juliett reevaluating
ChatterBot Alpha reevaluating
ChatterBot Tango reevaluating
2024-10-14 17:35:19.055209 Golf: Yes
2024-10-14 17:35:19.055461 Juliett: Yes
2024-10-14 17:35:19.055979 Alpha: No
2024-10-14 17:35:19.056301 Tango: Yes
2024-10-14 17:35:19.057172 India: No
ChatterBot Juliett reevaluating
ChatterBot Alpha reevaluating
ChatterBot Tango reevaluating
ChatterBot Golf reevaluating
ChatterBot Alpha reevaluating
ChatterBot Tango reevaluating
ChatterBot Golf reevaluating
ChatterBot Juliett reevaluating
ChatterBot Tango reevaluating
ChatterBot Golf reevaluating
ChatterBot Juliett reevaluating
ChatterBot Alpha reevaluating
ChatterBot Golf reevaluating
ChatterBot Juliett reevaluating
ChatterBot Alpha reevaluating
ChatterBot Tango reevaluating
randomSelections Oscar: {Oscar, Victor, Mike, Alpha, Juliett, Golf, Lima} 
2024-10-14 17:35:19.098337 Oscar: We would work well together
ChatterBot Victor reevaluating
ChatterBot Mike reevaluating
ChatterBot Alpha reevaluating
ChatterBot Juliett reevaluating
ChatterBot Golf reevaluating
ChatterBot Lima reevaluating
2024-10-14 17:35:19.108304 Victor: No
2024-10-14 17:35:19.108558 Mike: No
2024-10-14 17:35:19.108804 Alpha: No
2024-10-14 17:35:19.108949 Juliett: No
2024-10-14 17:35:19.109702 Golf: No
2024-10-14 17:35:19.109895 Lima: No
ChatterBot Mike reevaluating
ChatterBot Alpha reevaluating
ChatterBot Juliett reevaluating
ChatterBot Golf reevaluating
ChatterBot Lima reevaluating
ChatterBot Victor reevaluating
ChatterBot Alpha reevaluating
ChatterBot Juliett reevaluating
ChatterBot Golf reevaluating
ChatterBot Lima reevaluating
ChatterBot Victor reevaluating
ChatterBot Mike reevaluating
ChatterBot Juliett reevaluating
ChatterBot Golf reevaluating
ChatterBot Lima reevaluating
ChatterBot Victor reevaluating
ChatterBot Mike reevaluating
ChatterBot Alpha reevaluating
ChatterBot Golf reevaluating
ChatterBot Lima reevaluating
ChatterBot Victor reevaluating
ChatterBot Mike reevaluating
ChatterBot Alpha reevaluating
ChatterBot Juliett reevaluating
ChatterBot Lima reevaluating
ChatterBot Victor reevaluating
ChatterBot Mike reevaluating
ChatterBot Alpha reevaluating
ChatterBot Juliett reevaluating
ChatterBot Golf reevaluating
2024-10-14 17:35:19.191679 Tango: India and Romeo, sending you 3
2024-10-14 17:35:19.192221 Victor: India, sending you 4
2024-10-14 17:35:19.193084 India: Victor, sending you 3
2024-10-14 17:35:19.193679 Romeo: India, sending you 4
2024-10-14 17:35:19.194540 Oscar: Victor, Lima and Mike, sending you 1
2024-10-14 17:35:19.194925 Alpha: Victor, sending you 4
2024-10-14 17:35:19.195259 Juliett: India and Golf, sending you 4
2024-10-14 17:35:19.197181 Tango: Alpha, sending you 2
2024-10-14 17:35:19.198105 Victor: Lima and Alpha, sending you 5
2024-10-14 17:35:19.198380 Lima: Victor, India, Alpha and Mike, sending you 3
2024-10-14 17:35:19.198739 Romeo: Tango and Alpha, sending you 1
2024-10-14 17:35:19.199031 India: Lima, sending you 2
2024-10-14 17:35:19.199925 Oscar: Alpha, sending you 5
2024-10-14 17:35:19.200233 Alpha: India, sending you 2
2024-10-14 17:35:19.200454 Juliett: Romeo and Tango, sending you 2
2024-10-14 17:35:19.206 Tango: Golf, sending you 7
2024-10-14 17:35:19.206894 Victor: Mike, sending you 3
2024-10-14 17:35:19.207289 India: Alpha, sending you 4
2024-10-14 17:35:19.208076 Romeo: Golf and Juliett, sending you 2
2024-10-14 17:35:19.208425 Oscar: Golf and Juliett, sending you 4
2024-10-14 17:35:19.208815 Golf: India and Tango, sending you 3
2024-10-14 17:35:19.209718 Alpha: Lima, sending you 3
2024-10-14 17:35:19.210061 Juliett: Alpha, sending you 1
2024-10-14 17:35:19.210519 Tango: Juliett, sending you 1
2024-10-14 17:35:19.211344 India: Mike, sending you 1
2024-10-14 17:35:19.213676 Golf: Alpha, sending you 2
2024-10-14 17:35:19.214584 Alpha: Mike, sending you 5
2024-10-14 17:35:19.219357 Golf: Juliett, sending you 4
chatterbot Victor submitting transactions
chatterbot India submitting transactions
chatterbot Romeo submitting transactions
chatterbot Tango submitting transactions
chatterbot Alpha submitting transactions
chatterbot Oscar submitting transactions
chatterbot Lima submitting transactions
chatterbot Mike submitting transactions
chatterbot Juliett submitting transactions
chatterbot Golf submitting transactions
ChatterBot Victor round 2
ChatterBot India round 2
ChatterBot Romeo round 2
ChatterBot Oscar round 2
ChatterBot Lima round 2
ChatterBot Tango round 2
ChatterBot Alpha round 2
ChatterBot Golf round 2
ChatterBot Juliett round 2
ChatterBot Mike round 2
2024-10-14 17:35:20.405829 Oscar: Can we be friends?
ChatterBot Romeo reevaluating
ChatterBot Tango reevaluating
ChatterBot Golf reevaluating
ChatterBot Juliett reevaluating
2024-10-14 17:35:20.421791 Romeo: Yes
2024-10-14 17:35:20.421936 Tango: Yes
2024-10-14 17:35:20.422045 Golf: Yes
2024-10-14 17:35:20.422182 Juliett: Yes
ChatterBot Tango reevaluating
ChatterBot Golf reevaluating
ChatterBot Juliett reevaluating
ChatterBot Romeo reevaluating
ChatterBot Golf reevaluating
ChatterBot Juliett reevaluating
ChatterBot Romeo reevaluating
ChatterBot Tango reevaluating
ChatterBot Juliett reevaluating
ChatterBot Romeo reevaluating
ChatterBot Tango reevaluating
ChatterBot Golf reevaluating
2024-10-14 17:35:20.465726 Tango: Let's form a team
ChatterBot Romeo reevaluating
ChatterBot Golf reevaluating
ChatterBot Juliett reevaluating
2024-10-14 17:35:20.477968 Oscar: Yes
2024-10-14 17:35:20.478096 Romeo: Yes
2024-10-14 17:35:20.478453 Golf: Yes
2024-10-14 17:35:20.478546 Juliett: Yes
ChatterBot Romeo reevaluating
ChatterBot Tango reevaluating
ChatterBot Golf reevaluating
ChatterBot Juliett reevaluating
ChatterBot Tango reevaluating
ChatterBot Golf reevaluating
ChatterBot Juliett reevaluating
ChatterBot Romeo reevaluating
ChatterBot Tango reevaluating
ChatterBot Juliett reevaluating
ChatterBot Romeo reevaluating
ChatterBot Tango reevaluating
ChatterBot Golf reevaluating
2024-10-14 17:35:20.528675 India: We should drop Mike
ChatterBot Lima reevaluating
ChatterBot Alpha reevaluating
2024-10-14 17:35:20.538372 Victor: Yes
2024-10-14 17:35:20.538520 Lima: Yes
2024-10-14 17:35:20.538640 Alpha: Yes
ChatterBot Lima reevaluating
ChatterBot Alpha reevaluating
ChatterBot Alpha reevaluating
ChatterBot Lima reevaluating
2024-10-14 17:35:20.589537 Alpha: We should replace Mike with Oscar
ChatterBot Victor reevaluating
2024-10-14 17:35:20.599700 India: No
2024-10-14 17:35:20.600281 Victor: Yes
2024-10-14 17:35:20.600410 Lima: No
ChatterBot Victor reevaluating
ChatterBot Alpha reevaluating
ChatterBot Alpha reevaluating
ChatterBot Victor reevaluating
ChatterBot Alpha reevaluating
2024-10-14 17:35:20.645334 India: Victor, sending you 5
2024-10-14 17:35:20.645609 Oscar: Sending you each 4
2024-10-14 17:35:20.646092 Alpha: Oscar we want you to join our group
2024-10-14 17:35:20.649406 Oscar: No
ChatterBot Victor reevaluating
2024-10-14 17:35:20.662623 India: Lima, sending you 4
2024-10-14 17:35:20.718597 Mike: Victor and Lima, sending you 4
2024-10-14 17:35:20.718976 India: Alpha, sending you 3
2024-10-14 17:35:20.719536 Juliett: Romeo, sending you 3
2024-10-14 17:35:20.719877 Romeo: Tango, sending you 6
2024-10-14 17:35:20.720142 Tango: Romeo, sending you 4
2024-10-14 17:35:20.720399 Golf: Romeo, sending you 3
2024-10-14 17:35:20.832922 Mike: India, sending you 2
2024-10-14 17:35:20.834069 Juliett: Oscar and Golf, sending you 7
2024-10-14 17:35:20.834666 Golf: Oscar, Tango and Juliett, sending you 4
2024-10-14 17:35:20.835897 Romeo: Juliett, sending you 4
2024-10-14 17:35:20.836471 Tango: Oscar, sending you 3
2024-10-14 17:35:20.837431 Alpha: Victor, India, Oscar and Lima, sending you 4
2024-10-14 17:35:20.838046 Lima: Victor, sending you 6
2024-10-14 17:35:20.839049 Mike: Alpha, sending you 5
2024-10-14 17:35:20.839670 Juliett: Tango, sending you 1
2024-10-14 17:35:20.840602 Tango: Golf, sending you 6
2024-10-14 17:35:21.031586 Lima: India and Alpha, sending you 4
2024-10-14 17:35:21.032030 Tango: Juliett, sending you 5
chatterbot India submitting transactions
chatterbot Golf submitting transactions
2024-10-14 17:35:21.272139 Victor: India and Lima, sending you 5
chatterbot Mike submitting transactions
chatterbot Romeo submitting transactions
chatterbot Lima submitting transactions
chatterbot Oscar submitting transactions
chatterbot Tango submitting transactions
chatterbot Juliett submitting transactions
2024-10-14 17:35:21.766485 Victor: Alpha, sending you 7
chatterbot Victor submitting transactions
chatterbot Alpha submitting transactions
ChatterBot Victor round 3
ChatterBot India round 3
ChatterBot Romeo round 3
ChatterBot Oscar round 3
ChatterBot Lima round 3
ChatterBot Tango round 3
ChatterBot Alpha round 3
ChatterBot Golf round 3
ChatterBot Juliett round 3
ChatterBot Mike round 3
2024-10-14 17:35:21.933697 Victor: We should add Mike
ChatterBot India reevaluating
ChatterBot Alpha reevaluating
2024-10-14 17:35:21.951444 India: Yes
2024-10-14 17:35:21.951657 Lima: No
2024-10-14 17:35:21.951823 Alpha: Yes
ChatterBot Alpha reevaluating
ChatterBot India reevaluating
ChatterBot Alpha reevaluating
ChatterBot India reevaluating
2024-10-14 17:35:22.016435 Mike: We should add Oscar
ChatterBot India reevaluating
ChatterBot Alpha reevaluating
ChatterBot Lima reevaluating
2024-10-14 17:35:22.030165 India: No
2024-10-14 17:35:22.030310 Alpha: No
2024-10-14 17:35:22.030413 Lima: No
2024-10-14 17:35:22.031086 Victor: No
ChatterBot Mike reevaluating
ChatterBot Alpha reevaluating
ChatterBot Lima reevaluating
ChatterBot India reevaluating
ChatterBot Mike reevaluating
ChatterBot Lima reevaluating
ChatterBot India reevaluating
ChatterBot Mike reevaluating
ChatterBot Alpha reevaluating
ChatterBot India reevaluating
ChatterBot Mike reevaluating
ChatterBot Alpha reevaluating
ChatterBot Lima reevaluating
2024-10-14 17:35:22.103132 Victor: Mike we want you to join our group
ChatterBot Mike reevaluating
2024-10-14 17:35:22.109838 Mike: Yes
ChatterBot India reevaluating
ChatterBot Alpha reevaluating
ChatterBot Lima reevaluating
2024-10-14 17:35:22.134496 Alpha: We should replace Oscar with Mike
ChatterBot India reevaluating
ChatterBot Lima reevaluating
2024-10-14 17:35:22.217795 India: Yes
2024-10-14 17:35:22.218059 Victor: Yes
2024-10-14 17:35:22.219058 Lima: Yes
ChatterBot Lima reevaluating
ChatterBot Alpha reevaluating
ChatterBot India reevaluating
ChatterBot Lima reevaluating
ChatterBot Alpha reevaluating
ChatterBot India reevaluating
ChatterBot Alpha reevaluating
2024-10-14 17:35:22.275150 Lima: We should replace India with Mike
ChatterBot Alpha reevaluating
2024-10-14 17:35:22.283349 Victor: No
2024-10-14 17:35:22.283717 Alpha: No
ChatterBot Lima reevaluating
ChatterBot Alpha reevaluating
ChatterBot Lima reevaluating
2024-10-14 17:35:22.318655 Oscar: Romeo, sending you 2
2024-10-14 17:35:22.319884 Romeo: Oscar and Golf, sending you 2
2024-10-14 17:35:22.320328 Tango: Romeo and Golf, sending you 5
2024-10-14 17:35:22.320709 Alpha: Mike we want you to join our group
ChatterBot Mike reevaluating
2024-10-14 17:35:22.328398 Mike: Yes
ChatterBot India reevaluating
2024-10-14 17:35:22.353027 Lima: Mike we want you to join our group
ChatterBot Mike reevaluating
2024-10-14 17:35:22.358304 Mike: Yes
2024-10-14 17:35:22.370842 Oscar: Tango and Golf, sending you 4
2024-10-14 17:35:22.371250 Tango: Oscar and Juliett, sending you 4
2024-10-14 17:35:22.371533 Romeo: Tango and Juliett, sending you 3
2024-10-14 17:35:22.372360 India: Mike we want you to join our group
ChatterBot Mike reevaluating
2024-10-14 17:35:22.376423 Mike: Yes
ChatterBot India reevaluating
2024-10-14 17:35:22.391676 Juliett: Romeo, sending you 4
2024-10-14 17:35:22.392016 Golf: Romeo, sending you 3
2024-10-14 17:35:22.392374 Victor: India, Lima and Alpha, sending you 5
2024-10-14 17:35:22.392766 Oscar: Juliett, sending you 6
chatterbot Victor submitting transactions
2024-10-14 17:35:22.396906 Juliett: Oscar, sending you 5
2024-10-14 17:35:22.397234 Golf: Oscar, Tango and Juliett, sending you 4
2024-10-14 17:35:22.398754 Victor: Mike, sending you 2
2024-10-14 17:35:22.399215 Alpha: Victor, sending you 5
2024-10-14 17:35:22.403 Juliett: Tango, sending you 3
2024-10-14 17:35:22.403933 Alpha: India and Lima, sending you 4
2024-10-14 17:35:22.409254 Juliett: Golf, sending you 6
2024-10-14 17:35:22.410219 Alpha: Mike, sending you 3
2024-10-14 17:35:22.410688 Lima: Victor and Alpha, sending you 5
2024-10-14 17:35:22.466989 Lima: Mike, sending you 4
2024-10-14 17:35:22.467485 Mike: Victor and Lima, sending you 5
2024-10-14 17:35:22.468308 India: Victor, sending you 5
chatterbot Oscar submitting transactions
2024-10-14 17:35:22.484156 Mike: India, sending you 3
2024-10-14 17:35:22.484669 India: Lima and Alpha, sending you 3
chatterbot Tango submitting transactions
2024-10-14 17:35:22.495572 India: Mike, sending you 1
2024-10-14 17:35:22.496525 Mike: Alpha, sending you 7
chatterbot Romeo submitting transactions
chatterbot Golf submitting transactions
chatterbot India submitting transactions
chatterbot Lima submitting transactions
chatterbot Juliett submitting transactions
chatterbot Mike submitting transactions
chatterbot Alpha submitting transactions
ChatterBot Victor round 4
ChatterBot India round 4
ChatterBot Romeo round 4
ChatterBot Oscar round 4
ChatterBot Lima round 4
ChatterBot Tango round 4
ChatterBot Alpha round 4
ChatterBot Golf round 4
ChatterBot Juliett round 4
ChatterBot Mike round 4
2024-10-14 17:35:23.471711 Victor: India, Lima and Alpha, sending you 5
2024-10-14 17:35:23.477090 Victor: Mike, sending you 2
2024-10-14 17:35:23.478687 Alpha: Sending you each 4
2024-10-14 17:35:23.479709 India: Victor and Alpha, sending you 4
2024-10-14 17:35:23.483692 Tango: Romeo and Golf, sending you 5
2024-10-14 17:35:23.484691 India: Lima and Mike, sending you 2
2024-10-14 17:35:23.485157 Lima: Victor and Alpha, sending you 5
2024-10-14 17:35:23.485695 Oscar: Romeo, sending you 3
2024-10-14 17:35:23.486792 Tango: Oscar and Juliett, sending you 4
2024-10-14 17:35:23.487681 Romeo: Oscar and Golf, sending you 2
2024-10-14 17:35:23.488162 Mike: Victor, sending you 5
2024-10-14 17:35:23.488729 Golf: Romeo, sending you 3
2024-10-14 17:35:23.489813 Lima: Mike, sending you 4
2024-10-14 17:35:23.490676 Oscar: Tango and Golf, sending you 4
2024-10-14 17:35:23.491707 Romeo: Tango and Juliett, sending you 3
2024-10-14 17:35:23.492732 Golf: Oscar, Tango and Juliett, sending you 4
2024-10-14 17:35:23.493652 Mike: India, sending you 3
2024-10-14 17:35:23.494701 Oscar: Juliett, sending you 5
2024-10-14 17:35:23.497669 Juliett: Romeo and Tango, sending you 4
2024-10-14 17:35:23.498693 Mike: Lima and Alpha, sending you 6
2024-10-14 17:35:23.500709 Juliett: Oscar and Golf, sending you 5
chatterbot Oscar submitting transactions
chatterbot Victor submitting transactions
chatterbot Juliett submitting transactions
chatterbot India submitting transactions
chatterbot Golf submitting transactions
chatterbot Tango submitting transactions
chatterbot Mike submitting transactions
chatterbot Lima submitting transactions
chatterbot Romeo submitting transactions
chatterbot Alpha submitting transactions
ChatterBot Victor round 5
ChatterBot India round 5
ChatterBot Romeo round 5
ChatterBot Oscar round 5
ChatterBot Lima round 5
ChatterBot Tango round 5
ChatterBot Alpha round 5
ChatterBot Golf round 5
ChatterBot Juliett round 5
ChatterBot Mike round 5
2024-10-14 17:35:24.510657 Oscar: Romeo, sending you 3
2024-10-14 17:35:24.511680 Lima: Victor and Alpha, sending you 5
2024-10-14 17:35:24.513675 Oscar: Tango and Golf, sending you 4
2024-10-14 17:35:24.515656 Lima: Mike, sending you 4
2024-10-14 17:35:24.515963 Tango: Romeo and Golf, sending you 5
2024-10-14 17:35:24.518676 Oscar: Juliett, sending you 5
2024-10-14 17:35:24.519690 Tango: Oscar and Juliett, sending you 4
2024-10-14 17:35:24.521825 India: Victor, sending you 5
2024-10-14 17:35:24.522650 Romeo: Oscar and Golf, sending you 2
2024-10-14 17:35:24.525683 Victor: India, Lima and Alpha, sending you 5
2024-10-14 17:35:24.526123 India: Lima, sending you 1
2024-10-14 17:35:24.526714 Romeo: Tango and Juliett, sending you 3
2024-10-14 17:35:24.528659 Victor: Mike, sending you 2
2024-10-14 17:35:24.529005 India: Alpha, sending you 4
2024-10-14 17:35:24.529717 Mike: Victor and India, sending you 4
2024-10-14 17:35:24.530679 Alpha: Same as last round
2024-10-14 17:35:24.533688 Golf: Romeo, sending you 3
2024-10-14 17:35:24.534545 India: Mike, sending you 2
2024-10-14 17:35:24.535039 Mike: Lima and Alpha, sending you 6
2024-10-14 17:35:24.535545 Juliett: Romeo and Tango, sending you 4
2024-10-14 17:35:24.538710 Golf: Oscar, Tango and Juliett, sending you 4
2024-10-14 17:35:24.540658 Juliett: Oscar and Golf, sending you 5
chatterbot Lima submitting transactions
chatterbot Mike submitting transactions
chatterbot Alpha submitting transactions
chatterbot Romeo submitting transactions
chatterbot Golf submitting transactions
chatterbot Oscar submitting transactions
chatterbot India submitting transactions
chatterbot Tango submitting transactions
chatterbot Juliett submitting transactions
chatterbot Victor submitting transactions
ChatterBot Victor round 6
ChatterBot India round 6
ChatterBot Romeo round 6
ChatterBot Oscar round 6
ChatterBot Lima round 6
ChatterBot Tango round 6
ChatterBot Alpha round 6
ChatterBot Golf round 6
ChatterBot Juliett round 6
ChatterBot Mike round 6
2024-10-14 17:35:25.783154 Lima: Victor and Alpha, sending you 5
2024-10-14 17:35:25.783921 Romeo: Oscar and Golf, sending you 2
2024-10-14 17:35:25.784763 India: Victor, sending you 5
2024-10-14 17:35:25.785717 Victor: India and Lima, sending you 5
2024-10-14 17:35:25.786609 Oscar: Romeo, sending you 3
2024-10-14 17:35:25.787739 Romeo: Tango and Juliett, sending you 3
2024-10-14 17:35:25.789445 Lima: Mike, sending you 4
2024-10-14 17:35:25.789895 India: Lima, sending you 1
2024-10-14 17:35:25.790498 Oscar: Tango and Golf, sending you 4
2024-10-14 17:35:25.791147 Victor: Alpha, sending you 4
2024-10-14 17:35:25.792717 India: Alpha, sending you 4
2024-10-14 17:35:25.793942 Alpha: Same as last round
2024-10-14 17:35:25.794561 Oscar: Juliett, sending you 5
2024-10-14 17:35:25.795414 Victor: Mike, sending you 3
2024-10-14 17:35:25.796116 India: Mike, sending you 2
2024-10-14 17:35:25.798746 Tango: Romeo, Oscar and Juliett, sending you 4
2024-10-14 17:35:25.801708 Juliett: Romeo and Tango, sending you 4
2024-10-14 17:35:25.802703 Tango: Golf, sending you 6
2024-10-14 17:35:25.803999 Golf: Romeo, sending you 3
2024-10-14 17:35:25.804731 Juliett: Oscar and Golf, sending you 5
2024-10-14 17:35:25.807722 Golf: Oscar, Tango and Juliett, sending you 4
2024-10-14 17:35:25.811670 Mike: Victor and India, sending you 4
2024-10-14 17:35:25.814668 Mike: Lima and Alpha, sending you 6
chatterbot Mike submitting transactions
chatterbot Juliett submitting transactions
chatterbot Golf submitting transactions
chatterbot Oscar submitting transactions
chatterbot India submitting transactions
chatterbot Lima submitting transactions
chatterbot Romeo submitting transactions
chatterbot Victor submitting transactions
chatterbot Tango submitting transactions
chatterbot Alpha submitting transactions
ChatterBot Victor round 7
ChatterBot India round 7
ChatterBot Romeo round 7
ChatterBot Oscar round 7
ChatterBot Lima round 7
ChatterBot Tango round 7
ChatterBot Alpha round 7
ChatterBot Golf round 7
ChatterBot Juliett round 7
ChatterBot Mike round 7
2024-10-14 17:35:26.953647 India: Victor, sending you 5
2024-10-14 17:35:26.954682 Victor: India and Lima, sending you 5
2024-10-14 17:35:26.958662 India: Lima, sending you 1
2024-10-14 17:35:26.959706 Victor: Alpha, sending you 4
2024-10-14 17:35:26.960671 Golf: Romeo, sending you 3
2024-10-14 17:35:26.963663 India: Alpha, sending you 4
2024-10-14 17:35:26.964057 Oscar: Romeo, sending you 3
2024-10-14 17:35:26.964677 Alpha: Same as last round
2024-10-14 17:35:26.965272 Victor: Mike, sending you 3
2024-10-14 17:35:26.965866 Romeo: Oscar and Golf, sending you 2
2024-10-14 17:35:26.966424 Golf: Oscar, Tango and Juliett, sending you 4
2024-10-14 17:35:26.966993 Juliett: Romeo and Tango, sending you 4
2024-10-14 17:35:26.968351 India: Mike, sending you 2
2024-10-14 17:35:26.968951 Oscar: Tango and Golf, sending you 4
2024-10-14 17:35:26.969488 Romeo: Tango and Juliett, sending you 3
2024-10-14 17:35:26.970663 Mike: Victor and India, sending you 4
2024-10-14 17:35:26.971658 Juliett: Oscar and Golf, sending you 5
2024-10-14 17:35:26.972058 Tango: Romeo, Oscar and Juliett, sending you 4
2024-10-14 17:35:26.973672 Oscar: Juliett, sending you 5
2024-10-14 17:35:26.974682 Mike: Lima and Alpha, sending you 6
2024-10-14 17:35:26.975672 Tango: Golf, sending you 6
2024-10-14 17:35:26.982678 Lima: Victor and Alpha, sending you 5
2024-10-14 17:35:26.986649 Lima: Mike, sending you 4
chatterbot Oscar submitting transactions
chatterbot Juliett submitting transactions
chatterbot Golf submitting transactions
chatterbot Mike submitting transactions
chatterbot Alpha submitting transactions
chatterbot Romeo submitting transactions
chatterbot Lima submitting transactions
chatterbot India submitting transactions
chatterbot Victor submitting transactions
chatterbot Tango submitting transactions
ChatterBot Victor round 8
ChatterBot India round 8
ChatterBot Romeo round 8
ChatterBot Oscar round 8
ChatterBot Lima round 8
ChatterBot Tango round 8
ChatterBot Alpha round 8
ChatterBot Golf round 8
ChatterBot Juliett round 8
ChatterBot Mike round 8
2024-10-14 17:35:28.221674 Victor: India and Lima, sending you 5
2024-10-14 17:35:28.225665 Victor: Alpha, sending you 4
2024-10-14 17:35:28.230685 Victor: Mike, sending you 3
2024-10-14 17:35:28.231243 Romeo: Oscar and Golf, sending you 2
2024-10-14 17:35:28.232670 Golf: Romeo, sending you 3
2024-10-14 17:35:28.233443 Lima: Victor and Alpha, sending you 5
2024-10-14 17:35:28.233943 India: Victor, sending you 5
2024-10-14 17:35:28.236007 Tango: Romeo, Oscar and Juliett, sending you 4
2024-10-14 17:35:28.236781 Romeo: Tango and Juliett, sending you 3
2024-10-14 17:35:28.237516 Oscar: Romeo, sending you 3
2024-10-14 17:35:28.238182 Golf: Oscar, Tango and Juliett, sending you 4
2024-10-14 17:35:28.238905 Lima: Mike, sending you 4
2024-10-14 17:35:28.239494 India: Lima, sending you 1
2024-10-14 17:35:28.240373 Alpha: Same as last round
2024-10-14 17:35:28.241346 Juliett: Romeo and Tango, sending you 4
2024-10-14 17:35:28.242115 Oscar: Tango and Golf, sending you 4
2024-10-14 17:35:28.242890 Tango: Golf, sending you 6
2024-10-14 17:35:28.243641 India: Alpha, sending you 4
2024-10-14 17:35:28.245690 Mike: Victor and India, sending you 4
2024-10-14 17:35:28.246140 Juliett: Oscar and Golf, sending you 5
2024-10-14 17:35:28.247671 Oscar: Juliett, sending you 5
2024-10-14 17:35:28.248698 India: Mike, sending you 2
2024-10-14 17:35:28.250681 Mike: Lima and Alpha, sending you 6
chatterbot Alpha submitting transactions
chatterbot Tango submitting transactions
chatterbot Mike submitting transactions
chatterbot Romeo submitting transactions
chatterbot Juliett submitting transactions
chatterbot Oscar submitting transactions
chatterbot Golf submitting transactions
chatterbot India submitting transactions
chatterbot Victor submitting transactions
chatterbot Lima submitting transactions
ChatterBot Victor round 9
ChatterBot India round 9
ChatterBot Romeo round 9
ChatterBot Oscar round 9
ChatterBot Lima round 9
ChatterBot Tango round 9
ChatterBot Alpha round 9
ChatterBot Golf round 9
ChatterBot Juliett round 9
ChatterBot Mike round 9
2024-10-14 17:35:29.408681 Victor: India and Lima, sending you 5
2024-10-14 17:35:29.410676 India: Victor, sending you 5
2024-10-14 17:35:29.411693 Victor: Alpha, sending you 4
2024-10-14 17:35:29.412693 Romeo: Oscar and Golf, sending you 2
2024-10-14 17:35:29.415662 India: Alpha, sending you 4
2024-10-14 17:35:29.416390 Romeo: Tango and Juliett, sending you 3
2024-10-14 17:35:29.417009 Victor: Mike, sending you 3
2024-10-14 17:35:29.418675 Lima: Victor and Alpha, sending you 5
2024-10-14 17:35:29.419027 India: Mike, sending you 3
2024-10-14 17:35:29.420997 Alpha: Same as last round
2024-10-14 17:35:29.421409 Oscar: Romeo, sending you 3
2024-10-14 17:35:29.421822 Tango: Romeo, Oscar and Juliett, sending you 4
2024-10-14 17:35:29.422684 Lima: Mike, sending you 4
2024-10-14 17:35:29.424708 Tango: Golf, sending you 6
2024-10-14 17:35:29.426031 Golf: Romeo, sending you 3
2024-10-14 17:35:29.426766 Oscar: Tango and Golf, sending you 4
2024-10-14 17:35:29.428649 Mike: Victor, sending you 5
2024-10-14 17:35:29.431103 Golf: Oscar, Tango and Juliett, sending you 4
2024-10-14 17:35:29.431736 Oscar: Juliett, sending you 5
2024-10-14 17:35:29.432309 Mike: India, sending you 3
2024-10-14 17:35:29.433277 Juliett: Romeo and Tango, sending you 4
2024-10-14 17:35:29.435684 Mike: Lima and Alpha, sending you 6
2024-10-14 17:35:29.438665 Juliett: Oscar and Golf, sending you 5
chatterbot Victor submitting transactions
chatterbot Romeo submitting transactions
chatterbot Juliett submitting transactions
chatterbot Lima submitting transactions
chatterbot Alpha submitting transactions
chatterbot Oscar submitting transactions
chatterbot Golf submitting transactions
chatterbot India submitting transactions
chatterbot Tango submitting transactions
chatterbot Mike submitting transactions
ChatterBot Victor round 10
ChatterBot India round 10
ChatterBot Romeo round 10
ChatterBot Oscar round 10
ChatterBot Lima round 10
ChatterBot Tango round 10
ChatterBot Alpha round 10
ChatterBot Golf round 10
ChatterBot Juliett round 10
ChatterBot Mike round 10
2024-10-14 17:35:30.749648 India: Victor, sending you 6
2024-10-14 17:35:30.752679 Victor: India and Lima, sending you 5
2024-10-14 17:35:30.754651 India: Alpha, sending you 4
2024-10-14 17:35:30.755617 Romeo: Oscar and Golf, sending you 2
2024-10-14 17:35:30.756657 Victor: Alpha, sending you 4
2024-10-14 17:35:30.759668 India: Mike, sending you 2
2024-10-14 17:35:30.760426 Romeo: Tango and Juliett, sending you 3
2024-10-14 17:35:30.761069 Victor: Mike, sending you 3
2024-10-14 17:35:30.761863 Oscar: Romeo, sending you 3
2024-10-14 17:35:30.762570 Lima: Victor and Alpha, sending you 5
2024-10-14 17:35:30.763232 Golf: Romeo, sending you 3
2024-10-14 17:35:30.765676 Tango: Romeo, Oscar and Juliett, sending you 4
2024-10-14 17:35:30.766480 Alpha: Same as last round
2024-10-14 17:35:30.767218 Oscar: Tango and Golf, sending you 4
2024-10-14 17:35:30.767936 Mike: Victor, sending you 5
2024-10-14 17:35:30.768685 Golf: Oscar, Tango and Juliett, sending you 4
2024-10-14 17:35:30.769313 Lima: Mike, sending you 4
2024-10-14 17:35:30.769875 Juliett: Romeo and Tango, sending you 4
2024-10-14 17:35:30.770881 Tango: Golf, sending you 6
2024-10-14 17:35:30.772652 Oscar: Juliett, sending you 5
2024-10-14 17:35:30.773680 Mike: India, sending you 3
2024-10-14 17:35:30.775665 Juliett: Oscar and Golf, sending you 5
2024-10-14 17:35:30.778655 Mike: Lima and Alpha, sending you 6
chatterbot Romeo submitting transactions
chatterbot Tango submitting transactions
chatterbot Golf submitting transactions
chatterbot Lima submitting transactions
chatterbot Oscar submitting transactions
chatterbot Alpha submitting transactions
chatterbot Mike submitting transactions
chatterbot Victor submitting transactions
chatterbot India submitting transactions
chatterbot Juliett submitting transactions
ChatterBot Victor round 11
ChatterBot India round 11
ChatterBot Romeo round 11
ChatterBot Oscar round 11
ChatterBot Lima round 11
ChatterBot Tango round 11
ChatterBot Alpha round 11
ChatterBot Golf round 11
ChatterBot Juliett round 11
ChatterBot Mike round 11
2024-10-14 17:35:31.904882 Victor: India and Lima, sending you 5
2024-10-14 17:35:31.905972 Romeo: Oscar and Golf, sending you 2
2024-10-14 17:35:31.906937 India: Victor, sending you 6
2024-10-14 17:35:31.907686 Oscar: Romeo, sending you 3
2024-10-14 17:35:31.909690 Victor: Alpha, sending you 4
2024-10-14 17:35:31.910682 Romeo: Tango and Juliett, sending you 3
2024-10-14 17:35:31.911750 Tango: Romeo, Oscar and Juliett, sending you 4
2024-10-14 17:35:31.912708 India: Alpha, sending you 4
2024-10-14 17:35:31.913652 Oscar: Tango and Golf, sending you 4
2024-10-14 17:35:31.914869 Golf: Romeo, sending you 3
2024-10-14 17:35:31.915681 Alpha: Same as last round
2024-10-14 17:35:31.916347 Victor: Mike, sending you 3
2024-10-14 17:35:31.916871 Juliett: Romeo and Tango, sending you 4
2024-10-14 17:35:31.917380 Lima: Victor and Alpha, sending you 5
2024-10-14 17:35:31.918153 Tango: Golf, sending you 6
2024-10-14 17:35:31.918725 India: Mike, sending you 2
2024-10-14 17:35:31.919657 Oscar: Juliett, sending you 5
2024-10-14 17:35:31.920271 Golf: Oscar, Tango and Juliett, sending you 4
2024-10-14 17:35:31.921168 Mike: Victor, sending you 5
2024-10-14 17:35:31.921680 Juliett: Oscar and Golf, sending you 5
2024-10-14 17:35:31.922682 Lima: Mike, sending you 4
2024-10-14 17:35:31.926665 Mike: India, sending you 3
2024-10-14 17:35:31.929664 Mike: Lima and Alpha, sending you 6
chatterbot Tango submitting transactions
chatterbot Mike submitting transactions
chatterbot Alpha submitting transactions
chatterbot Oscar submitting transactions
chatterbot Victor submitting transactions
chatterbot Lima submitting transactions
chatterbot Romeo submitting transactions
chatterbot Juliett submitting transactions
chatterbot Golf submitting transactions
chatterbot India submitting transactions
ChatterBot Victor round 12
ChatterBot India round 12
ChatterBot Romeo round 12
ChatterBot Oscar round 12
ChatterBot Lima round 12
ChatterBot Tango round 12
ChatterBot Alpha round 12
ChatterBot Golf round 12
ChatterBot Juliett round 12
ChatterBot Mike round 12
2024-10-14 17:35:33.170706 Lima: Victor and Alpha, sending you 5
2024-10-14 17:35:33.174675 Mike: Victor, sending you 5
2024-10-14 17:35:33.175762 Lima: Mike, sending you 4
2024-10-14 17:35:33.176861 Victor: India and Lima, sending you 5
2024-10-14 17:35:33.177952 Juliett: Romeo and Tango, sending you 4
2024-10-14 17:35:33.178972 India: Victor, sending you 6
2024-10-14 17:35:33.180008 Mike: India, sending you 3
2024-10-14 17:35:33.181514 Victor: Alpha, sending you 4
2024-10-14 17:35:33.182669 Golf: Romeo, sending you 3
2024-10-14 17:35:33.184011 Juliett: Oscar and Golf, sending you 5
2024-10-14 17:35:33.184837 Tango: Romeo, Oscar and Juliett, sending you 4
2024-10-14 17:35:33.185603 India: Alpha, sending you 4
2024-10-14 17:35:33.186180 Alpha: Same as last round
2024-10-14 17:35:33.187102 Romeo: Oscar and Golf, sending you 2
2024-10-14 17:35:33.187948 Mike: Lima and Alpha, sending you 6
2024-10-14 17:35:33.188514 Oscar: Romeo, sending you 3
2024-10-14 17:35:33.189018 Victor: Mike, sending you 3
2024-10-14 17:35:33.190002 Golf: Oscar, Tango and Juliett, sending you 4
2024-10-14 17:35:33.190506 Tango: Golf, sending you 6
2024-10-14 17:35:33.191063 India: Mike, sending you 2
2024-10-14 17:35:33.191788 Romeo: Tango and Juliett, sending you 3
2024-10-14 17:35:33.192962 Oscar: Tango and Golf, sending you 4
2024-10-14 17:35:33.197017 Oscar: Juliett, sending you 5
chatterbot Oscar submitting transactions
chatterbot Lima submitting transactions
chatterbot Golf submitting transactions
chatterbot Victor submitting transactions
chatterbot Alpha submitting transactions
chatterbot India submitting transactions
chatterbot Juliett submitting transactions
chatterbot Tango submitting transactions
chatterbot Mike submitting transactions
chatterbot Romeo submitting transactions
ChatterBot Victor round 13
ChatterBot India round 13
ChatterBot Romeo round 13
ChatterBot Oscar round 13
ChatterBot Lima round 13
ChatterBot Tango round 13
ChatterBot Alpha round 13
ChatterBot Golf round 13
ChatterBot Juliett round 13
ChatterBot Mike round 13
2024-10-14 17:35:34.315677 India: Victor, sending you 6
2024-10-14 17:35:34.319667 India: Alpha, sending you 4
2024-10-14 17:35:34.321679 Victor: India and Lima, sending you 5
2024-10-14 17:35:34.324694 India: Mike, sending you 2
2024-10-14 17:35:34.326310 Tango: Romeo, Oscar and Juliett, sending you 4
2024-10-14 17:35:34.327404 Oscar: Romeo, sending you 3
2024-10-14 17:35:34.328670 Victor: Alpha, sending you 4
2024-10-14 17:35:34.329893 Tango: Golf, sending you 6
2024-10-14 17:35:34.331716 Lima: Victor and Alpha, sending you 5
2024-10-14 17:35:34.332672 Oscar: Tango and Golf, sending you 4
2024-10-14 17:35:34.335176 Victor: Mike, sending you 3
2024-10-14 17:35:34.336019 Juliett: Romeo and Tango, sending you 4
2024-10-14 17:35:34.336964 Romeo: Oscar and Golf, sending you 2
2024-10-14 17:35:34.337659 Golf: Romeo, sending you 3
2024-10-14 17:35:34.338432 Lima: Mike, sending you 4
2024-10-14 17:35:34.338915 Oscar: Juliett, sending you 5
2024-10-14 17:35:34.339584 Mike: Victor, sending you 5
2024-10-14 17:35:34.340873 Alpha: Same as last round
2024-10-14 17:35:34.341642 Juliett: Oscar and Golf, sending you 5
2024-10-14 17:35:34.342387 Romeo: Tango and Juliett, sending you 3
2024-10-14 17:35:34.343078 Golf: Oscar, Tango and Juliett, sending you 4
2024-10-14 17:35:34.344658 Mike: India, sending you 3
2024-10-14 17:35:34.349178 Mike: Lima and Alpha, sending you 6
chatterbot Oscar submitting transactions
chatterbot Lima submitting transactions
chatterbot Victor submitting transactions
chatterbot Romeo submitting transactions
chatterbot India submitting transactions
chatterbot Mike submitting transactions
chatterbot Golf submitting transactions
chatterbot Tango submitting transactions
chatterbot Juliett submitting transactions
chatterbot Alpha submitting transactions
ChatterBot Victor round 14
ChatterBot India round 14
ChatterBot Romeo round 14
ChatterBot Oscar round 14
ChatterBot Lima round 14
ChatterBot Tango round 14
ChatterBot Alpha round 14
ChatterBot Golf round 14
ChatterBot Juliett round 14
ChatterBot Mike round 14
2024-10-14 17:35:35.552665 India: Victor, sending you 6
2024-10-14 17:35:35.556662 Tango: Romeo, Oscar and Juliett, sending you 4
2024-10-14 17:35:35.557372 India: Alpha, sending you 4
2024-10-14 17:35:35.559680 Tango: Golf, sending you 6
2024-10-14 17:35:35.561672 Oscar: Romeo, sending you 3
2024-10-14 17:35:35.562680 India: Mike, sending you 2
2024-10-14 17:35:35.563674 Juliett: Romeo and Tango, sending you 4
2024-10-14 17:35:35.564689 Golf: Romeo, sending you 3
2024-10-14 17:35:35.565673 Oscar: Tango and Golf, sending you 4
2024-10-14 17:35:35.567701 Romeo: Oscar and Golf, sending you 2
2024-10-14 17:35:35.568264 Lima: Victor and Alpha, sending you 5
2024-10-14 17:35:35.568628 Alpha: Same as last round
2024-10-14 17:35:35.569862 Juliett: Oscar and Golf, sending you 5
2024-10-14 17:35:35.573990 Golf: Oscar, Tango and Juliett, sending you 4
2024-10-14 17:35:35.574655 Mike: Victor, sending you 5
2024-10-14 17:35:35.575850 Oscar: Juliett, sending you 5
2024-10-14 17:35:35.576435 Victor: India and Lima, sending you 5
2024-10-14 17:35:35.577648 Romeo: Tango and Juliett, sending you 3
2024-10-14 17:35:35.578308 Lima: Mike, sending you 4
2024-10-14 17:35:35.580664 Mike: India, sending you 3
2024-10-14 17:35:35.581358 Victor: Alpha, sending you 4
2024-10-14 17:35:35.586549 Mike: Lima and Alpha, sending you 6
2024-10-14 17:35:35.587638 Victor: Mike, sending you 3
chatterbot Alpha submitting transactions
chatterbot Juliett submitting transactions
chatterbot Victor submitting transactions
chatterbot Lima submitting transactions
chatterbot Oscar submitting transactions
chatterbot India submitting transactions
chatterbot Romeo submitting transactions
chatterbot Golf submitting transactions
chatterbot Mike submitting transactions
chatterbot Tango submitting transactions
ChatterBot Victor round 15
ChatterBot India round 15
ChatterBot Romeo round 15
ChatterBot Oscar round 15
ChatterBot Lima round 15
ChatterBot Tango round 15
ChatterBot Alpha round 15
ChatterBot Golf round 15
ChatterBot Juliett round 15
ChatterBot Mike round 15
2024-10-14 17:35:36.791658 Victor: India and Lima, sending you 5
2024-10-14 17:35:36.792658 Juliett: Romeo and Tango, sending you 4
2024-10-14 17:35:36.796670 Victor: Alpha, sending you 4
2024-10-14 17:35:36.797271 Juliett: Oscar and Golf, sending you 5
2024-10-14 17:35:36.797861 Oscar: Romeo, sending you 3
2024-10-14 17:35:36.798403 Golf: Romeo, sending you 3
2024-10-14 17:35:36.798967 Alpha: Same as last round
2024-10-14 17:35:36.799563 Lima: Victor and Alpha, sending you 5
2024-10-14 17:35:36.799916 Romeo: Oscar and Golf, sending you 2
2024-10-14 17:35:36.800677 Tango: Romeo, Oscar and Juliett, sending you 4
2024-10-14 17:35:36.801217 Oscar: Tango and Golf, sending you 4
2024-10-14 17:35:36.801728 India: Victor, sending you 6
2024-10-14 17:35:36.802274 Victor: Mike, sending you 3
2024-10-14 17:35:36.803659 Golf: Oscar, Tango and Juliett, sending you 4
2024-10-14 17:35:36.804673 Lima: Mike, sending you 4
2024-10-14 17:35:36.805011 Romeo: Tango and Juliett, sending you 3
2024-10-14 17:35:36.805532 Oscar: Juliett, sending you 5
2024-10-14 17:35:36.806038 India: Alpha, sending you 4
2024-10-14 17:35:36.806578 Tango: Golf, sending you 6
2024-10-14 17:35:36.808670 India: Mike, sending you 2
2024-10-14 17:35:36.811655 Mike: Victor, sending you 5
2024-10-14 17:35:36.816690 Mike: India, sending you 3
2024-10-14 17:35:36.819663 Mike: Lima and Alpha, sending you 6
chatterbot Lima submitting transactions
chatterbot Golf submitting transactions
chatterbot Romeo submitting transactions
chatterbot Alpha submitting transactions
chatterbot Tango submitting transactions
chatterbot Oscar submitting transactions
chatterbot Victor submitting transactions
chatterbot Juliett submitting transactions
chatterbot India submitting transactions
chatterbot Mike submitting transactions
ChatterBot Victor round 16
ChatterBot India round 16
ChatterBot Romeo round 16
ChatterBot Oscar round 16
ChatterBot Lima round 16
ChatterBot Tango round 16
ChatterBot Alpha round 16
ChatterBot Golf round 16
ChatterBot Juliett round 16
ChatterBot Mike round 16
2024-10-14 17:35:38.063688 Victor: India and Lima, sending you 5
2024-10-14 17:35:38.067675 Victor: Alpha, sending you 4
2024-10-14 17:35:38.068668 Oscar: Romeo, sending you 3
2024-10-14 17:35:38.070704 Victor: Mike, sending you 3
2024-10-14 17:35:38.071682 Oscar: Tango and Golf, sending you 4
2024-10-14 17:35:38.074674 Juliett: Romeo and Tango, sending you 4
2024-10-14 17:35:38.075407 Lima: Victor and Alpha, sending you 5
2024-10-14 17:35:38.075794 Tango: Romeo, Oscar and Juliett, sending you 4
2024-10-14 17:35:38.076376 Oscar: Juliett, sending you 5
2024-10-14 17:35:38.076945 Romeo: Oscar and Golf, sending you 2
2024-10-14 17:35:38.077530 India: Victor, sending you 6
2024-10-14 17:35:38.078679 Lima: Mike, sending you 4
2024-10-14 17:35:38.079542 Tango: Golf, sending you 6
2024-10-14 17:35:38.080162 Juliett: Oscar and Golf, sending you 5
2024-10-14 17:35:38.080812 Romeo: Tango and Juliett, sending you 3
2024-10-14 17:35:38.082665 India: Alpha, sending you 4
2024-10-14 17:35:38.083661 Alpha: Same as last round
