ChatterBot Romeo round 1
ChatterBot Bravo round 1
ChatterBot Zulu round 1
ChatterBot Foxtrot round 1
ChatterBot Oscar round 1
ChatterBot Kilo round 1
ChatterBot Sierra round 1
ChatterBot India round 1
ChatterBot Juliett round 1
ChatterBot Mike round 1
randomSelections Zulu: {Zulu, Mike, Juliett, Sierra} 
2024-10-14 17:35:19.579918 Zulu: Friends?
ChatterBot Mike reevaluating
ChatterBot Juliett reevaluating
ChatterBot Sierra reevaluating
2024-10-14 17:35:19.586450 Mike: Yes
2024-10-14 17:35:19.586553 Juliett: Yes
2024-10-14 17:35:19.586660 Sierra: Yes
ChatterBot Juliett reevaluating
ChatterBot Sierra reevaluating
ChatterBot Mike reevaluating
ChatterBot Sierra reevaluating
ChatterBot Mike reevaluating
ChatterBot Juliett reevaluating
randomSelections Oscar: {Oscar, Bravo, Kilo, Zulu, Foxtrot, Sierra} 
2024-10-14 17:35:19.602129 Oscar: Friends?
ChatterBot Bravo reevaluating
ChatterBot Kilo reevaluating
ChatterBot Foxtrot reevaluating
ChatterBot Sierra reevaluating
2024-10-14 17:35:19.611115 Bravo: Yes
2024-10-14 17:35:19.611269 Kilo: Yes
2024-10-14 17:35:19.611380 Zulu: No
2024-10-14 17:35:19.611581 Foxtrot: Yes
2024-10-14 17:35:19.611730 Sierra: No
ChatterBot Kilo reevaluating
ChatterBot Foxtrot reevaluating
ChatterBot Sierra reevaluating
ChatterBot Bravo reevaluating
ChatterBot Foxtrot reevaluating
ChatterBot Sierra reevaluating
ChatterBot Bravo reevaluating
ChatterBot Kilo reevaluating
ChatterBot Foxtrot reevaluating
ChatterBot Sierra reevaluating
ChatterBot Bravo reevaluating
ChatterBot Kilo reevaluating
ChatterBot Sierra reevaluating
ChatterBot Bravo reevaluating
ChatterBot Kilo reevaluating
ChatterBot Foxtrot reevaluating
randomSelections India: {India, Zulu, Mike, Oscar} 
2024-10-14 17:35:19.661983 India: We would work well together
ChatterBot Mike reevaluating
2024-10-14 17:35:19.665701 Zulu: No
2024-10-14 17:35:19.665852 Mike: No
2024-10-14 17:35:19.665968 Oscar: No
ChatterBot Mike reevaluating
ChatterBot Mike reevaluating
randomSelections Romeo: {Romeo, Bravo, Juliett, Kilo, Foxtrot, Oscar, India} 
2024-10-14 17:35:19.680005 Romeo: Friends?
ChatterBot Bravo reevaluating
ChatterBot Juliett reevaluating
ChatterBot Kilo reevaluating
ChatterBot Foxtrot reevaluating
2024-10-14 17:35:19.687943 Bravo: No
2024-10-14 17:35:19.688109 Juliett: No
2024-10-14 17:35:19.688222 Kilo: No
2024-10-14 17:35:19.688329 Foxtrot: No
2024-10-14 17:35:19.688436 Oscar: No
2024-10-14 17:35:19.688998 India: No
ChatterBot Juliett reevaluating
ChatterBot Kilo reevaluating
ChatterBot Foxtrot reevaluating
ChatterBot Bravo reevaluating
ChatterBot Kilo reevaluating
ChatterBot Foxtrot reevaluating
ChatterBot Bravo reevaluating
ChatterBot Juliett reevaluating
ChatterBot Foxtrot reevaluating
ChatterBot Bravo reevaluating
ChatterBot Juliett reevaluating
ChatterBot Kilo reevaluating
ChatterBot Bravo reevaluating
ChatterBot Juliett reevaluating
ChatterBot Kilo reevaluating
ChatterBot Foxtrot reevaluating
ChatterBot Bravo reevaluating
ChatterBot Juliett reevaluating
ChatterBot Kilo reevaluating
ChatterBot Foxtrot reevaluating
2024-10-14 17:35:19.776662 Foxtrot: Bravo and Zulu, sending you 1
2024-10-14 17:35:19.776914 Sierra: Zulu and Juliett, sending you 2
2024-10-14 17:35:19.777807 Oscar: Bravo, sending you 3
2024-10-14 17:35:19.780674 Foxtrot: Kilo, sending you 3
2024-10-14 17:35:19.780923 Sierra: Mike, sending you 5
2024-10-14 17:35:19.781676 Juliett: Zulu, sending you 4
2024-10-14 17:35:19.781952 Oscar: Zulu, sending you 5
2024-10-14 17:35:19.782678 India: Zulu, sending you 3
2024-10-14 17:35:19.784681 Mike: Zulu, sending you 4
2024-10-14 17:35:19.785359 Foxtrot: Sierra, sending you 5
2024-10-14 17:35:19.785700 Zulu: Sierra, sending you 3
2024-10-14 17:35:19.785942 Romeo: Bravo, Foxtrot, Kilo and Juliett, sending you 2
2024-10-14 17:35:19.786168 Kilo: Bravo, sending you 5
2024-10-14 17:35:19.786350 Juliett: Sierra, sending you 5
2024-10-14 17:35:19.786506 Bravo: Zulu, sending you 2
2024-10-14 17:35:19.786740 Oscar: Foxtrot, sending you 6
2024-10-14 17:35:19.787681 India: Oscar and Mike, sending you 5
2024-10-14 17:35:19.788652 Mike: Sierra, sending you 2
2024-10-14 17:35:19.789352 Kilo: Zulu, sending you 3
2024-10-14 17:35:19.789669 Juliett: Mike, sending you 1
2024-10-14 17:35:19.791046 Zulu: Juliett, sending you 4
2024-10-14 17:35:19.791423 Romeo: Oscar and India, sending you 5
2024-10-14 17:35:19.791879 Bravo: Foxtrot and Sierra, sending you 3
2024-10-14 17:35:19.792135 Oscar: Kilo and Sierra, sending you 1
2024-10-14 17:35:19.793673 Mike: Juliett, sending you 9
2024-10-14 17:35:19.793942 Kilo: Foxtrot, sending you 4
2024-10-14 17:35:19.794695 Zulu: Mike, sending you 7
2024-10-14 17:35:19.794951 Bravo: Oscar, sending you 5
2024-10-14 17:35:19.797660 Kilo: Oscar and Sierra, sending you 2
2024-10-14 17:35:19.798362 Bravo: Kilo, sending you 4
chatterbot Oscar submitting transactions
chatterbot Zulu submitting transactions
chatterbot Mike submitting transactions
chatterbot Bravo submitting transactions
chatterbot Sierra submitting transactions
chatterbot India submitting transactions
chatterbot Romeo submitting transactions
chatterbot Kilo submitting transactions
chatterbot Foxtrot submitting transactions
chatterbot Juliett submitting transactions
ChatterBot Romeo round 2
ChatterBot Bravo round 2
ChatterBot Zulu round 2
ChatterBot Foxtrot round 2
ChatterBot Oscar round 2
2024-10-14 17:35:21.211128 Foxtrot: Can we be friends?
ChatterBot Romeo reevaluating
ChatterBot Bravo reevaluating
ChatterBot Oscar reevaluating
ChatterBot Kilo reevaluating
2024-10-14 17:35:21.247599 Romeo: Yes
2024-10-14 17:35:21.247778 Bravo: Yes
2024-10-14 17:35:21.247948 Oscar: Yes
2024-10-14 17:35:21.248108 Kilo: No
ChatterBot Foxtrot reevaluating
ChatterBot Bravo reevaluating
ChatterBot Oscar reevaluating
ChatterBot Kilo reevaluating
ChatterBot Foxtrot reevaluating
ChatterBot Romeo reevaluating
ChatterBot Oscar reevaluating
ChatterBot Kilo reevaluating
ChatterBot Foxtrot reevaluating
ChatterBot Romeo reevaluating
ChatterBot Bravo reevaluating
ChatterBot Kilo reevaluating
ChatterBot Foxtrot reevaluating
ChatterBot Romeo reevaluating
ChatterBot Bravo reevaluating
ChatterBot Oscar reevaluating
2024-10-14 17:35:21.365279 Bravo: Can we be friends?
ChatterBot Oscar reevaluating
ChatterBot Romeo reevaluating
2024-10-14 17:35:21.373560 Oscar: Yes
2024-10-14 17:35:21.374060 Romeo: Yes
ChatterBot Foxtrot reevaluating
ChatterBot Kilo reevaluating
2024-10-14 17:35:21.388673 Foxtrot: Yes
2024-10-14 17:35:21.388794 Kilo: No
ChatterBot Foxtrot reevaluating
ChatterBot Romeo reevaluating
ChatterBot Bravo reevaluating
ChatterBot Kilo reevaluating
ChatterBot Foxtrot reevaluating
ChatterBot Bravo reevaluating
ChatterBot Oscar reevaluating
ChatterBot Kilo reevaluating
ChatterBot Romeo reevaluating
ChatterBot Bravo reevaluating
ChatterBot Oscar reevaluating
ChatterBot Kilo reevaluating
ChatterBot Foxtrot reevaluating
ChatterBot Romeo reevaluating
ChatterBot Bravo reevaluating
ChatterBot Oscar reevaluating
ChatterBot Kilo round 2
2024-10-14 17:35:21.491715 Zulu: We should add India
ChatterBot Mike reevaluating
ChatterBot Juliett reevaluating
ChatterBot Sierra reevaluating
2024-10-14 17:35:21.526511 Mike: Yes
2024-10-14 17:35:21.526674 Juliett: No
2024-10-14 17:35:21.526789 Sierra: No
ChatterBot Juliett reevaluating
ChatterBot Sierra reevaluating
ChatterBot Zulu reevaluating
ChatterBot Mike reevaluating
ChatterBot Sierra reevaluating
ChatterBot Zulu reevaluating
ChatterBot Mike reevaluating
ChatterBot Juliett reevaluating
2024-10-14 17:35:21.669156 Juliett: We should group up
ChatterBot Romeo reevaluating
2024-10-14 17:35:21.673958 Romeo: No
ChatterBot Juliett reevaluating
ChatterBot Sierra round 2
ChatterBot India round 2
ChatterBot Juliett round 2
ChatterBot Mike round 2
2024-10-14 17:35:21.700880 Kilo: Can we be friends?
ChatterBot Foxtrot reevaluating
ChatterBot Romeo reevaluating
2024-10-14 17:35:21.713080 Foxtrot: Yes
2024-10-14 17:35:21.713358 Romeo: Yes
2024-10-14 17:35:21.713565 Bravo: Yes
2024-10-14 17:35:21.714077 Oscar: Yes
ChatterBot Romeo reevaluating
ChatterBot Foxtrot reevaluating
ChatterBot Foxtrot reevaluating
ChatterBot Romeo reevaluating
ChatterBot Foxtrot reevaluating
ChatterBot Romeo reevaluating
2024-10-14 17:35:21.762676 Mike: We should drop Juliett and Sierra
ChatterBot Zulu reevaluating
2024-10-14 17:35:21.766024 Zulu: No
ChatterBot Mike reevaluating
2024-10-14 17:35:21.773626 Juliett: We should drop Zulu and Sierra
ChatterBot Mike reevaluating
2024-10-14 17:35:21.776888 Mike: No
ChatterBot Juliett reevaluating
2024-10-14 17:35:21.780632 Mike: We should add India
ChatterBot Zulu reevaluating
ChatterBot Juliett reevaluating
2024-10-14 17:35:21.790905 Zulu: No
2024-10-14 17:35:21.791040 Juliett: No
2024-10-14 17:35:21.791248 Sierra: No
ChatterBot Mike reevaluating
ChatterBot Juliett reevaluating
ChatterBot Zulu reevaluating
ChatterBot Mike reevaluating
ChatterBot Zulu reevaluating
ChatterBot Mike reevaluating
ChatterBot Juliett reevaluating
2024-10-14 17:35:21.827931 India: Group up?
ChatterBot Romeo reevaluating
ChatterBot Bravo reevaluating
ChatterBot Foxtrot reevaluating
ChatterBot Kilo reevaluating
2024-10-14 17:35:21.843455 Oscar: Yes
2024-10-14 17:35:21.843577 Romeo: No
2024-10-14 17:35:21.843688 Bravo: Yes
2024-10-14 17:35:21.843792 Foxtrot: Yes
2024-10-14 17:35:21.843884 Kilo: Yes
ChatterBot Romeo reevaluating
ChatterBot Bravo reevaluating
ChatterBot Foxtrot reevaluating
ChatterBot Kilo reevaluating
ChatterBot Bravo reevaluating
ChatterBot Foxtrot reevaluating
ChatterBot Kilo reevaluating
ChatterBot Romeo reevaluating
ChatterBot Foxtrot reevaluating
ChatterBot Kilo reevaluating
ChatterBot Romeo reevaluating
ChatterBot Bravo reevaluating
ChatterBot Kilo reevaluating
ChatterBot Romeo reevaluating
ChatterBot Bravo reevaluating
ChatterBot Foxtrot reevaluating
2024-10-14 17:35:22.002315 Romeo: We should drop Juliett
2024-10-14 17:35:22.015904 Oscar: Yes
2024-10-14 17:35:22.016093 Bravo: Yes
2024-10-14 17:35:22.016203 Foxtrot: Yes
2024-10-14 17:35:22.016345 Kilo: Yes
2024-10-14 17:35:22.016458 India: Yes
2024-10-14 17:35:22.082491 Oscar: Romeo, sending you 5
2024-10-14 17:35:22.083007 Zulu: India we want you to join our group
2024-10-14 17:35:22.086957 India: No
ChatterBot Zulu reevaluating
ChatterBot Juliett reevaluating
ChatterBot Mike reevaluating
2024-10-14 17:35:22.100138 Oscar: Bravo and India, sending you 4
2024-10-14 17:35:22.112833 Kilo: Romeo and Oscar, sending you 3
2024-10-14 17:35:22.113170 Bravo: Romeo, sending you 3
2024-10-14 17:35:22.113423 Oscar: Foxtrot, sending you 2
2024-10-14 17:35:22.113663 Sierra: Zulu, sending you 3
2024-10-14 17:35:22.114245 India: Romeo, sending you 8
2024-10-14 17:35:22.114500 Foxtrot: Romeo, sending you 1
2024-10-14 17:35:22.114956 Juliett: We should drop Sierra
ChatterBot Zulu reevaluating
2024-10-14 17:35:22.120866 Zulu: No
2024-10-14 17:35:22.121 Mike: No
ChatterBot Juliett reevaluating
ChatterBot Juliett reevaluating
ChatterBot Zulu reevaluating
2024-10-14 17:35:22.133549 Bravo: Foxtrot, sending you 1
2024-10-14 17:35:22.133901 India: Bravo, sending you 2
2024-10-14 17:35:22.134143 Kilo: Bravo, sending you 5
2024-10-14 17:35:22.134403 Oscar: Kilo, sending you 3
2024-10-14 17:35:22.135019 Sierra: Juliett, sending you 4
2024-10-14 17:35:22.135238 Foxtrot: Bravo, sending you 2
2024-10-14 17:35:22.162344 Bravo: Oscar, sending you 5
2024-10-14 17:35:22.163098 Romeo: Bravo, Foxtrot, Oscar and Kilo, sending you 4
2024-10-14 17:35:22.163557 India: Foxtrot, Oscar and Kilo, sending you 1
2024-10-14 17:35:22.163999 Kilo: Foxtrot, sending you 4
2024-10-14 17:35:22.167949 Sierra: Mike, sending you 2
2024-10-14 17:35:22.168363 Foxtrot: Oscar, sending you 4
2024-10-14 17:35:22.168781 Mike: Zulu, sending you 7
2024-10-14 17:35:22.171055 Romeo: India, sending you 2
2024-10-14 17:35:22.171511 Bravo: Kilo, sending you 8
2024-10-14 17:35:22.172012 Kilo: India, sending you 2
2024-10-14 17:35:22.174552 Foxtrot: Kilo, sending you 3
2024-10-14 17:35:22.175066 Mike: Sierra, sending you 5
2024-10-14 17:35:22.185799 Juliett: Zulu, sending you 3
2024-10-14 17:35:22.186224 Mike: Juliett, sending you 3
chatterbot Foxtrot submitting transactions
2024-10-14 17:35:22.197603 Juliett: Sierra, sending you 2
2024-10-14 17:35:22.220208 Zulu: Sierra, sending you 2
2024-10-14 17:35:22.221526 Juliett: Mike, sending you 5
2024-10-14 17:35:22.230082 Zulu: Juliett and Mike, sending you 6
chatterbot India submitting transactions
chatterbot Sierra submitting transactions
chatterbot Oscar submitting transactions
chatterbot Romeo submitting transactions
chatterbot Kilo submitting transactions
chatterbot Juliett submitting transactions
chatterbot Zulu submitting transactions
chatterbot Bravo submitting transactions
chatterbot Mike submitting transactions
ChatterBot Romeo round 3
ChatterBot Bravo round 3
ChatterBot Zulu round 3
ChatterBot Foxtrot round 3
ChatterBot Oscar round 3
ChatterBot Kilo round 3
ChatterBot Sierra round 3
ChatterBot India round 3
ChatterBot Juliett round 3
ChatterBot Mike round 3
2024-10-14 17:35:23.339679 Romeo: Bravo and Kilo, sending you 3
2024-10-14 17:35:23.340667 Zulu: Sierra, sending you 3
2024-10-14 17:35:23.342660 Romeo: Oscar, sending you 5
2024-10-14 17:35:23.343682 Zulu: Juliett, sending you 4
2024-10-14 17:35:23.346679 Romeo: India, sending you 7
2024-10-14 17:35:23.347678 India: Romeo, sending you 5
2024-10-14 17:35:23.348670 Zulu: Mike, sending you 7
2024-10-14 17:35:23.351680 India: Bravo and Foxtrot, sending you 1
2024-10-14 17:35:23.352482 Bravo: Romeo, sending you 3
2024-10-14 17:35:23.352985 Oscar: Romeo, sending you 4
2024-10-14 17:35:23.355658 India: Oscar, sending you 4
2024-10-14 17:35:23.356031 Oscar: Bravo, sending you 5
2024-10-14 17:35:23.357694 Bravo: Foxtrot, sending you 2
2024-10-14 17:35:23.358167 Kilo: Romeo and Oscar, sending you 3
2024-10-14 17:35:23.359086 Foxtrot: Romeo and Bravo, sending you 2
2024-10-14 17:35:23.360683 India: Kilo, sending you 2
2024-10-14 17:35:23.361713 Oscar: Foxtrot, Kilo and India, sending you 3
2024-10-14 17:35:23.362205 Juliett: Zulu and Mike, sending you 4
2024-10-14 17:35:23.362496 Sierra: Sending you each 3
2024-10-14 17:35:23.362775 Kilo: Bravo, sending you 5
2024-10-14 17:35:23.363157 Bravo: Oscar, sending you 4
2024-10-14 17:35:23.363502 Foxtrot: Oscar and Kilo, sending you 3
2024-10-14 17:35:23.364680 Mike: Zulu, sending you 7
2024-10-14 17:35:23.364985 Juliett: Sierra, sending you 2
2024-10-14 17:35:23.365711 Bravo: Kilo, sending you 7
2024-10-14 17:35:23.367679 Kilo: Foxtrot, sending you 4
2024-10-14 17:35:23.368077 Mike: Sierra and Juliett, sending you 4
2024-10-14 17:35:23.369676 Bravo: India, sending you 1
2024-10-14 17:35:23.370922 Kilo: India, sending you 2
chatterbot Foxtrot submitting transactions
chatterbot India submitting transactions
chatterbot Mike submitting transactions
chatterbot Zulu submitting transactions
chatterbot Juliett submitting transactions
chatterbot Kilo submitting transactions
chatterbot Oscar submitting transactions
chatterbot Sierra submitting transactions
chatterbot Bravo submitting transactions
chatterbot Romeo submitting transactions
ChatterBot Romeo round 4
ChatterBot Bravo round 4
ChatterBot Zulu round 4
ChatterBot Foxtrot round 4
ChatterBot Oscar round 4
ChatterBot Kilo round 4
ChatterBot Sierra round 4
ChatterBot India round 4
ChatterBot Juliett round 4
ChatterBot Mike round 4
2024-10-14 17:35:24.572685 Romeo: Bravo and Kilo, sending you 3
2024-10-14 17:35:24.574658 Bravo: Romeo, sending you 3
2024-10-14 17:35:24.576646 Romeo: Foxtrot, sending you 1
2024-10-14 17:35:24.577928 Foxtrot: Romeo and India, sending you 1
2024-10-14 17:35:24.579655 Bravo: Foxtrot, sending you 2
2024-10-14 17:35:24.580047 Romeo: Oscar, sending you 5
2024-10-14 17:35:24.580673 Foxtrot: Bravo, sending you 2
2024-10-14 17:35:24.582663 India: Romeo, sending you 5
2024-10-14 17:35:24.583089 Bravo: Oscar, sending you 5
2024-10-14 17:35:24.583668 Romeo: India, sending you 6
2024-10-14 17:35:24.584668 Juliett: Zulu and Mike, sending you 4
2024-10-14 17:35:24.585084 Zulu: Sierra, sending you 3
2024-10-14 17:35:24.585387 Sierra: Same as last round
2024-10-14 17:35:24.585729 Foxtrot: Oscar and Kilo, sending you 3
2024-10-14 17:35:24.586202 India: Bravo and Kilo, sending you 2
2024-10-14 17:35:24.587663 Kilo: Romeo, Foxtrot, Oscar and India, sending you 3
2024-10-14 17:35:24.588122 Bravo: Kilo, sending you 6
2024-10-14 17:35:24.588656 Juliett: Sierra, sending you 2
2024-10-14 17:35:24.589659 Zulu: Juliett, sending you 4
2024-10-14 17:35:24.590011 Oscar: Romeo, sending you 4
2024-10-14 17:35:24.590870 India: Foxtrot, sending you 1
2024-10-14 17:35:24.591296 Kilo: Bravo, sending you 5
2024-10-14 17:35:24.592879 Bravo: India, sending you 1
2024-10-14 17:35:24.594707 Zulu: Mike, sending you 7
2024-10-14 17:35:24.595156 Oscar: Bravo, sending you 5
2024-10-14 17:35:24.595652 India: Oscar, sending you 3
2024-10-14 17:35:24.598686 Mike: Zulu, sending you 7
2024-10-14 17:35:24.599696 Oscar: Foxtrot, Kilo and India, sending you 3
2024-10-14 17:35:24.602669 Mike: Sierra and Juliett, sending you 4
chatterbot Sierra submitting transactions
chatterbot Kilo submitting transactions
chatterbot Zulu submitting transactions
chatterbot Juliett submitting transactions
chatterbot Romeo submitting transactions
chatterbot Oscar submitting transactions
chatterbot Bravo submitting transactions
chatterbot India submitting transactions
chatterbot Foxtrot submitting transactions
chatterbot Mike submitting transactions
ChatterBot Romeo round 5
ChatterBot Bravo round 5
ChatterBot Zulu round 5
ChatterBot Foxtrot round 5
ChatterBot Oscar round 5
ChatterBot Kilo round 5
ChatterBot Sierra round 5
ChatterBot India round 5
ChatterBot Juliett round 5
ChatterBot Mike round 5
2024-10-14 17:35:25.804703 Bravo: Romeo, sending you 3
2024-10-14 17:35:25.807692 Bravo: Foxtrot, sending you 2
2024-10-14 17:35:25.812679 Bravo: Oscar, sending you 5
2024-10-14 17:35:25.813714 Kilo: Romeo, Foxtrot, Oscar and India, sending you 3
2024-10-14 17:35:25.814727 Foxtrot: Romeo and India, sending you 1
2024-10-14 17:35:25.815678 Romeo: Bravo and Kilo, sending you 3
2024-10-14 17:35:25.816676 Juliett: Zulu and Mike, sending you 4
2024-10-14 17:35:25.818103 Bravo: Kilo, sending you 6
2024-10-14 17:35:25.818718 Kilo: Bravo, sending you 5
2024-10-14 17:35:25.819344 Sierra: Same as last round
2024-10-14 17:35:25.819756 Foxtrot: Bravo, sending you 2
2024-10-14 17:35:25.820333 Zulu: Sierra, sending you 3
2024-10-14 17:35:25.820633 Romeo: Foxtrot, sending you 2
2024-10-14 17:35:25.821150 Bravo: India, sending you 1
2024-10-14 17:35:25.821705 Juliett: Sierra, sending you 2
2024-10-14 17:35:25.822249 Mike: Zulu, sending you 7
2024-10-14 17:35:25.822685 India: Romeo, sending you 4
2024-10-14 17:35:25.823527 Oscar: Romeo, sending you 4
2024-10-14 17:35:25.824696 Foxtrot: Oscar and Kilo, sending you 3
2024-10-14 17:35:25.825512 Zulu: Juliett, sending you 4
2024-10-14 17:35:25.825922 Romeo: Oscar and India, sending you 5
2024-10-14 17:35:25.826582 India: Bravo, sending you 2
2024-10-14 17:35:25.827688 Mike: Sierra and Juliett, sending you 4
2024-10-14 17:35:25.828105 Oscar: Bravo, sending you 5
2024-10-14 17:35:25.829666 Zulu: Mike, sending you 7
2024-10-14 17:35:25.830707 India: Foxtrot, sending you 1
2024-10-14 17:35:25.832081 Oscar: Foxtrot, Kilo and India, sending you 3
2024-10-14 17:35:25.835672 India: Oscar and Kilo, sending you 3
chatterbot Bravo submitting transactions
chatterbot Sierra submitting transactions
chatterbot Mike submitting transactions
chatterbot Zulu submitting transactions
chatterbot Oscar submitting transactions
chatterbot Kilo submitting transactions
chatterbot India submitting transactions
chatterbot Foxtrot submitting transactions
chatterbot Juliett submitting transactions
chatterbot Romeo submitting transactions
ChatterBot Romeo round 6
ChatterBot Bravo round 6
ChatterBot Zulu round 6
ChatterBot Foxtrot round 6
ChatterBot Oscar round 6
ChatterBot Kilo round 6
ChatterBot Sierra round 6
ChatterBot India round 6
ChatterBot Juliett round 6
ChatterBot Mike round 6
2024-10-14 17:35:27.009660 Romeo: Bravo and Kilo, sending you 3
2024-10-14 17:35:27.011665 Zulu: Sierra, sending you 3
2024-10-14 17:35:27.014659 Romeo: Foxtrot, sending you 2
2024-10-14 17:35:27.015666 Zulu: Juliett, sending you 4
2024-10-14 17:35:27.018938 Mike: Zulu, sending you 6
2024-10-14 17:35:27.019274 Romeo: Oscar and India, sending you 5
2024-10-14 17:35:27.019770 Zulu: Mike, sending you 7
2024-10-14 17:35:27.020668 Kilo: Romeo, Foxtrot, Oscar and India, sending you 3
2024-10-14 17:35:27.022661 Mike: Sierra, sending you 4
2024-10-14 17:35:27.023674 Kilo: Bravo, sending you 5
2024-10-14 17:35:27.025683 Mike: Juliett, sending you 5
2024-10-14 17:35:27.027675 Oscar: Romeo, sending you 4
2024-10-14 17:35:27.028675 Juliett: Zulu and Mike, sending you 4
2024-10-14 17:35:27.029028 India: Romeo, sending you 4
2024-10-14 17:35:27.030658 Bravo: Romeo, sending you 3
2024-10-14 17:35:27.031186 Sierra: Same as last round
2024-10-14 17:35:27.032665 Foxtrot: Romeo and India, sending you 1
2024-10-14 17:35:27.033568 Oscar: Bravo, sending you 5
2024-10-14 17:35:27.034039 Juliett: Sierra, sending you 2
2024-10-14 17:35:27.034329 India: Bravo, sending you 2
2024-10-14 17:35:27.034776 Bravo: Foxtrot and India, sending you 2
2024-10-14 17:35:27.035683 Foxtrot: Bravo, sending you 2
2024-10-14 17:35:27.037661 Oscar: Foxtrot, Kilo and India, sending you 3
2024-10-14 17:35:27.038721 India: Foxtrot, sending you 1
2024-10-14 17:35:27.039307 Foxtrot: Oscar and Kilo, sending you 3
2024-10-14 17:35:27.039906 Bravo: Oscar and Kilo, sending you 5
2024-10-14 17:35:27.043659 India: Oscar and Kilo, sending you 3
chatterbot Zulu submitting transactions
chatterbot Foxtrot submitting transactions
chatterbot Mike submitting transactions
chatterbot India submitting transactions
chatterbot Juliett submitting transactions
chatterbot Romeo submitting transactions
chatterbot Kilo submitting transactions
chatterbot Bravo submitting transactions
chatterbot Oscar submitting transactions
chatterbot Sierra submitting transactions
ChatterBot Romeo round 7
ChatterBot Bravo round 7
ChatterBot Zulu round 7
ChatterBot Foxtrot round 7
ChatterBot Oscar round 7
ChatterBot Kilo round 7
ChatterBot Sierra round 7
ChatterBot India round 7
ChatterBot Juliett round 7
ChatterBot Mike round 7
2024-10-14 17:35:28.241697 Romeo: Bravo and Kilo, sending you 3
2024-10-14 17:35:28.246681 Kilo: Romeo, Foxtrot, Oscar and India, sending you 3
2024-10-14 17:35:28.247345 Romeo: Foxtrot, sending you 1
2024-10-14 17:35:28.247928 Foxtrot: Romeo and Bravo, sending you 2
2024-10-14 17:35:28.249679 Kilo: Bravo, sending you 5
2024-10-14 17:35:28.250703 Zulu: Sierra, sending you 3
2024-10-14 17:35:28.251159 Juliett: Zulu and Mike, sending you 4
2024-10-14 17:35:28.251722 Romeo: Oscar, sending you 5
2024-10-14 17:35:28.252731 Foxtrot: Oscar and Kilo, sending you 3
2024-10-14 17:35:28.253663 Zulu: Juliett, sending you 4
2024-10-14 17:35:28.254697 Bravo: Romeo, sending you 3
2024-10-14 17:35:28.255706 Oscar: Romeo, sending you 4
2024-10-14 17:35:28.256251 Juliett: Sierra, sending you 2
2024-10-14 17:35:28.257654 Romeo: India, sending you 6
2024-10-14 17:35:28.258362 Sierra: Same as last round
2024-10-14 17:35:28.258793 India: Romeo, sending you 4
2024-10-14 17:35:28.259407 Bravo: Foxtrot and India, sending you 2
2024-10-14 17:35:28.260404 Zulu: Mike, sending you 7
2024-10-14 17:35:28.260833 Mike: Zulu, sending you 6
2024-10-14 17:35:28.261142 Oscar: Bravo, sending you 5
2024-10-14 17:35:28.263671 India: Bravo, sending you 2
2024-10-14 17:35:28.264302 Bravo: Oscar and Kilo, sending you 5
2024-10-14 17:35:28.264968 Mike: Sierra, sending you 4
2024-10-14 17:35:28.265670 Oscar: Foxtrot, Kilo and India, sending you 3
2024-10-14 17:35:28.268688 India: Foxtrot, sending you 1
2024-10-14 17:35:28.269711 Mike: Juliett, sending you 5
2024-10-14 17:35:28.271693 India: Oscar and Kilo, sending you 3
chatterbot Zulu submitting transactions
chatterbot Bravo submitting transactions
chatterbot Juliett submitting transactions
chatterbot Kilo submitting transactions
chatterbot Sierra submitting transactions
chatterbot Foxtrot submitting transactions
chatterbot India submitting transactions
chatterbot Romeo submitting transactions
chatterbot Mike submitting transactions
chatterbot Oscar submitting transactions
ChatterBot Romeo round 8
ChatterBot Bravo round 8
ChatterBot Zulu round 8
ChatterBot Foxtrot round 8
ChatterBot Oscar round 8
ChatterBot Kilo round 8
ChatterBot Sierra round 8
ChatterBot India round 8
ChatterBot Juliett round 8
ChatterBot Mike round 8
2024-10-14 17:35:29.447671 Bravo: Romeo, sending you 3
2024-10-14 17:35:29.454470 Bravo: Foxtrot and India, sending you 2
2024-10-14 17:35:29.455362 Romeo: Bravo and Kilo, sending you 3
2024-10-14 17:35:29.457688 Foxtrot: Romeo and India, sending you 1
2024-10-14 17:35:29.458497 Bravo: Oscar and Kilo, sending you 5
2024-10-14 17:35:29.459104 Mike: Zulu, sending you 6
2024-10-14 17:35:29.459690 Romeo: Foxtrot, sending you 2
2024-10-14 17:35:29.460703 Zulu: Sierra, sending you 3
2024-10-14 17:35:29.463958 Foxtrot: Bravo, sending you 2
2024-10-14 17:35:29.464599 Kilo: Romeo, Foxtrot, Oscar and India, sending you 3
2024-10-14 17:35:29.465217 Juliett: Zulu and Mike, sending you 4
2024-10-14 17:35:29.465578 Mike: Sierra, sending you 4
2024-10-14 17:35:29.465932 Romeo: Oscar and India, sending you 5
2024-10-14 17:35:29.466580 Oscar: Romeo, sending you 4
2024-10-14 17:35:29.467435 Zulu: Juliett, sending you 4
2024-10-14 17:35:29.467876 Sierra: Same as last round
2024-10-14 17:35:29.468249 India: Romeo, sending you 4
2024-10-14 17:35:29.468870 Foxtrot: Oscar and Kilo, sending you 3
2024-10-14 17:35:29.469425 Kilo: Bravo, sending you 5
2024-10-14 17:35:29.470027 Juliett: Sierra, sending you 2
2024-10-14 17:35:29.470371 Mike: Juliett, sending you 5
2024-10-14 17:35:29.471698 Oscar: Bravo, sending you 5
2024-10-14 17:35:29.472437 Zulu: Mike, sending you 7
2024-10-14 17:35:29.472864 India: Bravo, sending you 2
2024-10-14 17:35:29.475704 India: Foxtrot, sending you 1
2024-10-14 17:35:29.476662 Oscar: Foxtrot, Kilo and India, sending you 3
2024-10-14 17:35:29.479048 India: Oscar and Kilo, sending you 3
chatterbot Romeo submitting transactions
chatterbot Zulu submitting transactions
chatterbot Mike submitting transactions
chatterbot Bravo submitting transactions
chatterbot Foxtrot submitting transactions
chatterbot India submitting transactions
chatterbot Oscar submitting transactions
chatterbot Kilo submitting transactions
chatterbot Sierra submitting transactions
chatterbot Juliett submitting transactions
ChatterBot Romeo round 9
ChatterBot Bravo round 9
ChatterBot Zulu round 9
ChatterBot Foxtrot round 9
ChatterBot Oscar round 9
ChatterBot Kilo round 9
ChatterBot Sierra round 9
ChatterBot India round 9
ChatterBot Juliett round 9
ChatterBot Mike round 9
2024-10-14 17:35:30.742712 Romeo: Bravo, sending you 3
2024-10-14 17:35:30.743910 Foxtrot: Romeo and Bravo, sending you 2
2024-10-14 17:35:30.744954 Bravo: Romeo, sending you 3
2024-10-14 17:35:30.745894 Oscar: Romeo, sending you 4
2024-10-14 17:35:30.747672 Romeo: Foxtrot, sending you 1
2024-10-14 17:35:30.748739 Juliett: Zulu and Sierra, sending you 3
2024-10-14 17:35:30.749249 India: Romeo, sending you 4
2024-10-14 17:35:30.750050 Bravo: Foxtrot and India, sending you 2
2024-10-14 17:35:30.750846 Foxtrot: Oscar and Kilo, sending you 3
2024-10-14 17:35:30.751563 Oscar: Bravo, sending you 5
2024-10-14 17:35:30.752580 Zulu: Sierra, sending you 3
2024-10-14 17:35:30.753062 Kilo: Romeo, Foxtrot, Oscar and India, sending you 3
2024-10-14 17:35:30.753821 Romeo: Oscar and India, sending you 5
2024-10-14 17:35:30.754635 Juliett: Mike, sending you 4
2024-10-14 17:35:30.755610 Mike: Zulu, sending you 6
2024-10-14 17:35:30.756544 India: Bravo, sending you 2
2024-10-14 17:35:30.757599 Bravo: Oscar and Kilo, sending you 5
2024-10-14 17:35:30.758885 Oscar: Foxtrot, Kilo and India, sending you 3
2024-10-14 17:35:30.759824 Zulu: Juliett, sending you 4
2024-10-14 17:35:30.760430 Sierra: Same as last round
2024-10-14 17:35:30.760925 Kilo: Bravo, sending you 5
2024-10-14 17:35:30.761722 Romeo: Kilo, sending you 4
2024-10-14 17:35:30.762619 Mike: Sierra, sending you 4
2024-10-14 17:35:30.763237 India: Foxtrot, sending you 1
2024-10-14 17:35:30.764200 Zulu: Mike, sending you 7
2024-10-14 17:35:30.766684 Mike: Juliett, sending you 5
2024-10-14 17:35:30.767324 India: Oscar and Kilo, sending you 3
chatterbot India submitting transactions
chatterbot Kilo submitting transactions
chatterbot Zulu submitting transactions
chatterbot Romeo submitting transactions
chatterbot Mike submitting transactions
chatterbot Bravo submitting transactions
chatterbot Oscar submitting transactions
chatterbot Foxtrot submitting transactions
chatterbot Sierra submitting transactions
chatterbot Juliett submitting transactions
ChatterBot Romeo round 10
ChatterBot Bravo round 10
ChatterBot Zulu round 10
ChatterBot Foxtrot round 10
ChatterBot Oscar round 10
ChatterBot Kilo round 10
ChatterBot Sierra round 10
ChatterBot India round 10
ChatterBot Juliett round 10
ChatterBot Mike round 10
2024-10-14 17:35:31.617669 Romeo: Bravo and Kilo, sending you 3
2024-10-14 17:35:31.620705 Sierra: Same as last round
2024-10-14 17:35:31.621223 Romeo: Foxtrot, sending you 2
2024-10-14 17:35:31.623896 Foxtrot: Romeo and India, sending you 1
2024-10-14 17:35:31.625672 Zulu: Sierra, sending you 3
2024-10-14 17:35:31.626700 Romeo: Oscar and India, sending you 5
2024-10-14 17:35:31.627939 Bravo: Romeo, sending you 3
2024-10-14 17:35:31.628712 Mike: Zulu, sending you 6
2024-10-14 17:35:31.629110 Juliett: Zulu and Sierra, sending you 3
2024-10-14 17:35:31.629671 Foxtrot: Bravo, sending you 2
2024-10-14 17:35:31.630643 Kilo: Romeo, Foxtrot, Oscar and India, sending you 3
2024-10-14 17:35:31.631297 Zulu: Juliett, sending you 4
2024-10-14 17:35:31.631727 Oscar: Romeo, sending you 4
2024-10-14 17:35:31.632502 India: Romeo, sending you 4
2024-10-14 17:35:31.633169 Bravo: Foxtrot and India, sending you 2
2024-10-14 17:35:31.633939 Juliett: Mike, sending you 4
2024-10-14 17:35:31.634742 Mike: Sierra, sending you 4
2024-10-14 17:35:31.635162 Kilo: Bravo, sending you 5
2024-10-14 17:35:31.635812 Zulu: Mike, sending you 7
2024-10-14 17:35:31.636416 Oscar: Bravo, sending you 5
2024-10-14 17:35:31.637485 Foxtrot: Oscar and Kilo, sending you 3
2024-10-14 17:35:31.638583 India: Bravo, sending you 2
2024-10-14 17:35:31.639253 Bravo: Oscar and Kilo, sending you 5
2024-10-14 17:35:31.639921 Mike: Juliett, sending you 5
2024-10-14 17:35:31.640323 Oscar: Foxtrot, Kilo and India, sending you 3
2024-10-14 17:35:31.641942 India: Foxtrot, sending you 1
2024-10-14 17:35:31.647661 India: Oscar and Kilo, sending you 3
chatterbot Bravo submitting transactions
chatterbot Kilo submitting transactions
chatterbot Zulu submitting transactions
chatterbot Sierra submitting transactions
chatterbot India submitting transactions
chatterbot Juliett submitting transactions
chatterbot Mike submitting transactions
chatterbot Oscar submitting transactions
chatterbot Romeo submitting transactions
chatterbot Foxtrot submitting transactions
ChatterBot Romeo round 11
ChatterBot Bravo round 11
ChatterBot Zulu round 11
ChatterBot Foxtrot round 11
ChatterBot Oscar round 11
ChatterBot Kilo round 11
ChatterBot Sierra round 11
ChatterBot India round 11
ChatterBot Juliett round 11
ChatterBot Mike round 11
2024-10-14 17:35:32.840669 Mike: Zulu, sending you 6
2024-10-14 17:35:32.841673 Romeo: Bravo, sending you 3
2024-10-14 17:35:32.842483 Bravo: Romeo, sending you 3
2024-10-14 17:35:32.843693 Juliett: Zulu and Sierra, sending you 3
2024-10-14 17:35:32.844393 Mike: Sierra, sending you 4
2024-10-14 17:35:32.845092 Zulu: Sierra, sending you 3
2024-10-14 17:35:32.845793 Sierra: Same as last round
2024-10-14 17:35:32.846235 Romeo: Foxtrot, sending you 1
2024-10-14 17:35:32.847064 Kilo: Romeo, Foxtrot, Oscar and India, sending you 3
2024-10-14 17:35:32.848567 Bravo: Foxtrot and India, sending you 2
2024-10-14 17:35:32.849355 Foxtrot: Romeo and India, sending you 1
2024-10-14 17:35:32.850066 Juliett: Mike, sending you 4
2024-10-14 17:35:32.850521 Mike: Juliett, sending you 5
2024-10-14 17:35:32.850945 Zulu: Juliett, sending you 4
2024-10-14 17:35:32.851381 Romeo: Oscar and India, sending you 5
2024-10-14 17:35:32.852692 Kilo: Bravo, sending you 5
2024-10-14 17:35:32.853691 Bravo: Oscar and Kilo, sending you 5
2024-10-14 17:35:32.854911 Foxtrot: Bravo, sending you 2
2024-10-14 17:35:32.855923 Oscar: Romeo, sending you 4
2024-10-14 17:35:32.856833 Zulu: Mike, sending you 7
2024-10-14 17:35:32.857292 Romeo: Kilo, sending you 4
2024-10-14 17:35:32.857966 India: Romeo, Oscar and Kilo, sending you 3
2024-10-14 17:35:32.860667 Foxtrot: Oscar and Kilo, sending you 3
2024-10-14 17:35:32.861427 Oscar: Bravo, sending you 5
2024-10-14 17:35:32.863674 India: Bravo and Foxtrot, sending you 2
2024-10-14 17:35:32.864719 Oscar: Foxtrot, Kilo and India, sending you 3
chatterbot Kilo submitting transactions
chatterbot Mike submitting transactions
chatterbot Zulu submitting transactions
chatterbot Bravo submitting transactions
chatterbot Oscar submitting transactions
chatterbot Sierra submitting transactions
chatterbot Foxtrot submitting transactions
chatterbot Juliett submitting transactions
chatterbot India submitting transactions
chatterbot Romeo submitting transactions
ChatterBot Romeo round 12
ChatterBot Bravo round 12
ChatterBot Zulu round 12
ChatterBot Foxtrot round 12
ChatterBot Oscar round 12
ChatterBot Kilo round 12
ChatterBot Sierra round 12
ChatterBot India round 12
ChatterBot Juliett round 12
ChatterBot Mike round 12
2024-10-14 17:35:34.118201 Bravo: Romeo, sending you 3
2024-10-14 17:35:34.121655 Bravo: Foxtrot and India, sending you 2
2024-10-14 17:35:34.124685 Bravo: Oscar and Kilo, sending you 5
2024-10-14 17:35:34.125698 Foxtrot: Romeo and India, sending you 1
2024-10-14 17:35:34.127182 Oscar: Romeo, sending you 4
2024-10-14 17:35:34.128098 Sierra: Same as last round
2024-10-14 17:35:34.131660 Foxtrot: Bravo, sending you 2
2024-10-14 17:35:34.133085 Romeo: Bravo, Kilo and India, sending you 4
2024-10-14 17:35:34.133851 Oscar: Bravo, sending you 5
2024-10-14 17:35:34.134743 Juliett: Zulu and Sierra, sending you 3
2024-10-14 17:35:34.135329 India: Romeo, Oscar and Kilo, sending you 3
2024-10-14 17:35:34.136718 Kilo: Romeo, Foxtrot, Oscar and India, sending you 3
2024-10-14 17:35:34.137568 Zulu: Sierra, sending you 3
2024-10-14 17:35:34.138002 Foxtrot: Oscar and Kilo, sending you 3
2024-10-14 17:35:34.138824 Romeo: Foxtrot, sending you 1
2024-10-14 17:35:34.140225 Juliett: Mike, sending you 4
2024-10-14 17:35:34.140764 Oscar: Foxtrot, Kilo and India, sending you 3
2024-10-14 17:35:34.141597 India: Bravo and Foxtrot, sending you 2
2024-10-14 17:35:34.142431 Kilo: Bravo, sending you 5
2024-10-14 17:35:34.143630 Mike: Zulu, sending you 6
2024-10-14 17:35:34.144118 Zulu: Juliett, sending you 4
2024-10-14 17:35:34.144538 Romeo: Oscar, sending you 5
2024-10-14 17:35:34.147695 Mike: Sierra, sending you 4
2024-10-14 17:35:34.148702 Zulu: Mike, sending you 7
2024-10-14 17:35:34.150712 Mike: Juliett, sending you 5
chatterbot Mike submitting transactions
chatterbot Oscar submitting transactions
chatterbot Kilo submitting transactions
chatterbot Foxtrot submitting transactions
chatterbot Romeo submitting transactions
chatterbot Sierra submitting transactions
chatterbot Bravo submitting transactions
chatterbot Juliett submitting transactions
chatterbot India submitting transactions
chatterbot Zulu submitting transactions
ChatterBot Romeo round 13
ChatterBot Bravo round 13
ChatterBot Zulu round 13
ChatterBot Foxtrot round 13
ChatterBot Oscar round 13
ChatterBot Kilo round 13
ChatterBot Sierra round 13
ChatterBot India round 13
ChatterBot Juliett round 13
ChatterBot Mike round 13
2024-10-14 17:35:35.389769 Oscar: Romeo, sending you 4
2024-10-14 17:35:35.392189 Bravo: Romeo, sending you 3
2024-10-14 17:35:35.394678 Oscar: Bravo, sending you 5
2024-10-14 17:35:35.397679 Bravo: Foxtrot and India, sending you 2
2024-10-14 17:35:35.398672 Romeo: Bravo, Kilo and India, sending you 4
2024-10-14 17:35:35.399395 Foxtrot: Romeo and India, sending you 1
2024-10-14 17:35:35.400173 Oscar: Foxtrot, Kilo and India, sending you 3
2024-10-14 17:35:35.401675 Romeo: Foxtrot, sending you 1
2024-10-14 17:35:35.402665 Bravo: Oscar and Kilo, sending you 5
2024-10-14 17:35:35.403743 Foxtrot: Bravo, sending you 2
2024-10-14 17:35:35.405063 Kilo: Romeo, Foxtrot, Oscar and India, sending you 3
2024-10-14 17:35:35.406391 Romeo: Oscar, sending you 5
2024-10-14 17:35:35.407298 Zulu: Sierra, sending you 3
2024-10-14 17:35:35.407840 Sierra: Same as last round
2024-10-14 17:35:35.408426 Mike: Zulu, sending you 6
2024-10-14 17:35:35.408943 Juliett: Zulu and Sierra, sending you 3
2024-10-14 17:35:35.409939 Foxtrot: Oscar and Kilo, sending you 3
2024-10-14 17:35:35.410979 Kilo: Bravo, sending you 5
2024-10-14 17:35:35.411927 India: Romeo, Oscar and Kilo, sending you 3
2024-10-14 17:35:35.412824 Zulu: Juliett, sending you 4
2024-10-14 17:35:35.413780 Mike: Sierra, sending you 4
2024-10-14 17:35:35.414239 Juliett: Mike, sending you 4
2024-10-14 17:35:35.416753 India: Bravo and Foxtrot, sending you 2
2024-10-14 17:35:35.418649 Mike: Juliett, sending you 5
2024-10-14 17:35:35.419290 Zulu: Mike, sending you 7
chatterbot Kilo submitting transactions
chatterbot Juliett submitting transactions
chatterbot Foxtrot submitting transactions
chatterbot Romeo submitting transactions
chatterbot Mike submitting transactions
chatterbot Sierra submitting transactions
chatterbot India submitting transactions
chatterbot Bravo submitting transactions
chatterbot Oscar submitting transactions
chatterbot Zulu submitting transactions
ChatterBot Romeo round 14
ChatterBot Bravo round 14
ChatterBot Zulu round 14
ChatterBot Foxtrot round 14
ChatterBot Oscar round 14
ChatterBot Kilo round 14
ChatterBot Sierra round 14
ChatterBot India round 14
ChatterBot Juliett round 14
ChatterBot Mike round 14
2024-10-14 17:35:36.683773 Foxtrot: Romeo and India, sending you 1
2024-10-14 17:35:36.684724 Mike: Zulu, sending you 6
2024-10-14 17:35:36.685229 Oscar: Romeo, sending you 4
2024-10-14 17:35:36.687675 Foxtrot: Bravo, sending you 2
2024-10-14 17:35:36.688479 Mike: Sierra, sending you 4
2024-10-14 17:35:36.688923 Kilo: Romeo, Foxtrot, Oscar and India, sending you 3
2024-10-14 17:35:36.689745 Romeo: Bravo, Kilo and India, sending you 4
2024-10-14 17:35:36.690650 Oscar: Bravo, sending you 5
2024-10-14 17:35:36.692667 Foxtrot: Oscar and Kilo, sending you 3
2024-10-14 17:35:36.694070 Kilo: Bravo, sending you 5
2024-10-14 17:35:36.695405 Mike: Juliett, sending you 5
2024-10-14 17:35:36.696225 Bravo: Romeo, sending you 3
2024-10-14 17:35:36.697907 Oscar: Foxtrot, Kilo and India, sending you 3
2024-10-14 17:35:36.699630 India: Romeo, Oscar and Kilo, sending you 3
2024-10-14 17:35:36.701323 Romeo: Foxtrot, sending you 1
2024-10-14 17:35:36.703028 Sierra: Same as last round
2024-10-14 17:35:36.703895 Zulu: Sierra, sending you 3
2024-10-14 17:35:36.704825 Bravo: Foxtrot and India, sending you 2
2024-10-14 17:35:36.706575 India: Bravo and Foxtrot, sending you 2
2024-10-14 17:35:36.708398 Romeo: Oscar, sending you 5
2024-10-14 17:35:36.710569 Zulu: Juliett, sending you 4
2024-10-14 17:35:36.711447 Juliett: Sending you each 1
2024-10-14 17:35:36.712320 Bravo: Oscar and Kilo, sending you 5
2024-10-14 17:35:36.715671 Zulu: Mike, sending you 7
chatterbot Romeo submitting transactions
chatterbot Zulu submitting transactions
chatterbot India submitting transactions
chatterbot Sierra submitting transactions
chatterbot Juliett submitting transactions
chatterbot Oscar submitting transactions
chatterbot Kilo submitting transactions
chatterbot Bravo submitting transactions
chatterbot Mike submitting transactions
chatterbot Foxtrot submitting transactions
ChatterBot Romeo round 15
ChatterBot Bravo round 15
ChatterBot Zulu round 15
