ChatterBot Alpha round 1
ChatterBot Golf round 1
ChatterBot Papa round 1
ChatterBot India round 1
ChatterBot Tango round 1
ChatterBot Hotel round 1
ChatterBot Charlie round 1
randomSelections Alpha: {Alpha, Juliett, Tango, India, Golf} 
2024-10-14 17:35:18.994518 Alpha: Group up?
ChatterBot Tango reevaluating
ChatterBot India reevaluating
ChatterBot Golf reevaluating
2024-10-14 17:35:19.013179 Tango: Yes
2024-10-14 17:35:19.013570 India: Yes
2024-10-14 17:35:19.013943 Golf: Yes
ChatterBot India reevaluating
ChatterBot Golf reevaluating
ChatterBot Tango reevaluating
ChatterBot Golf reevaluating
ChatterBot Tango reevaluating
ChatterBot India reevaluating
ChatterBot Bravo round 1
ChatterBot Lima round 1
ChatterBot Juliett round 1
ChatterBot Juliett reevaluating
ChatterBot Juliett reevaluating
ChatterBot Juliett reevaluating
ChatterBot Juliett reevaluating
2024-10-14 17:35:19.079975 Juliett: Yes
ChatterBot Tango reevaluating
ChatterBot India reevaluating
ChatterBot Golf reevaluating
randomSelections Papa: {Papa, Tango, Golf, Bravo, Lima, Charlie, Juliett} 
2024-10-14 17:35:19.100322 Papa: Group up?
ChatterBot Tango reevaluating
ChatterBot Golf reevaluating
ChatterBot Bravo reevaluating
ChatterBot Lima reevaluating
ChatterBot Charlie reevaluating
ChatterBot Juliett reevaluating
2024-10-14 17:35:19.125111 Tango: No
2024-10-14 17:35:19.126073 Golf: No
2024-10-14 17:35:19.126382 Bravo: Yes
2024-10-14 17:35:19.126671 Lima: Yes
2024-10-14 17:35:19.126853 Charlie: Yes
2024-10-14 17:35:19.127539 Juliett: No
ChatterBot Golf reevaluating
ChatterBot Bravo reevaluating
ChatterBot Lima reevaluating
ChatterBot Charlie reevaluating
ChatterBot Juliett reevaluating
ChatterBot Tango reevaluating
ChatterBot Bravo reevaluating
ChatterBot Lima reevaluating
ChatterBot Charlie reevaluating
ChatterBot Juliett reevaluating
ChatterBot Tango reevaluating
ChatterBot Golf reevaluating
ChatterBot Lima reevaluating
ChatterBot Charlie reevaluating
ChatterBot Juliett reevaluating
ChatterBot Tango reevaluating
ChatterBot Golf reevaluating
ChatterBot Bravo reevaluating
ChatterBot Charlie reevaluating
ChatterBot Juliett reevaluating
ChatterBot Tango reevaluating
ChatterBot Golf reevaluating
ChatterBot Bravo reevaluating
ChatterBot Lima reevaluating
ChatterBot Juliett reevaluating
ChatterBot Tango reevaluating
ChatterBot Golf reevaluating
ChatterBot Bravo reevaluating
ChatterBot Lima reevaluating
ChatterBot Charlie reevaluating
randomSelections Hotel: {Hotel, Juliett, Alpha, Papa, Bravo, Charlie} 
2024-10-14 17:35:19.226089 Hotel: We would work well together
ChatterBot Juliett reevaluating
ChatterBot Bravo reevaluating
ChatterBot Charlie reevaluating
2024-10-14 17:35:19.264493 Juliett: No
2024-10-14 17:35:19.266736 Alpha: No
2024-10-14 17:35:19.266920 Papa: No
2024-10-14 17:35:19.267078 Bravo: No
2024-10-14 17:35:19.267231 Charlie: No
ChatterBot Bravo reevaluating
ChatterBot Charlie reevaluating
ChatterBot Juliett reevaluating
ChatterBot Bravo reevaluating
ChatterBot Charlie reevaluating
ChatterBot Juliett reevaluating
ChatterBot Bravo reevaluating
ChatterBot Charlie reevaluating
ChatterBot Juliett reevaluating
ChatterBot Charlie reevaluating
ChatterBot Juliett reevaluating
ChatterBot Bravo reevaluating
2024-10-14 17:35:19.375697 Golf: Alpha, sending you 7
2024-10-14 17:35:19.376376 Tango: Alpha, sending you 2
2024-10-14 17:35:19.377530 Alpha: Golf and Tango, sending you 4
2024-10-14 17:35:19.378168 Lima: Golf and Charlie, sending you 1
2024-10-14 17:35:19.380992 Golf: India and Juliett, sending you 2
2024-10-14 17:35:19.382044 Tango: Golf, sending you 3
2024-10-14 17:35:19.383460 Alpha: India and Juliett, sending you 1
2024-10-14 17:35:19.384973 India: Alpha, Golf, Tango and Juliett, sending you 4
2024-10-14 17:35:19.386018 Lima: Papa, sending you 4
2024-10-14 17:35:19.388336 Juliett: Alpha, sending you 5
2024-10-14 17:35:19.389819 Charlie: Golf and Lima, sending you 3
2024-10-14 17:35:19.390675 Golf: Tango, sending you 3
2024-10-14 17:35:19.391924 Papa: Golf, Tango, Charlie, Bravo and Juliett, sending you 2
2024-10-14 17:35:19.392435 Bravo: Golf, Charlie and Juliett, sending you 2
2024-10-14 17:35:19.393960 Tango: India, sending you 1
2024-10-14 17:35:19.394509 Lima: Tango and Juliett, sending you 2
2024-10-14 17:35:19.396092 Hotel: Alpha and Charlie, sending you 3
2024-10-14 17:35:19.396996 Juliett: Golf and India, sending you 3
2024-10-14 17:35:19.398223 Charlie: Papa, sending you 2
2024-10-14 17:35:19.398970 Papa: Lima, sending you 1
2024-10-14 17:35:19.399567 Tango: Juliett, sending you 5
2024-10-14 17:35:19.400752 Bravo: Papa, sending you 1
2024-10-14 17:35:19.401292 Lima: Bravo, sending you 5
2024-10-14 17:35:19.401880 Hotel: Papa and Bravo, sending you 4
2024-10-14 17:35:19.402908 Juliett: Tango, sending you 6
2024-10-14 17:35:19.404790 Charlie: Bravo, sending you 1
2024-10-14 17:35:19.405746 Bravo: Tango, sending you 3
2024-10-14 17:35:19.407493 Hotel: Juliett, sending you 2
2024-10-14 17:35:19.412334 Charlie: Juliett, sending you 4
chatterbot Alpha submitting transactions
chatterbot Golf submitting transactions
chatterbot India submitting transactions
chatterbot Tango submitting transactions
chatterbot Hotel submitting transactions
chatterbot Papa submitting transactions
chatterbot Lima submitting transactions
chatterbot Juliett submitting transactions
chatterbot Charlie submitting transactions
chatterbot Bravo submitting transactions
ChatterBot Alpha round 2
ChatterBot Golf round 2
ChatterBot Papa round 2
ChatterBot India round 2
ChatterBot Tango round 2
2024-10-14 17:35:20.378346 Tango: We should add Hotel
ChatterBot Alpha reevaluating
ChatterBot Juliett reevaluating
ChatterBot India reevaluating
ChatterBot Golf reevaluating
2024-10-14 17:35:20.398008 Alpha: No
2024-10-14 17:35:20.398216 Juliett: Yes
2024-10-14 17:35:20.398828 India: No
2024-10-14 17:35:20.399 Golf: No
ChatterBot Juliett reevaluating
ChatterBot Tango reevaluating
ChatterBot India reevaluating
ChatterBot Golf reevaluating
ChatterBot Alpha reevaluating
ChatterBot Tango reevaluating
ChatterBot India reevaluating
ChatterBot Golf reevaluating
ChatterBot Alpha reevaluating
ChatterBot Juliett reevaluating
ChatterBot Tango reevaluating
ChatterBot Golf reevaluating
ChatterBot Alpha reevaluating
ChatterBot Juliett reevaluating
ChatterBot Tango reevaluating
ChatterBot India reevaluating
2024-10-14 17:35:20.463957 Juliett: Group up?
ChatterBot Charlie reevaluating
2024-10-14 17:35:20.474080 Charlie: No
ChatterBot Juliett reevaluating
2024-10-14 17:35:20.483558 Charlie: Let's form a team
ChatterBot Hotel reevaluating
2024-10-14 17:35:20.493490 Hotel: Yes
ChatterBot Charlie reevaluating
2024-10-14 17:35:20.504165 Hotel: Let's form a team
ChatterBot Charlie reevaluating
2024-10-14 17:35:20.513857 Charlie: Yes
ChatterBot Hotel reevaluating
ChatterBot Hotel round 2
2024-10-14 17:35:20.528574 Papa: We should group up
ChatterBot Hotel reevaluating
ChatterBot Charlie reevaluating
ChatterBot Bravo reevaluating
ChatterBot Lima reevaluating
2024-10-14 17:35:20.563433 Hotel: Yes
2024-10-14 17:35:20.563586 Charlie: No
2024-10-14 17:35:20.563696 Bravo: No
2024-10-14 17:35:20.564294 Lima: No
ChatterBot Charlie reevaluating
ChatterBot Bravo reevaluating
ChatterBot Lima reevaluating
ChatterBot Hotel reevaluating
ChatterBot Bravo reevaluating
ChatterBot Lima reevaluating
ChatterBot Hotel reevaluating
ChatterBot Charlie reevaluating
ChatterBot Lima reevaluating
ChatterBot Hotel reevaluating
ChatterBot Charlie reevaluating
ChatterBot Bravo reevaluating
ChatterBot Charlie round 2
ChatterBot Bravo round 2
ChatterBot Lima round 2
ChatterBot Juliett round 2
2024-10-14 17:35:20.841189 India: Alpha, sending you 3
2024-10-14 17:35:21.042781 Tango: Alpha, India and Juliett, sending you 3
2024-10-14 17:35:21.043696 Charlie: Papa and Bravo, sending you 4
2024-10-14 17:35:21.044063 India: Golf, sending you 5
2024-10-14 17:35:21.044802 Alpha: Golf and Juliett, sending you 3
2024-10-14 17:35:21.045204 Hotel: Papa, sending you 5
2024-10-14 17:35:21.045559 Papa: Sending you each 2
2024-10-14 17:35:21.046213 Lima: Papa, sending you 4
2024-10-14 17:35:21.046517 Golf: Alpha and India, sending you 4
2024-10-14 17:35:21.272923 Tango: Golf, sending you 2
2024-10-14 17:35:21.273610 Hotel: Charlie, Bravo and Lima, sending you 4
2024-10-14 17:35:21.273897 Charlie: Hotel, sending you 5
2024-10-14 17:35:21.274158 India: Tango, sending you 2
2024-10-14 17:35:21.274428 Alpha: India and Tango, sending you 2
2024-10-14 17:35:21.275048 Lima: Hotel and Bravo, sending you 2
2024-10-14 17:35:21.275298 Golf: Tango and Juliett, sending you 3
2024-10-14 17:35:21.275569 Bravo: Papa, sending you 2
2024-10-14 17:35:21.275855 Juliett: Alpha, sending you 3
chatterbot Alpha submitting transactions
2024-10-14 17:35:21.276808 India: Juliett, sending you 8
2024-10-14 17:35:21.772640 Charlie: Lima, sending you 3
2024-10-14 17:35:21.773549 Lima: Charlie, sending you 7
2024-10-14 17:35:21.773917 Bravo: Hotel, sending you 3
2024-10-14 17:35:21.774415 Juliett: Golf, sending you 4
chatterbot Lima submitting transactions
chatterbot Tango submitting transactions
chatterbot India submitting transactions
chatterbot Juliett submitting transactions
chatterbot Papa submitting transactions
chatterbot Golf submitting transactions
chatterbot Bravo submitting transactions
chatterbot Charlie submitting transactions
2024-10-14 17:35:21.896025 Bravo: Charlie, sending you 1
2024-10-14 17:35:21.896876 Juliett: India and Tango, sending you 5
chatterbot Hotel submitting transactions
2024-10-14 17:35:21.911282 Bravo: Lima, sending you 4
2024-10-14 17:35:21.911552 Juliett: Papa did not give me 2 like they said
ChatterBot Alpha reevaluating
ChatterBot Tango reevaluating
ChatterBot India reevaluating
ChatterBot Golf reevaluating
2024-10-14 17:35:21.925204 Juliett: Tango did not give me 5 like they said
ChatterBot Alpha reevaluating
ChatterBot Tango reevaluating
ChatterBot India reevaluating
ChatterBot Golf reevaluating
2024-10-14 17:35:21.940437 Juliett: Hotel did not give me 2 like they said
ChatterBot Alpha reevaluating
ChatterBot Tango reevaluating
ChatterBot India reevaluating
ChatterBot Golf reevaluating
2024-10-14 17:35:21.963059 Juliett: Charlie did not give me 4 like they said
ChatterBot Alpha reevaluating
ChatterBot Tango reevaluating
ChatterBot India reevaluating
ChatterBot Golf reevaluating
2024-10-14 17:35:21.985566 Juliett: Bravo did not give me 2 like they said
ChatterBot Alpha reevaluating
ChatterBot Tango reevaluating
ChatterBot India reevaluating
ChatterBot Golf reevaluating
2024-10-14 17:35:22.008678 Juliett: Lima did not give me 2 like they said
ChatterBot Alpha reevaluating
ChatterBot Tango reevaluating
ChatterBot India reevaluating
ChatterBot Golf reevaluating
ChatterBot Alpha round 3
ChatterBot Golf round 3
ChatterBot Papa round 3
ChatterBot India round 3
ChatterBot Tango round 3
ChatterBot Hotel round 3
ChatterBot Charlie round 3
ChatterBot Bravo round 3
ChatterBot Lima round 3
ChatterBot Juliett round 3
2024-10-14 17:35:22.128142 Juliett: Alpha, Golf and Tango, sending you 4
2024-10-14 17:35:22.128959 India: Alpha, sending you 2
2024-10-14 17:35:22.129419 Alpha: Golf and Juliett, sending you 3
2024-10-14 17:35:22.138953 Juliett: India, sending you 5
2024-10-14 17:35:22.139506 Alpha: India and Tango, sending you 2
2024-10-14 17:35:22.139925 Charlie: Papa and Bravo, sending you 3
2024-10-14 17:35:22.140410 India: Golf, sending you 5
2024-10-14 17:35:22.142190 Golf: Alpha, India and Juliett, sending you 4
2024-10-14 17:35:22.142756 Lima: Papa, sending you 3
2024-10-14 17:35:22.143140 Tango: Alpha, Golf and Juliett, sending you 3
2024-10-14 17:35:22.147761 Hotel: Papa, Bravo and Lima, sending you 4
2024-10-14 17:35:22.148224 Papa: Same as last round
2024-10-14 17:35:22.148669 Bravo: Papa and Charlie, sending you 2
2024-10-14 17:35:22.150309 Charlie: Hotel, sending you 4
2024-10-14 17:35:22.150835 India: Tango, sending you 4
2024-10-14 17:35:22.151263 Golf: Tango, sending you 2
2024-10-14 17:35:22.157607 Lima: Hotel, Charlie and Bravo, sending you 4
2024-10-14 17:35:22.158192 Tango: India, sending you 2
2024-10-14 17:35:22.158738 Hotel: Charlie, sending you 5
2024-10-14 17:35:22.159177 Bravo: Hotel and Lima, sending you 3
2024-10-14 17:35:22.161219 Charlie: Lima, sending you 6
2024-10-14 17:35:22.161646 India: Juliett, sending you 7
chatterbot Lima submitting transactions
chatterbot Charlie submitting transactions
chatterbot India submitting transactions
chatterbot Alpha submitting transactions
chatterbot Tango submitting transactions
chatterbot Hotel submitting transactions
chatterbot Papa submitting transactions
chatterbot Golf submitting transactions
chatterbot Juliett submitting transactions
chatterbot Bravo submitting transactions
ChatterBot Alpha round 4
ChatterBot Golf round 4
ChatterBot Papa round 4
ChatterBot India round 4
ChatterBot Tango round 4
ChatterBot Hotel round 4
ChatterBot Charlie round 4
ChatterBot Bravo round 4
ChatterBot Lima round 4
ChatterBot Juliett round 4
2024-10-14 17:35:23.392674 Alpha: Golf and Juliett, sending you 3
2024-10-14 17:35:23.393670 Papa: Same as last round
2024-10-14 17:35:23.396670 Alpha: India and Tango, sending you 2
2024-10-14 17:35:23.397684 Golf: Alpha and Tango, sending you 3
2024-10-14 17:35:23.399682 Juliett: Alpha, Golf and Tango, sending you 4
2024-10-14 17:35:23.400680 Lima: Papa, sending you 2
2024-10-14 17:35:23.401677 Golf: India and Juliett, sending you 4
2024-10-14 17:35:23.402676 Juliett: India, sending you 5
2024-10-14 17:35:23.405679 Lima: Hotel and Bravo, sending you 4
2024-10-14 17:35:23.406663 Tango: Alpha, India and Juliett, sending you 3
2024-10-14 17:35:23.407396 Bravo: Papa and Charlie, sending you 2
2024-10-14 17:35:23.408681 Hotel: Papa, Bravo and Lima, sending you 4
2024-10-14 17:35:23.409085 Lima: Charlie, sending you 5
2024-10-14 17:35:23.409894 Tango: Golf, sending you 2
2024-10-14 17:35:23.410893 India: Alpha and Tango, sending you 3
2024-10-14 17:35:23.411489 Bravo: Hotel and Lima, sending you 3
2024-10-14 17:35:23.411978 Charlie: Papa and Bravo, sending you 3
2024-10-14 17:35:23.412462 Hotel: Charlie, sending you 5
2024-10-14 17:35:23.414693 India: Golf, sending you 5
2024-10-14 17:35:23.415151 Charlie: Hotel and Lima, sending you 5
2024-10-14 17:35:23.418689 India: Juliett, sending you 7
chatterbot Alpha submitting transactions
chatterbot Lima submitting transactions
chatterbot Golf submitting transactions
chatterbot Hotel submitting transactions
chatterbot Juliett submitting transactions
chatterbot Bravo submitting transactions
chatterbot Papa submitting transactions
chatterbot India submitting transactions
chatterbot Tango submitting transactions
chatterbot Charlie submitting transactions
ChatterBot Alpha round 5
ChatterBot Golf round 5
ChatterBot Papa round 5
ChatterBot India round 5
ChatterBot Tango round 5
ChatterBot Hotel round 5
ChatterBot Charlie round 5
ChatterBot Bravo round 5
ChatterBot Lima round 5
ChatterBot Juliett round 5
2024-10-14 17:35:24.698654 Alpha: Golf and Juliett, sending you 3
2024-10-14 17:35:24.699378 Tango: Alpha, sending you 2
2024-10-14 17:35:24.700099 Papa: Same as last round
2024-10-14 17:35:24.700894 Charlie: Papa and Bravo, sending you 3
2024-10-14 17:35:24.702684 Tango: Golf, India and Juliett, sending you 3
2024-10-14 17:35:24.703662 Alpha: India and Tango, sending you 2
2024-10-14 17:35:24.704564 Charlie: Hotel and Lima, sending you 5
2024-10-14 17:35:24.705709 Hotel: Papa, Bravo and Lima, sending you 4
2024-10-14 17:35:24.706774 Bravo: Papa and Charlie, sending you 2
2024-10-14 17:35:24.709669 India: Alpha, sending you 3
2024-10-14 17:35:24.710209 Hotel: Charlie, sending you 5
2024-10-14 17:35:24.710767 Bravo: Hotel and Lima, sending you 3
2024-10-14 17:35:24.711800 Golf: Alpha and Tango, sending you 3
2024-10-14 17:35:24.714680 India: Golf, sending you 5
2024-10-14 17:35:24.715674 Lima: Papa, sending you 3
2024-10-14 17:35:24.716905 Golf: India and Juliett, sending you 4
2024-10-14 17:35:24.717429 Juliett: Alpha, Golf and Tango, sending you 4
2024-10-14 17:35:24.719665 India: Tango, sending you 4
2024-10-14 17:35:24.720306 Lima: Hotel, Charlie and Bravo, sending you 4
2024-10-14 17:35:24.721804 Juliett: India, sending you 5
2024-10-14 17:35:24.722670 India: Juliett, sending you 6
chatterbot Alpha submitting transactions
chatterbot Papa submitting transactions
chatterbot Lima submitting transactions
chatterbot Tango submitting transactions
chatterbot Juliett submitting transactions
chatterbot Hotel submitting transactions
chatterbot Bravo submitting transactions
chatterbot Golf submitting transactions
chatterbot Charlie submitting transactions
chatterbot India submitting transactions
ChatterBot Alpha round 6
ChatterBot Golf round 6
ChatterBot Papa round 6
ChatterBot India round 6
ChatterBot Tango round 6
ChatterBot Hotel round 6
ChatterBot Charlie round 6
ChatterBot Bravo round 6
ChatterBot Lima round 6
ChatterBot Juliett round 6
2024-10-14 17:35:25.921658 Alpha: Golf and Juliett, sending you 3
2024-10-14 17:35:25.922656 Tango: Alpha, sending you 2
2024-10-14 17:35:25.924695 Alpha: India and Tango, sending you 2
2024-10-14 17:35:25.927663 Tango: Golf, India and Juliett, sending you 3
2024-10-14 17:35:25.929695 Papa: Same as last round
2024-10-14 17:35:25.934663 Charlie: Papa and Bravo, sending you 3
2024-10-14 17:35:25.936665 Golf: Alpha and Tango, sending you 3
2024-10-14 17:35:25.937693 India: Alpha, sending you 3
2024-10-14 17:35:25.938714 Charlie: Hotel and Lima, sending you 5
2024-10-14 17:35:25.940730 Bravo: Papa and Charlie, sending you 2
2024-10-14 17:35:25.941296 Juliett: Alpha, Golf and Tango, sending you 4
2024-10-14 17:35:25.942007 Hotel: Papa, Bravo and Lima, sending you 4
2024-10-14 17:35:25.942583 Golf: India and Juliett, sending you 4
2024-10-14 17:35:25.943542 India: Golf, sending you 5
2024-10-14 17:35:25.944555 Bravo: Hotel and Lima, sending you 3
2024-10-14 17:35:25.946424 Juliett: India, sending you 5
2024-10-14 17:35:25.947406 Hotel: Charlie, sending you 5
2024-10-14 17:35:25.948218 India: Tango, sending you 4
2024-10-14 17:35:25.949103 Lima: Papa, sending you 3
2024-10-14 17:35:25.951697 India: Juliett, sending you 6
2024-10-14 17:35:25.953684 Lima: Hotel, Charlie and Bravo, sending you 4
chatterbot Hotel submitting transactions
chatterbot Lima submitting transactions
chatterbot India submitting transactions
chatterbot Alpha submitting transactions
chatterbot Charlie submitting transactions
chatterbot Juliett submitting transactions
chatterbot Bravo submitting transactions
chatterbot Tango submitting transactions
chatterbot Papa submitting transactions
chatterbot Golf submitting transactions
ChatterBot Alpha round 7
ChatterBot Golf round 7
ChatterBot Papa round 7
ChatterBot India round 7
ChatterBot Tango round 7
ChatterBot Hotel round 7
ChatterBot Charlie round 7
ChatterBot Bravo round 7
ChatterBot Lima round 7
ChatterBot Juliett round 7
2024-10-14 17:35:27.090350 Alpha: Golf and Juliett, sending you 3
2024-10-14 17:35:27.095687 Alpha: India and Tango, sending you 2
2024-10-14 17:35:27.100645 Golf: Alpha and Tango, sending you 3
2024-10-14 17:35:27.101662 Bravo: Papa and Charlie, sending you 2
2024-10-14 17:35:27.102813 Tango: Alpha, sending you 2
2024-10-14 17:35:27.104658 Golf: India and Juliett, sending you 4
2024-10-14 17:35:27.105191 Lima: Papa, sending you 3
2024-10-14 17:35:27.105683 Bravo: Hotel and Lima, sending you 3
2024-10-14 17:35:27.106075 Tango: Golf, India and Juliett, sending you 3
2024-10-14 17:35:27.106700 Papa: Same as last round
2024-10-14 17:35:27.108679 India: Alpha, sending you 3
2024-10-14 17:35:27.109830 Lima: Hotel, Charlie and Bravo, sending you 4
2024-10-14 17:35:27.110682 Hotel: Papa, Bravo and Lima, sending you 4
2024-10-14 17:35:27.112694 Juliett: Alpha, Golf and Tango, sending you 4
2024-10-14 17:35:27.113707 Hotel: Charlie, sending you 5
2024-10-14 17:35:27.114663 India: Golf, sending you 5
2024-10-14 17:35:27.115521 Charlie: Papa and Bravo, sending you 3
2024-10-14 17:35:27.116239 Juliett: India, sending you 5
2024-10-14 17:35:27.118686 India: Tango, sending you 4
2024-10-14 17:35:27.119101 Charlie: Hotel and Lima, sending you 5
2024-10-14 17:35:27.121697 India: Juliett, sending you 6
chatterbot Charlie submitting transactions
chatterbot Bravo submitting transactions
chatterbot Tango submitting transactions
chatterbot Alpha submitting transactions
chatterbot Hotel submitting transactions
chatterbot Juliett submitting transactions
chatterbot Lima submitting transactions
chatterbot Papa submitting transactions
chatterbot India submitting transactions
chatterbot Golf submitting transactions
ChatterBot Alpha round 8
ChatterBot Golf round 8
ChatterBot Papa round 8
ChatterBot India round 8
ChatterBot Tango round 8
ChatterBot Hotel round 8
ChatterBot Charlie round 8
ChatterBot Bravo round 8
ChatterBot Lima round 8
ChatterBot Juliett round 8
2024-10-14 17:35:28.218666 Golf: Alpha and Tango, sending you 3
2024-10-14 17:35:28.223656 Golf: India and Juliett, sending you 4
2024-10-14 17:35:28.226665 India: Alpha, sending you 3
2024-10-14 17:35:28.227682 Papa: Same as last round
2024-10-14 17:35:28.228574 Bravo: Papa and Charlie, sending you 2
2024-10-14 17:35:28.231668 India: Golf, sending you 5
2024-10-14 17:35:28.232474 Alpha: Golf and Juliett, sending you 3
2024-10-14 17:35:28.233723 Bravo: Hotel and Lima, sending you 3
2024-10-14 17:35:28.234661 Charlie: Papa and Bravo, sending you 3
2024-10-14 17:35:28.235179 Tango: Alpha, sending you 2
2024-10-14 17:35:28.236108 Lima: Papa, sending you 3
2024-10-14 17:35:28.236564 India: Tango, sending you 4
2024-10-14 17:35:28.236980 Alpha: India and Tango, sending you 2
2024-10-14 17:35:28.237523 Juliett: Alpha, Golf and Tango, sending you 4
2024-10-14 17:35:28.238085 Hotel: Papa, Bravo and Lima, sending you 4
2024-10-14 17:35:28.238531 Charlie: Hotel and Lima, sending you 5
2024-10-14 17:35:28.238936 Tango: Golf, India and Juliett, sending you 3
2024-10-14 17:35:28.239494 Lima: Hotel, Charlie and Bravo, sending you 4
2024-10-14 17:35:28.240668 Juliett: India, sending you 5
2024-10-14 17:35:28.241407 Hotel: Charlie, sending you 5
2024-10-14 17:35:28.242098 India: Juliett, sending you 6
chatterbot Hotel submitting transactions
chatterbot Tango submitting transactions
chatterbot India submitting transactions
chatterbot Golf submitting transactions
chatterbot Alpha submitting transactions
chatterbot Bravo submitting transactions
chatterbot Lima submitting transactions
chatterbot Charlie submitting transactions
chatterbot Papa submitting transactions
chatterbot Juliett submitting transactions
ChatterBot Alpha round 9
ChatterBot Golf round 9
ChatterBot Papa round 9
ChatterBot India round 9
ChatterBot Tango round 9
ChatterBot Hotel round 9
ChatterBot Charlie round 9
ChatterBot Bravo round 9
ChatterBot Lima round 9
ChatterBot Juliett round 9
2024-10-14 17:35:29.505735 Alpha: Golf and Juliett, sending you 3
2024-10-14 17:35:29.509659 Alpha: India and Tango, sending you 2
2024-10-14 17:35:29.510668 Golf: Alpha and Tango, sending you 3
2024-10-14 17:35:29.511683 Hotel: Papa, Bravo and Lima, sending you 4
2024-10-14 17:35:29.512310 Lima: Papa, sending you 3
2024-10-14 17:35:29.514691 Golf: India and Juliett, sending you 4
2024-10-14 17:35:29.515887 Charlie: Papa and Bravo, sending you 3
2024-10-14 17:35:29.516409 Lima: Hotel, Charlie and Bravo, sending you 4
2024-10-14 17:35:29.516909 Papa: Same as last round
2024-10-14 17:35:29.517415 Hotel: Charlie, sending you 5
2024-10-14 17:35:29.518668 India: Alpha, sending you 3
2024-10-14 17:35:29.519665 Tango: Alpha, sending you 2
2024-10-14 17:35:29.520348 Charlie: Hotel and Lima, sending you 5
2024-10-14 17:35:29.521677 Bravo: Papa and Charlie, sending you 2
2024-10-14 17:35:29.522678 Tango: Golf, India and Juliett, sending you 3
2024-10-14 17:35:29.524254 India: Golf, sending you 5
2024-10-14 17:35:29.525280 Juliett: Alpha, Golf and Tango, sending you 4
2024-10-14 17:35:29.526098 Bravo: Hotel and Lima, sending you 3
2024-10-14 17:35:29.529691 India: Tango, sending you 4
2024-10-14 17:35:29.530327 Juliett: India, sending you 5
2024-10-14 17:35:29.532671 India: Juliett, sending you 6
chatterbot Alpha submitting transactions
chatterbot Juliett submitting transactions
chatterbot Lima submitting transactions
chatterbot Papa submitting transactions
chatterbot Charlie submitting transactions
chatterbot Tango submitting transactions
chatterbot Golf submitting transactions
chatterbot Bravo submitting transactions
chatterbot India submitting transactions
chatterbot Hotel submitting transactions
ChatterBot Alpha round 10
ChatterBot Golf round 10
ChatterBot Papa round 10
ChatterBot India round 10
ChatterBot Tango round 10
ChatterBot Hotel round 10
ChatterBot Charlie round 10
ChatterBot Bravo round 10
ChatterBot Lima round 10
ChatterBot Juliett round 10
2024-10-14 17:35:30.325676 Golf: Alpha and Tango, sending you 3
2024-10-14 17:35:30.326769 Papa: Same as last round
2024-10-14 17:35:30.331679 Golf: India and Juliett, sending you 4
2024-10-14 17:35:30.337694 Hotel: Papa, Bravo and Lima, sending you 4
2024-10-14 17:35:30.338698 Bravo: Papa and Charlie, sending you 2
2024-10-14 17:35:30.339719 Juliett: Alpha, Golf and Tango, sending you 4
2024-10-14 17:35:30.341017 Tango: Alpha, sending you 2
2024-10-14 17:35:30.341858 Lima: Papa, sending you 3
2024-10-14 17:35:30.342580 India: Alpha, sending you 3
2024-10-14 17:35:30.343389 Alpha: Golf and Juliett, sending you 3
2024-10-14 17:35:30.344693 Hotel: Charlie, sending you 5
2024-10-14 17:35:30.345401 Charlie: Papa and Bravo, sending you 3
2024-10-14 17:35:30.346076 Bravo: Hotel and Lima, sending you 3
2024-10-14 17:35:30.346804 Juliett: India, sending you 5
2024-10-14 17:35:30.348042 India: Golf, sending you 5
2024-10-14 17:35:30.348842 Tango: Golf, India and Juliett, sending you 3
2024-10-14 17:35:30.349674 Lima: Hotel, Charlie and Bravo, sending you 4
2024-10-14 17:35:30.350814 Alpha: India and Tango, sending you 2
2024-10-14 17:35:30.351671 Charlie: Hotel and Lima, sending you 5
2024-10-14 17:35:30.352420 India: Tango, sending you 4
2024-10-14 17:35:30.355677 India: Juliett, sending you 6
chatterbot Lima submitting transactions
chatterbot Hotel submitting transactions
chatterbot Tango submitting transactions
chatterbot India submitting transactions
chatterbot Juliett submitting transactions
chatterbot Bravo submitting transactions
chatterbot Alpha submitting transactions
chatterbot Golf submitting transactions
chatterbot Papa submitting transactions
chatterbot Charlie submitting transactions
ChatterBot Alpha round 11
ChatterBot Golf round 11
ChatterBot Papa round 11
ChatterBot India round 11
ChatterBot Tango round 11
ChatterBot Hotel round 11
ChatterBot Charlie round 11
ChatterBot Bravo round 11
ChatterBot Lima round 11
ChatterBot Juliett round 11
2024-10-14 17:35:31.536674 Alpha: Golf and Juliett, sending you 3
2024-10-14 17:35:31.538646 Golf: Alpha and Tango, sending you 3
2024-10-14 17:35:31.541080 Alpha: India and Tango, sending you 2
2024-10-14 17:35:31.542701 Papa: Same as last round
2024-10-14 17:35:31.543663 Golf: India and Juliett, sending you 4
2024-10-14 17:35:31.544667 Bravo: Papa and Charlie, sending you 2
2024-10-14 17:35:31.545823 Tango: Alpha, sending you 2
2024-10-14 17:35:31.546698 Lima: Papa, sending you 3
2024-10-14 17:35:31.550062 Lima: Hotel, Charlie and Bravo, sending you 4
2024-10-14 17:35:31.550789 Bravo: Hotel and Lima, sending you 3
2024-10-14 17:35:31.551675 Tango: Golf, India and Juliett, sending you 3
2024-10-14 17:35:31.555674 Hotel: Papa, Bravo and Lima, sending you 4
2024-10-14 17:35:31.556332 India: Alpha, sending you 3
2024-10-14 17:35:31.557124 Juliett: Alpha, Golf and Tango, sending you 4
2024-10-14 17:35:31.558680 Charlie: Papa and Bravo, sending you 3
2024-10-14 17:35:31.560907 Hotel: Charlie, sending you 5
2024-10-14 17:35:31.561670 India: Golf, sending you 5
2024-10-14 17:35:31.562654 Juliett: India, sending you 5
2024-10-14 17:35:31.563211 Charlie: Hotel and Lima, sending you 5
2024-10-14 17:35:31.565654 India: Tango, sending you 4
2024-10-14 17:35:31.571667 India: Juliett, sending you 6
chatterbot Golf submitting transactions
chatterbot Juliett submitting transactions
chatterbot Tango submitting transactions
chatterbot Hotel submitting transactions
chatterbot Bravo submitting transactions
chatterbot India submitting transactions
chatterbot Lima submitting transactions
chatterbot Alpha submitting transactions
chatterbot Charlie submitting transactions
chatterbot Papa submitting transactions
ChatterBot Alpha round 12
ChatterBot Golf round 12
ChatterBot Papa round 12
ChatterBot India round 12
ChatterBot Tango round 12
ChatterBot Hotel round 12
ChatterBot Charlie round 12
ChatterBot Bravo round 12
ChatterBot Lima round 12
ChatterBot Juliett round 12
2024-10-14 17:35:32.782673 Alpha: Golf and Juliett, sending you 3
2024-10-14 17:35:32.787073 Alpha: India and Tango, sending you 2
2024-10-14 17:35:32.787788 Golf: Alpha and Tango, sending you 3
2024-10-14 17:35:32.788680 Juliett: Alpha, Golf and Tango, sending you 4
2024-10-14 17:35:32.789534 Hotel: Papa, Bravo and Lima, sending you 4
2024-10-14 17:35:32.790288 Charlie: Papa and Bravo, sending you 3
2024-10-14 17:35:32.791037 Papa: Same as last round
2024-10-14 17:35:32.791757 Golf: India and Juliett, sending you 4
2024-10-14 17:35:32.792679 Hotel: Charlie, sending you 5
2024-10-14 17:35:32.793690 Juliett: India, sending you 5
2024-10-14 17:35:32.794267 Charlie: Hotel, sending you 6
2024-10-14 17:35:32.795652 Tango: Alpha, sending you 2
2024-10-14 17:35:32.796677 Bravo: Papa and Charlie, sending you 2
2024-10-14 17:35:32.797269 India: Alpha, sending you 3
2024-10-14 17:35:32.799688 Charlie: Lima, sending you 4
2024-10-14 17:35:32.800674 Tango: Golf, India and Juliett, sending you 3
2024-10-14 17:35:32.801270 Bravo: Hotel and Lima, sending you 3
2024-10-14 17:35:32.801760 India: Golf, sending you 5
2024-10-14 17:35:32.802306 Lima: Papa, sending you 3
2024-10-14 17:35:32.805958 Lima: Hotel, Charlie and Bravo, sending you 4
2024-10-14 17:35:32.806673 India: Tango, sending you 4
2024-10-14 17:35:32.811670 India: Juliett, sending you 6
chatterbot Alpha submitting transactions
chatterbot Juliett submitting transactions
chatterbot Golf submitting transactions
chatterbot India submitting transactions
chatterbot Tango submitting transactions
chatterbot Bravo submitting transactions
chatterbot Charlie submitting transactions
chatterbot Hotel submitting transactions
chatterbot Papa submitting transactions
chatterbot Lima submitting transactions
ChatterBot Alpha round 13
ChatterBot Golf round 13
ChatterBot Papa round 13
ChatterBot India round 13
ChatterBot Tango round 13
ChatterBot Hotel round 13
ChatterBot Charlie round 13
ChatterBot Bravo round 13
ChatterBot Lima round 13
ChatterBot Juliett round 13
2024-10-14 17:35:33.990955 Alpha: Golf and Juliett, sending you 3
2024-10-14 17:35:33.992640 Hotel: Papa, Bravo and Lima, sending you 4
2024-10-14 17:35:33.994732 India: Alpha, sending you 3
2024-10-14 17:35:33.996805 Alpha: India and Tango, sending you 2
2024-10-14 17:35:33.998989 Hotel: Charlie, sending you 5
2024-10-14 17:35:34.001734 India: Golf, sending you 5
2024-10-14 17:35:34.003530 Papa: Same as last round
2024-10-14 17:35:34.004716 Golf: Alpha and Tango, sending you 3
2024-10-14 17:35:34.006315 Juliett: Alpha, Golf and Tango, sending you 4
2024-10-14 17:35:34.007491 India: Tango, sending you 4
2024-10-14 17:35:34.009286 Tango: Alpha, sending you 2
2024-10-14 17:35:34.011294 Bravo: Papa and Charlie, sending you 2
2024-10-14 17:35:34.012452 Golf: India and Juliett, sending you 4
2024-10-14 17:35:34.014220 Juliett: India, sending you 5
2024-10-14 17:35:34.015256 India: Juliett, sending you 6
2024-10-14 17:35:34.016421 Tango: Golf, India and Juliett, sending you 3
2024-10-14 17:35:34.018328 Charlie: Papa and Bravo, sending you 3
2024-10-14 17:35:34.019764 Bravo: Hotel and Lima, sending you 3
2024-10-14 17:35:34.022123 Lima: Papa, sending you 3
2024-10-14 17:35:34.024678 Charlie: Hotel, sending you 6
2024-10-14 17:35:34.027685 Lima: Hotel, Charlie and Bravo, sending you 4
2024-10-14 17:35:34.031279 Charlie: Lima, sending you 4
chatterbot Alpha submitting transactions
chatterbot Papa submitting transactions
chatterbot India submitting transactions
chatterbot Charlie submitting transactions
chatterbot Juliett submitting transactions
chatterbot Golf submitting transactions
chatterbot Hotel submitting transactions
chatterbot Tango submitting transactions
chatterbot Lima submitting transactions
chatterbot Bravo submitting transactions
ChatterBot Alpha round 14
ChatterBot Golf round 14
ChatterBot Papa round 14
ChatterBot India round 14
ChatterBot Tango round 14
ChatterBot Hotel round 14
ChatterBot Charlie round 14
ChatterBot Bravo round 14
ChatterBot Lima round 14
ChatterBot Juliett round 14
2024-10-14 17:35:35.207680 Papa: Same as last round
2024-10-14 17:35:35.209674 Alpha: Golf and Juliett, sending you 3
2024-10-14 17:35:35.213649 Alpha: India and Tango, sending you 2
2024-10-14 17:35:35.214325 Hotel: Papa, Bravo and Lima, sending you 4
2024-10-14 17:35:35.215677 Charlie: Papa and Bravo, sending you 3
2024-10-14 17:35:35.218693 Hotel: Charlie, sending you 5
2024-10-14 17:35:35.219223 Lima: Papa, sending you 3
2024-10-14 17:35:35.219734 Charlie: Hotel, sending you 6
2024-10-14 17:35:35.220882 Tango: Alpha, sending you 2
2024-10-14 17:35:35.222662 India: Alpha, sending you 3
2024-10-14 17:35:35.223621 Lima: Hotel, Charlie and Bravo, sending you 4
2024-10-14 17:35:35.224444 Charlie: Lima, sending you 4
2024-10-14 17:35:35.225270 Golf: Alpha and Tango, sending you 3
2024-10-14 17:35:35.226251 Tango: Golf, India and Juliett, sending you 3
2024-10-14 17:35:35.227222 India: Golf, sending you 5
2024-10-14 17:35:35.228591 Juliett: Alpha, Golf and Tango, sending you 4
2024-10-14 17:35:35.230680 Golf: India and Juliett, sending you 4
2024-10-14 17:35:35.231638 Bravo: Papa and Charlie, sending you 2
2024-10-14 17:35:35.232454 India: Tango, sending you 4
2024-10-14 17:35:35.233395 Juliett: India, sending you 5
2024-10-14 17:35:35.234757 Bravo: Hotel and Lima, sending you 3
2024-10-14 17:35:35.236695 India: Juliett, sending you 6
chatterbot Alpha submitting transactions
chatterbot Bravo submitting transactions
chatterbot Golf submitting transactions
chatterbot Tango submitting transactions
chatterbot India submitting transactions
chatterbot Hotel submitting transactions
chatterbot Charlie submitting transactions
chatterbot Lima submitting transactions
chatterbot Juliett submitting transactions
chatterbot Papa submitting transactions
ChatterBot Alpha round 15
ChatterBot Golf round 15
ChatterBot Papa round 15
ChatterBot India round 15
ChatterBot Tango round 15
ChatterBot Hotel round 15
ChatterBot Charlie round 15
ChatterBot Bravo round 15
ChatterBot Lima round 15
ChatterBot Juliett round 15
2024-10-14 17:35:36.476679 Golf: Alpha and Tango, sending you 3
2024-10-14 17:35:36.479667 Charlie: Papa and Bravo, sending you 3
2024-10-14 17:35:36.480285 Alpha: Golf and Juliett, sending you 3
2024-10-14 17:35:36.481672 Tango: Alpha, sending you 2
2024-10-14 17:35:36.484090 Golf: India and Juliett, sending you 4
2024-10-14 17:35:36.484763 India: Alpha, sending you 3
2024-10-14 17:35:36.485408 Charlie: Hotel, sending you 6
2024-10-14 17:35:36.485987 Alpha: India and Tango, sending you 2
2024-10-14 17:35:36.486684 Hotel: Papa, Bravo and Lima, sending you 4
2024-10-14 17:35:36.487232 Tango: Golf, India and Juliett, sending you 3
2024-10-14 17:35:36.487906 Bravo: Papa and Charlie, sending you 2
2024-10-14 17:35:36.488428 India: Golf, sending you 5
2024-10-14 17:35:36.489680 Papa: Same as last round
2024-10-14 17:35:36.490225 Hotel: Charlie, sending you 5
2024-10-14 17:35:36.490776 Charlie: Lima, sending you 4
2024-10-14 17:35:36.491660 Bravo: Hotel and Lima, sending you 3
2024-10-14 17:35:36.493069 India: Tango, sending you 4
2024-10-14 17:35:36.497663 India: Juliett, sending you 6
2024-10-14 17:35:36.498667 Juliett: Alpha, Golf and Tango, sending you 4
2024-10-14 17:35:36.503666 Lima: Papa, sending you 3
2024-10-14 17:35:36.504235 Juliett: India, sending you 5
2024-10-14 17:35:36.508652 Lima: Hotel, Charlie and Bravo, sending you 4
chatterbot Alpha submitting transactions
chatterbot Charlie submitting transactions
chatterbot Hotel submitting transactions
chatterbot Papa submitting transactions
chatterbot Tango submitting transactions
chatterbot Lima submitting transactions
chatterbot Golf submitting transactions
chatterbot India submitting transactions
chatterbot Juliett submitting transactions
chatterbot Bravo submitting transactions
ChatterBot Alpha round 16
ChatterBot Golf round 16
ChatterBot Papa round 16
ChatterBot India round 16
ChatterBot Tango round 16
ChatterBot Hotel round 16
ChatterBot Charlie round 16
ChatterBot Bravo round 16
ChatterBot Lima round 16
ChatterBot Juliett round 16
2024-10-14 17:35:37.772176 India: Alpha, sending you 3
2024-10-14 17:35:37.775286 Golf: Alpha and Tango, sending you 3
2024-10-14 17:35:37.776500 India: Golf, sending you 5
2024-10-14 17:35:37.777524 Hotel: Papa, Bravo and Lima, sending you 4
2024-10-14 17:35:37.779254 Lima: Papa, sending you 3
2024-10-14 17:35:37.780217 Golf: India and Juliett, sending you 4
2024-10-14 17:35:37.782068 India: Tango, sending you 4
2024-10-14 17:35:37.783263 Hotel: Charlie, sending you 5
2024-10-14 17:35:37.784532 Lima: Hotel, Charlie and Bravo, sending you 4
2024-10-14 17:35:37.787351 India: Juliett, sending you 6
2024-10-14 17:35:37.789587 Bravo: Papa and Charlie, sending you 2
2024-10-14 17:35:37.791528 Tango: Alpha, sending you 2
2024-10-14 17:35:37.794280 Charlie: Papa and Bravo, sending you 3
2024-10-14 17:35:37.795289 Alpha: Golf and Juliett, sending you 3
2024-10-14 17:35:37.796559 Juliett: Alpha, Golf and Tango, sending you 4
2024-10-14 17:35:37.800647 Papa: Same as last round
2024-10-14 17:35:37.801823 Bravo: Hotel and Lima, sending you 3
2024-10-14 17:35:37.803444 Tango: Golf, India and Juliett, sending you 3
2024-10-14 17:35:37.804372 Charlie: Hotel, sending you 6
2024-10-14 17:35:37.805039 Alpha: India and Tango, sending you 2
2024-10-14 17:35:37.806899 Juliett: India, sending you 5
2024-10-14 17:35:37.808880 Charlie: Lima, sending you 4
chatterbot Alpha submitting transactions
chatterbot Bravo submitting transactions
chatterbot Golf submitting transactions
chatterbot Hotel submitting transactions
chatterbot Charlie submitting transactions
chatterbot India submitting transactions
chatterbot Tango submitting transactions
chatterbot Lima submitting transactions
chatterbot Papa submitting transactions
chatterbot Juliett submitting transactions
ChatterBot Alpha round 17
ChatterBot Golf round 17
ChatterBot Papa round 17
ChatterBot India round 17
ChatterBot Tango round 17
ChatterBot Hotel round 17
ChatterBot Charlie round 17
ChatterBot Bravo round 17
ChatterBot Lima round 17
ChatterBot Juliett round 17
2024-10-14 17:35:39.036683 Papa: Same as last round
2024-10-14 17:35:39.040684 Golf: Alpha and Tango, sending you 3
2024-10-14 17:35:39.045855 Hotel: Papa, Bravo and Lima, sending you 4
2024-10-14 17:35:39.046519 Golf: India and Juliett, sending you 4
2024-10-14 17:35:39.047712 Tango: Alpha, sending you 2
2024-10-14 17:35:39.048442 Charlie: Papa and Bravo, sending you 3
2024-10-14 17:35:39.049043 Alpha: Golf and Juliett, sending you 3
2024-10-14 17:35:39.050685 Hotel: Charlie, sending you 5
2024-10-14 17:35:39.051696 Charlie: Hotel, sending you 6
2024-10-14 17:35:39.052681 Tango: Golf, India and Juliett, sending you 3
2024-10-14 17:35:39.053379 Alpha: India and Tango, sending you 2
2024-10-14 17:35:39.054705 India: Alpha, sending you 3
2024-10-14 17:35:39.055445 Lima: Papa, sending you 3
2024-10-14 17:35:39.056124 Charlie: Lima, sending you 4
2024-10-14 17:35:39.057664 India: Golf, sending you 5
2024-10-14 17:35:39.059666 Lima: Hotel, Charlie and Bravo, sending you 4
2024-10-14 17:35:39.060320 Bravo: Papa and Charlie, sending you 2
