ChatterBot Sierra round 1
ChatterBot Quebec round 1
ChatterBot Alpha round 1
ChatterBot Golf round 1
ChatterBot Lima round 1
ChatterBot Hotel round 1
ChatterBot Whiskey round 1
ChatterBot Zulu round 1
ChatterBot Juliett round 1
ChatterBot Papa round 1
randomSelections Alpha: {Alpha, Whiskey, Zulu, Golf} 
2024-10-14 17:35:19.434621 Alpha: Group up?
ChatterBot Whiskey reevaluating
ChatterBot Zulu reevaluating
ChatterBot Golf reevaluating
2024-10-14 17:35:19.442903 Whiskey: Yes
2024-10-14 17:35:19.443835 Zulu: Yes
2024-10-14 17:35:19.443966 Golf: Yes
ChatterBot Zulu reevaluating
ChatterBot Golf reevaluating
ChatterBot Whiskey reevaluating
ChatterBot Golf reevaluating
ChatterBot Whiskey reevaluating
ChatterBot Zulu reevaluating
randomSelections Sierra: {Sierra, Whiskey, Zulu, Lima} 
2024-10-14 17:35:19.464914 Sierra: Friends?
ChatterBot Whiskey reevaluating
ChatterBot Zulu reevaluating
ChatterBot Lima reevaluating
2024-10-14 17:35:19.471751 Whiskey: No
2024-10-14 17:35:19.471911 Zulu: No
2024-10-14 17:35:19.472032 Lima: Yes
ChatterBot Zulu reevaluating
ChatterBot Lima reevaluating
ChatterBot Whiskey reevaluating
ChatterBot Lima reevaluating
ChatterBot Whiskey reevaluating
ChatterBot Zulu reevaluating
randomSelections Quebec: {Quebec, Whiskey, Lima, Juliett, Papa, Sierra} 
2024-10-14 17:35:19.494103 Quebec: We would work well together
ChatterBot Whiskey reevaluating
ChatterBot Lima reevaluating
ChatterBot Juliett reevaluating
ChatterBot Papa reevaluating
2024-10-14 17:35:19.501867 Whiskey: No
2024-10-14 17:35:19.501997 Lima: No
2024-10-14 17:35:19.502109 Juliett: Yes
2024-10-14 17:35:19.502215 Papa: Yes
2024-10-14 17:35:19.502320 Sierra: No
ChatterBot Lima reevaluating
ChatterBot Juliett reevaluating
ChatterBot Papa reevaluating
ChatterBot Whiskey reevaluating
ChatterBot Juliett reevaluating
ChatterBot Papa reevaluating
ChatterBot Whiskey reevaluating
ChatterBot Lima reevaluating
ChatterBot Papa reevaluating
ChatterBot Whiskey reevaluating
ChatterBot Lima reevaluating
ChatterBot Juliett reevaluating
ChatterBot Whiskey reevaluating
ChatterBot Lima reevaluating
ChatterBot Juliett reevaluating
ChatterBot Papa reevaluating
randomSelections Hotel: {Hotel, Juliett, Golf, Zulu, Alpha, Lima} 
2024-10-14 17:35:19.569762 Hotel: Can we be friends?
ChatterBot Juliett reevaluating
ChatterBot Golf reevaluating
ChatterBot Zulu reevaluating
ChatterBot Lima reevaluating
2024-10-14 17:35:19.583314 Juliett: No
2024-10-14 17:35:19.584267 Golf: No
2024-10-14 17:35:19.584529 Zulu: No
2024-10-14 17:35:19.584757 Alpha: No
2024-10-14 17:35:19.585002 Lima: No
ChatterBot Golf reevaluating
ChatterBot Zulu reevaluating
ChatterBot Lima reevaluating
ChatterBot Juliett reevaluating
ChatterBot Zulu reevaluating
ChatterBot Lima reevaluating
ChatterBot Juliett reevaluating
ChatterBot Golf reevaluating
ChatterBot Lima reevaluating
ChatterBot Juliett reevaluating
ChatterBot Golf reevaluating
ChatterBot Zulu reevaluating
ChatterBot Lima reevaluating
ChatterBot Juliett reevaluating
ChatterBot Golf reevaluating
ChatterBot Zulu reevaluating
2024-10-14 17:35:19.663482 Lima: Sierra, sending you 11
2024-10-14 17:35:19.663917 Alpha: Golf, sending you 4
2024-10-14 17:35:19.664304 Zulu: Alpha, sending you 2
2024-10-14 17:35:19.672489 Lima: Whiskey and Zulu, sending you 3
2024-10-14 17:35:19.673496 Sierra: Lima and Whiskey, sending you 4
2024-10-14 17:35:19.673909 Juliett: Sierra, sending you 3
2024-10-14 17:35:19.674296 Whiskey: Alpha, sending you 5
2024-10-14 17:35:19.675212 Golf: Alpha, sending you 4
2024-10-14 17:35:19.675557 Zulu: Golf, sending you 7
2024-10-14 17:35:19.675894 Hotel: Alpha, sending you 2
2024-10-14 17:35:19.676958 Alpha: Whiskey, sending you 5
2024-10-14 17:35:19.677809 Quebec: Sierra, sending you 4
2024-10-14 17:35:19.678272 Whiskey: Golf, sending you 3
2024-10-14 17:35:19.683903 Sierra: Zulu, sending you 9
2024-10-14 17:35:19.684295 Juliett: Quebec, sending you 1
2024-10-14 17:35:19.685120 Golf: Whiskey, sending you 5
2024-10-14 17:35:19.685516 Zulu: Whiskey, sending you 5
2024-10-14 17:35:19.686373 Hotel: Golf and Juliett, sending you 4
2024-10-14 17:35:19.686736 Papa: Sierra, sending you 6
2024-10-14 17:35:19.687625 Alpha: Zulu, sending you 6
2024-10-14 17:35:19.687951 Quebec: Lima, sending you 3
2024-10-14 17:35:19.688352 Whiskey: Zulu, sending you 2
2024-10-14 17:35:19.689268 Golf: Zulu, sending you 7
2024-10-14 17:35:19.689653 Juliett: Lima and Papa, sending you 4
2024-10-14 17:35:19.699417 Quebec: Whiskey and Papa, sending you 2
2024-10-14 17:35:19.699918 Hotel: Lima and Zulu, sending you 3
2024-10-14 17:35:19.700942 Papa: Quebec, Whiskey and Juliett, sending you 3
2024-10-14 17:35:19.701352 Juliett: Whiskey, sending you 2
2024-10-14 17:35:19.705622 Quebec: Juliett, sending you 1
2024-10-14 17:35:19.706468 Papa: Lima, sending you 2
chatterbot Alpha submitting transactions
chatterbot Hotel submitting transactions
chatterbot Quebec submitting transactions
chatterbot Papa submitting transactions
chatterbot Lima submitting transactions
chatterbot Juliett submitting transactions
chatterbot Zulu submitting transactions
chatterbot Sierra submitting transactions
chatterbot Whiskey submitting transactions
chatterbot Golf submitting transactions
ChatterBot Sierra round 2
ChatterBot Quebec round 2
ChatterBot Alpha round 2
ChatterBot Golf round 2
ChatterBot Lima round 2
ChatterBot Hotel round 2
ChatterBot Whiskey round 2
ChatterBot Zulu round 2
ChatterBot Juliett round 2
ChatterBot Papa round 2
2024-10-14 17:35:21.411738 Lima: Can we be friends?
ChatterBot Sierra reevaluating
ChatterBot Quebec reevaluating
ChatterBot Juliett reevaluating
ChatterBot Papa reevaluating
ChatterBot Hotel reevaluating
2024-10-14 17:35:21.434622 Sierra: No
2024-10-14 17:35:21.434807 Quebec: Yes
2024-10-14 17:35:21.434944 Juliett: No
2024-10-14 17:35:21.435056 Papa: No
2024-10-14 17:35:21.435167 Hotel: Yes
ChatterBot Quebec reevaluating
ChatterBot Juliett reevaluating
ChatterBot Papa reevaluating
ChatterBot Hotel reevaluating
ChatterBot Sierra reevaluating
ChatterBot Juliett reevaluating
ChatterBot Papa reevaluating
ChatterBot Hotel reevaluating
ChatterBot Sierra reevaluating
ChatterBot Quebec reevaluating
ChatterBot Papa reevaluating
ChatterBot Hotel reevaluating
ChatterBot Sierra reevaluating
ChatterBot Quebec reevaluating
ChatterBot Juliett reevaluating
ChatterBot Hotel reevaluating
ChatterBot Sierra reevaluating
ChatterBot Quebec reevaluating
ChatterBot Juliett reevaluating
ChatterBot Papa reevaluating
2024-10-14 17:35:21.564163 Golf: We should add Hotel
ChatterBot Alpha reevaluating
ChatterBot Zulu reevaluating
2024-10-14 17:35:21.581322 Alpha: No
2024-10-14 17:35:21.581560 Whiskey: No
2024-10-14 17:35:21.581696 Zulu: Yes
ChatterBot Zulu reevaluating
ChatterBot Alpha reevaluating
ChatterBot Zulu reevaluating
ChatterBot Golf reevaluating
ChatterBot Alpha reevaluating
ChatterBot Golf reevaluating
2024-10-14 17:35:21.703882 Quebec: We should replace Whiskey with Hotel
ChatterBot Sierra reevaluating
ChatterBot Juliett reevaluating
ChatterBot Papa reevaluating
2024-10-14 17:35:21.722375 Sierra: No
2024-10-14 17:35:21.722837 Lima: Yes
2024-10-14 17:35:21.723453 Juliett: Yes
2024-10-14 17:35:21.723668 Papa: Yes
ChatterBot Quebec reevaluating
ChatterBot Juliett reevaluating
ChatterBot Papa reevaluating
ChatterBot Sierra reevaluating
ChatterBot Quebec reevaluating
ChatterBot Juliett reevaluating
ChatterBot Papa reevaluating
ChatterBot Sierra reevaluating
ChatterBot Quebec reevaluating
ChatterBot Papa reevaluating
ChatterBot Sierra reevaluating
ChatterBot Quebec reevaluating
ChatterBot Juliett reevaluating
2024-10-14 17:35:21.942522 Lima: Sierra and Juliett, sending you 4
2024-10-14 17:35:21.942981 Golf: Hotel we want you to join our group
2024-10-14 17:35:21.946925 Hotel: No
ChatterBot Golf reevaluating
2024-10-14 17:35:21.961366 Quebec: Hotel we want you to join our group
2024-10-14 17:35:21.964904 Hotel: Yes
ChatterBot Sierra reevaluating
chatterbot Lima submitting transactions
2024-10-14 17:35:21.986454 Lima: Quebec, Hotel and Papa, sending you 3
chatterbot Whiskey submitting transactions
2024-10-14 17:35:22.010889 Alpha: Sending you each 5
2024-10-14 17:35:22.011285 Hotel: Sierra, Quebec, Lima and Juliett, sending you 4
2024-10-14 17:35:22.011748 Juliett: Quebec, sending you 2
2024-10-14 17:35:22.012501 Whiskey: Alpha, sending you 4
2024-10-14 17:35:22.012764 Zulu: Sierra, Alpha and Golf, sending you 3
chatterbot Alpha submitting transactions
2024-10-14 17:35:22.048303 Hotel: Papa, sending you 2
2024-10-14 17:35:22.048644 Juliett: Hotel, sending you 7
2024-10-14 17:35:22.048898 Whiskey: Golf and Zulu, sending you 3
2024-10-14 17:35:22.049176 Zulu: Lima, Hotel and Whiskey, sending you 2
2024-10-14 17:35:22.049834 Quebec: Sierra, Lima and Hotel, sending you 1
2024-10-14 17:35:22.050073 Papa: Quebec, sending you 6
2024-10-14 17:35:22.052382 Juliett: Papa, sending you 5
2024-10-14 17:35:22.085780 Quebec: Juliett, sending you 3
2024-10-14 17:35:22.086620 Papa: Juliett, sending you 11
2024-10-14 17:35:22.086922 Golf: Alpha, Hotel and Whiskey, sending you 4
2024-10-14 17:35:22.415019 Quebec: Papa, sending you 6
2024-10-14 17:35:22.415486 Golf: Zulu, sending you 6
chatterbot Juliett submitting transactions
2024-10-14 17:35:22.432344 Sierra: Quebec and Papa, sending you 4
2024-10-14 17:35:22.485910 Sierra: Lima, sending you 6
chatterbot Zulu submitting transactions
2024-10-14 17:35:22.497183 Sierra: Juliett, sending you 3
chatterbot Quebec submitting transactions
chatterbot Golf submitting transactions
chatterbot Hotel submitting transactions
chatterbot Papa submitting transactions
chatterbot Sierra submitting transactions
ChatterBot Sierra round 3
ChatterBot Quebec round 3
ChatterBot Alpha round 3
ChatterBot Golf round 3
ChatterBot Lima round 3
ChatterBot Hotel round 3
ChatterBot Whiskey round 3
ChatterBot Zulu round 3
ChatterBot Juliett round 3
ChatterBot Papa round 3
2024-10-14 17:35:23.291131 Juliett: We should add Sierra and Lima
ChatterBot Quebec reevaluating
ChatterBot Papa reevaluating
2024-10-14 17:35:23.309295 Quebec: Yes
2024-10-14 17:35:23.309442 Papa: Yes
2024-10-14 17:35:23.309548 Hotel: Yes
ChatterBot Papa reevaluating
ChatterBot Quebec reevaluating
ChatterBot Quebec reevaluating
ChatterBot Papa reevaluating
2024-10-14 17:35:23.341668 Golf: We should drop Hotel
2024-10-14 17:35:23.350131 Alpha: Yes
2024-10-14 17:35:23.350277 Whiskey: Yes
2024-10-14 17:35:23.350384 Zulu: Yes
2024-10-14 17:35:23.373362 Juliett: Sierra and Lima we want you to join our group
2024-10-14 17:35:23.379317 Lima: Yes
2024-10-14 17:35:23.379464 Sierra: No
ChatterBot Quebec reevaluating
ChatterBot Papa reevaluating
ChatterBot Quebec reevaluating
ChatterBot Papa reevaluating
2024-10-14 17:35:23.414660 Zulu: Alpha, sending you 5
2024-10-14 17:35:23.414980 Sierra: Quebec and Papa, sending you 4
2024-10-14 17:35:23.415676 Alpha: Same as last round
2024-10-14 17:35:23.416695 Whiskey: Alpha, sending you 4
2024-10-14 17:35:23.417685 Hotel: Sierra and Papa, sending you 2
2024-10-14 17:35:23.418081 Lima: Sierra, sending you 6
2024-10-14 17:35:23.418411 Sierra: Lima, sending you 6
2024-10-14 17:35:23.419699 Zulu: Golf, sending you 6
2024-10-14 17:35:23.420153 Whiskey: Golf and Zulu, sending you 3
2024-10-14 17:35:23.420683 Hotel: Quebec, sending you 3
2024-10-14 17:35:23.422678 Lima: Quebec and Juliett, sending you 3
2024-10-14 17:35:23.423685 Sierra: Juliett, sending you 3
2024-10-14 17:35:23.423945 Zulu: Whiskey, sending you 4
2024-10-14 17:35:23.424767 Hotel: Lima, sending you 4
2024-10-14 17:35:23.425676 Lima: Hotel, sending you 4
2024-10-14 17:35:23.428673 Juliett: Sierra, sending you 1
2024-10-14 17:35:23.429699 Hotel: Juliett, sending you 5
2024-10-14 17:35:23.430049 Lima: Papa, sending you 1
2024-10-14 17:35:23.430740 Golf: Alpha, sending you 6
2024-10-14 17:35:23.432713 Juliett: Quebec and Lima, sending you 2
2024-10-14 17:35:23.435152 Papa: Sierra, sending you 3
2024-10-14 17:35:23.435697 Juliett: Hotel, sending you 3
2024-10-14 17:35:23.436687 Golf: Whiskey, sending you 5
2024-10-14 17:35:23.438693 Juliett: Papa, sending you 6
2024-10-14 17:35:23.439677 Papa: Quebec, sending you 5
2024-10-14 17:35:23.440679 Quebec: Sierra, Lima, Hotel and Juliett, sending you 2
2024-10-14 17:35:23.441671 Golf: Zulu, sending you 7
2024-10-14 17:35:23.443691 Papa: Lima, sending you 2
2024-10-14 17:35:23.444988 Quebec: Papa, sending you 4
2024-10-14 17:35:23.447668 Papa: Hotel, sending you 1
2024-10-14 17:35:23.450675 Papa: Juliett, sending you 6
chatterbot Golf submitting transactions
chatterbot Alpha submitting transactions
chatterbot Quebec submitting transactions
chatterbot Whiskey submitting transactions
chatterbot Juliett submitting transactions
chatterbot Papa submitting transactions
chatterbot Zulu submitting transactions
chatterbot Sierra submitting transactions
chatterbot Lima submitting transactions
chatterbot Hotel submitting transactions
ChatterBot Sierra round 4
ChatterBot Quebec round 4
ChatterBot Alpha round 4
ChatterBot Golf round 4
ChatterBot Lima round 4
ChatterBot Hotel round 4
ChatterBot Whiskey round 4
ChatterBot Zulu round 4
ChatterBot Juliett round 4
ChatterBot Papa round 4
2024-10-14 17:35:24.465697 Sierra: Quebec and Papa, sending you 4
2024-10-14 17:35:24.466671 Golf: Alpha, sending you 6
2024-10-14 17:35:24.467530 Zulu: Alpha, sending you 5
2024-10-14 17:35:24.468672 Hotel: Quebec, sending you 4
2024-10-14 17:35:24.470689 Whiskey: Alpha, sending you 4
2024-10-14 17:35:24.471056 Sierra: Lima, sending you 6
2024-10-14 17:35:24.471360 Golf: Whiskey, sending you 5
2024-10-14 17:35:24.471705 Alpha: Same as last round
2024-10-14 17:35:24.472682 Zulu: Golf, sending you 6
2024-10-14 17:35:24.473118 Quebec: Sierra and Papa, sending you 3
2024-10-14 17:35:24.473738 Hotel: Lima, sending you 5
2024-10-14 17:35:24.475349 Lima: Sierra, sending you 5
2024-10-14 17:35:24.475915 Juliett: Sierra, Quebec and Lima, sending you 2
2024-10-14 17:35:24.476380 Whiskey: Golf and Zulu, sending you 3
2024-10-14 17:35:24.476732 Sierra: Juliett, sending you 3
2024-10-14 17:35:24.477040 Golf: Zulu, sending you 7
2024-10-14 17:35:24.477380 Zulu: Whiskey, sending you 4
2024-10-14 17:35:24.478675 Quebec: Lima, Hotel and Juliett, sending you 2
2024-10-14 17:35:24.479110 Hotel: Juliett, sending you 6
2024-10-14 17:35:24.479503 Lima: Quebec and Juliett, sending you 3
2024-10-14 17:35:24.479918 Juliett: Hotel, sending you 3
2024-10-14 17:35:24.480705 Papa: Sierra and Quebec, sending you 4
2024-10-14 17:35:24.482698 Hotel: Papa, sending you 3
2024-10-14 17:35:24.483720 Lima: Hotel, sending you 4
2024-10-14 17:35:24.484681 Juliett: Papa, sending you 5
2024-10-14 17:35:24.485224 Papa: Lima, sending you 2
2024-10-14 17:35:24.487686 Lima: Papa, sending you 2
2024-10-14 17:35:24.488691 Papa: Hotel, sending you 1
2024-10-14 17:35:24.492188 Papa: Juliett, sending you 6
chatterbot Golf submitting transactions
chatterbot Sierra submitting transactions
chatterbot Hotel submitting transactions
chatterbot Quebec submitting transactions
chatterbot Whiskey submitting transactions
chatterbot Lima submitting transactions
chatterbot Alpha submitting transactions
chatterbot Juliett submitting transactions
chatterbot Papa submitting transactions
chatterbot Zulu submitting transactions
ChatterBot Sierra round 5
ChatterBot Quebec round 5
ChatterBot Alpha round 5
ChatterBot Golf round 5
ChatterBot Lima round 5
ChatterBot Hotel round 5
ChatterBot Whiskey round 5
ChatterBot Zulu round 5
ChatterBot Juliett round 5
ChatterBot Papa round 5
2024-10-14 17:35:25.435668 Sierra: Quebec and Papa, sending you 4
2024-10-14 17:35:25.440677 Quebec: Sierra and Papa, sending you 3
2024-10-14 17:35:25.441224 Sierra: Lima, sending you 6
2024-10-14 17:35:25.441553 Alpha: Same as last round
2024-10-14 17:35:25.441947 Lima: Sierra, sending you 5
2024-10-14 17:35:25.443688 Golf: Alpha, sending you 6
2024-10-14 17:35:25.444139 Papa: Sierra and Quebec, sending you 4
2024-10-14 17:35:25.445123 Sierra: Juliett, sending you 3
2024-10-14 17:35:25.445571 Quebec: Lima, Hotel and Juliett, sending you 2
2024-10-14 17:35:25.446148 Whiskey: Alpha, sending you 4
2024-10-14 17:35:25.446448 Lima: Quebec and Juliett, sending you 3
2024-10-14 17:35:25.446945 Hotel: Quebec, sending you 4
2024-10-14 17:35:25.447339 Zulu: Alpha, sending you 5
2024-10-14 17:35:25.447601 Golf: Whiskey, sending you 5
2024-10-14 17:35:25.448679 Papa: Lima, sending you 1
2024-10-14 17:35:25.449694 Juliett: Sierra, Quebec and Lima, sending you 2
2024-10-14 17:35:25.450246 Zulu: Golf, sending you 6
2024-10-14 17:35:25.450687 Whiskey: Golf and Zulu, sending you 3
2024-10-14 17:35:25.451010 Lima: Hotel, sending you 4
2024-10-14 17:35:25.451669 Hotel: Lima, sending you 5
2024-10-14 17:35:25.452039 Golf: Zulu, sending you 7
2024-10-14 17:35:25.453693 Papa: Hotel, sending you 2
2024-10-14 17:35:25.454302 Zulu: Whiskey, sending you 4
2024-10-14 17:35:25.454770 Juliett: Hotel, sending you 3
2024-10-14 17:35:25.455371 Lima: Papa, sending you 2
2024-10-14 17:35:25.455947 Hotel: Juliett, sending you 6
2024-10-14 17:35:25.458645 Papa: Juliett, sending you 6
2024-10-14 17:35:25.459184 Juliett: Papa, sending you 5
2024-10-14 17:35:25.460687 Hotel: Papa, sending you 3
chatterbot Zulu submitting transactions
chatterbot Lima submitting transactions
chatterbot Quebec submitting transactions
chatterbot Papa submitting transactions
chatterbot Hotel submitting transactions
chatterbot Juliett submitting transactions
chatterbot Golf submitting transactions
chatterbot Whiskey submitting transactions
chatterbot Sierra submitting transactions
chatterbot Alpha submitting transactions
ChatterBot Sierra round 6
ChatterBot Quebec round 6
ChatterBot Alpha round 6
ChatterBot Golf round 6
ChatterBot Lima round 6
ChatterBot Hotel round 6
ChatterBot Whiskey round 6
2024-10-14 17:35:26.644183 Sierra: We should add Hotel
2024-10-14 17:35:26.654094 Lima: Yes
2024-10-14 17:35:26.654259 Quebec: Yes
2024-10-14 17:35:26.654390 Juliett: Yes
2024-10-14 17:35:26.654510 Papa: Yes
ChatterBot Zulu round 6
ChatterBot Juliett round 6
ChatterBot Papa round 6
2024-10-14 17:35:26.710823 Sierra: Hotel we want you to join our group
2024-10-14 17:35:26.713111 Hotel: Yes
2024-10-14 17:35:26.740669 Lima: Sierra, sending you 5
2024-10-14 17:35:26.741680 Hotel: Quebec, sending you 4
2024-10-14 17:35:26.743672 Lima: Quebec and Juliett, sending you 3
2024-10-14 17:35:26.744672 Sierra: Quebec and Juliett, sending you 3
2024-10-14 17:35:26.745132 Juliett: Sierra, Quebec and Lima, sending you 2
2024-10-14 17:35:26.746665 Hotel: Lima, sending you 5
2024-10-14 17:35:26.747701 Zulu: Alpha, sending you 5
2024-10-14 17:35:26.748020 Juliett: Hotel, sending you 3
2024-10-14 17:35:26.748673 Lima: Hotel, sending you 4
2024-10-14 17:35:26.749118 Sierra: Lima, sending you 5
2024-10-14 17:35:26.749687 Quebec: Sierra and Papa, sending you 3
2024-10-14 17:35:26.750672 Whiskey: Alpha, sending you 4
2024-10-14 17:35:26.751707 Hotel: Juliett, sending you 6
2024-10-14 17:35:26.752261 Zulu: Golf, sending you 6
2024-10-14 17:35:26.752671 Juliett: Papa, sending you 5
2024-10-14 17:35:26.753651 Golf: Alpha, sending you 6
2024-10-14 17:35:26.753997 Lima: Papa, sending you 2
2024-10-14 17:35:26.754459 Sierra: Hotel, sending you 2
2024-10-14 17:35:26.755300 Whiskey: Golf and Zulu, sending you 3
2024-10-14 17:35:26.755640 Quebec: Lima, Hotel and Juliett, sending you 2
2024-10-14 17:35:26.756070 Alpha: Same as last round
2024-10-14 17:35:26.756368 Zulu: Whiskey, sending you 4
2024-10-14 17:35:26.756675 Hotel: Papa, sending you 3
2024-10-14 17:35:26.757099 Papa: Sierra and Quebec, sending you 4
2024-10-14 17:35:26.758669 Golf: Whiskey, sending you 5
2024-10-14 17:35:26.759660 Sierra: Papa, sending you 4
2024-10-14 17:35:26.760069 Papa: Lima, sending you 1
2024-10-14 17:35:26.761699 Golf: Zulu, sending you 7
2024-10-14 17:35:26.762999 Papa: Hotel, sending you 2
2024-10-14 17:35:26.765713 Papa: Juliett, sending you 6
chatterbot Hotel submitting transactions
chatterbot Whiskey submitting transactions
chatterbot Zulu submitting transactions
chatterbot Sierra submitting transactions
chatterbot Golf submitting transactions
chatterbot Quebec submitting transactions
chatterbot Lima submitting transactions
chatterbot Alpha submitting transactions
chatterbot Papa submitting transactions
chatterbot Juliett submitting transactions
ChatterBot Sierra round 7
ChatterBot Quebec round 7
ChatterBot Alpha round 7
ChatterBot Golf round 7
ChatterBot Lima round 7
ChatterBot Hotel round 7
ChatterBot Whiskey round 7
ChatterBot Zulu round 7
ChatterBot Juliett round 7
ChatterBot Papa round 7
2024-10-14 17:35:27.820673 Lima: Sierra, sending you 5
2024-10-14 17:35:27.821674 Whiskey: Alpha, sending you 4
2024-10-14 17:35:27.822252 Alpha: Same as last round
2024-10-14 17:35:27.823739 Juliett: Sierra, Quebec and Lima, sending you 2
2024-10-14 17:35:27.824556 Papa: Sierra and Quebec, sending you 4
2024-10-14 17:35:27.825330 Lima: Quebec and Juliett, sending you 3
2024-10-14 17:35:27.826131 Whiskey: Golf and Zulu, sending you 3
2024-10-14 17:35:27.826706 Hotel: Sierra, sending you 2
2024-10-14 17:35:27.828710 Juliett: Hotel, sending you 3
2024-10-14 17:35:27.829477 Quebec: Sierra, Lima, Hotel and Juliett, sending you 2
2024-10-14 17:35:27.830257 Papa: Lima, sending you 1
2024-10-14 17:35:27.831014 Lima: Hotel, sending you 4
2024-10-14 17:35:27.832429 Hotel: Quebec and Papa, sending you 3
2024-10-14 17:35:27.833468 Golf: Alpha, sending you 6
2024-10-14 17:35:27.834028 Sierra: Quebec and Juliett, sending you 3
2024-10-14 17:35:27.834777 Juliett: Papa, sending you 5
2024-10-14 17:35:27.835522 Zulu: Alpha, sending you 5
2024-10-14 17:35:27.836523 Quebec: Papa, sending you 4
2024-10-14 17:35:27.837244 Papa: Hotel, sending you 2
2024-10-14 17:35:27.838002 Lima: Papa, sending you 2
2024-10-14 17:35:27.838859 Hotel: Lima and Juliett, sending you 5
2024-10-14 17:35:27.840162 Golf: Whiskey, sending you 5
2024-10-14 17:35:27.840704 Sierra: Lima, sending you 5
2024-10-14 17:35:27.841350 Zulu: Golf, sending you 6
2024-10-14 17:35:27.842656 Papa: Juliett, sending you 6
2024-10-14 17:35:27.843896 Golf: Zulu, sending you 7
2024-10-14 17:35:27.844319 Sierra: Hotel, sending you 2
2024-10-14 17:35:27.845016 Zulu: Whiskey, sending you 4
2024-10-14 17:35:27.848691 Sierra: Papa, sending you 4
chatterbot Whiskey submitting transactions
chatterbot Papa submitting transactions
chatterbot Juliett submitting transactions
chatterbot Alpha submitting transactions
chatterbot Hotel submitting transactions
chatterbot Golf submitting transactions
chatterbot Zulu submitting transactions
chatterbot Sierra submitting transactions
chatterbot Quebec submitting transactions
chatterbot Lima submitting transactions
ChatterBot Sierra round 8
ChatterBot Quebec round 8
ChatterBot Alpha round 8
ChatterBot Golf round 8
ChatterBot Lima round 8
ChatterBot Hotel round 8
ChatterBot Whiskey round 8
ChatterBot Zulu round 8
ChatterBot Juliett round 8
ChatterBot Papa round 8
2024-10-14 17:35:28.894670 Sierra: We should drop Quebec
2024-10-14 17:35:28.906292 Lima: No
2024-10-14 17:35:28.906464 Hotel: No
2024-10-14 17:35:28.906589 Juliett: No
2024-10-14 17:35:28.906724 Papa: No
ChatterBot Sierra reevaluating
ChatterBot Sierra reevaluating
ChatterBot Sierra reevaluating
ChatterBot Sierra reevaluating
2024-10-14 17:35:28.953666 Golf: Alpha, sending you 6
2024-10-14 17:35:28.954290 Alpha: Same as last round
2024-10-14 17:35:28.958977 Golf: Whiskey, sending you 5
2024-10-14 17:35:28.961674 Lima: Sierra, sending you 5
2024-10-14 17:35:28.963044 Golf: Zulu, sending you 7
2024-10-14 17:35:28.963732 Sierra: Quebec and Juliett, sending you 3
2024-10-14 17:35:28.966050 Whiskey: Alpha, sending you 4
2024-10-14 17:35:28.967681 Lima: Quebec and Juliett, sending you 3
2024-10-14 17:35:28.968727 Sierra: Lima, sending you 5
2024-10-14 17:35:28.970053 Whiskey: Golf and Zulu, sending you 3
2024-10-14 17:35:28.971682 Quebec: Sierra, Lima, Hotel and Juliett, sending you 2
2024-10-14 17:35:28.972713 Lima: Hotel, sending you 4
2024-10-14 17:35:28.974217 Zulu: Alpha, sending you 5
2024-10-14 17:35:28.974662 Sierra: Hotel, sending you 2
2024-10-14 17:35:28.975272 Papa: Sierra and Quebec, sending you 4
2024-10-14 17:35:28.975887 Juliett: Sierra, Quebec and Lima, sending you 2
2024-10-14 17:35:28.976679 Hotel: Sierra, Quebec and Papa, sending you 3
2024-10-14 17:35:28.977787 Quebec: Papa, sending you 4
2024-10-14 17:35:28.978348 Lima: Papa, sending you 2
2024-10-14 17:35:28.978927 Sierra: Papa, sending you 4
2024-10-14 17:35:28.979694 Papa: Lima, sending you 1
2024-10-14 17:35:28.980812 Zulu: Golf, sending you 6
2024-10-14 17:35:28.981760 Hotel: Lima, sending you 4
2024-10-14 17:35:28.983039 Juliett: Hotel, sending you 3
2024-10-14 17:35:28.984151 Papa: Hotel, sending you 2
2024-10-14 17:35:28.985700 Zulu: Whiskey, sending you 4
2024-10-14 17:35:28.987653 Hotel: Juliett, sending you 5
2024-10-14 17:35:28.988683 Juliett: Papa, sending you 5
2024-10-14 17:35:28.990701 Papa: Juliett, sending you 6
chatterbot Hotel submitting transactions
chatterbot Papa submitting transactions
chatterbot Alpha submitting transactions
chatterbot Juliett submitting transactions
chatterbot Lima submitting transactions
chatterbot Quebec submitting transactions
chatterbot Sierra submitting transactions
chatterbot Golf submitting transactions
chatterbot Zulu submitting transactions
chatterbot Whiskey submitting transactions
ChatterBot Sierra round 9
ChatterBot Quebec round 9
ChatterBot Alpha round 9
ChatterBot Golf round 9
ChatterBot Lima round 9
ChatterBot Hotel round 9
ChatterBot Whiskey round 9
ChatterBot Zulu round 9
ChatterBot Juliett round 9
ChatterBot Papa round 9
2024-10-14 17:35:30.138250 Sierra: Quebec, Hotel and Juliett, sending you 3
2024-10-14 17:35:30.140867 Golf: Alpha, sending you 6
2024-10-14 17:35:30.142682 Sierra: Lima and Papa, sending you 4
2024-10-14 17:35:30.144687 Whiskey: Alpha, sending you 4
2024-10-14 17:35:30.145717 Golf: Whiskey, sending you 5
2024-10-14 17:35:30.146415 Alpha: Same as last round
2024-10-14 17:35:30.148681 Quebec: Sierra, Lima, Hotel and Juliett, sending you 2
2024-10-14 17:35:30.149438 Lima: Sierra, sending you 5
2024-10-14 17:35:30.150255 Whiskey: Golf and Zulu, sending you 3
2024-10-14 17:35:30.151104 Golf: Zulu, sending you 7
2024-10-14 17:35:30.152702 Lima: Quebec and Juliett, sending you 3
2024-10-14 17:35:30.154227 Quebec: Papa, sending you 4
2024-10-14 17:35:30.155691 Hotel: Sierra, Quebec and Papa, sending you 3
2024-10-14 17:35:30.156647 Papa: Sierra and Quebec, sending you 4
2024-10-14 17:35:30.157503 Zulu: Alpha, sending you 5
2024-10-14 17:35:30.158422 Juliett: Sierra, Quebec and Lima, sending you 2
2024-10-14 17:35:30.159167 Lima: Hotel, sending you 4
2024-10-14 17:35:30.161684 Hotel: Lima, sending you 4
2024-10-14 17:35:30.163529 Papa: Lima, sending you 1
2024-10-14 17:35:30.164605 Zulu: Golf, sending you 6
2024-10-14 17:35:30.165810 Juliett: Hotel, sending you 3
2024-10-14 17:35:30.166828 Lima: Papa, sending you 2
2024-10-14 17:35:30.168246 Hotel: Juliett, sending you 5
2024-10-14 17:35:30.169313 Papa: Hotel, sending you 2
2024-10-14 17:35:30.170407 Zulu: Whiskey, sending you 4
2024-10-14 17:35:30.170979 Juliett: Papa, sending you 5
2024-10-14 17:35:30.173660 Papa: Juliett, sending you 6
chatterbot Zulu submitting transactions
chatterbot Hotel submitting transactions
chatterbot Juliett submitting transactions
chatterbot Quebec submitting transactions
chatterbot Lima submitting transactions
chatterbot Papa submitting transactions
chatterbot Alpha submitting transactions
chatterbot Sierra submitting transactions
chatterbot Golf submitting transactions
chatterbot Whiskey submitting transactions
ChatterBot Sierra round 10
ChatterBot Quebec round 10
ChatterBot Alpha round 10
ChatterBot Golf round 10
ChatterBot Lima round 10
ChatterBot Hotel round 10
ChatterBot Whiskey round 10
ChatterBot Zulu round 10
ChatterBot Juliett round 10
ChatterBot Papa round 10
2024-10-14 17:35:31.266055 Sierra: We should drop Quebec
2024-10-14 17:35:31.275337 Lima: No
2024-10-14 17:35:31.275556 Hotel: No
2024-10-14 17:35:31.275724 Juliett: No
2024-10-14 17:35:31.275859 Papa: No
ChatterBot Sierra reevaluating
ChatterBot Sierra reevaluating
ChatterBot Sierra reevaluating
ChatterBot Sierra reevaluating
2024-10-14 17:35:31.320679 Quebec: Sierra, Lima, Hotel and Juliett, sending you 2
2024-10-14 17:35:31.327671 Quebec: Papa, sending you 4
2024-10-14 17:35:31.329233 Zulu: Alpha, sending you 5
2024-10-14 17:35:31.331667 Papa: Sierra, sending you 3
2024-10-14 17:35:31.332707 Whiskey: Alpha, sending you 4
2024-10-14 17:35:31.333205 Zulu: Golf, sending you 6
2024-10-14 17:35:31.335115 Golf: Alpha, sending you 6
2024-10-14 17:35:31.335681 Alpha: Same as last round
2024-10-14 17:35:31.336295 Sierra: Quebec, Hotel and Juliett, sending you 3
2024-10-14 17:35:31.337762 Papa: Quebec, sending you 4
2024-10-14 17:35:31.338690 Whiskey: Golf and Zulu, sending you 3
2024-10-14 17:35:31.339153 Zulu: Whiskey, sending you 4
2024-10-14 17:35:31.339650 Golf: Whiskey, sending you 5
2024-10-14 17:35:31.340722 Lima: Sierra, sending you 5
2024-10-14 17:35:31.341686 Hotel: Sierra, Quebec and Papa, sending you 3
2024-10-14 17:35:31.343175 Juliett: Sierra, Quebec and Lima, sending you 2
2024-10-14 17:35:31.343999 Sierra: Lima and Papa, sending you 4
2024-10-14 17:35:31.344885 Papa: Lima and Hotel, sending you 2
2024-10-14 17:35:31.346774 Golf: Zulu, sending you 7
2024-10-14 17:35:31.347257 Lima: Quebec and Juliett, sending you 3
2024-10-14 17:35:31.347918 Juliett: Hotel, sending you 3
2024-10-14 17:35:31.349208 Hotel: Lima, sending you 4
2024-10-14 17:35:31.352205 Papa: Juliett, sending you 6
2024-10-14 17:35:31.353192 Lima: Hotel, sending you 4
2024-10-14 17:35:31.354315 Hotel: Juliett, sending you 5
2024-10-14 17:35:31.355935 Juliett: Papa, sending you 5
2024-10-14 17:35:31.358707 Lima: Papa, sending you 2
chatterbot Golf submitting transactions
chatterbot Juliett submitting transactions
chatterbot Papa submitting transactions
chatterbot Alpha submitting transactions
chatterbot Quebec submitting transactions
chatterbot Lima submitting transactions
chatterbot Hotel submitting transactions
chatterbot Whiskey submitting transactions
chatterbot Sierra submitting transactions
chatterbot Zulu submitting transactions
ChatterBot Sierra round 11
ChatterBot Quebec round 11
ChatterBot Alpha round 11
ChatterBot Golf round 11
ChatterBot Lima round 11
ChatterBot Hotel round 11
ChatterBot Whiskey round 11
ChatterBot Zulu round 11
ChatterBot Juliett round 11
ChatterBot Papa round 11
2024-10-14 17:35:32.513682 Sierra: Quebec, Hotel and Juliett, sending you 3
2024-10-14 17:35:32.517664 Lima: Sierra, sending you 5
2024-10-14 17:35:32.518887 Alpha: Same as last round
2024-10-14 17:35:32.519432 Sierra: Lima and Papa, sending you 4
2024-10-14 17:35:32.521255 Juliett: Sierra, Quebec and Lima, sending you 2
2024-10-14 17:35:32.522871 Zulu: Alpha, sending you 5
2024-10-14 17:35:32.523799 Golf: Alpha, sending you 6
2024-10-14 17:35:32.524686 Lima: Quebec and Juliett, sending you 3
2024-10-14 17:35:32.527374 Juliett: Hotel, sending you 3
2024-10-14 17:35:32.528325 Quebec: Sierra, Lima, Hotel and Juliett, sending you 2
2024-10-14 17:35:32.529110 Zulu: Golf, sending you 6
2024-10-14 17:35:32.529696 Golf: Whiskey, sending you 5
2024-10-14 17:35:32.530257 Hotel: Sierra, Quebec and Papa, sending you 3
2024-10-14 17:35:32.532111 Papa: Sierra, sending you 3
2024-10-14 17:35:32.533114 Lima: Hotel, sending you 4
2024-10-14 17:35:32.534240 Whiskey: Alpha, sending you 4
2024-10-14 17:35:32.535807 Juliett: Papa, sending you 5
2024-10-14 17:35:32.536945 Quebec: Papa, sending you 4
2024-10-14 17:35:32.537975 Zulu: Whiskey, sending you 4
2024-10-14 17:35:32.539428 Golf: Zulu, sending you 7
2024-10-14 17:35:32.540100 Hotel: Lima, sending you 4
2024-10-14 17:35:32.541099 Papa: Quebec, sending you 4
2024-10-14 17:35:32.543584 Lima: Papa, sending you 2
2024-10-14 17:35:32.544682 Whiskey: Golf and Zulu, sending you 3
2024-10-14 17:35:32.545358 Hotel: Juliett, sending you 5
2024-10-14 17:35:32.547274 Papa: Lima and Hotel, sending you 2
2024-10-14 17:35:32.552319 Papa: Juliett, sending you 6
chatterbot Alpha submitting transactions
chatterbot Papa submitting transactions
chatterbot Golf submitting transactions
chatterbot Sierra submitting transactions
chatterbot Zulu submitting transactions
chatterbot Juliett submitting transactions
chatterbot Whiskey submitting transactions
chatterbot Quebec submitting transactions
chatterbot Lima submitting transactions
chatterbot Hotel submitting transactions
ChatterBot Sierra round 12
ChatterBot Quebec round 12
ChatterBot Alpha round 12
ChatterBot Golf round 12
ChatterBot Lima round 12
ChatterBot Hotel round 12
ChatterBot Whiskey round 12
ChatterBot Zulu round 12
ChatterBot Juliett round 12
ChatterBot Papa round 12
2024-10-14 17:35:33.773649 Sierra: Quebec, Hotel and Juliett, sending you 3
2024-10-14 17:35:33.777665 Sierra: Lima and Papa, sending you 4
2024-10-14 17:35:33.783662 Quebec: Sierra, Lima, Hotel and Juliett, sending you 2
2024-10-14 17:35:33.784970 Lima: Sierra and Hotel, sending you 4
2024-10-14 17:35:33.786637 Golf: Alpha, sending you 6
2024-10-14 17:35:33.787190 Zulu: Alpha, sending you 5
2024-10-14 17:35:33.787686 Hotel: Sierra, Quebec and Papa, sending you 3
2024-10-14 17:35:33.789644 Quebec: Papa, sending you 4
2024-10-14 17:35:33.790715 Alpha: Same as last round
2024-10-14 17:35:33.791201 Lima: Quebec, Juliett and Papa, sending you 3
2024-10-14 17:35:33.792483 Golf: Whiskey, sending you 5
2024-10-14 17:35:33.793019 Zulu: Golf, sending you 6
2024-10-14 17:35:33.793493 Hotel: Lima, sending you 4
2024-10-14 17:35:33.794538 Papa: Sierra, sending you 3
2024-10-14 17:35:33.795751 Whiskey: Alpha, sending you 4
2024-10-14 17:35:33.796331 Zulu: Whiskey, sending you 4
2024-10-14 17:35:33.797214 Golf: Zulu, sending you 7
2024-10-14 17:35:33.797691 Hotel: Juliett, sending you 5
2024-10-14 17:35:33.798578 Juliett: Sierra, Quebec and Lima, sending you 2
2024-10-14 17:35:33.799801 Whiskey: Golf and Zulu, sending you 3
2024-10-14 17:35:33.801304 Papa: Quebec, sending you 4
2024-10-14 17:35:33.802679 Juliett: Hotel, sending you 3
2024-10-14 17:35:33.805687 Papa: Lima and Hotel, sending you 2
2024-10-14 17:35:33.808687 Juliett: Papa, sending you 5
2024-10-14 17:35:33.812312 Papa: Juliett, sending you 6
chatterbot Juliett submitting transactions
chatterbot Hotel submitting transactions
chatterbot Alpha submitting transactions
chatterbot Sierra submitting transactions
chatterbot Quebec submitting transactions
chatterbot Lima submitting transactions
chatterbot Papa submitting transactions
chatterbot Whiskey submitting transactions
chatterbot Zulu submitting transactions
chatterbot Golf submitting transactions
ChatterBot Sierra round 13
ChatterBot Quebec round 13
ChatterBot Alpha round 13
ChatterBot Golf round 13
ChatterBot Lima round 13
ChatterBot Hotel round 13
ChatterBot Whiskey round 13
ChatterBot Zulu round 13
ChatterBot Juliett round 13
ChatterBot Papa round 13
2024-10-14 17:35:35.056666 Lima: Sierra and Hotel, sending you 4
2024-10-14 17:35:35.062678 Lima: Quebec, Juliett and Papa, sending you 3
2024-10-14 17:35:35.064070 Quebec: Sierra, Lima, Hotel and Juliett, sending you 2
2024-10-14 17:35:35.066030 Golf: Alpha, sending you 6
2024-10-14 17:35:35.066682 Sierra: Quebec, Hotel and Juliett, sending you 3
2024-10-14 17:35:35.067991 Alpha: Same as last round
2024-10-14 17:35:35.068696 Quebec: Papa, sending you 4
2024-10-14 17:35:35.069835 Hotel: Sierra, Quebec and Papa, sending you 3
2024-10-14 17:35:35.071460 Golf: Whiskey, sending you 5
2024-10-14 17:35:35.071988 Juliett: Sierra, Quebec and Lima, sending you 2
2024-10-14 17:35:35.072997 Sierra: Lima and Papa, sending you 4
2024-10-14 17:35:35.073955 Hotel: Lima, sending you 4
2024-10-14 17:35:35.074868 Zulu: Alpha, sending you 5
2024-10-14 17:35:35.076692 Golf: Zulu, sending you 7
2024-10-14 17:35:35.077250 Whiskey: Alpha, sending you 4
2024-10-14 17:35:35.078260 Juliett: Hotel, sending you 3
2024-10-14 17:35:35.079355 Hotel: Juliett, sending you 5
2024-10-14 17:35:35.080276 Zulu: Golf, sending you 6
2024-10-14 17:35:35.080838 Papa: Sierra, sending you 3
2024-10-14 17:35:35.082673 Whiskey: Golf and Zulu, sending you 3
2024-10-14 17:35:35.083250 Juliett: Papa, sending you 5
2024-10-14 17:35:35.084328 Zulu: Whiskey, sending you 4
2024-10-14 17:35:35.086644 Papa: Quebec, sending you 4
2024-10-14 17:35:35.091694 Papa: Lima and Hotel, sending you 2
2024-10-14 17:35:35.097662 Papa: Juliett, sending you 6
chatterbot Lima submitting transactions
chatterbot Alpha submitting transactions
chatterbot Golf submitting transactions
chatterbot Juliett submitting transactions
chatterbot Quebec submitting transactions
chatterbot Zulu submitting transactions
chatterbot Whiskey submitting transactions
chatterbot Papa submitting transactions
chatterbot Sierra submitting transactions
chatterbot Hotel submitting transactions
ChatterBot Sierra round 14
ChatterBot Quebec round 14
ChatterBot Alpha round 14
ChatterBot Golf round 14
ChatterBot Lima round 14
ChatterBot Hotel round 14
ChatterBot Whiskey round 14
ChatterBot Zulu round 14
ChatterBot Juliett round 14
ChatterBot Papa round 14
2024-10-14 17:35:36.314267 Sierra: We should drop Quebec
2024-10-14 17:35:36.327728 Lima: No
2024-10-14 17:35:36.328030 Hotel: No
2024-10-14 17:35:36.328266 Juliett: No
2024-10-14 17:35:36.328488 Papa: No
ChatterBot Sierra reevaluating
ChatterBot Sierra reevaluating
ChatterBot Sierra reevaluating
2024-10-14 17:35:36.377651 Zulu: Alpha, sending you 5
2024-10-14 17:35:36.378689 Alpha: Same as last round
2024-10-14 17:35:36.383476 Zulu: Golf, sending you 6
2024-10-14 17:35:36.387647 Zulu: Whiskey, sending you 4
2024-10-14 17:35:36.388158 Golf: Alpha, sending you 6
2024-10-14 17:35:36.391681 Hotel: Sierra, Quebec and Papa, sending you 3
2024-10-14 17:35:36.392789 Golf: Whiskey, sending you 5
2024-10-14 17:35:36.393319 Quebec: Sierra, Lima, Hotel and Juliett, sending you 2
2024-10-14 17:35:36.394323 Juliett: Sierra, Quebec and Lima, sending you 2
2024-10-14 17:35:36.395344 Lima: Sierra and Hotel, sending you 4
2024-10-14 17:35:36.396200 Papa: Sierra, sending you 3
2024-10-14 17:35:36.397113 Whiskey: Alpha, sending you 4
2024-10-14 17:35:36.398162 Sierra: Quebec, Hotel and Juliett, sending you 3
2024-10-14 17:35:36.399095 Hotel: Lima, sending you 4
2024-10-14 17:35:36.399991 Golf: Zulu, sending you 7
2024-10-14 17:35:36.400560 Quebec: Papa, sending you 4
2024-10-14 17:35:36.401530 Juliett: Hotel, sending you 3
2024-10-14 17:35:36.402496 Lima: Quebec, Juliett and Papa, sending you 3
2024-10-14 17:35:36.403489 Papa: Quebec, sending you 4
2024-10-14 17:35:36.404462 Whiskey: Golf and Zulu, sending you 3
2024-10-14 17:35:36.404986 Hotel: Juliett, sending you 5
2024-10-14 17:35:36.405954 Sierra: Lima and Papa, sending you 4
2024-10-14 17:35:36.406938 Juliett: Papa, sending you 5
2024-10-14 17:35:36.407931 Papa: Lima and Hotel, sending you 2
2024-10-14 17:35:36.411949 Papa: Juliett, sending you 6
chatterbot Sierra submitting transactions
chatterbot Juliett submitting transactions
chatterbot Golf submitting transactions
chatterbot Alpha submitting transactions
chatterbot Lima submitting transactions
chatterbot Papa submitting transactions
chatterbot Zulu submitting transactions
chatterbot Hotel submitting transactions
chatterbot Whiskey submitting transactions
chatterbot Quebec submitting transactions
ChatterBot Sierra round 15
ChatterBot Quebec round 15
ChatterBot Alpha round 15
ChatterBot Golf round 15
ChatterBot Lima round 15
ChatterBot Hotel round 15
ChatterBot Whiskey round 15
ChatterBot Zulu round 15
ChatterBot Juliett round 15
ChatterBot Papa round 15
2024-10-14 17:35:37.465702 Sierra: Quebec, Hotel and Juliett, sending you 3
2024-10-14 17:35:37.470960 Alpha: Same as last round
2024-10-14 17:35:37.472958 Quebec: Sierra, Lima, Hotel and Juliett, sending you 2
2024-10-14 17:35:37.475485 Sierra: Lima and Papa, sending you 4
