ChatterBot Victor round 1
ChatterBot Alpha round 1
ChatterBot Oscar round 1
ChatterBot Lima round 1
ChatterBot Mike round 1
ChatterBot Tango round 1
ChatterBot Foxtrot round 1
ChatterBot Kilo round 1
ChatterBot Yankee round 1
ChatterBot Papa round 1
randomSelections Alpha: {Alpha, Yankee, Oscar, Tango, Papa, Mike} 
2024-10-14 17:35:19.198695 Alpha: Let's form a team
ChatterBot Yankee reevaluating
ChatterBot Oscar reevaluating
ChatterBot Tango reevaluating
ChatterBot Papa reevaluating
ChatterBot Mike reevaluating
2024-10-14 17:35:19.209055 Yankee: Yes
2024-10-14 17:35:19.209735 Oscar: Yes
2024-10-14 17:35:19.209852 Tango: Yes
2024-10-14 17:35:19.209940 Papa: Yes
2024-10-14 17:35:19.210040 Mike: Yes
ChatterBot Oscar reevaluating
ChatterBot Tango reevaluating
ChatterBot Papa reevaluating
ChatterBot Mike reevaluating
ChatterBot Yankee reevaluating
ChatterBot Tango reevaluating
ChatterBot Papa reevaluating
ChatterBot Mike reevaluating
ChatterBot Yankee reevaluating
ChatterBot Oscar reevaluating
ChatterBot Papa reevaluating
ChatterBot Mike reevaluating
ChatterBot Yankee reevaluating
ChatterBot Oscar reevaluating
ChatterBot Tango reevaluating
ChatterBot Mike reevaluating
ChatterBot Yankee reevaluating
ChatterBot Oscar reevaluating
ChatterBot Tango reevaluating
ChatterBot Papa reevaluating
randomSelections Victor: {Victor, Foxtrot, Oscar, Papa, Tango, Alpha, Kilo} 
2024-10-14 17:35:19.305915 Victor: We should group up
ChatterBot Foxtrot reevaluating
ChatterBot Oscar reevaluating
ChatterBot Papa reevaluating
ChatterBot Tango reevaluating
ChatterBot Kilo reevaluating
2024-10-14 17:35:19.316928 Foxtrot: Yes
2024-10-14 17:35:19.317674 Oscar: No
2024-10-14 17:35:19.318035 Papa: No
2024-10-14 17:35:19.318926 Tango: No
2024-10-14 17:35:19.319081 Alpha: No
2024-10-14 17:35:19.319412 Kilo: Yes
ChatterBot Oscar reevaluating
ChatterBot Papa reevaluating
ChatterBot Tango reevaluating
ChatterBot Kilo reevaluating
ChatterBot Foxtrot reevaluating
ChatterBot Papa reevaluating
ChatterBot Tango reevaluating
ChatterBot Kilo reevaluating
ChatterBot Foxtrot reevaluating
ChatterBot Oscar reevaluating
ChatterBot Tango reevaluating
ChatterBot Kilo reevaluating
ChatterBot Foxtrot reevaluating
ChatterBot Oscar reevaluating
ChatterBot Papa reevaluating
ChatterBot Kilo reevaluating
ChatterBot Foxtrot reevaluating
ChatterBot Oscar reevaluating
ChatterBot Papa reevaluating
ChatterBot Tango reevaluating
ChatterBot Kilo reevaluating
ChatterBot Foxtrot reevaluating
ChatterBot Oscar reevaluating
ChatterBot Papa reevaluating
ChatterBot Tango reevaluating
randomSelections Lima: {Lima, Foxtrot, Victor, Papa, Alpha, Yankee} 
2024-10-14 17:35:19.417828 Lima: Group up?
ChatterBot Foxtrot reevaluating
ChatterBot Papa reevaluating
ChatterBot Yankee reevaluating
2024-10-14 17:35:19.433034 Foxtrot: No
2024-10-14 17:35:19.434637 Victor: No
2024-10-14 17:35:19.435148 Papa: No
2024-10-14 17:35:19.435797 Alpha: No
2024-10-14 17:35:19.437493 Yankee: No
ChatterBot Papa reevaluating
ChatterBot Yankee reevaluating
ChatterBot Foxtrot reevaluating
ChatterBot Papa reevaluating
ChatterBot Yankee reevaluating
ChatterBot Foxtrot reevaluating
ChatterBot Yankee reevaluating
ChatterBot Foxtrot reevaluating
ChatterBot Papa reevaluating
ChatterBot Yankee reevaluating
ChatterBot Foxtrot reevaluating
ChatterBot Papa reevaluating
2024-10-14 17:35:19.520817 Victor: Alpha, Oscar and Papa, sending you 3
2024-10-14 17:35:19.521973 Lima: Victor, sending you 5
2024-10-14 17:35:19.522796 Alpha: Oscar and Papa, sending you 3
2024-10-14 17:35:19.523214 Mike: Alpha, Oscar and Yankee, sending you 2
2024-10-14 17:35:19.525900 Lima: Alpha, sending you 2
2024-10-14 17:35:19.527888 Victor: Tango, sending you 1
2024-10-14 17:35:19.528271 Tango: Alpha and Papa, sending you 2
2024-10-14 17:35:19.529350 Kilo: Victor, sending you 2
2024-10-14 17:35:19.529744 Foxtrot: Victor and Kilo, sending you 3
2024-10-14 17:35:19.530113 Alpha: Mike, sending you 2
2024-10-14 17:35:19.530961 Mike: Tango, sending you 4
2024-10-14 17:35:19.531320 Lima: Foxtrot, sending you 3
2024-10-14 17:35:19.532097 Oscar: Alpha and Papa, sending you 3
2024-10-14 17:35:19.532458 Victor: Foxtrot, sending you 4
2024-10-14 17:35:19.532937 Tango: Oscar, sending you 1
2024-10-14 17:35:19.533562 Kilo: Alpha and Papa, sending you 3
2024-10-14 17:35:19.535191 Foxtrot: Alpha and Papa, sending you 2
2024-10-14 17:35:19.536385 Alpha: Tango and Yankee, sending you 4
2024-10-14 17:35:19.540754 Oscar: Mike, sending you 5
2024-10-14 17:35:19.541769 Victor: Kilo, sending you 2
2024-10-14 17:35:19.542264 Tango: Mike and Yankee, sending you 3
2024-10-14 17:35:19.543129 Kilo: Oscar and Tango, sending you 4
2024-10-14 17:35:19.543434 Foxtrot: Oscar and Tango, sending you 1
2024-10-14 17:35:19.543780 Papa: Alpha and Oscar, sending you 4
2024-10-14 17:35:19.544958 Oscar: Tango, sending you 2
2024-10-14 17:35:19.545795 Yankee: Alpha, sending you 2
2024-10-14 17:35:19.547696 Papa: Mike and Yankee, sending you 1
2024-10-14 17:35:19.549428 Yankee: Oscar and Papa, sending you 4
2024-10-14 17:35:19.550236 Oscar: Yankee, sending you 6
2024-10-14 17:35:19.555166 Yankee: Mike and Tango, sending you 3
chatterbot Lima submitting transactions
chatterbot Tango submitting transactions
chatterbot Papa submitting transactions
chatterbot Mike submitting transactions
chatterbot Kilo submitting transactions
chatterbot Victor submitting transactions
chatterbot Alpha submitting transactions
chatterbot Oscar submitting transactions
chatterbot Foxtrot submitting transactions
chatterbot Yankee submitting transactions
ChatterBot Victor round 2
ChatterBot Alpha round 2
ChatterBot Oscar round 2
ChatterBot Lima round 2
ChatterBot Mike round 2
ChatterBot Tango round 2
ChatterBot Foxtrot round 2
2024-10-14 17:35:21.162099 Victor: We would work well together
ChatterBot Lima reevaluating
ChatterBot Foxtrot reevaluating
ChatterBot Kilo reevaluating
2024-10-14 17:35:21.179589 Lima: Yes
2024-10-14 17:35:21.179760 Foxtrot: Yes
2024-10-14 17:35:21.179882 Kilo: No
ChatterBot Foxtrot reevaluating
ChatterBot Kilo reevaluating
ChatterBot Lima reevaluating
ChatterBot Kilo reevaluating
ChatterBot Lima reevaluating
ChatterBot Foxtrot reevaluating
ChatterBot Kilo round 2
2024-10-14 17:35:21.241113 Alpha: We should add Kilo
ChatterBot Yankee reevaluating
ChatterBot Tango reevaluating
ChatterBot Papa reevaluating
ChatterBot Mike reevaluating
2024-10-14 17:35:21.274024 Yankee: No
2024-10-14 17:35:21.274316 Oscar: No
2024-10-14 17:35:21.274488 Tango: Yes
2024-10-14 17:35:21.274964 Papa: No
2024-10-14 17:35:21.275133 Mike: No
ChatterBot Tango reevaluating
ChatterBot Papa reevaluating
ChatterBot Mike reevaluating
ChatterBot Yankee reevaluating
ChatterBot Tango reevaluating
ChatterBot Papa reevaluating
ChatterBot Mike reevaluating
ChatterBot Yankee reevaluating
ChatterBot Papa reevaluating
ChatterBot Mike reevaluating
ChatterBot Yankee reevaluating
ChatterBot Tango reevaluating
ChatterBot Mike reevaluating
ChatterBot Yankee reevaluating
ChatterBot Tango reevaluating
ChatterBot Papa reevaluating
ChatterBot Yankee round 2
ChatterBot Papa round 2
2024-10-14 17:35:21.438681 Oscar: We should drop Papa
ChatterBot Mike reevaluating
ChatterBot Tango reevaluating
ChatterBot Yankee reevaluating
2024-10-14 17:35:21.452667 Alpha: No
2024-10-14 17:35:21.452812 Mike: No
2024-10-14 17:35:21.452912 Tango: No
2024-10-14 17:35:21.453372 Yankee: No
ChatterBot Mike reevaluating
ChatterBot Tango reevaluating
ChatterBot Yankee reevaluating
ChatterBot Tango reevaluating
ChatterBot Yankee reevaluating
ChatterBot Mike reevaluating
ChatterBot Yankee reevaluating
ChatterBot Mike reevaluating
ChatterBot Tango reevaluating
2024-10-14 17:35:21.510134 Alpha: Kilo we want you to join our group
2024-10-14 17:35:21.513608 Kilo: No
ChatterBot Alpha reevaluating
ChatterBot Mike reevaluating
ChatterBot Tango reevaluating
ChatterBot Yankee reevaluating
ChatterBot Papa reevaluating
2024-10-14 17:35:21.843565 Victor: Lima, sending you 8
2024-10-14 17:35:21.843859 Tango: Kilo we want you to join our group
2024-10-14 17:35:21.847341 Kilo: No
ChatterBot Alpha reevaluating
ChatterBot Tango reevaluating
ChatterBot Yankee reevaluating
2024-10-14 17:35:21.866213 Victor: Foxtrot, sending you 6
2024-10-14 17:35:21.988186 Kilo: Victor, sending you 6
2024-10-14 17:35:21.988520 Victor: Kilo, sending you 4
2024-10-14 17:35:21.988811 Papa: Alpha, Oscar and Tango, sending you 2
2024-10-14 17:35:21.989645 Oscar: Alpha, sending you 5
2024-10-14 17:35:21.989945 Mike: Alpha, Tango, Yankee and Papa, sending you 2
2024-10-14 17:35:21.990356 Lima: Victor, sending you 4
2024-10-14 17:35:21.991145 Foxtrot: Victor, sending you 7
2024-10-14 17:35:21.994875 Kilo: Lima, sending you 3
2024-10-14 17:35:21.995219 Papa: Mike, sending you 1
2024-10-14 17:35:21.996038 Mike: Oscar, sending you 3
2024-10-14 17:35:21.996448 Oscar: Mike and Tango, sending you 4
2024-10-14 17:35:21.996786 Lima: Foxtrot and Kilo, sending you 3
2024-10-14 17:35:21.997069 Foxtrot: Lima, sending you 6
2024-10-14 17:35:22.018954 Kilo: Foxtrot, sending you 8
2024-10-14 17:35:22.019256 Papa: Yankee, sending you 3
2024-10-14 17:35:22.019608 Oscar: Yankee, sending you 6
2024-10-14 17:35:22.020257 Foxtrot: Kilo, sending you 2
2024-10-14 17:35:22.062906 Yankee: Alpha, sending you 4
2024-10-14 17:35:22.063678 Tango: Alpha and Mike, sending you 3
2024-10-14 17:35:22.092445 Alpha: Oscar, Mike, Tango and Kilo, sending you 3
2024-10-14 17:35:22.092794 Yankee: Oscar, sending you 6
2024-10-14 17:35:22.093088 Tango: Oscar and Yankee, sending you 2
2024-10-14 17:35:22.107299 Alpha: Yankee, sending you 2
2024-10-14 17:35:22.108144 Yankee: Mike and Papa, sending you 2
2024-10-14 17:35:22.108485 Tango: Papa, sending you 1
chatterbot Lima submitting transactions
2024-10-14 17:35:22.127500 Yankee: Tango, sending you 3
2024-10-14 17:35:22.128091 Alpha: Papa, sending you 4
chatterbot Mike submitting transactions
chatterbot Oscar submitting transactions
chatterbot Victor submitting transactions
chatterbot Kilo submitting transactions
chatterbot Alpha submitting transactions
chatterbot Foxtrot submitting transactions
chatterbot Papa submitting transactions
chatterbot Tango submitting transactions
chatterbot Yankee submitting transactions
ChatterBot Victor round 3
ChatterBot Alpha round 3
ChatterBot Oscar round 3
ChatterBot Lima round 3
ChatterBot Mike round 3
ChatterBot Tango round 3
ChatterBot Foxtrot round 3
ChatterBot Kilo round 3
ChatterBot Yankee round 3
ChatterBot Papa round 3
2024-10-14 17:35:22.805445 Alpha: We should drop Kilo
ChatterBot Oscar reevaluating
2024-10-14 17:35:22.830600 Yankee: Yes
2024-10-14 17:35:22.830913 Oscar: Yes
2024-10-14 17:35:22.831209 Tango: Yes
2024-10-14 17:35:22.831442 Papa: Yes
2024-10-14 17:35:22.831709 Mike: Yes
ChatterBot Oscar reevaluating
ChatterBot Oscar reevaluating
ChatterBot Oscar reevaluating
ChatterBot Oscar reevaluating
2024-10-14 17:35:22.911328 Victor: Lima and Kilo, sending you 6
2024-10-14 17:35:22.913327 Lima: Victor, sending you 5
2024-10-14 17:35:22.916675 Victor: Foxtrot, sending you 8
2024-10-14 17:35:22.917739 Tango: Alpha, sending you 3
2024-10-14 17:35:22.918423 Lima: Foxtrot, sending you 4
2024-10-14 17:35:22.918874 Foxtrot: Victor, sending you 6
2024-10-14 17:35:22.919962 Mike: Alpha, Tango, Yankee and Papa, sending you 2
2024-10-14 17:35:22.921143 Kilo: Victor and Foxtrot, sending you 6
2024-10-14 17:35:22.922089 Lima: Kilo, sending you 1
2024-10-14 17:35:22.922703 Tango: Oscar, Mike, Yankee and Papa, sending you 2
2024-10-14 17:35:22.923784 Foxtrot: Lima and Kilo, sending you 5
2024-10-14 17:35:22.924348 Mike: Oscar, sending you 3
2024-10-14 17:35:22.926662 Kilo: Lima, sending you 5
2024-10-14 17:35:22.927078 Oscar: Alpha, sending you 5
2024-10-14 17:35:22.927915 Yankee: Alpha, Tango and Papa, sending you 3
2024-10-14 17:35:22.928424 Papa: Alpha, sending you 3
2024-10-14 17:35:22.930671 Yankee: Oscar, sending you 6
2024-10-14 17:35:22.931963 Oscar: Mike and Tango, sending you 4
2024-10-14 17:35:22.932437 Alpha: Oscar, Yankee and Papa, sending you 4
2024-10-14 17:35:22.933823 Papa: Oscar, Tango and Yankee, sending you 2
2024-10-14 17:35:22.934672 Yankee: Mike, sending you 2
2024-10-14 17:35:22.935758 Oscar: Yankee, sending you 6
2024-10-14 17:35:22.936670 Alpha: Mike and Tango, sending you 3
2024-10-14 17:35:22.938684 Papa: Mike, sending you 1
chatterbot Foxtrot submitting transactions
chatterbot Yankee submitting transactions
chatterbot Kilo submitting transactions
chatterbot Alpha submitting transactions
chatterbot Oscar submitting transactions
chatterbot Tango submitting transactions
chatterbot Mike submitting transactions
chatterbot Lima submitting transactions
chatterbot Victor submitting transactions
chatterbot Papa submitting transactions
ChatterBot Victor round 4
ChatterBot Alpha round 4
ChatterBot Oscar round 4
ChatterBot Lima round 4
ChatterBot Mike round 4
ChatterBot Tango round 4
ChatterBot Foxtrot round 4
ChatterBot Kilo round 4
ChatterBot Yankee round 4
ChatterBot Papa round 4
2024-10-14 17:35:24.002667 Lima: Victor, sending you 5
2024-10-14 17:35:24.005663 Alpha: Oscar, Tango, Yankee and Papa, sending you 4
2024-10-14 17:35:24.006293 Lima: Foxtrot, sending you 3
2024-10-14 17:35:24.007829 Victor: Lima and Kilo, sending you 6
2024-10-14 17:35:24.008690 Tango: Alpha, Mike, Yankee and Papa, sending you 2
2024-10-14 17:35:24.009285 Mike: Alpha, Tango, Yankee and Papa, sending you 2
2024-10-14 17:35:24.009936 Alpha: Mike, sending you 2
2024-10-14 17:35:24.011043 Lima: Kilo, sending you 2
2024-10-14 17:35:24.011608 Oscar: Alpha, sending you 5
2024-10-14 17:35:24.012128 Victor: Foxtrot, sending you 8
2024-10-14 17:35:24.012676 Tango: Oscar, sending you 3
2024-10-14 17:35:24.013376 Mike: Oscar, sending you 3
2024-10-14 17:35:24.016947 Oscar: Mike and Tango, sending you 4
2024-10-14 17:35:24.017233 Kilo: Victor, sending you 7
2024-10-14 17:35:24.018700 Foxtrot: Victor and Kilo, sending you 6
2024-10-14 17:35:24.020672 Oscar: Yankee, sending you 6
2024-10-14 17:35:24.020973 Kilo: Lima, sending you 4
2024-10-14 17:35:24.021230 Papa: Alpha, sending you 3
2024-10-14 17:35:24.022909 Yankee: Alpha, sending you 4
2024-10-14 17:35:24.023660 Foxtrot: Lima, sending you 5
2024-10-14 17:35:24.024696 Kilo: Foxtrot, sending you 6
2024-10-14 17:35:24.026664 Papa: Oscar, sending you 1
2024-10-14 17:35:24.027081 Yankee: Oscar, sending you 6
2024-10-14 17:35:24.029686 Papa: Mike, Tango and Yankee, sending you 2
2024-10-14 17:35:24.030390 Yankee: Mike, sending you 1
2024-10-14 17:35:24.034656 Yankee: Tango and Papa, sending you 3
chatterbot Foxtrot submitting transactions
chatterbot Tango submitting transactions
chatterbot Lima submitting transactions
chatterbot Yankee submitting transactions
chatterbot Papa submitting transactions
chatterbot Victor submitting transactions
chatterbot Alpha submitting transactions
chatterbot Kilo submitting transactions
chatterbot Oscar submitting transactions
chatterbot Mike submitting transactions
ChatterBot Victor round 5
ChatterBot Alpha round 5
ChatterBot Oscar round 5
ChatterBot Lima round 5
ChatterBot Mike round 5
ChatterBot Tango round 5
ChatterBot Foxtrot round 5
ChatterBot Kilo round 5
ChatterBot Yankee round 5
ChatterBot Papa round 5
2024-10-14 17:35:25.266699 Victor: Lima and Kilo, sending you 6
2024-10-14 17:35:25.267684 Alpha: Oscar, Yankee and Papa, sending you 4
2024-10-14 17:35:25.271677 Lima: Victor and Foxtrot, sending you 4
2024-10-14 17:35:25.272684 Victor: Foxtrot, sending you 8
2024-10-14 17:35:25.273055 Alpha: Mike and Tango, sending you 3
2024-10-14 17:35:25.276674 Lima: Kilo, sending you 2
2024-10-14 17:35:25.277707 Kilo: Victor, sending you 7
2024-10-14 17:35:25.278688 Oscar: Alpha, sending you 5
2024-10-14 17:35:25.279726 Yankee: Alpha, sending you 4
2024-10-14 17:35:25.280677 Foxtrot: Victor, sending you 7
2024-10-14 17:35:25.281119 Mike: Alpha, Tango, Yankee and Papa, sending you 2
2024-10-14 17:35:25.281830 Kilo: Lima, sending you 4
2024-10-14 17:35:25.282224 Oscar: Mike and Tango, sending you 4
2024-10-14 17:35:25.284703 Yankee: Oscar, sending you 6
2024-10-14 17:35:25.285306 Tango: Alpha, Mike, Yankee and Papa, sending you 2
2024-10-14 17:35:25.286175 Kilo: Foxtrot, sending you 6
2024-10-14 17:35:25.286464 Oscar: Yankee, sending you 6
2024-10-14 17:35:25.286886 Foxtrot: Lima, sending you 4
2024-10-14 17:35:25.287225 Mike: Oscar, sending you 3
2024-10-14 17:35:25.287769 Yankee: Mike, sending you 1
2024-10-14 17:35:25.289665 Papa: Alpha, sending you 3
2024-10-14 17:35:25.290678 Tango: Oscar, sending you 3
2024-10-14 17:35:25.291276 Foxtrot: Kilo, sending you 6
2024-10-14 17:35:25.291658 Yankee: Tango and Papa, sending you 3
2024-10-14 17:35:25.294679 Papa: Oscar, sending you 1
2024-10-14 17:35:25.298680 Papa: Mike, Tango and Yankee, sending you 2
chatterbot Alpha submitting transactions
chatterbot Kilo submitting transactions
chatterbot Foxtrot submitting transactions
chatterbot Lima submitting transactions
chatterbot Papa submitting transactions
chatterbot Oscar submitting transactions
chatterbot Tango submitting transactions
chatterbot Victor submitting transactions
chatterbot Yankee submitting transactions
chatterbot Mike submitting transactions
ChatterBot Victor round 6
ChatterBot Alpha round 6
ChatterBot Oscar round 6
ChatterBot Lima round 6
ChatterBot Mike round 6
ChatterBot Tango round 6
ChatterBot Foxtrot round 6
ChatterBot Kilo round 6
ChatterBot Yankee round 6
ChatterBot Papa round 6
2024-10-14 17:35:26.530655 Foxtrot: Victor, sending you 7
2024-10-14 17:35:26.531663 Kilo: Victor, sending you 7
2024-10-14 17:35:26.533661 Foxtrot: Lima, sending you 4
2024-10-14 17:35:26.536188 Kilo: Lima, sending you 4
2024-10-14 17:35:26.536596 Mike: Alpha, Tango, Yankee and Papa, sending you 2
2024-10-14 17:35:26.537283 Victor: Lima, sending you 5
2024-10-14 17:35:26.537638 Foxtrot: Kilo, sending you 6
2024-10-14 17:35:26.539660 Kilo: Foxtrot, sending you 6
2024-10-14 17:35:26.540657 Alpha: Oscar, Yankee and Papa, sending you 4
2024-10-14 17:35:26.541724 Tango: Alpha, Mike, Yankee and Papa, sending you 2
2024-10-14 17:35:26.542214 Victor: Foxtrot, sending you 8
2024-10-14 17:35:26.542576 Mike: Oscar, sending you 3
2024-10-14 17:35:26.543082 Oscar: Alpha, sending you 5
2024-10-14 17:35:26.543841 Yankee: Alpha, sending you 4
2024-10-14 17:35:26.544656 Alpha: Mike and Tango, sending you 3
2024-10-14 17:35:26.545148 Tango: Oscar, sending you 3
2024-10-14 17:35:26.545680 Papa: Alpha, sending you 3
2024-10-14 17:35:26.546524 Lima: Victor, sending you 5
2024-10-14 17:35:26.546927 Victor: Kilo, sending you 7
2024-10-14 17:35:26.547667 Oscar: Mike and Tango, sending you 4
2024-10-14 17:35:26.548934 Yankee: Oscar, sending you 6
2024-10-14 17:35:26.549675 Papa: Oscar, sending you 1
2024-10-14 17:35:26.550431 Lima: Foxtrot, sending you 3
2024-10-14 17:35:26.550866 Oscar: Yankee, sending you 6
2024-10-14 17:35:26.553692 Papa: Mike, Tango and Yankee, sending you 2
2024-10-14 17:35:26.554684 Yankee: Mike, sending you 1
2024-10-14 17:35:26.555182 Lima: Kilo, sending you 2
2024-10-14 17:35:26.558650 Yankee: Tango and Papa, sending you 3
chatterbot Oscar submitting transactions
chatterbot Lima submitting transactions
chatterbot Papa submitting transactions
chatterbot Tango submitting transactions
chatterbot Alpha submitting transactions
chatterbot Foxtrot submitting transactions
chatterbot Victor submitting transactions
chatterbot Kilo submitting transactions
chatterbot Yankee submitting transactions
chatterbot Mike submitting transactions
ChatterBot Victor round 7
ChatterBot Alpha round 7
ChatterBot Oscar round 7
ChatterBot Lima round 7
ChatterBot Mike round 7
ChatterBot Tango round 7
ChatterBot Foxtrot round 7
ChatterBot Kilo round 7
ChatterBot Yankee round 7
ChatterBot Papa round 7
2024-10-14 17:35:27.778708 Victor: Lima and Kilo, sending you 6
2024-10-14 17:35:27.779690 Lima: Victor, sending you 4
2024-10-14 17:35:27.782693 Alpha: Oscar, Yankee and Papa, sending you 4
2024-10-14 17:35:27.783551 Victor: Foxtrot, sending you 8
2024-10-14 17:35:27.783955 Oscar: Alpha, sending you 5
2024-10-14 17:35:27.785152 Kilo: Victor, sending you 7
2024-10-14 17:35:27.785494 Lima: Foxtrot and Kilo, sending you 3
2024-10-14 17:35:27.785934 Foxtrot: Victor, sending you 7
2024-10-14 17:35:27.786414 Alpha: Mike and Tango, sending you 3
2024-10-14 17:35:27.787690 Oscar: Mike and Tango, sending you 4
2024-10-14 17:35:27.788705 Kilo: Lima, sending you 4
2024-10-14 17:35:27.789252 Mike: Alpha, Tango, Yankee and Papa, sending you 2
2024-10-14 17:35:27.791476 Tango: Alpha, Mike, Yankee and Papa, sending you 2
2024-10-14 17:35:27.792328 Foxtrot: Lima, sending you 4
2024-10-14 17:35:27.792894 Oscar: Yankee, sending you 6
2024-10-14 17:35:27.793730 Yankee: Alpha, sending you 4
2024-10-14 17:35:27.794316 Kilo: Foxtrot, sending you 6
2024-10-14 17:35:27.795582 Mike: Oscar, sending you 3
2024-10-14 17:35:27.796353 Tango: Oscar, sending you 3
2024-10-14 17:35:27.797082 Papa: Alpha, sending you 3
2024-10-14 17:35:27.797688 Foxtrot: Kilo, sending you 6
2024-10-14 17:35:27.798200 Yankee: Oscar, sending you 6
2024-10-14 17:35:27.800673 Papa: Oscar, sending you 1
2024-10-14 17:35:27.801714 Yankee: Mike and Papa, sending you 2
2024-10-14 17:35:27.805715 Papa: Mike, Tango and Yankee, sending you 2
2024-10-14 17:35:27.807555 Yankee: Tango, sending you 3
chatterbot Alpha submitting transactions
chatterbot Foxtrot submitting transactions
chatterbot Mike submitting transactions
chatterbot Papa submitting transactions
chatterbot Lima submitting transactions
chatterbot Kilo submitting transactions
chatterbot Tango submitting transactions
chatterbot Victor submitting transactions
chatterbot Yankee submitting transactions
chatterbot Oscar submitting transactions
ChatterBot Victor round 8
ChatterBot Alpha round 8
ChatterBot Oscar round 8
ChatterBot Lima round 8
ChatterBot Mike round 8
ChatterBot Tango round 8
ChatterBot Foxtrot round 8
ChatterBot Kilo round 8
ChatterBot Yankee round 8
ChatterBot Papa round 8
2024-10-14 17:35:29.033679 Oscar: Alpha, sending you 5
2024-10-14 17:35:29.038086 Victor: Lima, sending you 5
2024-10-14 17:35:29.038593 Alpha: Oscar, Yankee and Papa, sending you 4
2024-10-14 17:35:29.039315 Tango: Alpha, Mike, Yankee and Papa, sending you 2
2024-10-14 17:35:29.040787 Oscar: Mike and Tango, sending you 4
2024-10-14 17:35:29.041192 Lima: Victor, sending you 4
2024-10-14 17:35:29.041684 Victor: Foxtrot, sending you 8
2024-10-14 17:35:29.042363 Alpha: Mike and Tango, sending you 3
2024-10-14 17:35:29.043385 Foxtrot: Victor, sending you 7
2024-10-14 17:35:29.044663 Papa: Alpha, sending you 3
2024-10-14 17:35:29.045657 Yankee: Alpha, sending you 4
2024-10-14 17:35:29.047456 Oscar: Yankee, sending you 6
2024-10-14 17:35:29.048047 Lima: Foxtrot and Kilo, sending you 3
2024-10-14 17:35:29.048660 Mike: Alpha, Tango, Yankee and Papa, sending you 2
2024-10-14 17:35:29.053312 Victor: Kilo, sending you 7
2024-10-14 17:35:29.053925 Tango: Oscar, sending you 3
2024-10-14 17:35:29.055502 Kilo: Victor and Foxtrot, sending you 6
2024-10-14 17:35:29.056110 Foxtrot: Lima, sending you 4
2024-10-14 17:35:29.056677 Papa: Oscar, sending you 1
2024-10-14 17:35:29.058828 Yankee: Oscar, sending you 6
2024-10-14 17:35:29.059908 Mike: Oscar, sending you 3
2024-10-14 17:35:29.062131 Kilo: Lima, sending you 5
2024-10-14 17:35:29.062788 Foxtrot: Kilo, sending you 6
2024-10-14 17:35:29.067065 Papa: Mike, Tango and Yankee, sending you 2
2024-10-14 17:35:29.068070 Yankee: Mike and Papa, sending you 2
2024-10-14 17:35:29.074670 Yankee: Tango, sending you 3
chatterbot Foxtrot submitting transactions
chatterbot Lima submitting transactions
chatterbot Mike submitting transactions
chatterbot Yankee submitting transactions
chatterbot Victor submitting transactions
chatterbot Kilo submitting transactions
chatterbot Tango submitting transactions
chatterbot Oscar submitting transactions
chatterbot Alpha submitting transactions
chatterbot Papa submitting transactions
ChatterBot Victor round 9
ChatterBot Alpha round 9
ChatterBot Oscar round 9
ChatterBot Lima round 9
ChatterBot Mike round 9
ChatterBot Tango round 9
ChatterBot Foxtrot round 9
ChatterBot Kilo round 9
ChatterBot Yankee round 9
ChatterBot Papa round 9
2024-10-14 17:35:30.247658 Victor: Lima, sending you 5
2024-10-14 17:35:30.252133 Victor: Foxtrot, sending you 8
2024-10-14 17:35:30.253675 Mike: Alpha, Tango, Yankee and Papa, sending you 2
2024-10-14 17:35:30.254361 Kilo: Victor and Foxtrot, sending you 6
2024-10-14 17:35:30.254817 Yankee: Alpha, sending you 4
2024-10-14 17:35:30.255856 Victor: Kilo, sending you 7
2024-10-14 17:35:30.256654 Foxtrot: Victor, sending you 7
2024-10-14 17:35:30.257213 Mike: Oscar, sending you 3
2024-10-14 17:35:30.259900 Kilo: Lima, sending you 5
2024-10-14 17:35:30.260395 Yankee: Oscar, sending you 6
2024-10-14 17:35:30.261138 Lima: Victor, sending you 4
2024-10-14 17:35:30.261589 Tango: Alpha, Mike, Yankee and Papa, sending you 2
2024-10-14 17:35:30.262404 Foxtrot: Lima, sending you 4
2024-10-14 17:35:30.263742 Oscar: Alpha, sending you 5
2024-10-14 17:35:30.264317 Lima: Foxtrot and Kilo, sending you 3
2024-10-14 17:35:30.265681 Yankee: Mike and Papa, sending you 2
2024-10-14 17:35:30.266986 Tango: Oscar, sending you 3
2024-10-14 17:35:30.267603 Alpha: Oscar, Yankee and Papa, sending you 4
2024-10-14 17:35:30.268425 Oscar: Mike and Tango, sending you 4
2024-10-14 17:35:30.268924 Foxtrot: Kilo, sending you 6
2024-10-14 17:35:30.269985 Yankee: Tango, sending you 3
2024-10-14 17:35:30.271686 Alpha: Mike and Tango, sending you 3
2024-10-14 17:35:30.272731 Oscar: Yankee, sending you 6
2024-10-14 17:35:30.274669 Papa: Alpha, sending you 3
2024-10-14 17:35:30.281013 Papa: Oscar, sending you 1
2024-10-14 17:35:30.286667 Papa: Mike, Tango and Yankee, sending you 2
chatterbot Papa submitting transactions
chatterbot Mike submitting transactions
chatterbot Foxtrot submitting transactions
chatterbot Alpha submitting transactions
chatterbot Lima submitting transactions
chatterbot Yankee submitting transactions
chatterbot Kilo submitting transactions
chatterbot Oscar submitting transactions
chatterbot Tango submitting transactions
chatterbot Victor submitting transactions
ChatterBot Victor round 10
ChatterBot Alpha round 10
ChatterBot Oscar round 10
ChatterBot Lima round 10
ChatterBot Mike round 10
ChatterBot Tango round 10
ChatterBot Foxtrot round 10
ChatterBot Kilo round 10
ChatterBot Yankee round 10
ChatterBot Papa round 10
2024-10-14 17:35:31.495678 Oscar: Alpha, sending you 5
2024-10-14 17:35:31.498679 Oscar: Mike and Tango, sending you 4
2024-10-14 17:35:31.502655 Victor: Lima, sending you 5
2024-10-14 17:35:31.503061 Oscar: Yankee, sending you 6
2024-10-14 17:35:31.504974 Yankee: Alpha, sending you 4
2024-10-14 17:35:31.506661 Victor: Foxtrot, sending you 8
2024-10-14 17:35:31.507918 Alpha: Oscar and Yankee, sending you 4
2024-10-14 17:35:31.508981 Mike: Alpha, Tango, Yankee and Papa, sending you 2
2024-10-14 17:35:31.509935 Kilo: Victor and Foxtrot, sending you 6
2024-10-14 17:35:31.510455 Yankee: Oscar, sending you 6
2024-10-14 17:35:31.511942 Victor: Kilo, sending you 7
2024-10-14 17:35:31.512687 Foxtrot: Victor, sending you 7
2024-10-14 17:35:31.513290 Alpha: Mike, Tango and Papa, sending you 3
2024-10-14 17:35:31.514773 Mike: Oscar, sending you 3
2024-10-14 17:35:31.515433 Lima: Victor, sending you 4
2024-10-14 17:35:31.515844 Kilo: Lima, sending you 5
2024-10-14 17:35:31.516272 Tango: Alpha, Mike, Yankee and Papa, sending you 2
2024-10-14 17:35:31.517378 Yankee: Mike and Papa, sending you 2
2024-10-14 17:35:31.518093 Foxtrot: Lima, sending you 4
2024-10-14 17:35:31.520659 Lima: Foxtrot and Kilo, sending you 3
2024-10-14 17:35:31.521083 Tango: Oscar, sending you 3
2024-10-14 17:35:31.521662 Yankee: Tango, sending you 3
2024-10-14 17:35:31.522971 Foxtrot: Kilo, sending you 6
2024-10-14 17:35:31.524700 Papa: Alpha, sending you 3
2024-10-14 17:35:31.528643 Papa: Oscar, sending you 1
2024-10-14 17:35:31.533670 Papa: Mike, Tango and Yankee, sending you 2
chatterbot Tango submitting transactions
chatterbot Foxtrot submitting transactions
chatterbot Papa submitting transactions
chatterbot Kilo submitting transactions
chatterbot Yankee submitting transactions
chatterbot Mike submitting transactions
chatterbot Victor submitting transactions
chatterbot Alpha submitting transactions
chatterbot Oscar submitting transactions
chatterbot Lima submitting transactions
ChatterBot Victor round 11
ChatterBot Alpha round 11
ChatterBot Oscar round 11
ChatterBot Lima round 11
ChatterBot Mike round 11
ChatterBot Tango round 11
ChatterBot Foxtrot round 11
ChatterBot Kilo round 11
ChatterBot Yankee round 11
ChatterBot Papa round 11
2024-10-14 17:35:32.647662 Oscar: Alpha, sending you 5
2024-10-14 17:35:32.651666 Oscar: Mike and Tango, sending you 4
2024-10-14 17:35:32.655703 Oscar: Yankee, sending you 6
2024-10-14 17:35:32.658697 Mike: Alpha, Tango, Yankee and Papa, sending you 2
2024-10-14 17:35:32.660688 Kilo: Victor and Foxtrot, sending you 6
2024-10-14 17:35:32.661456 Tango: Alpha, Mike, Yankee and Papa, sending you 2
2024-10-14 17:35:32.663036 Papa: Alpha, sending you 3
2024-10-14 17:35:32.664016 Victor: Lima, sending you 5
2024-10-14 17:35:32.664682 Mike: Oscar, sending you 3
2024-10-14 17:35:32.666113 Kilo: Lima, sending you 5
2024-10-14 17:35:32.666579 Foxtrot: Victor, sending you 7
2024-10-14 17:35:32.667105 Lima: Victor, sending you 4
2024-10-14 17:35:32.667637 Tango: Oscar, sending you 3
2024-10-14 17:35:32.668517 Victor: Foxtrot, sending you 8
2024-10-14 17:35:32.669504 Papa: Oscar, sending you 1
2024-10-14 17:35:32.670312 Alpha: Oscar and Yankee, sending you 4
2024-10-14 17:35:32.670965 Foxtrot: Lima, sending you 4
2024-10-14 17:35:32.671675 Lima: Foxtrot and Kilo, sending you 3
2024-10-14 17:35:32.673012 Victor: Kilo, sending you 7
2024-10-14 17:35:32.673805 Papa: Mike, Tango and Yankee, sending you 2
2024-10-14 17:35:32.674744 Foxtrot: Kilo, sending you 6
2024-10-14 17:35:32.675707 Alpha: Mike, Tango and Papa, sending you 3
2024-10-14 17:35:32.677220 Yankee: Alpha, sending you 4
2024-10-14 17:35:32.682678 Yankee: Oscar, sending you 6
2024-10-14 17:35:32.688672 Yankee: Mike and Papa, sending you 2
2024-10-14 17:35:32.693679 Yankee: Tango, sending you 3
chatterbot Tango submitting transactions
chatterbot Foxtrot submitting transactions
chatterbot Kilo submitting transactions
chatterbot Papa submitting transactions
chatterbot Lima submitting transactions
chatterbot Victor submitting transactions
chatterbot Alpha submitting transactions
chatterbot Mike submitting transactions
chatterbot Oscar submitting transactions
chatterbot Yankee submitting transactions
ChatterBot Victor round 12
ChatterBot Alpha round 12
ChatterBot Oscar round 12
ChatterBot Lima round 12
ChatterBot Mike round 12
ChatterBot Tango round 12
ChatterBot Foxtrot round 12
ChatterBot Kilo round 12
ChatterBot Yankee round 12
ChatterBot Papa round 12
2024-10-14 17:35:34.008679 Oscar: Alpha, sending you 5
2024-10-14 17:35:34.009906 Victor: Lima, sending you 5
2024-10-14 17:35:34.011666 Kilo: Victor and Foxtrot, sending you 6
2024-10-14 17:35:34.012681 Lima: Victor, sending you 4
2024-10-14 17:35:34.014505 Alpha: Oscar and Yankee, sending you 4
2024-10-14 17:35:34.017443 Oscar: Mike and Tango, sending you 4
2024-10-14 17:35:34.019551 Yankee: Alpha, sending you 4
2024-10-14 17:35:34.022217 Victor: Foxtrot, sending you 8
2024-10-14 17:35:34.024158 Foxtrot: Victor, sending you 7
2024-10-14 17:35:34.025098 Kilo: Lima, sending you 5
2024-10-14 17:35:34.026449 Mike: Alpha, Tango, Yankee and Papa, sending you 2
2024-10-14 17:35:34.029439 Lima: Foxtrot and Kilo, sending you 3
2024-10-14 17:35:34.031029 Tango: Alpha, Mike, Yankee and Papa, sending you 2
2024-10-14 17:35:34.033294 Alpha: Mike, Tango and Papa, sending you 3
2024-10-14 17:35:34.035552 Oscar: Yankee, sending you 6
2024-10-14 17:35:34.036554 Yankee: Oscar, sending you 6
2024-10-14 17:35:34.038704 Victor: Kilo, sending you 7
2024-10-14 17:35:34.039622 Foxtrot: Lima, sending you 4
2024-10-14 17:35:34.040401 Mike: Oscar, sending you 3
2024-10-14 17:35:34.042145 Tango: Oscar, sending you 3
2024-10-14 17:35:34.044313 Papa: Alpha, sending you 3
2024-10-14 17:35:34.046139 Yankee: Mike and Tango, sending you 3
2024-10-14 17:35:34.048216 Foxtrot: Kilo, sending you 6
2024-10-14 17:35:34.050374 Papa: Oscar, sending you 1
2024-10-14 17:35:34.052875 Yankee: Papa, sending you 1
2024-10-14 17:35:34.057871 Papa: Mike, Tango and Yankee, sending you 2
chatterbot Lima submitting transactions
chatterbot Papa submitting transactions
chatterbot Victor submitting transactions
chatterbot Kilo submitting transactions
chatterbot Mike submitting transactions
chatterbot Foxtrot submitting transactions
chatterbot Yankee submitting transactions
chatterbot Tango submitting transactions
chatterbot Oscar submitting transactions
chatterbot Alpha submitting transactions
ChatterBot Victor round 13
ChatterBot Alpha round 13
ChatterBot Oscar round 13
ChatterBot Lima round 13
ChatterBot Mike round 13
ChatterBot Tango round 13
ChatterBot Foxtrot round 13
ChatterBot Kilo round 13
ChatterBot Yankee round 13
ChatterBot Papa round 13
2024-10-14 17:35:35.091655 Lima: Victor, sending you 4
2024-10-14 17:35:35.092760 Victor: Lima, sending you 5
2024-10-14 17:35:35.093291 Alpha: Oscar and Yankee, sending you 4
2024-10-14 17:35:35.096661 Lima: Foxtrot and Kilo, sending you 3
2024-10-14 17:35:35.097216 Alpha: Mike, Tango and Papa, sending you 3
2024-10-14 17:35:35.098188 Victor: Foxtrot, sending you 8
2024-10-14 17:35:35.098819 Tango: Alpha, Mike, Yankee and Papa, sending you 2
2024-10-14 17:35:35.100648 Oscar: Alpha, sending you 5
2024-10-14 17:35:35.101056 Papa: Alpha, sending you 3
2024-10-14 17:35:35.102140 Victor: Kilo, sending you 7
2024-10-14 17:35:35.102651 Tango: Oscar, sending you 3
2024-10-14 17:35:35.103356 Mike: Alpha, Tango, Yankee and Papa, sending you 2
2024-10-14 17:35:35.105671 Foxtrot: Victor, sending you 7
2024-10-14 17:35:35.106184 Oscar: Mike and Tango, sending you 4
2024-10-14 17:35:35.106634 Papa: Oscar, sending you 1
2024-10-14 17:35:35.109117 Mike: Oscar, sending you 3
2024-10-14 17:35:35.109938 Foxtrot: Lima, sending you 4
2024-10-14 17:35:35.110440 Papa: Mike, Tango and Yankee, sending you 2
2024-10-14 17:35:35.111405 Kilo: Victor and Foxtrot, sending you 6
2024-10-14 17:35:35.112002 Oscar: Yankee, sending you 6
2024-10-14 17:35:35.113672 Foxtrot: Kilo, sending you 6
2024-10-14 17:35:35.114875 Kilo: Lima, sending you 5
2024-10-14 17:35:35.116700 Yankee: Alpha, sending you 4
2024-10-14 17:35:35.122725 Yankee: Oscar, sending you 6
2024-10-14 17:35:35.126657 Yankee: Mike and Tango, sending you 3
2024-10-14 17:35:35.130696 Yankee: Papa, sending you 1
chatterbot Yankee submitting transactions
chatterbot Oscar submitting transactions
chatterbot Kilo submitting transactions
chatterbot Papa submitting transactions
chatterbot Foxtrot submitting transactions
chatterbot Victor submitting transactions
chatterbot Tango submitting transactions
chatterbot Alpha submitting transactions
chatterbot Mike submitting transactions
chatterbot Lima submitting transactions
ChatterBot Victor round 14
ChatterBot Alpha round 14
ChatterBot Oscar round 14
ChatterBot Lima round 14
ChatterBot Mike round 14
ChatterBot Tango round 14
ChatterBot Foxtrot round 14
ChatterBot Kilo round 14
ChatterBot Yankee round 14
ChatterBot Papa round 14
2024-10-14 17:35:36.117668 Lima: Victor, sending you 4
2024-10-14 17:35:36.120665 Lima: Foxtrot and Kilo, sending you 3
2024-10-14 17:35:36.121689 Tango: Alpha, Mike, Yankee and Papa, sending you 2
2024-10-14 17:35:36.123085 Foxtrot: Victor, sending you 7
2024-10-14 17:35:36.123795 Alpha: Oscar and Yankee, sending you 4
2024-10-14 17:35:36.125507 Oscar: Alpha, sending you 5
2024-10-14 17:35:36.126222 Tango: Oscar, sending you 3
2024-10-14 17:35:36.127433 Papa: Alpha, sending you 3
2024-10-14 17:35:36.128609 Foxtrot: Lima, sending you 4
2024-10-14 17:35:36.129340 Kilo: Victor and Foxtrot, sending you 6
2024-10-14 17:35:36.130037 Alpha: Mike, Tango and Papa, sending you 3
2024-10-14 17:35:36.131321 Oscar: Mike and Tango, sending you 4
2024-10-14 17:35:36.132793 Victor: Lima, sending you 5
2024-10-14 17:35:36.133621 Papa: Oscar, sending you 1
2024-10-14 17:35:36.134882 Foxtrot: Kilo, sending you 6
2024-10-14 17:35:36.135723 Mike: Alpha, Tango, Yankee and Papa, sending you 2
2024-10-14 17:35:36.137848 Kilo: Lima, sending you 5
2024-10-14 17:35:36.138718 Victor: Foxtrot, sending you 8
2024-10-14 17:35:36.139585 Oscar: Yankee, sending you 6
2024-10-14 17:35:36.141240 Papa: Mike, Tango and Yankee, sending you 2
2024-10-14 17:35:36.144136 Mike: Oscar, sending you 3
2024-10-14 17:35:36.145682 Yankee: Alpha, sending you 4
2024-10-14 17:35:36.147070 Victor: Kilo, sending you 7
2024-10-14 17:35:36.150683 Yankee: Oscar, sending you 6
2024-10-14 17:35:36.156058 Yankee: Mike and Tango, sending you 3
2024-10-14 17:35:36.162827 Yankee: Papa, sending you 1
chatterbot Yankee submitting transactions
chatterbot Alpha submitting transactions
chatterbot Kilo submitting transactions
chatterbot Oscar submitting transactions
chatterbot Papa submitting transactions
chatterbot Mike submitting transactions
chatterbot Foxtrot submitting transactions
chatterbot Victor submitting transactions
chatterbot Tango submitting transactions
chatterbot Lima submitting transactions
ChatterBot Victor round 15
ChatterBot Alpha round 15
ChatterBot Oscar round 15
ChatterBot Lima round 15
ChatterBot Mike round 15
ChatterBot Tango round 15
ChatterBot Foxtrot round 15
ChatterBot Kilo round 15
ChatterBot Yankee round 15
2024-10-14 17:35:37.385769 Oscar: We should replace Tango with Papa
2024-10-14 17:35:37.402551 Alpha: No
2024-10-14 17:35:37.403127 Mike: No
2024-10-14 17:35:37.403405 Yankee: No
ChatterBot Oscar reevaluating
ChatterBot Oscar reevaluating
ChatterBot Papa round 15
2024-10-14 17:35:37.479929 Oscar: Papa we want you to join our group
2024-10-14 17:35:37.486650 Papa: Yes
ChatterBot Oscar reevaluating
2024-10-14 17:35:37.507887 Victor: Lima, sending you 5
2024-10-14 17:35:37.513223 Lima: Victor, sending you 4
2024-10-14 17:35:37.514948 Mike: Alpha, Tango, Yankee and Papa, sending you 2
2024-10-14 17:35:37.518540 Kilo: Victor and Foxtrot, sending you 6
2024-10-14 17:35:37.519835 Yankee: Alpha, sending you 4
2024-10-14 17:35:37.523105 Alpha: Oscar and Yankee, sending you 4
2024-10-14 17:35:37.525508 Tango: Alpha, Mike, Yankee and Papa, sending you 2
2024-10-14 17:35:37.528326 Foxtrot: Victor, sending you 7
2024-10-14 17:35:37.530138 Victor: Foxtrot, sending you 8
2024-10-14 17:35:37.531205 Lima: Foxtrot and Kilo, sending you 3
2024-10-14 17:35:37.532807 Mike: Oscar, sending you 3
2024-10-14 17:35:37.534892 Kilo: Lima, sending you 5
2024-10-14 17:35:37.535712 Yankee: Oscar, sending you 6
2024-10-14 17:35:37.537607 Alpha: Mike, Tango and Papa, sending you 3
2024-10-14 17:35:37.539712 Tango: Oscar, sending you 3
2024-10-14 17:35:37.541680 Foxtrot: Lima, sending you 4
2024-10-14 17:35:37.542713 Victor: Kilo, sending you 7
2024-10-14 17:35:37.543961 Papa: Alpha, sending you 3
2024-10-14 17:35:37.545473 Yankee: Mike and Tango, sending you 3
2024-10-14 17:35:37.547798 Foxtrot: Kilo, sending you 6
2024-10-14 17:35:37.549058 Papa: Oscar, sending you 1
2024-10-14 17:35:37.549816 Oscar: Alpha and Mike, sending you 5
2024-10-14 17:35:37.550724 Yankee: Papa, sending you 1
2024-10-14 17:35:37.553677 Papa: Mike, Tango and Yankee, sending you 2
2024-10-14 17:35:37.555166 Oscar: Yankee, sending you 6
2024-10-14 17:35:37.559662 Oscar: Papa, sending you 3
chatterbot Foxtrot submitting transactions
chatterbot Kilo submitting transactions
chatterbot Tango submitting transactions
chatterbot Oscar submitting transactions
chatterbot Alpha submitting transactions
chatterbot Yankee submitting transactions
chatterbot Lima submitting transactions
chatterbot Victor submitting transactions
chatterbot Papa submitting transactions
chatterbot Mike submitting transactions
ChatterBot Victor round 16
ChatterBot Alpha round 16
