ChatterBot Echo round 1
ChatterBot X-ray round 1
ChatterBot Kilo round 1
ChatterBot Alpha round 1
ChatterBot Romeo round 1
ChatterBot Mike round 1
ChatterBot Golf round 1
ChatterBot Juliett round 1
ChatterBot Lima round 1
ChatterBot Sierra round 1
randomSelections Alpha: {Alpha, Romeo, Kilo, Sierra, Lima, X-ray} 
2024-10-14 17:35:18.996378 Alpha: Let's form a team
ChatterBot Romeo reevaluating
ChatterBot Kilo reevaluating
ChatterBot Sierra reevaluating
ChatterBot Lima reevaluating
ChatterBot X-ray reevaluating
2024-10-14 17:35:19.013240 Romeo: Yes
2024-10-14 17:35:19.013476 Kilo: Yes
2024-10-14 17:35:19.013657 Sierra: Yes
2024-10-14 17:35:19.013878 Lima: Yes
2024-10-14 17:35:19.015025 X-ray: Yes
ChatterBot Kilo reevaluating
ChatterBot Sierra reevaluating
ChatterBot Lima reevaluating
ChatterBot X-ray reevaluating
ChatterBot Romeo reevaluating
ChatterBot Sierra reevaluating
ChatterBot Lima reevaluating
ChatterBot X-ray reevaluating
ChatterBot Romeo reevaluating
ChatterBot Kilo reevaluating
ChatterBot Lima reevaluating
ChatterBot X-ray reevaluating
ChatterBot Romeo reevaluating
ChatterBot Kilo reevaluating
ChatterBot Sierra reevaluating
ChatterBot X-ray reevaluating
ChatterBot Romeo reevaluating
ChatterBot Kilo reevaluating
ChatterBot Sierra reevaluating
ChatterBot Lima reevaluating
randomSelections Echo: {Echo, Kilo, Sierra, Lima} 
2024-10-14 17:35:19.080426 Echo: Group up?
ChatterBot Kilo reevaluating
ChatterBot Sierra reevaluating
ChatterBot Lima reevaluating
2024-10-14 17:35:19.087069 Kilo: No
2024-10-14 17:35:19.087294 Sierra: No
2024-10-14 17:35:19.087532 Lima: No
ChatterBot Sierra reevaluating
ChatterBot Lima reevaluating
ChatterBot Kilo reevaluating
ChatterBot Lima reevaluating
ChatterBot Kilo reevaluating
ChatterBot Sierra reevaluating
randomSelections Golf: {Golf, Lima, Alpha, Sierra, Mike, Juliett} 
2024-10-14 17:35:19.116183 Golf: We should group up
ChatterBot Lima reevaluating
ChatterBot Sierra reevaluating
ChatterBot Mike reevaluating
ChatterBot Juliett reevaluating
2024-10-14 17:35:19.127663 Lima: No
2024-10-14 17:35:19.127918 Alpha: No
2024-10-14 17:35:19.128355 Sierra: No
2024-10-14 17:35:19.128564 Mike: Yes
2024-10-14 17:35:19.128702 Juliett: Yes
ChatterBot Sierra reevaluating
ChatterBot Mike reevaluating
ChatterBot Juliett reevaluating
ChatterBot Lima reevaluating
ChatterBot Sierra reevaluating
ChatterBot Mike reevaluating
ChatterBot Juliett reevaluating
ChatterBot Lima reevaluating
ChatterBot Mike reevaluating
ChatterBot Juliett reevaluating
ChatterBot Lima reevaluating
ChatterBot Sierra reevaluating
ChatterBot Juliett reevaluating
ChatterBot Lima reevaluating
ChatterBot Sierra reevaluating
ChatterBot Mike reevaluating
2024-10-14 17:35:19.180828 Echo: Kilo, sending you 6
2024-10-14 17:35:19.189203 Echo: Lima, sending you 4
2024-10-14 17:35:19.190697 Mike: Alpha, Golf and Lima, sending you 3
2024-10-14 17:35:19.191788 Romeo: X-ray and Alpha, sending you 3
2024-10-14 17:35:19.192943 Golf: Alpha, sending you 3
2024-10-14 17:35:19.193323 Kilo: X-ray, sending you 2
2024-10-14 17:35:19.193673 Echo: Sierra, sending you 3
2024-10-14 17:35:19.194431 Alpha: X-ray and Kilo, sending you 1
2024-10-14 17:35:19.194749 Mike: Juliett, sending you 2
2024-10-14 17:35:19.195089 X-ray: Romeo, sending you 1
2024-10-14 17:35:19.196244 Romeo: Kilo, sending you 4
2024-10-14 17:35:19.196714 Golf: Mike and Sierra, sending you 4
2024-10-14 17:35:19.198997 Mike: Sierra, sending you 5
2024-10-14 17:35:19.199997 Juliett: Alpha, Mike and Sierra, sending you 3
2024-10-14 17:35:19.200407 Kilo: Alpha, sending you 3
2024-10-14 17:35:19.200821 Alpha: Romeo, sending you 4
2024-10-14 17:35:19.201698 Sierra: X-ray and Romeo, sending you 2
2024-10-14 17:35:19.202121 Romeo: Lima and Sierra, sending you 1
2024-10-14 17:35:19.202520 Lima: X-ray and Romeo, sending you 2
2024-10-14 17:35:19.203420 Juliett: Golf, sending you 4
2024-10-14 17:35:19.209587 Kilo: Romeo and Sierra, sending you 1
2024-10-14 17:35:19.210046 Lima: Kilo, sending you 8
2024-10-14 17:35:19.210464 Alpha: Lima, sending you 3
2024-10-14 17:35:19.211272 Sierra: Kilo, sending you 3
2024-10-14 17:35:19.211623 Juliett: Lima, sending you 5
2024-10-14 17:35:19.214237 Lima: Alpha, sending you 3
2024-10-14 17:35:19.216620 Kilo: Lima, sending you 7
2024-10-14 17:35:19.217609 Sierra: Alpha, sending you 1
2024-10-14 17:35:19.217938 Lima: Sierra, sending you 1
2024-10-14 17:35:19.221663 Sierra: Lima, sending you 5
chatterbot Golf submitting transactions
chatterbot Mike submitting transactions
chatterbot Romeo submitting transactions
chatterbot Echo submitting transactions
chatterbot X-ray submitting transactions
chatterbot Alpha submitting transactions
chatterbot Kilo submitting transactions
chatterbot Sierra submitting transactions
chatterbot Lima submitting transactions
chatterbot Juliett submitting transactions
ChatterBot Echo round 2
ChatterBot X-ray round 2
ChatterBot Kilo round 2
ChatterBot Alpha round 2
ChatterBot Romeo round 2
ChatterBot Mike round 2
2024-10-14 17:35:20.418249 Echo: Group up?
ChatterBot Mike reevaluating
ChatterBot Golf reevaluating
ChatterBot Juliett reevaluating
2024-10-14 17:35:20.443767 Mike: Yes
2024-10-14 17:35:20.443970 Golf: No
2024-10-14 17:35:20.444430 Juliett: No
ChatterBot Golf reevaluating
ChatterBot Juliett reevaluating
ChatterBot Mike reevaluating
ChatterBot Juliett reevaluating
ChatterBot Mike reevaluating
ChatterBot Golf reevaluating
2024-10-14 17:35:20.499546 Golf: Group up?
2024-10-14 17:35:20.503991 Echo: Yes
ChatterBot Golf reevaluating
2024-10-14 17:35:20.521018 Alpha: Friends?
ChatterBot Kilo reevaluating
ChatterBot Romeo reevaluating
ChatterBot Lima reevaluating
ChatterBot Sierra reevaluating
ChatterBot Mike reevaluating
ChatterBot Golf reevaluating
ChatterBot Juliett reevaluating
2024-10-14 17:35:20.578871 Echo: No
2024-10-14 17:35:20.579049 Kilo: No
2024-10-14 17:35:20.579680 Romeo: No
2024-10-14 17:35:20.579794 Lima: No
2024-10-14 17:35:20.579907 Sierra: No
2024-10-14 17:35:20.580029 Mike: No
2024-10-14 17:35:20.580145 Golf: No
2024-10-14 17:35:20.580254 Juliett: No
ChatterBot Kilo reevaluating
ChatterBot Romeo reevaluating
ChatterBot Lima reevaluating
ChatterBot Sierra reevaluating
ChatterBot Mike reevaluating
ChatterBot Golf reevaluating
ChatterBot Juliett reevaluating
ChatterBot Romeo reevaluating
ChatterBot Lima reevaluating
ChatterBot Sierra reevaluating
ChatterBot Mike reevaluating
ChatterBot Golf reevaluating
ChatterBot Juliett reevaluating
ChatterBot Kilo reevaluating
ChatterBot Lima reevaluating
ChatterBot Sierra reevaluating
ChatterBot Mike reevaluating
ChatterBot Golf reevaluating
ChatterBot Juliett reevaluating
ChatterBot Kilo reevaluating
ChatterBot Romeo reevaluating
ChatterBot Sierra reevaluating
ChatterBot Mike reevaluating
ChatterBot Golf reevaluating
ChatterBot Juliett reevaluating
ChatterBot Kilo reevaluating
ChatterBot Romeo reevaluating
ChatterBot Lima reevaluating
ChatterBot Mike reevaluating
ChatterBot Golf reevaluating
ChatterBot Juliett reevaluating
ChatterBot Kilo reevaluating
ChatterBot Romeo reevaluating
ChatterBot Lima reevaluating
ChatterBot Sierra reevaluating
ChatterBot Golf reevaluating
ChatterBot Juliett reevaluating
ChatterBot Kilo reevaluating
ChatterBot Romeo reevaluating
ChatterBot Lima reevaluating
ChatterBot Sierra reevaluating
ChatterBot Mike reevaluating
ChatterBot Juliett reevaluating
ChatterBot Kilo reevaluating
ChatterBot Romeo reevaluating
ChatterBot Lima reevaluating
ChatterBot Sierra reevaluating
ChatterBot Mike reevaluating
ChatterBot Golf reevaluating
ChatterBot Golf round 2
ChatterBot Juliett round 2
2024-10-14 17:35:21.338972 X-ray: We should add Echo
ChatterBot Romeo reevaluating
ChatterBot Kilo reevaluating
ChatterBot Sierra reevaluating
ChatterBot Lima reevaluating
2024-10-14 17:35:21.401754 Alpha: Yes
2024-10-14 17:35:21.401992 Romeo: No
2024-10-14 17:35:21.402158 Kilo: Yes
2024-10-14 17:35:21.402827 Sierra: No
2024-10-14 17:35:21.403002 Lima: Yes
ChatterBot Romeo reevaluating
ChatterBot Kilo reevaluating
ChatterBot Sierra reevaluating
ChatterBot Lima reevaluating
ChatterBot Kilo reevaluating
ChatterBot Sierra reevaluating
ChatterBot Lima reevaluating
ChatterBot Romeo reevaluating
ChatterBot Sierra reevaluating
ChatterBot Lima reevaluating
ChatterBot Romeo reevaluating
ChatterBot Kilo reevaluating
ChatterBot Lima reevaluating
ChatterBot Romeo reevaluating
ChatterBot Kilo reevaluating
ChatterBot Sierra reevaluating
ChatterBot Lima round 2
ChatterBot Sierra round 2
2024-10-14 17:35:21.765715 Kilo: We should replace X-ray with Echo
ChatterBot Romeo reevaluating
ChatterBot Lima reevaluating
ChatterBot Sierra reevaluating
2024-10-14 17:35:21.794126 Alpha: Yes
2024-10-14 17:35:21.794372 Romeo: No
2024-10-14 17:35:21.794910 Lima: Yes
2024-10-14 17:35:21.796066 Sierra: No
ChatterBot Kilo reevaluating
ChatterBot Romeo reevaluating
ChatterBot Lima reevaluating
ChatterBot Sierra reevaluating
ChatterBot Kilo reevaluating
ChatterBot Lima reevaluating
ChatterBot Sierra reevaluating
ChatterBot Kilo reevaluating
ChatterBot Romeo reevaluating
ChatterBot Sierra reevaluating
ChatterBot Kilo reevaluating
ChatterBot Romeo reevaluating
ChatterBot Lima reevaluating
2024-10-14 17:35:21.913263 Golf: We would work well together
ChatterBot Juliett reevaluating
2024-10-14 17:35:21.926989 Mike: Yes
2024-10-14 17:35:21.927308 Juliett: Yes
ChatterBot Juliett reevaluating
2024-10-14 17:35:21.952472 Mike: We should drop Lima and Sierra
ChatterBot Juliett reevaluating
2024-10-14 17:35:21.970294 Golf: Yes
2024-10-14 17:35:21.970474 Juliett: Yes
2024-10-14 17:35:21.970626 Alpha: No
ChatterBot Juliett reevaluating
ChatterBot Alpha reevaluating
ChatterBot Mike reevaluating
ChatterBot Alpha reevaluating
ChatterBot Mike reevaluating
ChatterBot Juliett reevaluating
2024-10-14 17:35:22.037153 X-ray: Echo we want you to join our group
ChatterBot Echo reevaluating
2024-10-14 17:35:22.044681 Echo: No
ChatterBot Kilo reevaluating
ChatterBot Alpha reevaluating
ChatterBot Lima reevaluating
ChatterBot Sierra reevaluating
2024-10-14 17:35:22.083995 Echo: We would work well together
2024-10-14 17:35:22.084243 Sierra: Can we be friends?
ChatterBot Mike reevaluating
ChatterBot Juliett reevaluating
2024-10-14 17:35:22.109788 X-ray: Yes
2024-10-14 17:35:22.110087 Mike: No
2024-10-14 17:35:22.110257 Golf: No
2024-10-14 17:35:22.110423 Juliett: No
ChatterBot Echo reevaluating
ChatterBot Sierra reevaluating
ChatterBot Juliett reevaluating
ChatterBot Sierra reevaluating
ChatterBot Mike reevaluating
ChatterBot Juliett reevaluating
ChatterBot Sierra reevaluating
ChatterBot Mike reevaluating
chatterbot Alpha submitting transactions
2024-10-14 17:35:22.263870 Romeo: We should drop X-ray
ChatterBot Alpha reevaluating
ChatterBot Lima reevaluating
2024-10-14 17:35:22.286378 Kilo: Yes
2024-10-14 17:35:22.287172 Alpha: Yes
2024-10-14 17:35:22.287447 Lima: Yes
2024-10-14 17:35:22.287798 Sierra: Yes
ChatterBot Alpha reevaluating
ChatterBot Lima reevaluating
ChatterBot Lima reevaluating
ChatterBot Alpha reevaluating
ChatterBot Alpha reevaluating
ChatterBot Lima reevaluating
chatterbot Echo submitting transactions
2024-10-14 17:35:22.374159 Kilo: Echo we want you to join our group
ChatterBot Echo reevaluating
2024-10-14 17:35:22.379651 Echo: No
ChatterBot Lima reevaluating
ChatterBot Sierra reevaluating
2024-10-14 17:35:22.468976 Golf: Mike, sending you 5
2024-10-14 17:35:22.469653 X-ray: Kilo, Romeo, Lima and Sierra, sending you 1
2024-10-14 17:35:22.470068 Juliett: Mike, sending you 16
chatterbot X-ray submitting transactions
2024-10-14 17:35:22.478241 Kilo: Echo and Romeo, sending you 3
2024-10-14 17:35:22.479083 Golf: Juliett, sending you 6
2024-10-14 17:35:22.479331 Juliett: Golf, sending you 1
2024-10-14 17:35:22.479571 Romeo: Kilo, sending you 2
2024-10-14 17:35:22.479877 Alpha: Kilo, sending you 3
2024-10-14 17:35:22.482588 Kilo: Alpha and Sierra, sending you 2
2024-10-14 17:35:22.483060 Romeo: Alpha, sending you 4
2024-10-14 17:35:22.493113 Alpha: Romeo, Lima and Sierra, sending you 2
2024-10-14 17:35:22.493561 Romeo: Lima and Sierra, sending you 3
2024-10-14 17:35:22.493977 Kilo: Lima, sending you 4
2024-10-14 17:35:22.502970 Echo: Mike, sending you 6
2024-10-14 17:35:22.503389 Sierra: Echo, Golf and Juliett, sending you 2
2024-10-14 17:35:22.504340 Lima: Echo, Alpha, Romeo, Mike, Juliett and Sierra, sending you 2
2024-10-14 17:35:22.506921 Echo: Golf and Juliett, sending you 5
2024-10-14 17:35:22.507253 Sierra: Kilo, Alpha, Romeo and Lima, sending you 1
2024-10-14 17:35:22.507799 Lima: Kilo, sending you 4
2024-10-14 17:35:22.510944 Sierra: Mike, sending you 3
2024-10-14 17:35:22.513377 Lima: Golf, sending you 1
chatterbot Golf submitting transactions
chatterbot Alpha submitting transactions
chatterbot Echo submitting transactions
chatterbot Kilo submitting transactions
chatterbot Juliett submitting transactions
chatterbot Romeo submitting transactions
chatterbot Mike submitting transactions
chatterbot Sierra submitting transactions
chatterbot Lima submitting transactions
ChatterBot Echo round 3
ChatterBot X-ray round 3
ChatterBot Kilo round 3
ChatterBot Alpha round 3
ChatterBot Romeo round 3
ChatterBot Mike round 3
ChatterBot Golf round 3
ChatterBot Juliett round 3
ChatterBot Lima round 3
ChatterBot Sierra round 3
2024-10-14 17:35:23.564818 Juliett: We should add Echo
ChatterBot Golf reevaluating
ChatterBot Mike reevaluating
2024-10-14 17:35:23.572951 Golf: Yes
2024-10-14 17:35:23.573108 Mike: Yes
ChatterBot Mike reevaluating
ChatterBot Golf reevaluating
2024-10-14 17:35:23.691838 Juliett: Echo we want you to join our group
2024-10-14 17:35:23.699513 Echo: No
ChatterBot Mike reevaluating
ChatterBot Golf reevaluating
2024-10-14 17:35:23.732002 X-ray: Kilo, Alpha, Romeo, Lima and Sierra, sending you 1
2024-10-14 17:35:23.733680 Kilo: Echo and Romeo, sending you 3
2024-10-14 17:35:23.734317 Echo: Kilo, sending you 6
2024-10-14 17:35:23.735523 Romeo: Kilo and Lima, sending you 3
2024-10-14 17:35:23.736189 Alpha: Kilo, Lima and Sierra, sending you 2
2024-10-14 17:35:23.737559 Golf: Echo we want you to join our group
2024-10-14 17:35:23.743473 Echo: No
2024-10-14 17:35:23.758704 Kilo: Alpha and Sierra, sending you 2
2024-10-14 17:35:23.760202 Echo: Alpha and Romeo, sending you 1
2024-10-14 17:35:23.761339 Romeo: Alpha, sending you 4
2024-10-14 17:35:23.761953 Alpha: Romeo, sending you 3
2024-10-14 17:35:23.763466 Sierra: Echo and Alpha, sending you 2
2024-10-14 17:35:23.764365 Kilo: Lima, sending you 4
2024-10-14 17:35:23.765772 Lima: Echo and X-ray, sending you 2
2024-10-14 17:35:23.767189 Echo: Lima and Sierra, sending you 4
2024-10-14 17:35:23.768170 Romeo: Sierra, sending you 2
2024-10-14 17:35:23.769887 Juliett: Echo, sending you 4
2024-10-14 17:35:23.770491 Sierra: Kilo, Romeo and Lima, sending you 3
2024-10-14 17:35:23.772135 Mike: Echo, sending you 4
2024-10-14 17:35:23.772899 Lima: Kilo, sending you 4
2024-10-14 17:35:23.778161 Juliett: Mike, sending you 8
2024-10-14 17:35:23.778810 Lima: Alpha, Romeo and Sierra, sending you 3
2024-10-14 17:35:23.780365 Mike: Golf, sending you 6
2024-10-14 17:35:23.781664 Golf: Echo, sending you 3
2024-10-14 17:35:23.783660 Juliett: Golf, sending you 6
2024-10-14 17:35:23.785666 Mike: Juliett, sending you 8
2024-10-14 17:35:23.787703 Golf: Mike, sending you 6
2024-10-14 17:35:23.794670 Golf: Juliett, sending you 2
chatterbot Alpha submitting transactions
chatterbot Juliett submitting transactions
chatterbot Golf submitting transactions
chatterbot Echo submitting transactions
chatterbot Romeo submitting transactions
chatterbot Lima submitting transactions
chatterbot Kilo submitting transactions
chatterbot Sierra submitting transactions
chatterbot X-ray submitting transactions
chatterbot Mike submitting transactions
ChatterBot Echo round 4
ChatterBot X-ray round 4
2024-10-14 17:35:24.785326 Echo: Let's form a team
ChatterBot Alpha reevaluating
2024-10-14 17:35:24.812512 Alpha: No
2024-10-14 17:35:24.813317 Kilo: No
2024-10-14 17:35:24.813482 Romeo: No
2024-10-14 17:35:24.813623 Lima: No
2024-10-14 17:35:24.813760 Sierra: No
2024-10-14 17:35:24.813884 Mike: No
2024-10-14 17:35:24.814069 Golf: No
2024-10-14 17:35:24.814240 Juliett: No
ChatterBot Echo reevaluating
ChatterBot Alpha reevaluating
ChatterBot Echo reevaluating
ChatterBot Lima reevaluating
ChatterBot Alpha reevaluating
ChatterBot Echo reevaluating
ChatterBot Lima reevaluating
ChatterBot Alpha reevaluating
ChatterBot Echo reevaluating
ChatterBot Alpha reevaluating
ChatterBot Echo reevaluating
ChatterBot Lima reevaluating
ChatterBot Alpha reevaluating
ChatterBot Echo reevaluating
ChatterBot Lima reevaluating
ChatterBot Alpha reevaluating
ChatterBot Echo reevaluating
ChatterBot Lima reevaluating
ChatterBot Alpha reevaluating
ChatterBot Echo reevaluating
ChatterBot Lima reevaluating
ChatterBot Kilo round 4
ChatterBot Alpha round 4
ChatterBot Romeo round 4
ChatterBot Mike round 4
ChatterBot Golf round 4
ChatterBot Juliett round 4
ChatterBot Lima round 4
ChatterBot Sierra round 4
2024-10-14 17:35:25.029862 Alpha: We should add Echo
ChatterBot Lima reevaluating
2024-10-14 17:35:25.041903 Kilo: Yes
2024-10-14 17:35:25.042097 Romeo: No
2024-10-14 17:35:25.042212 Lima: Yes
2024-10-14 17:35:25.042328 Sierra: Yes
ChatterBot Alpha reevaluating
ChatterBot Lima reevaluating
ChatterBot Alpha reevaluating
ChatterBot Lima reevaluating
ChatterBot Alpha reevaluating
ChatterBot Alpha reevaluating
ChatterBot Lima reevaluating
2024-10-14 17:35:25.112036 Alpha: Echo we want you to join our group
ChatterBot Echo reevaluating
2024-10-14 17:35:25.115003 Echo: No
ChatterBot Alpha reevaluating
2024-10-14 17:35:25.130669 Mike: Echo, sending you 4
2024-10-14 17:35:25.131675 X-ray: Kilo, Alpha, Romeo, Lima and Sierra, sending you 1
2024-10-14 17:35:25.132686 Lima: Echo, Alpha, Romeo and Sierra, sending you 3
2024-10-14 17:35:25.133479 Romeo: Sending you each 3
2024-10-14 17:35:25.135667 Mike: Golf, sending you 6
2024-10-14 17:35:25.136679 Lima: X-ray, sending you 1
2024-10-14 17:35:25.138675 Mike: Juliett, sending you 8
2024-10-14 17:35:25.141681 Lima: Kilo, sending you 4
2024-10-14 17:35:25.143688 Kilo: Echo, Romeo and Sierra, sending you 3
2024-10-14 17:35:25.145982 Sierra: Echo, Kilo, Romeo and Lima, sending you 3
2024-10-14 17:35:25.146687 Kilo: Alpha, sending you 1
2024-10-14 17:35:25.147653 Echo: Mike, sending you 6
2024-10-14 17:35:25.149690 Golf: Echo, sending you 1
2024-10-14 17:35:25.150093 Juliett: Echo, sending you 2
2024-10-14 17:35:25.150464 Kilo: Lima, sending you 4
2024-10-14 17:35:25.150965 Sierra: Alpha, sending you 1
2024-10-14 17:35:25.151686 Alpha: Echo, sending you 1
2024-10-14 17:35:25.152848 Echo: Golf and Juliett, sending you 5
2024-10-14 17:35:25.153138 Juliett: Mike, sending you 11
2024-10-14 17:35:25.154650 Golf: Mike, sending you 6
2024-10-14 17:35:25.155702 Alpha: Kilo, Romeo, Lima and Sierra, sending you 2
2024-10-14 17:35:25.157877 Juliett: Golf, sending you 5
2024-10-14 17:35:25.158675 Golf: Juliett, sending you 4
chatterbot X-ray submitting transactions
chatterbot Lima submitting transactions
chatterbot Golf submitting transactions
chatterbot Kilo submitting transactions
chatterbot Echo submitting transactions
chatterbot Juliett submitting transactions
chatterbot Sierra submitting transactions
chatterbot Mike submitting transactions
chatterbot Romeo submitting transactions
chatterbot Alpha submitting transactions
ChatterBot Echo round 5
ChatterBot X-ray round 5
ChatterBot Kilo round 5
ChatterBot Alpha round 5
ChatterBot Romeo round 5
ChatterBot Mike round 5
ChatterBot Golf round 5
ChatterBot Juliett round 5
ChatterBot Lima round 5
ChatterBot Sierra round 5
2024-10-14 17:35:26.222920 X-ray: We should drop Echo
ChatterBot Lima reevaluating
2024-10-14 17:35:26.241660 Alpha: Yes
2024-10-14 17:35:26.241833 Romeo: Yes
2024-10-14 17:35:26.241974 Kilo: No
2024-10-14 17:35:26.242094 Sierra: No
2024-10-14 17:35:26.242203 Lima: No
ChatterBot Lima reevaluating
ChatterBot Alpha reevaluating
ChatterBot Sierra reevaluating
ChatterBot Lima reevaluating
ChatterBot Alpha reevaluating
ChatterBot Sierra reevaluating
ChatterBot Lima reevaluating
ChatterBot Alpha reevaluating
ChatterBot Kilo reevaluating
ChatterBot Lima reevaluating
ChatterBot Alpha reevaluating
ChatterBot Kilo reevaluating
ChatterBot Sierra reevaluating
2024-10-14 17:35:26.313664 Romeo: Same as last round
2024-10-14 17:35:26.316601 Echo: Mike, sending you 7
2024-10-14 17:35:26.321647 Echo: Golf, sending you 4
2024-10-14 17:35:26.325653 Echo: Juliett, sending you 5
2024-10-14 17:35:26.330704 Mike: Echo, sending you 5
2024-10-14 17:35:26.331656 Alpha: Kilo, Lima and Sierra, sending you 2
2024-10-14 17:35:26.332673 Golf: Echo, sending you 2
2024-10-14 17:35:26.333654 Juliett: Echo, sending you 3
2024-10-14 17:35:26.334662 X-ray: Kilo, Alpha, Romeo and Sierra, sending you 1
2024-10-14 17:35:26.335658 Mike: Golf, sending you 6
2024-10-14 17:35:26.336001 Sierra: Echo and Alpha, sending you 2
2024-10-14 17:35:26.336671 Alpha: Romeo, sending you 3
2024-10-14 17:35:26.337215 Juliett: Mike, sending you 10
2024-10-14 17:35:26.337653 Golf: Mike, sending you 6
2024-10-14 17:35:26.338701 Kilo: Echo, sending you 1
2024-10-14 17:35:26.339666 X-ray: Lima, sending you 2
2024-10-14 17:35:26.340047 Mike: Juliett, sending you 7
2024-10-14 17:35:26.340681 Sierra: Kilo, Romeo and Lima, sending you 3
2024-10-14 17:35:26.341087 Golf: Juliett, sending you 3
2024-10-14 17:35:26.341660 Juliett: Golf, sending you 5
2024-10-14 17:35:26.341984 Lima: X-ray, sending you 2
2024-10-14 17:35:26.343676 Kilo: Alpha, Romeo and Sierra, sending you 3
2024-10-14 17:35:26.344942 Lima: Kilo, sending you 5
2024-10-14 17:35:26.346654 Kilo: Lima, sending you 4
2024-10-14 17:35:26.347666 Lima: Alpha and Romeo, sending you 3
2024-10-14 17:35:26.352653 Lima: Sierra, sending you 4
chatterbot Mike submitting transactions
chatterbot Kilo submitting transactions
chatterbot Romeo submitting transactions
chatterbot X-ray submitting transactions
chatterbot Juliett submitting transactions
chatterbot Alpha submitting transactions
chatterbot Sierra submitting transactions
chatterbot Golf submitting transactions
chatterbot Echo submitting transactions
chatterbot Lima submitting transactions
ChatterBot Echo round 6
ChatterBot X-ray round 6
ChatterBot Kilo round 6
ChatterBot Alpha round 6
ChatterBot Romeo round 6
ChatterBot Mike round 6
ChatterBot Golf round 6
ChatterBot Juliett round 6
ChatterBot Lima round 6
ChatterBot Sierra round 6
2024-10-14 17:35:27.593064 Lima: We should add Echo
ChatterBot Sierra reevaluating
2024-10-14 17:35:27.604061 Alpha: No
2024-10-14 17:35:27.604287 Romeo: No
2024-10-14 17:35:27.604506 Kilo: No
2024-10-14 17:35:27.604742 Sierra: No
2024-10-14 17:35:27.605004 X-ray: No
ChatterBot Sierra reevaluating
ChatterBot Sierra reevaluating
ChatterBot Lima reevaluating
ChatterBot Sierra reevaluating
ChatterBot Lima reevaluating
ChatterBot Lima reevaluating
ChatterBot Sierra reevaluating
ChatterBot Lima reevaluating
2024-10-14 17:35:27.661647 Sierra: We should replace Echo with X-ray
ChatterBot Alpha reevaluating
ChatterBot Lima reevaluating
2024-10-14 17:35:27.671350 Kilo: No
2024-10-14 17:35:27.671478 Alpha: Yes
2024-10-14 17:35:27.671581 Romeo: No
2024-10-14 17:35:27.671702 Lima: No
ChatterBot Alpha reevaluating
ChatterBot Lima reevaluating
ChatterBot Sierra reevaluating
ChatterBot Lima reevaluating
ChatterBot Sierra reevaluating
ChatterBot Kilo reevaluating
ChatterBot Alpha reevaluating
ChatterBot Lima reevaluating
ChatterBot Sierra reevaluating
ChatterBot Kilo reevaluating
ChatterBot Alpha reevaluating
ChatterBot Sierra reevaluating
2024-10-14 17:35:27.710655 X-ray: Kilo, Alpha, Romeo and Sierra, sending you 1
2024-10-14 17:35:27.713683 Lima: Echo we want you to join our group
2024-10-14 17:35:27.716604 Echo: No
ChatterBot Kilo reevaluating
ChatterBot Alpha reevaluating
ChatterBot Lima reevaluating
2024-10-14 17:35:27.730410 Alpha: We should add X-ray
ChatterBot Kilo reevaluating
ChatterBot Lima reevaluating
2024-10-14 17:35:27.739194 Kilo: Yes
2024-10-14 17:35:27.739361 Romeo: Yes
2024-10-14 17:35:27.739967 Lima: Yes
2024-10-14 17:35:27.740083 Sierra: Yes
ChatterBot Alpha reevaluating
ChatterBot Lima reevaluating
ChatterBot Sierra reevaluating
ChatterBot Kilo reevaluating
ChatterBot Alpha reevaluating
ChatterBot Lima reevaluating
ChatterBot Sierra reevaluating
ChatterBot Kilo reevaluating
ChatterBot Alpha reevaluating
ChatterBot Sierra reevaluating
ChatterBot Kilo reevaluating
ChatterBot Alpha reevaluating
ChatterBot Lima reevaluating
2024-10-14 17:35:27.778666 X-ray: Lima, sending you 2
2024-10-14 17:35:27.779221 Golf: Echo and Juliett, sending you 3
2024-10-14 17:35:27.779705 Echo: Mike, sending you 7
2024-10-14 17:35:27.781648 Golf: Mike, sending you 5
2024-10-14 17:35:27.782721 Juliett: Echo and Golf, sending you 4
2024-10-14 17:35:27.783346 Echo: Golf, sending you 4
2024-10-14 17:35:27.783917 Mike: Echo, sending you 5
2024-10-14 17:35:27.785179 Romeo: Same as last round
2024-10-14 17:35:27.786046 Juliett: Mike, sending you 10
2024-10-14 17:35:27.787676 Sierra: X-ray we want you to join our group
2024-10-14 17:35:27.792258 X-ray: Yes
ChatterBot Alpha reevaluating
ChatterBot Kilo reevaluating
ChatterBot Sierra reevaluating
ChatterBot Lima reevaluating
2024-10-14 17:35:27.811227 Echo: Juliett, sending you 5
2024-10-14 17:35:27.811703 Mike: Golf, sending you 6
2024-10-14 17:35:27.814659 Alpha: X-ray we want you to join our group
2024-10-14 17:35:27.819876 X-ray: Yes
ChatterBot Alpha reevaluating
ChatterBot Kilo reevaluating
ChatterBot Lima reevaluating
2024-10-14 17:35:27.839318 Mike: Juliett, sending you 7
2024-10-14 17:35:27.842657 Kilo: X-ray we want you to join our group
2024-10-14 17:35:27.845402 X-ray: Yes
ChatterBot Alpha reevaluating
ChatterBot Kilo reevaluating
ChatterBot Lima reevaluating
2024-10-14 17:35:27.874892 Sierra: X-ray and Alpha, sending you 2
2024-10-14 17:35:27.878673 Sierra: Kilo, Romeo and Lima, sending you 3
2024-10-14 17:35:27.891699 Lima: Echo and X-ray, sending you 2
2024-10-14 17:35:27.892724 Kilo: X-ray, sending you 1
2024-10-14 17:35:27.895662 Alpha: X-ray, sending you 1
2024-10-14 17:35:27.896290 Lima: Kilo, sending you 4
2024-10-14 17:35:27.897663 Kilo: Alpha, Romeo and Sierra, sending you 3
chatterbot Juliett submitting transactions
2024-10-14 17:35:27.898837 Alpha: Kilo, Romeo, Lima and Sierra, sending you 2
2024-10-14 17:35:27.901680 Lima: Alpha, Romeo and Sierra, sending you 3
2024-10-14 17:35:27.902211 Kilo: Lima, sending you 4
chatterbot Echo submitting transactions
chatterbot Lima submitting transactions
chatterbot Kilo submitting transactions
chatterbot Mike submitting transactions
chatterbot Golf submitting transactions
chatterbot X-ray submitting transactions
chatterbot Alpha submitting transactions
chatterbot Romeo submitting transactions
chatterbot Sierra submitting transactions
ChatterBot Echo round 7
ChatterBot X-ray round 7
ChatterBot Kilo round 7
2024-10-14 17:35:28.852386 Echo: We should add X-ray
2024-10-14 17:35:28.861576 Mike: Yes
2024-10-14 17:35:28.861819 Golf: Yes
2024-10-14 17:35:28.862128 Juliett: Yes
ChatterBot Echo reevaluating
ChatterBot Echo reevaluating
ChatterBot Echo reevaluating
ChatterBot Alpha round 7
ChatterBot Romeo round 7
ChatterBot Mike round 7
ChatterBot Golf round 7
ChatterBot Juliett round 7
ChatterBot Lima round 7
ChatterBot Sierra round 7
2024-10-14 17:35:28.918848 Echo: X-ray we want you to join our group
2024-10-14 17:35:28.921126 X-ray: No
ChatterBot Echo reevaluating
2024-10-14 17:35:28.933012 Lima: We should drop Echo
2024-10-14 17:35:28.944143 Alpha: Yes
2024-10-14 17:35:28.944306 Romeo: Yes
2024-10-14 17:35:28.944468 Kilo: Yes
2024-10-14 17:35:28.944626 Sierra: Yes
2024-10-14 17:35:28.945160 X-ray: Yes
2024-10-14 17:35:28.998693 X-ray: Kilo, Alpha and Romeo, sending you 1
2024-10-14 17:35:28.999676 Romeo: Same as last round
2024-10-14 17:35:29.000676 Golf: Echo and Juliett, sending you 3
2024-10-14 17:35:29.001223 Juliett: Echo, sending you 5
2024-10-14 17:35:29.001668 Alpha: X-ray, sending you 1
2024-10-14 17:35:29.002788 Kilo: X-ray, sending you 1
2024-10-14 17:35:29.003278 Mike: Echo, sending you 5
2024-10-14 17:35:29.003670 X-ray: Lima, sending you 3
2024-10-14 17:35:29.004116 Golf: Mike, sending you 5
2024-10-14 17:35:29.005664 Juliett: Mike, sending you 9
2024-10-14 17:35:29.006102 Kilo: Alpha, Romeo and Sierra, sending you 3
2024-10-14 17:35:29.007196 Mike: Golf, sending you 6
2024-10-14 17:35:29.007669 Alpha: Kilo, Romeo, Lima and Sierra, sending you 2
2024-10-14 17:35:29.008200 Lima: X-ray, Alpha and Romeo, sending you 3
2024-10-14 17:35:29.008694 X-ray: Sierra, sending you 2
2024-10-14 17:35:29.009694 Juliett: Golf, sending you 4
2024-10-14 17:35:29.011666 Kilo: Lima, sending you 4
2024-10-14 17:35:29.012195 Mike: Juliett, sending you 7
2024-10-14 17:35:29.012525 Sierra: X-ray, sending you 1
2024-10-14 17:35:29.012989 Lima: Kilo and Sierra, sending you 4
2024-10-14 17:35:29.016671 Sierra: Kilo, Alpha, Romeo and Lima, sending you 3
2024-10-14 17:35:29.021684 Echo: X-ray, sending you 2
2024-10-14 17:35:29.024676 Echo: Mike, sending you 6
2024-10-14 17:35:29.029086 Echo: Golf and Juliett, sending you 4
chatterbot Juliett submitting transactions
chatterbot Echo submitting transactions
chatterbot Kilo submitting transactions
chatterbot Golf submitting transactions
chatterbot Alpha submitting transactions
chatterbot Mike submitting transactions
chatterbot Sierra submitting transactions
chatterbot Romeo submitting transactions
chatterbot Lima submitting transactions
chatterbot X-ray submitting transactions
ChatterBot Echo round 8
ChatterBot X-ray round 8
ChatterBot Kilo round 8
ChatterBot Alpha round 8
ChatterBot Romeo round 8
ChatterBot Mike round 8
ChatterBot Golf round 8
ChatterBot Juliett round 8
ChatterBot Lima round 8
ChatterBot Sierra round 8
2024-10-14 17:35:30.176657 Golf: Echo and Juliett, sending you 3
2024-10-14 17:35:30.180678 Echo: X-ray, sending you 2
2024-10-14 17:35:30.181401 Golf: Mike, sending you 5
2024-10-14 17:35:30.182690 Alpha: X-ray, sending you 1
2024-10-14 17:35:30.183395 X-ray: Kilo, Alpha and Sierra, sending you 2
2024-10-14 17:35:30.184390 Echo: Mike, sending you 6
2024-10-14 17:35:30.185677 Juliett: Echo and Golf, sending you 4
2024-10-14 17:35:30.186736 Alpha: Kilo, Romeo, Lima and Sierra, sending you 2
2024-10-14 17:35:30.188361 Kilo: X-ray, sending you 1
2024-10-14 17:35:30.189174 Romeo: Same as last round
2024-10-14 17:35:30.190111 X-ray: Lima, sending you 3
2024-10-14 17:35:30.190956 Mike: Echo, sending you 5
2024-10-14 17:35:30.191454 Juliett: Mike, sending you 10
2024-10-14 17:35:30.191845 Echo: Golf and Juliett, sending you 4
2024-10-14 17:35:30.192301 Sierra: X-ray and Alpha, sending you 2
2024-10-14 17:35:30.193666 Kilo: Alpha, Romeo and Sierra, sending you 3
2024-10-14 17:35:30.195093 Mike: Golf, sending you 6
2024-10-14 17:35:30.195726 Lima: X-ray, Alpha, Romeo and Sierra, sending you 3
2024-10-14 17:35:30.197666 Sierra: Kilo, Romeo and Lima, sending you 3
2024-10-14 17:35:30.199593 Kilo: Lima, sending you 4
2024-10-14 17:35:30.200434 Mike: Juliett, sending you 7
2024-10-14 17:35:30.201090 Lima: Kilo, sending you 5
chatterbot Lima submitting transactions
chatterbot Sierra submitting transactions
chatterbot Mike submitting transactions
chatterbot Golf submitting transactions
chatterbot Romeo submitting transactions
chatterbot Kilo submitting transactions
chatterbot X-ray submitting transactions
chatterbot Alpha submitting transactions
chatterbot Echo submitting transactions
chatterbot Juliett submitting transactions
ChatterBot Echo round 9
ChatterBot X-ray round 9
ChatterBot Kilo round 9
ChatterBot Alpha round 9
ChatterBot Romeo round 9
ChatterBot Mike round 9
ChatterBot Golf round 9
ChatterBot Juliett round 9
ChatterBot Lima round 9
ChatterBot Sierra round 9
2024-10-14 17:35:31.439660 X-ray: Kilo, Alpha and Sierra, sending you 2
2024-10-14 17:35:31.444680 X-ray: Romeo, sending you 1
2024-10-14 17:35:31.445512 Romeo: Same as last round
2024-10-14 17:35:31.447697 Mike: Echo, sending you 5
2024-10-14 17:35:31.448676 X-ray: Lima, sending you 4
2024-10-14 17:35:31.450670 Lima: X-ray, Alpha, Romeo and Sierra, sending you 3
2024-10-14 17:35:31.452215 Mike: Golf, sending you 6
2024-10-14 17:35:31.452994 Echo: Mike, sending you 6
2024-10-14 17:35:31.453688 Golf: Echo and Juliett, sending you 3
2024-10-14 17:35:31.454665 Kilo: X-ray, sending you 1
2024-10-14 17:35:31.455902 Sierra: X-ray and Alpha, sending you 2
2024-10-14 17:35:31.456486 Echo: Golf and Juliett, sending you 5
2024-10-14 17:35:31.456968 Lima: Kilo, sending you 5
2024-10-14 17:35:31.457648 Mike: Juliett, sending you 7
2024-10-14 17:35:31.458720 Alpha: X-ray, sending you 1
2024-10-14 17:35:31.459297 Juliett: Echo and Golf, sending you 4
2024-10-14 17:35:31.459737 Golf: Mike, sending you 5
2024-10-14 17:35:31.460135 Sierra: Kilo, Romeo and Lima, sending you 3
2024-10-14 17:35:31.460717 Kilo: Alpha, Romeo and Sierra, sending you 3
2024-10-14 17:35:31.462668 Juliett: Mike, sending you 10
2024-10-14 17:35:31.463691 Alpha: Kilo, Romeo, Lima and Sierra, sending you 2
2024-10-14 17:35:31.465234 Kilo: Lima, sending you 4
chatterbot Juliett submitting transactions
chatterbot Romeo submitting transactions
chatterbot X-ray submitting transactions
chatterbot Sierra submitting transactions
chatterbot Echo submitting transactions
chatterbot Lima submitting transactions
chatterbot Alpha submitting transactions
chatterbot Golf submitting transactions
chatterbot Kilo submitting transactions
chatterbot Mike submitting transactions
ChatterBot Echo round 10
ChatterBot X-ray round 10
ChatterBot Kilo round 10
ChatterBot Alpha round 10
ChatterBot Romeo round 10
ChatterBot Mike round 10
ChatterBot Golf round 10
ChatterBot Juliett round 10
ChatterBot Lima round 10
ChatterBot Sierra round 10
2024-10-14 17:35:32.504674 Romeo: Same as last round
2024-10-14 17:35:32.505270 Alpha: X-ray, sending you 1
2024-10-14 17:35:32.506792 Kilo: X-ray, sending you 1
2024-10-14 17:35:32.507687 X-ray: Kilo, Alpha and Sierra, sending you 2
2024-10-14 17:35:32.508374 Sierra: X-ray and Alpha, sending you 2
2024-10-14 17:35:32.509043 Lima: X-ray, Alpha, Romeo and Sierra, sending you 3
2024-10-14 17:35:32.509724 Golf: Echo and Juliett, sending you 3
2024-10-14 17:35:32.510196 Alpha: Kilo, Romeo, Lima and Sierra, sending you 2
2024-10-14 17:35:32.510842 Kilo: Alpha, Romeo and Sierra, sending you 3
2024-10-14 17:35:32.512715 X-ray: Romeo, sending you 1
2024-10-14 17:35:32.513322 Sierra: Kilo, Romeo and Lima, sending you 3
2024-10-14 17:35:32.514065 Golf: Mike, sending you 5
2024-10-14 17:35:32.514684 Lima: Kilo, sending you 5
2024-10-14 17:35:32.516362 Kilo: Lima, sending you 4
2024-10-14 17:35:32.516982 X-ray: Lima, sending you 4
2024-10-14 17:35:32.517550 Juliett: Echo, sending you 5
2024-10-14 17:35:32.517963 Echo: Mike, sending you 6
2024-10-14 17:35:32.518388 Mike: Echo, sending you 5
2024-10-14 17:35:32.520672 Echo: Golf and Juliett, sending you 5
2024-10-14 17:35:32.522657 Juliett: Mike, sending you 9
2024-10-14 17:35:32.523688 Mike: Golf, sending you 6
2024-10-14 17:35:32.527668 Juliett: Golf, sending you 4
2024-10-14 17:35:32.529673 Mike: Juliett, sending you 7
chatterbot Juliett submitting transactions
chatterbot Kilo submitting transactions
chatterbot X-ray submitting transactions
chatterbot Alpha submitting transactions
chatterbot Sierra submitting transactions
chatterbot Golf submitting transactions
chatterbot Romeo submitting transactions
chatterbot Mike submitting transactions
chatterbot Echo submitting transactions
chatterbot Lima submitting transactions
ChatterBot Echo round 11
ChatterBot X-ray round 11
ChatterBot Kilo round 11
ChatterBot Alpha round 11
ChatterBot Romeo round 11
ChatterBot Mike round 11
ChatterBot Golf round 11
ChatterBot Juliett round 11
ChatterBot Lima round 11
2024-10-14 17:35:33.536756 Echo: We should add X-ray
2024-10-14 17:35:33.543758 Mike: Yes
2024-10-14 17:35:33.543947 Golf: Yes
2024-10-14 17:35:33.544081 Juliett: Yes
ChatterBot Echo reevaluating
ChatterBot Echo reevaluating
ChatterBot Echo reevaluating
ChatterBot Sierra round 11
2024-10-14 17:35:33.591654 Alpha: X-ray, sending you 1
2024-10-14 17:35:33.593690 Lima: X-ray, Alpha, Romeo and Sierra, sending you 3
2024-10-14 17:35:33.594954 Alpha: Kilo, Romeo, Lima and Sierra, sending you 2
2024-10-14 17:35:33.596674 Romeo: Same as last round
2024-10-14 17:35:33.597219 X-ray: Kilo, Alpha and Sierra, sending you 2
2024-10-14 17:35:33.598661 Lima: Kilo, sending you 5
2024-10-14 17:35:33.601713 X-ray: Romeo, sending you 1
2024-10-14 17:35:33.603306 Golf: Echo and Juliett, sending you 3
2024-10-14 17:35:33.604651 Kilo: X-ray, sending you 1
2024-10-14 17:35:33.606027 Mike: Echo, sending you 5
2024-10-14 17:35:33.606677 Echo: Mike, sending you 6
2024-10-14 17:35:33.607157 X-ray: Lima, sending you 4
2024-10-14 17:35:33.607855 Golf: Mike, sending you 5
2024-10-14 17:35:33.608826 Juliett: Echo, sending you 5
2024-10-14 17:35:33.609669 Kilo: Alpha, Romeo and Sierra, sending you 3
2024-10-14 17:35:33.610683 Echo: Golf and Juliett, sending you 5
2024-10-14 17:35:33.611673 Mike: Golf, sending you 6
2024-10-14 17:35:33.613171 Sierra: X-ray and Alpha, sending you 2
2024-10-14 17:35:33.613995 Kilo: Lima, sending you 4
2024-10-14 17:35:33.614667 Juliett: Mike, sending you 9
2024-10-14 17:35:33.616654 Mike: Juliett, sending you 7
2024-10-14 17:35:33.617235 Sierra: Kilo, Romeo and Lima, sending you 3
2024-10-14 17:35:33.619663 Juliett: Golf, sending you 4
chatterbot Lima submitting transactions
chatterbot Golf submitting transactions
chatterbot Kilo submitting transactions
chatterbot Mike submitting transactions
chatterbot Romeo submitting transactions
chatterbot Sierra submitting transactions
chatterbot Alpha submitting transactions
chatterbot Echo submitting transactions
chatterbot Juliett submitting transactions
chatterbot X-ray submitting transactions
ChatterBot Echo round 12
ChatterBot X-ray round 12
ChatterBot Kilo round 12
ChatterBot Alpha round 12
ChatterBot Romeo round 12
ChatterBot Mike round 12
ChatterBot Golf round 12
ChatterBot Juliett round 12
ChatterBot Lima round 12
ChatterBot Sierra round 12
2024-10-14 17:35:34.787676 Echo: Mike, sending you 6
2024-10-14 17:35:34.789680 Romeo: Same as last round
2024-10-14 17:35:34.790657 Echo: Golf and Juliett, sending you 5
2024-10-14 17:35:34.793681 X-ray: Kilo, Alpha and Sierra, sending you 2
2024-10-14 17:35:34.797685 Lima: X-ray, Alpha, Romeo and Sierra, sending you 3
2024-10-14 17:35:34.798683 X-ray: Romeo, sending you 1
2024-10-14 17:35:34.799516 Alpha: X-ray, sending you 1
2024-10-14 17:35:34.802367 Golf: Echo and Juliett, sending you 3
2024-10-14 17:35:34.802910 Lima: Kilo, sending you 5
2024-10-14 17:35:34.803560 Alpha: Kilo, Romeo, Lima and Sierra, sending you 2
2024-10-14 17:35:34.804182 Mike: Echo, sending you 5
2024-10-14 17:35:34.804643 X-ray: Lima, sending you 4
2024-10-14 17:35:34.805689 Kilo: X-ray, sending you 1
2024-10-14 17:35:34.806650 Golf: Mike, sending you 5
2024-10-14 17:35:34.807087 Juliett: Echo, sending you 5
2024-10-14 17:35:34.807982 Mike: Golf, sending you 6
2024-10-14 17:35:34.809659 Sierra: X-ray, sending you 1
2024-10-14 17:35:34.810298 Kilo: Alpha, Romeo and Sierra, sending you 3
2024-10-14 17:35:34.810960 Mike: Juliett, sending you 7
2024-10-14 17:35:34.811928 Juliett: Mike, sending you 9
2024-10-14 17:35:34.812755 Sierra: Kilo, Alpha, Romeo and Lima, sending you 3
2024-10-14 17:35:34.815683 Kilo: Lima, sending you 4
2024-10-14 17:35:34.817670 Juliett: Golf, sending you 4
chatterbot Alpha submitting transactions
chatterbot Echo submitting transactions
chatterbot Romeo submitting transactions
chatterbot Kilo submitting transactions
chatterbot Golf submitting transactions
chatterbot Sierra submitting transactions
chatterbot Mike submitting transactions
chatterbot Lima submitting transactions
chatterbot X-ray submitting transactions
chatterbot Juliett submitting transactions
ChatterBot Echo round 13
ChatterBot X-ray round 13
ChatterBot Kilo round 13
