ChatterBot Quebec round 1
ChatterBot Alpha round 1
ChatterBot India round 1
ChatterBot Victor round 1
ChatterBot Lima round 1
ChatterBot Sierra round 1
ChatterBot Foxtrot round 1
ChatterBot Romeo round 1
ChatterBot Golf round 1
ChatterBot Whiskey round 1
randomSelections Alpha: {Alpha, Golf, Quebec, Victor, Foxtrot, Romeo, Lima} 
2024-10-14 17:35:18.921240 Alpha: Can we be friends?
ChatterBot Golf reevaluating
ChatterBot Quebec reevaluating
ChatterBot Victor reevaluating
ChatterBot Foxtrot reevaluating
ChatterBot Romeo reevaluating
ChatterBot Lima reevaluating
2024-10-14 17:35:19.016224 Golf: Yes
2024-10-14 17:35:19.016650 Quebec: Yes
2024-10-14 17:35:19.017924 Victor: Yes
2024-10-14 17:35:19.018204 Foxtrot: Yes
2024-10-14 17:35:19.018491 Romeo: Yes
2024-10-14 17:35:19.018796 Lima: Yes
ChatterBot Quebec reevaluating
ChatterBot Victor reevaluating
ChatterBot Foxtrot reevaluating
ChatterBot Romeo reevaluating
ChatterBot Lima reevaluating
ChatterBot Golf reevaluating
ChatterBot Victor reevaluating
ChatterBot Foxtrot reevaluating
ChatterBot Romeo reevaluating
ChatterBot Lima reevaluating
ChatterBot Golf reevaluating
ChatterBot Quebec reevaluating
ChatterBot Foxtrot reevaluating
ChatterBot Romeo reevaluating
ChatterBot Lima reevaluating
ChatterBot Golf reevaluating
ChatterBot Quebec reevaluating
ChatterBot Victor reevaluating
ChatterBot Romeo reevaluating
ChatterBot Lima reevaluating
ChatterBot Golf reevaluating
ChatterBot Quebec reevaluating
ChatterBot Victor reevaluating
ChatterBot Foxtrot reevaluating
ChatterBot Lima reevaluating
ChatterBot Golf reevaluating
ChatterBot Quebec reevaluating
ChatterBot Victor reevaluating
ChatterBot Foxtrot reevaluating
ChatterBot Romeo reevaluating
randomSelections India: {India, Sierra, Foxtrot, Romeo, Golf, Quebec} 
2024-10-14 17:35:19.156478 India: We would work well together
ChatterBot Sierra reevaluating
ChatterBot Foxtrot reevaluating
ChatterBot Romeo reevaluating
ChatterBot Golf reevaluating
ChatterBot Quebec reevaluating
2024-10-14 17:35:19.169162 Sierra: Yes
2024-10-14 17:35:19.169321 Foxtrot: No
2024-10-14 17:35:19.169479 Romeo: No
2024-10-14 17:35:19.169629 Golf: No
2024-10-14 17:35:19.169797 Quebec: No
ChatterBot Foxtrot reevaluating
ChatterBot Romeo reevaluating
ChatterBot Golf reevaluating
ChatterBot Quebec reevaluating
ChatterBot Sierra reevaluating
ChatterBot Romeo reevaluating
ChatterBot Golf reevaluating
ChatterBot Quebec reevaluating
ChatterBot Sierra reevaluating
ChatterBot Foxtrot reevaluating
ChatterBot Golf reevaluating
ChatterBot Quebec reevaluating
ChatterBot Sierra reevaluating
ChatterBot Foxtrot reevaluating
ChatterBot Romeo reevaluating
ChatterBot Quebec reevaluating
ChatterBot Sierra reevaluating
ChatterBot Foxtrot reevaluating
ChatterBot Romeo reevaluating
ChatterBot Golf reevaluating
randomSelections Whiskey: {Whiskey, India, Victor, Sierra, Romeo, Golf, Quebec} 
2024-10-14 17:35:19.299521 Whiskey: Can we be friends?
ChatterBot Victor reevaluating
ChatterBot Sierra reevaluating
ChatterBot Romeo reevaluating
ChatterBot Golf reevaluating
ChatterBot Quebec reevaluating
2024-10-14 17:35:19.316213 India: No
2024-10-14 17:35:19.316538 Victor: No
2024-10-14 17:35:19.316787 Sierra: No
2024-10-14 17:35:19.317651 Romeo: No
2024-10-14 17:35:19.318057 Golf: No
2024-10-14 17:35:19.319032 Quebec: No
ChatterBot Victor reevaluating
ChatterBot Sierra reevaluating
ChatterBot Romeo reevaluating
ChatterBot Golf reevaluating
ChatterBot Quebec reevaluating
ChatterBot Sierra reevaluating
ChatterBot Romeo reevaluating
ChatterBot Golf reevaluating
ChatterBot Quebec reevaluating
ChatterBot Victor reevaluating
ChatterBot Romeo reevaluating
ChatterBot Golf reevaluating
ChatterBot Quebec reevaluating
ChatterBot Victor reevaluating
ChatterBot Sierra reevaluating
ChatterBot Golf reevaluating
ChatterBot Quebec reevaluating
ChatterBot Victor reevaluating
ChatterBot Sierra reevaluating
ChatterBot Romeo reevaluating
ChatterBot Quebec reevaluating
ChatterBot Victor reevaluating
ChatterBot Sierra reevaluating
ChatterBot Romeo reevaluating
ChatterBot Golf reevaluating
2024-10-14 17:35:19.419660 Lima: Quebec, sending you 5
2024-10-14 17:35:19.420702 India: Sierra, sending you 2
2024-10-14 17:35:19.422765 Quebec: Alpha, sending you 2
2024-10-14 17:35:19.424707 Foxtrot: Quebec, sending you 4
2024-10-14 17:35:19.425392 Lima: Alpha and Victor, sending you 1
2024-10-14 17:35:19.427350 Alpha: Victor, sending you 3
2024-10-14 17:35:19.428172 India: Foxtrot, sending you 6
2024-10-14 17:35:19.429665 Quebec: Victor, Foxtrot and Golf, sending you 3
2024-10-14 17:35:19.430335 Foxtrot: Victor and Romeo, sending you 2
2024-10-14 17:35:19.434377 Whiskey: Quebec, India, Sierra, Romeo and Golf, sending you 2
2024-10-14 17:35:19.435156 Romeo: Quebec, Lima and Foxtrot, sending you 1
2024-10-14 17:35:19.437493 Lima: Foxtrot, Romeo and Golf, sending you 2
2024-10-14 17:35:19.438096 Alpha: Lima, Romeo and Golf, sending you 2
2024-10-14 17:35:19.438568 Victor: Quebec, Alpha, Foxtrot, Romeo and Golf, sending you 1
2024-10-14 17:35:19.439791 Golf: Quebec, sending you 1
2024-10-14 17:35:19.440291 India: Romeo, sending you 4
2024-10-14 17:35:19.440833 Quebec: Romeo, sending you 7
2024-10-14 17:35:19.442186 Foxtrot: Lima, sending you 3
2024-10-14 17:35:19.442626 Whiskey: Victor, sending you 1
2024-10-14 17:35:19.443827 Sierra: Quebec and Golf, sending you 3
2024-10-14 17:35:19.444386 Romeo: Alpha and Golf, sending you 3
2024-10-14 17:35:19.444888 Alpha: Foxtrot, sending you 1
2024-10-14 17:35:19.446341 Victor: Lima, sending you 4
2024-10-14 17:35:19.446808 Golf: Alpha, sending you 2
2024-10-14 17:35:19.448823 Foxtrot: Golf, sending you 1
2024-10-14 17:35:19.449384 Sierra: India and Romeo, sending you 4
2024-10-14 17:35:19.449921 Romeo: Victor, sending you 2
2024-10-14 17:35:19.451665 Golf: Victor, sending you 3
2024-10-14 17:35:19.459005 Golf: Lima and Romeo, sending you 5
chatterbot India submitting transactions
chatterbot Whiskey submitting transactions
chatterbot Quebec submitting transactions
chatterbot Lima submitting transactions
chatterbot Foxtrot submitting transactions
chatterbot Sierra submitting transactions
chatterbot Golf submitting transactions
chatterbot Alpha submitting transactions
chatterbot Victor submitting transactions
chatterbot Romeo submitting transactions
ChatterBot Quebec round 2
ChatterBot Alpha round 2
ChatterBot India round 2
ChatterBot Victor round 2
ChatterBot Lima round 2
ChatterBot Sierra round 2
ChatterBot Foxtrot round 2
ChatterBot Romeo round 2
ChatterBot Golf round 2
ChatterBot Whiskey round 2
2024-10-14 17:35:20.619501 Sierra: Group up?
ChatterBot India reevaluating
ChatterBot Whiskey reevaluating
2024-10-14 17:35:20.631102 India: Yes
2024-10-14 17:35:20.631300 Whiskey: Yes
ChatterBot Whiskey reevaluating
ChatterBot India reevaluating
2024-10-14 17:35:20.650705 Whiskey: We would work well together
ChatterBot India reevaluating
2024-10-14 17:35:20.661528 Sierra: Yes
2024-10-14 17:35:20.661716 India: Yes
ChatterBot India reevaluating
ChatterBot Whiskey reevaluating
ChatterBot Whiskey reevaluating
2024-10-14 17:35:21.031336 Victor: Quebec, Alpha and Golf, sending you 2
2024-10-14 17:35:21.031876 India: Sierra, sending you 8
2024-10-14 17:35:21.032172 Quebec: Victor and Romeo, sending you 2
2024-10-14 17:35:21.033199 Sierra: India, sending you 5
2024-10-14 17:35:21.033474 Foxtrot: Quebec, sending you 3
2024-10-14 17:35:21.034643 Alpha: Quebec and Golf, sending you 2
2024-10-14 17:35:21.035095 Lima: Alpha, sending you 2
2024-10-14 17:35:21.036160 Victor: Lima, Foxtrot and Romeo, sending you 1
2024-10-14 17:35:21.036657 India: Whiskey, sending you 7
2024-10-14 17:35:21.036991 Foxtrot: Alpha, Victor, Lima and Romeo, sending you 2
2024-10-14 17:35:21.037951 Quebec: Lima, sending you 7
2024-10-14 17:35:21.038379 Sierra: Whiskey, sending you 4
2024-10-14 17:35:21.039090 Alpha: Victor and Lima, sending you 1
2024-10-14 17:35:21.039514 Romeo: Quebec, sending you 4
2024-10-14 17:35:21.039976 Whiskey: India, sending you 3
2024-10-14 17:35:21.040696 Golf: Quebec, sending you 4
2024-10-14 17:35:21.041203 Lima: Victor, sending you 4
2024-10-14 17:35:21.042217 Alpha: Romeo, sending you 4
2024-10-14 17:35:21.272747 Foxtrot: Golf, sending you 1
2024-10-14 17:35:21.273696 Quebec: Foxtrot, sending you 6
2024-10-14 17:35:21.274179 Romeo: Alpha, Victor, Lima and Foxtrot, sending you 1
2024-10-14 17:35:21.274986 Whiskey: Sierra, sending you 2
2024-10-14 17:35:21.275344 Golf: Alpha, Lima and Romeo, sending you 3
2024-10-14 17:35:21.275816 Lima: Foxtrot, sending you 3
chatterbot Whiskey submitting transactions
chatterbot Lima submitting transactions
chatterbot Golf submitting transactions
2024-10-14 17:35:21.277158 Quebec: Golf, sending you 1
2024-10-14 17:35:21.776921 Romeo: Golf, sending you 3
2024-10-14 17:35:21.777647 Golf: Victor and Foxtrot, sending you 2
2024-10-14 17:35:21.778761 Lima: Golf, sending you 5
chatterbot Victor submitting transactions
chatterbot Foxtrot submitting transactions
chatterbot India submitting transactions
chatterbot Quebec submitting transactions
chatterbot Alpha submitting transactions
chatterbot Sierra submitting transactions
chatterbot Romeo submitting transactions
ChatterBot Quebec round 3
ChatterBot Alpha round 3
ChatterBot India round 3
ChatterBot Victor round 3
ChatterBot Lima round 3
ChatterBot Sierra round 3
ChatterBot Foxtrot round 3
ChatterBot Romeo round 3
ChatterBot Golf round 3
ChatterBot Whiskey round 3
2024-10-14 17:35:22.198076 Sierra: India, sending you 4
2024-10-14 17:35:22.202344 Alpha: Quebec and Foxtrot, sending you 1
2024-10-14 17:35:22.202923 Foxtrot: Quebec, sending you 3
2024-10-14 17:35:22.204695 Quebec: Alpha, sending you 1
2024-10-14 17:35:22.223180 Victor: Quebec, Lima and Golf, sending you 2
2024-10-14 17:35:22.224866 Sierra: Whiskey, sending you 5
2024-10-14 17:35:22.225479 Alpha: Victor, Lima, Romeo and Golf, sending you 2
2024-10-14 17:35:22.227032 Whiskey: Sending you each 2
2024-10-14 17:35:22.228074 Quebec: Victor, sending you 2
2024-10-14 17:35:22.229451 Romeo: Quebec and Golf, sending you 3
2024-10-14 17:35:22.231309 India: Sierra, sending you 8
2024-10-14 17:35:22.231815 Foxtrot: Alpha, sending you 1
2024-10-14 17:35:22.233259 Lima: Quebec, sending you 5
2024-10-14 17:35:22.234895 Golf: Quebec, Alpha, Victor and Romeo, sending you 3
2024-10-14 17:35:22.236720 Victor: Alpha, Foxtrot and Romeo, sending you 1
2024-10-14 17:35:22.238106 Quebec: Lima and Golf, sending you 3
2024-10-14 17:35:22.239177 Romeo: Alpha, sending you 2
2024-10-14 17:35:22.240325 India: Whiskey, sending you 7
2024-10-14 17:35:22.241354 Foxtrot: Victor, Lima, Romeo and Golf, sending you 2
2024-10-14 17:35:22.242186 Lima: Alpha and Romeo, sending you 1
2024-10-14 17:35:22.243375 Golf: Lima, sending you 4
2024-10-14 17:35:22.244540 Quebec: Foxtrot, sending you 5
2024-10-14 17:35:22.245458 Romeo: Victor, Lima and Foxtrot, sending you 1
2024-10-14 17:35:22.246653 Lima: Victor, sending you 2
2024-10-14 17:35:22.247923 Golf: Foxtrot, sending you 1
2024-10-14 17:35:22.250934 Quebec: Romeo, sending you 4
2024-10-14 17:35:22.269515 Lima: Foxtrot, sending you 3
2024-10-14 17:35:22.290978 Lima: Golf, sending you 4
chatterbot Golf submitting transactions
chatterbot Sierra submitting transactions
chatterbot Alpha submitting transactions
chatterbot Victor submitting transactions
chatterbot Quebec submitting transactions
chatterbot India submitting transactions
chatterbot Whiskey submitting transactions
chatterbot Foxtrot submitting transactions
chatterbot Lima submitting transactions
chatterbot Romeo submitting transactions
ChatterBot Quebec round 4
ChatterBot Alpha round 4
ChatterBot India round 4
ChatterBot Victor round 4
ChatterBot Lima round 4
ChatterBot Sierra round 4
ChatterBot Foxtrot round 4
ChatterBot Romeo round 4
ChatterBot Golf round 4
ChatterBot Whiskey round 4
2024-10-14 17:35:23.326914 Alpha: Quebec, Victor, Lima and Foxtrot, sending you 1
2024-10-14 17:35:23.327805 India: Sierra, sending you 9
2024-10-14 17:35:23.329680 Victor: Quebec, Lima and Golf, sending you 2
2024-10-14 17:35:23.331697 Alpha: Romeo, sending you 2
2024-10-14 17:35:23.332320 India: Whiskey, sending you 7
2024-10-14 17:35:23.332674 Victor: Alpha, Foxtrot and Romeo, sending you 1
2024-10-14 17:35:23.336056 Quebec: Alpha, sending you 1
2024-10-14 17:35:23.336709 Alpha: Golf, sending you 4
2024-10-14 17:35:23.337249 Sierra: India, sending you 4
2024-10-14 17:35:23.338701 Romeo: Quebec and Golf, sending you 3
2024-10-14 17:35:23.339698 Quebec: Victor, sending you 2
2024-10-14 17:35:23.340807 Sierra: Whiskey, sending you 5
2024-10-14 17:35:23.342680 Romeo: Alpha and Foxtrot, sending you 2
2024-10-14 17:35:23.343675 Golf: Quebec, Alpha, Victor, Lima and Romeo, sending you 3
2024-10-14 17:35:23.344774 Quebec: Lima, Foxtrot and Romeo, sending you 4
2024-10-14 17:35:23.345235 Lima: Quebec, sending you 4
2024-10-14 17:35:23.346174 Foxtrot: Quebec, sending you 3
2024-10-14 17:35:23.346656 Romeo: Victor, sending you 1
2024-10-14 17:35:23.347702 Quebec: Golf, sending you 3
2024-10-14 17:35:23.349659 Golf: Foxtrot, sending you 2
2024-10-14 17:35:23.350494 Lima: Alpha, Victor and Foxtrot, sending you 2
2024-10-14 17:35:23.351007 Foxtrot: Alpha, sending you 1
2024-10-14 17:35:23.351487 Whiskey: Same as last round
2024-10-14 17:35:23.353681 Foxtrot: Victor, Lima, Romeo and Golf, sending you 2
2024-10-14 17:35:23.354782 Lima: Romeo, sending you 1
2024-10-14 17:35:23.357652 Lima: Golf, sending you 5
chatterbot Sierra submitting transactions
chatterbot Whiskey submitting transactions
chatterbot Romeo submitting transactions
chatterbot Victor submitting transactions
chatterbot Golf submitting transactions
chatterbot Foxtrot submitting transactions
chatterbot Alpha submitting transactions
chatterbot Lima submitting transactions
chatterbot Quebec submitting transactions
chatterbot India submitting transactions
ChatterBot Quebec round 5
ChatterBot Alpha round 5
ChatterBot India round 5
ChatterBot Victor round 5
ChatterBot Lima round 5
ChatterBot Sierra round 5
ChatterBot Foxtrot round 5
ChatterBot Romeo round 5
ChatterBot Golf round 5
ChatterBot Whiskey round 5
2024-10-14 17:35:24.511664 Alpha: Quebec, Victor and Foxtrot, sending you 1
2024-10-14 17:35:24.516659 Alpha: Lima and Romeo, sending you 2
2024-10-14 17:35:24.517313 Golf: Quebec, Alpha, Victor, Lima and Romeo, sending you 3
2024-10-14 17:35:24.519682 Foxtrot: Quebec, sending you 3
2024-10-14 17:35:24.520360 Romeo: Quebec and Golf, sending you 3
2024-10-14 17:35:24.521830 Alpha: Golf, sending you 3
2024-10-14 17:35:24.522642 Golf: Foxtrot, sending you 2
2024-10-14 17:35:24.523386 Quebec: Alpha, sending you 1
2024-10-14 17:35:24.523949 India: Sierra, sending you 10
2024-10-14 17:35:24.524226 Lima: Quebec, sending you 5
2024-10-14 17:35:24.525235 Romeo: Alpha and Foxtrot, sending you 2
2024-10-14 17:35:24.525849 Foxtrot: Alpha, sending you 1
2024-10-14 17:35:24.528104 Victor: Quebec, Lima, Foxtrot and Golf, sending you 2
2024-10-14 17:35:24.528759 Lima: Alpha, sending you 2
2024-10-14 17:35:24.529313 Quebec: Victor, sending you 2
2024-10-14 17:35:24.529823 India: Whiskey, sending you 7
2024-10-14 17:35:24.530065 Sierra: India, sending you 3
2024-10-14 17:35:24.530290 Romeo: Victor, sending you 1
2024-10-14 17:35:24.531151 Foxtrot: Victor, Lima, Romeo and Golf, sending you 2
2024-10-14 17:35:24.531712 Whiskey: Same as last round
2024-10-14 17:35:24.532653 Victor: Alpha, sending you 1
2024-10-14 17:35:24.533226 Lima: Victor and Foxtrot, sending you 3
2024-10-14 17:35:24.534263 Quebec: Lima, Foxtrot and Romeo, sending you 4
2024-10-14 17:35:24.535130 Sierra: Whiskey, sending you 5
2024-10-14 17:35:24.537668 Lima: Golf, sending you 4
2024-10-14 17:35:24.539681 Quebec: Golf, sending you 3
chatterbot Whiskey submitting transactions
chatterbot Quebec submitting transactions
chatterbot Victor submitting transactions
chatterbot Sierra submitting transactions
chatterbot Romeo submitting transactions
chatterbot Alpha submitting transactions
chatterbot Golf submitting transactions
chatterbot India submitting transactions
chatterbot Foxtrot submitting transactions
chatterbot Lima submitting transactions
ChatterBot Quebec round 6
ChatterBot Alpha round 6
ChatterBot India round 6
ChatterBot Victor round 6
ChatterBot Lima round 6
ChatterBot Sierra round 6
ChatterBot Foxtrot round 6
ChatterBot Romeo round 6
ChatterBot Golf round 6
ChatterBot Whiskey round 6
2024-10-14 17:35:25.810654 Victor: Quebec, Lima and Golf, sending you 2
2024-10-14 17:35:25.812667 Alpha: Quebec, Victor and Foxtrot, sending you 1
2024-10-14 17:35:25.815668 Victor: Alpha, Foxtrot and Romeo, sending you 1
2024-10-14 17:35:25.816238 Alpha: Lima and Romeo, sending you 2
2024-10-14 17:35:25.818666 Sierra: India, sending you 3
2024-10-14 17:35:25.819664 Lima: Quebec and Golf, sending you 5
2024-10-14 17:35:25.820702 India: Sierra, sending you 9
2024-10-14 17:35:25.821685 Alpha: Golf, sending you 3
2024-10-14 17:35:25.822515 Romeo: Quebec and Golf, sending you 3
2024-10-14 17:35:25.823657 Sierra: Whiskey, sending you 5
2024-10-14 17:35:25.823959 Lima: Alpha, sending you 2
2024-10-14 17:35:25.824671 India: Whiskey, sending you 8
2024-10-14 17:35:25.825673 Romeo: Alpha and Foxtrot, sending you 2
2024-10-14 17:35:25.826661 Quebec: Alpha, sending you 1
2024-10-14 17:35:25.828695 Lima: Victor and Foxtrot, sending you 3
2024-10-14 17:35:25.829677 Foxtrot: Quebec, sending you 3
2024-10-14 17:35:25.830720 Romeo: Victor, sending you 1
2024-10-14 17:35:25.831419 Whiskey: India, sending you 1
2024-10-14 17:35:25.832676 Quebec: Victor, sending you 2
2024-10-14 17:35:25.833680 Golf: Quebec, Alpha, Victor, Lima and Romeo, sending you 3
2024-10-14 17:35:25.834670 Foxtrot: Alpha, sending you 1
2024-10-14 17:35:25.836725 Whiskey: Sierra, sending you 2
2024-10-14 17:35:25.837158 Quebec: Lima, sending you 5
2024-10-14 17:35:25.838184 Golf: Foxtrot, sending you 2
2024-10-14 17:35:25.839707 Foxtrot: Victor, Lima, Romeo and Golf, sending you 2
2024-10-14 17:35:25.841738 Quebec: Foxtrot and Golf, sending you 3
2024-10-14 17:35:25.845676 Quebec: Romeo, sending you 4
chatterbot Alpha submitting transactions
chatterbot India submitting transactions
chatterbot Lima submitting transactions
chatterbot Whiskey submitting transactions
chatterbot Victor submitting transactions
chatterbot Foxtrot submitting transactions
chatterbot Romeo submitting transactions
chatterbot Sierra submitting transactions
chatterbot Quebec submitting transactions
chatterbot Golf submitting transactions
ChatterBot Quebec round 7
ChatterBot Alpha round 7
ChatterBot India round 7
ChatterBot Victor round 7
ChatterBot Lima round 7
ChatterBot Sierra round 7
ChatterBot Foxtrot round 7
ChatterBot Romeo round 7
ChatterBot Golf round 7
ChatterBot Whiskey round 7
2024-10-14 17:35:27.091652 Lima: Quebec, sending you 6
2024-10-14 17:35:27.092411 Whiskey: India, sending you 1
2024-10-14 17:35:27.094685 Lima: Alpha, sending you 2
2024-10-14 17:35:27.095715 India: Sierra, sending you 9
2024-10-14 17:35:27.096025 Whiskey: Sierra, sending you 2
2024-10-14 17:35:27.096258 Romeo: Quebec and Golf, sending you 3
2024-10-14 17:35:27.098678 Victor: Quebec, Lima, Foxtrot and Golf, sending you 2
2024-10-14 17:35:27.099588 Quebec: Alpha, sending you 1
2024-10-14 17:35:27.100224 India: Whiskey, sending you 8
2024-10-14 17:35:27.100474 Sierra: India, sending you 3
2024-10-14 17:35:27.100677 Lima: Victor and Foxtrot, sending you 3
2024-10-14 17:35:27.101553 Romeo: Alpha and Foxtrot, sending you 2
2024-10-14 17:35:27.102134 Foxtrot: Quebec, sending you 3
2024-10-14 17:35:27.103269 Alpha: Quebec, Victor and Foxtrot, sending you 1
2024-10-14 17:35:27.103866 Victor: Alpha, sending you 1
2024-10-14 17:35:27.104687 Quebec: Victor, sending you 2
2024-10-14 17:35:27.105358 Sierra: Whiskey, sending you 6
2024-10-14 17:35:27.105593 Romeo: Victor, sending you 1
2024-10-14 17:35:27.106166 Lima: Golf, sending you 4
2024-10-14 17:35:27.106675 Golf: Quebec, Alpha, Victor, Lima and Romeo, sending you 3
2024-10-14 17:35:27.107683 Foxtrot: Alpha, sending you 1
2024-10-14 17:35:27.109928 Alpha: Lima and Romeo, sending you 2
2024-10-14 17:35:27.111471 Quebec: Lima, sending you 5
2024-10-14 17:35:27.112529 Golf: Foxtrot, sending you 2
2024-10-14 17:35:27.113699 Alpha: Golf, sending you 3
2024-10-14 17:35:27.114749 Foxtrot: Victor, Lima, Romeo and Golf, sending you 2
2024-10-14 17:35:27.116713 Quebec: Foxtrot and Golf, sending you 3
2024-10-14 17:35:27.121675 Quebec: Romeo, sending you 4
chatterbot India submitting transactions
chatterbot Victor submitting transactions
chatterbot Foxtrot submitting transactions
chatterbot Sierra submitting transactions
chatterbot Lima submitting transactions
chatterbot Whiskey submitting transactions
chatterbot Quebec submitting transactions
chatterbot Golf submitting transactions
chatterbot Alpha submitting transactions
chatterbot Romeo submitting transactions
ChatterBot Quebec round 8
ChatterBot Alpha round 8
ChatterBot India round 8
ChatterBot Victor round 8
ChatterBot Lima round 8
ChatterBot Sierra round 8
ChatterBot Foxtrot round 8
ChatterBot Romeo round 8
ChatterBot Golf round 8
ChatterBot Whiskey round 8
2024-10-14 17:35:28.386672 Quebec: Alpha, sending you 1
2024-10-14 17:35:28.389710 Romeo: Quebec, sending you 4
2024-10-14 17:35:28.391281 India: Sierra, sending you 10
2024-10-14 17:35:28.392706 Quebec: Victor, sending you 2
2024-10-14 17:35:28.394217 Lima: Quebec, sending you 6
2024-10-14 17:35:28.396241 Alpha: Quebec, Victor and Foxtrot, sending you 1
2024-10-14 17:35:28.397392 Victor: Quebec, Lima, Foxtrot and Golf, sending you 2
2024-10-14 17:35:28.398520 Romeo: Alpha and Foxtrot, sending you 2
2024-10-14 17:35:28.399647 India: Whiskey, sending you 7
2024-10-14 17:35:28.400053 Foxtrot: Quebec, sending you 3
2024-10-14 17:35:28.400922 Sierra: India, sending you 2
2024-10-14 17:35:28.401193 Quebec: Lima, sending you 6
2024-10-14 17:35:28.401898 Lima: Alpha, sending you 2
2024-10-14 17:35:28.403201 Victor: Romeo, sending you 1
2024-10-14 17:35:28.403908 Alpha: Lima and Romeo, sending you 2
2024-10-14 17:35:28.404642 Romeo: Golf, sending you 3
2024-10-14 17:35:28.405489 Foxtrot: Alpha, sending you 1
2024-10-14 17:35:28.406213 Sierra: Whiskey, sending you 6
2024-10-14 17:35:28.406472 Whiskey: India, sending you 1
2024-10-14 17:35:28.406734 Golf: Quebec, Alpha, Victor, Lima and Romeo, sending you 3
2024-10-14 17:35:28.407978 Quebec: Foxtrot, Romeo and Golf, sending you 3
2024-10-14 17:35:28.408748 Lima: Victor and Foxtrot, sending you 3
2024-10-14 17:35:28.409452 Alpha: Golf, sending you 3
2024-10-14 17:35:28.410282 Foxtrot: Victor, Lima, Romeo and Golf, sending you 2
2024-10-14 17:35:28.411735 Golf: Foxtrot, sending you 2
2024-10-14 17:35:28.412527 Whiskey: Sierra, sending you 2
2024-10-14 17:35:28.412793 Lima: Golf, sending you 4
chatterbot Victor submitting transactions
chatterbot Romeo submitting transactions
chatterbot Golf submitting transactions
chatterbot Foxtrot submitting transactions
chatterbot Whiskey submitting transactions
chatterbot India submitting transactions
chatterbot Sierra submitting transactions
chatterbot Lima submitting transactions
chatterbot Quebec submitting transactions
chatterbot Alpha submitting transactions
ChatterBot Quebec round 9
ChatterBot Alpha round 9
ChatterBot India round 9
ChatterBot Victor round 9
ChatterBot Lima round 9
ChatterBot Sierra round 9
ChatterBot Foxtrot round 9
ChatterBot Romeo round 9
ChatterBot Golf round 9
ChatterBot Whiskey round 9
2024-10-14 17:35:29.365680 Quebec: Alpha, sending you 1
2024-10-14 17:35:29.368691 Alpha: Quebec, Victor and Foxtrot, sending you 1
2024-10-14 17:35:29.370718 Quebec: Victor, sending you 2
2024-10-14 17:35:29.371978 Victor: Quebec, Lima, Foxtrot and Golf, sending you 2
2024-10-14 17:35:29.373710 Alpha: Lima and Romeo, sending you 2
2024-10-14 17:35:29.375791 India: Sierra, sending you 9
2024-10-14 17:35:29.376183 Romeo: Quebec and Golf, sending you 3
2024-10-14 17:35:29.377150 Quebec: Lima, sending you 5
2024-10-14 17:35:29.378133 Sierra: India, sending you 2
2024-10-14 17:35:29.378482 Victor: Alpha, sending you 1
2024-10-14 17:35:29.380124 Foxtrot: Quebec, sending you 3
2024-10-14 17:35:29.381096 Alpha: Golf, sending you 3
2024-10-14 17:35:29.382193 India: Whiskey, sending you 8
2024-10-14 17:35:29.382598 Quebec: Foxtrot and Golf, sending you 3
2024-10-14 17:35:29.383590 Romeo: Alpha and Foxtrot, sending you 2
2024-10-14 17:35:29.384535 Sierra: Whiskey, sending you 6
2024-10-14 17:35:29.385749 Golf: Quebec, Alpha, Victor, Lima and Romeo, sending you 3
2024-10-14 17:35:29.386943 Foxtrot: Alpha, sending you 1
2024-10-14 17:35:29.388063 Quebec: Romeo, sending you 4
2024-10-14 17:35:29.389226 Romeo: Victor, sending you 1
2024-10-14 17:35:29.391450 Lima: Quebec, sending you 6
2024-10-14 17:35:29.392723 Golf: Foxtrot, sending you 2
2024-10-14 17:35:29.393945 Whiskey: India, sending you 1
2024-10-14 17:35:29.395661 Foxtrot: Victor, Lima, Romeo and Golf, sending you 2
2024-10-14 17:35:29.396979 Lima: Alpha, sending you 2
2024-10-14 17:35:29.399703 Whiskey: Sierra, sending you 2
2024-10-14 17:35:29.402682 Lima: Victor and Foxtrot, sending you 3
2024-10-14 17:35:29.408686 Lima: Golf, sending you 4
chatterbot Foxtrot submitting transactions
chatterbot Golf submitting transactions
chatterbot India submitting transactions
chatterbot Sierra submitting transactions
chatterbot Victor submitting transactions
chatterbot Quebec submitting transactions
chatterbot Alpha submitting transactions
chatterbot Lima submitting transactions
chatterbot Romeo submitting transactions
chatterbot Whiskey submitting transactions
ChatterBot Quebec round 10
ChatterBot Alpha round 10
ChatterBot India round 10
ChatterBot Victor round 10
ChatterBot Lima round 10
ChatterBot Sierra round 10
ChatterBot Foxtrot round 10
ChatterBot Romeo round 10
ChatterBot Golf round 10
ChatterBot Whiskey round 10
2024-10-14 17:35:30.613659 Alpha: Quebec, Victor and Foxtrot, sending you 1
2024-10-14 17:35:30.615424 Quebec: Alpha, sending you 1
2024-10-14 17:35:30.619671 Alpha: Lima and Romeo, sending you 2
2024-10-14 17:35:30.621337 Quebec: Victor, sending you 2
2024-10-14 17:35:30.622173 Victor: Quebec, Lima, Foxtrot and Golf, sending you 2
2024-10-14 17:35:30.625121 Quebec: Lima, sending you 6
2024-10-14 17:35:30.626777 Alpha: Golf, sending you 3
2024-10-14 17:35:30.628217 Victor: Alpha, sending you 1
2024-10-14 17:35:30.631314 Whiskey: India, sending you 1
2024-10-14 17:35:30.631767 India: Sierra, sending you 9
2024-10-14 17:35:30.632201 Foxtrot: Quebec, sending you 3
2024-10-14 17:35:30.634774 Romeo: Quebec, sending you 4
2024-10-14 17:35:30.637523 Quebec: Foxtrot, Romeo and Golf, sending you 3
2024-10-14 17:35:30.640235 India: Whiskey, sending you 8
2024-10-14 17:35:30.640810 Whiskey: Sierra, sending you 2
2024-10-14 17:35:30.644197 Sierra: India, sending you 2
2024-10-14 17:35:30.644705 Lima: Quebec, sending you 6
2024-10-14 17:35:30.647277 Foxtrot: Alpha, sending you 1
2024-10-14 17:35:30.648751 Romeo: Alpha and Foxtrot, sending you 2
2024-10-14 17:35:30.651380 Golf: Quebec, Alpha, Victor, Lima and Romeo, sending you 3
2024-10-14 17:35:30.654081 Sierra: Whiskey, sending you 7
2024-10-14 17:35:30.658488 Lima: Alpha, sending you 2
2024-10-14 17:35:30.660985 Foxtrot: Victor, Lima, Romeo and Golf, sending you 2
2024-10-14 17:35:30.662585 Romeo: Golf, sending you 3
2024-10-14 17:35:30.664953 Golf: Foxtrot, sending you 2
2024-10-14 17:35:30.667501 Lima: Victor and Foxtrot, sending you 3
2024-10-14 17:35:30.677696 Lima: Golf, sending you 4
chatterbot Sierra submitting transactions
chatterbot Lima submitting transactions
chatterbot Whiskey submitting transactions
chatterbot Romeo submitting transactions
chatterbot Golf submitting transactions
chatterbot Foxtrot submitting transactions
chatterbot Alpha submitting transactions
chatterbot Victor submitting transactions
chatterbot India submitting transactions
chatterbot Quebec submitting transactions
ChatterBot Quebec round 11
ChatterBot Alpha round 11
ChatterBot India round 11
ChatterBot Victor round 11
ChatterBot Lima round 11
ChatterBot Sierra round 11
ChatterBot Foxtrot round 11
ChatterBot Romeo round 11
ChatterBot Golf round 11
ChatterBot Whiskey round 11
2024-10-14 17:35:31.862910 Alpha: Quebec, Victor and Foxtrot, sending you 1
2024-10-14 17:35:31.864412 Romeo: Quebec, sending you 4
2024-10-14 17:35:31.866214 India: Sierra, sending you 9
2024-10-14 17:35:31.867169 Alpha: Lima and Romeo, sending you 2
2024-10-14 17:35:31.868526 Victor: Quebec, Lima, Foxtrot and Golf, sending you 2
2024-10-14 17:35:31.870088 Romeo: Alpha and Foxtrot, sending you 2
2024-10-14 17:35:31.871265 India: Whiskey, sending you 8
2024-10-14 17:35:31.871591 Lima: Quebec, sending you 6
2024-10-14 17:35:31.873062 Alpha: Golf, sending you 3
2024-10-14 17:35:31.874638 Sierra: India, sending you 2
2024-10-14 17:35:31.875539 Romeo: Golf, sending you 3
2024-10-14 17:35:31.877058 Victor: Alpha, sending you 1
2024-10-14 17:35:31.878877 Lima: Alpha, sending you 2
2024-10-14 17:35:31.880467 Sierra: Whiskey, sending you 7
2024-10-14 17:35:31.881715 Quebec: Alpha, sending you 1
2024-10-14 17:35:31.883248 Foxtrot: Quebec, sending you 3
2024-10-14 17:35:31.884913 Lima: Victor and Foxtrot, sending you 3
2024-10-14 17:35:31.886518 Golf: Quebec, Alpha, Victor, Lima and Romeo, sending you 3
2024-10-14 17:35:31.887714 Quebec: Victor, sending you 2
2024-10-14 17:35:31.889724 Whiskey: Sending you each 1
2024-10-14 17:35:31.890179 Foxtrot: Alpha, sending you 1
2024-10-14 17:35:31.891992 Lima: Golf, sending you 4
2024-10-14 17:35:31.893984 Golf: Foxtrot, sending you 2
2024-10-14 17:35:31.895984 Quebec: Lima, sending you 5
2024-10-14 17:35:31.897431 Foxtrot: Victor, Lima, Romeo and Golf, sending you 2
2024-10-14 17:35:31.899725 Quebec: Foxtrot and Golf, sending you 3
2024-10-14 17:35:31.904893 Quebec: Romeo, sending you 4
chatterbot Golf submitting transactions
chatterbot Sierra submitting transactions
chatterbot Whiskey submitting transactions
chatterbot Alpha submitting transactions
chatterbot India submitting transactions
chatterbot Victor submitting transactions
chatterbot Foxtrot submitting transactions
chatterbot Romeo submitting transactions
chatterbot Quebec submitting transactions
chatterbot Lima submitting transactions
ChatterBot Quebec round 12
ChatterBot Alpha round 12
ChatterBot India round 12
ChatterBot Victor round 12
ChatterBot Lima round 12
ChatterBot Sierra round 12
ChatterBot Foxtrot round 12
ChatterBot Romeo round 12
ChatterBot Golf round 12
ChatterBot Whiskey round 12
2024-10-14 17:35:33.043681 Quebec: Alpha, sending you 1
2024-10-14 17:35:33.046194 Alpha: Quebec, Victor and Foxtrot, sending you 1
2024-10-14 17:35:33.050663 Quebec: Victor, sending you 2
2024-10-14 17:35:33.051849 Alpha: Lima and Romeo, sending you 2
2024-10-14 17:35:33.052927 Romeo: Quebec, sending you 4
2024-10-14 17:35:33.055664 Quebec: Lima, sending you 5
2024-10-14 17:35:33.056763 Victor: Quebec, Lima, Foxtrot and Golf, sending you 2
2024-10-14 17:35:33.058497 Alpha: Golf, sending you 3
2024-10-14 17:35:33.060700 Romeo: Alpha and Foxtrot, sending you 2
2024-10-14 17:35:33.062262 Lima: Quebec, sending you 7
2024-10-14 17:35:33.064587 Foxtrot: Quebec, sending you 3
2024-10-14 17:35:33.066241 Quebec: Foxtrot and Golf, sending you 3
2024-10-14 17:35:33.068277 Victor: Alpha, sending you 1
2024-10-14 17:35:33.069528 Sierra: India, sending you 2
2024-10-14 17:35:33.069931 Whiskey: Same as last round
2024-10-14 17:35:33.070303 Romeo: Golf, sending you 3
2024-10-14 17:35:33.071941 Golf: Quebec, Alpha, Victor, Lima and Romeo, sending you 3
2024-10-14 17:35:33.073132 Lima: Alpha, sending you 1
2024-10-14 17:35:33.074293 India: Sierra, sending you 9
2024-10-14 17:35:33.074671 Foxtrot: Alpha, sending you 1
2024-10-14 17:35:33.076724 Quebec: Romeo, sending you 4
2024-10-14 17:35:33.078343 Sierra: Whiskey, sending you 8
2024-10-14 17:35:33.078986 Golf: Foxtrot, sending you 2
2024-10-14 17:35:33.081035 Lima: Victor and Foxtrot, sending you 3
2024-10-14 17:35:33.082749 India: Whiskey, sending you 8
2024-10-14 17:35:33.083756 Foxtrot: Victor, Lima, Romeo and Golf, sending you 2
2024-10-14 17:35:33.085704 Lima: Golf, sending you 4
chatterbot Alpha submitting transactions
chatterbot Foxtrot submitting transactions
chatterbot India submitting transactions
chatterbot Whiskey submitting transactions
chatterbot Romeo submitting transactions
chatterbot Sierra submitting transactions
chatterbot Quebec submitting transactions
chatterbot Golf submitting transactions
chatterbot Lima submitting transactions
chatterbot Victor submitting transactions
ChatterBot Quebec round 13
ChatterBot Alpha round 13
ChatterBot India round 13
ChatterBot Victor round 13
ChatterBot Lima round 13
ChatterBot Sierra round 13
ChatterBot Foxtrot round 13
ChatterBot Romeo round 13
ChatterBot Golf round 13
ChatterBot Whiskey round 13
2024-10-14 17:35:34.214992 India: Sierra, sending you 9
2024-10-14 17:35:34.217689 Quebec: Alpha, sending you 1
2024-10-14 17:35:34.218964 Alpha: Quebec, Victor and Foxtrot, sending you 1
2024-10-14 17:35:34.220109 India: Whiskey, sending you 8
2024-10-14 17:35:34.222686 Quebec: Victor, sending you 2
2024-10-14 17:35:34.224752 Alpha: Lima and Romeo, sending you 2
2024-10-14 17:35:34.228173 Romeo: Quebec, sending you 4
2024-10-14 17:35:34.230225 Quebec: Lima, sending you 5
2024-10-14 17:35:34.231893 Alpha: Golf, sending you 3
2024-10-14 17:35:34.234130 Golf: Quebec, Alpha, Victor, Lima and Romeo, sending you 3
2024-10-14 17:35:34.235936 Sierra: India, sending you 2
2024-10-14 17:35:34.236473 Romeo: Alpha and Foxtrot, sending you 2
2024-10-14 17:35:34.239055 Foxtrot: Quebec, sending you 3
2024-10-14 17:35:34.241289 Victor: Quebec, Lima, Foxtrot and Golf, sending you 2
2024-10-14 17:35:34.243429 Lima: Quebec, sending you 7
2024-10-14 17:35:34.245934 Quebec: Foxtrot and Golf, sending you 3
2024-10-14 17:35:34.247706 Whiskey: Same as last round
2024-10-14 17:35:34.249975 Golf: Foxtrot, sending you 2
2024-10-14 17:35:34.251685 Sierra: Whiskey, sending you 8
2024-10-14 17:35:34.252351 Romeo: Golf, sending you 3
2024-10-14 17:35:34.254776 Foxtrot: Alpha, sending you 1
2024-10-14 17:35:34.257546 Victor: Alpha, sending you 1
2024-10-14 17:35:34.260409 Lima: Alpha, sending you 1
2024-10-14 17:35:34.262192 Quebec: Romeo, sending you 4
2024-10-14 17:35:34.264634 Foxtrot: Victor, Lima, Romeo and Golf, sending you 2
2024-10-14 17:35:34.267231 Lima: Victor and Foxtrot, sending you 3
2024-10-14 17:35:34.273692 Lima: Golf, sending you 4
chatterbot Romeo submitting transactions
chatterbot Victor submitting transactions
chatterbot Quebec submitting transactions
chatterbot Whiskey submitting transactions
chatterbot Golf submitting transactions
chatterbot Foxtrot submitting transactions
chatterbot Alpha submitting transactions
chatterbot Sierra submitting transactions
chatterbot Lima submitting transactions
chatterbot India submitting transactions
ChatterBot Quebec round 14
ChatterBot Alpha round 14
ChatterBot India round 14
ChatterBot Victor round 14
ChatterBot Lima round 14
ChatterBot Sierra round 14
ChatterBot Foxtrot round 14
ChatterBot Romeo round 14
ChatterBot Golf round 14
ChatterBot Whiskey round 14
2024-10-14 17:35:34.993671 Alpha: Quebec, Victor, Lima and Foxtrot, sending you 1
2024-10-14 17:35:34.995047 India: Sierra, sending you 9
2024-10-14 17:35:34.998669 Alpha: Romeo, sending you 2
2024-10-14 17:35:35.000829 India: Whiskey, sending you 8
2024-10-14 17:35:35.003657 Golf: Quebec, Alpha, Victor, Lima and Romeo, sending you 3
2024-10-14 17:35:35.005460 Alpha: Golf, sending you 4
2024-10-14 17:35:35.006600 Whiskey: Sierra, sending you 1
2024-10-14 17:35:35.007149 Victor: Quebec, Lima, Foxtrot and Golf, sending you 2
2024-10-14 17:35:35.009034 Romeo: Quebec, sending you 4
2024-10-14 17:35:35.011312 Golf: Foxtrot, sending you 2
2024-10-14 17:35:35.013143 Lima: Quebec, sending you 7
2024-10-14 17:35:35.015381 Quebec: Alpha, sending you 1
2024-10-14 17:35:35.017198 Sierra: India, sending you 2
2024-10-14 17:35:35.018131 Victor: Alpha, sending you 1
2024-10-14 17:35:35.020001 Foxtrot: Quebec, sending you 3
2024-10-14 17:35:35.022310 Romeo: Alpha and Foxtrot, sending you 2
2024-10-14 17:35:35.024198 Lima: Alpha, sending you 1
2024-10-14 17:35:35.026618 Quebec: Victor, sending you 2
2024-10-14 17:35:35.028492 Sierra: Whiskey, sending you 8
2024-10-14 17:35:35.029106 Foxtrot: Alpha, sending you 1
2024-10-14 17:35:35.031596 Romeo: Golf, sending you 3
2024-10-14 17:35:35.033636 Lima: Victor and Foxtrot, sending you 3
2024-10-14 17:35:35.035779 Quebec: Lima, sending you 5
2024-10-14 17:35:35.038391 Foxtrot: Victor, Lima, Romeo and Golf, sending you 2
2024-10-14 17:35:35.041261 Lima: Golf, sending you 4
2024-10-14 17:35:35.043194 Quebec: Foxtrot and Golf, sending you 3
2024-10-14 17:35:35.049656 Quebec: Romeo, sending you 4
chatterbot Lima submitting transactions
chatterbot Romeo submitting transactions
chatterbot India submitting transactions
chatterbot Whiskey submitting transactions
chatterbot Alpha submitting transactions
chatterbot Golf submitting transactions
chatterbot Quebec submitting transactions
chatterbot Sierra submitting transactions
chatterbot Victor submitting transactions
chatterbot Foxtrot submitting transactions
ChatterBot Quebec round 15
ChatterBot Alpha round 15
ChatterBot India round 15
ChatterBot Victor round 15
ChatterBot Lima round 15
ChatterBot Sierra round 15
ChatterBot Foxtrot round 15
ChatterBot Romeo round 15
ChatterBot Golf round 15
ChatterBot Whiskey round 15
2024-10-14 17:35:36.230682 Lima: Quebec, sending you 7
2024-10-14 17:35:36.233667 Quebec: Alpha, sending you 1
2024-10-14 17:35:36.234850 Lima: Alpha, sending you 1
2024-10-14 17:35:36.238090 Victor: Quebec, Lima, Foxtrot and Golf, sending you 2
2024-10-14 17:35:36.240092 Quebec: Victor, sending you 2
2024-10-14 17:35:36.242428 Foxtrot: Quebec, sending you 3
2024-10-14 17:35:36.244761 Lima: Victor and Foxtrot, sending you 3
2024-10-14 17:35:36.247036 Victor: Alpha, sending you 1
2024-10-14 17:35:36.248572 Quebec: Lima, sending you 5
2024-10-14 17:35:36.250283 Alpha: Quebec, Victor, Lima and Foxtrot, sending you 1
2024-10-14 17:35:36.251447 Foxtrot: Alpha, sending you 1
2024-10-14 17:35:36.252381 Lima: Golf, sending you 4
2024-10-14 17:35:36.253268 Golf: Quebec, Alpha, Victor, Lima and Romeo, sending you 3
2024-10-14 17:35:36.254180 Whiskey: Sierra, sending you 1
2024-10-14 17:35:36.254475 India: Sierra, sending you 9
2024-10-14 17:35:36.254725 Sierra: India, sending you 2
2024-10-14 17:35:36.254971 Alpha: Romeo, sending you 2
2024-10-14 17:35:36.255887 Quebec: Foxtrot and Golf, sending you 3
2024-10-14 17:35:36.256785 Romeo: Quebec, sending you 4
2024-10-14 17:35:36.257679 Foxtrot: Victor, Lima, Romeo and Golf, sending you 2
2024-10-14 17:35:36.258606 Golf: Foxtrot, sending you 2
2024-10-14 17:35:36.259533 India: Whiskey, sending you 8
2024-10-14 17:35:36.259815 Sierra: Whiskey, sending you 8
2024-10-14 17:35:36.260054 Alpha: Golf, sending you 4
2024-10-14 17:35:36.261848 Romeo: Alpha and Foxtrot, sending you 2
2024-10-14 17:35:36.262786 Quebec: Romeo, sending you 4
2024-10-14 17:35:36.267678 Romeo: Golf, sending you 3
chatterbot Romeo submitting transactions
chatterbot Quebec submitting transactions
chatterbot Foxtrot submitting transactions
chatterbot Golf submitting transactions
chatterbot Victor submitting transactions
chatterbot Sierra submitting transactions
chatterbot Whiskey submitting transactions
chatterbot Alpha submitting transactions
chatterbot India submitting transactions
chatterbot Lima submitting transactions
ChatterBot Quebec round 16
ChatterBot Alpha round 16
ChatterBot India round 16
ChatterBot Victor round 16
ChatterBot Lima round 16
ChatterBot Sierra round 16
ChatterBot Foxtrot round 16
ChatterBot Romeo round 16
ChatterBot Golf round 16
ChatterBot Whiskey round 16
2024-10-14 17:35:37.445683 Quebec: Alpha, sending you 1
2024-10-14 17:35:37.452796 Victor: Quebec, Lima, Foxtrot and Golf, sending you 2
