ChatterBot Hotel round 1
ChatterBot Mike round 1
ChatterBot Echo round 1
ChatterBot Quebec round 1
ChatterBot Lima round 1
ChatterBot Kilo round 1
ChatterBot Juliett round 1
ChatterBot November round 1
ChatterBot Foxtrot round 1
ChatterBot Bravo round 1
randomSelections Mike: {Mike, Lima, Kilo, Hotel, Juliett} 
2024-10-14 17:35:19.572602 Mike: Let's form a team
ChatterBot Lima reevaluating
ChatterBot Kilo reevaluating
ChatterBot Hotel reevaluating
ChatterBot Juliett reevaluating
2024-10-14 17:35:19.582584 Lima: Yes
2024-10-14 17:35:19.582738 Kilo: Yes
2024-10-14 17:35:19.582913 Hotel: Yes
2024-10-14 17:35:19.583054 Juliett: Yes
ChatterBot Kilo reevaluating
ChatterBot Hotel reevaluating
ChatterBot Juliett reevaluating
ChatterBot Lima reevaluating
ChatterBot Hotel reevaluating
ChatterBot Juliett reevaluating
ChatterBot Lima reevaluating
ChatterBot Kilo reevaluating
ChatterBot Juliett reevaluating
ChatterBot Lima reevaluating
ChatterBot Kilo reevaluating
ChatterBot Hotel reevaluating
randomSelections Echo: {Echo, Lima, Mike, Quebec, Kilo, November, Hotel} 
2024-10-14 17:35:19.633172 Echo: Group up?
ChatterBot Lima reevaluating
ChatterBot Quebec reevaluating
ChatterBot Kilo reevaluating
ChatterBot November reevaluating
ChatterBot Hotel reevaluating
2024-10-14 17:35:19.649066 Lima: No
2024-10-14 17:35:19.649232 Mike: No
2024-10-14 17:35:19.649959 Quebec: Yes
2024-10-14 17:35:19.650128 Kilo: No
2024-10-14 17:35:19.650327 November: Yes
2024-10-14 17:35:19.650464 Hotel: No
ChatterBot Quebec reevaluating
ChatterBot Kilo reevaluating
ChatterBot November reevaluating
ChatterBot Hotel reevaluating
ChatterBot Lima reevaluating
ChatterBot Quebec reevaluating
ChatterBot Kilo reevaluating
ChatterBot November reevaluating
ChatterBot Hotel reevaluating
ChatterBot Lima reevaluating
ChatterBot Kilo reevaluating
ChatterBot November reevaluating
ChatterBot Hotel reevaluating
ChatterBot Lima reevaluating
ChatterBot Quebec reevaluating
ChatterBot November reevaluating
ChatterBot Hotel reevaluating
ChatterBot Lima reevaluating
ChatterBot Quebec reevaluating
ChatterBot Kilo reevaluating
ChatterBot Hotel reevaluating
ChatterBot Lima reevaluating
ChatterBot Quebec reevaluating
ChatterBot Kilo reevaluating
ChatterBot November reevaluating
randomSelections Bravo: {Bravo, Hotel, Mike, Quebec, Kilo, Juliett} 
2024-10-14 17:35:19.730753 Bravo: Group up?
ChatterBot Hotel reevaluating
ChatterBot Quebec reevaluating
ChatterBot Kilo reevaluating
ChatterBot Juliett reevaluating
2024-10-14 17:35:19.737605 Hotel: No
2024-10-14 17:35:19.737740 Mike: No
2024-10-14 17:35:19.737899 Quebec: No
2024-10-14 17:35:19.737988 Kilo: No
2024-10-14 17:35:19.738073 Juliett: No
ChatterBot Quebec reevaluating
ChatterBot Kilo reevaluating
ChatterBot Juliett reevaluating
ChatterBot Hotel reevaluating
ChatterBot Quebec reevaluating
ChatterBot Kilo reevaluating
ChatterBot Juliett reevaluating
ChatterBot Hotel reevaluating
ChatterBot Kilo reevaluating
ChatterBot Juliett reevaluating
ChatterBot Hotel reevaluating
ChatterBot Quebec reevaluating
ChatterBot Juliett reevaluating
ChatterBot Hotel reevaluating
ChatterBot Quebec reevaluating
ChatterBot Kilo reevaluating
randomSelections Foxtrot: {Foxtrot, Quebec, November, Hotel} 
2024-10-14 17:35:19.783724 Foxtrot: Can we be friends?
ChatterBot Quebec reevaluating
ChatterBot November reevaluating
ChatterBot Hotel reevaluating
2024-10-14 17:35:19.789493 Quebec: No
2024-10-14 17:35:19.789644 November: No
2024-10-14 17:35:19.789880 Hotel: No
ChatterBot November reevaluating
ChatterBot Hotel reevaluating
ChatterBot Quebec reevaluating
ChatterBot Hotel reevaluating
ChatterBot Quebec reevaluating
ChatterBot November reevaluating
2024-10-14 17:35:19.816684 Bravo: Hotel, Quebec and Juliett, sending you 3
2024-10-14 17:35:19.819688 Bravo: Mike, sending you 2
2024-10-14 17:35:19.823750 November: Hotel, Mike and Lima, sending you 1
2024-10-14 17:35:19.824666 Mike: Hotel, sending you 5
2024-10-14 17:35:19.824918 Foxtrot: Hotel, sending you 4
2024-10-14 17:35:19.826687 Hotel: Mike, sending you 3
2024-10-14 17:35:19.827716 Mike: Lima, sending you 1
2024-10-14 17:35:19.828861 Lima: Hotel and Kilo, sending you 3
2024-10-14 17:35:19.829177 Kilo: Hotel, sending you 7
2024-10-14 17:35:19.829387 November: Echo and Kilo, sending you 2
2024-10-14 17:35:19.829626 Foxtrot: Quebec, sending you 2
2024-10-14 17:35:19.830744 Echo: Hotel, sending you 2
2024-10-14 17:35:19.831043 Mike: Juliett, sending you 4
2024-10-14 17:35:19.831726 Hotel: Lima, sending you 1
2024-10-14 17:35:19.832026 Kilo: Mike, sending you 6
2024-10-14 17:35:19.833670 Lima: Juliett, sending you 1
2024-10-14 17:35:19.833948 November: Quebec, sending you 3
2024-10-14 17:35:19.834704 Foxtrot: November, sending you 7
2024-10-14 17:35:19.835103 Quebec: Hotel, sending you 1
2024-10-14 17:35:19.835752 Echo: Mike and Quebec, sending you 1
2024-10-14 17:35:19.836117 Juliett: Hotel and Lima, sending you 2
2024-10-14 17:35:19.836685 Hotel: Kilo, sending you 4
2024-10-14 17:35:19.836940 Kilo: Lima and Juliett, sending you 1
2024-10-14 17:35:19.837717 Quebec: Mike, Echo and November, sending you 2
2024-10-14 17:35:19.839663 Hotel: Juliett, sending you 5
2024-10-14 17:35:19.840678 Echo: Lima and Kilo, sending you 3
2024-10-14 17:35:19.841175 Juliett: Mike, sending you 4
2024-10-14 17:35:19.841723 Quebec: Lima, sending you 6
2024-10-14 17:35:19.844773 Juliett: Kilo, sending you 3
2024-10-14 17:35:19.845687 Echo: November, sending you 5
chatterbot Mike submitting transactions
chatterbot Kilo submitting transactions
chatterbot November submitting transactions
chatterbot Hotel submitting transactions
chatterbot Lima submitting transactions
chatterbot Juliett submitting transactions
chatterbot Foxtrot submitting transactions
chatterbot Echo submitting transactions
chatterbot Quebec submitting transactions
chatterbot Bravo submitting transactions
ChatterBot Hotel round 2
ChatterBot Mike round 2
ChatterBot Echo round 2
ChatterBot Quebec round 2
ChatterBot Lima round 2
ChatterBot Kilo round 2
ChatterBot Juliett round 2
2024-10-14 17:35:21.394785 Quebec: We should group up
ChatterBot Echo reevaluating
ChatterBot November reevaluating
ChatterBot Foxtrot reevaluating
ChatterBot Bravo reevaluating
2024-10-14 17:35:21.463462 Echo: No
2024-10-14 17:35:21.463751 November: No
2024-10-14 17:35:21.463959 Foxtrot: No
2024-10-14 17:35:21.464529 Bravo: No
ChatterBot November reevaluating
ChatterBot Foxtrot reevaluating
ChatterBot Bravo reevaluating
ChatterBot Echo reevaluating
ChatterBot Foxtrot reevaluating
ChatterBot Bravo reevaluating
ChatterBot Echo reevaluating
ChatterBot November reevaluating
ChatterBot Bravo reevaluating
ChatterBot Echo reevaluating
ChatterBot November reevaluating
ChatterBot Foxtrot reevaluating
ChatterBot November round 2
ChatterBot Foxtrot round 2
ChatterBot Bravo round 2
2024-10-14 17:35:21.789826 Juliett: We should add Bravo
ChatterBot Mike reevaluating
ChatterBot Lima reevaluating
ChatterBot Kilo reevaluating
ChatterBot Hotel reevaluating
2024-10-14 17:35:21.819684 Mike: Yes
2024-10-14 17:35:21.819884 Lima: No
2024-10-14 17:35:21.820464 Kilo: No
2024-10-14 17:35:21.820640 Hotel: Yes
ChatterBot Lima reevaluating
ChatterBot Kilo reevaluating
ChatterBot Hotel reevaluating
ChatterBot Mike reevaluating
ChatterBot Kilo reevaluating
ChatterBot Hotel reevaluating
ChatterBot Juliett reevaluating
ChatterBot Mike reevaluating
ChatterBot Lima reevaluating
ChatterBot Hotel reevaluating
ChatterBot Juliett reevaluating
ChatterBot Mike reevaluating
ChatterBot Lima reevaluating
ChatterBot Kilo reevaluating
ChatterBot Juliett reevaluating
2024-10-14 17:35:21.960440 Foxtrot: We should replace Hotel with Echo
ChatterBot November reevaluating
2024-10-14 17:35:21.971584 Quebec: Yes
2024-10-14 17:35:21.971797 November: Yes
ChatterBot November reevaluating
2024-10-14 17:35:22.006640 Bravo: We would work well together
ChatterBot Echo reevaluating
ChatterBot November reevaluating
2024-10-14 17:35:22.029255 Quebec: Yes
2024-10-14 17:35:22.029476 Echo: Yes
2024-10-14 17:35:22.029669 November: No
2024-10-14 17:35:22.029814 Foxtrot: No
ChatterBot Echo reevaluating
ChatterBot November reevaluating
ChatterBot November reevaluating
ChatterBot Echo reevaluating
ChatterBot Foxtrot reevaluating
ChatterBot Echo reevaluating
ChatterBot November reevaluating
2024-10-14 17:35:22.124989 Foxtrot: Group up?
ChatterBot Echo reevaluating
ChatterBot November reevaluating
2024-10-14 17:35:22.196449 Quebec: Yes
2024-10-14 17:35:22.196727 Echo: Yes
2024-10-14 17:35:22.196887 November: No
2024-10-14 17:35:22.197071 Bravo: Yes
ChatterBot Echo reevaluating
ChatterBot November reevaluating
ChatterBot Foxtrot reevaluating
ChatterBot November reevaluating
ChatterBot Foxtrot reevaluating
ChatterBot Echo reevaluating
ChatterBot Foxtrot reevaluating
ChatterBot Echo reevaluating
ChatterBot November reevaluating
ChatterBot Foxtrot reevaluating
2024-10-14 17:35:22.301113 Juliett: We should replace Lima with Bravo
ChatterBot Hotel reevaluating
ChatterBot Kilo reevaluating
ChatterBot Mike reevaluating
2024-10-14 17:35:22.315083 Hotel: No
2024-10-14 17:35:22.315351 Kilo: No
2024-10-14 17:35:22.315579 Mike: Yes
ChatterBot Juliett reevaluating
ChatterBot Kilo reevaluating
ChatterBot Mike reevaluating
ChatterBot Juliett reevaluating
ChatterBot Hotel reevaluating
ChatterBot Mike reevaluating
ChatterBot Juliett reevaluating
ChatterBot Hotel reevaluating
ChatterBot Kilo reevaluating
2024-10-14 17:35:22.380632 Quebec: Echo, sending you 2
2024-10-14 17:35:22.381151 Mike: Bravo we want you to join our group
2024-10-14 17:35:22.388539 Bravo: No
ChatterBot Mike reevaluating
ChatterBot Hotel reevaluating
ChatterBot Juliett reevaluating
2024-10-14 17:35:22.410459 Kilo: Bravo we want you to join our group
2024-10-14 17:35:22.415175 Bravo: No
ChatterBot Kilo reevaluating
ChatterBot Hotel reevaluating
ChatterBot Mike reevaluating
ChatterBot Juliett reevaluating
2024-10-14 17:35:22.436777 Quebec: November and Bravo, sending you 4
2024-10-14 17:35:22.441583 Echo: Quebec and November, sending you 6
2024-10-14 17:35:22.442005 Bravo: Echo, Quebec and November, sending you 3
2024-10-14 17:35:22.443121 Juliett: Bravo we want you to join our group
2024-10-14 17:35:22.449830 Bravo: No
ChatterBot Kilo reevaluating
ChatterBot Hotel reevaluating
ChatterBot Mike reevaluating
ChatterBot Juliett reevaluating
2024-10-14 17:35:22.476213 November: Echo, sending you 4
2024-10-14 17:35:22.476504 Lima: Hotel, Mike and Kilo, sending you 2
2024-10-14 17:35:22.477241 Quebec: Foxtrot, sending you 3
2024-10-14 17:35:22.477609 Echo: Foxtrot, sending you 2
2024-10-14 17:35:22.477867 Bravo: Foxtrot, sending you 2
2024-10-14 17:35:22.480988 November: Quebec, sending you 1
2024-10-14 17:35:22.481210 Foxtrot: Echo, Quebec and November, sending you 5
2024-10-14 17:35:22.481470 Echo: Bravo, sending you 1
2024-10-14 17:35:22.482244 Lima: Juliett, sending you 3
2024-10-14 17:35:22.494876 November: Foxtrot, sending you 5
2024-10-14 17:35:22.495184 Foxtrot: Bravo, sending you 3
2024-10-14 17:35:22.508607 Mike: Hotel and Lima, sending you 2
2024-10-14 17:35:22.509198 Juliett: Hotel and Mike, sending you 3
2024-10-14 17:35:22.509677 Hotel: Mike, sending you 4
2024-10-14 17:35:22.512656 Mike: Kilo and Juliett, sending you 3
2024-10-14 17:35:22.514828 Juliett: Lima and Bravo, sending you 2
2024-10-14 17:35:22.515429 Kilo: Hotel, Lima and Juliett, sending you 4
2024-10-14 17:35:22.516043 Hotel: Lima and Juliett, sending you 3
2024-10-14 17:35:22.518312 Juliett: Kilo, sending you 1
2024-10-14 17:35:22.518729 Kilo: Mike, sending you 3
2024-10-14 17:35:22.521657 Hotel: Kilo, sending you 6
chatterbot November submitting transactions
chatterbot Mike submitting transactions
chatterbot Lima submitting transactions
chatterbot Juliett submitting transactions
chatterbot Quebec submitting transactions
chatterbot Echo submitting transactions
chatterbot Foxtrot submitting transactions
chatterbot Kilo submitting transactions
chatterbot Bravo submitting transactions
chatterbot Hotel submitting transactions
ChatterBot Hotel round 3
ChatterBot Mike round 3
ChatterBot Echo round 3
ChatterBot Quebec round 3
ChatterBot Lima round 3
ChatterBot Kilo round 3
ChatterBot Juliett round 3
ChatterBot November round 3
ChatterBot Foxtrot round 3
ChatterBot Bravo round 3
2024-10-14 17:35:23.733942 Hotel: We should add Bravo
ChatterBot Juliett reevaluating
2024-10-14 17:35:23.746111 Mike: No
2024-10-14 17:35:23.746404 Lima: No
2024-10-14 17:35:23.746794 Kilo: No
2024-10-14 17:35:23.747425 Juliett: No
ChatterBot Hotel reevaluating
ChatterBot Juliett reevaluating
ChatterBot Hotel reevaluating
ChatterBot Juliett reevaluating
ChatterBot Hotel reevaluating
ChatterBot Juliett reevaluating
ChatterBot Hotel reevaluating
2024-10-14 17:35:23.808809 Juliett: We should drop Bravo
ChatterBot Hotel reevaluating
2024-10-14 17:35:23.819022 Mike: Yes
2024-10-14 17:35:23.819189 Lima: Yes
2024-10-14 17:35:23.819340 Kilo: Yes
2024-10-14 17:35:23.819474 Hotel: Yes
ChatterBot Hotel reevaluating
ChatterBot Hotel reevaluating
ChatterBot Hotel reevaluating
2024-10-14 17:35:23.864273 Quebec: Echo and Foxtrot, sending you 4
2024-10-14 17:35:23.864728 Echo: Quebec and Bravo, sending you 3
2024-10-14 17:35:23.867969 November: Echo and Foxtrot, sending you 4
2024-10-14 17:35:23.868668 Quebec: November, sending you 2
2024-10-14 17:35:23.869086 Foxtrot: Echo and Bravo, sending you 3
2024-10-14 17:35:23.870074 Echo: November, sending you 5
2024-10-14 17:35:23.870348 Mike: Hotel, Kilo and Juliett, sending you 3
2024-10-14 17:35:23.870711 Kilo: Hotel, Lima and Juliett, sending you 4
2024-10-14 17:35:23.871037 Lima: Hotel and Kilo, sending you 3
2024-10-14 17:35:23.871336 Bravo: Echo, sending you 2
2024-10-14 17:35:23.871714 November: Quebec, sending you 2
2024-10-14 17:35:23.873662 Quebec: Bravo, sending you 3
2024-10-14 17:35:23.874640 Foxtrot: Quebec, sending you 4
2024-10-14 17:35:23.875234 Echo: Foxtrot, sending you 4
2024-10-14 17:35:23.875776 Lima: Mike and Juliett, sending you 2
2024-10-14 17:35:23.876901 Bravo: Quebec, sending you 5
2024-10-14 17:35:23.877380 Mike: Lima, sending you 1
2024-10-14 17:35:23.877945 Kilo: Mike, sending you 3
2024-10-14 17:35:23.879012 Foxtrot: November, sending you 8
2024-10-14 17:35:23.881690 Bravo: November, sending you 1
2024-10-14 17:35:23.883008 Hotel: Mike, sending you 4
2024-10-14 17:35:23.885687 Bravo: Foxtrot, sending you 3
2024-10-14 17:35:23.886117 Juliett: Hotel, Mike and Kilo, sending you 3
2024-10-14 17:35:23.887675 Hotel: Lima and Juliett, sending you 3
2024-10-14 17:35:23.888671 Juliett: Lima, sending you 2
2024-10-14 17:35:23.890678 Hotel: Kilo, sending you 6
chatterbot Kilo submitting transactions
chatterbot Quebec submitting transactions
chatterbot Juliett submitting transactions
chatterbot Hotel submitting transactions
chatterbot Lima submitting transactions
chatterbot Foxtrot submitting transactions
chatterbot November submitting transactions
chatterbot Mike submitting transactions
chatterbot Echo submitting transactions
chatterbot Bravo submitting transactions
ChatterBot Hotel round 4
ChatterBot Mike round 4
ChatterBot Echo round 4
ChatterBot Quebec round 4
ChatterBot Lima round 4
ChatterBot Kilo round 4
ChatterBot Juliett round 4
ChatterBot November round 4
ChatterBot Foxtrot round 4
ChatterBot Bravo round 4
2024-10-14 17:35:25.036660 Hotel: Mike and Juliett, sending you 4
2024-10-14 17:35:25.038972 Bravo: We should drop November
2024-10-14 17:35:25.044756 Echo: No
2024-10-14 17:35:25.044885 Quebec: No
2024-10-14 17:35:25.044991 Foxtrot: No
2024-10-14 17:35:25.063046 Echo: Quebec and Foxtrot, sending you 4
2024-10-14 17:35:25.063968 Hotel: Lima, sending you 3
2024-10-14 17:35:25.066662 Hotel: Kilo, sending you 5
2024-10-14 17:35:25.067168 Mike: Hotel, Kilo and Juliett, sending you 3
2024-10-14 17:35:25.068035 Quebec: Echo, sending you 3
2024-10-14 17:35:25.068283 Foxtrot: Echo, sending you 4
2024-10-14 17:35:25.068531 Echo: November, sending you 5
2024-10-14 17:35:25.068777 Juliett: Hotel, Mike and Kilo, sending you 3
2024-10-14 17:35:25.069049 November: Echo and Foxtrot, sending you 4
2024-10-14 17:35:25.069235 Kilo: Hotel, Mike and Lima, sending you 4
2024-10-14 17:35:25.069514 Lima: Hotel and Kilo, sending you 3
2024-10-14 17:35:25.071654 Quebec: November, sending you 2
2024-10-14 17:35:25.071924 Juliett: Lima, sending you 2
2024-10-14 17:35:25.072674 Mike: Lima, sending you 1
2024-10-14 17:35:25.073070 Foxtrot: Quebec, sending you 5
2024-10-14 17:35:25.073667 Echo: Bravo, sending you 2
2024-10-14 17:35:25.074091 November: Quebec, sending you 2
2024-10-14 17:35:25.074369 Kilo: Juliett, sending you 3
2024-10-14 17:35:25.075147 Lima: Mike and Juliett, sending you 2
2024-10-14 17:35:25.075699 Foxtrot: November, sending you 7
2024-10-14 17:35:25.076682 Quebec: Foxtrot and Bravo, sending you 4
2024-10-14 17:35:25.078777 Foxtrot: Bravo, sending you 2
2024-10-14 17:35:25.079673 Bravo: Echo, sending you 3
2024-10-14 17:35:25.083695 Bravo: Quebec and Foxtrot, sending you 4
chatterbot Echo submitting transactions
chatterbot Quebec submitting transactions
chatterbot November submitting transactions
chatterbot Juliett submitting transactions
chatterbot Lima submitting transactions
chatterbot Kilo submitting transactions
chatterbot Mike submitting transactions
chatterbot Hotel submitting transactions
chatterbot Foxtrot submitting transactions
chatterbot Bravo submitting transactions
ChatterBot Hotel round 5
ChatterBot Mike round 5
ChatterBot Echo round 5
ChatterBot Quebec round 5
ChatterBot Lima round 5
ChatterBot Kilo round 5
ChatterBot Juliett round 5
ChatterBot November round 5
ChatterBot Foxtrot round 5
ChatterBot Bravo round 5
2024-10-14 17:35:26.226667 Hotel: Mike and Juliett, sending you 4
2024-10-14 17:35:26.230670 Hotel: Lima, sending you 3
2024-10-14 17:35:26.234683 Lima: Hotel and Kilo, sending you 3
2024-10-14 17:35:26.236550 Hotel: Kilo, sending you 5
2024-10-14 17:35:26.236934 Kilo: Hotel, Mike and Lima, sending you 4
2024-10-14 17:35:26.237696 Foxtrot: Echo, sending you 4
2024-10-14 17:35:26.238556 November: Echo and Foxtrot, sending you 4
2024-10-14 17:35:26.239084 Lima: Mike and Juliett, sending you 2
2024-10-14 17:35:26.239705 Echo: Quebec and Foxtrot, sending you 4
2024-10-14 17:35:26.240786 Quebec: Echo and Bravo, sending you 3
2024-10-14 17:35:26.241693 Kilo: Juliett, sending you 3
2024-10-14 17:35:26.243174 Foxtrot: Quebec, sending you 5
2024-10-14 17:35:26.243703 November: Quebec, sending you 2
2024-10-14 17:35:26.244099 Quebec: November, sending you 2
2024-10-14 17:35:26.245692 Echo: November, sending you 5
2024-10-14 17:35:26.246286 Mike: Hotel, Kilo and Juliett, sending you 3
2024-10-14 17:35:26.246883 Juliett: Hotel, Mike and Kilo, sending you 3
2024-10-14 17:35:26.248023 Bravo: Echo and Foxtrot, sending you 3
2024-10-14 17:35:26.248361 Quebec: Foxtrot, sending you 5
2024-10-14 17:35:26.248828 Foxtrot: November, sending you 6
2024-10-14 17:35:26.249882 Mike: Lima, sending you 1
2024-10-14 17:35:26.250679 Echo: Bravo, sending you 2
2024-10-14 17:35:26.251145 Juliett: Lima, sending you 2
2024-10-14 17:35:26.252073 Bravo: Quebec, sending you 5
2024-10-14 17:35:26.253942 Foxtrot: Bravo, sending you 3
chatterbot Bravo submitting transactions
chatterbot November submitting transactions
chatterbot Quebec submitting transactions
chatterbot Lima submitting transactions
chatterbot Kilo submitting transactions
chatterbot Hotel submitting transactions
chatterbot Mike submitting transactions
chatterbot Juliett submitting transactions
chatterbot Echo submitting transactions
chatterbot Foxtrot submitting transactions
ChatterBot Hotel round 6
ChatterBot Mike round 6
ChatterBot Echo round 6
ChatterBot Quebec round 6
ChatterBot Lima round 6
ChatterBot Kilo round 6
ChatterBot Juliett round 6
ChatterBot November round 6
ChatterBot Foxtrot round 6
ChatterBot Bravo round 6
2024-10-14 17:35:27.536936 Kilo: Hotel, Mike and Lima, sending you 4
2024-10-14 17:35:27.537738 Mike: Hotel and Kilo, sending you 3
2024-10-14 17:35:27.538380 Lima: Hotel and Kilo, sending you 3
2024-10-14 17:35:27.539674 Hotel: Mike and Juliett, sending you 4
2024-10-14 17:35:27.540678 Kilo: Juliett, sending you 3
2024-10-14 17:35:27.541401 Mike: Lima and Juliett, sending you 2
2024-10-14 17:35:27.544814 Lima: Mike and Juliett, sending you 2
2024-10-14 17:35:27.545376 Hotel: Lima, sending you 3
2024-10-14 17:35:27.549682 November: Echo and Foxtrot, sending you 4
2024-10-14 17:35:27.552762 Hotel: Kilo, sending you 5
2024-10-14 17:35:27.553534 Quebec: Echo, sending you 3
2024-10-14 17:35:27.555037 Echo: Quebec and Foxtrot, sending you 4
2024-10-14 17:35:27.555560 Juliett: Hotel, Mike and Kilo, sending you 3
2024-10-14 17:35:27.556650 November: Quebec, sending you 2
2024-10-14 17:35:27.557700 Foxtrot: Echo, sending you 4
2024-10-14 17:35:27.558679 Juliett: Lima, sending you 2
2024-10-14 17:35:27.563266 Quebec: November, sending you 2
2024-10-14 17:35:27.563942 Echo: November, sending you 5
2024-10-14 17:35:27.564347 Foxtrot: Quebec, sending you 5
2024-10-14 17:35:27.565653 Bravo: Echo, sending you 3
2024-10-14 17:35:27.566681 Quebec: Foxtrot and Bravo, sending you 4
2024-10-14 17:35:27.567698 Echo: Bravo, sending you 2
2024-10-14 17:35:27.576041 Foxtrot: November, sending you 6
2024-10-14 17:35:27.577264 Bravo: Quebec and Foxtrot, sending you 4
2024-10-14 17:35:27.581680 Foxtrot: Bravo, sending you 3
chatterbot Lima submitting transactions
chatterbot Juliett submitting transactions
chatterbot Foxtrot submitting transactions
chatterbot November submitting transactions
chatterbot Kilo submitting transactions
chatterbot Quebec submitting transactions
chatterbot Hotel submitting transactions
chatterbot Bravo submitting transactions
chatterbot Echo submitting transactions
chatterbot Mike submitting transactions
ChatterBot Hotel round 7
ChatterBot Mike round 7
ChatterBot Echo round 7
ChatterBot Quebec round 7
ChatterBot Lima round 7
ChatterBot Kilo round 7
ChatterBot Juliett round 7
ChatterBot November round 7
ChatterBot Foxtrot round 7
ChatterBot Bravo round 7
2024-10-14 17:35:28.730672 Hotel: Mike and Juliett, sending you 4
2024-10-14 17:35:28.731668 Echo: Quebec and Foxtrot, sending you 4
2024-10-14 17:35:28.733683 Hotel: Lima, sending you 3
2024-10-14 17:35:28.735687 Echo: November, sending you 5
2024-10-14 17:35:28.737685 Mike: Hotel and Kilo, sending you 3
2024-10-14 17:35:28.738136 Quebec: Echo and Bravo, sending you 3
2024-10-14 17:35:28.738669 Hotel: Kilo, sending you 5
2024-10-14 17:35:28.739292 Bravo: Echo, sending you 3
2024-10-14 17:35:28.740667 Echo: Bravo, sending you 2
2024-10-14 17:35:28.742662 Mike: Lima and Juliett, sending you 2
2024-10-14 17:35:28.743342 Quebec: November, sending you 2
2024-10-14 17:35:28.743881 Bravo: Quebec and Foxtrot, sending you 4
2024-10-14 17:35:28.744685 Kilo: Hotel, Mike and Lima, sending you 4
2024-10-14 17:35:28.746659 Quebec: Foxtrot, sending you 5
2024-10-14 17:35:28.747686 Foxtrot: Echo, sending you 4
2024-10-14 17:35:28.748208 Kilo: Juliett, sending you 3
2024-10-14 17:35:28.749708 Lima: Hotel and Kilo, sending you 3
2024-10-14 17:35:28.751683 Foxtrot: Quebec, sending you 5
2024-10-14 17:35:28.754677 Juliett: Hotel, Mike and Kilo, sending you 3
2024-10-14 17:35:28.755418 Lima: Mike and Juliett, sending you 2
2024-10-14 17:35:28.756066 Foxtrot: November, sending you 6
2024-10-14 17:35:28.756820 November: Echo and Foxtrot, sending you 4
2024-10-14 17:35:28.759655 Juliett: Lima, sending you 2
2024-10-14 17:35:28.760116 Foxtrot: Bravo, sending you 3
2024-10-14 17:35:28.761684 November: Quebec, sending you 2
chatterbot Mike submitting transactions
chatterbot Kilo submitting transactions
chatterbot Lima submitting transactions
chatterbot Juliett submitting transactions
chatterbot Bravo submitting transactions
chatterbot Echo submitting transactions
chatterbot Foxtrot submitting transactions
chatterbot November submitting transactions
chatterbot Hotel submitting transactions
chatterbot Quebec submitting transactions
ChatterBot Hotel round 8
ChatterBot Mike round 8
ChatterBot Echo round 8
ChatterBot Quebec round 8
ChatterBot Lima round 8
ChatterBot Kilo round 8
ChatterBot Juliett round 8
ChatterBot November round 8
ChatterBot Foxtrot round 8
ChatterBot Bravo round 8
2024-10-14 17:35:29.748694 Echo: Quebec and Foxtrot, sending you 4
2024-10-14 17:35:29.750666 Hotel: Mike and Juliett, sending you 4
2024-10-14 17:35:29.751910 Kilo: Hotel, Mike and Lima, sending you 4
2024-10-14 17:35:29.753681 Echo: November, sending you 5
2024-10-14 17:35:29.754687 Hotel: Lima, sending you 3
2024-10-14 17:35:29.756081 Kilo: Juliett, sending you 3
2024-10-14 17:35:29.756877 Bravo: Echo, sending you 3
2024-10-14 17:35:29.757683 November: Echo and Foxtrot, sending you 4
2024-10-14 17:35:29.758295 Foxtrot: Echo, sending you 4
2024-10-14 17:35:29.758854 Echo: Bravo, sending you 2
2024-10-14 17:35:29.759460 Hotel: Kilo, sending you 5
2024-10-14 17:35:29.760211 Mike: Hotel and Kilo, sending you 3
2024-10-14 17:35:29.761410 Juliett: Hotel, Mike and Kilo, sending you 3
2024-10-14 17:35:29.761975 November: Quebec, sending you 2
2024-10-14 17:35:29.762337 Bravo: Quebec and Foxtrot, sending you 4
2024-10-14 17:35:29.762647 Foxtrot: Quebec, sending you 5
2024-10-14 17:35:29.763679 Lima: Hotel and Kilo, sending you 3
2024-10-14 17:35:29.764345 Quebec: Echo and Bravo, sending you 3
2024-10-14 17:35:29.765543 Juliett: Lima, sending you 2
2024-10-14 17:35:29.766073 Mike: Lima and Juliett, sending you 2
2024-10-14 17:35:29.766564 Foxtrot: November, sending you 6
2024-10-14 17:35:29.766977 Lima: Mike and Juliett, sending you 2
2024-10-14 17:35:29.768688 Quebec: November, sending you 2
2024-10-14 17:35:29.771670 Foxtrot: Bravo, sending you 3
2024-10-14 17:35:29.772404 Quebec: Foxtrot, sending you 5
chatterbot Kilo submitting transactions
chatterbot Echo submitting transactions
chatterbot November submitting transactions
chatterbot Lima submitting transactions
chatterbot Mike submitting transactions
chatterbot Quebec submitting transactions
chatterbot Bravo submitting transactions
chatterbot Juliett submitting transactions
chatterbot Foxtrot submitting transactions
chatterbot Hotel submitting transactions
ChatterBot Hotel round 9
ChatterBot Mike round 9
ChatterBot Echo round 9
ChatterBot Quebec round 9
ChatterBot Lima round 9
ChatterBot Kilo round 9
ChatterBot Juliett round 9
ChatterBot November round 9
ChatterBot Foxtrot round 9
ChatterBot Bravo round 9
2024-10-14 17:35:30.928686 Quebec: Echo and Bravo, sending you 3
2024-10-14 17:35:30.929307 Mike: Hotel and Kilo, sending you 3
2024-10-14 17:35:30.931704 Hotel: Sending you each 4
2024-10-14 17:35:30.932717 Quebec: November, sending you 2
2024-10-14 17:35:30.933674 Mike: Lima and Juliett, sending you 2
2024-10-14 17:35:30.937647 Quebec: Foxtrot, sending you 5
2024-10-14 17:35:30.942701 Lima: Hotel and Kilo, sending you 3
2024-10-14 17:35:30.943684 November: Echo and Foxtrot, sending you 4
2024-10-14 17:35:30.945654 Juliett: Hotel, Mike and Kilo, sending you 3
2024-10-14 17:35:30.946270 Kilo: Hotel, Mike and Lima, sending you 4
2024-10-14 17:35:30.947314 Bravo: Echo, sending you 3
2024-10-14 17:35:30.947637 Echo: Quebec and Foxtrot, sending you 4
2024-10-14 17:35:30.948655 Lima: Mike and Juliett, sending you 2
2024-10-14 17:35:30.949182 November: Quebec, sending you 2
2024-10-14 17:35:30.949485 Juliett: Lima, sending you 2
2024-10-14 17:35:30.949996 Foxtrot: Echo, sending you 4
2024-10-14 17:35:30.951646 Kilo: Juliett, sending you 3
2024-10-14 17:35:30.952145 Bravo: Quebec and Foxtrot, sending you 4
2024-10-14 17:35:30.953219 Echo: November, sending you 5
2024-10-14 17:35:30.954654 Foxtrot: Quebec, sending you 5
2024-10-14 17:35:30.958651 Echo: Bravo, sending you 2
2024-10-14 17:35:30.959099 Foxtrot: November, sending you 6
2024-10-14 17:35:30.961670 Foxtrot: Bravo, sending you 3
chatterbot Hotel submitting transactions
chatterbot Quebec submitting transactions
chatterbot Mike submitting transactions
chatterbot November submitting transactions
chatterbot Kilo submitting transactions
chatterbot Bravo submitting transactions
chatterbot Juliett submitting transactions
chatterbot Lima submitting transactions
chatterbot Echo submitting transactions
chatterbot Foxtrot submitting transactions
ChatterBot Hotel round 10
ChatterBot Mike round 10
ChatterBot Echo round 10
ChatterBot Quebec round 10
ChatterBot Lima round 10
ChatterBot Kilo round 10
ChatterBot Juliett round 10
ChatterBot November round 10
ChatterBot Foxtrot round 10
ChatterBot Bravo round 10
2024-10-14 17:35:32.164668 Echo: Quebec and Foxtrot, sending you 4
2024-10-14 17:35:32.167680 Echo: November, sending you 5
2024-10-14 17:35:32.170673 Mike: Hotel and Kilo, sending you 3
2024-10-14 17:35:32.171390 Echo: Bravo, sending you 2
2024-10-14 17:35:32.173684 Mike: Lima and Juliett, sending you 2
2024-10-14 17:35:32.174669 Hotel: Same as last round
2024-10-14 17:35:32.175258 Kilo: Hotel, Mike and Lima, sending you 4
2024-10-14 17:35:32.176653 Bravo: Echo, sending you 3
2024-10-14 17:35:32.179671 Juliett: Hotel, Mike and Kilo, sending you 3
2024-10-14 17:35:32.180606 Lima: Hotel and Kilo, sending you 3
2024-10-14 17:35:32.181209 Bravo: Quebec and Foxtrot, sending you 4
2024-10-14 17:35:32.181547 Kilo: Juliett, sending you 3
2024-10-14 17:35:32.182057 Quebec: Echo and Bravo, sending you 3
2024-10-14 17:35:32.183651 Juliett: Lima, sending you 2
2024-10-14 17:35:32.184680 Lima: Mike and Juliett, sending you 2
2024-10-14 17:35:32.185312 Foxtrot: Echo, sending you 4
2024-10-14 17:35:32.186670 Quebec: November, sending you 2
2024-10-14 17:35:32.189678 November: Echo and Foxtrot, sending you 4
2024-10-14 17:35:32.190949 Foxtrot: Quebec, sending you 6
2024-10-14 17:35:32.191468 Quebec: Foxtrot, sending you 5
2024-10-14 17:35:32.193653 November: Quebec, sending you 2
2024-10-14 17:35:32.195669 Foxtrot: November, sending you 5
2024-10-14 17:35:32.199660 Foxtrot: Bravo, sending you 3
chatterbot Hotel submitting transactions
chatterbot November submitting transactions
chatterbot Lima submitting transactions
chatterbot Bravo submitting transactions
chatterbot Echo submitting transactions
chatterbot Mike submitting transactions
chatterbot Juliett submitting transactions
chatterbot Kilo submitting transactions
chatterbot Foxtrot submitting transactions
chatterbot Quebec submitting transactions
ChatterBot Hotel round 11
ChatterBot Mike round 11
ChatterBot Echo round 11
ChatterBot Quebec round 11
ChatterBot Lima round 11
ChatterBot Kilo round 11
ChatterBot Juliett round 11
ChatterBot November round 11
ChatterBot Foxtrot round 11
ChatterBot Bravo round 11
2024-10-14 17:35:33.440366 Mike: Hotel and Kilo, sending you 3
2024-10-14 17:35:33.441671 Lima: Hotel and Kilo, sending you 3
2024-10-14 17:35:33.443675 Mike: Lima and Juliett, sending you 2
2024-10-14 17:35:33.446677 Lima: Mike and Juliett, sending you 2
2024-10-14 17:35:33.447551 Hotel: Same as last round
2024-10-14 17:35:33.448185 Foxtrot: Echo, sending you 4
2024-10-14 17:35:33.450650 Juliett: Hotel, Mike and Kilo, sending you 3
2024-10-14 17:35:33.453673 Foxtrot: Quebec, sending you 6
2024-10-14 17:35:33.454761 November: Echo and Foxtrot, sending you 4
2024-10-14 17:35:33.455652 Juliett: Lima, sending you 2
2024-10-14 17:35:33.456657 Echo: Quebec and Foxtrot, sending you 4
2024-10-14 17:35:33.457113 Kilo: Hotel, Mike and Lima, sending you 4
2024-10-14 17:35:33.457765 Quebec: Echo and Bravo, sending you 3
2024-10-14 17:35:33.458227 November: Quebec, sending you 2
2024-10-14 17:35:33.459656 Foxtrot: November, sending you 5
2024-10-14 17:35:33.460391 Echo: November, sending you 5
2024-10-14 17:35:33.461666 Quebec: November, sending you 2
2024-10-14 17:35:33.462201 Bravo: Echo, sending you 3
2024-10-14 17:35:33.462677 Kilo: Juliett, sending you 3
2024-10-14 17:35:33.463700 Foxtrot: Bravo, sending you 3
2024-10-14 17:35:33.464258 Echo: Bravo, sending you 2
2024-10-14 17:35:33.466680 Quebec: Foxtrot, sending you 5
2024-10-14 17:35:33.467212 Bravo: Quebec and Foxtrot, sending you 4
chatterbot Juliett submitting transactions
chatterbot Lima submitting transactions
chatterbot Kilo submitting transactions
chatterbot Hotel submitting transactions
chatterbot Quebec submitting transactions
chatterbot Bravo submitting transactions
chatterbot Echo submitting transactions
chatterbot Foxtrot submitting transactions
chatterbot November submitting transactions
chatterbot Mike submitting transactions
ChatterBot Hotel round 12
ChatterBot Mike round 12
ChatterBot Echo round 12
ChatterBot Quebec round 12
ChatterBot Lima round 12
ChatterBot Kilo round 12
ChatterBot Juliett round 12
ChatterBot November round 12
ChatterBot Foxtrot round 12
ChatterBot Bravo round 12
2024-10-14 17:35:34.718667 Mike: Hotel and Kilo, sending you 3
2024-10-14 17:35:34.721676 Mike: Lima and Juliett, sending you 2
2024-10-14 17:35:34.724662 Kilo: Hotel, Mike and Lima, sending you 4
2024-10-14 17:35:34.729128 Kilo: Juliett, sending you 3
2024-10-14 17:35:34.729855 Hotel: Same as last round
2024-10-14 17:35:34.732667 Juliett: Hotel, Mike and Kilo, sending you 3
2024-10-14 17:35:34.733688 Echo: Quebec, November and Foxtrot, sending you 4
2024-10-14 17:35:34.735284 Lima: Hotel and Kilo, sending you 3
2024-10-14 17:35:34.736697 Foxtrot: Echo, sending you 4
2024-10-14 17:35:34.737611 Juliett: Lima, sending you 2
2024-10-14 17:35:34.738995 Quebec: Echo and Bravo, sending you 3
2024-10-14 17:35:34.739805 November: Echo and Foxtrot, sending you 4
2024-10-14 17:35:34.740126 Echo: Bravo, sending you 3
2024-10-14 17:35:34.740964 Bravo: Echo, sending you 3
2024-10-14 17:35:34.741491 Foxtrot: Quebec, sending you 6
2024-10-14 17:35:34.742582 Lima: Mike and Juliett, sending you 2
2024-10-14 17:35:34.743427 November: Quebec, sending you 2
2024-10-14 17:35:34.744690 Quebec: November, sending you 2
2024-10-14 17:35:34.746016 Bravo: Quebec and Foxtrot, sending you 4
2024-10-14 17:35:34.746724 Foxtrot: November, sending you 5
2024-10-14 17:35:34.750001 Quebec: Foxtrot, sending you 5
2024-10-14 17:35:34.751705 Foxtrot: Bravo, sending you 3
chatterbot Echo submitting transactions
chatterbot Bravo submitting transactions
chatterbot Juliett submitting transactions
chatterbot Foxtrot submitting transactions
chatterbot November submitting transactions
chatterbot Quebec submitting transactions
chatterbot Kilo submitting transactions
chatterbot Hotel submitting transactions
chatterbot Mike submitting transactions
chatterbot Lima submitting transactions
ChatterBot Hotel round 13
ChatterBot Mike round 13
ChatterBot Echo round 13
ChatterBot Quebec round 13
ChatterBot Lima round 13
ChatterBot Kilo round 13
ChatterBot Juliett round 13
ChatterBot November round 13
ChatterBot Foxtrot round 13
ChatterBot Bravo round 13
2024-10-14 17:35:35.863660 November: Echo and Foxtrot, sending you 4
2024-10-14 17:35:35.866682 Mike: Hotel and Kilo, sending you 3
2024-10-14 17:35:35.867661 Kilo: Hotel, Mike and Lima, sending you 4
2024-10-14 17:35:35.868855 November: Quebec, sending you 2
2024-10-14 17:35:35.869718 Echo: Quebec, November and Foxtrot, sending you 4
2024-10-14 17:35:35.871632 Mike: Lima and Juliett, sending you 2
2024-10-14 17:35:35.872621 Kilo: Juliett, sending you 3
2024-10-14 17:35:35.873677 Bravo: Echo, sending you 3
2024-10-14 17:35:35.875677 Echo: Bravo, sending you 3
2024-10-14 17:35:35.876676 Quebec: Echo and Bravo, sending you 3
2024-10-14 17:35:35.877231 Hotel: Same as last round
2024-10-14 17:35:35.878284 Juliett: Hotel, Mike and Kilo, sending you 3
2024-10-14 17:35:35.879109 Bravo: Quebec and Foxtrot, sending you 4
2024-10-14 17:35:35.879641 Lima: Hotel and Kilo, sending you 3
2024-10-14 17:35:35.880660 Foxtrot: Echo, sending you 4
2024-10-14 17:35:35.881750 Quebec: November, sending you 2
2024-10-14 17:35:35.882220 Juliett: Lima, sending you 2
2024-10-14 17:35:35.884809 Lima: Mike and Juliett, sending you 2
2024-10-14 17:35:35.886677 Foxtrot: Quebec, sending you 6
2024-10-14 17:35:35.888157 Quebec: Foxtrot, sending you 5
2024-10-14 17:35:35.892685 Foxtrot: November, sending you 5
2024-10-14 17:35:35.898683 Foxtrot: Bravo, sending you 3
chatterbot November submitting transactions
chatterbot Lima submitting transactions
chatterbot Echo submitting transactions
chatterbot Hotel submitting transactions
chatterbot Foxtrot submitting transactions
chatterbot Kilo submitting transactions
chatterbot Mike submitting transactions
chatterbot Juliett submitting transactions
chatterbot Quebec submitting transactions
chatterbot Bravo submitting transactions
ChatterBot Hotel round 14
ChatterBot Mike round 14
ChatterBot Echo round 14
ChatterBot Quebec round 14
ChatterBot Lima round 14
ChatterBot Kilo round 14
ChatterBot Juliett round 14
ChatterBot November round 14
ChatterBot Foxtrot round 14
ChatterBot Bravo round 14
2024-10-14 17:35:37.157674 Juliett: Hotel, Mike and Kilo, sending you 3
2024-10-14 17:35:37.158699 Hotel: Same as last round
2024-10-14 17:35:37.159967 Lima: Hotel and Kilo, sending you 3
2024-10-14 17:35:37.160771 Quebec: Echo and Bravo, sending you 3
2024-10-14 17:35:37.161703 Juliett: Lima, sending you 2
2024-10-14 17:35:37.162857 Mike: Hotel and Kilo, sending you 3
2024-10-14 17:35:37.164806 Lima: Mike and Juliett, sending you 2
2024-10-14 17:35:37.166653 Quebec: November, sending you 2
2024-10-14 17:35:37.167936 Mike: Lima and Juliett, sending you 2
2024-10-14 17:35:37.170679 Quebec: Foxtrot, sending you 5
2024-10-14 17:35:37.171833 Echo: Quebec, November and Foxtrot, sending you 4
2024-10-14 17:35:37.173687 Foxtrot: Echo, sending you 4
2024-10-14 17:35:37.174803 Echo: Bravo, sending you 3
2024-10-14 17:35:37.175664 Kilo: Hotel, Mike and Lima, sending you 4
2024-10-14 17:35:37.177683 Foxtrot: Quebec, sending you 6
2024-10-14 17:35:37.178702 Kilo: Juliett, sending you 3
2024-10-14 17:35:37.179687 November: Echo and Foxtrot, sending you 4
2024-10-14 17:35:37.181673 Bravo: Echo, sending you 3
2024-10-14 17:35:37.182666 Foxtrot: November, sending you 5
2024-10-14 17:35:37.184658 November: Quebec, sending you 2
2024-10-14 17:35:37.185943 Bravo: Quebec and Foxtrot, sending you 4
2024-10-14 17:35:37.187675 Foxtrot: Bravo, sending you 3
chatterbot Quebec submitting transactions
chatterbot Juliett submitting transactions
chatterbot Bravo submitting transactions
chatterbot Mike submitting transactions
chatterbot Lima submitting transactions
chatterbot Kilo submitting transactions
chatterbot Foxtrot submitting transactions
chatterbot Echo submitting transactions
chatterbot November submitting transactions
chatterbot Hotel submitting transactions
ChatterBot Hotel round 15
ChatterBot Mike round 15
ChatterBot Echo round 15
ChatterBot Quebec round 15
ChatterBot Lima round 15
ChatterBot Kilo round 15
ChatterBot Juliett round 15
ChatterBot November round 15
ChatterBot Foxtrot round 15
ChatterBot Bravo round 15
2024-10-14 17:35:38.273685 Echo: Quebec, November and Foxtrot, sending you 4
2024-10-14 17:35:38.274900 Hotel: Same as last round
2024-10-14 17:35:38.277749 Quebec: Echo and Bravo, sending you 3
2024-10-14 17:35:38.278792 Kilo: Hotel, Mike and Lima, sending you 4
2024-10-14 17:35:38.281009 Echo: Bravo, sending you 3
2024-10-14 17:35:38.282035 Foxtrot: Echo, sending you 4
2024-10-14 17:35:38.284112 Quebec: November, sending you 2
2024-10-14 17:35:38.285286 November: Echo and Foxtrot, sending you 4
2024-10-14 17:35:38.286652 Kilo: Juliett, sending you 3
2024-10-14 17:35:38.287732 Mike: Hotel and Kilo, sending you 3
2024-10-14 17:35:38.289755 Lima: Hotel and Kilo, sending you 3
2024-10-14 17:35:38.291107 Juliett: Hotel, Mike and Kilo, sending you 3
2024-10-14 17:35:38.292812 Foxtrot: Quebec, sending you 6
2024-10-14 17:35:38.294632 Quebec: Foxtrot, sending you 5
2024-10-14 17:35:38.296244 November: Quebec, sending you 2
2024-10-14 17:35:38.298062 Bravo: Echo, sending you 3
2024-10-14 17:35:38.299280 Mike: Lima and Juliett, sending you 2
2024-10-14 17:35:38.301434 Lima: Mike and Juliett, sending you 2
2024-10-14 17:35:38.303143 Juliett: Lima, sending you 2
2024-10-14 17:35:38.305715 Foxtrot: November, sending you 5
