ChatterBot Whiskey round 1
ChatterBot Hotel round 1
ChatterBot Golf round 1
ChatterBot Juliett round 1
ChatterBot Alpha round 1
ChatterBot Delta round 1
ChatterBot Mike round 1
ChatterBot Uniform round 1
ChatterBot Papa round 1
ChatterBot Tango round 1
randomSelections Hotel: {Hotel, Mike, Tango, Alpha, Uniform} 
2024-10-14 17:35:18.905645 Hotel: Friends?
ChatterBot Mike reevaluating
ChatterBot Tango reevaluating
ChatterBot Alpha reevaluating
ChatterBot Uniform reevaluating
2024-10-14 17:35:18.999722 Mike: Yes
2024-10-14 17:35:19.000042 Tango: Yes
2024-10-14 17:35:19.000359 Alpha: Yes
2024-10-14 17:35:19.001606 Uniform: Yes
ChatterBot Tango reevaluating
ChatterBot Alpha reevaluating
ChatterBot Uniform reevaluating
ChatterBot Mike reevaluating
ChatterBot Alpha reevaluating
ChatterBot Uniform reevaluating
ChatterBot Mike reevaluating
ChatterBot Tango reevaluating
ChatterBot Uniform reevaluating
ChatterBot Mike reevaluating
ChatterBot Tango reevaluating
ChatterBot Alpha reevaluating
randomSelections Delta: {Delta, Uniform, Mike, Golf, Juliett, Hotel, Papa} 
2024-10-14 17:35:19.084165 Delta: We should group up
ChatterBot Uniform reevaluating
ChatterBot Mike reevaluating
ChatterBot Golf reevaluating
ChatterBot Juliett reevaluating
ChatterBot Papa reevaluating
2024-10-14 17:35:19.109707 Uniform: No
2024-10-14 17:35:19.110247 Mike: No
2024-10-14 17:35:19.110644 Golf: Yes
2024-10-14 17:35:19.111408 Juliett: Yes
2024-10-14 17:35:19.111653 Hotel: No
2024-10-14 17:35:19.111977 Papa: Yes
ChatterBot Mike reevaluating
ChatterBot Golf reevaluating
ChatterBot Juliett reevaluating
ChatterBot Papa reevaluating
ChatterBot Uniform reevaluating
ChatterBot Golf reevaluating
ChatterBot Juliett reevaluating
ChatterBot Papa reevaluating
ChatterBot Uniform reevaluating
ChatterBot Mike reevaluating
ChatterBot Juliett reevaluating
ChatterBot Papa reevaluating
ChatterBot Uniform reevaluating
ChatterBot Mike reevaluating
ChatterBot Golf reevaluating
ChatterBot Papa reevaluating
ChatterBot Uniform reevaluating
ChatterBot Mike reevaluating
ChatterBot Golf reevaluating
ChatterBot Juliett reevaluating
ChatterBot Papa reevaluating
ChatterBot Uniform reevaluating
ChatterBot Mike reevaluating
ChatterBot Golf reevaluating
ChatterBot Juliett reevaluating
randomSelections Whiskey: {Whiskey, Mike, Juliett, Golf, Delta, Tango, Papa} 
2024-10-14 17:35:19.216868 Whiskey: Friends?
ChatterBot Mike reevaluating
ChatterBot Juliett reevaluating
ChatterBot Golf reevaluating
ChatterBot Tango reevaluating
ChatterBot Papa reevaluating
2024-10-14 17:35:19.231126 Mike: No
2024-10-14 17:35:19.233060 Juliett: No
2024-10-14 17:35:19.233283 Golf: No
2024-10-14 17:35:19.233533 Delta: No
2024-10-14 17:35:19.233813 Tango: No
2024-10-14 17:35:19.234042 Papa: No
ChatterBot Juliett reevaluating
ChatterBot Golf reevaluating
ChatterBot Tango reevaluating
ChatterBot Papa reevaluating
ChatterBot Mike reevaluating
ChatterBot Golf reevaluating
ChatterBot Tango reevaluating
ChatterBot Papa reevaluating
ChatterBot Mike reevaluating
ChatterBot Juliett reevaluating
ChatterBot Tango reevaluating
ChatterBot Papa reevaluating
ChatterBot Mike reevaluating
ChatterBot Juliett reevaluating
ChatterBot Golf reevaluating
ChatterBot Tango reevaluating
ChatterBot Papa reevaluating
ChatterBot Mike reevaluating
ChatterBot Juliett reevaluating
ChatterBot Golf reevaluating
ChatterBot Papa reevaluating
ChatterBot Mike reevaluating
ChatterBot Juliett reevaluating
ChatterBot Golf reevaluating
ChatterBot Tango reevaluating
2024-10-14 17:35:19.384007 Hotel: Alpha, sending you 1
2024-10-14 17:35:19.385764 Juliett: Hotel, sending you 1
2024-10-14 17:35:19.388349 Whiskey: Golf and Papa, sending you 1
2024-10-14 17:35:19.389972 Delta: Hotel, sending you 2
2024-10-14 17:35:19.391924 Papa: Hotel and Juliett, sending you 1
2024-10-14 17:35:19.392565 Tango: Hotel and Mike, sending you 4
2024-10-14 17:35:19.394144 Hotel: Mike, sending you 4
2024-10-14 17:35:19.395882 Juliett: Golf and Delta, sending you 2
2024-10-14 17:35:19.396800 Whiskey: Juliett, sending you 4
2024-10-14 17:35:19.398320 Mike: Hotel, sending you 2
2024-10-14 17:35:19.399011 Alpha: Hotel, sending you 6
2024-10-14 17:35:19.399655 Delta: Golf and Mike, sending you 3
2024-10-14 17:35:19.401173 Papa: Golf and Uniform, sending you 2
2024-10-14 17:35:19.402601 Tango: Alpha, sending you 3
2024-10-14 17:35:19.403298 Hotel: Uniform and Tango, sending you 3
2024-10-14 17:35:19.404754 Golf: Hotel and Uniform, sending you 2
2024-10-14 17:35:19.405638 Juliett: Uniform and Papa, sending you 3
2024-10-14 17:35:19.407380 Uniform: Hotel, sending you 6
2024-10-14 17:35:19.408120 Mike: Alpha, sending you 4
2024-10-14 17:35:19.409752 Whiskey: Delta, sending you 2
2024-10-14 17:35:19.410569 Alpha: Mike, Uniform and Tango, sending you 3
2024-10-14 17:35:19.412444 Delta: Uniform, sending you 1
2024-10-14 17:35:19.413951 Papa: Delta, sending you 5
2024-10-14 17:35:19.414946 Tango: Uniform, sending you 6
2024-10-14 17:35:19.416907 Golf: Juliett, sending you 5
2024-10-14 17:35:19.418050 Uniform: Alpha, sending you 1
2024-10-14 17:35:19.419560 Whiskey: Mike, sending you 5
2024-10-14 17:35:19.420353 Mike: Uniform, sending you 3
2024-10-14 17:35:19.422332 Delta: Papa, sending you 6
2024-10-14 17:35:19.424550 Papa: Mike, sending you 3
2024-10-14 17:35:19.425581 Golf: Delta and Mike, sending you 4
2024-10-14 17:35:19.427542 Uniform: Mike, sending you 3
2024-10-14 17:35:19.428226 Whiskey: Tango, sending you 3
2024-10-14 17:35:19.429566 Mike: Tango, sending you 7
2024-10-14 17:35:19.431569 Golf: Papa, sending you 1
2024-10-14 17:35:19.434755 Uniform: Tango, sending you 5
chatterbot Hotel submitting transactions
chatterbot Papa submitting transactions
chatterbot Juliett submitting transactions
chatterbot Tango submitting transactions
chatterbot Alpha submitting transactions
chatterbot Golf submitting transactions
chatterbot Uniform submitting transactions
chatterbot Whiskey submitting transactions
chatterbot Delta submitting transactions
chatterbot Mike submitting transactions
ChatterBot Whiskey round 2
ChatterBot Hotel round 2
ChatterBot Golf round 2
ChatterBot Juliett round 2
ChatterBot Alpha round 2
2024-10-14 17:35:22.449418 Juliett: Group up?
ChatterBot Whiskey reevaluating
ChatterBot Golf reevaluating
ChatterBot Delta reevaluating
ChatterBot Papa reevaluating
2024-10-14 17:35:22.482802 Whiskey: Yes
2024-10-14 17:35:22.482971 Golf: Yes
2024-10-14 17:35:22.483135 Delta: No
2024-10-14 17:35:22.483737 Papa: No
ChatterBot Golf reevaluating
ChatterBot Delta reevaluating
ChatterBot Papa reevaluating
ChatterBot Whiskey reevaluating
ChatterBot Delta reevaluating
ChatterBot Papa reevaluating
ChatterBot Whiskey reevaluating
ChatterBot Golf reevaluating
ChatterBot Papa reevaluating
ChatterBot Whiskey reevaluating
ChatterBot Golf reevaluating
ChatterBot Delta reevaluating
2024-10-14 17:35:22.602521 Golf: Group up?
ChatterBot Delta reevaluating
ChatterBot Papa reevaluating
ChatterBot Whiskey reevaluating
2024-10-14 17:35:22.631966 Juliett: Yes
2024-10-14 17:35:22.632126 Delta: No
2024-10-14 17:35:22.632262 Papa: No
2024-10-14 17:35:22.632414 Whiskey: Yes
ChatterBot Whiskey reevaluating
ChatterBot Golf reevaluating
ChatterBot Delta reevaluating
ChatterBot Papa reevaluating
ChatterBot Whiskey reevaluating
ChatterBot Golf reevaluating
ChatterBot Papa reevaluating
ChatterBot Whiskey reevaluating
ChatterBot Golf reevaluating
ChatterBot Delta reevaluating
ChatterBot Golf reevaluating
ChatterBot Delta reevaluating
ChatterBot Papa reevaluating
ChatterBot Delta round 2
ChatterBot Mike round 2
ChatterBot Uniform round 2
ChatterBot Papa round 2
ChatterBot Tango round 2
2024-10-14 17:35:22.854481 Delta: Let's form a team
ChatterBot Whiskey reevaluating
ChatterBot Papa reevaluating
2024-10-14 17:35:22.869340 Juliett: Yes
2024-10-14 17:35:22.869744 Whiskey: Yes
2024-10-14 17:35:22.870224 Golf: Yes
2024-10-14 17:35:22.870546 Papa: Yes
ChatterBot Whiskey reevaluating
ChatterBot Papa reevaluating
ChatterBot Papa reevaluating
ChatterBot Whiskey reevaluating
ChatterBot Papa reevaluating
ChatterBot Whiskey reevaluating
2024-10-14 17:35:22.937009 Tango: We should add Whiskey
ChatterBot Mike reevaluating
2024-10-14 17:35:22.946829 Hotel: No
2024-10-14 17:35:22.946992 Mike: Yes
2024-10-14 17:35:22.947099 Alpha: No
2024-10-14 17:35:22.947542 Uniform: No
ChatterBot Mike reevaluating
ChatterBot Mike reevaluating
ChatterBot Mike reevaluating
chatterbot Juliett submitting transactions
2024-10-14 17:35:22.989228 Whiskey: We should drop Mike and Tango
2024-10-14 17:35:22.999216 Juliett: Yes
2024-10-14 17:35:22.999807 Golf: Yes
2024-10-14 17:35:22.999918 Delta: Yes
2024-10-14 17:35:23.000035 Papa: Yes
2024-10-14 17:35:23.037544 Tango: Whiskey we want you to join our group
2024-10-14 17:35:23.039935 Whiskey: No
ChatterBot Mike reevaluating
2024-10-14 17:35:23.051031 Hotel: Alpha and Uniform, sending you 4
2024-10-14 17:35:23.051288 Juliett: Whiskey, sending you 3
2024-10-14 17:35:23.053670 Golf: Whiskey, sending you 3
2024-10-14 17:35:23.054198 Delta: Whiskey and Juliett, sending you 3
2024-10-14 17:35:23.054689 Hotel: Mike, sending you 1
2024-10-14 17:35:23.055003 Juliett: Golf, sending you 4
2024-10-14 17:35:23.055250 Uniform: Hotel, Alpha and Tango, sending you 4
2024-10-14 17:35:23.055704 Alpha: Hotel and Uniform, sending you 3
2024-10-14 17:35:23.056673 Golf: Juliett, Delta and Papa, sending you 5
2024-10-14 17:35:23.058682 Delta: Golf, sending you 4
2024-10-14 17:35:23.059122 Juliett: Delta and Papa, sending you 2
2024-10-14 17:35:23.059432 Uniform: Mike, sending you 3
2024-10-14 17:35:23.059849 Hotel: Tango, sending you 2
2024-10-14 17:35:23.060666 Alpha: Mike, sending you 5
2024-10-14 17:35:23.061685 Papa: Whiskey and Golf, sending you 1
2024-10-14 17:35:23.063655 Delta: Papa, sending you 5
2024-10-14 17:35:23.064093 Alpha: Tango, sending you 4
2024-10-14 17:35:23.065684 Papa: Juliett, sending you 4
2024-10-14 17:35:23.068666 Tango: Whiskey, Hotel and Alpha, sending you 3
2024-10-14 17:35:23.069340 Papa: Delta, sending you 8
2024-10-14 17:35:23.070680 Mike: Hotel and Tango, sending you 5
2024-10-14 17:35:23.071685 Tango: Mike and Uniform, sending you 4
2024-10-14 17:35:23.074865 Whiskey: Sending you each 4
2024-10-14 17:35:23.075676 Mike: Alpha and Uniform, sending you 4
chatterbot Mike submitting transactions
chatterbot Delta submitting transactions
chatterbot Hotel submitting transactions
chatterbot Tango submitting transactions
chatterbot Uniform submitting transactions
chatterbot Alpha submitting transactions
chatterbot Golf submitting transactions
chatterbot Papa submitting transactions
chatterbot Whiskey submitting transactions
ChatterBot Whiskey round 3
ChatterBot Hotel round 3
ChatterBot Golf round 3
ChatterBot Juliett round 3
ChatterBot Alpha round 3
ChatterBot Delta round 3
ChatterBot Mike round 3
ChatterBot Uniform round 3
ChatterBot Papa round 3
ChatterBot Tango round 3
2024-10-14 17:35:24.165815 Tango: We should drop Whiskey
2024-10-14 17:35:24.174153 Hotel: Yes
2024-10-14 17:35:24.174344 Mike: Yes
2024-10-14 17:35:24.174495 Alpha: Yes
2024-10-14 17:35:24.174626 Uniform: Yes
2024-10-14 17:35:24.206548 Mike: Hotel and Uniform, sending you 4
2024-10-14 17:35:24.209651 Delta: Whiskey and Juliett, sending you 3
2024-10-14 17:35:24.209957 Whiskey: Golf and Juliett, sending you 4
2024-10-14 17:35:24.210674 Golf: Whiskey and Papa, sending you 4
2024-10-14 17:35:24.211677 Mike: Alpha and Tango, sending you 5
2024-10-14 17:35:24.212196 Juliett: Whiskey, Golf and Papa, sending you 3
2024-10-14 17:35:24.213115 Alpha: Hotel, Mike and Tango, sending you 4
2024-10-14 17:35:24.213580 Hotel: Alpha, Mike and Uniform, sending you 3
2024-10-14 17:35:24.214100 Uniform: Hotel, Mike and Tango, sending you 4
2024-10-14 17:35:24.214495 Delta: Golf, sending you 4
2024-10-14 17:35:24.214846 Whiskey: Delta, sending you 5
2024-10-14 17:35:24.215180 Golf: Juliett and Delta, sending you 5
2024-10-14 17:35:24.215681 Juliett: Delta, sending you 2
2024-10-14 17:35:24.216682 Uniform: Alpha, sending you 3
2024-10-14 17:35:24.217692 Alpha: Uniform, sending you 3
2024-10-14 17:35:24.218508 Hotel: Tango, sending you 2
2024-10-14 17:35:24.218861 Whiskey: Papa, sending you 3
2024-10-14 17:35:24.219163 Tango: Hotel, Alpha and Uniform, sending you 4
2024-10-14 17:35:24.219674 Delta: Papa, sending you 5
2024-10-14 17:35:24.220682 Papa: Whiskey, sending you 2
2024-10-14 17:35:24.221694 Tango: Mike, sending you 5
2024-10-14 17:35:24.223676 Papa: Golf and Juliett, sending you 3
2024-10-14 17:35:24.227672 Papa: Delta, sending you 6
chatterbot Whiskey submitting transactions
chatterbot Juliett submitting transactions
chatterbot Papa submitting transactions
chatterbot Tango submitting transactions
chatterbot Alpha submitting transactions
chatterbot Mike submitting transactions
chatterbot Hotel submitting transactions
chatterbot Golf submitting transactions
chatterbot Uniform submitting transactions
chatterbot Delta submitting transactions
ChatterBot Whiskey round 4
ChatterBot Hotel round 4
ChatterBot Golf round 4
ChatterBot Juliett round 4
ChatterBot Alpha round 4
ChatterBot Delta round 4
ChatterBot Mike round 4
ChatterBot Uniform round 4
ChatterBot Papa round 4
ChatterBot Tango round 4
2024-10-14 17:35:25.406112 Whiskey: Golf, sending you 5
2024-10-14 17:35:25.409655 Golf: Whiskey and Papa, sending you 4
2024-10-14 17:35:25.410715 Whiskey: Juliett and Delta, sending you 4
2024-10-14 17:35:25.413655 Golf: Juliett and Delta, sending you 5
2024-10-14 17:35:25.415665 Whiskey: Papa, sending you 3
2024-10-14 17:35:25.416026 Hotel: Alpha, Mike and Uniform, sending you 3
2024-10-14 17:35:25.417667 Alpha: Hotel, Mike and Tango, sending you 4
2024-10-14 17:35:25.419032 Uniform: Hotel, Mike and Tango, sending you 4
2024-10-14 17:35:25.420643 Hotel: Tango, sending you 2
2024-10-14 17:35:25.421669 Papa: Whiskey, sending you 2
2024-10-14 17:35:25.422028 Alpha: Uniform, sending you 3
2024-10-14 17:35:25.422898 Delta: Whiskey and Juliett, sending you 3
2024-10-14 17:35:25.423233 Uniform: Alpha, sending you 3
2024-10-14 17:35:25.423569 Juliett: Whiskey, Golf and Papa, sending you 3
2024-10-14 17:35:25.425678 Papa: Golf and Juliett, sending you 3
2024-10-14 17:35:25.426216 Delta: Golf, sending you 4
2024-10-14 17:35:25.427693 Tango: Hotel, Alpha and Uniform, sending you 4
2024-10-14 17:35:25.428093 Juliett: Delta, sending you 2
2024-10-14 17:35:25.428663 Mike: Hotel and Uniform, sending you 4
2024-10-14 17:35:25.429007 Papa: Delta, sending you 6
2024-10-14 17:35:25.431665 Delta: Papa, sending you 5
2024-10-14 17:35:25.432658 Tango: Mike, sending you 5
2024-10-14 17:35:25.433657 Mike: Alpha and Tango, sending you 5
chatterbot Alpha submitting transactions
chatterbot Hotel submitting transactions
chatterbot Golf submitting transactions
chatterbot Delta submitting transactions
chatterbot Mike submitting transactions
chatterbot Uniform submitting transactions
chatterbot Juliett submitting transactions
chatterbot Tango submitting transactions
chatterbot Whiskey submitting transactions
chatterbot Papa submitting transactions
ChatterBot Whiskey round 5
ChatterBot Hotel round 5
ChatterBot Golf round 5
ChatterBot Juliett round 5
ChatterBot Alpha round 5
ChatterBot Delta round 5
ChatterBot Mike round 5
ChatterBot Uniform round 5
ChatterBot Papa round 5
ChatterBot Tango round 5
2024-10-14 17:35:26.550713 Whiskey: Golf, sending you 5
2024-10-14 17:35:26.552672 Hotel: Alpha, Mike and Uniform, sending you 3
2024-10-14 17:35:26.553691 Whiskey: Juliett and Delta, sending you 4
2024-10-14 17:35:26.555677 Golf: Whiskey, Juliett and Papa, sending you 4
2024-10-14 17:35:26.556770 Juliett: Whiskey, Golf and Papa, sending you 3
2024-10-14 17:35:26.557271 Hotel: Tango, sending you 2
2024-10-14 17:35:26.557715 Tango: Hotel, Alpha and Uniform, sending you 4
2024-10-14 17:35:26.558688 Whiskey: Papa, sending you 3
2024-10-14 17:35:26.559091 Golf: Delta, sending you 6
2024-10-14 17:35:26.559672 Uniform: Hotel, Mike and Tango, sending you 4
2024-10-14 17:35:26.560642 Alpha: Hotel, Mike and Tango, sending you 4
2024-10-14 17:35:26.561022 Juliett: Delta, sending you 2
2024-10-14 17:35:26.561691 Tango: Mike, sending you 5
2024-10-14 17:35:26.562660 Delta: Whiskey and Juliett, sending you 3
2024-10-14 17:35:26.564654 Uniform: Alpha, sending you 3
2024-10-14 17:35:26.565718 Alpha: Uniform, sending you 3
2024-10-14 17:35:26.567075 Papa: Whiskey, sending you 2
2024-10-14 17:35:26.567605 Mike: Hotel, Alpha and Uniform, sending you 4
2024-10-14 17:35:26.568061 Delta: Golf, sending you 4
2024-10-14 17:35:26.569972 Papa: Golf and Juliett, sending you 3
2024-10-14 17:35:26.571659 Delta: Papa, sending you 5
2024-10-14 17:35:26.573105 Mike: Tango, sending you 6
2024-10-14 17:35:26.573820 Papa: Delta, sending you 6
chatterbot Whiskey submitting transactions
chatterbot Hotel submitting transactions
chatterbot Juliett submitting transactions
chatterbot Mike submitting transactions
chatterbot Papa submitting transactions
chatterbot Golf submitting transactions
chatterbot Delta submitting transactions
chatterbot Alpha submitting transactions
chatterbot Uniform submitting transactions
chatterbot Tango submitting transactions
ChatterBot Whiskey round 6
ChatterBot Hotel round 6
ChatterBot Golf round 6
ChatterBot Juliett round 6
ChatterBot Alpha round 6
ChatterBot Delta round 6
ChatterBot Mike round 6
ChatterBot Uniform round 6
ChatterBot Papa round 6
ChatterBot Tango round 6
2024-10-14 17:35:27.795666 Papa: Whiskey, sending you 2
2024-10-14 17:35:27.796685 Delta: Whiskey and Juliett, sending you 3
2024-10-14 17:35:27.797676 Juliett: Whiskey, Golf and Papa, sending you 3
2024-10-14 17:35:27.799974 Papa: Golf and Juliett, sending you 3
2024-10-14 17:35:27.800635 Whiskey: Golf, sending you 5
2024-10-14 17:35:27.801708 Delta: Golf, sending you 4
2024-10-14 17:35:27.802711 Juliett: Delta, sending you 2
2024-10-14 17:35:27.803893 Uniform: Hotel, Mike and Tango, sending you 4
2024-10-14 17:35:27.804432 Golf: Whiskey and Delta, sending you 5
2024-10-14 17:35:27.804968 Papa: Delta, sending you 6
2024-10-14 17:35:27.805422 Whiskey: Juliett and Delta, sending you 4
2024-10-14 17:35:27.805905 Alpha: Hotel, Mike and Tango, sending you 4
2024-10-14 17:35:27.807262 Hotel: Alpha, Mike and Uniform, sending you 3
2024-10-14 17:35:27.807767 Delta: Papa, sending you 5
2024-10-14 17:35:27.808437 Uniform: Alpha, sending you 3
2024-10-14 17:35:27.808940 Mike: Hotel, Alpha and Uniform, sending you 4
2024-10-14 17:35:27.809530 Whiskey: Papa, sending you 3
2024-10-14 17:35:27.811080 Golf: Juliett and Papa, sending you 4
2024-10-14 17:35:27.811794 Alpha: Uniform, sending you 3
2024-10-14 17:35:27.812585 Hotel: Tango, sending you 2
2024-10-14 17:35:27.813370 Mike: Tango, sending you 6
2024-10-14 17:35:27.815454 Tango: Hotel, Alpha and Uniform, sending you 4
2024-10-14 17:35:27.820654 Tango: Mike, sending you 5
chatterbot Juliett submitting transactions
chatterbot Whiskey submitting transactions
chatterbot Alpha submitting transactions
chatterbot Mike submitting transactions
chatterbot Tango submitting transactions
chatterbot Uniform submitting transactions
chatterbot Golf submitting transactions
chatterbot Delta submitting transactions
chatterbot Papa submitting transactions
chatterbot Hotel submitting transactions
ChatterBot Whiskey round 7
ChatterBot Hotel round 7
ChatterBot Golf round 7
ChatterBot Juliett round 7
ChatterBot Alpha round 7
ChatterBot Delta round 7
ChatterBot Mike round 7
ChatterBot Uniform round 7
ChatterBot Papa round 7
ChatterBot Tango round 7
2024-10-14 17:35:29.128694 Hotel: Alpha, Mike and Uniform, sending you 3
2024-10-14 17:35:29.134250 Hotel: Tango, sending you 2
2024-10-14 17:35:29.137712 Tango: Hotel, Alpha and Uniform, sending you 4
2024-10-14 17:35:29.139543 Papa: Whiskey, sending you 2
2024-10-14 17:35:29.140324 Delta: Whiskey and Juliett, sending you 3
2024-10-14 17:35:29.142127 Whiskey: Golf, sending you 5
2024-10-14 17:35:29.143742 Tango: Mike, sending you 5
2024-10-14 17:35:29.145472 Papa: Golf and Juliett, sending you 3
2024-10-14 17:35:29.146262 Mike: Hotel, Alpha and Uniform, sending you 4
2024-10-14 17:35:29.146972 Delta: Golf, sending you 4
2024-10-14 17:35:29.148402 Alpha: Hotel, Mike and Tango, sending you 4
2024-10-14 17:35:29.149452 Uniform: Hotel, Mike and Tango, sending you 4
2024-10-14 17:35:29.151071 Whiskey: Juliett and Delta, sending you 4
2024-10-14 17:35:29.152080 Papa: Delta, sending you 6
2024-10-14 17:35:29.153580 Golf: Whiskey and Delta, sending you 5
2024-10-14 17:35:29.154248 Mike: Tango, sending you 6
2024-10-14 17:35:29.154900 Delta: Papa, sending you 5
2024-10-14 17:35:29.155935 Alpha: Uniform, sending you 3
2024-10-14 17:35:29.156488 Uniform: Alpha, sending you 3
2024-10-14 17:35:29.156985 Whiskey: Papa, sending you 3
2024-10-14 17:35:29.157483 Juliett: Whiskey, Golf and Papa, sending you 3
2024-10-14 17:35:29.158700 Golf: Juliett and Papa, sending you 4
2024-10-14 17:35:29.161684 Juliett: Delta, sending you 2
chatterbot Delta submitting transactions
chatterbot Mike submitting transactions
chatterbot Uniform submitting transactions
chatterbot Tango submitting transactions
chatterbot Whiskey submitting transactions
chatterbot Golf submitting transactions
chatterbot Juliett submitting transactions
chatterbot Alpha submitting transactions
chatterbot Papa submitting transactions
chatterbot Hotel submitting transactions
ChatterBot Whiskey round 8
ChatterBot Hotel round 8
ChatterBot Golf round 8
ChatterBot Juliett round 8
ChatterBot Alpha round 8
ChatterBot Delta round 8
ChatterBot Mike round 8
ChatterBot Uniform round 8
ChatterBot Papa round 8
ChatterBot Tango round 8
2024-10-14 17:35:30.272691 Juliett: Whiskey, Golf and Delta, sending you 3
2024-10-14 17:35:30.274690 Whiskey: Golf, sending you 5
2024-10-14 17:35:30.276658 Juliett: Papa, sending you 2
2024-10-14 17:35:30.279676 Whiskey: Juliett and Delta, sending you 4
2024-10-14 17:35:30.280352 Hotel: Alpha, Mike and Uniform, sending you 3
2024-10-14 17:35:30.282683 Mike: Hotel, Alpha and Uniform, sending you 4
2024-10-14 17:35:30.284656 Whiskey: Papa, sending you 3
2024-10-14 17:35:30.285355 Hotel: Tango, sending you 2
2024-10-14 17:35:30.285913 Tango: Hotel, Alpha and Uniform, sending you 4
2024-10-14 17:35:30.286704 Mike: Tango, sending you 6
2024-10-14 17:35:30.288661 Golf: Whiskey and Delta, sending you 5
2024-10-14 17:35:30.289690 Tango: Mike, sending you 5
2024-10-14 17:35:30.290159 Uniform: Hotel, Mike and Tango, sending you 4
2024-10-14 17:35:30.291678 Alpha: Hotel, Mike and Tango, sending you 4
2024-10-14 17:35:30.292183 Delta: Whiskey and Juliett, sending you 3
2024-10-14 17:35:30.293202 Golf: Juliett and Papa, sending you 4
2024-10-14 17:35:30.293698 Uniform: Alpha, sending you 3
2024-10-14 17:35:30.294139 Papa: Whiskey, sending you 2
2024-10-14 17:35:30.294667 Alpha: Uniform, sending you 3
2024-10-14 17:35:30.295673 Delta: Golf, sending you 4
2024-10-14 17:35:30.298710 Papa: Golf and Juliett, sending you 3
2024-10-14 17:35:30.300045 Delta: Papa, sending you 5
2024-10-14 17:35:30.303654 Papa: Delta, sending you 6
chatterbot Golf submitting transactions
chatterbot Uniform submitting transactions
chatterbot Papa submitting transactions
chatterbot Whiskey submitting transactions
chatterbot Mike submitting transactions
chatterbot Hotel submitting transactions
chatterbot Juliett submitting transactions
chatterbot Delta submitting transactions
chatterbot Alpha submitting transactions
chatterbot Tango submitting transactions
ChatterBot Whiskey round 9
ChatterBot Hotel round 9
ChatterBot Golf round 9
ChatterBot Juliett round 9
ChatterBot Alpha round 9
ChatterBot Delta round 9
ChatterBot Mike round 9
ChatterBot Uniform round 9
ChatterBot Papa round 9
ChatterBot Tango round 9
2024-10-14 17:35:31.393687 Golf: Whiskey and Delta, sending you 5
2024-10-14 17:35:31.395695 Mike: Hotel, Alpha and Uniform, sending you 4
2024-10-14 17:35:31.398669 Whiskey: Golf, sending you 5
2024-10-14 17:35:31.399274 Golf: Juliett and Papa, sending you 4
2024-10-14 17:35:31.401020 Mike: Tango, sending you 6
2024-10-14 17:35:31.401745 Juliett: Whiskey, Golf and Delta, sending you 3
2024-10-14 17:35:31.402420 Whiskey: Juliett and Delta, sending you 4
2024-10-14 17:35:31.405695 Alpha: Hotel, Mike and Tango, sending you 4
2024-10-14 17:35:31.406452 Juliett: Papa, sending you 2
2024-10-14 17:35:31.407664 Hotel: Alpha, Mike and Uniform, sending you 3
2024-10-14 17:35:31.408148 Uniform: Hotel, Mike and Tango, sending you 4
2024-10-14 17:35:31.408638 Whiskey: Papa, sending you 3
2024-10-14 17:35:31.409239 Delta: Whiskey and Juliett, sending you 3
2024-10-14 17:35:31.409711 Alpha: Uniform, sending you 3
2024-10-14 17:35:31.411688 Hotel: Tango, sending you 2
2024-10-14 17:35:31.412223 Uniform: Alpha, sending you 3
2024-10-14 17:35:31.412744 Delta: Golf, sending you 4
2024-10-14 17:35:31.413704 Papa: Whiskey, sending you 2
2024-10-14 17:35:31.414193 Tango: Hotel, Alpha and Uniform, sending you 4
2024-10-14 17:35:31.417659 Papa: Golf and Juliett, sending you 3
2024-10-14 17:35:31.418684 Delta: Papa, sending you 5
2024-10-14 17:35:31.419736 Tango: Mike, sending you 5
2024-10-14 17:35:31.420690 Papa: Delta, sending you 6
chatterbot Whiskey submitting transactions
chatterbot Papa submitting transactions
chatterbot Tango submitting transactions
chatterbot Mike submitting transactions
chatterbot Uniform submitting transactions
chatterbot Juliett submitting transactions
chatterbot Golf submitting transactions
chatterbot Alpha submitting transactions
chatterbot Hotel submitting transactions
chatterbot Delta submitting transactions
ChatterBot Whiskey round 10
ChatterBot Hotel round 10
ChatterBot Golf round 10
ChatterBot Juliett round 10
ChatterBot Alpha round 10
ChatterBot Delta round 10
ChatterBot Mike round 10
ChatterBot Uniform round 10
ChatterBot Papa round 10
ChatterBot Tango round 10
2024-10-14 17:35:32.641677 Alpha: Hotel, Mike and Tango, sending you 4
2024-10-14 17:35:32.647216 Alpha: Uniform, sending you 3
2024-10-14 17:35:32.650690 Golf: Whiskey and Delta, sending you 5
2024-10-14 17:35:32.652648 Papa: Whiskey, sending you 2
2024-10-14 17:35:32.654670 Hotel: Alpha, sending you 2
2024-10-14 17:35:32.655437 Golf: Juliett and Papa, sending you 4
2024-10-14 17:35:32.656241 Delta: Whiskey and Juliett, sending you 3
2024-10-14 17:35:32.657051 Papa: Golf and Juliett, sending you 3
2024-10-14 17:35:32.658463 Hotel: Mike, Uniform and Tango, sending you 3
2024-10-14 17:35:32.659519 Whiskey: Golf, sending you 5
2024-10-14 17:35:32.660159 Mike: Hotel, Alpha and Uniform, sending you 4
2024-10-14 17:35:32.660765 Uniform: Hotel, Mike and Tango, sending you 4
2024-10-14 17:35:32.661449 Papa: Delta, sending you 6
2024-10-14 17:35:32.662665 Juliett: Whiskey, Golf and Delta, sending you 3
2024-10-14 17:35:32.663649 Delta: Golf, sending you 4
2024-10-14 17:35:32.664291 Tango: Hotel, Alpha and Uniform, sending you 4
2024-10-14 17:35:32.664773 Whiskey: Juliett and Delta, sending you 4
2024-10-14 17:35:32.665334 Mike: Tango, sending you 6
2024-10-14 17:35:32.666384 Uniform: Alpha, sending you 3
2024-10-14 17:35:32.666900 Juliett: Papa, sending you 2
2024-10-14 17:35:32.667709 Whiskey: Papa, sending you 3
2024-10-14 17:35:32.668700 Delta: Papa, sending you 5
2024-10-14 17:35:32.669927 Tango: Mike, sending you 5
chatterbot Papa submitting transactions
chatterbot Tango submitting transactions
chatterbot Delta submitting transactions
chatterbot Alpha submitting transactions
chatterbot Mike submitting transactions
chatterbot Hotel submitting transactions
chatterbot Golf submitting transactions
chatterbot Whiskey submitting transactions
chatterbot Juliett submitting transactions
chatterbot Uniform submitting transactions
ChatterBot Whiskey round 11
ChatterBot Hotel round 11
ChatterBot Golf round 11
ChatterBot Juliett round 11
ChatterBot Alpha round 11
ChatterBot Delta round 11
ChatterBot Mike round 11
ChatterBot Uniform round 11
ChatterBot Papa round 11
ChatterBot Tango round 11
2024-10-14 17:35:34.004688 Juliett: Whiskey, Golf and Delta, sending you 3
2024-10-14 17:35:34.006974 Mike: Hotel, Alpha and Uniform, sending you 4
2024-10-14 17:35:34.009016 Whiskey: Golf, sending you 5
2024-10-14 17:35:34.011300 Delta: Whiskey and Juliett, sending you 3
2024-10-14 17:35:34.012904 Juliett: Papa, sending you 2
2024-10-14 17:35:34.015151 Mike: Tango, sending you 6
2024-10-14 17:35:34.017304 Uniform: Hotel, Mike and Tango, sending you 4
2024-10-14 17:35:34.018839 Papa: Whiskey, Golf and Juliett, sending you 3
2024-10-14 17:35:34.020896 Alpha: Hotel, Mike and Tango, sending you 4
2024-10-14 17:35:34.022222 Whiskey: Juliett and Delta, sending you 4
2024-10-14 17:35:34.024630 Golf: Whiskey and Delta, sending you 5
2024-10-14 17:35:34.025635 Delta: Golf, sending you 4
2024-10-14 17:35:34.027569 Hotel: Sending you each 1
2024-10-14 17:35:34.031004 Uniform: Alpha, sending you 3
2024-10-14 17:35:34.033177 Papa: Delta, sending you 5
2024-10-14 17:35:34.035427 Alpha: Uniform, sending you 3
2024-10-14 17:35:34.036780 Whiskey: Papa, sending you 3
2024-10-14 17:35:34.038804 Golf: Juliett and Papa, sending you 4
2024-10-14 17:35:34.040060 Delta: Papa, sending you 5
2024-10-14 17:35:34.042096 Tango: Hotel, Alpha and Uniform, sending you 4
2024-10-14 17:35:34.047687 Tango: Mike, sending you 5
chatterbot Juliett submitting transactions
chatterbot Tango submitting transactions
chatterbot Mike submitting transactions
chatterbot Delta submitting transactions
chatterbot Uniform submitting transactions
chatterbot Papa submitting transactions
chatterbot Whiskey submitting transactions
chatterbot Alpha submitting transactions
chatterbot Golf submitting transactions
chatterbot Hotel submitting transactions
ChatterBot Whiskey round 12
ChatterBot Hotel round 12
ChatterBot Golf round 12
ChatterBot Juliett round 12
ChatterBot Alpha round 12
ChatterBot Delta round 12
ChatterBot Mike round 12
ChatterBot Uniform round 12
ChatterBot Papa round 12
ChatterBot Tango round 12
2024-10-14 17:35:35.209424 Tango: We should add Juliett
2024-10-14 17:35:35.219010 Hotel: No
2024-10-14 17:35:35.219195 Mike: No
2024-10-14 17:35:35.219343 Alpha: No
2024-10-14 17:35:35.219474 Uniform: No
ChatterBot Tango reevaluating
ChatterBot Tango reevaluating
ChatterBot Tango reevaluating
ChatterBot Tango reevaluating
2024-10-14 17:35:35.260043 Tango: We should add Papa
2024-10-14 17:35:35.269537 Hotel: No
2024-10-14 17:35:35.269785 Mike: No
2024-10-14 17:35:35.269990 Alpha: No
2024-10-14 17:35:35.270182 Uniform: No
ChatterBot Tango reevaluating
ChatterBot Tango reevaluating
ChatterBot Tango reevaluating
ChatterBot Tango reevaluating
2024-10-14 17:35:35.330842 Tango: We should add Delta
2024-10-14 17:35:35.345042 Hotel: No
2024-10-14 17:35:35.345260 Mike: No
2024-10-14 17:35:35.345900 Alpha: No
2024-10-14 17:35:35.346079 Uniform: No
ChatterBot Tango reevaluating
ChatterBot Tango reevaluating
ChatterBot Tango reevaluating
ChatterBot Tango reevaluating
2024-10-14 17:35:35.408876 Delta: Whiskey and Juliett, sending you 3
2024-10-14 17:35:35.410326 Whiskey: Sending you each 4
2024-10-14 17:35:35.411304 Golf: I was attacked by Hotel
ChatterBot Juliett reevaluating
ChatterBot Whiskey reevaluating
ChatterBot Delta reevaluating
ChatterBot Papa reevaluating
2024-10-14 17:35:35.430825 Golf: I'm keeping this round to protect myself
2024-10-14 17:35:35.432572 Golf: Ow
2024-10-14 17:35:35.435657 Uniform: Hotel, Mike and Tango, sending you 4
2024-10-14 17:35:35.436492 Alpha: Hotel and Uniform, sending you 3
2024-10-14 17:35:35.437119 Hotel: Alpha, sending you 2
2024-10-14 17:35:35.438222 Mike: Hotel, Alpha and Uniform, sending you 4
2024-10-14 17:35:35.439735 Uniform: Alpha, sending you 3
2024-10-14 17:35:35.442283 Alpha: Mike, sending you 5
2024-10-14 17:35:35.443162 Hotel: Mike, Uniform and Tango, sending you 3
2024-10-14 17:35:35.444020 Mike: Tango, sending you 6
2024-10-14 17:35:35.447673 Alpha: Tango, sending you 4
2024-10-14 17:35:35.460760 Juliett: Whiskey, Golf and Delta, sending you 3
2024-10-14 17:35:35.463928 Tango: Hotel, Alpha and Uniform, sending you 4
2024-10-14 17:35:35.464817 Juliett: Papa, sending you 2
2024-10-14 17:35:35.468666 Tango: Mike, sending you 5
chatterbot Alpha submitting transactions
chatterbot Golf submitting transactions
chatterbot Tango submitting transactions
chatterbot Uniform submitting transactions
chatterbot Hotel submitting transactions
chatterbot Juliett submitting transactions
chatterbot Papa submitting transactions
chatterbot Delta submitting transactions
chatterbot Mike submitting transactions
chatterbot Whiskey submitting transactions
ChatterBot Whiskey round 13
ChatterBot Hotel round 13
ChatterBot Golf round 13
ChatterBot Juliett round 13
ChatterBot Alpha round 13
ChatterBot Delta round 13
ChatterBot Mike round 13
ChatterBot Uniform round 13
ChatterBot Papa round 13
ChatterBot Tango round 13
2024-10-14 17:35:36.631665 Whiskey: Same as last round
2024-10-14 17:35:36.632671 Hotel: Alpha, sending you 2
2024-10-14 17:35:36.636723 Uniform: Hotel, Mike and Tango, sending you 4
2024-10-14 17:35:36.637908 Alpha: Hotel and Uniform, sending you 3
2024-10-14 17:35:36.638546 Hotel: Mike, Uniform and Tango, sending you 3
2024-10-14 17:35:36.640664 Mike: Hotel, Alpha and Uniform, sending you 4
2024-10-14 17:35:36.641250 Alpha: Mike, sending you 4
2024-10-14 17:35:36.642646 Uniform: Alpha, sending you 3
2024-10-14 17:35:36.643664 Juliett: Whiskey, Delta and Papa, sending you 3
2024-10-14 17:35:36.645667 Mike: Tango, sending you 6
2024-10-14 17:35:36.646978 Alpha: Tango, sending you 5
2024-10-14 17:35:36.647655 Juliett: Golf, sending you 2
2024-10-14 17:35:36.655675 Tango: Hotel, Alpha and Uniform, sending you 4
2024-10-14 17:35:36.660677 Tango: Mike, sending you 5
chatterbot Papa submitting transactions
chatterbot Hotel submitting transactions
chatterbot Alpha submitting transactions
chatterbot Golf submitting transactions
chatterbot Juliett submitting transactions
chatterbot Mike submitting transactions
chatterbot Delta submitting transactions
chatterbot Uniform submitting transactions
chatterbot Whiskey submitting transactions
chatterbot Tango submitting transactions
ChatterBot Whiskey round 14
ChatterBot Hotel round 14
ChatterBot Golf round 14
ChatterBot Juliett round 14
ChatterBot Alpha round 14
ChatterBot Delta round 14
ChatterBot Mike round 14
ChatterBot Uniform round 14
ChatterBot Papa round 14
ChatterBot Tango round 14
2024-10-14 17:35:37.878680 Hotel: I was attacked by Papa
ChatterBot Mike reevaluating
ChatterBot Tango reevaluating
ChatterBot Alpha reevaluating
ChatterBot Uniform reevaluating
2024-10-14 17:35:37.890388 Hotel: Ow
2024-10-14 17:35:37.891336 Whiskey: Same as last round
2024-10-14 17:35:37.894885 Golf: Whiskey, Juliett and Papa, sending you 3
2024-10-14 17:35:37.896676 Juliett: Whiskey, Delta and Papa, sending you 3
2024-10-14 17:35:37.899044 Golf: Delta, sending you 4
2024-10-14 17:35:37.900662 Juliett: Golf, sending you 2
2024-10-14 17:35:37.911678 Tango: Hotel, Alpha and Uniform, sending you 4
2024-10-14 17:35:37.915213 Alpha: Hotel and Uniform, sending you 3
2024-10-14 17:35:37.915920 Tango: Mike, sending you 5
2024-10-14 17:35:37.916674 Mike: Hotel, Alpha and Uniform, sending you 4
2024-10-14 17:35:37.917661 Uniform: Hotel, Mike and Tango, sending you 4
2024-10-14 17:35:37.918653 Alpha: Mike, sending you 4
2024-10-14 17:35:37.920644 Mike: Tango, sending you 6
2024-10-14 17:35:37.922665 Uniform: Alpha, sending you 3
2024-10-14 17:35:37.923464 Alpha: Tango, sending you 5
chatterbot Juliett submitting transactions
chatterbot Whiskey submitting transactions
chatterbot Hotel submitting transactions
chatterbot Mike submitting transactions
chatterbot Delta submitting transactions
chatterbot Alpha submitting transactions
chatterbot Uniform submitting transactions
chatterbot Golf submitting transactions
chatterbot Tango submitting transactions
chatterbot Papa submitting transactions
ChatterBot Whiskey round 15
ChatterBot Hotel round 15
ChatterBot Golf round 15
ChatterBot Juliett round 15
ChatterBot Alpha round 15
ChatterBot Delta round 15
ChatterBot Mike round 15
ChatterBot Uniform round 15
ChatterBot Papa round 15
ChatterBot Tango round 15
2024-10-14 17:35:39.144681 Whiskey: Juliett and Delta, sending you 1
2024-10-14 17:35:39.145303 Whiskey: I was attacked by Hotel
ChatterBot Juliett reevaluating
ChatterBot Golf reevaluating
ChatterBot Delta reevaluating
ChatterBot Papa reevaluating
2024-10-14 17:35:39.154813 Whiskey: Ow
2024-10-14 17:35:39.158663 Alpha: Hotel, sending you 3
2024-10-14 17:35:39.159671 Uniform: Hotel, sending you 3
2024-10-14 17:35:39.160680 Hotel: Alpha, sending you 2
2024-10-14 17:35:39.162269 Tango: Hotel, Alpha and Uniform, sending you 4
2024-10-14 17:35:39.163046 Alpha: Mike, Uniform and Tango, sending you 4
2024-10-14 17:35:39.163791 Uniform: Alpha, Mike and Tango, sending you 4
2024-10-14 17:35:39.164679 Hotel: Mike, Uniform and Tango, sending you 3
2024-10-14 17:35:39.166666 Tango: Mike, sending you 5
2024-10-14 17:35:39.170671 Mike: Hotel, Alpha and Uniform, sending you 4
2024-10-14 17:35:39.173684 Mike: Tango, sending you 6
2024-10-14 17:35:39.188028 Juliett: Whiskey, Delta and Papa, sending you 3
2024-10-14 17:35:39.192651 Juliett: Golf, sending you 2
chatterbot Mike submitting transactions
chatterbot Papa submitting transactions
chatterbot Alpha submitting transactions
chatterbot Hotel submitting transactions
chatterbot Golf submitting transactions
chatterbot Juliett submitting transactions
chatterbot Whiskey submitting transactions
chatterbot Delta submitting transactions
chatterbot Tango submitting transactions
chatterbot Uniform submitting transactions
ChatterBot Whiskey round 16
ChatterBot Hotel round 16
ChatterBot Golf round 16
ChatterBot Juliett round 16
ChatterBot Alpha round 16
ChatterBot Delta round 16
ChatterBot Mike round 16
ChatterBot Uniform round 16
ChatterBot Papa round 16
ChatterBot Tango round 16
2024-10-14 17:35:40.306682 Alpha: Hotel, sending you 3
2024-10-14 17:35:40.307708 Hotel: Alpha, sending you 2
2024-10-14 17:35:40.309604 Whiskey: Golf, Juliett and Delta, sending you 2
2024-10-14 17:35:40.311655 Juliett: Whiskey, sending you 2
2024-10-14 17:35:40.313172 Mike: Hotel, Alpha and Uniform, sending you 4
2024-10-14 17:35:40.315409 Alpha: Mike, Uniform and Tango, sending you 4
2024-10-14 17:35:40.317640 Hotel: Mike, Uniform and Tango, sending you 3
2024-10-14 17:35:40.319945 Whiskey: Papa, sending you 1
2024-10-14 17:35:40.322009 Juliett: Golf, Delta and Papa, sending you 3
2024-10-14 17:35:40.325946 Mike: Tango, sending you 6
2024-10-14 17:35:40.327588 Uniform: Hotel, Mike and Tango, sending you 4
2024-10-14 17:35:40.331846 Tango: Hotel, Alpha and Uniform, sending you 4
2024-10-14 17:35:40.335004 Uniform: Alpha, sending you 3
2024-10-14 17:35:40.337674 Tango: Mike, sending you 5
chatterbot Delta submitting transactions
chatterbot Mike submitting transactions
chatterbot Alpha submitting transactions
chatterbot Papa submitting transactions
chatterbot Uniform submitting transactions
chatterbot Juliett submitting transactions
chatterbot Tango submitting transactions
chatterbot Golf submitting transactions
chatterbot Whiskey submitting transactions
chatterbot Hotel submitting transactions
ChatterBot Whiskey round 17
ChatterBot Hotel round 17
ChatterBot Golf round 17
ChatterBot Juliett round 17
ChatterBot Alpha round 17
ChatterBot Delta round 17
ChatterBot Mike round 17
ChatterBot Uniform round 17
ChatterBot Papa round 17
ChatterBot Tango round 17
2024-10-14 17:35:41.509666 Whiskey: Golf and Delta, sending you 3
2024-10-14 17:35:41.512687 Whiskey: Juliett and Papa, sending you 2
2024-10-14 17:35:41.515664 Alpha: Hotel, sending you 3
2024-10-14 17:35:41.520686 Alpha: Mike, Uniform and Tango, sending you 4
2024-10-14 17:35:41.521655 Uniform: Hotel, Mike and Tango, sending you 4
2024-10-14 17:35:41.524660 Hotel: Sending you each 1
2024-10-14 17:35:41.525660 Uniform: Alpha, sending you 3
2024-10-14 17:35:41.526658 Mike: Hotel, Alpha and Uniform, sending you 4
