ChatterBot Hotel round 1
ChatterBot Victor round 1
ChatterBot Romeo round 1
ChatterBot Zulu round 1
ChatterBot Sierra round 1
ChatterBot Mike round 1
ChatterBot Uniform round 1
ChatterBot Oscar round 1
ChatterBot Yankee round 1
ChatterBot Lima round 1
randomSelections Victor: {Victor, Mike, Oscar, Zulu, Romeo, Lima} 
2024-10-14 17:35:19.468492 Victor: Let's form a team
ChatterBot Mike reevaluating
ChatterBot Oscar reevaluating
ChatterBot Zulu reevaluating
ChatterBot Romeo reevaluating
ChatterBot Lima reevaluating
2024-10-14 17:35:19.485888 Mike: Yes
2024-10-14 17:35:19.486052 Oscar: Yes
2024-10-14 17:35:19.486193 Zulu: Yes
2024-10-14 17:35:19.486365 Romeo: Yes
2024-10-14 17:35:19.487012 Lima: Yes
ChatterBot Oscar reevaluating
ChatterBot Zulu reevaluating
ChatterBot Romeo reevaluating
ChatterBot Lima reevaluating
ChatterBot Mike reevaluating
ChatterBot Zulu reevaluating
ChatterBot Romeo reevaluating
ChatterBot Lima reevaluating
ChatterBot Mike reevaluating
ChatterBot Oscar reevaluating
ChatterBot Romeo reevaluating
ChatterBot Lima reevaluating
ChatterBot Mike reevaluating
ChatterBot Oscar reevaluating
ChatterBot Zulu reevaluating
ChatterBot Lima reevaluating
ChatterBot Mike reevaluating
ChatterBot Oscar reevaluating
ChatterBot Zulu reevaluating
ChatterBot Romeo reevaluating
randomSelections Sierra: {Sierra, Uniform, Lima, Hotel} 
2024-10-14 17:35:19.560335 Sierra: Group up?
ChatterBot Uniform reevaluating
ChatterBot Lima reevaluating
ChatterBot Hotel reevaluating
2024-10-14 17:35:19.571747 Uniform: Yes
2024-10-14 17:35:19.571925 Lima: No
2024-10-14 17:35:19.572129 Hotel: Yes
ChatterBot Lima reevaluating
ChatterBot Hotel reevaluating
ChatterBot Uniform reevaluating
ChatterBot Hotel reevaluating
ChatterBot Uniform reevaluating
ChatterBot Lima reevaluating
randomSelections Yankee: {Yankee, Mike, Uniform, Hotel, Sierra} 
2024-10-14 17:35:19.606927 Yankee: Friends?
ChatterBot Mike reevaluating
ChatterBot Uniform reevaluating
ChatterBot Hotel reevaluating
2024-10-14 17:35:19.616340 Mike: No
2024-10-14 17:35:19.616531 Uniform: No
2024-10-14 17:35:19.616712 Hotel: No
2024-10-14 17:35:19.616909 Sierra: No
ChatterBot Uniform reevaluating
ChatterBot Hotel reevaluating
ChatterBot Mike reevaluating
ChatterBot Hotel reevaluating
ChatterBot Mike reevaluating
ChatterBot Uniform reevaluating
ChatterBot Mike reevaluating
ChatterBot Uniform reevaluating
ChatterBot Hotel reevaluating
2024-10-14 17:35:19.690535 Yankee: Hotel, sending you 2
2024-10-14 17:35:19.690881 Sierra: Hotel, sending you 3
2024-10-14 17:35:19.702657 Victor: Romeo, sending you 1
2024-10-14 17:35:19.703044 Lima: Victor and Zulu, sending you 5
2024-10-14 17:35:19.703814 Sierra: Uniform, sending you 6
2024-10-14 17:35:19.704093 Yankee: Sierra and Uniform, sending you 4
2024-10-14 17:35:19.704354 Oscar: Victor, Romeo and Mike, sending you 3
2024-10-14 17:35:19.705088 Uniform: Hotel and Lima, sending you 6
2024-10-14 17:35:19.705299 Mike: Victor, sending you 4
2024-10-14 17:35:19.706662 Sierra: Lima, sending you 4
2024-10-14 17:35:19.707950 Zulu: Victor and Oscar, sending you 2
2024-10-14 17:35:19.708323 Victor: Zulu, sending you 3
2024-10-14 17:35:19.708635 Lima: Romeo, sending you 1
2024-10-14 17:35:19.709371 Oscar: Zulu and Lima, sending you 4
2024-10-14 17:35:19.709685 Mike: Romeo, sending you 1
2024-10-14 17:35:19.710001 Hotel: Sierra, sending you 3
2024-10-14 17:35:19.711919 Victor: Mike, sending you 2
2024-10-14 17:35:19.713363 Zulu: Romeo, sending you 1
2024-10-14 17:35:19.714229 Lima: Mike, sending you 4
2024-10-14 17:35:19.714574 Mike: Zulu, sending you 3
2024-10-14 17:35:19.714887 Hotel: Uniform, sending you 1
2024-10-14 17:35:19.715744 Victor: Oscar and Lima, sending you 4
2024-10-14 17:35:19.717504 Lima: Oscar, sending you 2
2024-10-14 17:35:19.718648 Zulu: Mike, sending you 3
2024-10-14 17:35:19.719012 Hotel: Lima, sending you 6
2024-10-14 17:35:19.720149 Mike: Oscar, sending you 5
2024-10-14 17:35:19.724567 Zulu: Lima, sending you 4
2024-10-14 17:35:19.725009 Mike: Lima, sending you 2
chatterbot Sierra submitting transactions
chatterbot Romeo submitting transactions
chatterbot Yankee submitting transactions
chatterbot Oscar submitting transactions
chatterbot Mike submitting transactions
chatterbot Zulu submitting transactions
chatterbot Uniform submitting transactions
chatterbot Victor submitting transactions
chatterbot Lima submitting transactions
chatterbot Hotel submitting transactions
ChatterBot Hotel round 2
ChatterBot Victor round 2
ChatterBot Romeo round 2
ChatterBot Zulu round 2
ChatterBot Sierra round 2
ChatterBot Mike round 2
2024-10-14 17:35:22.259991 Hotel: We should replace Lima with Yankee
ChatterBot Sierra reevaluating
ChatterBot Uniform reevaluating
2024-10-14 17:35:22.274717 Sierra: Yes
2024-10-14 17:35:22.275022 Uniform: No
ChatterBot Uniform reevaluating
ChatterBot Sierra reevaluating
ChatterBot Uniform round 2
ChatterBot Oscar round 2
ChatterBot Yankee round 2
ChatterBot Lima round 2
2024-10-14 17:35:22.312201 Victor: We should drop Romeo
ChatterBot Zulu reevaluating
ChatterBot Mike reevaluating
ChatterBot Oscar reevaluating
ChatterBot Lima reevaluating
2024-10-14 17:35:22.337641 Zulu: Yes
2024-10-14 17:35:22.338084 Mike: Yes
2024-10-14 17:35:22.339354 Oscar: No
2024-10-14 17:35:22.339535 Lima: Yes
ChatterBot Mike reevaluating
ChatterBot Oscar reevaluating
ChatterBot Lima reevaluating
ChatterBot Zulu reevaluating
ChatterBot Oscar reevaluating
ChatterBot Lima reevaluating
ChatterBot Zulu reevaluating
ChatterBot Mike reevaluating
ChatterBot Lima reevaluating
ChatterBot Zulu reevaluating
ChatterBot Mike reevaluating
ChatterBot Oscar reevaluating
2024-10-14 17:35:22.428946 Hotel: Yankee we want you to join our group
ChatterBot Yankee reevaluating
2024-10-14 17:35:22.432496 Yankee: No
ChatterBot Sierra reevaluating
ChatterBot Uniform reevaluating
2024-10-14 17:35:22.442994 Yankee: Group up?
2024-10-14 17:35:22.446212 Romeo: No
ChatterBot Yankee reevaluating
2024-10-14 17:35:22.501983 Romeo: Victor, Zulu and Mike, sending you 2
2024-10-14 17:35:22.502798 Victor: Zulu, sending you 2
2024-10-14 17:35:22.503093 Hotel: Sierra, sending you 3
2024-10-14 17:35:22.503384 Uniform: Hotel, sending you 2
2024-10-14 17:35:22.503665 Zulu: Victor and Mike, sending you 2
2024-10-14 17:35:22.504332 Sierra: Hotel, sending you 7
2024-10-14 17:35:22.504629 Mike: Victor, sending you 3
2024-10-14 17:35:22.504895 Oscar: Victor and Mike, sending you 5
2024-10-14 17:35:22.505481 Yankee: Sending you 8
2024-10-14 17:35:22.507874 Zulu: Oscar, sending you 3
2024-10-14 17:35:22.508783 Romeo: Oscar, sending you 3
2024-10-14 17:35:22.509233 Victor: Mike, sending you 4
2024-10-14 17:35:22.509722 Hotel: Uniform, sending you 5
2024-10-14 17:35:22.510653 Uniform: Sierra, sending you 6
2024-10-14 17:35:22.511014 Sierra: Yankee, sending you 8
2024-10-14 17:35:22.511776 Mike: Zulu, Oscar and Lima, sending you 4
2024-10-14 17:35:22.512145 Oscar: Zulu, sending you 4
2024-10-14 17:35:22.512499 Zulu: Lima, sending you 5
2024-10-14 17:35:22.513169 Lima: Victor, Zulu and Oscar, sending you 5
2024-10-14 17:35:22.514873 Romeo: Lima, sending you 1
2024-10-14 17:35:22.515415 Hotel: Yankee, sending you 2
2024-10-14 17:35:22.515769 Victor: Oscar, sending you 3
2024-10-14 17:35:22.516447 Uniform: Yankee, sending you 4
2024-10-14 17:35:22.516802 Oscar: Lima, sending you 3
2024-10-14 17:35:22.517152 Lima: Mike, sending you 2
2024-10-14 17:35:22.518701 Victor: Lima, sending you 5
chatterbot Oscar submitting transactions
chatterbot Romeo submitting transactions
chatterbot Hotel submitting transactions
chatterbot Uniform submitting transactions
chatterbot Victor submitting transactions
chatterbot Sierra submitting transactions
chatterbot Mike submitting transactions
chatterbot Lima submitting transactions
chatterbot Zulu submitting transactions
chatterbot Yankee submitting transactions
ChatterBot Hotel round 3
ChatterBot Victor round 3
ChatterBot Romeo round 3
ChatterBot Zulu round 3
ChatterBot Sierra round 3
ChatterBot Mike round 3
ChatterBot Uniform round 3
ChatterBot Oscar round 3
ChatterBot Yankee round 3
ChatterBot Lima round 3
2024-10-14 17:35:23.756239 Oscar: We should add Romeo
2024-10-14 17:35:23.774773 Victor: No
2024-10-14 17:35:23.775808 Zulu: No
2024-10-14 17:35:23.776140 Mike: No
2024-10-14 17:35:23.776372 Lima: No
ChatterBot Oscar reevaluating
ChatterBot Oscar reevaluating
ChatterBot Oscar reevaluating
2024-10-14 17:35:23.857096 Victor: Zulu, sending you 2
2024-10-14 17:35:23.861690 Victor: Mike, sending you 3
2024-10-14 17:35:23.862120 Yankee: Hotel, sending you 1
2024-10-14 17:35:23.863688 Lima: Victor and Zulu, sending you 5
2024-10-14 17:35:23.864660 Victor: Oscar, sending you 4
2024-10-14 17:35:23.865679 Romeo: Victor, Zulu and Lima, sending you 2
2024-10-14 17:35:23.866667 Lima: Mike, sending you 3
2024-10-14 17:35:23.867965 Yankee: Sierra, sending you 6
2024-10-14 17:35:23.868319 Hotel: Sierra, sending you 5
2024-10-14 17:35:23.868654 Uniform: Hotel, sending you 5
2024-10-14 17:35:23.869007 Victor: Lima, sending you 5
2024-10-14 17:35:23.869378 Sierra: Hotel, sending you 6
2024-10-14 17:35:23.870246 Romeo: Mike, sending you 1
2024-10-14 17:35:23.870549 Lima: Oscar, sending you 4
2024-10-14 17:35:23.870911 Hotel: Uniform, sending you 4
2024-10-14 17:35:23.871719 Zulu: Victor, sending you 2
2024-10-14 17:35:23.872968 Yankee: Uniform, sending you 4
2024-10-14 17:35:23.873352 Sierra: Uniform, sending you 8
2024-10-14 17:35:23.873713 Uniform: Sierra, sending you 4
2024-10-14 17:35:23.874691 Romeo: Oscar, sending you 3
2024-10-14 17:35:23.875257 Hotel: Yankee, sending you 1
2024-10-14 17:35:23.875693 Zulu: Mike and Oscar, sending you 3
2024-10-14 17:35:23.876780 Mike: Victor, Oscar and Lima, sending you 4
2024-10-14 17:35:23.877688 Sierra: Yankee, sending you 3
2024-10-14 17:35:23.878064 Uniform: Yankee, sending you 3
2024-10-14 17:35:23.879697 Oscar: Victor, sending you 4
2024-10-14 17:35:23.880071 Zulu: Lima, sending you 4
2024-10-14 17:35:23.880391 Mike: Zulu, sending you 3
2024-10-14 17:35:23.883034 Oscar: Zulu, sending you 3
2024-10-14 17:35:23.887700 Oscar: Mike and Lima, sending you 5
chatterbot Zulu submitting transactions
chatterbot Victor submitting transactions
chatterbot Lima submitting transactions
chatterbot Romeo submitting transactions
chatterbot Oscar submitting transactions
chatterbot Uniform submitting transactions
chatterbot Sierra submitting transactions
chatterbot Mike submitting transactions
chatterbot Hotel submitting transactions
chatterbot Yankee submitting transactions
ChatterBot Hotel round 4
ChatterBot Victor round 4
ChatterBot Romeo round 4
ChatterBot Zulu round 4
ChatterBot Sierra round 4
ChatterBot Mike round 4
ChatterBot Uniform round 4
ChatterBot Oscar round 4
ChatterBot Yankee round 4
ChatterBot Lima round 4
2024-10-14 17:35:24.880389 Oscar: We should add Romeo
2024-10-14 17:35:24.899034 Victor: No
2024-10-14 17:35:24.899286 Zulu: No
2024-10-14 17:35:24.899489 Mike: No
2024-10-14 17:35:24.899685 Lima: No
ChatterBot Victor reevaluating
ChatterBot Victor reevaluating
2024-10-14 17:35:24.971459 Oscar: Romeo we want you to join our group
2024-10-14 17:35:24.973776 Romeo: Yes
ChatterBot Victor reevaluating
2024-10-14 17:35:24.991062 Zulu: Victor, sending you 2
2024-10-14 17:35:24.993682 Zulu: Mike and Oscar, sending you 3
2024-10-14 17:35:24.994887 Hotel: Sierra, sending you 5
2024-10-14 17:35:24.995466 Romeo: Victor, Zulu and Lima, sending you 2
2024-10-14 17:35:24.997701 Hotel: Uniform, sending you 4
2024-10-14 17:35:24.998702 Zulu: Lima, sending you 4
2024-10-14 17:35:24.999669 Romeo: Mike, sending you 1
2024-10-14 17:35:25.000659 Hotel: Yankee, sending you 1
2024-10-14 17:35:25.003392 Uniform: Hotel, sending you 4
2024-10-14 17:35:25.003801 Romeo: Oscar, sending you 3
2024-10-14 17:35:25.004685 Mike: Victor, Oscar and Lima, sending you 4
2024-10-14 17:35:25.005814 Sierra: Sending you each 6
2024-10-14 17:35:25.006678 Uniform: Sierra, sending you 5
2024-10-14 17:35:25.008666 Mike: Zulu, sending you 3
2024-10-14 17:35:25.009658 Yankee: Hotel, sending you 2
2024-10-14 17:35:25.011673 Uniform: Yankee, sending you 3
2024-10-14 17:35:25.012300 Lima: Victor, sending you 5
2024-10-14 17:35:25.013716 Oscar: Victor, Mike and Lima, sending you 4
2024-10-14 17:35:25.014208 Yankee: Sierra, sending you 6
2024-10-14 17:35:25.015685 Lima: Zulu, Mike and Oscar, sending you 4
2024-10-14 17:35:25.018700 Oscar: Romeo, sending you 2
2024-10-14 17:35:25.019389 Yankee: Uniform, sending you 4
2024-10-14 17:35:25.020664 Victor: Romeo, sending you 1
2024-10-14 17:35:25.021704 Oscar: Zulu, sending you 3
2024-10-14 17:35:25.023685 Victor: Zulu, sending you 2
2024-10-14 17:35:25.027033 Victor: Mike and Oscar, sending you 3
2024-10-14 17:35:25.031645 Victor: Lima, sending you 5
chatterbot Sierra submitting transactions
chatterbot Mike submitting transactions
chatterbot Oscar submitting transactions
chatterbot Yankee submitting transactions
chatterbot Lima submitting transactions
chatterbot Victor submitting transactions
chatterbot Hotel submitting transactions
chatterbot Uniform submitting transactions
chatterbot Zulu submitting transactions
chatterbot Romeo submitting transactions
ChatterBot Hotel round 5
ChatterBot Victor round 5
ChatterBot Romeo round 5
ChatterBot Zulu round 5
ChatterBot Sierra round 5
ChatterBot Mike round 5
ChatterBot Uniform round 5
ChatterBot Oscar round 5
ChatterBot Yankee round 5
2024-10-14 17:35:26.112423 Zulu: We should add Romeo
ChatterBot Oscar reevaluating
2024-10-14 17:35:26.131332 Victor: Yes
2024-10-14 17:35:26.131608 Mike: No
2024-10-14 17:35:26.131822 Oscar: Yes
2024-10-14 17:35:26.131966 Lima: No
ChatterBot Oscar reevaluating
ChatterBot Lima reevaluating
ChatterBot Oscar reevaluating
ChatterBot Lima reevaluating
ChatterBot Lima reevaluating
ChatterBot Oscar reevaluating
ChatterBot Lima round 5
2024-10-14 17:35:26.181344 Zulu: Romeo we want you to join our group
2024-10-14 17:35:26.185012 Romeo: Yes
ChatterBot Oscar reevaluating
ChatterBot Lima reevaluating
2024-10-14 17:35:26.211714 Romeo: Victor, Zulu and Lima, sending you 2
2024-10-14 17:35:26.213555 Victor: Romeo, sending you 1
2024-10-14 17:35:26.214707 Hotel: Sierra, sending you 5
2024-10-14 17:35:26.216670 Romeo: Mike, sending you 1
2024-10-14 17:35:26.217711 Victor: Zulu, sending you 2
2024-10-14 17:35:26.219187 Hotel: Uniform, sending you 4
2024-10-14 17:35:26.219642 Uniform: Hotel, sending you 4
2024-10-14 17:35:26.221680 Romeo: Oscar, sending you 3
2024-10-14 17:35:26.222244 Mike: Victor, Oscar and Lima, sending you 4
2024-10-14 17:35:26.222780 Hotel: Yankee, sending you 1
2024-10-14 17:35:26.223148 Victor: Mike and Oscar, sending you 3
2024-10-14 17:35:26.223959 Uniform: Sierra, sending you 5
2024-10-14 17:35:26.224303 Sierra: Same as last round
2024-10-14 17:35:26.225899 Yankee: Hotel, sending you 2
2024-10-14 17:35:26.226696 Zulu: Victor and Mike, sending you 2
2024-10-14 17:35:26.227211 Mike: Zulu, sending you 3
2024-10-14 17:35:26.228148 Victor: Lima, sending you 5
2024-10-14 17:35:26.228626 Uniform: Yankee, sending you 3
2024-10-14 17:35:26.229720 Yankee: Sierra, sending you 6
2024-10-14 17:35:26.230556 Zulu: Romeo, sending you 1
2024-10-14 17:35:26.232867 Yankee: Uniform, sending you 4
2024-10-14 17:35:26.233704 Lima: Victor, sending you 5
2024-10-14 17:35:26.234292 Zulu: Oscar, sending you 3
2024-10-14 17:35:26.236099 Oscar: Victor, Romeo and Zulu, sending you 3
2024-10-14 17:35:26.237664 Lima: Zulu, Mike and Oscar, sending you 4
2024-10-14 17:35:26.238691 Zulu: Lima, sending you 4
2024-10-14 17:35:26.240662 Oscar: Mike and Lima, sending you 4
chatterbot Zulu submitting transactions
chatterbot Yankee submitting transactions
chatterbot Victor submitting transactions
chatterbot Uniform submitting transactions
chatterbot Romeo submitting transactions
chatterbot Oscar submitting transactions
chatterbot Hotel submitting transactions
chatterbot Lima submitting transactions
chatterbot Mike submitting transactions
chatterbot Sierra submitting transactions
ChatterBot Hotel round 6
ChatterBot Victor round 6
ChatterBot Romeo round 6
ChatterBot Zulu round 6
ChatterBot Sierra round 6
ChatterBot Mike round 6
ChatterBot Uniform round 6
ChatterBot Oscar round 6
ChatterBot Yankee round 6
ChatterBot Lima round 6
2024-10-14 17:35:27.332685 Hotel: Sierra, sending you 5
2024-10-14 17:35:27.336650 Hotel: Uniform, sending you 4
2024-10-14 17:35:27.338698 Romeo: Victor and Zulu, sending you 2
2024-10-14 17:35:27.341669 Hotel: Yankee, sending you 1
2024-10-14 17:35:27.343682 Oscar: Victor, Romeo and Zulu, sending you 3
2024-10-14 17:35:27.344116 Romeo: Mike and Lima, sending you 1
2024-10-14 17:35:27.344482 Zulu: Victor and Mike, sending you 2
2024-10-14 17:35:27.345680 Mike: Victor, Oscar and Lima, sending you 4
2024-10-14 17:35:27.346048 Uniform: Hotel, sending you 4
2024-10-14 17:35:27.346665 Yankee: Hotel, sending you 2
2024-10-14 17:35:27.347065 Romeo: Oscar, sending you 4
2024-10-14 17:35:27.347696 Victor: Romeo, sending you 1
2024-10-14 17:35:27.348161 Oscar: Mike and Lima, sending you 4
2024-10-14 17:35:27.348671 Lima: Victor, sending you 5
2024-10-14 17:35:27.349675 Zulu: Romeo, sending you 1
2024-10-14 17:35:27.350693 Sierra: Same as last round
2024-10-14 17:35:27.351042 Mike: Zulu, sending you 3
2024-10-14 17:35:27.351362 Uniform: Sierra, sending you 5
2024-10-14 17:35:27.351662 Yankee: Sierra, sending you 6
2024-10-14 17:35:27.351932 Victor: Zulu, sending you 2
2024-10-14 17:35:27.352686 Lima: Zulu, Mike and Oscar, sending you 4
2024-10-14 17:35:27.354659 Zulu: Oscar, sending you 3
2024-10-14 17:35:27.355699 Uniform: Yankee, sending you 3
2024-10-14 17:35:27.356668 Yankee: Uniform, sending you 4
2024-10-14 17:35:27.357034 Victor: Mike and Oscar, sending you 3
2024-10-14 17:35:27.358661 Zulu: Lima, sending you 4
2024-10-14 17:35:27.360653 Victor: Lima, sending you 5
chatterbot Zulu submitting transactions
chatterbot Mike submitting transactions
chatterbot Oscar submitting transactions
chatterbot Victor submitting transactions
chatterbot Hotel submitting transactions
chatterbot Sierra submitting transactions
chatterbot Romeo submitting transactions
chatterbot Lima submitting transactions
chatterbot Uniform submitting transactions
chatterbot Yankee submitting transactions
ChatterBot Hotel round 7
ChatterBot Victor round 7
ChatterBot Romeo round 7
ChatterBot Zulu round 7
ChatterBot Sierra round 7
ChatterBot Mike round 7
ChatterBot Uniform round 7
ChatterBot Oscar round 7
ChatterBot Yankee round 7
ChatterBot Lima round 7
2024-10-14 17:35:28.370003 Victor: Romeo, sending you 1
2024-10-14 17:35:28.373696 Victor: Zulu, sending you 2
2024-10-14 17:35:28.375705 Hotel: Sierra, sending you 5
2024-10-14 17:35:28.376333 Sierra: Same as last round
2024-10-14 17:35:28.376839 Zulu: Victor and Mike, sending you 2
2024-10-14 17:35:28.377849 Yankee: Hotel, sending you 1
2024-10-14 17:35:28.378282 Victor: Mike and Oscar, sending you 3
2024-10-14 17:35:28.378955 Oscar: Victor, Romeo and Zulu, sending you 3
2024-10-14 17:35:28.379586 Romeo: Victor and Zulu, sending you 2
2024-10-14 17:35:28.380265 Mike: Victor, Oscar and Lima, sending you 4
2024-10-14 17:35:28.380925 Hotel: Uniform, sending you 4
2024-10-14 17:35:28.381697 Uniform: Hotel, sending you 4
2024-10-14 17:35:28.382172 Yankee: Sierra, sending you 7
2024-10-14 17:35:28.382699 Zulu: Romeo, sending you 1
2024-10-14 17:35:28.383711 Victor: Lima, sending you 5
2024-10-14 17:35:28.384441 Oscar: Mike and Lima, sending you 4
2024-10-14 17:35:28.384989 Romeo: Mike and Lima, sending you 1
2024-10-14 17:35:28.385730 Mike: Zulu, sending you 3
2024-10-14 17:35:28.386511 Hotel: Yankee, sending you 1
2024-10-14 17:35:28.387406 Lima: Victor, sending you 5
2024-10-14 17:35:28.388102 Uniform: Sierra, sending you 5
2024-10-14 17:35:28.388485 Yankee: Uniform, sending you 4
2024-10-14 17:35:28.388845 Zulu: Oscar, sending you 3
2024-10-14 17:35:28.389718 Romeo: Oscar, sending you 4
2024-10-14 17:35:28.390687 Uniform: Yankee, sending you 3
2024-10-14 17:35:28.392688 Lima: Zulu, Mike and Oscar, sending you 4
2024-10-14 17:35:28.393324 Zulu: Lima, sending you 4
chatterbot Lima submitting transactions
chatterbot Zulu submitting transactions
chatterbot Romeo submitting transactions
chatterbot Mike submitting transactions
chatterbot Oscar submitting transactions
chatterbot Uniform submitting transactions
chatterbot Yankee submitting transactions
chatterbot Sierra submitting transactions
chatterbot Hotel submitting transactions
chatterbot Victor submitting transactions
ChatterBot Hotel round 8
ChatterBot Victor round 8
ChatterBot Romeo round 8
ChatterBot Zulu round 8
ChatterBot Sierra round 8
ChatterBot Mike round 8
ChatterBot Uniform round 8
ChatterBot Oscar round 8
ChatterBot Yankee round 8
ChatterBot Lima round 8
2024-10-14 17:35:29.341117 Victor: Romeo, sending you 1
2024-10-14 17:35:29.341981 Sierra: Same as last round
2024-10-14 17:35:29.342510 Mike: Victor, Oscar and Lima, sending you 4
2024-10-14 17:35:29.344920 Victor: Zulu, sending you 2
2024-10-14 17:35:29.346723 Mike: Zulu, sending you 3
2024-10-14 17:35:29.347673 Oscar: Victor, Romeo and Zulu, sending you 3
2024-10-14 17:35:29.348955 Hotel: Sierra, sending you 5
2024-10-14 17:35:29.349723 Victor: Mike and Oscar, sending you 3
2024-10-14 17:35:29.350457 Zulu: Victor and Mike, sending you 2
2024-10-14 17:35:29.351241 Yankee: Hotel, sending you 1
2024-10-14 17:35:29.352377 Oscar: Mike and Lima, sending you 4
2024-10-14 17:35:29.353267 Hotel: Uniform, sending you 4
2024-10-14 17:35:29.354701 Victor: Lima, sending you 5
2024-10-14 17:35:29.356016 Yankee: Sierra, sending you 7
2024-10-14 17:35:29.356452 Romeo: Victor and Zulu, sending you 2
2024-10-14 17:35:29.357015 Zulu: Romeo, sending you 1
2024-10-14 17:35:29.357708 Hotel: Yankee, sending you 1
2024-10-14 17:35:29.358670 Uniform: Hotel, sending you 4
2024-10-14 17:35:29.359187 Yankee: Uniform, sending you 4
2024-10-14 17:35:29.359711 Romeo: Mike and Lima, sending you 1
2024-10-14 17:35:29.360693 Zulu: Oscar, sending you 3
2024-10-14 17:35:29.361825 Uniform: Sierra, sending you 5
2024-10-14 17:35:29.363682 Lima: Victor, sending you 5
2024-10-14 17:35:29.364085 Romeo: Oscar, sending you 4
2024-10-14 17:35:29.365046 Zulu: Lima, sending you 4
2024-10-14 17:35:29.366234 Uniform: Yankee, sending you 3
2024-10-14 17:35:29.366931 Lima: Zulu, Mike and Oscar, sending you 4
chatterbot Zulu submitting transactions
chatterbot Uniform submitting transactions
chatterbot Victor submitting transactions
chatterbot Oscar submitting transactions
chatterbot Mike submitting transactions
chatterbot Yankee submitting transactions
chatterbot Hotel submitting transactions
chatterbot Sierra submitting transactions
chatterbot Romeo submitting transactions
chatterbot Lima submitting transactions
ChatterBot Hotel round 9
ChatterBot Victor round 9
ChatterBot Romeo round 9
ChatterBot Zulu round 9
ChatterBot Sierra round 9
ChatterBot Mike round 9
ChatterBot Uniform round 9
ChatterBot Oscar round 9
ChatterBot Yankee round 9
ChatterBot Lima round 9
2024-10-14 17:35:30.621228 Victor: Romeo, sending you 1
2024-10-14 17:35:30.626675 Victor: Zulu, sending you 2
2024-10-14 17:35:30.630148 Hotel: Sierra, sending you 5
2024-10-14 17:35:30.631674 Victor: Mike and Oscar, sending you 3
2024-10-14 17:35:30.633674 Romeo: Victor and Zulu, sending you 2
2024-10-14 17:35:30.634669 Hotel: Uniform, sending you 4
2024-10-14 17:35:30.635200 Mike: Victor, Oscar and Lima, sending you 4
2024-10-14 17:35:30.636827 Victor: Lima, sending you 5
2024-10-14 17:35:30.637652 Uniform: Hotel, sending you 4
2024-10-14 17:35:30.639283 Romeo: Mike and Lima, sending you 1
2024-10-14 17:35:30.640201 Hotel: Yankee, sending you 1
2024-10-14 17:35:30.640839 Mike: Zulu, sending you 3
2024-10-14 17:35:30.644424 Oscar: Victor, Romeo and Zulu, sending you 3
2024-10-14 17:35:30.645205 Zulu: Victor and Mike, sending you 2
2024-10-14 17:35:30.646674 Uniform: Sierra, sending you 5
2024-10-14 17:35:30.647148 Yankee: Hotel, sending you 1
2024-10-14 17:35:30.647582 Sierra: Same as last round
2024-10-14 17:35:30.648715 Romeo: Oscar, sending you 4
2024-10-14 17:35:30.649666 Oscar: Mike and Lima, sending you 4
2024-10-14 17:35:30.651051 Lima: Victor, sending you 5
2024-10-14 17:35:30.651825 Zulu: Romeo, sending you 1
2024-10-14 17:35:30.657834 Uniform: Yankee, sending you 3
2024-10-14 17:35:30.658584 Yankee: Sierra, sending you 7
2024-10-14 17:35:30.659919 Lima: Zulu, Mike and Oscar, sending you 4
2024-10-14 17:35:30.661686 Zulu: Oscar, sending you 3
2024-10-14 17:35:30.662717 Yankee: Uniform, sending you 4
2024-10-14 17:35:30.667656 Zulu: Lima, sending you 4
chatterbot Oscar submitting transactions
chatterbot Uniform submitting transactions
chatterbot Hotel submitting transactions
chatterbot Mike submitting transactions
chatterbot Yankee submitting transactions
chatterbot Lima submitting transactions
chatterbot Sierra submitting transactions
chatterbot Victor submitting transactions
chatterbot Romeo submitting transactions
chatterbot Zulu submitting transactions
ChatterBot Hotel round 10
ChatterBot Victor round 10
ChatterBot Romeo round 10
ChatterBot Zulu round 10
ChatterBot Sierra round 10
ChatterBot Mike round 10
ChatterBot Uniform round 10
ChatterBot Oscar round 10
ChatterBot Yankee round 10
ChatterBot Lima round 10
2024-10-14 17:35:31.886690 Hotel: Sierra, sending you 5
2024-10-14 17:35:31.887685 Zulu: Victor, sending you 2
2024-10-14 17:35:31.889673 Hotel: Uniform, sending you 4
2024-10-14 17:35:31.891054 Sierra: Same as last round
2024-10-14 17:35:31.893675 Zulu: Mike and Oscar, sending you 3
2024-10-14 17:35:31.894656 Hotel: Yankee, sending you 1
2024-10-14 17:35:31.895902 Uniform: Hotel, sending you 4
2024-10-14 17:35:31.896691 Zulu: Lima, sending you 4
2024-10-14 17:35:31.898739 Uniform: Sierra, sending you 5
2024-10-14 17:35:31.899737 Romeo: Victor and Zulu, sending you 2
2024-10-14 17:35:31.901682 Victor: Romeo, sending you 1
2024-10-14 17:35:31.903651 Uniform: Yankee, sending you 3
2024-10-14 17:35:31.904909 Romeo: Mike and Lima, sending you 1
2024-10-14 17:35:31.906011 Mike: Victor, Oscar and Lima, sending you 4
2024-10-14 17:35:31.906704 Victor: Zulu, sending you 2
2024-10-14 17:35:31.907713 Lima: Victor, sending you 5
2024-10-14 17:35:31.908836 Oscar: Victor, Romeo and Zulu, sending you 3
2024-10-14 17:35:31.909761 Romeo: Oscar, sending you 4
2024-10-14 17:35:31.910440 Yankee: Hotel, sending you 1
2024-10-14 17:35:31.910859 Mike: Zulu, sending you 3
2024-10-14 17:35:31.911759 Victor: Mike and Oscar, sending you 3
2024-10-14 17:35:31.912662 Oscar: Mike and Lima, sending you 4
2024-10-14 17:35:31.913695 Lima: Zulu, Mike and Oscar, sending you 4
2024-10-14 17:35:31.914985 Yankee: Sierra, sending you 7
2024-10-14 17:35:31.915682 Victor: Lima, sending you 5
2024-10-14 17:35:31.919701 Yankee: Uniform, sending you 4
chatterbot Hotel submitting transactions
chatterbot Romeo submitting transactions
chatterbot Sierra submitting transactions
chatterbot Lima submitting transactions
chatterbot Mike submitting transactions
chatterbot Yankee submitting transactions
chatterbot Uniform submitting transactions
chatterbot Zulu submitting transactions
chatterbot Oscar submitting transactions
chatterbot Victor submitting transactions
ChatterBot Hotel round 11
ChatterBot Victor round 11
ChatterBot Romeo round 11
ChatterBot Zulu round 11
ChatterBot Sierra round 11
ChatterBot Mike round 11
ChatterBot Uniform round 11
ChatterBot Oscar round 11
ChatterBot Yankee round 11
ChatterBot Lima round 11
2024-10-14 17:35:33.002230 Hotel: Sierra, sending you 5
2024-10-14 17:35:33.004685 Zulu: Victor, sending you 2
2024-10-14 17:35:33.007675 Hotel: Uniform, sending you 4
2024-10-14 17:35:33.008913 Victor: Romeo, sending you 1
2024-10-14 17:35:33.009691 Zulu: Mike and Oscar, sending you 3
2024-10-14 17:35:33.010758 Sierra: Same as last round
2024-10-14 17:35:33.012660 Hotel: Yankee, sending you 1
2024-10-14 17:35:33.013666 Mike: Victor, Oscar and Lima, sending you 4
2024-10-14 17:35:33.014183 Oscar: Victor, Romeo and Zulu, sending you 3
2024-10-14 17:35:33.014792 Victor: Zulu, sending you 2
2024-10-14 17:35:33.015457 Zulu: Lima, sending you 4
2024-10-14 17:35:33.017286 Uniform: Hotel, sending you 4
2024-10-14 17:35:33.017875 Romeo: Victor and Zulu, sending you 2
2024-10-14 17:35:33.018626 Mike: Zulu, sending you 3
2024-10-14 17:35:33.019274 Yankee: Hotel, sending you 1
2024-10-14 17:35:33.019782 Oscar: Mike and Lima, sending you 4
2024-10-14 17:35:33.020470 Victor: Mike and Oscar, sending you 3
2024-10-14 17:35:33.021153 Romeo: Mike and Lima, sending you 1
2024-10-14 17:35:33.023318 Uniform: Sierra, sending you 5
2024-10-14 17:35:33.023787 Yankee: Sierra, sending you 7
2024-10-14 17:35:33.024668 Victor: Lima, sending you 5
2024-10-14 17:35:33.027680 Romeo: Oscar, sending you 4
2024-10-14 17:35:33.028668 Uniform: Yankee, sending you 3
2024-10-14 17:35:33.029255 Yankee: Uniform, sending you 4
2024-10-14 17:35:33.029764 Lima: Victor, sending you 5
2024-10-14 17:35:33.034679 Lima: Zulu, Mike and Oscar, sending you 4
chatterbot Oscar submitting transactions
chatterbot Sierra submitting transactions
chatterbot Yankee submitting transactions
chatterbot Mike submitting transactions
chatterbot Lima submitting transactions
chatterbot Zulu submitting transactions
chatterbot Victor submitting transactions
chatterbot Uniform submitting transactions
chatterbot Romeo submitting transactions
chatterbot Hotel submitting transactions
ChatterBot Hotel round 12
ChatterBot Victor round 12
ChatterBot Romeo round 12
ChatterBot Zulu round 12
ChatterBot Sierra round 12
ChatterBot Mike round 12
ChatterBot Uniform round 12
ChatterBot Oscar round 12
ChatterBot Yankee round 12
ChatterBot Lima round 12
2024-10-14 17:35:34.269745 Zulu: Victor, sending you 2
2024-10-14 17:35:34.271826 Hotel: Sierra, sending you 5
2024-10-14 17:35:34.273699 Romeo: Victor and Zulu, sending you 2
2024-10-14 17:35:34.276231 Zulu: Mike and Oscar, sending you 3
2024-10-14 17:35:34.277421 Hotel: Uniform, sending you 4
2024-10-14 17:35:34.278681 Romeo: Mike and Lima, sending you 1
2024-10-14 17:35:34.279473 Mike: Victor, Oscar and Lima, sending you 4
2024-10-14 17:35:34.280935 Zulu: Lima, sending you 4
2024-10-14 17:35:34.281481 Hotel: Yankee, sending you 1
2024-10-14 17:35:34.281864 Victor: Romeo, sending you 1
2024-10-14 17:35:34.282681 Sierra: Same as last round
2024-10-14 17:35:34.283128 Romeo: Oscar, sending you 4
2024-10-14 17:35:34.283791 Mike: Zulu, sending you 3
2024-10-14 17:35:34.285730 Victor: Zulu, sending you 2
2024-10-14 17:35:34.288659 Uniform: Hotel, sending you 4
2024-10-14 17:35:34.289717 Victor: Mike and Oscar, sending you 3
2024-10-14 17:35:34.291633 Yankee: Hotel, sending you 1
2024-10-14 17:35:34.292481 Oscar: Victor, Romeo and Zulu, sending you 3
2024-10-14 17:35:34.293436 Uniform: Sierra, sending you 5
2024-10-14 17:35:34.295671 Victor: Lima, sending you 5
2024-10-14 17:35:34.296945 Yankee: Sierra, sending you 7
2024-10-14 17:35:34.297655 Oscar: Mike and Lima, sending you 4
2024-10-14 17:35:34.298348 Uniform: Yankee, sending you 3
2024-10-14 17:35:34.299655 Yankee: Uniform, sending you 4
2024-10-14 17:35:34.301693 Lima: Victor, sending you 5
2024-10-14 17:35:34.305655 Lima: Zulu, Mike and Oscar, sending you 4
chatterbot Mike submitting transactions
chatterbot Sierra submitting transactions
chatterbot Uniform submitting transactions
chatterbot Lima submitting transactions
chatterbot Yankee submitting transactions
chatterbot Hotel submitting transactions
chatterbot Zulu submitting transactions
chatterbot Oscar submitting transactions
chatterbot Victor submitting transactions
chatterbot Romeo submitting transactions
ChatterBot Hotel round 13
ChatterBot Victor round 13
ChatterBot Romeo round 13
ChatterBot Zulu round 13
ChatterBot Sierra round 13
ChatterBot Mike round 13
ChatterBot Uniform round 13
ChatterBot Oscar round 13
ChatterBot Yankee round 13
ChatterBot Lima round 13
2024-10-14 17:35:35.528668 Hotel: Sierra, sending you 5
2024-10-14 17:35:35.531656 Hotel: Uniform, sending you 4
2024-10-14 17:35:35.534876 Hotel: Yankee, sending you 1
2024-10-14 17:35:35.536712 Mike: Victor, Oscar and Lima, sending you 4
2024-10-14 17:35:35.539674 Oscar: Victor, Romeo and Zulu, sending you 3
2024-10-14 17:35:35.540659 Zulu: Victor, sending you 2
2024-10-14 17:35:35.541954 Mike: Zulu, sending you 3
2024-10-14 17:35:35.542576 Romeo: Victor and Zulu, sending you 2
2024-10-14 17:35:35.543199 Victor: Romeo, sending you 1
2024-10-14 17:35:35.543723 Sierra: Same as last round
2024-10-14 17:35:35.544096 Lima: Victor, sending you 5
2024-10-14 17:35:35.544488 Oscar: Mike and Lima, sending you 4
2024-10-14 17:35:35.545686 Zulu: Mike and Oscar, sending you 3
2024-10-14 17:35:35.546523 Yankee: Hotel, sending you 1
2024-10-14 17:35:35.547062 Romeo: Mike and Lima, sending you 1
2024-10-14 17:35:35.547943 Lima: Zulu, Mike and Oscar, sending you 4
2024-10-14 17:35:35.548963 Victor: Zulu, sending you 2
2024-10-14 17:35:35.549841 Zulu: Lima, sending you 4
2024-10-14 17:35:35.550743 Romeo: Oscar, sending you 4
2024-10-14 17:35:35.551671 Yankee: Sierra, sending you 7
2024-10-14 17:35:35.552135 Uniform: Hotel, sending you 4
2024-10-14 17:35:35.553682 Victor: Mike and Oscar, sending you 3
2024-10-14 17:35:35.555676 Uniform: Sierra, sending you 5
2024-10-14 17:35:35.556685 Yankee: Uniform, sending you 4
2024-10-14 17:35:35.557705 Victor: Lima, sending you 5
2024-10-14 17:35:35.560136 Uniform: Yankee, sending you 3
chatterbot Mike submitting transactions
chatterbot Oscar submitting transactions
chatterbot Lima submitting transactions
chatterbot Victor submitting transactions
chatterbot Hotel submitting transactions
chatterbot Yankee submitting transactions
chatterbot Sierra submitting transactions
chatterbot Romeo submitting transactions
chatterbot Zulu submitting transactions
chatterbot Uniform submitting transactions
ChatterBot Hotel round 14
ChatterBot Victor round 14
ChatterBot Romeo round 14
ChatterBot Zulu round 14
ChatterBot Sierra round 14
ChatterBot Mike round 14
ChatterBot Uniform round 14
ChatterBot Oscar round 14
ChatterBot Yankee round 14
ChatterBot Lima round 14
2024-10-14 17:35:36.701662 Romeo: Victor, sending you 2
2024-10-14 17:35:36.706686 Romeo: Zulu, Mike and Lima, sending you 1
2024-10-14 17:35:36.709090 Zulu: Victor, sending you 2
2024-10-14 17:35:36.710168 Victor: Romeo, sending you 1
2024-10-14 17:35:36.711035 Mike: Victor, Oscar and Lima, sending you 4
2024-10-14 17:35:36.711723 Romeo: Oscar, sending you 5
2024-10-14 17:35:36.712676 Zulu: Mike and Oscar, sending you 3
2024-10-14 17:35:36.713485 Sierra: Same as last round
2024-10-14 17:35:36.714675 Victor: Zulu, sending you 2
2024-10-14 17:35:36.715314 Mike: Zulu, sending you 3
2024-10-14 17:35:36.715877 Uniform: Hotel, sending you 4
2024-10-14 17:35:36.716289 Zulu: Lima, sending you 4
2024-10-14 17:35:36.716945 Lima: Victor, sending you 5
2024-10-14 17:35:36.717371 Yankee: Hotel, sending you 1
2024-10-14 17:35:36.717793 Oscar: Victor, Romeo and Zulu, sending you 3
2024-10-14 17:35:36.718678 Victor: Mike and Oscar, sending you 3
2024-10-14 17:35:36.719681 Uniform: Sierra, sending you 5
2024-10-14 17:35:36.720071 Lima: Zulu, Mike and Oscar, sending you 4
2024-10-14 17:35:36.720656 Hotel: Sierra, sending you 5
2024-10-14 17:35:36.721099 Oscar: Mike and Lima, sending you 4
2024-10-14 17:35:36.721819 Yankee: Sierra, sending you 7
2024-10-14 17:35:36.722206 Victor: Lima, sending you 5
2024-10-14 17:35:36.723660 Uniform: Yankee, sending you 3
2024-10-14 17:35:36.724666 Hotel: Uniform, sending you 4
2024-10-14 17:35:36.725654 Yankee: Uniform, sending you 4
2024-10-14 17:35:36.727664 Hotel: Yankee, sending you 1
chatterbot Romeo submitting transactions
chatterbot Yankee submitting transactions
chatterbot Oscar submitting transactions
chatterbot Hotel submitting transactions
chatterbot Zulu submitting transactions
chatterbot Uniform submitting transactions
chatterbot Sierra submitting transactions
chatterbot Lima submitting transactions
chatterbot Mike submitting transactions
chatterbot Victor submitting transactions
ChatterBot Hotel round 15
ChatterBot Victor round 15
ChatterBot Romeo round 15
ChatterBot Zulu round 15
ChatterBot Sierra round 15
ChatterBot Mike round 15
ChatterBot Uniform round 15
ChatterBot Oscar round 15
ChatterBot Yankee round 15
ChatterBot Lima round 15
2024-10-14 17:35:37.968689 Zulu: Victor, sending you 2
2024-10-14 17:35:37.974676 Zulu: Mike and Oscar, sending you 3
2024-10-14 17:35:37.975964 Romeo: Victor, sending you 2
2024-10-14 17:35:37.978731 Victor: Zulu, sending you 2
2024-10-14 17:35:37.980112 Zulu: Lima, sending you 4
2024-10-14 17:35:37.981443 Romeo: Zulu, Mike and Lima, sending you 1
2024-10-14 17:35:37.983223 Uniform: Hotel, sending you 4
2024-10-14 17:35:37.984059 Mike: Victor, Oscar and Lima, sending you 4
2024-10-14 17:35:37.985061 Oscar: Victor, Romeo and Zulu, sending you 3
2024-10-14 17:35:37.986264 Victor: Mike, sending you 4
2024-10-14 17:35:37.987783 Sierra: Same as last round
2024-10-14 17:35:37.988754 Yankee: Hotel, sending you 1
2024-10-14 17:35:37.990013 Romeo: Oscar, sending you 5
2024-10-14 17:35:37.991139 Uniform: Sierra, sending you 5
2024-10-14 17:35:37.992004 Lima: Victor, sending you 5
2024-10-14 17:35:37.993144 Mike: Zulu, sending you 3
2024-10-14 17:35:37.994333 Oscar: Mike and Lima, sending you 4
2024-10-14 17:35:37.995487 Victor: Oscar, sending you 3
2024-10-14 17:35:37.996925 Hotel: Sierra, sending you 5
2024-10-14 17:35:37.997917 Yankee: Sierra, sending you 7
2024-10-14 17:35:37.998658 Uniform: Yankee, sending you 3
2024-10-14 17:35:38.000455 Lima: Zulu, Mike and Oscar, sending you 4
2024-10-14 17:35:38.001756 Victor: Lima, sending you 5
2024-10-14 17:35:38.003297 Hotel: Uniform, sending you 4
2024-10-14 17:35:38.004070 Yankee: Uniform, sending you 4
2024-10-14 17:35:38.007680 Hotel: Yankee, sending you 1
chatterbot Uniform submitting transactions
chatterbot Sierra submitting transactions
chatterbot Lima submitting transactions
chatterbot Yankee submitting transactions
chatterbot Victor submitting transactions
chatterbot Romeo submitting transactions
chatterbot Hotel submitting transactions
chatterbot Mike submitting transactions
chatterbot Zulu submitting transactions
chatterbot Oscar submitting transactions
ChatterBot Hotel round 16
ChatterBot Victor round 16
ChatterBot Romeo round 16
ChatterBot Zulu round 16
ChatterBot Sierra round 16
ChatterBot Mike round 16
ChatterBot Uniform round 16
ChatterBot Oscar round 16
ChatterBot Yankee round 16
ChatterBot Lima round 16
2024-10-14 17:35:39.108330 Romeo: We should drop Zulu
2024-10-14 17:35:39.122151 Victor: No
2024-10-14 17:35:39.122322 Mike: No
2024-10-14 17:35:39.122466 Oscar: No
2024-10-14 17:35:39.122607 Lima: No
ChatterBot Romeo reevaluating
ChatterBot Romeo reevaluating
ChatterBot Romeo reevaluating
ChatterBot Romeo reevaluating
ChatterBot Victor reevaluating
2024-10-14 17:35:39.164901 Victor: We should drop Romeo
ChatterBot Oscar reevaluating
2024-10-14 17:35:39.173120 Zulu: No
2024-10-14 17:35:39.173260 Mike: Yes
2024-10-14 17:35:39.173369 Oscar: Yes
2024-10-14 17:35:39.173486 Lima: Yes
ChatterBot Victor reevaluating
ChatterBot Oscar reevaluating
ChatterBot Victor reevaluating
ChatterBot Oscar reevaluating
ChatterBot Victor reevaluating
ChatterBot Zulu reevaluating
ChatterBot Victor reevaluating
ChatterBot Zulu reevaluating
ChatterBot Oscar reevaluating
2024-10-14 17:35:39.222236 Hotel: Sierra, sending you 5
2024-10-14 17:35:39.226684 Sierra: Same as last round
2024-10-14 17:35:39.227382 Romeo: Victor, sending you 2
2024-10-14 17:35:39.228450 Hotel: Uniform, sending you 4
2024-10-14 17:35:39.229128 Mike: Victor, Oscar and Lima, sending you 4
2024-10-14 17:35:39.229770 Uniform: Hotel, sending you 4
2024-10-14 17:35:39.231662 Romeo: Zulu, Mike and Lima, sending you 1
2024-10-14 17:35:39.233669 Hotel: Yankee, sending you 1
2024-10-14 17:35:39.234205 Mike: Zulu, sending you 3
2024-10-14 17:35:39.234773 Uniform: Sierra, sending you 5
