ChatterBot Mike round 1
ChatterBot Whiskey round 1
ChatterBot Charlie round 1
ChatterBot Romeo round 1
ChatterBot Golf round 1
ChatterBot Bravo round 1
ChatterBot Lima round 1
ChatterBot Quebec round 1
ChatterBot Uniform round 1
ChatterBot Foxtrot round 1
randomSelections Whiskey: {Whiskey, Charlie, Uniform, Bravo, Golf, Quebec} 
2024-10-14 17:35:19.410703 Whiskey: Friends?
ChatterBot Charlie reevaluating
ChatterBot Uniform reevaluating
ChatterBot Bravo reevaluating
ChatterBot Golf reevaluating
ChatterBot Quebec reevaluating
2024-10-14 17:35:19.429655 Charlie: Yes
2024-10-14 17:35:19.429931 Uniform: Yes
2024-10-14 17:35:19.430084 Bravo: Yes
2024-10-14 17:35:19.430338 Golf: Yes
2024-10-14 17:35:19.430577 Quebec: Yes
ChatterBot Uniform reevaluating
ChatterBot Bravo reevaluating
ChatterBot Golf reevaluating
ChatterBot Quebec reevaluating
ChatterBot Charlie reevaluating
ChatterBot Bravo reevaluating
ChatterBot Golf reevaluating
ChatterBot Quebec reevaluating
ChatterBot Charlie reevaluating
ChatterBot Uniform reevaluating
ChatterBot Golf reevaluating
ChatterBot Quebec reevaluating
ChatterBot Charlie reevaluating
ChatterBot Uniform reevaluating
ChatterBot Bravo reevaluating
ChatterBot Quebec reevaluating
ChatterBot Charlie reevaluating
ChatterBot Uniform reevaluating
ChatterBot Bravo reevaluating
ChatterBot Golf reevaluating
randomSelections Lima: {Lima, Bravo, Mike, Foxtrot, Romeo, Uniform} 
2024-10-14 17:35:19.491473 Lima: We should group up
ChatterBot Bravo reevaluating
ChatterBot Mike reevaluating
ChatterBot Foxtrot reevaluating
ChatterBot Romeo reevaluating
ChatterBot Uniform reevaluating
2024-10-14 17:35:19.500355 Bravo: No
2024-10-14 17:35:19.500567 Mike: Yes
2024-10-14 17:35:19.500704 Foxtrot: Yes
2024-10-14 17:35:19.500799 Romeo: Yes
2024-10-14 17:35:19.500888 Uniform: No
ChatterBot Mike reevaluating
ChatterBot Foxtrot reevaluating
ChatterBot Romeo reevaluating
ChatterBot Uniform reevaluating
ChatterBot Bravo reevaluating
ChatterBot Foxtrot reevaluating
ChatterBot Romeo reevaluating
ChatterBot Uniform reevaluating
ChatterBot Bravo reevaluating
ChatterBot Mike reevaluating
ChatterBot Romeo reevaluating
ChatterBot Uniform reevaluating
ChatterBot Bravo reevaluating
ChatterBot Mike reevaluating
ChatterBot Foxtrot reevaluating
ChatterBot Uniform reevaluating
ChatterBot Bravo reevaluating
ChatterBot Mike reevaluating
ChatterBot Foxtrot reevaluating
ChatterBot Romeo reevaluating
2024-10-14 17:35:19.572861 Charlie: Whiskey, sending you 3
2024-10-14 17:35:19.574244 Bravo: Whiskey and Uniform, sending you 2
2024-10-14 17:35:19.574969 Golf: Whiskey, sending you 3
2024-10-14 17:35:19.576170 Uniform: Whiskey, sending you 1
2024-10-14 17:35:19.576802 Lima: Mike, Romeo and Foxtrot, sending you 4
2024-10-14 17:35:19.577287 Quebec: Whiskey and Uniform, sending you 3
2024-10-14 17:35:19.578323 Foxtrot: Mike and Bravo, sending you 4
2024-10-14 17:35:19.578890 Charlie: Bravo, sending you 4
2024-10-14 17:35:19.580103 Bravo: Charlie, sending you 3
2024-10-14 17:35:19.580565 Uniform: Charlie, sending you 2
2024-10-14 17:35:19.580835 Golf: Bravo, sending you 2
2024-10-14 17:35:19.581076 Romeo: Mike, sending you 5
2024-10-14 17:35:19.582242 Quebec: Bravo, sending you 4
2024-10-14 17:35:19.582522 Lima: Bravo and Uniform, sending you 1
2024-10-14 17:35:19.582782 Foxtrot: Romeo, sending you 1
2024-10-14 17:35:19.590595 Charlie: Quebec, sending you 1
2024-10-14 17:35:19.590972 Bravo: Golf and Quebec, sending you 1
2024-10-14 17:35:19.591714 Romeo: Bravo, sending you 2
2024-10-14 17:35:19.592070 Uniform: Golf, sending you 4
2024-10-14 17:35:19.592410 Golf: Quebec, sending you 7
2024-10-14 17:35:19.592674 Foxtrot: Lima, sending you 3
2024-10-14 17:35:19.596424 Charlie: Uniform, sending you 2
2024-10-14 17:35:19.597044 Romeo: Lima, sending you 3
2024-10-14 17:35:19.598160 Uniform: Bravo, sending you 3
2024-10-14 17:35:19.598600 Golf: Uniform, sending you 4
2024-10-14 17:35:19.599032 Foxtrot: Uniform, sending you 5
2024-10-14 17:35:19.603259 Romeo: Uniform, sending you 6
2024-10-14 17:35:19.603698 Uniform: Quebec, sending you 6
2024-10-14 17:35:19.608226 Romeo: Foxtrot, sending you 1
chatterbot Quebec submitting transactions
chatterbot Uniform submitting transactions
chatterbot Mike submitting transactions
chatterbot Lima submitting transactions
chatterbot Romeo submitting transactions
chatterbot Bravo submitting transactions
chatterbot Whiskey submitting transactions
chatterbot Charlie submitting transactions
chatterbot Foxtrot submitting transactions
chatterbot Golf submitting transactions
ChatterBot Mike round 2
ChatterBot Whiskey round 2
ChatterBot Charlie round 2
ChatterBot Romeo round 2
ChatterBot Golf round 2
ChatterBot Bravo round 2
ChatterBot Lima round 2
ChatterBot Quebec round 2
ChatterBot Uniform round 2
ChatterBot Foxtrot round 2
2024-10-14 17:35:20.774290 Mike: Friends?
ChatterBot Romeo reevaluating
ChatterBot Lima reevaluating
ChatterBot Foxtrot reevaluating
ChatterBot Whiskey reevaluating
2024-10-14 17:35:20.820023 Romeo: No
2024-10-14 17:35:20.820313 Lima: No
2024-10-14 17:35:20.820530 Foxtrot: No
2024-10-14 17:35:20.821307 Whiskey: No
ChatterBot Lima reevaluating
ChatterBot Foxtrot reevaluating
ChatterBot Whiskey reevaluating
ChatterBot Romeo reevaluating
ChatterBot Foxtrot reevaluating
ChatterBot Whiskey reevaluating
ChatterBot Romeo reevaluating
ChatterBot Lima reevaluating
ChatterBot Whiskey reevaluating
ChatterBot Romeo reevaluating
ChatterBot Lima reevaluating
ChatterBot Foxtrot reevaluating
2024-10-14 17:35:20.966676 Lima: Group up?
ChatterBot Romeo reevaluating
ChatterBot Foxtrot reevaluating
2024-10-14 17:35:20.982097 Romeo: Yes
2024-10-14 17:35:20.982313 Foxtrot: Yes
ChatterBot Lima reevaluating
ChatterBot Foxtrot reevaluating
ChatterBot Lima reevaluating
ChatterBot Romeo reevaluating
2024-10-14 17:35:21.027731 Golf: We should drop Whiskey
2024-10-14 17:35:21.049694 Charlie: No
2024-10-14 17:35:21.050271 Bravo: Yes
2024-10-14 17:35:21.050413 Quebec: Yes
2024-10-14 17:35:21.050537 Uniform: Yes
ChatterBot Golf reevaluating
ChatterBot Golf reevaluating
ChatterBot Golf reevaluating
ChatterBot Golf reevaluating
ChatterBot Charlie reevaluating
2024-10-14 17:35:21.139448 Romeo: We should drop Bravo and Uniform
2024-10-14 17:35:21.153295 Mike: Yes
2024-10-14 17:35:21.153503 Lima: Yes
2024-10-14 17:35:21.153637 Foxtrot: Yes
ChatterBot Lima reevaluating
chatterbot Mike submitting transactions
2024-10-14 17:35:21.411605 Mike: Whiskey, sending you 1
2024-10-14 17:35:21.411883 Whiskey: Charlie, Golf and Quebec, sending you 5
2024-10-14 17:35:21.837914 Whiskey: Bravo, sending you 4
2024-10-14 17:35:21.838754 Mike: Romeo, sending you 6
2024-10-14 17:35:21.839087 Uniform: Charlie and Quebec, sending you 4
2024-10-14 17:35:21.839371 Romeo: Lima, sending you 13
2024-10-14 17:35:21.839573 Quebec: Charlie and Bravo, sending you 2
2024-10-14 17:35:21.840166 Bravo: Charlie, sending you 3
chatterbot Charlie submitting transactions
chatterbot Whiskey submitting transactions
chatterbot Foxtrot submitting transactions
chatterbot Uniform submitting transactions
2024-10-14 17:35:21.956946 Whiskey: Uniform, sending you 1
2024-10-14 17:35:21.957406 Mike: Lima and Foxtrot, sending you 4
2024-10-14 17:35:21.957759 Uniform: Golf, sending you 5
2024-10-14 17:35:21.958461 Bravo: Golf, Quebec and Uniform, sending you 2
2024-10-14 17:35:21.958776 Foxtrot: Romeo, sending you 4
2024-10-14 17:35:21.959445 Romeo: Foxtrot, sending you 4
2024-10-14 17:35:21.959763 Quebec: Golf, sending you 4
2024-10-14 17:35:21.960087 Charlie: Golf, sending you 2
2024-10-14 17:35:21.960421 Golf: Charlie and Quebec, sending you 3
2024-10-14 17:35:21.961242 Uniform: Bravo, sending you 3
2024-10-14 17:35:22.008429 Quebec: Uniform, sending you 3
2024-10-14 17:35:22.008871 Charlie: Bravo, sending you 4
2024-10-14 17:35:22.009438 Foxtrot: Lima, sending you 13
2024-10-14 17:35:22.009723 Lima: Romeo and Foxtrot, sending you 7
2024-10-14 17:35:22.010035 Golf: Bravo, sending you 4
2024-10-14 17:35:22.043520 Charlie: Quebec, sending you 1
2024-10-14 17:35:22.044249 Golf: Uniform, sending you 8
2024-10-14 17:35:22.081943 Charlie: Uniform, sending you 3
chatterbot Bravo submitting transactions
chatterbot Romeo submitting transactions
chatterbot Quebec submitting transactions
chatterbot Golf submitting transactions
chatterbot Lima submitting transactions
ChatterBot Mike round 3
ChatterBot Whiskey round 3
ChatterBot Charlie round 3
ChatterBot Romeo round 3
ChatterBot Golf round 3
ChatterBot Bravo round 3
ChatterBot Lima round 3
ChatterBot Quebec round 3
ChatterBot Uniform round 3
ChatterBot Foxtrot round 3
2024-10-14 17:35:22.796276 Charlie: We should add Whiskey
ChatterBot Golf reevaluating
ChatterBot Bravo reevaluating
ChatterBot Quebec reevaluating
ChatterBot Uniform reevaluating
2024-10-14 17:35:22.814480 Golf: Yes
2024-10-14 17:35:22.814659 Bravo: Yes
2024-10-14 17:35:22.814810 Quebec: Yes
2024-10-14 17:35:22.815551 Uniform: Yes
ChatterBot Bravo reevaluating
ChatterBot Quebec reevaluating
ChatterBot Uniform reevaluating
ChatterBot Golf reevaluating
ChatterBot Quebec reevaluating
ChatterBot Uniform reevaluating
ChatterBot Golf reevaluating
ChatterBot Bravo reevaluating
ChatterBot Uniform reevaluating
ChatterBot Golf reevaluating
ChatterBot Bravo reevaluating
ChatterBot Quebec reevaluating
2024-10-14 17:35:22.904549 Mike: We should drop Whiskey
2024-10-14 17:35:22.913857 Romeo: Yes
2024-10-14 17:35:22.914012 Lima: Yes
2024-10-14 17:35:22.914258 Foxtrot: Yes
ChatterBot Mike reevaluating
ChatterBot Mike reevaluating
ChatterBot Mike reevaluating
2024-10-14 17:35:22.944280 Charlie: Whiskey we want you to join our group
2024-10-14 17:35:22.946839 Whiskey: Yes
ChatterBot Uniform reevaluating
ChatterBot Bravo reevaluating
ChatterBot Golf reevaluating
ChatterBot Quebec reevaluating
2024-10-14 17:35:22.965662 Lima: Mike, sending you 2
2024-10-14 17:35:22.965955 Whiskey: Charlie and Quebec, sending you 5
2024-10-14 17:35:22.966723 Golf: Whiskey we want you to join our group
2024-10-14 17:35:22.969788 Whiskey: Yes
ChatterBot Golf reevaluating
2024-10-14 17:35:22.984910 Quebec: Whiskey we want you to join our group
2024-10-14 17:35:22.987772 Whiskey: Yes
2024-10-14 17:35:23.000382 Bravo: Whiskey we want you to join our group
2024-10-14 17:35:23.003300 Whiskey: Yes
2024-10-14 17:35:23.015452 Whiskey: Golf and Bravo, sending you 4
2024-10-14 17:35:23.015893 Uniform: Whiskey we want you to join our group
2024-10-14 17:35:23.018458 Whiskey: Yes
2024-10-14 17:35:23.030662 Lima: Romeo and Foxtrot, sending you 6
2024-10-14 17:35:23.031223 Foxtrot: Mike and Romeo, sending you 4
2024-10-14 17:35:23.031484 Whiskey: Uniform, sending you 2
2024-10-14 17:35:23.033694 Charlie: Sending you each 2
2024-10-14 17:35:23.034289 Romeo: Mike, sending you 6
2024-10-14 17:35:23.034586 Foxtrot: Lima, sending you 9
2024-10-14 17:35:23.037686 Romeo: Lima, sending you 8
2024-10-14 17:35:23.042667 Romeo: Foxtrot, sending you 3
2024-10-14 17:35:23.048643 Bravo: Whiskey, sending you 1
2024-10-14 17:35:23.050669 Golf: Whiskey, sending you 4
2024-10-14 17:35:23.051698 Bravo: Charlie, Golf, Quebec and Uniform, sending you 2
2024-10-14 17:35:23.053668 Quebec: Whiskey and Bravo, sending you 2
2024-10-14 17:35:23.054672 Golf: Charlie, Bravo and Quebec, sending you 3
2024-10-14 17:35:23.055689 Uniform: Whiskey, sending you 2
2024-10-14 17:35:23.056683 Quebec: Charlie, sending you 1
2024-10-14 17:35:23.059651 Golf: Uniform, sending you 5
2024-10-14 17:35:23.060217 Quebec: Golf and Uniform, sending you 3
2024-10-14 17:35:23.060687 Uniform: Charlie, Bravo and Quebec, sending you 3
2024-10-14 17:35:23.065668 Uniform: Golf, sending you 5
chatterbot Lima submitting transactions
chatterbot Foxtrot submitting transactions
chatterbot Golf submitting transactions
chatterbot Whiskey submitting transactions
chatterbot Bravo submitting transactions
chatterbot Charlie submitting transactions
chatterbot Uniform submitting transactions
chatterbot Mike submitting transactions
chatterbot Quebec submitting transactions
chatterbot Romeo submitting transactions
ChatterBot Mike round 4
ChatterBot Whiskey round 4
ChatterBot Charlie round 4
ChatterBot Romeo round 4
ChatterBot Golf round 4
ChatterBot Bravo round 4
ChatterBot Lima round 4
ChatterBot Quebec round 4
ChatterBot Uniform round 4
ChatterBot Foxtrot round 4
2024-10-14 17:35:24.051377 Mike: We should replace Whiskey with Charlie
2024-10-14 17:35:24.058790 Romeo: No
2024-10-14 17:35:24.058951 Lima: No
2024-10-14 17:35:24.059085 Foxtrot: No
ChatterBot Mike reevaluating
ChatterBot Mike reevaluating
ChatterBot Mike reevaluating
2024-10-14 17:35:24.121982 Charlie: Same as last round
2024-10-14 17:35:24.126064 Mike: We should drop Whiskey
2024-10-14 17:35:24.136126 Romeo: Yes
2024-10-14 17:35:24.136354 Lima: Yes
2024-10-14 17:35:24.136539 Foxtrot: Yes
ChatterBot Mike reevaluating
ChatterBot Mike reevaluating
ChatterBot Mike reevaluating
2024-10-14 17:35:24.165658 Whiskey: Charlie and Quebec, sending you 4
2024-10-14 17:35:24.168664 Bravo: Whiskey, Charlie, Golf and Uniform, sending you 2
2024-10-14 17:35:24.169124 Lima: Mike, sending you 2
2024-10-14 17:35:24.169643 Whiskey: Golf, sending you 6
2024-10-14 17:35:24.170006 Romeo: Mike, sending you 6
2024-10-14 17:35:24.170678 Uniform: Whiskey, sending you 2
2024-10-14 17:35:24.171056 Quebec: Whiskey, Charlie, Golf and Bravo, sending you 2
2024-10-14 17:35:24.171436 Golf: Whiskey and Quebec, sending you 4
2024-10-14 17:35:24.171853 Bravo: Quebec, sending you 1
2024-10-14 17:35:24.172779 Lima: Romeo and Foxtrot, sending you 6
2024-10-14 17:35:24.173680 Romeo: Lima, sending you 7
2024-10-14 17:35:24.173946 Quebec: Uniform, sending you 3
2024-10-14 17:35:24.174678 Whiskey: Bravo and Uniform, sending you 3
2024-10-14 17:35:24.175702 Uniform: Charlie, Bravo and Quebec, sending you 3
2024-10-14 17:35:24.176275 Golf: Charlie, sending you 2
2024-10-14 17:35:24.177681 Romeo: Foxtrot, sending you 4
2024-10-14 17:35:24.178664 Foxtrot: Mike, sending you 5
2024-10-14 17:35:24.179681 Golf: Bravo, sending you 3
2024-10-14 17:35:24.180695 Uniform: Golf, sending you 5
2024-10-14 17:35:24.182686 Foxtrot: Romeo, sending you 4
2024-10-14 17:35:24.183670 Golf: Uniform, sending you 5
2024-10-14 17:35:24.187689 Foxtrot: Lima, sending you 8
chatterbot Lima submitting transactions
chatterbot Uniform submitting transactions
chatterbot Foxtrot submitting transactions
chatterbot Whiskey submitting transactions
chatterbot Charlie submitting transactions
chatterbot Romeo submitting transactions
chatterbot Bravo submitting transactions
chatterbot Quebec submitting transactions
chatterbot Mike submitting transactions
chatterbot Golf submitting transactions
ChatterBot Mike round 5
ChatterBot Whiskey round 5
ChatterBot Charlie round 5
ChatterBot Romeo round 5
ChatterBot Golf round 5
ChatterBot Bravo round 5
ChatterBot Lima round 5
ChatterBot Quebec round 5
ChatterBot Uniform round 5
ChatterBot Foxtrot round 5
2024-10-14 17:35:25.377530 Mike: We should drop Whiskey
2024-10-14 17:35:25.386356 Romeo: Yes
2024-10-14 17:35:25.386492 Lima: Yes
2024-10-14 17:35:25.386602 Foxtrot: Yes
ChatterBot Mike reevaluating
ChatterBot Mike reevaluating
ChatterBot Mike reevaluating
2024-10-14 17:35:25.415682 Charlie: Same as last round
2024-10-14 17:35:25.419664 Golf: Whiskey, sending you 4
2024-10-14 17:35:25.423673 Golf: Charlie, Bravo and Quebec, sending you 3
2024-10-14 17:35:25.427698 Foxtrot: Mike, sending you 5
2024-10-14 17:35:25.428651 Golf: Uniform, sending you 5
2024-10-14 17:35:25.429695 Romeo: Mike, sending you 6
2024-10-14 17:35:25.431689 Whiskey: Charlie, Bravo and Quebec, sending you 4
2024-10-14 17:35:25.432368 Uniform: Whiskey, Charlie, Bravo and Quebec, sending you 3
2024-10-14 17:35:25.432885 Foxtrot: Romeo, sending you 4
2024-10-14 17:35:25.433198 Lima: Mike, sending you 3
2024-10-14 17:35:25.433675 Bravo: Whiskey, Charlie, Golf and Uniform, sending you 2
2024-10-14 17:35:25.434123 Romeo: Lima, sending you 7
2024-10-14 17:35:25.435066 Quebec: Whiskey, Charlie, Golf and Bravo, sending you 2
2024-10-14 17:35:25.435684 Whiskey: Golf, sending you 5
2024-10-14 17:35:25.436687 Foxtrot: Lima, sending you 8
2024-10-14 17:35:25.436992 Lima: Romeo, sending you 5
2024-10-14 17:35:25.437699 Uniform: Golf, sending you 4
2024-10-14 17:35:25.438278 Bravo: Quebec, sending you 1
2024-10-14 17:35:25.438765 Romeo: Foxtrot, sending you 4
2024-10-14 17:35:25.439975 Quebec: Uniform, sending you 3
2024-10-14 17:35:25.440535 Lima: Foxtrot, sending you 6
2024-10-14 17:35:25.440862 Whiskey: Uniform, sending you 3
chatterbot Golf submitting transactions
chatterbot Charlie submitting transactions
chatterbot Uniform submitting transactions
chatterbot Romeo submitting transactions
chatterbot Quebec submitting transactions
chatterbot Whiskey submitting transactions
chatterbot Lima submitting transactions
chatterbot Bravo submitting transactions
chatterbot Foxtrot submitting transactions
chatterbot Mike submitting transactions
ChatterBot Mike round 6
ChatterBot Whiskey round 6
2024-10-14 17:35:26.582850 Mike: We should replace Whiskey with Quebec
2024-10-14 17:35:26.588602 Romeo: No
2024-10-14 17:35:26.588775 Lima: No
2024-10-14 17:35:26.589309 Foxtrot: No
ChatterBot Mike reevaluating
ChatterBot Mike reevaluating
ChatterBot Mike reevaluating
ChatterBot Charlie round 6
ChatterBot Romeo round 6
ChatterBot Golf round 6
ChatterBot Bravo round 6
ChatterBot Lima round 6
ChatterBot Quebec round 6
ChatterBot Uniform round 6
ChatterBot Foxtrot round 6
2024-10-14 17:35:26.631554 Mike: We should drop Whiskey
2024-10-14 17:35:26.636948 Romeo: Yes
2024-10-14 17:35:26.637088 Lima: Yes
2024-10-14 17:35:26.637206 Foxtrot: Yes
ChatterBot Mike reevaluating
ChatterBot Mike reevaluating
ChatterBot Mike reevaluating
2024-10-14 17:35:26.661665 Whiskey: Charlie, Quebec and Uniform, sending you 4
2024-10-14 17:35:26.665673 Bravo: Whiskey, Charlie, Golf and Uniform, sending you 2
2024-10-14 17:35:26.666678 Lima: Mike, sending you 3
2024-10-14 17:35:26.667052 Whiskey: Golf, sending you 5
2024-10-14 17:35:26.669903 Uniform: Whiskey, Charlie, Bravo and Quebec, sending you 3
2024-10-14 17:35:26.670489 Foxtrot: Mike, sending you 5
2024-10-14 17:35:26.670815 Bravo: Quebec, sending you 1
2024-10-14 17:35:26.671677 Lima: Romeo, sending you 5
2024-10-14 17:35:26.671972 Whiskey: Bravo, sending you 3
2024-10-14 17:35:26.672677 Romeo: Mike, sending you 6
2024-10-14 17:35:26.674279 Uniform: Golf, sending you 4
2024-10-14 17:35:26.674816 Foxtrot: Romeo, sending you 4
2024-10-14 17:35:26.675123 Charlie: Same as last round
2024-10-14 17:35:26.675552 Golf: Whiskey, sending you 4
2024-10-14 17:35:26.675998 Quebec: Whiskey, Charlie, Golf and Bravo, sending you 2
2024-10-14 17:35:26.676690 Lima: Foxtrot, sending you 6
2024-10-14 17:35:26.677081 Romeo: Lima, sending you 7
2024-10-14 17:35:26.678668 Foxtrot: Lima, sending you 8
2024-10-14 17:35:26.678998 Golf: Charlie, Bravo and Quebec, sending you 3
2024-10-14 17:35:26.680667 Quebec: Uniform, sending you 3
2024-10-14 17:35:26.681587 Romeo: Foxtrot, sending you 4
2024-10-14 17:35:26.682659 Golf: Uniform, sending you 5
chatterbot Charlie submitting transactions
chatterbot Romeo submitting transactions
chatterbot Golf submitting transactions
chatterbot Mike submitting transactions
chatterbot Lima submitting transactions
chatterbot Bravo submitting transactions
chatterbot Uniform submitting transactions
chatterbot Quebec submitting transactions
chatterbot Whiskey submitting transactions
chatterbot Foxtrot submitting transactions
ChatterBot Mike round 7
ChatterBot Whiskey round 7
ChatterBot Charlie round 7
ChatterBot Romeo round 7
ChatterBot Golf round 7
ChatterBot Bravo round 7
ChatterBot Lima round 7
ChatterBot Quebec round 7
2024-10-14 17:35:27.769506 Mike: We should replace Whiskey with Quebec
2024-10-14 17:35:27.778262 Romeo: No
2024-10-14 17:35:27.778456 Lima: No
2024-10-14 17:35:27.778610 Foxtrot: No
ChatterBot Mike reevaluating
ChatterBot Mike reevaluating
ChatterBot Mike reevaluating
ChatterBot Uniform round 7
ChatterBot Foxtrot round 7
2024-10-14 17:35:27.833113 Mike: Quebec we want you to join our group
2024-10-14 17:35:27.835273 Quebec: No
ChatterBot Mike reevaluating
2024-10-14 17:35:27.844264 Romeo: Mike, sending you 6
2024-10-14 17:35:27.848238 Mike: We should drop Whiskey
2024-10-14 17:35:27.855877 Romeo: Yes
2024-10-14 17:35:27.856050 Lima: Yes
2024-10-14 17:35:27.856193 Foxtrot: Yes
ChatterBot Mike reevaluating
ChatterBot Mike reevaluating
ChatterBot Mike reevaluating
2024-10-14 17:35:27.880486 Romeo: Lima, sending you 7
2024-10-14 17:35:27.880860 Charlie: Same as last round
2024-10-14 17:35:27.881416 Bravo: Whiskey, Charlie, Golf and Uniform, sending you 2
2024-10-14 17:35:27.881843 Whiskey: Charlie, Quebec and Uniform, sending you 4
2024-10-14 17:35:27.882226 Golf: Whiskey, sending you 4
2024-10-14 17:35:27.882608 Quebec: Whiskey, Charlie, Golf and Bravo, sending you 2
2024-10-14 17:35:27.884676 Bravo: Quebec, sending you 1
2024-10-14 17:35:27.885698 Romeo: Foxtrot, sending you 4
2024-10-14 17:35:27.886280 Lima: Mike, sending you 3
2024-10-14 17:35:27.887624 Golf: Charlie, Bravo and Quebec, sending you 3
2024-10-14 17:35:27.888380 Quebec: Uniform, sending you 3
2024-10-14 17:35:27.889112 Whiskey: Golf, sending you 5
2024-10-14 17:35:27.889879 Uniform: Whiskey, Charlie, Bravo and Quebec, sending you 3
2024-10-14 17:35:27.890651 Foxtrot: Mike, sending you 5
2024-10-14 17:35:27.891217 Golf: Uniform, sending you 5
2024-10-14 17:35:27.891956 Lima: Romeo, sending you 5
2024-10-14 17:35:27.892672 Whiskey: Bravo, sending you 3
2024-10-14 17:35:27.895273 Uniform: Golf, sending you 4
2024-10-14 17:35:27.895881 Foxtrot: Romeo, sending you 4
2024-10-14 17:35:27.896673 Lima: Foxtrot, sending you 6
2024-10-14 17:35:27.898677 Foxtrot: Lima, sending you 8
chatterbot Romeo submitting transactions
chatterbot Bravo submitting transactions
chatterbot Lima submitting transactions
chatterbot Golf submitting transactions
chatterbot Mike submitting transactions
chatterbot Uniform submitting transactions
chatterbot Charlie submitting transactions
chatterbot Foxtrot submitting transactions
chatterbot Quebec submitting transactions
chatterbot Whiskey submitting transactions
ChatterBot Mike round 8
ChatterBot Whiskey round 8
ChatterBot Charlie round 8
ChatterBot Romeo round 8
ChatterBot Golf round 8
ChatterBot Bravo round 8
ChatterBot Lima round 8
ChatterBot Quebec round 8
ChatterBot Uniform round 8
ChatterBot Foxtrot round 8
2024-10-14 17:35:29.089340 Mike: We should replace Whiskey with Quebec
2024-10-14 17:35:29.126105 Romeo: No
2024-10-14 17:35:29.126310 Lima: No
2024-10-14 17:35:29.126501 Foxtrot: No
ChatterBot Mike reevaluating
ChatterBot Mike reevaluating
ChatterBot Mike reevaluating
2024-10-14 17:35:29.167800 Mike: We should replace Whiskey with Charlie
2024-10-14 17:35:29.174948 Romeo: No
2024-10-14 17:35:29.175718 Lima: No
2024-10-14 17:35:29.176019 Foxtrot: No
ChatterBot Mike reevaluating
ChatterBot Mike reevaluating
ChatterBot Mike reevaluating
2024-10-14 17:35:29.200677 Lima: Mike, sending you 3
2024-10-14 17:35:29.201704 Romeo: Mike, sending you 6
2024-10-14 17:35:29.202826 Golf: Whiskey, sending you 4
2024-10-14 17:35:29.204636 Whiskey: Charlie, Bravo and Uniform, sending you 4
2024-10-14 17:35:29.206187 Mike: Quebec we want you to join our group
2024-10-14 17:35:29.210239 Quebec: No
ChatterBot Mike reevaluating
2024-10-14 17:35:29.226018 Lima: Romeo, sending you 5
2024-10-14 17:35:29.226526 Romeo: Lima, sending you 7
2024-10-14 17:35:29.227073 Golf: Charlie, Bravo and Quebec, sending you 3
2024-10-14 17:35:29.227787 Uniform: Whiskey, Charlie, Bravo and Quebec, sending you 3
2024-10-14 17:35:29.228481 Whiskey: Golf, sending you 5
2024-10-14 17:35:29.229476 Foxtrot: Mike, sending you 5
2024-10-14 17:35:29.230067 Lima: Foxtrot, sending you 6
2024-10-14 17:35:29.230746 Mike: Charlie we want you to join our group
2024-10-14 17:35:29.233741 Charlie: No
ChatterBot Mike reevaluating
2024-10-14 17:35:29.243681 Romeo: Foxtrot, sending you 4
2024-10-14 17:35:29.244097 Golf: Uniform, sending you 5
2024-10-14 17:35:29.244935 Uniform: Golf, sending you 4
2024-10-14 17:35:29.245506 Whiskey: Quebec, sending you 3
2024-10-14 17:35:29.246018 Charlie: Same as last round
2024-10-14 17:35:29.246497 Bravo: Whiskey, Charlie, Golf and Uniform, sending you 2
2024-10-14 17:35:29.247012 Foxtrot: Romeo, sending you 4
2024-10-14 17:35:29.247400 Quebec: Whiskey, Charlie, Golf and Bravo, sending you 2
2024-10-14 17:35:29.251836 Mike: We should drop Whiskey
2024-10-14 17:35:29.259420 Romeo: Yes
2024-10-14 17:35:29.259605 Lima: Yes
2024-10-14 17:35:29.259773 Foxtrot: Yes
ChatterBot Mike reevaluating
ChatterBot Mike reevaluating
ChatterBot Mike reevaluating
2024-10-14 17:35:29.282293 Bravo: Quebec, sending you 1
2024-10-14 17:35:29.282864 Foxtrot: Lima, sending you 8
2024-10-14 17:35:29.283212 Quebec: Uniform, sending you 3
chatterbot Golf submitting transactions
chatterbot Foxtrot submitting transactions
chatterbot Bravo submitting transactions
chatterbot Mike submitting transactions
chatterbot Lima submitting transactions
chatterbot Whiskey submitting transactions
chatterbot Quebec submitting transactions
chatterbot Romeo submitting transactions
chatterbot Uniform submitting transactions
chatterbot Charlie submitting transactions
ChatterBot Mike round 9
ChatterBot Whiskey round 9
ChatterBot Charlie round 9
ChatterBot Romeo round 9
ChatterBot Golf round 9
2024-10-14 17:35:30.348976 Mike: We should replace Whiskey with Quebec
2024-10-14 17:35:30.355105 Romeo: No
2024-10-14 17:35:30.355247 Lima: No
2024-10-14 17:35:30.355377 Foxtrot: No
ChatterBot Mike reevaluating
ChatterBot Mike reevaluating
ChatterBot Mike reevaluating
ChatterBot Bravo round 9
ChatterBot Lima round 9
ChatterBot Quebec round 9
ChatterBot Uniform round 9
ChatterBot Foxtrot round 9
2024-10-14 17:35:30.383723 Mike: We should replace Whiskey with Charlie
2024-10-14 17:35:30.389420 Romeo: No
2024-10-14 17:35:30.389552 Lima: No
2024-10-14 17:35:30.390031 Foxtrot: No
ChatterBot Mike reevaluating
ChatterBot Mike reevaluating
ChatterBot Mike reevaluating
2024-10-14 17:35:30.426806 Mike: We should drop Whiskey
2024-10-14 17:35:30.433867 Romeo: Yes
2024-10-14 17:35:30.434049 Lima: Yes
2024-10-14 17:35:30.434174 Foxtrot: Yes
ChatterBot Mike reevaluating
ChatterBot Mike reevaluating
ChatterBot Mike reevaluating
2024-10-14 17:35:30.455179 Golf: Whiskey, sending you 4
2024-10-14 17:35:30.458665 Whiskey: Charlie, Bravo and Uniform, sending you 4
2024-10-14 17:35:30.459371 Uniform: Whiskey, Charlie, Bravo and Quebec, sending you 3
2024-10-14 17:35:30.460018 Bravo: Whiskey, Charlie, Golf and Uniform, sending you 2
2024-10-14 17:35:30.460647 Romeo: Mike, sending you 6
2024-10-14 17:35:30.461303 Golf: Charlie, Bravo and Quebec, sending you 3
2024-10-14 17:35:30.462141 Lima: Mike, sending you 3
2024-10-14 17:35:30.462735 Quebec: Whiskey, Charlie, Golf and Bravo, sending you 2
2024-10-14 17:35:30.463576 Charlie: Same as last round
2024-10-14 17:35:30.464427 Foxtrot: Mike, sending you 5
2024-10-14 17:35:30.465605 Whiskey: Golf, sending you 5
2024-10-14 17:35:30.466423 Romeo: Lima, sending you 7
2024-10-14 17:35:30.467043 Uniform: Golf, sending you 4
2024-10-14 17:35:30.467856 Golf: Uniform, sending you 5
2024-10-14 17:35:30.468646 Bravo: Quebec, sending you 1
2024-10-14 17:35:30.469479 Lima: Romeo, sending you 5
2024-10-14 17:35:30.470082 Quebec: Uniform, sending you 3
2024-10-14 17:35:30.471431 Foxtrot: Romeo, sending you 4
2024-10-14 17:35:30.472052 Whiskey: Quebec, sending you 3
2024-10-14 17:35:30.472967 Romeo: Foxtrot, sending you 4
2024-10-14 17:35:30.474688 Lima: Foxtrot, sending you 6
2024-10-14 17:35:30.475811 Foxtrot: Lima, sending you 8
chatterbot Lima submitting transactions
chatterbot Uniform submitting transactions
chatterbot Quebec submitting transactions
chatterbot Bravo submitting transactions
chatterbot Foxtrot submitting transactions
chatterbot Romeo submitting transactions
chatterbot Whiskey submitting transactions
chatterbot Mike submitting transactions
chatterbot Charlie submitting transactions
chatterbot Golf submitting transactions
ChatterBot Mike round 10
ChatterBot Whiskey round 10
ChatterBot Charlie round 10
ChatterBot Romeo round 10
ChatterBot Golf round 10
ChatterBot Bravo round 10
ChatterBot Lima round 10
ChatterBot Quebec round 10
ChatterBot Uniform round 10
ChatterBot Foxtrot round 10
2024-10-14 17:35:31.609939 Mike: We should drop Whiskey
2024-10-14 17:35:31.617374 Romeo: Yes
2024-10-14 17:35:31.617570 Lima: Yes
2024-10-14 17:35:31.617730 Foxtrot: Yes
ChatterBot Mike reevaluating
ChatterBot Mike reevaluating
ChatterBot Mike reevaluating
2024-10-14 17:35:31.646041 Romeo: Mike, sending you 6
2024-10-14 17:35:31.650667 Romeo: Lima, sending you 7
2024-10-14 17:35:31.652661 Golf: Whiskey, sending you 4
2024-10-14 17:35:31.653932 Whiskey: Charlie, Bravo and Uniform, sending you 4
2024-10-14 17:35:31.654855 Uniform: Whiskey, Charlie, Bravo and Quebec, sending you 3
2024-10-14 17:35:31.655713 Romeo: Foxtrot, sending you 4
2024-10-14 17:35:31.657695 Golf: Charlie, Bravo and Quebec, sending you 3
2024-10-14 17:35:31.658693 Whiskey: Golf, sending you 5
2024-10-14 17:35:31.659495 Quebec: Whiskey, Charlie, Golf and Bravo, sending you 2
2024-10-14 17:35:31.660109 Uniform: Golf, sending you 4
2024-10-14 17:35:31.660671 Charlie: Same as last round
2024-10-14 17:35:31.661244 Foxtrot: Mike, sending you 5
2024-10-14 17:35:31.662096 Bravo: Whiskey, Charlie, Golf and Uniform, sending you 2
2024-10-14 17:35:31.662719 Golf: Uniform, sending you 5
2024-10-14 17:35:31.663686 Whiskey: Quebec, sending you 3
2024-10-14 17:35:31.664661 Quebec: Uniform, sending you 3
2024-10-14 17:35:31.665976 Lima: Mike, sending you 3
2024-10-14 17:35:31.666763 Foxtrot: Romeo, sending you 4
2024-10-14 17:35:31.667436 Bravo: Quebec, sending you 1
2024-10-14 17:35:31.670677 Lima: Romeo, sending you 5
2024-10-14 17:35:31.671695 Foxtrot: Lima, sending you 8
2024-10-14 17:35:31.674672 Lima: Foxtrot, sending you 6
chatterbot Uniform submitting transactions
chatterbot Bravo submitting transactions
chatterbot Mike submitting transactions
chatterbot Golf submitting transactions
chatterbot Whiskey submitting transactions
chatterbot Romeo submitting transactions
chatterbot Lima submitting transactions
chatterbot Foxtrot submitting transactions
chatterbot Quebec submitting transactions
chatterbot Charlie submitting transactions
ChatterBot Mike round 11
ChatterBot Whiskey round 11
ChatterBot Charlie round 11
ChatterBot Romeo round 11
ChatterBot Golf round 11
ChatterBot Bravo round 11
ChatterBot Lima round 11
ChatterBot Quebec round 11
ChatterBot Uniform round 11
ChatterBot Foxtrot round 11
2024-10-14 17:35:32.856342 Mike: We should drop Whiskey
2024-10-14 17:35:32.861546 Romeo: Yes
2024-10-14 17:35:32.862081 Lima: Yes
2024-10-14 17:35:32.862204 Foxtrot: Yes
ChatterBot Mike reevaluating
ChatterBot Mike reevaluating
ChatterBot Mike reevaluating
2024-10-14 17:35:32.878451 Charlie: Same as last round
2024-10-14 17:35:32.880666 Romeo: Mike, sending you 6
2024-10-14 17:35:32.881706 Golf: Whiskey, sending you 4
2024-10-14 17:35:32.882688 Whiskey: Charlie, Bravo and Uniform, sending you 4
2024-10-14 17:35:32.884675 Golf: Charlie, Bravo and Quebec, sending you 3
2024-10-14 17:35:32.885679 Romeo: Lima, sending you 7
2024-10-14 17:35:32.888042 Whiskey: Golf, sending you 5
2024-10-14 17:35:32.888742 Lima: Mike, sending you 3
2024-10-14 17:35:32.889287 Bravo: Whiskey, Charlie, Golf and Uniform, sending you 2
2024-10-14 17:35:32.889962 Golf: Uniform, sending you 5
2024-10-14 17:35:32.890569 Romeo: Foxtrot, sending you 4
2024-10-14 17:35:32.891082 Quebec: Whiskey, Charlie, Golf and Bravo, sending you 2
2024-10-14 17:35:32.891775 Foxtrot: Mike, sending you 5
2024-10-14 17:35:32.892663 Lima: Romeo, sending you 5
2024-10-14 17:35:32.893145 Bravo: Quebec, sending you 1
2024-10-14 17:35:32.893762 Whiskey: Quebec, sending you 3
2024-10-14 17:35:32.894659 Uniform: Whiskey, Charlie, Bravo and Quebec, sending you 3
2024-10-14 17:35:32.895673 Quebec: Uniform, sending you 3
2024-10-14 17:35:32.896988 Foxtrot: Romeo, sending you 4
2024-10-14 17:35:32.897831 Lima: Foxtrot, sending you 6
2024-10-14 17:35:32.898591 Uniform: Golf, sending you 4
2024-10-14 17:35:32.902657 Foxtrot: Lima, sending you 8
chatterbot Charlie submitting transactions
chatterbot Mike submitting transactions
chatterbot Foxtrot submitting transactions
chatterbot Bravo submitting transactions
chatterbot Whiskey submitting transactions
chatterbot Golf submitting transactions
chatterbot Uniform submitting transactions
chatterbot Lima submitting transactions
chatterbot Romeo submitting transactions
chatterbot Quebec submitting transactions
ChatterBot Mike round 12
ChatterBot Whiskey round 12
ChatterBot Charlie round 12
ChatterBot Romeo round 12
ChatterBot Golf round 12
ChatterBot Bravo round 12
ChatterBot Lima round 12
ChatterBot Quebec round 12
ChatterBot Uniform round 12
ChatterBot Foxtrot round 12
2024-10-14 17:35:34.100669 Mike: We should drop Whiskey
2024-10-14 17:35:34.109119 Romeo: Yes
2024-10-14 17:35:34.109311 Lima: Yes
2024-10-14 17:35:34.109520 Foxtrot: Yes
ChatterBot Mike reevaluating
ChatterBot Mike reevaluating
ChatterBot Mike reevaluating
2024-10-14 17:35:34.146701 Charlie: Same as last round
2024-10-14 17:35:34.154677 Romeo: Mike, sending you 6
2024-10-14 17:35:34.156713 Whiskey: Charlie, Bravo and Uniform, sending you 4
2024-10-14 17:35:34.157697 Bravo: Whiskey, Charlie, Golf and Uniform, sending you 2
2024-10-14 17:35:34.158914 Romeo: Lima, sending you 7
2024-10-14 17:35:34.161673 Whiskey: Golf, sending you 5
2024-10-14 17:35:34.162679 Bravo: Quebec, sending you 1
2024-10-14 17:35:34.163676 Uniform: Whiskey, Charlie, Bravo and Quebec, sending you 3
2024-10-14 17:35:34.164600 Romeo: Foxtrot, sending you 4
2024-10-14 17:35:34.165980 Lima: Mike, sending you 3
2024-10-14 17:35:34.166757 Quebec: Whiskey, Charlie, Golf and Bravo, sending you 2
2024-10-14 17:35:34.167567 Golf: Whiskey, sending you 4
2024-10-14 17:35:34.168466 Whiskey: Quebec, sending you 3
2024-10-14 17:35:34.169927 Uniform: Golf, sending you 4
2024-10-14 17:35:34.170705 Foxtrot: Mike, sending you 5
2024-10-14 17:35:34.171650 Lima: Romeo, sending you 5
2024-10-14 17:35:34.172217 Quebec: Uniform, sending you 3
2024-10-14 17:35:34.173072 Golf: Charlie, Bravo and Quebec, sending you 3
2024-10-14 17:35:34.175657 Foxtrot: Romeo, sending you 4
2024-10-14 17:35:34.176166 Lima: Foxtrot, sending you 6
2024-10-14 17:35:34.178679 Golf: Uniform, sending you 5
2024-10-14 17:35:34.180665 Foxtrot: Lima, sending you 8
chatterbot Golf submitting transactions
chatterbot Lima submitting transactions
chatterbot Whiskey submitting transactions
chatterbot Mike submitting transactions
chatterbot Quebec submitting transactions
chatterbot Foxtrot submitting transactions
chatterbot Romeo submitting transactions
chatterbot Charlie submitting transactions
chatterbot Bravo submitting transactions
chatterbot Uniform submitting transactions
ChatterBot Mike round 13
ChatterBot Whiskey round 13
ChatterBot Charlie round 13
ChatterBot Romeo round 13
ChatterBot Golf round 13
ChatterBot Bravo round 13
ChatterBot Lima round 13
ChatterBot Quebec round 13
ChatterBot Uniform round 13
ChatterBot Foxtrot round 13
2024-10-14 17:35:35.407936 Mike: We should replace Whiskey with Quebec
2024-10-14 17:35:35.415589 Romeo: No
2024-10-14 17:35:35.415824 Lima: No
2024-10-14 17:35:35.415999 Foxtrot: No
ChatterBot Mike reevaluating
ChatterBot Mike reevaluating
ChatterBot Mike reevaluating
2024-10-14 17:35:35.458344 Mike: We should replace Whiskey with Charlie
2024-10-14 17:35:35.464717 Romeo: No
2024-10-14 17:35:35.464884 Lima: No
2024-10-14 17:35:35.465016 Foxtrot: No
ChatterBot Mike reevaluating
ChatterBot Mike reevaluating
ChatterBot Mike reevaluating
2024-10-14 17:35:35.487699 Golf: Whiskey, sending you 4
2024-10-14 17:35:35.488935 Charlie: Same as last round
2024-10-14 17:35:35.489501 Whiskey: Charlie, Bravo and Uniform, sending you 4
2024-10-14 17:35:35.492176 Mike: We should drop Whiskey
2024-10-14 17:35:35.498647 Romeo: Yes
2024-10-14 17:35:35.498806 Lima: Yes
2024-10-14 17:35:35.498931 Foxtrot: Yes
ChatterBot Mike reevaluating
ChatterBot Mike reevaluating
ChatterBot Mike reevaluating
2024-10-14 17:35:35.524469 Golf: Charlie, Bravo and Quebec, sending you 3
2024-10-14 17:35:35.525397 Whiskey: Golf, sending you 5
2024-10-14 17:35:35.527685 Golf: Uniform, sending you 5
2024-10-14 17:35:35.528685 Uniform: Whiskey, Charlie, Bravo and Quebec, sending you 3
2024-10-14 17:35:35.529673 Whiskey: Quebec, sending you 3
2024-10-14 17:35:35.530243 Foxtrot: Mike, sending you 5
2024-10-14 17:35:35.531254 Quebec: Whiskey, Charlie, Golf and Bravo, sending you 2
2024-10-14 17:35:35.531871 Bravo: Whiskey, Charlie, Golf and Uniform, sending you 2
2024-10-14 17:35:35.532441 Lima: Mike, sending you 3
2024-10-14 17:35:35.532897 Romeo: Mike, sending you 6
2024-10-14 17:35:35.533334 Uniform: Golf, sending you 4
2024-10-14 17:35:35.534858 Foxtrot: Romeo, sending you 4
2024-10-14 17:35:35.535299 Quebec: Uniform, sending you 3
2024-10-14 17:35:35.535919 Bravo: Quebec, sending you 1
2024-10-14 17:35:35.536850 Romeo: Lima, sending you 7
2024-10-14 17:35:35.537677 Lima: Romeo, sending you 5
2024-10-14 17:35:35.538849 Foxtrot: Lima, sending you 8
2024-10-14 17:35:35.541682 Romeo: Foxtrot, sending you 4
2024-10-14 17:35:35.542648 Lima: Foxtrot, sending you 6
chatterbot Charlie submitting transactions
chatterbot Lima submitting transactions
chatterbot Foxtrot submitting transactions
chatterbot Romeo submitting transactions
chatterbot Quebec submitting transactions
chatterbot Bravo submitting transactions
chatterbot Mike submitting transactions
chatterbot Uniform submitting transactions
chatterbot Whiskey submitting transactions
chatterbot Golf submitting transactions
ChatterBot Mike round 14
ChatterBot Whiskey round 14
ChatterBot Charlie round 14
ChatterBot Romeo round 14
ChatterBot Golf round 14
ChatterBot Bravo round 14
ChatterBot Lima round 14
ChatterBot Quebec round 14
ChatterBot Uniform round 14
ChatterBot Foxtrot round 14
2024-10-14 17:35:36.575154 Mike: We should drop Whiskey
2024-10-14 17:35:36.586337 Romeo: Yes
2024-10-14 17:35:36.586520 Lima: Yes
2024-10-14 17:35:36.586679 Foxtrot: Yes
ChatterBot Mike reevaluating
ChatterBot Mike reevaluating
ChatterBot Mike reevaluating
2024-10-14 17:35:36.609653 Charlie: Same as last round
2024-10-14 17:35:36.610294 Whiskey: Charlie, Bravo and Uniform, sending you 4
2024-10-14 17:35:36.610889 Golf: Whiskey, sending you 4
2024-10-14 17:35:36.611654 Romeo: Mike, sending you 6
2024-10-14 17:35:36.614642 Whiskey: Golf, sending you 5
2024-10-14 17:35:36.615697 Golf: Charlie, Bravo and Quebec, sending you 3
2024-10-14 17:35:36.616587 Romeo: Lima, sending you 7
2024-10-14 17:35:36.618673 Whiskey: Quebec, sending you 3
2024-10-14 17:35:36.619671 Golf: Uniform, sending you 5
2024-10-14 17:35:36.620658 Quebec: Whiskey, Charlie, Golf and Bravo, sending you 2
2024-10-14 17:35:36.621779 Romeo: Foxtrot, sending you 4
2024-10-14 17:35:36.625694 Uniform: Whiskey, Charlie, Bravo and Quebec, sending you 3
2024-10-14 17:35:36.626665 Quebec: Uniform, sending you 3
2024-10-14 17:35:36.627655 Lima: Mike, sending you 3
2024-10-14 17:35:36.629674 Bravo: Whiskey, Charlie, Golf and Uniform, sending you 2
2024-10-14 17:35:36.630682 Uniform: Golf, sending you 4
2024-10-14 17:35:36.631299 Foxtrot: Mike, sending you 5
2024-10-14 17:35:36.632656 Lima: Romeo, sending you 5
2024-10-14 17:35:36.633192 Bravo: Quebec, sending you 1
2024-10-14 17:35:36.634675 Foxtrot: Romeo, sending you 4
2024-10-14 17:35:36.636656 Lima: Foxtrot, sending you 6
2024-10-14 17:35:36.637686 Foxtrot: Lima, sending you 8
chatterbot Mike submitting transactions
chatterbot Lima submitting transactions
chatterbot Charlie submitting transactions
chatterbot Uniform submitting transactions
chatterbot Romeo submitting transactions
chatterbot Bravo submitting transactions
chatterbot Quebec submitting transactions
