ChatterBot Papa round 1
ChatterBot Uniform round 1
ChatterBot Victor round 1
ChatterBot Golf round 1
ChatterBot Hotel round 1
ChatterBot Sierra round 1
ChatterBot Lima round 1
ChatterBot Juliett round 1
ChatterBot Quebec round 1
randomSelections Golf: {Golf, Lima, Uniform, Sierra, Mike, Juliett} 
2024-10-14 17:35:19.311889 Golf: Friends?
ChatterBot Lima reevaluating
ChatterBot Uniform reevaluating
ChatterBot Sierra reevaluating
ChatterBot Juliett reevaluating
2024-10-14 17:35:19.325853 Lima: Yes
2024-10-14 17:35:19.326665 Uniform: Yes
2024-10-14 17:35:19.326812 Sierra: Yes
2024-10-14 17:35:19.326953 Juliett: Yes
ChatterBot Uniform reevaluating
ChatterBot Sierra reevaluating
ChatterBot Juliett reevaluating
ChatterBot Lima reevaluating
ChatterBot Sierra reevaluating
ChatterBot Juliett reevaluating
ChatterBot Lima reevaluating
ChatterBot Uniform reevaluating
ChatterBot Juliett reevaluating
ChatterBot Lima reevaluating
ChatterBot Uniform reevaluating
ChatterBot Sierra reevaluating
ChatterBot Mike round 1
ChatterBot Mike reevaluating
ChatterBot Mike reevaluating
ChatterBot Mike reevaluating
ChatterBot Mike reevaluating
ChatterBot Mike reevaluating
2024-10-14 17:35:19.382991 Mike: Yes
ChatterBot Lima reevaluating
ChatterBot Uniform reevaluating
ChatterBot Sierra reevaluating
ChatterBot Juliett reevaluating
randomSelections Quebec: {Quebec, Papa, Mike, Juliett, Sierra} 
2024-10-14 17:35:19.403747 Quebec: Can we be friends?
ChatterBot Papa reevaluating
ChatterBot Mike reevaluating
ChatterBot Juliett reevaluating
ChatterBot Sierra reevaluating
2024-10-14 17:35:19.414631 Papa: Yes
2024-10-14 17:35:19.414944 Mike: No
2024-10-14 17:35:19.415382 Juliett: No
2024-10-14 17:35:19.416795 Sierra: No
ChatterBot Mike reevaluating
ChatterBot Juliett reevaluating
ChatterBot Sierra reevaluating
ChatterBot Papa reevaluating
ChatterBot Juliett reevaluating
ChatterBot Sierra reevaluating
ChatterBot Papa reevaluating
ChatterBot Mike reevaluating
ChatterBot Sierra reevaluating
ChatterBot Papa reevaluating
ChatterBot Mike reevaluating
ChatterBot Juliett reevaluating
randomSelections Victor: {Victor, Lima, Quebec, Golf, Hotel, Sierra} 
2024-10-14 17:35:19.468761 Victor: Friends?
ChatterBot Lima reevaluating
ChatterBot Hotel reevaluating
ChatterBot Sierra reevaluating
2024-10-14 17:35:19.476906 Lima: No
2024-10-14 17:35:19.477080 Quebec: No
2024-10-14 17:35:19.477343 Golf: No
2024-10-14 17:35:19.477981 Hotel: Yes
2024-10-14 17:35:19.478088 Sierra: No
ChatterBot Hotel reevaluating
ChatterBot Sierra reevaluating
ChatterBot Lima reevaluating
ChatterBot Hotel reevaluating
ChatterBot Sierra reevaluating
ChatterBot Lima reevaluating
ChatterBot Hotel reevaluating
ChatterBot Sierra reevaluating
ChatterBot Lima reevaluating
ChatterBot Sierra reevaluating
ChatterBot Lima reevaluating
ChatterBot Hotel reevaluating
2024-10-14 17:35:19.529811 Golf: Uniform, sending you 1
2024-10-14 17:35:19.531248 Victor: Golf, sending you 4
2024-10-14 17:35:19.533898 Golf: Sierra and Lima, sending you 4
2024-10-14 17:35:19.534354 Sierra: Uniform, sending you 3
2024-10-14 17:35:19.535233 Quebec: Papa, sending you 8
2024-10-14 17:35:19.535519 Victor: Hotel and Quebec, sending you 1
2024-10-14 17:35:19.536815 Papa: Sierra, Quebec and Mike, sending you 3
2024-10-14 17:35:19.537190 Golf: Juliett, sending you 5
2024-10-14 17:35:19.538105 Quebec: Sierra, sending you 3
2024-10-14 17:35:19.542348 Lima: Uniform and Sierra, sending you 3
2024-10-14 17:35:19.543271 Sierra: Golf and Lima, sending you 2
2024-10-14 17:35:19.543566 Victor: Sierra, sending you 3
2024-10-14 17:35:19.543875 Uniform: Golf, sending you 1
2024-10-14 17:35:19.544158 Papa: Juliett, sending you 2
2024-10-14 17:35:19.545032 Hotel: Victor and Sierra, sending you 1
2024-10-14 17:35:19.545395 Golf: Mike, sending you 3
2024-10-14 17:35:19.545738 Quebec: Juliett, sending you 1
2024-10-14 17:35:19.546518 Juliett: Uniform, sending you 4
2024-10-14 17:35:19.546834 Sierra: Juliett and Mike, sending you 5
2024-10-14 17:35:19.547227 Lima: Golf and Mike, sending you 2
2024-10-14 17:35:19.547707 Victor: Lima, sending you 2
2024-10-14 17:35:19.548792 Uniform: Sierra and Lima, sending you 2
2024-10-14 17:35:19.549326 Mike: Uniform, sending you 2
2024-10-14 17:35:19.550222 Hotel: Golf, sending you 2
2024-10-14 17:35:19.550564 Lima: Juliett, sending you 1
2024-10-14 17:35:19.551667 Juliett: Sierra and Lima, sending you 3
2024-10-14 17:35:19.552710 Uniform: Juliett, sending you 4
2024-10-14 17:35:19.553691 Hotel: Lima, sending you 5
2024-10-14 17:35:19.555214 Mike: Golf and Lima, sending you 4
2024-10-14 17:35:19.556240 Juliett: Mike, sending you 2
2024-10-14 17:35:19.557426 Hotel: Quebec, sending you 4
2024-10-14 17:35:19.557832 Uniform: Mike, sending you 3
2024-10-14 17:35:19.559403 Mike: Sierra, sending you 5
2024-10-14 17:35:19.562719 Mike: Juliett, sending you 1
chatterbot Quebec submitting transactions
chatterbot Golf submitting transactions
chatterbot Juliett submitting transactions
chatterbot Lima submitting transactions
chatterbot Hotel submitting transactions
chatterbot Sierra submitting transactions
chatterbot Papa submitting transactions
chatterbot Mike submitting transactions
chatterbot Uniform submitting transactions
chatterbot Victor submitting transactions
ChatterBot Papa round 2
ChatterBot Uniform round 2
ChatterBot Victor round 2
ChatterBot Golf round 2
ChatterBot Hotel round 2
ChatterBot Sierra round 2
ChatterBot Lima round 2
ChatterBot Juliett round 2
ChatterBot Quebec round 2
ChatterBot Mike round 2
2024-10-14 17:35:20.670099 Golf: We should add Victor and Hotel
ChatterBot Lima reevaluating
ChatterBot Uniform reevaluating
ChatterBot Sierra reevaluating
ChatterBot Mike reevaluating
ChatterBot Juliett reevaluating
2024-10-14 17:35:20.695516 Lima: No
2024-10-14 17:35:20.696119 Uniform: No
2024-10-14 17:35:20.696259 Sierra: Yes
2024-10-14 17:35:20.696385 Mike: No
2024-10-14 17:35:20.696506 Juliett: No
ChatterBot Uniform reevaluating
ChatterBot Sierra reevaluating
ChatterBot Mike reevaluating
ChatterBot Juliett reevaluating
ChatterBot Lima reevaluating
ChatterBot Sierra reevaluating
ChatterBot Mike reevaluating
ChatterBot Juliett reevaluating
ChatterBot Lima reevaluating
ChatterBot Uniform reevaluating
ChatterBot Mike reevaluating
ChatterBot Juliett reevaluating
ChatterBot Lima reevaluating
ChatterBot Uniform reevaluating
ChatterBot Sierra reevaluating
ChatterBot Juliett reevaluating
ChatterBot Golf reevaluating
ChatterBot Lima reevaluating
ChatterBot Uniform reevaluating
ChatterBot Sierra reevaluating
ChatterBot Mike reevaluating
2024-10-14 17:35:20.925664 Papa: We would work well together
ChatterBot Quebec reevaluating
2024-10-14 17:35:20.933921 Quebec: Yes
2024-10-14 17:35:20.940231 Quebec: Group up?
ChatterBot Papa reevaluating
ChatterBot Victor reevaluating
ChatterBot Hotel reevaluating
2024-10-14 17:35:20.960632 Papa: Yes
2024-10-14 17:35:20.960829 Victor: No
2024-10-14 17:35:20.961033 Hotel: No
ChatterBot Quebec reevaluating
ChatterBot Victor reevaluating
ChatterBot Hotel reevaluating
ChatterBot Quebec reevaluating
ChatterBot Papa reevaluating
ChatterBot Hotel reevaluating
ChatterBot Quebec reevaluating
ChatterBot Papa reevaluating
ChatterBot Victor reevaluating
2024-10-14 17:35:21.020526 Victor: Let's form a team
ChatterBot Quebec reevaluating
ChatterBot Papa reevaluating
ChatterBot Hotel reevaluating
2024-10-14 17:35:21.043437 Quebec: Yes
2024-10-14 17:35:21.043603 Papa: Yes
2024-10-14 17:35:21.043765 Hotel: Yes
ChatterBot Papa reevaluating
ChatterBot Victor reevaluating
ChatterBot Hotel reevaluating
ChatterBot Quebec reevaluating
ChatterBot Victor reevaluating
ChatterBot Hotel reevaluating
ChatterBot Quebec reevaluating
ChatterBot Papa reevaluating
ChatterBot Victor reevaluating
2024-10-14 17:35:21.331931 Juliett: We should drop Lima
ChatterBot Golf reevaluating
2024-10-14 17:35:21.346413 Uniform: No
2024-10-14 17:35:21.346596 Golf: No
2024-10-14 17:35:21.346729 Sierra: No
2024-10-14 17:35:21.346835 Mike: No
ChatterBot Golf reevaluating
ChatterBot Juliett reevaluating
ChatterBot Juliett reevaluating
ChatterBot Golf reevaluating
ChatterBot Juliett reevaluating
ChatterBot Golf reevaluating
2024-10-14 17:35:21.406454 Papa: Victor, sending you 1
2024-10-14 17:35:21.834249 Uniform: Sierra and Lima, sending you 3
2024-10-14 17:35:21.834648 Victor: Papa and Quebec, sending you 1
2024-10-14 17:35:21.834887 Mike: Uniform and Golf, sending you 4
2024-10-14 17:35:21.835174 Sierra: Uniform, Lima and Juliett, sending you 3
chatterbot Golf submitting transactions
2024-10-14 17:35:21.835967 Hotel: Papa and Quebec, sending you 2
2024-10-14 17:35:21.836169 Papa: Quebec, sending you 10
2024-10-14 17:35:21.836382 Lima: Uniform and Juliett, sending you 2
2024-10-14 17:35:21.836687 Quebec: Papa, sending you 4
chatterbot Quebec submitting transactions
chatterbot Hotel submitting transactions
chatterbot Lima submitting transactions
2024-10-14 17:35:21.837678 Victor: Hotel, sending you 9
2024-10-14 17:35:21.952471 Uniform: Juliett, sending you 4
2024-10-14 17:35:21.953016 Mike: Sierra, sending you 6
2024-10-14 17:35:21.953947 Lima: Golf and Mike, sending you 3
2024-10-14 17:35:21.954382 Sierra: Golf and Mike, sending you 4
2024-10-14 17:35:21.955235 Hotel: Victor, sending you 8
2024-10-14 17:35:21.955559 Quebec: Victor, sending you 3
chatterbot Mike submitting transactions
2024-10-14 17:35:21.956029 Uniform: Mike, sending you 2
2024-10-14 17:35:22.006971 Mike: Lima and Juliett, sending you 3
2024-10-14 17:35:22.007908 Lima: Sierra, sending you 1
2024-10-14 17:35:22.008234 Quebec: Hotel, sending you 5
2024-10-14 17:35:22.008468 Golf: Uniform, sending you 3
2024-10-14 17:35:22.043031 Golf: Sierra and Lima, sending you 4
2024-10-14 17:35:22.081092 Golf: Juliett, sending you 1
2024-10-14 17:35:22.102569 Golf: Mike, sending you 5
chatterbot Victor submitting transactions
chatterbot Uniform submitting transactions
chatterbot Papa submitting transactions
chatterbot Golf submitting transactions
chatterbot Sierra submitting transactions
chatterbot Juliett submitting transactions
ChatterBot Papa round 3
ChatterBot Uniform round 3
ChatterBot Victor round 3
ChatterBot Golf round 3
ChatterBot Hotel round 3
ChatterBot Sierra round 3
ChatterBot Lima round 3
ChatterBot Juliett round 3
ChatterBot Quebec round 3
ChatterBot Mike round 3
2024-10-14 17:35:22.452535 Juliett: We should drop Lima
2024-10-14 17:35:22.471930 Uniform: No
2024-10-14 17:35:22.472134 Golf: No
2024-10-14 17:35:22.472779 Sierra: No
2024-10-14 17:35:22.472938 Mike: No
2024-10-14 17:35:22.531513 Papa: Victor, sending you 1
2024-10-14 17:35:22.534693 Papa: Hotel, sending you 2
2024-10-14 17:35:22.535063 Golf: Uniform, sending you 2
2024-10-14 17:35:22.536139 Victor: Papa, sending you 1
2024-10-14 17:35:22.536525 Uniform: Golf, sending you 1
2024-10-14 17:35:22.537016 Sierra: Uniform, Lima and Juliett, sending you 3
2024-10-14 17:35:22.537414 Hotel: Papa, sending you 2
2024-10-14 17:35:22.538132 Lima: Uniform and Sierra, sending you 2
2024-10-14 17:35:22.538682 Papa: Quebec, sending you 8
2024-10-14 17:35:22.539180 Golf: Sierra, sending you 4
2024-10-14 17:35:22.540312 Victor: Hotel, sending you 7
2024-10-14 17:35:22.540738 Uniform: Sierra, Juliett and Mike, sending you 3
2024-10-14 17:35:22.541375 Sierra: Golf and Mike, sending you 4
2024-10-14 17:35:22.542546 Hotel: Victor, sending you 8
2024-10-14 17:35:22.542947 Lima: Golf and Mike, sending you 3
2024-10-14 17:35:22.543860 Mike: Uniform, sending you 3
2024-10-14 17:35:22.544438 Victor: Quebec, sending you 3
2024-10-14 17:35:22.544799 Golf: Lima and Juliett, sending you 3
2024-10-14 17:35:22.545722 Uniform: Lima, sending you 2
2024-10-14 17:35:22.546312 Juliett: Uniform and Golf, sending you 3
2024-10-14 17:35:22.546540 Hotel: Quebec, sending you 6
2024-10-14 17:35:22.546786 Lima: Juliett, sending you 1
2024-10-14 17:35:22.547096 Mike: Golf, sending you 5
2024-10-14 17:35:22.550672 Golf: Mike, sending you 5
2024-10-14 17:35:22.551664 Juliett: Sierra, sending you 4
2024-10-14 17:35:22.552028 Mike: Sierra, sending you 6
2024-10-14 17:35:22.552402 Quebec: Papa, sending you 7
2024-10-14 17:35:22.554657 Juliett: Mike, sending you 2
2024-10-14 17:35:22.555321 Mike: Lima, sending you 4
2024-10-14 17:35:22.555881 Quebec: Victor, sending you 2
2024-10-14 17:35:22.558917 Mike: Juliett, sending you 2
2024-10-14 17:35:22.559492 Quebec: Hotel, sending you 3
chatterbot Sierra submitting transactions
chatterbot Papa submitting transactions
chatterbot Quebec submitting transactions
chatterbot Juliett submitting transactions
chatterbot Golf submitting transactions
chatterbot Hotel submitting transactions
chatterbot Lima submitting transactions
chatterbot Uniform submitting transactions
chatterbot Mike submitting transactions
chatterbot Victor submitting transactions
ChatterBot Papa round 4
ChatterBot Uniform round 4
ChatterBot Victor round 4
ChatterBot Golf round 4
ChatterBot Hotel round 4
ChatterBot Sierra round 4
ChatterBot Lima round 4
ChatterBot Juliett round 4
ChatterBot Quebec round 4
ChatterBot Mike round 4
2024-10-14 17:35:23.821664 Papa: Victor, sending you 1
2024-10-14 17:35:23.825649 Papa: Hotel, sending you 2
2024-10-14 17:35:23.827679 Hotel: Papa, sending you 3
2024-10-14 17:35:23.828888 Sierra: Uniform, Golf and Lima, sending you 3
2024-10-14 17:35:23.829492 Papa: Quebec, sending you 8
2024-10-14 17:35:23.829938 Lima: Uniform and Sierra, sending you 2
2024-10-14 17:35:23.830704 Golf: Uniform, sending you 2
2024-10-14 17:35:23.832002 Mike: Uniform, sending you 3
2024-10-14 17:35:23.832700 Hotel: Victor, sending you 8
2024-10-14 17:35:23.833855 Juliett: Uniform and Golf, sending you 3
2024-10-14 17:35:23.834224 Sierra: Juliett and Mike, sending you 4
2024-10-14 17:35:23.834856 Victor: Papa, sending you 1
2024-10-14 17:35:23.835854 Lima: Golf and Mike, sending you 3
2024-10-14 17:35:23.836381 Uniform: Golf, sending you 1
2024-10-14 17:35:23.836964 Mike: Golf, sending you 5
2024-10-14 17:35:23.838121 Golf: Sierra, sending you 4
2024-10-14 17:35:23.838644 Juliett: Sierra, sending you 4
2024-10-14 17:35:23.839006 Quebec: Papa, sending you 6
2024-10-14 17:35:23.839967 Hotel: Quebec, sending you 5
2024-10-14 17:35:23.840310 Victor: Hotel, sending you 7
2024-10-14 17:35:23.840620 Uniform: Sierra, Juliett and Mike, sending you 3
2024-10-14 17:35:23.841656 Lima: Juliett, sending you 1
2024-10-14 17:35:23.842673 Mike: Sierra, sending you 6
2024-10-14 17:35:23.843472 Juliett: Mike, sending you 2
2024-10-14 17:35:23.843870 Golf: Lima and Juliett, sending you 3
2024-10-14 17:35:23.844493 Quebec: Victor, sending you 2
2024-10-14 17:35:23.845378 Victor: Quebec, sending you 3
2024-10-14 17:35:23.845901 Uniform: Lima, sending you 2
2024-10-14 17:35:23.847066 Golf: Mike, sending you 5
2024-10-14 17:35:23.847674 Mike: Lima, sending you 4
2024-10-14 17:35:23.849683 Quebec: Hotel, sending you 4
2024-10-14 17:35:23.851697 Mike: Juliett, sending you 2
chatterbot Juliett submitting transactions
chatterbot Mike submitting transactions
chatterbot Sierra submitting transactions
chatterbot Lima submitting transactions
chatterbot Uniform submitting transactions
chatterbot Quebec submitting transactions
chatterbot Papa submitting transactions
chatterbot Hotel submitting transactions
chatterbot Golf submitting transactions
chatterbot Victor submitting transactions
ChatterBot Papa round 5
ChatterBot Uniform round 5
ChatterBot Victor round 5
ChatterBot Golf round 5
ChatterBot Hotel round 5
ChatterBot Sierra round 5
ChatterBot Lima round 5
ChatterBot Juliett round 5
ChatterBot Quebec round 5
ChatterBot Mike round 5
2024-10-14 17:35:24.946659 Victor: Papa, sending you 1
2024-10-14 17:35:24.947675 Golf: Uniform, sending you 2
2024-10-14 17:35:24.950871 Papa: Victor, sending you 1
2024-10-14 17:35:24.951671 Victor: Hotel, sending you 7
2024-10-14 17:35:24.952043 Golf: Sierra, sending you 4
2024-10-14 17:35:24.954683 Juliett: Uniform and Golf, sending you 3
2024-10-14 17:35:24.955766 Uniform: Golf, sending you 1
2024-10-14 17:35:24.956573 Victor: Quebec, sending you 3
2024-10-14 17:35:24.957065 Sierra: Uniform, Golf and Lima, sending you 3
2024-10-14 17:35:24.958174 Papa: Hotel, sending you 3
2024-10-14 17:35:24.958609 Golf: Lima and Juliett, sending you 3
2024-10-14 17:35:24.959787 Hotel: Papa, sending you 3
2024-10-14 17:35:24.960197 Uniform: Sierra, Juliett and Mike, sending you 3
2024-10-14 17:35:24.960878 Juliett: Sierra, sending you 4
2024-10-14 17:35:24.961216 Quebec: Papa, sending you 5
2024-10-14 17:35:24.961848 Sierra: Juliett and Mike, sending you 4
2024-10-14 17:35:24.962678 Papa: Quebec, sending you 7
2024-10-14 17:35:24.963060 Golf: Mike, sending you 5
2024-10-14 17:35:24.963964 Lima: Uniform, sending you 2
2024-10-14 17:35:24.964516 Hotel: Victor, sending you 8
2024-10-14 17:35:24.964859 Juliett: Mike, sending you 2
2024-10-14 17:35:24.965250 Uniform: Lima, sending you 2
2024-10-14 17:35:24.966671 Quebec: Victor, sending you 3
2024-10-14 17:35:24.967864 Lima: Golf, Sierra and Mike, sending you 3
2024-10-14 17:35:24.968672 Hotel: Quebec, sending you 5
2024-10-14 17:35:24.970699 Mike: Uniform, sending you 3
2024-10-14 17:35:24.971268 Quebec: Hotel, sending you 4
2024-10-14 17:35:24.974669 Mike: Golf, sending you 5
2024-10-14 17:35:24.977682 Mike: Sierra, sending you 6
2024-10-14 17:35:24.982696 Mike: Lima, sending you 4
2024-10-14 17:35:24.986679 Mike: Juliett, sending you 2
chatterbot Hotel submitting transactions
chatterbot Mike submitting transactions
chatterbot Golf submitting transactions
chatterbot Lima submitting transactions
chatterbot Papa submitting transactions
chatterbot Uniform submitting transactions
chatterbot Victor submitting transactions
chatterbot Juliett submitting transactions
chatterbot Quebec submitting transactions
chatterbot Sierra submitting transactions
ChatterBot Papa round 6
ChatterBot Uniform round 6
ChatterBot Victor round 6
ChatterBot Golf round 6
ChatterBot Hotel round 6
ChatterBot Sierra round 6
ChatterBot Lima round 6
ChatterBot Juliett round 6
ChatterBot Quebec round 6
ChatterBot Mike round 6
2024-10-14 17:35:25.937673 Uniform: Golf, sending you 1
2024-10-14 17:35:25.938386 Papa: Victor, sending you 1
2024-10-14 17:35:25.942718 Uniform: Sierra, Juliett and Mike, sending you 3
2024-10-14 17:35:25.943915 Papa: Hotel, sending you 3
2024-10-14 17:35:25.944693 Sierra: Uniform, Golf, Lima and Juliett, sending you 3
2024-10-14 17:35:25.946911 Lima: Uniform, sending you 2
2024-10-14 17:35:25.948137 Uniform: Lima, sending you 2
2024-10-14 17:35:25.949312 Papa: Quebec, sending you 7
2024-10-14 17:35:25.949990 Victor: Papa, sending you 1
2024-10-14 17:35:25.950463 Juliett: Uniform and Golf, sending you 3
2024-10-14 17:35:25.950978 Golf: Uniform, sending you 2
2024-10-14 17:35:25.951822 Sierra: Mike, sending you 5
2024-10-14 17:35:25.952628 Hotel: Papa, sending you 4
2024-10-14 17:35:25.953175 Lima: Golf, Sierra and Mike, sending you 3
2024-10-14 17:35:25.954013 Juliett: Sierra, sending you 4
2024-10-14 17:35:25.954804 Victor: Hotel, sending you 7
2024-10-14 17:35:25.955506 Golf: Sierra, sending you 4
2024-10-14 17:35:25.956734 Quebec: Papa, sending you 5
2024-10-14 17:35:25.957529 Hotel: Victor, sending you 7
2024-10-14 17:35:25.958924 Victor: Quebec, sending you 3
2024-10-14 17:35:25.959773 Juliett: Mike, sending you 2
2024-10-14 17:35:25.960703 Golf: Lima and Juliett, sending you 3
2024-10-14 17:35:25.961982 Quebec: Victor, sending you 3
2024-10-14 17:35:25.962695 Mike: Uniform, sending you 3
2024-10-14 17:35:25.963894 Hotel: Quebec, sending you 5
2024-10-14 17:35:25.966668 Golf: Mike, sending you 5
2024-10-14 17:35:25.967405 Quebec: Hotel, sending you 4
2024-10-14 17:35:25.967878 Mike: Golf, sending you 6
2024-10-14 17:35:25.971683 Mike: Sierra, sending you 5
2024-10-14 17:35:25.975704 Mike: Lima, sending you 4
2024-10-14 17:35:25.979675 Mike: Juliett, sending you 2
chatterbot Juliett submitting transactions
chatterbot Golf submitting transactions
chatterbot Lima submitting transactions
chatterbot Quebec submitting transactions
chatterbot Mike submitting transactions
chatterbot Victor submitting transactions
chatterbot Uniform submitting transactions
chatterbot Sierra submitting transactions
chatterbot Papa submitting transactions
chatterbot Hotel submitting transactions
ChatterBot Papa round 7
ChatterBot Uniform round 7
ChatterBot Victor round 7
ChatterBot Golf round 7
ChatterBot Hotel round 7
ChatterBot Sierra round 7
ChatterBot Lima round 7
ChatterBot Juliett round 7
ChatterBot Quebec round 7
ChatterBot Mike round 7
2024-10-14 17:35:27.116697 Hotel: Papa, sending you 4
2024-10-14 17:35:27.120700 Papa: Victor, sending you 2
2024-10-14 17:35:27.121255 Hotel: Victor, sending you 7
2024-10-14 17:35:27.121781 Victor: Papa, sending you 1
2024-10-14 17:35:27.124698 Victor: Hotel, sending you 7
2024-10-14 17:35:27.125703 Uniform: Golf, sending you 1
2024-10-14 17:35:27.126507 Papa: Hotel, sending you 3
2024-10-14 17:35:27.127037 Hotel: Quebec, sending you 5
2024-10-14 17:35:27.127352 Sierra: Uniform, Golf and Lima, sending you 3
2024-10-14 17:35:27.127922 Golf: Uniform, sending you 2
2024-10-14 17:35:27.128714 Quebec: Papa, sending you 5
2024-10-14 17:35:27.128983 Victor: Quebec, sending you 3
2024-10-14 17:35:27.129794 Papa: Quebec, sending you 6
2024-10-14 17:35:27.130689 Uniform: Sierra, Juliett and Mike, sending you 3
2024-10-14 17:35:27.131680 Sierra: Juliett and Mike, sending you 4
2024-10-14 17:35:27.132692 Golf: Sierra, sending you 4
2024-10-14 17:35:27.133211 Mike: Uniform, sending you 3
2024-10-14 17:35:27.133752 Quebec: Victor, sending you 3
2024-10-14 17:35:27.134127 Uniform: Lima, sending you 2
2024-10-14 17:35:27.136670 Golf: Lima and Juliett, sending you 3
2024-10-14 17:35:27.137657 Lima: Uniform, sending you 2
2024-10-14 17:35:27.138176 Quebec: Hotel, sending you 4
2024-10-14 17:35:27.138655 Mike: Golf, sending you 5
2024-10-14 17:35:27.139681 Golf: Mike, sending you 5
2024-10-14 17:35:27.141674 Juliett: Uniform and Golf, sending you 3
2024-10-14 17:35:27.141985 Lima: Golf, Sierra and Mike, sending you 3
2024-10-14 17:35:27.143703 Mike: Sierra, sending you 6
2024-10-14 17:35:27.145693 Juliett: Sierra, sending you 4
2024-10-14 17:35:27.147687 Mike: Lima, sending you 4
2024-10-14 17:35:27.148649 Juliett: Mike, sending you 2
2024-10-14 17:35:27.151650 Mike: Juliett, sending you 2
chatterbot Sierra submitting transactions
chatterbot Quebec submitting transactions
chatterbot Golf submitting transactions
chatterbot Hotel submitting transactions
chatterbot Papa submitting transactions
chatterbot Victor submitting transactions
chatterbot Lima submitting transactions
chatterbot Juliett submitting transactions
chatterbot Mike submitting transactions
chatterbot Uniform submitting transactions
ChatterBot Papa round 8
ChatterBot Uniform round 8
ChatterBot Victor round 8
ChatterBot Golf round 8
ChatterBot Hotel round 8
ChatterBot Sierra round 8
ChatterBot Lima round 8
ChatterBot Juliett round 8
ChatterBot Quebec round 8
ChatterBot Mike round 8
2024-10-14 17:35:28.373692 Victor: Papa, sending you 2
2024-10-14 17:35:28.375673 Papa: Victor, sending you 2
2024-10-14 17:35:28.378706 Victor: Hotel, sending you 6
2024-10-14 17:35:28.379243 Papa: Hotel, sending you 3
2024-10-14 17:35:28.380703 Hotel: Papa, sending you 4
2024-10-14 17:35:28.382689 Victor: Quebec, sending you 3
2024-10-14 17:35:28.383150 Papa: Quebec, sending you 6
2024-10-14 17:35:28.385690 Hotel: Victor, sending you 7
2024-10-14 17:35:28.386691 Lima: Uniform, sending you 2
2024-10-14 17:35:28.388693 Juliett: Uniform and Golf, sending you 3
2024-10-14 17:35:28.389430 Hotel: Quebec, sending you 5
2024-10-14 17:35:28.389993 Uniform: Golf, sending you 1
2024-10-14 17:35:28.392713 Lima: Golf, Sierra and Mike, sending you 3
2024-10-14 17:35:28.393974 Mike: Uniform, sending you 3
2024-10-14 17:35:28.395781 Juliett: Sierra, sending you 4
2024-10-14 17:35:28.396271 Sierra: Uniform, Golf, Lima and Juliett, sending you 3
2024-10-14 17:35:28.397156 Uniform: Sierra, Juliett and Mike, sending you 3
2024-10-14 17:35:28.398090 Golf: Uniform, sending you 2
2024-10-14 17:35:28.398950 Quebec: Papa, sending you 5
2024-10-14 17:35:28.399508 Juliett: Mike, sending you 2
2024-10-14 17:35:28.400697 Mike: Golf, sending you 5
2024-10-14 17:35:28.401498 Sierra: Mike, sending you 5
2024-10-14 17:35:28.402173 Uniform: Lima, sending you 2
2024-10-14 17:35:28.403514 Golf: Sierra, sending you 4
2024-10-14 17:35:28.404336 Quebec: Victor, sending you 3
2024-10-14 17:35:28.404946 Mike: Sierra, sending you 6
2024-10-14 17:35:28.407663 Golf: Lima and Juliett, sending you 3
2024-10-14 17:35:28.408311 Quebec: Hotel, sending you 4
2024-10-14 17:35:28.410657 Mike: Lima, sending you 4
2024-10-14 17:35:28.412660 Golf: Mike, sending you 5
2024-10-14 17:35:28.414685 Mike: Juliett, sending you 2
chatterbot Uniform submitting transactions
chatterbot Papa submitting transactions
chatterbot Hotel submitting transactions
chatterbot Juliett submitting transactions
chatterbot Mike submitting transactions
chatterbot Golf submitting transactions
chatterbot Victor submitting transactions
chatterbot Lima submitting transactions
chatterbot Sierra submitting transactions
chatterbot Quebec submitting transactions
ChatterBot Papa round 9
ChatterBot Uniform round 9
ChatterBot Victor round 9
ChatterBot Golf round 9
ChatterBot Hotel round 9
ChatterBot Sierra round 9
ChatterBot Lima round 9
ChatterBot Juliett round 9
ChatterBot Quebec round 9
ChatterBot Mike round 9
2024-10-14 17:35:29.432663 Sierra: Uniform, Golf, Lima and Juliett, sending you 3
2024-10-14 17:35:29.433912 Victor: Papa, sending you 2
2024-10-14 17:35:29.436664 Victor: Hotel, sending you 6
2024-10-14 17:35:29.437685 Sierra: Mike, sending you 5
2024-10-14 17:35:29.438689 Hotel: Papa, sending you 4
2024-10-14 17:35:29.440712 Golf: Uniform, sending you 2
2024-10-14 17:35:29.441734 Victor: Quebec, sending you 3
2024-10-14 17:35:29.442249 Hotel: Victor, sending you 7
2024-10-14 17:35:29.443702 Papa: Victor, sending you 2
2024-10-14 17:35:29.444669 Juliett: Uniform and Golf, sending you 3
2024-10-14 17:35:29.445062 Lima: Uniform, sending you 2
2024-10-14 17:35:29.445727 Hotel: Quebec, sending you 5
2024-10-14 17:35:29.446085 Golf: Sierra, sending you 4
2024-10-14 17:35:29.446696 Papa: Hotel, sending you 3
2024-10-14 17:35:29.447678 Uniform: Golf, sending you 1
2024-10-14 17:35:29.448852 Quebec: Papa, sending you 5
2024-10-14 17:35:29.449321 Mike: Uniform, sending you 3
2024-10-14 17:35:29.450128 Juliett: Sierra, sending you 4
2024-10-14 17:35:29.450515 Golf: Lima and Juliett, sending you 3
2024-10-14 17:35:29.451239 Lima: Golf, Sierra and Mike, sending you 3
2024-10-14 17:35:29.451958 Papa: Quebec, sending you 6
2024-10-14 17:35:29.452697 Uniform: Sierra, Juliett and Mike, sending you 3
2024-10-14 17:35:29.454467 Quebec: Victor, sending you 3
2024-10-14 17:35:29.454846 Mike: Golf, sending you 5
2024-10-14 17:35:29.455380 Juliett: Mike, sending you 2
2024-10-14 17:35:29.455941 Golf: Mike, sending you 5
2024-10-14 17:35:29.457700 Quebec: Hotel, sending you 4
2024-10-14 17:35:29.458660 Uniform: Lima, sending you 2
2024-10-14 17:35:29.459371 Mike: Sierra, sending you 6
2024-10-14 17:35:29.464687 Mike: Lima, sending you 4
2024-10-14 17:35:29.467660 Mike: Juliett, sending you 2
chatterbot Uniform submitting transactions
chatterbot Victor submitting transactions
chatterbot Papa submitting transactions
chatterbot Lima submitting transactions
chatterbot Sierra submitting transactions
chatterbot Hotel submitting transactions
chatterbot Golf submitting transactions
chatterbot Quebec submitting transactions
chatterbot Mike submitting transactions
chatterbot Juliett submitting transactions
ChatterBot Papa round 10
ChatterBot Uniform round 10
ChatterBot Victor round 10
ChatterBot Golf round 10
ChatterBot Hotel round 10
ChatterBot Sierra round 10
ChatterBot Lima round 10
ChatterBot Juliett round 10
ChatterBot Quebec round 10
ChatterBot Mike round 10
2024-10-14 17:35:30.565679 Papa: Victor, sending you 2
2024-10-14 17:35:30.566454 Hotel: Papa, sending you 4
2024-10-14 17:35:30.568834 Uniform: Golf, sending you 1
2024-10-14 17:35:30.569889 Papa: Hotel, sending you 3
2024-10-14 17:35:30.570682 Hotel: Victor, sending you 7
2024-10-14 17:35:30.571922 Golf: Uniform, sending you 2
2024-10-14 17:35:30.572802 Papa: Quebec, sending you 6
2024-10-14 17:35:30.573702 Uniform: Sierra, Juliett and Mike, sending you 3
2024-10-14 17:35:30.575197 Victor: Papa, sending you 2
2024-10-14 17:35:30.575817 Golf: Sierra, sending you 4
2024-10-14 17:35:30.576699 Hotel: Quebec, sending you 5
2024-10-14 17:35:30.577240 Lima: Uniform, sending you 2
2024-10-14 17:35:30.578804 Juliett: Uniform and Golf, sending you 3
2024-10-14 17:35:30.579287 Quebec: Papa, sending you 5
2024-10-14 17:35:30.579771 Victor: Hotel, sending you 6
2024-10-14 17:35:30.580260 Uniform: Lima, sending you 2
2024-10-14 17:35:30.581915 Sierra: Uniform, Golf, Lima and Juliett, sending you 3
2024-10-14 17:35:30.582644 Golf: Lima and Juliett, sending you 3
2024-10-14 17:35:30.584158 Juliett: Sierra, sending you 4
2024-10-14 17:35:30.584532 Lima: Golf, Sierra and Mike, sending you 3
2024-10-14 17:35:30.585552 Quebec: Victor, sending you 3
2024-10-14 17:35:30.586113 Victor: Quebec, sending you 3
2024-10-14 17:35:30.587081 Mike: Uniform and Lima, sending you 3
2024-10-14 17:35:30.588182 Golf: Mike, sending you 5
2024-10-14 17:35:30.589211 Juliett: Mike, sending you 2
2024-10-14 17:35:30.590123 Sierra: Mike, sending you 5
2024-10-14 17:35:30.591366 Quebec: Hotel, sending you 4
2024-10-14 17:35:30.592660 Mike: Golf, sending you 5
2024-10-14 17:35:30.599079 Mike: Sierra, sending you 7
2024-10-14 17:35:30.603664 Mike: Juliett, sending you 2
chatterbot Sierra submitting transactions
chatterbot Hotel submitting transactions
chatterbot Quebec submitting transactions
chatterbot Mike submitting transactions
chatterbot Juliett submitting transactions
chatterbot Golf submitting transactions
chatterbot Victor submitting transactions
chatterbot Uniform submitting transactions
chatterbot Lima submitting transactions
chatterbot Papa submitting transactions
ChatterBot Papa round 11
ChatterBot Uniform round 11
ChatterBot Victor round 11
ChatterBot Golf round 11
ChatterBot Hotel round 11
ChatterBot Sierra round 11
ChatterBot Lima round 11
ChatterBot Juliett round 11
ChatterBot Quebec round 11
ChatterBot Mike round 11
2024-10-14 17:35:31.681682 Uniform: Golf, sending you 1
2024-10-14 17:35:31.682859 Papa: Victor, sending you 2
2024-10-14 17:35:31.683287 Sierra: Uniform, Golf, Lima and Juliett, sending you 3
2024-10-14 17:35:31.685678 Uniform: Sierra, Juliett and Mike, sending you 3
2024-10-14 17:35:31.686460 Papa: Hotel, sending you 3
2024-10-14 17:35:31.687207 Mike: Uniform and Lima, sending you 3
2024-10-14 17:35:31.688076 Golf: Uniform, sending you 2
2024-10-14 17:35:31.688807 Sierra: Mike, sending you 5
2024-10-14 17:35:31.689574 Juliett: Uniform and Golf, sending you 3
2024-10-14 17:35:31.690089 Uniform: Lima, sending you 2
2024-10-14 17:35:31.690751 Papa: Quebec, sending you 6
2024-10-14 17:35:31.691519 Mike: Golf, sending you 5
2024-10-14 17:35:31.692258 Golf: Sierra, sending you 4
2024-10-14 17:35:31.693132 Quebec: Papa, sending you 5
2024-10-14 17:35:31.693604 Juliett: Sierra, sending you 4
2024-10-14 17:35:31.694046 Hotel: Papa, sending you 4
2024-10-14 17:35:31.694697 Victor: Papa, sending you 2
2024-10-14 17:35:31.695160 Mike: Sierra, sending you 7
2024-10-14 17:35:31.696657 Hotel: Victor, sending you 7
2024-10-14 17:35:31.697681 Golf: Lima and Juliett, sending you 3
2024-10-14 17:35:31.698433 Quebec: Victor, sending you 3
2024-10-14 17:35:31.698877 Juliett: Mike, sending you 2
2024-10-14 17:35:31.699629 Lima: Uniform, sending you 2
2024-10-14 17:35:31.700288 Victor: Hotel, sending you 6
2024-10-14 17:35:31.700719 Mike: Juliett, sending you 2
2024-10-14 17:35:31.701405 Hotel: Quebec, sending you 5
2024-10-14 17:35:31.701845 Golf: Mike, sending you 5
2024-10-14 17:35:31.702518 Quebec: Hotel, sending you 4
2024-10-14 17:35:31.703671 Victor: Quebec, sending you 3
2024-10-14 17:35:31.704674 Lima: Golf, Sierra and Mike, sending you 3
chatterbot Lima submitting transactions
chatterbot Papa submitting transactions
chatterbot Uniform submitting transactions
chatterbot Hotel submitting transactions
chatterbot Victor submitting transactions
chatterbot Juliett submitting transactions
chatterbot Quebec submitting transactions
chatterbot Sierra submitting transactions
chatterbot Mike submitting transactions
chatterbot Golf submitting transactions
ChatterBot Papa round 12
ChatterBot Uniform round 12
ChatterBot Victor round 12
ChatterBot Golf round 12
ChatterBot Hotel round 12
ChatterBot Sierra round 12
ChatterBot Lima round 12
ChatterBot Juliett round 12
ChatterBot Quebec round 12
ChatterBot Mike round 12
2024-10-14 17:35:32.873662 Hotel: Papa, sending you 4
2024-10-14 17:35:32.875658 Sierra: Uniform, Golf, Lima and Juliett, sending you 3
2024-10-14 17:35:32.876645 Lima: Uniform, sending you 2
2024-10-14 17:35:32.877365 Hotel: Victor, sending you 7
2024-10-14 17:35:32.877795 Victor: Papa, sending you 2
2024-10-14 17:35:32.878234 Uniform: Golf, sending you 1
2024-10-14 17:35:32.878958 Sierra: Mike, sending you 5
2024-10-14 17:35:32.879676 Papa: Victor, sending you 2
2024-10-14 17:35:32.880138 Quebec: Papa, sending you 5
2024-10-14 17:35:32.880682 Lima: Golf, Sierra and Mike, sending you 3
2024-10-14 17:35:32.881667 Hotel: Quebec, sending you 5
2024-10-14 17:35:32.882162 Uniform: Sierra, Juliett and Mike, sending you 3
2024-10-14 17:35:32.882911 Victor: Hotel, sending you 6
2024-10-14 17:35:32.883659 Papa: Hotel, sending you 4
2024-10-14 17:35:32.884174 Quebec: Victor, sending you 3
2024-10-14 17:35:32.885669 Uniform: Lima, sending you 2
2024-10-14 17:35:32.888045 Golf: Uniform, sending you 2
2024-10-14 17:35:32.888852 Victor: Quebec, sending you 3
2024-10-14 17:35:32.889348 Papa: Quebec, sending you 5
2024-10-14 17:35:32.889800 Quebec: Hotel, sending you 4
2024-10-14 17:35:32.890696 Mike: Uniform and Lima, sending you 3
2024-10-14 17:35:32.891679 Golf: Sierra, sending you 4
2024-10-14 17:35:32.893675 Juliett: Uniform and Golf, sending you 3
2024-10-14 17:35:32.895681 Mike: Golf, sending you 5
2024-10-14 17:35:32.896671 Golf: Lima and Juliett, sending you 3
2024-10-14 17:35:32.897436 Juliett: Sierra, sending you 4
2024-10-14 17:35:32.898660 Mike: Sierra, sending you 7
2024-10-14 17:35:32.900660 Golf: Mike, sending you 5
2024-10-14 17:35:32.901390 Juliett: Mike, sending you 2
2024-10-14 17:35:32.901938 Mike: Juliett, sending you 2
chatterbot Victor submitting transactions
chatterbot Mike submitting transactions
chatterbot Lima submitting transactions
chatterbot Golf submitting transactions
chatterbot Quebec submitting transactions
chatterbot Papa submitting transactions
chatterbot Sierra submitting transactions
chatterbot Hotel submitting transactions
chatterbot Uniform submitting transactions
chatterbot Juliett submitting transactions
ChatterBot Papa round 13
ChatterBot Uniform round 13
ChatterBot Victor round 13
ChatterBot Golf round 13
ChatterBot Hotel round 13
ChatterBot Sierra round 13
ChatterBot Lima round 13
ChatterBot Juliett round 13
ChatterBot Quebec round 13
ChatterBot Mike round 13
2024-10-14 17:35:34.133671 Papa: Victor, sending you 2
2024-10-14 17:35:34.134689 Sierra: Uniform, Golf, Lima and Juliett, sending you 3
2024-10-14 17:35:34.137700 Victor: Papa, sending you 2
2024-10-14 17:35:34.138289 Papa: Hotel, sending you 4
2024-10-14 17:35:34.140715 Sierra: Mike, sending you 5
2024-10-14 17:35:34.141755 Papa: Quebec, sending you 5
2024-10-14 17:35:34.143056 Victor: Hotel, sending you 6
2024-10-14 17:35:34.143633 Lima: Uniform, Golf and Sierra, sending you 1
2024-10-14 17:35:34.144655 Uniform: Golf, sending you 1
2024-10-14 17:35:34.145679 Hotel: Papa, sending you 4
2024-10-14 17:35:34.146757 Victor: Quebec, sending you 3
2024-10-14 17:35:34.148669 Uniform: Sierra, Juliett and Mike, sending you 3
2024-10-14 17:35:34.149670 Hotel: Victor, sending you 7
2024-10-14 17:35:34.151682 Golf: Uniform, sending you 2
2024-10-14 17:35:34.152903 Quebec: Papa, sending you 5
2024-10-14 17:35:34.154003 Hotel: Quebec, sending you 5
2024-10-14 17:35:34.154710 Uniform: Lima, sending you 2
2024-10-14 17:35:34.155737 Mike: Uniform and Lima, sending you 3
2024-10-14 17:35:34.157696 Golf: Sierra, sending you 4
2024-10-14 17:35:34.158559 Quebec: Victor, sending you 3
2024-10-14 17:35:34.160705 Mike: Golf, sending you 5
2024-10-14 17:35:34.162374 Juliett: Uniform and Golf, sending you 3
2024-10-14 17:35:34.163432 Golf: Lima and Juliett, sending you 3
2024-10-14 17:35:34.166043 Quebec: Hotel, sending you 4
2024-10-14 17:35:34.167282 Mike: Sierra, sending you 7
2024-10-14 17:35:34.169824 Juliett: Sierra, sending you 4
2024-10-14 17:35:34.170682 Golf: Mike, sending you 5
2024-10-14 17:35:34.173693 Mike: Juliett, sending you 2
2024-10-14 17:35:34.174578 Juliett: Mike, sending you 2
chatterbot Papa submitting transactions
chatterbot Uniform submitting transactions
chatterbot Lima submitting transactions
chatterbot Juliett submitting transactions
chatterbot Golf submitting transactions
chatterbot Hotel submitting transactions
chatterbot Victor submitting transactions
chatterbot Sierra submitting transactions
chatterbot Quebec submitting transactions
chatterbot Mike submitting transactions
ChatterBot Papa round 14
ChatterBot Uniform round 14
ChatterBot Victor round 14
ChatterBot Golf round 14
ChatterBot Hotel round 14
ChatterBot Sierra round 14
ChatterBot Lima round 14
ChatterBot Juliett round 14
ChatterBot Quebec round 14
ChatterBot Mike round 14
2024-10-14 17:35:35.437858 Uniform: Golf, sending you 2
2024-10-14 17:35:35.443684 Uniform: Sierra, Juliett and Mike, sending you 3
2024-10-14 17:35:35.444587 Papa: Victor, sending you 2
2024-10-14 17:35:35.445143 Quebec: Papa, sending you 5
2024-10-14 17:35:35.445628 Sierra: Uniform, Golf, Lima and Juliett, sending you 3
2024-10-14 17:35:35.447685 Papa: Hotel, sending you 4
2024-10-14 17:35:35.448679 Uniform: Lima, sending you 1
2024-10-14 17:35:35.449704 Quebec: Victor, sending you 3
2024-10-14 17:35:35.450216 Sierra: Mike, sending you 5
2024-10-14 17:35:35.451652 Papa: Quebec, sending you 5
2024-10-14 17:35:35.452286 Victor: Papa, sending you 2
2024-10-14 17:35:35.452936 Golf: Uniform, sending you 2
2024-10-14 17:35:35.454664 Quebec: Hotel, sending you 4
2024-10-14 17:35:35.455255 Juliett: Uniform and Golf, sending you 3
2024-10-14 17:35:35.456264 Hotel: Papa, sending you 4
2024-10-14 17:35:35.456891 Lima: Uniform, sending you 2
2024-10-14 17:35:35.457976 Victor: Hotel, sending you 6
2024-10-14 17:35:35.458538 Golf: Sierra, sending you 4
2024-10-14 17:35:35.459671 Mike: I was attacked by Lima
ChatterBot Golf reevaluating
ChatterBot Lima reevaluating
ChatterBot Uniform reevaluating
ChatterBot Sierra reevaluating
ChatterBot Juliett reevaluating
2024-10-14 17:35:35.473905 Mike: I'm keeping this round to protect myself
2024-10-14 17:35:35.475473 Mike: Ow
2024-10-14 17:35:35.475775 Victor: Quebec, sending you 3
2024-10-14 17:35:35.476205 Hotel: Victor, sending you 7
2024-10-14 17:35:35.479708 Hotel: Quebec, sending you 5
chatterbot Papa submitting transactions
chatterbot Sierra submitting transactions
chatterbot Juliett submitting transactions
chatterbot Victor submitting transactions
chatterbot Golf submitting transactions
chatterbot Uniform submitting transactions
chatterbot Hotel submitting transactions
chatterbot Mike submitting transactions
chatterbot Quebec submitting transactions
chatterbot Lima submitting transactions
ChatterBot Papa round 15
ChatterBot Uniform round 15
ChatterBot Victor round 15
ChatterBot Golf round 15
ChatterBot Hotel round 15
ChatterBot Sierra round 15
ChatterBot Lima round 15
ChatterBot Juliett round 15
ChatterBot Quebec round 15
ChatterBot Mike round 15
2024-10-14 17:35:36.718645 Victor: Papa, sending you 2
2024-10-14 17:35:36.720657 Uniform: Golf, Lima and Mike, sending you 2
2024-10-14 17:35:36.723651 Victor: Hotel, sending you 6
