ChatterBot Quebec round 1
ChatterBot Romeo round 1
ChatterBot November round 1
ChatterBot Bravo round 1
ChatterBot Yankee round 1
ChatterBot Delta round 1
randomSelections Romeo: {Romeo, Papa, India, Bravo, Quebec, November, Yankee} 
2024-10-14 17:35:18.924678 Romeo: Can we be friends?
ChatterBot Bravo reevaluating
ChatterBot Quebec reevaluating
ChatterBot November reevaluating
ChatterBot Yankee reevaluating
2024-10-14 17:35:19.004435 Bravo: Yes
2024-10-14 17:35:19.004966 Quebec: Yes
2024-10-14 17:35:19.005375 November: Yes
2024-10-14 17:35:19.006550 Yankee: Yes
ChatterBot Quebec reevaluating
ChatterBot November reevaluating
ChatterBot Yankee reevaluating
ChatterBot Bravo reevaluating
ChatterBot November reevaluating
ChatterBot Yankee reevaluating
ChatterBot Bravo reevaluating
ChatterBot Quebec reevaluating
ChatterBot Yankee reevaluating
ChatterBot Bravo reevaluating
ChatterBot Quebec reevaluating
ChatterBot November reevaluating
ChatterBot India round 1
ChatterBot India reevaluating
ChatterBot India reevaluating
ChatterBot India reevaluating
ChatterBot India reevaluating
ChatterBot India reevaluating
2024-10-14 17:35:19.067362 India: Yes
ChatterBot Bravo reevaluating
ChatterBot Quebec reevaluating
ChatterBot November reevaluating
ChatterBot Yankee reevaluating
ChatterBot Hotel round 1
ChatterBot Papa round 1
ChatterBot Papa reevaluating
ChatterBot Papa reevaluating
ChatterBot Papa reevaluating
ChatterBot Papa reevaluating
ChatterBot Papa reevaluating
ChatterBot Papa reevaluating
2024-10-14 17:35:19.092222 Papa: Yes
ChatterBot India reevaluating
ChatterBot Bravo reevaluating
ChatterBot Quebec reevaluating
ChatterBot November reevaluating
ChatterBot Yankee reevaluating
ChatterBot Whiskey round 1
randomSelections Delta: {Delta, Yankee, Whiskey, Papa, Romeo, November, India} 
2024-10-14 17:35:19.108693 Delta: Can we be friends?
ChatterBot Yankee reevaluating
ChatterBot Whiskey reevaluating
ChatterBot Papa reevaluating
ChatterBot November reevaluating
ChatterBot India reevaluating
2024-10-14 17:35:19.117841 Yankee: No
2024-10-14 17:35:19.118079 Whiskey: Yes
2024-10-14 17:35:19.118241 Papa: No
2024-10-14 17:35:19.118481 Romeo: No
2024-10-14 17:35:19.119211 November: No
2024-10-14 17:35:19.119439 India: No
ChatterBot Whiskey reevaluating
ChatterBot Papa reevaluating
ChatterBot November reevaluating
ChatterBot India reevaluating
ChatterBot Yankee reevaluating
ChatterBot Papa reevaluating
ChatterBot November reevaluating
ChatterBot India reevaluating
ChatterBot Yankee reevaluating
ChatterBot Whiskey reevaluating
ChatterBot November reevaluating
ChatterBot India reevaluating
ChatterBot Yankee reevaluating
ChatterBot Whiskey reevaluating
ChatterBot Papa reevaluating
ChatterBot November reevaluating
ChatterBot India reevaluating
ChatterBot Yankee reevaluating
ChatterBot Whiskey reevaluating
ChatterBot Papa reevaluating
ChatterBot India reevaluating
ChatterBot Yankee reevaluating
ChatterBot Whiskey reevaluating
ChatterBot Papa reevaluating
ChatterBot November reevaluating
randomSelections Hotel: {Hotel, Whiskey, November, Yankee, Quebec} 
2024-10-14 17:35:19.175341 Hotel: We would work well together
ChatterBot Whiskey reevaluating
2024-10-14 17:35:19.180505 Whiskey: No
2024-10-14 17:35:19.180773 November: No
2024-10-14 17:35:19.181605 Yankee: No
2024-10-14 17:35:19.181749 Quebec: No
ChatterBot Whiskey reevaluating
ChatterBot Whiskey reevaluating
ChatterBot Whiskey reevaluating
2024-10-14 17:35:19.211948 Romeo: Quebec, sending you 2
2024-10-14 17:35:19.218374 Romeo: Bravo, sending you 5
2024-10-14 17:35:19.219700 Quebec: Romeo, November and Papa, sending you 2
2024-10-14 17:35:19.220732 Bravo: Quebec, Romeo and November, sending you 2
2024-10-14 17:35:19.221724 Romeo: Yankee, sending you 1
2024-10-14 17:35:19.224563 Hotel: Quebec, sending you 2
2024-10-14 17:35:19.225057 Quebec: Bravo, sending you 3
2024-10-14 17:35:19.226194 Bravo: Yankee and Papa, sending you 1
2024-10-14 17:35:19.226578 India: Quebec and Romeo, sending you 3
2024-10-14 17:35:19.226960 Romeo: India and Papa, sending you 4
2024-10-14 17:35:19.228061 Hotel: November, sending you 5
2024-10-14 17:35:19.230596 Quebec: Yankee, sending you 1
2024-10-14 17:35:19.230946 Bravo: India, sending you 3
2024-10-14 17:35:19.232982 India: November, sending you 6
2024-10-14 17:35:19.233366 Papa: Quebec and Yankee, sending you 1
2024-10-14 17:35:19.233843 Delta: Romeo and November, sending you 2
2024-10-14 17:35:19.234228 Whiskey: Romeo, Yankee and Delta, sending you 1
2024-10-14 17:35:19.235534 Hotel: Yankee, sending you 4
2024-10-14 17:35:19.235887 Quebec: India, sending you 5
2024-10-14 17:35:19.237795 India: Bravo and Yankee, sending you 1
2024-10-14 17:35:19.238458 Delta: Yankee, sending you 1
2024-10-14 17:35:19.242547 Whiskey: November and India, sending you 2
2024-10-14 17:35:19.243256 Papa: Romeo and Bravo, sending you 3
2024-10-14 17:35:19.244124 Hotel: Whiskey, sending you 3
2024-10-14 17:35:19.252236 Delta: Papa, sending you 6
2024-10-14 17:35:19.252670 Whiskey: Papa, sending you 3
2024-10-14 17:35:19.253072 Papa: November and India, sending you 2
2024-10-14 17:35:19.274816 Delta: Whiskey, sending you 4
chatterbot Romeo submitting transactions
chatterbot Yankee submitting transactions
chatterbot India submitting transactions
chatterbot Hotel submitting transactions
chatterbot Whiskey submitting transactions
chatterbot Bravo submitting transactions
chatterbot Delta submitting transactions
chatterbot November submitting transactions
chatterbot Quebec submitting transactions
chatterbot Papa submitting transactions
ChatterBot Quebec round 2
ChatterBot Romeo round 2
ChatterBot November round 2
ChatterBot Bravo round 2
ChatterBot Yankee round 2
ChatterBot Delta round 2
2024-10-14 17:35:20.474391 Romeo: We should group up
ChatterBot Bravo reevaluating
ChatterBot India reevaluating
ChatterBot Papa reevaluating
ChatterBot Delta reevaluating
ChatterBot Whiskey reevaluating
2024-10-14 17:35:20.521631 Quebec: No
2024-10-14 17:35:20.522301 Bravo: No
2024-10-14 17:35:20.522423 India: No
2024-10-14 17:35:20.522533 Papa: No
2024-10-14 17:35:20.522652 Delta: Yes
2024-10-14 17:35:20.522757 Whiskey: No
ChatterBot Romeo reevaluating
ChatterBot Bravo reevaluating
ChatterBot India reevaluating
ChatterBot Papa reevaluating
ChatterBot Delta reevaluating
ChatterBot Whiskey reevaluating
ChatterBot Romeo reevaluating
ChatterBot India reevaluating
ChatterBot Papa reevaluating
ChatterBot Delta reevaluating
ChatterBot Whiskey reevaluating
ChatterBot Romeo reevaluating
ChatterBot Bravo reevaluating
ChatterBot Papa reevaluating
ChatterBot Delta reevaluating
ChatterBot Whiskey reevaluating
ChatterBot Romeo reevaluating
ChatterBot Bravo reevaluating
ChatterBot India reevaluating
ChatterBot Delta reevaluating
ChatterBot Whiskey reevaluating
ChatterBot Romeo reevaluating
ChatterBot Bravo reevaluating
ChatterBot India reevaluating
ChatterBot Papa reevaluating
ChatterBot Whiskey reevaluating
ChatterBot Romeo reevaluating
ChatterBot Bravo reevaluating
ChatterBot India reevaluating
ChatterBot Papa reevaluating
ChatterBot Delta reevaluating
ChatterBot India round 2
ChatterBot Hotel round 2
ChatterBot Papa round 2
ChatterBot Whiskey round 2
2024-10-14 17:35:20.844881 November: We should drop Yankee
ChatterBot Romeo reevaluating
ChatterBot Bravo reevaluating
ChatterBot India reevaluating
ChatterBot Papa reevaluating
2024-10-14 17:35:20.866554 Quebec: Yes
2024-10-14 17:35:20.866854 Romeo: Yes
2024-10-14 17:35:20.867672 Bravo: Yes
2024-10-14 17:35:20.867858 India: Yes
2024-10-14 17:35:20.868054 Papa: Yes
ChatterBot Romeo reevaluating
ChatterBot Bravo reevaluating
ChatterBot India reevaluating
ChatterBot Papa reevaluating
ChatterBot Bravo reevaluating
ChatterBot India reevaluating
ChatterBot Papa reevaluating
ChatterBot Romeo reevaluating
ChatterBot India reevaluating
ChatterBot Papa reevaluating
ChatterBot Romeo reevaluating
ChatterBot Bravo reevaluating
ChatterBot Papa reevaluating
ChatterBot Romeo reevaluating
ChatterBot Bravo reevaluating
ChatterBot India reevaluating
2024-10-14 17:35:20.983661 Quebec: We should drop November and Yankee
ChatterBot Romeo reevaluating
ChatterBot Bravo reevaluating
ChatterBot India reevaluating
ChatterBot Papa reevaluating
2024-10-14 17:35:21.001480 Romeo: Yes
2024-10-14 17:35:21.001673 Bravo: Yes
2024-10-14 17:35:21.001792 India: Yes
2024-10-14 17:35:21.001896 Papa: Yes
ChatterBot Bravo reevaluating
ChatterBot India reevaluating
ChatterBot Papa reevaluating
ChatterBot Romeo reevaluating
ChatterBot India reevaluating
ChatterBot Papa reevaluating
ChatterBot Romeo reevaluating
ChatterBot Bravo reevaluating
ChatterBot Papa reevaluating
ChatterBot Romeo reevaluating
ChatterBot Bravo reevaluating
ChatterBot India reevaluating
2024-10-14 17:35:21.091324 Yankee: We should drop November
ChatterBot Romeo reevaluating
2024-10-14 17:35:21.111214 Quebec: Yes
2024-10-14 17:35:21.111388 Romeo: Yes
2024-10-14 17:35:21.111493 Bravo: Yes
2024-10-14 17:35:21.111605 India: Yes
2024-10-14 17:35:21.112060 Papa: Yes
ChatterBot Romeo reevaluating
ChatterBot Romeo reevaluating
ChatterBot Papa reevaluating
ChatterBot Romeo reevaluating
ChatterBot Papa reevaluating
ChatterBot Romeo reevaluating
2024-10-14 17:35:21.840745 Delta: Quebec, Romeo, Bravo, India and Papa, sending you 2
2024-10-14 17:35:21.841590 Whiskey: Delta, sending you 6
2024-10-14 17:35:21.841782 November: Quebec, Bravo and Papa, sending you 2
2024-10-14 17:35:21.842093 Quebec: Romeo and Bravo, sending you 4
2024-10-14 17:35:21.842337 Yankee: Sending you each 2
2024-10-14 17:35:21.843029 Bravo: Quebec and Papa, sending you 3
chatterbot November submitting transactions
chatterbot India submitting transactions
chatterbot Whiskey submitting transactions
2024-10-14 17:35:21.961602 Delta: Whiskey, sending you 7
2024-10-14 17:35:21.962429 Romeo: Quebec, Bravo, Delta, India and Papa, sending you 3
2024-10-14 17:35:21.962857 Whiskey: Hotel, sending you 4
2024-10-14 17:35:21.963179 November: Romeo, sending you 1
2024-10-14 17:35:21.964083 Quebec: India, sending you 5
2024-10-14 17:35:21.964425 Bravo: Romeo, sending you 5
2024-10-14 17:35:21.964771 Papa: Quebec and Whiskey, sending you 2
2024-10-14 17:35:21.965591 India: Quebec, sending you 6
chatterbot Delta submitting transactions
chatterbot Quebec submitting transactions
chatterbot Bravo submitting transactions
2024-10-14 17:35:21.966858 Romeo: Whiskey, sending you 1
2024-10-14 17:35:21.967239 Quebec: Papa, sending you 2
2024-10-14 17:35:22.009284 Papa: Romeo, sending you 3
2024-10-14 17:35:22.009704 November: India, sending you 3
2024-10-14 17:35:22.010085 India: Romeo, sending you 5
2024-10-14 17:35:22.044605 Papa: Bravo, sending you 1
2024-10-14 17:35:22.045366 India: Bravo, sending you 4
2024-10-14 17:35:22.082469 India: Papa, sending you 2
2024-10-14 17:35:22.082915 Papa: Delta, sending you 4
chatterbot Yankee submitting transactions
chatterbot Hotel submitting transactions
chatterbot Papa submitting transactions
chatterbot Romeo submitting transactions
ChatterBot Quebec round 3
ChatterBot Romeo round 3
ChatterBot November round 3
ChatterBot Bravo round 3
ChatterBot Yankee round 3
ChatterBot Delta round 3
ChatterBot India round 3
ChatterBot Hotel round 3
ChatterBot Papa round 3
2024-10-14 17:35:22.811538 Yankee: Group up?
ChatterBot Delta reevaluating
ChatterBot Hotel reevaluating
2024-10-14 17:35:22.830011 Delta: Yes
2024-10-14 17:35:22.830833 Hotel: Yes
2024-10-14 17:35:22.831151 Whiskey: No
ChatterBot Hotel reevaluating
ChatterBot Delta reevaluating
ChatterBot Delta reevaluating
ChatterBot Hotel reevaluating
ChatterBot Whiskey round 3
2024-10-14 17:35:22.904677 November: Quebec, Bravo and Papa, sending you 2
2024-10-14 17:35:22.906372 Romeo: Sending you each 4
2024-10-14 17:35:22.909119 November: Romeo, sending you 1
2024-10-14 17:35:22.909908 India: Quebec, sending you 7
2024-10-14 17:35:22.911412 Quebec: Romeo and Bravo, sending you 4
2024-10-14 17:35:22.913343 Bravo: Quebec and India, sending you 3
2024-10-14 17:35:22.914083 Hotel: Delta, sending you 1
2024-10-14 17:35:22.914654 Yankee: Delta, sending you 2
2024-10-14 17:35:22.916020 November: India, sending you 3
2024-10-14 17:35:22.916922 India: Romeo, sending you 5
2024-10-14 17:35:22.918208 Quebec: India, sending you 5
2024-10-14 17:35:22.918928 Bravo: Romeo, sending you 4
2024-10-14 17:35:22.920223 Papa: Quebec and Bravo, sending you 3
2024-10-14 17:35:22.921075 Hotel: Whiskey, sending you 5
2024-10-14 17:35:22.921898 Delta: Yankee, sending you 3
2024-10-14 17:35:22.922284 Yankee: Hotel, sending you 5
2024-10-14 17:35:22.922654 India: Bravo, sending you 3
2024-10-14 17:35:22.923087 Quebec: Papa, sending you 2
2024-10-14 17:35:22.923937 Bravo: Papa, sending you 1
2024-10-14 17:35:22.924665 Papa: Romeo, sending you 5
2024-10-14 17:35:22.925230 Delta: Hotel, sending you 4
2024-10-14 17:35:22.925999 Yankee: Whiskey, sending you 3
2024-10-14 17:35:22.926393 India: Papa, sending you 2
2024-10-14 17:35:22.926775 Whiskey: Delta, sending you 8
2024-10-14 17:35:22.927758 Papa: India, sending you 1
2024-10-14 17:35:22.929846 Whiskey: Hotel, sending you 2
2024-10-14 17:35:22.930685 Delta: Whiskey, sending you 10
chatterbot India submitting transactions
chatterbot November submitting transactions
chatterbot Romeo submitting transactions
chatterbot Delta submitting transactions
chatterbot Papa submitting transactions
chatterbot Yankee submitting transactions
chatterbot Bravo submitting transactions
chatterbot Quebec submitting transactions
chatterbot Hotel submitting transactions
chatterbot Whiskey submitting transactions
ChatterBot Quebec round 4
ChatterBot Romeo round 4
ChatterBot November round 4
ChatterBot Bravo round 4
ChatterBot Yankee round 4
ChatterBot Delta round 4
ChatterBot India round 4
ChatterBot Hotel round 4
ChatterBot Papa round 4
ChatterBot Whiskey round 4
2024-10-14 17:35:24.035363 November: We should drop Papa
2024-10-14 17:35:24.044450 Quebec: No
2024-10-14 17:35:24.044607 Romeo: No
2024-10-14 17:35:24.044768 Bravo: No
2024-10-14 17:35:24.044892 India: No
ChatterBot November reevaluating
ChatterBot November reevaluating
ChatterBot November reevaluating
ChatterBot November reevaluating
2024-10-14 17:35:24.081439 Delta: Yankee and Hotel, sending you 4
2024-10-14 17:35:24.084893 Yankee: Delta and Hotel, sending you 4
2024-10-14 17:35:24.085271 Bravo: Quebec, sending you 3
2024-10-14 17:35:24.085757 Romeo: Same as last round
2024-10-14 17:35:24.086199 Papa: Quebec, sending you 3
2024-10-14 17:35:24.086685 Delta: Whiskey, sending you 9
2024-10-14 17:35:24.087023 Quebec: Romeo, sending you 4
2024-10-14 17:35:24.087865 Yankee: Whiskey, sending you 2
2024-10-14 17:35:24.089669 Bravo: Romeo, sending you 4
2024-10-14 17:35:24.090006 Papa: Romeo, sending you 5
2024-10-14 17:35:24.091693 Quebec: Bravo and Papa, sending you 3
2024-10-14 17:35:24.092713 Papa: Bravo and India, sending you 2
2024-10-14 17:35:24.093730 India: Quebec, sending you 7
2024-10-14 17:35:24.094688 Bravo: India and Papa, sending you 2
2024-10-14 17:35:24.095068 Quebec: India, sending you 5
2024-10-14 17:35:24.096648 Whiskey: Yankee, sending you 1
2024-10-14 17:35:24.096926 Hotel: Yankee and Delta, sending you 4
2024-10-14 17:35:24.097668 India: Romeo, sending you 5
2024-10-14 17:35:24.100682 Whiskey: Delta, sending you 6
2024-10-14 17:35:24.100928 India: Bravo, sending you 3
2024-10-14 17:35:24.101666 Hotel: Whiskey, sending you 5
2024-10-14 17:35:24.103669 India: Papa, sending you 2
2024-10-14 17:35:24.106054 Whiskey: Hotel, sending you 3
2024-10-14 17:35:24.113659 November: Quebec, Bravo and Papa, sending you 2
2024-10-14 17:35:24.118906 November: India, sending you 4
chatterbot India submitting transactions
chatterbot Romeo submitting transactions
chatterbot Quebec submitting transactions
chatterbot November submitting transactions
chatterbot Bravo submitting transactions
chatterbot Whiskey submitting transactions
chatterbot Delta submitting transactions
chatterbot Yankee submitting transactions
chatterbot Papa submitting transactions
chatterbot Hotel submitting transactions
ChatterBot Quebec round 5
ChatterBot Romeo round 5
ChatterBot November round 5
ChatterBot Bravo round 5
ChatterBot Yankee round 5
ChatterBot Delta round 5
ChatterBot India round 5
ChatterBot Hotel round 5
ChatterBot Papa round 5
ChatterBot Whiskey round 5
2024-10-14 17:35:25.302677 Romeo: Same as last round
2024-10-14 17:35:25.303661 Quebec: Romeo, sending you 4
2024-10-14 17:35:25.308676 Quebec: Bravo and Papa, sending you 3
2024-10-14 17:35:25.309683 Hotel: Yankee and Delta, sending you 4
2024-10-14 17:35:25.312676 Hotel: Whiskey, sending you 6
2024-10-14 17:35:25.313724 Quebec: India, sending you 5
2024-10-14 17:35:25.315684 Yankee: Delta and Hotel, sending you 4
2024-10-14 17:35:25.317676 Papa: Quebec, sending you 3
2024-10-14 17:35:25.318212 November: Quebec, Bravo and Papa, sending you 2
2024-10-14 17:35:25.318680 Delta: Yankee and Hotel, sending you 5
2024-10-14 17:35:25.319017 Yankee: Whiskey, sending you 2
2024-10-14 17:35:25.319679 Bravo: Quebec, sending you 3
2024-10-14 17:35:25.320684 Whiskey: Yankee, sending you 1
2024-10-14 17:35:25.321702 Papa: Romeo, sending you 5
2024-10-14 17:35:25.322667 November: India, sending you 4
2024-10-14 17:35:25.323687 Delta: Whiskey, sending you 7
2024-10-14 17:35:25.324004 Bravo: Romeo, sending you 4
2024-10-14 17:35:25.324379 Whiskey: Delta, sending you 6
2024-10-14 17:35:25.325661 India: Quebec, sending you 7
2024-10-14 17:35:25.326674 Papa: Bravo and India, sending you 2
2024-10-14 17:35:25.327686 Whiskey: Hotel, sending you 3
2024-10-14 17:35:25.328928 Bravo: India and Papa, sending you 2
2024-10-14 17:35:25.329670 India: Romeo, sending you 5
2024-10-14 17:35:25.334675 India: Bravo, sending you 3
2024-10-14 17:35:25.337921 India: Papa, sending you 2
chatterbot Quebec submitting transactions
chatterbot Delta submitting transactions
chatterbot Hotel submitting transactions
chatterbot Bravo submitting transactions
chatterbot Papa submitting transactions
chatterbot India submitting transactions
chatterbot Whiskey submitting transactions
chatterbot Romeo submitting transactions
chatterbot November submitting transactions
chatterbot Yankee submitting transactions
ChatterBot Quebec round 6
ChatterBot Romeo round 6
ChatterBot November round 6
ChatterBot Bravo round 6
ChatterBot Yankee round 6
ChatterBot Delta round 6
ChatterBot India round 6
ChatterBot Hotel round 6
ChatterBot Papa round 6
ChatterBot Whiskey round 6
2024-10-14 17:35:26.543904 November: Let's form a team
ChatterBot Delta reevaluating
2024-10-14 17:35:26.551719 Yankee: No
2024-10-14 17:35:26.552305 Delta: Yes
2024-10-14 17:35:26.552439 Hotel: No
2024-10-14 17:35:26.552625 Whiskey: No
ChatterBot Delta reevaluating
ChatterBot Yankee reevaluating
ChatterBot Delta reevaluating
ChatterBot Yankee reevaluating
ChatterBot Delta reevaluating
2024-10-14 17:35:26.600075 Delta: November we want you to join our group
2024-10-14 17:35:26.602627 November: Yes
ChatterBot Yankee reevaluating
2024-10-14 17:35:26.610796 Yankee: We should add November
2024-10-14 17:35:26.616269 Delta: Yes
2024-10-14 17:35:26.616382 Hotel: No
2024-10-14 17:35:26.616507 Whiskey: No
ChatterBot Yankee reevaluating
ChatterBot Yankee reevaluating
ChatterBot Yankee reevaluating
2024-10-14 17:35:26.638654 Quebec: Romeo, sending you 4
2024-10-14 17:35:26.639678 India: Quebec, sending you 7
2024-10-14 17:35:26.640248 November: Yankee, Delta and Whiskey, sending you 2
2024-10-14 17:35:26.640558 Bravo: Quebec, sending you 3
2024-10-14 17:35:26.640980 Romeo: Same as last round
2024-10-14 17:35:26.643695 Quebec: Bravo and Papa, sending you 3
2024-10-14 17:35:26.644667 India: Romeo, sending you 5
2024-10-14 17:35:26.645065 November: Hotel, sending you 4
2024-10-14 17:35:26.645664 Bravo: Romeo, sending you 4
2024-10-14 17:35:26.647672 Papa: Quebec, sending you 3
2024-10-14 17:35:26.648703 Quebec: India, sending you 5
2024-10-14 17:35:26.649288 Delta: November, sending you 3
2024-10-14 17:35:26.649715 India: Bravo, sending you 3
2024-10-14 17:35:26.650319 Whiskey: Yankee, sending you 1
2024-10-14 17:35:26.651333 Bravo: India and Papa, sending you 2
2024-10-14 17:35:26.651921 Papa: Romeo, sending you 5
2024-10-14 17:35:26.654017 India: Papa, sending you 2
2024-10-14 17:35:26.654672 Delta: Yankee and Hotel, sending you 4
2024-10-14 17:35:26.655690 Whiskey: Delta, sending you 6
2024-10-14 17:35:26.656108 Papa: Bravo and India, sending you 2
2024-10-14 17:35:26.657048 Hotel: Yankee and Delta, sending you 4
2024-10-14 17:35:26.657666 Delta: Whiskey, sending you 6
2024-10-14 17:35:26.658652 Yankee: Delta and Hotel, sending you 4
2024-10-14 17:35:26.660792 Whiskey: Hotel, sending you 3
2024-10-14 17:35:26.661681 Hotel: Whiskey, sending you 6
2024-10-14 17:35:26.663654 Yankee: Whiskey, sending you 2
chatterbot Romeo submitting transactions
chatterbot Bravo submitting transactions
chatterbot Quebec submitting transactions
chatterbot November submitting transactions
chatterbot Delta submitting transactions
chatterbot Whiskey submitting transactions
chatterbot Papa submitting transactions
chatterbot Yankee submitting transactions
chatterbot Hotel submitting transactions
chatterbot India submitting transactions
ChatterBot Quebec round 7
ChatterBot Romeo round 7
ChatterBot November round 7
ChatterBot Bravo round 7
ChatterBot Yankee round 7
ChatterBot Delta round 7
ChatterBot India round 7
ChatterBot Hotel round 7
ChatterBot Papa round 7
ChatterBot Whiskey round 7
2024-10-14 17:35:27.846672 Romeo: Same as last round
2024-10-14 17:35:27.852666 Quebec: Romeo, sending you 4
2024-10-14 17:35:27.853701 Hotel: November, sending you 2
2024-10-14 17:35:27.856947 Yankee: Delta and Hotel, sending you 4
2024-10-14 17:35:27.857477 Quebec: Bravo and Papa, sending you 3
2024-10-14 17:35:27.858153 November: Yankee, sending you 1
2024-10-14 17:35:27.858702 Hotel: Yankee and Delta, sending you 4
2024-10-14 17:35:27.859150 India: Quebec, sending you 6
2024-10-14 17:35:27.859798 Whiskey: Yankee, sending you 1
2024-10-14 17:35:27.860247 Yankee: Whiskey, sending you 2
2024-10-14 17:35:27.860727 November: Delta, sending you 4
2024-10-14 17:35:27.861685 Hotel: Whiskey, sending you 5
2024-10-14 17:35:27.862690 Quebec: India, sending you 5
2024-10-14 17:35:27.863684 Delta: November, sending you 3
2024-10-14 17:35:27.864411 Whiskey: Delta, sending you 5
2024-10-14 17:35:27.865135 November: Hotel, sending you 3
2024-10-14 17:35:27.865841 India: Romeo, sending you 5
2024-10-14 17:35:27.866875 Bravo: Quebec, sending you 3
2024-10-14 17:35:27.867964 Delta: Yankee and Hotel, sending you 4
2024-10-14 17:35:27.869361 Papa: Quebec, sending you 3
2024-10-14 17:35:27.870356 Whiskey: Hotel, sending you 4
2024-10-14 17:35:27.871119 November: Whiskey, sending you 2
2024-10-14 17:35:27.871795 Bravo: Romeo, sending you 4
2024-10-14 17:35:27.872464 India: Bravo and Papa, sending you 3
2024-10-14 17:35:27.873178 Delta: Whiskey, sending you 6
2024-10-14 17:35:27.874900 Papa: Romeo, sending you 5
2024-10-14 17:35:27.876656 Bravo: India and Papa, sending you 2
2024-10-14 17:35:27.878703 Papa: Bravo and India, sending you 2
chatterbot India submitting transactions
chatterbot November submitting transactions
chatterbot Bravo submitting transactions
chatterbot Whiskey submitting transactions
chatterbot Delta submitting transactions
chatterbot Yankee submitting transactions
chatterbot Papa submitting transactions
chatterbot Hotel submitting transactions
chatterbot Romeo submitting transactions
chatterbot Quebec submitting transactions
ChatterBot Quebec round 8
ChatterBot Romeo round 8
ChatterBot November round 8
ChatterBot Bravo round 8
ChatterBot Yankee round 8
ChatterBot Delta round 8
ChatterBot India round 8
ChatterBot Hotel round 8
ChatterBot Papa round 8
ChatterBot Whiskey round 8
2024-10-14 17:35:28.961685 Romeo: Same as last round
2024-10-14 17:35:28.969681 Bravo: Quebec, sending you 3
2024-10-14 17:35:28.970770 Yankee: November and Whiskey, sending you 2
2024-10-14 17:35:28.972681 Quebec: Romeo, sending you 4
2024-10-14 17:35:28.974122 Bravo: Romeo, sending you 4
2024-10-14 17:35:28.974771 Yankee: Delta and Hotel, sending you 3
2024-10-14 17:35:28.975678 Delta: November, sending you 3
2024-10-14 17:35:28.976361 Quebec: Bravo and Papa, sending you 3
2024-10-14 17:35:28.977058 November: Delta, sending you 5
2024-10-14 17:35:28.978667 Bravo: India and Papa, sending you 2
2024-10-14 17:35:28.980678 Delta: Yankee and Hotel, sending you 4
2024-10-14 17:35:28.981538 India: Quebec, sending you 6
2024-10-14 17:35:28.982246 November: Hotel, sending you 3
2024-10-14 17:35:28.982799 Quebec: India, sending you 5
2024-10-14 17:35:28.983272 Hotel: November, sending you 2
2024-10-14 17:35:28.983758 Whiskey: November and Yankee, sending you 1
2024-10-14 17:35:28.984672 India: Romeo, sending you 5
2024-10-14 17:35:28.986084 Delta: Whiskey, sending you 6
2024-10-14 17:35:28.986747 November: Whiskey, sending you 2
2024-10-14 17:35:28.987138 Hotel: Yankee, sending you 4
2024-10-14 17:35:28.987452 Papa: Quebec, sending you 3
2024-10-14 17:35:28.987957 Whiskey: Delta, sending you 5
2024-10-14 17:35:28.989874 India: Bravo and Papa, sending you 3
2024-10-14 17:35:28.990727 Papa: Romeo, sending you 5
2024-10-14 17:35:28.991693 Hotel: Delta and Whiskey, sending you 5
2024-10-14 17:35:28.992683 Whiskey: Hotel, sending you 3
2024-10-14 17:35:28.993741 Papa: Bravo and India, sending you 2
chatterbot Quebec submitting transactions
chatterbot Hotel submitting transactions
chatterbot Whiskey submitting transactions
chatterbot Bravo submitting transactions
chatterbot India submitting transactions
chatterbot Romeo submitting transactions
chatterbot Yankee submitting transactions
chatterbot Papa submitting transactions
chatterbot Delta submitting transactions
chatterbot November submitting transactions
ChatterBot Quebec round 9
ChatterBot Romeo round 9
ChatterBot November round 9
ChatterBot Bravo round 9
ChatterBot Yankee round 9
ChatterBot Delta round 9
ChatterBot India round 9
ChatterBot Hotel round 9
ChatterBot Papa round 9
ChatterBot Whiskey round 9
2024-10-14 17:35:30.170683 Romeo: Same as last round
2024-10-14 17:35:30.171718 Bravo: Quebec, sending you 3
2024-10-14 17:35:30.176701 Bravo: Romeo, sending you 4
2024-10-14 17:35:30.177470 November: Yankee and Whiskey, sending you 2
2024-10-14 17:35:30.180688 Papa: Quebec, sending you 3
2024-10-14 17:35:30.181542 Bravo: India and Papa, sending you 2
2024-10-14 17:35:30.182212 India: Quebec, sending you 6
2024-10-14 17:35:30.182832 November: Delta and Hotel, sending you 3
2024-10-14 17:35:30.184668 Quebec: Romeo, sending you 4
2024-10-14 17:35:30.185373 Hotel: November, sending you 2
2024-10-14 17:35:30.185948 Papa: Romeo, sending you 5
2024-10-14 17:35:30.186522 India: Romeo, sending you 5
2024-10-14 17:35:30.187507 Yankee: November and Whiskey, sending you 2
2024-10-14 17:35:30.188322 Delta: November, sending you 3
2024-10-14 17:35:30.189874 Quebec: Bravo and Papa, sending you 3
2024-10-14 17:35:30.190511 Hotel: Yankee, sending you 4
2024-10-14 17:35:30.190883 Papa: Bravo and India, sending you 2
2024-10-14 17:35:30.191529 India: Bravo and Papa, sending you 3
2024-10-14 17:35:30.192197 Whiskey: November and Yankee, sending you 1
2024-10-14 17:35:30.192722 Yankee: Delta and Hotel, sending you 3
2024-10-14 17:35:30.193688 Delta: Yankee and Hotel, sending you 4
2024-10-14 17:35:30.194947 Quebec: India, sending you 5
2024-10-14 17:35:30.195744 Hotel: Delta and Whiskey, sending you 5
2024-10-14 17:35:30.197665 Whiskey: Delta, sending you 5
2024-10-14 17:35:30.199208 Delta: Whiskey, sending you 6
2024-10-14 17:35:30.201750 Whiskey: Hotel, sending you 3
chatterbot India submitting transactions
chatterbot Romeo submitting transactions
chatterbot Quebec submitting transactions
chatterbot Bravo submitting transactions
chatterbot Whiskey submitting transactions
chatterbot Yankee submitting transactions
chatterbot Hotel submitting transactions
chatterbot Papa submitting transactions
chatterbot Delta submitting transactions
chatterbot November submitting transactions
ChatterBot Quebec round 10
ChatterBot Romeo round 10
ChatterBot November round 10
ChatterBot Bravo round 10
ChatterBot Yankee round 10
ChatterBot Delta round 10
ChatterBot India round 10
ChatterBot Hotel round 10
ChatterBot Papa round 10
ChatterBot Whiskey round 10
2024-10-14 17:35:31.380704 Bravo: Quebec, sending you 3
2024-10-14 17:35:31.381901 Papa: Quebec, sending you 3
2024-10-14 17:35:31.382534 Quebec: Romeo, sending you 4
2024-10-14 17:35:31.383159 Romeo: Same as last round
2024-10-14 17:35:31.384454 Yankee: November and Whiskey, sending you 2
2024-10-14 17:35:31.385021 Papa: Romeo, sending you 5
2024-10-14 17:35:31.385665 Delta: November, sending you 3
2024-10-14 17:35:31.386100 Whiskey: November and Yankee, sending you 1
2024-10-14 17:35:31.386677 Bravo: Romeo, sending you 4
2024-10-14 17:35:31.388010 Quebec: Bravo and Papa, sending you 3
2024-10-14 17:35:31.388683 India: Quebec, sending you 6
2024-10-14 17:35:31.389301 Yankee: Delta and Hotel, sending you 3
2024-10-14 17:35:31.389696 November: Yankee and Whiskey, sending you 2
2024-10-14 17:35:31.391194 Papa: Bravo and India, sending you 2
2024-10-14 17:35:31.391775 Delta: Yankee and Hotel, sending you 4
2024-10-14 17:35:31.392369 Bravo: India and Papa, sending you 2
2024-10-14 17:35:31.393001 Whiskey: Delta, sending you 5
2024-10-14 17:35:31.393333 Quebec: India, sending you 5
2024-10-14 17:35:31.394031 November: Delta and Hotel, sending you 3
2024-10-14 17:35:31.395226 India: Romeo, sending you 5
2024-10-14 17:35:31.396692 Delta: Whiskey, sending you 6
2024-10-14 17:35:31.398207 Hotel: November, sending you 2
2024-10-14 17:35:31.398683 Whiskey: Hotel, sending you 3
2024-10-14 17:35:31.399705 India: Bravo and Papa, sending you 3
2024-10-14 17:35:31.402698 Hotel: Yankee, sending you 4
2024-10-14 17:35:31.407335 Hotel: Delta, sending you 5
2024-10-14 17:35:31.412656 Hotel: Whiskey, sending you 6
chatterbot November submitting transactions
chatterbot Hotel submitting transactions
chatterbot Papa submitting transactions
chatterbot Whiskey submitting transactions
chatterbot Quebec submitting transactions
chatterbot Bravo submitting transactions
chatterbot Yankee submitting transactions
chatterbot Delta submitting transactions
chatterbot India submitting transactions
chatterbot Romeo submitting transactions
ChatterBot Quebec round 11
ChatterBot Romeo round 11
ChatterBot November round 11
ChatterBot Bravo round 11
ChatterBot Yankee round 11
ChatterBot Delta round 11
ChatterBot India round 11
ChatterBot Hotel round 11
ChatterBot Papa round 11
ChatterBot Whiskey round 11
2024-10-14 17:35:32.662687 Papa: Quebec, sending you 3
2024-10-14 17:35:32.666661 Bravo: Quebec, sending you 3
2024-10-14 17:35:32.667430 Papa: Romeo, sending you 5
2024-10-14 17:35:32.668315 Quebec: Romeo, sending you 4
2024-10-14 17:35:32.669628 Delta: November, sending you 3
2024-10-14 17:35:32.670708 Bravo: Romeo, sending you 4
2024-10-14 17:35:32.671673 Papa: Bravo and India, sending you 2
2024-10-14 17:35:32.672388 Hotel: November, sending you 2
2024-10-14 17:35:32.673246 Romeo: Same as last round
2024-10-14 17:35:32.673878 Quebec: Bravo and Papa, sending you 3
2024-10-14 17:35:32.674580 Delta: Yankee and Hotel, sending you 4
2024-10-14 17:35:32.675141 November: Yankee and Whiskey, sending you 2
2024-10-14 17:35:32.675608 India: Quebec, sending you 6
2024-10-14 17:35:32.676236 Yankee: November and Whiskey, sending you 2
2024-10-14 17:35:32.677343 Whiskey: November and Yankee, sending you 1
2024-10-14 17:35:32.677934 Bravo: India and Papa, sending you 2
2024-10-14 17:35:32.678519 Hotel: Yankee, sending you 4
2024-10-14 17:35:32.678923 Quebec: India, sending you 5
2024-10-14 17:35:32.679460 Delta: Whiskey, sending you 6
2024-10-14 17:35:32.679898 November: Delta and Hotel, sending you 3
2024-10-14 17:35:32.680356 India: Romeo, sending you 5
2024-10-14 17:35:32.681311 Yankee: Delta and Hotel, sending you 3
2024-10-14 17:35:32.682705 Whiskey: Delta, sending you 5
2024-10-14 17:35:32.683701 Hotel: Delta, sending you 5
2024-10-14 17:35:32.684744 India: Bravo and Papa, sending you 3
2024-10-14 17:35:32.688281 Whiskey: Hotel, sending you 3
2024-10-14 17:35:32.688951 Hotel: Whiskey, sending you 6
chatterbot Romeo submitting transactions
chatterbot Quebec submitting transactions
chatterbot Yankee submitting transactions
chatterbot Papa submitting transactions
chatterbot November submitting transactions
chatterbot Bravo submitting transactions
chatterbot Delta submitting transactions
chatterbot Whiskey submitting transactions
chatterbot Hotel submitting transactions
chatterbot India submitting transactions
ChatterBot Quebec round 12
ChatterBot Romeo round 12
ChatterBot November round 12
ChatterBot Bravo round 12
ChatterBot Yankee round 12
ChatterBot Delta round 12
ChatterBot India round 12
ChatterBot Hotel round 12
ChatterBot Papa round 12
ChatterBot Whiskey round 12
2024-10-14 17:35:33.650691 Romeo: Same as last round
2024-10-14 17:35:33.651881 November: Yankee, Hotel and Whiskey, sending you 2
2024-10-14 17:35:33.653689 Whiskey: November and Yankee, sending you 1
2024-10-14 17:35:33.655694 Yankee: November and Whiskey, sending you 2
2024-10-14 17:35:33.656274 November: Delta, sending you 4
2024-10-14 17:35:33.656808 Quebec: Romeo, sending you 4
2024-10-14 17:35:33.657742 Whiskey: Delta, sending you 5
2024-10-14 17:35:33.658676 India: Quebec, sending you 6
2024-10-14 17:35:33.659677 Delta: November, sending you 3
2024-10-14 17:35:33.660174 Papa: Quebec, sending you 3
2024-10-14 17:35:33.660823 Yankee: Delta and Hotel, sending you 3
2024-10-14 17:35:33.661710 Hotel: November, sending you 3
2024-10-14 17:35:33.662193 Whiskey: Hotel, sending you 3
2024-10-14 17:35:33.662637 India: Romeo, sending you 5
2024-10-14 17:35:33.663534 Quebec: Bravo and Papa, sending you 3
2024-10-14 17:35:33.664105 Papa: Romeo, sending you 5
2024-10-14 17:35:33.664882 Bravo: Quebec, sending you 3
2024-10-14 17:35:33.665507 Delta: Yankee and Hotel, sending you 4
2024-10-14 17:35:33.665957 Hotel: Yankee, sending you 4
2024-10-14 17:35:33.667669 India: Bravo and Papa, sending you 3
2024-10-14 17:35:33.668294 Quebec: India, sending you 5
2024-10-14 17:35:33.669294 Papa: Bravo and India, sending you 2
2024-10-14 17:35:33.669883 Hotel: Delta and Whiskey, sending you 5
2024-10-14 17:35:33.670365 Bravo: Romeo, sending you 4
2024-10-14 17:35:33.670945 Delta: Whiskey, sending you 6
2024-10-14 17:35:33.675669 Bravo: India and Papa, sending you 2
chatterbot Hotel submitting transactions
chatterbot November submitting transactions
chatterbot India submitting transactions
chatterbot Bravo submitting transactions
chatterbot Quebec submitting transactions
chatterbot Delta submitting transactions
chatterbot Papa submitting transactions
chatterbot Yankee submitting transactions
chatterbot Romeo submitting transactions
chatterbot Whiskey submitting transactions
ChatterBot Quebec round 13
ChatterBot Romeo round 13
ChatterBot November round 13
ChatterBot Bravo round 13
ChatterBot Yankee round 13
ChatterBot Delta round 13
ChatterBot India round 13
ChatterBot Hotel round 13
ChatterBot Papa round 13
ChatterBot Whiskey round 13
2024-10-14 17:35:34.879666 Quebec: Romeo, sending you 4
2024-10-14 17:35:34.881675 November: Yankee and Whiskey, sending you 2
2024-10-14 17:35:34.882690 Bravo: Quebec, sending you 3
2024-10-14 17:35:34.884690 Quebec: Bravo and Papa, sending you 3
2024-10-14 17:35:34.885261 Yankee: November and Whiskey, sending you 2
2024-10-14 17:35:34.885719 Papa: Quebec, sending you 3
2024-10-14 17:35:34.886422 November: Delta and Hotel, sending you 3
2024-10-14 17:35:34.886977 Bravo: Romeo, sending you 4
2024-10-14 17:35:34.887655 Hotel: November, sending you 3
2024-10-14 17:35:34.888209 Romeo: Same as last round
2024-10-14 17:35:34.888904 Papa: Romeo, sending you 5
2024-10-14 17:35:34.889665 Quebec: India, sending you 5
2024-10-14 17:35:34.890785 Yankee: Delta and Hotel, sending you 3
2024-10-14 17:35:34.891357 Bravo: India and Papa, sending you 2
2024-10-14 17:35:34.891998 India: Quebec, sending you 6
2024-10-14 17:35:34.892607 Hotel: Yankee, sending you 4
2024-10-14 17:35:34.893254 Papa: Bravo and India, sending you 2
2024-10-14 17:35:34.894685 Delta: November, Yankee and Hotel, sending you 4
2024-10-14 17:35:34.895114 India: Romeo, sending you 5
2024-10-14 17:35:34.897668 Hotel: Delta and Whiskey, sending you 5
2024-10-14 17:35:34.898237 Whiskey: November and Yankee, sending you 1
2024-10-14 17:35:34.898784 Delta: Whiskey, sending you 5
2024-10-14 17:35:34.899398 India: Bravo and Papa, sending you 3
2024-10-14 17:35:34.902669 Whiskey: Delta, sending you 5
2024-10-14 17:35:34.906666 Whiskey: Hotel, sending you 3
chatterbot Bravo submitting transactions
chatterbot Romeo submitting transactions
chatterbot Yankee submitting transactions
chatterbot Papa submitting transactions
chatterbot Quebec submitting transactions
chatterbot Delta submitting transactions
chatterbot Hotel submitting transactions
chatterbot November submitting transactions
chatterbot Whiskey submitting transactions
chatterbot India submitting transactions
ChatterBot Quebec round 14
ChatterBot Romeo round 14
ChatterBot November round 14
ChatterBot Bravo round 14
ChatterBot Yankee round 14
ChatterBot Delta round 14
ChatterBot India round 14
ChatterBot Hotel round 14
ChatterBot Papa round 14
ChatterBot Whiskey round 14
2024-10-14 17:35:36.128655 Yankee: November and Whiskey, sending you 2
2024-10-14 17:35:36.132678 Yankee: Delta and Hotel, sending you 3
2024-10-14 17:35:36.133695 Hotel: November, sending you 3
2024-10-14 17:35:36.136695 Papa: Quebec and India, sending you 3
2024-10-14 17:35:36.138556 Quebec: Romeo, sending you 4
2024-10-14 17:35:36.139593 Romeo: Same as last round
2024-10-14 17:35:36.141443 Hotel: Yankee, sending you 4
2024-10-14 17:35:36.142667 Bravo: Quebec, sending you 3
2024-10-14 17:35:36.144902 Delta: November, Yankee and Hotel, sending you 4
2024-10-14 17:35:36.145890 India: Quebec, sending you 6
2024-10-14 17:35:36.146968 Papa: Romeo, sending you 4
2024-10-14 17:35:36.148175 Quebec: Bravo and Papa, sending you 3
2024-10-14 17:35:36.149224 Whiskey: Yankee and Hotel, sending you 1
2024-10-14 17:35:36.150892 Hotel: Delta and Whiskey, sending you 5
2024-10-14 17:35:36.151735 Bravo: Romeo, sending you 4
2024-10-14 17:35:36.152928 Delta: Whiskey, sending you 5
2024-10-14 17:35:36.153853 November: Yankee and Whiskey, sending you 2
2024-10-14 17:35:36.154785 India: Romeo, sending you 5
2024-10-14 17:35:36.156796 Quebec: India, sending you 5
2024-10-14 17:35:36.158202 Papa: Bravo, sending you 2
2024-10-14 17:35:36.159434 Whiskey: Delta, sending you 2
2024-10-14 17:35:36.160080 Bravo: India and Papa, sending you 2
2024-10-14 17:35:36.160946 November: Delta and Hotel, sending you 3
2024-10-14 17:35:36.161410 India: Bravo and Papa, sending you 3
chatterbot Delta submitting transactions
chatterbot November submitting transactions
chatterbot India submitting transactions
chatterbot Yankee submitting transactions
chatterbot Papa submitting transactions
chatterbot Whiskey submitting transactions
chatterbot Romeo submitting transactions
chatterbot Hotel submitting transactions
chatterbot Quebec submitting transactions
chatterbot Bravo submitting transactions
ChatterBot Quebec round 15
ChatterBot Romeo round 15
ChatterBot November round 15
ChatterBot Bravo round 15
ChatterBot Yankee round 15
ChatterBot Delta round 15
ChatterBot India round 15
ChatterBot Hotel round 15
ChatterBot Papa round 15
ChatterBot Whiskey round 15
2024-10-14 17:35:37.445679 Delta: November, Yankee and Hotel, sending you 4
2024-10-14 17:35:37.447830 Romeo: Quebec, India and Papa, sending you 4
2024-10-14 17:35:37.450869 Bravo: Quebec, sending you 3
2024-10-14 17:35:37.452884 November: Yankee and Whiskey, sending you 2
2024-10-14 17:35:37.455175 Yankee: November and Whiskey, sending you 2
2024-10-14 17:35:37.457125 Delta: Whiskey, sending you 5
2024-10-14 17:35:37.458376 Romeo: Bravo, sending you 3
