ChatterBot Whiskey round 1
ChatterBot Yankee round 1
ChatterBot November round 1
ChatterBot Lima round 1
ChatterBot Uniform round 1
ChatterBot Romeo round 1
ChatterBot Papa round 1
ChatterBot Quebec round 1
ChatterBot Golf round 1
ChatterBot Delta round 1
randomSelections November: {November, Whiskey, Lima, Papa, Romeo, Quebec} 
2024-10-14 17:35:19.637853 November: We would work well together
ChatterBot Whiskey reevaluating
ChatterBot Lima reevaluating
ChatterBot Papa reevaluating
ChatterBot Romeo reevaluating
ChatterBot Quebec reevaluating
2024-10-14 17:35:19.655663 Whiskey: Yes
2024-10-14 17:35:19.655873 Lima: Yes
2024-10-14 17:35:19.656065 Papa: Yes
2024-10-14 17:35:19.656209 Romeo: Yes
2024-10-14 17:35:19.656950 Quebec: Yes
ChatterBot Lima reevaluating
ChatterBot Papa reevaluating
ChatterBot Romeo reevaluating
ChatterBot Quebec reevaluating
ChatterBot Whiskey reevaluating
ChatterBot Papa reevaluating
ChatterBot Romeo reevaluating
ChatterBot Quebec reevaluating
ChatterBot Whiskey reevaluating
ChatterBot Lima reevaluating
ChatterBot Romeo reevaluating
ChatterBot Quebec reevaluating
ChatterBot Whiskey reevaluating
ChatterBot Lima reevaluating
ChatterBot Papa reevaluating
ChatterBot Quebec reevaluating
ChatterBot Whiskey reevaluating
ChatterBot Lima reevaluating
ChatterBot Papa reevaluating
ChatterBot Romeo reevaluating
randomSelections Yankee: {Yankee, November, Golf, Whiskey, Delta} 
2024-10-14 17:35:19.725138 Yankee: Friends?
ChatterBot Golf reevaluating
ChatterBot Whiskey reevaluating
ChatterBot Delta reevaluating
2024-10-14 17:35:19.734997 November: No
2024-10-14 17:35:19.735148 Golf: Yes
2024-10-14 17:35:19.735266 Whiskey: No
2024-10-14 17:35:19.735433 Delta: Yes
ChatterBot Golf reevaluating
ChatterBot Whiskey reevaluating
ChatterBot Delta reevaluating
ChatterBot Whiskey reevaluating
ChatterBot Delta reevaluating
ChatterBot Golf reevaluating
ChatterBot Delta reevaluating
ChatterBot Golf reevaluating
ChatterBot Whiskey reevaluating
randomSelections Uniform: {Uniform, Quebec, Golf, November, Papa, Lima} 
2024-10-14 17:35:19.768575 Uniform: Group up?
ChatterBot Quebec reevaluating
ChatterBot Golf reevaluating
ChatterBot Papa reevaluating
ChatterBot Lima reevaluating
2024-10-14 17:35:19.778043 Quebec: No
2024-10-14 17:35:19.778234 Golf: No
2024-10-14 17:35:19.778432 November: No
2024-10-14 17:35:19.778562 Papa: No
2024-10-14 17:35:19.778701 Lima: No
ChatterBot Golf reevaluating
ChatterBot Papa reevaluating
ChatterBot Lima reevaluating
ChatterBot Quebec reevaluating
ChatterBot Papa reevaluating
ChatterBot Lima reevaluating
ChatterBot Quebec reevaluating
ChatterBot Golf reevaluating
ChatterBot Papa reevaluating
ChatterBot Lima reevaluating
ChatterBot Quebec reevaluating
ChatterBot Golf reevaluating
ChatterBot Lima reevaluating
ChatterBot Quebec reevaluating
ChatterBot Golf reevaluating
ChatterBot Papa reevaluating
2024-10-14 17:35:19.831745 Uniform: November and Lima, sending you 2
2024-10-14 17:35:19.834727 Quebec: Whiskey, sending you 3
2024-10-14 17:35:19.835720 Uniform: Papa, sending you 5
2024-10-14 17:35:19.836678 Yankee: Whiskey and Delta, sending you 4
2024-10-14 17:35:19.837717 Papa: Whiskey and Romeo, sending you 3
2024-10-14 17:35:19.838708 November: Whiskey and Papa, sending you 1
2024-10-14 17:35:19.839164 Quebec: November and Romeo, sending you 4
2024-10-14 17:35:19.839676 Romeo: Whiskey, Lima, Papa and Quebec, sending you 4
2024-10-14 17:35:19.840374 Yankee: November, sending you 3
2024-10-14 17:35:19.840696 Uniform: Quebec, sending you 3
2024-10-14 17:35:19.841678 Quebec: Lima and Papa, sending you 2
2024-10-14 17:35:19.842667 Papa: November and Quebec, sending you 1
2024-10-14 17:35:19.843059 November: Lima, sending you 4
2024-10-14 17:35:19.843749 Yankee: Golf, sending you 1
2024-10-14 17:35:19.844068 Whiskey: Lima and Quebec, sending you 5
2024-10-14 17:35:19.844840 Uniform: Golf, sending you 6
2024-10-14 17:35:19.845687 Papa: Lima, sending you 4
2024-10-14 17:35:19.847680 November: Romeo, sending you 2
2024-10-14 17:35:19.847960 Lima: Whiskey and Papa, sending you 3
2024-10-14 17:35:19.848224 Golf: Yankee, sending you 2
2024-10-14 17:35:19.848727 Delta: Whiskey, sending you 5
2024-10-14 17:35:19.849008 Whiskey: Romeo and Papa, sending you 2
2024-10-14 17:35:19.850668 Golf: November, sending you 9
2024-10-14 17:35:19.852683 November: Quebec, sending you 3
2024-10-14 17:35:19.852979 Lima: November, sending you 5
2024-10-14 17:35:19.853687 Delta: Yankee, sending you 6
2024-10-14 17:35:19.855671 Golf: Delta, sending you 1
2024-10-14 17:35:19.855964 Lima: Romeo, sending you 2
2024-10-14 17:35:19.858679 Delta: November and Golf, sending you 1
2024-10-14 17:35:19.858994 Lima: Quebec, sending you 1
chatterbot November submitting transactions
chatterbot Lima submitting transactions
chatterbot Quebec submitting transactions
chatterbot Golf submitting transactions
chatterbot Whiskey submitting transactions
chatterbot Delta submitting transactions
chatterbot Papa submitting transactions
chatterbot Uniform submitting transactions
chatterbot Yankee submitting transactions
chatterbot Romeo submitting transactions
ChatterBot Whiskey round 2
ChatterBot Yankee round 2
ChatterBot November round 2
ChatterBot Lima round 2
ChatterBot Uniform round 2
ChatterBot Romeo round 2
ChatterBot Papa round 2
ChatterBot Quebec round 2
ChatterBot Golf round 2
ChatterBot Delta round 2
2024-10-14 17:35:21.333387 Yankee: We should replace Whiskey with Uniform
ChatterBot Golf reevaluating
ChatterBot Delta reevaluating
ChatterBot November reevaluating
2024-10-14 17:35:21.357675 Golf: Yes
2024-10-14 17:35:21.357860 Delta: No
2024-10-14 17:35:21.358019 November: No
ChatterBot Yankee reevaluating
ChatterBot Delta reevaluating
ChatterBot November reevaluating
ChatterBot Yankee reevaluating
ChatterBot Golf reevaluating
ChatterBot November reevaluating
ChatterBot Yankee reevaluating
ChatterBot Golf reevaluating
ChatterBot Delta reevaluating
2024-10-14 17:35:21.434751 November: We should add Uniform and Golf
ChatterBot Lima reevaluating
ChatterBot Papa reevaluating
ChatterBot Romeo reevaluating
ChatterBot Quebec reevaluating
2024-10-14 17:35:21.458458 Whiskey: No
2024-10-14 17:35:21.458649 Lima: No
2024-10-14 17:35:21.458776 Papa: No
2024-10-14 17:35:21.458882 Romeo: No
2024-10-14 17:35:21.459398 Quebec: No
ChatterBot November reevaluating
ChatterBot Lima reevaluating
ChatterBot Papa reevaluating
ChatterBot Romeo reevaluating
ChatterBot Quebec reevaluating
ChatterBot November reevaluating
ChatterBot Papa reevaluating
ChatterBot Romeo reevaluating
ChatterBot Quebec reevaluating
ChatterBot November reevaluating
ChatterBot Lima reevaluating
ChatterBot Romeo reevaluating
ChatterBot Quebec reevaluating
ChatterBot November reevaluating
ChatterBot Lima reevaluating
ChatterBot Papa reevaluating
ChatterBot Quebec reevaluating
ChatterBot November reevaluating
ChatterBot Lima reevaluating
ChatterBot Papa reevaluating
ChatterBot Romeo reevaluating
2024-10-14 17:35:21.663089 Papa: We should add Uniform
2024-10-14 17:35:21.663527 Quebec: We should add Uniform
ChatterBot November reevaluating
ChatterBot Lima reevaluating
ChatterBot Romeo reevaluating
ChatterBot Quebec reevaluating
2024-10-14 17:35:21.701684 November: No
ChatterBot November reevaluating
2024-10-14 17:35:21.709168 Whiskey: No
2024-10-14 17:35:21.715858 Lima: No
ChatterBot Lima reevaluating
ChatterBot Papa reevaluating
2024-10-14 17:35:21.731120 Romeo: No
ChatterBot Romeo reevaluating
2024-10-14 17:35:21.739324 Quebec: Yes
2024-10-14 17:35:21.740211 November: Yes
2024-10-14 17:35:21.740455 Whiskey: No
2024-10-14 17:35:21.740719 Lima: No
2024-10-14 17:35:21.741467 Papa: Yes
2024-10-14 17:35:21.741788 Romeo: No
ChatterBot Lima reevaluating
ChatterBot Papa reevaluating
ChatterBot Romeo reevaluating
ChatterBot Quebec reevaluating
ChatterBot November reevaluating
ChatterBot Lima reevaluating
ChatterBot Papa reevaluating
ChatterBot Romeo reevaluating
ChatterBot Quebec reevaluating
ChatterBot November reevaluating
ChatterBot Papa reevaluating
ChatterBot Romeo reevaluating
ChatterBot Quebec reevaluating
ChatterBot November reevaluating
ChatterBot Lima reevaluating
ChatterBot Papa reevaluating
ChatterBot Quebec reevaluating
ChatterBot November reevaluating
ChatterBot Lima reevaluating
ChatterBot Papa reevaluating
ChatterBot Romeo reevaluating
ChatterBot Lima reevaluating
ChatterBot Papa reevaluating
ChatterBot Romeo reevaluating
ChatterBot Quebec reevaluating
ChatterBot November reevaluating
ChatterBot Lima reevaluating
ChatterBot Papa reevaluating
ChatterBot Romeo reevaluating
ChatterBot Quebec reevaluating
ChatterBot November reevaluating
ChatterBot Papa reevaluating
ChatterBot Romeo reevaluating
ChatterBot Quebec reevaluating
ChatterBot November reevaluating
ChatterBot Lima reevaluating
ChatterBot Romeo reevaluating
ChatterBot Quebec reevaluating
ChatterBot November reevaluating
ChatterBot Lima reevaluating
ChatterBot Papa reevaluating
ChatterBot Quebec reevaluating
2024-10-14 17:35:22.029768 Papa: Uniform we want you to join our group
2024-10-14 17:35:22.034862 Uniform: No
ChatterBot Lima reevaluating
2024-10-14 17:35:22.058595 Quebec: Uniform we want you to join our group
2024-10-14 17:35:22.062956 Uniform: No
ChatterBot November reevaluating
ChatterBot Lima reevaluating
2024-10-14 17:35:22.087403 Yankee: Uniform we want you to join our group
2024-10-14 17:35:22.091813 Uniform: No
ChatterBot Yankee reevaluating
ChatterBot November reevaluating
2024-10-14 17:35:22.110514 Delta: We should drop November and Whiskey
ChatterBot Yankee reevaluating
2024-10-14 17:35:22.120058 Golf: Yes
2024-10-14 17:35:22.120244 Yankee: Yes
ChatterBot Yankee reevaluating
2024-10-14 17:35:22.139530 Yankee: Let's form a team
2024-10-14 17:35:22.219177 Golf: Yes
2024-10-14 17:35:22.219642 Uniform: No
2024-10-14 17:35:22.219777 Delta: No
ChatterBot Uniform reevaluating
ChatterBot Yankee reevaluating
ChatterBot Yankee reevaluating
ChatterBot Uniform reevaluating
ChatterBot Yankee reevaluating
2024-10-14 17:35:22.263166 Uniform: Friends?
ChatterBot Yankee reevaluating
ChatterBot Delta reevaluating
2024-10-14 17:35:22.281973 Golf: Yes
2024-10-14 17:35:22.282377 Yankee: Yes
2024-10-14 17:35:22.283096 Delta: Yes
ChatterBot Uniform reevaluating
ChatterBot Yankee reevaluating
ChatterBot Delta reevaluating
ChatterBot Uniform reevaluating
ChatterBot Delta reevaluating
ChatterBot Uniform reevaluating
ChatterBot Yankee reevaluating
2024-10-14 17:35:22.333442 Whiskey: Lima, Papa and Quebec, sending you 4
2024-10-14 17:35:22.334390 Golf: Yankee and Delta, sending you 2
2024-10-14 17:35:22.334662 Romeo: Whiskey, November and Lima, sending you 3
2024-10-14 17:35:22.335114 November: Uniform we want you to join our group
2024-10-14 17:35:22.341535 Uniform: No
ChatterBot November reevaluating
ChatterBot Lima reevaluating
2024-10-14 17:35:22.377793 Whiskey: Romeo, sending you 5
2024-10-14 17:35:22.378989 Golf: Uniform, sending you 8
2024-10-14 17:35:22.379323 Romeo: Papa, sending you 4
2024-10-14 17:35:22.389060 Papa: Whiskey, Lima, Romeo and Quebec, sending you 2
2024-10-14 17:35:22.389930 Romeo: Quebec, sending you 5
2024-10-14 17:35:22.390305 Quebec: Whiskey, sending you 4
2024-10-14 17:35:22.390566 Uniform: Yankee and Delta, sending you 6
2024-10-14 17:35:22.393863 Papa: November, sending you 1
2024-10-14 17:35:22.394226 Uniform: Golf, sending you 7
2024-10-14 17:35:22.395126 Quebec: November, Uniform and Romeo, sending you 3
2024-10-14 17:35:22.395480 Yankee: Uniform, sending you 2
2024-10-14 17:35:22.395814 Delta: Yankee, sending you 9
2024-10-14 17:35:22.397602 Papa: Uniform, sending you 3
2024-10-14 17:35:22.397925 Quebec: Lima and Papa, sending you 2
2024-10-14 17:35:22.398810 Delta: Uniform, sending you 3
2024-10-14 17:35:22.433699 Yankee: Golf, sending you 3
2024-10-14 17:35:22.434070 Lima: Whiskey, sending you 4
2024-10-14 17:35:22.435004 Delta: Golf, sending you 5
2024-10-14 17:35:22.437778 Yankee: Delta, sending you 7
2024-10-14 17:35:22.438031 November: Lima, sending you 6
2024-10-14 17:35:22.463937 Lima: November, Romeo, Papa and Quebec, sending you 3
2024-10-14 17:35:22.464362 November: Papa, sending you 1
chatterbot Papa submitting transactions
2024-10-14 17:35:22.487318 November: Quebec, sending you 4
chatterbot Lima submitting transactions
chatterbot Yankee submitting transactions
chatterbot Whiskey submitting transactions
chatterbot Romeo submitting transactions
chatterbot November submitting transactions
chatterbot Delta submitting transactions
chatterbot Lima submitting transactions
chatterbot Quebec submitting transactions
chatterbot Golf submitting transactions
chatterbot Yankee submitting transactions
chatterbot Uniform submitting transactions
ChatterBot Whiskey round 3
ChatterBot Yankee round 3
ChatterBot November round 3
ChatterBot Lima round 3
ChatterBot Uniform round 3
ChatterBot Romeo round 3
ChatterBot Papa round 3
ChatterBot Quebec round 3
ChatterBot Golf round 3
ChatterBot Delta round 3
2024-10-14 17:35:23.710902 Quebec: We should drop Uniform
2024-10-14 17:35:23.728954 November: Yes
2024-10-14 17:35:23.729998 Whiskey: Yes
2024-10-14 17:35:23.730624 Lima: Yes
2024-10-14 17:35:23.731911 Papa: Yes
2024-10-14 17:35:23.732466 Romeo: Yes
2024-10-14 17:35:23.868627 Whiskey: November, sending you 1
2024-10-14 17:35:23.871685 November: Lima, sending you 5
2024-10-14 17:35:23.872750 Yankee: Uniform and Golf, sending you 3
2024-10-14 17:35:23.873049 Uniform: Yankee, sending you 5
2024-10-14 17:35:23.873334 Romeo: Whiskey, Lima and Quebec, sending you 4
2024-10-14 17:35:23.873829 Whiskey: Lima, sending you 5
2024-10-14 17:35:23.874774 Golf: Yankee, sending you 2
2024-10-14 17:35:23.875196 Lima: Whiskey and November, sending you 4
2024-10-14 17:35:23.875809 November: Romeo, sending you 2
2024-10-14 17:35:23.877043 Yankee: Delta, sending you 6
2024-10-14 17:35:23.877437 Uniform: Golf, sending you 8
2024-10-14 17:35:23.877861 Romeo: November and Papa, sending you 3
2024-10-14 17:35:23.879129 Whiskey: Romeo and Quebec, sending you 4
2024-10-14 17:35:23.879794 Golf: Uniform, sending you 6
2024-10-14 17:35:23.880149 Lima: Romeo and Papa, sending you 3
2024-10-14 17:35:23.881685 November: Papa, sending you 1
2024-10-14 17:35:23.882993 Uniform: Delta, sending you 6
2024-10-14 17:35:23.883317 Whiskey: Papa, sending you 3
2024-10-14 17:35:23.883812 Delta: Yankee, sending you 7
2024-10-14 17:35:23.884668 Golf: Delta, sending you 4
2024-10-14 17:35:23.885371 Lima: Quebec, sending you 2
2024-10-14 17:35:23.885959 November: Quebec, sending you 3
2024-10-14 17:35:23.887688 Delta: Uniform and Golf, sending you 5
2024-10-14 17:35:23.889666 Quebec: Whiskey, November and Romeo, sending you 4
2024-10-14 17:35:23.894675 Papa: Whiskey, Lima and Romeo, sending you 3
2024-10-14 17:35:23.895631 Quebec: Lima, sending you 3
2024-10-14 17:35:23.898648 Papa: November, sending you 1
2024-10-14 17:35:23.900680 Quebec: Papa, sending you 2
2024-10-14 17:35:23.903669 Papa: Quebec, sending you 2
chatterbot Papa submitting transactions
chatterbot Quebec submitting transactions
chatterbot Uniform submitting transactions
chatterbot Romeo submitting transactions
chatterbot Lima submitting transactions
chatterbot Whiskey submitting transactions
chatterbot Delta submitting transactions
chatterbot November submitting transactions
chatterbot Golf submitting transactions
chatterbot Yankee submitting transactions
ChatterBot Whiskey round 4
ChatterBot Yankee round 4
ChatterBot November round 4
ChatterBot Lima round 4
ChatterBot Uniform round 4
ChatterBot Romeo round 4
ChatterBot Papa round 4
ChatterBot Quebec round 4
ChatterBot Golf round 4
ChatterBot Delta round 4
2024-10-14 17:35:25.004670 Yankee: Uniform, sending you 4
2024-10-14 17:35:25.007663 Yankee: Golf, sending you 2
2024-10-14 17:35:25.008685 Lima: Whiskey and November, sending you 4
2024-10-14 17:35:25.009368 Quebec: Whiskey, November and Romeo, sending you 4
2024-10-14 17:35:25.010037 Whiskey: November, sending you 1
2024-10-14 17:35:25.011028 November: Whiskey and Papa, sending you 1
2024-10-14 17:35:25.011687 Delta: Yankee, sending you 7
2024-10-14 17:35:25.012263 Yankee: Delta, sending you 6
2024-10-14 17:35:25.013269 Lima: Romeo and Papa, sending you 3
2024-10-14 17:35:25.013651 Quebec: Lima, sending you 3
2024-10-14 17:35:25.014706 Uniform: Yankee, sending you 5
2024-10-14 17:35:25.015450 Delta: Uniform, sending you 6
2024-10-14 17:35:25.015795 Whiskey: Lima, sending you 5
2024-10-14 17:35:25.016360 November: Lima, sending you 4
2024-10-14 17:35:25.017682 Lima: Quebec, sending you 2
2024-10-14 17:35:25.018365 Quebec: Papa, sending you 2
2024-10-14 17:35:25.018924 Romeo: Whiskey, Lima and Quebec, sending you 4
2024-10-14 17:35:25.019584 Uniform: Golf, sending you 8
2024-10-14 17:35:25.020281 Golf: Yankee, sending you 2
2024-10-14 17:35:25.020563 Delta: Golf, sending you 4
2024-10-14 17:35:25.020916 Whiskey: Romeo and Quebec, sending you 4
2024-10-14 17:35:25.021417 November: Romeo, sending you 2
2024-10-14 17:35:25.022661 Romeo: November and Papa, sending you 3
2024-10-14 17:35:25.023874 Whiskey: Papa, sending you 3
2024-10-14 17:35:25.024677 Uniform: Delta, sending you 6
2024-10-14 17:35:25.024928 Papa: Whiskey, Lima and Romeo, sending you 3
2024-10-14 17:35:25.025347 Golf: Uniform, sending you 6
2024-10-14 17:35:25.027044 November: Quebec, sending you 3
2024-10-14 17:35:25.027694 Papa: November, sending you 1
2024-10-14 17:35:25.029702 Golf: Delta, sending you 4
2024-10-14 17:35:25.031700 Papa: Quebec, sending you 2
chatterbot Quebec submitting transactions
chatterbot Whiskey submitting transactions
chatterbot Golf submitting transactions
chatterbot Papa submitting transactions
chatterbot Romeo submitting transactions
chatterbot Delta submitting transactions
chatterbot Uniform submitting transactions
chatterbot Yankee submitting transactions
chatterbot Lima submitting transactions
chatterbot November submitting transactions
ChatterBot Whiskey round 5
ChatterBot Yankee round 5
ChatterBot November round 5
ChatterBot Lima round 5
ChatterBot Uniform round 5
ChatterBot Romeo round 5
ChatterBot Papa round 5
ChatterBot Quebec round 5
ChatterBot Golf round 5
ChatterBot Delta round 5
2024-10-14 17:35:26.262677 Yankee: Uniform, sending you 4
2024-10-14 17:35:26.267695 Yankee: Golf, sending you 3
2024-10-14 17:35:26.270654 Romeo: Whiskey, Lima and Quebec, sending you 4
2024-10-14 17:35:26.271143 Yankee: Delta, sending you 5
2024-10-14 17:35:26.271687 Lima: Whiskey and November, sending you 4
2024-10-14 17:35:26.272702 Uniform: Yankee and Delta, sending you 6
2024-10-14 17:35:26.273658 Romeo: November and Papa, sending you 3
2024-10-14 17:35:26.274945 Lima: Romeo and Papa, sending you 3
2024-10-14 17:35:26.275695 Uniform: Golf, sending you 7
2024-10-14 17:35:26.276680 Whiskey: November, sending you 1
2024-10-14 17:35:26.277581 Papa: Whiskey, Lima and Romeo, sending you 3
2024-10-14 17:35:26.278704 Lima: Quebec, sending you 2
2024-10-14 17:35:26.279660 Delta: Yankee, sending you 7
2024-10-14 17:35:26.280690 Whiskey: Lima, sending you 5
2024-10-14 17:35:26.281700 Golf: Yankee, sending you 2
2024-10-14 17:35:26.282788 Papa: November, sending you 1
2024-10-14 17:35:26.283712 Delta: Uniform, sending you 6
2024-10-14 17:35:26.284103 November: Whiskey and Papa, sending you 1
2024-10-14 17:35:26.285681 Quebec: Whiskey, November and Romeo, sending you 4
2024-10-14 17:35:26.286343 Whiskey: Romeo and Quebec, sending you 4
2024-10-14 17:35:26.287816 Papa: Quebec, sending you 2
2024-10-14 17:35:26.288553 Golf: Uniform, sending you 6
2024-10-14 17:35:26.288967 Delta: Golf, sending you 5
2024-10-14 17:35:26.289319 November: Lima, sending you 4
2024-10-14 17:35:26.290043 Quebec: Lima, sending you 3
2024-10-14 17:35:26.292662 Whiskey: Papa, sending you 3
2024-10-14 17:35:26.293673 Golf: Delta, sending you 4
2024-10-14 17:35:26.294059 November: Romeo, sending you 2
2024-10-14 17:35:26.295660 Quebec: Papa, sending you 2
2024-10-14 17:35:26.298785 November: Quebec, sending you 3
chatterbot Uniform submitting transactions
chatterbot Yankee submitting transactions
chatterbot November submitting transactions
chatterbot Papa submitting transactions
chatterbot Romeo submitting transactions
chatterbot Whiskey submitting transactions
chatterbot Quebec submitting transactions
chatterbot Golf submitting transactions
chatterbot Lima submitting transactions
chatterbot Delta submitting transactions
ChatterBot Whiskey round 6
ChatterBot Yankee round 6
ChatterBot November round 6
ChatterBot Lima round 6
ChatterBot Uniform round 6
ChatterBot Romeo round 6
ChatterBot Papa round 6
ChatterBot Quebec round 6
ChatterBot Golf round 6
ChatterBot Delta round 6
2024-10-14 17:35:27.590679 Romeo: Whiskey, Lima and Quebec, sending you 4
2024-10-14 17:35:27.592742 Uniform: Yankee and Delta, sending you 6
2024-10-14 17:35:27.596653 Romeo: November and Papa, sending you 3
2024-10-14 17:35:27.597707 Uniform: Golf, sending you 7
2024-10-14 17:35:27.598282 Yankee: Uniform, sending you 4
2024-10-14 17:35:27.598844 Lima: Whiskey and November, sending you 4
2024-10-14 17:35:27.600673 Whiskey: November, sending you 1
2024-10-14 17:35:27.602682 Yankee: Golf, sending you 3
2024-10-14 17:35:27.603820 November: Whiskey and Papa, sending you 1
2024-10-14 17:35:27.604956 Golf: Yankee, sending you 3
2024-10-14 17:35:27.605518 Lima: Romeo and Papa, sending you 3
2024-10-14 17:35:27.606690 Whiskey: Lima, sending you 5
2024-10-14 17:35:27.608384 Papa: Whiskey, Lima and Romeo, sending you 3
2024-10-14 17:35:27.609457 Yankee: Delta, sending you 5
2024-10-14 17:35:27.610011 November: Lima, sending you 4
2024-10-14 17:35:27.612123 Lima: Quebec, sending you 2
2024-10-14 17:35:27.613372 Delta: Yankee, sending you 7
2024-10-14 17:35:27.613995 Golf: Uniform, sending you 5
2024-10-14 17:35:27.615212 Quebec: Whiskey, November and Romeo, sending you 4
2024-10-14 17:35:27.616510 Whiskey: Romeo and Quebec, sending you 4
2024-10-14 17:35:27.617783 Papa: November, sending you 1
2024-10-14 17:35:27.619475 November: Romeo, sending you 2
2024-10-14 17:35:27.620663 Delta: Uniform, sending you 6
2024-10-14 17:35:27.622027 Golf: Delta, sending you 4
2024-10-14 17:35:27.622831 Quebec: Lima, sending you 3
2024-10-14 17:35:27.623971 Papa: Quebec, sending you 2
2024-10-14 17:35:27.625466 Whiskey: Papa, sending you 3
2024-10-14 17:35:27.626512 November: Quebec, sending you 3
2024-10-14 17:35:27.627506 Delta: Golf, sending you 5
2024-10-14 17:35:27.629201 Quebec: Papa, sending you 2
chatterbot Yankee submitting transactions
chatterbot Uniform submitting transactions
chatterbot Romeo submitting transactions
chatterbot November submitting transactions
chatterbot Delta submitting transactions
chatterbot Lima submitting transactions
chatterbot Papa submitting transactions
chatterbot Golf submitting transactions
chatterbot Quebec submitting transactions
chatterbot Whiskey submitting transactions
ChatterBot Whiskey round 7
ChatterBot Yankee round 7
ChatterBot November round 7
ChatterBot Lima round 7
ChatterBot Uniform round 7
ChatterBot Romeo round 7
ChatterBot Papa round 7
ChatterBot Quebec round 7
ChatterBot Golf round 7
ChatterBot Delta round 7
2024-10-14 17:35:28.778677 Yankee: Uniform, sending you 4
2024-10-14 17:35:28.783672 Yankee: Golf, sending you 3
2024-10-14 17:35:28.784176 Romeo: Whiskey, Lima and Quebec, sending you 4
2024-10-14 17:35:28.786155 November: Whiskey and Papa, sending you 1
2024-10-14 17:35:28.787665 Yankee: Delta, sending you 5
2024-10-14 17:35:28.788707 Romeo: November and Papa, sending you 3
2024-10-14 17:35:28.789611 Delta: Sending you each 6
2024-10-14 17:35:28.790141 Papa: Whiskey, Lima and Romeo, sending you 3
2024-10-14 17:35:28.791055 November: Lima, sending you 4
2024-10-14 17:35:28.791939 Lima: Whiskey, sending you 4
2024-10-14 17:35:28.793899 Quebec: Whiskey, November and Romeo, sending you 4
2024-10-14 17:35:28.795672 Papa: November, sending you 1
2024-10-14 17:35:28.796358 November: Romeo, sending you 2
2024-10-14 17:35:28.797683 Quebec: Lima, sending you 3
2024-10-14 17:35:28.799454 Lima: November, Romeo, Papa and Quebec, sending you 3
2024-10-14 17:35:28.800076 Whiskey: November, sending you 1
2024-10-14 17:35:28.800905 Uniform: Yankee and Delta, sending you 6
2024-10-14 17:35:28.801330 Papa: Quebec, sending you 2
2024-10-14 17:35:28.801906 November: Quebec, sending you 3
2024-10-14 17:35:28.804306 Quebec: Papa, sending you 2
2024-10-14 17:35:28.805332 Golf: Yankee, sending you 3
2024-10-14 17:35:28.805997 Uniform: Golf, sending you 7
2024-10-14 17:35:28.806523 Whiskey: Lima, sending you 5
2024-10-14 17:35:28.809687 Golf: Uniform, sending you 5
2024-10-14 17:35:28.810717 Whiskey: Romeo and Quebec, sending you 4
2024-10-14 17:35:28.815776 Golf: Delta, sending you 4
2024-10-14 17:35:28.816363 Whiskey: Papa, sending you 3
chatterbot Lima submitting transactions
chatterbot Quebec submitting transactions
chatterbot Romeo submitting transactions
chatterbot Delta submitting transactions
chatterbot Papa submitting transactions
chatterbot Uniform submitting transactions
chatterbot November submitting transactions
chatterbot Golf submitting transactions
chatterbot Yankee submitting transactions
chatterbot Whiskey submitting transactions
ChatterBot Whiskey round 8
ChatterBot Yankee round 8
ChatterBot November round 8
ChatterBot Lima round 8
ChatterBot Uniform round 8
ChatterBot Romeo round 8
ChatterBot Papa round 8
ChatterBot Quebec round 8
ChatterBot Golf round 8
ChatterBot Delta round 8
2024-10-14 17:35:29.880924 November: Whiskey and Papa, sending you 1
2024-10-14 17:35:29.884664 Whiskey: November, sending you 1
2024-10-14 17:35:29.885366 November: Lima, sending you 4
2024-10-14 17:35:29.886009 Romeo: Whiskey, Lima and Quebec, sending you 4
2024-10-14 17:35:29.887652 Yankee: Uniform, sending you 4
2024-10-14 17:35:29.888052 Lima: Whiskey, sending you 4
2024-10-14 17:35:29.889121 Whiskey: Lima, sending you 5
2024-10-14 17:35:29.889701 November: Romeo, sending you 2
2024-10-14 17:35:29.890264 Romeo: November and Papa, sending you 3
2024-10-14 17:35:29.890827 Papa: Whiskey, Lima and Romeo, sending you 3
2024-10-14 17:35:29.891409 Quebec: Whiskey and Romeo, sending you 4
2024-10-14 17:35:29.892011 Golf: Yankee, sending you 3
2024-10-14 17:35:29.892345 Yankee: Golf, sending you 3
2024-10-14 17:35:29.893657 Lima: November, Romeo, Papa and Quebec, sending you 3
2024-10-14 17:35:29.894430 Uniform: Yankee and Delta, sending you 6
2024-10-14 17:35:29.894830 Whiskey: Romeo and Quebec, sending you 4
2024-10-14 17:35:29.895417 November: Quebec, sending you 3
2024-10-14 17:35:29.896326 Golf: Uniform, sending you 5
2024-10-14 17:35:29.896682 Papa: November, sending you 1
2024-10-14 17:35:29.897263 Quebec: November, Lima and Papa, sending you 3
2024-10-14 17:35:29.897836 Yankee: Delta, sending you 5
2024-10-14 17:35:29.898151 Delta: Same as last round
2024-10-14 17:35:29.899660 Uniform: Golf, sending you 7
2024-10-14 17:35:29.900086 Whiskey: Papa, sending you 3
2024-10-14 17:35:29.900809 Golf: Delta, sending you 4
2024-10-14 17:35:29.901165 Papa: Quebec, sending you 2
chatterbot November submitting transactions
chatterbot Papa submitting transactions
chatterbot Whiskey submitting transactions
chatterbot Romeo submitting transactions
chatterbot Uniform submitting transactions
chatterbot Lima submitting transactions
chatterbot Delta submitting transactions
chatterbot Golf submitting transactions
chatterbot Yankee submitting transactions
chatterbot Quebec submitting transactions
ChatterBot Whiskey round 9
ChatterBot Yankee round 9
ChatterBot November round 9
ChatterBot Lima round 9
ChatterBot Uniform round 9
ChatterBot Romeo round 9
ChatterBot Papa round 9
ChatterBot Quebec round 9
ChatterBot Golf round 9
ChatterBot Delta round 9
2024-10-14 17:35:31.047093 Papa: Whiskey, Lima and Romeo, sending you 3
2024-10-14 17:35:31.048047 Lima: Whiskey, sending you 4
2024-10-14 17:35:31.048798 Yankee: Uniform, sending you 4
2024-10-14 17:35:31.052691 Papa: November, sending you 1
2024-10-14 17:35:31.054556 Golf: Yankee, sending you 3
2024-10-14 17:35:31.055061 Yankee: Golf, sending you 3
2024-10-14 17:35:31.055472 Uniform: Yankee and Delta, sending you 6
2024-10-14 17:35:31.056011 Lima: November, Romeo, Papa and Quebec, sending you 3
2024-10-14 17:35:31.056956 Whiskey: November, sending you 1
2024-10-14 17:35:31.058656 Papa: Quebec, sending you 2
2024-10-14 17:35:31.059701 Golf: Uniform, sending you 5
2024-10-14 17:35:31.060175 Yankee: Delta, sending you 5
2024-10-14 17:35:31.060639 Uniform: Golf, sending you 7
2024-10-14 17:35:31.061566 Romeo: Whiskey, Lima and Quebec, sending you 4
2024-10-14 17:35:31.062496 Delta: Same as last round
2024-10-14 17:35:31.062983 November: Whiskey and Papa, sending you 1
2024-10-14 17:35:31.063894 Whiskey: Lima, sending you 5
2024-10-14 17:35:31.065154 Golf: Delta, sending you 4
2024-10-14 17:35:31.066690 Romeo: November and Papa, sending you 3
2024-10-14 17:35:31.067596 November: Lima, sending you 4
2024-10-14 17:35:31.068900 Whiskey: Romeo and Quebec, sending you 4
2024-10-14 17:35:31.069666 Quebec: Whiskey and Romeo, sending you 4
2024-10-14 17:35:31.072671 Whiskey: Papa, sending you 3
2024-10-14 17:35:31.073675 November: Romeo, sending you 2
2024-10-14 17:35:31.074884 Quebec: November, Lima and Papa, sending you 3
2024-10-14 17:35:31.078659 November: Quebec, sending you 3
chatterbot Golf submitting transactions
chatterbot Whiskey submitting transactions
chatterbot Quebec submitting transactions
chatterbot Papa submitting transactions
chatterbot Yankee submitting transactions
chatterbot Delta submitting transactions
chatterbot Uniform submitting transactions
chatterbot November submitting transactions
chatterbot Lima submitting transactions
chatterbot Romeo submitting transactions
ChatterBot Whiskey round 10
ChatterBot Yankee round 10
ChatterBot November round 10
ChatterBot Lima round 10
ChatterBot Uniform round 10
ChatterBot Romeo round 10
ChatterBot Papa round 10
ChatterBot Quebec round 10
ChatterBot Golf round 10
ChatterBot Delta round 10
2024-10-14 17:35:32.248684 Lima: Whiskey, sending you 4
2024-10-14 17:35:32.249741 November: Whiskey and Papa, sending you 1
2024-10-14 17:35:32.250925 Uniform: Yankee and Delta, sending you 6
2024-10-14 17:35:32.251396 Papa: Whiskey, Lima and Romeo, sending you 3
2024-10-14 17:35:32.252835 Whiskey: November, sending you 1
2024-10-14 17:35:32.253677 Yankee: Uniform, sending you 4
2024-10-14 17:35:32.254833 Lima: November, Romeo, Papa and Quebec, sending you 3
2024-10-14 17:35:32.255758 November: Lima, sending you 4
2024-10-14 17:35:32.257057 Uniform: Golf, sending you 7
2024-10-14 17:35:32.257503 Romeo: Whiskey, Lima and Quebec, sending you 4
2024-10-14 17:35:32.262915 Golf: Yankee, sending you 3
2024-10-14 17:35:32.263374 Papa: November, sending you 1
2024-10-14 17:35:32.264606 Whiskey: Lima, sending you 5
2024-10-14 17:35:32.265355 Yankee: Golf, sending you 3
2024-10-14 17:35:32.266207 Quebec: Whiskey and Romeo, sending you 4
2024-10-14 17:35:32.266986 November: Romeo, sending you 2
2024-10-14 17:35:32.268620 Romeo: November and Papa, sending you 3
2024-10-14 17:35:32.270218 Golf: Uniform, sending you 5
2024-10-14 17:35:32.270766 Papa: Quebec, sending you 2
2024-10-14 17:35:32.272289 Whiskey: Romeo and Quebec, sending you 4
2024-10-14 17:35:32.273189 Yankee: Delta, sending you 5
2024-10-14 17:35:32.274443 Quebec: November, Lima and Papa, sending you 3
2024-10-14 17:35:32.275339 November: Quebec, sending you 3
2024-10-14 17:35:32.280283 Delta: Same as last round
2024-10-14 17:35:32.280828 Golf: Delta, sending you 4
2024-10-14 17:35:32.281991 Whiskey: Papa, sending you 3
chatterbot Yankee submitting transactions
chatterbot Papa submitting transactions
chatterbot Quebec submitting transactions
chatterbot Romeo submitting transactions
chatterbot Uniform submitting transactions
chatterbot November submitting transactions
chatterbot Delta submitting transactions
chatterbot Whiskey submitting transactions
chatterbot Lima submitting transactions
chatterbot Golf submitting transactions
ChatterBot Whiskey round 11
ChatterBot Yankee round 11
ChatterBot November round 11
ChatterBot Lima round 11
ChatterBot Uniform round 11
ChatterBot Romeo round 11
ChatterBot Papa round 11
ChatterBot Quebec round 11
ChatterBot Golf round 11
ChatterBot Delta round 11
2024-10-14 17:35:33.384338 Yankee: Uniform, sending you 4
2024-10-14 17:35:33.389674 Yankee: Golf, sending you 3
2024-10-14 17:35:33.392678 Yankee: Delta, sending you 5
2024-10-14 17:35:33.394683 Romeo: Whiskey, Lima and Quebec, sending you 4
2024-10-14 17:35:33.396674 Lima: Whiskey, sending you 4
2024-10-14 17:35:33.397818 Papa: Whiskey, Lima and Romeo, sending you 3
2024-10-14 17:35:33.398708 Quebec: Whiskey and Romeo, sending you 4
2024-10-14 17:35:33.400035 Whiskey: November, sending you 1
2024-10-14 17:35:33.401417 Romeo: November and Papa, sending you 3
2024-10-14 17:35:33.402413 Papa: November, sending you 1
2024-10-14 17:35:33.403854 Uniform: Yankee and Delta, sending you 6
2024-10-14 17:35:33.404347 Lima: November, Romeo, Papa and Quebec, sending you 3
2024-10-14 17:35:33.405106 Golf: Yankee, sending you 3
2024-10-14 17:35:33.405515 November: Whiskey and Papa, sending you 1
2024-10-14 17:35:33.406894 Quebec: November, Lima and Papa, sending you 3
2024-10-14 17:35:33.407736 Whiskey: Lima, sending you 5
2024-10-14 17:35:33.408462 Uniform: Golf, sending you 7
2024-10-14 17:35:33.409354 Papa: Quebec, sending you 2
2024-10-14 17:35:33.410147 Golf: Uniform, sending you 5
2024-10-14 17:35:33.410679 November: Lima, sending you 4
2024-10-14 17:35:33.411945 Whiskey: Romeo and Quebec, sending you 4
2024-10-14 17:35:33.414739 Golf: Delta, sending you 4
2024-10-14 17:35:33.415671 November: Romeo, sending you 2
2024-10-14 17:35:33.416671 Whiskey: Papa, sending you 3
2024-10-14 17:35:33.417682 Delta: Same as last round
2024-10-14 17:35:33.420695 November: Quebec, sending you 3
chatterbot Delta submitting transactions
chatterbot November submitting transactions
chatterbot Golf submitting transactions
chatterbot Romeo submitting transactions
chatterbot Yankee submitting transactions
chatterbot Papa submitting transactions
chatterbot Whiskey submitting transactions
chatterbot Quebec submitting transactions
chatterbot Uniform submitting transactions
chatterbot Lima submitting transactions
ChatterBot Whiskey round 12
ChatterBot Yankee round 12
ChatterBot November round 12
ChatterBot Lima round 12
ChatterBot Uniform round 12
ChatterBot Romeo round 12
ChatterBot Papa round 12
ChatterBot Quebec round 12
ChatterBot Golf round 12
ChatterBot Delta round 12
2024-10-14 17:35:34.635649 November: Whiskey and Papa, sending you 1
2024-10-14 17:35:34.641674 November: Lima, Romeo and Quebec, sending you 3
2024-10-14 17:35:34.642717 Lima: Whiskey, sending you 4
2024-10-14 17:35:34.644662 Papa: Whiskey, Lima and Romeo, sending you 3
2024-10-14 17:35:34.647684 Delta: Same as last round
2024-10-14 17:35:34.648508 Lima: November, Romeo, Papa and Quebec, sending you 3
2024-10-14 17:35:34.650415 Uniform: Yankee and Delta, sending you 6
2024-10-14 17:35:34.651004 Golf: Yankee, sending you 3
2024-10-14 17:35:34.651549 Papa: November, sending you 1
2024-10-14 17:35:34.652692 Whiskey: November, sending you 1
2024-10-14 17:35:34.654582 Yankee: Uniform, sending you 4
2024-10-14 17:35:34.655144 Uniform: Golf, sending you 7
2024-10-14 17:35:34.655650 Golf: Uniform, sending you 5
2024-10-14 17:35:34.656171 Quebec: Whiskey and Romeo, sending you 4
2024-10-14 17:35:34.657771 Papa: Quebec, sending you 2
2024-10-14 17:35:34.658972 Whiskey: Lima, sending you 5
2024-10-14 17:35:34.660201 Romeo: Whiskey, Lima and Quebec, sending you 4
2024-10-14 17:35:34.661958 Yankee: Golf, sending you 3
2024-10-14 17:35:34.662506 Golf: Delta, sending you 4
2024-10-14 17:35:34.663118 Quebec: November, Lima and Papa, sending you 3
2024-10-14 17:35:34.664800 Whiskey: Romeo and Quebec, sending you 4
2024-10-14 17:35:34.665944 Romeo: November and Papa, sending you 3
2024-10-14 17:35:34.667804 Yankee: Delta, sending you 5
2024-10-14 17:35:34.669685 Whiskey: Papa, sending you 3
chatterbot Golf submitting transactions
chatterbot Uniform submitting transactions
chatterbot November submitting transactions
chatterbot Whiskey submitting transactions
chatterbot Quebec submitting transactions
chatterbot Papa submitting transactions
chatterbot Yankee submitting transactions
chatterbot Lima submitting transactions
chatterbot Delta submitting transactions
chatterbot Romeo submitting transactions
ChatterBot Whiskey round 13
ChatterBot Yankee round 13
ChatterBot November round 13
ChatterBot Lima round 13
ChatterBot Uniform round 13
ChatterBot Romeo round 13
ChatterBot Papa round 13
ChatterBot Quebec round 13
ChatterBot Golf round 13
ChatterBot Delta round 13
2024-10-14 17:35:35.842651 Whiskey: November, sending you 1
2024-10-14 17:35:35.844961 Lima: Whiskey, sending you 4
2024-10-14 17:35:35.846656 Whiskey: Lima, sending you 5
2024-10-14 17:35:35.850149 Uniform: Yankee and Delta, sending you 6
2024-10-14 17:35:35.850856 Lima: November, Romeo, Papa and Quebec, sending you 3
2024-10-14 17:35:35.851941 November: Whiskey and Papa, sending you 1
2024-10-14 17:35:35.854041 Whiskey: Romeo and Quebec, sending you 4
2024-10-14 17:35:35.855130 Yankee: Uniform, sending you 4
2024-10-14 17:35:35.856834 Uniform: Golf, sending you 7
2024-10-14 17:35:35.857373 Golf: Yankee, sending you 3
2024-10-14 17:35:35.858043 November: Lima, Romeo and Quebec, sending you 3
2024-10-14 17:35:35.859921 Whiskey: Papa, sending you 3
2024-10-14 17:35:35.860986 Romeo: Whiskey, Lima and Quebec, sending you 4
2024-10-14 17:35:35.862753 Papa: Whiskey, Lima and Romeo, sending you 3
2024-10-14 17:35:35.863931 Golf: Uniform, sending you 5
2024-10-14 17:35:35.864492 Yankee: Golf, sending you 3
2024-10-14 17:35:35.865051 Quebec: Whiskey and Romeo, sending you 4
2024-10-14 17:35:35.867105 Delta: Same as last round
2024-10-14 17:35:35.867766 Romeo: November and Papa, sending you 3
2024-10-14 17:35:35.869485 Golf: Delta, sending you 4
2024-10-14 17:35:35.870119 Papa: November, sending you 1
2024-10-14 17:35:35.872314 Yankee: Delta, sending you 5
2024-10-14 17:35:35.872872 Quebec: November, Lima and Papa, sending you 3
2024-10-14 17:35:35.875672 Papa: Quebec, sending you 2
chatterbot November submitting transactions
chatterbot Whiskey submitting transactions
chatterbot Romeo submitting transactions
chatterbot Golf submitting transactions
chatterbot Lima submitting transactions
chatterbot Uniform submitting transactions
chatterbot Delta submitting transactions
chatterbot Papa submitting transactions
chatterbot Yankee submitting transactions
chatterbot Quebec submitting transactions
ChatterBot Whiskey round 14
ChatterBot Yankee round 14
ChatterBot November round 14
ChatterBot Lima round 14
ChatterBot Uniform round 14
ChatterBot Romeo round 14
ChatterBot Papa round 14
ChatterBot Quebec round 14
ChatterBot Golf round 14
ChatterBot Delta round 14
2024-10-14 17:35:37.036678 Whiskey: November, sending you 1
2024-10-14 17:35:37.037890 November: Whiskey and Papa, sending you 1
2024-10-14 17:35:37.040660 Quebec: Whiskey and Romeo, sending you 4
2024-10-14 17:35:37.042277 Whiskey: Lima, sending you 5
2024-10-14 17:35:37.043111 November: Lima, Romeo and Quebec, sending you 3
2024-10-14 17:35:37.044974 Papa: Whiskey, Lima and Romeo, sending you 3
2024-10-14 17:35:37.046222 Romeo: Whiskey, Lima and Quebec, sending you 4
2024-10-14 17:35:37.048060 Whiskey: Romeo and Quebec, sending you 4
2024-10-14 17:35:37.049421 Quebec: November, Lima and Papa, sending you 3
2024-10-14 17:35:37.051351 Delta: Same as last round
2024-10-14 17:35:37.052076 Papa: November, sending you 1
2024-10-14 17:35:37.053951 Yankee: Uniform, sending you 4
2024-10-14 17:35:37.054581 Lima: Whiskey, sending you 4
2024-10-14 17:35:37.056356 Uniform: Yankee and Delta, sending you 6
2024-10-14 17:35:37.057004 Golf: Yankee, sending you 3
2024-10-14 17:35:37.057666 Romeo: November and Papa, sending you 3
2024-10-14 17:35:37.059552 Whiskey: Papa, sending you 3
