ChatterBot Kilo round 1
ChatterBot Lima round 1
ChatterBot Hotel round 1
ChatterBot Yankee round 1
ChatterBot Romeo round 1
ChatterBot Victor round 1
ChatterBot Uniform round 1
ChatterBot Bravo round 1
ChatterBot Sierra round 1
ChatterBot X-ray round 1
randomSelections Lima: {Lima, X-ray, Yankee, Uniform, Bravo, Romeo} 
2024-10-14 17:35:19.446471 Lima: We would work well together
ChatterBot X-ray reevaluating
ChatterBot Yankee reevaluating
ChatterBot Uniform reevaluating
ChatterBot Bravo reevaluating
ChatterBot Romeo reevaluating
2024-10-14 17:35:19.458526 X-ray: Yes
2024-10-14 17:35:19.458704 Yankee: Yes
2024-10-14 17:35:19.458828 Uniform: Yes
2024-10-14 17:35:19.458956 Bravo: Yes
2024-10-14 17:35:19.459050 Romeo: Yes
ChatterBot Yankee reevaluating
ChatterBot Uniform reevaluating
ChatterBot Bravo reevaluating
ChatterBot Romeo reevaluating
ChatterBot X-ray reevaluating
ChatterBot Uniform reevaluating
ChatterBot Bravo reevaluating
ChatterBot Romeo reevaluating
ChatterBot X-ray reevaluating
ChatterBot Yankee reevaluating
ChatterBot Bravo reevaluating
ChatterBot Romeo reevaluating
ChatterBot X-ray reevaluating
ChatterBot Yankee reevaluating
ChatterBot Uniform reevaluating
ChatterBot Romeo reevaluating
ChatterBot X-ray reevaluating
ChatterBot Yankee reevaluating
ChatterBot Uniform reevaluating
ChatterBot Bravo reevaluating
randomSelections Victor: {Victor, Lima, Sierra, Bravo} 
2024-10-14 17:35:19.520175 Victor: We should group up
ChatterBot Sierra reevaluating
ChatterBot Bravo reevaluating
2024-10-14 17:35:19.528047 Lima: No
2024-10-14 17:35:19.528264 Sierra: Yes
2024-10-14 17:35:19.529111 Bravo: No
ChatterBot Sierra reevaluating
ChatterBot Bravo reevaluating
ChatterBot Bravo reevaluating
ChatterBot Sierra reevaluating
randomSelections Kilo: {Kilo} 
randomSelections Hotel: {Hotel, Bravo, Kilo, Victor} 
2024-10-14 17:35:19.553889 Hotel: We should group up
ChatterBot Bravo reevaluating
2024-10-14 17:35:19.558439 Bravo: No
2024-10-14 17:35:19.559442 Kilo: No
2024-10-14 17:35:19.559566 Victor: No
ChatterBot Bravo reevaluating
ChatterBot Bravo reevaluating
2024-10-14 17:35:19.598658 Hotel: Kilo, sending you 7
2024-10-14 17:35:19.599046 Sierra: Lima, sending you 4
2024-10-14 17:35:19.599813 Lima: Yankee and Romeo, sending you 5
2024-10-14 17:35:19.600123 Bravo: Lima, sending you 3
2024-10-14 17:35:19.600521 Romeo: Lima and Bravo, sending you 1
2024-10-14 17:35:19.600792 Uniform: Lima and Bravo, sending you 4
2024-10-14 17:35:19.601574 Victor: Lima, sending you 8
2024-10-14 17:35:19.601825 Yankee: Lima and X-ray, sending you 3
2024-10-14 17:35:19.602081 Hotel: Victor, sending you 4
2024-10-14 17:35:19.605024 Lima: Uniform, sending you 3
2024-10-14 17:35:19.605481 Bravo: Yankee, sending you 4
2024-10-14 17:35:19.605874 Sierra: Victor, sending you 5
2024-10-14 17:35:19.606740 Romeo: Yankee and Uniform, sending you 3
2024-10-14 17:35:19.607154 Victor: Bravo, sending you 5
2024-10-14 17:35:19.607456 Yankee: Romeo, sending you 5
2024-10-14 17:35:19.608328 Uniform: Romeo, sending you 2
2024-10-14 17:35:19.608815 Hotel: Bravo, sending you 6
2024-10-14 17:35:19.610151 Lima: Bravo, sending you 2
2024-10-14 17:35:19.610663 Bravo: Romeo, sending you 5
2024-10-14 17:35:19.611523 Victor: Sierra, sending you 3
2024-10-14 17:35:19.611964 Sierra: Bravo, sending you 2
2024-10-14 17:35:19.612863 Yankee: Uniform, sending you 4
2024-10-14 17:35:19.613288 Uniform: X-ray, sending you 1
2024-10-14 17:35:19.613753 Lima: X-ray, sending you 1
2024-10-14 17:35:19.614674 Bravo: X-ray, sending you 1
2024-10-14 17:35:19.616887 Yankee: Bravo, sending you 2
chatterbot Lima submitting transactions
chatterbot Yankee submitting transactions
chatterbot X-ray submitting transactions
chatterbot Kilo submitting transactions
chatterbot Victor submitting transactions
chatterbot Uniform submitting transactions
chatterbot Sierra submitting transactions
chatterbot Romeo submitting transactions
chatterbot Hotel submitting transactions
chatterbot Bravo submitting transactions
ChatterBot Kilo round 2
ChatterBot Lima round 2
ChatterBot Hotel round 2
ChatterBot Yankee round 2
ChatterBot Romeo round 2
ChatterBot Victor round 2
ChatterBot Uniform round 2
ChatterBot Bravo round 2
ChatterBot Sierra round 2
2024-10-14 17:35:22.311991 Lima: We should group up
ChatterBot Yankee reevaluating
ChatterBot Romeo reevaluating
ChatterBot Uniform reevaluating
ChatterBot Bravo reevaluating
ChatterBot Victor reevaluating
ChatterBot Sierra reevaluating
2024-10-14 17:35:22.359514 Yankee: No
2024-10-14 17:35:22.360007 Romeo: No
2024-10-14 17:35:22.360859 Uniform: Yes
2024-10-14 17:35:22.361145 Bravo: No
2024-10-14 17:35:22.361331 Victor: No
2024-10-14 17:35:22.361557 Sierra: Yes
ChatterBot Romeo reevaluating
ChatterBot Uniform reevaluating
ChatterBot Bravo reevaluating
ChatterBot Victor reevaluating
ChatterBot Sierra reevaluating
ChatterBot Yankee reevaluating
ChatterBot Uniform reevaluating
ChatterBot Bravo reevaluating
ChatterBot Victor reevaluating
ChatterBot Sierra reevaluating
ChatterBot Yankee reevaluating
ChatterBot Romeo reevaluating
ChatterBot Bravo reevaluating
ChatterBot Victor reevaluating
ChatterBot Sierra reevaluating
ChatterBot Yankee reevaluating
ChatterBot Romeo reevaluating
ChatterBot Uniform reevaluating
ChatterBot Victor reevaluating
ChatterBot Sierra reevaluating
ChatterBot Yankee reevaluating
ChatterBot Romeo reevaluating
ChatterBot Uniform reevaluating
ChatterBot Bravo reevaluating
ChatterBot Sierra reevaluating
ChatterBot Yankee reevaluating
ChatterBot Romeo reevaluating
ChatterBot Uniform reevaluating
ChatterBot Bravo reevaluating
ChatterBot Victor reevaluating
ChatterBot X-ray round 2
2024-10-14 17:35:22.625376 Romeo: We should drop X-ray
ChatterBot Yankee reevaluating
ChatterBot Uniform reevaluating
2024-10-14 17:35:22.640336 Lima: Yes
2024-10-14 17:35:22.640517 Yankee: Yes
2024-10-14 17:35:22.640685 Uniform: Yes
2024-10-14 17:35:22.640824 Bravo: Yes
ChatterBot Yankee reevaluating
ChatterBot Uniform reevaluating
ChatterBot Uniform reevaluating
ChatterBot Yankee reevaluating
ChatterBot Yankee reevaluating
ChatterBot Uniform reevaluating
2024-10-14 17:35:22.723679 Sierra: Victor, sending you 11
2024-10-14 17:35:22.724694 Lima: Yankee, Uniform, Bravo and Sierra, sending you 3
2024-10-14 17:35:22.725827 Kilo: Sending you 10
2024-10-14 17:35:22.730624 Lima: Romeo, sending you 1
2024-10-14 17:35:22.733715 X-ray: Lima, Uniform and Bravo, sending you 3
2024-10-14 17:35:22.734326 Lima: Victor, sending you 4
2024-10-14 17:35:22.735665 Romeo: Lima, Yankee and Bravo, sending you 3
2024-10-14 17:35:22.736737 X-ray: Yankee, sending you 6
2024-10-14 17:35:22.740932 Victor: Lima, Yankee, Romeo, Uniform and Bravo, sending you 1
2024-10-14 17:35:22.741566 Romeo: Uniform, sending you 1
2024-10-14 17:35:22.741950 Bravo: Lima, Yankee and Sierra, sending you 2
2024-10-14 17:35:22.744697 Uniform: Lima and Romeo, sending you 2
2024-10-14 17:35:22.745286 Bravo: Romeo, sending you 1
2024-10-14 17:35:22.745913 Victor: Sierra, sending you 13
2024-10-14 17:35:22.750635 Yankee: Lima and Bravo, sending you 5
2024-10-14 17:35:22.751036 Uniform: Yankee, sending you 4
2024-10-14 17:35:22.751493 Bravo: Victor and Uniform, sending you 3
2024-10-14 17:35:22.753922 Yankee: Romeo, sending you 4
2024-10-14 17:35:22.755744 Uniform: Victor, Bravo and Sierra, sending you 1
2024-10-14 17:35:22.756670 Yankee: Uniform, sending you 3
chatterbot Kilo submitting transactions
chatterbot Lima submitting transactions
chatterbot Bravo submitting transactions
chatterbot Victor submitting transactions
chatterbot Romeo submitting transactions
chatterbot Uniform submitting transactions
chatterbot Sierra submitting transactions
chatterbot Yankee submitting transactions
chatterbot X-ray submitting transactions
chatterbot Hotel submitting transactions
ChatterBot Kilo round 3
ChatterBot Lima round 3
ChatterBot Hotel round 3
ChatterBot Yankee round 3
ChatterBot Romeo round 3
ChatterBot Victor round 3
ChatterBot Uniform round 3
ChatterBot Bravo round 3
2024-10-14 17:35:23.647830 Kilo: We should add Victor and Sierra
ChatterBot Hotel reevaluating
2024-10-14 17:35:23.670635 Hotel: No
ChatterBot Kilo reevaluating
ChatterBot Sierra round 3
ChatterBot X-ray round 3
2024-10-14 17:35:23.695144 Lima: We should add X-ray
ChatterBot Yankee reevaluating
ChatterBot Uniform reevaluating
ChatterBot Bravo reevaluating
ChatterBot Victor reevaluating
ChatterBot Sierra reevaluating
2024-10-14 17:35:23.725874 Yankee: Yes
2024-10-14 17:35:23.726243 Romeo: Yes
2024-10-14 17:35:23.726488 Uniform: Yes
2024-10-14 17:35:23.726775 Bravo: Yes
2024-10-14 17:35:23.727632 Victor: Yes
2024-10-14 17:35:23.728023 Sierra: Yes
ChatterBot Romeo reevaluating
ChatterBot Uniform reevaluating
ChatterBot Bravo reevaluating
ChatterBot Victor reevaluating
ChatterBot Sierra reevaluating
ChatterBot Yankee reevaluating
ChatterBot Uniform reevaluating
ChatterBot Bravo reevaluating
ChatterBot Victor reevaluating
ChatterBot Sierra reevaluating
ChatterBot Yankee reevaluating
ChatterBot Romeo reevaluating
ChatterBot Bravo reevaluating
ChatterBot Victor reevaluating
ChatterBot Sierra reevaluating
ChatterBot Yankee reevaluating
ChatterBot Romeo reevaluating
ChatterBot Uniform reevaluating
ChatterBot Victor reevaluating
ChatterBot Sierra reevaluating
ChatterBot Yankee reevaluating
ChatterBot Romeo reevaluating
ChatterBot Uniform reevaluating
ChatterBot Bravo reevaluating
ChatterBot Sierra reevaluating
ChatterBot Yankee reevaluating
ChatterBot Romeo reevaluating
ChatterBot Uniform reevaluating
ChatterBot Bravo reevaluating
ChatterBot Victor reevaluating
2024-10-14 17:35:23.929301 Kilo: We should add Bravo
ChatterBot Hotel reevaluating
2024-10-14 17:35:23.932426 Hotel: No
ChatterBot Kilo reevaluating
2024-10-14 17:35:23.941120 Lima: X-ray we want you to join our group
2024-10-14 17:35:23.943823 X-ray: No
ChatterBot Yankee reevaluating
ChatterBot Romeo reevaluating
ChatterBot Uniform reevaluating
ChatterBot Bravo reevaluating
ChatterBot Victor reevaluating
ChatterBot Sierra reevaluating
2024-10-14 17:35:23.969862 Romeo: X-ray we want you to join our group
2024-10-14 17:35:23.974154 X-ray: Yes
ChatterBot Yankee reevaluating
2024-10-14 17:35:23.997799 Victor: X-ray we want you to join our group
2024-10-14 17:35:24.002773 X-ray: No
ChatterBot Lima reevaluating
ChatterBot Yankee reevaluating
2024-10-14 17:35:24.021765 Sierra: X-ray we want you to join our group
2024-10-14 17:35:24.024213 X-ray: No
ChatterBot Lima reevaluating
ChatterBot Yankee reevaluating
2024-10-14 17:35:24.040624 Uniform: X-ray we want you to join our group
2024-10-14 17:35:24.043197 X-ray: No
ChatterBot Lima reevaluating
2024-10-14 17:35:24.058201 Bravo: X-ray we want you to join our group
2024-10-14 17:35:24.060680 X-ray: No
ChatterBot Lima reevaluating
chatterbot Lima submitting transactions
2024-10-14 17:35:24.080651 Hotel: Sending you 15
2024-10-14 17:35:24.080879 Yankee: X-ray we want you to join our group
2024-10-14 17:35:24.084093 X-ray: Yes
ChatterBot Lima reevaluating
2024-10-14 17:35:24.099226 X-ray: Lima and Bravo, sending you 4
2024-10-14 17:35:24.103670 X-ray: Yankee, sending you 7
2024-10-14 17:35:24.104047 Bravo: Lima, Yankee, Romeo, Victor, Uniform and X-ray, sending you 2
2024-10-14 17:35:24.104381 Uniform: Lima, Yankee, Romeo, Bravo and X-ray, sending you 2
2024-10-14 17:35:24.104722 Kilo: Sending you 13
2024-10-14 17:35:24.104948 Romeo: Lima, Uniform and Bravo, sending you 2
2024-10-14 17:35:24.105251 Victor: Lima and Bravo, sending you 3
2024-10-14 17:35:24.105534 Sierra: Lima, sending you 2
2024-10-14 17:35:24.106683 X-ray: Romeo, sending you 1
2024-10-14 17:35:24.107659 Bravo: Sierra, sending you 1
2024-10-14 17:35:24.108656 Uniform: Victor, sending you 1
2024-10-14 17:35:24.108993 Romeo: Yankee, sending you 3
2024-10-14 17:35:24.109667 Victor: Yankee, Romeo, Uniform and X-ray, sending you 1
2024-10-14 17:35:24.110064 X-ray: Uniform, sending you 3
2024-10-14 17:35:24.110672 Sierra: Victor, sending you 7
2024-10-14 17:35:24.113660 Romeo: X-ray, sending you 1
2024-10-14 17:35:24.114104 Victor: Sierra, sending you 8
2024-10-14 17:35:24.114691 Sierra: Uniform and Bravo, sending you 1
2024-10-14 17:35:24.117671 Yankee: Lima and X-ray, sending you 4
2024-10-14 17:35:24.120675 Yankee: Romeo, Uniform and Bravo, sending you 3
2024-10-14 17:35:24.125899 Lima: Yankee, Victor, Uniform and Bravo, sending you 3
2024-10-14 17:35:24.129105 Lima: Romeo, Sierra and X-ray, sending you 2
chatterbot Bravo submitting transactions
chatterbot X-ray submitting transactions
chatterbot Romeo submitting transactions
chatterbot Hotel submitting transactions
chatterbot Kilo submitting transactions
chatterbot Sierra submitting transactions
chatterbot Yankee submitting transactions
chatterbot Lima submitting transactions
chatterbot Uniform submitting transactions
chatterbot Victor submitting transactions
ChatterBot Kilo round 4
ChatterBot Lima round 4
ChatterBot Hotel round 4
ChatterBot Yankee round 4
ChatterBot Romeo round 4
ChatterBot Victor round 4
ChatterBot Uniform round 4
ChatterBot Bravo round 4
ChatterBot Sierra round 4
ChatterBot X-ray round 4
2024-10-14 17:35:25.096682 Lima: Yankee and Victor, sending you 4
2024-10-14 17:35:25.097658 Hotel: Sending you 16
2024-10-14 17:35:25.100676 Lima: Romeo, Uniform, Bravo, Sierra and X-ray, sending you 2
2024-10-14 17:35:25.103652 Yankee: Lima and X-ray, sending you 4
2024-10-14 17:35:25.107674 Yankee: Romeo, Uniform and Bravo, sending you 3
2024-10-14 17:35:25.109661 Romeo: Lima, Uniform and Bravo, sending you 2
2024-10-14 17:35:25.111664 X-ray: Lima, Uniform and Bravo, sending you 3
2024-10-14 17:35:25.112176 Kilo: Same as last round
2024-10-14 17:35:25.112436 Uniform: Lima, Yankee, Romeo, Bravo and X-ray, sending you 2
2024-10-14 17:35:25.112965 Victor: Lima, sending you 4
2024-10-14 17:35:25.113678 Romeo: Yankee, sending you 3
2024-10-14 17:35:25.115757 Bravo: Lima, Yankee, Romeo, Victor, Uniform and X-ray, sending you 2
2024-10-14 17:35:25.116406 Victor: Uniform, sending you 2
2024-10-14 17:35:25.116880 X-ray: Yankee, sending you 6
2024-10-14 17:35:25.117282 Sierra: Lima, sending you 2
2024-10-14 17:35:25.117712 Uniform: Victor, sending you 1
2024-10-14 17:35:25.118683 Romeo: X-ray, sending you 1
2024-10-14 17:35:25.119519 Bravo: Sierra, sending you 1
2024-10-14 17:35:25.119987 Victor: Bravo, sending you 3
2024-10-14 17:35:25.120688 X-ray: Romeo and Victor, sending you 2
2024-10-14 17:35:25.122661 Sierra: Victor, sending you 8
2024-10-14 17:35:25.123096 Victor: Sierra, sending you 8
2024-10-14 17:35:25.123918 X-ray: Sierra, sending you 1
2024-10-14 17:35:25.126658 Sierra: Bravo, sending you 1
2024-10-14 17:35:25.128019 Victor: X-ray, sending you 1
chatterbot Hotel submitting transactions
chatterbot Victor submitting transactions
chatterbot Sierra submitting transactions
chatterbot Yankee submitting transactions
chatterbot Lima submitting transactions
chatterbot Uniform submitting transactions
chatterbot Romeo submitting transactions
chatterbot X-ray submitting transactions
chatterbot Bravo submitting transactions
chatterbot Kilo submitting transactions
ChatterBot Kilo round 5
ChatterBot Lima round 5
ChatterBot Hotel round 5
ChatterBot Yankee round 5
ChatterBot Romeo round 5
ChatterBot Victor round 5
ChatterBot Uniform round 5
ChatterBot Bravo round 5
ChatterBot Sierra round 5
ChatterBot X-ray round 5
2024-10-14 17:35:26.351953 Kilo: Sending you 12
2024-10-14 17:35:26.357686 Lima: Yankee and Victor, sending you 4
2024-10-14 17:35:26.360656 Victor: Lima, sending you 4
2024-10-14 17:35:26.361691 Lima: Romeo, Uniform, Bravo, Sierra and X-ray, sending you 2
2024-10-14 17:35:26.363673 Yankee: Lima and X-ray, sending you 4
2024-10-14 17:35:26.364278 Uniform: Lima, Yankee, Romeo, Bravo and X-ray, sending you 2
2024-10-14 17:35:26.364898 Victor: Uniform and X-ray, sending you 2
2024-10-14 17:35:26.366667 Romeo: Lima, Uniform and Bravo, sending you 2
2024-10-14 17:35:26.367172 Yankee: Romeo, Uniform and Bravo, sending you 3
2024-10-14 17:35:26.367664 Bravo: Lima, Yankee, Romeo, Victor, Uniform and X-ray, sending you 2
2024-10-14 17:35:26.368680 Victor: Bravo, sending you 3
2024-10-14 17:35:26.369693 Uniform: Victor, sending you 1
2024-10-14 17:35:26.370217 Hotel: Sending you 17
2024-10-14 17:35:26.370446 X-ray: Lima, Uniform and Bravo, sending you 3
2024-10-14 17:35:26.371645 Sierra: Lima, sending you 2
2024-10-14 17:35:26.372111 Romeo: Yankee, sending you 3
2024-10-14 17:35:26.372512 Bravo: Sierra, sending you 1
2024-10-14 17:35:26.373658 Victor: Sierra, sending you 7
2024-10-14 17:35:26.374663 Romeo: X-ray, sending you 1
2024-10-14 17:35:26.375690 X-ray: Yankee, sending you 6
2024-10-14 17:35:26.376145 Sierra: Victor, sending you 8
2024-10-14 17:35:26.378664 Sierra: Bravo, sending you 1
2024-10-14 17:35:26.380667 X-ray: Romeo and Victor, sending you 2
2024-10-14 17:35:26.384648 X-ray: Sierra, sending you 1
chatterbot Hotel submitting transactions
chatterbot Romeo submitting transactions
chatterbot Sierra submitting transactions
chatterbot Kilo submitting transactions
chatterbot Yankee submitting transactions
chatterbot X-ray submitting transactions
chatterbot Victor submitting transactions
chatterbot Lima submitting transactions
chatterbot Uniform submitting transactions
chatterbot Bravo submitting transactions
ChatterBot Kilo round 6
ChatterBot Lima round 6
ChatterBot Hotel round 6
ChatterBot Yankee round 6
2024-10-14 17:35:27.498318 Yankee: We should add Victor and Sierra
2024-10-14 17:35:27.540418 Lima: Yes
2024-10-14 17:35:27.540705 X-ray: Yes
2024-10-14 17:35:27.540927 Uniform: Yes
2024-10-14 17:35:27.541125 Bravo: Yes
2024-10-14 17:35:27.541320 Romeo: No
ChatterBot Romeo round 6
ChatterBot Victor round 6
ChatterBot Uniform round 6
ChatterBot Bravo round 6
ChatterBot Sierra round 6
ChatterBot X-ray round 6
2024-10-14 17:35:27.655466 Yankee: Victor and Sierra we want you to join our group
ChatterBot Victor reevaluating
ChatterBot Sierra reevaluating
2024-10-14 17:35:27.663739 Victor: Yes
2024-10-14 17:35:27.663964 Sierra: No
ChatterBot Sierra reevaluating
ChatterBot Victor reevaluating
2024-10-14 17:35:27.729719 Hotel: Same as last round
2024-10-14 17:35:27.736233 Lima: Yankee and Victor, sending you 4
2024-10-14 17:35:27.737678 Uniform: Lima, Yankee, Romeo, Bravo and X-ray, sending you 2
2024-10-14 17:35:27.739929 Lima: Romeo, Uniform, Bravo, Sierra and X-ray, sending you 2
2024-10-14 17:35:27.740725 Romeo: Sending you each 2
2024-10-14 17:35:27.741695 Uniform: Victor, sending you 1
2024-10-14 17:35:27.744709 X-ray: Lima, Uniform and Bravo, sending you 3
2024-10-14 17:35:27.745710 Yankee: Lima and Romeo, sending you 3
2024-10-14 17:35:27.746246 Sierra: Lima, sending you 2
2024-10-14 17:35:27.748020 Kilo: Sending you 11
2024-10-14 17:35:27.748706 Victor: Lima, sending you 4
2024-10-14 17:35:27.749636 X-ray: Yankee, sending you 6
2024-10-14 17:35:27.750554 Yankee: Victor, Uniform and Bravo, sending you 2
2024-10-14 17:35:27.752107 Sierra: Victor, sending you 7
2024-10-14 17:35:27.753 Victor: Uniform and X-ray, sending you 2
2024-10-14 17:35:27.753891 X-ray: Romeo and Victor, sending you 2
2024-10-14 17:35:27.755264 Yankee: Sierra, sending you 1
2024-10-14 17:35:27.756215 Sierra: Bravo and X-ray, sending you 1
2024-10-14 17:35:27.758052 Victor: Bravo, sending you 3
2024-10-14 17:35:27.758893 Bravo: Lima, Yankee, Romeo, Victor, Uniform and X-ray, sending you 2
2024-10-14 17:35:27.759792 X-ray: Sierra, sending you 1
chatterbot Yankee submitting transactions
2024-10-14 17:35:27.761153 Yankee: X-ray, sending you 4
2024-10-14 17:35:27.763766 Victor: Sierra, sending you 7
2024-10-14 17:35:27.764664 Bravo: Sierra, sending you 1
chatterbot Hotel submitting transactions
chatterbot Sierra submitting transactions
chatterbot Bravo submitting transactions
chatterbot Uniform submitting transactions
chatterbot Lima submitting transactions
chatterbot Victor submitting transactions
chatterbot Kilo submitting transactions
chatterbot Romeo submitting transactions
chatterbot X-ray submitting transactions
ChatterBot Kilo round 7
ChatterBot Lima round 7
ChatterBot Hotel round 7
ChatterBot Yankee round 7
ChatterBot Romeo round 7
ChatterBot Victor round 7
ChatterBot Uniform round 7
ChatterBot Bravo round 7
ChatterBot Sierra round 7
ChatterBot X-ray round 7
2024-10-14 17:35:28.900713 Kilo: Same as last round
2024-10-14 17:35:28.902685 Lima: Yankee and Victor, sending you 4
2024-10-14 17:35:28.906035 Yankee: Lima and Romeo, sending you 3
2024-10-14 17:35:28.907728 Uniform: Lima, Yankee, Romeo, Bravo and X-ray, sending you 2
2024-10-14 17:35:28.909981 Lima: Romeo, Uniform, Bravo, Sierra and X-ray, sending you 2
2024-10-14 17:35:28.911950 Victor: Lima, sending you 4
2024-10-14 17:35:28.913516 Sierra: Lima, sending you 2
2024-10-14 17:35:28.914660 Yankee: Victor, Uniform and Bravo, sending you 2
2024-10-14 17:35:28.916143 Uniform: Victor, sending you 1
2024-10-14 17:35:28.917284 Hotel: Same as last round
2024-10-14 17:35:28.917669 Victor: Yankee, sending you 1
2024-10-14 17:35:28.919392 Sierra: Victor, sending you 7
2024-10-14 17:35:28.920270 Romeo: Same as last round
2024-10-14 17:35:28.921241 Yankee: Sierra, sending you 1
2024-10-14 17:35:28.923255 Bravo: Lima, Yankee, Romeo, Victor, Uniform and X-ray, sending you 2
2024-10-14 17:35:28.924919 Victor: Uniform and X-ray, sending you 2
2024-10-14 17:35:28.925642 X-ray: Lima, Uniform and Bravo, sending you 3
2024-10-14 17:35:28.927062 Sierra: Bravo and X-ray, sending you 1
2024-10-14 17:35:28.927749 Yankee: X-ray, sending you 4
2024-10-14 17:35:28.929152 Bravo: Sierra, sending you 1
2024-10-14 17:35:28.929871 X-ray: Yankee, sending you 6
2024-10-14 17:35:28.930699 Victor: Bravo, sending you 3
2024-10-14 17:35:28.933704 X-ray: Romeo and Victor, sending you 2
2024-10-14 17:35:28.934667 Victor: Sierra, sending you 6
2024-10-14 17:35:28.936677 X-ray: Sierra, sending you 1
chatterbot Romeo submitting transactions
chatterbot Yankee submitting transactions
chatterbot Sierra submitting transactions
chatterbot Uniform submitting transactions
chatterbot Bravo submitting transactions
chatterbot Hotel submitting transactions
chatterbot Lima submitting transactions
chatterbot Kilo submitting transactions
chatterbot Victor submitting transactions
chatterbot X-ray submitting transactions
ChatterBot Kilo round 8
ChatterBot Lima round 8
ChatterBot Hotel round 8
ChatterBot Yankee round 8
ChatterBot Romeo round 8
ChatterBot Victor round 8
ChatterBot Uniform round 8
ChatterBot Bravo round 8
ChatterBot Sierra round 8
ChatterBot X-ray round 8
2024-10-14 17:35:30.178665 Kilo: Sending you 10
2024-10-14 17:35:30.185685 X-ray: Lima, Uniform and Bravo, sending you 3
2024-10-14 17:35:30.186651 Uniform: Lima, Yankee, Romeo, Bravo and X-ray, sending you 2
2024-10-14 17:35:30.188170 Victor: Lima, sending you 4
2024-10-14 17:35:30.190703 X-ray: Yankee, sending you 5
2024-10-14 17:35:30.191878 Uniform: Victor, sending you 1
2024-10-14 17:35:30.192941 Victor: Yankee, sending you 1
2024-10-14 17:35:30.195693 Sierra: Lima, sending you 2
2024-10-14 17:35:30.197005 Hotel: Same as last round
2024-10-14 17:35:30.197279 X-ray: Romeo, Victor and Sierra, sending you 2
2024-10-14 17:35:30.198676 Victor: Uniform and X-ray, sending you 2
2024-10-14 17:35:30.199920 Yankee: Lima, Romeo, Uniform and Bravo, sending you 3
2024-10-14 17:35:30.200778 Romeo: Same as last round
2024-10-14 17:35:30.201774 Lima: Yankee and Victor, sending you 4
2024-10-14 17:35:30.202907 Sierra: Yankee, Bravo and X-ray, sending you 1
2024-10-14 17:35:30.203662 Bravo: Lima, Yankee, Romeo, Victor, Uniform and X-ray, sending you 2
2024-10-14 17:35:30.204489 Victor: Bravo, sending you 3
2024-10-14 17:35:30.205684 Yankee: Victor, sending you 1
2024-10-14 17:35:30.206839 Sierra: Victor, sending you 6
2024-10-14 17:35:30.207578 Lima: Romeo, Uniform, Bravo, Sierra and X-ray, sending you 2
2024-10-14 17:35:30.208490 Bravo: Sierra, sending you 1
2024-10-14 17:35:30.209192 Victor: Sierra, sending you 6
2024-10-14 17:35:30.211671 Yankee: X-ray, sending you 4
chatterbot Hotel submitting transactions
chatterbot Lima submitting transactions
chatterbot Romeo submitting transactions
chatterbot Uniform submitting transactions
chatterbot Kilo submitting transactions
chatterbot Yankee submitting transactions
chatterbot Sierra submitting transactions
chatterbot Victor submitting transactions
chatterbot X-ray submitting transactions
chatterbot Bravo submitting transactions
ChatterBot Kilo round 9
ChatterBot Lima round 9
ChatterBot Hotel round 9
2024-10-14 17:35:31.331639 Kilo: We should add Romeo
2024-10-14 17:35:31.335704 Hotel: No
ChatterBot Kilo reevaluating
ChatterBot Yankee round 9
ChatterBot Romeo round 9
ChatterBot Victor round 9
ChatterBot Uniform round 9
ChatterBot Bravo round 9
ChatterBot Sierra round 9
ChatterBot X-ray round 9
2024-10-14 17:35:31.372923 Romeo: We should add Victor
2024-10-14 17:35:31.390369 Lima: Yes
2024-10-14 17:35:31.390524 X-ray: Yes
2024-10-14 17:35:31.391188 Yankee: Yes
2024-10-14 17:35:31.391321 Uniform: Yes
2024-10-14 17:35:31.391427 Bravo: Yes
2024-10-14 17:35:31.498872 Romeo: Victor we want you to join our group
2024-10-14 17:35:31.502485 Victor: Yes
2024-10-14 17:35:31.526670 Kilo: Same as last round
2024-10-14 17:35:31.527066 Hotel: Same as last round
2024-10-14 17:35:31.527673 Lima: Yankee and Victor, sending you 4
2024-10-14 17:35:31.529038 Uniform: Lima, Yankee, Romeo, Bravo and X-ray, sending you 2
2024-10-14 17:35:31.531933 Lima: Romeo, Uniform, Bravo, Sierra and X-ray, sending you 2
2024-10-14 17:35:31.533681 Uniform: Victor, sending you 1
2024-10-14 17:35:31.534750 Romeo: Lima, Yankee, Uniform and Bravo, sending you 2
2024-10-14 17:35:31.536042 Sierra: Lima, sending you 2
2024-10-14 17:35:31.538689 X-ray: Lima, Romeo, Victor, Uniform and Bravo, sending you 3
2024-10-14 17:35:31.539787 Romeo: Victor and X-ray, sending you 1
2024-10-14 17:35:31.540323 Yankee: Lima, sending you 3
2024-10-14 17:35:31.541945 Sierra: Victor, sending you 7
2024-10-14 17:35:31.542940 Bravo: Lima, Yankee, Romeo, Victor, Uniform and X-ray, sending you 2
2024-10-14 17:35:31.543965 Victor: Lima, sending you 4
2024-10-14 17:35:31.545531 X-ray: Yankee, sending you 4
2024-10-14 17:35:31.546570 Yankee: Romeo, Victor, Uniform, Bravo and Sierra, sending you 2
2024-10-14 17:35:31.547637 Sierra: Bravo and X-ray, sending you 1
2024-10-14 17:35:31.548671 Victor: Yankee, sending you 1
2024-10-14 17:35:31.550120 Bravo: Sierra, sending you 1
2024-10-14 17:35:31.551330 X-ray: Sierra, sending you 1
2024-10-14 17:35:31.552378 Yankee: X-ray, sending you 4
2024-10-14 17:35:31.553675 Victor: Uniform and X-ray, sending you 2
2024-10-14 17:35:31.558670 Victor: Bravo, sending you 3
2024-10-14 17:35:31.563712 Victor: Sierra, sending you 6
chatterbot Romeo submitting transactions
chatterbot Uniform submitting transactions
chatterbot Kilo submitting transactions
chatterbot X-ray submitting transactions
chatterbot Yankee submitting transactions
chatterbot Hotel submitting transactions
chatterbot Sierra submitting transactions
chatterbot Lima submitting transactions
chatterbot Bravo submitting transactions
chatterbot Victor submitting transactions
ChatterBot Kilo round 10
ChatterBot Lima round 10
ChatterBot Hotel round 10
ChatterBot Yankee round 10
ChatterBot Romeo round 10
ChatterBot Victor round 10
ChatterBot Uniform round 10
ChatterBot Bravo round 10
ChatterBot Sierra round 10
ChatterBot X-ray round 10
2024-10-14 17:35:32.580698 Lima: Yankee and Victor, sending you 4
2024-10-14 17:35:32.582718 Kilo: Sending you 9
2024-10-14 17:35:32.584092 X-ray: Lima, Victor, Uniform and Bravo, sending you 3
2024-10-14 17:35:32.586680 Lima: Romeo, Uniform, Bravo, Sierra and X-ray, sending you 2
2024-10-14 17:35:32.587998 Hotel: Same as last round
2024-10-14 17:35:32.589150 Yankee: Lima, sending you 4
2024-10-14 17:35:32.590423 X-ray: Yankee, sending you 4
2024-10-14 17:35:32.592628 Bravo: Lima, Yankee, Romeo, Victor, Uniform and X-ray, sending you 2
2024-10-14 17:35:32.594561 Yankee: Romeo, Victor, Uniform, Bravo and Sierra, sending you 2
2024-10-14 17:35:32.595484 Sierra: Lima, sending you 2
2024-10-14 17:35:32.597117 X-ray: Romeo and Sierra, sending you 2
2024-10-14 17:35:32.599219 Victor: Lima, sending you 4
2024-10-14 17:35:32.601090 Bravo: Sierra, sending you 1
2024-10-14 17:35:32.602129 Romeo: Lima, Yankee, Uniform, Bravo and X-ray, sending you 2
2024-10-14 17:35:32.603318 Uniform: Lima, Yankee, Romeo, Bravo and X-ray, sending you 2
2024-10-14 17:35:32.605136 Yankee: X-ray, sending you 3
2024-10-14 17:35:32.606835 Sierra: Yankee, Bravo and X-ray, sending you 1
2024-10-14 17:35:32.610009 Victor: Yankee, Uniform, Bravo and X-ray, sending you 2
2024-10-14 17:35:32.613091 Uniform: Victor, sending you 1
2024-10-14 17:35:32.614445 Sierra: Victor, sending you 6
2024-10-14 17:35:32.616674 Victor: Romeo, sending you 1
2024-10-14 17:35:32.620767 Victor: Sierra, sending you 5
chatterbot Yankee submitting transactions
chatterbot Victor submitting transactions
chatterbot Uniform submitting transactions
chatterbot Hotel submitting transactions
chatterbot Kilo submitting transactions
chatterbot Lima submitting transactions
chatterbot Bravo submitting transactions
chatterbot Romeo submitting transactions
chatterbot X-ray submitting transactions
chatterbot Sierra submitting transactions
ChatterBot Kilo round 11
ChatterBot Lima round 11
ChatterBot Hotel round 11
ChatterBot Yankee round 11
ChatterBot Romeo round 11
ChatterBot Victor round 11
ChatterBot Uniform round 11
ChatterBot Bravo round 11
ChatterBot Sierra round 11
2024-10-14 17:35:33.940185 Kilo: We should add X-ray
2024-10-14 17:35:33.948307 Hotel: Yes
ChatterBot X-ray round 11
2024-10-14 17:35:33.989772 Kilo: X-ray we want you to join our group
2024-10-14 17:35:33.996280 X-ray: No
ChatterBot Kilo reevaluating
2024-10-14 17:35:34.017226 Uniform: Lima, Yankee, Romeo, Bravo and X-ray, sending you 2
2024-10-14 17:35:34.019823 Romeo: Lima, Yankee, Uniform, Bravo and X-ray, sending you 2
2024-10-14 17:35:34.022195 Victor: Lima, sending you 4
2024-10-14 17:35:34.025204 Uniform: Victor, sending you 1
2024-10-14 17:35:34.028206 Victor: Yankee, Uniform, Bravo and X-ray, sending you 2
2024-10-14 17:35:34.031336 Lima: Yankee and Victor, sending you 4
2024-10-14 17:35:34.033846 Sierra: Lima, sending you 2
2024-10-14 17:35:34.036403 Bravo: Lima, Yankee, Romeo, Victor, Uniform and X-ray, sending you 2
2024-10-14 17:35:34.038771 Hotel: Same as last round
2024-10-14 17:35:34.039519 Yankee: Lima, sending you 4
2024-10-14 17:35:34.041895 Victor: Romeo, sending you 1
2024-10-14 17:35:34.044735 Lima: Romeo, Uniform, Bravo, Sierra and X-ray, sending you 2
2024-10-14 17:35:34.047485 Sierra: Yankee, Bravo and X-ray, sending you 1
2024-10-14 17:35:34.050174 Bravo: Sierra, sending you 1
2024-10-14 17:35:34.052447 Kilo: Same as last round
2024-10-14 17:35:34.053107 Yankee: Romeo, Victor, Uniform, Bravo and Sierra, sending you 2
2024-10-14 17:35:34.056037 Victor: Sierra, sending you 5
2024-10-14 17:35:34.058145 X-ray: Lima, Victor, Uniform and Bravo, sending you 3
2024-10-14 17:35:34.060807 Sierra: Victor, sending you 6
2024-10-14 17:35:34.063736 Yankee: X-ray, sending you 3
2024-10-14 17:35:34.066075 X-ray: Yankee, sending you 4
2024-10-14 17:35:34.073697 X-ray: Romeo and Sierra, sending you 2
chatterbot Victor submitting transactions
chatterbot Romeo submitting transactions
chatterbot Lima submitting transactions
chatterbot Uniform submitting transactions
chatterbot Hotel submitting transactions
chatterbot Sierra submitting transactions
chatterbot Yankee submitting transactions
chatterbot Kilo submitting transactions
chatterbot Bravo submitting transactions
chatterbot X-ray submitting transactions
ChatterBot Kilo round 12
ChatterBot Lima round 12
ChatterBot Hotel round 12
ChatterBot Yankee round 12
ChatterBot Romeo round 12
ChatterBot Victor round 12
ChatterBot Uniform round 12
ChatterBot Bravo round 12
ChatterBot Sierra round 12
ChatterBot X-ray round 12
2024-10-14 17:35:35.023664 Kilo: Sending you 8
2024-10-14 17:35:35.031156 Victor: Lima, sending you 4
2024-10-14 17:35:35.032689 Yankee: Lima, sending you 4
2024-10-14 17:35:35.034758 Bravo: Lima, Yankee, Romeo, Victor, Uniform and X-ray, sending you 2
2024-10-14 17:35:35.036621 Sierra: Lima, sending you 2
2024-10-14 17:35:35.037695 Victor: Yankee, Uniform, Bravo and X-ray, sending you 2
2024-10-14 17:35:35.038744 Yankee: Romeo, Victor, Uniform, Bravo and Sierra, sending you 2
2024-10-14 17:35:35.039734 X-ray: Lima, Romeo, Victor, Uniform and Bravo, sending you 3
2024-10-14 17:35:35.041574 Bravo: Sierra, sending you 1
2024-10-14 17:35:35.042583 Uniform: Lima, Yankee, Romeo, Bravo and X-ray, sending you 2
2024-10-14 17:35:35.043609 Sierra: Yankee, Bravo and X-ray, sending you 1
2024-10-14 17:35:35.044654 Hotel: Same as last round
2024-10-14 17:35:35.045945 Yankee: X-ray, sending you 3
2024-10-14 17:35:35.047200 Victor: Romeo, sending you 1
2024-10-14 17:35:35.048345 Lima: Yankee and Victor, sending you 4
2024-10-14 17:35:35.049651 X-ray: Yankee, sending you 4
2024-10-14 17:35:35.051490 Uniform: Victor, sending you 1
2024-10-14 17:35:35.052583 Sierra: Victor, sending you 6
2024-10-14 17:35:35.053648 Romeo: Lima, Yankee, Uniform, Bravo and X-ray, sending you 2
2024-10-14 17:35:35.055001 Victor: Sierra, sending you 5
2024-10-14 17:35:35.056086 Lima: Romeo, Uniform, Bravo, Sierra and X-ray, sending you 2
2024-10-14 17:35:35.057481 X-ray: Sierra, sending you 1
chatterbot Lima submitting transactions
chatterbot Yankee submitting transactions
chatterbot Romeo submitting transactions
chatterbot X-ray submitting transactions
chatterbot Bravo submitting transactions
chatterbot Sierra submitting transactions
chatterbot Victor submitting transactions
chatterbot Kilo submitting transactions
chatterbot Uniform submitting transactions
chatterbot Hotel submitting transactions
ChatterBot Kilo round 13
ChatterBot Lima round 13
ChatterBot Hotel round 13
ChatterBot Yankee round 13
ChatterBot Romeo round 13
ChatterBot Victor round 13
ChatterBot Uniform round 13
ChatterBot Bravo round 13
ChatterBot Sierra round 13
ChatterBot X-ray round 13
2024-10-14 17:35:36.123644 Hotel: Same as last round
2024-10-14 17:35:36.125120 Kilo: Same as last round
2024-10-14 17:35:36.129683 Yankee: Lima, sending you 4
2024-10-14 17:35:36.134717 Uniform: Lima, Yankee, Romeo, Bravo and X-ray, sending you 2
2024-10-14 17:35:36.137059 Yankee: Romeo, Victor, Uniform, Bravo and Sierra, sending you 2
2024-10-14 17:35:36.139564 Romeo: Lima, Yankee, Uniform, Bravo and X-ray, sending you 2
2024-10-14 17:35:36.141584 Lima: Yankee and Victor, sending you 4
2024-10-14 17:35:36.144861 Uniform: Victor, sending you 1
2024-10-14 17:35:36.146756 Yankee: X-ray, sending you 3
2024-10-14 17:35:36.148933 X-ray: Lima, Romeo, Victor, Uniform and Bravo, sending you 3
2024-10-14 17:35:36.151342 Victor: Lima, sending you 4
2024-10-14 17:35:36.153277 Sierra: Lima, sending you 2
2024-10-14 17:35:36.155096 Bravo: Lima, Yankee, Romeo, Victor, Uniform and X-ray, sending you 2
2024-10-14 17:35:36.158283 Lima: Romeo, Uniform, Bravo, Sierra and X-ray, sending you 2
2024-10-14 17:35:36.160021 X-ray: Yankee, sending you 4
2024-10-14 17:35:36.161304 Victor: Yankee, Uniform, Bravo and X-ray, sending you 2
2024-10-14 17:35:36.163080 Sierra: Yankee, Bravo and X-ray, sending you 1
2024-10-14 17:35:36.164141 Bravo: Sierra, sending you 1
2024-10-14 17:35:36.165132 X-ray: Sierra, sending you 1
2024-10-14 17:35:36.166667 Sierra: Victor, sending you 6
2024-10-14 17:35:36.168888 Victor: Romeo, sending you 1
2024-10-14 17:35:36.172654 Victor: Sierra, sending you 5
chatterbot Victor submitting transactions
chatterbot Bravo submitting transactions
chatterbot Uniform submitting transactions
chatterbot Kilo submitting transactions
chatterbot Yankee submitting transactions
chatterbot Hotel submitting transactions
chatterbot Romeo submitting transactions
chatterbot Lima submitting transactions
chatterbot Sierra submitting transactions
chatterbot X-ray submitting transactions
ChatterBot Kilo round 14
ChatterBot Lima round 14
ChatterBot Hotel round 14
ChatterBot Yankee round 14
ChatterBot Romeo round 14
ChatterBot Victor round 14
ChatterBot Uniform round 14
ChatterBot Bravo round 14
ChatterBot Sierra round 14
2024-10-14 17:35:37.406796 Romeo: We should replace Uniform with Sierra
2024-10-14 17:35:37.431092 Lima: No
2024-10-14 17:35:37.431397 Yankee: No
2024-10-14 17:35:37.432234 Victor: No
2024-10-14 17:35:37.432547 Bravo: No
2024-10-14 17:35:37.432897 X-ray: No
ChatterBot Romeo reevaluating
ChatterBot Romeo reevaluating
ChatterBot Romeo reevaluating
ChatterBot Romeo reevaluating
ChatterBot Romeo reevaluating
ChatterBot X-ray round 14
2024-10-14 17:35:37.554675 Lima: Yankee and Victor, sending you 4
2024-10-14 17:35:37.556801 Victor: Lima, sending you 4
2024-10-14 17:35:37.559808 Hotel: Same as last round
2024-10-14 17:35:37.560717 Lima: Romeo, Uniform, Bravo, Sierra and X-ray, sending you 2
2024-10-14 17:35:37.564688 Victor: Yankee, Uniform, Bravo and X-ray, sending you 2
2024-10-14 17:35:37.566551 Yankee: Lima, sending you 4
2024-10-14 17:35:37.567751 Kilo: Same as last round
2024-10-14 17:35:37.568047 Uniform: Lima, Yankee, Romeo, Bravo and X-ray, sending you 2
2024-10-14 17:35:37.570301 Romeo: Lima, Yankee, Uniform, Bravo and X-ray, sending you 2
2024-10-14 17:35:37.571547 Victor: Romeo, sending you 1
2024-10-14 17:35:37.573342 Yankee: Romeo, Victor, Uniform, Bravo and Sierra, sending you 2
2024-10-14 17:35:37.574652 Bravo: Lima, Yankee, Romeo, Victor, Uniform and X-ray, sending you 2
2024-10-14 17:35:37.575624 Sierra: Lima and Yankee, sending you 2
2024-10-14 17:35:37.576577 Uniform: Victor, sending you 1
2024-10-14 17:35:37.577687 Victor: Sierra, sending you 5
2024-10-14 17:35:37.579028 Yankee: X-ray, sending you 3
2024-10-14 17:35:37.579840 Bravo: Sierra, sending you 1
2024-10-14 17:35:37.580855 Sierra: Victor, sending you 5
2024-10-14 17:35:37.581725 X-ray: Lima, Romeo, Victor, Uniform and Bravo, sending you 3
2024-10-14 17:35:37.586970 Sierra: Bravo and X-ray, sending you 1
2024-10-14 17:35:37.588800 X-ray: Yankee, sending you 4
2024-10-14 17:35:37.593665 X-ray: Sierra, sending you 1
chatterbot Uniform submitting transactions
chatterbot Bravo submitting transactions
chatterbot Yankee submitting transactions
chatterbot Romeo submitting transactions
chatterbot X-ray submitting transactions
chatterbot Victor submitting transactions
chatterbot Kilo submitting transactions
chatterbot Lima submitting transactions
chatterbot Hotel submitting transactions
chatterbot Sierra submitting transactions
ChatterBot Kilo round 15
ChatterBot Lima round 15
ChatterBot Hotel round 15
ChatterBot Yankee round 15
ChatterBot Romeo round 15
ChatterBot Victor round 15
ChatterBot Uniform round 15
ChatterBot Bravo round 15
ChatterBot Sierra round 15
ChatterBot X-ray round 15
2024-10-14 17:35:38.673656 Romeo: Lima, Yankee, Uniform, Bravo and X-ray, sending you 2
2024-10-14 17:35:38.674653 Hotel: Same as last round
2024-10-14 17:35:38.675667 Kilo: Sending you 7
2024-10-14 17:35:38.681685 Yankee: Lima, sending you 4
2024-10-14 17:35:38.683936 Lima: Yankee and Victor, sending you 4
2024-10-14 17:35:38.686669 Yankee: Romeo, Victor, Uniform, Bravo and Sierra, sending you 2
2024-10-14 17:35:38.687962 Uniform: Lima, Yankee, Romeo, Bravo and X-ray, sending you 2
2024-10-14 17:35:38.689860 X-ray: Lima, Romeo, Victor, Uniform and Bravo, sending you 3
2024-10-14 17:35:38.691076 Bravo: Lima, Yankee, Romeo, Victor, Uniform and X-ray, sending you 2
2024-10-14 17:35:38.692822 Lima: Romeo, Uniform, Bravo, Sierra and X-ray, sending you 2
2024-10-14 17:35:38.694863 Yankee: X-ray, sending you 3
2024-10-14 17:35:38.697362 Uniform: Victor, sending you 1
2024-10-14 17:35:38.700114 X-ray: Yankee, sending you 4
2024-10-14 17:35:38.702944 Bravo: Sierra, sending you 1
2024-10-14 17:35:38.705468 Victor: Lima, sending you 4
2024-10-14 17:35:38.708096 Sierra: Lima and Yankee, sending you 2
2024-10-14 17:35:38.710746 X-ray: Sierra, sending you 1
