ChatterBot November round 1
ChatterBot Romeo round 1
ChatterBot India round 1
ChatterBot Echo round 1
ChatterBot Oscar round 1
ChatterBot X-ray round 1
ChatterBot Sierra round 1
ChatterBot Zulu round 1
ChatterBot Mike round 1
ChatterBot Victor round 1
randomSelections Romeo: {Romeo, Oscar, X-ray, Mike} 
2024-10-14 17:35:19.180211 Romeo: Group up?
ChatterBot Oscar reevaluating
ChatterBot X-ray reevaluating
ChatterBot Mike reevaluating
2024-10-14 17:35:19.185978 Oscar: Yes
2024-10-14 17:35:19.186128 X-ray: Yes
2024-10-14 17:35:19.186723 Mike: Yes
ChatterBot X-ray reevaluating
ChatterBot Mike reevaluating
ChatterBot Oscar reevaluating
ChatterBot Mike reevaluating
ChatterBot Oscar reevaluating
ChatterBot X-ray reevaluating
randomSelections November: {November, Echo, Sierra, Mike} 
2024-10-14 17:35:19.203863 November: Group up?
ChatterBot Echo reevaluating
ChatterBot Sierra reevaluating
ChatterBot Mike reevaluating
2024-10-14 17:35:19.211391 Echo: Yes
2024-10-14 17:35:19.211559 Sierra: Yes
2024-10-14 17:35:19.211753 Mike: No
ChatterBot Sierra reevaluating
ChatterBot Mike reevaluating
ChatterBot Echo reevaluating
ChatterBot Mike reevaluating
ChatterBot Echo reevaluating
ChatterBot Sierra reevaluating
randomSelections India: {India, Romeo, Zulu, Sierra, Mike, Victor, Echo} 
2024-10-14 17:35:19.242724 India: Group up?
ChatterBot Zulu reevaluating
ChatterBot Sierra reevaluating
ChatterBot Mike reevaluating
ChatterBot Victor reevaluating
ChatterBot Echo reevaluating
2024-10-14 17:35:19.298871 Romeo: No
2024-10-14 17:35:19.299151 Zulu: Yes
2024-10-14 17:35:19.299444 Sierra: No
2024-10-14 17:35:19.300123 Mike: No
2024-10-14 17:35:19.301430 Victor: Yes
2024-10-14 17:35:19.301834 Echo: No
ChatterBot Zulu reevaluating
ChatterBot Sierra reevaluating
ChatterBot Mike reevaluating
ChatterBot Victor reevaluating
ChatterBot Echo reevaluating
ChatterBot Sierra reevaluating
ChatterBot Mike reevaluating
ChatterBot Victor reevaluating
ChatterBot Echo reevaluating
ChatterBot Zulu reevaluating
ChatterBot Mike reevaluating
ChatterBot Victor reevaluating
ChatterBot Echo reevaluating
ChatterBot Zulu reevaluating
ChatterBot Sierra reevaluating
ChatterBot Victor reevaluating
ChatterBot Echo reevaluating
ChatterBot Zulu reevaluating
ChatterBot Sierra reevaluating
ChatterBot Mike reevaluating
ChatterBot Echo reevaluating
ChatterBot Zulu reevaluating
ChatterBot Sierra reevaluating
ChatterBot Mike reevaluating
ChatterBot Victor reevaluating
2024-10-14 17:35:19.396799 Zulu: Romeo, sending you 4
2024-10-14 17:35:19.398572 Mike: Romeo, sending you 3
2024-10-14 17:35:19.399169 November: Echo, sending you 4
2024-10-14 17:35:19.400766 Romeo: Oscar and X-ray, sending you 5
2024-10-14 17:35:19.401415 Zulu: Echo and Victor, sending you 2
2024-10-14 17:35:19.402771 Mike: Oscar, sending you 6
2024-10-14 17:35:19.403314 India: Romeo, Echo and Victor, sending you 2
2024-10-14 17:35:19.404948 Victor: India, sending you 1
2024-10-14 17:35:19.405674 Romeo: Mike, sending you 7
2024-10-14 17:35:19.407120 November: Sierra, sending you 6
2024-10-14 17:35:19.407600 Echo: November, sending you 8
2024-10-14 17:35:19.408298 Zulu: Sierra and Mike, sending you 1
2024-10-14 17:35:19.410005 X-ray: Romeo, sending you 4
2024-10-14 17:35:19.410489 Mike: X-ray, sending you 1
2024-10-14 17:35:19.411979 India: Sierra and Zulu, sending you 1
2024-10-14 17:35:19.412867 Oscar: Romeo, sending you 7
2024-10-14 17:35:19.414076 Victor: Echo, sending you 2
2024-10-14 17:35:19.415064 November: Mike, sending you 3
2024-10-14 17:35:19.416788 Echo: Sierra, sending you 2
2024-10-14 17:35:19.417518 X-ray: Oscar, sending you 11
2024-10-14 17:35:19.418163 Sierra: November and Echo, sending you 4
2024-10-14 17:35:19.419678 India: Mike, sending you 3
2024-10-14 17:35:19.420456 Oscar: X-ray, sending you 4
2024-10-14 17:35:19.422212 Victor: Sierra, sending you 5
2024-10-14 17:35:19.423252 Echo: Mike, sending you 5
2024-10-14 17:35:19.425283 X-ray: Mike, sending you 2
2024-10-14 17:35:19.425778 Sierra: Mike, sending you 3
2024-10-14 17:35:19.427643 Oscar: Mike, sending you 1
2024-10-14 17:35:19.428334 Victor: Zulu and Mike, sending you 4
chatterbot Zulu submitting transactions
chatterbot X-ray submitting transactions
chatterbot India submitting transactions
chatterbot Echo submitting transactions
chatterbot Romeo submitting transactions
chatterbot November submitting transactions
chatterbot Sierra submitting transactions
chatterbot Oscar submitting transactions
chatterbot Mike submitting transactions
chatterbot Victor submitting transactions
ChatterBot November round 2
ChatterBot Romeo round 2
ChatterBot India round 2
ChatterBot Echo round 2
ChatterBot Oscar round 2
ChatterBot X-ray round 2
ChatterBot Sierra round 2
ChatterBot Zulu round 2
ChatterBot Mike round 2
ChatterBot Victor round 2
2024-10-14 17:35:20.739247 Zulu: Group up?
ChatterBot India reevaluating
ChatterBot Victor reevaluating
2024-10-14 17:35:20.800167 India: Yes
2024-10-14 17:35:20.800536 Victor: Yes
ChatterBot Victor reevaluating
ChatterBot India reevaluating
2024-10-14 17:35:20.820002 Victor: Let's form a team
ChatterBot India reevaluating
2024-10-14 17:35:20.828114 Zulu: Yes
2024-10-14 17:35:20.828381 India: Yes
ChatterBot India reevaluating
ChatterBot Victor reevaluating
ChatterBot Victor reevaluating
2024-10-14 17:35:20.855714 Mike: Can we be friends?
ChatterBot India reevaluating
ChatterBot Victor reevaluating
2024-10-14 17:35:20.890426 Romeo: No
2024-10-14 17:35:20.890826 Oscar: No
2024-10-14 17:35:20.891111 X-ray: No
2024-10-14 17:35:20.891787 India: No
2024-10-14 17:35:20.892034 Zulu: No
2024-10-14 17:35:20.892244 Victor: No
ChatterBot Mike reevaluating
ChatterBot India reevaluating
ChatterBot Victor reevaluating
ChatterBot Mike reevaluating
ChatterBot India reevaluating
ChatterBot Victor reevaluating
ChatterBot Mike reevaluating
ChatterBot India reevaluating
ChatterBot Victor reevaluating
ChatterBot Mike reevaluating
ChatterBot Victor reevaluating
ChatterBot Mike reevaluating
ChatterBot India reevaluating
ChatterBot Victor reevaluating
ChatterBot Mike reevaluating
ChatterBot India reevaluating
2024-10-14 17:35:21.085167 Echo: We would work well together
ChatterBot Sierra reevaluating
ChatterBot India reevaluating
ChatterBot Victor reevaluating
2024-10-14 17:35:21.103634 November: No
2024-10-14 17:35:21.104150 Sierra: Yes
2024-10-14 17:35:21.104262 India: Yes
2024-10-14 17:35:21.104359 Zulu: No
2024-10-14 17:35:21.104456 Victor: Yes
ChatterBot Sierra reevaluating
ChatterBot India reevaluating
ChatterBot Victor reevaluating
ChatterBot India reevaluating
ChatterBot Zulu reevaluating
ChatterBot Victor reevaluating
ChatterBot November reevaluating
ChatterBot Sierra reevaluating
ChatterBot Zulu reevaluating
ChatterBot Victor reevaluating
ChatterBot November reevaluating
ChatterBot Sierra reevaluating
ChatterBot India reevaluating
ChatterBot Victor reevaluating
ChatterBot November reevaluating
2024-10-14 17:35:21.188420 Sierra: Can we be friends?
ChatterBot Sierra reevaluating
ChatterBot India reevaluating
ChatterBot Zulu reevaluating
ChatterBot November reevaluating
ChatterBot India reevaluating
ChatterBot Zulu reevaluating
ChatterBot Victor reevaluating
2024-10-14 17:35:21.221236 Echo: Yes
2024-10-14 17:35:21.221441 November: Yes
2024-10-14 17:35:21.221546 India: Yes
2024-10-14 17:35:21.221669 Zulu: Yes
2024-10-14 17:35:21.221792 Victor: Yes
ChatterBot November reevaluating
ChatterBot Sierra reevaluating
ChatterBot India reevaluating
ChatterBot Zulu reevaluating
ChatterBot Victor reevaluating
ChatterBot Sierra reevaluating
ChatterBot India reevaluating
ChatterBot Zulu reevaluating
ChatterBot Victor reevaluating
ChatterBot November reevaluating
ChatterBot Sierra reevaluating
ChatterBot Zulu reevaluating
ChatterBot Victor reevaluating
ChatterBot November reevaluating
ChatterBot Sierra reevaluating
ChatterBot India reevaluating
ChatterBot Victor reevaluating
ChatterBot November reevaluating
ChatterBot Sierra reevaluating
ChatterBot India reevaluating
ChatterBot Zulu reevaluating
chatterbot X-ray submitting transactions
chatterbot Mike submitting transactions
2024-10-14 17:35:21.931034 Romeo: Oscar, sending you 8
2024-10-14 17:35:21.931311 India: Victor, sending you 11
2024-10-14 17:35:21.931987 X-ray: Romeo, sending you 8
2024-10-14 17:35:21.932196 Zulu: November, Echo and Sierra, sending you 1
2024-10-14 17:35:21.932469 Oscar: Romeo and Mike, sending you 3
2024-10-14 17:35:21.932795 Mike: Romeo, India, Oscar, X-ray and Victor, sending you 2
2024-10-14 17:35:21.933557 Echo: November and Sierra, sending you 4
chatterbot Romeo submitting transactions
chatterbot Zulu submitting transactions
chatterbot Oscar submitting transactions
2024-10-14 17:35:22.003763 Romeo: X-ray and Mike, sending you 5
2024-10-14 17:35:22.004056 Zulu: India, sending you 2
2024-10-14 17:35:22.004347 X-ray: Oscar, sending you 7
2024-10-14 17:35:22.004973 Oscar: X-ray, sending you 6
2024-10-14 17:35:22.005188 Sierra: November and Victor, sending you 4
2024-10-14 17:35:22.005457 November: India, Zulu and Victor, sending you 1
2024-10-14 17:35:22.005708 Echo: India, Zulu and Victor, sending you 3
2024-10-14 17:35:22.006383 Victor: November and Echo, sending you 1
2024-10-14 17:35:22.006676 Zulu: Victor, sending you 5
2024-10-14 17:35:22.027781 X-ray: Mike, sending you 2
2024-10-14 17:35:22.028083 Sierra: India, sending you 1
2024-10-14 17:35:22.028451 Victor: India and Zulu, sending you 7
2024-10-14 17:35:22.028758 November: Echo, sending you 6
2024-10-14 17:35:22.076955 Sierra: Echo, sending you 2
2024-10-14 17:35:22.077860 November: Sierra, sending you 4
chatterbot Echo submitting transactions
chatterbot Victor submitting transactions
chatterbot India submitting transactions
chatterbot Sierra submitting transactions
chatterbot November submitting transactions
ChatterBot November round 3
ChatterBot Romeo round 3
ChatterBot India round 3
ChatterBot Echo round 3
ChatterBot Oscar round 3
ChatterBot X-ray round 3
ChatterBot Sierra round 3
ChatterBot Zulu round 3
ChatterBot Mike round 3
ChatterBot Victor round 3
2024-10-14 17:35:22.817406 Echo: November, sending you 5
2024-10-14 17:35:22.829770 Echo: India, sending you 2
2024-10-14 17:35:22.831024 Romeo: Oscar, sending you 6
2024-10-14 17:35:22.835351 Romeo: X-ray, sending you 7
2024-10-14 17:35:22.836556 Oscar: Romeo, sending you 4
2024-10-14 17:35:22.837094 Zulu: November and Echo, sending you 2
2024-10-14 17:35:22.838417 Echo: Sierra, sending you 4
2024-10-14 17:35:22.839622 India: November and Sierra, sending you 1
2024-10-14 17:35:22.840667 November: India, sending you 1
2024-10-14 17:35:22.841984 Sierra: November, sending you 4
2024-10-14 17:35:22.842898 X-ray: Romeo and Oscar, sending you 7
2024-10-14 17:35:22.843888 Victor: November, sending you 1
2024-10-14 17:35:22.844789 Romeo: Mike, sending you 5
2024-10-14 17:35:22.845949 Oscar: X-ray, sending you 5
2024-10-14 17:35:22.846536 Zulu: India and Sierra, sending you 1
2024-10-14 17:35:22.847545 Echo: Zulu and Victor, sending you 3
2024-10-14 17:35:22.848261 India: Echo and Zulu, sending you 2
2024-10-14 17:35:22.849341 November: Echo and Sierra, sending you 4
2024-10-14 17:35:22.850136 Mike: Romeo, sending you 4
2024-10-14 17:35:22.851239 Sierra: India and Zulu, sending you 1
2024-10-14 17:35:22.851819 X-ray: Mike, sending you 3
2024-10-14 17:35:22.852817 Victor: India, sending you 6
2024-10-14 17:35:22.853471 Oscar: Mike, sending you 3
2024-10-14 17:35:22.854293 Zulu: Victor, sending you 4
2024-10-14 17:35:22.855067 India: Victor, sending you 5
2024-10-14 17:35:22.856367 November: Zulu and Victor, sending you 2
2024-10-14 17:35:22.857058 Mike: Oscar and X-ray, sending you 3
2024-10-14 17:35:22.858237 Sierra: Echo, sending you 3
2024-10-14 17:35:22.859423 Victor: Echo, sending you 2
2024-10-14 17:35:22.862684 Sierra: Victor, sending you 2
2024-10-14 17:35:22.864070 Victor: Sierra, sending you 3
2024-10-14 17:35:22.867664 Victor: Zulu, sending you 4
chatterbot Romeo submitting transactions
chatterbot Echo submitting transactions
chatterbot Zulu submitting transactions
chatterbot Oscar submitting transactions
chatterbot X-ray submitting transactions
chatterbot Sierra submitting transactions
chatterbot India submitting transactions
chatterbot Victor submitting transactions
chatterbot November submitting transactions
chatterbot Mike submitting transactions
ChatterBot November round 4
ChatterBot Romeo round 4
ChatterBot India round 4
ChatterBot Echo round 4
ChatterBot Oscar round 4
ChatterBot X-ray round 4
ChatterBot Sierra round 4
ChatterBot Zulu round 4
ChatterBot Mike round 4
ChatterBot Victor round 4
2024-10-14 17:35:23.953682 India: November, Sierra and Zulu, sending you 1
2024-10-14 17:35:23.955700 Romeo: Oscar, sending you 6
2024-10-14 17:35:23.956920 India: Echo, sending you 2
2024-10-14 17:35:23.958819 Romeo: X-ray, sending you 7
2024-10-14 17:35:23.960940 India: Victor, sending you 6
2024-10-14 17:35:23.963006 Romeo: Mike, sending you 5
2024-10-14 17:35:23.966672 X-ray: Romeo and Oscar, sending you 7
2024-10-14 17:35:23.967684 Sierra: November, sending you 4
2024-10-14 17:35:23.969870 November: India, Zulu and Victor, sending you 2
2024-10-14 17:35:23.970675 Oscar: Romeo, sending you 4
2024-10-14 17:35:23.970992 Zulu: November, India and Echo, sending you 2
2024-10-14 17:35:23.971375 X-ray: Mike, sending you 3
2024-10-14 17:35:23.972066 Sierra: India and Zulu, sending you 1
2024-10-14 17:35:23.974165 November: Echo, sending you 4
2024-10-14 17:35:23.974622 Zulu: Sierra, sending you 1
2024-10-14 17:35:23.975047 Echo: November and Sierra, sending you 4
2024-10-14 17:35:23.975388 Oscar: X-ray, sending you 5
2024-10-14 17:35:23.976070 Mike: Romeo, sending you 4
2024-10-14 17:35:23.976677 Sierra: Echo, sending you 3
2024-10-14 17:35:23.977901 November: Sierra, sending you 3
2024-10-14 17:35:23.978363 Echo: India, Zulu and Victor, sending you 3
2024-10-14 17:35:23.978861 Mike: Oscar and X-ray, sending you 3
2024-10-14 17:35:23.979673 Zulu: Victor, sending you 3
2024-10-14 17:35:23.980166 Oscar: Mike, sending you 3
2024-10-14 17:35:23.980503 Victor: November, sending you 1
2024-10-14 17:35:23.980987 Sierra: Victor, sending you 2
2024-10-14 17:35:23.984687 Victor: India, sending you 6
2024-10-14 17:35:23.988698 Victor: Echo, sending you 2
2024-10-14 17:35:23.992671 Victor: Sierra, sending you 3
2024-10-14 17:35:23.996672 Victor: Zulu, sending you 4
chatterbot Mike submitting transactions
chatterbot India submitting transactions
chatterbot Oscar submitting transactions
chatterbot Zulu submitting transactions
chatterbot Echo submitting transactions
chatterbot Victor submitting transactions
chatterbot X-ray submitting transactions
chatterbot Romeo submitting transactions
chatterbot Sierra submitting transactions
chatterbot November submitting transactions
ChatterBot November round 5
ChatterBot Romeo round 5
ChatterBot India round 5
ChatterBot Echo round 5
ChatterBot Oscar round 5
ChatterBot X-ray round 5
ChatterBot Sierra round 5
ChatterBot Zulu round 5
ChatterBot Mike round 5
ChatterBot Victor round 5
2024-10-14 17:35:25.204724 November: India, Zulu and Victor, sending you 2
2024-10-14 17:35:25.209673 November: Echo, sending you 4
2024-10-14 17:35:25.210680 Romeo: Oscar, sending you 6
2024-10-14 17:35:25.211034 Echo: November and Sierra, sending you 4
2024-10-14 17:35:25.211466 Oscar: Romeo, sending you 4
2024-10-14 17:35:25.211786 X-ray: Romeo and Oscar, sending you 7
2024-10-14 17:35:25.213660 Romeo: X-ray, sending you 7
2024-10-14 17:35:25.213932 Echo: India, Zulu and Victor, sending you 3
2024-10-14 17:35:25.214655 Mike: Romeo, sending you 4
2024-10-14 17:35:25.214937 November: Sierra, sending you 3
2024-10-14 17:35:25.216668 Oscar: X-ray, sending you 5
2024-10-14 17:35:25.217438 X-ray: Mike, sending you 3
2024-10-14 17:35:25.217715 Romeo: Mike, sending you 5
2024-10-14 17:35:25.218695 India: November, Sierra and Zulu, sending you 1
2024-10-14 17:35:25.219115 Mike: Oscar and X-ray, sending you 3
2024-10-14 17:35:25.220667 Zulu: November, India and Echo, sending you 2
2024-10-14 17:35:25.221698 Oscar: Mike, sending you 3
2024-10-14 17:35:25.222919 Sierra: November, Echo and Victor, sending you 3
2024-10-14 17:35:25.223437 India: Echo, sending you 2
2024-10-14 17:35:25.225685 Zulu: Sierra, sending you 1
2024-10-14 17:35:25.226095 Sierra: India and Zulu, sending you 1
2024-10-14 17:35:25.228658 India: Victor, sending you 6
2024-10-14 17:35:25.229085 Victor: November, sending you 1
2024-10-14 17:35:25.231206 Zulu: Victor, sending you 3
2024-10-14 17:35:25.232684 Victor: India, sending you 6
2024-10-14 17:35:25.237657 Victor: Echo, sending you 3
2024-10-14 17:35:25.241749 Victor: Sierra, sending you 2
2024-10-14 17:35:25.245654 Victor: Zulu, sending you 4
chatterbot India submitting transactions
chatterbot Echo submitting transactions
chatterbot Zulu submitting transactions
chatterbot Mike submitting transactions
chatterbot Romeo submitting transactions
chatterbot Sierra submitting transactions
chatterbot Oscar submitting transactions
chatterbot Victor submitting transactions
chatterbot November submitting transactions
chatterbot X-ray submitting transactions
ChatterBot November round 6
ChatterBot Romeo round 6
ChatterBot India round 6
ChatterBot Echo round 6
ChatterBot Oscar round 6
ChatterBot X-ray round 6
ChatterBot Sierra round 6
ChatterBot Zulu round 6
ChatterBot Mike round 6
ChatterBot Victor round 6
2024-10-14 17:35:26.389681 November: India, Zulu and Victor, sending you 2
2024-10-14 17:35:26.395684 November: Echo, sending you 4
2024-10-14 17:35:26.398659 Sierra: November, sending you 4
2024-10-14 17:35:26.399211 November: Sierra, sending you 3
2024-10-14 17:35:26.399968 Oscar: Romeo, sending you 4
2024-10-14 17:35:26.400292 Zulu: November, India and Echo, sending you 2
2024-10-14 17:35:26.402719 Sierra: India and Zulu, sending you 1
2024-10-14 17:35:26.403322 Oscar: X-ray, sending you 5
2024-10-14 17:35:26.403720 X-ray: Romeo and Oscar, sending you 7
2024-10-14 17:35:26.405676 Zulu: Sierra, sending you 1
2024-10-14 17:35:26.406379 Romeo: Oscar, sending you 6
2024-10-14 17:35:26.407085 Sierra: Echo, sending you 3
2024-10-14 17:35:26.407783 Oscar: Mike, sending you 3
2024-10-14 17:35:26.408231 India: November and Sierra, sending you 1
2024-10-14 17:35:26.408919 Mike: Romeo, sending you 4
2024-10-14 17:35:26.409371 X-ray: Mike, sending you 3
2024-10-14 17:35:26.409835 Echo: November and Sierra, sending you 4
2024-10-14 17:35:26.410517 Victor: November, sending you 2
2024-10-14 17:35:26.411211 Zulu: Victor, sending you 3
2024-10-14 17:35:26.411887 Romeo: X-ray, sending you 7
2024-10-14 17:35:26.412324 Sierra: Victor, sending you 2
2024-10-14 17:35:26.413007 Mike: Oscar and X-ray, sending you 3
2024-10-14 17:35:26.413472 India: Echo and Zulu, sending you 2
2024-10-14 17:35:26.414198 Echo: India, Zulu and Victor, sending you 3
2024-10-14 17:35:26.414981 Victor: India, sending you 5
2024-10-14 17:35:26.415456 Romeo: Mike, sending you 5
2024-10-14 17:35:26.417688 Victor: Echo, Sierra and Zulu, sending you 3
2024-10-14 17:35:26.418662 India: Victor, sending you 5
chatterbot November submitting transactions
chatterbot Sierra submitting transactions
chatterbot Zulu submitting transactions
chatterbot X-ray submitting transactions
chatterbot Oscar submitting transactions
chatterbot Mike submitting transactions
chatterbot Victor submitting transactions
chatterbot India submitting transactions
chatterbot Echo submitting transactions
chatterbot Romeo submitting transactions
ChatterBot November round 7
ChatterBot Romeo round 7
ChatterBot India round 7
ChatterBot Echo round 7
ChatterBot Oscar round 7
ChatterBot X-ray round 7
ChatterBot Sierra round 7
ChatterBot Zulu round 7
ChatterBot Mike round 7
ChatterBot Victor round 7
2024-10-14 17:35:27.627688 India: November and Sierra, sending you 1
2024-10-14 17:35:27.631697 India: Echo and Zulu, sending you 2
2024-10-14 17:35:27.634657 Oscar: Romeo, sending you 4
2024-10-14 17:35:27.635700 Echo: November and Sierra, sending you 4
2024-10-14 17:35:27.636998 India: Victor, sending you 5
2024-10-14 17:35:27.638671 X-ray: Romeo, sending you 7
2024-10-14 17:35:27.640242 Oscar: X-ray, sending you 5
2024-10-14 17:35:27.640679 Sierra: November, Echo and Victor, sending you 3
2024-10-14 17:35:27.641694 Echo: India, Zulu and Victor, sending you 3
2024-10-14 17:35:27.642888 November: India, Zulu and Victor, sending you 2
2024-10-14 17:35:27.644675 Romeo: Oscar, sending you 6
2024-10-14 17:35:27.645786 X-ray: Oscar, sending you 6
2024-10-14 17:35:27.646879 Sierra: India and Zulu, sending you 1
2024-10-14 17:35:27.647798 Oscar: Mike, sending you 3
2024-10-14 17:35:27.648390 November: Echo, sending you 4
2024-10-14 17:35:27.649835 Victor: November, sending you 2
2024-10-14 17:35:27.650859 Zulu: November, India and Echo, sending you 2
2024-10-14 17:35:27.651880 Romeo: X-ray, sending you 7
2024-10-14 17:35:27.652464 Mike: Romeo, sending you 4
2024-10-14 17:35:27.653622 X-ray: Mike, sending you 4
2024-10-14 17:35:27.654268 November: Sierra, sending you 3
2024-10-14 17:35:27.655297 Victor: India, sending you 5
2024-10-14 17:35:27.656854 Romeo: Mike, sending you 5
2024-10-14 17:35:27.657568 Zulu: Sierra, sending you 1
2024-10-14 17:35:27.658670 Mike: Oscar and X-ray, sending you 3
2024-10-14 17:35:27.660673 Victor: Echo, Sierra and Zulu, sending you 3
2024-10-14 17:35:27.662700 Zulu: Victor, sending you 3
chatterbot Oscar submitting transactions
chatterbot November submitting transactions
chatterbot Mike submitting transactions
chatterbot Victor submitting transactions
chatterbot Echo submitting transactions
chatterbot Sierra submitting transactions
chatterbot Romeo submitting transactions
chatterbot X-ray submitting transactions
chatterbot India submitting transactions
chatterbot Zulu submitting transactions
ChatterBot November round 8
ChatterBot Romeo round 8
ChatterBot India round 8
ChatterBot Echo round 8
ChatterBot Oscar round 8
ChatterBot X-ray round 8
ChatterBot Sierra round 8
ChatterBot Zulu round 8
ChatterBot Mike round 8
ChatterBot Victor round 8
2024-10-14 17:35:28.887673 November: India, Zulu and Victor, sending you 2
2024-10-14 17:35:28.889041 India: November, Echo and Zulu, sending you 2
2024-10-14 17:35:28.892680 India: Victor, sending you 5
2024-10-14 17:35:28.893709 November: Echo, sending you 4
2024-10-14 17:35:28.896983 Romeo: Oscar, sending you 6
2024-10-14 17:35:28.897449 X-ray: Romeo, sending you 7
2024-10-14 17:35:28.897886 Sierra: November, Echo and Victor, sending you 3
2024-10-14 17:35:28.899221 Victor: India, sending you 1
2024-10-14 17:35:28.900250 November: Sierra, sending you 3
2024-10-14 17:35:28.901060 X-ray: Oscar, sending you 6
2024-10-14 17:35:28.902162 Romeo: X-ray, sending you 7
2024-10-14 17:35:28.902718 Oscar: Romeo, sending you 4
2024-10-14 17:35:28.903473 Sierra: India and Zulu, sending you 1
2024-10-14 17:35:28.905100 Mike: Romeo, sending you 4
2024-10-14 17:35:28.906687 X-ray: Mike, sending you 4
2024-10-14 17:35:28.907258 Romeo: Mike, sending you 5
2024-10-14 17:35:28.907710 Oscar: X-ray, sending you 5
2024-10-14 17:35:28.908870 Mike: Oscar and X-ray, sending you 3
2024-10-14 17:35:28.909683 Echo: November and Sierra, sending you 4
2024-10-14 17:35:28.911499 Zulu: November, India and Echo, sending you 2
2024-10-14 17:35:28.913687 Oscar: Mike, sending you 3
2024-10-14 17:35:28.914311 Echo: India, Zulu and Victor, sending you 3
2024-10-14 17:35:28.916681 Zulu: Sierra, sending you 1
2024-10-14 17:35:28.921945 Zulu: Victor, sending you 3
chatterbot India submitting transactions
chatterbot Mike submitting transactions
chatterbot November submitting transactions
chatterbot Zulu submitting transactions
chatterbot Romeo submitting transactions
chatterbot X-ray submitting transactions
chatterbot Echo submitting transactions
chatterbot Oscar submitting transactions
chatterbot Victor submitting transactions
chatterbot Sierra submitting transactions
ChatterBot November round 9
ChatterBot Romeo round 9
ChatterBot India round 9
ChatterBot Echo round 9
ChatterBot Oscar round 9
ChatterBot X-ray round 9
ChatterBot Sierra round 9
ChatterBot Zulu round 9
ChatterBot Mike round 9
ChatterBot Victor round 9
2024-10-14 17:35:30.117212 Romeo: Group up?
2024-10-14 17:35:30.129777 India: No
2024-10-14 17:35:30.129939 Zulu: No
2024-10-14 17:35:30.130061 Victor: No
2024-10-14 17:35:30.186659 November: India, Zulu and Victor, sending you 2
2024-10-14 17:35:30.191679 Mike: I was attacked by Victor
ChatterBot Romeo reevaluating
ChatterBot Oscar reevaluating
ChatterBot X-ray reevaluating
2024-10-14 17:35:30.202654 Mike: I'm keeping this round to protect myself
2024-10-14 17:35:30.203713 Mike: Ow
2024-10-14 17:35:30.204099 November: Echo, sending you 4
2024-10-14 17:35:30.207677 November: Sierra, sending you 3
2024-10-14 17:35:30.208462 Echo: November and Sierra, sending you 4
2024-10-14 17:35:30.209102 Sierra: November, sending you 3
2024-10-14 17:35:30.210137 Victor: India, sending you 1
2024-10-14 17:35:30.210891 India: November, Echo and Zulu, sending you 2
2024-10-14 17:35:30.211445 Zulu: November, Echo and Victor, sending you 1
2024-10-14 17:35:30.212115 Echo: India, Zulu and Victor, sending you 3
2024-10-14 17:35:30.214656 Sierra: India and Zulu, sending you 1
2024-10-14 17:35:30.215439 India: Sierra, sending you 1
2024-10-14 17:35:30.217677 Sierra: Echo, sending you 4
2024-10-14 17:35:30.219692 India: Victor, sending you 4
2024-10-14 17:35:30.221731 Sierra: Victor, sending you 2
2024-10-14 17:35:30.225954 Romeo: Oscar, sending you 6
2024-10-14 17:35:30.229683 Romeo: X-ray, sending you 7
2024-10-14 17:35:30.234663 Romeo: Mike, sending you 5
chatterbot Sierra submitting transactions
chatterbot Echo submitting transactions
chatterbot India submitting transactions
chatterbot Mike submitting transactions
chatterbot X-ray submitting transactions
chatterbot Victor submitting transactions
chatterbot Romeo submitting transactions
chatterbot Zulu submitting transactions
chatterbot November submitting transactions
chatterbot Oscar submitting transactions
ChatterBot November round 10
ChatterBot Romeo round 10
ChatterBot India round 10
ChatterBot Echo round 10
ChatterBot Oscar round 10
ChatterBot X-ray round 10
ChatterBot Sierra round 10
ChatterBot Zulu round 10
ChatterBot Mike round 10
ChatterBot Victor round 10
2024-10-14 17:35:31.443681 Romeo: Oscar, sending you 5
2024-10-14 17:35:31.447668 Romeo: X-ray, sending you 6
2024-10-14 17:35:31.449710 Zulu: Sending you each 2
2024-10-14 17:35:31.452691 Romeo: Mike, sending you 4
2024-10-14 17:35:31.453686 X-ray: I was attacked by Zulu and Victor
ChatterBot Romeo reevaluating
ChatterBot Oscar reevaluating
ChatterBot Mike reevaluating
2024-10-14 17:35:31.466353 X-ray: I'm keeping this round to protect myself
2024-10-14 17:35:31.467683 X-ray: Ow
2024-10-14 17:35:31.468102 Sierra: November, sending you 3
2024-10-14 17:35:31.469009 November: India, Zulu and Victor, sending you 1
2024-10-14 17:35:31.469838 India: November and Zulu, sending you 2
2024-10-14 17:35:31.471121 Echo: November and Sierra, sending you 4
2024-10-14 17:35:31.471808 Victor: November, sending you 2
2024-10-14 17:35:31.472530 Sierra: India and Zulu, sending you 1
2024-10-14 17:35:31.473906 November: Echo and Sierra, sending you 2
2024-10-14 17:35:31.475090 November: I was attacked by X-ray
2024-10-14 17:35:31.502930 November: Ow
2024-10-14 17:35:31.503267 India: Echo, sending you 3
2024-10-14 17:35:31.503987 Echo: India, Zulu and Victor, sending you 3
2024-10-14 17:35:31.505583 Victor: India, sending you 5
2024-10-14 17:35:31.506389 Sierra: Echo, sending you 4
2024-10-14 17:35:31.507183 India: Victor, sending you 4
2024-10-14 17:35:31.509681 Victor: Echo, Sierra and Zulu, sending you 3
2024-10-14 17:35:31.510396 Sierra: Victor, sending you 2
2024-10-14 17:35:31.521692 Mike: Romeo, sending you 4
2024-10-14 17:35:31.524678 Mike: Oscar and X-ray, sending you 3
2024-10-14 17:35:31.526680 Romeo: Oscar, sending you 6
2024-10-14 17:35:31.530673 Romeo: X-ray, sending you 7
2024-10-14 17:35:31.535736 Romeo: Mike, sending you 5
chatterbot X-ray submitting transactions
chatterbot Oscar submitting transactions
chatterbot Romeo submitting transactions
chatterbot Mike submitting transactions
chatterbot India submitting transactions
chatterbot Echo submitting transactions
chatterbot Sierra submitting transactions
chatterbot November submitting transactions
chatterbot Victor submitting transactions
chatterbot Zulu submitting transactions
ChatterBot November round 11
ChatterBot Romeo round 11
ChatterBot India round 11
ChatterBot Echo round 11
ChatterBot Oscar round 11
ChatterBot X-ray round 11
ChatterBot Sierra round 11
ChatterBot Zulu round 11
ChatterBot Mike round 11
ChatterBot Victor round 11
2024-10-14 17:35:32.729663 November: India, Echo, Sierra and Zulu, sending you 2
2024-10-14 17:35:32.732679 November: Victor, sending you 1
2024-10-14 17:35:32.742690 Echo: November and Sierra, sending you 4
2024-10-14 17:35:32.744516 India: November and Sierra, sending you 1
2024-10-14 17:35:32.745878 Romeo: Oscar, sending you 6
2024-10-14 17:35:32.746670 Sierra: November and Victor, sending you 3
2024-10-14 17:35:32.747279 Echo: India, Zulu and Victor, sending you 3
2024-10-14 17:35:32.748493 Victor: November, sending you 2
2024-10-14 17:35:32.749136 India: Echo and Zulu, sending you 2
2024-10-14 17:35:32.749650 Romeo: X-ray and Mike, sending you 5
2024-10-14 17:35:32.750074 Sierra: Echo, sending you 4
2024-10-14 17:35:32.751665 Victor: India, sending you 5
2024-10-14 17:35:32.752542 Mike: Romeo, sending you 4
2024-10-14 17:35:32.754659 India: Victor, sending you 5
2024-10-14 17:35:32.755642 Zulu: Same as last round
2024-10-14 17:35:32.756473 Sierra: Zulu, sending you 1
2024-10-14 17:35:32.757236 Mike: Oscar and X-ray, sending you 3
2024-10-14 17:35:32.757632 Victor: Echo, Sierra and Zulu, sending you 3
chatterbot Sierra submitting transactions
chatterbot India submitting transactions
chatterbot Mike submitting transactions
chatterbot Oscar submitting transactions
chatterbot Zulu submitting transactions
chatterbot November submitting transactions
chatterbot Echo submitting transactions
chatterbot Romeo submitting transactions
chatterbot X-ray submitting transactions
chatterbot Victor submitting transactions
ChatterBot November round 12
ChatterBot Romeo round 12
ChatterBot India round 12
ChatterBot Echo round 12
ChatterBot Oscar round 12
ChatterBot X-ray round 12
ChatterBot Sierra round 12
ChatterBot Zulu round 12
ChatterBot Mike round 12
ChatterBot Victor round 12
2024-10-14 17:35:34.012691 Zulu: Same as last round
2024-10-14 17:35:34.015595 Zulu: I was attacked by Romeo
ChatterBot Echo reevaluating
ChatterBot November reevaluating
ChatterBot Sierra reevaluating
ChatterBot India reevaluating
ChatterBot Victor reevaluating
2024-10-14 17:35:34.036296 Zulu: Ow
2024-10-14 17:35:34.038171 X-ray: Romeo and Oscar, sending you 6
2024-10-14 17:35:34.041703 X-ray: Mike, sending you 3
2024-10-14 17:35:34.042732 Romeo: Oscar, sending you 6
2024-10-14 17:35:34.044201 Mike: Romeo, sending you 4
2024-10-14 17:35:34.047185 Romeo: X-ray and Mike, sending you 4
2024-10-14 17:35:34.048670 Mike: Oscar and X-ray, sending you 3
2024-10-14 17:35:34.050672 India: November, Echo and Zulu, sending you 2
2024-10-14 17:35:34.056674 India: Victor, sending you 5
2024-10-14 17:35:34.061696 Sierra: November, sending you 2
2024-10-14 17:35:34.065917 Victor: November, sending you 2
2024-10-14 17:35:34.068882 Sierra: India and Zulu, sending you 1
2024-10-14 17:35:34.072218 Echo: November and Sierra, sending you 4
2024-10-14 17:35:34.076506 Victor: India, sending you 5
2024-10-14 17:35:34.079427 Sierra: Echo, sending you 4
2024-10-14 17:35:34.081971 Echo: India, Zulu and Victor, sending you 3
2024-10-14 17:35:34.084418 Victor: Echo, Sierra and Zulu, sending you 3
2024-10-14 17:35:34.086855 Sierra: Victor, sending you 3
chatterbot Romeo submitting transactions
chatterbot November submitting transactions
chatterbot Sierra submitting transactions
chatterbot Echo submitting transactions
chatterbot Zulu submitting transactions
chatterbot India submitting transactions
chatterbot Oscar submitting transactions
chatterbot X-ray submitting transactions
chatterbot Victor submitting transactions
chatterbot Mike submitting transactions
ChatterBot November round 13
ChatterBot Romeo round 13
ChatterBot India round 13
ChatterBot Echo round 13
ChatterBot Oscar round 13
ChatterBot X-ray round 13
ChatterBot Sierra round 13
ChatterBot Zulu round 13
ChatterBot Mike round 13
ChatterBot Victor round 13
2024-10-14 17:35:35.201674 Echo: November, India, Zulu and Victor, sending you 3
2024-10-14 17:35:35.203245 Romeo: Oscar, sending you 4
2024-10-14 17:35:35.203851 India: November, Echo and Zulu, sending you 2
2024-10-14 17:35:35.205974 Echo: Sierra, sending you 5
2024-10-14 17:35:35.206993 India: Sierra, sending you 1
2024-10-14 17:35:35.207917 Romeo: X-ray and Mike, sending you 3
2024-10-14 17:35:35.211649 India: Victor, sending you 4
2024-10-14 17:35:35.215679 X-ray: Romeo, sending you 7
2024-10-14 17:35:35.216673 Mike: Romeo, sending you 4
2024-10-14 17:35:35.219656 Sierra: November, Echo and Victor, sending you 3
2024-10-14 17:35:35.220970 X-ray: Oscar, sending you 6
2024-10-14 17:35:35.221328 Mike: Oscar and X-ray, sending you 3
2024-10-14 17:35:35.221656 Victor: India, sending you 1
2024-10-14 17:35:35.224658 Sierra: Zulu, sending you 2
2024-10-14 17:35:35.225371 X-ray: Mike, sending you 4
2024-10-14 17:35:35.225767 Zulu: India, Echo and Victor, sending you 1
2024-10-14 17:35:35.226463 Zulu: I was attacked by Romeo
ChatterBot Echo reevaluating
ChatterBot November reevaluating
ChatterBot Sierra reevaluating
ChatterBot India reevaluating
ChatterBot Victor reevaluating
2024-10-14 17:35:35.244529 Zulu: Ow
chatterbot Sierra submitting transactions
chatterbot X-ray submitting transactions
chatterbot Romeo submitting transactions
chatterbot India submitting transactions
chatterbot Oscar submitting transactions
chatterbot Victor submitting transactions
chatterbot Echo submitting transactions
chatterbot Zulu submitting transactions
chatterbot November submitting transactions
chatterbot Mike submitting transactions
ChatterBot November round 14
ChatterBot Romeo round 14
ChatterBot India round 14
ChatterBot Echo round 14
ChatterBot Oscar round 14
ChatterBot X-ray round 14
ChatterBot Sierra round 14
ChatterBot Zulu round 14
ChatterBot Mike round 14
ChatterBot Victor round 14
2024-10-14 17:35:36.357729 Romeo: I was attacked by Victor
ChatterBot Oscar reevaluating
ChatterBot X-ray reevaluating
ChatterBot Mike reevaluating
2024-10-14 17:35:36.372354 Romeo: Ow
2024-10-14 17:35:36.373506 Victor: November, sending you 2
2024-10-14 17:35:36.375437 Sierra: November, sending you 3
2024-10-14 17:35:36.376544 Zulu: I was attacked by Romeo
ChatterBot Echo reevaluating
ChatterBot November reevaluating
ChatterBot Sierra reevaluating
ChatterBot India reevaluating
ChatterBot Victor reevaluating
2024-10-14 17:35:36.399549 Zulu: I'm keeping this round to protect myself
2024-10-14 17:35:36.401380 Zulu: Ow
2024-10-14 17:35:36.413676 Mike: Romeo, sending you 4
2024-10-14 17:35:36.418682 Mike: Oscar and X-ray, sending you 3
2024-10-14 17:35:36.423680 X-ray: Romeo, sending you 7
2024-10-14 17:35:36.426652 X-ray: Oscar, sending you 6
2024-10-14 17:35:36.430668 X-ray: Mike, sending you 4
chatterbot Mike submitting transactions
chatterbot Echo submitting transactions
chatterbot November submitting transactions
chatterbot Oscar submitting transactions
chatterbot Victor submitting transactions
chatterbot Romeo submitting transactions
chatterbot Sierra submitting transactions
chatterbot Zulu submitting transactions
chatterbot X-ray submitting transactions
chatterbot India submitting transactions
ChatterBot November round 15
ChatterBot Romeo round 15
ChatterBot India round 15
ChatterBot Echo round 15
ChatterBot Oscar round 15
ChatterBot X-ray round 15
ChatterBot Sierra round 15
ChatterBot Zulu round 15
ChatterBot Mike round 15
ChatterBot Victor round 15
2024-10-14 17:35:37.428664 X-ray: Romeo and Mike, sending you 5
2024-10-14 17:35:37.434676 X-ray: Oscar, sending you 7
2024-10-14 17:35:37.436022 Zulu: I was attacked by Romeo
ChatterBot Echo reevaluating
ChatterBot November reevaluating
ChatterBot Sierra reevaluating
ChatterBot India reevaluating
ChatterBot Victor reevaluating
2024-10-14 17:35:37.457186 Zulu: I'm keeping this round to protect myself
2024-10-14 17:35:37.460013 Zulu: Ow
2024-10-14 17:35:37.460450 Mike: Romeo and X-ray, sending you 3
2024-10-14 17:35:37.465810 Mike: Oscar, sending you 4
chatterbot Oscar submitting transactions
chatterbot Zulu submitting transactions
chatterbot Echo submitting transactions
chatterbot November submitting transactions
chatterbot Victor submitting transactions
chatterbot India submitting transactions
chatterbot Mike submitting transactions
chatterbot Romeo submitting transactions
chatterbot X-ray submitting transactions
chatterbot Sierra submitting transactions
ChatterBot November round 16
ChatterBot Romeo round 16
ChatterBot India round 16
ChatterBot Echo round 16
ChatterBot Oscar round 16
ChatterBot X-ray round 16
ChatterBot Sierra round 16
ChatterBot Zulu round 16
ChatterBot Mike round 16
ChatterBot Victor round 16
2024-10-14 17:35:38.748776 Romeo: I was attacked by Victor
ChatterBot Oscar reevaluating
ChatterBot X-ray reevaluating
ChatterBot Mike reevaluating
2024-10-14 17:35:38.761180 Romeo: I'm keeping this round to protect myself
2024-10-14 17:35:38.762511 Romeo: Ow
2024-10-14 17:35:38.777665 Zulu: November, India, Echo, Sierra and Victor, sending you 2
2024-10-14 17:35:38.781656 X-ray: Romeo, sending you 4
2024-10-14 17:35:38.786970 X-ray: Oscar, sending you 8
2024-10-14 17:35:38.789678 X-ray: Mike, sending you 5
2024-10-14 17:35:38.792679 Mike: Romeo and X-ray, sending you 3
2024-10-14 17:35:38.796655 Mike: Oscar, sending you 4
chatterbot India submitting transactions
chatterbot Zulu submitting transactions
chatterbot Echo submitting transactions
chatterbot Victor submitting transactions
chatterbot Sierra submitting transactions
chatterbot November submitting transactions
chatterbot Oscar submitting transactions
chatterbot X-ray submitting transactions
chatterbot Romeo submitting transactions
chatterbot Mike submitting transactions
ChatterBot November round 17
ChatterBot Romeo round 17
ChatterBot India round 17
ChatterBot Echo round 17
ChatterBot Oscar round 17
ChatterBot X-ray round 17
ChatterBot Sierra round 17
ChatterBot Zulu round 17
ChatterBot Mike round 17
ChatterBot Victor round 17
2024-10-14 17:35:40.079481 November: We should drop Zulu
ChatterBot India reevaluating
ChatterBot Echo reevaluating
ChatterBot Sierra reevaluating
ChatterBot Victor reevaluating
2024-10-14 17:35:40.099084 India: No
2024-10-14 17:35:40.099595 Echo: No
2024-10-14 17:35:40.099772 Sierra: Yes
2024-10-14 17:35:40.099919 Victor: No
ChatterBot November reevaluating
ChatterBot Echo reevaluating
ChatterBot Sierra reevaluating
ChatterBot Victor reevaluating
ChatterBot November reevaluating
ChatterBot India reevaluating
ChatterBot Sierra reevaluating
ChatterBot Victor reevaluating
ChatterBot November reevaluating
ChatterBot India reevaluating
ChatterBot Echo reevaluating
ChatterBot Victor reevaluating
ChatterBot November reevaluating
ChatterBot India reevaluating
ChatterBot Echo reevaluating
ChatterBot Sierra reevaluating
2024-10-14 17:35:40.170681 Mike: Romeo and X-ray, sending you 3
2024-10-14 17:35:40.175583 Mike: Oscar, sending you 4
2024-10-14 17:35:40.176535 X-ray: Romeo, sending you 4
2024-10-14 17:35:40.177467 Zulu: Same as last round
2024-10-14 17:35:40.179684 X-ray: Oscar, sending you 8
2024-10-14 17:35:40.184692 X-ray: Mike, sending you 5
chatterbot X-ray submitting transactions
chatterbot Victor submitting transactions
chatterbot Mike submitting transactions
chatterbot India submitting transactions
chatterbot Echo submitting transactions
chatterbot Sierra submitting transactions
chatterbot Zulu submitting transactions
