ChatterBot India round 1
ChatterBot Mike round 1
ChatterBot Victor round 1
ChatterBot Papa round 1
ChatterBot X-ray round 1
ChatterBot Romeo round 1
ChatterBot Golf round 1
ChatterBot Charlie round 1
ChatterBot Quebec round 1
ChatterBot Echo round 1
randomSelections X-ray: {X-ray, Quebec, Mike, Charlie, Echo, Papa} 
2024-10-14 17:35:19.483292 X-ray: Group up?
ChatterBot Quebec reevaluating
ChatterBot Mike reevaluating
ChatterBot Charlie reevaluating
ChatterBot Echo reevaluating
ChatterBot Papa reevaluating
2024-10-14 17:35:19.495383 Quebec: Yes
2024-10-14 17:35:19.495527 Mike: Yes
2024-10-14 17:35:19.495648 Charlie: Yes
2024-10-14 17:35:19.496164 Echo: Yes
2024-10-14 17:35:19.496277 Papa: Yes
ChatterBot Mike reevaluating
ChatterBot Charlie reevaluating
ChatterBot Echo reevaluating
ChatterBot Papa reevaluating
ChatterBot Quebec reevaluating
ChatterBot Charlie reevaluating
ChatterBot Echo reevaluating
ChatterBot Papa reevaluating
ChatterBot Quebec reevaluating
ChatterBot Mike reevaluating
ChatterBot Echo reevaluating
ChatterBot Papa reevaluating
ChatterBot Quebec reevaluating
ChatterBot Mike reevaluating
ChatterBot Charlie reevaluating
ChatterBot Papa reevaluating
ChatterBot Quebec reevaluating
ChatterBot Mike reevaluating
ChatterBot Charlie reevaluating
ChatterBot Echo reevaluating
randomSelections Victor: {Victor, Charlie, X-ray, Quebec} 
2024-10-14 17:35:19.540249 Victor: Friends?
ChatterBot Charlie reevaluating
ChatterBot Quebec reevaluating
2024-10-14 17:35:19.546540 Charlie: No
2024-10-14 17:35:19.546717 X-ray: No
2024-10-14 17:35:19.546883 Quebec: No
ChatterBot Quebec reevaluating
ChatterBot Charlie reevaluating
ChatterBot Quebec reevaluating
ChatterBot Charlie reevaluating
randomSelections Golf: {Golf, Quebec, India, Charlie} 
2024-10-14 17:35:19.571738 Golf: Can we be friends?
ChatterBot Quebec reevaluating
ChatterBot India reevaluating
ChatterBot Charlie reevaluating
2024-10-14 17:35:19.577156 Quebec: No
2024-10-14 17:35:19.577308 India: Yes
2024-10-14 17:35:19.578025 Charlie: No
ChatterBot India reevaluating
ChatterBot Charlie reevaluating
ChatterBot Quebec reevaluating
ChatterBot Charlie reevaluating
ChatterBot Quebec reevaluating
ChatterBot India reevaluating
randomSelections Romeo: {Romeo, Quebec, X-ray, Echo, India} 
2024-10-14 17:35:19.598699 Romeo: Group up?
ChatterBot Quebec reevaluating
ChatterBot Echo reevaluating
ChatterBot India reevaluating
2024-10-14 17:35:19.605217 Quebec: No
2024-10-14 17:35:19.605367 X-ray: No
2024-10-14 17:35:19.605512 Echo: No
2024-10-14 17:35:19.605682 India: No
ChatterBot Echo reevaluating
ChatterBot India reevaluating
ChatterBot Quebec reevaluating
ChatterBot Echo reevaluating
ChatterBot India reevaluating
ChatterBot Quebec reevaluating
ChatterBot India reevaluating
ChatterBot Quebec reevaluating
ChatterBot Echo reevaluating
2024-10-14 17:35:19.648212 Papa: Mike, sending you 6
2024-10-14 17:35:19.649937 Romeo: India, sending you 3
2024-10-14 17:35:19.650703 Golf: India, sending you 2
2024-10-14 17:35:19.651859 Papa: X-ray, sending you 3
2024-10-14 17:35:19.654041 X-ray: Mike, sending you 1
2024-10-14 17:35:19.654342 Golf: Charlie, sending you 5
2024-10-14 17:35:19.655243 Romeo: X-ray, sending you 2
2024-10-14 17:35:19.657259 Mike: Papa and Echo, sending you 2
2024-10-14 17:35:19.657610 Quebec: Mike and Echo, sending you 3
2024-10-14 17:35:19.658556 Papa: Charlie, sending you 4
2024-10-14 17:35:19.658875 X-ray: Papa and Echo, sending you 2
2024-10-14 17:35:19.659278 India: Golf, sending you 6
2024-10-14 17:35:19.659540 Golf: Quebec, sending you 6
2024-10-14 17:35:19.660499 Romeo: Quebec, sending you 1
2024-10-14 17:35:19.660835 Victor: X-ray, sending you 8
2024-10-14 17:35:19.661113 Charlie: Mike and X-ray, sending you 5
2024-10-14 17:35:19.661957 Quebec: Papa and Charlie, sending you 2
2024-10-14 17:35:19.662303 Mike: X-ray, sending you 5
2024-10-14 17:35:19.662533 Papa: Quebec, sending you 2
2024-10-14 17:35:19.662808 India: Charlie, sending you 3
2024-10-14 17:35:19.667252 X-ray: Charlie and Quebec, sending you 3
2024-10-14 17:35:19.667683 Echo: Mike, sending you 4
2024-10-14 17:35:19.668659 Romeo: Echo, sending you 4
2024-10-14 17:35:19.669009 Victor: Charlie, sending you 3
2024-10-14 17:35:19.669358 Quebec: X-ray, sending you 1
2024-10-14 17:35:19.670379 Charlie: Papa and Quebec, sending you 2
2024-10-14 17:35:19.670739 Mike: Charlie, sending you 3
2024-10-14 17:35:19.671109 Papa: Echo, sending you 1
2024-10-14 17:35:19.672074 India: Quebec, sending you 7
2024-10-14 17:35:19.681513 Victor: Quebec, sending you 6
2024-10-14 17:35:19.682273 Echo: Papa, Charlie and Quebec, sending you 2
2024-10-14 17:35:19.682595 Mike: Quebec, sending you 1
2024-10-14 17:35:19.682914 Charlie: Echo, sending you 3
chatterbot Romeo submitting transactions
chatterbot Charlie submitting transactions
chatterbot India submitting transactions
chatterbot Echo submitting transactions
chatterbot Mike submitting transactions
chatterbot Victor submitting transactions
chatterbot Golf submitting transactions
chatterbot Quebec submitting transactions
chatterbot X-ray submitting transactions
chatterbot Papa submitting transactions
ChatterBot India round 2
ChatterBot Mike round 2
ChatterBot Victor round 2
ChatterBot Papa round 2
ChatterBot X-ray round 2
ChatterBot Romeo round 2
2024-10-14 17:35:21.198398 India: We should replace Charlie with Romeo
ChatterBot Golf reevaluating
ChatterBot Quebec reevaluating
2024-10-14 17:35:21.220536 Golf: No
2024-10-14 17:35:21.221238 Quebec: No
ChatterBot Quebec reevaluating
ChatterBot Golf reevaluating
2024-10-14 17:35:21.270140 Quebec: We would work well together
ChatterBot Victor reevaluating
2024-10-14 17:35:21.276589 Victor: Yes
ChatterBot Quebec reevaluating
2024-10-14 17:35:21.297279 Victor: Group up?
ChatterBot Mike reevaluating
ChatterBot Papa reevaluating
ChatterBot X-ray reevaluating
ChatterBot Charlie reevaluating
ChatterBot Quebec reevaluating
ChatterBot Echo reevaluating
2024-10-14 17:35:21.356135 Mike: No
2024-10-14 17:35:21.356330 Papa: Yes
2024-10-14 17:35:21.356495 X-ray: Yes
2024-10-14 17:35:21.356602 Charlie: No
2024-10-14 17:35:21.356718 Quebec: No
2024-10-14 17:35:21.356828 Echo: No
ChatterBot Victor reevaluating
ChatterBot Papa reevaluating
ChatterBot X-ray reevaluating
ChatterBot Charlie reevaluating
ChatterBot Quebec reevaluating
ChatterBot Echo reevaluating
ChatterBot Victor reevaluating
ChatterBot Mike reevaluating
ChatterBot X-ray reevaluating
ChatterBot Charlie reevaluating
ChatterBot Quebec reevaluating
ChatterBot Echo reevaluating
ChatterBot Victor reevaluating
ChatterBot Mike reevaluating
ChatterBot Papa reevaluating
ChatterBot Charlie reevaluating
ChatterBot Quebec reevaluating
ChatterBot Echo reevaluating
ChatterBot Victor reevaluating
ChatterBot Mike reevaluating
ChatterBot Papa reevaluating
ChatterBot X-ray reevaluating
ChatterBot Quebec reevaluating
ChatterBot Echo reevaluating
ChatterBot Victor reevaluating
ChatterBot Mike reevaluating
ChatterBot Papa reevaluating
ChatterBot X-ray reevaluating
ChatterBot Charlie reevaluating
ChatterBot Echo reevaluating
ChatterBot Victor reevaluating
ChatterBot Mike reevaluating
ChatterBot Papa reevaluating
ChatterBot X-ray reevaluating
ChatterBot Charlie reevaluating
ChatterBot Quebec reevaluating
2024-10-14 17:35:21.722025 Papa: We should add Victor
2024-10-14 17:35:21.722382 X-ray: We should add Victor
ChatterBot X-ray reevaluating
ChatterBot Quebec reevaluating
ChatterBot Mike reevaluating
ChatterBot Charlie reevaluating
ChatterBot Echo reevaluating
2024-10-14 17:35:21.784377 X-ray: Yes
2024-10-14 17:35:21.785155 Quebec: No
ChatterBot Quebec reevaluating
2024-10-14 17:35:21.802664 Mike: No
ChatterBot Mike reevaluating
2024-10-14 17:35:21.807195 Charlie: Yes
ChatterBot Charlie reevaluating
2024-10-14 17:35:21.818273 Echo: No
ChatterBot Echo reevaluating
ChatterBot Papa reevaluating
2024-10-14 17:35:21.833154 Quebec: No
2024-10-14 17:35:21.833324 Mike: No
2024-10-14 17:35:21.833493 Charlie: No
2024-10-14 17:35:21.833661 Echo: No
2024-10-14 17:35:21.833810 Papa: Yes
ChatterBot Quebec reevaluating
ChatterBot Mike reevaluating
ChatterBot Charlie reevaluating
ChatterBot Echo reevaluating
ChatterBot Papa reevaluating
ChatterBot X-ray reevaluating
ChatterBot Mike reevaluating
ChatterBot Charlie reevaluating
ChatterBot Echo reevaluating
ChatterBot Papa reevaluating
ChatterBot X-ray reevaluating
ChatterBot Quebec reevaluating
ChatterBot Charlie reevaluating
ChatterBot Echo reevaluating
ChatterBot Papa reevaluating
ChatterBot X-ray reevaluating
ChatterBot Quebec reevaluating
ChatterBot Mike reevaluating
ChatterBot Echo reevaluating
ChatterBot Papa reevaluating
ChatterBot X-ray reevaluating
ChatterBot Quebec reevaluating
ChatterBot Mike reevaluating
ChatterBot Charlie reevaluating
ChatterBot Papa reevaluating
ChatterBot X-ray reevaluating
ChatterBot Mike reevaluating
ChatterBot Charlie reevaluating
ChatterBot Echo reevaluating
ChatterBot Papa reevaluating
ChatterBot X-ray reevaluating
ChatterBot Quebec reevaluating
ChatterBot Charlie reevaluating
ChatterBot Echo reevaluating
ChatterBot Papa reevaluating
ChatterBot X-ray reevaluating
ChatterBot Quebec reevaluating
ChatterBot Mike reevaluating
ChatterBot Echo reevaluating
ChatterBot Papa reevaluating
ChatterBot X-ray reevaluating
ChatterBot Quebec reevaluating
ChatterBot Mike reevaluating
ChatterBot Charlie reevaluating
ChatterBot Papa reevaluating
ChatterBot X-ray reevaluating
ChatterBot Quebec reevaluating
ChatterBot Mike reevaluating
ChatterBot Charlie reevaluating
ChatterBot Echo reevaluating
ChatterBot Golf round 2
ChatterBot Charlie round 2
ChatterBot Quebec round 2
ChatterBot Echo round 2
2024-10-14 17:35:22.324543 Romeo: Group up?
ChatterBot Golf reevaluating
2024-10-14 17:35:22.329786 Golf: Yes
2024-10-14 17:35:22.334809 Golf: We would work well together
ChatterBot Romeo reevaluating
2024-10-14 17:35:22.344897 India: Yes
2024-10-14 17:35:22.345269 Romeo: Yes
ChatterBot Golf reevaluating
ChatterBot Romeo reevaluating
ChatterBot Golf reevaluating
2024-10-14 17:35:22.369846 India: Romeo we want you to join our group
ChatterBot Romeo reevaluating
2024-10-14 17:35:22.375508 Romeo: No
ChatterBot India reevaluating
ChatterBot Golf reevaluating
ChatterBot Quebec reevaluating
2024-10-14 17:35:22.391805 India: Group up?
2024-10-14 17:35:22.392201 Quebec: We should add Victor
ChatterBot Romeo reevaluating
ChatterBot Golf reevaluating
ChatterBot Victor reevaluating
2024-10-14 17:35:22.407126 Romeo: No
2024-10-14 17:35:22.407299 Golf: No
2024-10-14 17:35:22.407456 Victor: No
ChatterBot X-ray reevaluating
ChatterBot Mike reevaluating
ChatterBot Charlie reevaluating
ChatterBot Echo reevaluating
ChatterBot Papa reevaluating
2024-10-14 17:35:22.432578 X-ray: Yes
2024-10-14 17:35:22.433211 Mike: No
2024-10-14 17:35:22.433363 Charlie: Yes
2024-10-14 17:35:22.433495 Echo: Yes
2024-10-14 17:35:22.433643 Papa: No
ChatterBot India reevaluating
ChatterBot Golf reevaluating
ChatterBot Victor reevaluating
ChatterBot India reevaluating
ChatterBot Romeo reevaluating
ChatterBot Victor reevaluating
ChatterBot Quebec reevaluating
ChatterBot Mike reevaluating
ChatterBot Charlie reevaluating
ChatterBot Echo reevaluating
ChatterBot Papa reevaluating
ChatterBot India reevaluating
ChatterBot Romeo reevaluating
ChatterBot Golf reevaluating
ChatterBot X-ray reevaluating
ChatterBot Quebec reevaluating
ChatterBot Charlie reevaluating
ChatterBot Echo reevaluating
ChatterBot Papa reevaluating
ChatterBot X-ray reevaluating
ChatterBot Quebec reevaluating
ChatterBot Mike reevaluating
ChatterBot Echo reevaluating
ChatterBot Papa reevaluating
ChatterBot X-ray reevaluating
ChatterBot Quebec reevaluating
ChatterBot Mike reevaluating
ChatterBot Charlie reevaluating
ChatterBot Papa reevaluating
ChatterBot X-ray reevaluating
ChatterBot Quebec reevaluating
ChatterBot Mike reevaluating
ChatterBot Charlie reevaluating
ChatterBot Echo reevaluating
2024-10-14 17:35:22.602262 Papa: Victor we want you to join our group
ChatterBot Victor reevaluating
2024-10-14 17:35:22.605661 Victor: Yes
2024-10-14 17:35:22.620040 X-ray: Victor we want you to join our group
2024-10-14 17:35:22.622865 Victor: Yes
ChatterBot Mike reevaluating
2024-10-14 17:35:22.637119 Quebec: Victor we want you to join our group
2024-10-14 17:35:22.639720 Victor: Yes
ChatterBot Mike reevaluating
2024-10-14 17:35:22.654521 Echo: Victor we want you to join our group
2024-10-14 17:35:22.657442 Victor: Yes
ChatterBot Mike reevaluating
2024-10-14 17:35:22.672645 Charlie: Victor we want you to join our group
2024-10-14 17:35:22.675726 Victor: Yes
ChatterBot Mike reevaluating
2024-10-14 17:35:22.691832 Romeo: Sending you each 5
2024-10-14 17:35:22.695722 Papa: Mike, sending you 4
2024-10-14 17:35:22.696976 Golf: India, sending you 8
2024-10-14 17:35:22.697319 Victor: Mike, Papa, X-ray, Charlie and Quebec, sending you 3
2024-10-14 17:35:22.698660 Mike: Victor we want you to join our group
2024-10-14 17:35:22.702460 Victor: Yes
ChatterBot Mike reevaluating
2024-10-14 17:35:22.780183 Golf: Romeo, sending you 3
2024-10-14 17:35:22.781011 Papa: Victor, sending you 1
2024-10-14 17:35:22.782493 Victor: Echo, sending you 2
2024-10-14 17:35:22.790474 Papa: X-ray, Charlie, Quebec and Echo, sending you 3
2024-10-14 17:35:22.792033 Charlie: Mike, Victor and X-ray, sending you 3
2024-10-14 17:35:22.793511 Quebec: Mike, Papa, Charlie and Echo, sending you 1
2024-10-14 17:35:22.794507 X-ray: Mike, Papa and Charlie, sending you 2
2024-10-14 17:35:22.795710 Echo: Mike, X-ray, Charlie and Quebec, sending you 2
2024-10-14 17:35:22.797861 Charlie: Papa, sending you 4
2024-10-14 17:35:22.799242 Quebec: Victor, sending you 5
2024-10-14 17:35:22.800047 X-ray: Victor, sending you 4
2024-10-14 17:35:22.801205 Echo: Victor and Papa, sending you 1
2024-10-14 17:35:22.801921 Charlie: Quebec and Echo, sending you 2
2024-10-14 17:35:22.809453 Quebec: X-ray, sending you 2
2024-10-14 17:35:22.811021 X-ray: Quebec, sending you 1
2024-10-14 17:35:22.818542 Mike: Papa, sending you 4
2024-10-14 17:35:22.832422 Mike: X-ray, sending you 1
2024-10-14 17:35:22.836323 Mike: Charlie and Echo, sending you 3
2024-10-14 17:35:22.842571 Mike: Quebec, sending you 2
chatterbot X-ray submitting transactions
chatterbot Papa submitting transactions
chatterbot Quebec submitting transactions
chatterbot Mike submitting transactions
chatterbot Victor submitting transactions
chatterbot India submitting transactions
chatterbot Golf submitting transactions
chatterbot Romeo submitting transactions
chatterbot Charlie submitting transactions
chatterbot Echo submitting transactions
ChatterBot India round 3
ChatterBot Mike round 3
2024-10-14 17:35:23.870819 Mike: We should add Victor
2024-10-14 17:35:23.883230 X-ray: Yes
2024-10-14 17:35:23.883379 Quebec: Yes
2024-10-14 17:35:23.883494 Charlie: Yes
2024-10-14 17:35:23.883636 Echo: Yes
2024-10-14 17:35:23.883744 Papa: Yes
ChatterBot Victor round 3
ChatterBot Papa round 3
ChatterBot X-ray round 3
ChatterBot Romeo round 3
ChatterBot Golf round 3
ChatterBot Charlie round 3
ChatterBot Quebec round 3
ChatterBot Echo round 3
2024-10-14 17:35:23.944079 Mike: Victor we want you to join our group
2024-10-14 17:35:23.947384 Victor: Yes
2024-10-14 17:35:23.991680 Quebec: Victor, sending you 3
2024-10-14 17:35:23.992743 Mike: Victor and X-ray, sending you 1
2024-10-14 17:35:23.996672 Quebec: Papa, X-ray, Charlie and Echo, sending you 2
2024-10-14 17:35:23.997286 X-ray: Mike and Papa, sending you 2
2024-10-14 17:35:23.997738 Mike: Papa, sending you 4
2024-10-14 17:35:23.999761 India: Romeo, sending you 6
2024-10-14 17:35:24.000723 Mike: Charlie, sending you 3
2024-10-14 17:35:24.001915 X-ray: Victor and Charlie, sending you 3
2024-10-14 17:35:24.002391 Romeo: India, sending you 7
2024-10-14 17:35:24.002648 Papa: Mike and Charlie, sending you 4
2024-10-14 17:35:24.003407 Charlie: Mike, Victor and X-ray, sending you 3
2024-10-14 17:35:24.003928 Mike: Quebec and Echo, sending you 2
2024-10-14 17:35:24.005170 India: Golf, sending you 8
2024-10-14 17:35:24.005543 Golf: India, sending you 8
2024-10-14 17:35:24.005859 X-ray: Quebec, sending you 1
2024-10-14 17:35:24.006365 Romeo: Golf, sending you 3
2024-10-14 17:35:24.006717 Echo: Mike, Papa, Charlie and Quebec, sending you 2
2024-10-14 17:35:24.007203 Papa: Victor, Quebec and Echo, sending you 2
2024-10-14 17:35:24.008134 Charlie: Papa, sending you 4
2024-10-14 17:35:24.008708 India: Echo, sending you 2
2024-10-14 17:35:24.009685 Golf: Romeo, sending you 6
2024-10-14 17:35:24.009974 Echo: Victor and X-ray, sending you 1
2024-10-14 17:35:24.011665 Papa: X-ray, sending you 3
2024-10-14 17:35:24.012690 Charlie: Quebec and Echo, sending you 2
2024-10-14 17:35:24.013382 Victor: Papa and Echo, sending you 1
2024-10-14 17:35:24.016949 Victor: X-ray, sending you 5
2024-10-14 17:35:24.019983 Victor: Charlie, sending you 3
2024-10-14 17:35:24.022922 Victor: Quebec, sending you 7
chatterbot Papa submitting transactions
chatterbot X-ray submitting transactions
chatterbot Charlie submitting transactions
chatterbot Mike submitting transactions
chatterbot Romeo submitting transactions
chatterbot Quebec submitting transactions
chatterbot Golf submitting transactions
chatterbot Echo submitting transactions
chatterbot Victor submitting transactions
chatterbot India submitting transactions
ChatterBot India round 4
ChatterBot Mike round 4
ChatterBot Victor round 4
ChatterBot Papa round 4
ChatterBot X-ray round 4
ChatterBot Romeo round 4
ChatterBot Golf round 4
ChatterBot Charlie round 4
ChatterBot Quebec round 4
ChatterBot Echo round 4
2024-10-14 17:35:25.044671 India: Romeo, sending you 6
2024-10-14 17:35:25.045688 X-ray: Mike, Quebec and Echo, sending you 1
2024-10-14 17:35:25.047684 Mike: Victor and Quebec, sending you 1
2024-10-14 17:35:25.048257 India: Golf, sending you 8
2024-10-14 17:35:25.049685 Victor: Mike and Echo, sending you 1
2024-10-14 17:35:25.050779 Papa: Mike and Charlie, sending you 4
2024-10-14 17:35:25.051198 X-ray: Victor, sending you 4
2024-10-14 17:35:25.051558 India: Echo, sending you 2
2024-10-14 17:35:25.051816 Mike: Papa, sending you 4
2024-10-14 17:35:25.054085 X-ray: Papa and Charlie, sending you 2
2024-10-14 17:35:25.054805 Golf: India, sending you 8
2024-10-14 17:35:25.055656 Victor: Papa, sending you 2
2024-10-14 17:35:25.056067 Papa: Victor, Quebec and Echo, sending you 2
2024-10-14 17:35:25.056479 Echo: Mike, Papa, Charlie and Quebec, sending you 2
2024-10-14 17:35:25.057334 Mike: X-ray and Echo, sending you 2
2024-10-14 17:35:25.057769 Charlie: Mike, Victor and X-ray, sending you 3
2024-10-14 17:35:25.058698 Golf: Romeo, sending you 6
2024-10-14 17:35:25.060201 Romeo: India, sending you 6
2024-10-14 17:35:25.060572 Quebec: Mike and X-ray, sending you 1
2024-10-14 17:35:25.061462 Papa: X-ray, sending you 3
2024-10-14 17:35:25.062140 Victor: X-ray and Charlie, sending you 4
2024-10-14 17:35:25.062766 Charlie: Papa, sending you 4
2024-10-14 17:35:25.064014 Echo: Victor and X-ray, sending you 1
2024-10-14 17:35:25.064750 Mike: Charlie, sending you 3
2024-10-14 17:35:25.065480 Romeo: Golf, sending you 4
2024-10-14 17:35:25.065812 Quebec: Victor, sending you 3
2024-10-14 17:35:25.066536 Victor: Quebec, sending you 5
2024-10-14 17:35:25.068656 Charlie: Quebec and Echo, sending you 2
2024-10-14 17:35:25.069686 Quebec: Papa, Charlie and Echo, sending you 2
chatterbot X-ray submitting transactions
chatterbot Mike submitting transactions
chatterbot India submitting transactions
chatterbot Charlie submitting transactions
chatterbot Victor submitting transactions
chatterbot Quebec submitting transactions
chatterbot Romeo submitting transactions
chatterbot Papa submitting transactions
chatterbot Echo submitting transactions
chatterbot Golf submitting transactions
ChatterBot India round 5
ChatterBot Mike round 5
ChatterBot Victor round 5
ChatterBot Papa round 5
ChatterBot X-ray round 5
ChatterBot Romeo round 5
ChatterBot Golf round 5
ChatterBot Charlie round 5
ChatterBot Quebec round 5
ChatterBot Echo round 5
2024-10-14 17:35:26.234310 India: We should drop Echo
2024-10-14 17:35:26.241700 Golf: Yes
2024-10-14 17:35:26.241890 Romeo: Yes
ChatterBot India reevaluating
ChatterBot India reevaluating
2024-10-14 17:35:26.268679 Mike: Victor and Quebec, sending you 1
2024-10-14 17:35:26.269740 Charlie: Mike, Victor and X-ray, sending you 3
2024-10-14 17:35:26.270708 Papa: Mike and Charlie, sending you 4
2024-10-14 17:35:26.271449 Quebec: Mike and X-ray, sending you 1
2024-10-14 17:35:26.272246 Golf: India, sending you 8
2024-10-14 17:35:26.272565 Mike: Papa, sending you 4
2024-10-14 17:35:26.273244 X-ray: Mike, Quebec and Echo, sending you 1
2024-10-14 17:35:26.273968 Papa: Victor, Quebec and Echo, sending you 2
2024-10-14 17:35:26.275152 Charlie: Papa, sending you 4
2024-10-14 17:35:26.276025 Victor: Papa, sending you 2
2024-10-14 17:35:26.276845 Golf: Romeo, sending you 6
2024-10-14 17:35:26.277140 Quebec: Victor, sending you 3
2024-10-14 17:35:26.278387 Mike: X-ray and Echo, sending you 2
2024-10-14 17:35:26.278908 X-ray: Victor and Charlie, sending you 3
2024-10-14 17:35:26.279532 Romeo: Sending you each 5
2024-10-14 17:35:26.279853 Papa: X-ray, sending you 3
2024-10-14 17:35:26.280531 Charlie: Quebec and Echo, sending you 2
2024-10-14 17:35:26.281219 Victor: X-ray and Quebec, sending you 5
2024-10-14 17:35:26.282012 Mike: Charlie, sending you 3
2024-10-14 17:35:26.283379 Quebec: Papa, Charlie and Echo, sending you 2
2024-10-14 17:35:26.284024 X-ray: Papa, sending you 2
2024-10-14 17:35:26.284648 Echo: Mike, Papa, Charlie and Quebec, sending you 2
2024-10-14 17:35:26.285154 India: Romeo, sending you 7
2024-10-14 17:35:26.286936 Victor: Charlie, sending you 4
2024-10-14 17:35:26.288383 Echo: Victor and X-ray, sending you 1
2024-10-14 17:35:26.289276 India: Golf, sending you 9
2024-10-14 17:35:26.292697 Victor: Echo, sending you 1
chatterbot Golf submitting transactions
chatterbot Charlie submitting transactions
chatterbot Mike submitting transactions
chatterbot Papa submitting transactions
chatterbot Quebec submitting transactions
chatterbot X-ray submitting transactions
chatterbot India submitting transactions
chatterbot Victor submitting transactions
chatterbot Echo submitting transactions
chatterbot Romeo submitting transactions
ChatterBot India round 6
ChatterBot Mike round 6
ChatterBot Victor round 6
ChatterBot Papa round 6
ChatterBot X-ray round 6
ChatterBot Romeo round 6
ChatterBot Golf round 6
ChatterBot Charlie round 6
ChatterBot Quebec round 6
ChatterBot Echo round 6
2024-10-14 17:35:27.592709 India: Romeo, sending you 7
2024-10-14 17:35:27.594690 Mike: Victor and Quebec, sending you 1
2024-10-14 17:35:27.597662 India: Golf, sending you 9
2024-10-14 17:35:27.598701 Mike: Papa, sending you 4
2024-10-14 17:35:27.600686 Papa: Mike and Charlie, sending you 4
2024-10-14 17:35:27.602349 Quebec: Mike and X-ray, sending you 1
2024-10-14 17:35:27.604673 Mike: X-ray and Echo, sending you 2
2024-10-14 17:35:27.606092 Papa: Victor, Quebec and Echo, sending you 2
2024-10-14 17:35:27.607988 Victor: Mike and Echo, sending you 1
2024-10-14 17:35:27.609209 Romeo: Same as last round
2024-10-14 17:35:27.609885 Charlie: Mike, Victor and X-ray, sending you 3
2024-10-14 17:35:27.612075 Golf: India, sending you 8
2024-10-14 17:35:27.612791 Quebec: Victor, sending you 3
2024-10-14 17:35:27.613934 Mike: Charlie, sending you 3
2024-10-14 17:35:27.615677 Papa: X-ray, sending you 3
2024-10-14 17:35:27.617572 Victor: Papa, sending you 2
2024-10-14 17:35:27.619277 X-ray: Mike, Quebec and Echo, sending you 1
2024-10-14 17:35:27.620296 Charlie: Papa, sending you 4
2024-10-14 17:35:27.621145 Golf: Romeo, sending you 6
2024-10-14 17:35:27.622096 Quebec: Papa, Charlie and Echo, sending you 2
2024-10-14 17:35:27.623375 Echo: Mike, Papa, Charlie and Quebec, sending you 2
2024-10-14 17:35:27.625235 Victor: X-ray and Charlie, sending you 4
2024-10-14 17:35:27.626254 Charlie: Quebec and Echo, sending you 2
2024-10-14 17:35:27.627437 X-ray: Victor, sending you 4
2024-10-14 17:35:27.629669 Echo: Victor and X-ray, sending you 1
2024-10-14 17:35:27.631102 Victor: Quebec, sending you 5
2024-10-14 17:35:27.633666 X-ray: Papa and Charlie, sending you 2
chatterbot India submitting transactions
chatterbot Mike submitting transactions
chatterbot Romeo submitting transactions
chatterbot X-ray submitting transactions
chatterbot Victor submitting transactions
chatterbot Papa submitting transactions
chatterbot Quebec submitting transactions
chatterbot Echo submitting transactions
chatterbot Charlie submitting transactions
chatterbot Golf submitting transactions
ChatterBot India round 7
ChatterBot Mike round 7
ChatterBot Victor round 7
ChatterBot Papa round 7
ChatterBot X-ray round 7
ChatterBot Romeo round 7
ChatterBot Golf round 7
ChatterBot Charlie round 7
ChatterBot Quebec round 7
ChatterBot Echo round 7
2024-10-14 17:35:28.878682 India: Romeo, sending you 7
2024-10-14 17:35:28.880675 Papa: Mike and Charlie, sending you 4
2024-10-14 17:35:28.881691 Romeo: Same as last round
2024-10-14 17:35:28.882025 India: Golf, sending you 9
2024-10-14 17:35:28.883122 Victor: Mike and Echo, sending you 1
2024-10-14 17:35:28.884670 Quebec: Victor, sending you 4
2024-10-14 17:35:28.885955 Papa: Victor, Quebec and Echo, sending you 2
2024-10-14 17:35:28.886593 Mike: Victor and Quebec, sending you 1
2024-10-14 17:35:28.887889 Victor: Papa, sending you 2
2024-10-14 17:35:28.888708 Papa: X-ray, sending you 3
2024-10-14 17:35:28.890184 Quebec: Papa, Charlie and Echo, sending you 2
2024-10-14 17:35:28.891706 Victor: X-ray, sending you 5
2024-10-14 17:35:28.893152 Mike: Papa, sending you 4
2024-10-14 17:35:28.894894 Golf: India, sending you 8
2024-10-14 17:35:28.895531 X-ray: Mike and Papa, sending you 2
2024-10-14 17:35:28.897086 Charlie: Mike, Victor and X-ray, sending you 3
2024-10-14 17:35:28.898138 Quebec: X-ray, sending you 1
2024-10-14 17:35:28.899426 Echo: Mike, Papa, Charlie and Quebec, sending you 2
2024-10-14 17:35:28.900220 Victor: Charlie and Quebec, sending you 4
2024-10-14 17:35:28.900932 Mike: X-ray and Echo, sending you 2
2024-10-14 17:35:28.902319 Golf: Romeo, sending you 7
2024-10-14 17:35:28.902579 X-ray: Victor and Charlie, sending you 3
2024-10-14 17:35:28.903475 Charlie: Papa, sending you 4
2024-10-14 17:35:28.904923 Echo: Victor and X-ray, sending you 1
2024-10-14 17:35:28.906068 Mike: Charlie, sending you 3
2024-10-14 17:35:28.907676 X-ray: Quebec, sending you 1
2024-10-14 17:35:28.909836 Charlie: Quebec and Echo, sending you 2
chatterbot India submitting transactions
chatterbot Romeo submitting transactions
chatterbot Charlie submitting transactions
chatterbot Mike submitting transactions
chatterbot Papa submitting transactions
chatterbot Victor submitting transactions
chatterbot Echo submitting transactions
chatterbot Golf submitting transactions
chatterbot X-ray submitting transactions
chatterbot Quebec submitting transactions
ChatterBot India round 8
ChatterBot Mike round 8
ChatterBot Victor round 8
ChatterBot Papa round 8
ChatterBot X-ray round 8
ChatterBot Romeo round 8
ChatterBot Golf round 8
ChatterBot Charlie round 8
ChatterBot Quebec round 8
ChatterBot Echo round 8
2024-10-14 17:35:30.002998 Mike: We should drop Quebec
2024-10-14 17:35:30.014833 Victor: No
2024-10-14 17:35:30.014989 Papa: No
2024-10-14 17:35:30.015106 X-ray: No
2024-10-14 17:35:30.015224 Charlie: No
2024-10-14 17:35:30.015339 Echo: No
ChatterBot Mike reevaluating
ChatterBot Mike reevaluating
ChatterBot Mike reevaluating
ChatterBot Mike reevaluating
ChatterBot Mike reevaluating
2024-10-14 17:35:30.083675 Romeo: Same as last round
2024-10-14 17:35:30.088682 Victor: Mike and Echo, sending you 1
2024-10-14 17:35:30.090589 Papa: Mike and Charlie, sending you 4
2024-10-14 17:35:30.092052 India: Romeo, sending you 7
2024-10-14 17:35:30.092697 Mike: Victor and Quebec, sending you 1
2024-10-14 17:35:30.094106 Victor: Papa, sending you 2
2024-10-14 17:35:30.096908 Papa: Victor, Quebec and Echo, sending you 2
2024-10-14 17:35:30.098478 India: Golf, sending you 9
2024-10-14 17:35:30.098931 Charlie: Mike, Victor and X-ray, sending you 3
2024-10-14 17:35:30.100530 Echo: Mike, Papa, Charlie and Quebec, sending you 2
2024-10-14 17:35:30.101205 Quebec: Mike and X-ray, sending you 1
2024-10-14 17:35:30.101892 Mike: Papa, sending you 4
2024-10-14 17:35:30.102504 X-ray: Mike, Quebec and Echo, sending you 1
2024-10-14 17:35:30.104015 Victor: X-ray and Charlie, sending you 4
2024-10-14 17:35:30.104793 Papa: X-ray, sending you 3
2024-10-14 17:35:30.105700 Charlie: Papa, sending you 4
2024-10-14 17:35:30.106428 Echo: Victor and X-ray, sending you 1
2024-10-14 17:35:30.108070 Quebec: Victor, sending you 3
2024-10-14 17:35:30.108894 Golf: India, sending you 8
2024-10-14 17:35:30.109189 Mike: X-ray and Echo, sending you 2
2024-10-14 17:35:30.110963 X-ray: Victor, sending you 4
2024-10-14 17:35:30.111954 Victor: Quebec, sending you 5
2024-10-14 17:35:30.113807 Charlie: Quebec and Echo, sending you 2
2024-10-14 17:35:30.114764 Golf: Romeo, sending you 7
2024-10-14 17:35:30.115137 Quebec: Papa, Charlie and Echo, sending you 2
2024-10-14 17:35:30.116786 X-ray: Papa and Charlie, sending you 2
2024-10-14 17:35:30.117857 Mike: Charlie, sending you 3
chatterbot X-ray submitting transactions
chatterbot Mike submitting transactions
chatterbot Charlie submitting transactions
chatterbot India submitting transactions
chatterbot Quebec submitting transactions
chatterbot Victor submitting transactions
chatterbot Papa submitting transactions
chatterbot Echo submitting transactions
chatterbot Romeo submitting transactions
chatterbot Golf submitting transactions
ChatterBot India round 9
ChatterBot Mike round 9
ChatterBot Victor round 9
ChatterBot Papa round 9
ChatterBot X-ray round 9
ChatterBot Romeo round 9
ChatterBot Golf round 9
ChatterBot Charlie round 9
ChatterBot Quebec round 9
ChatterBot Echo round 9
2024-10-14 17:35:31.223884 Mike: We should drop Echo
2024-10-14 17:35:31.238214 Victor: No
2024-10-14 17:35:31.238379 Papa: No
2024-10-14 17:35:31.238502 X-ray: No
2024-10-14 17:35:31.238625 Charlie: No
2024-10-14 17:35:31.238743 Quebec: No
ChatterBot Mike reevaluating
ChatterBot Mike reevaluating
ChatterBot Mike reevaluating
ChatterBot Mike reevaluating
ChatterBot Mike reevaluating
2024-10-14 17:35:31.319676 Papa: Mike and Charlie, sending you 4
2024-10-14 17:35:31.320800 India: Romeo, sending you 7
2024-10-14 17:35:31.324680 India: Golf, sending you 9
2024-10-14 17:35:31.326028 Papa: Victor, Quebec and Echo, sending you 2
2024-10-14 17:35:31.327019 Romeo: Same as last round
2024-10-14 17:35:31.330690 X-ray: Mike, Quebec and Echo, sending you 1
2024-10-14 17:35:31.332827 Mike: Victor and Quebec, sending you 1
2024-10-14 17:35:31.335307 Papa: X-ray, sending you 3
2024-10-14 17:35:31.336553 Victor: Mike and Echo, sending you 1
2024-10-14 17:35:31.338429 Quebec: Victor, sending you 4
2024-10-14 17:35:31.339604 Charlie: Mike, Victor and X-ray, sending you 3
2024-10-14 17:35:31.341780 X-ray: Victor, sending you 4
2024-10-14 17:35:31.343776 Mike: Papa, sending you 4
2024-10-14 17:35:31.345132 Victor: Papa, sending you 2
2024-10-14 17:35:31.347545 Golf: India, sending you 8
2024-10-14 17:35:31.348012 Quebec: Papa, Charlie and Echo, sending you 2
2024-10-14 17:35:31.349937 Charlie: Papa, sending you 4
2024-10-14 17:35:31.351128 X-ray: Papa and Charlie, sending you 2
2024-10-14 17:35:31.353027 Echo: Mike, Papa, Charlie and Quebec, sending you 2
2024-10-14 17:35:31.354194 Mike: X-ray and Echo, sending you 2
2024-10-14 17:35:31.355924 Victor: X-ray, sending you 5
2024-10-14 17:35:31.357304 Golf: Romeo, sending you 7
2024-10-14 17:35:31.357748 Quebec: X-ray, sending you 1
2024-10-14 17:35:31.359928 Charlie: Quebec and Echo, sending you 2
2024-10-14 17:35:31.361063 Echo: Victor and X-ray, sending you 1
2024-10-14 17:35:31.362718 Mike: Charlie, sending you 3
2024-10-14 17:35:31.364267 Victor: Charlie and Quebec, sending you 4
chatterbot Mike submitting transactions
chatterbot Papa submitting transactions
chatterbot India submitting transactions
chatterbot Echo submitting transactions
chatterbot Romeo submitting transactions
chatterbot X-ray submitting transactions
chatterbot Victor submitting transactions
chatterbot Quebec submitting transactions
chatterbot Charlie submitting transactions
chatterbot Golf submitting transactions
ChatterBot India round 10
ChatterBot Mike round 10
ChatterBot Victor round 10
ChatterBot Papa round 10
ChatterBot X-ray round 10
2024-10-14 17:35:32.553436 India: We should add X-ray
2024-10-14 17:35:32.561629 Golf: Yes
2024-10-14 17:35:32.561901 Romeo: Yes
ChatterBot India reevaluating
ChatterBot Romeo round 10
ChatterBot Golf round 10
ChatterBot Charlie round 10
ChatterBot Quebec round 10
ChatterBot Echo round 10
2024-10-14 17:35:32.625675 Romeo: Same as last round
2024-10-14 17:35:32.626677 Victor: Mike and Echo, sending you 1
2024-10-14 17:35:32.628725 Golf: India, sending you 8
2024-10-14 17:35:32.632114 Victor: Papa, sending you 2
2024-10-14 17:35:32.633561 Golf: Romeo, sending you 7
2024-10-14 17:35:32.635707 India: Romeo, sending you 7
2024-10-14 17:35:32.636645 X-ray: Mike, Quebec and Echo, sending you 1
2024-10-14 17:35:32.637857 Victor: X-ray, sending you 5
2024-10-14 17:35:32.639269 Papa: Mike and Charlie, sending you 4
2024-10-14 17:35:32.640075 Charlie: Mike, Victor and X-ray, sending you 3
2024-10-14 17:35:32.641019 Mike: Victor and Quebec, sending you 1
2024-10-14 17:35:32.643045 Quebec: Mike and X-ray, sending you 1
2024-10-14 17:35:32.645037 Echo: Mike, Papa, Charlie and Quebec, sending you 2
2024-10-14 17:35:32.646287 India: Golf, sending you 9
2024-10-14 17:35:32.647210 X-ray: Victor, sending you 4
2024-10-14 17:35:32.648265 Victor: Charlie and Quebec, sending you 4
2024-10-14 17:35:32.648985 Papa: Victor, Quebec and Echo, sending you 2
2024-10-14 17:35:32.649714 Charlie: Papa, sending you 4
2024-10-14 17:35:32.651502 Mike: Papa, sending you 4
2024-10-14 17:35:32.652769 Quebec: Victor, sending you 3
2024-10-14 17:35:32.654209 Echo: Victor and X-ray, sending you 1
2024-10-14 17:35:32.655370 X-ray: Papa and Charlie, sending you 2
2024-10-14 17:35:32.656209 Papa: X-ray, sending you 3
2024-10-14 17:35:32.657463 Charlie: Quebec and Echo, sending you 2
2024-10-14 17:35:32.659566 Mike: X-ray and Echo, sending you 2
2024-10-14 17:35:32.660518 Quebec: Papa, Charlie and Echo, sending you 2
2024-10-14 17:35:32.664689 Mike: Charlie, sending you 3
chatterbot Papa submitting transactions
chatterbot Mike submitting transactions
chatterbot Romeo submitting transactions
chatterbot Echo submitting transactions
chatterbot India submitting transactions
chatterbot Golf submitting transactions
chatterbot Charlie submitting transactions
chatterbot Quebec submitting transactions
chatterbot Victor submitting transactions
chatterbot X-ray submitting transactions
ChatterBot India round 11
ChatterBot Mike round 11
ChatterBot Victor round 11
ChatterBot Papa round 11
2024-10-14 17:35:33.693812 India: We should add Mike
2024-10-14 17:35:33.699092 Golf: No
2024-10-14 17:35:33.699249 Romeo: No
ChatterBot India reevaluating
ChatterBot India reevaluating
ChatterBot X-ray round 11
ChatterBot Romeo round 11
ChatterBot Golf round 11
ChatterBot Charlie round 11
ChatterBot Quebec round 11
ChatterBot Echo round 11
2024-10-14 17:35:33.721175 India: We should add X-ray
2024-10-14 17:35:33.727004 Golf: Yes
2024-10-14 17:35:33.727190 Romeo: Yes
ChatterBot India reevaluating
ChatterBot India reevaluating
2024-10-14 17:35:33.751925 India: X-ray we want you to join our group
2024-10-14 17:35:33.754404 X-ray: No
ChatterBot India reevaluating
2024-10-14 17:35:33.765683 Victor: Mike and Echo, sending you 1
2024-10-14 17:35:33.768683 Papa: Mike and Charlie, sending you 4
2024-10-14 17:35:33.769892 Victor: Papa, sending you 2
2024-10-14 17:35:33.771602 Mike: Victor and Quebec, sending you 1
2024-10-14 17:35:33.773902 Quebec: Mike and X-ray, sending you 1
2024-10-14 17:35:33.775548 Papa: Victor, Quebec and Echo, sending you 2
2024-10-14 17:35:33.777056 Victor: X-ray, sending you 5
2024-10-14 17:35:33.778682 Echo: Mike, Papa, Charlie and Quebec, sending you 2
2024-10-14 17:35:33.781499 Mike: Papa, sending you 4
2024-10-14 17:35:33.783207 Romeo: Same as last round
2024-10-14 17:35:33.783689 Quebec: Victor, sending you 3
2024-10-14 17:35:33.786232 Papa: X-ray, sending you 3
2024-10-14 17:35:33.788056 Victor: Charlie and Quebec, sending you 4
2024-10-14 17:35:33.789861 X-ray: Mike, Quebec and Echo, sending you 1
2024-10-14 17:35:33.792334 Echo: Victor and X-ray, sending you 1
2024-10-14 17:35:33.794476 Charlie: Mike, Victor and X-ray, sending you 3
2024-10-14 17:35:33.797148 Golf: India, sending you 8
2024-10-14 17:35:33.797721 Mike: X-ray and Echo, sending you 2
2024-10-14 17:35:33.799253 Quebec: Papa, Charlie and Echo, sending you 2
2024-10-14 17:35:33.801408 India: X-ray, sending you 2
2024-10-14 17:35:33.801815 X-ray: Victor, sending you 4
2024-10-14 17:35:33.803374 Charlie: Papa, sending you 4
2024-10-14 17:35:33.806133 Golf: Romeo, sending you 7
2024-10-14 17:35:33.806530 Mike: Charlie, sending you 3
2024-10-14 17:35:33.807807 India: Romeo, sending you 6
2024-10-14 17:35:33.808802 X-ray: Papa and Charlie, sending you 2
2024-10-14 17:35:33.810226 Charlie: Quebec and Echo, sending you 2
2024-10-14 17:35:33.813668 India: Golf, sending you 8
chatterbot India submitting transactions
chatterbot Romeo submitting transactions
chatterbot Mike submitting transactions
chatterbot Echo submitting transactions
chatterbot Charlie submitting transactions
chatterbot X-ray submitting transactions
chatterbot Victor submitting transactions
chatterbot Papa submitting transactions
chatterbot Quebec submitting transactions
chatterbot Golf submitting transactions
ChatterBot India round 12
ChatterBot Mike round 12
ChatterBot Victor round 12
ChatterBot Papa round 12
ChatterBot X-ray round 12
ChatterBot Romeo round 12
ChatterBot Golf round 12
ChatterBot Charlie round 12
ChatterBot Quebec round 12
ChatterBot Echo round 12
2024-10-14 17:35:34.948426 Mike: We should drop X-ray
2024-10-14 17:35:34.962446 Victor: Yes
2024-10-14 17:35:34.962660 Papa: Yes
2024-10-14 17:35:34.962829 Charlie: Yes
2024-10-14 17:35:34.962983 Quebec: Yes
2024-10-14 17:35:34.963132 Echo: Yes
ChatterBot Quebec reevaluating
2024-10-14 17:35:35.027690 India: X-ray, sending you 2
2024-10-14 17:35:35.029656 Golf: India, sending you 8
2024-10-14 17:35:35.032669 India: Romeo, sending you 6
2024-10-14 17:35:35.034682 Golf: Romeo, sending you 7
2024-10-14 17:35:35.035144 Romeo: Same as last round
2024-10-14 17:35:35.035545 Echo: Mike, Papa, Charlie and Quebec, sending you 2
2024-10-14 17:35:35.037833 India: Golf, sending you 8
2024-10-14 17:35:35.039709 Charlie: Mike and X-ray, sending you 3
2024-10-14 17:35:35.042319 Echo: Victor and X-ray, sending you 1
2024-10-14 17:35:35.043369 X-ray: Mike, Quebec and Echo, sending you 1
2024-10-14 17:35:35.045604 Victor: Mike and Echo, sending you 1
2024-10-14 17:35:35.047325 Mike: Victor and Quebec, sending you 1
2024-10-14 17:35:35.048038 Papa: Mike and Charlie, sending you 4
2024-10-14 17:35:35.049729 Charlie: Victor and Papa, sending you 4
2024-10-14 17:35:35.052161 X-ray: Victor, sending you 4
2024-10-14 17:35:35.053715 Quebec: Mike, sending you 1
2024-10-14 17:35:35.055051 Victor: Papa, sending you 2
2024-10-14 17:35:35.056401 Mike: Papa, sending you 5
2024-10-14 17:35:35.057299 Papa: Victor, Quebec and Echo, sending you 2
2024-10-14 17:35:35.059908 Charlie: Quebec, sending you 2
2024-10-14 17:35:35.061577 X-ray: Papa and Charlie, sending you 2
2024-10-14 17:35:35.062810 Quebec: Victor, sending you 4
2024-10-14 17:35:35.063391 Victor: X-ray, sending you 5
2024-10-14 17:35:35.064375 Mike: Charlie, sending you 4
2024-10-14 17:35:35.065683 Papa: X-ray, sending you 3
2024-10-14 17:35:35.066679 Charlie: Echo, sending you 1
2024-10-14 17:35:35.067805 Victor: Charlie and Quebec, sending you 4
2024-10-14 17:35:35.068904 Quebec: Papa, Charlie and Echo, sending you 2
