ChatterBot Uniform round 1
ChatterBot Alpha round 1
ChatterBot November round 1
randomSelections Alpha: {Alpha, Yankee, Golf, Uniform, Zulu, Lima} 
2024-10-14 17:35:18.965220 Alpha: Group up?
ChatterBot Uniform reevaluating
2024-10-14 17:35:18.993832 Uniform: Yes
ChatterBot Lima round 1
ChatterBot Lima reevaluating
ChatterBot Lima reevaluating
2024-10-14 17:35:19.005347 Lima: Yes
ChatterBot Uniform reevaluating
ChatterBot Zulu round 1
ChatterBot Zulu reevaluating
ChatterBot Zulu reevaluating
ChatterBot Zulu reevaluating
2024-10-14 17:35:19.020047 Zulu: Yes
ChatterBot Uniform reevaluating
ChatterBot Lima reevaluating
ChatterBot Kilo round 1
ChatterBot India round 1
ChatterBot Golf round 1
ChatterBot Golf reevaluating
ChatterBot Golf reevaluating
ChatterBot Golf reevaluating
ChatterBot Golf reevaluating
2024-10-14 17:35:19.034545 Golf: Yes
ChatterBot Uniform reevaluating
ChatterBot Zulu reevaluating
ChatterBot Lima reevaluating
ChatterBot Juliett round 1
ChatterBot Yankee round 1
ChatterBot Yankee reevaluating
ChatterBot Yankee reevaluating
ChatterBot Yankee reevaluating
ChatterBot Yankee reevaluating
ChatterBot Yankee reevaluating
2024-10-14 17:35:19.051661 Yankee: Yes
ChatterBot Golf reevaluating
ChatterBot Uniform reevaluating
ChatterBot Zulu reevaluating
ChatterBot Lima reevaluating
randomSelections November: {November, Zulu, Alpha, Yankee, Lima} 
2024-10-14 17:35:19.063242 November: We should group up
ChatterBot Zulu reevaluating
ChatterBot Yankee reevaluating
ChatterBot Lima reevaluating
2024-10-14 17:35:19.069469 Zulu: No
2024-10-14 17:35:19.069798 Alpha: No
2024-10-14 17:35:19.070005 Yankee: No
2024-10-14 17:35:19.070208 Lima: No
ChatterBot Yankee reevaluating
ChatterBot Lima reevaluating
ChatterBot Zulu reevaluating
ChatterBot Yankee reevaluating
ChatterBot Lima reevaluating
ChatterBot Zulu reevaluating
ChatterBot Lima reevaluating
ChatterBot Zulu reevaluating
ChatterBot Yankee reevaluating
randomSelections India: {India, Juliett, Kilo, Zulu} 
2024-10-14 17:35:19.098740 India: We should group up
ChatterBot Juliett reevaluating
ChatterBot Kilo reevaluating
ChatterBot Zulu reevaluating
2024-10-14 17:35:19.105053 Juliett: Yes
2024-10-14 17:35:19.105208 Kilo: Yes
2024-10-14 17:35:19.105306 Zulu: No
ChatterBot Kilo reevaluating
ChatterBot Zulu reevaluating
ChatterBot Juliett reevaluating
ChatterBot Zulu reevaluating
ChatterBot Juliett reevaluating
ChatterBot Kilo reevaluating
2024-10-14 17:35:19.128672 Alpha: Lima, sending you 3
2024-10-14 17:35:19.155805 Alpha: Zulu and Yankee, sending you 1
2024-10-14 17:35:19.156776 November: Alpha, sending you 2
2024-10-14 17:35:19.158754 Uniform: Alpha, sending you 6
2024-10-14 17:35:19.159824 Alpha: Golf, sending you 4
2024-10-14 17:35:19.160140 November: Lima, sending you 3
2024-10-14 17:35:19.160432 Golf: Uniform, Alpha, Lima and Zulu, sending you 3
2024-10-14 17:35:19.161405 Juliett: Zulu, sending you 5
2024-10-14 17:35:19.161744 Lima: Uniform, sending you 1
2024-10-14 17:35:19.162031 India: Zulu, sending you 1
2024-10-14 17:35:19.162869 Kilo: Zulu and Juliett, sending you 4
2024-10-14 17:35:19.163153 Zulu: Uniform, sending you 3
2024-10-14 17:35:19.163487 Uniform: Lima, sending you 2
2024-10-14 17:35:19.164333 November: Zulu, sending you 6
2024-10-14 17:35:19.167682 Lima: Alpha and Golf, sending you 2
2024-10-14 17:35:19.168154 Golf: Yankee, sending you 4
2024-10-14 17:35:19.169202 Juliett: Kilo and India, sending you 6
2024-10-14 17:35:19.169569 Kilo: India, sending you 2
2024-10-14 17:35:19.169913 India: Kilo, sending you 7
2024-10-14 17:35:19.170670 Zulu: Alpha, Golf and Yankee, sending you 2
2024-10-14 17:35:19.171091 November: Yankee, sending you 1
2024-10-14 17:35:19.171507 Uniform: Golf, sending you 1
2024-10-14 17:35:19.172518 Lima: Yankee, sending you 5
2024-10-14 17:35:19.175057 Zulu: Lima, sending you 8
2024-10-14 17:35:19.175433 Uniform: Yankee, sending you 3
2024-10-14 17:35:19.175796 India: Juliett, sending you 5
2024-10-14 17:35:19.180003 Yankee: Uniform and Alpha, sending you 3
2024-10-14 17:35:19.184259 Yankee: Lima and Zulu, sending you 1
2024-10-14 17:35:19.190349 Yankee: Golf, sending you 2
chatterbot India submitting transactions
chatterbot Golf submitting transactions
chatterbot Juliett submitting transactions
chatterbot Yankee submitting transactions
chatterbot Lima submitting transactions
chatterbot Alpha submitting transactions
chatterbot November submitting transactions
chatterbot Uniform submitting transactions
chatterbot Zulu submitting transactions
chatterbot Kilo submitting transactions
ChatterBot Uniform round 2
ChatterBot Alpha round 2
ChatterBot November round 2
ChatterBot Lima round 2
ChatterBot Zulu round 2
2024-10-14 17:35:20.393554 November: Let's form a team
ChatterBot Kilo reevaluating
ChatterBot India reevaluating
ChatterBot Juliett reevaluating
2024-10-14 17:35:20.425302 Kilo: No
2024-10-14 17:35:20.425763 India: No
2024-10-14 17:35:20.425898 Juliett: No
ChatterBot India reevaluating
ChatterBot Juliett reevaluating
ChatterBot Kilo reevaluating
ChatterBot Juliett reevaluating
ChatterBot Kilo reevaluating
ChatterBot India reevaluating
2024-10-14 17:35:20.484692 India: Group up?
2024-10-14 17:35:20.486972 November: Yes
ChatterBot India reevaluating
ChatterBot Kilo round 2
ChatterBot India round 2
ChatterBot Golf round 2
ChatterBot Juliett round 2
2024-10-14 17:35:20.500058 Zulu: We should add November
ChatterBot Alpha reevaluating
ChatterBot Yankee reevaluating
ChatterBot Golf reevaluating
ChatterBot Lima reevaluating
2024-10-14 17:35:20.520056 Alpha: Yes
2024-10-14 17:35:20.520531 Yankee: No
2024-10-14 17:35:20.520684 Golf: No
2024-10-14 17:35:20.520804 Uniform: No
2024-10-14 17:35:20.520929 Lima: Yes
ChatterBot Yankee reevaluating
ChatterBot Golf reevaluating
ChatterBot Lima reevaluating
ChatterBot Alpha reevaluating
ChatterBot Golf reevaluating
ChatterBot Lima reevaluating
ChatterBot Alpha reevaluating
ChatterBot Yankee reevaluating
ChatterBot Lima reevaluating
ChatterBot Alpha reevaluating
ChatterBot Yankee reevaluating
ChatterBot Golf reevaluating
ChatterBot Zulu reevaluating
ChatterBot Lima reevaluating
ChatterBot Alpha reevaluating
ChatterBot Yankee reevaluating
ChatterBot Golf reevaluating
ChatterBot Zulu reevaluating
ChatterBot Yankee round 2
2024-10-14 17:35:20.641029 Kilo: We should drop Juliett and Zulu
ChatterBot India reevaluating
2024-10-14 17:35:20.644469 India: No
ChatterBot Kilo reevaluating
2024-10-14 17:35:20.648317 India: We should replace Zulu with November
ChatterBot Kilo reevaluating
ChatterBot Juliett reevaluating
2024-10-14 17:35:20.654927 Kilo: Yes
2024-10-14 17:35:20.655040 Juliett: Yes
ChatterBot India reevaluating
ChatterBot Juliett reevaluating
ChatterBot India reevaluating
ChatterBot Kilo reevaluating
2024-10-14 17:35:20.684601 Yankee: We should add November
ChatterBot Alpha reevaluating
ChatterBot Zulu reevaluating
ChatterBot Lima reevaluating
2024-10-14 17:35:20.700021 Alpha: Yes
2024-10-14 17:35:20.700581 Golf: No
2024-10-14 17:35:20.700719 Uniform: No
2024-10-14 17:35:20.700832 Zulu: Yes
2024-10-14 17:35:20.700940 Lima: Yes
ChatterBot Yankee reevaluating
ChatterBot Zulu reevaluating
ChatterBot Lima reevaluating
ChatterBot Alpha reevaluating
ChatterBot Yankee reevaluating
ChatterBot Zulu reevaluating
ChatterBot Lima reevaluating
ChatterBot Alpha reevaluating
ChatterBot Yankee reevaluating
ChatterBot Zulu reevaluating
ChatterBot Lima reevaluating
ChatterBot Alpha reevaluating
ChatterBot Yankee reevaluating
ChatterBot Lima reevaluating
ChatterBot Alpha reevaluating
ChatterBot Yankee reevaluating
ChatterBot Zulu reevaluating
2024-10-14 17:35:21.047460 Uniform: Alpha, sending you 1
2024-10-14 17:35:21.048002 India: November we want you to join our group
2024-10-14 17:35:21.053170 November: Yes
ChatterBot Kilo reevaluating
ChatterBot India reevaluating
ChatterBot Juliett reevaluating
2024-10-14 17:35:21.071753 November: Sending you each 4
2024-10-14 17:35:21.072715 Zulu: November we want you to join our group
2024-10-14 17:35:21.077724 November: No
ChatterBot Alpha reevaluating
2024-10-14 17:35:21.106789 Lima: November we want you to join our group
2024-10-14 17:35:21.109789 November: No
ChatterBot Alpha reevaluating
2024-10-14 17:35:21.134733 Yankee: November we want you to join our group
2024-10-14 17:35:21.139491 November: No
ChatterBot Alpha reevaluating
2024-10-14 17:35:21.168222 Uniform: Lima, sending you 2
2024-10-14 17:35:21.169185 Kilo: November we want you to join our group
2024-10-14 17:35:21.174233 November: Yes
ChatterBot India reevaluating
2024-10-14 17:35:21.188731 Golf: Uniform, Lima, Zulu and Yankee, sending you 3
2024-10-14 17:35:21.189854 Juliett: November we want you to join our group
2024-10-14 17:35:21.194894 November: Yes
ChatterBot India reevaluating
2024-10-14 17:35:21.210169 Uniform: Zulu, sending you 4
2024-10-14 17:35:21.211255 Alpha: November we want you to join our group
2024-10-14 17:35:21.216400 November: No
ChatterBot Alpha reevaluating
2024-10-14 17:35:21.245875 Golf: Alpha, sending you 6
chatterbot Golf submitting transactions
2024-10-14 17:35:21.247575 Uniform: Golf and Yankee, sending you 3
2024-10-14 17:35:21.715689 Zulu: Uniform and Lima, sending you 1
2024-10-14 17:35:21.716295 Yankee: Uniform and Golf, sending you 2
2024-10-14 17:35:21.717247 Lima: Uniform, sending you 1
chatterbot Yankee submitting transactions
chatterbot November submitting transactions
chatterbot Uniform submitting transactions
2024-10-14 17:35:21.882775 Zulu: Alpha and Yankee, sending you 2
2024-10-14 17:35:21.883376 Yankee: Alpha, November and Zulu, sending you 1
2024-10-14 17:35:21.884126 Kilo: India, sending you 6
2024-10-14 17:35:21.884443 Lima: Alpha, November and Golf, sending you 2
2024-10-14 17:35:21.884815 Juliett: Kilo, sending you 7
chatterbot Lima submitting transactions
chatterbot Alpha submitting transactions
2024-10-14 17:35:21.885736 Zulu: November, sending you 7
2024-10-14 17:35:21.995043 Lima: Zulu, sending you 5
2024-10-14 17:35:21.995919 Yankee: Lima, sending you 3
2024-10-14 17:35:21.996307 Kilo: Juliett, sending you 5
2024-10-14 17:35:21.996570 Juliett: India, sending you 10
2024-10-14 17:35:21.996833 Zulu: Golf, sending you 4
chatterbot Kilo submitting transactions
chatterbot India submitting transactions
2024-10-14 17:35:22.020558 Alpha: Uniform, Golf and Yankee, sending you 2
2024-10-14 17:35:22.021104 India: November, sending you 2
2024-10-14 17:35:22.064022 India: Kilo, sending you 4
2024-10-14 17:35:22.064334 Alpha: November, Lima and Zulu, sending you 1
chatterbot Zulu submitting transactions
2024-10-14 17:35:22.097132 India: Juliett, sending you 7
chatterbot Juliett submitting transactions
ChatterBot Uniform round 3
ChatterBot Alpha round 3
ChatterBot November round 3
ChatterBot Lima round 3
ChatterBot Zulu round 3
ChatterBot Kilo round 3
ChatterBot India round 3
ChatterBot Golf round 3
ChatterBot Juliett round 3
2024-10-14 17:35:22.258340 November: Let's form a team
ChatterBot Golf reevaluating
2024-10-14 17:35:22.275133 Uniform: No
2024-10-14 17:35:22.276191 Lima: Yes
2024-10-14 17:35:22.276487 Zulu: Yes
2024-10-14 17:35:22.276878 Golf: Yes
2024-10-14 17:35:22.277157 Yankee: Yes
ChatterBot November reevaluating
ChatterBot Golf reevaluating
ChatterBot November reevaluating
ChatterBot Golf reevaluating
ChatterBot November reevaluating
ChatterBot Golf reevaluating
ChatterBot November reevaluating
ChatterBot November reevaluating
ChatterBot Golf reevaluating
2024-10-14 17:35:22.365389 Golf: We should add November
2024-10-14 17:35:22.384279 Alpha: Yes
2024-10-14 17:35:22.385006 Yankee: Yes
2024-10-14 17:35:22.385178 Uniform: No
2024-10-14 17:35:22.385338 Zulu: Yes
2024-10-14 17:35:22.385502 Lima: Yes
ChatterBot Golf reevaluating
ChatterBot Golf reevaluating
ChatterBot Alpha reevaluating
ChatterBot Golf reevaluating
ChatterBot Alpha reevaluating
ChatterBot Golf reevaluating
ChatterBot Alpha reevaluating
ChatterBot Golf reevaluating
ChatterBot Yankee round 3
2024-10-14 17:35:22.545703 Uniform: Alpha and Lima, sending you 2
2024-10-14 17:35:22.547684 Zulu: Uniform, November and Golf, sending you 3
2024-10-14 17:35:22.548664 November: Uniform and Golf, sending you 1
2024-10-14 17:35:22.549741 Kilo: November, sending you 1
2024-10-14 17:35:22.550703 Uniform: Zulu, Golf and Yankee, sending you 3
2024-10-14 17:35:22.551713 Zulu: Alpha and Yankee, sending you 2
2024-10-14 17:35:22.553083 November: Lima and Yankee, sending you 2
2024-10-14 17:35:22.553438 India: November, sending you 3
2024-10-14 17:35:22.553721 Kilo: India, sending you 5
2024-10-14 17:35:22.554012 Golf: Uniform, Lima and Yankee, sending you 3
2024-10-14 17:35:22.554677 Alpha: Uniform, sending you 2
2024-10-14 17:35:22.555713 Lima: Uniform, Alpha, Golf and Yankee, sending you 2
2024-10-14 17:35:22.556246 Zulu: Lima, sending you 4
2024-10-14 17:35:22.557068 November: Zulu, sending you 6
2024-10-14 17:35:22.557361 India: Kilo, sending you 4
2024-10-14 17:35:22.557594 Kilo: Juliett, sending you 6
2024-10-14 17:35:22.557848 Golf: Alpha, sending you 4
2024-10-14 17:35:22.558922 Alpha: November, Lima, Zulu and Yankee, sending you 1
2024-10-14 17:35:22.559638 Yankee: Uniform, Lima and Zulu, sending you 2
2024-10-14 17:35:22.560080 Lima: November, sending you 1
2024-10-14 17:35:22.560801 India: Juliett, sending you 6
2024-10-14 17:35:22.561659 Juliett: November, sending you 3
2024-10-14 17:35:22.561967 Golf: Zulu, sending you 5
2024-10-14 17:35:22.562786 Lima: Zulu, sending you 3
2024-10-14 17:35:22.563663 Yankee: Alpha, sending you 1
2024-10-14 17:35:22.564669 Alpha: Golf, sending you 3
2024-10-14 17:35:22.565049 Juliett: Kilo, sending you 6
2024-10-14 17:35:22.567658 Yankee: Golf, sending you 3
2024-10-14 17:35:22.569678 Juliett: India, sending you 8
chatterbot November submitting transactions
chatterbot Uniform submitting transactions
chatterbot Juliett submitting transactions
chatterbot Yankee submitting transactions
chatterbot Kilo submitting transactions
chatterbot Alpha submitting transactions
chatterbot Zulu submitting transactions
chatterbot Lima submitting transactions
chatterbot India submitting transactions
chatterbot Golf submitting transactions
ChatterBot Uniform round 4
ChatterBot Alpha round 4
ChatterBot November round 4
ChatterBot Lima round 4
ChatterBot Zulu round 4
ChatterBot Kilo round 4
ChatterBot India round 4
ChatterBot Golf round 4
ChatterBot Juliett round 4
2024-10-14 17:35:23.714346 November: We should replace Uniform with Alpha
ChatterBot Golf reevaluating
2024-10-14 17:35:23.726884 Lima: No
2024-10-14 17:35:23.727690 Zulu: No
2024-10-14 17:35:23.727989 Golf: No
2024-10-14 17:35:23.728367 Yankee: No
ChatterBot November reevaluating
ChatterBot Golf reevaluating
ChatterBot November reevaluating
ChatterBot Golf reevaluating
ChatterBot November reevaluating
ChatterBot November reevaluating
ChatterBot Golf reevaluating
2024-10-14 17:35:23.777173 Golf: We should add November
ChatterBot Alpha reevaluating
2024-10-14 17:35:23.792886 Alpha: No
2024-10-14 17:35:23.793093 Yankee: Yes
2024-10-14 17:35:23.793297 Uniform: No
2024-10-14 17:35:23.793501 Zulu: Yes
2024-10-14 17:35:23.794217 Lima: Yes
ChatterBot Golf reevaluating
ChatterBot Alpha reevaluating
ChatterBot Golf reevaluating
ChatterBot Alpha reevaluating
ChatterBot Golf reevaluating
ChatterBot Alpha reevaluating
ChatterBot Golf reevaluating
ChatterBot Alpha reevaluating
ChatterBot Golf reevaluating
ChatterBot Yankee round 4
2024-10-14 17:35:23.885671 November: We should replace Yankee with Alpha
ChatterBot Uniform reevaluating
ChatterBot Golf reevaluating
2024-10-14 17:35:23.895505 Uniform: No
2024-10-14 17:35:23.895630 Lima: No
2024-10-14 17:35:23.895755 Zulu: No
2024-10-14 17:35:23.895865 Golf: No
ChatterBot November reevaluating
ChatterBot Golf reevaluating
ChatterBot November reevaluating
ChatterBot Uniform reevaluating
ChatterBot Golf reevaluating
ChatterBot November reevaluating
ChatterBot Uniform reevaluating
ChatterBot Golf reevaluating
ChatterBot November reevaluating
ChatterBot Uniform reevaluating
2024-10-14 17:35:23.941797 November: Alpha we want you to join our group
ChatterBot Alpha reevaluating
2024-10-14 17:35:23.945835 Alpha: No
ChatterBot November reevaluating
2024-10-14 17:35:23.962999 Lima: Uniform, Golf and Yankee, sending you 2
2024-10-14 17:35:23.963512 Zulu: Uniform, Lima and Golf, sending you 3
2024-10-14 17:35:23.964 Kilo: November, sending you 1
2024-10-14 17:35:23.964319 India: November, sending you 3
2024-10-14 17:35:23.964626 Yankee: Uniform, Lima, Zulu and Golf, sending you 2
2024-10-14 17:35:23.965707 Alpha: We should drop November
ChatterBot Uniform reevaluating
2024-10-14 17:35:23.979177 Yankee: No
2024-10-14 17:35:23.979640 Golf: Yes
2024-10-14 17:35:23.979801 Uniform: Yes
2024-10-14 17:35:23.979926 Zulu: No
2024-10-14 17:35:23.980062 Lima: No
ChatterBot Alpha reevaluating
ChatterBot Uniform reevaluating
ChatterBot Alpha reevaluating
ChatterBot Yankee reevaluating
ChatterBot Uniform reevaluating
ChatterBot Lima reevaluating
ChatterBot Alpha reevaluating
ChatterBot Yankee reevaluating
ChatterBot Lima reevaluating
ChatterBot Alpha reevaluating
ChatterBot Yankee reevaluating
ChatterBot Uniform reevaluating
ChatterBot Lima reevaluating
ChatterBot Alpha reevaluating
ChatterBot Yankee reevaluating
ChatterBot Uniform reevaluating
ChatterBot Zulu reevaluating
2024-10-14 17:35:24.044911 Juliett: November, sending you 2
2024-10-14 17:35:24.045282 India: Kilo, sending you 4
2024-10-14 17:35:24.045894 Kilo: India, sending you 5
2024-10-14 17:35:24.048857 Kilo: Juliett, sending you 6
2024-10-14 17:35:24.049271 Golf: Uniform and Lima, sending you 3
2024-10-14 17:35:24.050182 Juliett: Kilo, sending you 7
2024-10-14 17:35:24.050898 India: Juliett, sending you 6
2024-10-14 17:35:24.053678 Golf: Alpha, Zulu and Yankee, sending you 4
2024-10-14 17:35:24.055666 Juliett: India, sending you 8
2024-10-14 17:35:24.061687 November: Uniform, Golf and Yankee, sending you 1
2024-10-14 17:35:24.064680 November: Lima, sending you 3
2024-10-14 17:35:24.067671 Uniform: Alpha and Lima, sending you 2
2024-10-14 17:35:24.068600 November: Zulu, sending you 6
2024-10-14 17:35:24.070658 Uniform: Zulu, Golf and Yankee, sending you 3
2024-10-14 17:35:24.079664 Alpha: Uniform, Lima, Zulu and Golf, sending you 2
2024-10-14 17:35:24.083665 Alpha: Yankee, sending you 1
chatterbot Golf submitting transactions
chatterbot Lima submitting transactions
chatterbot Alpha submitting transactions
chatterbot India submitting transactions
chatterbot Kilo submitting transactions
chatterbot Juliett submitting transactions
chatterbot November submitting transactions
chatterbot Zulu submitting transactions
chatterbot Yankee submitting transactions
chatterbot Uniform submitting transactions
ChatterBot Uniform round 5
ChatterBot Alpha round 5
ChatterBot November round 5
ChatterBot Lima round 5
ChatterBot Zulu round 5
ChatterBot Kilo round 5
ChatterBot India round 5
ChatterBot Golf round 5
ChatterBot Juliett round 5
ChatterBot Yankee round 5
2024-10-14 17:35:25.273570 Zulu: We should add November
ChatterBot Lima reevaluating
2024-10-14 17:35:25.286841 Alpha: No
2024-10-14 17:35:25.287030 Yankee: No
2024-10-14 17:35:25.287157 Golf: No
2024-10-14 17:35:25.287297 Uniform: No
2024-10-14 17:35:25.287429 Lima: Yes
ChatterBot Yankee reevaluating
ChatterBot Zulu reevaluating
ChatterBot Lima reevaluating
ChatterBot Zulu reevaluating
ChatterBot Lima reevaluating
ChatterBot Yankee reevaluating
ChatterBot Zulu reevaluating
ChatterBot Lima reevaluating
ChatterBot Yankee reevaluating
ChatterBot Zulu reevaluating
ChatterBot Lima reevaluating
ChatterBot Yankee reevaluating
ChatterBot Zulu reevaluating
2024-10-14 17:35:25.354425 Yankee: We should drop November
ChatterBot Zulu reevaluating
2024-10-14 17:35:25.372316 Alpha: Yes
2024-10-14 17:35:25.372541 Golf: Yes
2024-10-14 17:35:25.372739 Uniform: Yes
2024-10-14 17:35:25.372920 Zulu: Yes
2024-10-14 17:35:25.373089 Lima: Yes
ChatterBot Yankee reevaluating
ChatterBot Zulu reevaluating
ChatterBot Yankee reevaluating
ChatterBot Zulu reevaluating
ChatterBot Yankee reevaluating
ChatterBot Zulu reevaluating
ChatterBot Yankee reevaluating
ChatterBot Yankee reevaluating
ChatterBot Zulu reevaluating
2024-10-14 17:35:25.438653 Uniform: Alpha and Lima, sending you 2
2024-10-14 17:35:25.439988 Alpha: Uniform, Lima, Zulu and Golf, sending you 2
2024-10-14 17:35:25.440715 November: Kilo, sending you 3
2024-10-14 17:35:25.441156 Juliett: November, sending you 1
2024-10-14 17:35:25.441525 India: November, sending you 2
2024-10-14 17:35:25.441878 Golf: Uniform, Lima and Yankee, sending you 3
2024-10-14 17:35:25.442698 Uniform: Zulu, Golf and Yankee, sending you 3
2024-10-14 17:35:25.444855 Alpha: Yankee, sending you 1
2024-10-14 17:35:25.445406 November: India, sending you 5
2024-10-14 17:35:25.445742 Juliett: Kilo and India, sending you 8
2024-10-14 17:35:25.446065 India: Kilo, sending you 5
2024-10-14 17:35:25.446370 Golf: Alpha, sending you 4
2024-10-14 17:35:25.447655 Kilo: November, sending you 1
2024-10-14 17:35:25.449654 November: Juliett, sending you 4
2024-10-14 17:35:25.450659 India: Juliett, sending you 6
2024-10-14 17:35:25.450978 Golf: Zulu, sending you 5
2024-10-14 17:35:25.452688 Kilo: India, sending you 5
2024-10-14 17:35:25.458004 Kilo: Juliett, sending you 6
2024-10-14 17:35:25.464671 Yankee: Uniform, Lima and Zulu, sending you 2
2024-10-14 17:35:25.469657 Yankee: Alpha, sending you 1
2024-10-14 17:35:25.473677 Yankee: Golf, sending you 3
chatterbot Kilo submitting transactions
chatterbot Golf submitting transactions
chatterbot Zulu submitting transactions
chatterbot Uniform submitting transactions
chatterbot India submitting transactions
chatterbot Juliett submitting transactions
chatterbot November submitting transactions
chatterbot Alpha submitting transactions
chatterbot Lima submitting transactions
chatterbot Yankee submitting transactions
ChatterBot Uniform round 6
ChatterBot Alpha round 6
ChatterBot November round 6
ChatterBot Lima round 6
ChatterBot Zulu round 6
ChatterBot Kilo round 6
ChatterBot India round 6
ChatterBot Golf round 6
ChatterBot Juliett round 6
ChatterBot Yankee round 6
2024-10-14 17:35:26.715808 November: Kilo, sending you 3
2024-10-14 17:35:26.718782 November: India, sending you 5
2024-10-14 17:35:26.719690 Alpha: Uniform, Lima, Zulu and Golf, sending you 2
2024-10-14 17:35:26.720680 Kilo: November, sending you 1
2024-10-14 17:35:26.722683 Alpha: Yankee, sending you 1
2024-10-14 17:35:26.723681 November: Juliett, sending you 4
2024-10-14 17:35:26.724705 Kilo: India, sending you 5
2024-10-14 17:35:26.726672 Golf: Uniform, Alpha and Yankee, sending you 3
2024-10-14 17:35:26.727710 Yankee: Uniform, Lima and Zulu, sending you 2
2024-10-14 17:35:26.728408 Kilo: Juliett, sending you 6
2024-10-14 17:35:26.728828 Uniform: Alpha and Lima, sending you 2
2024-10-14 17:35:26.729862 Juliett: November, sending you 2
2024-10-14 17:35:26.730686 Yankee: Alpha, sending you 1
2024-10-14 17:35:26.731657 Golf: Lima, sending you 4
2024-10-14 17:35:26.732203 India: November, sending you 3
2024-10-14 17:35:26.732672 Uniform: Zulu, Golf and Yankee, sending you 3
2024-10-14 17:35:26.733283 Juliett: Kilo, sending you 7
2024-10-14 17:35:26.735663 Yankee: Golf, sending you 3
2024-10-14 17:35:26.736065 Golf: Zulu, sending you 5
2024-10-14 17:35:26.736431 India: Kilo, sending you 4
2024-10-14 17:35:26.736720 Juliett: India, sending you 8
2024-10-14 17:35:26.739746 India: Juliett, sending you 6
chatterbot India submitting transactions
chatterbot Lima submitting transactions
chatterbot Golf submitting transactions
chatterbot Juliett submitting transactions
chatterbot Uniform submitting transactions
chatterbot November submitting transactions
chatterbot Alpha submitting transactions
chatterbot Yankee submitting transactions
chatterbot Zulu submitting transactions
chatterbot Kilo submitting transactions
ChatterBot Uniform round 7
ChatterBot Alpha round 7
ChatterBot November round 7
ChatterBot Lima round 7
ChatterBot Zulu round 7
ChatterBot Kilo round 7
ChatterBot India round 7
ChatterBot Golf round 7
ChatterBot Juliett round 7
ChatterBot Yankee round 7
2024-10-14 17:35:27.893914 November: We should add Alpha
2024-10-14 17:35:27.902259 Kilo: No
2024-10-14 17:35:27.902434 India: No
2024-10-14 17:35:27.902569 Juliett: No
ChatterBot November reevaluating
ChatterBot November reevaluating
ChatterBot November reevaluating
2024-10-14 17:35:27.946685 Juliett: November, sending you 3
2024-10-14 17:35:27.947682 India: November, sending you 3
2024-10-14 17:35:27.949661 Kilo: November, sending you 2
2024-10-14 17:35:27.951247 India: Kilo, sending you 4
2024-10-14 17:35:27.951749 Juliett: Kilo and India, sending you 7
2024-10-14 17:35:27.952181 Golf: Uniform and Alpha, sending you 3
2024-10-14 17:35:27.952920 November: Kilo, sending you 3
2024-10-14 17:35:27.953339 Kilo: India, sending you 4
2024-10-14 17:35:27.954702 Uniform: Alpha and Lima, sending you 2
2024-10-14 17:35:27.956049 November: India, sending you 5
2024-10-14 17:35:27.956833 India: Juliett, sending you 6
2024-10-14 17:35:27.958278 Yankee: Uniform, Lima and Zulu, sending you 2
2024-10-14 17:35:27.959564 Golf: Lima, Zulu and Yankee, sending you 4
2024-10-14 17:35:27.960684 Kilo: Juliett, sending you 6
2024-10-14 17:35:27.961082 Alpha: Uniform, Lima, Zulu and Golf, sending you 2
2024-10-14 17:35:27.961679 Uniform: Zulu, Golf and Yankee, sending you 3
2024-10-14 17:35:27.962294 November: Juliett, sending you 4
2024-10-14 17:35:27.962761 Yankee: Alpha, sending you 1
2024-10-14 17:35:27.965349 Alpha: Yankee, sending you 1
2024-10-14 17:35:27.967668 Yankee: Golf, sending you 3
chatterbot Juliett submitting transactions
chatterbot Yankee submitting transactions
chatterbot Kilo submitting transactions
chatterbot Zulu submitting transactions
chatterbot Golf submitting transactions
chatterbot Alpha submitting transactions
chatterbot Lima submitting transactions
chatterbot India submitting transactions
chatterbot November submitting transactions
chatterbot Uniform submitting transactions
ChatterBot Uniform round 8
ChatterBot Alpha round 8
ChatterBot November round 8
ChatterBot Lima round 8
ChatterBot Zulu round 8
ChatterBot Kilo round 8
ChatterBot India round 8
ChatterBot Golf round 8
ChatterBot Juliett round 8
ChatterBot Yankee round 8
2024-10-14 17:35:29.143703 Alpha: Uniform, Lima, Zulu and Golf, sending you 2
2024-10-14 17:35:29.148715 Alpha: Yankee, sending you 1
2024-10-14 17:35:29.150444 November: Kilo, sending you 3
2024-10-14 17:35:29.151678 Kilo: November, sending you 2
2024-10-14 17:35:29.152953 Juliett: November, sending you 3
2024-10-14 17:35:29.153758 November: India, sending you 5
2024-10-14 17:35:29.155680 Kilo: India, sending you 4
2024-10-14 17:35:29.158029 November: Juliett, sending you 4
2024-10-14 17:35:29.158720 Juliett: Kilo and India, sending you 7
2024-10-14 17:35:29.159285 Kilo: Juliett, sending you 6
2024-10-14 17:35:29.159884 Uniform: Alpha and Lima, sending you 2
2024-10-14 17:35:29.161708 India: November, sending you 3
2024-10-14 17:35:29.164679 Golf: Uniform and Alpha, sending you 3
2024-10-14 17:35:29.165585 Uniform: Zulu, Golf and Yankee, sending you 3
2024-10-14 17:35:29.166763 India: Kilo, sending you 4
2024-10-14 17:35:29.167400 Yankee: Uniform, Lima and Zulu, sending you 2
2024-10-14 17:35:29.169700 Golf: Lima, Zulu and Yankee, sending you 4
2024-10-14 17:35:29.172170 India: Juliett, sending you 6
2024-10-14 17:35:29.172769 Yankee: Alpha, sending you 1
2024-10-14 17:35:29.178714 Yankee: Golf, sending you 3
chatterbot Kilo submitting transactions
chatterbot Zulu submitting transactions
chatterbot Golf submitting transactions
chatterbot Juliett submitting transactions
chatterbot November submitting transactions
chatterbot Yankee submitting transactions
chatterbot Lima submitting transactions
chatterbot India submitting transactions
chatterbot Alpha submitting transactions
chatterbot Uniform submitting transactions
ChatterBot Uniform round 9
ChatterBot Alpha round 9
ChatterBot November round 9
ChatterBot Lima round 9
ChatterBot Zulu round 9
ChatterBot Kilo round 9
ChatterBot India round 9
ChatterBot Golf round 9
ChatterBot Juliett round 9
ChatterBot Yankee round 9
2024-10-14 17:35:30.257659 Uniform: Alpha and Lima, sending you 2
2024-10-14 17:35:30.260677 Uniform: Zulu, Golf and Yankee, sending you 3
2024-10-14 17:35:30.263772 India: November and Kilo, sending you 4
2024-10-14 17:35:30.265667 Alpha: Uniform, Lima, Zulu and Golf, sending you 2
2024-10-14 17:35:30.267678 Juliett: November, sending you 3
2024-10-14 17:35:30.268677 India: Juliett, sending you 5
2024-10-14 17:35:30.269966 Alpha: Yankee, sending you 1
2024-10-14 17:35:30.270960 Juliett: Kilo and India, sending you 7
2024-10-14 17:35:30.271694 Yankee: Uniform, Lima and Zulu, sending you 2
2024-10-14 17:35:30.272669 Kilo: November, sending you 2
2024-10-14 17:35:30.274687 November: Kilo, sending you 3
2024-10-14 17:35:30.275658 Golf: Uniform and Alpha, sending you 3
2024-10-14 17:35:30.276447 Yankee: Alpha, sending you 1
2024-10-14 17:35:30.277705 Kilo: India, sending you 4
2024-10-14 17:35:30.279681 November: India, sending you 5
2024-10-14 17:35:30.280990 Golf: Lima, Zulu and Yankee, sending you 4
2024-10-14 17:35:30.281629 Yankee: Golf, sending you 3
2024-10-14 17:35:30.282177 Kilo: Juliett, sending you 6
2024-10-14 17:35:30.284650 November: Juliett, sending you 4
chatterbot Uniform submitting transactions
chatterbot Yankee submitting transactions
chatterbot November submitting transactions
chatterbot Golf submitting transactions
chatterbot Lima submitting transactions
chatterbot Juliett submitting transactions
chatterbot Alpha submitting transactions
chatterbot Zulu submitting transactions
chatterbot Kilo submitting transactions
chatterbot India submitting transactions
ChatterBot Uniform round 10
ChatterBot Alpha round 10
ChatterBot November round 10
ChatterBot Lima round 10
ChatterBot Zulu round 10
ChatterBot Kilo round 10
ChatterBot India round 10
ChatterBot Golf round 10
ChatterBot Juliett round 10
ChatterBot Yankee round 10
2024-10-14 17:35:31.560904 Kilo: November, sending you 2
2024-10-14 17:35:31.563678 India: November and Kilo, sending you 4
2024-10-14 17:35:31.565677 Kilo: India, sending you 4
2024-10-14 17:35:31.566681 Juliett: November, sending you 3
2024-10-14 17:35:31.567052 India: Juliett, sending you 5
2024-10-14 17:35:31.569661 Alpha: Uniform, Lima, Zulu and Golf, sending you 2
2024-10-14 17:35:31.570705 November: Kilo, sending you 3
2024-10-14 17:35:31.571101 Uniform: Alpha, Zulu, Golf and Yankee, sending you 3
2024-10-14 17:35:31.572168 Golf: Uniform and Alpha, sending you 3
2024-10-14 17:35:31.572842 Kilo: Juliett, sending you 6
2024-10-14 17:35:31.573201 Juliett: Kilo and India, sending you 7
2024-10-14 17:35:31.573693 November: India, sending you 5
2024-10-14 17:35:31.574727 Uniform: Lima, sending you 1
2024-10-14 17:35:31.575662 Alpha: Yankee, sending you 1
2024-10-14 17:35:31.576537 Golf: Lima, Zulu and Yankee, sending you 4
2024-10-14 17:35:31.577709 November: Juliett, sending you 4
2024-10-14 17:35:31.578105 Yankee: Uniform, Lima and Zulu, sending you 2
2024-10-14 17:35:31.581670 Yankee: Alpha, sending you 1
2024-10-14 17:35:31.586646 Yankee: Golf, sending you 3
chatterbot Juliett submitting transactions
chatterbot Alpha submitting transactions
chatterbot Zulu submitting transactions
chatterbot November submitting transactions
chatterbot India submitting transactions
chatterbot Kilo submitting transactions
chatterbot Golf submitting transactions
chatterbot Uniform submitting transactions
chatterbot Lima submitting transactions
chatterbot Yankee submitting transactions
ChatterBot Uniform round 11
ChatterBot Alpha round 11
ChatterBot November round 11
ChatterBot Lima round 11
ChatterBot Zulu round 11
ChatterBot Kilo round 11
ChatterBot India round 11
ChatterBot Golf round 11
ChatterBot Juliett round 11
ChatterBot Yankee round 11
2024-10-14 17:35:32.785678 Uniform: Alpha, Zulu, Golf and Yankee, sending you 3
2024-10-14 17:35:32.790657 Uniform: Lima, sending you 1
2024-10-14 17:35:32.794651 November: Kilo, sending you 3
2024-10-14 17:35:32.796657 Kilo: November, sending you 2
2024-10-14 17:35:32.797123 Juliett: November, sending you 3
2024-10-14 17:35:32.798037 November: India, sending you 5
2024-10-14 17:35:32.798698 Alpha: Uniform, Lima, Zulu and Golf, sending you 2
2024-10-14 17:35:32.799519 India: November and Kilo, sending you 4
2024-10-14 17:35:32.799961 Kilo: India, sending you 4
2024-10-14 17:35:32.800697 Golf: Uniform and Alpha, sending you 3
2024-10-14 17:35:32.801736 November: Juliett, sending you 4
2024-10-14 17:35:32.802391 Juliett: Kilo and India, sending you 7
2024-10-14 17:35:32.803026 Alpha: Yankee, sending you 1
2024-10-14 17:35:32.804041 India: Juliett, sending you 5
2024-10-14 17:35:32.804693 Kilo: Juliett, sending you 6
2024-10-14 17:35:32.806237 Yankee: Uniform, Lima and Zulu, sending you 2
2024-10-14 17:35:32.807624 Golf: Lima, Zulu and Yankee, sending you 4
2024-10-14 17:35:32.809682 Yankee: Alpha, sending you 1
2024-10-14 17:35:32.813671 Yankee: Golf, sending you 3
chatterbot Kilo submitting transactions
chatterbot Uniform submitting transactions
chatterbot Yankee submitting transactions
chatterbot Lima submitting transactions
chatterbot Alpha submitting transactions
chatterbot November submitting transactions
chatterbot Zulu submitting transactions
chatterbot India submitting transactions
chatterbot Juliett submitting transactions
chatterbot Golf submitting transactions
ChatterBot Uniform round 12
ChatterBot Alpha round 12
ChatterBot November round 12
ChatterBot Lima round 12
ChatterBot Zulu round 12
ChatterBot Kilo round 12
ChatterBot India round 12
ChatterBot Golf round 12
ChatterBot Juliett round 12
ChatterBot Yankee round 12
2024-10-14 17:35:34.066678 November: Kilo, sending you 3
2024-10-14 17:35:34.067731 Alpha: Uniform, Lima, Zulu and Golf, sending you 2
2024-10-14 17:35:34.072673 November: India, sending you 5
2024-10-14 17:35:34.073357 Juliett: November, sending you 3
2024-10-14 17:35:34.076597 Alpha: Yankee, sending you 1
2024-10-14 17:35:34.078009 India: November and Kilo, sending you 4
2024-10-14 17:35:34.079430 Kilo: November, sending you 2
2024-10-14 17:35:34.080133 November: Juliett, sending you 4
2024-10-14 17:35:34.080941 Juliett: Kilo and India, sending you 7
2024-10-14 17:35:34.082236 Yankee: Uniform, Lima and Zulu, sending you 2
2024-10-14 17:35:34.083565 India: Juliett, sending you 5
2024-10-14 17:35:34.084833 Uniform: Alpha, Zulu, Golf and Yankee, sending you 3
2024-10-14 17:35:34.085475 Golf: Uniform and Alpha, sending you 3
2024-10-14 17:35:34.086059 Kilo: India, sending you 4
2024-10-14 17:35:34.087154 Yankee: Alpha, sending you 1
2024-10-14 17:35:34.088677 Uniform: Lima, sending you 1
2024-10-14 17:35:34.090243 Golf: Lima, Zulu and Yankee, sending you 4
2024-10-14 17:35:34.091063 Kilo: Juliett, sending you 6
2024-10-14 17:35:34.092655 Yankee: Golf, sending you 3
chatterbot Yankee submitting transactions
chatterbot India submitting transactions
chatterbot November submitting transactions
chatterbot Lima submitting transactions
chatterbot Zulu submitting transactions
chatterbot Juliett submitting transactions
chatterbot Kilo submitting transactions
chatterbot Golf submitting transactions
chatterbot Alpha submitting transactions
chatterbot Uniform submitting transactions
ChatterBot Uniform round 13
ChatterBot Alpha round 13
ChatterBot November round 13
ChatterBot Lima round 13
ChatterBot Zulu round 13
ChatterBot Kilo round 13
ChatterBot India round 13
ChatterBot Golf round 13
ChatterBot Juliett round 13
ChatterBot Yankee round 13
2024-10-14 17:35:35.347661 Kilo: November, sending you 2
2024-10-14 17:35:35.350667 Uniform: Alpha, Zulu, Golf and Yankee, sending you 3
2024-10-14 17:35:35.352049 Kilo: India, sending you 4
2024-10-14 17:35:35.352657 November: Kilo, sending you 3
2024-10-14 17:35:35.354671 Uniform: Lima, sending you 1
2024-10-14 17:35:35.355563 Kilo: Juliett, sending you 6
2024-10-14 17:35:35.356285 Golf: Uniform and Alpha, sending you 3
2024-10-14 17:35:35.357671 November: India, sending you 5
2024-10-14 17:35:35.358074 Alpha: Uniform, Lima, Zulu and Golf, sending you 2
2024-10-14 17:35:35.360671 Golf: Lima, Zulu and Yankee, sending you 4
2024-10-14 17:35:35.363124 November: Juliett, sending you 4
2024-10-14 17:35:35.363719 India: November and Kilo, sending you 4
2024-10-14 17:35:35.364233 Juliett: November, sending you 3
2024-10-14 17:35:35.364768 Alpha: Yankee, sending you 1
2024-10-14 17:35:35.366691 India: Juliett, sending you 5
2024-10-14 17:35:35.368681 Yankee: Uniform, Lima and Zulu, sending you 2
2024-10-14 17:35:35.369687 Juliett: Kilo and India, sending you 7
2024-10-14 17:35:35.372850 Yankee: Alpha, sending you 1
2024-10-14 17:35:35.377701 Yankee: Golf, sending you 3
chatterbot Alpha submitting transactions
chatterbot Golf submitting transactions
chatterbot November submitting transactions
chatterbot Lima submitting transactions
chatterbot Juliett submitting transactions
chatterbot Zulu submitting transactions
chatterbot Kilo submitting transactions
chatterbot Uniform submitting transactions
chatterbot India submitting transactions
chatterbot Yankee submitting transactions
ChatterBot Uniform round 14
ChatterBot Alpha round 14
ChatterBot November round 14
ChatterBot Lima round 14
ChatterBot Zulu round 14
ChatterBot Kilo round 14
ChatterBot India round 14
ChatterBot Golf round 14
ChatterBot Juliett round 14
ChatterBot Yankee round 14
2024-10-14 17:35:36.518650 Alpha: Uniform, Lima, Zulu and Golf, sending you 2
2024-10-14 17:35:36.519667 Uniform: Alpha, Zulu, Golf and Yankee, sending you 3
2024-10-14 17:35:36.523649 Alpha: Yankee, sending you 1
2024-10-14 17:35:36.524350 Uniform: Lima, sending you 1
2024-10-14 17:35:36.527640 November: Kilo, sending you 3
2024-10-14 17:35:36.528652 Golf: Uniform and Alpha, sending you 3
2024-10-14 17:35:36.529656 India: November and Kilo, sending you 4
2024-10-14 17:35:36.530679 November: India, sending you 5
2024-10-14 17:35:36.532706 India: Juliett, sending you 5
2024-10-14 17:35:36.533663 Golf: Lima, Zulu and Yankee, sending you 4
2024-10-14 17:35:36.534651 Yankee: Uniform, Lima and Zulu, sending you 2
2024-10-14 17:35:36.535370 November: Juliett, sending you 4
2024-10-14 17:35:36.535847 Juliett: November, sending you 3
2024-10-14 17:35:36.536654 Kilo: November, sending you 2
2024-10-14 17:35:36.539673 Yankee: Alpha, sending you 1
2024-10-14 17:35:36.540428 Juliett: Kilo and India, sending you 7
2024-10-14 17:35:36.540932 Kilo: India, sending you 4
2024-10-14 17:35:36.543668 Kilo: Juliett, sending you 6
2024-10-14 17:35:36.544660 Yankee: Golf, sending you 3
chatterbot November submitting transactions
chatterbot Golf submitting transactions
chatterbot Lima submitting transactions
chatterbot Uniform submitting transactions
chatterbot Alpha submitting transactions
chatterbot India submitting transactions
chatterbot Yankee submitting transactions
chatterbot Kilo submitting transactions
chatterbot Zulu submitting transactions
chatterbot Juliett submitting transactions
ChatterBot Uniform round 15
ChatterBot Alpha round 15
ChatterBot November round 15
ChatterBot Lima round 15
ChatterBot Zulu round 15
ChatterBot Kilo round 15
ChatterBot India round 15
ChatterBot Golf round 15
ChatterBot Juliett round 15
ChatterBot Yankee round 15
2024-10-14 17:35:37.784715 India: November and Kilo, sending you 4
2024-10-14 17:35:37.787472 Juliett: November, sending you 3
2024-10-14 17:35:37.789287 November: Kilo, sending you 3
2024-10-14 17:35:37.791020 India: Juliett, sending you 5
2024-10-14 17:35:37.792523 Juliett: Kilo, sending you 8
2024-10-14 17:35:37.794496 November: India, sending you 5
2024-10-14 17:35:37.795252 Golf: Uniform and Alpha, sending you 3
2024-10-14 17:35:37.796654 Uniform: Alpha, Zulu, Golf and Yankee, sending you 3
2024-10-14 17:35:37.800704 Kilo: November, sending you 2
2024-10-14 17:35:37.801894 Juliett: India, sending you 6
