ChatterBot X-ray round 1
ChatterBot Zulu round 1
ChatterBot Juliett round 1
ChatterBot Oscar round 1
ChatterBot Bravo round 1
ChatterBot Tango round 1
ChatterBot Uniform round 1
ChatterBot Hotel round 1
ChatterBot Kilo round 1
ChatterBot Quebec round 1
randomSelections Bravo: {Bravo, Quebec, Zulu, Hotel, Tango, Juliett} 
2024-10-14 17:35:19.586173 Bravo: Group up?
ChatterBot Quebec reevaluating
ChatterBot Zulu reevaluating
ChatterBot Hotel reevaluating
ChatterBot Tango reevaluating
ChatterBot Juliett reevaluating
2024-10-14 17:35:19.596434 Quebec: Yes
2024-10-14 17:35:19.596607 Zulu: Yes
2024-10-14 17:35:19.596737 Hotel: Yes
2024-10-14 17:35:19.596849 Tango: Yes
2024-10-14 17:35:19.596927 Juliett: Yes
ChatterBot Zulu reevaluating
ChatterBot Hotel reevaluating
ChatterBot Tango reevaluating
ChatterBot Juliett reevaluating
ChatterBot Quebec reevaluating
ChatterBot Hotel reevaluating
ChatterBot Tango reevaluating
ChatterBot Juliett reevaluating
ChatterBot Quebec reevaluating
ChatterBot Zulu reevaluating
ChatterBot Tango reevaluating
ChatterBot Juliett reevaluating
ChatterBot Quebec reevaluating
ChatterBot Zulu reevaluating
ChatterBot Hotel reevaluating
ChatterBot Juliett reevaluating
ChatterBot Quebec reevaluating
ChatterBot Zulu reevaluating
ChatterBot Hotel reevaluating
ChatterBot Tango reevaluating
randomSelections Kilo: {Kilo, Quebec, Hotel, Oscar} 
2024-10-14 17:35:19.641843 Kilo: Group up?
ChatterBot Quebec reevaluating
ChatterBot Hotel reevaluating
ChatterBot Oscar reevaluating
2024-10-14 17:35:19.647536 Quebec: No
2024-10-14 17:35:19.648189 Hotel: No
2024-10-14 17:35:19.648332 Oscar: Yes
ChatterBot Hotel reevaluating
ChatterBot Oscar reevaluating
ChatterBot Quebec reevaluating
ChatterBot Oscar reevaluating
ChatterBot Quebec reevaluating
ChatterBot Hotel reevaluating
randomSelections X-ray: {X-ray, Tango, Quebec, Oscar, Kilo, Juliett} 
2024-10-14 17:35:19.666679 X-ray: Let's form a team
ChatterBot Tango reevaluating
ChatterBot Quebec reevaluating
ChatterBot Oscar reevaluating
ChatterBot Juliett reevaluating
2024-10-14 17:35:19.675679 Tango: No
2024-10-14 17:35:19.675811 Quebec: No
2024-10-14 17:35:19.675914 Oscar: No
2024-10-14 17:35:19.676547 Kilo: No
2024-10-14 17:35:19.676690 Juliett: No
ChatterBot Quebec reevaluating
ChatterBot Oscar reevaluating
ChatterBot Juliett reevaluating
ChatterBot Tango reevaluating
ChatterBot Oscar reevaluating
ChatterBot Juliett reevaluating
ChatterBot Tango reevaluating
ChatterBot Quebec reevaluating
ChatterBot Juliett reevaluating
ChatterBot Tango reevaluating
ChatterBot Quebec reevaluating
ChatterBot Oscar reevaluating
ChatterBot Juliett reevaluating
ChatterBot Tango reevaluating
ChatterBot Quebec reevaluating
ChatterBot Oscar reevaluating
randomSelections Uniform: {Uniform, Hotel, Tango, Zulu, X-ray, Bravo} 
2024-10-14 17:35:19.719962 Uniform: Let's form a team
ChatterBot Hotel reevaluating
ChatterBot Tango reevaluating
ChatterBot Zulu reevaluating
2024-10-14 17:35:19.725891 Hotel: No
2024-10-14 17:35:19.726025 Tango: No
2024-10-14 17:35:19.726174 Zulu: No
2024-10-14 17:35:19.726263 X-ray: No
2024-10-14 17:35:19.726358 Bravo: No
ChatterBot Tango reevaluating
ChatterBot Zulu reevaluating
ChatterBot Hotel reevaluating
ChatterBot Zulu reevaluating
ChatterBot Hotel reevaluating
ChatterBot Tango reevaluating
ChatterBot Hotel reevaluating
ChatterBot Tango reevaluating
ChatterBot Zulu reevaluating
ChatterBot Hotel reevaluating
ChatterBot Tango reevaluating
ChatterBot Zulu reevaluating
2024-10-14 17:35:19.765715 Uniform: X-ray, Zulu and Tango, sending you 3
2024-10-14 17:35:19.767674 X-ray: Juliett, sending you 5
2024-10-14 17:35:19.768674 Juliett: Zulu and Hotel, sending you 3
2024-10-14 17:35:19.768983 Quebec: Zulu, sending you 5
2024-10-14 17:35:19.769989 Uniform: Bravo, sending you 1
2024-10-14 17:35:19.770654 Kilo: Oscar and Hotel, sending you 4
2024-10-14 17:35:19.770891 X-ray: Oscar and Quebec, sending you 2
2024-10-14 17:35:19.771792 Juliett: Bravo and Quebec, sending you 2
2024-10-14 17:35:19.772668 Oscar: Hotel, sending you 3
2024-10-14 17:35:19.772919 Quebec: Juliett and Hotel, sending you 2
2024-10-14 17:35:19.773164 Hotel: Juliett, sending you 1
2024-10-14 17:35:19.773869 Uniform: Hotel, sending you 2
2024-10-14 17:35:19.774153 X-ray: Kilo, sending you 3
2024-10-14 17:35:19.774677 Kilo: Quebec, sending you 2
2024-10-14 17:35:19.775735 Quebec: Bravo, sending you 3
2024-10-14 17:35:19.777848 Oscar: Kilo, sending you 6
2024-10-14 17:35:19.778673 Hotel: Tango, sending you 3
2024-10-14 17:35:19.778960 Bravo: Zulu, sending you 6
2024-10-14 17:35:19.779699 Tango: Zulu, Juliett and Hotel, sending you 3
2024-10-14 17:35:19.780703 Quebec: Tango, sending you 4
2024-10-14 17:35:19.781042 Zulu: Juliett, Tango and Hotel, sending you 3
2024-10-14 17:35:19.781798 Oscar: Quebec, sending you 1
2024-10-14 17:35:19.782126 Bravo: Juliett, sending you 4
2024-10-14 17:35:19.783684 Hotel: Quebec, sending you 2
2024-10-14 17:35:19.784035 Tango: Bravo and Quebec, sending you 4
2024-10-14 17:35:19.784659 Zulu: Bravo and Quebec, sending you 2
2024-10-14 17:35:19.785367 Bravo: Hotel, sending you 3
2024-10-14 17:35:19.789666 Bravo: Quebec, sending you 5
chatterbot Bravo submitting transactions
chatterbot Quebec submitting transactions
chatterbot Juliett submitting transactions
chatterbot Hotel submitting transactions
chatterbot Zulu submitting transactions
chatterbot X-ray submitting transactions
chatterbot Oscar submitting transactions
chatterbot Uniform submitting transactions
chatterbot Kilo submitting transactions
chatterbot Tango submitting transactions
ChatterBot X-ray round 2
ChatterBot Zulu round 2
ChatterBot Juliett round 2
ChatterBot Oscar round 2
ChatterBot Bravo round 2
2024-10-14 17:35:21.192872 Zulu: We should add Uniform
ChatterBot Bravo reevaluating
ChatterBot Quebec reevaluating
ChatterBot Hotel reevaluating
ChatterBot Tango reevaluating
2024-10-14 17:35:21.265772 Bravo: No
2024-10-14 17:35:21.265983 Quebec: No
2024-10-14 17:35:21.266148 Hotel: No
2024-10-14 17:35:21.266315 Tango: No
2024-10-14 17:35:21.266858 Juliett: No
ChatterBot Quebec reevaluating
ChatterBot Hotel reevaluating
ChatterBot Tango reevaluating
ChatterBot Bravo reevaluating
ChatterBot Hotel reevaluating
ChatterBot Tango reevaluating
ChatterBot Bravo reevaluating
ChatterBot Quebec reevaluating
ChatterBot Zulu reevaluating
ChatterBot Tango reevaluating
ChatterBot Bravo reevaluating
ChatterBot Quebec reevaluating
ChatterBot Zulu reevaluating
ChatterBot Hotel reevaluating
ChatterBot Bravo reevaluating
ChatterBot Quebec reevaluating
ChatterBot Zulu reevaluating
ChatterBot Hotel reevaluating
ChatterBot Tango reevaluating
ChatterBot Tango round 2
ChatterBot Uniform round 2
ChatterBot Hotel round 2
ChatterBot Kilo round 2
2024-10-14 17:35:21.517366 X-ray: We should group up
ChatterBot Uniform reevaluating
2024-10-14 17:35:21.521596 Uniform: No
2024-10-14 17:35:21.529406 Oscar: Group up?
ChatterBot Kilo reevaluating
ChatterBot Uniform reevaluating
2024-10-14 17:35:21.549462 Kilo: Yes
2024-10-14 17:35:21.549698 X-ray: No
2024-10-14 17:35:21.549838 Uniform: Yes
ChatterBot Oscar reevaluating
ChatterBot X-ray reevaluating
ChatterBot Uniform reevaluating
ChatterBot Oscar reevaluating
ChatterBot Kilo reevaluating
ChatterBot Uniform reevaluating
ChatterBot Oscar reevaluating
ChatterBot Kilo reevaluating
ChatterBot X-ray reevaluating
ChatterBot Quebec round 2
2024-10-14 17:35:21.689241 Tango: We should drop Hotel
ChatterBot Zulu reevaluating
2024-10-14 17:35:21.704683 Zulu: Yes
2024-10-14 17:35:21.704985 Juliett: No
2024-10-14 17:35:21.705647 Bravo: No
2024-10-14 17:35:21.705801 Quebec: No
ChatterBot Zulu reevaluating
ChatterBot Zulu reevaluating
ChatterBot Zulu reevaluating
2024-10-14 17:35:21.763892 Juliett: Sending you each 2
2024-10-14 17:35:21.891108 Uniform: Sending you each 4
2024-10-14 17:35:21.891439 Oscar: X-ray and Uniform, sending you 3
2024-10-14 17:35:21.891719 X-ray: Oscar and Kilo, sending you 1
2024-10-14 17:35:21.892311 Bravo: Zulu, Juliett and Quebec, sending you 4
2024-10-14 17:35:21.997753 Quebec: Zulu, Juliett and Hotel, sending you 3
2024-10-14 17:35:21.998120 Hotel: Zulu, sending you 2
2024-10-14 17:35:21.998404 Tango: Zulu, sending you 6
2024-10-14 17:35:21.999031 Oscar: Kilo, sending you 4
2024-10-14 17:35:21.999256 X-ray: Uniform, sending you 10
2024-10-14 17:35:21.999453 Bravo: Tango, sending you 5
2024-10-14 17:35:21.999765 Kilo: X-ray and Oscar, sending you 4
2024-10-14 17:35:22.000941 Quebec: Bravo and Tango, sending you 4
2024-10-14 17:35:22.021221 Hotel: Juliett, Bravo, Tango and Quebec, sending you 1
2024-10-14 17:35:22.022037 Tango: Juliett and Bravo, sending you 2
2024-10-14 17:35:22.022322 Bravo: Hotel, sending you 2
2024-10-14 17:35:22.022730 Zulu: Juliett and Tango, sending you 3
2024-10-14 17:35:22.065399 Tango: Quebec, sending you 7
2024-10-14 17:35:22.065837 Zulu: Bravo, sending you 5
chatterbot Quebec submitting transactions
2024-10-14 17:35:22.097473 Zulu: Hotel, sending you 1
chatterbot Juliett submitting transactions
2024-10-14 17:35:22.111848 Zulu: Quebec, sending you 4
chatterbot Bravo submitting transactions
chatterbot Zulu submitting transactions
chatterbot Hotel submitting transactions
chatterbot Uniform submitting transactions
chatterbot Oscar submitting transactions
chatterbot Tango submitting transactions
chatterbot Kilo submitting transactions
chatterbot X-ray submitting transactions
ChatterBot X-ray round 3
ChatterBot Zulu round 3
ChatterBot Juliett round 3
ChatterBot Oscar round 3
ChatterBot Bravo round 3
ChatterBot Tango round 3
ChatterBot Uniform round 3
ChatterBot Hotel round 3
ChatterBot Kilo round 3
ChatterBot Quebec round 3
2024-10-14 17:35:23.041645 Juliett: Same as last round
2024-10-14 17:35:23.042666 Zulu: Juliett, sending you 3
2024-10-14 17:35:23.047945 Zulu: Bravo, Tango and Quebec, sending you 4
2024-10-14 17:35:23.049703 Bravo: Zulu, sending you 5
2024-10-14 17:35:23.052684 Zulu: Hotel, sending you 1
2024-10-14 17:35:23.053063 Hotel: Zulu, Juliett, Bravo and Tango, sending you 1
2024-10-14 17:35:23.053401 Oscar: X-ray and Uniform, sending you 3
2024-10-14 17:35:23.053676 Bravo: Juliett, Tango and Quebec, sending you 4
2024-10-14 17:35:23.054109 Tango: Zulu and Quebec, sending you 5
2024-10-14 17:35:23.054685 Kilo: X-ray, sending you 2
2024-10-14 17:35:23.055679 X-ray: Oscar, sending you 3
2024-10-14 17:35:23.056679 Hotel: Quebec, sending you 2
2024-10-14 17:35:23.058013 Oscar: Kilo, sending you 4
2024-10-14 17:35:23.058267 Bravo: Hotel, sending you 2
2024-10-14 17:35:23.058669 Tango: Juliett, sending you 3
2024-10-14 17:35:23.059005 X-ray: Uniform, sending you 5
2024-10-14 17:35:23.059671 Kilo: Oscar, sending you 4
2024-10-14 17:35:23.060662 Uniform: X-ray, sending you 8
2024-10-14 17:35:23.062673 Quebec: Zulu, Juliett and Hotel, sending you 3
2024-10-14 17:35:23.063041 X-ray: Kilo, sending you 4
2024-10-14 17:35:23.063701 Kilo: Uniform, sending you 3
2024-10-14 17:35:23.063928 Tango: Bravo, sending you 4
2024-10-14 17:35:23.064658 Uniform: Oscar, sending you 3
2024-10-14 17:35:23.065667 Quebec: Bravo and Tango, sending you 4
2024-10-14 17:35:23.067692 Uniform: Kilo, sending you 1
chatterbot Hotel submitting transactions
chatterbot Juliett submitting transactions
chatterbot Bravo submitting transactions
chatterbot Uniform submitting transactions
chatterbot Kilo submitting transactions
chatterbot Zulu submitting transactions
chatterbot Tango submitting transactions
chatterbot Oscar submitting transactions
chatterbot Quebec submitting transactions
chatterbot X-ray submitting transactions
ChatterBot X-ray round 4
ChatterBot Zulu round 4
ChatterBot Juliett round 4
ChatterBot Oscar round 4
ChatterBot Bravo round 4
ChatterBot Tango round 4
ChatterBot Uniform round 4
ChatterBot Hotel round 4
ChatterBot Kilo round 4
ChatterBot Quebec round 4
2024-10-14 17:35:24.313674 Hotel: Zulu, Juliett, Bravo and Tango, sending you 1
2024-10-14 17:35:24.314688 Juliett: Same as last round
2024-10-14 17:35:24.315149 Zulu: Juliett and Quebec, sending you 3
2024-10-14 17:35:24.315943 Oscar: X-ray and Uniform, sending you 3
2024-10-14 17:35:24.317659 Zulu: Bravo and Tango, sending you 4
2024-10-14 17:35:24.318676 Hotel: Quebec, sending you 2
2024-10-14 17:35:24.319230 Oscar: Kilo, sending you 4
2024-10-14 17:35:24.319664 Tango: Zulu and Quebec, sending you 5
2024-10-14 17:35:24.320661 Zulu: Hotel, sending you 2
2024-10-14 17:35:24.321653 Quebec: Zulu, Bravo and Tango, sending you 4
2024-10-14 17:35:24.322674 Uniform: X-ray, sending you 7
2024-10-14 17:35:24.323664 Tango: Juliett, sending you 3
2024-10-14 17:35:24.324683 Bravo: Zulu, sending you 5
2024-10-14 17:35:24.325073 Kilo: X-ray, sending you 3
2024-10-14 17:35:24.325698 X-ray: Oscar and Kilo, sending you 3
2024-10-14 17:35:24.326370 Uniform: Oscar, sending you 3
2024-10-14 17:35:24.326686 Quebec: Juliett, sending you 3
2024-10-14 17:35:24.327669 Tango: Bravo, sending you 4
2024-10-14 17:35:24.328659 Bravo: Juliett and Hotel, sending you 3
2024-10-14 17:35:24.329049 Kilo: Oscar, sending you 4
2024-10-14 17:35:24.329650 Uniform: Kilo, sending you 2
2024-10-14 17:35:24.329914 Quebec: Hotel, sending you 2
2024-10-14 17:35:24.330658 X-ray: Uniform, sending you 6
2024-10-14 17:35:24.333665 Bravo: Tango and Quebec, sending you 4
2024-10-14 17:35:24.334059 Kilo: Uniform, sending you 2
chatterbot Kilo submitting transactions
chatterbot Juliett submitting transactions
chatterbot Hotel submitting transactions
chatterbot Bravo submitting transactions
chatterbot Uniform submitting transactions
chatterbot X-ray submitting transactions
chatterbot Tango submitting transactions
chatterbot Oscar submitting transactions
chatterbot Quebec submitting transactions
chatterbot Zulu submitting transactions
ChatterBot X-ray round 5
ChatterBot Zulu round 5
ChatterBot Juliett round 5
ChatterBot Oscar round 5
ChatterBot Bravo round 5
ChatterBot Tango round 5
ChatterBot Uniform round 5
ChatterBot Hotel round 5
ChatterBot Kilo round 5
ChatterBot Quebec round 5
2024-10-14 17:35:25.485649 Zulu: Juliett and Quebec, sending you 3
2024-10-14 17:35:25.486679 Oscar: X-ray and Uniform, sending you 3
2024-10-14 17:35:25.488654 X-ray: Oscar and Kilo, sending you 3
2024-10-14 17:35:25.489767 Zulu: Bravo and Tango, sending you 4
2024-10-14 17:35:25.490438 Oscar: Kilo, sending you 4
2024-10-14 17:35:25.491662 Tango: Zulu and Quebec, sending you 5
2024-10-14 17:35:25.492659 X-ray: Uniform, sending you 6
2024-10-14 17:35:25.492970 Zulu: Hotel, sending you 2
2024-10-14 17:35:25.496667 Tango: Juliett, sending you 3
2024-10-14 17:35:25.497698 Juliett: Same as last round
2024-10-14 17:35:25.498664 Bravo: Zulu, sending you 5
2024-10-14 17:35:25.499674 Uniform: X-ray, sending you 7
2024-10-14 17:35:25.500690 Kilo: X-ray, sending you 3
2024-10-14 17:35:25.501077 Tango: Bravo, sending you 4
2024-10-14 17:35:25.501680 Hotel: Zulu, Juliett, Bravo and Tango, sending you 1
2024-10-14 17:35:25.502131 Bravo: Juliett and Hotel, sending you 3
2024-10-14 17:35:25.504655 Uniform: Oscar, sending you 3
2024-10-14 17:35:25.505675 Quebec: Zulu, Juliett and Hotel, sending you 3
2024-10-14 17:35:25.506167 Kilo: Oscar, sending you 4
2024-10-14 17:35:25.506666 Hotel: Quebec, sending you 2
2024-10-14 17:35:25.508148 Bravo: Tango and Quebec, sending you 4
2024-10-14 17:35:25.508734 Uniform: Kilo, sending you 2
2024-10-14 17:35:25.509667 Kilo: Uniform, sending you 2
2024-10-14 17:35:25.510662 Quebec: Bravo and Tango, sending you 4
chatterbot Kilo submitting transactions
chatterbot X-ray submitting transactions
chatterbot Zulu submitting transactions
chatterbot Uniform submitting transactions
chatterbot Tango submitting transactions
chatterbot Juliett submitting transactions
chatterbot Bravo submitting transactions
chatterbot Oscar submitting transactions
chatterbot Hotel submitting transactions
chatterbot Quebec submitting transactions
ChatterBot X-ray round 6
ChatterBot Zulu round 6
ChatterBot Juliett round 6
ChatterBot Oscar round 6
ChatterBot Bravo round 6
ChatterBot Tango round 6
ChatterBot Uniform round 6
ChatterBot Hotel round 6
ChatterBot Kilo round 6
ChatterBot Quebec round 6
2024-10-14 17:35:26.745652 Oscar: X-ray and Uniform, sending you 3
2024-10-14 17:35:26.749678 Oscar: Kilo, sending you 4
2024-10-14 17:35:26.749998 Tango: Zulu and Quebec, sending you 5
2024-10-14 17:35:26.752653 Uniform: X-ray, sending you 6
2024-10-14 17:35:26.753061 Bravo: Zulu, sending you 5
2024-10-14 17:35:26.753640 Tango: Juliett, sending you 3
2024-10-14 17:35:26.754016 Zulu: Juliett and Quebec, sending you 3
2024-10-14 17:35:26.754544 Hotel: Zulu, Juliett, Bravo and Tango, sending you 1
2024-10-14 17:35:26.755503 Kilo: X-ray and Oscar, sending you 4
2024-10-14 17:35:26.755885 Juliett: Same as last round
2024-10-14 17:35:26.756423 X-ray: Oscar and Kilo, sending you 3
2024-10-14 17:35:26.756759 Uniform: Oscar and Kilo, sending you 3
2024-10-14 17:35:26.757103 Bravo: Juliett and Hotel, sending you 3
2024-10-14 17:35:26.757629 Tango: Bravo, sending you 4
2024-10-14 17:35:26.757996 Zulu: Bravo and Tango, sending you 4
2024-10-14 17:35:26.759647 Hotel: Quebec, sending you 2
2024-10-14 17:35:26.760108 Kilo: Uniform, sending you 2
2024-10-14 17:35:26.760654 Quebec: Zulu, Juliett and Hotel, sending you 3
2024-10-14 17:35:26.761017 Bravo: Tango and Quebec, sending you 4
2024-10-14 17:35:26.761330 Zulu: Hotel, sending you 2
2024-10-14 17:35:26.761689 X-ray: Uniform, sending you 6
2024-10-14 17:35:26.763667 Quebec: Bravo and Tango, sending you 4
chatterbot Kilo submitting transactions
chatterbot Hotel submitting transactions
chatterbot Quebec submitting transactions
chatterbot Uniform submitting transactions
chatterbot Tango submitting transactions
chatterbot X-ray submitting transactions
chatterbot Oscar submitting transactions
chatterbot Juliett submitting transactions
chatterbot Zulu submitting transactions
chatterbot Bravo submitting transactions
ChatterBot X-ray round 7
ChatterBot Zulu round 7
ChatterBot Juliett round 7
ChatterBot Oscar round 7
ChatterBot Bravo round 7
ChatterBot Tango round 7
ChatterBot Uniform round 7
ChatterBot Hotel round 7
ChatterBot Kilo round 7
ChatterBot Quebec round 7
2024-10-14 17:35:27.849249 Zulu: We should drop Hotel
2024-10-14 17:35:27.863810 Tango: Yes
2024-10-14 17:35:27.864051 Juliett: No
2024-10-14 17:35:27.864242 Bravo: No
2024-10-14 17:35:27.864425 Quebec: No
ChatterBot Zulu reevaluating
ChatterBot Zulu reevaluating
ChatterBot Zulu reevaluating
ChatterBot Zulu reevaluating
2024-10-14 17:35:27.930686 X-ray: Oscar and Kilo, sending you 3
2024-10-14 17:35:27.933676 Bravo: Zulu, sending you 5
2024-10-14 17:35:27.934188 X-ray: Uniform, sending you 6
2024-10-14 17:35:27.936711 Juliett: Same as last round
2024-10-14 17:35:27.937331 Oscar: X-ray and Uniform, sending you 3
2024-10-14 17:35:27.937706 Zulu: Juliett and Quebec, sending you 3
2024-10-14 17:35:27.938226 Bravo: Juliett and Hotel, sending you 3
2024-10-14 17:35:27.940695 Oscar: Kilo, sending you 4
2024-10-14 17:35:27.941035 Zulu: Bravo and Tango, sending you 4
2024-10-14 17:35:27.944058 Bravo: Tango and Quebec, sending you 4
2024-10-14 17:35:27.945052 Quebec: Zulu, Juliett and Hotel, sending you 3
2024-10-14 17:35:27.945966 Zulu: Hotel, sending you 2
2024-10-14 17:35:27.946877 Tango: Zulu and Quebec, sending you 5
2024-10-14 17:35:27.948654 Hotel: Zulu, Juliett, Bravo and Tango, sending you 1
2024-10-14 17:35:27.949693 Quebec: Bravo and Tango, sending you 4
2024-10-14 17:35:27.950240 Uniform: X-ray, sending you 6
2024-10-14 17:35:27.951679 Tango: Juliett, sending you 3
2024-10-14 17:35:27.952665 Hotel: Quebec, sending you 2
2024-10-14 17:35:27.954684 Uniform: Oscar and Kilo, sending you 3
2024-10-14 17:35:27.955103 Tango: Bravo, sending you 4
2024-10-14 17:35:27.955695 Kilo: X-ray and Oscar, sending you 4
2024-10-14 17:35:27.958669 Kilo: Uniform, sending you 2
chatterbot Tango submitting transactions
chatterbot Zulu submitting transactions
chatterbot X-ray submitting transactions
chatterbot Bravo submitting transactions
chatterbot Uniform submitting transactions
chatterbot Kilo submitting transactions
chatterbot Quebec submitting transactions
chatterbot Oscar submitting transactions
chatterbot Hotel submitting transactions
chatterbot Juliett submitting transactions
ChatterBot X-ray round 8
ChatterBot Zulu round 8
ChatterBot Juliett round 8
ChatterBot Oscar round 8
ChatterBot Bravo round 8
ChatterBot Tango round 8
ChatterBot Uniform round 8
ChatterBot Hotel round 8
ChatterBot Kilo round 8
ChatterBot Quebec round 8
2024-10-14 17:35:29.163307 Zulu: We should drop Hotel
2024-10-14 17:35:29.172739 Tango: Yes
2024-10-14 17:35:29.173109 Juliett: No
2024-10-14 17:35:29.173293 Bravo: No
2024-10-14 17:35:29.173570 Quebec: No
ChatterBot Zulu reevaluating
ChatterBot Zulu reevaluating
ChatterBot Zulu reevaluating
ChatterBot Zulu reevaluating
2024-10-14 17:35:29.223694 X-ray: Oscar and Kilo, sending you 3
2024-10-14 17:35:29.225308 Kilo: X-ray and Oscar, sending you 4
2024-10-14 17:35:29.226676 Tango: Zulu and Quebec, sending you 5
2024-10-14 17:35:29.227143 Oscar: X-ray and Uniform, sending you 3
2024-10-14 17:35:29.229666 X-ray: Uniform, sending you 6
2024-10-14 17:35:29.230129 Kilo: Uniform, sending you 2
2024-10-14 17:35:29.230686 Tango: Juliett, sending you 3
2024-10-14 17:35:29.231194 Oscar: Kilo, sending you 4
2024-10-14 17:35:29.231698 Juliett: Same as last round
2024-10-14 17:35:29.234654 Tango: Bravo, sending you 4
2024-10-14 17:35:29.235662 Bravo: Zulu, sending you 5
2024-10-14 17:35:29.236689 Quebec: Zulu, Juliett and Hotel, sending you 3
2024-10-14 17:35:29.237334 Hotel: Zulu, Juliett, Bravo and Tango, sending you 1
2024-10-14 17:35:29.238688 Uniform: X-ray, sending you 6
2024-10-14 17:35:29.239679 Bravo: Juliett and Hotel, sending you 3
2024-10-14 17:35:29.241749 Quebec: Bravo and Tango, sending you 4
2024-10-14 17:35:29.242660 Hotel: Quebec, sending you 2
2024-10-14 17:35:29.243342 Zulu: Juliett and Quebec, sending you 3
2024-10-14 17:35:29.243997 Uniform: Oscar and Kilo, sending you 3
2024-10-14 17:35:29.244937 Bravo: Tango and Quebec, sending you 4
2024-10-14 17:35:29.248666 Zulu: Bravo and Tango, sending you 4
2024-10-14 17:35:29.253672 Zulu: Hotel, sending you 2
chatterbot X-ray submitting transactions
chatterbot Uniform submitting transactions
chatterbot Juliett submitting transactions
chatterbot Tango submitting transactions
chatterbot Oscar submitting transactions
chatterbot Hotel submitting transactions
chatterbot Quebec submitting transactions
chatterbot Zulu submitting transactions
chatterbot Kilo submitting transactions
chatterbot Bravo submitting transactions
ChatterBot X-ray round 9
ChatterBot Zulu round 9
ChatterBot Juliett round 9
ChatterBot Oscar round 9
ChatterBot Bravo round 9
ChatterBot Tango round 9
ChatterBot Uniform round 9
ChatterBot Hotel round 9
ChatterBot Kilo round 9
ChatterBot Quebec round 9
2024-10-14 17:35:30.380693 Hotel: Zulu, Juliett, Bravo and Tango, sending you 1
2024-10-14 17:35:30.381794 Zulu: Juliett and Quebec, sending you 3
2024-10-14 17:35:30.383691 Kilo: X-ray and Oscar, sending you 4
2024-10-14 17:35:30.384673 Hotel: Quebec, sending you 2
2024-10-14 17:35:30.385690 Zulu: Bravo and Tango, sending you 4
2024-10-14 17:35:30.386913 Quebec: Zulu, Juliett and Hotel, sending you 3
2024-10-14 17:35:30.387506 Bravo: Zulu, sending you 5
2024-10-14 17:35:30.388104 Tango: Zulu and Quebec, sending you 5
2024-10-14 17:35:30.388481 Kilo: Uniform, sending you 2
2024-10-14 17:35:30.388880 X-ray: Oscar, sending you 3
2024-10-14 17:35:30.389988 Juliett: Same as last round
2024-10-14 17:35:30.390723 Zulu: Hotel, sending you 2
2024-10-14 17:35:30.391479 Bravo: Juliett and Hotel, sending you 3
2024-10-14 17:35:30.392055 Quebec: Bravo and Tango, sending you 4
2024-10-14 17:35:30.392733 Tango: Juliett, sending you 3
2024-10-14 17:35:30.393055 X-ray: Uniform, sending you 5
2024-10-14 17:35:30.393807 Uniform: X-ray, sending you 6
2024-10-14 17:35:30.395674 Bravo: Tango and Quebec, sending you 4
2024-10-14 17:35:30.396678 X-ray: Kilo, sending you 4
2024-10-14 17:35:30.398020 Tango: Bravo, sending you 4
2024-10-14 17:35:30.398481 Uniform: Oscar and Kilo, sending you 3
chatterbot Quebec submitting transactions
chatterbot Bravo submitting transactions
chatterbot X-ray submitting transactions
chatterbot Juliett submitting transactions
chatterbot Uniform submitting transactions
chatterbot Zulu submitting transactions
chatterbot Kilo submitting transactions
chatterbot Hotel submitting transactions
chatterbot Tango submitting transactions
chatterbot Oscar submitting transactions
ChatterBot X-ray round 10
ChatterBot Zulu round 10
ChatterBot Juliett round 10
ChatterBot Oscar round 10
ChatterBot Bravo round 10
ChatterBot Tango round 10
ChatterBot Uniform round 10
ChatterBot Hotel round 10
ChatterBot Kilo round 10
ChatterBot Quebec round 10
2024-10-14 17:35:31.496636 Zulu: We should drop Hotel
2024-10-14 17:35:31.506543 Tango: Yes
2024-10-14 17:35:31.506734 Juliett: No
2024-10-14 17:35:31.506914 Bravo: No
2024-10-14 17:35:31.507020 Quebec: No
ChatterBot Zulu reevaluating
ChatterBot Zulu reevaluating
ChatterBot Zulu reevaluating
2024-10-14 17:35:31.560896 Juliett: Same as last round
2024-10-14 17:35:31.561655 Oscar: X-ray and Uniform, sending you 3
2024-10-14 17:35:31.564672 Oscar: Kilo, sending you 4
2024-10-14 17:35:31.567656 Tango: Zulu and Quebec, sending you 5
2024-10-14 17:35:31.571678 Kilo: X-ray and Oscar, sending you 4
2024-10-14 17:35:31.572143 Tango: Juliett, sending you 3
2024-10-14 17:35:31.573686 X-ray: Oscar, sending you 2
2024-10-14 17:35:31.574180 Uniform: X-ray, sending you 6
2024-10-14 17:35:31.574734 Kilo: Uniform, sending you 3
2024-10-14 17:35:31.575225 Tango: Bravo, sending you 4
2024-10-14 17:35:31.577660 Quebec: Zulu, Juliett and Hotel, sending you 3
2024-10-14 17:35:31.578274 X-ray: Uniform, sending you 6
2024-10-14 17:35:31.578690 Uniform: Oscar and Kilo, sending you 3
2024-10-14 17:35:31.579007 Bravo: Zulu, sending you 5
2024-10-14 17:35:31.579666 Hotel: Zulu, Juliett, Bravo and Tango, sending you 1
2024-10-14 17:35:31.580682 Quebec: Bravo and Tango, sending you 4
2024-10-14 17:35:31.582844 X-ray: Kilo, sending you 4
2024-10-14 17:35:31.583260 Bravo: Juliett and Hotel, sending you 3
2024-10-14 17:35:31.583817 Hotel: Quebec, sending you 2
2024-10-14 17:35:31.587682 Bravo: Tango and Quebec, sending you 4
chatterbot Uniform submitting transactions
chatterbot Hotel submitting transactions
chatterbot Kilo submitting transactions
chatterbot Juliett submitting transactions
chatterbot Zulu submitting transactions
chatterbot Tango submitting transactions
chatterbot Bravo submitting transactions
chatterbot Oscar submitting transactions
chatterbot X-ray submitting transactions
chatterbot Quebec submitting transactions
ChatterBot X-ray round 11
ChatterBot Zulu round 11
ChatterBot Juliett round 11
ChatterBot Oscar round 11
ChatterBot Bravo round 11
ChatterBot Tango round 11
ChatterBot Uniform round 11
ChatterBot Hotel round 11
ChatterBot Kilo round 11
ChatterBot Quebec round 11
2024-10-14 17:35:32.731982 Zulu: Juliett, Bravo and Quebec, sending you 2
2024-10-14 17:35:32.736673 Zulu: Tango, sending you 3
2024-10-14 17:35:32.738682 Uniform: X-ray, sending you 6
2024-10-14 17:35:32.739663 Oscar: X-ray and Uniform, sending you 3
2024-10-14 17:35:32.741663 Zulu: Hotel, sending you 1
2024-10-14 17:35:32.742815 Uniform: Oscar and Kilo, sending you 3
2024-10-14 17:35:32.743490 Oscar: Kilo, sending you 4
2024-10-14 17:35:32.744682 Juliett: Same as last round
2024-10-14 17:35:32.748326 X-ray: Oscar, sending you 3
2024-10-14 17:35:32.748792 Tango: Zulu, Juliett and Bravo, sending you 4
2024-10-14 17:35:32.749676 Hotel: Zulu, Juliett, Bravo and Tango, sending you 1
2024-10-14 17:35:32.750711 Kilo: X-ray and Oscar, sending you 4
2024-10-14 17:35:32.751675 Tango: Quebec, sending you 5
2024-10-14 17:35:32.753319 Quebec: Zulu, Juliett and Hotel, sending you 3
2024-10-14 17:35:32.754019 X-ray: Uniform, sending you 5
2024-10-14 17:35:32.754396 Hotel: Quebec, sending you 2
2024-10-14 17:35:32.755060 Bravo: Zulu, Juliett, Tango and Quebec, sending you 4
2024-10-14 17:35:32.755896 Kilo: Uniform, sending you 3
2024-10-14 17:35:32.758483 Quebec: Bravo and Tango, sending you 4
2024-10-14 17:35:32.759279 X-ray: Kilo, sending you 4
2024-10-14 17:35:32.760693 Bravo: Hotel, sending you 3
chatterbot Quebec submitting transactions
chatterbot Hotel submitting transactions
chatterbot X-ray submitting transactions
chatterbot Oscar submitting transactions
chatterbot Bravo submitting transactions
chatterbot Tango submitting transactions
chatterbot Kilo submitting transactions
chatterbot Juliett submitting transactions
chatterbot Zulu submitting transactions
chatterbot Uniform submitting transactions
ChatterBot X-ray round 12
ChatterBot Zulu round 12
ChatterBot Juliett round 12
ChatterBot Oscar round 12
ChatterBot Bravo round 12
ChatterBot Tango round 12
ChatterBot Uniform round 12
ChatterBot Hotel round 12
ChatterBot Kilo round 12
ChatterBot Quebec round 12
2024-10-14 17:35:34.006559 Zulu: We should drop Hotel
ChatterBot Bravo reevaluating
2024-10-14 17:35:34.018245 Tango: Yes
2024-10-14 17:35:34.018570 Juliett: No
2024-10-14 17:35:34.018939 Bravo: Yes
2024-10-14 17:35:34.019342 Quebec: No
ChatterBot Zulu reevaluating
ChatterBot Bravo reevaluating
ChatterBot Zulu reevaluating
ChatterBot Bravo reevaluating
ChatterBot Zulu reevaluating
ChatterBot Zulu reevaluating
ChatterBot Bravo reevaluating
2024-10-14 17:35:34.082684 Juliett: Same as last round
2024-10-14 17:35:34.087138 Oscar: X-ray and Uniform, sending you 3
2024-10-14 17:35:34.091684 Tango: Zulu, Juliett and Bravo, sending you 4
2024-10-14 17:35:34.092922 Hotel: Zulu, Juliett, Bravo and Tango, sending you 1
2024-10-14 17:35:34.093650 Oscar: Kilo, sending you 4
2024-10-14 17:35:34.095241 Bravo: Zulu, Juliett, Tango and Quebec, sending you 4
2024-10-14 17:35:34.096667 Hotel: Quebec, sending you 2
2024-10-14 17:35:34.098191 X-ray: Oscar, sending you 3
2024-10-14 17:35:34.098639 Uniform: X-ray, sending you 6
2024-10-14 17:35:34.099102 Tango: Quebec, sending you 5
2024-10-14 17:35:34.099688 Bravo: Hotel, sending you 3
2024-10-14 17:35:34.101696 X-ray: Uniform, sending you 5
2024-10-14 17:35:34.102200 Zulu: Juliett, sending you 3
2024-10-14 17:35:34.103684 Uniform: Oscar and Kilo, sending you 3
2024-10-14 17:35:34.104131 Kilo: X-ray and Oscar, sending you 4
2024-10-14 17:35:34.105903 Zulu: Bravo and Quebec, sending you 4
2024-10-14 17:35:34.106655 X-ray: Kilo, sending you 4
2024-10-14 17:35:34.108687 Kilo: Uniform, sending you 3
2024-10-14 17:35:34.110707 Zulu: Tango, sending you 5
2024-10-14 17:35:34.113673 Quebec: Zulu, Juliett and Bravo, sending you 4
2024-10-14 17:35:34.116691 Quebec: Tango, sending you 5
chatterbot X-ray submitting transactions
chatterbot Oscar submitting transactions
chatterbot Zulu submitting transactions
chatterbot Uniform submitting transactions
chatterbot Kilo submitting transactions
chatterbot Tango submitting transactions
chatterbot Quebec submitting transactions
chatterbot Hotel submitting transactions
chatterbot Bravo submitting transactions
chatterbot Juliett submitting transactions
ChatterBot X-ray round 13
ChatterBot Zulu round 13
ChatterBot Juliett round 13
ChatterBot Oscar round 13
ChatterBot Bravo round 13
ChatterBot Tango round 13
ChatterBot Uniform round 13
ChatterBot Hotel round 13
ChatterBot Kilo round 13
ChatterBot Quebec round 13
2024-10-14 17:35:35.214087 Quebec: We should add Hotel
2024-10-14 17:35:35.224073 Tango: No
2024-10-14 17:35:35.224238 Zulu: No
2024-10-14 17:35:35.224364 Juliett: Yes
2024-10-14 17:35:35.224484 Bravo: Yes
ChatterBot Bravo reevaluating
2024-10-14 17:35:35.262012 Quebec: Hotel we want you to join our group
2024-10-14 17:35:35.264387 Hotel: Yes
ChatterBot Bravo reevaluating
ChatterBot Zulu reevaluating
ChatterBot Tango reevaluating
2024-10-14 17:35:35.277759 Tango: We should replace Juliett with Hotel
ChatterBot Zulu reevaluating
ChatterBot Bravo reevaluating
2024-10-14 17:35:35.290535 Zulu: No
2024-10-14 17:35:35.290793 Bravo: No
2024-10-14 17:35:35.290975 Quebec: No
ChatterBot Tango reevaluating
ChatterBot Bravo reevaluating
ChatterBot Tango reevaluating
ChatterBot Zulu reevaluating
ChatterBot Tango reevaluating
ChatterBot Zulu reevaluating
ChatterBot Bravo reevaluating
2024-10-14 17:35:35.324167 Uniform: X-ray, sending you 6
2024-10-14 17:35:35.324699 Hotel: Zulu, Juliett, Tango and Quebec, sending you 1
2024-10-14 17:35:35.326130 X-ray: Oscar, sending you 3
2024-10-14 17:35:35.326783 Kilo: X-ray and Oscar, sending you 4
2024-10-14 17:35:35.327423 Juliett: Same as last round
2024-10-14 17:35:35.328554 Oscar: X-ray and Uniform, sending you 3
2024-10-14 17:35:35.330159 Uniform: Oscar and Kilo, sending you 3
2024-10-14 17:35:35.331124 Hotel: Bravo, sending you 2
2024-10-14 17:35:35.332297 X-ray: Uniform, sending you 5
2024-10-14 17:35:35.332992 Kilo: Uniform, sending you 3
2024-10-14 17:35:35.333647 Oscar: Kilo, sending you 4
2024-10-14 17:35:35.336658 X-ray: Kilo, sending you 4
2024-10-14 17:35:35.337692 Quebec: Zulu, Juliett and Hotel, sending you 3
2024-10-14 17:35:35.342750 Quebec: Bravo and Tango, sending you 4
2024-10-14 17:35:35.349681 Bravo: Zulu and Tango, sending you 4
2024-10-14 17:35:35.355680 Bravo: Juliett and Hotel, sending you 3
2024-10-14 17:35:35.361660 Bravo: Quebec, sending you 5
chatterbot Quebec submitting transactions
chatterbot Zulu submitting transactions
chatterbot Uniform submitting transactions
chatterbot Tango submitting transactions
chatterbot Juliett submitting transactions
chatterbot X-ray submitting transactions
chatterbot Kilo submitting transactions
chatterbot Oscar submitting transactions
chatterbot Hotel submitting transactions
chatterbot Bravo submitting transactions
ChatterBot X-ray round 14
ChatterBot Zulu round 14
ChatterBot Juliett round 14
ChatterBot Oscar round 14
ChatterBot Bravo round 14
ChatterBot Tango round 14
ChatterBot Uniform round 14
ChatterBot Hotel round 14
2024-10-14 17:35:36.438900 Zulu: We should add Juliett
ChatterBot Tango reevaluating
2024-10-14 17:35:36.448806 Bravo: Yes
2024-10-14 17:35:36.448965 Tango: No
2024-10-14 17:35:36.449088 Hotel: Yes
2024-10-14 17:35:36.449214 Quebec: Yes
ChatterBot Zulu reevaluating
ChatterBot Tango reevaluating
ChatterBot Zulu reevaluating
ChatterBot Zulu reevaluating
ChatterBot Tango reevaluating
ChatterBot Zulu reevaluating
ChatterBot Tango reevaluating
2024-10-14 17:35:36.485911 Tango: We should replace Hotel with Juliett
ChatterBot Zulu reevaluating
2024-10-14 17:35:36.491622 Zulu: No
2024-10-14 17:35:36.491750 Bravo: No
2024-10-14 17:35:36.491840 Quebec: No
ChatterBot Tango reevaluating
ChatterBot Tango reevaluating
ChatterBot Zulu reevaluating
ChatterBot Tango reevaluating
ChatterBot Zulu reevaluating
ChatterBot Kilo round 14
ChatterBot Quebec round 14
2024-10-14 17:35:36.529763 Tango: Juliett we want you to join our group
2024-10-14 17:35:36.532968 Juliett: Yes
ChatterBot Zulu reevaluating
2024-10-14 17:35:36.545658 Juliett: Same as last round
2024-10-14 17:35:36.547658 Zulu: Juliett we want you to join our group
2024-10-14 17:35:36.551634 Juliett: Yes
ChatterBot Zulu reevaluating
2024-10-14 17:35:36.566850 Bravo: Zulu and Tango, sending you 4
2024-10-14 17:35:36.569670 X-ray: Oscar, sending you 3
2024-10-14 17:35:36.570651 Kilo: X-ray and Oscar, sending you 4
2024-10-14 17:35:36.571677 Uniform: X-ray, sending you 6
2024-10-14 17:35:36.572324 Quebec: Zulu, Juliett and Hotel, sending you 3
2024-10-14 17:35:36.573653 Bravo: Juliett and Hotel, sending you 3
2024-10-14 17:35:36.574944 Hotel: Zulu, Juliett, Tango and Quebec, sending you 1
2024-10-14 17:35:36.576138 X-ray: Uniform, sending you 5
2024-10-14 17:35:36.576891 Kilo: Uniform, sending you 3
2024-10-14 17:35:36.577510 Uniform: Oscar and Kilo, sending you 3
2024-10-14 17:35:36.578119 Quebec: Bravo and Tango, sending you 4
2024-10-14 17:35:36.579830 Bravo: Quebec, sending you 5
2024-10-14 17:35:36.580883 Hotel: Bravo, sending you 2
2024-10-14 17:35:36.581927 X-ray: Kilo, sending you 4
chatterbot Bravo submitting transactions
chatterbot Zulu submitting transactions
chatterbot Tango submitting transactions
chatterbot Uniform submitting transactions
chatterbot Oscar submitting transactions
chatterbot Juliett submitting transactions
chatterbot Kilo submitting transactions
chatterbot X-ray submitting transactions
chatterbot Quebec submitting transactions
chatterbot Hotel submitting transactions
ChatterBot X-ray round 15
ChatterBot Zulu round 15
ChatterBot Juliett round 15
ChatterBot Oscar round 15
ChatterBot Bravo round 15
ChatterBot Tango round 15
ChatterBot Uniform round 15
ChatterBot Hotel round 15
ChatterBot Kilo round 15
ChatterBot Quebec round 15
2024-10-14 17:35:37.810882 Zulu: We should add Juliett
2024-10-14 17:35:37.819651 Bravo: Yes
2024-10-14 17:35:37.820475 Tango: Yes
2024-10-14 17:35:37.820597 Hotel: Yes
2024-10-14 17:35:37.820748 Quebec: Yes
ChatterBot Zulu reevaluating
ChatterBot Zulu reevaluating
ChatterBot Zulu reevaluating
ChatterBot Zulu reevaluating
2024-10-14 17:35:37.860472 Tango: We should replace Hotel with Juliett
ChatterBot Zulu reevaluating
2024-10-14 17:35:37.866349 Zulu: No
2024-10-14 17:35:37.866518 Bravo: No
2024-10-14 17:35:37.866608 Quebec: No
ChatterBot Zulu reevaluating
ChatterBot Zulu reevaluating
2024-10-14 17:35:37.895512 Tango: Juliett we want you to join our group
2024-10-14 17:35:37.897797 Juliett: Yes
ChatterBot Zulu reevaluating
2024-10-14 17:35:37.909656 Uniform: X-ray, sending you 6
2024-10-14 17:35:37.910677 Bravo: I was attacked by Oscar
ChatterBot Quebec reevaluating
ChatterBot Zulu reevaluating
ChatterBot Hotel reevaluating
ChatterBot Tango reevaluating
ChatterBot Juliett reevaluating
2024-10-14 17:35:37.932151 Bravo: I'm keeping this round to protect myself
2024-10-14 17:35:37.934970 Bravo: Ow
2024-10-14 17:35:37.935899 Uniform: Oscar and Kilo, sending you 3
2024-10-14 17:35:37.939666 X-ray: Oscar, sending you 3
2024-10-14 17:35:37.940305 Kilo: X-ray, sending you 5
2024-10-14 17:35:37.940935 Oscar: X-ray and Uniform, sending you 3
2024-10-14 17:35:37.943678 Kilo: Oscar and Uniform, sending you 3
2024-10-14 17:35:37.944253 Oscar: Kilo, sending you 4
2024-10-14 17:35:37.944787 Zulu: Juliett we want you to join our group
ChatterBot Juliett reevaluating
2024-10-14 17:35:37.948413 Juliett: Yes
ChatterBot Quebec reevaluating
ChatterBot Zulu reevaluating
ChatterBot Hotel reevaluating
ChatterBot Tango reevaluating
2024-10-14 17:35:37.965512 X-ray: Uniform, sending you 5
2024-10-14 17:35:37.970664 X-ray: Kilo, sending you 4
2024-10-14 17:35:37.981691 Quebec: Zulu, Juliett and Hotel, sending you 3
2024-10-14 17:35:37.985668 Quebec: Bravo and Tango, sending you 4
2024-10-14 17:35:37.992676 Hotel: Zulu, Juliett, Tango and Quebec, sending you 1
2024-10-14 17:35:37.993998 Juliett: Same as last round
2024-10-14 17:35:37.998697 Hotel: Bravo, sending you 2
chatterbot Hotel submitting transactions
chatterbot Uniform submitting transactions
chatterbot Kilo submitting transactions
chatterbot Zulu submitting transactions
chatterbot Juliett submitting transactions
chatterbot Quebec submitting transactions
chatterbot X-ray submitting transactions
chatterbot Bravo submitting transactions
chatterbot Tango submitting transactions
chatterbot Oscar submitting transactions
ChatterBot X-ray round 16
ChatterBot Zulu round 16
ChatterBot Juliett round 16
ChatterBot Oscar round 16
ChatterBot Bravo round 16
ChatterBot Tango round 16
ChatterBot Uniform round 16
ChatterBot Hotel round 16
2024-10-14 17:35:39.162866 Zulu: We should add Juliett
ChatterBot Tango reevaluating
2024-10-14 17:35:39.170599 Bravo: Yes
2024-10-14 17:35:39.170739 Tango: Yes
2024-10-14 17:35:39.170844 Hotel: Yes
2024-10-14 17:35:39.170940 Quebec: Yes
ChatterBot Zulu reevaluating
ChatterBot Tango reevaluating
ChatterBot Zulu reevaluating
ChatterBot Zulu reevaluating
ChatterBot Tango reevaluating
ChatterBot Zulu reevaluating
ChatterBot Tango reevaluating
ChatterBot Kilo round 16
ChatterBot Quebec round 16
