ChatterBot Quebec round 1
ChatterBot Oscar round 1
ChatterBot Papa round 1
ChatterBot Foxtrot round 1
ChatterBot Charlie round 1
ChatterBot Lima round 1
ChatterBot Echo round 1
ChatterBot Romeo round 1
ChatterBot Delta round 1
ChatterBot Whiskey round 1
randomSelections Foxtrot: {Foxtrot, Echo, Romeo, Delta, Whiskey, Lima, Quebec} 
2024-10-14 17:35:19.483885 Foxtrot: Let's form a team
ChatterBot Echo reevaluating
ChatterBot Romeo reevaluating
ChatterBot Delta reevaluating
ChatterBot Whiskey reevaluating
ChatterBot Lima reevaluating
ChatterBot Quebec reevaluating
2024-10-14 17:35:19.503351 Echo: Yes
2024-10-14 17:35:19.503528 Romeo: Yes
2024-10-14 17:35:19.503694 Delta: Yes
2024-10-14 17:35:19.504285 Whiskey: Yes
2024-10-14 17:35:19.504421 Lima: Yes
2024-10-14 17:35:19.504561 Quebec: Yes
ChatterBot Romeo reevaluating
ChatterBot Delta reevaluating
ChatterBot Whiskey reevaluating
ChatterBot Lima reevaluating
ChatterBot Quebec reevaluating
ChatterBot Echo reevaluating
ChatterBot Delta reevaluating
ChatterBot Whiskey reevaluating
ChatterBot Lima reevaluating
ChatterBot Quebec reevaluating
ChatterBot Echo reevaluating
ChatterBot Romeo reevaluating
ChatterBot Whiskey reevaluating
ChatterBot Lima reevaluating
ChatterBot Quebec reevaluating
ChatterBot Echo reevaluating
ChatterBot Romeo reevaluating
ChatterBot Delta reevaluating
ChatterBot Lima reevaluating
ChatterBot Quebec reevaluating
ChatterBot Echo reevaluating
ChatterBot Romeo reevaluating
ChatterBot Delta reevaluating
ChatterBot Whiskey reevaluating
ChatterBot Quebec reevaluating
ChatterBot Echo reevaluating
ChatterBot Romeo reevaluating
ChatterBot Delta reevaluating
ChatterBot Whiskey reevaluating
ChatterBot Lima reevaluating
randomSelections Oscar: {Oscar, Delta, Lima, Whiskey, Echo, Romeo, Papa} 
2024-10-14 17:35:19.580200 Oscar: Can we be friends?
ChatterBot Delta reevaluating
ChatterBot Lima reevaluating
ChatterBot Whiskey reevaluating
ChatterBot Echo reevaluating
ChatterBot Romeo reevaluating
ChatterBot Papa reevaluating
2024-10-14 17:35:19.590425 Delta: No
2024-10-14 17:35:19.590564 Lima: No
2024-10-14 17:35:19.590678 Whiskey: No
2024-10-14 17:35:19.590805 Echo: No
2024-10-14 17:35:19.590965 Romeo: No
2024-10-14 17:35:19.591066 Papa: Yes
ChatterBot Lima reevaluating
ChatterBot Whiskey reevaluating
ChatterBot Echo reevaluating
ChatterBot Romeo reevaluating
ChatterBot Papa reevaluating
ChatterBot Delta reevaluating
ChatterBot Whiskey reevaluating
ChatterBot Echo reevaluating
ChatterBot Romeo reevaluating
ChatterBot Papa reevaluating
ChatterBot Delta reevaluating
ChatterBot Lima reevaluating
ChatterBot Echo reevaluating
ChatterBot Romeo reevaluating
ChatterBot Papa reevaluating
ChatterBot Delta reevaluating
ChatterBot Lima reevaluating
ChatterBot Whiskey reevaluating
ChatterBot Romeo reevaluating
ChatterBot Papa reevaluating
ChatterBot Delta reevaluating
ChatterBot Lima reevaluating
ChatterBot Whiskey reevaluating
ChatterBot Echo reevaluating
ChatterBot Papa reevaluating
ChatterBot Delta reevaluating
ChatterBot Lima reevaluating
ChatterBot Whiskey reevaluating
ChatterBot Echo reevaluating
ChatterBot Romeo reevaluating
randomSelections Charlie: {Charlie, Quebec, Lima, Romeo, Oscar, Papa} 
2024-10-14 17:35:19.650929 Charlie: Group up?
ChatterBot Quebec reevaluating
ChatterBot Lima reevaluating
ChatterBot Romeo reevaluating
ChatterBot Papa reevaluating
2024-10-14 17:35:19.658686 Quebec: No
2024-10-14 17:35:19.658815 Lima: No
2024-10-14 17:35:19.658932 Romeo: No
2024-10-14 17:35:19.659101 Oscar: No
2024-10-14 17:35:19.659232 Papa: No
ChatterBot Lima reevaluating
ChatterBot Romeo reevaluating
ChatterBot Papa reevaluating
ChatterBot Quebec reevaluating
ChatterBot Romeo reevaluating
ChatterBot Papa reevaluating
ChatterBot Quebec reevaluating
ChatterBot Lima reevaluating
ChatterBot Papa reevaluating
ChatterBot Quebec reevaluating
ChatterBot Lima reevaluating
ChatterBot Romeo reevaluating
ChatterBot Papa reevaluating
ChatterBot Quebec reevaluating
ChatterBot Lima reevaluating
ChatterBot Romeo reevaluating
2024-10-14 17:35:19.712934 Oscar: Papa, sending you 2
2024-10-14 17:35:19.717049 Quebec: Foxtrot, sending you 6
2024-10-14 17:35:19.717958 Oscar: Lima, Echo, Romeo and Delta, sending you 3
2024-10-14 17:35:19.720521 Delta: Quebec and Lima, sending you 2
2024-10-14 17:35:19.720902 Quebec: Lima, sending you 4
2024-10-14 17:35:19.721762 Oscar: Whiskey, sending you 1
2024-10-14 17:35:19.722797 Charlie: Quebec and Lima, sending you 3
2024-10-14 17:35:19.723102 Papa: Oscar, sending you 3
2024-10-14 17:35:19.723380 Lima: Quebec and Echo, sending you 3
2024-10-14 17:35:19.723801 Foxtrot: Quebec, Romeo and Whiskey, sending you 2
2024-10-14 17:35:19.725776 Delta: Echo, sending you 1
2024-10-14 17:35:19.726186 Quebec: Echo, Delta and Whiskey, sending you 1
2024-10-14 17:35:19.726532 Romeo: Quebec, Foxtrot and Whiskey, sending you 2
2024-10-14 17:35:19.727336 Charlie: Oscar, sending you 1
2024-10-14 17:35:19.727635 Papa: Lima and Delta, sending you 1
2024-10-14 17:35:19.727984 Whiskey: Quebec, sending you 1
2024-10-14 17:35:19.728810 Lima: Foxtrot, Romeo and Delta, sending you 1
2024-10-14 17:35:19.729173 Echo: Quebec, sending you 2
2024-10-14 17:35:19.729520 Foxtrot: Echo, sending you 1
2024-10-14 17:35:19.730367 Delta: Romeo, sending you 4
2024-10-14 17:35:19.730718 Quebec: Romeo, sending you 3
2024-10-14 17:35:19.731120 Romeo: Lima and Echo, sending you 1
2024-10-14 17:35:19.731876 Charlie: Papa and Romeo, sending you 4
2024-10-14 17:35:19.732159 Papa: Echo and Romeo, sending you 4
2024-10-14 17:35:19.732400 Lima: Whiskey, sending you 4
2024-10-14 17:35:19.732672 Whiskey: Foxtrot and Echo, sending you 2
2024-10-14 17:35:19.733314 Echo: Foxtrot, sending you 4
2024-10-14 17:35:19.733538 Foxtrot: Delta, sending you 4
2024-10-14 17:35:19.733802 Delta: Whiskey, sending you 3
2024-10-14 17:35:19.734693 Romeo: Delta, sending you 3
2024-10-14 17:35:19.735669 Whiskey: Lima and Romeo, sending you 4
2024-10-14 17:35:19.736656 Papa: Whiskey, sending you 5
2024-10-14 17:35:19.737669 Echo: Lima, Romeo, Delta and Whiskey, sending you 1
2024-10-14 17:35:19.739697 Whiskey: Delta, sending you 3
chatterbot Foxtrot submitting transactions
chatterbot Lima submitting transactions
chatterbot Papa submitting transactions
chatterbot Charlie submitting transactions
chatterbot Delta submitting transactions
chatterbot Echo submitting transactions
chatterbot Whiskey submitting transactions
chatterbot Romeo submitting transactions
chatterbot Quebec submitting transactions
chatterbot Oscar submitting transactions
ChatterBot Quebec round 2
ChatterBot Oscar round 2
ChatterBot Papa round 2
ChatterBot Foxtrot round 2
2024-10-14 17:35:22.464286 Oscar: Can we be friends?
ChatterBot Papa reevaluating
ChatterBot Charlie reevaluating
ChatterBot Echo reevaluating
2024-10-14 17:35:22.507992 Papa: No
2024-10-14 17:35:22.508628 Charlie: No
2024-10-14 17:35:22.508898 Echo: No
ChatterBot Charlie reevaluating
ChatterBot Echo reevaluating
ChatterBot Papa reevaluating
ChatterBot Echo reevaluating
ChatterBot Papa reevaluating
ChatterBot Charlie reevaluating
ChatterBot Charlie round 2
ChatterBot Lima round 2
ChatterBot Echo round 2
ChatterBot Romeo round 2
ChatterBot Delta round 2
ChatterBot Whiskey round 2
2024-10-14 17:35:22.610970 Lima: Can we be friends?
ChatterBot Romeo reevaluating
ChatterBot Delta reevaluating
ChatterBot Oscar reevaluating
ChatterBot Charlie reevaluating
2024-10-14 17:35:22.633669 Quebec: No
2024-10-14 17:35:22.633826 Foxtrot: No
2024-10-14 17:35:22.633941 Echo: No
2024-10-14 17:35:22.634063 Romeo: No
2024-10-14 17:35:22.634167 Delta: No
2024-10-14 17:35:22.634277 Whiskey: No
2024-10-14 17:35:22.634376 Oscar: Yes
2024-10-14 17:35:22.634875 Papa: No
2024-10-14 17:35:22.634979 Charlie: No
ChatterBot Romeo reevaluating
ChatterBot Delta reevaluating
ChatterBot Oscar reevaluating
ChatterBot Charlie reevaluating
ChatterBot Romeo reevaluating
ChatterBot Delta reevaluating
ChatterBot Oscar reevaluating
ChatterBot Charlie reevaluating
ChatterBot Romeo reevaluating
ChatterBot Delta reevaluating
ChatterBot Oscar reevaluating
ChatterBot Charlie reevaluating
ChatterBot Delta reevaluating
ChatterBot Oscar reevaluating
ChatterBot Charlie reevaluating
ChatterBot Romeo reevaluating
ChatterBot Oscar reevaluating
ChatterBot Charlie reevaluating
ChatterBot Romeo reevaluating
ChatterBot Delta reevaluating
ChatterBot Oscar reevaluating
ChatterBot Charlie reevaluating
ChatterBot Romeo reevaluating
ChatterBot Delta reevaluating
ChatterBot Charlie reevaluating
ChatterBot Romeo reevaluating
ChatterBot Delta reevaluating
ChatterBot Oscar reevaluating
ChatterBot Charlie reevaluating
ChatterBot Romeo reevaluating
ChatterBot Delta reevaluating
ChatterBot Oscar reevaluating
2024-10-14 17:35:22.941245 Delta: We should add Oscar
ChatterBot Romeo reevaluating
2024-10-14 17:35:22.955177 Foxtrot: No
2024-10-14 17:35:22.955314 Echo: No
2024-10-14 17:35:22.955419 Romeo: No
2024-10-14 17:35:22.955507 Whiskey: No
2024-10-14 17:35:22.955918 Lima: Yes
2024-10-14 17:35:22.956014 Quebec: No
ChatterBot Romeo reevaluating
ChatterBot Delta reevaluating
ChatterBot Romeo reevaluating
ChatterBot Delta reevaluating
ChatterBot Delta reevaluating
ChatterBot Romeo reevaluating
ChatterBot Delta reevaluating
ChatterBot Romeo reevaluating
ChatterBot Delta reevaluating
ChatterBot Romeo reevaluating
ChatterBot Delta reevaluating
2024-10-14 17:35:23.049675 Foxtrot: Quebec, sending you 3
2024-10-14 17:35:23.050686 Papa: Oscar, sending you 8
2024-10-14 17:35:23.053686 Papa: Charlie, sending you 11
2024-10-14 17:35:23.054669 Foxtrot: Lima and Delta, sending you 1
2024-10-14 17:35:23.058006 Quebec: Foxtrot, Echo, Romeo and Delta, sending you 3
2024-10-14 17:35:23.058407 Oscar: Quebec, Foxtrot, Lima and Echo, sending you 1
2024-10-14 17:35:23.058788 Lima: Quebec, sending you 3
2024-10-14 17:35:23.059666 Foxtrot: Echo, Romeo and Whiskey, sending you 2
2024-10-14 17:35:23.062652 Quebec: Lima, sending you 4
2024-10-14 17:35:23.063033 Oscar: Papa and Charlie, sending you 3
2024-10-14 17:35:23.063991 Echo: Quebec, Foxtrot, Lima, Romeo and Whiskey, sending you 2
2024-10-14 17:35:23.064542 Lima: Oscar, Charlie, Delta and Whiskey, sending you 2
2024-10-14 17:35:23.064876 Whiskey: Quebec, sending you 2
2024-10-14 17:35:23.066675 Quebec: Whiskey, sending you 1
2024-10-14 17:35:23.067684 Lima: Papa, Foxtrot, Echo and Romeo, sending you 1
2024-10-14 17:35:23.068219 Whiskey: Foxtrot, Romeo and Delta, sending you 3
2024-10-14 17:35:23.071682 Charlie: Quebec, Oscar, Papa, Foxtrot, Lima, Echo, Romeo, Delta and Whiskey, sending you 2
2024-10-14 17:35:23.072110 Whiskey: Lima, sending you 4
chatterbot Whiskey submitting transactions
2024-10-14 17:35:23.074865 Whiskey: Echo, sending you 1
2024-10-14 17:35:23.075676 Delta: Quebec and Lima, sending you 1
2024-10-14 17:35:23.078659 Romeo: Quebec, sending you 2
2024-10-14 17:35:23.079659 Delta: Foxtrot, sending you 4
2024-10-14 17:35:23.082674 Romeo: Foxtrot, Lima and Echo, sending you 1
2024-10-14 17:35:23.083680 Delta: Romeo and Whiskey, sending you 3
chatterbot Foxtrot submitting transactions
2024-10-14 17:35:23.086857 Romeo: Delta and Whiskey, sending you 3
chatterbot Echo submitting transactions
chatterbot Charlie submitting transactions
chatterbot Lima submitting transactions
chatterbot Delta submitting transactions
chatterbot Quebec submitting transactions
chatterbot Papa submitting transactions
chatterbot Oscar submitting transactions
chatterbot Romeo submitting transactions
ChatterBot Quebec round 3
ChatterBot Oscar round 3
ChatterBot Papa round 3
ChatterBot Foxtrot round 3
ChatterBot Charlie round 3
2024-10-14 17:35:24.228410 Papa: We should add Lima
ChatterBot Charlie reevaluating
2024-10-14 17:35:24.235183 Oscar: Yes
2024-10-14 17:35:24.235370 Charlie: Yes
ChatterBot Papa reevaluating
ChatterBot Charlie reevaluating
ChatterBot Papa reevaluating
ChatterBot Lima round 3
ChatterBot Echo round 3
ChatterBot Romeo round 3
ChatterBot Delta round 3
ChatterBot Whiskey round 3
2024-10-14 17:35:24.273243 Papa: Lima we want you to join our group
2024-10-14 17:35:24.276155 Lima: No
ChatterBot Papa reevaluating
2024-10-14 17:35:24.288676 Oscar: Papa and Charlie, sending you 3
2024-10-14 17:35:24.290678 Quebec: Foxtrot, Echo and Romeo, sending you 3
2024-10-14 17:35:24.291211 Foxtrot: Quebec, Echo, Romeo, Delta and Whiskey, sending you 2
2024-10-14 17:35:24.291806 Oscar: Lima, sending you 4
2024-10-14 17:35:24.293683 Quebec: Lima, sending you 4
2024-10-14 17:35:24.295668 Foxtrot: Lima, sending you 1
2024-10-14 17:35:24.297701 Romeo: Quebec and Foxtrot, sending you 2
2024-10-14 17:35:24.298692 Quebec: Delta and Whiskey, sending you 2
2024-10-14 17:35:24.301676 Delta: Quebec, Foxtrot and Lima, sending you 2
2024-10-14 17:35:24.302257 Romeo: Echo, sending you 1
2024-10-14 17:35:24.302797 Echo: Quebec, Foxtrot, Lima, Romeo and Whiskey, sending you 2
2024-10-14 17:35:24.304707 Lima: Quebec, sending you 3
2024-10-14 17:35:24.305384 Whiskey: Quebec and Echo, sending you 2
2024-10-14 17:35:24.306919 Delta: Romeo and Whiskey, sending you 3
2024-10-14 17:35:24.307541 Romeo: Delta and Whiskey, sending you 3
2024-10-14 17:35:24.308107 Lima: Foxtrot, Echo, Romeo and Delta, sending you 2
2024-10-14 17:35:24.309674 Charlie: Oscar, sending you 5
2024-10-14 17:35:24.309953 Whiskey: Foxtrot, Lima, Romeo and Delta, sending you 3
2024-10-14 17:35:24.310680 Lima: Whiskey, sending you 4
2024-10-14 17:35:24.312670 Papa: Oscar and Charlie, sending you 7
2024-10-14 17:35:24.312931 Charlie: Papa and Lima, sending you 4
2024-10-14 17:35:24.315953 Papa: Lima, sending you 5
chatterbot Charlie submitting transactions
chatterbot Lima submitting transactions
chatterbot Papa submitting transactions
chatterbot Echo submitting transactions
chatterbot Quebec submitting transactions
chatterbot Oscar submitting transactions
chatterbot Whiskey submitting transactions
chatterbot Romeo submitting transactions
chatterbot Delta submitting transactions
chatterbot Foxtrot submitting transactions
ChatterBot Quebec round 4
ChatterBot Oscar round 4
ChatterBot Papa round 4
ChatterBot Foxtrot round 4
ChatterBot Charlie round 4
ChatterBot Lima round 4
ChatterBot Echo round 4
ChatterBot Romeo round 4
ChatterBot Delta round 4
ChatterBot Whiskey round 4
2024-10-14 17:35:25.538434 Papa: We should drop Lima
2024-10-14 17:35:25.542968 Oscar: No
2024-10-14 17:35:25.543128 Charlie: No
ChatterBot Papa reevaluating
ChatterBot Papa reevaluating
2024-10-14 17:35:25.555649 Charlie: Oscar, sending you 5
2024-10-14 17:35:25.556699 Quebec: Foxtrot, Echo, Romeo and Whiskey, sending you 3
2024-10-14 17:35:25.557203 Lima: Quebec, sending you 4
2024-10-14 17:35:25.559938 Quebec: Lima, sending you 4
2024-10-14 17:35:25.560688 Charlie: Papa and Lima, sending you 4
2024-10-14 17:35:25.561641 Whiskey: Quebec and Echo, sending you 2
2024-10-14 17:35:25.562666 Lima: Foxtrot, Romeo and Delta, sending you 2
2024-10-14 17:35:25.563176 Oscar: Sending you each 3
2024-10-14 17:35:25.563400 Quebec: Delta, sending you 2
2024-10-14 17:35:25.564680 Romeo: Quebec, Foxtrot and Whiskey, sending you 2
2024-10-14 17:35:25.565326 Whiskey: Foxtrot, Lima, Romeo and Delta, sending you 3
2024-10-14 17:35:25.566668 Lima: Echo and Whiskey, sending you 3
2024-10-14 17:35:25.567519 Delta: Quebec, Foxtrot and Lima, sending you 2
2024-10-14 17:35:25.568297 Echo: Quebec, Foxtrot, Lima, Romeo and Whiskey, sending you 2
2024-10-14 17:35:25.569663 Romeo: Lima and Echo, sending you 1
2024-10-14 17:35:25.570660 Foxtrot: Quebec, Echo, Romeo, Delta and Whiskey, sending you 2
2024-10-14 17:35:25.571664 Delta: Romeo and Whiskey, sending you 3
2024-10-14 17:35:25.572665 Romeo: Delta, sending you 3
2024-10-14 17:35:25.574674 Foxtrot: Lima, sending you 1
2024-10-14 17:35:25.579661 Papa: Oscar, sending you 7
2024-10-14 17:35:25.583667 Papa: Charlie, sending you 8
2024-10-14 17:35:25.587663 Papa: Lima, sending you 4
chatterbot Charlie submitting transactions
chatterbot Foxtrot submitting transactions
chatterbot Lima submitting transactions
chatterbot Whiskey submitting transactions
chatterbot Delta submitting transactions
chatterbot Romeo submitting transactions
chatterbot Echo submitting transactions
chatterbot Quebec submitting transactions
chatterbot Oscar submitting transactions
chatterbot Papa submitting transactions
ChatterBot Quebec round 5
ChatterBot Oscar round 5
ChatterBot Papa round 5
ChatterBot Foxtrot round 5
ChatterBot Charlie round 5
ChatterBot Lima round 5
ChatterBot Echo round 5
ChatterBot Romeo round 5
ChatterBot Delta round 5
ChatterBot Whiskey round 5
2024-10-14 17:35:26.804018 Papa: We should drop Lima
2024-10-14 17:35:26.808167 Oscar: No
2024-10-14 17:35:26.808317 Charlie: No
ChatterBot Charlie reevaluating
2024-10-14 17:35:26.829682 Papa: Oscar, sending you 9
2024-10-14 17:35:26.832656 Papa: Charlie, sending you 10
2024-10-14 17:35:26.833675 Echo: Quebec, Foxtrot, Lima, Romeo and Whiskey, sending you 2
2024-10-14 17:35:26.836659 Oscar: Papa and Lima, sending you 2
2024-10-14 17:35:26.837651 Lima: Quebec, sending you 4
2024-10-14 17:35:26.838162 Quebec: Foxtrot, Echo, Romeo and Whiskey, sending you 3
2024-10-14 17:35:26.838687 Delta: Quebec, Foxtrot and Lima, sending you 2
2024-10-14 17:35:26.839673 Romeo: Quebec, Foxtrot and Whiskey, sending you 2
2024-10-14 17:35:26.840673 Foxtrot: Quebec, Echo, Romeo, Delta and Whiskey, sending you 2
2024-10-14 17:35:26.841894 Oscar: Charlie, sending you 3
2024-10-14 17:35:26.842233 Lima: Foxtrot and Romeo, sending you 2
2024-10-14 17:35:26.842779 Quebec: Lima, sending you 4
2024-10-14 17:35:26.843424 Romeo: Lima and Echo, sending you 1
2024-10-14 17:35:26.843938 Delta: Romeo and Whiskey, sending you 3
2024-10-14 17:35:26.844661 Whiskey: Quebec and Echo, sending you 2
2024-10-14 17:35:26.845660 Foxtrot: Lima, sending you 1
2024-10-14 17:35:26.846659 Quebec: Delta, sending you 2
2024-10-14 17:35:26.847222 Romeo: Delta, sending you 3
2024-10-14 17:35:26.848040 Lima: Echo, Delta and Whiskey, sending you 3
2024-10-14 17:35:26.848538 Charlie: Oscar, sending you 5
2024-10-14 17:35:26.848827 Whiskey: Foxtrot, Lima, Romeo and Delta, sending you 3
2024-10-14 17:35:26.851667 Charlie: Papa, sending you 3
chatterbot Papa submitting transactions
chatterbot Oscar submitting transactions
chatterbot Quebec submitting transactions
chatterbot Foxtrot submitting transactions
chatterbot Lima submitting transactions
chatterbot Delta submitting transactions
chatterbot Charlie submitting transactions
chatterbot Whiskey submitting transactions
chatterbot Echo submitting transactions
chatterbot Romeo submitting transactions
ChatterBot Quebec round 6
ChatterBot Oscar round 6
ChatterBot Papa round 6
ChatterBot Foxtrot round 6
ChatterBot Charlie round 6
ChatterBot Lima round 6
ChatterBot Echo round 6
ChatterBot Romeo round 6
ChatterBot Delta round 6
ChatterBot Whiskey round 6
2024-10-14 17:35:28.098668 Quebec: Foxtrot, Echo, Romeo and Whiskey, sending you 3
2024-10-14 17:35:28.101665 Quebec: Lima, sending you 4
2024-10-14 17:35:28.104902 Charlie: Oscar, sending you 5
2024-10-14 17:35:28.105682 Quebec: Delta, sending you 2
2024-10-14 17:35:28.106570 Foxtrot: Quebec, Echo, Romeo, Delta and Whiskey, sending you 2
2024-10-14 17:35:28.107339 Oscar: Papa and Lima, sending you 2
2024-10-14 17:35:28.107722 Charlie: Papa, sending you 3
2024-10-14 17:35:28.109657 Foxtrot: Lima, sending you 1
2024-10-14 17:35:28.110683 Oscar: Charlie, sending you 3
2024-10-14 17:35:28.111662 Echo: Quebec, Foxtrot, Lima, Romeo and Whiskey, sending you 2
2024-10-14 17:35:28.114689 Papa: Oscar, sending you 9
2024-10-14 17:35:28.114948 Whiskey: Quebec and Echo, sending you 2
2024-10-14 17:35:28.115653 Delta: Quebec, Foxtrot and Lima, sending you 2
2024-10-14 17:35:28.116672 Romeo: Quebec, Foxtrot and Whiskey, sending you 2
2024-10-14 17:35:28.120007 Lima: Quebec, sending you 4
2024-10-14 17:35:28.120690 Papa: Charlie, sending you 10
2024-10-14 17:35:28.121020 Whiskey: Foxtrot, Lima, Romeo and Delta, sending you 3
2024-10-14 17:35:28.121813 Delta: Romeo and Whiskey, sending you 3
2024-10-14 17:35:28.122399 Romeo: Lima and Echo, sending you 1
2024-10-14 17:35:28.125665 Lima: Foxtrot and Romeo, sending you 2
2024-10-14 17:35:28.126822 Romeo: Delta, sending you 3
2024-10-14 17:35:28.129686 Lima: Echo, Delta and Whiskey, sending you 3
chatterbot Oscar submitting transactions
chatterbot Whiskey submitting transactions
chatterbot Echo submitting transactions
chatterbot Foxtrot submitting transactions
chatterbot Romeo submitting transactions
chatterbot Delta submitting transactions
chatterbot Quebec submitting transactions
chatterbot Charlie submitting transactions
chatterbot Papa submitting transactions
chatterbot Lima submitting transactions
ChatterBot Quebec round 7
ChatterBot Oscar round 7
ChatterBot Papa round 7
ChatterBot Foxtrot round 7
ChatterBot Charlie round 7
ChatterBot Lima round 7
ChatterBot Echo round 7
ChatterBot Romeo round 7
ChatterBot Delta round 7
ChatterBot Whiskey round 7
2024-10-14 17:35:29.388313 Oscar: We should drop Lima
2024-10-14 17:35:29.396937 Papa: Yes
2024-10-14 17:35:29.397141 Charlie: Yes
2024-10-14 17:35:29.410682 Echo: Quebec, Foxtrot, Lima, Romeo and Whiskey, sending you 2
2024-10-14 17:35:29.411874 Quebec: Foxtrot, Echo, Romeo and Delta, sending you 3
2024-10-14 17:35:29.412878 Papa: Oscar, sending you 9
2024-10-14 17:35:29.415690 Papa: Charlie, sending you 10
2024-10-14 17:35:29.416699 Quebec: Lima, sending you 4
2024-10-14 17:35:29.419694 Charlie: Oscar, sending you 5
2024-10-14 17:35:29.420055 Whiskey: Quebec, Foxtrot, Lima, Romeo and Delta, sending you 3
2024-10-14 17:35:29.421538 Quebec: Whiskey, sending you 2
2024-10-14 17:35:29.422333 Delta: Quebec, Foxtrot and Lima, sending you 2
2024-10-14 17:35:29.423111 Oscar: Papa, sending you 2
2024-10-14 17:35:29.423675 Charlie: Papa, sending you 3
2024-10-14 17:35:29.424718 Romeo: Quebec, Foxtrot and Whiskey, sending you 2
2024-10-14 17:35:29.426304 Whiskey: Echo, sending you 1
2024-10-14 17:35:29.427041 Delta: Romeo and Whiskey, sending you 3
2024-10-14 17:35:29.427713 Foxtrot: Quebec, Echo, Romeo, Delta and Whiskey, sending you 2
2024-10-14 17:35:29.428249 Oscar: Charlie, sending you 3
2024-10-14 17:35:29.428676 Romeo: Lima and Echo, sending you 1
2024-10-14 17:35:29.431673 Lima: Quebec, sending you 4
2024-10-14 17:35:29.432519 Foxtrot: Lima, sending you 1
2024-10-14 17:35:29.433736 Romeo: Delta, sending you 3
2024-10-14 17:35:29.435684 Lima: Foxtrot and Romeo, sending you 2
2024-10-14 17:35:29.440131 Lima: Echo, Delta and Whiskey, sending you 3
chatterbot Quebec submitting transactions
chatterbot Romeo submitting transactions
chatterbot Foxtrot submitting transactions
chatterbot Delta submitting transactions
chatterbot Papa submitting transactions
chatterbot Oscar submitting transactions
chatterbot Lima submitting transactions
chatterbot Echo submitting transactions
chatterbot Whiskey submitting transactions
chatterbot Charlie submitting transactions
ChatterBot Quebec round 8
ChatterBot Oscar round 8
ChatterBot Papa round 8
ChatterBot Foxtrot round 8
ChatterBot Charlie round 8
ChatterBot Lima round 8
ChatterBot Echo round 8
ChatterBot Romeo round 8
ChatterBot Delta round 8
ChatterBot Whiskey round 8
2024-10-14 17:35:30.728678 Oscar: Papa, sending you 2
2024-10-14 17:35:30.729236 Quebec: Foxtrot, Romeo, Delta and Whiskey, sending you 3
2024-10-14 17:35:30.730528 Papa: Oscar, sending you 9
2024-10-14 17:35:30.732679 Oscar: Charlie, sending you 3
2024-10-14 17:35:30.733697 Quebec: Lima, sending you 4
2024-10-14 17:35:30.735137 Papa: Charlie, sending you 10
2024-10-14 17:35:30.739670 Quebec: Echo, sending you 2
2024-10-14 17:35:30.740715 Charlie: Oscar, sending you 5
2024-10-14 17:35:30.741152 Lima: Quebec and Whiskey, sending you 4
2024-10-14 17:35:30.742034 Whiskey: Quebec, Foxtrot, Lima, Romeo and Delta, sending you 3
2024-10-14 17:35:30.743411 Delta: Quebec, Foxtrot and Lima, sending you 2
2024-10-14 17:35:30.744676 Romeo: Quebec, Foxtrot and Whiskey, sending you 2
2024-10-14 17:35:30.745858 Charlie: Papa, sending you 2
2024-10-14 17:35:30.746332 Echo: Quebec, Foxtrot, Lima, Romeo and Whiskey, sending you 2
2024-10-14 17:35:30.747398 Lima: Foxtrot and Romeo, sending you 2
2024-10-14 17:35:30.748233 Foxtrot: Quebec, Echo, Romeo, Delta and Whiskey, sending you 2
2024-10-14 17:35:30.749002 Delta: Romeo and Whiskey, sending you 3
2024-10-14 17:35:30.749738 Whiskey: Echo, sending you 1
2024-10-14 17:35:30.750702 Romeo: Lima and Echo, sending you 1
2024-10-14 17:35:30.752680 Lima: Echo and Delta, sending you 3
2024-10-14 17:35:30.754034 Foxtrot: Lima, sending you 1
2024-10-14 17:35:30.755165 Romeo: Delta, sending you 3
chatterbot Charlie submitting transactions
chatterbot Oscar submitting transactions
chatterbot Echo submitting transactions
chatterbot Romeo submitting transactions
chatterbot Whiskey submitting transactions
chatterbot Foxtrot submitting transactions
chatterbot Lima submitting transactions
chatterbot Delta submitting transactions
chatterbot Papa submitting transactions
chatterbot Quebec submitting transactions
ChatterBot Quebec round 9
ChatterBot Oscar round 9
ChatterBot Papa round 9
ChatterBot Foxtrot round 9
ChatterBot Charlie round 9
ChatterBot Lima round 9
ChatterBot Echo round 9
ChatterBot Romeo round 9
ChatterBot Delta round 9
ChatterBot Whiskey round 9
2024-10-14 17:35:31.731876 Oscar: We should add Echo
2024-10-14 17:35:31.736608 Papa: No
2024-10-14 17:35:31.736804 Charlie: No
ChatterBot Oscar reevaluating
ChatterBot Oscar reevaluating
2024-10-14 17:35:31.755676 Quebec: Foxtrot, Romeo, Delta and Whiskey, sending you 3
2024-10-14 17:35:31.760672 Quebec: Lima, sending you 4
2024-10-14 17:35:31.761677 Papa: Oscar, sending you 9
2024-10-14 17:35:31.763669 Delta: Quebec, Foxtrot and Lima, sending you 2
2024-10-14 17:35:31.764500 Lima: Quebec, sending you 5
2024-10-14 17:35:31.765571 Quebec: Echo, sending you 2
2024-10-14 17:35:31.766264 Papa: Charlie, sending you 10
2024-10-14 17:35:31.768696 Delta: Romeo and Whiskey, sending you 3
2024-10-14 17:35:31.769692 Lima: Foxtrot and Romeo, sending you 2
2024-10-14 17:35:31.770390 Romeo: Quebec, Foxtrot and Whiskey, sending you 2
2024-10-14 17:35:31.771117 Charlie: Oscar, sending you 5
2024-10-14 17:35:31.771461 Foxtrot: Quebec, Echo, Romeo, Delta and Whiskey, sending you 2
2024-10-14 17:35:31.773683 Echo: Quebec, Foxtrot, Lima, Romeo and Whiskey, sending you 2
2024-10-14 17:35:31.774806 Oscar: Papa, sending you 1
2024-10-14 17:35:31.775185 Lima: Echo, Delta and Whiskey, sending you 3
2024-10-14 17:35:31.776661 Romeo: Lima and Echo, sending you 1
2024-10-14 17:35:31.777652 Charlie: Papa, sending you 2
2024-10-14 17:35:31.778007 Foxtrot: Lima, sending you 1
2024-10-14 17:35:31.778991 Whiskey: Quebec, Foxtrot, Lima, Romeo and Delta, sending you 3
2024-10-14 17:35:31.780725 Oscar: Charlie, sending you 3
2024-10-14 17:35:31.781102 Romeo: Delta, sending you 3
2024-10-14 17:35:31.785671 Whiskey: Echo, sending you 1
chatterbot Echo submitting transactions
chatterbot Delta submitting transactions
chatterbot Charlie submitting transactions
chatterbot Foxtrot submitting transactions
chatterbot Whiskey submitting transactions
chatterbot Quebec submitting transactions
chatterbot Romeo submitting transactions
chatterbot Papa submitting transactions
chatterbot Lima submitting transactions
chatterbot Oscar submitting transactions
ChatterBot Quebec round 10
ChatterBot Oscar round 10
ChatterBot Papa round 10
ChatterBot Foxtrot round 10
ChatterBot Charlie round 10
ChatterBot Lima round 10
ChatterBot Echo round 10
ChatterBot Romeo round 10
ChatterBot Delta round 10
ChatterBot Whiskey round 10
2024-10-14 17:35:33.009676 Quebec: Foxtrot, Romeo, Delta and Whiskey, sending you 3
2024-10-14 17:35:33.016706 Quebec: Lima, sending you 4
2024-10-14 17:35:33.017755 Delta: Quebec, Foxtrot and Lima, sending you 2
2024-10-14 17:35:33.018530 Echo: Quebec, Foxtrot, Lima, Romeo and Whiskey, sending you 2
2024-10-14 17:35:33.020669 Quebec: Echo, sending you 2
2024-10-14 17:35:33.023162 Lima: Quebec, sending you 5
2024-10-14 17:35:33.023971 Delta: Romeo and Whiskey, sending you 3
2024-10-14 17:35:33.024713 Whiskey: Quebec, Foxtrot, Lima, Romeo and Delta, sending you 3
2024-10-14 17:35:33.025502 Foxtrot: Quebec, Echo, Romeo, Delta and Whiskey, sending you 2
2024-10-14 17:35:33.026249 Charlie: Oscar, sending you 5
2024-10-14 17:35:33.026671 Oscar: Papa, sending you 1
2024-10-14 17:35:33.027674 Papa: Oscar, sending you 9
2024-10-14 17:35:33.028666 Lima: Foxtrot and Romeo, sending you 2
2024-10-14 17:35:33.029726 Romeo: Quebec, Foxtrot and Whiskey, sending you 2
2024-10-14 17:35:33.030789 Foxtrot: Lima, sending you 1
2024-10-14 17:35:33.031984 Whiskey: Echo, sending you 1
2024-10-14 17:35:33.032706 Charlie: Papa, sending you 2
2024-10-14 17:35:33.033020 Oscar: Charlie, sending you 3
2024-10-14 17:35:33.033274 Papa: Charlie, sending you 10
2024-10-14 17:35:33.033670 Lima: Echo, Delta and Whiskey, sending you 3
2024-10-14 17:35:33.035659 Romeo: Lima and Echo, sending you 1
2024-10-14 17:35:33.041099 Romeo: Delta, sending you 3
chatterbot Foxtrot submitting transactions
chatterbot Romeo submitting transactions
chatterbot Whiskey submitting transactions
chatterbot Delta submitting transactions
chatterbot Echo submitting transactions
chatterbot Papa submitting transactions
chatterbot Charlie submitting transactions
chatterbot Lima submitting transactions
chatterbot Quebec submitting transactions
chatterbot Oscar submitting transactions
ChatterBot Quebec round 11
ChatterBot Oscar round 11
ChatterBot Papa round 11
ChatterBot Foxtrot round 11
ChatterBot Charlie round 11
ChatterBot Lima round 11
ChatterBot Echo round 11
ChatterBot Romeo round 11
ChatterBot Delta round 11
ChatterBot Whiskey round 11
2024-10-14 17:35:34.105894 Oscar: Papa, sending you 1
2024-10-14 17:35:34.110694 Oscar: Charlie, sending you 3
2024-10-14 17:35:34.112664 Lima: Quebec, sending you 5
2024-10-14 17:35:34.113774 Quebec: Foxtrot, Romeo, Delta and Whiskey, sending you 3
2024-10-14 17:35:34.115684 Delta: Quebec, Foxtrot, Lima and Whiskey, sending you 2
2024-10-14 17:35:34.116691 Foxtrot: Quebec, Echo, Romeo, Delta and Whiskey, sending you 2
2024-10-14 17:35:34.118252 Lima: Foxtrot and Romeo, sending you 2
2024-10-14 17:35:34.119098 Papa: Oscar, sending you 9
2024-10-14 17:35:34.119399 Whiskey: Quebec, Foxtrot, Lima, Romeo and Delta, sending you 3
2024-10-14 17:35:34.120177 Quebec: Lima, sending you 4
2024-10-14 17:35:34.121367 Delta: Romeo, sending you 4
2024-10-14 17:35:34.122189 Echo: Quebec, Foxtrot, Lima, Romeo and Whiskey, sending you 2
2024-10-14 17:35:34.123020 Lima: Echo, Delta and Whiskey, sending you 3
2024-10-14 17:35:34.124189 Foxtrot: Lima, sending you 1
2024-10-14 17:35:34.124997 Whiskey: Echo, sending you 1
2024-10-14 17:35:34.125821 Papa: Charlie, sending you 10
2024-10-14 17:35:34.126517 Quebec: Echo, sending you 2
2024-10-14 17:35:34.130672 Charlie: Oscar, sending you 6
2024-10-14 17:35:34.131063 Romeo: Quebec, Foxtrot and Whiskey, sending you 2
2024-10-14 17:35:34.134674 Romeo: Lima and Echo, sending you 1
2024-10-14 17:35:34.136361 Charlie: Papa, sending you 2
2024-10-14 17:35:34.140670 Romeo: Delta, sending you 3
chatterbot Papa submitting transactions
chatterbot Charlie submitting transactions
chatterbot Whiskey submitting transactions
chatterbot Oscar submitting transactions
chatterbot Echo submitting transactions
chatterbot Romeo submitting transactions
chatterbot Foxtrot submitting transactions
chatterbot Quebec submitting transactions
chatterbot Delta submitting transactions
chatterbot Lima submitting transactions
ChatterBot Quebec round 12
ChatterBot Oscar round 12
ChatterBot Papa round 12
ChatterBot Foxtrot round 12
ChatterBot Charlie round 12
ChatterBot Lima round 12
ChatterBot Echo round 12
ChatterBot Romeo round 12
ChatterBot Delta round 12
ChatterBot Whiskey round 12
2024-10-14 17:35:35.305388 Oscar: Papa, sending you 1
2024-10-14 17:35:35.307679 Lima: Quebec, sending you 5
2024-10-14 17:35:35.309030 Papa: Oscar, sending you 9
2024-10-14 17:35:35.310517 Foxtrot: Quebec, Echo, Romeo, Delta and Whiskey, sending you 2
2024-10-14 17:35:35.311640 Oscar: Charlie, sending you 3
2024-10-14 17:35:35.312048 Delta: Quebec, Foxtrot, Lima and Whiskey, sending you 2
2024-10-14 17:35:35.313070 Quebec: Foxtrot, Romeo, Delta and Whiskey, sending you 3
2024-10-14 17:35:35.314182 Lima: Foxtrot and Romeo, sending you 2
2024-10-14 17:35:35.316017 Papa: Charlie, sending you 10
2024-10-14 17:35:35.316381 Foxtrot: Lima, sending you 1
2024-10-14 17:35:35.317402 Delta: Romeo, sending you 4
2024-10-14 17:35:35.318382 Quebec: Lima, sending you 4
2024-10-14 17:35:35.320027 Romeo: Quebec, Foxtrot and Whiskey, sending you 2
2024-10-14 17:35:35.321062 Lima: Echo, Delta and Whiskey, sending you 3
2024-10-14 17:35:35.322030 Charlie: Oscar, sending you 6
2024-10-14 17:35:35.322403 Whiskey: Quebec, Foxtrot, Lima, Romeo and Delta, sending you 3
2024-10-14 17:35:35.324201 Echo: Quebec, Foxtrot, Lima, Romeo and Whiskey, sending you 2
2024-10-14 17:35:35.325324 Quebec: Echo, sending you 2
2024-10-14 17:35:35.326357 Romeo: Lima and Echo, sending you 1
2024-10-14 17:35:35.327408 Charlie: Papa, sending you 2
2024-10-14 17:35:35.327823 Whiskey: Echo, sending you 1
2024-10-14 17:35:35.331685 Romeo: Delta, sending you 3
chatterbot Foxtrot submitting transactions
chatterbot Delta submitting transactions
chatterbot Echo submitting transactions
chatterbot Charlie submitting transactions
chatterbot Quebec submitting transactions
chatterbot Whiskey submitting transactions
chatterbot Oscar submitting transactions
chatterbot Lima submitting transactions
chatterbot Papa submitting transactions
chatterbot Romeo submitting transactions
ChatterBot Quebec round 13
ChatterBot Oscar round 13
ChatterBot Papa round 13
ChatterBot Foxtrot round 13
ChatterBot Charlie round 13
ChatterBot Lima round 13
ChatterBot Echo round 13
ChatterBot Romeo round 13
ChatterBot Delta round 13
ChatterBot Whiskey round 13
2024-10-14 17:35:36.585658 Quebec: Foxtrot, Romeo, Delta and Whiskey, sending you 3
2024-10-14 17:35:36.587707 Oscar: Papa, sending you 1
2024-10-14 17:35:36.590658 Quebec: Lima, sending you 4
2024-10-14 17:35:36.591551 Charlie: Oscar, sending you 6
2024-10-14 17:35:36.592670 Oscar: Charlie, sending you 2
2024-10-14 17:35:36.593660 Quebec: Echo, sending you 2
2024-10-14 17:35:36.594686 Delta: Quebec, Foxtrot, Lima and Whiskey, sending you 2
2024-10-14 17:35:36.595571 Papa: Oscar, sending you 9
2024-10-14 17:35:36.595904 Romeo: Quebec, Foxtrot and Whiskey, sending you 2
2024-10-14 17:35:36.596799 Charlie: Papa, sending you 1
2024-10-14 17:35:36.597696 Lima: Quebec, sending you 5
2024-10-14 17:35:36.598566 Foxtrot: Quebec, Echo, Romeo, Delta and Whiskey, sending you 2
2024-10-14 17:35:36.599433 Delta: Romeo, sending you 4
2024-10-14 17:35:36.600178 Echo: Quebec, Foxtrot, Lima, Romeo and Whiskey, sending you 2
2024-10-14 17:35:36.601031 Papa: Charlie, sending you 10
2024-10-14 17:35:36.601588 Romeo: Lima and Echo, sending you 1
2024-10-14 17:35:36.603139 Lima: Foxtrot and Romeo, sending you 2
2024-10-14 17:35:36.604047 Foxtrot: Lima, sending you 1
2024-10-14 17:35:36.605008 Whiskey: Quebec, Foxtrot, Lima, Romeo and Delta, sending you 3
2024-10-14 17:35:36.606001 Romeo: Delta, sending you 3
2024-10-14 17:35:36.607550 Lima: Echo, Delta and Whiskey, sending you 3
2024-10-14 17:35:36.608681 Whiskey: Echo, sending you 1
chatterbot Oscar submitting transactions
chatterbot Whiskey submitting transactions
chatterbot Foxtrot submitting transactions
chatterbot Romeo submitting transactions
chatterbot Lima submitting transactions
chatterbot Quebec submitting transactions
chatterbot Delta submitting transactions
chatterbot Echo submitting transactions
chatterbot Papa submitting transactions
chatterbot Charlie submitting transactions
ChatterBot Quebec round 14
ChatterBot Oscar round 14
ChatterBot Papa round 14
ChatterBot Foxtrot round 14
ChatterBot Charlie round 14
ChatterBot Lima round 14
ChatterBot Echo round 14
ChatterBot Romeo round 14
ChatterBot Delta round 14
ChatterBot Whiskey round 14
2024-10-14 17:35:37.851696 Romeo: Quebec, Foxtrot and Whiskey, sending you 2
2024-10-14 17:35:37.853372 Charlie: Oscar, sending you 6
2024-10-14 17:35:37.853891 Foxtrot: Quebec, Echo, Romeo, Delta and Whiskey, sending you 2
2024-10-14 17:35:37.855647 Quebec: Foxtrot, Romeo, Delta and Whiskey, sending you 3
2024-10-14 17:35:37.857546 Romeo: Lima and Echo, sending you 1
2024-10-14 17:35:37.859646 Charlie: Papa, sending you 1
2024-10-14 17:35:37.860105 Foxtrot: Lima, sending you 1
2024-10-14 17:35:37.861884 Quebec: Lima, sending you 4
2024-10-14 17:35:37.864102 Lima: Quebec, sending you 4
2024-10-14 17:35:37.865902 Romeo: Delta, sending you 3
2024-10-14 17:35:37.868120 Echo: Quebec, Foxtrot, Lima, Romeo and Whiskey, sending you 2
2024-10-14 17:35:37.869818 Whiskey: Quebec, Foxtrot, Lima, Romeo and Delta, sending you 3
2024-10-14 17:35:37.871973 Quebec: Echo, sending you 2
2024-10-14 17:35:37.873796 Lima: Foxtrot, sending you 2
2024-10-14 17:35:37.875017 Papa: Oscar, sending you 9
2024-10-14 17:35:37.875654 Whiskey: Echo, sending you 1
2024-10-14 17:35:37.877620 Oscar: Papa, sending you 1
2024-10-14 17:35:37.878109 Lima: Echo, Romeo, Delta and Whiskey, sending you 3
2024-10-14 17:35:37.879664 Papa: Charlie, sending you 10
2024-10-14 17:35:37.880089 Delta: Quebec, Foxtrot, Lima and Whiskey, sending you 2
2024-10-14 17:35:37.881808 Oscar: Charlie, sending you 2
2024-10-14 17:35:37.886660 Delta: Romeo, sending you 4
chatterbot Foxtrot submitting transactions
chatterbot Delta submitting transactions
chatterbot Quebec submitting transactions
chatterbot Echo submitting transactions
chatterbot Lima submitting transactions
chatterbot Whiskey submitting transactions
chatterbot Oscar submitting transactions
chatterbot Charlie submitting transactions
chatterbot Papa submitting transactions
chatterbot Romeo submitting transactions
ChatterBot Quebec round 15
ChatterBot Oscar round 15
ChatterBot Papa round 15
ChatterBot Foxtrot round 15
ChatterBot Charlie round 15
ChatterBot Lima round 15
ChatterBot Echo round 15
ChatterBot Romeo round 15
ChatterBot Delta round 15
ChatterBot Whiskey round 15
2024-10-14 17:35:39.130666 Papa: Oscar, sending you 9
2024-10-14 17:35:39.132701 Lima: Quebec, sending you 4
2024-10-14 17:35:39.135669 Papa: Charlie, sending you 10
2024-10-14 17:35:39.136676 Foxtrot: Quebec, Echo, Romeo, Delta and Whiskey, sending you 2
2024-10-14 17:35:39.137845 Lima: Foxtrot, sending you 2
2024-10-14 17:35:39.139464 Delta: Quebec, Foxtrot, Lima and Whiskey, sending you 2
2024-10-14 17:35:39.141671 Lima: Echo, Romeo, Delta and Whiskey, sending you 3
2024-10-14 17:35:39.142840 Foxtrot: Lima, sending you 1
2024-10-14 17:35:39.144402 Quebec: Foxtrot, Romeo, Delta and Whiskey, sending you 3
2024-10-14 17:35:39.145470 Oscar: Papa, sending you 1
2024-10-14 17:35:39.145851 Echo: Quebec, Foxtrot, Lima, Romeo and Whiskey, sending you 2
2024-10-14 17:35:39.146872 Delta: Romeo, sending you 4
2024-10-14 17:35:39.147841 Romeo: Quebec, Foxtrot and Whiskey, sending you 2
2024-10-14 17:35:39.149587 Quebec: Lima, sending you 4
2024-10-14 17:35:39.150834 Oscar: Charlie, sending you 2
2024-10-14 17:35:39.151259 Charlie: Oscar, sending you 7
2024-10-14 17:35:39.151678 Whiskey: Quebec, Foxtrot, Lima, Romeo and Delta, sending you 3
2024-10-14 17:35:39.152970 Romeo: Lima and Echo, sending you 1
2024-10-14 17:35:39.154645 Quebec: Echo, sending you 2
2024-10-14 17:35:39.156663 Charlie: Papa, sending you 1
2024-10-14 17:35:39.157652 Whiskey: Echo, sending you 1
2024-10-14 17:35:39.158826 Romeo: Delta, sending you 3
chatterbot Papa submitting transactions
chatterbot Delta submitting transactions
chatterbot Echo submitting transactions
chatterbot Foxtrot submitting transactions
chatterbot Whiskey submitting transactions
chatterbot Quebec submitting transactions
chatterbot Charlie submitting transactions
chatterbot Lima submitting transactions
chatterbot Romeo submitting transactions
