ChatterBot November round 1
ChatterBot Whiskey round 1
ChatterBot Victor round 1
ChatterBot Uniform round 1
ChatterBot Lima round 1
ChatterBot India round 1
ChatterBot Charlie round 1
ChatterBot Oscar round 1
ChatterBot Bravo round 1
ChatterBot Kilo round 1
randomSelections Uniform: {Uniform, Oscar, Bravo, India, Kilo, Victor} 
2024-10-14 17:35:19.714661 Uniform: We should group up
ChatterBot Oscar reevaluating
ChatterBot Bravo reevaluating
ChatterBot India reevaluating
ChatterBot Kilo reevaluating
ChatterBot Victor reevaluating
2024-10-14 17:35:19.728123 Oscar: Yes
2024-10-14 17:35:19.728752 Bravo: Yes
2024-10-14 17:35:19.728866 India: Yes
2024-10-14 17:35:19.728976 Kilo: Yes
2024-10-14 17:35:19.729086 Victor: Yes
ChatterBot Bravo reevaluating
ChatterBot India reevaluating
ChatterBot Kilo reevaluating
ChatterBot Victor reevaluating
ChatterBot Oscar reevaluating
ChatterBot India reevaluating
ChatterBot Kilo reevaluating
ChatterBot Victor reevaluating
ChatterBot Oscar reevaluating
ChatterBot Bravo reevaluating
ChatterBot Kilo reevaluating
ChatterBot Victor reevaluating
ChatterBot Oscar reevaluating
ChatterBot Bravo reevaluating
ChatterBot India reevaluating
ChatterBot Victor reevaluating
ChatterBot Oscar reevaluating
ChatterBot Bravo reevaluating
ChatterBot India reevaluating
ChatterBot Kilo reevaluating
randomSelections Charlie: {Charlie, Lima, November, India, Kilo, Uniform} 
2024-10-14 17:35:19.774720 Charlie: We would work well together
ChatterBot Lima reevaluating
ChatterBot November reevaluating
ChatterBot India reevaluating
ChatterBot Kilo reevaluating
2024-10-14 17:35:19.782461 Lima: Yes
2024-10-14 17:35:19.782589 November: Yes
2024-10-14 17:35:19.782688 India: No
2024-10-14 17:35:19.782777 Kilo: No
2024-10-14 17:35:19.782858 Uniform: No
ChatterBot November reevaluating
ChatterBot India reevaluating
ChatterBot Kilo reevaluating
ChatterBot Lima reevaluating
ChatterBot India reevaluating
ChatterBot Kilo reevaluating
ChatterBot Lima reevaluating
ChatterBot November reevaluating
ChatterBot Kilo reevaluating
ChatterBot Lima reevaluating
ChatterBot November reevaluating
ChatterBot India reevaluating
ChatterBot Lima reevaluating
ChatterBot November reevaluating
ChatterBot India reevaluating
ChatterBot Kilo reevaluating
randomSelections Whiskey: {Whiskey, Uniform, Victor, November, Lima, Charlie, Bravo} 
2024-10-14 17:35:19.813984 Whiskey: We would work well together
ChatterBot Victor reevaluating
ChatterBot November reevaluating
ChatterBot Lima reevaluating
ChatterBot Bravo reevaluating
2024-10-14 17:35:19.820011 Uniform: No
2024-10-14 17:35:19.820125 Victor: No
2024-10-14 17:35:19.820207 November: No
2024-10-14 17:35:19.820339 Lima: No
2024-10-14 17:35:19.820420 Charlie: No
2024-10-14 17:35:19.820519 Bravo: No
ChatterBot Victor reevaluating
ChatterBot November reevaluating
ChatterBot Lima reevaluating
ChatterBot Bravo reevaluating
ChatterBot November reevaluating
ChatterBot Lima reevaluating
ChatterBot Bravo reevaluating
ChatterBot Victor reevaluating
ChatterBot Lima reevaluating
ChatterBot Bravo reevaluating
ChatterBot Victor reevaluating
ChatterBot November reevaluating
ChatterBot Bravo reevaluating
ChatterBot Victor reevaluating
ChatterBot November reevaluating
ChatterBot Lima reevaluating
ChatterBot Bravo reevaluating
ChatterBot Victor reevaluating
ChatterBot November reevaluating
ChatterBot Lima reevaluating
2024-10-14 17:35:19.869990 Lima: November and Uniform, sending you 3
2024-10-14 17:35:19.871660 Uniform: Victor and Oscar, sending you 3
2024-10-14 17:35:19.873673 Oscar: Victor, Uniform and India, sending you 2
2024-10-14 17:35:19.874677 Charlie: November and India, sending you 1
2024-10-14 17:35:19.875012 Lima: India and Kilo, sending you 1
2024-10-14 17:35:19.875662 Uniform: India, sending you 4
2024-10-14 17:35:19.876667 Bravo: Victor, sending you 1
2024-10-14 17:35:19.877664 India: Victor, sending you 3
2024-10-14 17:35:19.877887 Victor: Uniform, Oscar, Bravo and Kilo, sending you 3
2024-10-14 17:35:19.878683 Oscar: Bravo, sending you 4
2024-10-14 17:35:19.879683 Charlie: Uniform and Lima, sending you 3
2024-10-14 17:35:19.879969 Lima: Charlie, sending you 2
2024-10-14 17:35:19.880720 Uniform: Bravo, sending you 2
2024-10-14 17:35:19.881675 Bravo: Uniform, sending you 5
2024-10-14 17:35:19.882022 Whiskey: November and Bravo, sending you 2
2024-10-14 17:35:19.882267 India: Uniform, sending you 2
2024-10-14 17:35:19.882484 Victor: India, sending you 2
2024-10-14 17:35:19.882795 November: Uniform and India, sending you 3
2024-10-14 17:35:19.883693 Kilo: Victor, sending you 3
2024-10-14 17:35:19.884693 Charlie: Kilo, sending you 4
2024-10-14 17:35:19.885661 Bravo: India and Kilo, sending you 3
2024-10-14 17:35:19.885923 India: Oscar, sending you 8
2024-10-14 17:35:19.886686 Whiskey: Victor, sending you 4
2024-10-14 17:35:19.886997 November: Lima, sending you 2
2024-10-14 17:35:19.887275 Kilo: Uniform, sending you 4
2024-10-14 17:35:19.890668 Bravo: Oscar, sending you 2
2024-10-14 17:35:19.891007 India: Bravo and Kilo, sending you 1
2024-10-14 17:35:19.891347 Whiskey: Uniform, Lima and Charlie, sending you 1
2024-10-14 17:35:19.891692 November: Charlie and Kilo, sending you 1
2024-10-14 17:35:19.891998 Kilo: India, sending you 1
2024-10-14 17:35:19.894659 Kilo: Oscar, sending you 2
chatterbot Victor submitting transactions
chatterbot India submitting transactions
chatterbot Charlie submitting transactions
chatterbot Oscar submitting transactions
chatterbot Lima submitting transactions
chatterbot Bravo submitting transactions
chatterbot November submitting transactions
chatterbot Uniform submitting transactions
chatterbot Whiskey submitting transactions
chatterbot Kilo submitting transactions
ChatterBot November round 2
ChatterBot Whiskey round 2
ChatterBot Victor round 2
ChatterBot Uniform round 2
ChatterBot Lima round 2
ChatterBot India round 2
ChatterBot Charlie round 2
ChatterBot Oscar round 2
ChatterBot Bravo round 2
2024-10-14 17:35:21.792547 November: Group up?
ChatterBot Lima reevaluating
ChatterBot Charlie reevaluating
ChatterBot Whiskey reevaluating
2024-10-14 17:35:21.813148 Lima: Yes
2024-10-14 17:35:21.813330 Charlie: Yes
2024-10-14 17:35:21.813482 Whiskey: Yes
ChatterBot Charlie reevaluating
ChatterBot Whiskey reevaluating
ChatterBot Lima reevaluating
ChatterBot Whiskey reevaluating
ChatterBot Lima reevaluating
ChatterBot Charlie reevaluating
ChatterBot Kilo round 2
2024-10-14 17:35:21.922950 Kilo: Let's form a team
2024-10-14 17:35:21.933691 November: No
2024-10-14 17:35:21.933901 Lima: No
2024-10-14 17:35:21.934069 Charlie: No
2024-10-14 17:35:22.013255 Victor: Uniform, sending you 4
2024-10-14 17:35:22.014165 November: Whiskey, sending you 3
2024-10-14 17:35:22.052636 Victor: India, Oscar and Kilo, sending you 3
2024-10-14 17:35:22.052951 November: Lima, sending you 5
2024-10-14 17:35:22.053183 Kilo: November and Lima, sending you 2
2024-10-14 17:35:22.053381 Uniform: Victor and Kilo, sending you 3
2024-10-14 17:35:22.054081 Whiskey: November and Lima, sending you 4
2024-10-14 17:35:22.054298 Charlie: November, Whiskey and Lima, sending you 5
2024-10-14 17:35:22.054507 Bravo: Victor and Uniform, sending you 3
2024-10-14 17:35:22.054766 Oscar: Victor, Uniform and Bravo, sending you 2
2024-10-14 17:35:22.055407 Lima: November, sending you 3
2024-10-14 17:35:22.055580 India: Victor, Oscar and Bravo, sending you 3
2024-10-14 17:35:22.055897 November: Charlie, sending you 2
2024-10-14 17:35:22.087235 Victor: Bravo, sending you 2
2024-10-14 17:35:22.087581 Kilo: Charlie, sending you 6
2024-10-14 17:35:22.088161 Uniform: India and Oscar, sending you 2
2024-10-14 17:35:22.088426 Bravo: India and Kilo, sending you 2
2024-10-14 17:35:22.088714 Oscar: India, sending you 3
2024-10-14 17:35:22.088991 Lima: Whiskey, sending you 2
2024-10-14 17:35:22.089703 Whiskey: Charlie, sending you 3
2024-10-14 17:35:22.089900 India: Uniform, sending you 4
2024-10-14 17:35:22.104780 Uniform: Bravo, sending you 4
2024-10-14 17:35:22.105113 Bravo: Oscar, sending you 4
2024-10-14 17:35:22.105386 Oscar: Kilo, sending you 1
2024-10-14 17:35:22.105687 Lima: Charlie, sending you 5
2024-10-14 17:35:22.106395 India: Kilo, sending you 2
chatterbot Uniform submitting transactions
chatterbot Oscar submitting transactions
chatterbot Lima submitting transactions
chatterbot Kilo submitting transactions
chatterbot Victor submitting transactions
chatterbot India submitting transactions
chatterbot Whiskey submitting transactions
chatterbot November submitting transactions
chatterbot Charlie submitting transactions
chatterbot Bravo submitting transactions
ChatterBot November round 3
ChatterBot Whiskey round 3
ChatterBot Victor round 3
ChatterBot Uniform round 3
ChatterBot Lima round 3
ChatterBot India round 3
ChatterBot Charlie round 3
ChatterBot Oscar round 3
2024-10-14 17:35:23.175482 November: We should add Kilo
ChatterBot Lima reevaluating
ChatterBot Charlie reevaluating
ChatterBot Whiskey reevaluating
2024-10-14 17:35:23.184074 Lima: No
2024-10-14 17:35:23.184211 Charlie: Yes
2024-10-14 17:35:23.184813 Whiskey: Yes
ChatterBot Charlie reevaluating
ChatterBot Whiskey reevaluating
ChatterBot Lima reevaluating
ChatterBot Whiskey reevaluating
ChatterBot Lima reevaluating
ChatterBot Charlie reevaluating
ChatterBot Bravo round 3
ChatterBot Kilo round 3
2024-10-14 17:35:23.234597 November: Kilo we want you to join our group
ChatterBot Kilo reevaluating
2024-10-14 17:35:23.238707 Kilo: No
ChatterBot Whiskey reevaluating
ChatterBot Lima reevaluating
ChatterBot Charlie reevaluating
2024-10-14 17:35:23.259104 Oscar: We should drop Kilo
2024-10-14 17:35:23.268301 Victor: No
2024-10-14 17:35:23.268432 Uniform: No
2024-10-14 17:35:23.268533 India: No
2024-10-14 17:35:23.268637 Bravo: No
ChatterBot Oscar reevaluating
ChatterBot Oscar reevaluating
ChatterBot Oscar reevaluating
2024-10-14 17:35:23.327018 Victor: Uniform, sending you 4
2024-10-14 17:35:23.327510 Whiskey: Kilo we want you to join our group
2024-10-14 17:35:23.331241 Kilo: No
2024-10-14 17:35:23.342538 Charlie: Kilo we want you to join our group
2024-10-14 17:35:23.344872 Kilo: No
2024-10-14 17:35:23.353548 Victor: India, Oscar, Bravo and Kilo, sending you 3
2024-10-14 17:35:23.354281 India: Victor, Oscar and Bravo, sending you 3
2024-10-14 17:35:23.356653 Uniform: Victor, India and Oscar, sending you 3
2024-10-14 17:35:23.357698 Lima: November and Charlie, sending you 4
2024-10-14 17:35:23.358158 India: Uniform, sending you 4
2024-10-14 17:35:23.359183 Bravo: Victor, Uniform, India and Oscar, sending you 3
2024-10-14 17:35:23.359520 November: Whiskey, Lima and Charlie, sending you 3
2024-10-14 17:35:23.360691 Uniform: Bravo, sending you 4
2024-10-14 17:35:23.361756 Bravo: Kilo, sending you 2
2024-10-14 17:35:23.362686 Lima: Whiskey, sending you 2
2024-10-14 17:35:23.363041 India: Kilo, sending you 2
2024-10-14 17:35:23.364655 November: Kilo, sending you 1
2024-10-14 17:35:23.364949 Whiskey: November, sending you 3
2024-10-14 17:35:23.365233 Uniform: Kilo, sending you 2
2024-10-14 17:35:23.365850 Kilo: Victor and Bravo, sending you 3
2024-10-14 17:35:23.366711 Charlie: November, sending you 3
2024-10-14 17:35:23.369664 Whiskey: Lima, sending you 2
2024-10-14 17:35:23.370909 Charlie: Whiskey, Lima and Kilo, sending you 4
2024-10-14 17:35:23.371658 Kilo: Uniform and India, sending you 2
2024-10-14 17:35:23.373683 Whiskey: Charlie, sending you 5
2024-10-14 17:35:23.377674 Whiskey: Kilo, sending you 1
chatterbot November submitting transactions
chatterbot Charlie submitting transactions
chatterbot Victor submitting transactions
chatterbot Oscar submitting transactions
chatterbot Kilo submitting transactions
chatterbot Whiskey submitting transactions
chatterbot Uniform submitting transactions
chatterbot Bravo submitting transactions
chatterbot India submitting transactions
chatterbot Lima submitting transactions
ChatterBot November round 4
ChatterBot Whiskey round 4
ChatterBot Victor round 4
ChatterBot Uniform round 4
ChatterBot Lima round 4
ChatterBot India round 4
ChatterBot Charlie round 4
ChatterBot Oscar round 4
ChatterBot Bravo round 4
ChatterBot Kilo round 4
2024-10-14 17:35:24.217137 November: We should drop Kilo
ChatterBot Charlie reevaluating
ChatterBot Whiskey reevaluating
2024-10-14 17:35:24.226603 Lima: Yes
2024-10-14 17:35:24.226784 Charlie: Yes
2024-10-14 17:35:24.226936 Whiskey: Yes
ChatterBot Charlie reevaluating
ChatterBot Whiskey reevaluating
ChatterBot Whiskey reevaluating
ChatterBot Charlie reevaluating
2024-10-14 17:35:24.258296 Uniform: Victor, sending you 4
2024-10-14 17:35:24.263680 Uniform: India, Oscar, Bravo and Kilo, sending you 3
2024-10-14 17:35:24.264686 Oscar: Victor, Uniform and Bravo, sending you 2
2024-10-14 17:35:24.266680 November: Whiskey and Charlie, sending you 3
2024-10-14 17:35:24.267674 Victor: Uniform, sending you 4
2024-10-14 17:35:24.268162 India: Victor, Uniform and Bravo, sending you 3
2024-10-14 17:35:24.268577 Oscar: India, sending you 3
2024-10-14 17:35:24.269009 Bravo: Victor, Uniform, India and Oscar, sending you 3
2024-10-14 17:35:24.270707 November: Lima, sending you 4
2024-10-14 17:35:24.271702 India: Oscar, sending you 4
2024-10-14 17:35:24.272701 Victor: India, Oscar, Bravo and Kilo, sending you 3
2024-10-14 17:35:24.274117 Oscar: Kilo, sending you 1
2024-10-14 17:35:24.274582 Kilo: Victor, sending you 4
2024-10-14 17:35:24.274883 Bravo: Kilo, sending you 2
2024-10-14 17:35:24.275328 Lima: November and Charlie, sending you 4
2024-10-14 17:35:24.275625 India: Kilo, sending you 2
2024-10-14 17:35:24.277680 Kilo: Uniform, India and Bravo, sending you 2
2024-10-14 17:35:24.278014 Lima: Whiskey, sending you 2
2024-10-14 17:35:24.287683 Charlie: Sending you each 5
chatterbot Victor submitting transactions
chatterbot Uniform submitting transactions
chatterbot India submitting transactions
chatterbot Bravo submitting transactions
chatterbot Lima submitting transactions
chatterbot November submitting transactions
chatterbot Charlie submitting transactions
chatterbot Oscar submitting transactions
chatterbot Kilo submitting transactions
chatterbot Whiskey submitting transactions
ChatterBot November round 5
ChatterBot Whiskey round 5
ChatterBot Victor round 5
ChatterBot Uniform round 5
ChatterBot Lima round 5
ChatterBot India round 5
ChatterBot Charlie round 5
ChatterBot Oscar round 5
ChatterBot Bravo round 5
ChatterBot Kilo round 5
2024-10-14 17:35:25.379461 Whiskey: We should drop Kilo
2024-10-14 17:35:25.386885 November: Yes
2024-10-14 17:35:25.387088 Lima: Yes
2024-10-14 17:35:25.387273 Charlie: Yes
2024-10-14 17:35:25.416655 Victor: Uniform and Kilo, sending you 4
2024-10-14 17:35:25.419692 Victor: India and Bravo, sending you 3
2024-10-14 17:35:25.421675 Oscar: Victor, Uniform and Bravo, sending you 2
2024-10-14 17:35:25.422823 India: Victor, Uniform and Bravo, sending you 3
2024-10-14 17:35:25.424677 Victor: Oscar, sending you 2
2024-10-14 17:35:25.425402 Kilo: Victor and Uniform, sending you 3
2024-10-14 17:35:25.426844 Oscar: India, sending you 3
2024-10-14 17:35:25.427478 India: Oscar, sending you 4
2024-10-14 17:35:25.428100 Charlie: Same as last round
2024-10-14 17:35:25.428475 Uniform: Victor, sending you 4
2024-10-14 17:35:25.428960 Whiskey: November and Charlie, sending you 4
2024-10-14 17:35:25.429364 Kilo: India and Bravo, sending you 2
2024-10-14 17:35:25.429681 Bravo: Victor, Uniform, India and Oscar, sending you 3
2024-10-14 17:35:25.431675 Oscar: Kilo, sending you 1
2024-10-14 17:35:25.432678 India: Kilo, sending you 2
2024-10-14 17:35:25.433167 Whiskey: Lima, sending you 3
2024-10-14 17:35:25.433593 November: Whiskey and Charlie, sending you 3
2024-10-14 17:35:25.433911 Bravo: Kilo, sending you 2
2024-10-14 17:35:25.434308 Uniform: India, Oscar, Bravo and Kilo, sending you 3
2024-10-14 17:35:25.437684 Lima: November and Charlie, sending you 4
2024-10-14 17:35:25.438029 November: Lima, sending you 4
2024-10-14 17:35:25.442653 Lima: Whiskey, sending you 2
chatterbot Uniform submitting transactions
chatterbot Kilo submitting transactions
chatterbot Whiskey submitting transactions
chatterbot Bravo submitting transactions
chatterbot November submitting transactions
chatterbot Victor submitting transactions
chatterbot India submitting transactions
chatterbot Charlie submitting transactions
chatterbot Oscar submitting transactions
chatterbot Lima submitting transactions
ChatterBot November round 6
ChatterBot Whiskey round 6
ChatterBot Victor round 6
ChatterBot Uniform round 6
ChatterBot Lima round 6
ChatterBot India round 6
ChatterBot Charlie round 6
ChatterBot Oscar round 6
ChatterBot Bravo round 6
ChatterBot Kilo round 6
2024-10-14 17:35:26.710703 Uniform: Victor, India and Bravo, sending you 4
2024-10-14 17:35:26.711673 Victor: Uniform and Kilo, sending you 4
2024-10-14 17:35:26.712509 Whiskey: November and Charlie, sending you 4
2024-10-14 17:35:26.713696 Uniform: Oscar, sending you 2
2024-10-14 17:35:26.715800 Victor: India and Bravo, sending you 3
2024-10-14 17:35:26.716666 Whiskey: Lima, sending you 3
2024-10-14 17:35:26.717721 Uniform: Kilo, sending you 3
2024-10-14 17:35:26.720669 Victor: Oscar, sending you 2
2024-10-14 17:35:26.721277 Charlie: Same as last round
2024-10-14 17:35:26.721591 Oscar: Victor, Uniform and Bravo, sending you 2
2024-10-14 17:35:26.725735 Oscar: India, sending you 3
2024-10-14 17:35:26.727679 November: Whiskey and Lima, sending you 3
2024-10-14 17:35:26.728017 Lima: November and Charlie, sending you 4
2024-10-14 17:35:26.728302 Kilo: Victor and Uniform, sending you 3
2024-10-14 17:35:26.728566 Bravo: Victor, Uniform, India and Oscar, sending you 3
2024-10-14 17:35:26.729051 India: Victor, Uniform and Bravo, sending you 3
2024-10-14 17:35:26.729903 Oscar: Kilo, sending you 1
2024-10-14 17:35:26.730708 November: Charlie, sending you 4
2024-10-14 17:35:26.731021 Lima: Whiskey, sending you 2
2024-10-14 17:35:26.731265 Kilo: India and Bravo, sending you 2
2024-10-14 17:35:26.731686 Bravo: Kilo, sending you 2
2024-10-14 17:35:26.733794 India: Oscar, sending you 4
2024-10-14 17:35:26.737725 India: Kilo, sending you 2
chatterbot Whiskey submitting transactions
chatterbot Uniform submitting transactions
chatterbot November submitting transactions
chatterbot Bravo submitting transactions
chatterbot Victor submitting transactions
chatterbot Lima submitting transactions
chatterbot Oscar submitting transactions
chatterbot Charlie submitting transactions
chatterbot Kilo submitting transactions
chatterbot India submitting transactions
ChatterBot November round 7
ChatterBot Whiskey round 7
ChatterBot Victor round 7
ChatterBot Uniform round 7
ChatterBot Lima round 7
ChatterBot India round 7
ChatterBot Charlie round 7
ChatterBot Oscar round 7
ChatterBot Bravo round 7
ChatterBot Kilo round 7
2024-10-14 17:35:28.001694 Whiskey: November and Charlie, sending you 4
2024-10-14 17:35:28.003673 November: Whiskey and Lima, sending you 3
2024-10-14 17:35:28.005687 Whiskey: Lima, sending you 3
2024-10-14 17:35:28.006684 Lima: November and Whiskey, sending you 3
2024-10-14 17:35:28.007680 November: Charlie, sending you 4
2024-10-14 17:35:28.008191 Uniform: Victor, sending you 5
2024-10-14 17:35:28.009772 Victor: Uniform and Kilo, sending you 4
2024-10-14 17:35:28.010497 Charlie: Same as last round
2024-10-14 17:35:28.011659 Lima: Charlie, sending you 4
2024-10-14 17:35:28.014522 Victor: India and Bravo, sending you 3
2024-10-14 17:35:28.015182 Uniform: India, Oscar, Bravo and Kilo, sending you 3
2024-10-14 17:35:28.018700 Victor: Oscar, sending you 2
2024-10-14 17:35:28.019670 India: Victor, Oscar and Bravo, sending you 3
2024-10-14 17:35:28.021254 Oscar: Victor, Uniform and Bravo, sending you 2
2024-10-14 17:35:28.022051 Bravo: Victor, Uniform, India and Oscar, sending you 3
2024-10-14 17:35:28.022635 Kilo: Victor and Uniform, sending you 3
2024-10-14 17:35:28.023701 India: Uniform, sending you 4
2024-10-14 17:35:28.025670 Oscar: India, sending you 3
2024-10-14 17:35:28.026935 Kilo: India and Bravo, sending you 2
2024-10-14 17:35:28.027657 Bravo: Kilo, sending you 2
2024-10-14 17:35:28.028721 India: Kilo, sending you 2
2024-10-14 17:35:28.031689 Oscar: Kilo, sending you 1
chatterbot November submitting transactions
chatterbot Lima submitting transactions
chatterbot India submitting transactions
chatterbot Oscar submitting transactions
chatterbot Whiskey submitting transactions
chatterbot Victor submitting transactions
chatterbot Uniform submitting transactions
chatterbot Kilo submitting transactions
chatterbot Charlie submitting transactions
chatterbot Bravo submitting transactions
ChatterBot November round 8
ChatterBot Whiskey round 8
ChatterBot Victor round 8
ChatterBot Uniform round 8
ChatterBot Lima round 8
ChatterBot India round 8
ChatterBot Charlie round 8
ChatterBot Oscar round 8
ChatterBot Bravo round 8
ChatterBot Kilo round 8
2024-10-14 17:35:29.173691 November: Whiskey and Lima, sending you 3
2024-10-14 17:35:29.177667 Uniform: Victor and India, sending you 4
2024-10-14 17:35:29.179227 November: Charlie, sending you 4
2024-10-14 17:35:29.180699 Lima: Sending you each 1
2024-10-14 17:35:29.182051 Uniform: Oscar, Bravo and Kilo, sending you 3
2024-10-14 17:35:29.185692 Charlie: Same as last round
2024-10-14 17:35:29.186515 Whiskey: November and Charlie, sending you 4
2024-10-14 17:35:29.187110 Victor: Uniform, India and Bravo, sending you 3
2024-10-14 17:35:29.190682 India: Victor, Oscar and Bravo, sending you 3
2024-10-14 17:35:29.192003 Whiskey: Lima, sending you 3
2024-10-14 17:35:29.192728 Victor: Oscar, sending you 2
2024-10-14 17:35:29.194424 Kilo: Victor and Uniform, sending you 3
2024-10-14 17:35:29.195675 India: Uniform, sending you 4
2024-10-14 17:35:29.197727 Oscar: Victor, Uniform and Bravo, sending you 2
2024-10-14 17:35:29.198536 Victor: Kilo, sending you 4
2024-10-14 17:35:29.199401 Kilo: India and Bravo, sending you 2
2024-10-14 17:35:29.199851 Bravo: Victor, Uniform, India and Oscar, sending you 3
2024-10-14 17:35:29.201699 India: Kilo, sending you 2
2024-10-14 17:35:29.203792 Oscar: India, sending you 3
2024-10-14 17:35:29.205150 Bravo: Kilo, sending you 2
2024-10-14 17:35:29.207772 Oscar: Kilo, sending you 1
chatterbot India submitting transactions
chatterbot Lima submitting transactions
chatterbot Charlie submitting transactions
chatterbot Victor submitting transactions
chatterbot Uniform submitting transactions
chatterbot Oscar submitting transactions
chatterbot Whiskey submitting transactions
chatterbot November submitting transactions
chatterbot Kilo submitting transactions
chatterbot Bravo submitting transactions
ChatterBot November round 9
ChatterBot Whiskey round 9
ChatterBot Victor round 9
ChatterBot Uniform round 9
ChatterBot Lima round 9
ChatterBot India round 9
ChatterBot Charlie round 9
ChatterBot Oscar round 9
ChatterBot Bravo round 9
ChatterBot Kilo round 9
2024-10-14 17:35:30.294649 Whiskey: We should add Oscar
2024-10-14 17:35:30.302517 November: No
2024-10-14 17:35:30.302750 Lima: No
2024-10-14 17:35:30.302911 Charlie: No
ChatterBot Whiskey reevaluating
ChatterBot Whiskey reevaluating
ChatterBot Whiskey reevaluating
2024-10-14 17:35:30.345837 Oscar: We should drop Kilo
2024-10-14 17:35:30.355333 Victor: No
2024-10-14 17:35:30.355570 Uniform: No
2024-10-14 17:35:30.355711 India: No
2024-10-14 17:35:30.355900 Bravo: No
ChatterBot Oscar reevaluating
ChatterBot Oscar reevaluating
ChatterBot Oscar reevaluating
ChatterBot Uniform reevaluating
ChatterBot Oscar reevaluating
ChatterBot Uniform reevaluating
2024-10-14 17:35:30.393180 Uniform: We should add Whiskey
ChatterBot Oscar reevaluating
2024-10-14 17:35:30.402927 Oscar: No
2024-10-14 17:35:30.403059 Bravo: No
2024-10-14 17:35:30.403159 India: No
2024-10-14 17:35:30.403251 Kilo: No
2024-10-14 17:35:30.403364 Victor: No
ChatterBot Uniform reevaluating
ChatterBot Uniform reevaluating
ChatterBot Oscar reevaluating
ChatterBot Uniform reevaluating
ChatterBot Oscar reevaluating
ChatterBot Uniform reevaluating
ChatterBot Oscar reevaluating
ChatterBot Uniform reevaluating
ChatterBot Oscar reevaluating
2024-10-14 17:35:30.452952 November: Whiskey and Lima, sending you 3
2024-10-14 17:35:30.455672 November: Charlie, sending you 4
2024-10-14 17:35:30.456142 Charlie: Same as last round
2024-10-14 17:35:30.456513 Lima: November and Whiskey, sending you 3
2024-10-14 17:35:30.456913 India: Victor, Oscar and Bravo, sending you 3
2024-10-14 17:35:30.458210 Victor: Uniform, India, Bravo and Kilo, sending you 2
2024-10-14 17:35:30.458865 Bravo: Victor, Uniform, India and Oscar, sending you 3
2024-10-14 17:35:30.459682 Lima: Charlie, sending you 4
2024-10-14 17:35:30.460694 India: Uniform, sending you 4
2024-10-14 17:35:30.462881 Victor: Oscar, sending you 1
2024-10-14 17:35:30.463626 Victor: I was attacked by Lima
ChatterBot Uniform reevaluating
ChatterBot Oscar reevaluating
ChatterBot Bravo reevaluating
ChatterBot India reevaluating
ChatterBot Kilo reevaluating
2024-10-14 17:35:30.483692 Victor: Ow
2024-10-14 17:35:30.485049 Whiskey: November and Charlie, sending you 4
2024-10-14 17:35:30.489822 Whiskey: Lima, sending you 3
2024-10-14 17:35:30.512722 Uniform: Victor and India, sending you 4
2024-10-14 17:35:30.513695 Oscar: Victor and Uniform, sending you 2
2024-10-14 17:35:30.516669 Uniform: Oscar, Bravo and Kilo, sending you 3
2024-10-14 17:35:30.518671 Oscar: India and Bravo, sending you 3
chatterbot November submitting transactions
chatterbot Oscar submitting transactions
chatterbot Lima submitting transactions
chatterbot Victor submitting transactions
chatterbot Uniform submitting transactions
chatterbot Kilo submitting transactions
chatterbot Whiskey submitting transactions
chatterbot Bravo submitting transactions
chatterbot Charlie submitting transactions
chatterbot India submitting transactions
ChatterBot November round 10
ChatterBot Whiskey round 10
ChatterBot Victor round 10
ChatterBot Uniform round 10
ChatterBot Lima round 10
ChatterBot India round 10
ChatterBot Charlie round 10
ChatterBot Oscar round 10
ChatterBot Bravo round 10
2024-10-14 17:35:31.631238 Uniform: We should add November
ChatterBot Kilo reevaluating
2024-10-14 17:35:31.642285 Oscar: No
2024-10-14 17:35:31.642434 Bravo: No
2024-10-14 17:35:31.642550 India: No
2024-10-14 17:35:31.642669 Kilo: No
2024-10-14 17:35:31.642780 Victor: No
ChatterBot Uniform reevaluating
ChatterBot Kilo reevaluating
ChatterBot Uniform reevaluating
ChatterBot Kilo reevaluating
ChatterBot Uniform reevaluating
ChatterBot Kilo reevaluating
ChatterBot Uniform reevaluating
ChatterBot Uniform reevaluating
ChatterBot Kilo reevaluating
ChatterBot Kilo round 10
2024-10-14 17:35:31.710261 Oscar: We should add Kilo
ChatterBot Uniform reevaluating
2024-10-14 17:35:31.719553 Victor: Yes
2024-10-14 17:35:31.719711 Uniform: Yes
2024-10-14 17:35:31.719840 India: Yes
2024-10-14 17:35:31.719938 Bravo: Yes
ChatterBot Oscar reevaluating
ChatterBot Uniform reevaluating
ChatterBot Oscar reevaluating
ChatterBot Oscar reevaluating
ChatterBot Uniform reevaluating
ChatterBot Oscar reevaluating
ChatterBot Uniform reevaluating
2024-10-14 17:35:31.756503 Uniform: We should add Charlie
ChatterBot Oscar reevaluating
ChatterBot Kilo reevaluating
2024-10-14 17:35:31.768658 Oscar: No
2024-10-14 17:35:31.768828 Bravo: No
2024-10-14 17:35:31.768952 India: No
2024-10-14 17:35:31.769067 Kilo: No
2024-10-14 17:35:31.769179 Victor: No
ChatterBot Uniform reevaluating
ChatterBot Kilo reevaluating
ChatterBot Uniform reevaluating
ChatterBot Oscar reevaluating
ChatterBot Kilo reevaluating
ChatterBot Uniform reevaluating
ChatterBot Oscar reevaluating
ChatterBot Kilo reevaluating
ChatterBot Uniform reevaluating
ChatterBot Oscar reevaluating
ChatterBot Uniform reevaluating
ChatterBot Oscar reevaluating
ChatterBot Kilo reevaluating
2024-10-14 17:35:31.846669 Victor: Uniform, sending you 3
2024-10-14 17:35:31.849726 Oscar: Kilo we want you to join our group
2024-10-14 17:35:31.855479 Kilo: No
ChatterBot Oscar reevaluating
2024-10-14 17:35:31.871666 Oscar: We should replace Victor with Kilo
2024-10-14 17:35:31.878802 Uniform: No
2024-10-14 17:35:31.878944 India: No
2024-10-14 17:35:31.879060 Bravo: No
ChatterBot Oscar reevaluating
ChatterBot Oscar reevaluating
ChatterBot Oscar reevaluating
2024-10-14 17:35:31.900768 November: Whiskey and Lima, sending you 3
2024-10-14 17:35:31.901568 Whiskey: November and Charlie, sending you 4
2024-10-14 17:35:31.901920 Victor: India, Oscar, Bravo and Kilo, sending you 2
2024-10-14 17:35:31.902547 Lima: November and Whiskey, sending you 3
2024-10-14 17:35:31.904893 November: Charlie, sending you 4
2024-10-14 17:35:31.905574 India: Victor, Oscar and Bravo, sending you 3
2024-10-14 17:35:31.906944 Whiskey: Lima, sending you 3
2024-10-14 17:35:31.907452 Charlie: Same as last round
2024-10-14 17:35:31.907857 Bravo: Victor, Uniform, India and Oscar, sending you 3
2024-10-14 17:35:31.909006 Uniform: Victor and India, sending you 4
2024-10-14 17:35:31.909781 Lima: Charlie, sending you 4
2024-10-14 17:35:31.911687 India: Uniform, sending you 4
2024-10-14 17:35:31.912869 Bravo: Kilo, sending you 2
2024-10-14 17:35:31.913842 Uniform: Oscar, Bravo and Kilo, sending you 3
2024-10-14 17:35:31.918034 India: Kilo, sending you 2
2024-10-14 17:35:31.930658 Oscar: Victor, Uniform and Bravo, sending you 2
2024-10-14 17:35:31.935651 Oscar: India, sending you 3
2024-10-14 17:35:31.940665 Oscar: Kilo, sending you 1
chatterbot Victor submitting transactions
chatterbot Bravo submitting transactions
chatterbot Charlie submitting transactions
chatterbot November submitting transactions
chatterbot Uniform submitting transactions
chatterbot Whiskey submitting transactions
chatterbot India submitting transactions
chatterbot Lima submitting transactions
chatterbot Oscar submitting transactions
chatterbot Kilo submitting transactions
ChatterBot November round 11
ChatterBot Whiskey round 11
ChatterBot Victor round 11
ChatterBot Uniform round 11
ChatterBot Lima round 11
ChatterBot India round 11
ChatterBot Charlie round 11
ChatterBot Oscar round 11
ChatterBot Bravo round 11
ChatterBot Kilo round 11
2024-10-14 17:35:33.073715 Oscar: We should drop Kilo
ChatterBot India reevaluating
2024-10-14 17:35:33.085229 Victor: No
2024-10-14 17:35:33.085469 Uniform: No
2024-10-14 17:35:33.085700 India: No
2024-10-14 17:35:33.085887 Bravo: No
ChatterBot Oscar reevaluating
ChatterBot India reevaluating
ChatterBot Oscar reevaluating
ChatterBot India reevaluating
ChatterBot Oscar reevaluating
ChatterBot Uniform reevaluating
ChatterBot Oscar reevaluating
ChatterBot Uniform reevaluating
ChatterBot India reevaluating
2024-10-14 17:35:33.133686 Lima: November and Whiskey, sending you 3
2024-10-14 17:35:33.134327 Charlie: Same as last round
2024-10-14 17:35:33.135333 November: Whiskey and Lima, sending you 3
2024-10-14 17:35:33.135886 Whiskey: November and Charlie, sending you 4
2024-10-14 17:35:33.136426 Victor: Uniform, India, Bravo and Kilo, sending you 3
2024-10-14 17:35:33.138025 India: We should drop Oscar
ChatterBot Uniform reevaluating
2024-10-14 17:35:33.157220 Kilo: Yes
2024-10-14 17:35:33.157423 Victor: No
2024-10-14 17:35:33.157621 Uniform: Yes
2024-10-14 17:35:33.157828 Bravo: No
ChatterBot Uniform reevaluating
ChatterBot India reevaluating
ChatterBot Uniform reevaluating
ChatterBot India reevaluating
ChatterBot India reevaluating
ChatterBot Uniform reevaluating
ChatterBot India reevaluating
2024-10-14 17:35:33.203654 Oscar: We should drop Victor
ChatterBot Uniform reevaluating
ChatterBot India reevaluating
ChatterBot Bravo reevaluating
2024-10-14 17:35:33.213038 Uniform: No
2024-10-14 17:35:33.213158 India: No
2024-10-14 17:35:33.213246 Bravo: No
2024-10-14 17:35:33.213329 Kilo: No
ChatterBot Oscar reevaluating
ChatterBot India reevaluating
ChatterBot Bravo reevaluating
ChatterBot Oscar reevaluating
ChatterBot Uniform reevaluating
ChatterBot Bravo reevaluating
ChatterBot Oscar reevaluating
ChatterBot Uniform reevaluating
ChatterBot India reevaluating
ChatterBot Oscar reevaluating
ChatterBot Uniform reevaluating
ChatterBot India reevaluating
ChatterBot Bravo reevaluating
2024-10-14 17:35:33.253158 Lima: Charlie, sending you 4
2024-10-14 17:35:33.253567 Lima: I was attacked by Kilo
ChatterBot November reevaluating
ChatterBot Charlie reevaluating
ChatterBot Whiskey reevaluating
2024-10-14 17:35:33.261246 Lima: Ow
2024-10-14 17:35:33.261857 Victor: Oscar, sending you 1
2024-10-14 17:35:33.279704 Bravo: Victor and Kilo, sending you 3
2024-10-14 17:35:33.284670 Bravo: Uniform and India, sending you 4
2024-10-14 17:35:33.285703 Oscar: Victor, Uniform and Bravo, sending you 2
2024-10-14 17:35:33.291678 Oscar: India, sending you 3
2024-10-14 17:35:33.293586 Uniform: Victor, Bravo and Kilo, sending you 4
2024-10-14 17:35:33.294776 India: Victor, Uniform and Bravo, sending you 4
2024-10-14 17:35:33.295996 Oscar: Kilo, sending you 1
2024-10-14 17:35:33.299665 Uniform: India, sending you 5
2024-10-14 17:35:33.300541 India: Kilo, sending you 3
chatterbot Kilo submitting transactions
chatterbot Victor submitting transactions
chatterbot Charlie submitting transactions
chatterbot Uniform submitting transactions
chatterbot Whiskey submitting transactions
chatterbot Lima submitting transactions
chatterbot Bravo submitting transactions
chatterbot Oscar submitting transactions
chatterbot November submitting transactions
chatterbot India submitting transactions
ChatterBot November round 12
ChatterBot Whiskey round 12
ChatterBot Victor round 12
ChatterBot Uniform round 12
ChatterBot Lima round 12
ChatterBot India round 12
ChatterBot Charlie round 12
ChatterBot Oscar round 12
ChatterBot Bravo round 12
ChatterBot Kilo round 12
2024-10-14 17:35:34.478189 Whiskey: We should add India
2024-10-14 17:35:34.486419 November: No
2024-10-14 17:35:34.486582 Lima: No
2024-10-14 17:35:34.486717 Charlie: No
ChatterBot Whiskey reevaluating
ChatterBot Whiskey reevaluating
ChatterBot Whiskey reevaluating
2024-10-14 17:35:34.519063 Bravo: We should add Oscar
2024-10-14 17:35:34.528403 Kilo: No
2024-10-14 17:35:34.528557 Victor: Yes
2024-10-14 17:35:34.528706 Uniform: No
2024-10-14 17:35:34.528848 India: No
ChatterBot Bravo reevaluating
ChatterBot Uniform reevaluating
ChatterBot Bravo reevaluating
2024-10-14 17:35:34.579659 Uniform: Oscar we want you to join our group
ChatterBot Oscar reevaluating
2024-10-14 17:35:34.583524 Oscar: No
ChatterBot Uniform reevaluating
ChatterBot Bravo reevaluating
2024-10-14 17:35:34.602687 Victor: Uniform, India, Bravo and Kilo, sending you 3
2024-10-14 17:35:34.603730 India: Victor and Bravo, sending you 4
2024-10-14 17:35:34.605204 November: Whiskey and Lima, sending you 3
2024-10-14 17:35:34.605809 Lima: November and Whiskey, sending you 3
2024-10-14 17:35:34.606660 Bravo: Oscar we want you to join our group
ChatterBot Oscar reevaluating
2024-10-14 17:35:34.610923 Oscar: No
ChatterBot Uniform reevaluating
ChatterBot Bravo reevaluating
2024-10-14 17:35:34.629907 Victor: Oscar, sending you 2
2024-10-14 17:35:34.631029 India: Uniform, sending you 5
2024-10-14 17:35:34.631592 November: Charlie, sending you 4
2024-10-14 17:35:34.632207 Lima: Charlie, sending you 4
2024-10-14 17:35:34.633316 Lima: I was attacked by Kilo
ChatterBot November reevaluating
ChatterBot Charlie reevaluating
ChatterBot Whiskey reevaluating
2024-10-14 17:35:34.643478 Lima: Ow
2024-10-14 17:35:34.644176 Whiskey: We should add Bravo
ChatterBot November reevaluating
ChatterBot Charlie reevaluating
2024-10-14 17:35:34.656418 November: No
2024-10-14 17:35:34.656559 Lima: No
2024-10-14 17:35:34.657268 Charlie: No
ChatterBot Charlie reevaluating
ChatterBot Whiskey reevaluating
ChatterBot November reevaluating
ChatterBot Charlie reevaluating
ChatterBot Whiskey reevaluating
ChatterBot November reevaluating
ChatterBot Whiskey reevaluating
2024-10-14 17:35:34.688382 India: Kilo, sending you 2
2024-10-14 17:35:34.688999 Oscar: We should drop Kilo
ChatterBot Uniform reevaluating
ChatterBot Bravo reevaluating
2024-10-14 17:35:34.702915 Victor: No
2024-10-14 17:35:34.703104 Uniform: No
2024-10-14 17:35:34.703260 India: No
2024-10-14 17:35:34.703393 Bravo: No
ChatterBot Oscar reevaluating
ChatterBot Uniform reevaluating
ChatterBot Bravo reevaluating
ChatterBot Oscar reevaluating
ChatterBot Bravo reevaluating
ChatterBot Oscar reevaluating
ChatterBot Uniform reevaluating
ChatterBot Bravo reevaluating
ChatterBot Oscar reevaluating
ChatterBot Uniform reevaluating
2024-10-14 17:35:34.763646 Charlie: Same as last round
2024-10-14 17:35:34.765653 Bravo: Victor, Uniform and India, sending you 4
2024-10-14 17:35:34.770655 Bravo: Kilo, sending you 2
2024-10-14 17:35:34.777720 Uniform: Victor and India, sending you 4
2024-10-14 17:35:34.780677 Oscar: Victor and Uniform, sending you 2
2024-10-14 17:35:34.781658 Uniform: Oscar, Bravo and Kilo, sending you 3
2024-10-14 17:35:34.784663 Oscar: India and Bravo, sending you 3
chatterbot Lima submitting transactions
chatterbot Oscar submitting transactions
chatterbot Uniform submitting transactions
chatterbot Whiskey submitting transactions
chatterbot Victor submitting transactions
chatterbot November submitting transactions
chatterbot India submitting transactions
chatterbot Charlie submitting transactions
chatterbot Kilo submitting transactions
chatterbot Bravo submitting transactions
ChatterBot November round 13
ChatterBot Whiskey round 13
ChatterBot Victor round 13
ChatterBot Uniform round 13
ChatterBot Lima round 13
ChatterBot India round 13
ChatterBot Charlie round 13
ChatterBot Oscar round 13
ChatterBot Bravo round 13
2024-10-14 17:35:35.682596 Whiskey: We should add Uniform
2024-10-14 17:35:35.692669 November: No
2024-10-14 17:35:35.692959 Lima: No
2024-10-14 17:35:35.693189 Charlie: No
ChatterBot Whiskey reevaluating
ChatterBot Whiskey reevaluating
ChatterBot Whiskey reevaluating
ChatterBot Kilo round 13
2024-10-14 17:35:35.744504 Bravo: We should add Oscar
2024-10-14 17:35:35.760600 Kilo: No
2024-10-14 17:35:35.761188 Victor: Yes
2024-10-14 17:35:35.761370 Uniform: No
2024-10-14 17:35:35.761528 India: No
ChatterBot Uniform reevaluating
ChatterBot Uniform reevaluating
ChatterBot Bravo reevaluating
ChatterBot Uniform reevaluating
ChatterBot Bravo reevaluating
2024-10-14 17:35:35.857695 Victor: Uniform, India, Bravo and Kilo, sending you 3
2024-10-14 17:35:35.859943 Bravo: Oscar we want you to join our group
2024-10-14 17:35:35.866665 Oscar: No
ChatterBot Uniform reevaluating
ChatterBot Bravo reevaluating
2024-10-14 17:35:35.889891 Charlie: Same as last round
2024-10-14 17:35:35.891140 Victor: Oscar, sending you 2
2024-10-14 17:35:35.892240 Lima: I was attacked by Kilo
ChatterBot November reevaluating
ChatterBot Charlie reevaluating
ChatterBot Whiskey reevaluating
2024-10-14 17:35:35.903745 Lima: Ow
2024-10-14 17:35:35.904802 India: Victor, Uniform and Bravo, sending you 4
2024-10-14 17:35:35.906628 Oscar: Victor, India and Bravo, sending you 2
2024-10-14 17:35:35.907723 Uniform: We should drop Oscar
ChatterBot Bravo reevaluating
2024-10-14 17:35:35.919203 Kilo: Yes
2024-10-14 17:35:35.919387 Victor: No
2024-10-14 17:35:35.919518 India: Yes
2024-10-14 17:35:35.919626 Bravo: No
ChatterBot Bravo reevaluating
ChatterBot Bravo reevaluating
ChatterBot Uniform reevaluating
ChatterBot Bravo reevaluating
ChatterBot Uniform reevaluating
2024-10-14 17:35:35.965785 Oscar: Uniform, sending you 4
2024-10-14 17:35:35.966818 India: Kilo, sending you 3
2024-10-14 17:35:35.983678 November: Whiskey and Lima, sending you 3
2024-10-14 17:35:35.986679 November: Charlie, sending you 4
2024-10-14 17:35:35.996665 Bravo: Victor, Uniform, India and Oscar, sending you 3
2024-10-14 17:35:35.999027 Uniform: Victor, Bravo and Kilo, sending you 4
2024-10-14 17:35:36.001664 Bravo: Kilo, sending you 2
2024-10-14 17:35:36.003695 Uniform: India, sending you 5
chatterbot Lima submitting transactions
chatterbot India submitting transactions
chatterbot Victor submitting transactions
chatterbot Oscar submitting transactions
chatterbot Whiskey submitting transactions
chatterbot November submitting transactions
