ChatterBot Alpha round 1
ChatterBot Kilo round 1
ChatterBot Uniform round 1
ChatterBot Golf round 1
ChatterBot Hotel round 1
ChatterBot Zulu round 1
ChatterBot Lima round 1
ChatterBot Foxtrot round 1
ChatterBot Bravo round 1
ChatterBot Victor round 1
randomSelections Golf: {Golf, Lima, Bravo, Alpha, Hotel, Uniform, Kilo} 
2024-10-14 17:35:18.884223 Golf: We should group up
ChatterBot Lima reevaluating
ChatterBot Bravo reevaluating
ChatterBot Alpha reevaluating
ChatterBot Hotel reevaluating
ChatterBot Uniform reevaluating
ChatterBot Kilo reevaluating
2024-10-14 17:35:19.005239 Lima: Yes
2024-10-14 17:35:19.006602 Bravo: Yes
2024-10-14 17:35:19.006918 Alpha: Yes
2024-10-14 17:35:19.007276 Hotel: Yes
2024-10-14 17:35:19.007553 Uniform: Yes
2024-10-14 17:35:19.008140 Kilo: Yes
ChatterBot Bravo reevaluating
ChatterBot Alpha reevaluating
ChatterBot Hotel reevaluating
ChatterBot Uniform reevaluating
ChatterBot Kilo reevaluating
ChatterBot Lima reevaluating
ChatterBot Alpha reevaluating
ChatterBot Hotel reevaluating
ChatterBot Uniform reevaluating
ChatterBot Kilo reevaluating
ChatterBot Lima reevaluating
ChatterBot Bravo reevaluating
ChatterBot Hotel reevaluating
ChatterBot Uniform reevaluating
ChatterBot Kilo reevaluating
ChatterBot Lima reevaluating
ChatterBot Bravo reevaluating
ChatterBot Alpha reevaluating
ChatterBot Uniform reevaluating
ChatterBot Kilo reevaluating
ChatterBot Lima reevaluating
ChatterBot Bravo reevaluating
ChatterBot Alpha reevaluating
ChatterBot Hotel reevaluating
ChatterBot Kilo reevaluating
ChatterBot Lima reevaluating
ChatterBot Bravo reevaluating
ChatterBot Alpha reevaluating
ChatterBot Hotel reevaluating
ChatterBot Uniform reevaluating
randomSelections Zulu: {Zulu, Bravo, Hotel, Victor, Uniform} 
2024-10-14 17:35:19.146542 Zulu: Can we be friends?
ChatterBot Bravo reevaluating
ChatterBot Hotel reevaluating
ChatterBot Victor reevaluating
ChatterBot Uniform reevaluating
2024-10-14 17:35:19.156705 Bravo: No
2024-10-14 17:35:19.156870 Hotel: No
2024-10-14 17:35:19.157005 Victor: Yes
2024-10-14 17:35:19.157127 Uniform: No
ChatterBot Hotel reevaluating
ChatterBot Victor reevaluating
ChatterBot Uniform reevaluating
ChatterBot Bravo reevaluating
ChatterBot Victor reevaluating
ChatterBot Uniform reevaluating
ChatterBot Bravo reevaluating
ChatterBot Hotel reevaluating
ChatterBot Uniform reevaluating
ChatterBot Bravo reevaluating
ChatterBot Hotel reevaluating
ChatterBot Victor reevaluating
randomSelections Foxtrot: {Foxtrot, Victor, Golf, Lima, Hotel} 
2024-10-14 17:35:19.205992 Foxtrot: Can we be friends?
ChatterBot Victor reevaluating
ChatterBot Lima reevaluating
ChatterBot Hotel reevaluating
2024-10-14 17:35:19.211916 Victor: No
2024-10-14 17:35:19.212113 Golf: No
2024-10-14 17:35:19.212748 Lima: No
2024-10-14 17:35:19.212870 Hotel: No
ChatterBot Lima reevaluating
ChatterBot Hotel reevaluating
ChatterBot Victor reevaluating
ChatterBot Lima reevaluating
ChatterBot Hotel reevaluating
ChatterBot Victor reevaluating
ChatterBot Hotel reevaluating
ChatterBot Victor reevaluating
ChatterBot Lima reevaluating
2024-10-14 17:35:19.311112 Alpha: Kilo and Hotel, sending you 4
2024-10-14 17:35:19.312041 Bravo: Alpha, sending you 4
2024-10-14 17:35:19.322474 Uniform: Alpha, Kilo, Golf and Bravo, sending you 2
2024-10-14 17:35:19.323738 Zulu: Uniform and Bravo, sending you 4
2024-10-14 17:35:19.324326 Alpha: Uniform and Bravo, sending you 3
2024-10-14 17:35:19.325348 Golf: Alpha, Kilo, Uniform and Hotel, sending you 1
2024-10-14 17:35:19.325810 Bravo: Kilo, sending you 2
2024-10-14 17:35:19.326966 Hotel: Alpha and Bravo, sending you 3
2024-10-14 17:35:19.327362 Kilo: Alpha, Lima and Bravo, sending you 2
2024-10-14 17:35:19.328186 Lima: Alpha, Kilo and Bravo, sending you 2
2024-10-14 17:35:19.328800 Uniform: Hotel, sending you 1
2024-10-14 17:35:19.329932 Zulu: Victor, sending you 2
2024-10-14 17:35:19.330573 Alpha: Golf and Lima, sending you 2
2024-10-14 17:35:19.331588 Golf: Lima, sending you 2
2024-10-14 17:35:19.332369 Kilo: Uniform, sending you 4
2024-10-14 17:35:19.333393 Bravo: Hotel, sending you 1
2024-10-14 17:35:19.333896 Hotel: Kilo and Uniform, sending you 2
2024-10-14 17:35:19.335172 Victor: Uniform and Hotel, sending you 2
2024-10-14 17:35:19.335828 Lima: Uniform, sending you 3
2024-10-14 17:35:19.337268 Uniform: Lima, sending you 3
2024-10-14 17:35:19.338500 Kilo: Golf and Hotel, sending you 1
2024-10-14 17:35:19.339380 Bravo: Lima, sending you 3
2024-10-14 17:35:19.340435 Hotel: Golf and Lima, sending you 1
2024-10-14 17:35:19.341007 Lima: Golf, sending you 1
2024-10-14 17:35:19.342048 Victor: Zulu, sending you 1
2024-10-14 17:35:19.345771 Victor: Bravo, sending you 4
chatterbot Golf submitting transactions
chatterbot Alpha submitting transactions
chatterbot Kilo submitting transactions
chatterbot Hotel submitting transactions
chatterbot Foxtrot submitting transactions
chatterbot Victor submitting transactions
chatterbot Zulu submitting transactions
chatterbot Uniform submitting transactions
chatterbot Lima submitting transactions
chatterbot Bravo submitting transactions
ChatterBot Alpha round 2
ChatterBot Kilo round 2
ChatterBot Uniform round 2
ChatterBot Golf round 2
ChatterBot Hotel round 2
ChatterBot Zulu round 2
ChatterBot Lima round 2
ChatterBot Foxtrot round 2
ChatterBot Bravo round 2
ChatterBot Victor round 2
2024-10-14 17:35:20.416752 Victor: Can we be friends?
ChatterBot Zulu reevaluating
2024-10-14 17:35:20.420575 Zulu: Yes
ChatterBot Victor reevaluating
2024-10-14 17:35:20.424392 Zulu: Let's form a team
ChatterBot Victor reevaluating
2024-10-14 17:35:20.427715 Victor: Yes
ChatterBot Zulu reevaluating
2024-10-14 17:35:20.438096 Kilo: We should drop Golf
ChatterBot Bravo reevaluating
2024-10-14 17:35:20.459016 Alpha: No
2024-10-14 17:35:20.459182 Uniform: Yes
2024-10-14 17:35:20.459305 Hotel: Yes
2024-10-14 17:35:20.459412 Lima: No
2024-10-14 17:35:20.459518 Bravo: No
ChatterBot Bravo reevaluating
ChatterBot Bravo reevaluating
ChatterBot Lima reevaluating
ChatterBot Bravo reevaluating
ChatterBot Alpha reevaluating
ChatterBot Bravo reevaluating
ChatterBot Alpha reevaluating
ChatterBot Lima reevaluating
2024-10-14 17:35:20.567596 Foxtrot: We would work well together
2024-10-14 17:35:20.572941 Golf: No
ChatterBot Foxtrot reevaluating
2024-10-14 17:35:22.312017 Golf: Sending you each 1
2024-10-14 17:35:22.313850 Alpha: Kilo, Uniform, Hotel and Lima, sending you 3
2024-10-14 17:35:22.315475 Uniform: Alpha, Hotel and Lima, sending you 3
2024-10-14 17:35:22.316884 Victor: Sending you 9
2024-10-14 17:35:22.318039 Zulu: Sending you 7
2024-10-14 17:35:22.328683 Alpha: Golf, sending you 2
2024-10-14 17:35:22.329604 Lima: Alpha, Kilo and Golf, sending you 2
2024-10-14 17:35:22.329993 Uniform: Kilo, sending you 4
2024-10-14 17:35:22.330232 Kilo: Alpha, sending you 4
2024-10-14 17:35:22.331084 Foxtrot: Sending you 10
2024-10-14 17:35:22.331287 Bravo: Alpha, Kilo, Uniform, Hotel and Lima, sending you 2
2024-10-14 17:35:22.331669 Hotel: Alpha, sending you 6
2024-10-14 17:35:22.332648 Uniform: Bravo, sending you 1
2024-10-14 17:35:22.371109 Alpha: Bravo, sending you 4
2024-10-14 17:35:22.372141 Lima: Uniform and Bravo, sending you 3
2024-10-14 17:35:22.372598 Kilo: Uniform, Hotel, Lima and Bravo, sending you 2
2024-10-14 17:35:22.372987 Hotel: Kilo, Uniform, Lima and Bravo, sending you 2
chatterbot Zulu submitting transactions
chatterbot Uniform submitting transactions
chatterbot Bravo submitting transactions
chatterbot Victor submitting transactions
chatterbot Alpha submitting transactions
chatterbot Golf submitting transactions
chatterbot Foxtrot submitting transactions
chatterbot Kilo submitting transactions
chatterbot Lima submitting transactions
chatterbot Hotel submitting transactions
ChatterBot Alpha round 3
ChatterBot Kilo round 3
ChatterBot Uniform round 3
ChatterBot Golf round 3
ChatterBot Hotel round 3
ChatterBot Zulu round 3
ChatterBot Lima round 3
ChatterBot Foxtrot round 3
ChatterBot Bravo round 3
ChatterBot Victor round 3
2024-10-14 17:35:23.180342 Alpha: We should drop Golf
ChatterBot Uniform reevaluating
ChatterBot Lima reevaluating
2024-10-14 17:35:23.194203 Kilo: Yes
2024-10-14 17:35:23.194378 Uniform: Yes
2024-10-14 17:35:23.194551 Hotel: Yes
2024-10-14 17:35:23.194715 Lima: Yes
2024-10-14 17:35:23.194851 Bravo: Yes
ChatterBot Alpha reevaluating
ChatterBot Uniform reevaluating
ChatterBot Lima reevaluating
ChatterBot Alpha reevaluating
ChatterBot Lima reevaluating
ChatterBot Kilo reevaluating
ChatterBot Alpha reevaluating
ChatterBot Uniform reevaluating
ChatterBot Lima reevaluating
ChatterBot Kilo reevaluating
ChatterBot Alpha reevaluating
ChatterBot Uniform reevaluating
ChatterBot Kilo reevaluating
ChatterBot Alpha reevaluating
ChatterBot Uniform reevaluating
ChatterBot Lima reevaluating
2024-10-14 17:35:23.274685 Victor: We should add Foxtrot
ChatterBot Zulu reevaluating
2024-10-14 17:35:23.278231 Zulu: Yes
2024-10-14 17:35:23.289460 Foxtrot: We should replace Zulu with Golf
2024-10-14 17:35:23.292959 Hotel: We should drop Lima
ChatterBot Alpha reevaluating
ChatterBot Kilo reevaluating
ChatterBot Uniform reevaluating
2024-10-14 17:35:23.303956 Alpha: No
2024-10-14 17:35:23.304085 Kilo: No
2024-10-14 17:35:23.304180 Uniform: No
2024-10-14 17:35:23.304268 Bravo: No
ChatterBot Kilo reevaluating
ChatterBot Uniform reevaluating
ChatterBot Alpha reevaluating
ChatterBot Uniform reevaluating
ChatterBot Alpha reevaluating
ChatterBot Kilo reevaluating
ChatterBot Alpha reevaluating
ChatterBot Kilo reevaluating
ChatterBot Uniform reevaluating
2024-10-14 17:35:23.344992 Victor: Foxtrot we want you to join our group
ChatterBot Foxtrot reevaluating
2024-10-14 17:35:23.348192 Foxtrot: Yes
ChatterBot Zulu reevaluating
2024-10-14 17:35:23.353266 Foxtrot: We should add Victor and Golf
ChatterBot Zulu reevaluating
2024-10-14 17:35:23.355977 Zulu: No
ChatterBot Foxtrot reevaluating
2024-10-14 17:35:23.359452 Kilo: We should drop Hotel
ChatterBot Alpha reevaluating
2024-10-14 17:35:23.368839 Alpha: No
2024-10-14 17:35:23.368977 Uniform: Yes
2024-10-14 17:35:23.369083 Lima: No
2024-10-14 17:35:23.369185 Bravo: No
ChatterBot Alpha reevaluating
ChatterBot Alpha reevaluating
ChatterBot Alpha reevaluating
2024-10-14 17:35:23.404796 Foxtrot: We should replace Zulu with Victor
2024-10-14 17:35:23.404971 Zulu: Foxtrot we want you to join our group
ChatterBot Foxtrot reevaluating
2024-10-14 17:35:23.407552 Foxtrot: No
2024-10-14 17:35:23.412715 Golf: Alpha, sending you 2
2024-10-14 17:35:23.416682 Hotel: Alpha and Uniform, sending you 4
2024-10-14 17:35:23.417172 Golf: Kilo, Uniform, Hotel and Lima, sending you 1
2024-10-14 17:35:23.419757 Foxtrot: Victor we want you to join our group
2024-10-14 17:35:23.422672 Victor: Yes
ChatterBot Foxtrot reevaluating
2024-10-14 17:35:23.427089 Victor: Zulu, sending you 6
2024-10-14 17:35:23.427365 Hotel: Kilo and Bravo, sending you 3
2024-10-14 17:35:23.427777 Lima: Alpha, Uniform and Bravo, sending you 3
2024-10-14 17:35:23.430716 Zulu: Sending you each 5
2024-10-14 17:35:23.431705 Victor: Foxtrot, sending you 3
2024-10-14 17:35:23.432143 Bravo: Same as last round
2024-10-14 17:35:23.432705 Lima: Kilo, sending you 2
2024-10-14 17:35:23.433696 Kilo: Sending you each 3
2024-10-14 17:35:23.435255 Foxtrot: Victor and Golf we want you to join our group
ChatterBot Victor reevaluating
2024-10-14 17:35:23.443803 Victor: Yes
2024-10-14 17:35:23.444754 Golf: No
ChatterBot Foxtrot reevaluating
ChatterBot Foxtrot reevaluating
ChatterBot Victor reevaluating
2024-10-14 17:35:23.466999 Uniform: Alpha, Kilo and Lima, sending you 4
2024-10-14 17:35:23.467948 Lima: Hotel, sending you 1
2024-10-14 17:35:23.471002 Alpha: Kilo, Hotel and Bravo, sending you 4
2024-10-14 17:35:23.472689 Uniform: Bravo, sending you 2
2024-10-14 17:35:23.474665 Alpha: Uniform and Lima, sending you 3
2024-10-14 17:35:23.491670 Foxtrot: Golf and Victor, sending you 3
2024-10-14 17:35:23.495694 Foxtrot: Zulu, sending you 4
chatterbot Bravo submitting transactions
chatterbot Lima submitting transactions
chatterbot Zulu submitting transactions
chatterbot Golf submitting transactions
chatterbot Hotel submitting transactions
chatterbot Alpha submitting transactions
chatterbot Uniform submitting transactions
chatterbot Kilo submitting transactions
chatterbot Victor submitting transactions
chatterbot Foxtrot submitting transactions
ChatterBot Alpha round 4
ChatterBot Kilo round 4
ChatterBot Uniform round 4
2024-10-14 17:35:24.455249 Uniform: We should replace Bravo with Hotel
ChatterBot Kilo reevaluating
2024-10-14 17:35:24.471366 Alpha: No
2024-10-14 17:35:24.471620 Kilo: No
2024-10-14 17:35:24.471862 Lima: No
ChatterBot Uniform reevaluating
ChatterBot Kilo reevaluating
ChatterBot Uniform reevaluating
ChatterBot Uniform reevaluating
ChatterBot Kilo reevaluating
ChatterBot Golf round 4
ChatterBot Hotel round 4
ChatterBot Zulu round 4
ChatterBot Lima round 4
ChatterBot Foxtrot round 4
ChatterBot Bravo round 4
ChatterBot Victor round 4
2024-10-14 17:35:24.539948 Kilo: Hotel we want you to join our group
2024-10-14 17:35:24.542419 Hotel: No
ChatterBot Kilo reevaluating
ChatterBot Uniform reevaluating
2024-10-14 17:35:24.553458 Kilo: We should replace Lima with Hotel
ChatterBot Uniform reevaluating
2024-10-14 17:35:24.559969 Alpha: No
2024-10-14 17:35:24.560104 Uniform: No
2024-10-14 17:35:24.560213 Bravo: No
ChatterBot Kilo reevaluating
ChatterBot Uniform reevaluating
ChatterBot Kilo reevaluating
ChatterBot Kilo reevaluating
ChatterBot Uniform reevaluating
2024-10-14 17:35:24.580303 Foxtrot: We should drop Golf
2024-10-14 17:35:24.584243 Victor: Yes
2024-10-14 17:35:24.584369 Zulu: Yes
2024-10-14 17:35:24.596684 Bravo: Same as last round
2024-10-14 17:35:24.597185 Alpha: Kilo, Uniform and Hotel, sending you 4
2024-10-14 17:35:24.597737 Hotel: Alpha, sending you 5
2024-10-14 17:35:24.598690 Victor: Zulu, sending you 5
2024-10-14 17:35:24.599682 Golf: Alpha, sending you 2
2024-10-14 17:35:24.600666 Hotel: Kilo, Uniform and Bravo, sending you 3
2024-10-14 17:35:24.601670 Lima: Alpha, sending you 3
2024-10-14 17:35:24.602698 Alpha: Lima and Bravo, sending you 3
2024-10-14 17:35:24.603739 Uniform: Hotel we want you to join our group
ChatterBot Hotel reevaluating
2024-10-14 17:35:24.614199 Hotel: No
ChatterBot Uniform reevaluating
ChatterBot Kilo reevaluating
2024-10-14 17:35:24.659958 Hotel: We should replace Kilo with Lima
ChatterBot Uniform reevaluating
2024-10-14 17:35:24.669976 Alpha: No
2024-10-14 17:35:24.670363 Uniform: Yes
2024-10-14 17:35:24.670689 Bravo: No
ChatterBot Hotel reevaluating
ChatterBot Uniform reevaluating
ChatterBot Hotel reevaluating
ChatterBot Hotel reevaluating
ChatterBot Uniform reevaluating
2024-10-14 17:35:24.700949 Victor: Foxtrot, sending you 4
2024-10-14 17:35:24.701310 Zulu: Foxtrot, sending you 5
2024-10-14 17:35:24.701618 Golf: Kilo, Uniform, Hotel and Lima, sending you 1
2024-10-14 17:35:24.702406 Lima: Kilo and Bravo, sending you 2
2024-10-14 17:35:24.703536 Hotel: We should replace Bravo with Lima
ChatterBot Kilo reevaluating
ChatterBot Uniform reevaluating
2024-10-14 17:35:24.713336 Alpha: No
2024-10-14 17:35:24.713516 Kilo: Yes
2024-10-14 17:35:24.713713 Uniform: Yes
ChatterBot Hotel reevaluating
ChatterBot Kilo reevaluating
ChatterBot Uniform reevaluating
ChatterBot Hotel reevaluating
ChatterBot Uniform reevaluating
ChatterBot Hotel reevaluating
ChatterBot Kilo reevaluating
2024-10-14 17:35:24.735625 Zulu: Victor, sending you 6
2024-10-14 17:35:24.735860 Lima: Uniform, sending you 4
2024-10-14 17:35:24.736138 Foxtrot: Zulu, sending you 6
2024-10-14 17:35:24.739677 Lima: Hotel, sending you 1
2024-10-14 17:35:24.740667 Foxtrot: Victor, sending you 4
2024-10-14 17:35:24.769662 Uniform: Alpha, Kilo and Lima, sending you 4
2024-10-14 17:35:24.770670 Kilo: Alpha and Hotel, sending you 3
2024-10-14 17:35:24.773662 Kilo: Uniform, sending you 4
2024-10-14 17:35:24.774679 Uniform: Hotel, sending you 2
2024-10-14 17:35:24.777672 Kilo: Lima, sending you 2
chatterbot Bravo submitting transactions
chatterbot Golf submitting transactions
chatterbot Victor submitting transactions
chatterbot Foxtrot submitting transactions
chatterbot Zulu submitting transactions
chatterbot Hotel submitting transactions
chatterbot Alpha submitting transactions
chatterbot Lima submitting transactions
chatterbot Kilo submitting transactions
chatterbot Uniform submitting transactions
ChatterBot Alpha round 5
ChatterBot Kilo round 5
ChatterBot Uniform round 5
ChatterBot Golf round 5
ChatterBot Hotel round 5
ChatterBot Zulu round 5
ChatterBot Lima round 5
ChatterBot Foxtrot round 5
ChatterBot Bravo round 5
ChatterBot Victor round 5
2024-10-14 17:35:25.961432 Hotel: We should replace Bravo with Lima
2024-10-14 17:35:25.972672 Alpha: No
2024-10-14 17:35:25.972923 Kilo: Yes
2024-10-14 17:35:25.973124 Uniform: Yes
ChatterBot Uniform reevaluating
ChatterBot Uniform reevaluating
ChatterBot Hotel reevaluating
2024-10-14 17:35:26.017876 Kilo: Alpha and Hotel, sending you 3
2024-10-14 17:35:26.020673 Kilo: Uniform, sending you 4
2024-10-14 17:35:26.023672 Kilo: Lima, sending you 2
2024-10-14 17:35:26.028668 Alpha: Kilo, Uniform and Hotel, sending you 4
2024-10-14 17:35:26.031690 Foxtrot: Sending you each 5
2024-10-14 17:35:26.032010 Alpha: Lima and Bravo, sending you 3
2024-10-14 17:35:26.032650 Bravo: Same as last round
2024-10-14 17:35:26.033665 Golf: Alpha, sending you 2
2024-10-14 17:35:26.035016 Zulu: Foxtrot, sending you 5
2024-10-14 17:35:26.035698 Uniform: Alpha, Kilo and Lima, sending you 4
2024-10-14 17:35:26.036688 Golf: Kilo, Uniform, Hotel and Lima, sending you 1
2024-10-14 17:35:26.037666 Zulu: Victor, sending you 6
2024-10-14 17:35:26.039679 Uniform: Hotel, sending you 2
2024-10-14 17:35:26.040685 Victor: Zulu, sending you 5
2024-10-14 17:35:26.040948 Lima: Alpha, sending you 3
2024-10-14 17:35:26.043759 Lima: Kilo and Bravo, sending you 2
2024-10-14 17:35:26.045675 Victor: Foxtrot, sending you 4
2024-10-14 17:35:26.046724 Hotel: Alpha, sending you 5
2024-10-14 17:35:26.047183 Lima: Uniform, sending you 4
2024-10-14 17:35:26.050687 Hotel: Kilo, Uniform and Bravo, sending you 3
2024-10-14 17:35:26.051145 Lima: Hotel, sending you 1
chatterbot Victor submitting transactions
chatterbot Golf submitting transactions
chatterbot Kilo submitting transactions
chatterbot Foxtrot submitting transactions
chatterbot Bravo submitting transactions
chatterbot Alpha submitting transactions
chatterbot Lima submitting transactions
chatterbot Zulu submitting transactions
chatterbot Hotel submitting transactions
chatterbot Uniform submitting transactions
ChatterBot Alpha round 6
ChatterBot Kilo round 6
ChatterBot Uniform round 6
ChatterBot Golf round 6
ChatterBot Hotel round 6
ChatterBot Zulu round 6
ChatterBot Lima round 6
ChatterBot Foxtrot round 6
ChatterBot Bravo round 6
ChatterBot Victor round 6
2024-10-14 17:35:27.208658 Golf: Alpha, sending you 2
2024-10-14 17:35:27.211658 Kilo: Alpha and Hotel, sending you 3
2024-10-14 17:35:27.212011 Golf: Kilo, Uniform, Hotel and Lima, sending you 1
2024-10-14 17:35:27.214686 Kilo: Uniform, sending you 4
2024-10-14 17:35:27.219704 Kilo: Lima, sending you 2
2024-10-14 17:35:27.222661 Hotel: Alpha, sending you 5
2024-10-14 17:35:27.223678 Uniform: Alpha, Kilo and Lima, sending you 4
2024-10-14 17:35:27.224001 Lima: Alpha, sending you 3
2024-10-14 17:35:27.225016 Alpha: Kilo, Uniform and Hotel, sending you 4
2024-10-14 17:35:27.225694 Zulu: Sending you each 6
2024-10-14 17:35:27.225991 Foxtrot: Same as last round
2024-10-14 17:35:27.226673 Uniform: Hotel, sending you 2
2024-10-14 17:35:27.226985 Lima: Kilo and Bravo, sending you 2
2024-10-14 17:35:27.227672 Hotel: Kilo, Uniform and Bravo, sending you 3
2024-10-14 17:35:27.228670 Bravo: Same as last round
2024-10-14 17:35:27.229682 Alpha: Lima and Bravo, sending you 3
2024-10-14 17:35:27.230072 Lima: Uniform, sending you 5
2024-10-14 17:35:27.234671 Victor: Zulu, sending you 5
2024-10-14 17:35:27.237688 Victor: Foxtrot, sending you 4
chatterbot Victor submitting transactions
chatterbot Golf submitting transactions
chatterbot Hotel submitting transactions
chatterbot Foxtrot submitting transactions
chatterbot Alpha submitting transactions
chatterbot Lima submitting transactions
chatterbot Kilo submitting transactions
chatterbot Uniform submitting transactions
chatterbot Bravo submitting transactions
chatterbot Zulu submitting transactions
ChatterBot Alpha round 7
ChatterBot Kilo round 7
ChatterBot Uniform round 7
ChatterBot Golf round 7
ChatterBot Hotel round 7
ChatterBot Zulu round 7
ChatterBot Lima round 7
ChatterBot Foxtrot round 7
ChatterBot Bravo round 7
ChatterBot Victor round 7
2024-10-14 17:35:28.444859 Alpha: Kilo, Uniform and Hotel, sending you 4
2024-10-14 17:35:28.445624 Uniform: Alpha, Kilo and Lima, sending you 4
2024-10-14 17:35:28.446183 Kilo: Alpha and Hotel, sending you 3
2024-10-14 17:35:28.448676 Alpha: Lima and Bravo, sending you 3
2024-10-14 17:35:28.449383 Uniform: Hotel, sending you 2
2024-10-14 17:35:28.450721 Kilo: Uniform, sending you 4
2024-10-14 17:35:28.451832 Lima: Alpha, sending you 3
2024-10-14 17:35:28.452496 Zulu: Same as last round
2024-10-14 17:35:28.454681 Kilo: Lima, sending you 2
2024-10-14 17:35:28.455228 Lima: Kilo and Bravo, sending you 2
2024-10-14 17:35:28.457723 Victor: Zulu, sending you 5
2024-10-14 17:35:28.458678 Golf: Alpha, sending you 2
2024-10-14 17:35:28.459352 Lima: Uniform, sending you 5
2024-10-14 17:35:28.460747 Foxtrot: Same as last round
2024-10-14 17:35:28.461705 Bravo: Alpha, sending you 3
2024-10-14 17:35:28.462329 Hotel: Alpha, sending you 5
2024-10-14 17:35:28.462852 Victor: Foxtrot, sending you 4
2024-10-14 17:35:28.463724 Golf: Kilo, Uniform, Hotel and Lima, sending you 1
2024-10-14 17:35:28.465181 Bravo: Kilo, Hotel and Lima, sending you 2
2024-10-14 17:35:28.466089 Hotel: Kilo, Uniform and Bravo, sending you 3
2024-10-14 17:35:28.468735 Bravo: Uniform, sending you 1
chatterbot Hotel submitting transactions
chatterbot Bravo submitting transactions
chatterbot Zulu submitting transactions
chatterbot Uniform submitting transactions
chatterbot Golf submitting transactions
chatterbot Alpha submitting transactions
chatterbot Lima submitting transactions
chatterbot Foxtrot submitting transactions
chatterbot Kilo submitting transactions
chatterbot Victor submitting transactions
ChatterBot Alpha round 8
ChatterBot Kilo round 8
ChatterBot Uniform round 8
ChatterBot Golf round 8
ChatterBot Hotel round 8
ChatterBot Zulu round 8
ChatterBot Lima round 8
ChatterBot Foxtrot round 8
ChatterBot Bravo round 8
ChatterBot Victor round 8
2024-10-14 17:35:29.701346 Hotel: We should replace Bravo with Lima
2024-10-14 17:35:29.709956 Alpha: No
2024-10-14 17:35:29.710128 Kilo: Yes
2024-10-14 17:35:29.711053 Uniform: Yes
2024-10-14 17:35:29.743535 Hotel: Lima we want you to join our group
2024-10-14 17:35:29.746056 Lima: Yes
2024-10-14 17:35:29.757673 Uniform: Alpha, Kilo and Lima, sending you 4
2024-10-14 17:35:29.758669 Zulu: Same as last round
2024-10-14 17:35:29.759671 Lima: Alpha, sending you 3
2024-10-14 17:35:29.760868 Alpha: Kilo, Uniform and Hotel, sending you 4
2024-10-14 17:35:29.761445 Uniform: Hotel, sending you 2
2024-10-14 17:35:29.763673 Lima: Kilo and Bravo, sending you 2
2024-10-14 17:35:29.764551 Alpha: Lima and Bravo, sending you 3
2024-10-14 17:35:29.765747 Victor: Zulu, sending you 5
2024-10-14 17:35:29.766666 Bravo: Alpha, sending you 3
2024-10-14 17:35:29.767141 Kilo: Alpha and Hotel, sending you 3
2024-10-14 17:35:29.767683 Golf: Alpha, sending you 2
2024-10-14 17:35:29.768425 Lima: Uniform, sending you 5
2024-10-14 17:35:29.769349 Victor: Foxtrot, sending you 4
2024-10-14 17:35:29.771664 Bravo: Kilo, Hotel and Lima, sending you 2
2024-10-14 17:35:29.772201 Kilo: Uniform, sending you 4
2024-10-14 17:35:29.772569 Golf: Kilo, Uniform, Hotel and Lima, sending you 1
2024-10-14 17:35:29.773693 Hotel: Alpha, sending you 5
2024-10-14 17:35:29.774150 Foxtrot: Same as last round
2024-10-14 17:35:29.774682 Bravo: Uniform, sending you 1
2024-10-14 17:35:29.775696 Kilo: Lima, sending you 2
2024-10-14 17:35:29.778667 Hotel: Kilo, sending you 4
2024-10-14 17:35:29.783680 Hotel: Uniform, sending you 3
2024-10-14 17:35:29.786665 Hotel: Lima, sending you 2
chatterbot Foxtrot submitting transactions
chatterbot Golf submitting transactions
chatterbot Hotel submitting transactions
chatterbot Lima submitting transactions
chatterbot Kilo submitting transactions
chatterbot Alpha submitting transactions
chatterbot Bravo submitting transactions
chatterbot Uniform submitting transactions
chatterbot Zulu submitting transactions
chatterbot Victor submitting transactions
ChatterBot Alpha round 9
ChatterBot Kilo round 9
ChatterBot Uniform round 9
ChatterBot Golf round 9
ChatterBot Hotel round 9
ChatterBot Zulu round 9
ChatterBot Lima round 9
ChatterBot Foxtrot round 9
ChatterBot Bravo round 9
ChatterBot Victor round 9
2024-10-14 17:35:30.893692 Alpha: Kilo, Uniform and Hotel, sending you 4
2024-10-14 17:35:30.897683 Kilo: Alpha and Hotel, sending you 3
2024-10-14 17:35:30.898675 Golf: Alpha, sending you 2
2024-10-14 17:35:30.899468 Alpha: Lima and Bravo, sending you 3
2024-10-14 17:35:30.900078 Hotel: Alpha, sending you 5
2024-10-14 17:35:30.900669 Kilo: Uniform, sending you 4
2024-10-14 17:35:30.902102 Uniform: Alpha, Kilo and Lima, sending you 4
2024-10-14 17:35:30.902688 Zulu: Same as last round
2024-10-14 17:35:30.903660 Victor: Zulu, sending you 5
2024-10-14 17:35:30.904001 Golf: Kilo, Uniform, Hotel and Lima, sending you 1
2024-10-14 17:35:30.904600 Kilo: Lima, sending you 2
2024-10-14 17:35:30.905034 Hotel: Kilo, sending you 4
2024-10-14 17:35:30.906653 Uniform: Hotel, sending you 2
2024-10-14 17:35:30.908063 Victor: Foxtrot, sending you 4
2024-10-14 17:35:30.908667 Hotel: Uniform, sending you 3
2024-10-14 17:35:30.911696 Hotel: Lima, sending you 2
2024-10-14 17:35:30.913022 Foxtrot: Same as last round
2024-10-14 17:35:30.913659 Lima: Alpha, sending you 3
2024-10-14 17:35:30.917678 Lima: Kilo and Bravo, sending you 2
2024-10-14 17:35:30.921692 Lima: Uniform, sending you 4
2024-10-14 17:35:30.922702 Bravo: Alpha, sending you 4
2024-10-14 17:35:30.925661 Lima: Hotel, sending you 1
2024-10-14 17:35:30.926668 Bravo: Kilo and Uniform, sending you 1
2024-10-14 17:35:30.931669 Bravo: Hotel and Lima, sending you 2
chatterbot Hotel submitting transactions
chatterbot Golf submitting transactions
chatterbot Bravo submitting transactions
chatterbot Zulu submitting transactions
chatterbot Foxtrot submitting transactions
chatterbot Victor submitting transactions
chatterbot Uniform submitting transactions
chatterbot Kilo submitting transactions
chatterbot Alpha submitting transactions
chatterbot Lima submitting transactions
ChatterBot Alpha round 10
ChatterBot Kilo round 10
ChatterBot Uniform round 10
ChatterBot Golf round 10
ChatterBot Hotel round 10
ChatterBot Zulu round 10
ChatterBot Lima round 10
ChatterBot Foxtrot round 10
ChatterBot Bravo round 10
ChatterBot Victor round 10
2024-10-14 17:35:32.120687 Alpha: Kilo, Uniform and Hotel, sending you 4
2024-10-14 17:35:32.124705 Alpha: Lima and Bravo, sending you 3
2024-10-14 17:35:32.126682 Bravo: Alpha, sending you 4
2024-10-14 17:35:32.129173 Golf: Alpha, sending you 2
2024-10-14 17:35:32.130287 Zulu: Same as last round
2024-10-14 17:35:32.130717 Uniform: Alpha, Kilo and Lima, sending you 4
2024-10-14 17:35:32.131215 Bravo: Kilo and Uniform, sending you 1
2024-10-14 17:35:32.131851 Kilo: Alpha and Hotel, sending you 3
2024-10-14 17:35:32.132375 Hotel: Alpha, sending you 5
2024-10-14 17:35:32.134678 Golf: Kilo, Uniform, Hotel and Lima, sending you 1
2024-10-14 17:35:32.135280 Uniform: Hotel, sending you 2
2024-10-14 17:35:32.136357 Bravo: Hotel and Lima, sending you 2
2024-10-14 17:35:32.136976 Lima: Alpha, sending you 3
2024-10-14 17:35:32.137476 Kilo: Uniform, sending you 4
2024-10-14 17:35:32.137863 Foxtrot: Same as last round
2024-10-14 17:35:32.138179 Hotel: Kilo, sending you 4
2024-10-14 17:35:32.140665 Lima: Kilo and Bravo, sending you 2
2024-10-14 17:35:32.141331 Hotel: Uniform, sending you 3
2024-10-14 17:35:32.142453 Kilo: Lima, sending you 2
2024-10-14 17:35:32.143663 Victor: Zulu, sending you 5
2024-10-14 17:35:32.145694 Lima: Uniform, sending you 4
2024-10-14 17:35:32.146700 Hotel: Lima, sending you 2
2024-10-14 17:35:32.148118 Victor: Foxtrot, sending you 4
2024-10-14 17:35:32.150701 Lima: Hotel, sending you 1
chatterbot Golf submitting transactions
chatterbot Lima submitting transactions
chatterbot Bravo submitting transactions
chatterbot Foxtrot submitting transactions
chatterbot Victor submitting transactions
chatterbot Zulu submitting transactions
chatterbot Kilo submitting transactions
chatterbot Alpha submitting transactions
chatterbot Uniform submitting transactions
chatterbot Hotel submitting transactions
ChatterBot Alpha round 11
ChatterBot Kilo round 11
ChatterBot Uniform round 11
ChatterBot Golf round 11
ChatterBot Hotel round 11
ChatterBot Zulu round 11
ChatterBot Lima round 11
ChatterBot Foxtrot round 11
ChatterBot Bravo round 11
ChatterBot Victor round 11
2024-10-14 17:35:33.276702 Kilo: Alpha and Hotel, sending you 3
2024-10-14 17:35:33.280689 Kilo: Uniform, sending you 4
2024-10-14 17:35:33.281257 Lima: Alpha, sending you 3
2024-10-14 17:35:33.281934 Uniform: Alpha, Kilo and Lima, sending you 4
2024-10-14 17:35:33.283680 Foxtrot: Same as last round
2024-10-14 17:35:33.284683 Zulu: Same as last round
2024-10-14 17:35:33.285703 Kilo: Lima, sending you 2
2024-10-14 17:35:33.287004 Lima: Kilo and Bravo, sending you 2
2024-10-14 17:35:33.287898 Uniform: Hotel, sending you 2
2024-10-14 17:35:33.288743 Alpha: Kilo, Uniform and Hotel, sending you 4
2024-10-14 17:35:33.290733 Hotel: Alpha, sending you 5
2024-10-14 17:35:33.291681 Golf: Alpha, sending you 2
2024-10-14 17:35:33.292363 Alpha: Lima and Bravo, sending you 3
2024-10-14 17:35:33.292993 Lima: Uniform, sending you 4
2024-10-14 17:35:33.293528 Victor: Zulu, sending you 5
2024-10-14 17:35:33.293845 Bravo: Alpha, sending you 4
2024-10-14 17:35:33.294703 Golf: Kilo, Uniform, Hotel and Lima, sending you 1
2024-10-14 17:35:33.295700 Hotel: Kilo, sending you 4
2024-10-14 17:35:33.297669 Lima: Hotel, sending you 1
2024-10-14 17:35:33.299178 Victor: Foxtrot, sending you 4
2024-10-14 17:35:33.299680 Bravo: Kilo and Uniform, sending you 1
2024-10-14 17:35:33.300968 Hotel: Uniform, sending you 3
2024-10-14 17:35:33.304689 Hotel: Lima, sending you 2
2024-10-14 17:35:33.305683 Bravo: Hotel and Lima, sending you 2
chatterbot Alpha submitting transactions
chatterbot Kilo submitting transactions
chatterbot Lima submitting transactions
chatterbot Victor submitting transactions
chatterbot Golf submitting transactions
chatterbot Zulu submitting transactions
chatterbot Hotel submitting transactions
chatterbot Foxtrot submitting transactions
chatterbot Uniform submitting transactions
chatterbot Bravo submitting transactions
ChatterBot Alpha round 12
ChatterBot Kilo round 12
ChatterBot Uniform round 12
ChatterBot Golf round 12
ChatterBot Hotel round 12
ChatterBot Zulu round 12
ChatterBot Lima round 12
ChatterBot Foxtrot round 12
ChatterBot Bravo round 12
ChatterBot Victor round 12
2024-10-14 17:35:34.467675 Golf: Alpha, sending you 2
2024-10-14 17:35:34.468692 Uniform: Alpha, Kilo and Lima, sending you 4
2024-10-14 17:35:34.469212 Bravo: Alpha, sending you 4
2024-10-14 17:35:34.469848 Zulu: Same as last round
2024-10-14 17:35:34.470691 Kilo: Alpha and Hotel, sending you 3
2024-10-14 17:35:34.471660 Uniform: Hotel, sending you 2
2024-10-14 17:35:34.473362 Golf: Kilo, Uniform, Hotel and Lima, sending you 1
2024-10-14 17:35:34.474587 Lima: Alpha, sending you 3
2024-10-14 17:35:34.475486 Kilo: Uniform, sending you 4
2024-10-14 17:35:34.476042 Bravo: Kilo and Uniform, sending you 1
2024-10-14 17:35:34.476891 Alpha: Kilo, Uniform and Hotel, sending you 4
2024-10-14 17:35:34.477731 Hotel: Alpha, sending you 5
2024-10-14 17:35:34.478673 Lima: Kilo and Bravo, sending you 2
2024-10-14 17:35:34.479550 Kilo: Lima, sending you 2
2024-10-14 17:35:34.481764 Alpha: Lima and Bravo, sending you 3
2024-10-14 17:35:34.482625 Hotel: Kilo, sending you 4
2024-10-14 17:35:34.483360 Bravo: Hotel and Lima, sending you 2
2024-10-14 17:35:34.484237 Lima: Uniform, sending you 4
2024-10-14 17:35:34.485151 Foxtrot: Same as last round
2024-10-14 17:35:34.485686 Victor: Zulu, sending you 5
2024-10-14 17:35:34.487901 Hotel: Uniform, sending you 3
2024-10-14 17:35:34.488681 Lima: Hotel, sending you 1
2024-10-14 17:35:34.489394 Victor: Foxtrot, sending you 4
2024-10-14 17:35:34.493908 Hotel: Lima, sending you 2
chatterbot Uniform submitting transactions
chatterbot Zulu submitting transactions
chatterbot Bravo submitting transactions
chatterbot Golf submitting transactions
chatterbot Hotel submitting transactions
chatterbot Kilo submitting transactions
chatterbot Alpha submitting transactions
chatterbot Lima submitting transactions
chatterbot Foxtrot submitting transactions
chatterbot Victor submitting transactions
ChatterBot Alpha round 13
ChatterBot Kilo round 13
ChatterBot Uniform round 13
ChatterBot Golf round 13
ChatterBot Hotel round 13
ChatterBot Zulu round 13
ChatterBot Lima round 13
ChatterBot Foxtrot round 13
ChatterBot Bravo round 13
ChatterBot Victor round 13
2024-10-14 17:35:35.702674 Foxtrot: Same as last round
2024-10-14 17:35:35.706679 Zulu: Same as last round
2024-10-14 17:35:35.707741 Uniform: Alpha, Kilo and Lima, sending you 4
2024-10-14 17:35:35.710691 Victor: Zulu, sending you 5
2024-10-14 17:35:35.711699 Uniform: Hotel, sending you 2
2024-10-14 17:35:35.712699 Alpha: Kilo, Uniform and Hotel, sending you 4
2024-10-14 17:35:35.714653 Victor: Foxtrot, sending you 4
2024-10-14 17:35:35.715374 Hotel: Alpha, sending you 5
2024-10-14 17:35:35.716637 Lima: Alpha, sending you 3
2024-10-14 17:35:35.718935 Golf: Alpha, sending you 2
2024-10-14 17:35:35.720266 Kilo: Alpha and Hotel, sending you 3
2024-10-14 17:35:35.721170 Alpha: Lima and Bravo, sending you 3
2024-10-14 17:35:35.722934 Hotel: Kilo, sending you 4
2024-10-14 17:35:35.723950 Bravo: Alpha, sending you 4
2024-10-14 17:35:35.725347 Golf: Kilo, Uniform, Hotel and Lima, sending you 1
2024-10-14 17:35:35.727528 Lima: Kilo, sending you 2
2024-10-14 17:35:35.728716 Kilo: Uniform, sending you 4
2024-10-14 17:35:35.729827 Hotel: Uniform, sending you 3
2024-10-14 17:35:35.731457 Bravo: Kilo and Uniform, sending you 1
2024-10-14 17:35:35.732893 Lima: Uniform, sending you 5
2024-10-14 17:35:35.734777 Hotel: Lima, sending you 2
2024-10-14 17:35:35.735673 Kilo: Lima, sending you 2
2024-10-14 17:35:35.736716 Bravo: Hotel and Lima, sending you 2
2024-10-14 17:35:35.738661 Lima: Hotel and Bravo, sending you 1
chatterbot Golf submitting transactions
chatterbot Victor submitting transactions
chatterbot Hotel submitting transactions
chatterbot Alpha submitting transactions
chatterbot Uniform submitting transactions
chatterbot Foxtrot submitting transactions
chatterbot Bravo submitting transactions
chatterbot Lima submitting transactions
chatterbot Zulu submitting transactions
chatterbot Kilo submitting transactions
ChatterBot Alpha round 14
ChatterBot Kilo round 14
ChatterBot Uniform round 14
ChatterBot Golf round 14
ChatterBot Hotel round 14
ChatterBot Zulu round 14
ChatterBot Lima round 14
ChatterBot Foxtrot round 14
ChatterBot Bravo round 14
ChatterBot Victor round 14
2024-10-14 17:35:36.871677 Alpha: Kilo, Uniform and Hotel, sending you 4
2024-10-14 17:35:36.873682 Kilo: Alpha and Hotel, sending you 3
2024-10-14 17:35:36.874291 Zulu: Same as last round
2024-10-14 17:35:36.874684 Foxtrot: Same as last round
2024-10-14 17:35:36.875080 Golf: Alpha, sending you 2
2024-10-14 17:35:36.876685 Alpha: Lima, sending you 3
2024-10-14 17:35:36.877452 Kilo: Uniform, sending you 4
2024-10-14 17:35:36.878684 Golf: Kilo, Uniform, Hotel and Lima, sending you 1
2024-10-14 17:35:36.879685 Hotel: Alpha, sending you 5
2024-10-14 17:35:36.880708 Uniform: Alpha, Kilo and Lima, sending you 4
2024-10-14 17:35:36.882309 Alpha: Bravo, sending you 2
2024-10-14 17:35:36.883530 Kilo: Lima, sending you 2
2024-10-14 17:35:36.884211 Lima: Alpha, sending you 3
2024-10-14 17:35:36.884973 Bravo: Alpha, sending you 4
2024-10-14 17:35:36.885705 Victor: Zulu, sending you 5
2024-10-14 17:35:36.886055 Hotel: Kilo, sending you 4
2024-10-14 17:35:36.886670 Uniform: Hotel, sending you 2
2024-10-14 17:35:36.887671 Lima: Kilo, sending you 2
2024-10-14 17:35:36.888688 Victor: Foxtrot, sending you 4
2024-10-14 17:35:36.888999 Hotel: Uniform, sending you 3
2024-10-14 17:35:36.890673 Bravo: Kilo and Uniform, sending you 1
2024-10-14 17:35:36.892195 Lima: Uniform, sending you 5
2024-10-14 17:35:36.892973 Hotel: Lima, sending you 2
2024-10-14 17:35:36.895663 Bravo: Hotel and Lima, sending you 2
2024-10-14 17:35:36.896653 Lima: Hotel and Bravo, sending you 1
chatterbot Alpha submitting transactions
chatterbot Uniform submitting transactions
chatterbot Victor submitting transactions
chatterbot Lima submitting transactions
chatterbot Bravo submitting transactions
chatterbot Hotel submitting transactions
chatterbot Golf submitting transactions
chatterbot Zulu submitting transactions
chatterbot Foxtrot submitting transactions
chatterbot Kilo submitting transactions
ChatterBot Alpha round 15
ChatterBot Kilo round 15
ChatterBot Uniform round 15
ChatterBot Golf round 15
ChatterBot Hotel round 15
ChatterBot Zulu round 15
ChatterBot Lima round 15
ChatterBot Foxtrot round 15
ChatterBot Bravo round 15
ChatterBot Victor round 15
2024-10-14 17:35:38.073042 Alpha: Kilo, Uniform and Hotel, sending you 4
2024-10-14 17:35:38.074680 Kilo: Alpha and Hotel, sending you 3
2024-10-14 17:35:38.076664 Alpha: Lima, sending you 3
2024-10-14 17:35:38.078674 Kilo: Uniform, sending you 4
2024-10-14 17:35:38.079821 Alpha: Bravo, sending you 2
2024-10-14 17:35:38.080693 Lima: Alpha, sending you 3
2024-10-14 17:35:38.081429 Uniform: Alpha, Kilo and Lima, sending you 4
2024-10-14 17:35:38.081985 Hotel: Alpha, sending you 5
2024-10-14 17:35:38.082693 Zulu: Same as last round
2024-10-14 17:35:38.083158 Kilo: Lima, sending you 2
2024-10-14 17:35:38.084655 Golf: Alpha, sending you 2
2024-10-14 17:35:38.085327 Bravo: Alpha, sending you 4
2024-10-14 17:35:38.086367 Lima: Kilo, sending you 2
2024-10-14 17:35:38.087016 Uniform: Hotel, sending you 2
2024-10-14 17:35:38.087508 Victor: Zulu, sending you 5
2024-10-14 17:35:38.087851 Hotel: Kilo, sending you 4
2024-10-14 17:35:38.088675 Golf: Kilo, Uniform, Hotel and Lima, sending you 1
2024-10-14 17:35:38.089255 Bravo: Kilo and Uniform, sending you 1
2024-10-14 17:35:38.089913 Foxtrot: Same as last round
2024-10-14 17:35:38.090234 Lima: Uniform, sending you 5
2024-10-14 17:35:38.090897 Hotel: Uniform, sending you 3
2024-10-14 17:35:38.092661 Victor: Foxtrot, sending you 4
2024-10-14 17:35:38.092998 Bravo: Hotel and Lima, sending you 2
2024-10-14 17:35:38.095692 Lima: Hotel and Bravo, sending you 1
2024-10-14 17:35:38.096557 Hotel: Lima, sending you 2
chatterbot Uniform submitting transactions
chatterbot Kilo submitting transactions
chatterbot Hotel submitting transactions
chatterbot Bravo submitting transactions
chatterbot Victor submitting transactions
chatterbot Foxtrot submitting transactions
chatterbot Alpha submitting transactions
chatterbot Lima submitting transactions
chatterbot Golf submitting transactions
chatterbot Zulu submitting transactions
ChatterBot Alpha round 16
ChatterBot Kilo round 16
ChatterBot Uniform round 16
ChatterBot Golf round 16
ChatterBot Hotel round 16
2024-10-14 17:35:39.279011 Alpha: We should add Golf
2024-10-14 17:35:39.289535 Kilo: No
2024-10-14 17:35:39.289758 Uniform: No
2024-10-14 17:35:39.289911 Hotel: No
2024-10-14 17:35:39.290032 Lima: No
2024-10-14 17:35:39.290142 Bravo: No
ChatterBot Alpha reevaluating
ChatterBot Alpha reevaluating
ChatterBot Alpha reevaluating
ChatterBot Alpha reevaluating
ChatterBot Alpha reevaluating
ChatterBot Zulu round 16
ChatterBot Lima round 16
ChatterBot Foxtrot round 16
ChatterBot Bravo round 16
