ChatterBot November round 1
ChatterBot Foxtrot round 1
ChatterBot Alpha round 1
ChatterBot Tango round 1
ChatterBot Whiskey round 1
ChatterBot Sierra round 1
ChatterBot Papa round 1
ChatterBot X-ray round 1
ChatterBot Bravo round 1
ChatterBot Echo round 1
randomSelections X-ray: {X-ray, Tango, November, Papa, Whiskey, Alpha} 
2024-10-14 17:35:19.659518 X-ray: We should group up
ChatterBot Tango reevaluating
ChatterBot November reevaluating
ChatterBot Papa reevaluating
ChatterBot Whiskey reevaluating
ChatterBot Alpha reevaluating
2024-10-14 17:35:19.673914 Tango: Yes
2024-10-14 17:35:19.674050 November: Yes
2024-10-14 17:35:19.674155 Papa: Yes
2024-10-14 17:35:19.674242 Whiskey: Yes
2024-10-14 17:35:19.674336 Alpha: Yes
ChatterBot November reevaluating
ChatterBot Papa reevaluating
ChatterBot Whiskey reevaluating
ChatterBot Alpha reevaluating
ChatterBot Tango reevaluating
ChatterBot Papa reevaluating
ChatterBot Whiskey reevaluating
ChatterBot Alpha reevaluating
ChatterBot Tango reevaluating
ChatterBot November reevaluating
ChatterBot Whiskey reevaluating
ChatterBot Alpha reevaluating
ChatterBot Tango reevaluating
ChatterBot November reevaluating
ChatterBot Papa reevaluating
ChatterBot Alpha reevaluating
ChatterBot Tango reevaluating
ChatterBot November reevaluating
ChatterBot Papa reevaluating
ChatterBot Whiskey reevaluating
randomSelections Foxtrot: {Foxtrot, Alpha, X-ray, Echo, Whiskey, November, Papa} 
2024-10-14 17:35:19.727679 Foxtrot: We should group up
ChatterBot Alpha reevaluating
ChatterBot Echo reevaluating
ChatterBot Whiskey reevaluating
ChatterBot November reevaluating
ChatterBot Papa reevaluating
2024-10-14 17:35:19.740960 Alpha: No
2024-10-14 17:35:19.741181 X-ray: No
2024-10-14 17:35:19.741343 Echo: Yes
2024-10-14 17:35:19.741463 Whiskey: No
2024-10-14 17:35:19.741976 November: No
2024-10-14 17:35:19.742118 Papa: No
ChatterBot Echo reevaluating
ChatterBot Whiskey reevaluating
ChatterBot November reevaluating
ChatterBot Papa reevaluating
ChatterBot Alpha reevaluating
ChatterBot Echo reevaluating
ChatterBot Whiskey reevaluating
ChatterBot November reevaluating
ChatterBot Papa reevaluating
ChatterBot Alpha reevaluating
ChatterBot Whiskey reevaluating
ChatterBot November reevaluating
ChatterBot Papa reevaluating
ChatterBot Alpha reevaluating
ChatterBot Echo reevaluating
ChatterBot November reevaluating
ChatterBot Papa reevaluating
ChatterBot Alpha reevaluating
ChatterBot Echo reevaluating
ChatterBot Whiskey reevaluating
ChatterBot Papa reevaluating
ChatterBot Alpha reevaluating
ChatterBot Echo reevaluating
ChatterBot Whiskey reevaluating
ChatterBot November reevaluating
randomSelections Bravo: {Bravo, X-ray, Echo, November, Whiskey, Papa} 
2024-10-14 17:35:19.820658 Bravo: Group up?
ChatterBot Echo reevaluating
ChatterBot November reevaluating
ChatterBot Whiskey reevaluating
ChatterBot Papa reevaluating
2024-10-14 17:35:19.828229 X-ray: No
2024-10-14 17:35:19.828354 Echo: No
2024-10-14 17:35:19.828444 November: No
2024-10-14 17:35:19.828856 Whiskey: No
2024-10-14 17:35:19.828980 Papa: No
ChatterBot Echo reevaluating
ChatterBot November reevaluating
ChatterBot Whiskey reevaluating
ChatterBot Papa reevaluating
ChatterBot November reevaluating
ChatterBot Whiskey reevaluating
ChatterBot Papa reevaluating
ChatterBot Echo reevaluating
ChatterBot Whiskey reevaluating
ChatterBot Papa reevaluating
ChatterBot Echo reevaluating
ChatterBot November reevaluating
ChatterBot Papa reevaluating
ChatterBot Echo reevaluating
ChatterBot November reevaluating
ChatterBot Whiskey reevaluating
randomSelections Sierra: {Sierra, Papa, X-ray, Foxtrot, Tango} 
2024-10-14 17:35:19.854128 Sierra: Friends?
ChatterBot Papa reevaluating
ChatterBot Tango reevaluating
2024-10-14 17:35:19.857904 Papa: No
2024-10-14 17:35:19.858006 X-ray: No
2024-10-14 17:35:19.858090 Foxtrot: No
2024-10-14 17:35:19.858203 Tango: No
ChatterBot Tango reevaluating
ChatterBot Papa reevaluating
ChatterBot Tango reevaluating
ChatterBot Papa reevaluating
ChatterBot Tango reevaluating
ChatterBot Papa reevaluating
2024-10-14 17:35:19.880699 Foxtrot: November, Whiskey and Papa, sending you 3
2024-10-14 17:35:19.881676 Sierra: Foxtrot and Tango, sending you 2
2024-10-14 17:35:19.884667 Foxtrot: Alpha, sending you 5
2024-10-14 17:35:19.886677 Sierra: Papa and X-ray, sending you 5
2024-10-14 17:35:19.886971 Alpha: November, Whiskey and Papa, sending you 4
2024-10-14 17:35:19.887259 Echo: November, Whiskey and Papa, sending you 1
2024-10-14 17:35:19.887666 Foxtrot: X-ray and Echo, sending you 2
2024-10-14 17:35:19.888679 November: Alpha, sending you 4
2024-10-14 17:35:19.890695 Bravo: November, sending you 4
2024-10-14 17:35:19.891029 Alpha: Tango, sending you 2
2024-10-14 17:35:19.891340 Echo: Foxtrot, sending you 2
2024-10-14 17:35:19.891676 Whiskey: November and Papa, sending you 3
2024-10-14 17:35:19.891970 Tango: November, Whiskey and Papa, sending you 2
2024-10-14 17:35:19.892665 X-ray: November, sending you 4
2024-10-14 17:35:19.892926 November: Tango, sending you 1
2024-10-14 17:35:19.893665 Bravo: Whiskey and Papa, sending you 5
2024-10-14 17:35:19.894673 Papa: November and X-ray, sending you 1
2024-10-14 17:35:19.895053 Echo: Alpha and X-ray, sending you 3
2024-10-14 17:35:19.895292 Whiskey: Alpha and Tango, sending you 1
2024-10-14 17:35:19.895511 Tango: Alpha and X-ray, sending you 4
2024-10-14 17:35:19.895773 Alpha: X-ray, sending you 3
2024-10-14 17:35:19.896664 November: Whiskey, sending you 6
2024-10-14 17:35:19.897682 X-ray: Alpha, sending you 2
2024-10-14 17:35:19.897975 Bravo: Echo, sending you 2
2024-10-14 17:35:19.898648 Papa: Alpha, sending you 2
2024-10-14 17:35:19.899666 Whiskey: X-ray, sending you 2
2024-10-14 17:35:19.899941 November: Papa and X-ray, sending you 3
2024-10-14 17:35:19.900665 X-ray: Tango and Papa, sending you 3
2024-10-14 17:35:19.902658 Papa: Tango, sending you 6
2024-10-14 17:35:19.903654 X-ray: Whiskey, sending you 5
2024-10-14 17:35:19.907672 Papa: Whiskey, sending you 3
chatterbot Papa submitting transactions
chatterbot Tango submitting transactions
chatterbot Echo submitting transactions
chatterbot Whiskey submitting transactions
chatterbot Foxtrot submitting transactions
chatterbot November submitting transactions
chatterbot Alpha submitting transactions
chatterbot Sierra submitting transactions
chatterbot X-ray submitting transactions
chatterbot Bravo submitting transactions
ChatterBot November round 2
ChatterBot Foxtrot round 2
ChatterBot Alpha round 2
ChatterBot Tango round 2
ChatterBot Whiskey round 2
ChatterBot Sierra round 2
ChatterBot Papa round 2
ChatterBot X-ray round 2
ChatterBot Bravo round 2
ChatterBot Echo round 2
2024-10-14 17:35:21.251016 Papa: We should add Bravo and Sierra
ChatterBot X-ray reevaluating
ChatterBot Tango reevaluating
ChatterBot November reevaluating
ChatterBot Whiskey reevaluating
ChatterBot Alpha reevaluating
2024-10-14 17:35:21.270866 X-ray: Yes
2024-10-14 17:35:21.271004 Tango: No
2024-10-14 17:35:21.271122 November: No
2024-10-14 17:35:21.271236 Whiskey: No
2024-10-14 17:35:21.271343 Alpha: No
ChatterBot Tango reevaluating
ChatterBot November reevaluating
ChatterBot Whiskey reevaluating
ChatterBot Alpha reevaluating
ChatterBot X-ray reevaluating
ChatterBot November reevaluating
ChatterBot Whiskey reevaluating
ChatterBot Alpha reevaluating
ChatterBot X-ray reevaluating
ChatterBot Tango reevaluating
ChatterBot Whiskey reevaluating
ChatterBot Alpha reevaluating
ChatterBot X-ray reevaluating
ChatterBot Tango reevaluating
ChatterBot November reevaluating
ChatterBot Papa reevaluating
ChatterBot Alpha reevaluating
ChatterBot X-ray reevaluating
ChatterBot Tango reevaluating
ChatterBot November reevaluating
ChatterBot Papa reevaluating
ChatterBot Whiskey reevaluating
2024-10-14 17:35:21.415974 Foxtrot: Friends?
ChatterBot Echo reevaluating
ChatterBot Sierra reevaluating
2024-10-14 17:35:21.429915 Echo: No
2024-10-14 17:35:21.430520 Sierra: No
ChatterBot Sierra reevaluating
ChatterBot Echo reevaluating
2024-10-14 17:35:21.477669 Bravo: We would work well together
ChatterBot Echo reevaluating
2024-10-14 17:35:21.490517 Foxtrot: No
2024-10-14 17:35:21.490755 Echo: Yes
ChatterBot Bravo reevaluating
ChatterBot Echo reevaluating
ChatterBot Bravo reevaluating
2024-10-14 17:35:21.518003 Echo: Can we be friends?
ChatterBot Bravo reevaluating
2024-10-14 17:35:21.531831 Bravo: Yes
2024-10-14 17:35:21.532383 Foxtrot: No
ChatterBot Echo reevaluating
ChatterBot Bravo reevaluating
ChatterBot Echo reevaluating
2024-10-14 17:35:21.589281 Papa: We should add Bravo
ChatterBot X-ray reevaluating
ChatterBot Tango reevaluating
ChatterBot November reevaluating
ChatterBot Whiskey reevaluating
ChatterBot Alpha reevaluating
2024-10-14 17:35:21.672201 X-ray: Yes
2024-10-14 17:35:21.672539 Tango: No
2024-10-14 17:35:21.673334 November: Yes
2024-10-14 17:35:21.673597 Whiskey: Yes
2024-10-14 17:35:21.673837 Alpha: Yes
ChatterBot Tango reevaluating
ChatterBot November reevaluating
ChatterBot Papa reevaluating
ChatterBot Whiskey reevaluating
ChatterBot Alpha reevaluating
ChatterBot X-ray reevaluating
ChatterBot November reevaluating
ChatterBot Papa reevaluating
ChatterBot Whiskey reevaluating
ChatterBot Alpha reevaluating
ChatterBot X-ray reevaluating
ChatterBot Tango reevaluating
ChatterBot Papa reevaluating
ChatterBot Whiskey reevaluating
ChatterBot Alpha reevaluating
ChatterBot X-ray reevaluating
ChatterBot Tango reevaluating
ChatterBot November reevaluating
ChatterBot Papa reevaluating
ChatterBot Alpha reevaluating
ChatterBot X-ray reevaluating
ChatterBot Tango reevaluating
ChatterBot November reevaluating
ChatterBot Papa reevaluating
ChatterBot Whiskey reevaluating
2024-10-14 17:35:21.933620 November: Bravo we want you to join our group
ChatterBot Bravo reevaluating
2024-10-14 17:35:21.938140 Bravo: No
ChatterBot Papa reevaluating
ChatterBot X-ray reevaluating
2024-10-14 17:35:21.958960 Whiskey: Bravo we want you to join our group
ChatterBot Bravo reevaluating
2024-10-14 17:35:21.963040 Bravo: No
ChatterBot Alpha reevaluating
ChatterBot Papa reevaluating
ChatterBot X-ray reevaluating
2024-10-14 17:35:21.985053 Alpha: We should add Bravo and Foxtrot
ChatterBot X-ray reevaluating
ChatterBot November reevaluating
ChatterBot Papa reevaluating
2024-10-14 17:35:22.002625 X-ray: No
2024-10-14 17:35:22.002782 Tango: No
2024-10-14 17:35:22.002922 November: Yes
2024-10-14 17:35:22.003041 Papa: Yes
2024-10-14 17:35:22.003525 Whiskey: No
ChatterBot Tango reevaluating
ChatterBot November reevaluating
ChatterBot Papa reevaluating
ChatterBot Alpha reevaluating
ChatterBot X-ray reevaluating
ChatterBot November reevaluating
ChatterBot Papa reevaluating
ChatterBot Alpha reevaluating
ChatterBot X-ray reevaluating
ChatterBot Tango reevaluating
ChatterBot Papa reevaluating
ChatterBot Alpha reevaluating
ChatterBot X-ray reevaluating
ChatterBot Tango reevaluating
ChatterBot November reevaluating
ChatterBot Alpha reevaluating
ChatterBot X-ray reevaluating
ChatterBot Tango reevaluating
ChatterBot November reevaluating
ChatterBot Papa reevaluating
ChatterBot Alpha reevaluating
chatterbot Sierra submitting transactions
2024-10-14 17:35:22.121841 Foxtrot: Sierra, sending you 8
2024-10-14 17:35:22.122277 Papa: Bravo and Sierra we want you to join our group
ChatterBot Bravo reevaluating
ChatterBot Sierra reevaluating
2024-10-14 17:35:22.129885 Bravo: No
2024-10-14 17:35:22.130603 Sierra: No
ChatterBot Papa reevaluating
ChatterBot Alpha reevaluating
ChatterBot X-ray reevaluating
ChatterBot Sierra reevaluating
ChatterBot Papa reevaluating
ChatterBot Alpha reevaluating
ChatterBot X-ray reevaluating
ChatterBot Bravo reevaluating
2024-10-14 17:35:22.268341 Foxtrot: Echo, sending you 9
2024-10-14 17:35:22.399666 Whiskey: November, Alpha, X-ray and Bravo, sending you 2
2024-10-14 17:35:22.400758 Tango: November and Whiskey, sending you 1
2024-10-14 17:35:22.401351 Echo: Foxtrot, sending you 6
2024-10-14 17:35:22.402298 November: Foxtrot, Tango, Whiskey and Papa, sending you 2
chatterbot Echo submitting transactions
2024-10-14 17:35:22.405349 Whiskey: Tango and Papa, sending you 1
2024-10-14 17:35:22.407658 Tango: Alpha, sending you 2
2024-10-14 17:35:22.408567 Echo: Bravo, sending you 5
2024-10-14 17:35:22.408822 November: Alpha, X-ray and Bravo, sending you 3
2024-10-14 17:35:22.413702 Tango: Papa, sending you 7
2024-10-14 17:35:22.414051 Alpha: November, Foxtrot and Tango, sending you 3
2024-10-14 17:35:22.438486 Alpha: Whiskey, Papa, X-ray and Echo, sending you 2
2024-10-14 17:35:22.439665 Papa: November, Foxtrot, Alpha, Tango, Whiskey and X-ray, sending you 2
2024-10-14 17:35:22.440281 Sierra: Sending you 4
2024-10-14 17:35:22.441032 Tango: X-ray, sending you 3
2024-10-14 17:35:22.465327 Papa: Bravo, sending you 3
2024-10-14 17:35:22.465703 X-ray: November, Foxtrot, Alpha, Whiskey, Papa and Echo, sending you 2
2024-10-14 17:35:22.491777 Papa: Echo, sending you 1
2024-10-14 17:35:22.492242 X-ray: Tango, sending you 4
chatterbot Bravo submitting transactions
2024-10-14 17:35:22.501210 X-ray: Bravo, sending you 1
chatterbot Whiskey submitting transactions
chatterbot Foxtrot submitting transactions
chatterbot Papa submitting transactions
chatterbot Tango submitting transactions
chatterbot November submitting transactions
chatterbot Sierra submitting transactions
chatterbot X-ray submitting transactions
chatterbot Bravo submitting transactions
chatterbot Alpha submitting transactions
ChatterBot November round 3
ChatterBot Foxtrot round 3
ChatterBot Alpha round 3
ChatterBot Tango round 3
ChatterBot Whiskey round 3
ChatterBot Sierra round 3
ChatterBot Papa round 3
ChatterBot X-ray round 3
ChatterBot Bravo round 3
2024-10-14 17:35:23.278584 Foxtrot: Can we be friends?
ChatterBot Sierra reevaluating
ChatterBot Bravo reevaluating
ChatterBot Echo reevaluating
ChatterBot Whiskey reevaluating
ChatterBot Papa reevaluating
ChatterBot X-ray reevaluating
2024-10-14 17:35:23.326914 Sierra: No
2024-10-14 17:35:23.327198 Bravo: Yes
2024-10-14 17:35:23.327368 Echo: No
2024-10-14 17:35:23.327537 November: No
2024-10-14 17:35:23.327767 Alpha: No
2024-10-14 17:35:23.327963 Tango: No
2024-10-14 17:35:23.328119 Whiskey: No
2024-10-14 17:35:23.328276 Papa: No
2024-10-14 17:35:23.328430 X-ray: No
ChatterBot Bravo reevaluating
ChatterBot Echo reevaluating
ChatterBot November reevaluating
ChatterBot Whiskey reevaluating
ChatterBot Papa reevaluating
ChatterBot X-ray reevaluating
ChatterBot Sierra reevaluating
ChatterBot Echo reevaluating
ChatterBot November reevaluating
ChatterBot Whiskey reevaluating
ChatterBot Papa reevaluating
ChatterBot X-ray reevaluating
ChatterBot Sierra reevaluating
ChatterBot Bravo reevaluating
ChatterBot November reevaluating
ChatterBot Whiskey reevaluating
ChatterBot Papa reevaluating
ChatterBot X-ray reevaluating
ChatterBot Sierra reevaluating
ChatterBot Bravo reevaluating
ChatterBot Echo reevaluating
ChatterBot Whiskey reevaluating
ChatterBot Papa reevaluating
ChatterBot X-ray reevaluating
2024-10-14 17:35:23.469976 Bravo: Let's form a team
ChatterBot Sierra reevaluating
ChatterBot Bravo reevaluating
ChatterBot Echo reevaluating
ChatterBot November reevaluating
ChatterBot Whiskey reevaluating
ChatterBot Papa reevaluating
ChatterBot X-ray reevaluating
ChatterBot Sierra reevaluating
ChatterBot Bravo reevaluating
ChatterBot Echo reevaluating
ChatterBot November reevaluating
ChatterBot Whiskey reevaluating
ChatterBot Papa reevaluating
ChatterBot X-ray reevaluating
ChatterBot Sierra reevaluating
ChatterBot Bravo reevaluating
ChatterBot Echo reevaluating
ChatterBot November reevaluating
ChatterBot Papa reevaluating
ChatterBot X-ray reevaluating
ChatterBot Sierra reevaluating
ChatterBot Bravo reevaluating
ChatterBot Echo reevaluating
ChatterBot November reevaluating
ChatterBot Whiskey reevaluating
ChatterBot X-ray reevaluating
ChatterBot Sierra reevaluating
ChatterBot Bravo reevaluating
ChatterBot Echo reevaluating
ChatterBot November reevaluating
ChatterBot Whiskey reevaluating
ChatterBot Papa reevaluating
ChatterBot Sierra reevaluating
ChatterBot Echo reevaluating
ChatterBot November reevaluating
ChatterBot Whiskey reevaluating
ChatterBot Papa reevaluating
ChatterBot X-ray reevaluating
2024-10-14 17:35:23.808236 Foxtrot: Yes
2024-10-14 17:35:23.808991 Sierra: No
2024-10-14 17:35:23.810096 Echo: No
2024-10-14 17:35:23.810523 November: No
2024-10-14 17:35:23.810751 Alpha: No
2024-10-14 17:35:23.811094 Tango: No
2024-10-14 17:35:23.812186 Whiskey: No
2024-10-14 17:35:23.812707 Papa: No
2024-10-14 17:35:23.813173 X-ray: No
ChatterBot Sierra reevaluating
ChatterBot Bravo reevaluating
ChatterBot Echo reevaluating
ChatterBot November reevaluating
ChatterBot Whiskey reevaluating
ChatterBot Papa reevaluating
ChatterBot X-ray reevaluating
ChatterBot Bravo reevaluating
ChatterBot Echo reevaluating
ChatterBot November reevaluating
ChatterBot Whiskey reevaluating
ChatterBot Papa reevaluating
ChatterBot X-ray reevaluating
ChatterBot Sierra reevaluating
ChatterBot Bravo reevaluating
ChatterBot November reevaluating
ChatterBot Whiskey reevaluating
ChatterBot Papa reevaluating
ChatterBot X-ray reevaluating
ChatterBot Sierra reevaluating
ChatterBot Bravo reevaluating
ChatterBot Echo reevaluating
ChatterBot Whiskey reevaluating
ChatterBot Papa reevaluating
ChatterBot X-ray reevaluating
ChatterBot Sierra reevaluating
ChatterBot Bravo reevaluating
ChatterBot Echo reevaluating
ChatterBot November reevaluating
ChatterBot Whiskey reevaluating
ChatterBot Papa reevaluating
ChatterBot X-ray reevaluating
ChatterBot Sierra reevaluating
ChatterBot Bravo reevaluating
ChatterBot Echo reevaluating
ChatterBot November reevaluating
ChatterBot Whiskey reevaluating
ChatterBot Papa reevaluating
ChatterBot X-ray reevaluating
ChatterBot Sierra reevaluating
ChatterBot Bravo reevaluating
ChatterBot Echo reevaluating
ChatterBot November reevaluating
ChatterBot Papa reevaluating
ChatterBot X-ray reevaluating
ChatterBot Sierra reevaluating
ChatterBot Bravo reevaluating
ChatterBot Echo reevaluating
ChatterBot November reevaluating
ChatterBot Whiskey reevaluating
ChatterBot X-ray reevaluating
ChatterBot Sierra reevaluating
ChatterBot Bravo reevaluating
ChatterBot Echo reevaluating
ChatterBot November reevaluating
ChatterBot Whiskey reevaluating
ChatterBot Papa reevaluating
ChatterBot Echo round 3
2024-10-14 17:35:24.092512 Alpha: We should drop Bravo
ChatterBot November reevaluating
ChatterBot Whiskey reevaluating
ChatterBot Papa reevaluating
ChatterBot X-ray reevaluating
ChatterBot Echo reevaluating
2024-10-14 17:35:24.112029 November: Yes
2024-10-14 17:35:24.112145 Tango: Yes
2024-10-14 17:35:24.112238 Whiskey: Yes
2024-10-14 17:35:24.112325 Papa: Yes
2024-10-14 17:35:24.112417 X-ray: Yes
2024-10-14 17:35:24.112916 Foxtrot: No
2024-10-14 17:35:24.113009 Echo: No
ChatterBot Whiskey reevaluating
ChatterBot Papa reevaluating
ChatterBot X-ray reevaluating
ChatterBot Echo reevaluating
ChatterBot November reevaluating
ChatterBot Whiskey reevaluating
ChatterBot Papa reevaluating
ChatterBot X-ray reevaluating
ChatterBot Echo reevaluating
ChatterBot November reevaluating
ChatterBot Papa reevaluating
ChatterBot X-ray reevaluating
ChatterBot Foxtrot reevaluating
ChatterBot Echo reevaluating
ChatterBot November reevaluating
ChatterBot Whiskey reevaluating
ChatterBot X-ray reevaluating
ChatterBot Foxtrot reevaluating
ChatterBot Echo reevaluating
ChatterBot November reevaluating
ChatterBot Whiskey reevaluating
ChatterBot Papa reevaluating
ChatterBot Foxtrot reevaluating
ChatterBot Echo reevaluating
ChatterBot November reevaluating
ChatterBot Whiskey reevaluating
ChatterBot Papa reevaluating
ChatterBot X-ray reevaluating
ChatterBot Echo reevaluating
ChatterBot November reevaluating
ChatterBot Whiskey reevaluating
ChatterBot Papa reevaluating
ChatterBot X-ray reevaluating
ChatterBot Foxtrot reevaluating
2024-10-14 17:35:24.250470 Echo: We should add Sierra
ChatterBot Bravo reevaluating
ChatterBot Foxtrot reevaluating
2024-10-14 17:35:24.256717 Bravo: Yes
2024-10-14 17:35:24.256838 Foxtrot: Yes
ChatterBot Foxtrot reevaluating
ChatterBot Echo reevaluating
ChatterBot Bravo reevaluating
ChatterBot Echo reevaluating
2024-10-14 17:35:24.270791 Foxtrot: We should add Bravo
ChatterBot Echo reevaluating
ChatterBot Sierra reevaluating
2024-10-14 17:35:24.277012 Echo: Yes
2024-10-14 17:35:24.277115 Sierra: Yes
ChatterBot Foxtrot reevaluating
ChatterBot Sierra reevaluating
ChatterBot Foxtrot reevaluating
ChatterBot Echo reevaluating
2024-10-14 17:35:24.305609 Foxtrot: Bravo we want you to join our group
ChatterBot Bravo reevaluating
2024-10-14 17:35:24.309048 Bravo: Yes
ChatterBot Sierra reevaluating
2024-10-14 17:35:24.317946 Echo: Sierra we want you to join our group
2024-10-14 17:35:24.320495 Sierra: Yes
2024-10-14 17:35:24.328239 Bravo: Foxtrot and Echo we want you to join our group
2024-10-14 17:35:24.333254 Foxtrot: Yes
2024-10-14 17:35:24.333386 Echo: Yes
2024-10-14 17:35:24.348063 Sierra: Foxtrot and Echo we want you to join our group
2024-10-14 17:35:24.352842 Foxtrot: Yes
2024-10-14 17:35:24.352964 Echo: Yes
2024-10-14 17:35:24.368192 Papa: November, Alpha, Whiskey and X-ray, sending you 3
2024-10-14 17:35:24.368563 Tango: November, sending you 2
2024-10-14 17:35:24.370660 Alpha: November, sending you 4
2024-10-14 17:35:24.371239 Papa: Tango, sending you 4
2024-10-14 17:35:24.371654 Tango: Alpha, sending you 3
2024-10-14 17:35:24.372171 Foxtrot: Sierra, sending you 4
2024-10-14 17:35:24.372660 November: Alpha, Whiskey and X-ray, sending you 4
2024-10-14 17:35:24.375671 Alpha: Foxtrot, Whiskey, Papa, X-ray and Echo, sending you 2
2024-10-14 17:35:24.376044 Tango: Whiskey, sending you 1
2024-10-14 17:35:24.376375 Foxtrot: Bravo, sending you 3
2024-10-14 17:35:24.376674 November: Tango, sending you 2
2024-10-14 17:35:24.377660 Whiskey: November, sending you 3
2024-10-14 17:35:24.378698 Alpha: Tango, sending you 3
2024-10-14 17:35:24.379123 Tango: Papa and X-ray, sending you 4
2024-10-14 17:35:24.379652 November: Papa, sending you 3
2024-10-14 17:35:24.380661 Foxtrot: Echo, sending you 9
2024-10-14 17:35:24.381950 Whiskey: Alpha, Papa and X-ray, sending you 2
2024-10-14 17:35:24.385654 Whiskey: Tango, sending you 1
2024-10-14 17:35:24.386674 X-ray: November, Alpha, Tango and Whiskey, sending you 3
2024-10-14 17:35:24.387115 Echo: Foxtrot, sending you 7
2024-10-14 17:35:24.389669 Echo: Sierra and Bravo, sending you 2
2024-10-14 17:35:24.390661 Sierra: Foxtrot and Bravo, sending you 4
2024-10-14 17:35:24.390978 X-ray: Foxtrot, sending you 1
2024-10-14 17:35:24.393655 X-ray: Papa and Echo, sending you 2
chatterbot Alpha submitting transactions
chatterbot Tango submitting transactions
chatterbot Echo submitting transactions
chatterbot Bravo submitting transactions
chatterbot Whiskey submitting transactions
chatterbot X-ray submitting transactions
chatterbot Foxtrot submitting transactions
chatterbot November submitting transactions
chatterbot Papa submitting transactions
chatterbot Sierra submitting transactions
ChatterBot November round 4
ChatterBot Foxtrot round 4
ChatterBot Alpha round 4
ChatterBot Tango round 4
ChatterBot Whiskey round 4
ChatterBot Sierra round 4
ChatterBot Papa round 4
ChatterBot X-ray round 4
ChatterBot Bravo round 4
ChatterBot Echo round 4
2024-10-14 17:35:25.496209 Alpha: We should drop Foxtrot and Echo
2024-10-14 17:35:25.516317 X-ray: Yes
2024-10-14 17:35:25.516518 Tango: Yes
2024-10-14 17:35:25.516688 November: Yes
2024-10-14 17:35:25.516840 Papa: Yes
2024-10-14 17:35:25.516984 Whiskey: Yes
2024-10-14 17:35:25.578294 Bravo: We should add Foxtrot and Echo
2024-10-14 17:35:25.580868 Sierra: Yes
2024-10-14 17:35:25.586141 Bravo: Foxtrot and Echo we want you to join our group
2024-10-14 17:35:25.590760 Foxtrot: Yes
2024-10-14 17:35:25.590881 Echo: Yes
2024-10-14 17:35:25.604841 November: Alpha, Whiskey and X-ray, sending you 4
2024-10-14 17:35:25.605188 Tango: November, sending you 2
2024-10-14 17:35:25.607676 Sierra: Foxtrot and Bravo, sending you 4
2024-10-14 17:35:25.608090 Whiskey: November, sending you 3
2024-10-14 17:35:25.608551 Papa: November, Alpha, Whiskey and X-ray, sending you 3
2024-10-14 17:35:25.609016 Tango: Alpha, sending you 3
2024-10-14 17:35:25.609415 Alpha: November, sending you 5
2024-10-14 17:35:25.609867 November: Tango, sending you 2
2024-10-14 17:35:25.610389 Foxtrot: Sierra, sending you 5
2024-10-14 17:35:25.611665 Sierra: Echo, sending you 2
2024-10-14 17:35:25.611996 Papa: Tango, sending you 4
2024-10-14 17:35:25.612670 Whiskey: Alpha, Papa and X-ray, sending you 2
2024-10-14 17:35:25.613185 November: Papa, sending you 3
2024-10-14 17:35:25.613714 Tango: Whiskey, sending you 1
2024-10-14 17:35:25.614685 Alpha: Tango, Whiskey, Papa and X-ray, sending you 3
2024-10-14 17:35:25.615150 Foxtrot: Bravo, sending you 4
2024-10-14 17:35:25.615659 Whiskey: Tango, sending you 1
2024-10-14 17:35:25.616668 X-ray: November and Tango, sending you 4
2024-10-14 17:35:25.617677 Tango: Papa and X-ray, sending you 4
2024-10-14 17:35:25.618147 Foxtrot: Echo, sending you 9
2024-10-14 17:35:25.621676 X-ray: Alpha, Whiskey and Papa, sending you 3
2024-10-14 17:35:25.627691 Echo: Foxtrot, sending you 6
2024-10-14 17:35:25.632659 Echo: Sierra, sending you 1
2024-10-14 17:35:25.635649 Echo: Bravo, sending you 4
chatterbot Bravo submitting transactions
chatterbot Papa submitting transactions
chatterbot X-ray submitting transactions
chatterbot Foxtrot submitting transactions
chatterbot Tango submitting transactions
chatterbot November submitting transactions
chatterbot Whiskey submitting transactions
chatterbot Echo submitting transactions
chatterbot Sierra submitting transactions
chatterbot Alpha submitting transactions
ChatterBot November round 5
ChatterBot Foxtrot round 5
ChatterBot Alpha round 5
ChatterBot Tango round 5
ChatterBot Whiskey round 5
ChatterBot Sierra round 5
ChatterBot Papa round 5
ChatterBot X-ray round 5
ChatterBot Bravo round 5
ChatterBot Echo round 5
2024-10-14 17:35:26.761687 Foxtrot: Sierra and Bravo, sending you 5
2024-10-14 17:35:26.763675 Alpha: November, sending you 5
2024-10-14 17:35:26.765703 Tango: November, sending you 2
2024-10-14 17:35:26.766320 Foxtrot: Echo, sending you 8
2024-10-14 17:35:26.768650 Alpha: Tango, Whiskey, Papa and X-ray, sending you 3
2024-10-14 17:35:26.769719 Tango: Alpha, sending you 3
2024-10-14 17:35:26.770688 Sierra: Foxtrot, sending you 4
2024-10-14 17:35:26.773660 November: Alpha and X-ray, sending you 4
2024-10-14 17:35:26.774114 Tango: Whiskey, sending you 1
2024-10-14 17:35:26.774676 Whiskey: November, sending you 3
2024-10-14 17:35:26.775996 Papa: November, Alpha, Whiskey and X-ray, sending you 3
2024-10-14 17:35:26.776463 Sierra: Bravo, sending you 3
2024-10-14 17:35:26.776756 November: Tango, Whiskey and Papa, sending you 3
2024-10-14 17:35:26.777156 Tango: Papa and X-ray, sending you 4
2024-10-14 17:35:26.779683 Whiskey: Alpha, Papa and X-ray, sending you 2
2024-10-14 17:35:26.780275 Echo: Foxtrot, sending you 5
2024-10-14 17:35:26.780661 Papa: Tango, sending you 4
2024-10-14 17:35:26.781676 Sierra: Echo, sending you 2
2024-10-14 17:35:26.782662 Echo: Sierra, sending you 2
2024-10-14 17:35:26.783977 Whiskey: Tango, sending you 1
2024-10-14 17:35:26.787682 Echo: Bravo, sending you 4
2024-10-14 17:35:26.788676 X-ray: November and Tango, sending you 4
2024-10-14 17:35:26.792656 X-ray: Alpha, Whiskey and Papa, sending you 3
chatterbot X-ray submitting transactions
chatterbot Alpha submitting transactions
chatterbot Tango submitting transactions
chatterbot Papa submitting transactions
chatterbot Sierra submitting transactions
chatterbot Foxtrot submitting transactions
chatterbot November submitting transactions
chatterbot Whiskey submitting transactions
chatterbot Bravo submitting transactions
chatterbot Echo submitting transactions
ChatterBot November round 6
ChatterBot Foxtrot round 6
ChatterBot Alpha round 6
ChatterBot Tango round 6
ChatterBot Whiskey round 6
ChatterBot Sierra round 6
ChatterBot Papa round 6
ChatterBot X-ray round 6
ChatterBot Bravo round 6
ChatterBot Echo round 6
2024-10-14 17:35:28.030682 November: Alpha and X-ray, sending you 4
2024-10-14 17:35:28.034692 Whiskey: November, sending you 3
2024-10-14 17:35:28.035666 November: Tango, Whiskey and Papa, sending you 3
2024-10-14 17:35:28.039667 Alpha: November, sending you 5
2024-10-14 17:35:28.040526 Whiskey: Alpha, Papa and X-ray, sending you 2
2024-10-14 17:35:28.043688 Alpha: Tango, Whiskey, Papa and X-ray, sending you 3
2024-10-14 17:35:28.045194 Tango: November, sending you 2
2024-10-14 17:35:28.046005 Whiskey: Tango, sending you 1
2024-10-14 17:35:28.046834 Papa: November, Alpha, Whiskey and X-ray, sending you 3
2024-10-14 17:35:28.047636 Sierra: Foxtrot, sending you 4
2024-10-14 17:35:28.048139 Foxtrot: Sierra, sending you 6
2024-10-14 17:35:28.048588 X-ray: November and Tango, sending you 4
2024-10-14 17:35:28.049434 Echo: Foxtrot, sending you 5
2024-10-14 17:35:28.049916 Tango: Alpha, sending you 3
2024-10-14 17:35:28.051446 Papa: Tango, sending you 4
2024-10-14 17:35:28.052235 Sierra: Bravo, sending you 3
2024-10-14 17:35:28.052695 Foxtrot: Bravo, sending you 5
2024-10-14 17:35:28.053667 X-ray: Alpha, Whiskey and Papa, sending you 3
2024-10-14 17:35:28.054478 Echo: Sierra, sending you 2
2024-10-14 17:35:28.054972 Tango: Whiskey, sending you 1
2024-10-14 17:35:28.055800 Foxtrot: Echo, sending you 7
2024-10-14 17:35:28.057137 Sierra: Echo, sending you 2
2024-10-14 17:35:28.058678 Echo: Bravo, sending you 4
2024-10-14 17:35:28.059209 Tango: Papa and X-ray, sending you 4
chatterbot Papa submitting transactions
chatterbot Sierra submitting transactions
chatterbot Echo submitting transactions
chatterbot November submitting transactions
chatterbot Tango submitting transactions
chatterbot X-ray submitting transactions
chatterbot Alpha submitting transactions
chatterbot Whiskey submitting transactions
chatterbot Foxtrot submitting transactions
chatterbot Bravo submitting transactions
ChatterBot November round 7
ChatterBot Foxtrot round 7
ChatterBot Alpha round 7
ChatterBot Tango round 7
ChatterBot Whiskey round 7
ChatterBot Sierra round 7
ChatterBot Papa round 7
ChatterBot X-ray round 7
ChatterBot Bravo round 7
ChatterBot Echo round 7
2024-10-14 17:35:28.958991 November: Alpha and X-ray, sending you 4
2024-10-14 17:35:28.960084 Foxtrot: Sierra, sending you 6
2024-10-14 17:35:28.962675 X-ray: November and Tango, sending you 4
2024-10-14 17:35:28.963683 Whiskey: November, sending you 3
2024-10-14 17:35:28.964488 November: Tango, Whiskey and Papa, sending you 3
2024-10-14 17:35:28.965021 Echo: Foxtrot, sending you 5
2024-10-14 17:35:28.965388 Sierra: Foxtrot, sending you 4
2024-10-14 17:35:28.966092 Foxtrot: Bravo, sending you 5
2024-10-14 17:35:28.966435 Tango: November, sending you 2
2024-10-14 17:35:28.966955 Whiskey: Alpha, Papa and X-ray, sending you 2
2024-10-14 17:35:28.967733 Echo: Sierra, sending you 2
2024-10-14 17:35:28.968695 X-ray: Alpha, Whiskey and Papa, sending you 3
2024-10-14 17:35:28.969611 Foxtrot: Echo, sending you 7
2024-10-14 17:35:28.970309 Sierra: Bravo and Echo, sending you 3
2024-10-14 17:35:28.970786 Whiskey: Tango, sending you 1
2024-10-14 17:35:28.971715 Tango: Alpha, sending you 3
2024-10-14 17:35:28.972725 Echo: Bravo, sending you 4
2024-10-14 17:35:28.974127 Papa: November, Alpha, Whiskey and X-ray, sending you 3
2024-10-14 17:35:28.975691 Tango: Whiskey, sending you 1
2024-10-14 17:35:28.979689 Papa: Tango, sending you 4
2024-10-14 17:35:28.980765 Alpha: November, sending you 5
2024-10-14 17:35:28.981938 Tango: Papa and X-ray, sending you 4
2024-10-14 17:35:28.985666 Alpha: Tango, Whiskey, Papa and X-ray, sending you 3
chatterbot Echo submitting transactions
chatterbot Sierra submitting transactions
chatterbot November submitting transactions
chatterbot Alpha submitting transactions
chatterbot Papa submitting transactions
chatterbot Foxtrot submitting transactions
chatterbot Whiskey submitting transactions
chatterbot Tango submitting transactions
chatterbot Bravo submitting transactions
chatterbot X-ray submitting transactions
ChatterBot November round 8
ChatterBot Foxtrot round 8
ChatterBot Alpha round 8
ChatterBot Tango round 8
ChatterBot Whiskey round 8
ChatterBot Sierra round 8
ChatterBot Papa round 8
ChatterBot X-ray round 8
ChatterBot Bravo round 8
ChatterBot Echo round 8
2024-10-14 17:35:30.159692 Whiskey: November, sending you 3
2024-10-14 17:35:30.163037 Foxtrot: Sierra, sending you 6
2024-10-14 17:35:30.164672 Whiskey: Alpha, Papa and X-ray, sending you 2
2024-10-14 17:35:30.166679 Echo: Foxtrot, sending you 5
2024-10-14 17:35:30.167978 Foxtrot: Bravo, sending you 5
2024-10-14 17:35:30.168669 Papa: November, Alpha, Whiskey and X-ray, sending you 3
2024-10-14 17:35:30.169681 Whiskey: Tango, sending you 1
2024-10-14 17:35:30.170546 Tango: November and Alpha, sending you 3
2024-10-14 17:35:30.171705 November: Alpha and X-ray, sending you 4
2024-10-14 17:35:30.172529 Sierra: Foxtrot, sending you 4
2024-10-14 17:35:30.172985 X-ray: November and Tango, sending you 4
2024-10-14 17:35:30.173735 Alpha: November, sending you 5
2024-10-14 17:35:30.174731 Echo: Sierra, sending you 2
2024-10-14 17:35:30.175500 Foxtrot: Echo, sending you 7
2024-10-14 17:35:30.175934 Papa: Tango, sending you 4
2024-10-14 17:35:30.176732 Tango: Papa and X-ray, sending you 4
2024-10-14 17:35:30.177885 November: Tango, Whiskey and Papa, sending you 3
2024-10-14 17:35:30.178706 Sierra: Bravo and Echo, sending you 3
2024-10-14 17:35:30.179739 X-ray: Alpha, Whiskey and Papa, sending you 3
2024-10-14 17:35:30.180680 Alpha: Tango, Whiskey, Papa and X-ray, sending you 3
2024-10-14 17:35:30.181943 Echo: Bravo, sending you 4
chatterbot Tango submitting transactions
chatterbot Bravo submitting transactions
chatterbot Echo submitting transactions
chatterbot November submitting transactions
chatterbot Papa submitting transactions
chatterbot Foxtrot submitting transactions
chatterbot Sierra submitting transactions
chatterbot Whiskey submitting transactions
chatterbot X-ray submitting transactions
chatterbot Alpha submitting transactions
ChatterBot November round 9
ChatterBot Foxtrot round 9
ChatterBot Alpha round 9
ChatterBot Tango round 9
ChatterBot Whiskey round 9
ChatterBot Sierra round 9
ChatterBot Papa round 9
ChatterBot X-ray round 9
ChatterBot Bravo round 9
ChatterBot Echo round 9
2024-10-14 17:35:31.350678 Alpha: November, sending you 5
2024-10-14 17:35:31.355675 Alpha: Tango, Whiskey, Papa and X-ray, sending you 3
2024-10-14 17:35:31.356669 Tango: November and Alpha, sending you 3
2024-10-14 17:35:31.357659 November: Alpha and X-ray, sending you 4
2024-10-14 17:35:31.359664 Tango: Papa and X-ray, sending you 4
2024-10-14 17:35:31.361669 November: Tango, Whiskey and Papa, sending you 3
2024-10-14 17:35:31.364662 Papa: November, Alpha, Whiskey and X-ray, sending you 3
2024-10-14 17:35:31.365698 Echo: Foxtrot, sending you 5
2024-10-14 17:35:31.366154 X-ray: November and Tango, sending you 4
2024-10-14 17:35:31.366892 Whiskey: November, sending you 3
2024-10-14 17:35:31.367886 Sierra: Foxtrot, sending you 4
2024-10-14 17:35:31.368665 Papa: Tango, sending you 4
2024-10-14 17:35:31.369471 Foxtrot: Sierra, sending you 6
2024-10-14 17:35:31.369871 Echo: Sierra, sending you 2
2024-10-14 17:35:31.370894 Whiskey: Alpha, Papa and X-ray, sending you 2
2024-10-14 17:35:31.371686 Sierra: Bravo and Echo, sending you 3
2024-10-14 17:35:31.372010 X-ray: Alpha, Whiskey and Papa, sending you 3
2024-10-14 17:35:31.372674 Echo: Bravo, sending you 4
2024-10-14 17:35:31.374102 Foxtrot: Bravo, sending you 5
2024-10-14 17:35:31.374725 Whiskey: Tango, sending you 1
2024-10-14 17:35:31.379679 Foxtrot: Echo, sending you 7
chatterbot November submitting transactions
chatterbot Papa submitting transactions
chatterbot Tango submitting transactions
chatterbot Whiskey submitting transactions
chatterbot Echo submitting transactions
chatterbot Sierra submitting transactions
chatterbot Alpha submitting transactions
chatterbot Bravo submitting transactions
chatterbot Foxtrot submitting transactions
chatterbot X-ray submitting transactions
ChatterBot November round 10
ChatterBot Foxtrot round 10
ChatterBot Alpha round 10
ChatterBot Tango round 10
ChatterBot Whiskey round 10
ChatterBot Sierra round 10
ChatterBot Papa round 10
ChatterBot X-ray round 10
ChatterBot Bravo round 10
ChatterBot Echo round 10
2024-10-14 17:35:32.634669 Sierra: Foxtrot, sending you 4
2024-10-14 17:35:32.635696 November: Alpha and X-ray, sending you 4
2024-10-14 17:35:32.639681 Sierra: Bravo and Echo, sending you 3
2024-10-14 17:35:32.640677 November: Tango, Whiskey and Papa, sending you 3
2024-10-14 17:35:32.642407 X-ray: November and Tango, sending you 4
2024-10-14 17:35:32.643453 Foxtrot: Sierra, sending you 6
2024-10-14 17:35:32.644485 Whiskey: November, sending you 3
2024-10-14 17:35:32.645689 Echo: Foxtrot, sending you 5
2024-10-14 17:35:32.646172 Tango: November and Alpha, sending you 3
2024-10-14 17:35:32.647684 X-ray: Alpha, Whiskey and Papa, sending you 3
2024-10-14 17:35:32.648832 Foxtrot: Bravo, sending you 5
2024-10-14 17:35:32.649360 Alpha: November, sending you 5
2024-10-14 17:35:32.651104 Whiskey: Alpha, Papa and X-ray, sending you 2
2024-10-14 17:35:32.652213 Echo: Sierra, sending you 2
2024-10-14 17:35:32.652766 Tango: Papa and X-ray, sending you 4
2024-10-14 17:35:32.654359 Papa: November, Alpha, Whiskey and X-ray, sending you 3
2024-10-14 17:35:32.655650 Foxtrot: Echo, sending you 7
2024-10-14 17:35:32.656292 Alpha: Tango, Whiskey, Papa and X-ray, sending you 3
2024-10-14 17:35:32.657420 Whiskey: Tango, sending you 1
2024-10-14 17:35:32.659283 Echo: Bravo, sending you 4
2024-10-14 17:35:32.659917 Papa: Tango, sending you 4
chatterbot Foxtrot submitting transactions
chatterbot Alpha submitting transactions
chatterbot Echo submitting transactions
chatterbot Papa submitting transactions
chatterbot Sierra submitting transactions
chatterbot X-ray submitting transactions
chatterbot November submitting transactions
chatterbot Whiskey submitting transactions
chatterbot Bravo submitting transactions
chatterbot Tango submitting transactions
ChatterBot November round 11
ChatterBot Foxtrot round 11
ChatterBot Alpha round 11
ChatterBot Tango round 11
ChatterBot Whiskey round 11
ChatterBot Sierra round 11
ChatterBot Papa round 11
ChatterBot X-ray round 11
ChatterBot Bravo round 11
ChatterBot Echo round 11
2024-10-14 17:35:33.834682 Whiskey: November, sending you 3
2024-10-14 17:35:33.838716 Sierra: Foxtrot, sending you 4
2024-10-14 17:35:33.839582 Whiskey: Alpha, Papa and X-ray, sending you 2
2024-10-14 17:35:33.842370 Foxtrot: Sierra, sending you 6
2024-10-14 17:35:33.846947 Sierra: Bravo and Echo, sending you 3
2024-10-14 17:35:33.847646 Whiskey: Tango, sending you 1
2024-10-14 17:35:33.849304 November: Alpha and X-ray, sending you 4
2024-10-14 17:35:33.851368 Foxtrot: Bravo, sending you 5
2024-10-14 17:35:33.851875 Papa: November, Alpha, Whiskey and X-ray, sending you 3
2024-10-14 17:35:33.853523 Tango: November and Alpha, sending you 3
2024-10-14 17:35:33.857890 Alpha: November, sending you 5
2024-10-14 17:35:33.858956 Echo: Foxtrot, sending you 5
2024-10-14 17:35:33.860607 November: Tango, Whiskey and Papa, sending you 3
2024-10-14 17:35:33.861599 X-ray: November and Tango, sending you 4
2024-10-14 17:35:33.863686 Foxtrot: Echo, sending you 7
2024-10-14 17:35:33.864182 Papa: Tango, sending you 4
2024-10-14 17:35:33.866182 Tango: Papa and X-ray, sending you 4
2024-10-14 17:35:33.870547 Alpha: Tango, Whiskey, Papa and X-ray, sending you 3
2024-10-14 17:35:33.872863 Echo: Sierra, sending you 2
2024-10-14 17:35:33.873366 X-ray: Alpha, Whiskey and Papa, sending you 3
2024-10-14 17:35:33.876678 Echo: Bravo, sending you 4
chatterbot Foxtrot submitting transactions
chatterbot Whiskey submitting transactions
chatterbot X-ray submitting transactions
chatterbot Alpha submitting transactions
chatterbot November submitting transactions
chatterbot Sierra submitting transactions
chatterbot Echo submitting transactions
