ChatterBot Foxtrot round 1
ChatterBot Whiskey round 1
ChatterBot November round 1
ChatterBot Hotel round 1
ChatterBot Delta round 1
ChatterBot Golf round 1
ChatterBot Victor round 1
ChatterBot Yankee round 1
ChatterBot Quebec round 1
ChatterBot Juliett round 1
randomSelections Whiskey: {Whiskey, Yankee, Foxtrot, Victor} 
2024-10-14 17:35:18.992680 Whiskey: Can we be friends?
ChatterBot Yankee reevaluating
ChatterBot Foxtrot reevaluating
ChatterBot Victor reevaluating
2024-10-14 17:35:19.002579 Yankee: Yes
2024-10-14 17:35:19.002818 Foxtrot: Yes
2024-10-14 17:35:19.003796 Victor: Yes
ChatterBot Foxtrot reevaluating
ChatterBot Victor reevaluating
ChatterBot Yankee reevaluating
ChatterBot Victor reevaluating
ChatterBot Yankee reevaluating
ChatterBot Foxtrot reevaluating
randomSelections Hotel: {Hotel, Delta, Golf, Whiskey, Victor} 
2024-10-14 17:35:19.026439 Hotel: Let's form a team
ChatterBot Delta reevaluating
ChatterBot Golf reevaluating
ChatterBot Victor reevaluating
2024-10-14 17:35:19.034394 Delta: Yes
2024-10-14 17:35:19.034541 Golf: Yes
2024-10-14 17:35:19.034687 Whiskey: No
2024-10-14 17:35:19.034866 Victor: No
ChatterBot Golf reevaluating
ChatterBot Victor reevaluating
ChatterBot Delta reevaluating
ChatterBot Victor reevaluating
ChatterBot Delta reevaluating
ChatterBot Golf reevaluating
ChatterBot Victor reevaluating
ChatterBot Delta reevaluating
ChatterBot Golf reevaluating
randomSelections Quebec: {Quebec, Delta, Whiskey, Yankee, Foxtrot, Hotel} 
2024-10-14 17:35:19.067325 Quebec: Let's form a team
ChatterBot Delta reevaluating
ChatterBot Yankee reevaluating
ChatterBot Foxtrot reevaluating
2024-10-14 17:35:19.075063 Delta: No
2024-10-14 17:35:19.075346 Whiskey: No
2024-10-14 17:35:19.076136 Yankee: No
2024-10-14 17:35:19.076585 Foxtrot: No
2024-10-14 17:35:19.076808 Hotel: No
ChatterBot Yankee reevaluating
ChatterBot Foxtrot reevaluating
ChatterBot Delta reevaluating
ChatterBot Yankee reevaluating
ChatterBot Foxtrot reevaluating
ChatterBot Delta reevaluating
ChatterBot Foxtrot reevaluating
ChatterBot Delta reevaluating
ChatterBot Yankee reevaluating
ChatterBot Delta reevaluating
ChatterBot Yankee reevaluating
ChatterBot Foxtrot reevaluating
randomSelections November: {November, Foxtrot, Delta, Whiskey, Victor, Yankee, Juliett} 
2024-10-14 17:35:19.119991 November: We would work well together
ChatterBot Foxtrot reevaluating
ChatterBot Delta reevaluating
ChatterBot Victor reevaluating
ChatterBot Yankee reevaluating
ChatterBot Juliett reevaluating
2024-10-14 17:35:19.133603 Foxtrot: No
2024-10-14 17:35:19.134368 Delta: No
2024-10-14 17:35:19.134641 Whiskey: No
2024-10-14 17:35:19.135013 Victor: No
2024-10-14 17:35:19.135917 Yankee: No
2024-10-14 17:35:19.136360 Juliett: Yes
ChatterBot Delta reevaluating
ChatterBot Victor reevaluating
ChatterBot Yankee reevaluating
ChatterBot Juliett reevaluating
ChatterBot Foxtrot reevaluating
ChatterBot Victor reevaluating
ChatterBot Yankee reevaluating
ChatterBot Juliett reevaluating
ChatterBot Foxtrot reevaluating
ChatterBot Delta reevaluating
ChatterBot Victor reevaluating
ChatterBot Yankee reevaluating
ChatterBot Juliett reevaluating
ChatterBot Foxtrot reevaluating
ChatterBot Delta reevaluating
ChatterBot Yankee reevaluating
ChatterBot Juliett reevaluating
ChatterBot Foxtrot reevaluating
ChatterBot Delta reevaluating
ChatterBot Victor reevaluating
ChatterBot Juliett reevaluating
ChatterBot Foxtrot reevaluating
ChatterBot Delta reevaluating
ChatterBot Victor reevaluating
ChatterBot Yankee reevaluating
2024-10-14 17:35:19.218372 Hotel: Whiskey and Victor, sending you 3
2024-10-14 17:35:19.219440 November: Foxtrot, sending you 5
2024-10-14 17:35:19.222681 Hotel: Delta and Golf, sending you 2
2024-10-14 17:35:19.223119 Quebec: Foxtrot, sending you 3
2024-10-14 17:35:19.224051 November: Delta, sending you 7
2024-10-14 17:35:19.224397 Whiskey: Foxtrot and Yankee, sending you 5
2024-10-14 17:35:19.225934 Yankee: Foxtrot, sending you 5
2024-10-14 17:35:19.226663 November: Victor, sending you 4
2024-10-14 17:35:19.227773 Quebec: Whiskey and Delta, sending you 2
2024-10-14 17:35:19.228180 Golf: Whiskey and Hotel, sending you 4
2024-10-14 17:35:19.230393 Delta: Whiskey, sending you 3
2024-10-14 17:35:19.230790 Whiskey: Victor, sending you 7
2024-10-14 17:35:19.231070 Yankee: Whiskey, sending you 7
2024-10-14 17:35:19.233143 November: Yankee, sending you 2
2024-10-14 17:35:19.233566 Golf: Delta, sending you 6
2024-10-14 17:35:19.234021 Quebec: Yankee, sending you 5
2024-10-14 17:35:19.235665 Foxtrot: Whiskey, sending you 3
2024-10-14 17:35:19.236062 Delta: Hotel, sending you 2
2024-10-14 17:35:19.236412 Victor: Foxtrot, sending you 3
2024-10-14 17:35:19.236785 Golf: Victor, sending you 5
2024-10-14 17:35:19.238104 Yankee: Victor, sending you 3
2024-10-14 17:35:19.238516 Juliett: Foxtrot, Whiskey and November, sending you 2
2024-10-14 17:35:19.242501 Delta: Golf, sending you 4
2024-10-14 17:35:19.242825 Foxtrot: Victor, sending you 1
2024-10-14 17:35:19.243150 Victor: Yankee, sending you 8
2024-10-14 17:35:19.253591 Foxtrot: Yankee, sending you 10
2024-10-14 17:35:19.254086 Juliett: Delta, sending you 5
2024-10-14 17:35:19.254604 Delta: Victor, sending you 1
2024-10-14 17:35:19.269207 Juliett: Victor, sending you 1
2024-10-14 17:35:19.295934 Juliett: Yankee, sending you 6
chatterbot Golf submitting transactions
chatterbot Foxtrot submitting transactions
chatterbot Victor submitting transactions
chatterbot Juliett submitting transactions
chatterbot Yankee submitting transactions
chatterbot Quebec submitting transactions
chatterbot November submitting transactions
chatterbot Hotel submitting transactions
chatterbot Whiskey submitting transactions
chatterbot Delta submitting transactions
ChatterBot Foxtrot round 2
ChatterBot Whiskey round 2
ChatterBot November round 2
ChatterBot Hotel round 2
ChatterBot Delta round 2
2024-10-14 17:35:20.461209 Whiskey: We should add November and Juliett
ChatterBot Yankee reevaluating
ChatterBot Foxtrot reevaluating
ChatterBot Victor reevaluating
2024-10-14 17:35:20.494029 Yankee: No
2024-10-14 17:35:20.494230 Foxtrot: Yes
2024-10-14 17:35:20.494415 Victor: No
ChatterBot Foxtrot reevaluating
ChatterBot Victor reevaluating
ChatterBot Whiskey reevaluating
ChatterBot Yankee reevaluating
ChatterBot Victor reevaluating
ChatterBot Whiskey reevaluating
ChatterBot Yankee reevaluating
ChatterBot Foxtrot reevaluating
2024-10-14 17:35:20.585931 Foxtrot: Let's form a team
ChatterBot Whiskey reevaluating
ChatterBot Yankee reevaluating
ChatterBot Quebec reevaluating
ChatterBot Juliett reevaluating
ChatterBot November reevaluating
ChatterBot Victor reevaluating
2024-10-14 17:35:20.674160 Whiskey: Yes
2024-10-14 17:35:20.674361 Yankee: No
2024-10-14 17:35:20.674820 Quebec: No
2024-10-14 17:35:20.674992 Juliett: No
2024-10-14 17:35:20.675161 November: No
2024-10-14 17:35:20.675313 Victor: No
ChatterBot Foxtrot reevaluating
ChatterBot November reevaluating
ChatterBot Victor reevaluating
ChatterBot Yankee reevaluating
ChatterBot Quebec reevaluating
ChatterBot Juliett reevaluating
ChatterBot Foxtrot reevaluating
ChatterBot Whiskey reevaluating
ChatterBot November reevaluating
ChatterBot Victor reevaluating
ChatterBot Quebec reevaluating
ChatterBot Juliett reevaluating
ChatterBot Foxtrot reevaluating
ChatterBot Whiskey reevaluating
ChatterBot November reevaluating
ChatterBot Victor reevaluating
ChatterBot Yankee reevaluating
ChatterBot Juliett reevaluating
ChatterBot Foxtrot reevaluating
ChatterBot Whiskey reevaluating
ChatterBot November reevaluating
ChatterBot Victor reevaluating
ChatterBot Yankee reevaluating
ChatterBot Quebec reevaluating
ChatterBot Foxtrot reevaluating
ChatterBot Whiskey reevaluating
ChatterBot Victor reevaluating
ChatterBot Yankee reevaluating
ChatterBot Quebec reevaluating
ChatterBot Juliett reevaluating
ChatterBot Foxtrot reevaluating
ChatterBot Whiskey reevaluating
ChatterBot November reevaluating
ChatterBot Yankee reevaluating
ChatterBot Quebec reevaluating
ChatterBot Juliett reevaluating
ChatterBot Golf round 2
ChatterBot Victor round 2
ChatterBot Yankee round 2
ChatterBot Quebec round 2
ChatterBot Juliett round 2
2024-10-14 17:35:21.036595 Delta: Friends?
ChatterBot Golf reevaluating
ChatterBot November reevaluating
2024-10-14 17:35:21.046513 Hotel: No
2024-10-14 17:35:21.046686 Golf: No
2024-10-14 17:35:21.046811 November: No
ChatterBot Golf reevaluating
ChatterBot November reevaluating
ChatterBot Delta reevaluating
ChatterBot November reevaluating
ChatterBot Delta reevaluating
ChatterBot Golf reevaluating
2024-10-14 17:35:21.079583 Victor: We should drop Whiskey and Yankee
2024-10-14 17:35:21.082266 Foxtrot: No
ChatterBot Victor reevaluating
2024-10-14 17:35:21.086111 Victor: We should add November and Juliett
ChatterBot Whiskey reevaluating
ChatterBot Yankee reevaluating
2024-10-14 17:35:21.095151 Whiskey: Yes
2024-10-14 17:35:21.095343 Yankee: Yes
2024-10-14 17:35:21.095476 Foxtrot: Yes
ChatterBot Yankee reevaluating
ChatterBot Victor reevaluating
ChatterBot Whiskey reevaluating
ChatterBot Victor reevaluating
ChatterBot Whiskey reevaluating
ChatterBot Yankee reevaluating
ChatterBot Victor reevaluating
2024-10-14 17:35:21.135121 Hotel: We should drop Whiskey and Victor
ChatterBot Delta reevaluating
ChatterBot Golf reevaluating
2024-10-14 17:35:21.141824 Delta: Yes
2024-10-14 17:35:21.141931 Golf: Yes
ChatterBot Hotel reevaluating
ChatterBot Golf reevaluating
ChatterBot Hotel reevaluating
ChatterBot Delta reevaluating
2024-10-14 17:35:21.159019 Juliett: We should drop Delta
ChatterBot Whiskey reevaluating
ChatterBot Victor reevaluating
2024-10-14 17:35:21.173419 Foxtrot: Yes
2024-10-14 17:35:21.173608 Whiskey: Yes
2024-10-14 17:35:21.173774 November: Yes
2024-10-14 17:35:21.174217 Victor: Yes
2024-10-14 17:35:21.174328 Yankee: Yes
ChatterBot Whiskey reevaluating
ChatterBot Victor reevaluating
ChatterBot Victor reevaluating
ChatterBot Whiskey reevaluating
ChatterBot Victor reevaluating
ChatterBot Whiskey reevaluating
ChatterBot Whiskey reevaluating
ChatterBot Victor reevaluating
2024-10-14 17:35:21.677780 Victor: November and Juliett we want you to join our group
2024-10-14 17:35:21.684336 Juliett: Yes
2024-10-14 17:35:21.684583 November: Yes
ChatterBot Whiskey reevaluating
ChatterBot Whiskey reevaluating
2024-10-14 17:35:21.713209 Yankee: Foxtrot, Victor and Juliett, sending you 3
2024-10-14 17:35:21.714328 Foxtrot: Whiskey, November and Yankee, sending you 3
2024-10-14 17:35:21.868041 Yankee: Whiskey, November and Quebec, sending you 2
2024-10-14 17:35:21.868426 Quebec: Sending you each 2
2024-10-14 17:35:21.869092 Delta: November, sending you 5
2024-10-14 17:35:21.869344 Golf: Hotel, sending you 8
2024-10-14 17:35:21.869522 Juliett: Foxtrot, Whiskey, November and Victor, sending you 4
2024-10-14 17:35:21.869807 Foxtrot: Victor and Quebec, sending you 2
2024-10-14 17:35:21.870583 Whiskey: November and Juliett we want you to join our group
2024-10-14 17:35:21.876418 Juliett: Yes
2024-10-14 17:35:21.876549 November: Yes
2024-10-14 17:35:21.906285 Golf: Delta, sending you 11
2024-10-14 17:35:21.907313 Delta: Hotel, sending you 1
2024-10-14 17:35:21.907720 Juliett: Yankee, sending you 3
2024-10-14 17:35:21.908538 Foxtrot: Juliett, sending you 1
2024-10-14 17:35:21.909080 Hotel: Delta, sending you 4
2024-10-14 17:35:22.000039 Victor: Foxtrot and Juliett, sending you 1
2024-10-14 17:35:22.000886 November: Foxtrot, Whiskey and Victor, sending you 2
2024-10-14 17:35:22.001172 Delta: Golf, sending you 4
2024-10-14 17:35:22.001399 Hotel: Golf, sending you 6
2024-10-14 17:35:22.021878 November: Yankee, sending you 1
2024-10-14 17:35:22.022312 Whiskey: Foxtrot, sending you 4
2024-10-14 17:35:22.022706 Victor: Whiskey, sending you 4
2024-10-14 17:35:22.066880 November: Juliett, sending you 8
2024-10-14 17:35:22.067423 Whiskey: November and Victor, sending you 2
2024-10-14 17:35:22.068195 Victor: November, sending you 3
chatterbot Victor submitting transactions
2024-10-14 17:35:22.101842 Whiskey: Yankee, sending you 6
2024-10-14 17:35:22.102207 Victor: Yankee, sending you 2
2024-10-14 17:35:22.124712 Whiskey: Juliett, sending you 3
chatterbot November submitting transactions
chatterbot Yankee submitting transactions
chatterbot Foxtrot submitting transactions
chatterbot Hotel submitting transactions
chatterbot Whiskey submitting transactions
chatterbot Juliett submitting transactions
chatterbot Delta submitting transactions
chatterbot Quebec submitting transactions
chatterbot Golf submitting transactions
ChatterBot Foxtrot round 3
ChatterBot Whiskey round 3
ChatterBot November round 3
ChatterBot Hotel round 3
ChatterBot Delta round 3
ChatterBot Golf round 3
ChatterBot Victor round 3
ChatterBot Yankee round 3
ChatterBot Quebec round 3
ChatterBot Juliett round 3
2024-10-14 17:35:22.848946 Whiskey: Foxtrot, Victor and Juliett, sending you 3
2024-10-14 17:35:22.849791 Yankee: Foxtrot, Whiskey and Victor, sending you 3
2024-10-14 17:35:22.853507 November: Foxtrot, Whiskey, Victor and Yankee, sending you 3
2024-10-14 17:35:22.854632 Golf: Hotel, sending you 9
2024-10-14 17:35:22.855167 Whiskey: November and Quebec, sending you 2
2024-10-14 17:35:22.856421 Yankee: November, Quebec and Juliett, sending you 2
2024-10-14 17:35:22.857660 Quebec: Foxtrot and Yankee, sending you 5
2024-10-14 17:35:22.858698 November: Quebec, sending you 2
2024-10-14 17:35:22.859746 Delta: Hotel, sending you 3
2024-10-14 17:35:22.860153 Foxtrot: Whiskey and Yankee, sending you 3
2024-10-14 17:35:22.861198 Whiskey: Yankee, sending you 4
2024-10-14 17:35:22.861992 Golf: Delta, sending you 10
2024-10-14 17:35:22.862795 Hotel: Delta, sending you 3
2024-10-14 17:35:22.863250 Juliett: Foxtrot and Victor, sending you 2
2024-10-14 17:35:22.864093 Quebec: November and Victor, sending you 1
2024-10-14 17:35:22.864803 November: Juliett, sending you 4
2024-10-14 17:35:22.865885 Delta: Golf, sending you 4
2024-10-14 17:35:22.866393 Foxtrot: November, Victor, Quebec and Juliett, sending you 2
2024-10-14 17:35:22.867031 Victor: Foxtrot, sending you 1
2024-10-14 17:35:22.868241 Hotel: Golf, sending you 7
2024-10-14 17:35:22.868631 Juliett: Whiskey and Quebec, sending you 3
2024-10-14 17:35:22.871738 Victor: Whiskey and Yankee, sending you 3
2024-10-14 17:35:22.874671 Juliett: November, sending you 5
2024-10-14 17:35:22.878046 Victor: November and Juliett, sending you 2
2024-10-14 17:35:22.878741 Juliett: Yankee, sending you 4
chatterbot Golf submitting transactions
chatterbot November submitting transactions
chatterbot Quebec submitting transactions
chatterbot Juliett submitting transactions
chatterbot Delta submitting transactions
chatterbot Whiskey submitting transactions
chatterbot Hotel submitting transactions
chatterbot Foxtrot submitting transactions
chatterbot Victor submitting transactions
chatterbot Yankee submitting transactions
ChatterBot Foxtrot round 4
ChatterBot Whiskey round 4
ChatterBot November round 4
ChatterBot Hotel round 4
ChatterBot Delta round 4
ChatterBot Golf round 4
ChatterBot Victor round 4
ChatterBot Yankee round 4
ChatterBot Quebec round 4
ChatterBot Juliett round 4
2024-10-14 17:35:24.114686 November: Foxtrot, Whiskey, Victor and Yankee, sending you 3
2024-10-14 17:35:24.115200 Whiskey: Foxtrot, Victor and Juliett, sending you 3
2024-10-14 17:35:24.116674 Foxtrot: Whiskey and Yankee, sending you 3
2024-10-14 17:35:24.117668 November: Quebec, sending you 2
2024-10-14 17:35:24.118910 Whiskey: November and Quebec, sending you 2
2024-10-14 17:35:24.121982 Foxtrot: November, Victor, Quebec and Juliett, sending you 2
2024-10-14 17:35:24.122345 November: Juliett, sending you 4
2024-10-14 17:35:24.122679 Whiskey: Yankee, sending you 4
2024-10-14 17:35:24.123662 Golf: Hotel, sending you 10
2024-10-14 17:35:24.124682 Victor: Foxtrot, sending you 1
2024-10-14 17:35:24.125050 Delta: Hotel, sending you 3
2024-10-14 17:35:24.125892 Hotel: Delta, sending you 3
2024-10-14 17:35:24.127649 Golf: Delta, sending you 9
2024-10-14 17:35:24.129109 Victor: Whiskey and Yankee, sending you 3
2024-10-14 17:35:24.129496 Delta: Golf, sending you 4
2024-10-14 17:35:24.129732 Hotel: Golf, sending you 7
2024-10-14 17:35:24.132190 Victor: November and Juliett, sending you 2
2024-10-14 17:35:24.135212 Quebec: Foxtrot and Yankee, sending you 3
2024-10-14 17:35:24.136675 Juliett: Foxtrot, Whiskey, Victor and Yankee, sending you 3
2024-10-14 17:35:24.137151 Yankee: Foxtrot, Whiskey and Victor, sending you 3
2024-10-14 17:35:24.140679 Quebec: Whiskey, November and Juliett, sending you 2
2024-10-14 17:35:24.141676 Juliett: November, sending you 5
2024-10-14 17:35:24.142111 Yankee: November, Quebec and Juliett, sending you 2
2024-10-14 17:35:24.146665 Juliett: Quebec, sending you 2
chatterbot Victor submitting transactions
chatterbot Golf submitting transactions
chatterbot Whiskey submitting transactions
chatterbot Delta submitting transactions
chatterbot Quebec submitting transactions
chatterbot Foxtrot submitting transactions
chatterbot Juliett submitting transactions
chatterbot November submitting transactions
chatterbot Hotel submitting transactions
chatterbot Yankee submitting transactions
ChatterBot Foxtrot round 5
ChatterBot Whiskey round 5
ChatterBot November round 5
ChatterBot Hotel round 5
ChatterBot Delta round 5
ChatterBot Golf round 5
ChatterBot Victor round 5
ChatterBot Yankee round 5
ChatterBot Quebec round 5
ChatterBot Juliett round 5
2024-10-14 17:35:25.390705 Whiskey: Foxtrot, November, Victor, Yankee and Juliett, sending you 3
2024-10-14 17:35:25.391900 Victor: Foxtrot, sending you 1
2024-10-14 17:35:25.393690 Foxtrot: Whiskey and Yankee, sending you 3
2024-10-14 17:35:25.395687 November: Foxtrot, Whiskey, Victor and Yankee, sending you 3
2024-10-14 17:35:25.396195 Whiskey: Quebec, sending you 2
2024-10-14 17:35:25.396557 Golf: Hotel, sending you 10
2024-10-14 17:35:25.396829 Victor: Whiskey and Yankee, sending you 3
2024-10-14 17:35:25.398695 Foxtrot: November, Victor, Quebec and Juliett, sending you 2
2024-10-14 17:35:25.399107 November: Quebec, sending you 2
2024-10-14 17:35:25.400662 Hotel: Delta, sending you 3
2024-10-14 17:35:25.400982 Golf: Delta, sending you 9
2024-10-14 17:35:25.401230 Victor: November and Juliett, sending you 2
2024-10-14 17:35:25.401679 Juliett: Foxtrot, Whiskey, Victor and Yankee, sending you 3
2024-10-14 17:35:25.402105 November: Juliett, sending you 4
2024-10-14 17:35:25.403689 Yankee: Foxtrot, Whiskey and Victor, sending you 3
2024-10-14 17:35:25.404657 Delta: Hotel, sending you 3
2024-10-14 17:35:25.404898 Hotel: Golf, sending you 6
2024-10-14 17:35:25.405124 Juliett: November, sending you 5
2024-10-14 17:35:25.406667 Quebec: Foxtrot and Yankee, sending you 3
2024-10-14 17:35:25.407699 Yankee: November, Quebec and Juliett, sending you 2
2024-10-14 17:35:25.408686 Delta: Golf, sending you 4
2024-10-14 17:35:25.409090 Juliett: Quebec, sending you 2
2024-10-14 17:35:25.409672 Quebec: Whiskey, November and Juliett, sending you 2
chatterbot November submitting transactions
chatterbot Whiskey submitting transactions
chatterbot Delta submitting transactions
chatterbot Juliett submitting transactions
chatterbot Yankee submitting transactions
chatterbot Quebec submitting transactions
chatterbot Foxtrot submitting transactions
chatterbot Victor submitting transactions
chatterbot Golf submitting transactions
chatterbot Hotel submitting transactions
ChatterBot Foxtrot round 6
ChatterBot Whiskey round 6
ChatterBot November round 6
ChatterBot Hotel round 6
ChatterBot Delta round 6
ChatterBot Golf round 6
ChatterBot Victor round 6
ChatterBot Yankee round 6
ChatterBot Quebec round 6
ChatterBot Juliett round 6
2024-10-14 17:35:26.593663 Hotel: Delta, sending you 4
2024-10-14 17:35:26.597989 Delta: Hotel, sending you 3
2024-10-14 17:35:26.598697 Hotel: Golf, sending you 6
2024-10-14 17:35:26.599663 November: Foxtrot, Whiskey, Victor and Yankee, sending you 3
2024-10-14 17:35:26.601245 Foxtrot: Whiskey and Yankee, sending you 3
2024-10-14 17:35:26.601731 Golf: Hotel, sending you 10
2024-10-14 17:35:26.602655 Delta: Golf, sending you 4
2024-10-14 17:35:26.603664 Juliett: Foxtrot, Whiskey, Victor, Yankee and Quebec, sending you 3
2024-10-14 17:35:26.604810 November: Quebec, sending you 2
2024-10-14 17:35:26.605285 Golf: Delta, sending you 9
2024-10-14 17:35:26.606663 Foxtrot: November, Victor, Quebec and Juliett, sending you 2
2024-10-14 17:35:26.608681 Juliett: November, sending you 4
2024-10-14 17:35:26.609367 Victor: Foxtrot, sending you 1
2024-10-14 17:35:26.609786 November: Juliett, sending you 4
2024-10-14 17:35:26.610506 Yankee: Foxtrot, Whiskey and Victor, sending you 3
2024-10-14 17:35:26.610984 Quebec: Foxtrot and Yankee, sending you 3
2024-10-14 17:35:26.611427 Whiskey: Foxtrot, November, Victor, Yankee and Juliett, sending you 3
2024-10-14 17:35:26.612719 Victor: Whiskey and Yankee, sending you 3
2024-10-14 17:35:26.613648 Yankee: November, Quebec and Juliett, sending you 2
2024-10-14 17:35:26.614729 Quebec: Whiskey, November and Juliett, sending you 2
2024-10-14 17:35:26.615949 Whiskey: Quebec, sending you 2
2024-10-14 17:35:26.616674 Victor: November and Juliett, sending you 2
chatterbot Juliett submitting transactions
chatterbot Hotel submitting transactions
chatterbot November submitting transactions
chatterbot Golf submitting transactions
chatterbot Foxtrot submitting transactions
chatterbot Victor submitting transactions
chatterbot Quebec submitting transactions
chatterbot Yankee submitting transactions
chatterbot Whiskey submitting transactions
chatterbot Delta submitting transactions
ChatterBot Foxtrot round 7
ChatterBot Whiskey round 7
ChatterBot November round 7
ChatterBot Hotel round 7
ChatterBot Delta round 7
ChatterBot Golf round 7
ChatterBot Victor round 7
ChatterBot Yankee round 7
ChatterBot Quebec round 7
ChatterBot Juliett round 7
2024-10-14 17:35:27.776672 Hotel: Delta, sending you 4
2024-10-14 17:35:27.781055 Hotel: Golf, sending you 6
2024-10-14 17:35:27.781704 November: Foxtrot, Whiskey, Victor and Yankee, sending you 3
2024-10-14 17:35:27.782454 Foxtrot: Whiskey and Yankee, sending you 3
2024-10-14 17:35:27.786685 Golf: Hotel, sending you 10
2024-10-14 17:35:27.787184 November: Quebec, sending you 2
2024-10-14 17:35:27.788132 Foxtrot: November, Victor, Quebec and Juliett, sending you 2
2024-10-14 17:35:27.789024 Delta: Hotel, sending you 3
2024-10-14 17:35:27.789410 Quebec: Foxtrot and Yankee, sending you 3
2024-10-14 17:35:27.791532 Whiskey: Foxtrot, November, Victor, Yankee and Juliett, sending you 3
2024-10-14 17:35:27.792442 Juliett: Foxtrot, Whiskey, Victor, Yankee and Quebec, sending you 3
2024-10-14 17:35:27.793733 Golf: Delta, sending you 9
2024-10-14 17:35:27.794146 November: Juliett, sending you 4
2024-10-14 17:35:27.795818 Victor: Foxtrot, sending you 1
2024-10-14 17:35:27.796596 Delta: Golf, sending you 4
2024-10-14 17:35:27.797139 Quebec: Whiskey, November and Juliett, sending you 2
2024-10-14 17:35:27.798055 Whiskey: Quebec, sending you 2
2024-10-14 17:35:27.799132 Juliett: November, sending you 4
2024-10-14 17:35:27.800872 Yankee: Foxtrot, Whiskey and Victor, sending you 3
2024-10-14 17:35:27.801835 Victor: Whiskey and Yankee, sending you 3
2024-10-14 17:35:27.805692 Yankee: November, Quebec and Juliett, sending you 2
2024-10-14 17:35:27.807649 Victor: November and Juliett, sending you 2
chatterbot Delta submitting transactions
chatterbot Hotel submitting transactions
chatterbot Juliett submitting transactions
chatterbot Golf submitting transactions
chatterbot November submitting transactions
chatterbot Yankee submitting transactions
chatterbot Victor submitting transactions
chatterbot Quebec submitting transactions
chatterbot Foxtrot submitting transactions
chatterbot Whiskey submitting transactions
ChatterBot Foxtrot round 8
ChatterBot Whiskey round 8
ChatterBot November round 8
ChatterBot Hotel round 8
ChatterBot Delta round 8
ChatterBot Golf round 8
ChatterBot Victor round 8
ChatterBot Yankee round 8
ChatterBot Quebec round 8
ChatterBot Juliett round 8
2024-10-14 17:35:28.914681 Whiskey: Foxtrot, November, Victor, Yankee and Juliett, sending you 3
2024-10-14 17:35:28.919712 Whiskey: Quebec, sending you 2
2024-10-14 17:35:28.922664 Hotel: Delta, sending you 4
2024-10-14 17:35:28.923194 Victor: Foxtrot, Whiskey, November and Juliett, sending you 2
2024-10-14 17:35:28.924794 Golf: Hotel, sending you 10
2024-10-14 17:35:28.927079 Juliett: Foxtrot, Whiskey, Victor, Yankee and Quebec, sending you 3
2024-10-14 17:35:28.927896 Yankee: Foxtrot, Whiskey and Victor, sending you 3
2024-10-14 17:35:28.929276 Hotel: Golf, sending you 6
2024-10-14 17:35:28.929752 Victor: Yankee, sending you 3
2024-10-14 17:35:28.930489 Delta: Hotel, sending you 3
2024-10-14 17:35:28.931294 Golf: Delta, sending you 9
2024-10-14 17:35:28.931763 Quebec: Foxtrot and Yankee, sending you 3
2024-10-14 17:35:28.932823 November: Foxtrot, Whiskey, Victor and Yankee, sending you 3
2024-10-14 17:35:28.934087 Yankee: November, Quebec and Juliett, sending you 2
2024-10-14 17:35:28.934999 Juliett: November, sending you 4
2024-10-14 17:35:28.936167 Foxtrot: Whiskey and Yankee, sending you 3
2024-10-14 17:35:28.936967 Delta: Golf, sending you 4
2024-10-14 17:35:28.937531 Quebec: Whiskey, November and Juliett, sending you 2
2024-10-14 17:35:28.938483 November: Quebec, sending you 2
2024-10-14 17:35:28.940687 Foxtrot: November, Victor, Quebec and Juliett, sending you 2
2024-10-14 17:35:28.941925 November: Juliett, sending you 4
chatterbot Delta submitting transactions
chatterbot Golf submitting transactions
chatterbot Juliett submitting transactions
chatterbot Foxtrot submitting transactions
chatterbot Hotel submitting transactions
chatterbot Whiskey submitting transactions
chatterbot Quebec submitting transactions
chatterbot November submitting transactions
chatterbot Yankee submitting transactions
chatterbot Victor submitting transactions
ChatterBot Foxtrot round 9
ChatterBot Whiskey round 9
ChatterBot November round 9
ChatterBot Hotel round 9
ChatterBot Delta round 9
ChatterBot Golf round 9
ChatterBot Victor round 9
ChatterBot Yankee round 9
ChatterBot Quebec round 9
ChatterBot Juliett round 9
2024-10-14 17:35:30.136665 Whiskey: Foxtrot, November, Victor, Yankee and Juliett, sending you 3
2024-10-14 17:35:30.138239 Hotel: Delta, sending you 4
2024-10-14 17:35:30.139702 Whiskey: Quebec, sending you 2
2024-10-14 17:35:30.141724 Hotel: Golf, sending you 6
2024-10-14 17:35:30.145672 Delta: Sending you each 4
2024-10-14 17:35:30.146664 November: Foxtrot, Whiskey, Victor and Yankee, sending you 3
2024-10-14 17:35:30.147490 Foxtrot: Whiskey and Yankee, sending you 3
2024-10-14 17:35:30.150904 November: Quebec, sending you 2
2024-10-14 17:35:30.151960 Foxtrot: November, Victor, Quebec and Juliett, sending you 2
2024-10-14 17:35:30.154679 Victor: Foxtrot, Whiskey, November and Juliett, sending you 2
2024-10-14 17:35:30.155701 Yankee: Foxtrot, Whiskey and Victor, sending you 3
2024-10-14 17:35:30.156696 November: Juliett, sending you 4
2024-10-14 17:35:30.158116 Golf: Hotel, sending you 10
2024-10-14 17:35:30.158466 Victor: Yankee, sending you 3
2024-10-14 17:35:30.159015 Juliett: Foxtrot, Whiskey, Victor, Yankee and Quebec, sending you 3
2024-10-14 17:35:30.160698 Yankee: November, Quebec and Juliett, sending you 2
2024-10-14 17:35:30.161819 Golf: Delta, sending you 9
2024-10-14 17:35:30.162322 Quebec: Foxtrot, Whiskey, November and Juliett, sending you 2
2024-10-14 17:35:30.163950 Juliett: November, sending you 4
2024-10-14 17:35:30.168655 Quebec: Yankee, sending you 4
chatterbot Foxtrot submitting transactions
chatterbot Juliett submitting transactions
chatterbot Golf submitting transactions
chatterbot Delta submitting transactions
chatterbot Victor submitting transactions
chatterbot Whiskey submitting transactions
chatterbot Quebec submitting transactions
chatterbot Hotel submitting transactions
chatterbot Yankee submitting transactions
chatterbot November submitting transactions
ChatterBot Foxtrot round 10
ChatterBot Whiskey round 10
ChatterBot November round 10
ChatterBot Hotel round 10
ChatterBot Delta round 10
ChatterBot Golf round 10
ChatterBot Victor round 10
ChatterBot Yankee round 10
ChatterBot Quebec round 10
ChatterBot Juliett round 10
2024-10-14 17:35:31.380663 Golf: Hotel, sending you 10
2024-10-14 17:35:31.381692 Whiskey: Foxtrot, November, Victor, Yankee and Juliett, sending you 3
2024-10-14 17:35:31.382684 Foxtrot: Whiskey and Yankee, sending you 3
2024-10-14 17:35:31.384439 Victor: Foxtrot, Whiskey, November and Juliett, sending you 2
2024-10-14 17:35:31.385274 Whiskey: Quebec, sending you 2
2024-10-14 17:35:31.386113 Golf: Delta, sending you 9
2024-10-14 17:35:31.386752 Foxtrot: November, Victor, Quebec and Juliett, sending you 2
2024-10-14 17:35:31.388677 Victor: Yankee, sending you 3
2024-10-14 17:35:31.389687 Delta: Same as last round
2024-10-14 17:35:31.391701 November: Foxtrot, Whiskey, Victor and Yankee, sending you 3
2024-10-14 17:35:31.393063 Quebec: Foxtrot, Whiskey and November, sending you 2
2024-10-14 17:35:31.394129 Juliett: Foxtrot, Whiskey, Victor, Yankee and Quebec, sending you 3
2024-10-14 17:35:31.395715 Hotel: Delta, sending you 4
2024-10-14 17:35:31.396217 Yankee: Foxtrot, Whiskey and Victor, sending you 3
2024-10-14 17:35:31.397205 November: Quebec, sending you 2
2024-10-14 17:35:31.398762 Quebec: Yankee and Juliett, sending you 3
2024-10-14 17:35:31.399729 Hotel: Golf, sending you 5
2024-10-14 17:35:31.400196 Yankee: November, Quebec and Juliett, sending you 2
2024-10-14 17:35:31.401575 Juliett: November, sending you 4
2024-10-14 17:35:31.402850 November: Juliett, sending you 4
chatterbot Golf submitting transactions
chatterbot Quebec submitting transactions
chatterbot Foxtrot submitting transactions
chatterbot November submitting transactions
chatterbot Yankee submitting transactions
chatterbot Hotel submitting transactions
chatterbot Whiskey submitting transactions
chatterbot Victor submitting transactions
chatterbot Juliett submitting transactions
chatterbot Delta submitting transactions
ChatterBot Foxtrot round 11
ChatterBot Whiskey round 11
ChatterBot November round 11
ChatterBot Hotel round 11
ChatterBot Delta round 11
ChatterBot Golf round 11
ChatterBot Victor round 11
ChatterBot Yankee round 11
ChatterBot Quebec round 11
ChatterBot Juliett round 11
2024-10-14 17:35:32.596169 Hotel: Delta, sending you 4
2024-10-14 17:35:32.597692 Whiskey: Foxtrot, November, Victor, Yankee and Juliett, sending you 3
2024-10-14 17:35:32.600854 Hotel: Golf, sending you 5
2024-10-14 17:35:32.605700 Whiskey: Quebec, sending you 2
2024-10-14 17:35:32.608138 Delta: Same as last round
2024-10-14 17:35:32.608717 November: Foxtrot, Whiskey, Victor and Yankee, sending you 3
2024-10-14 17:35:32.610951 Victor: Foxtrot, Whiskey, November and Juliett, sending you 2
2024-10-14 17:35:32.613262 Yankee: Foxtrot, Whiskey and Victor, sending you 3
2024-10-14 17:35:32.615323 November: Quebec, sending you 2
2024-10-14 17:35:32.616673 Victor: Yankee, sending you 3
2024-10-14 17:35:32.618159 Yankee: November, Quebec and Juliett, sending you 2
2024-10-14 17:35:32.618968 Foxtrot: Whiskey and Yankee, sending you 3
2024-10-14 17:35:32.620687 Quebec: Foxtrot, Whiskey and November, sending you 2
2024-10-14 17:35:32.621675 Golf: Hotel, sending you 10
2024-10-14 17:35:32.622082 November: Juliett, sending you 4
2024-10-14 17:35:32.623772 Juliett: Foxtrot, Whiskey, Victor, Yankee and Quebec, sending you 3
2024-10-14 17:35:32.624679 Golf: Delta, sending you 9
2024-10-14 17:35:32.625699 Foxtrot: November, Victor, Quebec and Juliett, sending you 2
2024-10-14 17:35:32.627027 Quebec: Yankee and Juliett, sending you 3
2024-10-14 17:35:32.628893 Juliett: November, sending you 4
chatterbot Yankee submitting transactions
chatterbot Juliett submitting transactions
chatterbot November submitting transactions
chatterbot Delta submitting transactions
chatterbot Hotel submitting transactions
chatterbot Victor submitting transactions
chatterbot Whiskey submitting transactions
chatterbot Quebec submitting transactions
chatterbot Golf submitting transactions
chatterbot Foxtrot submitting transactions
ChatterBot Foxtrot round 12
ChatterBot Whiskey round 12
ChatterBot November round 12
ChatterBot Hotel round 12
ChatterBot Delta round 12
ChatterBot Golf round 12
ChatterBot Victor round 12
ChatterBot Yankee round 12
ChatterBot Quebec round 12
ChatterBot Juliett round 12
2024-10-14 17:35:33.765652 Foxtrot: Whiskey, November, Victor, Quebec and Juliett, sending you 2
2024-10-14 17:35:33.768661 November: Foxtrot, Whiskey, Victor and Yankee, sending you 3
2024-10-14 17:35:33.771662 Foxtrot: Yankee, sending you 4
2024-10-14 17:35:33.773043 Juliett: Foxtrot, Whiskey, Victor, Yankee and Quebec, sending you 3
2024-10-14 17:35:33.773842 November: Quebec, sending you 2
2024-10-14 17:35:33.775656 Hotel: Delta, sending you 4
2024-10-14 17:35:33.776677 November: Juliett, sending you 4
2024-10-14 17:35:33.778662 Juliett: November, sending you 4
2024-10-14 17:35:33.780282 Victor: Foxtrot, Whiskey, November and Juliett, sending you 2
2024-10-14 17:35:33.781094 Hotel: Golf, sending you 5
2024-10-14 17:35:33.781457 Delta: Hotel, sending you 4
2024-10-14 17:35:33.781818 Quebec: Foxtrot, Whiskey and November, sending you 2
2024-10-14 17:35:33.782832 Whiskey: Foxtrot, November, Victor, Yankee and Juliett, sending you 3
2024-10-14 17:35:33.783597 Yankee: Foxtrot, Whiskey and Victor, sending you 3
2024-10-14 17:35:33.784559 Victor: Yankee, sending you 3
2024-10-14 17:35:33.786110 Delta: Golf, sending you 3
2024-10-14 17:35:33.786553 Golf: Hotel, sending you 10
2024-10-14 17:35:33.787025 Whiskey: Quebec, sending you 2
2024-10-14 17:35:33.788517 Yankee: November, Quebec and Juliett, sending you 2
2024-10-14 17:35:33.789950 Quebec: Yankee and Juliett, sending you 3
2024-10-14 17:35:33.791844 Golf: Delta, sending you 9
chatterbot Foxtrot submitting transactions
chatterbot Yankee submitting transactions
chatterbot November submitting transactions
chatterbot Delta submitting transactions
chatterbot Hotel submitting transactions
chatterbot Whiskey submitting transactions
chatterbot Juliett submitting transactions
chatterbot Quebec submitting transactions
chatterbot Victor submitting transactions
chatterbot Golf submitting transactions
ChatterBot Foxtrot round 13
ChatterBot Whiskey round 13
ChatterBot November round 13
ChatterBot Hotel round 13
ChatterBot Delta round 13
ChatterBot Golf round 13
ChatterBot Victor round 13
ChatterBot Yankee round 13
ChatterBot Quebec round 13
ChatterBot Juliett round 13
2024-10-14 17:35:34.881081 Golf: We should drop Delta
2024-10-14 17:35:34.883166 Hotel: No
ChatterBot Golf reevaluating
2024-10-14 17:35:34.888676 Whiskey: Foxtrot, November, Victor, Yankee and Juliett, sending you 3
2024-10-14 17:35:34.889853 Foxtrot: Whiskey, November, Victor, Quebec and Juliett, sending you 2
2024-10-14 17:35:34.892664 Whiskey: Quebec, sending you 2
2024-10-14 17:35:34.893682 November: Foxtrot, Whiskey, Victor and Yankee, sending you 3
2024-10-14 17:35:34.894687 Yankee: Foxtrot, Whiskey and Victor, sending you 3
2024-10-14 17:35:34.895669 Foxtrot: Yankee, sending you 4
2024-10-14 17:35:34.896405 Delta: Hotel, sending you 4
2024-10-14 17:35:34.898663 November: Quebec, sending you 2
2024-10-14 17:35:34.899733 Yankee: November, Quebec and Juliett, sending you 2
2024-10-14 17:35:34.900688 Golf: Hotel, sending you 10
2024-10-14 17:35:34.901686 Delta: Golf, sending you 3
2024-10-14 17:35:34.902042 Juliett: Foxtrot, Whiskey, Victor, Yankee and Quebec, sending you 3
2024-10-14 17:35:34.903666 Quebec: Foxtrot, Whiskey and November, sending you 2
2024-10-14 17:35:34.904588 Hotel: Delta, sending you 4
2024-10-14 17:35:34.904975 November: Juliett, sending you 4
2024-10-14 17:35:34.905852 Golf: Delta, sending you 9
2024-10-14 17:35:34.906245 Victor: Foxtrot, Whiskey, November and Juliett, sending you 2
2024-10-14 17:35:34.907670 Juliett: November, sending you 4
2024-10-14 17:35:34.908576 Quebec: Yankee and Juliett, sending you 3
2024-10-14 17:35:34.909576 Hotel: Golf, sending you 5
2024-10-14 17:35:34.912387 Victor: Yankee, sending you 3
chatterbot November submitting transactions
chatterbot Hotel submitting transactions
chatterbot Yankee submitting transactions
chatterbot Whiskey submitting transactions
chatterbot Victor submitting transactions
chatterbot Juliett submitting transactions
chatterbot Foxtrot submitting transactions
chatterbot Quebec submitting transactions
chatterbot Delta submitting transactions
chatterbot Golf submitting transactions
ChatterBot Foxtrot round 14
ChatterBot Whiskey round 14
ChatterBot November round 14
ChatterBot Hotel round 14
ChatterBot Delta round 14
ChatterBot Golf round 14
ChatterBot Victor round 14
ChatterBot Yankee round 14
ChatterBot Quebec round 14
ChatterBot Juliett round 14
2024-10-14 17:35:36.116678 Foxtrot: Whiskey, November, Victor, Quebec and Juliett, sending you 2
2024-10-14 17:35:36.119690 Whiskey: Foxtrot, November, Victor, Yankee and Juliett, sending you 3
2024-10-14 17:35:36.121645 Foxtrot: Yankee, sending you 4
2024-10-14 17:35:36.125138 Whiskey: Quebec, sending you 2
2024-10-14 17:35:36.126483 Yankee: Foxtrot, Whiskey and Victor, sending you 3
2024-10-14 17:35:36.130698 Golf: Hotel, sending you 10
2024-10-14 17:35:36.131688 Yankee: November, Quebec and Juliett, sending you 2
2024-10-14 17:35:36.133468 Quebec: Foxtrot, Whiskey and November, sending you 2
2024-10-14 17:35:36.134686 Victor: Foxtrot, Whiskey, November and Juliett, sending you 2
2024-10-14 17:35:36.135503 Golf: Delta, sending you 9
2024-10-14 17:35:36.136033 Juliett: Foxtrot, Whiskey, Victor, Yankee and Quebec, sending you 3
2024-10-14 17:35:36.138042 Delta: Hotel, sending you 4
2024-10-14 17:35:36.138605 Quebec: Yankee and Juliett, sending you 3
2024-10-14 17:35:36.139876 November: Foxtrot, Whiskey, Victor and Yankee, sending you 3
2024-10-14 17:35:36.142171 Hotel: Delta, sending you 4
2024-10-14 17:35:36.143766 Victor: Yankee, sending you 3
2024-10-14 17:35:36.144852 Delta: Golf, sending you 3
2024-10-14 17:35:36.145431 Juliett: November, sending you 4
2024-10-14 17:35:36.146799 November: Quebec, sending you 2
2024-10-14 17:35:36.148458 Hotel: Golf, sending you 5
2024-10-14 17:35:36.152671 November: Juliett, sending you 4
chatterbot Yankee submitting transactions
chatterbot November submitting transactions
chatterbot Juliett submitting transactions
chatterbot Victor submitting transactions
chatterbot Foxtrot submitting transactions
chatterbot Delta submitting transactions
chatterbot Whiskey submitting transactions
chatterbot Hotel submitting transactions
chatterbot Quebec submitting transactions
chatterbot Golf submitting transactions
ChatterBot Foxtrot round 15
ChatterBot Whiskey round 15
ChatterBot November round 15
ChatterBot Hotel round 15
ChatterBot Delta round 15
ChatterBot Golf round 15
ChatterBot Victor round 15
ChatterBot Yankee round 15
ChatterBot Quebec round 15
ChatterBot Juliett round 15
2024-10-14 17:35:37.417686 Foxtrot: Whiskey, November, Victor, Quebec and Juliett, sending you 2
2024-10-14 17:35:37.424683 Foxtrot: Yankee, sending you 4
2024-10-14 17:35:37.427050 Yankee: Foxtrot, sending you 4
2024-10-14 17:35:37.429215 Whiskey: Foxtrot, November, Victor, Yankee and Juliett, sending you 3
2024-10-14 17:35:37.432210 Quebec: Foxtrot, Whiskey and November, sending you 2
2024-10-14 17:35:37.434188 Golf: Hotel, sending you 10
2024-10-14 17:35:37.434947 Yankee: Whiskey, November, Quebec and Juliett, sending you 2
2024-10-14 17:35:37.437028 November: Foxtrot, Whiskey, Victor and Yankee, sending you 3
2024-10-14 17:35:37.439487 Juliett: Foxtrot, Whiskey, Victor, Yankee and Quebec, sending you 3
2024-10-14 17:35:37.441506 Whiskey: Quebec, sending you 2
2024-10-14 17:35:37.443821 Delta: Hotel, sending you 4
2024-10-14 17:35:37.444541 Hotel: Sending you each 4
2024-10-14 17:35:37.445695 Victor: Foxtrot, Whiskey, November and Juliett, sending you 2
2024-10-14 17:35:37.448004 Quebec: Yankee and Juliett, sending you 3
