ChatterBot India round 1
ChatterBot Tango round 1
ChatterBot Sierra round 1
ChatterBot Zulu round 1
ChatterBot Bravo round 1
ChatterBot Alpha round 1
ChatterBot Kilo round 1
ChatterBot Foxtrot round 1
ChatterBot Oscar round 1
ChatterBot Juliett round 1
randomSelections Sierra: {Sierra, Kilo, Juliett, India} 
2024-10-14 17:35:19.474111 Sierra: Can we be friends?
ChatterBot Kilo reevaluating
ChatterBot Juliett reevaluating
ChatterBot India reevaluating
2024-10-14 17:35:19.484489 Kilo: Yes
2024-10-14 17:35:19.484718 Juliett: Yes
2024-10-14 17:35:19.485399 India: Yes
ChatterBot Juliett reevaluating
ChatterBot India reevaluating
ChatterBot Kilo reevaluating
ChatterBot India reevaluating
ChatterBot Kilo reevaluating
ChatterBot Juliett reevaluating
randomSelections Bravo: {Bravo, India, Tango, Kilo, Sierra, Zulu, Oscar} 
2024-10-14 17:35:19.514480 Bravo: We would work well together
ChatterBot India reevaluating
ChatterBot Tango reevaluating
ChatterBot Kilo reevaluating
ChatterBot Zulu reevaluating
ChatterBot Oscar reevaluating
2024-10-14 17:35:19.532818 India: No
2024-10-14 17:35:19.533421 Tango: Yes
2024-10-14 17:35:19.533555 Kilo: No
2024-10-14 17:35:19.533759 Sierra: No
2024-10-14 17:35:19.533926 Zulu: Yes
2024-10-14 17:35:19.534077 Oscar: Yes
ChatterBot Tango reevaluating
ChatterBot Kilo reevaluating
ChatterBot Zulu reevaluating
ChatterBot Oscar reevaluating
ChatterBot India reevaluating
ChatterBot Kilo reevaluating
ChatterBot Zulu reevaluating
ChatterBot Oscar reevaluating
ChatterBot India reevaluating
ChatterBot Tango reevaluating
ChatterBot Zulu reevaluating
ChatterBot Oscar reevaluating
ChatterBot India reevaluating
ChatterBot Tango reevaluating
ChatterBot Kilo reevaluating
ChatterBot Zulu reevaluating
ChatterBot Oscar reevaluating
ChatterBot India reevaluating
ChatterBot Tango reevaluating
ChatterBot Kilo reevaluating
ChatterBot Oscar reevaluating
ChatterBot India reevaluating
ChatterBot Tango reevaluating
ChatterBot Kilo reevaluating
ChatterBot Zulu reevaluating
randomSelections Alpha: {Alpha, Oscar, Kilo, Tango, Bravo, India, Juliett} 
2024-10-14 17:35:19.652189 Alpha: Let's form a team
ChatterBot Oscar reevaluating
ChatterBot Kilo reevaluating
ChatterBot Tango reevaluating
ChatterBot India reevaluating
ChatterBot Juliett reevaluating
2024-10-14 17:35:19.667432 Oscar: No
2024-10-14 17:35:19.667657 Kilo: No
2024-10-14 17:35:19.668450 Tango: No
2024-10-14 17:35:19.668606 Bravo: No
2024-10-14 17:35:19.668796 India: No
2024-10-14 17:35:19.668967 Juliett: No
ChatterBot Kilo reevaluating
ChatterBot Tango reevaluating
ChatterBot India reevaluating
ChatterBot Juliett reevaluating
ChatterBot Oscar reevaluating
ChatterBot Tango reevaluating
ChatterBot India reevaluating
ChatterBot Juliett reevaluating
ChatterBot Oscar reevaluating
ChatterBot Kilo reevaluating
ChatterBot India reevaluating
ChatterBot Juliett reevaluating
ChatterBot Oscar reevaluating
ChatterBot Kilo reevaluating
ChatterBot Tango reevaluating
ChatterBot India reevaluating
ChatterBot Juliett reevaluating
ChatterBot Oscar reevaluating
ChatterBot Kilo reevaluating
ChatterBot Tango reevaluating
ChatterBot Juliett reevaluating
ChatterBot Oscar reevaluating
ChatterBot Kilo reevaluating
ChatterBot Tango reevaluating
ChatterBot India reevaluating
randomSelections Foxtrot: {Foxtrot, Alpha, India, Sierra} 
2024-10-14 17:35:19.754242 Foxtrot: We would work well together
ChatterBot India reevaluating
2024-10-14 17:35:19.759570 Alpha: No
2024-10-14 17:35:19.759753 India: No
2024-10-14 17:35:19.759891 Sierra: No
ChatterBot India reevaluating
ChatterBot India reevaluating
2024-10-14 17:35:19.786664 Zulu: India and Sierra, sending you 3
2024-10-14 17:35:19.787701 Alpha: India, sending you 2
2024-10-14 17:35:19.788107 Kilo: India and Juliett, sending you 4
2024-10-14 17:35:19.789677 Sierra: India and Kilo, sending you 5
2024-10-14 17:35:19.791077 Zulu: Tango, Bravo, Kilo and Oscar, sending you 1
2024-10-14 17:35:19.791495 Bravo: India, sending you 6
2024-10-14 17:35:19.791893 Kilo: Sierra, sending you 10
2024-10-14 17:35:19.792825 Alpha: Tango and Oscar, sending you 1
2024-10-14 17:35:19.793216 Tango: India, sending you 6
2024-10-14 17:35:19.794673 Sierra: Juliett, sending you 7
2024-10-14 17:35:19.794900 Bravo: Tango, Zulu and Kilo, sending you 2
2024-10-14 17:35:19.795701 Oscar: India, Sierra and Zulu, sending you 1
2024-10-14 17:35:19.796052 Tango: Sierra and Bravo, sending you 2
2024-10-14 17:35:19.796714 Foxtrot: India, sending you 9
2024-10-14 17:35:19.797675 Alpha: Bravo and Kilo, sending you 3
2024-10-14 17:35:19.798422 Bravo: Sierra, sending you 1
2024-10-14 17:35:19.798763 Juliett: India, sending you 7
2024-10-14 17:35:19.799023 India: Sierra, sending you 6
2024-10-14 17:35:19.799284 Oscar: Tango, sending you 2
2024-10-14 17:35:19.800666 Tango: Zulu, sending you 1
2024-10-14 17:35:19.801687 Foxtrot: Sierra, sending you 4
2024-10-14 17:35:19.802276 Alpha: Juliett, sending you 5
2024-10-14 17:35:19.802589 Bravo: Oscar, sending you 3
2024-10-14 17:35:19.802906 Oscar: Bravo, sending you 4
2024-10-14 17:35:19.803168 Juliett: Sierra, sending you 4
2024-10-14 17:35:19.803342 India: Kilo and Juliett, sending you 3
2024-10-14 17:35:19.804034 Tango: Oscar, sending you 5
2024-10-14 17:35:19.805922 Foxtrot: Alpha, sending you 3
2024-10-14 17:35:19.806200 Oscar: Kilo, sending you 3
2024-10-14 17:35:19.807758 Juliett: Kilo, sending you 6
chatterbot Bravo submitting transactions
chatterbot Sierra submitting transactions
chatterbot Juliett submitting transactions
chatterbot Tango submitting transactions
chatterbot Oscar submitting transactions
chatterbot Kilo submitting transactions
chatterbot Alpha submitting transactions
chatterbot Zulu submitting transactions
chatterbot Foxtrot submitting transactions
chatterbot India submitting transactions
ChatterBot India round 2
ChatterBot Tango round 2
ChatterBot Sierra round 2
ChatterBot Zulu round 2
ChatterBot Bravo round 2
ChatterBot Alpha round 2
ChatterBot Kilo round 2
ChatterBot Foxtrot round 2
ChatterBot Oscar round 2
ChatterBot Juliett round 2
2024-10-14 17:35:21.550965 Sierra: We should add Foxtrot
ChatterBot Kilo reevaluating
ChatterBot Juliett reevaluating
ChatterBot India reevaluating
2024-10-14 17:35:21.562480 Kilo: No
2024-10-14 17:35:21.562696 Juliett: Yes
2024-10-14 17:35:21.562809 India: Yes
ChatterBot Juliett reevaluating
ChatterBot India reevaluating
ChatterBot Kilo reevaluating
ChatterBot India reevaluating
ChatterBot Kilo reevaluating
ChatterBot Juliett reevaluating
2024-10-14 17:35:21.676969 Juliett: We should add Alpha and Foxtrot
2024-10-14 17:35:21.677850 India: We should add Alpha and Foxtrot
ChatterBot Kilo reevaluating
ChatterBot India reevaluating
2024-10-14 17:35:21.694632 Sierra: No
2024-10-14 17:35:21.698086 Kilo: Yes
ChatterBot Kilo reevaluating
ChatterBot Juliett reevaluating
2024-10-14 17:35:21.705947 India: Yes
2024-10-14 17:35:21.706414 Sierra: No
2024-10-14 17:35:21.706555 Kilo: Yes
2024-10-14 17:35:21.706683 Juliett: Yes
ChatterBot Kilo reevaluating
ChatterBot Juliett reevaluating
ChatterBot India reevaluating
ChatterBot Juliett reevaluating
ChatterBot India reevaluating
ChatterBot Kilo reevaluating
ChatterBot Juliett reevaluating
ChatterBot Kilo reevaluating
ChatterBot Juliett reevaluating
ChatterBot India reevaluating
ChatterBot Juliett reevaluating
ChatterBot India reevaluating
ChatterBot Kilo reevaluating
ChatterBot India reevaluating
2024-10-14 17:35:21.791934 Foxtrot: Can we be friends?
ChatterBot Tango reevaluating
ChatterBot Zulu reevaluating
ChatterBot Bravo reevaluating
ChatterBot Oscar reevaluating
2024-10-14 17:35:21.808782 Tango: No
2024-10-14 17:35:21.808964 Zulu: Yes
2024-10-14 17:35:21.809125 Bravo: No
2024-10-14 17:35:21.809248 Oscar: No
ChatterBot Foxtrot reevaluating
ChatterBot Zulu reevaluating
ChatterBot Bravo reevaluating
ChatterBot Oscar reevaluating
ChatterBot Foxtrot reevaluating
ChatterBot Tango reevaluating
ChatterBot Bravo reevaluating
ChatterBot Oscar reevaluating
ChatterBot Foxtrot reevaluating
ChatterBot Tango reevaluating
ChatterBot Zulu reevaluating
ChatterBot Oscar reevaluating
ChatterBot Foxtrot reevaluating
ChatterBot Tango reevaluating
ChatterBot Zulu reevaluating
ChatterBot Bravo reevaluating
2024-10-14 17:35:21.870882 Zulu: Friends?
ChatterBot Foxtrot reevaluating
2024-10-14 17:35:21.877522 Foxtrot: Yes
ChatterBot Tango reevaluating
ChatterBot Bravo reevaluating
ChatterBot Oscar reevaluating
2024-10-14 17:35:21.888728 Tango: No
2024-10-14 17:35:21.888927 Bravo: No
2024-10-14 17:35:21.889033 Oscar: No
ChatterBot Tango reevaluating
ChatterBot Zulu reevaluating
ChatterBot Bravo reevaluating
ChatterBot Oscar reevaluating
ChatterBot Foxtrot reevaluating
ChatterBot Zulu reevaluating
ChatterBot Bravo reevaluating
ChatterBot Oscar reevaluating
ChatterBot Foxtrot reevaluating
ChatterBot Tango reevaluating
ChatterBot Zulu reevaluating
ChatterBot Oscar reevaluating
ChatterBot Foxtrot reevaluating
ChatterBot Tango reevaluating
ChatterBot Zulu reevaluating
ChatterBot Bravo reevaluating
2024-10-14 17:35:22.029470 Alpha: We should group up
ChatterBot India reevaluating
ChatterBot Sierra reevaluating
ChatterBot Foxtrot reevaluating
ChatterBot Juliett reevaluating
2024-10-14 17:35:22.055904 India: Yes
2024-10-14 17:35:22.056189 Sierra: No
2024-10-14 17:35:22.056770 Foxtrot: Yes
2024-10-14 17:35:22.056941 Juliett: Yes
ChatterBot Alpha reevaluating
ChatterBot Sierra reevaluating
ChatterBot Foxtrot reevaluating
ChatterBot Juliett reevaluating
ChatterBot Alpha reevaluating
ChatterBot India reevaluating
ChatterBot Foxtrot reevaluating
ChatterBot Juliett reevaluating
ChatterBot Alpha reevaluating
ChatterBot India reevaluating
ChatterBot Sierra reevaluating
ChatterBot Juliett reevaluating
ChatterBot Alpha reevaluating
ChatterBot India reevaluating
ChatterBot Sierra reevaluating
ChatterBot Foxtrot reevaluating
2024-10-14 17:35:22.179913 Foxtrot: We should add Kilo and Juliett
ChatterBot Alpha reevaluating
ChatterBot India reevaluating
ChatterBot Sierra reevaluating
2024-10-14 17:35:22.226202 Alpha: Yes
2024-10-14 17:35:22.226419 India: Yes
2024-10-14 17:35:22.226783 Sierra: Yes
ChatterBot Foxtrot reevaluating
ChatterBot India reevaluating
ChatterBot Sierra reevaluating
ChatterBot Foxtrot reevaluating
ChatterBot Alpha reevaluating
ChatterBot Sierra reevaluating
ChatterBot Foxtrot reevaluating
ChatterBot Alpha reevaluating
ChatterBot India reevaluating
2024-10-14 17:35:22.468720 Juliett: Alpha and Foxtrot we want you to join our group
ChatterBot Alpha reevaluating
2024-10-14 17:35:22.477853 Alpha: Yes
2024-10-14 17:35:22.478042 Foxtrot: Yes
ChatterBot Kilo reevaluating
ChatterBot Alpha reevaluating
ChatterBot Kilo reevaluating
2024-10-14 17:35:22.526916 Sierra: Foxtrot we want you to join our group
2024-10-14 17:35:22.532230 Foxtrot: Yes
ChatterBot Kilo reevaluating
2024-10-14 17:35:22.546922 India: Alpha and Foxtrot we want you to join our group
ChatterBot Alpha reevaluating
2024-10-14 17:35:22.554119 Alpha: Yes
2024-10-14 17:35:22.554242 Foxtrot: Yes
ChatterBot Kilo reevaluating
ChatterBot Alpha reevaluating
ChatterBot Kilo reevaluating
2024-10-14 17:35:22.581870 Foxtrot: Kilo and Juliett we want you to join our group
ChatterBot Kilo reevaluating
2024-10-14 17:35:22.587772 Juliett: Yes
2024-10-14 17:35:22.587898 Kilo: Yes
ChatterBot Alpha reevaluating
ChatterBot Kilo reevaluating
ChatterBot Alpha reevaluating
chatterbot Oscar submitting transactions
chatterbot Kilo submitting transactions
2024-10-14 17:35:22.618675 Oscar: Tango, sending you 7
2024-10-14 17:35:22.619667 Zulu: Tango, Bravo and Oscar, sending you 3
2024-10-14 17:35:22.620031 Tango: Zulu and Alpha, sending you 3
2024-10-14 17:35:22.620880 Kilo: Alpha and Foxtrot we want you to join our group
ChatterBot Alpha reevaluating
2024-10-14 17:35:22.630391 Alpha: Yes
2024-10-14 17:35:22.630575 Foxtrot: Yes
ChatterBot Alpha reevaluating
2024-10-14 17:35:22.677348 Bravo: Tango and Alpha, sending you 4
2024-10-14 17:35:22.677780 Oscar: Zulu, sending you 4
2024-10-14 17:35:22.678471 Tango: Bravo and Oscar, sending you 5
2024-10-14 17:35:22.680680 Foxtrot: India, Sierra, Alpha and Kilo, sending you 4
2024-10-14 17:35:22.681162 Oscar: Bravo, sending you 6
2024-10-14 17:35:22.681860 Bravo: Zulu, sending you 3
2024-10-14 17:35:22.682180 Sierra: India, sending you 5
2024-10-14 17:35:22.682718 Juliett: India and Kilo, sending you 3
2024-10-14 17:35:22.683805 India: Sierra and Kilo, sending you 2
2024-10-14 17:35:22.684299 Foxtrot: Juliett, sending you 2
2024-10-14 17:35:22.687052 Bravo: Oscar, sending you 5
2024-10-14 17:35:22.687354 Sierra: Kilo, sending you 6
2024-10-14 17:35:22.687635 Juliett: Sierra, sending you 5
2024-10-14 17:35:22.687938 India: Alpha, sending you 1
2024-10-14 17:35:22.689674 Sierra: Foxtrot, sending you 4
2024-10-14 17:35:22.690682 Juliett: Alpha, sending you 4
2024-10-14 17:35:22.691087 India: Foxtrot, sending you 4
2024-10-14 17:35:22.692701 Sierra: Juliett, sending you 3
2024-10-14 17:35:22.693682 Juliett: Foxtrot, sending you 2
2024-10-14 17:35:22.695745 Kilo: India and Alpha, sending you 3
2024-10-14 17:35:22.696978 India: Juliett, sending you 3
2024-10-14 17:35:22.699674 Alpha: India, Sierra, Kilo and Juliett, sending you 2
2024-10-14 17:35:22.700720 Kilo: Sierra, sending you 5
2024-10-14 17:35:22.703707 Alpha: Foxtrot, sending you 9
2024-10-14 17:35:22.704940 Kilo: Juliett, sending you 7
chatterbot Bravo submitting transactions
chatterbot Tango submitting transactions
chatterbot Foxtrot submitting transactions
chatterbot Zulu submitting transactions
chatterbot India submitting transactions
chatterbot Sierra submitting transactions
chatterbot Juliett submitting transactions
chatterbot Alpha submitting transactions
ChatterBot India round 3
ChatterBot Tango round 3
ChatterBot Sierra round 3
ChatterBot Zulu round 3
ChatterBot Bravo round 3
ChatterBot Alpha round 3
ChatterBot Kilo round 3
ChatterBot Foxtrot round 3
ChatterBot Oscar round 3
2024-10-14 17:35:23.558170 Zulu: We should replace Foxtrot with Alpha
2024-10-14 17:35:23.568157 Oscar: No
2024-10-14 17:35:23.568368 Tango: Yes
2024-10-14 17:35:23.568513 Bravo: Yes
ChatterBot Zulu reevaluating
ChatterBot Zulu reevaluating
ChatterBot Zulu reevaluating
ChatterBot Juliett round 3
2024-10-14 17:35:23.728403 Tango: Zulu, sending you 3
2024-10-14 17:35:23.732662 India: Sierra, Foxtrot and Juliett, sending you 3
2024-10-14 17:35:23.737840 Tango: Bravo, sending you 4
2024-10-14 17:35:23.739427 India: Alpha, sending you 1
2024-10-14 17:35:23.742587 Tango: Alpha, sending you 2
chatterbot Kilo submitting transactions
2024-10-14 17:35:23.746756 India: Kilo, sending you 2
2024-10-14 17:35:23.748 Sierra: India, Foxtrot and Juliett, sending you 4
2024-10-14 17:35:23.749055 Oscar: Tango and Bravo, sending you 6
2024-10-14 17:35:23.749605 Foxtrot: India and Sierra, sending you 4
2024-10-14 17:35:23.750994 Kilo: India, sending you 3
2024-10-14 17:35:23.752303 Tango: Oscar, sending you 7
2024-10-14 17:35:23.753052 Bravo: Tango, sending you 4
2024-10-14 17:35:23.754277 Zulu: Tango, Bravo and Oscar, sending you 3
2024-10-14 17:35:23.754964 Alpha: India, sending you 3
2024-10-14 17:35:23.756333 Sierra: Kilo, sending you 6
2024-10-14 17:35:23.757551 Oscar: Zulu, sending you 5
2024-10-14 17:35:23.758085 Foxtrot: Alpha, sending you 6
2024-10-14 17:35:23.759465 Kilo: Sierra, sending you 7
2024-10-14 17:35:23.760576 Bravo: Zulu and Alpha, sending you 3
2024-10-14 17:35:23.761576 Juliett: India and Alpha, sending you 3
2024-10-14 17:35:23.762645 Zulu: Foxtrot, sending you 1
2024-10-14 17:35:23.763973 Alpha: Sierra, sending you 2
2024-10-14 17:35:23.765487 Foxtrot: Kilo, sending you 1
2024-10-14 17:35:23.766440 Kilo: Alpha and Foxtrot, sending you 2
2024-10-14 17:35:23.768018 Bravo: Oscar, sending you 6
2024-10-14 17:35:23.769589 Juliett: Sierra, sending you 4
2024-10-14 17:35:23.770591 Alpha: Kilo, Foxtrot and Juliett, sending you 4
2024-10-14 17:35:23.772239 Foxtrot: Juliett, sending you 3
2024-10-14 17:35:23.773547 Kilo: Juliett, sending you 4
2024-10-14 17:35:23.774707 Juliett: Kilo, sending you 5
2024-10-14 17:35:23.781427 Juliett: Foxtrot, sending you 2
chatterbot India submitting transactions
chatterbot Oscar submitting transactions
chatterbot Kilo submitting transactions
chatterbot Foxtrot submitting transactions
chatterbot Juliett submitting transactions
chatterbot Sierra submitting transactions
chatterbot Tango submitting transactions
chatterbot Bravo submitting transactions
chatterbot Zulu submitting transactions
chatterbot Alpha submitting transactions
ChatterBot India round 4
ChatterBot Tango round 4
ChatterBot Sierra round 4
ChatterBot Zulu round 4
ChatterBot Bravo round 4
ChatterBot Alpha round 4
ChatterBot Kilo round 4
ChatterBot Foxtrot round 4
ChatterBot Oscar round 4
ChatterBot Juliett round 4
2024-10-14 17:35:24.975792 Zulu: We should drop Foxtrot
2024-10-14 17:35:24.989889 Oscar: Yes
2024-10-14 17:35:24.990069 Tango: Yes
2024-10-14 17:35:24.990224 Bravo: Yes
2024-10-14 17:35:25.023662 Alpha: India and Kilo, sending you 3
2024-10-14 17:35:25.025645 India: Sierra, Foxtrot and Juliett, sending you 3
2024-10-14 17:35:25.026034 Tango: Zulu and Bravo, sending you 4
2024-10-14 17:35:25.028690 Alpha: Sierra, sending you 2
2024-10-14 17:35:25.029717 India: Alpha, sending you 1
2024-10-14 17:35:25.031093 Tango: Alpha, sending you 2
2024-10-14 17:35:25.031711 Oscar: Tango and Bravo, sending you 6
2024-10-14 17:35:25.032235 Alpha: Foxtrot, sending you 5
2024-10-14 17:35:25.032849 Bravo: Tango and Zulu, sending you 4
2024-10-14 17:35:25.033780 Foxtrot: India and Sierra, sending you 4
2024-10-14 17:35:25.034371 Zulu: Same as last round
2024-10-14 17:35:25.034750 Tango: Oscar, sending you 6
2024-10-14 17:35:25.035160 Juliett: India, Alpha and Foxtrot, sending you 3
2024-10-14 17:35:25.035742 Oscar: Zulu, sending you 5
2024-10-14 17:35:25.036507 India: Kilo, sending you 2
2024-10-14 17:35:25.037009 Alpha: Juliett, sending you 4
2024-10-14 17:35:25.037377 Foxtrot: Alpha, sending you 5
2024-10-14 17:35:25.037776 Bravo: Alpha, sending you 2
2024-10-14 17:35:25.038014 Sierra: India, Foxtrot and Juliett, sending you 4
2024-10-14 17:35:25.040727 Juliett: Sierra and Kilo, sending you 4
2024-10-14 17:35:25.041440 Foxtrot: Kilo, sending you 2
2024-10-14 17:35:25.041944 Kilo: India and Alpha, sending you 3
2024-10-14 17:35:25.042460 Bravo: Oscar, sending you 6
2024-10-14 17:35:25.042852 Sierra: Kilo, sending you 6
2024-10-14 17:35:25.045686 Foxtrot: Juliett, sending you 3
2024-10-14 17:35:25.047375 Kilo: Sierra, sending you 6
2024-10-14 17:35:25.050641 Kilo: Foxtrot, sending you 1
2024-10-14 17:35:25.054665 Kilo: Juliett, sending you 5
chatterbot Zulu submitting transactions
chatterbot Kilo submitting transactions
chatterbot Juliett submitting transactions
chatterbot Sierra submitting transactions
chatterbot India submitting transactions
chatterbot Bravo submitting transactions
chatterbot Tango submitting transactions
chatterbot Alpha submitting transactions
chatterbot Oscar submitting transactions
chatterbot Foxtrot submitting transactions
ChatterBot India round 5
ChatterBot Tango round 5
ChatterBot Sierra round 5
ChatterBot Zulu round 5
ChatterBot Bravo round 5
ChatterBot Alpha round 5
ChatterBot Kilo round 5
ChatterBot Foxtrot round 5
ChatterBot Oscar round 5
ChatterBot Juliett round 5
2024-10-14 17:35:26.271673 India: Sierra and Foxtrot, sending you 3
2024-10-14 17:35:26.276684 India: Alpha, Kilo and Juliett, sending you 2
2024-10-14 17:35:26.277668 Sierra: India, Foxtrot and Juliett, sending you 4
2024-10-14 17:35:26.280660 Alpha: India, sending you 3
2024-10-14 17:35:26.281689 Tango: Zulu and Bravo, sending you 4
2024-10-14 17:35:26.282916 Sierra: Kilo, sending you 6
2024-10-14 17:35:26.283465 Bravo: Tango and Zulu, sending you 4
2024-10-14 17:35:26.285656 Alpha: Kilo and Juliett, sending you 4
2024-10-14 17:35:26.286044 Tango: Alpha, sending you 2
2024-10-14 17:35:26.287030 Foxtrot: India and Sierra, sending you 4
2024-10-14 17:35:26.288674 Bravo: Alpha, sending you 2
2024-10-14 17:35:26.289101 Alpha: Foxtrot, sending you 6
2024-10-14 17:35:26.289727 Juliett: India, Alpha and Foxtrot, sending you 3
2024-10-14 17:35:26.291673 Tango: Oscar, sending you 6
2024-10-14 17:35:26.291993 Foxtrot: Alpha, sending you 5
2024-10-14 17:35:26.292697 Kilo: India and Alpha, sending you 3
2024-10-14 17:35:26.293560 Zulu: Same as last round
2024-10-14 17:35:26.293951 Juliett: Sierra and Kilo, sending you 4
2024-10-14 17:35:26.294899 Bravo: Oscar, sending you 6
2024-10-14 17:35:26.295663 Oscar: Tango and Bravo, sending you 6
2024-10-14 17:35:26.296117 Foxtrot: Kilo, sending you 2
2024-10-14 17:35:26.296695 Kilo: Sierra, sending you 6
2024-10-14 17:35:26.298832 Oscar: Zulu, sending you 5
2024-10-14 17:35:26.299692 Kilo: Foxtrot, sending you 2
2024-10-14 17:35:26.301666 Foxtrot: Juliett, sending you 3
2024-10-14 17:35:26.302783 Kilo: Juliett, sending you 4
chatterbot Sierra submitting transactions
chatterbot Kilo submitting transactions
chatterbot Juliett submitting transactions
chatterbot Bravo submitting transactions
chatterbot Alpha submitting transactions
chatterbot India submitting transactions
chatterbot Zulu submitting transactions
chatterbot Oscar submitting transactions
chatterbot Foxtrot submitting transactions
chatterbot Tango submitting transactions
ChatterBot India round 6
ChatterBot Tango round 6
ChatterBot Sierra round 6
ChatterBot Zulu round 6
ChatterBot Bravo round 6
ChatterBot Alpha round 6
ChatterBot Kilo round 6
ChatterBot Foxtrot round 6
ChatterBot Oscar round 6
ChatterBot Juliett round 6
2024-10-14 17:35:27.480972 Tango: We should drop Alpha
ChatterBot Bravo reevaluating
2024-10-14 17:35:27.497400 Oscar: Yes
2024-10-14 17:35:27.497600 Zulu: Yes
2024-10-14 17:35:27.497794 Bravo: Yes
ChatterBot Tango reevaluating
ChatterBot Bravo reevaluating
ChatterBot Tango reevaluating
ChatterBot Bravo reevaluating
ChatterBot Tango reevaluating
2024-10-14 17:35:27.590678 Kilo: India and Alpha, sending you 3
2024-10-14 17:35:27.592110 Sierra: India, Foxtrot and Juliett, sending you 4
2024-10-14 17:35:27.593356 India: Sierra and Foxtrot, sending you 3
2024-10-14 17:35:27.594215 Alpha: India, Kilo and Juliett, sending you 4
2024-10-14 17:35:27.595680 Kilo: Sierra, sending you 6
2024-10-14 17:35:27.596892 Sierra: Kilo, sending you 6
2024-10-14 17:35:27.597675 India: Alpha, Kilo and Juliett, sending you 2
2024-10-14 17:35:27.599834 Alpha: Foxtrot, sending you 5
2024-10-14 17:35:27.600738 Kilo: Foxtrot, sending you 2
2024-10-14 17:35:27.601921 Zulu: Same as last round
2024-10-14 17:35:27.605673 Foxtrot: India and Sierra, sending you 4
2024-10-14 17:35:27.606714 Kilo: Juliett, sending you 4
2024-10-14 17:35:27.608684 Juliett: India, Alpha and Foxtrot, sending you 3
2024-10-14 17:35:27.609888 Oscar: Tango and Bravo, sending you 6
2024-10-14 17:35:27.611666 Foxtrot: Alpha, sending you 5
2024-10-14 17:35:27.613665 Oscar: Zulu, sending you 5
2024-10-14 17:35:27.614998 Juliett: Sierra and Kilo, sending you 4
2024-10-14 17:35:27.616008 Foxtrot: Kilo, sending you 2
2024-10-14 17:35:27.620679 Foxtrot: Juliett, sending you 3
chatterbot Zulu submitting transactions
chatterbot Kilo submitting transactions
chatterbot Sierra submitting transactions
chatterbot Juliett submitting transactions
chatterbot Alpha submitting transactions
chatterbot India submitting transactions
chatterbot Tango submitting transactions
chatterbot Foxtrot submitting transactions
chatterbot Oscar submitting transactions
chatterbot Bravo submitting transactions
ChatterBot India round 7
ChatterBot Tango round 7
ChatterBot Sierra round 7
ChatterBot Zulu round 7
ChatterBot Bravo round 7
ChatterBot Alpha round 7
ChatterBot Kilo round 7
ChatterBot Foxtrot round 7
ChatterBot Oscar round 7
ChatterBot Juliett round 7
2024-10-14 17:35:28.836347 Tango: We should drop Alpha
2024-10-14 17:35:28.847676 Oscar: Yes
2024-10-14 17:35:28.847937 Zulu: Yes
2024-10-14 17:35:28.848198 Bravo: Yes
ChatterBot Tango reevaluating
ChatterBot Tango reevaluating
ChatterBot Tango reevaluating
2024-10-14 17:35:28.893697 Sierra: India, Foxtrot and Juliett, sending you 4
2024-10-14 17:35:28.894935 Zulu: Same as last round
2024-10-14 17:35:28.899199 Sierra: Kilo, sending you 6
2024-10-14 17:35:28.902685 India: Sierra and Foxtrot, sending you 3
2024-10-14 17:35:28.904418 Kilo: India and Alpha, sending you 3
2024-10-14 17:35:28.906005 Alpha: India, Kilo and Juliett, sending you 4
2024-10-14 17:35:28.907006 India: Alpha, Kilo and Juliett, sending you 2
2024-10-14 17:35:28.909681 Kilo: Sierra, sending you 6
2024-10-14 17:35:28.911653 Alpha: Foxtrot, sending you 5
2024-10-14 17:35:28.913366 Oscar: Tango and Bravo, sending you 6
2024-10-14 17:35:28.914050 Bravo: Tango, sending you 5
2024-10-14 17:35:28.914719 Foxtrot: India and Sierra, sending you 4
2024-10-14 17:35:28.916355 Juliett: India, Alpha and Foxtrot, sending you 3
2024-10-14 17:35:28.917619 Kilo: Foxtrot, sending you 2
2024-10-14 17:35:28.919401 Oscar: Zulu, sending you 5
2024-10-14 17:35:28.919812 Bravo: Zulu, sending you 4
2024-10-14 17:35:28.920682 Foxtrot: Alpha, sending you 5
2024-10-14 17:35:28.922419 Juliett: Sierra and Kilo, sending you 4
2024-10-14 17:35:28.923400 Bravo: Oscar, sending you 7
2024-10-14 17:35:28.924680 Kilo: Juliett, sending you 4
2024-10-14 17:35:28.925347 Foxtrot: Kilo, sending you 2
2024-10-14 17:35:28.930697 Foxtrot: Juliett, sending you 3
chatterbot Alpha submitting transactions
chatterbot Foxtrot submitting transactions
chatterbot Bravo submitting transactions
chatterbot Sierra submitting transactions
chatterbot Juliett submitting transactions
chatterbot Kilo submitting transactions
chatterbot India submitting transactions
chatterbot Zulu submitting transactions
chatterbot Oscar submitting transactions
chatterbot Tango submitting transactions
ChatterBot India round 8
ChatterBot Tango round 8
ChatterBot Sierra round 8
ChatterBot Zulu round 8
ChatterBot Bravo round 8
ChatterBot Alpha round 8
2024-10-14 17:35:30.117509 Sierra: We should replace India with Alpha
2024-10-14 17:35:30.129156 Kilo: No
2024-10-14 17:35:30.129317 Foxtrot: No
2024-10-14 17:35:30.129430 Juliett: No
ChatterBot Kilo round 8
ChatterBot Foxtrot round 8
ChatterBot Oscar round 8
ChatterBot Juliett round 8
2024-10-14 17:35:30.160752 Tango: We should drop Alpha
2024-10-14 17:35:30.167458 Oscar: Yes
2024-10-14 17:35:30.167604 Zulu: Yes
2024-10-14 17:35:30.168076 Bravo: Yes
ChatterBot Tango reevaluating
ChatterBot Tango reevaluating
ChatterBot Tango reevaluating
2024-10-14 17:35:30.195901 Sierra: Alpha we want you to join our group
2024-10-14 17:35:30.199691 Alpha: Yes
2024-10-14 17:35:30.221689 India: Sierra and Foxtrot, sending you 3
2024-10-14 17:35:30.227681 India: Alpha, Kilo and Juliett, sending you 2
2024-10-14 17:35:30.231671 Sierra: Alpha, sending you 2
2024-10-14 17:35:30.235690 Kilo: India and Alpha, sending you 3
2024-10-14 17:35:30.237470 Sierra: Kilo, sending you 7
2024-10-14 17:35:30.238659 Oscar: Tango and Bravo, sending you 6
2024-10-14 17:35:30.239079 Zulu: Same as last round
2024-10-14 17:35:30.239437 Juliett: India, Alpha and Foxtrot, sending you 3
2024-10-14 17:35:30.240115 Bravo: Tango, sending you 5
2024-10-14 17:35:30.241668 Kilo: Sierra, sending you 6
2024-10-14 17:35:30.242227 Alpha: India, Kilo and Juliett, sending you 4
2024-10-14 17:35:30.242752 Sierra: Foxtrot, sending you 4
2024-10-14 17:35:30.243027 Juliett: Sierra and Kilo, sending you 4
2024-10-14 17:35:30.243449 Foxtrot: India and Sierra, sending you 4
2024-10-14 17:35:30.244009 Oscar: Zulu, sending you 5
2024-10-14 17:35:30.245214 Kilo: Foxtrot, sending you 2
2024-10-14 17:35:30.245904 Bravo: Zulu, sending you 4
2024-10-14 17:35:30.246412 Alpha: Foxtrot, sending you 5
2024-10-14 17:35:30.247372 Foxtrot: Alpha, sending you 5
2024-10-14 17:35:30.248182 Sierra: Juliett, sending you 5
2024-10-14 17:35:30.249057 Bravo: Oscar, sending you 7
2024-10-14 17:35:30.249689 Kilo: Juliett, sending you 4
2024-10-14 17:35:30.252685 Foxtrot: Kilo, sending you 2
2024-10-14 17:35:30.255781 Foxtrot: Juliett, sending you 3
chatterbot Zulu submitting transactions
chatterbot Foxtrot submitting transactions
chatterbot Bravo submitting transactions
chatterbot Sierra submitting transactions
chatterbot India submitting transactions
chatterbot Tango submitting transactions
chatterbot Kilo submitting transactions
chatterbot Oscar submitting transactions
chatterbot Alpha submitting transactions
chatterbot Juliett submitting transactions
ChatterBot India round 9
ChatterBot Tango round 9
ChatterBot Sierra round 9
ChatterBot Zulu round 9
ChatterBot Bravo round 9
ChatterBot Alpha round 9
ChatterBot Kilo round 9
ChatterBot Foxtrot round 9
ChatterBot Oscar round 9
ChatterBot Juliett round 9
2024-10-14 17:35:31.359701 Zulu: We should add India
ChatterBot Tango reevaluating
2024-10-14 17:35:31.369973 Oscar: No
2024-10-14 17:35:31.370175 Tango: No
2024-10-14 17:35:31.370348 Bravo: No
ChatterBot Tango reevaluating
ChatterBot Zulu reevaluating
ChatterBot Zulu reevaluating
ChatterBot Tango reevaluating
ChatterBot Zulu reevaluating
2024-10-14 17:35:31.423440 Tango: We should drop Alpha
ChatterBot Zulu reevaluating
2024-10-14 17:35:31.433804 Oscar: Yes
2024-10-14 17:35:31.434361 Zulu: Yes
2024-10-14 17:35:31.434571 Bravo: Yes
ChatterBot Zulu reevaluating
ChatterBot Zulu reevaluating
2024-10-14 17:35:31.468673 Kilo: India and Alpha, sending you 3
2024-10-14 17:35:31.469598 Alpha: India, sending you 3
2024-10-14 17:35:31.470829 Sierra: Alpha, sending you 1
2024-10-14 17:35:31.471186 Bravo: Tango, sending you 5
2024-10-14 17:35:31.471527 India: Sierra, Alpha, Kilo and Juliett, sending you 2
2024-10-14 17:35:31.473818 Kilo: Sierra, sending you 6
2024-10-14 17:35:31.474838 Bravo: Zulu, sending you 4
2024-10-14 17:35:31.475426 Sierra: Kilo, sending you 7
2024-10-14 17:35:31.476099 Alpha: Sierra, sending you 2
2024-10-14 17:35:31.477903 India: Foxtrot, sending you 4
2024-10-14 17:35:31.478999 Tango: Zulu, sending you 4
2024-10-14 17:35:31.479568 Bravo: Oscar, sending you 7
2024-10-14 17:35:31.480578 Kilo: Foxtrot, sending you 2
2024-10-14 17:35:31.481645 Sierra: Foxtrot and Juliett, sending you 5
2024-10-14 17:35:31.482166 Alpha: Kilo, Foxtrot and Juliett, sending you 4
2024-10-14 17:35:31.483558 Oscar: Tango and Bravo, sending you 6
2024-10-14 17:35:31.484154 Foxtrot: India, Sierra and Alpha, sending you 4
2024-10-14 17:35:31.485160 Tango: Bravo, sending you 5
2024-10-14 17:35:31.486192 Kilo: Juliett, sending you 4
2024-10-14 17:35:31.487190 Oscar: Zulu, sending you 5
2024-10-14 17:35:31.487920 Juliett: India, Alpha and Foxtrot, sending you 3
2024-10-14 17:35:31.489719 Foxtrot: Kilo and Juliett, sending you 3
2024-10-14 17:35:31.490362 Tango: Oscar, sending you 7
2024-10-14 17:35:31.492677 Juliett: Sierra and Kilo, sending you 4
2024-10-14 17:35:31.493696 Zulu: Same as last round
chatterbot Bravo submitting transactions
chatterbot India submitting transactions
chatterbot Juliett submitting transactions
chatterbot Sierra submitting transactions
chatterbot Tango submitting transactions
chatterbot Oscar submitting transactions
chatterbot Foxtrot submitting transactions
chatterbot Alpha submitting transactions
chatterbot Kilo submitting transactions
chatterbot Zulu submitting transactions
ChatterBot India round 10
ChatterBot Tango round 10
ChatterBot Sierra round 10
ChatterBot Zulu round 10
ChatterBot Bravo round 10
ChatterBot Alpha round 10
ChatterBot Kilo round 10
ChatterBot Foxtrot round 10
ChatterBot Oscar round 10
ChatterBot Juliett round 10
2024-10-14 17:35:32.569681 Sierra: Alpha, sending you 2
2024-10-14 17:35:32.573876 Sierra: Kilo, sending you 7
2024-10-14 17:35:32.577666 Tango: Zulu, sending you 4
2024-10-14 17:35:32.578137 Kilo: India and Foxtrot, sending you 2
2024-10-14 17:35:32.579823 Sierra: Foxtrot, sending you 4
2024-10-14 17:35:32.580406 Bravo: Tango, sending you 5
2024-10-14 17:35:32.582698 Tango: Bravo, sending you 5
2024-10-14 17:35:32.584167 Sierra: Juliett, sending you 5
2024-10-14 17:35:32.584898 Kilo: Sierra, sending you 7
2024-10-14 17:35:32.586553 Foxtrot: India, Sierra and Alpha, sending you 4
2024-10-14 17:35:32.587708 Bravo: Zulu, sending you 4
2024-10-14 17:35:32.589206 Alpha: India, sending you 3
2024-10-14 17:35:32.590576 India: Sierra, Alpha, Kilo and Juliett, sending you 2
2024-10-14 17:35:32.593057 Juliett: India, Alpha and Foxtrot, sending you 3
2024-10-14 17:35:32.594960 Tango: Oscar, sending you 7
2024-10-14 17:35:32.596273 Kilo: Alpha, sending you 3
2024-10-14 17:35:32.597567 Foxtrot: Kilo and Juliett, sending you 3
2024-10-14 17:35:32.599913 Bravo: Oscar, sending you 7
2024-10-14 17:35:32.601172 Zulu: Same as last round
2024-10-14 17:35:32.601898 Alpha: Sierra, sending you 2
2024-10-14 17:35:32.604223 India: Foxtrot, sending you 4
2024-10-14 17:35:32.606622 Juliett: Sierra and Kilo, sending you 4
2024-10-14 17:35:32.609034 Kilo: Juliett, sending you 4
2024-10-14 17:35:32.612762 Alpha: Kilo, Foxtrot and Juliett, sending you 4
2024-10-14 17:35:32.614545 Oscar: Tango and Bravo, sending you 6
2024-10-14 17:35:32.620674 Oscar: Zulu, sending you 5
chatterbot India submitting transactions
chatterbot Kilo submitting transactions
chatterbot Foxtrot submitting transactions
chatterbot Bravo submitting transactions
chatterbot Tango submitting transactions
chatterbot Oscar submitting transactions
chatterbot Sierra submitting transactions
chatterbot Zulu submitting transactions
chatterbot Juliett submitting transactions
chatterbot Alpha submitting transactions
ChatterBot India round 11
ChatterBot Tango round 11
ChatterBot Sierra round 11
ChatterBot Zulu round 11
ChatterBot Bravo round 11
ChatterBot Alpha round 11
ChatterBot Kilo round 11
ChatterBot Foxtrot round 11
ChatterBot Oscar round 11
ChatterBot Juliett round 11
2024-10-14 17:35:33.614668 India: Sierra, Alpha and Kilo, sending you 2
2024-10-14 17:35:33.618685 India: Foxtrot and Juliett, sending you 3
2024-10-14 17:35:33.623704 Alpha: India, sending you 3
2024-10-14 17:35:33.624495 Bravo: Tango, sending you 5
2024-10-14 17:35:33.626682 Oscar: Tango and Bravo, sending you 6
2024-10-14 17:35:33.627188 Alpha: Sierra, sending you 2
2024-10-14 17:35:33.628688 Bravo: Zulu, sending you 4
2024-10-14 17:35:33.630681 Foxtrot: India, Sierra and Alpha, sending you 4
2024-10-14 17:35:33.631569 Oscar: Zulu, sending you 5
2024-10-14 17:35:33.632333 Tango: Zulu, sending you 4
2024-10-14 17:35:33.632687 Zulu: Same as last round
2024-10-14 17:35:33.633033 Bravo: Oscar, sending you 7
2024-10-14 17:35:33.633388 Alpha: Kilo, Foxtrot and Juliett, sending you 4
2024-10-14 17:35:33.634100 Sierra: Alpha, sending you 2
2024-10-14 17:35:33.634732 Juliett: India, Alpha and Foxtrot, sending you 3
2024-10-14 17:35:33.635828 Foxtrot: Kilo and Juliett, sending you 3
2024-10-14 17:35:33.637670 Tango: Bravo, sending you 5
2024-10-14 17:35:33.638665 Sierra: Kilo, sending you 7
2024-10-14 17:35:33.639046 Juliett: Sierra and Kilo, sending you 4
2024-10-14 17:35:33.640675 Kilo: India and Foxtrot, sending you 2
2024-10-14 17:35:33.641400 Tango: Oscar, sending you 7
2024-10-14 17:35:33.643677 Sierra: Foxtrot, sending you 4
2024-10-14 17:35:33.645690 Kilo: Sierra, sending you 7
2024-10-14 17:35:33.648684 Sierra: Juliett, sending you 5
2024-10-14 17:35:33.649083 Kilo: Alpha, sending you 3
2024-10-14 17:35:33.654684 Kilo: Juliett, sending you 4
chatterbot Oscar submitting transactions
chatterbot Juliett submitting transactions
chatterbot Alpha submitting transactions
chatterbot India submitting transactions
chatterbot Bravo submitting transactions
chatterbot Tango submitting transactions
chatterbot Sierra submitting transactions
chatterbot Zulu submitting transactions
chatterbot Foxtrot submitting transactions
chatterbot Kilo submitting transactions
ChatterBot India round 12
ChatterBot Tango round 12
ChatterBot Sierra round 12
ChatterBot Zulu round 12
ChatterBot Bravo round 12
ChatterBot Alpha round 12
ChatterBot Kilo round 12
ChatterBot Foxtrot round 12
ChatterBot Oscar round 12
ChatterBot Juliett round 12
2024-10-14 17:35:34.826647 India: Sierra, sending you 1
2024-10-14 17:35:34.828684 Zulu: Same as last round
2024-10-14 17:35:34.829671 Sierra: Alpha, sending you 2
2024-10-14 17:35:34.831683 India: Alpha and Kilo, sending you 2
2024-10-14 17:35:34.832592 Foxtrot: India, Sierra and Alpha, sending you 4
2024-10-14 17:35:34.833681 Tango: Zulu, sending you 4
2024-10-14 17:35:34.834096 Sierra: Kilo, sending you 7
2024-10-14 17:35:34.834683 Oscar: Tango and Bravo, sending you 6
2024-10-14 17:35:34.835680 India: Foxtrot, sending you 4
2024-10-14 17:35:34.836694 Foxtrot: Kilo and Juliett, sending you 3
2024-10-14 17:35:34.837463 Kilo: India and Foxtrot, sending you 2
2024-10-14 17:35:34.838753 Tango: Bravo, sending you 5
2024-10-14 17:35:34.839190 Oscar: Zulu, sending you 5
2024-10-14 17:35:34.839571 Sierra: Foxtrot, sending you 4
2024-10-14 17:35:34.839972 India: Juliett, sending you 3
2024-10-14 17:35:34.840629 Juliett: India, Alpha and Foxtrot, sending you 3
2024-10-14 17:35:34.841352 Alpha: India, sending you 3
2024-10-14 17:35:34.842668 Tango: Oscar, sending you 7
2024-10-14 17:35:34.843091 Sierra: Juliett, sending you 5
2024-10-14 17:35:34.843985 Kilo: Sierra, sending you 7
2024-10-14 17:35:34.844557 Bravo: Tango, sending you 5
2024-10-14 17:35:34.845683 Juliett: Sierra and Kilo, sending you 4
2024-10-14 17:35:34.846957 Alpha: Sierra, sending you 2
2024-10-14 17:35:34.848655 Kilo: Alpha, sending you 3
2024-10-14 17:35:34.849671 Bravo: Zulu, sending you 4
2024-10-14 17:35:34.852038 Alpha: Kilo, Foxtrot and Juliett, sending you 4
2024-10-14 17:35:34.853211 Bravo: Oscar, sending you 7
2024-10-14 17:35:34.853844 Kilo: Juliett, sending you 4
chatterbot Oscar submitting transactions
chatterbot Sierra submitting transactions
chatterbot India submitting transactions
chatterbot Bravo submitting transactions
chatterbot Alpha submitting transactions
chatterbot Kilo submitting transactions
chatterbot Zulu submitting transactions
chatterbot Tango submitting transactions
chatterbot Juliett submitting transactions
chatterbot Foxtrot submitting transactions
ChatterBot India round 13
ChatterBot Tango round 13
ChatterBot Sierra round 13
ChatterBot Zulu round 13
ChatterBot Bravo round 13
ChatterBot Alpha round 13
ChatterBot Kilo round 13
ChatterBot Foxtrot round 13
ChatterBot Oscar round 13
ChatterBot Juliett round 13
2024-10-14 17:35:36.020673 Zulu: Same as last round
2024-10-14 17:35:36.027681 Alpha: India, sending you 3
2024-10-14 17:35:36.029676 Sierra: Alpha, sending you 2
2024-10-14 17:35:36.030130 Juliett: India, Alpha and Foxtrot, sending you 3
2024-10-14 17:35:36.031663 Alpha: Sierra, sending you 2
2024-10-14 17:35:36.032687 Tango: Zulu, sending you 4
2024-10-14 17:35:36.033680 Sierra: Kilo, sending you 7
2024-10-14 17:35:36.034679 Juliett: Sierra and Kilo, sending you 4
2024-10-14 17:35:36.036681 Tango: Bravo, sending you 5
2024-10-14 17:35:36.037291 Foxtrot: India, Sierra and Alpha, sending you 4
2024-10-14 17:35:36.038458 Oscar: Tango and Bravo, sending you 6
2024-10-14 17:35:36.039065 Sierra: Foxtrot, sending you 4
2024-10-14 17:35:36.039636 Alpha: Kilo, Foxtrot and Juliett, sending you 4
2024-10-14 17:35:36.040859 Tango: Oscar, sending you 7
2024-10-14 17:35:36.041863 India: Sierra, sending you 1
2024-10-14 17:35:36.043071 Bravo: Tango, sending you 5
2024-10-14 17:35:36.043714 Foxtrot: Kilo and Juliett, sending you 3
2024-10-14 17:35:36.044755 Oscar: Zulu, sending you 5
2024-10-14 17:35:36.045147 Sierra: Juliett, sending you 5
2024-10-14 17:35:36.045521 Kilo: India and Foxtrot, sending you 2
2024-10-14 17:35:36.047325 India: Alpha and Kilo, sending you 2
2024-10-14 17:35:36.048267 Bravo: Zulu, sending you 4
2024-10-14 17:35:36.049672 Kilo: Sierra, sending you 7
2024-10-14 17:35:36.052081 India: Foxtrot, sending you 4
2024-10-14 17:35:36.053677 Bravo: Oscar, sending you 7
2024-10-14 17:35:36.054310 Kilo: Alpha, sending you 3
2024-10-14 17:35:36.057013 India: Juliett, sending you 3
2024-10-14 17:35:36.059672 Kilo: Juliett, sending you 4
chatterbot Bravo submitting transactions
