ChatterBot Oscar round 1
ChatterBot Mike round 1
ChatterBot Yankee round 1
ChatterBot Foxtrot round 1
ChatterBot Lima round 1
ChatterBot Golf round 1
ChatterBot India round 1
ChatterBot Charlie round 1
ChatterBot Zulu round 1
ChatterBot Papa round 1
randomSelections Mike: {Mike, Oscar, India, Charlie, Lima, Yankee, Papa} 
2024-10-14 17:35:18.921563 Mike: Friends?
ChatterBot Oscar reevaluating
ChatterBot India reevaluating
ChatterBot Charlie reevaluating
ChatterBot Lima reevaluating
ChatterBot Yankee reevaluating
ChatterBot Papa reevaluating
2024-10-14 17:35:19.010386 Oscar: Yes
2024-10-14 17:35:19.010793 India: Yes
2024-10-14 17:35:19.012434 Charlie: Yes
2024-10-14 17:35:19.012815 Lima: Yes
2024-10-14 17:35:19.013100 Yankee: Yes
2024-10-14 17:35:19.013333 Papa: Yes
ChatterBot India reevaluating
ChatterBot Charlie reevaluating
ChatterBot Lima reevaluating
ChatterBot Yankee reevaluating
ChatterBot Papa reevaluating
ChatterBot Oscar reevaluating
ChatterBot Charlie reevaluating
ChatterBot Lima reevaluating
ChatterBot Yankee reevaluating
ChatterBot Papa reevaluating
ChatterBot Oscar reevaluating
ChatterBot India reevaluating
ChatterBot Lima reevaluating
ChatterBot Yankee reevaluating
ChatterBot Papa reevaluating
ChatterBot Oscar reevaluating
ChatterBot India reevaluating
ChatterBot Charlie reevaluating
ChatterBot Yankee reevaluating
ChatterBot Papa reevaluating
ChatterBot Oscar reevaluating
ChatterBot India reevaluating
ChatterBot Charlie reevaluating
ChatterBot Lima reevaluating
ChatterBot Papa reevaluating
ChatterBot Oscar reevaluating
ChatterBot India reevaluating
ChatterBot Charlie reevaluating
ChatterBot Lima reevaluating
ChatterBot Yankee reevaluating
randomSelections Golf: {Golf, India, Lima, Foxtrot, Charlie, Papa} 
2024-10-14 17:35:19.142445 Golf: We should group up
ChatterBot India reevaluating
ChatterBot Lima reevaluating
ChatterBot Foxtrot reevaluating
ChatterBot Charlie reevaluating
ChatterBot Papa reevaluating
2024-10-14 17:35:19.153651 India: No
2024-10-14 17:35:19.154048 Lima: No
2024-10-14 17:35:19.154283 Foxtrot: Yes
2024-10-14 17:35:19.154416 Charlie: No
2024-10-14 17:35:19.155081 Papa: No
ChatterBot Lima reevaluating
ChatterBot Foxtrot reevaluating
ChatterBot Charlie reevaluating
ChatterBot Papa reevaluating
ChatterBot India reevaluating
ChatterBot Foxtrot reevaluating
ChatterBot Charlie reevaluating
ChatterBot Papa reevaluating
ChatterBot India reevaluating
ChatterBot Lima reevaluating
ChatterBot Charlie reevaluating
ChatterBot Papa reevaluating
ChatterBot India reevaluating
ChatterBot Lima reevaluating
ChatterBot Foxtrot reevaluating
ChatterBot Papa reevaluating
ChatterBot India reevaluating
ChatterBot Lima reevaluating
ChatterBot Foxtrot reevaluating
ChatterBot Charlie reevaluating
randomSelections Zulu: {Zulu, Charlie, India, Oscar, Lima, Yankee, Foxtrot} 
2024-10-14 17:35:19.205906 Zulu: Let's form a team
ChatterBot Charlie reevaluating
ChatterBot India reevaluating
ChatterBot Oscar reevaluating
ChatterBot Lima reevaluating
ChatterBot Yankee reevaluating
ChatterBot Foxtrot reevaluating
2024-10-14 17:35:19.217783 Charlie: No
2024-10-14 17:35:19.217961 India: No
2024-10-14 17:35:19.218162 Oscar: No
2024-10-14 17:35:19.218378 Lima: No
2024-10-14 17:35:19.218557 Yankee: No
2024-10-14 17:35:19.219284 Foxtrot: No
ChatterBot India reevaluating
ChatterBot Oscar reevaluating
ChatterBot Lima reevaluating
ChatterBot Yankee reevaluating
ChatterBot Foxtrot reevaluating
ChatterBot Charlie reevaluating
ChatterBot Oscar reevaluating
ChatterBot Lima reevaluating
ChatterBot Yankee reevaluating
ChatterBot Foxtrot reevaluating
ChatterBot Charlie reevaluating
ChatterBot India reevaluating
ChatterBot Lima reevaluating
ChatterBot Yankee reevaluating
ChatterBot Foxtrot reevaluating
ChatterBot Charlie reevaluating
ChatterBot India reevaluating
ChatterBot Oscar reevaluating
ChatterBot Yankee reevaluating
ChatterBot Foxtrot reevaluating
ChatterBot Charlie reevaluating
ChatterBot India reevaluating
ChatterBot Oscar reevaluating
ChatterBot Lima reevaluating
ChatterBot Foxtrot reevaluating
ChatterBot Charlie reevaluating
ChatterBot India reevaluating
ChatterBot Oscar reevaluating
ChatterBot Lima reevaluating
ChatterBot Yankee reevaluating
2024-10-14 17:35:19.368954 India: Oscar and Papa, sending you 2
2024-10-14 17:35:19.371173 Golf: Foxtrot, sending you 3
2024-10-14 17:35:19.379462 Papa: Oscar, Mike and Charlie, sending you 3
2024-10-14 17:35:19.381306 India: Mike and Yankee, sending you 1
2024-10-14 17:35:19.382833 Yankee: Oscar and India, sending you 1
2024-10-14 17:35:19.384964 Golf: Charlie, sending you 2
2024-10-14 17:35:19.386239 Mike: Oscar, sending you 4
2024-10-14 17:35:19.388585 Oscar: Mike, sending you 6
2024-10-14 17:35:19.390414 Foxtrot: Lima and Golf, sending you 3
2024-10-14 17:35:19.391934 Zulu: Yankee and Charlie, sending you 2
2024-10-14 17:35:19.392452 Papa: Yankee and India, sending you 1
2024-10-14 17:35:19.394075 Yankee: Mike, sending you 5
2024-10-14 17:35:19.394748 Golf: Papa, sending you 1
2024-10-14 17:35:19.396373 Mike: Lima, sending you 1
2024-10-14 17:35:19.397279 Lima: Oscar and Yankee, sending you 1
2024-10-14 17:35:19.398817 Oscar: Yankee and Papa, sending you 1
2024-10-14 17:35:19.399667 Zulu: Foxtrot, sending you 3
2024-10-14 17:35:19.401191 Foxtrot: Charlie, sending you 7
2024-10-14 17:35:19.402681 Charlie: Oscar and Yankee, sending you 5
2024-10-14 17:35:19.403522 Yankee: Lima, sending you 4
2024-10-14 17:35:19.404985 Mike: Charlie and Papa, sending you 3
2024-10-14 17:35:19.405795 Lima: Mike and India, sending you 4
2024-10-14 17:35:19.407547 Oscar: Lima, sending you 4
2024-10-14 17:35:19.408451 Zulu: Lima, sending you 1
2024-10-14 17:35:19.410094 Charlie: Mike, Lima, India and Papa, sending you 2
2024-10-14 17:35:19.411943 Yankee: Papa, sending you 3
2024-10-14 17:35:19.413245 Oscar: India, sending you 3
2024-10-14 17:35:19.414905 Lima: Charlie, sending you 3
2024-10-14 17:35:19.416969 Zulu: India, sending you 5
2024-10-14 17:35:19.420024 Oscar: Charlie, sending you 2
2024-10-14 17:35:19.423225 Lima: Papa, sending you 2
chatterbot Zulu submitting transactions
chatterbot Golf submitting transactions
chatterbot Mike submitting transactions
chatterbot Foxtrot submitting transactions
chatterbot Papa submitting transactions
chatterbot Yankee submitting transactions
chatterbot Lima submitting transactions
chatterbot Charlie submitting transactions
chatterbot Oscar submitting transactions
chatterbot India submitting transactions
ChatterBot Oscar round 2
ChatterBot Mike round 2
ChatterBot Yankee round 2
ChatterBot Foxtrot round 2
ChatterBot Lima round 2
ChatterBot Golf round 2
ChatterBot India round 2
ChatterBot Charlie round 2
ChatterBot Zulu round 2
ChatterBot Papa round 2
2024-10-14 17:35:20.664054 Golf: We would work well together
ChatterBot Foxtrot reevaluating
2024-10-14 17:35:20.670653 Foxtrot: Yes
2024-10-14 17:35:20.676497 Foxtrot: Friends?
ChatterBot Zulu reevaluating
2024-10-14 17:35:20.689149 Golf: No
2024-10-14 17:35:20.689330 Zulu: Yes
ChatterBot Foxtrot reevaluating
ChatterBot Zulu reevaluating
ChatterBot Foxtrot reevaluating
ChatterBot Golf reevaluating
2024-10-14 17:35:20.723886 Yankee: We should add Zulu
ChatterBot Oscar reevaluating
ChatterBot India reevaluating
ChatterBot Lima reevaluating
ChatterBot Papa reevaluating
2024-10-14 17:35:20.818362 Mike: No
2024-10-14 17:35:20.818737 Oscar: No
2024-10-14 17:35:20.819597 India: Yes
2024-10-14 17:35:20.819898 Charlie: No
2024-10-14 17:35:20.820264 Lima: No
2024-10-14 17:35:20.820554 Papa: No
ChatterBot Oscar reevaluating
ChatterBot India reevaluating
ChatterBot Lima reevaluating
ChatterBot Yankee reevaluating
ChatterBot Papa reevaluating
ChatterBot India reevaluating
ChatterBot Lima reevaluating
ChatterBot Yankee reevaluating
ChatterBot Papa reevaluating
ChatterBot Mike reevaluating
ChatterBot Oscar reevaluating
ChatterBot Lima reevaluating
ChatterBot Yankee reevaluating
ChatterBot Papa reevaluating
ChatterBot Mike reevaluating
ChatterBot Oscar reevaluating
ChatterBot India reevaluating
ChatterBot Lima reevaluating
ChatterBot Yankee reevaluating
ChatterBot Papa reevaluating
ChatterBot Mike reevaluating
ChatterBot Oscar reevaluating
ChatterBot India reevaluating
ChatterBot Yankee reevaluating
ChatterBot Papa reevaluating
ChatterBot Mike reevaluating
ChatterBot Oscar reevaluating
ChatterBot India reevaluating
ChatterBot Lima reevaluating
ChatterBot Yankee reevaluating
2024-10-14 17:35:21.050585 Charlie: We should drop India
ChatterBot Oscar reevaluating
ChatterBot Mike reevaluating
ChatterBot Yankee reevaluating
ChatterBot Lima reevaluating
ChatterBot Papa reevaluating
2024-10-14 17:35:21.085170 Oscar: No
2024-10-14 17:35:21.085766 Mike: Yes
2024-10-14 17:35:21.085926 Yankee: No
2024-10-14 17:35:21.086064 Lima: No
2024-10-14 17:35:21.086234 Papa: Yes
ChatterBot Mike reevaluating
ChatterBot Yankee reevaluating
ChatterBot Lima reevaluating
ChatterBot Papa reevaluating
ChatterBot Oscar reevaluating
ChatterBot Yankee reevaluating
ChatterBot Lima reevaluating
ChatterBot Papa reevaluating
ChatterBot Oscar reevaluating
ChatterBot Mike reevaluating
ChatterBot Lima reevaluating
ChatterBot Papa reevaluating
ChatterBot Oscar reevaluating
ChatterBot Mike reevaluating
ChatterBot Yankee reevaluating
ChatterBot Papa reevaluating
ChatterBot Oscar reevaluating
ChatterBot Mike reevaluating
ChatterBot Yankee reevaluating
ChatterBot Lima reevaluating
chatterbot Charlie submitting transactions
chatterbot Golf submitting transactions
2024-10-14 17:35:21.858880 Foxtrot: Golf, sending you 8
2024-10-14 17:35:21.859706 Charlie: Oscar, sending you 3
2024-10-14 17:35:21.860109 Golf: Foxtrot, sending you 5
2024-10-14 17:35:21.860290 Zulu: Foxtrot, sending you 7
2024-10-14 17:35:21.860927 India: Oscar, Yankee, Charlie and Papa, sending you 1
chatterbot Yankee submitting transactions
chatterbot Zulu submitting transactions
2024-10-14 17:35:21.986929 Foxtrot: Zulu, sending you 7
2024-10-14 17:35:21.987164 Golf: Zulu, sending you 1
2024-10-14 17:35:21.987347 Zulu: Golf, sending you 6
2024-10-14 17:35:21.988094 India: Lima, sending you 2
2024-10-14 17:35:21.988489 Charlie: Mike, sending you 5
2024-10-14 17:35:21.988745 Oscar: Mike, India and Papa, sending you 3
2024-10-14 17:35:22.010940 Charlie: Yankee, sending you 2
2024-10-14 17:35:22.011367 Oscar: Yankee and Lima, sending you 2
2024-10-14 17:35:22.011900 Papa: Oscar, sending you 1
2024-10-14 17:35:22.012709 Mike: Oscar and Yankee, sending you 3
2024-10-14 17:35:22.013043 Lima: Oscar and Yankee, sending you 4
2024-10-14 17:35:22.013305 Yankee: Oscar, Lima and Papa, sending you 3
chatterbot Mike submitting transactions
chatterbot Papa submitting transactions
2024-10-14 17:35:22.045693 Oscar: Charlie, sending you 4
2024-10-14 17:35:22.046157 Charlie: Lima and Papa, sending you 4
2024-10-14 17:35:22.046879 Mike: Lima and Papa, sending you 2
2024-10-14 17:35:22.047161 Lima: Mike and Papa, sending you 2
2024-10-14 17:35:22.047423 Papa: Mike and Yankee, sending you 3
2024-10-14 17:35:22.048021 Yankee: Mike, sending you 1
2024-10-14 17:35:22.083937 Mike: Charlie, sending you 1
2024-10-14 17:35:22.084363 Lima: Charlie, sending you 3
2024-10-14 17:35:22.085089 Papa: Lima and Charlie, sending you 2
2024-10-14 17:35:22.085419 Yankee: Charlie, sending you 6
chatterbot Foxtrot submitting transactions
chatterbot India submitting transactions
chatterbot Oscar submitting transactions
chatterbot Lima submitting transactions
ChatterBot Oscar round 3
ChatterBot Mike round 3
ChatterBot Yankee round 3
ChatterBot Foxtrot round 3
ChatterBot Lima round 3
ChatterBot Golf round 3
ChatterBot India round 3
ChatterBot Charlie round 3
ChatterBot Zulu round 3
ChatterBot Papa round 3
2024-10-14 17:35:22.575783 Papa: We should add India
ChatterBot Charlie reevaluating
ChatterBot Lima reevaluating
2024-10-14 17:35:22.590288 Charlie: Yes
2024-10-14 17:35:22.590434 Oscar: Yes
2024-10-14 17:35:22.590549 Mike: No
2024-10-14 17:35:22.590665 Yankee: No
2024-10-14 17:35:22.590800 Lima: Yes
ChatterBot Mike reevaluating
ChatterBot Yankee reevaluating
ChatterBot Lima reevaluating
ChatterBot Charlie reevaluating
ChatterBot Mike reevaluating
ChatterBot Yankee reevaluating
ChatterBot Lima reevaluating
ChatterBot Charlie reevaluating
ChatterBot Yankee reevaluating
ChatterBot Lima reevaluating
ChatterBot Charlie reevaluating
ChatterBot Mike reevaluating
ChatterBot Lima reevaluating
ChatterBot Papa reevaluating
ChatterBot Charlie reevaluating
ChatterBot Mike reevaluating
ChatterBot Yankee reevaluating
ChatterBot Papa reevaluating
2024-10-14 17:35:22.676784 Lima: India we want you to join our group
2024-10-14 17:35:22.681257 India: Yes
ChatterBot Mike reevaluating
ChatterBot Charlie reevaluating
ChatterBot Lima reevaluating
ChatterBot Yankee reevaluating
ChatterBot Papa reevaluating
2024-10-14 17:35:22.715848 Oscar: Mike, Yankee and Lima, sending you 3
2024-10-14 17:35:22.720201 Charlie: India we want you to join our group
2024-10-14 17:35:22.747410 India: Yes
ChatterBot Charlie reevaluating
ChatterBot Papa reevaluating
2024-10-14 17:35:22.803913 Oscar: India and Papa, sending you 2
2024-10-14 17:35:22.805226 Yankee: India we want you to join our group
2024-10-14 17:35:22.810453 India: Yes
ChatterBot Charlie reevaluating
ChatterBot Papa reevaluating
2024-10-14 17:35:22.834225 Foxtrot: Sending you each 8
2024-10-14 17:35:22.834839 Zulu: Foxtrot, sending you 11
2024-10-14 17:35:22.835182 Golf: Foxtrot, sending you 4
2024-10-14 17:35:22.836109 India: Oscar, sending you 2
2024-10-14 17:35:22.837012 Mike: India we want you to join our group
2024-10-14 17:35:22.842032 India: Yes
ChatterBot Charlie reevaluating
ChatterBot Papa reevaluating
2024-10-14 17:35:22.874575 Oscar: Charlie, sending you 4
2024-10-14 17:35:22.876258 Zulu: Golf, sending you 2
2024-10-14 17:35:22.876873 Golf: Zulu, sending you 2
2024-10-14 17:35:22.877389 India: Yankee, Lima, Charlie and Papa, sending you 1
2024-10-14 17:35:22.883653 Papa: India we want you to join our group
2024-10-14 17:35:22.889160 India: Yes
ChatterBot Charlie reevaluating
ChatterBot Papa reevaluating
2024-10-14 17:35:22.918687 Yankee: Oscar and India, sending you 2
2024-10-14 17:35:22.920761 Mike: Oscar, sending you 3
2024-10-14 17:35:22.921258 Lima: Oscar, Yankee and Charlie, sending you 3
2024-10-14 17:35:22.924662 Yankee: Mike, Lima, Charlie and Papa, sending you 3
2024-10-14 17:35:22.925933 Lima: Mike, India and Papa, sending you 2
2024-10-14 17:35:22.926718 Mike: Yankee, Lima, Charlie and Papa, sending you 2
2024-10-14 17:35:22.946667 Papa: Oscar, Mike, Yankee, Lima and Charlie, sending you 2
2024-10-14 17:35:22.950662 Papa: India, sending you 1
chatterbot India submitting transactions
2024-10-14 17:35:22.953704 Charlie: Oscar, Mike, Lima and Papa, sending you 3
2024-10-14 17:35:22.957899 Charlie: Yankee, sending you 4
2024-10-14 17:35:22.962669 Charlie: India, sending you 2
chatterbot Golf submitting transactions
chatterbot Oscar submitting transactions
chatterbot Yankee submitting transactions
chatterbot Zulu submitting transactions
chatterbot Lima submitting transactions
chatterbot Charlie submitting transactions
chatterbot Papa submitting transactions
chatterbot Mike submitting transactions
chatterbot Foxtrot submitting transactions
ChatterBot Oscar round 4
ChatterBot Mike round 4
ChatterBot Yankee round 4
ChatterBot Foxtrot round 4
ChatterBot Lima round 4
ChatterBot Golf round 4
ChatterBot India round 4
ChatterBot Charlie round 4
ChatterBot Zulu round 4
ChatterBot Papa round 4
2024-10-14 17:35:23.864860 Zulu: We should add Oscar
2024-10-14 17:35:23.872345 Foxtrot: No
2024-10-14 17:35:23.872582 Golf: No
ChatterBot Zulu reevaluating
ChatterBot Zulu reevaluating
2024-10-14 17:35:23.892440 Zulu: We should add Mike
2024-10-14 17:35:23.899013 Foxtrot: No
2024-10-14 17:35:23.899193 Golf: No
ChatterBot Zulu reevaluating
ChatterBot Zulu reevaluating
2024-10-14 17:35:23.913970 Oscar: Mike, Yankee, Lima, Charlie and Papa, sending you 3
2024-10-14 17:35:23.914713 Mike: Oscar, sending you 3
2024-10-14 17:35:23.918682 Yankee: Oscar, Mike, Lima, Charlie and Papa, sending you 3
2024-10-14 17:35:23.919702 Foxtrot: Golf, sending you 7
2024-10-14 17:35:23.919960 Lima: Oscar, Yankee and Charlie, sending you 3
2024-10-14 17:35:23.920423 Charlie: Oscar, sending you 4
2024-10-14 17:35:23.920887 Golf: Foxtrot, sending you 4
2024-10-14 17:35:23.921121 Oscar: India, sending you 2
2024-10-14 17:35:23.921967 Mike: Yankee, Lima, Charlie and Papa, sending you 2
2024-10-14 17:35:23.922474 India: Sending you each 1
2024-10-14 17:35:23.922959 Yankee: India, sending you 1
2024-10-14 17:35:23.923762 Golf: Zulu, sending you 2
2024-10-14 17:35:23.924664 Foxtrot: Zulu, sending you 9
2024-10-14 17:35:23.924970 Lima: Mike, India and Papa, sending you 2
2024-10-14 17:35:23.925904 Charlie: Mike, Yankee, Lima and Papa, sending you 3
2024-10-14 17:35:23.930682 Charlie: India, sending you 2
2024-10-14 17:35:23.932667 Zulu: Foxtrot, sending you 10
2024-10-14 17:35:23.935915 Papa: Oscar, Mike, Yankee, Lima and Charlie, sending you 2
2024-10-14 17:35:23.936581 Zulu: Golf, sending you 3
2024-10-14 17:35:23.939865 Papa: India, sending you 1
chatterbot Lima submitting transactions
chatterbot Charlie submitting transactions
chatterbot Golf submitting transactions
chatterbot Yankee submitting transactions
chatterbot Foxtrot submitting transactions
chatterbot Papa submitting transactions
chatterbot Oscar submitting transactions
chatterbot Mike submitting transactions
chatterbot Zulu submitting transactions
chatterbot India submitting transactions
ChatterBot Oscar round 5
ChatterBot Mike round 5
ChatterBot Yankee round 5
ChatterBot Foxtrot round 5
ChatterBot Lima round 5
ChatterBot Golf round 5
ChatterBot India round 5
ChatterBot Charlie round 5
ChatterBot Zulu round 5
ChatterBot Papa round 5
2024-10-14 17:35:25.124011 Zulu: We should add India
2024-10-14 17:35:25.128098 Foxtrot: No
2024-10-14 17:35:25.128260 Golf: No
ChatterBot Zulu reevaluating
ChatterBot Zulu reevaluating
2024-10-14 17:35:25.142660 Mike: Oscar, Yankee, Lima, Charlie and Papa, sending you 2
2024-10-14 17:35:25.143373 Golf: Foxtrot, sending you 4
2024-10-14 17:35:25.143680 Oscar: Mike, Yankee, Lima, Charlie and Papa, sending you 3
2024-10-14 17:35:25.146670 Oscar: India, sending you 2
2024-10-14 17:35:25.147675 Mike: India, sending you 1
2024-10-14 17:35:25.148442 Golf: Zulu, sending you 2
2024-10-14 17:35:25.152882 India: Same as last round
2024-10-14 17:35:25.153675 Yankee: Oscar, Mike, Lima, Charlie and Papa, sending you 3
2024-10-14 17:35:25.155673 Foxtrot: Golf, sending you 8
2024-10-14 17:35:25.157915 Charlie: Oscar, sending you 4
2024-10-14 17:35:25.158722 Yankee: India, sending you 1
2024-10-14 17:35:25.159660 Papa: Oscar, Mike, Yankee, Lima and Charlie, sending you 2
2024-10-14 17:35:25.160665 Foxtrot: Zulu, sending you 9
2024-10-14 17:35:25.162675 Lima: Oscar, Yankee and Charlie, sending you 3
2024-10-14 17:35:25.163203 Papa: India, sending you 1
2024-10-14 17:35:25.163715 Charlie: Mike, Yankee, Lima and Papa, sending you 3
2024-10-14 17:35:25.166680 Zulu: Foxtrot, sending you 10
2024-10-14 17:35:25.166950 Lima: Mike, India and Papa, sending you 2
2024-10-14 17:35:25.167514 Charlie: India, sending you 2
2024-10-14 17:35:25.171663 Zulu: Golf, sending you 3
chatterbot Foxtrot submitting transactions
chatterbot Mike submitting transactions
chatterbot Papa submitting transactions
chatterbot Golf submitting transactions
chatterbot Yankee submitting transactions
chatterbot Lima submitting transactions
chatterbot India submitting transactions
chatterbot Oscar submitting transactions
chatterbot Charlie submitting transactions
chatterbot Zulu submitting transactions
ChatterBot Oscar round 6
ChatterBot Mike round 6
ChatterBot Yankee round 6
ChatterBot Foxtrot round 6
ChatterBot Lima round 6
ChatterBot Golf round 6
ChatterBot India round 6
ChatterBot Charlie round 6
ChatterBot Zulu round 6
ChatterBot Papa round 6
2024-10-14 17:35:26.339680 Oscar: Mike, Yankee, Lima, Charlie and Papa, sending you 3
2024-10-14 17:35:26.344957 Oscar: India, sending you 2
2024-10-14 17:35:26.346648 Golf: Foxtrot, sending you 4
2024-10-14 17:35:26.346949 Lima: Oscar, Yankee and Charlie, sending you 3
2024-10-14 17:35:26.347580 Foxtrot: Golf, sending you 8
2024-10-14 17:35:26.347890 Yankee: Oscar, Mike, Lima, Charlie and Papa, sending you 3
2024-10-14 17:35:26.349682 India: Same as last round
2024-10-14 17:35:26.350252 Lima: Mike, India and Papa, sending you 2
2024-10-14 17:35:26.351949 Golf: Zulu, sending you 2
2024-10-14 17:35:26.352666 Foxtrot: Zulu, sending you 9
2024-10-14 17:35:26.352928 Yankee: India, sending you 1
2024-10-14 17:35:26.353669 Charlie: Oscar, sending you 4
2024-10-14 17:35:26.354670 Mike: Oscar, Yankee, Lima, Charlie and Papa, sending you 2
2024-10-14 17:35:26.356674 Charlie: Mike, Yankee, Lima and Papa, sending you 3
2024-10-14 17:35:26.359680 Papa: Oscar, Mike, Yankee, Lima and Charlie, sending you 2
2024-10-14 17:35:26.360560 Mike: India, sending you 1
2024-10-14 17:35:26.361001 Charlie: India, sending you 2
2024-10-14 17:35:26.362675 Papa: India, sending you 1
2024-10-14 17:35:26.363680 Zulu: Foxtrot, sending you 10
2024-10-14 17:35:26.366657 Zulu: Golf, sending you 3
chatterbot India submitting transactions
chatterbot Yankee submitting transactions
chatterbot Charlie submitting transactions
chatterbot Zulu submitting transactions
chatterbot Mike submitting transactions
chatterbot Foxtrot submitting transactions
chatterbot Golf submitting transactions
chatterbot Oscar submitting transactions
chatterbot Papa submitting transactions
chatterbot Lima submitting transactions
ChatterBot Oscar round 7
ChatterBot Mike round 7
ChatterBot Yankee round 7
ChatterBot Foxtrot round 7
ChatterBot Lima round 7
ChatterBot Golf round 7
ChatterBot India round 7
ChatterBot Charlie round 7
ChatterBot Zulu round 7
ChatterBot Papa round 7
2024-10-14 17:35:27.581677 Oscar: Mike, Yankee, Lima, Charlie and Papa, sending you 3
2024-10-14 17:35:27.583658 India: Same as last round
2024-10-14 17:35:27.584640 Foxtrot: Golf, sending you 8
2024-10-14 17:35:27.585141 Yankee: Oscar, Mike, Lima, Charlie and Papa, sending you 3
2024-10-14 17:35:27.586508 Mike: Oscar, Yankee, Lima, Charlie and Papa, sending you 2
2024-10-14 17:35:27.588651 Oscar: India, sending you 2
2024-10-14 17:35:27.590176 Foxtrot: Zulu, sending you 9
2024-10-14 17:35:27.590681 Yankee: India, sending you 1
2024-10-14 17:35:27.591735 Mike: India, sending you 1
2024-10-14 17:35:27.593112 Golf: Foxtrot, sending you 4
2024-10-14 17:35:27.593541 Charlie: Oscar, sending you 4
2024-10-14 17:35:27.594412 Zulu: Foxtrot, sending you 10
2024-10-14 17:35:27.596662 Golf: Zulu, sending you 2
2024-10-14 17:35:27.598697 Charlie: Mike, Yankee, Lima and Papa, sending you 3
2024-10-14 17:35:27.600280 Zulu: Golf, sending you 3
2024-10-14 17:35:27.600717 Papa: Oscar, Mike, Yankee, Lima and Charlie, sending you 2
2024-10-14 17:35:27.602200 Lima: Oscar, Yankee and Charlie, sending you 3
2024-10-14 17:35:27.603750 Charlie: India, sending you 2
2024-10-14 17:35:27.604893 Papa: India, sending you 1
2024-10-14 17:35:27.607705 Lima: Mike, India and Papa, sending you 2
chatterbot Charlie submitting transactions
chatterbot Oscar submitting transactions
chatterbot Golf submitting transactions
chatterbot India submitting transactions
chatterbot Mike submitting transactions
chatterbot Foxtrot submitting transactions
chatterbot Zulu submitting transactions
chatterbot Lima submitting transactions
chatterbot Yankee submitting transactions
chatterbot Papa submitting transactions
ChatterBot Oscar round 8
ChatterBot Mike round 8
ChatterBot Yankee round 8
ChatterBot Foxtrot round 8
ChatterBot Lima round 8
ChatterBot Golf round 8
ChatterBot India round 8
ChatterBot Charlie round 8
ChatterBot Zulu round 8
ChatterBot Papa round 8
2024-10-14 17:35:28.807751 Zulu: We should add Mike
2024-10-14 17:35:28.816341 Foxtrot: No
2024-10-14 17:35:28.816567 Golf: No
ChatterBot Zulu reevaluating
ChatterBot Zulu reevaluating
2024-10-14 17:35:28.839702 Lima: Oscar, Yankee and Charlie, sending you 3
2024-10-14 17:35:28.842057 Oscar: Mike, Yankee, Lima, Charlie and Papa, sending you 3
2024-10-14 17:35:28.843156 Mike: Oscar, Yankee, Lima, Charlie and Papa, sending you 2
2024-10-14 17:35:28.846164 Lima: Mike, India and Papa, sending you 2
2024-10-14 17:35:28.847876 Oscar: India, sending you 2
2024-10-14 17:35:28.849579 Mike: India, sending you 1
2024-10-14 17:35:28.851787 Papa: Oscar, Mike, Yankee, Lima and Charlie, sending you 2
2024-10-14 17:35:28.853514 Golf: Foxtrot, sending you 4
2024-10-14 17:35:28.855702 India: Same as last round
2024-10-14 17:35:28.856645 Foxtrot: Golf, sending you 8
2024-10-14 17:35:28.857674 Yankee: Oscar, Mike, Lima, Charlie and Papa, sending you 3
2024-10-14 17:35:28.858459 Papa: India, sending you 1
2024-10-14 17:35:28.859173 Zulu: Foxtrot, sending you 10
2024-10-14 17:35:28.860223 Golf: Zulu, sending you 2
2024-10-14 17:35:28.860749 Charlie: Oscar, sending you 4
2024-10-14 17:35:28.861827 Foxtrot: Zulu, sending you 10
2024-10-14 17:35:28.862324 Yankee: India, sending you 1
2024-10-14 17:35:28.864153 Zulu: Golf, sending you 3
2024-10-14 17:35:28.866677 Charlie: Mike, Yankee, Lima and Papa, sending you 3
2024-10-14 17:35:28.872702 Charlie: India, sending you 2
chatterbot Mike submitting transactions
chatterbot Golf submitting transactions
chatterbot Foxtrot submitting transactions
chatterbot Charlie submitting transactions
chatterbot India submitting transactions
chatterbot Papa submitting transactions
chatterbot Zulu submitting transactions
chatterbot Oscar submitting transactions
chatterbot Lima submitting transactions
chatterbot Yankee submitting transactions
ChatterBot Oscar round 9
ChatterBot Mike round 9
ChatterBot Yankee round 9
ChatterBot Foxtrot round 9
ChatterBot Lima round 9
ChatterBot Golf round 9
ChatterBot India round 9
ChatterBot Charlie round 9
ChatterBot Zulu round 9
ChatterBot Papa round 9
2024-10-14 17:35:30.073664 Zulu: We should add Mike
2024-10-14 17:35:30.077733 Foxtrot: No
2024-10-14 17:35:30.077898 Golf: No
ChatterBot Zulu reevaluating
2024-10-14 17:35:30.091684 Oscar: Mike, Yankee, Lima, Charlie and Papa, sending you 3
2024-10-14 17:35:30.092606 Lima: Oscar, Yankee and Charlie, sending you 3
2024-10-14 17:35:30.095665 Oscar: India, sending you 2
2024-10-14 17:35:30.097064 Lima: Mike, India and Papa, sending you 2
2024-10-14 17:35:30.100224 Golf: Foxtrot, sending you 4
2024-10-14 17:35:30.102676 Foxtrot: Golf, sending you 8
2024-10-14 17:35:30.104034 Golf: Zulu, sending you 2
2024-10-14 17:35:30.107727 Foxtrot: Zulu, sending you 10
2024-10-14 17:35:30.108223 Mike: Oscar, Yankee, Lima, Charlie and Papa, sending you 2
2024-10-14 17:35:30.109491 Charlie: Oscar, sending you 4
2024-10-14 17:35:30.111794 India: Same as last round
2024-10-14 17:35:30.112645 Papa: Oscar, Mike, Yankee, Lima and Charlie, sending you 2
2024-10-14 17:35:30.114519 Yankee: Oscar, Mike, Lima, Charlie and Papa, sending you 3
2024-10-14 17:35:30.116018 Mike: India, sending you 1
2024-10-14 17:35:30.116987 Zulu: Foxtrot, sending you 10
2024-10-14 17:35:30.117411 Charlie: Mike, Yankee, Lima and Papa, sending you 3
2024-10-14 17:35:30.118942 Papa: India, sending you 1
2024-10-14 17:35:30.119706 Yankee: India, sending you 1
2024-10-14 17:35:30.121674 Zulu: Golf, sending you 3
2024-10-14 17:35:30.123656 Charlie: India, sending you 2
chatterbot Charlie submitting transactions
chatterbot Mike submitting transactions
chatterbot India submitting transactions
chatterbot Oscar submitting transactions
chatterbot Golf submitting transactions
chatterbot Lima submitting transactions
chatterbot Foxtrot submitting transactions
chatterbot Papa submitting transactions
chatterbot Zulu submitting transactions
chatterbot Yankee submitting transactions
ChatterBot Oscar round 10
ChatterBot Mike round 10
ChatterBot Yankee round 10
ChatterBot Foxtrot round 10
ChatterBot Lima round 10
ChatterBot Golf round 10
ChatterBot India round 10
ChatterBot Charlie round 10
ChatterBot Zulu round 10
ChatterBot Papa round 10
2024-10-14 17:35:31.367670 Mike: Oscar, Yankee, Lima, Charlie and Papa, sending you 2
2024-10-14 17:35:31.368580 Foxtrot: Golf, sending you 8
2024-10-14 17:35:31.370897 Mike: India, sending you 1
2024-10-14 17:35:31.371848 Yankee: Oscar, Mike, Lima, Charlie and Papa, sending you 3
2024-10-14 17:35:31.374110 Foxtrot: Zulu, sending you 10
2024-10-14 17:35:31.377823 Yankee: India, sending you 1
2024-10-14 17:35:31.378850 Zulu: Foxtrot, sending you 10
2024-10-14 17:35:31.381675 Zulu: Golf, sending you 3
2024-10-14 17:35:31.382678 Charlie: Oscar, sending you 4
2024-10-14 17:35:31.384800 Golf: Foxtrot, sending you 4
2024-10-14 17:35:31.385087 Papa: Oscar, Mike, Yankee, Lima and Charlie, sending you 2
2024-10-14 17:35:31.385851 Lima: Oscar, Yankee and Charlie, sending you 3
2024-10-14 17:35:31.386706 Oscar: Mike, Yankee, Lima, Charlie and Papa, sending you 3
2024-10-14 17:35:31.388663 India: Same as last round
2024-10-14 17:35:31.390049 Charlie: Mike, Yankee, Lima and Papa, sending you 3
2024-10-14 17:35:31.391469 Golf: Zulu, sending you 2
2024-10-14 17:35:31.391951 Papa: India, sending you 1
2024-10-14 17:35:31.393055 Lima: Mike, India and Papa, sending you 2
2024-10-14 17:35:31.394151 Oscar: India, sending you 2
2024-10-14 17:35:31.395583 Charlie: India, sending you 2
chatterbot Mike submitting transactions
chatterbot Papa submitting transactions
chatterbot India submitting transactions
chatterbot Golf submitting transactions
chatterbot Charlie submitting transactions
chatterbot Oscar submitting transactions
chatterbot Zulu submitting transactions
chatterbot Foxtrot submitting transactions
chatterbot Lima submitting transactions
chatterbot Yankee submitting transactions
ChatterBot Oscar round 11
ChatterBot Mike round 11
ChatterBot Yankee round 11
ChatterBot Foxtrot round 11
ChatterBot Lima round 11
ChatterBot Golf round 11
ChatterBot India round 11
ChatterBot Charlie round 11
ChatterBot Zulu round 11
ChatterBot Papa round 11
2024-10-14 17:35:32.615659 Yankee: Oscar, Mike, Lima, Charlie and Papa, sending you 3
2024-10-14 17:35:32.616689 Foxtrot: Golf, sending you 8
2024-10-14 17:35:32.618681 Oscar: Mike, Yankee, Lima, Charlie and Papa, sending you 3
2024-10-14 17:35:32.620712 Yankee: India, sending you 1
2024-10-14 17:35:32.621864 Foxtrot: Zulu, sending you 10
2024-10-14 17:35:32.623664 Oscar: India, sending you 2
2024-10-14 17:35:32.624709 Golf: Foxtrot, sending you 4
2024-10-14 17:35:32.625739 Charlie: Oscar, Mike, Yankee and Papa, sending you 3
2024-10-14 17:35:32.627911 India: Same as last round
2024-10-14 17:35:32.629951 Golf: Zulu, sending you 2
2024-10-14 17:35:32.630680 Charlie: Lima, sending you 4
2024-10-14 17:35:32.632437 Lima: Oscar, Yankee and Charlie, sending you 3
2024-10-14 17:35:32.633631 Zulu: Foxtrot, sending you 10
2024-10-14 17:35:32.634505 Mike: Oscar, Yankee, Lima, Charlie and Papa, sending you 2
2024-10-14 17:35:32.636012 Charlie: India, sending you 2
2024-10-14 17:35:32.637498 Lima: Mike, India and Papa, sending you 2
2024-10-14 17:35:32.638332 Zulu: Golf, sending you 3
2024-10-14 17:35:32.639213 Papa: Oscar, Mike, Yankee, Lima and Charlie, sending you 2
2024-10-14 17:35:32.640654 Mike: India, sending you 1
2024-10-14 17:35:32.643981 Papa: India, sending you 1
chatterbot Lima submitting transactions
chatterbot Charlie submitting transactions
chatterbot Zulu submitting transactions
chatterbot Yankee submitting transactions
chatterbot Foxtrot submitting transactions
chatterbot Golf submitting transactions
chatterbot India submitting transactions
chatterbot Papa submitting transactions
chatterbot Oscar submitting transactions
chatterbot Mike submitting transactions
ChatterBot Oscar round 12
ChatterBot Mike round 12
ChatterBot Yankee round 12
ChatterBot Foxtrot round 12
ChatterBot Lima round 12
ChatterBot Golf round 12
ChatterBot India round 12
ChatterBot Charlie round 12
ChatterBot Zulu round 12
ChatterBot Papa round 12
2024-10-14 17:35:33.939897 Zulu: We should add Oscar
2024-10-14 17:35:33.947253 Foxtrot: No
2024-10-14 17:35:33.947563 Golf: No
ChatterBot Zulu reevaluating
2024-10-14 17:35:33.968694 Oscar: Mike, Yankee, Lima, Charlie and Papa, sending you 3
2024-10-14 17:35:33.970542 Yankee: Oscar, Mike, Lima, Charlie and Papa, sending you 3
2024-10-14 17:35:33.972706 Oscar: India, sending you 2
2024-10-14 17:35:33.975740 Yankee: India, sending you 1
2024-10-14 17:35:33.977063 Charlie: Oscar, Mike, Yankee and Papa, sending you 3
2024-10-14 17:35:33.978492 Mike: Oscar, Yankee, Lima, Charlie and Papa, sending you 2
2024-10-14 17:35:33.980584 Golf: Foxtrot, sending you 4
2024-10-14 17:35:33.981346 India: Same as last round
2024-10-14 17:35:33.984335 Charlie: Lima, sending you 4
2024-10-14 17:35:33.986120 Lima: Oscar, Yankee and Charlie, sending you 3
2024-10-14 17:35:33.987338 Mike: India, sending you 1
2024-10-14 17:35:33.989071 Golf: Zulu, sending you 2
2024-10-14 17:35:33.989710 Charlie: India, sending you 2
2024-10-14 17:35:33.991265 Foxtrot: Golf, sending you 8
2024-10-14 17:35:33.991755 Lima: Mike, India and Papa, sending you 2
2024-10-14 17:35:33.993585 Zulu: Foxtrot, sending you 10
2024-10-14 17:35:33.995838 Foxtrot: Zulu, sending you 10
2024-10-14 17:35:33.996668 Papa: Oscar, Mike, Yankee, Lima and Charlie, sending you 2
2024-10-14 17:35:33.999326 Zulu: Golf, sending you 3
2024-10-14 17:35:34.003665 Papa: India, sending you 1
chatterbot Oscar submitting transactions
chatterbot Lima submitting transactions
chatterbot Zulu submitting transactions
chatterbot Golf submitting transactions
chatterbot Papa submitting transactions
chatterbot India submitting transactions
chatterbot Foxtrot submitting transactions
chatterbot Yankee submitting transactions
chatterbot Mike submitting transactions
chatterbot Charlie submitting transactions
ChatterBot Oscar round 13
ChatterBot Mike round 13
ChatterBot Yankee round 13
ChatterBot Foxtrot round 13
ChatterBot Lima round 13
ChatterBot Golf round 13
ChatterBot India round 13
ChatterBot Charlie round 13
ChatterBot Zulu round 13
ChatterBot Papa round 13
2024-10-14 17:35:35.086640 Mike: We should drop India
2024-10-14 17:35:35.096843 Charlie: No
2024-10-14 17:35:35.097051 Oscar: No
2024-10-14 17:35:35.097200 Yankee: No
2024-10-14 17:35:35.097349 Lima: No
2024-10-14 17:35:35.097467 Papa: No
ChatterBot Mike reevaluating
ChatterBot Mike reevaluating
ChatterBot Mike reevaluating
ChatterBot Mike reevaluating
ChatterBot Mike reevaluating
2024-10-14 17:35:35.147312 Zulu: We should add Mike
2024-10-14 17:35:35.150530 Foxtrot: No
2024-10-14 17:35:35.150699 Golf: No
ChatterBot Zulu reevaluating
ChatterBot Zulu reevaluating
2024-10-14 17:35:35.167946 Oscar: Mike, Yankee, Lima, Charlie and Papa, sending you 3
2024-10-14 17:35:35.171909 Oscar: India, sending you 2
2024-10-14 17:35:35.172984 Mike: Oscar, Yankee, Lima, Charlie and Papa, sending you 2
2024-10-14 17:35:35.176677 Mike: India, sending you 1
2024-10-14 17:35:35.180513 India: Same as last round
2024-10-14 17:35:35.181866 Zulu: Foxtrot, sending you 10
2024-10-14 17:35:35.184665 Zulu: Golf, sending you 3
2024-10-14 17:35:35.185723 Yankee: Oscar, Mike, Lima, Charlie and Papa, sending you 3
2024-10-14 17:35:35.187004 Lima: Oscar, Yankee and Charlie, sending you 3
2024-10-14 17:35:35.188530 Papa: Oscar, Mike, Yankee, Lima and Charlie, sending you 2
2024-10-14 17:35:35.189762 Golf: Foxtrot, sending you 4
2024-10-14 17:35:35.190336 Charlie: Oscar, Mike, Yankee and Papa, sending you 3
2024-10-14 17:35:35.191758 Foxtrot: Golf, sending you 8
2024-10-14 17:35:35.192817 Yankee: India, sending you 1
2024-10-14 17:35:35.194246 Lima: Mike, India and Papa, sending you 2
2024-10-14 17:35:35.196115 Golf: Zulu, sending you 2
2024-10-14 17:35:35.196654 Papa: India, sending you 1
2024-10-14 17:35:35.197951 Charlie: Lima, sending you 4
2024-10-14 17:35:35.199465 Foxtrot: Zulu, sending you 10
2024-10-14 17:35:35.201674 Charlie: India, sending you 2
chatterbot Golf submitting transactions
chatterbot Foxtrot submitting transactions
chatterbot Mike submitting transactions
chatterbot Yankee submitting transactions
chatterbot Oscar submitting transactions
chatterbot Papa submitting transactions
chatterbot Zulu submitting transactions
chatterbot India submitting transactions
chatterbot Charlie submitting transactions
chatterbot Lima submitting transactions
ChatterBot Oscar round 14
ChatterBot Mike round 14
ChatterBot Yankee round 14
ChatterBot Foxtrot round 14
ChatterBot Lima round 14
ChatterBot Golf round 14
ChatterBot India round 14
ChatterBot Charlie round 14
ChatterBot Zulu round 14
ChatterBot Papa round 14
2024-10-14 17:35:36.176640 Zulu: We should add India
2024-10-14 17:35:36.180792 Foxtrot: No
2024-10-14 17:35:36.180962 Golf: No
ChatterBot Zulu reevaluating
ChatterBot Zulu reevaluating
2024-10-14 17:35:36.193652 Lima: Oscar, Yankee and Charlie, sending you 3
2024-10-14 17:35:36.197658 Lima: Mike, India and Papa, sending you 2
2024-10-14 17:35:36.200665 Charlie: Oscar, Mike, Yankee and Papa, sending you 3
2024-10-14 17:35:36.201682 India: Same as last round
2024-10-14 17:35:36.202989 Papa: Oscar, Mike, Yankee, Lima and Charlie, sending you 2
2024-10-14 17:35:36.204658 Yankee: Oscar, Mike, Lima, Charlie and Papa, sending you 3
2024-10-14 17:35:36.205993 Charlie: Lima, sending you 4
2024-10-14 17:35:36.207660 Mike: Oscar, Yankee, Lima, Charlie and Papa, sending you 2
2024-10-14 17:35:36.208669 Papa: India, sending you 1
2024-10-14 17:35:36.209570 Foxtrot: Golf, sending you 8
2024-10-14 17:35:36.209872 Yankee: India, sending you 1
2024-10-14 17:35:36.211671 Charlie: India, sending you 2
2024-10-14 17:35:36.213252 Mike: India, sending you 1
2024-10-14 17:35:36.214128 Oscar: Mike, Yankee, Lima, Charlie and Papa, sending you 3
2024-10-14 17:35:36.215028 Golf: Foxtrot, sending you 4
2024-10-14 17:35:36.215373 Foxtrot: Zulu, sending you 10
2024-10-14 17:35:36.219647 Oscar: India, sending you 2
2024-10-14 17:35:36.220518 Golf: Zulu, sending you 2
2024-10-14 17:35:36.220871 Zulu: Foxtrot, sending you 10
2024-10-14 17:35:36.223666 Zulu: Golf, sending you 3
chatterbot Foxtrot submitting transactions
chatterbot Charlie submitting transactions
chatterbot Golf submitting transactions
chatterbot Lima submitting transactions
chatterbot Papa submitting transactions
chatterbot Oscar submitting transactions
chatterbot India submitting transactions
chatterbot Yankee submitting transactions
chatterbot Zulu submitting transactions
chatterbot Mike submitting transactions
ChatterBot Oscar round 15
ChatterBot Mike round 15
ChatterBot Yankee round 15
ChatterBot Foxtrot round 15
ChatterBot Lima round 15
ChatterBot Golf round 15
ChatterBot India round 15
ChatterBot Charlie round 15
ChatterBot Zulu round 15
ChatterBot Papa round 15
2024-10-14 17:35:37.443745 Zulu: We should add Mike
2024-10-14 17:35:37.449828 Foxtrot: No
2024-10-14 17:35:37.450127 Golf: No
ChatterBot Zulu reevaluating
ChatterBot Zulu reevaluating
2024-10-14 17:35:37.470955 Zulu: We should add Oscar
2024-10-14 17:35:37.477662 Foxtrot: No
2024-10-14 17:35:37.478176 Golf: No
ChatterBot Zulu reevaluating
ChatterBot Zulu reevaluating
2024-10-14 17:35:37.491500 Oscar: Mike, Yankee, Lima, Charlie and Papa, sending you 3
2024-10-14 17:35:37.494300 India: Same as last round
2024-10-14 17:35:37.497141 Zulu: Mike we want you to join our group
2024-10-14 17:35:37.500594 Mike: No
ChatterBot Zulu reevaluating
2024-10-14 17:35:37.509724 Oscar: India, sending you 2
2024-10-14 17:35:37.511851 Mike: Oscar, Yankee, Lima, Charlie and Papa, sending you 2
2024-10-14 17:35:37.514475 Lima: Oscar, Yankee and Charlie, sending you 3
2024-10-14 17:35:37.517202 Yankee: Oscar, Mike, Lima, Charlie and Papa, sending you 3
2024-10-14 17:35:37.519914 Foxtrot: Golf, sending you 8
2024-10-14 17:35:37.521139 Golf: Foxtrot, sending you 4
2024-10-14 17:35:37.522104 Charlie: Oscar, Mike, Yankee and Papa, sending you 3
2024-10-14 17:35:37.524767 Mike: India, sending you 1
2024-10-14 17:35:37.527797 Lima: Mike, India and Papa, sending you 2
