ChatterBot November round 1
ChatterBot Juliett round 1
ChatterBot X-ray round 1
ChatterBot India round 1
ChatterBot Golf round 1
ChatterBot Zulu round 1
ChatterBot Mike round 1
ChatterBot Sierra round 1
ChatterBot Romeo round 1
ChatterBot Victor round 1
randomSelections Golf: {Golf, Zulu, Romeo, Victor, Mike, Sierra} 
2024-10-15 04:33:37.209990 Golf: Can we be friends?
ChatterBot Zulu reevaluating
ChatterBot Romeo reevaluating
ChatterBot Victor reevaluating
ChatterBot Mike reevaluating
ChatterBot Sierra reevaluating
2024-10-15 04:33:37.225634 Zulu: Yes
2024-10-15 04:33:37.225828 Romeo: Yes
2024-10-15 04:33:37.226114 Victor: Yes
2024-10-15 04:33:37.226296 Mike: Yes
2024-10-15 04:33:37.226446 Sierra: Yes
ChatterBot Romeo reevaluating
ChatterBot Victor reevaluating
ChatterBot Mike reevaluating
ChatterBot Sierra reevaluating
ChatterBot Zulu reevaluating
ChatterBot Victor reevaluating
ChatterBot Mike reevaluating
ChatterBot Sierra reevaluating
ChatterBot Zulu reevaluating
ChatterBot Romeo reevaluating
ChatterBot Mike reevaluating
ChatterBot Sierra reevaluating
ChatterBot Zulu reevaluating
ChatterBot Romeo reevaluating
ChatterBot Victor reevaluating
ChatterBot Sierra reevaluating
ChatterBot Zulu reevaluating
ChatterBot Romeo reevaluating
ChatterBot Victor reevaluating
ChatterBot Mike reevaluating
randomSelections Juliett: {Juliett, India, Victor, Zulu, Sierra, Golf, Mike, November} 
2024-10-15 04:33:37.281818 Juliett: Can we be friends?
ChatterBot India reevaluating
ChatterBot Victor reevaluating
ChatterBot Zulu reevaluating
ChatterBot Sierra reevaluating
ChatterBot Mike reevaluating
ChatterBot November reevaluating
2024-10-15 04:33:37.296402 India: Yes
2024-10-15 04:33:37.296573 Victor: No
2024-10-15 04:33:37.296820 Zulu: No
2024-10-15 04:33:37.297047 Sierra: No
2024-10-15 04:33:37.298016 Golf: No
2024-10-15 04:33:37.298161 Mike: No
2024-10-15 04:33:37.298493 November: Yes
ChatterBot Victor reevaluating
ChatterBot Zulu reevaluating
ChatterBot Sierra reevaluating
ChatterBot Mike reevaluating
ChatterBot November reevaluating
ChatterBot India reevaluating
ChatterBot Zulu reevaluating
ChatterBot Sierra reevaluating
ChatterBot Mike reevaluating
ChatterBot November reevaluating
ChatterBot India reevaluating
ChatterBot Victor reevaluating
ChatterBot Sierra reevaluating
ChatterBot Mike reevaluating
ChatterBot November reevaluating
ChatterBot India reevaluating
ChatterBot Victor reevaluating
ChatterBot Zulu reevaluating
ChatterBot Mike reevaluating
ChatterBot November reevaluating
ChatterBot India reevaluating
ChatterBot Victor reevaluating
ChatterBot Zulu reevaluating
ChatterBot Sierra reevaluating
ChatterBot Mike reevaluating
ChatterBot November reevaluating
ChatterBot India reevaluating
ChatterBot Victor reevaluating
ChatterBot Zulu reevaluating
ChatterBot Sierra reevaluating
ChatterBot November reevaluating
ChatterBot India reevaluating
ChatterBot Victor reevaluating
ChatterBot Zulu reevaluating
ChatterBot Sierra reevaluating
ChatterBot Mike reevaluating
randomSelections X-ray: {X-ray, November, Golf, Sierra, Romeo, Zulu, Mike} 
2024-10-15 04:33:37.391708 X-ray: Can we be friends?
ChatterBot November reevaluating
ChatterBot Sierra reevaluating
ChatterBot Romeo reevaluating
ChatterBot Zulu reevaluating
ChatterBot Mike reevaluating
2024-10-15 04:33:37.402864 November: No
2024-10-15 04:33:37.403084 Golf: No
2024-10-15 04:33:37.403255 Sierra: No
2024-10-15 04:33:37.403827 Romeo: No
2024-10-15 04:33:37.403976 Zulu: No
2024-10-15 04:33:37.404178 Mike: No
ChatterBot Sierra reevaluating
ChatterBot Romeo reevaluating
ChatterBot Zulu reevaluating
ChatterBot Mike reevaluating
ChatterBot November reevaluating
ChatterBot Sierra reevaluating
ChatterBot Romeo reevaluating
ChatterBot Zulu reevaluating
ChatterBot Mike reevaluating
ChatterBot November reevaluating
ChatterBot Romeo reevaluating
ChatterBot Zulu reevaluating
ChatterBot Mike reevaluating
ChatterBot November reevaluating
ChatterBot Sierra reevaluating
ChatterBot Zulu reevaluating
ChatterBot Mike reevaluating
ChatterBot November reevaluating
ChatterBot Sierra reevaluating
ChatterBot Romeo reevaluating
ChatterBot Mike reevaluating
ChatterBot November reevaluating
ChatterBot Sierra reevaluating
ChatterBot Romeo reevaluating
ChatterBot Zulu reevaluating
2024-10-15 04:33:37.483138 Golf: Zulu, sending you 1
2024-10-15 04:33:37.483456 India: November, sending you 5
2024-10-15 04:33:37.483763 X-ray: Mike, sending you 1
2024-10-15 04:33:37.485847 Golf: Sierra, Romeo and Victor, sending you 4
2024-10-15 04:33:37.487945 India: Juliett, Golf, Zulu and Mike, sending you 1
2024-10-15 04:33:37.492336 Zulu: Golf, Sierra and Romeo, sending you 1
2024-10-15 04:33:37.492764 India: Sierra, sending you 2
2024-10-15 04:33:37.493161 November: Juliett, India, Zulu and Sierra, sending you 2
2024-10-15 04:33:37.494480 Sierra: Golf, sending you 3
2024-10-15 04:33:37.494868 Mike: Golf, sending you 1
2024-10-15 04:33:37.495197 Juliett: November, India and Mike, sending you 3
2024-10-15 04:33:37.495578 Victor: Golf, Mike and Romeo, sending you 4
2024-10-15 04:33:37.497508 Zulu: Mike, sending you 5
2024-10-15 04:33:37.498147 November: Golf, sending you 1
2024-10-15 04:33:37.499765 Mike: Zulu, sending you 3
2024-10-15 04:33:37.500414 Victor: Zulu, sending you 2
2024-10-15 04:33:37.501819 Romeo: Golf, Zulu, Sierra and Victor, sending you 3
2024-10-15 04:33:37.502386 Sierra: Mike, sending you 4
2024-10-15 04:33:37.502778 Juliett: Golf, Zulu and Sierra, sending you 2
2024-10-15 04:33:37.503962 Zulu: Victor, sending you 4
2024-10-15 04:33:37.504350 November: Victor, sending you 5
2024-10-15 04:33:37.504786 Mike: Sierra, sending you 4
2024-10-15 04:33:37.505906 Sierra: Victor, sending you 2
2024-10-15 04:33:37.509064 Victor: Sierra, sending you 6
2024-10-15 04:33:37.510200 Romeo: Mike, sending you 2
2024-10-15 04:33:37.510578 Juliett: Victor, sending you 1
2024-10-15 04:33:37.511014 Mike: Romeo, sending you 7
2024-10-15 04:33:37.517940 Mike: Victor, sending you 2
chatterbot Romeo submitting transactions
chatterbot Sierra submitting transactions
chatterbot Golf submitting transactions
chatterbot Victor submitting transactions
chatterbot Zulu submitting transactions
chatterbot X-ray submitting transactions
chatterbot Juliett submitting transactions
chatterbot India submitting transactions
chatterbot November submitting transactions
chatterbot Mike submitting transactions
ChatterBot November round 2
ChatterBot Juliett round 2
ChatterBot X-ray round 2
ChatterBot India round 2
ChatterBot Golf round 2
ChatterBot Zulu round 2
ChatterBot Mike round 2
ChatterBot Sierra round 2
ChatterBot Romeo round 2
ChatterBot Victor round 2
2024-10-15 04:33:38.881740 Juliett: Can we be friends?
ChatterBot November reevaluating
ChatterBot India reevaluating
ChatterBot Zulu reevaluating
2024-10-15 04:33:38.896851 November: No
2024-10-15 04:33:38.897088 India: No
2024-10-15 04:33:38.897223 Zulu: No
ChatterBot Juliett reevaluating
ChatterBot India reevaluating
ChatterBot Zulu reevaluating
ChatterBot Juliett reevaluating
ChatterBot November reevaluating
ChatterBot Zulu reevaluating
ChatterBot Juliett reevaluating
ChatterBot November reevaluating
ChatterBot India reevaluating
2024-10-15 04:33:38.963713 Victor: We would work well together
ChatterBot Golf reevaluating
ChatterBot Zulu reevaluating
ChatterBot Mike reevaluating
ChatterBot Sierra reevaluating
ChatterBot November reevaluating
ChatterBot Juliett reevaluating
ChatterBot India reevaluating
2024-10-15 04:33:39.002472 Golf: No
2024-10-15 04:33:39.002668 Zulu: No
2024-10-15 04:33:39.003259 Mike: No
2024-10-15 04:33:39.003384 Sierra: Yes
2024-10-15 04:33:39.003500 Romeo: No
2024-10-15 04:33:39.003622 November: No
2024-10-15 04:33:39.003726 Juliett: No
2024-10-15 04:33:39.003826 India: No
ChatterBot Victor reevaluating
ChatterBot Zulu reevaluating
ChatterBot Mike reevaluating
ChatterBot Sierra reevaluating
ChatterBot November reevaluating
ChatterBot Juliett reevaluating
ChatterBot India reevaluating
ChatterBot Victor reevaluating
ChatterBot Golf reevaluating
ChatterBot Mike reevaluating
ChatterBot Sierra reevaluating
ChatterBot November reevaluating
ChatterBot Juliett reevaluating
ChatterBot India reevaluating
ChatterBot Victor reevaluating
ChatterBot Golf reevaluating
ChatterBot Zulu reevaluating
ChatterBot Sierra reevaluating
ChatterBot November reevaluating
ChatterBot Juliett reevaluating
ChatterBot India reevaluating
ChatterBot Victor reevaluating
ChatterBot Golf reevaluating
ChatterBot Zulu reevaluating
ChatterBot Mike reevaluating
ChatterBot November reevaluating
ChatterBot Juliett reevaluating
ChatterBot India reevaluating
ChatterBot Victor reevaluating
ChatterBot Golf reevaluating
ChatterBot Zulu reevaluating
ChatterBot Mike reevaluating
ChatterBot Sierra reevaluating
ChatterBot November reevaluating
ChatterBot Juliett reevaluating
ChatterBot India reevaluating
ChatterBot Victor reevaluating
ChatterBot Golf reevaluating
ChatterBot Zulu reevaluating
ChatterBot Mike reevaluating
ChatterBot Sierra reevaluating
ChatterBot Juliett reevaluating
ChatterBot India reevaluating
ChatterBot Victor reevaluating
ChatterBot Golf reevaluating
ChatterBot Zulu reevaluating
ChatterBot Mike reevaluating
ChatterBot Sierra reevaluating
ChatterBot November reevaluating
ChatterBot India reevaluating
ChatterBot Victor reevaluating
ChatterBot Golf reevaluating
ChatterBot Zulu reevaluating
ChatterBot Mike reevaluating
ChatterBot Sierra reevaluating
ChatterBot November reevaluating
ChatterBot Juliett reevaluating
2024-10-15 04:33:39.315492 India: We should add Romeo
ChatterBot Juliett reevaluating
ChatterBot Victor reevaluating
ChatterBot Zulu reevaluating
ChatterBot Sierra reevaluating
ChatterBot Golf reevaluating
ChatterBot Mike reevaluating
ChatterBot November reevaluating
2024-10-15 04:33:39.350135 Juliett: Yes
2024-10-15 04:33:39.350288 Victor: Yes
2024-10-15 04:33:39.350405 Zulu: Yes
2024-10-15 04:33:39.350509 Sierra: Yes
2024-10-15 04:33:39.350625 Golf: Yes
2024-10-15 04:33:39.350737 Mike: Yes
2024-10-15 04:33:39.350828 November: No
ChatterBot India reevaluating
ChatterBot Victor reevaluating
ChatterBot Zulu reevaluating
ChatterBot Sierra reevaluating
ChatterBot Golf reevaluating
ChatterBot Mike reevaluating
ChatterBot November reevaluating
ChatterBot Juliett reevaluating
ChatterBot India reevaluating
ChatterBot Zulu reevaluating
ChatterBot Sierra reevaluating
ChatterBot Golf reevaluating
ChatterBot Mike reevaluating
ChatterBot November reevaluating
ChatterBot Juliett reevaluating
ChatterBot India reevaluating
ChatterBot Victor reevaluating
ChatterBot Sierra reevaluating
ChatterBot Golf reevaluating
ChatterBot Mike reevaluating
ChatterBot November reevaluating
ChatterBot Juliett reevaluating
ChatterBot India reevaluating
ChatterBot Victor reevaluating
ChatterBot Zulu reevaluating
ChatterBot Golf reevaluating
ChatterBot Mike reevaluating
ChatterBot November reevaluating
ChatterBot Juliett reevaluating
ChatterBot India reevaluating
ChatterBot Victor reevaluating
ChatterBot Zulu reevaluating
ChatterBot Sierra reevaluating
ChatterBot Mike reevaluating
ChatterBot November reevaluating
ChatterBot Juliett reevaluating
ChatterBot India reevaluating
ChatterBot Victor reevaluating
ChatterBot Zulu reevaluating
ChatterBot Sierra reevaluating
ChatterBot Golf reevaluating
ChatterBot November reevaluating
ChatterBot Juliett reevaluating
ChatterBot India reevaluating
ChatterBot Victor reevaluating
ChatterBot Zulu reevaluating
ChatterBot Sierra reevaluating
ChatterBot Golf reevaluating
ChatterBot Mike reevaluating
2024-10-15 04:33:39.614971 Juliett: Romeo we want you to join our group
2024-10-15 04:33:39.619821 Romeo: No
ChatterBot Victor reevaluating
ChatterBot November reevaluating
2024-10-15 04:33:39.654729 India: Romeo we want you to join our group
2024-10-15 04:33:39.659607 Romeo: No
ChatterBot November reevaluating
2024-10-15 04:33:40.115530 Zulu: Golf, sending you 2
2024-10-15 04:33:40.116597 Romeo: Golf, Zulu, Mike and Victor, sending you 3
2024-10-15 04:33:40.117021 Sierra: November, Juliett, India, Golf, Zulu, Mike and Romeo, sending you 1
2024-10-15 04:33:40.118181 Mike: Golf, sending you 2
2024-10-15 04:33:40.118768 Golf: Zulu, sending you 2
2024-10-15 04:33:40.120048 November: Romeo we want you to join our group
2024-10-15 04:33:40.125297 Romeo: No
ChatterBot November reevaluating
chatterbot Romeo submitting transactions
2024-10-15 04:33:40.161836 Zulu: Mike, sending you 7
2024-10-15 04:33:40.162429 Romeo: Sierra, sending you 2
2024-10-15 04:33:40.162847 Mike: Zulu, Sierra and Victor, sending you 4
2024-10-15 04:33:40.163977 Sierra: Victor, sending you 2
2024-10-15 04:33:40.165005 Golf: Mike, sending you 1
chatterbot X-ray submitting transactions
2024-10-15 04:33:40.165573 Juliett: November, sending you 13
2024-10-15 04:33:40.166565 India: November, sending you 6
2024-10-15 04:33:40.167184 Victor: November, sending you 5
2024-10-15 04:33:40.168098 Zulu: Romeo, sending you 6
2024-10-15 04:33:40.168526 Mike: Romeo, sending you 3
2024-10-15 04:33:40.169588 Golf: Sierra and Romeo, sending you 3
2024-10-15 04:33:40.549658 Juliett: India, sending you 6
2024-10-15 04:33:40.550863 India: Juliett, sending you 9
2024-10-15 04:33:40.551363 Zulu: Victor, sending you 4
2024-10-15 04:33:40.552630 Victor: Golf and Zulu, sending you 4
2024-10-15 04:33:40.553276 Golf: Victor, sending you 4
chatterbot India submitting transactions
2024-10-15 04:33:40.720586 India: Golf, Zulu, Mike, Sierra and Romeo, sending you 1
2024-10-15 04:33:40.721589 Victor: Mike and Sierra, sending you 2
chatterbot Juliett submitting transactions
chatterbot Golf submitting transactions
chatterbot Sierra submitting transactions
2024-10-15 04:33:40.830687 Victor: Romeo, sending you 3
2024-10-15 04:33:40.831154 November: Juliett, India, Golf, Zulu, Mike, Sierra and Romeo, sending you 2
chatterbot Zulu submitting transactions
chatterbot Mike submitting transactions
chatterbot Victor submitting transactions
chatterbot November submitting transactions
ChatterBot November round 3
ChatterBot Juliett round 3
ChatterBot X-ray round 3
ChatterBot India round 3
ChatterBot Golf round 3
ChatterBot Zulu round 3
ChatterBot Mike round 3
ChatterBot Sierra round 3
ChatterBot Romeo round 3
ChatterBot Victor round 3
2024-10-15 04:33:41.385499 India: November, sending you 5
2024-10-15 04:33:41.411637 India: Juliett, sending you 9
2024-10-15 04:33:41.413239 Mike: Golf, Sierra, Romeo and Victor, sending you 3
2024-10-15 04:33:41.414769 X-ray: Sending you 11
2024-10-15 04:33:41.415332 Zulu: Golf, sending you 3
2024-10-15 04:33:41.416762 Juliett: November, sending you 5
2024-10-15 04:33:41.418006 Golf: Zulu, Mike and Sierra, sending you 2
2024-10-15 04:33:41.419385 Victor: November and Sierra, sending you 2
2024-10-15 04:33:41.421087 November: Juliett, India, Golf, Zulu, Sierra, Romeo and Victor, sending you 2
2024-10-15 04:33:41.422789 Romeo: Golf, Zulu, Mike and Victor, sending you 3
2024-10-15 04:33:41.423456 Sierra: November, Juliett, India, Golf, Zulu, Romeo and Victor, sending you 1
2024-10-15 04:33:41.425481 India: Golf, Zulu, Romeo and Victor, sending you 1
2024-10-15 04:33:41.427009 Mike: Zulu, sending you 5
2024-10-15 04:33:41.428653 Zulu: Mike, sending you 6
2024-10-15 04:33:41.430151 Juliett: India, sending you 13
2024-10-15 04:33:41.431421 Golf: Romeo, sending you 3
2024-10-15 04:33:41.432322 Victor: Juliett, sending you 1
2024-10-15 04:33:41.433918 Romeo: Sierra, sending you 2
2024-10-15 04:33:41.435316 Sierra: Mike, sending you 2
2024-10-15 04:33:41.437303 India: Sierra, sending you 2
2024-10-15 04:33:41.439044 Zulu: Romeo and Victor, sending you 5
2024-10-15 04:33:41.440703 Juliett: Sierra, sending you 1
2024-10-15 04:33:41.441916 Golf: Victor, sending you 4
2024-10-15 04:33:41.443086 Victor: Golf, sending you 5
2024-10-15 04:33:41.451913 Victor: Zulu, sending you 4
2024-10-15 04:33:41.458342 Victor: Mike and Romeo, sending you 3
chatterbot India submitting transactions
chatterbot X-ray submitting transactions
chatterbot Zulu submitting transactions
chatterbot Romeo submitting transactions
chatterbot Juliett submitting transactions
chatterbot Golf submitting transactions
chatterbot November submitting transactions
chatterbot Victor submitting transactions
chatterbot Sierra submitting transactions
chatterbot Mike submitting transactions
ChatterBot November round 4
ChatterBot Juliett round 4
ChatterBot X-ray round 4
ChatterBot India round 4
ChatterBot Golf round 4
ChatterBot Zulu round 4
ChatterBot Mike round 4
ChatterBot Sierra round 4
ChatterBot Romeo round 4
ChatterBot Victor round 4
2024-10-15 04:33:45.122248 Juliett: November, sending you 4
2024-10-15 04:33:45.134177 Golf: Zulu, Mike and Sierra, sending you 2
2024-10-15 04:33:45.135520 November: Juliett and India, sending you 5
2024-10-15 04:33:45.136084 Juliett: India, sending you 12
2024-10-15 04:33:45.137529 Sierra: November, Juliett, India, Golf, Zulu, Romeo and Victor, sending you 1
2024-10-15 04:33:45.138584 Zulu: Golf, sending you 3
2024-10-15 04:33:45.140374 Mike: Golf, Sierra, Romeo and Victor, sending you 3
2024-10-15 04:33:45.142012 India: November, sending you 4
2024-10-15 04:33:45.143656 Golf: Romeo, sending you 3
2024-10-15 04:33:45.144333 Romeo: Golf, Zulu, Mike and Victor, sending you 3
2024-10-15 04:33:45.145737 November: Sierra, sending you 4
2024-10-15 04:33:45.146385 Juliett: Sierra, sending you 2
2024-10-15 04:33:45.147862 Sierra: Mike, sending you 2
2024-10-15 04:33:45.148606 Zulu: Mike, sending you 6
2024-10-15 04:33:45.149983 Mike: Zulu, sending you 5
2024-10-15 04:33:45.150630 Victor: November and Sierra, sending you 2
2024-10-15 04:33:45.152106 India: Juliett, sending you 10
2024-10-15 04:33:45.153358 Golf: Victor, sending you 4
2024-10-15 04:33:45.154165 Romeo: Sierra, sending you 2
2024-10-15 04:33:45.155592 Juliett: Victor, sending you 1
2024-10-15 04:33:45.157233 Zulu: Sierra, sending you 1
2024-10-15 04:33:45.157869 Victor: Golf and Zulu, sending you 5
2024-10-15 04:33:45.159186 India: Golf, Zulu, Romeo and Victor, sending you 1
2024-10-15 04:33:45.162063 Zulu: Romeo, sending you 4
2024-10-15 04:33:45.162738 India: Sierra, sending you 2
2024-10-15 04:33:45.164314 Victor: Mike and Romeo, sending you 3
2024-10-15 04:33:45.165745 Zulu: Victor, sending you 5
chatterbot Mike submitting transactions
chatterbot X-ray submitting transactions
chatterbot Sierra submitting transactions
chatterbot Zulu submitting transactions
chatterbot Golf submitting transactions
chatterbot Romeo submitting transactions
chatterbot Juliett submitting transactions
chatterbot India submitting transactions
chatterbot Victor submitting transactions
chatterbot November submitting transactions
ChatterBot November round 5
ChatterBot Juliett round 5
ChatterBot X-ray round 5
ChatterBot India round 5
ChatterBot Golf round 5
ChatterBot Zulu round 5
ChatterBot Mike round 5
ChatterBot Sierra round 5
ChatterBot Romeo round 5
ChatterBot Victor round 5
2024-10-15 04:33:46.398683 Juliett: November, sending you 6
2024-10-15 04:33:46.402659 Juliett: India, sending you 11
2024-10-15 04:33:46.405707 X-ray: Juliett and India, sending you 7
2024-10-15 04:33:46.408668 Juliett: Sierra, sending you 2
2024-10-15 04:33:46.409044 India: November, sending you 6
2024-10-15 04:33:46.409292 Mike: Golf, Sierra, Romeo and Victor, sending you 3
2024-10-15 04:33:46.410333 Golf: Zulu, Mike and Sierra, sending you 2
2024-10-15 04:33:46.410827 Zulu: Golf, sending you 3
2024-10-15 04:33:46.411261 November: Juliett and India, sending you 5
2024-10-15 04:33:46.412229 India: Juliett, sending you 11
2024-10-15 04:33:46.412792 Mike: Zulu, sending you 5
2024-10-15 04:33:46.414693 Golf: Romeo, sending you 3
2024-10-15 04:33:46.415337 Zulu: Mike, sending you 6
2024-10-15 04:33:46.415900 November: Sierra, sending you 4
2024-10-15 04:33:46.416628 Romeo: Golf, Zulu, Mike and Victor, sending you 3
2024-10-15 04:33:46.417171 India: X-ray, sending you 2
2024-10-15 04:33:46.417509 Sierra: November, Juliett, India, Golf, Zulu, Romeo and Victor, sending you 1
2024-10-15 04:33:46.419694 Golf: Victor, sending you 4
2024-10-15 04:33:46.420907 Victor: November and Sierra, sending you 2
2024-10-15 04:33:46.421475 Zulu: Sierra, sending you 1
2024-10-15 04:33:46.422025 Romeo: Sierra, sending you 2
2024-10-15 04:33:46.423111 Sierra: Mike, sending you 2
2024-10-15 04:33:46.423793 Victor: India, sending you 1
2024-10-15 04:33:46.424936 Zulu: Romeo, sending you 4
2024-10-15 04:33:46.429121 Victor: Golf, sending you 4
2024-10-15 04:33:46.429900 Zulu: Victor, sending you 5
2024-10-15 04:33:46.434654 Victor: Zulu, sending you 5
2024-10-15 04:33:46.438661 Victor: Mike and Romeo, sending you 3
chatterbot Zulu submitting transactions
chatterbot Romeo submitting transactions
chatterbot November submitting transactions
chatterbot Sierra submitting transactions
chatterbot Juliett submitting transactions
chatterbot India submitting transactions
chatterbot X-ray submitting transactions
chatterbot Victor submitting transactions
chatterbot Golf submitting transactions
chatterbot Mike submitting transactions
ChatterBot November round 6
ChatterBot Juliett round 6
ChatterBot X-ray round 6
ChatterBot India round 6
ChatterBot Golf round 6
ChatterBot Zulu round 6
ChatterBot Mike round 6
ChatterBot Sierra round 6
ChatterBot Romeo round 6
ChatterBot Victor round 6
2024-10-15 04:33:47.664821 November: We should add X-ray
ChatterBot Juliett reevaluating
ChatterBot India reevaluating
ChatterBot Sierra reevaluating
2024-10-15 04:33:47.677932 Juliett: Yes
2024-10-15 04:33:47.678094 India: Yes
2024-10-15 04:33:47.678285 Sierra: Yes
ChatterBot India reevaluating
ChatterBot Sierra reevaluating
ChatterBot Juliett reevaluating
ChatterBot Sierra reevaluating
ChatterBot Juliett reevaluating
ChatterBot India reevaluating
2024-10-15 04:33:47.724229 Zulu: We should add Juliett
ChatterBot Victor reevaluating
ChatterBot Sierra reevaluating
2024-10-15 04:33:47.742019 Golf: No
2024-10-15 04:33:47.742190 Romeo: No
2024-10-15 04:33:47.742373 Victor: Yes
2024-10-15 04:33:47.742495 Mike: No
2024-10-15 04:33:47.742609 Sierra: No
ChatterBot Zulu reevaluating
ChatterBot Victor reevaluating
ChatterBot Sierra reevaluating
ChatterBot Zulu reevaluating
ChatterBot Victor reevaluating
ChatterBot Sierra reevaluating
ChatterBot Golf reevaluating
ChatterBot Zulu reevaluating
ChatterBot Mike reevaluating
ChatterBot Sierra reevaluating
ChatterBot Golf reevaluating
ChatterBot Zulu reevaluating
ChatterBot Victor reevaluating
ChatterBot Sierra reevaluating
ChatterBot Golf reevaluating
ChatterBot Zulu reevaluating
ChatterBot Victor reevaluating
ChatterBot Mike reevaluating
2024-10-15 04:33:47.840410 X-ray: We should add Sierra
ChatterBot India reevaluating
ChatterBot Juliett reevaluating
2024-10-15 04:33:47.850327 India: Yes
2024-10-15 04:33:47.850458 November: Yes
2024-10-15 04:33:47.850635 Juliett: Yes
ChatterBot Juliett reevaluating
ChatterBot India reevaluating
ChatterBot Juliett reevaluating
ChatterBot India reevaluating
2024-10-15 04:33:47.896052 November: X-ray we want you to join our group
2024-10-15 04:33:47.899630 X-ray: Yes
ChatterBot Juliett reevaluating
ChatterBot India reevaluating
ChatterBot Sierra reevaluating
2024-10-15 04:33:47.912593 Zulu: We should add India
ChatterBot Golf reevaluating
ChatterBot Victor reevaluating
ChatterBot Mike reevaluating
2024-10-15 04:33:47.927666 Golf: No
2024-10-15 04:33:47.927849 Romeo: No
2024-10-15 04:33:47.927963 Victor: No
2024-10-15 04:33:47.928075 Mike: No
2024-10-15 04:33:47.928181 Sierra: No
ChatterBot Zulu reevaluating
ChatterBot Victor reevaluating
ChatterBot Mike reevaluating
ChatterBot Golf reevaluating
ChatterBot Zulu reevaluating
ChatterBot Victor reevaluating
ChatterBot Mike reevaluating
ChatterBot Golf reevaluating
ChatterBot Zulu reevaluating
ChatterBot Mike reevaluating
ChatterBot Golf reevaluating
ChatterBot Zulu reevaluating
ChatterBot Victor reevaluating
ChatterBot Golf reevaluating
ChatterBot Zulu reevaluating
ChatterBot Victor reevaluating
ChatterBot Mike reevaluating
2024-10-15 04:33:48.159769 Zulu: We should add November
ChatterBot Golf reevaluating
ChatterBot Victor reevaluating
ChatterBot Mike reevaluating
2024-10-15 04:33:48.180436 Golf: No
2024-10-15 04:33:48.180893 Romeo: No
2024-10-15 04:33:48.181218 Victor: Yes
2024-10-15 04:33:48.181518 Mike: No
2024-10-15 04:33:48.182347 Sierra: Yes
ChatterBot Zulu reevaluating
ChatterBot Victor reevaluating
ChatterBot Mike reevaluating
ChatterBot Golf reevaluating
ChatterBot Zulu reevaluating
ChatterBot Victor reevaluating
ChatterBot Mike reevaluating
ChatterBot Golf reevaluating
ChatterBot Zulu reevaluating
ChatterBot Mike reevaluating
ChatterBot Golf reevaluating
ChatterBot Zulu reevaluating
ChatterBot Victor reevaluating
ChatterBot Golf reevaluating
ChatterBot Zulu reevaluating
ChatterBot Victor reevaluating
ChatterBot Mike reevaluating
2024-10-15 04:33:48.278605 X-ray: Sierra we want you to join our group
2024-10-15 04:33:48.281667 Sierra: No
ChatterBot Juliett reevaluating
2024-10-15 04:33:48.292985 India: Sierra we want you to join our group
2024-10-15 04:33:48.296166 Sierra: No
ChatterBot Juliett reevaluating
2024-10-15 04:33:48.312142 Sierra: We should drop Juliett and India
ChatterBot Zulu reevaluating
2024-10-15 04:33:48.329046 Golf: Yes
2024-10-15 04:33:48.329289 Zulu: Yes
2024-10-15 04:33:48.329468 Mike: Yes
2024-10-15 04:33:48.329790 Romeo: Yes
2024-10-15 04:33:48.329958 Victor: Yes
2024-10-15 04:33:48.330197 November: No
ChatterBot Zulu reevaluating
ChatterBot Victor reevaluating
ChatterBot Victor reevaluating
ChatterBot Zulu reevaluating
ChatterBot Victor reevaluating
ChatterBot Golf reevaluating
ChatterBot Zulu reevaluating
ChatterBot Victor reevaluating
ChatterBot Golf reevaluating
ChatterBot Zulu reevaluating
ChatterBot Golf reevaluating
ChatterBot Zulu reevaluating
ChatterBot Victor reevaluating
chatterbot November submitting transactions
2024-10-15 04:33:48.435970 Juliett: X-ray we want you to join our group
2024-10-15 04:33:48.442175 X-ray: Yes
2024-10-15 04:33:48.458660 November: Juliett and India, sending you 4
2024-10-15 04:33:48.459915 Romeo: Golf, Zulu, Mike and Victor, sending you 3
2024-10-15 04:33:48.463695 November: X-ray and Sierra, sending you 3
2024-10-15 04:33:48.464430 Sierra: November, Golf, Mike and Victor, sending you 2
2024-10-15 04:33:48.466073 X-ray: Juliett, sending you 2
2024-10-15 04:33:48.466739 Romeo: Sierra, sending you 2
2024-10-15 04:33:48.468399 Mike: Golf, Sierra, Romeo and Victor, sending you 3
2024-10-15 04:33:48.469507 India: November, sending you 5
2024-10-15 04:33:48.471164 X-ray: India, sending you 12
2024-10-15 04:33:48.471722 Sierra: Romeo, sending you 1
2024-10-15 04:33:48.473683 Mike: Zulu, sending you 5
2024-10-15 04:33:48.474341 India: Juliett, sending you 9
2024-10-15 04:33:48.475188 Juliett: November, sending you 6
2024-10-15 04:33:48.475680 X-ray: Sierra, sending you 1
2024-10-15 04:33:48.477332 Victor: Golf and Zulu, sending you 4
2024-10-15 04:33:48.478676 India: X-ray and Sierra, sending you 3
2024-10-15 04:33:48.479703 Juliett: X-ray, sending you 2
2024-10-15 04:33:48.480686 Victor: Mike and Romeo, sending you 3
2024-10-15 04:33:48.482016 Zulu: Golf, sending you 3
2024-10-15 04:33:48.484704 Juliett: India, sending you 11
2024-10-15 04:33:48.487412 Victor: Sierra, sending you 1
2024-10-15 04:33:48.487929 Zulu: Mike, sending you 6
2024-10-15 04:33:48.488887 Juliett: Sierra, sending you 1
2024-10-15 04:33:48.492681 Zulu: Sierra, sending you 1
chatterbot India submitting transactions
2024-10-15 04:33:48.499391 Zulu: Romeo, sending you 4
2024-10-15 04:33:48.504674 Zulu: Victor, sending you 5
chatterbot Juliett submitting transactions
chatterbot Zulu submitting transactions
chatterbot X-ray submitting transactions
chatterbot Sierra submitting transactions
chatterbot Victor submitting transactions
chatterbot Golf submitting transactions
chatterbot Romeo submitting transactions
chatterbot Mike submitting transactions
ChatterBot November round 7
ChatterBot Juliett round 7
ChatterBot X-ray round 7
ChatterBot India round 7
ChatterBot Golf round 7
ChatterBot Zulu round 7
ChatterBot Mike round 7
ChatterBot Sierra round 7
ChatterBot Romeo round 7
ChatterBot Victor round 7
2024-10-15 04:33:49.268668 X-ray: November, sending you 5
2024-10-15 04:33:49.269192 Golf: Zulu and Sierra, sending you 2
2024-10-15 04:33:49.270686 November: Juliett and India, sending you 4
2024-10-15 04:33:49.271673 Romeo: Golf, Zulu, Mike and Victor, sending you 3
2024-10-15 04:33:49.273036 Sierra: November, Mike and Romeo, sending you 2
2024-10-15 04:33:49.273576 Golf: Mike, Romeo and Victor, sending you 3
2024-10-15 04:33:49.274317 X-ray: Juliett, sending you 4
2024-10-15 04:33:49.274757 Juliett: November, sending you 6
2024-10-15 04:33:49.275728 November: X-ray and Sierra, sending you 3
2024-10-15 04:33:49.276141 Romeo: Sierra, sending you 2
2024-10-15 04:33:49.276856 Sierra: Golf, Zulu and Victor, sending you 1
2024-10-15 04:33:49.277689 India: November, sending you 5
2024-10-15 04:33:49.278661 X-ray: India, sending you 7
2024-10-15 04:33:49.281175 Juliett: X-ray, sending you 2
2024-10-15 04:33:49.281580 Zulu: Golf, sending you 3
2024-10-15 04:33:49.282365 Victor: Golf and Zulu, sending you 4
2024-10-15 04:33:49.282974 Mike: Golf, Sierra, Romeo and Victor, sending you 3
2024-10-15 04:33:49.284106 India: Juliett, sending you 9
2024-10-15 04:33:49.284497 X-ray: Sierra, sending you 1
2024-10-15 04:33:49.284962 Juliett: India, sending you 11
2024-10-15 04:33:49.286679 Zulu: Mike, sending you 6
2024-10-15 04:33:49.287326 Victor: Mike and Romeo, sending you 3
2024-10-15 04:33:49.287709 Mike: Zulu, sending you 5
2024-10-15 04:33:49.288663 India: X-ray, sending you 4
2024-10-15 04:33:49.289690 Juliett: Sierra, sending you 1
2024-10-15 04:33:49.291126 Victor: Sierra, sending you 1
2024-10-15 04:33:49.291541 Victor: I was attacked by X-ray
ChatterBot Golf reevaluating
ChatterBot Mike reevaluating
2024-10-15 04:33:49.310564 Victor: Ow
2024-10-15 04:33:49.311593 Zulu: Sierra, sending you 1
2024-10-15 04:33:49.312598 India: Sierra, sending you 2
2024-10-15 04:33:49.315722 Zulu: Romeo, sending you 4
2024-10-15 04:33:49.318572 Golf: We should drop Sierra
ChatterBot Mike reevaluating
ChatterBot Victor reevaluating
2024-10-15 04:33:49.337369 Zulu: No
2024-10-15 04:33:49.337972 Mike: Yes
2024-10-15 04:33:49.338147 Romeo: No
2024-10-15 04:33:49.338318 Victor: Yes
ChatterBot Golf reevaluating
ChatterBot Mike reevaluating
ChatterBot Victor reevaluating
ChatterBot Golf reevaluating
ChatterBot Victor reevaluating
ChatterBot Golf reevaluating
ChatterBot Mike reevaluating
ChatterBot Victor reevaluating
ChatterBot Golf reevaluating
ChatterBot Mike reevaluating
2024-10-15 04:33:49.420622 Zulu: Victor, sending you 5
2024-10-15 04:33:49.426857 Victor: We should drop November
ChatterBot Golf reevaluating
ChatterBot Zulu reevaluating
2024-10-15 04:33:49.447913 Golf: Yes
2024-10-15 04:33:49.448177 Zulu: Yes
2024-10-15 04:33:49.448406 Romeo: Yes
2024-10-15 04:33:49.448627 Mike: Yes
2024-10-15 04:33:49.448835 Sierra: No
ChatterBot Zulu reevaluating
ChatterBot Victor reevaluating
ChatterBot Golf reevaluating
ChatterBot Victor reevaluating
ChatterBot Sierra reevaluating
ChatterBot Golf reevaluating
ChatterBot Zulu reevaluating
ChatterBot Victor reevaluating
ChatterBot Sierra reevaluating
ChatterBot Golf reevaluating
ChatterBot Zulu reevaluating
ChatterBot Victor reevaluating
ChatterBot Sierra reevaluating
ChatterBot Golf reevaluating
ChatterBot Zulu reevaluating
ChatterBot Victor reevaluating
2024-10-15 04:33:49.568811 Mike: Sorry, I'm actually sending you 0
2024-10-15 04:33:49.571666 Mike: Golf, Romeo and Victor, sending you 4
2024-10-15 04:33:49.587191 Zulu: Sorry, I'm actually sending you 0
2024-10-15 04:33:49.597296 Golf: Sorry, I'm actually sending you 0
2024-10-15 04:33:49.597892 Zulu: Mike, sending you 7
2024-10-15 04:33:49.600682 Golf: Zulu, Mike and Romeo, sending you 3
2024-10-15 04:33:49.604648 Golf: Victor, sending you 4
chatterbot X-ray submitting transactions
chatterbot November submitting transactions
chatterbot Zulu submitting transactions
chatterbot Romeo submitting transactions
chatterbot Mike submitting transactions
chatterbot India submitting transactions
chatterbot Victor submitting transactions
chatterbot Juliett submitting transactions
chatterbot Sierra submitting transactions
chatterbot Golf submitting transactions
ChatterBot November round 8
ChatterBot Juliett round 8
ChatterBot X-ray round 8
ChatterBot India round 8
ChatterBot Golf round 8
ChatterBot Zulu round 8
ChatterBot Mike round 8
ChatterBot Sierra round 8
ChatterBot Romeo round 8
ChatterBot Victor round 8
2024-10-15 04:33:50.632910 Zulu: We should add Sierra
2024-10-15 04:33:50.655002 Golf: No
2024-10-15 04:33:50.655931 Mike: No
2024-10-15 04:33:50.656162 Romeo: Yes
2024-10-15 04:33:50.656356 Victor: Yes
ChatterBot Victor reevaluating
ChatterBot Victor reevaluating
ChatterBot Zulu reevaluating
ChatterBot Victor reevaluating
ChatterBot Zulu reevaluating
ChatterBot Mike reevaluating
2024-10-15 04:33:50.775662 Zulu: Sierra we want you to join our group
ChatterBot Sierra reevaluating
2024-10-15 04:33:50.784079 Sierra: Yes
ChatterBot Golf reevaluating
ChatterBot Zulu reevaluating
ChatterBot Mike reevaluating
2024-10-15 04:33:50.818166 November: Juliett and India, sending you 4
2024-10-15 04:33:50.819820 Victor: We should drop November
ChatterBot Golf reevaluating
ChatterBot Zulu reevaluating
ChatterBot Mike reevaluating
ChatterBot Sierra reevaluating
2024-10-15 04:33:50.847534 Golf: Yes
2024-10-15 04:33:50.847762 Zulu: Yes
2024-10-15 04:33:50.847966 Romeo: Yes
2024-10-15 04:33:50.848146 Mike: Yes
2024-10-15 04:33:50.848337 Sierra: Yes
ChatterBot Zulu reevaluating
ChatterBot Mike reevaluating
ChatterBot Sierra reevaluating
ChatterBot Golf reevaluating
ChatterBot Mike reevaluating
ChatterBot Sierra reevaluating
ChatterBot Golf reevaluating
ChatterBot Zulu reevaluating
ChatterBot Mike reevaluating
ChatterBot Sierra reevaluating
ChatterBot Golf reevaluating
ChatterBot Zulu reevaluating
ChatterBot Sierra reevaluating
ChatterBot Golf reevaluating
ChatterBot Zulu reevaluating
ChatterBot Mike reevaluating
2024-10-15 04:33:50.972152 X-ray: November, sending you 6
2024-10-15 04:33:50.973453 November: X-ray and Sierra, sending you 3
2024-10-15 04:33:50.974134 Juliett: November, sending you 5
2024-10-15 04:33:50.975783 Mike: Sierra we want you to join our group
ChatterBot Sierra reevaluating
2024-10-15 04:33:50.981096 Sierra: Yes
ChatterBot Golf reevaluating
ChatterBot Zulu reevaluating
2024-10-15 04:33:51.000061 Romeo: Golf, Zulu, Mike and Victor, sending you 3
2024-10-15 04:33:51.001305 India: November, sending you 5
2024-10-15 04:33:51.001754 X-ray: Juliett, sending you 4
2024-10-15 04:33:51.002191 November: Sierra did not give me 2 like they said
ChatterBot Juliett reevaluating
ChatterBot X-ray reevaluating
ChatterBot India reevaluating
ChatterBot Sierra reevaluating
2024-10-15 04:33:51.018326 Romeo: Sierra, sending you 2
2024-10-15 04:33:51.019147 Golf: Sierra we want you to join our group
2024-10-15 04:33:51.022865 Sierra: Yes
ChatterBot Golf reevaluating
ChatterBot Victor reevaluating
2024-10-15 04:33:51.037006 Victor: We should replace November with India
ChatterBot Golf reevaluating
2024-10-15 04:33:51.049743 Golf: No
2024-10-15 04:33:51.049964 Zulu: No
2024-10-15 04:33:51.050131 Romeo: No
2024-10-15 04:33:51.050280 Mike: No
2024-10-15 04:33:51.050803 Sierra: No
ChatterBot Victor reevaluating
ChatterBot Golf reevaluating
ChatterBot Victor reevaluating
ChatterBot Golf reevaluating
ChatterBot Victor reevaluating
ChatterBot Golf reevaluating
ChatterBot Victor reevaluating
ChatterBot Golf reevaluating
ChatterBot Victor reevaluating
2024-10-15 04:33:51.121099 Mike: Golf, Sierra, Romeo and Victor, sending you 3
2024-10-15 04:33:51.126673 Mike: Zulu, sending you 5
2024-10-15 04:33:51.138669 Sierra: Golf, Mike, Romeo and Victor, sending you 2
2024-10-15 04:33:51.142678 Sierra: Zulu, sending you 1
2024-10-15 04:33:51.146668 Golf: Zulu and Sierra, sending you 2
2024-10-15 04:33:51.147968 Zulu: Golf, sending you 3
2024-10-15 04:33:51.151685 Golf: Mike, Romeo and Victor, sending you 3
2024-10-15 04:33:51.152659 Zulu: Mike, sending you 6
2024-10-15 04:33:51.157679 Zulu: Sierra, sending you 1
2024-10-15 04:33:51.162671 Zulu: Romeo, sending you 4
2024-10-15 04:33:51.167667 Zulu: Victor, sending you 5
chatterbot India submitting transactions
chatterbot November submitting transactions
chatterbot Juliett submitting transactions
chatterbot Romeo submitting transactions
chatterbot Mike submitting transactions
chatterbot Victor submitting transactions
chatterbot Zulu submitting transactions
chatterbot Juliett submitting transactions
chatterbot X-ray submitting transactions
chatterbot X-ray submitting transactions
chatterbot Golf submitting transactions
chatterbot Sierra submitting transactions
chatterbot India submitting transactions
ChatterBot November round 9
ChatterBot Juliett round 9
ChatterBot X-ray round 9
ChatterBot India round 9
ChatterBot Golf round 9
ChatterBot Zulu round 9
ChatterBot Mike round 9
ChatterBot Sierra round 9
ChatterBot Romeo round 9
ChatterBot Victor round 9
2024-10-15 04:33:52.564663 Golf: Zulu and Sierra, sending you 2
2024-10-15 04:33:52.566687 Romeo: Golf, Zulu, Mike and Victor, sending you 3
2024-10-15 04:33:52.569678 Golf: Mike, Romeo and Victor, sending you 3
2024-10-15 04:33:52.570532 Zulu: Golf, sending you 3
2024-10-15 04:33:52.572333 Romeo: Sierra, sending you 2
2024-10-15 04:33:52.573317 November: Juliett and India, sending you 4
2024-10-15 04:33:52.574566 Sierra: Golf, Mike, Romeo and Victor, sending you 2
2024-10-15 04:33:52.575709 Mike: Golf, Sierra, Romeo and Victor, sending you 3
2024-10-15 04:33:52.577307 Zulu: Mike, sending you 6
2024-10-15 04:33:52.578445 November: X-ray and Sierra, sending you 3
2024-10-15 04:33:52.579742 Sierra: Zulu, sending you 1
2024-10-15 04:33:52.581918 Mike: Zulu, sending you 5
2024-10-15 04:33:52.582853 Zulu: Sierra, sending you 1
2024-10-15 04:33:52.588725 Zulu: Romeo, sending you 4
2024-10-15 04:33:52.592666 Zulu: Victor, sending you 5
chatterbot November submitting transactions
chatterbot Sierra submitting transactions
chatterbot Mike submitting transactions
chatterbot Zulu submitting transactions
chatterbot Juliett submitting transactions
chatterbot Romeo submitting transactions
chatterbot India submitting transactions
chatterbot X-ray submitting transactions
chatterbot Victor submitting transactions
chatterbot Golf submitting transactions
ChatterBot November round 10
ChatterBot Juliett round 10
ChatterBot X-ray round 10
ChatterBot India round 10
ChatterBot Golf round 10
ChatterBot Zulu round 10
ChatterBot Mike round 10
ChatterBot Sierra round 10
ChatterBot Romeo round 10
ChatterBot Victor round 10
2024-10-15 04:33:53.887977 Golf: Zulu and Sierra, sending you 2
2024-10-15 04:33:53.890800 Mike: Golf, Sierra, Romeo and Victor, sending you 3
2024-10-15 04:33:53.892794 November: Juliett and India, sending you 4
2024-10-15 04:33:53.904563 Golf: Mike, Romeo and Victor, sending you 3
2024-10-15 04:33:53.906435 Mike: Zulu, sending you 5
2024-10-15 04:33:53.908272 Sierra: Golf, Mike, Romeo and Victor, sending you 2
2024-10-15 04:33:53.910325 Romeo: Golf, Zulu, Mike and Victor, sending you 3
2024-10-15 04:33:53.912411 November: X-ray and Sierra, sending you 3
2024-10-15 04:33:53.913960 Zulu: Mike, sending you 1
2024-10-15 04:33:53.916752 Sierra: Zulu, sending you 1
2024-10-15 04:33:53.918812 Romeo: Sierra, sending you 2
chatterbot India submitting transactions
chatterbot Golf submitting transactions
chatterbot X-ray submitting transactions
chatterbot Sierra submitting transactions
chatterbot Romeo submitting transactions
chatterbot Victor submitting transactions
chatterbot Juliett submitting transactions
chatterbot Zulu submitting transactions
chatterbot Mike submitting transactions
chatterbot November submitting transactions
ChatterBot November round 11
ChatterBot Juliett round 11
ChatterBot X-ray round 11
