ChatterBot Mike round 1
ChatterBot Kilo round 1
ChatterBot Juliett round 1
ChatterBot India round 1
ChatterBot Quebec round 1
ChatterBot Oscar round 1
ChatterBot Golf round 1
ChatterBot Hotel round 1
ChatterBot Tango round 1
ChatterBot Victor round 1
randomSelections Mike: {Mike, Victor, India, Kilo, Golf} 
2024-10-15 04:33:36.748895 Mike: Group up?
ChatterBot Victor reevaluating
ChatterBot India reevaluating
ChatterBot Kilo reevaluating
ChatterBot Golf reevaluating
2024-10-15 04:33:36.763212 Victor: Yes
2024-10-15 04:33:36.764869 India: Yes
2024-10-15 04:33:36.764996 Kilo: Yes
2024-10-15 04:33:36.765123 Golf: Yes
ChatterBot India reevaluating
ChatterBot Kilo reevaluating
ChatterBot Golf reevaluating
ChatterBot Victor reevaluating
ChatterBot Kilo reevaluating
ChatterBot Golf reevaluating
ChatterBot Victor reevaluating
ChatterBot India reevaluating
ChatterBot Golf reevaluating
ChatterBot Victor reevaluating
ChatterBot India reevaluating
ChatterBot Kilo reevaluating
randomSelections Hotel: {Hotel, Kilo, Quebec, Tango, Juliett} 
2024-10-15 04:33:36.823813 Hotel: Friends?
ChatterBot Kilo reevaluating
ChatterBot Quebec reevaluating
ChatterBot Tango reevaluating
ChatterBot Juliett reevaluating
2024-10-15 04:33:36.835524 Kilo: No
2024-10-15 04:33:36.835709 Quebec: Yes
2024-10-15 04:33:36.836578 Tango: Yes
2024-10-15 04:33:36.836713 Juliett: Yes
ChatterBot Quebec reevaluating
ChatterBot Tango reevaluating
ChatterBot Juliett reevaluating
ChatterBot Kilo reevaluating
ChatterBot Tango reevaluating
ChatterBot Juliett reevaluating
ChatterBot Kilo reevaluating
ChatterBot Quebec reevaluating
ChatterBot Juliett reevaluating
ChatterBot Kilo reevaluating
ChatterBot Quebec reevaluating
ChatterBot Tango reevaluating
randomSelections Oscar: {Oscar, Golf, Hotel, Kilo, Quebec, Juliett} 
2024-10-15 04:33:37.023429 Oscar: We should group up
ChatterBot Golf reevaluating
ChatterBot Kilo reevaluating
ChatterBot Quebec reevaluating
ChatterBot Juliett reevaluating
2024-10-15 04:33:37.038355 Golf: No
2024-10-15 04:33:37.038662 Hotel: No
2024-10-15 04:33:37.039408 Kilo: No
2024-10-15 04:33:37.039590 Quebec: No
2024-10-15 04:33:37.039846 Juliett: No
ChatterBot Kilo reevaluating
ChatterBot Quebec reevaluating
ChatterBot Juliett reevaluating
ChatterBot Golf reevaluating
ChatterBot Kilo reevaluating
ChatterBot Quebec reevaluating
ChatterBot Juliett reevaluating
ChatterBot Golf reevaluating
ChatterBot Quebec reevaluating
ChatterBot Juliett reevaluating
ChatterBot Golf reevaluating
ChatterBot Kilo reevaluating
ChatterBot Juliett reevaluating
ChatterBot Golf reevaluating
ChatterBot Kilo reevaluating
ChatterBot Quebec reevaluating
2024-10-15 04:33:37.133120 Mike: India, sending you 3
2024-10-15 04:33:37.134461 India: Mike and Golf, sending you 4
2024-10-15 04:33:37.135233 Tango: Kilo, sending you 6
2024-10-15 04:33:37.136342 Kilo: Mike and India, sending you 7
2024-10-15 04:33:37.137078 Hotel: Kilo, Juliett and Quebec, sending you 2
2024-10-15 04:33:37.138573 Victor: Mike, sending you 1
2024-10-15 04:33:37.140253 Quebec: Kilo, sending you 6
2024-10-15 04:33:37.140842 Oscar: Kilo, sending you 4
2024-10-15 04:33:37.142411 Mike: Golf, sending you 1
2024-10-15 04:33:37.142985 India: Kilo, sending you 1
2024-10-15 04:33:37.144276 Tango: Juliett, sending you 5
2024-10-15 04:33:37.144986 Kilo: Golf and Victor, sending you 2
2024-10-15 04:33:37.146526 Hotel: Tango, sending you 1
2024-10-15 04:33:37.147357 Victor: Kilo and Golf, sending you 5
2024-10-15 04:33:37.149022 Quebec: Juliett, sending you 5
2024-10-15 04:33:37.150575 Oscar: Juliett, sending you 3
2024-10-15 04:33:37.151888 Mike: Victor, sending you 5
2024-10-15 04:33:37.153315 Juliett: Kilo and Tango, sending you 1
2024-10-15 04:33:37.154305 India: Victor, sending you 8
2024-10-15 04:33:37.156147 Tango: Hotel, sending you 3
2024-10-15 04:33:37.158486 Victor: India, sending you 2
2024-10-15 04:33:37.159527 Quebec: Hotel, sending you 1
2024-10-15 04:33:37.161164 Oscar: Quebec, sending you 5
2024-10-15 04:33:37.162051 Juliett: Quebec, sending you 3
2024-10-15 04:33:37.163982 Quebec: Tango, sending you 3
2024-10-15 04:33:37.166058 Oscar: Golf, sending you 6
2024-10-15 04:33:37.169425 Juliett: Hotel, sending you 2
chatterbot Mike submitting transactions
chatterbot Quebec submitting transactions
chatterbot Juliett submitting transactions
chatterbot Victor submitting transactions
chatterbot Hotel submitting transactions
chatterbot India submitting transactions
chatterbot Oscar submitting transactions
chatterbot Tango submitting transactions
chatterbot Kilo submitting transactions
chatterbot Golf submitting transactions
ChatterBot Mike round 2
ChatterBot Kilo round 2
ChatterBot Juliett round 2
ChatterBot India round 2
ChatterBot Quebec round 2
ChatterBot Oscar round 2
ChatterBot Golf round 2
ChatterBot Hotel round 2
ChatterBot Tango round 2
ChatterBot Victor round 2
2024-10-15 04:33:38.061422 Juliett: We should replace Kilo with Oscar
ChatterBot Quebec reevaluating
ChatterBot Hotel reevaluating
ChatterBot Tango reevaluating
2024-10-15 04:33:38.072745 Quebec: Yes
2024-10-15 04:33:38.072912 Hotel: Yes
2024-10-15 04:33:38.073056 Tango: No
ChatterBot Hotel reevaluating
ChatterBot Tango reevaluating
ChatterBot Quebec reevaluating
ChatterBot Tango reevaluating
ChatterBot Quebec reevaluating
ChatterBot Hotel reevaluating
2024-10-15 04:33:38.106974 Oscar: Group up?
ChatterBot Quebec reevaluating
ChatterBot Hotel reevaluating
ChatterBot Tango reevaluating
2024-10-15 04:33:38.116432 Juliett: Yes
2024-10-15 04:33:38.116537 Quebec: Yes
2024-10-15 04:33:38.116624 Hotel: Yes
2024-10-15 04:33:38.116709 Tango: Yes
ChatterBot Quebec reevaluating
ChatterBot Hotel reevaluating
ChatterBot Tango reevaluating
ChatterBot Hotel reevaluating
ChatterBot Tango reevaluating
ChatterBot Quebec reevaluating
ChatterBot Tango reevaluating
ChatterBot Quebec reevaluating
ChatterBot Hotel reevaluating
2024-10-15 04:33:38.154344 Kilo: We should add Oscar
ChatterBot Victor reevaluating
ChatterBot India reevaluating
ChatterBot Golf reevaluating
2024-10-15 04:33:38.163637 Mike: No
2024-10-15 04:33:38.164131 Victor: No
2024-10-15 04:33:38.164234 India: No
2024-10-15 04:33:38.164331 Golf: Yes
ChatterBot Victor reevaluating
ChatterBot India reevaluating
ChatterBot Golf reevaluating
ChatterBot India reevaluating
ChatterBot Golf reevaluating
ChatterBot Victor reevaluating
ChatterBot Kilo reevaluating
ChatterBot Golf reevaluating
ChatterBot Victor reevaluating
ChatterBot India reevaluating
ChatterBot Kilo reevaluating
2024-10-15 04:33:38.209141 Mike: We should drop Golf
ChatterBot Kilo reevaluating
ChatterBot India reevaluating
ChatterBot Victor reevaluating
2024-10-15 04:33:38.216616 Kilo: Yes
2024-10-15 04:33:38.216729 India: No
2024-10-15 04:33:38.216817 Victor: No
ChatterBot India reevaluating
ChatterBot Victor reevaluating
ChatterBot Kilo reevaluating
ChatterBot Victor reevaluating
ChatterBot Kilo reevaluating
ChatterBot India reevaluating
2024-10-15 04:33:38.247090 Juliett: Oscar we want you to join our group
2024-10-15 04:33:38.249920 Oscar: Yes
ChatterBot Quebec reevaluating
ChatterBot Hotel reevaluating
ChatterBot Tango reevaluating
2024-10-15 04:33:38.276797 India: Mike and Victor, sending you 4
2024-10-15 04:33:38.277229 Victor: Mike and India, sending you 7
2024-10-15 04:33:38.280666 India: Kilo, sending you 6
2024-10-15 04:33:38.281662 Victor: Kilo, sending you 6
2024-10-15 04:33:38.283182 Mike: Kilo, sending you 4
2024-10-15 04:33:38.283485 Juliett: Quebec and Tango, sending you 3
2024-10-15 04:33:38.285833 India: Golf, sending you 3
2024-10-15 04:33:38.286271 Quebec: Juliett, sending you 5
2024-10-15 04:33:38.286688 Oscar: Juliett, Quebec and Hotel, sending you 5
2024-10-15 04:33:38.287655 Mike: India, sending you 3
2024-10-15 04:33:38.288623 Tango: Juliett, sending you 1
2024-10-15 04:33:38.288928 Juliett: Oscar, sending you 2
2024-10-15 04:33:38.289179 Hotel: Juliett, Quebec and Tango, sending you 2
2024-10-15 04:33:38.289665 Quebec: Oscar, sending you 9
2024-10-15 04:33:38.290738 Oscar: Tango, sending you 3
2024-10-15 04:33:38.291065 Mike: Victor, sending you 2
2024-10-15 04:33:38.291665 Juliett: Hotel, sending you 1
2024-10-15 04:33:38.293025 Tango: Quebec, sending you 2
2024-10-15 04:33:38.293653 Kilo: Juliett, sending you 2
2024-10-15 04:33:38.293936 Hotel: Oscar, sending you 1
2024-10-15 04:33:38.294184 Quebec: Hotel, sending you 3
2024-10-15 04:33:38.297669 Kilo: Quebec and Tango, sending you 7
2024-10-15 04:33:38.300842 Kilo: Hotel, sending you 4
chatterbot Kilo submitting transactions
chatterbot Quebec submitting transactions
chatterbot Victor submitting transactions
chatterbot Juliett submitting transactions
chatterbot Mike submitting transactions
chatterbot Tango submitting transactions
chatterbot Hotel submitting transactions
chatterbot Golf submitting transactions
chatterbot Oscar submitting transactions
chatterbot India submitting transactions
ChatterBot Mike round 3
ChatterBot Kilo round 3
ChatterBot Juliett round 3
ChatterBot India round 3
ChatterBot Quebec round 3
ChatterBot Oscar round 3
ChatterBot Golf round 3
2024-10-15 04:33:39.545787 Kilo: We should add Oscar
ChatterBot Quebec reevaluating
ChatterBot Juliett reevaluating
2024-10-15 04:33:39.573557 Hotel: Yes
2024-10-15 04:33:39.573828 Quebec: Yes
2024-10-15 04:33:39.574025 Tango: Yes
2024-10-15 04:33:39.574192 Juliett: Yes
ChatterBot Quebec reevaluating
ChatterBot Juliett reevaluating
ChatterBot Juliett reevaluating
ChatterBot Quebec reevaluating
ChatterBot Juliett reevaluating
ChatterBot Quebec reevaluating
ChatterBot Hotel round 3
ChatterBot Tango round 3
ChatterBot Victor round 3
2024-10-15 04:33:39.802500 Oscar: We should add Kilo
ChatterBot Juliett reevaluating
ChatterBot Quebec reevaluating
ChatterBot Hotel reevaluating
ChatterBot Tango reevaluating
2024-10-15 04:33:39.870380 Juliett: No
2024-10-15 04:33:39.870770 Quebec: Yes
2024-10-15 04:33:39.871561 Hotel: No
2024-10-15 04:33:39.872107 Tango: Yes
ChatterBot Oscar reevaluating
ChatterBot Quebec reevaluating
ChatterBot Hotel reevaluating
ChatterBot Tango reevaluating
ChatterBot Oscar reevaluating
ChatterBot Juliett reevaluating
ChatterBot Hotel reevaluating
ChatterBot Tango reevaluating
ChatterBot Oscar reevaluating
ChatterBot Juliett reevaluating
ChatterBot Quebec reevaluating
ChatterBot Tango reevaluating
ChatterBot Oscar reevaluating
ChatterBot Juliett reevaluating
ChatterBot Quebec reevaluating
ChatterBot Hotel reevaluating
2024-10-15 04:33:40.027593 Kilo: Oscar we want you to join our group
ChatterBot Oscar reevaluating
2024-10-15 04:33:40.037068 Oscar: Yes
ChatterBot Juliett reevaluating
ChatterBot Quebec reevaluating
ChatterBot Hotel reevaluating
ChatterBot Tango reevaluating
2024-10-15 04:33:40.473222 Mike: Sending you each 3
2024-10-15 04:33:40.474030 Oscar: Kilo we want you to join our group
2024-10-15 04:33:40.478619 Kilo: Yes
ChatterBot Quebec reevaluating
ChatterBot Oscar reevaluating
2024-10-15 04:33:40.499188 Tango: Kilo we want you to join our group
2024-10-15 04:33:40.504072 Kilo: Yes
ChatterBot Quebec reevaluating
ChatterBot Oscar reevaluating
chatterbot Kilo submitting transactions
2024-10-15 04:33:40.528255 India: Mike, Kilo and Victor, sending you 3
2024-10-15 04:33:40.528606 Victor: Mike, sending you 7
2024-10-15 04:33:40.668688 Juliett: Quebec and Oscar, sending you 3
2024-10-15 04:33:40.669111 Hotel: Juliett, Quebec and Oscar, sending you 2
2024-10-15 04:33:40.669890 Kilo: Juliett, sending you 2
2024-10-15 04:33:40.670179 India: Golf, sending you 2
2024-10-15 04:33:40.670488 India: I was attacked by Tango
ChatterBot Mike reevaluating
ChatterBot Victor reevaluating
ChatterBot Kilo reevaluating
ChatterBot Golf reevaluating
2024-10-15 04:33:40.689171 India: Ow
2024-10-15 04:33:40.690643 Quebec: Kilo we want you to join our group
ChatterBot Kilo reevaluating
2024-10-15 04:33:40.695621 Kilo: Yes
ChatterBot Quebec reevaluating
ChatterBot Oscar reevaluating
2024-10-15 04:33:40.718274 Juliett: Hotel and Tango, sending you 2
2024-10-15 04:33:40.718622 Hotel: Tango, sending you 1
2024-10-15 04:33:40.718951 Tango: Juliett, sending you 1
2024-10-15 04:33:40.874040 Mike: Kilo, sending you 1
2024-10-15 04:33:40.908026 Mike: India and Victor, sending you 2
chatterbot India submitting transactions
2024-10-15 04:33:40.929496 Oscar: Juliett, sending you 4
2024-10-15 04:33:40.930579 Quebec: Kilo, sending you 6
2024-10-15 04:33:40.948994 Oscar: Quebec, sending you 11
2024-10-15 04:33:40.950100 Quebec: Juliett, sending you 4
2024-10-15 04:33:40.964525 Quebec: Oscar, sending you 5
2024-10-15 04:33:40.965741 Oscar: Hotel, sending you 2
2024-10-15 04:33:40.971122 Oscar: Tango, sending you 1
2024-10-15 04:33:40.972153 Quebec: Hotel, sending you 3
2024-10-15 04:33:40.977581 Quebec: Tango, sending you 1
chatterbot Mike submitting transactions
chatterbot Mike submitting transactions
chatterbot Victor submitting transactions
chatterbot Juliett submitting transactions
chatterbot Tango submitting transactions
chatterbot Hotel submitting transactions
chatterbot Quebec submitting transactions
chatterbot Oscar submitting transactions
chatterbot Golf submitting transactions
ChatterBot Mike round 4
ChatterBot Kilo round 4
ChatterBot Juliett round 4
ChatterBot India round 4
ChatterBot Quebec round 4
ChatterBot Oscar round 4
ChatterBot Golf round 4
ChatterBot Hotel round 4
ChatterBot Tango round 4
ChatterBot Victor round 4
chatterbot Golf submitting transactions
2024-10-15 04:33:41.473161 Juliett: We should drop Tango
2024-10-15 04:33:41.489238 Quebec: No
2024-10-15 04:33:41.489434 Oscar: No
2024-10-15 04:33:41.489714 Hotel: Yes
2024-10-15 04:33:42.767531 Mike: Kilo, sending you 2
2024-10-15 04:33:42.768246 India: Mike and Kilo, sending you 3
chatterbot Kilo submitting transactions
chatterbot Victor submitting transactions
2024-10-15 04:33:42.779741 Mike: India, sending you 3
2024-10-15 04:33:42.780742 India: Golf, sending you 2
2024-10-15 04:33:42.781279 Quebec: Kilo, sending you 6
2024-10-15 04:33:42.782422 Oscar: Kilo and Juliett, sending you 4
2024-10-15 04:33:42.784236 Tango: Kilo, sending you 6
2024-10-15 04:33:42.784906 Juliett: Quebec, sending you 4
2024-10-15 04:33:42.786022 Mike: Victor, sending you 4
2024-10-15 04:33:42.786490 India: Victor, sending you 4
2024-10-15 04:33:42.787767 Quebec: Juliett, sending you 4
2024-10-15 04:33:42.789771 Oscar: Quebec, sending you 7
2024-10-15 04:33:42.791333 Tango: Juliett, sending you 3
2024-10-15 04:33:42.793016 Juliett: Oscar and Hotel, sending you 3
2024-10-15 04:33:42.793973 Quebec: Oscar, sending you 7
2024-10-15 04:33:42.795652 Hotel: Juliett and Oscar, sending you 2
2024-10-15 04:33:42.796955 Tango: Quebec and Hotel, sending you 2
2024-10-15 04:33:42.797625 Oscar: Hotel, sending you 3
2024-10-15 04:33:42.806484 Quebec: Hotel, sending you 2
2024-10-15 04:33:42.807987 Tango: Oscar, sending you 1
2024-10-15 04:33:42.809304 Tango: I was attacked by Mike
ChatterBot Kilo reevaluating
ChatterBot Juliett reevaluating
ChatterBot Quebec reevaluating
ChatterBot Oscar reevaluating
ChatterBot Hotel reevaluating
2024-10-15 04:33:42.850478 Tango: Ow
chatterbot Juliett submitting transactions
chatterbot Kilo submitting transactions
chatterbot Mike submitting transactions
chatterbot Tango submitting transactions
chatterbot Quebec submitting transactions
chatterbot Oscar submitting transactions
chatterbot Victor submitting transactions
chatterbot Golf submitting transactions
chatterbot Hotel submitting transactions
chatterbot India submitting transactions
ChatterBot Mike round 5
chatterbot Quebec submitting transactions
ChatterBot Kilo round 5
ChatterBot Juliett round 5
ChatterBot India round 5
ChatterBot Quebec round 5
ChatterBot Oscar round 5
ChatterBot Golf round 5
ChatterBot Hotel round 5
2024-10-15 04:33:44.399507 Quebec: Hotel, sending you 2
2024-10-15 04:33:44.406809 Juliett: We should add Tango
ChatterBot Quebec reevaluating
ChatterBot Oscar reevaluating
ChatterBot Hotel reevaluating
2024-10-15 04:33:44.425863 Quebec: Yes
2024-10-15 04:33:44.426153 Oscar: Yes
2024-10-15 04:33:44.427114 Hotel: Yes
ChatterBot Oscar reevaluating
ChatterBot Hotel reevaluating
ChatterBot Quebec reevaluating
ChatterBot Hotel reevaluating
ChatterBot Quebec reevaluating
ChatterBot Oscar reevaluating
ChatterBot Tango round 5
ChatterBot Victor round 5
2024-10-15 04:33:44.538047 Hotel: We should add Kilo
ChatterBot Quebec reevaluating
ChatterBot Oscar reevaluating
2024-10-15 04:33:44.554908 Juliett: No
2024-10-15 04:33:44.555043 Quebec: Yes
2024-10-15 04:33:44.555188 Oscar: Yes
ChatterBot Quebec reevaluating
ChatterBot Oscar reevaluating
ChatterBot Hotel reevaluating
ChatterBot Oscar reevaluating
ChatterBot Hotel reevaluating
ChatterBot Quebec reevaluating
ChatterBot Hotel reevaluating
chatterbot Juliett submitting transactions
2024-10-15 04:33:44.591440 Juliett: Tango we want you to join our group
ChatterBot Tango reevaluating
2024-10-15 04:33:44.598399 Tango: Yes
ChatterBot Oscar reevaluating
ChatterBot Quebec reevaluating
ChatterBot Hotel reevaluating
2024-10-15 04:33:44.632141 India: We should drop Golf
ChatterBot Kilo reevaluating
ChatterBot Victor reevaluating
2024-10-15 04:33:44.647388 Mike: Yes
2024-10-15 04:33:44.648063 Kilo: Yes
2024-10-15 04:33:44.648256 Victor: Yes
ChatterBot Kilo reevaluating
ChatterBot Victor reevaluating
ChatterBot Victor reevaluating
ChatterBot Kilo reevaluating
2024-10-15 04:33:44.695388 Golf: We should drop Kilo
ChatterBot Victor reevaluating
2024-10-15 04:33:44.710205 Mike: No
2024-10-15 04:33:44.710343 India: No
2024-10-15 04:33:44.710464 Victor: No
ChatterBot Victor reevaluating
ChatterBot Victor reevaluating
chatterbot Hotel submitting transactions
chatterbot Kilo submitting transactions
chatterbot Oscar submitting transactions
2024-10-15 04:33:44.749675 Mike: Kilo, sending you 2
2024-10-15 04:33:44.754674 Mike: India, sending you 3
2024-10-15 04:33:44.755674 Quebec: Kilo and Hotel, sending you 3
2024-10-15 04:33:44.757691 Oscar: Kilo and Tango, sending you 2
2024-10-15 04:33:44.758815 Mike: Victor, sending you 4
2024-10-15 04:33:44.759683 Quebec: Juliett, sending you 4
2024-10-15 04:33:44.760692 Juliett: Quebec and Oscar, sending you 3
2024-10-15 04:33:44.761882 Tango: Kilo, sending you 2
2024-10-15 04:33:44.762308 India: Mike and Kilo, sending you 4
2024-10-15 04:33:44.762611 Oscar: Juliett, sending you 4
2024-10-15 04:33:44.763985 Juliett: Hotel and Tango, sending you 2
2024-10-15 04:33:44.764662 Quebec: Oscar, sending you 7
2024-10-15 04:33:44.765045 Tango: Juliett, sending you 1
2024-10-15 04:33:44.765968 India: Victor, sending you 5
2024-10-15 04:33:44.767647 Oscar: Quebec, sending you 7
2024-10-15 04:33:44.769675 Quebec: Tango, sending you 2
2024-10-15 04:33:44.770693 Oscar: Hotel, sending you 3
2024-10-15 04:33:44.777082 Hotel: Juliett, Quebec and Oscar, sending you 2
2024-10-15 04:33:44.781658 Hotel: Tango, sending you 1
chatterbot Kilo submitting transactions
chatterbot Hotel submitting transactions
chatterbot Tango submitting transactions
chatterbot India submitting transactions
chatterbot Juliett submitting transactions
chatterbot Golf submitting transactions
chatterbot Mike submitting transactions
chatterbot Oscar submitting transactions
chatterbot Quebec submitting transactions
chatterbot Victor submitting transactions
ChatterBot Mike round 6
ChatterBot Kilo round 6
ChatterBot Juliett round 6
ChatterBot India round 6
ChatterBot Quebec round 6
ChatterBot Oscar round 6
ChatterBot Golf round 6
ChatterBot Hotel round 6
ChatterBot Tango round 6
ChatterBot Victor round 6
2024-10-15 04:33:46.098496 Juliett: We should replace Tango with Kilo
ChatterBot Quebec reevaluating
ChatterBot Hotel reevaluating
2024-10-15 04:33:46.124575 Quebec: Yes
2024-10-15 04:33:46.124781 Oscar: No
2024-10-15 04:33:46.124964 Hotel: Yes
ChatterBot Hotel reevaluating
ChatterBot Quebec reevaluating
ChatterBot Hotel reevaluating
ChatterBot Quebec reevaluating
2024-10-15 04:33:46.208240 Golf: We should drop India
2024-10-15 04:33:46.226501 Mike: No
2024-10-15 04:33:46.226781 Victor: No
ChatterBot Golf reevaluating
2024-10-15 04:33:46.247584 Golf: We would work well together
ChatterBot Kilo reevaluating
ChatterBot Quebec reevaluating
ChatterBot Hotel reevaluating
2024-10-15 04:33:46.284228 Kilo: No
2024-10-15 04:33:46.284406 Juliett: No
2024-10-15 04:33:46.284519 India: No
2024-10-15 04:33:46.284646 Quebec: No
2024-10-15 04:33:46.284774 Oscar: No
2024-10-15 04:33:46.285470 Hotel: No
2024-10-15 04:33:46.285573 Mike: No
2024-10-15 04:33:46.285671 Victor: No
ChatterBot Golf reevaluating
ChatterBot Quebec reevaluating
ChatterBot Oscar reevaluating
ChatterBot Hotel reevaluating
ChatterBot Golf reevaluating
ChatterBot Kilo reevaluating
ChatterBot Quebec reevaluating
ChatterBot Oscar reevaluating
ChatterBot Hotel reevaluating
ChatterBot Golf reevaluating
ChatterBot Kilo reevaluating
ChatterBot Quebec reevaluating
ChatterBot Oscar reevaluating
ChatterBot Hotel reevaluating
ChatterBot Golf reevaluating
ChatterBot Kilo reevaluating
ChatterBot Oscar reevaluating
ChatterBot Hotel reevaluating
ChatterBot Golf reevaluating
ChatterBot Kilo reevaluating
ChatterBot Quebec reevaluating
ChatterBot Hotel reevaluating
ChatterBot Golf reevaluating
ChatterBot Kilo reevaluating
ChatterBot Quebec reevaluating
ChatterBot Oscar reevaluating
ChatterBot Golf reevaluating
ChatterBot Kilo reevaluating
ChatterBot Quebec reevaluating
ChatterBot Oscar reevaluating
ChatterBot Hotel reevaluating
ChatterBot Golf reevaluating
ChatterBot Kilo reevaluating
ChatterBot Quebec reevaluating
ChatterBot Oscar reevaluating
ChatterBot Hotel reevaluating
2024-10-15 04:33:46.559513 Juliett: Kilo we want you to join our group
ChatterBot Kilo reevaluating
2024-10-15 04:33:46.564320 Kilo: Yes
ChatterBot Quebec reevaluating
ChatterBot Oscar reevaluating
ChatterBot Hotel reevaluating
2024-10-15 04:33:46.585680 Mike: Kilo, sending you 2
2024-10-15 04:33:46.586786 India: Mike and Victor, sending you 5
2024-10-15 04:33:46.587308 Tango: Kilo, sending you 5
2024-10-15 04:33:46.587910 Hotel: Kilo we want you to join our group
ChatterBot Kilo reevaluating
2024-10-15 04:33:46.594033 Kilo: Yes
ChatterBot Oscar reevaluating
ChatterBot Hotel reevaluating
2024-10-15 04:33:46.616240 Mike: India, sending you 3
2024-10-15 04:33:46.617154 India: Kilo, sending you 4
2024-10-15 04:33:46.617552 Tango: Juliett, sending you 3
2024-10-15 04:33:46.618331 Quebec: We should drop Tango
ChatterBot Kilo reevaluating
ChatterBot Oscar reevaluating
2024-10-15 04:33:46.738448 Kilo: Yes
2024-10-15 04:33:46.738768 Juliett: Yes
2024-10-15 04:33:46.739014 Oscar: Yes
2024-10-15 04:33:46.739218 Hotel: Yes
ChatterBot Oscar reevaluating
ChatterBot Kilo reevaluating
ChatterBot Oscar reevaluating
ChatterBot Kilo reevaluating
ChatterBot Kilo reevaluating
ChatterBot Oscar reevaluating
2024-10-15 04:33:46.871814 Kilo: We should replace Tango with Golf
ChatterBot Oscar reevaluating
2024-10-15 04:33:46.893884 Juliett: No
2024-10-15 04:33:46.894150 Quebec: No
2024-10-15 04:33:46.894372 Oscar: Yes
2024-10-15 04:33:46.894679 Hotel: No
ChatterBot Kilo reevaluating
ChatterBot Oscar reevaluating
ChatterBot Kilo reevaluating
ChatterBot Oscar reevaluating
ChatterBot Kilo reevaluating
ChatterBot Kilo reevaluating
ChatterBot Oscar reevaluating
2024-10-15 04:33:46.992104 Mike: Victor, sending you 4
2024-10-15 04:33:46.993380 Tango: Quebec, Oscar and Hotel, sending you 2
chatterbot Tango submitting transactions
chatterbot Juliett submitting transactions
chatterbot India submitting transactions
2024-10-15 04:33:47.007918 Juliett: Kilo and Hotel, sending you 2
2024-10-15 04:33:47.009404 Kilo: Golf we want you to join our group
ChatterBot Golf reevaluating
2024-10-15 04:33:47.017273 Golf: No
ChatterBot Oscar reevaluating
ChatterBot Kilo reevaluating
2024-10-15 04:33:47.065200 Juliett: Quebec and Oscar, sending you 3
2024-10-15 04:33:47.069873 Quebec: Kilo, sending you 6
2024-10-15 04:33:47.071580 Hotel: Kilo, sending you 1
2024-10-15 04:33:47.095362 Quebec: Juliett, sending you 4
2024-10-15 04:33:47.097233 Hotel: Juliett, Quebec and Oscar, sending you 2
2024-10-15 04:33:47.550941 Quebec: Oscar, sending you 7
chatterbot Victor submitting transactions
chatterbot Mike submitting transactions
chatterbot Golf submitting transactions
chatterbot Hotel submitting transactions
2024-10-15 04:33:47.624151 Quebec: Hotel, sending you 3
chatterbot Quebec submitting transactions
chatterbot Golf submitting transactions
chatterbot Kilo submitting transactions
chatterbot Oscar submitting transactions
ChatterBot Mike round 7
ChatterBot Kilo round 7
ChatterBot Juliett round 7
ChatterBot India round 7
ChatterBot Quebec round 7
ChatterBot Oscar round 7
ChatterBot Golf round 7
ChatterBot Hotel round 7
ChatterBot Tango round 7
ChatterBot Victor round 7
2024-10-15 04:33:48.377801 Golf: We should add India and Oscar
2024-10-15 04:33:48.385138 Mike: No
2024-10-15 04:33:48.385319 Victor: No
ChatterBot Golf reevaluating
2024-10-15 04:33:48.404580 Kilo: We should replace Tango with Golf
ChatterBot Juliett reevaluating
2024-10-15 04:33:48.421842 Juliett: No
2024-10-15 04:33:48.422027 Quebec: No
2024-10-15 04:33:48.422200 Oscar: Yes
2024-10-15 04:33:48.422365 Hotel: No
ChatterBot Kilo reevaluating
ChatterBot Oscar reevaluating
ChatterBot Kilo reevaluating
ChatterBot Juliett reevaluating
ChatterBot Oscar reevaluating
ChatterBot Kilo reevaluating
ChatterBot Juliett reevaluating
ChatterBot Kilo reevaluating
ChatterBot Juliett reevaluating
ChatterBot Oscar reevaluating
2024-10-15 04:33:48.523674 Kilo: Golf we want you to join our group
ChatterBot Golf reevaluating
2024-10-15 04:33:48.529973 Golf: No
ChatterBot Oscar reevaluating
ChatterBot Kilo reevaluating
ChatterBot Juliett reevaluating
2024-10-15 04:33:48.559664 Quebec: Kilo, sending you 8
2024-10-15 04:33:48.561066 Hotel: Kilo, Juliett and Quebec, sending you 2
2024-10-15 04:33:48.561777 Mike: Kilo, sending you 2
2024-10-15 04:33:48.562829 India: Mike and Victor, sending you 5
2024-10-15 04:33:48.563658 Quebec: Juliett, sending you 4
2024-10-15 04:33:48.565662 India: Kilo, sending you 4
2024-10-15 04:33:48.566709 Hotel: Oscar, sending you 1
2024-10-15 04:33:48.567153 Mike: India, sending you 3
2024-10-15 04:33:48.567449 Quebec: Oscar, sending you 5
2024-10-15 04:33:48.570209 Mike: Victor, sending you 4
2024-10-15 04:33:48.572725 Quebec: Hotel, sending you 3
2024-10-15 04:33:48.576027 Tango: Kilo, sending you 5
2024-10-15 04:33:48.576560 Juliett: Kilo, Oscar and Hotel, sending you 2
2024-10-15 04:33:48.578671 Tango: Juliett, sending you 3
2024-10-15 04:33:48.580738 Juliett: Quebec, sending you 4
2024-10-15 04:33:48.582686 Tango: Quebec, Oscar and Hotel, sending you 2
2024-10-15 04:33:48.583280 Tango: I was attacked by Victor
ChatterBot Kilo reevaluating
ChatterBot Juliett reevaluating
ChatterBot Quebec reevaluating
ChatterBot Oscar reevaluating
ChatterBot Hotel reevaluating
2024-10-15 04:33:48.624702 Tango: Ow
2024-10-15 04:33:48.638058 Juliett: We should drop Hotel
ChatterBot Kilo reevaluating
ChatterBot Quebec reevaluating
ChatterBot Oscar reevaluating
2024-10-15 04:33:48.664686 Kilo: No
2024-10-15 04:33:48.664964 Quebec: No
2024-10-15 04:33:48.665215 Oscar: No
ChatterBot Juliett reevaluating
ChatterBot Quebec reevaluating
ChatterBot Oscar reevaluating
ChatterBot Juliett reevaluating
ChatterBot Kilo reevaluating
ChatterBot Oscar reevaluating
ChatterBot Juliett reevaluating
ChatterBot Kilo reevaluating
ChatterBot Quebec reevaluating
chatterbot India submitting transactions
chatterbot Tango submitting transactions
chatterbot Golf submitting transactions
chatterbot Victor submitting transactions
chatterbot Mike submitting transactions
chatterbot Oscar submitting transactions
chatterbot Quebec submitting transactions
chatterbot Hotel submitting transactions
chatterbot Juliett submitting transactions
chatterbot Kilo submitting transactions
ChatterBot Mike round 8
ChatterBot Kilo round 8
ChatterBot Juliett round 8
ChatterBot India round 8
ChatterBot Quebec round 8
ChatterBot Oscar round 8
2024-10-15 04:33:49.336611 Kilo: We should replace Tango with Golf
ChatterBot Oscar reevaluating
2024-10-15 04:33:49.354887 Juliett: No
2024-10-15 04:33:49.355060 Quebec: No
2024-10-15 04:33:49.355203 Oscar: Yes
2024-10-15 04:33:49.355332 Hotel: No
ChatterBot Kilo reevaluating
ChatterBot Oscar reevaluating
ChatterBot Kilo reevaluating
ChatterBot Oscar reevaluating
ChatterBot Kilo reevaluating
ChatterBot Kilo reevaluating
ChatterBot Oscar reevaluating
ChatterBot Golf round 8
ChatterBot Hotel round 8
ChatterBot Tango round 8
ChatterBot Victor round 8
2024-10-15 04:33:49.479983 Mike: Kilo, sending you 2
2024-10-15 04:33:49.480665 Juliett: Kilo, Oscar and Hotel, sending you 2
2024-10-15 04:33:49.482720 Mike: India, sending you 3
2024-10-15 04:33:49.484116 Juliett: Quebec, sending you 4
2024-10-15 04:33:49.488238 Mike: Victor, sending you 4
2024-10-15 04:33:49.488782 India: Mike, sending you 3
2024-10-15 04:33:49.490665 Hotel: Kilo, Juliett and Quebec, sending you 2
2024-10-15 04:33:49.492672 India: Kilo, sending you 2
2024-10-15 04:33:49.493695 Quebec: Kilo, sending you 9
2024-10-15 04:33:49.495116 Hotel: Oscar, sending you 1
2024-10-15 04:33:49.496786 India: Victor, sending you 4
2024-10-15 04:33:49.497695 Quebec: Juliett and Oscar, sending you 4
2024-10-15 04:33:49.500899 Tango: Kilo, sending you 4
2024-10-15 04:33:49.501432 Quebec: Hotel, sending you 3
2024-10-15 04:33:49.505251 Tango: Juliett, Quebec and Oscar, sending you 2
2024-10-15 04:33:49.510706 Tango: Hotel, sending you 1
2024-10-15 04:33:49.511916 Tango: I was attacked by Victor
ChatterBot Kilo reevaluating
ChatterBot Juliett reevaluating
ChatterBot Quebec reevaluating
ChatterBot Oscar reevaluating
ChatterBot Hotel reevaluating
2024-10-15 04:33:49.534299 Tango: Ow
2024-10-15 04:33:49.539713 Kilo: Golf we want you to join our group
2024-10-15 04:33:49.546350 Golf: No
ChatterBot Oscar reevaluating
ChatterBot Hotel reevaluating
ChatterBot Kilo reevaluating
ChatterBot Quebec reevaluating
ChatterBot Juliett reevaluating
chatterbot Golf submitting transactions
chatterbot Mike submitting transactions
chatterbot Kilo submitting transactions
chatterbot Quebec submitting transactions
chatterbot Oscar submitting transactions
chatterbot India submitting transactions
chatterbot Tango submitting transactions
chatterbot Victor submitting transactions
chatterbot Juliett submitting transactions
chatterbot Hotel submitting transactions
ChatterBot Mike round 9
ChatterBot Kilo round 9
ChatterBot Juliett round 9
ChatterBot India round 9
ChatterBot Quebec round 9
ChatterBot Oscar round 9
ChatterBot Golf round 9
ChatterBot Hotel round 9
ChatterBot Tango round 9
ChatterBot Victor round 9
2024-10-15 04:33:50.797125 Quebec: We should add Tango
ChatterBot Kilo reevaluating
ChatterBot Oscar reevaluating
ChatterBot Hotel reevaluating
2024-10-15 04:33:50.826736 Kilo: Yes
2024-10-15 04:33:50.827021 Juliett: No
2024-10-15 04:33:50.827707 Oscar: Yes
2024-10-15 04:33:50.827899 Hotel: No
ChatterBot Oscar reevaluating
ChatterBot Hotel reevaluating
ChatterBot Kilo reevaluating
ChatterBot Oscar reevaluating
ChatterBot Hotel reevaluating
ChatterBot Kilo reevaluating
ChatterBot Juliett reevaluating
ChatterBot Hotel reevaluating
ChatterBot Kilo reevaluating
ChatterBot Juliett reevaluating
ChatterBot Oscar reevaluating
2024-10-15 04:33:50.919455 Juliett: We should replace Oscar with Tango
ChatterBot Kilo reevaluating
ChatterBot Hotel reevaluating
2024-10-15 04:33:50.935583 Kilo: No
2024-10-15 04:33:50.936315 Quebec: No
2024-10-15 04:33:50.936464 Hotel: No
ChatterBot Juliett reevaluating
ChatterBot Hotel reevaluating
ChatterBot Juliett reevaluating
ChatterBot Kilo reevaluating
ChatterBot Hotel reevaluating
ChatterBot Juliett reevaluating
ChatterBot Kilo reevaluating
2024-10-15 04:33:50.992154 Golf: We should add India
ChatterBot Mike reevaluating
2024-10-15 04:33:50.999249 Mike: Yes
2024-10-15 04:33:50.999401 Victor: Yes
ChatterBot Mike reevaluating
2024-10-15 04:33:51.025151 Quebec: Tango we want you to join our group
2024-10-15 04:33:51.028493 Tango: Yes
ChatterBot Kilo reevaluating
ChatterBot Juliett reevaluating
ChatterBot Oscar reevaluating
ChatterBot Hotel reevaluating
2024-10-15 04:33:51.044063 Golf: India we want you to join our group
ChatterBot India reevaluating
2024-10-15 04:33:51.047697 India: Yes
ChatterBot Mike reevaluating
ChatterBot Victor reevaluating
2024-10-15 04:33:51.059488 India: We should replace Kilo with Golf
ChatterBot Mike reevaluating
ChatterBot Victor reevaluating
2024-10-15 04:33:51.066341 Mike: No
2024-10-15 04:33:51.066459 Victor: Yes
ChatterBot India reevaluating
ChatterBot Victor reevaluating
ChatterBot India reevaluating
ChatterBot Mike reevaluating
2024-10-15 04:33:51.080790 Juliett: Tango we want you to join our group
2024-10-15 04:33:51.086754 Tango: Yes
ChatterBot Kilo reevaluating
ChatterBot Juliett reevaluating
2024-10-15 04:33:51.106418 Hotel: We should drop Oscar
ChatterBot Juliett reevaluating
ChatterBot Kilo reevaluating
2024-10-15 04:33:51.119599 Juliett: Yes
2024-10-15 04:33:51.119787 Kilo: No
2024-10-15 04:33:51.119970 Quebec: No
ChatterBot Kilo reevaluating
ChatterBot Juliett reevaluating
ChatterBot Juliett reevaluating
ChatterBot Kilo reevaluating
2024-10-15 04:33:51.155193 Mike: We should drop Kilo
ChatterBot India reevaluating
ChatterBot Victor reevaluating
2024-10-15 04:33:51.161777 India: Yes
2024-10-15 04:33:51.161929 Victor: Yes
ChatterBot Mike reevaluating
ChatterBot Victor reevaluating
ChatterBot India reevaluating
ChatterBot Mike reevaluating
2024-10-15 04:33:51.175800 Tango: I was attacked by India and Victor
ChatterBot Kilo reevaluating
ChatterBot Juliett reevaluating
ChatterBot Quebec reevaluating
ChatterBot Oscar reevaluating
ChatterBot Hotel reevaluating
2024-10-15 04:33:51.191109 Tango: I'm keeping this round to protect myself
2024-10-15 04:33:51.192201 Tango: Ow
2024-10-15 04:33:51.202662 India: Golf we want you to join our group
2024-10-15 04:33:51.207146 Golf: Yes
ChatterBot Mike reevaluating
ChatterBot India reevaluating
ChatterBot Victor reevaluating
2024-10-15 04:33:51.224961 Victor: Golf we want you to join our group
2024-10-15 04:33:51.231813 Golf: Yes
ChatterBot Mike reevaluating
ChatterBot India reevaluating
ChatterBot Victor reevaluating
2024-10-15 04:33:51.259357 Juliett: Kilo, Hotel and Tango, sending you 2
2024-10-15 04:33:51.266255 Hotel: Kilo and Juliett, sending you 2
2024-10-15 04:33:51.267219 Quebec: Kilo, sending you 10
2024-10-15 04:33:51.268384 Mike: Golf we want you to join our group
2024-10-15 04:33:51.299754 Golf: Yes
ChatterBot Mike reevaluating
ChatterBot India reevaluating
ChatterBot Victor reevaluating
2024-10-15 04:33:51.463768 Juliett: Quebec, sending you 4
2024-10-15 04:33:51.468136 Hotel: Quebec, sending you 3
2024-10-15 04:33:51.470497 Quebec: Juliett, sending you 4
2024-10-15 04:33:51.482826 Quebec: Oscar, sending you 3
2024-10-15 04:33:51.497330 Quebec: Hotel, sending you 2
2024-10-15 04:33:51.511568 Quebec: Tango, sending you 1
2024-10-15 04:33:51.532639 Mike: India and Victor, sending you 4
2024-10-15 04:33:51.534578 India: Mike, sending you 6
2024-10-15 04:33:51.539199 Mike: Golf, sending you 1
2024-10-15 04:33:51.561146 India: Golf, sending you 4
2024-10-15 04:33:51.572699 India: Victor, sending you 7
chatterbot Quebec submitting transactions
chatterbot Oscar submitting transactions
chatterbot Quebec submitting transactions
chatterbot Juliett submitting transactions
chatterbot Tango submitting transactions
chatterbot India submitting transactions
chatterbot Golf submitting transactions
chatterbot Victor submitting transactions
chatterbot Hotel submitting transactions
chatterbot Kilo submitting transactions
chatterbot Mike submitting transactions
ChatterBot Mike round 10
ChatterBot Kilo round 10
ChatterBot Juliett round 10
ChatterBot India round 10
ChatterBot Quebec round 10
ChatterBot Oscar round 10
ChatterBot Golf round 10
ChatterBot Hotel round 10
ChatterBot Tango round 10
ChatterBot Victor round 10
2024-10-15 04:33:52.567789 Hotel: We should add Tango
2024-10-15 04:33:52.578724 Juliett: Yes
2024-10-15 04:33:52.579503 Kilo: Yes
2024-10-15 04:33:52.579696 Quebec: Yes
2024-10-15 04:33:52.619484 Victor: We should replace Kilo with Golf
2024-10-15 04:33:52.626324 India: Yes
2024-10-15 04:33:52.626509 Mike: Yes
ChatterBot Victor reevaluating
ChatterBot Victor reevaluating
2024-10-15 04:33:52.639149 Hotel: Tango we want you to join our group
2024-10-15 04:33:52.642438 Tango: Yes
2024-10-15 04:33:52.654353 Mike: India and Victor, sending you 4
2024-10-15 04:33:52.657664 Juliett: Kilo, sending you 3
2024-10-15 04:33:52.658922 Quebec: Kilo, sending you 10
2024-10-15 04:33:52.659965 India: Mike, sending you 6
2024-10-15 04:33:52.660530 Mike: Golf, sending you 1
2024-10-15 04:33:52.661460 Juliett: Quebec, sending you 4
2024-10-15 04:33:52.662144 Victor: Golf we want you to join our group
2024-10-15 04:33:52.666632 Golf: Yes
ChatterBot Victor reevaluating
2024-10-15 04:33:52.679818 Quebec: Juliett, sending you 4
2024-10-15 04:33:52.680795 India: Golf, sending you 4
2024-10-15 04:33:52.681244 Juliett: Hotel, sending you 2
2024-10-15 04:33:52.683700 Hotel: Kilo, Juliett and Quebec, sending you 2
2024-10-15 04:33:52.684769 Quebec: Oscar, sending you 2
2024-10-15 04:33:52.685338 India: Victor, sending you 7
2024-10-15 04:33:52.685788 Tango: Kilo, sending you 1
2024-10-15 04:33:52.686339 Juliett: Tango, sending you 1
2024-10-15 04:33:52.688677 Hotel: Tango, sending you 1
2024-10-15 04:33:52.689148 Quebec: Hotel, sending you 3
2024-10-15 04:33:52.694695 Quebec: Tango, sending you 1
chatterbot Mike submitting transactions
chatterbot India submitting transactions
chatterbot Juliett submitting transactions
chatterbot Quebec submitting transactions
chatterbot Tango submitting transactions
chatterbot Victor submitting transactions
chatterbot Kilo submitting transactions
chatterbot Oscar submitting transactions
chatterbot Golf submitting transactions
chatterbot Hotel submitting transactions
ChatterBot Mike round 11
ChatterBot Kilo round 11
ChatterBot Juliett round 11
ChatterBot India round 11
ChatterBot Quebec round 11
ChatterBot Oscar round 11
ChatterBot Golf round 11
ChatterBot Hotel round 11
ChatterBot Tango round 11
ChatterBot Victor round 11
2024-10-15 04:33:53.747493 Oscar: We should add Golf
2024-10-15 04:33:53.783765 Kilo: No
2024-10-15 04:33:53.784063 Juliett: No
2024-10-15 04:33:53.784264 Quebec: No
2024-10-15 04:33:53.784433 Hotel: No
2024-10-15 04:33:53.784623 Tango: No
ChatterBot Oscar reevaluating
ChatterBot Oscar reevaluating
ChatterBot Oscar reevaluating
ChatterBot Oscar reevaluating
ChatterBot Oscar reevaluating
2024-10-15 04:33:54.001110 Victor: We should replace Kilo with Golf
2024-10-15 04:33:54.015094 India: Yes
2024-10-15 04:33:54.015799 Mike: Yes
ChatterBot Victor reevaluating
ChatterBot Victor reevaluating
2024-10-15 04:33:54.048262 Mike: India and Victor, sending you 4
2024-10-15 04:33:54.048883 Victor: Golf we want you to join our group
2024-10-15 04:33:54.055714 Golf: Yes
ChatterBot Victor reevaluating
2024-10-15 04:33:54.078140 Mike: Golf, sending you 1
2024-10-15 04:33:54.089198 Quebec: Kilo, sending you 9
2024-10-15 04:33:54.091276 India: Mike, sending you 7
2024-10-15 04:33:54.092607 Hotel: Kilo, Juliett and Quebec, sending you 2
2024-10-15 04:33:54.093659 Juliett: Kilo, sending you 3
2024-10-15 04:33:54.096874 Quebec: Juliett, sending you 4
2024-10-15 04:33:54.098536 India: Golf, sending you 4
2024-10-15 04:33:54.099175 Hotel: Tango, sending you 1
2024-10-15 04:33:54.104808 Juliett: Quebec, sending you 4
2024-10-15 04:33:54.106413 Quebec: Oscar and Hotel, sending you 3
2024-10-15 04:33:54.108694 India: Victor, sending you 6
2024-10-15 04:33:54.109234 Juliett: Hotel, sending you 2
2024-10-15 04:33:54.114093 Quebec: Tango, sending you 1
2024-10-15 04:33:54.116386 Juliett: Tango, sending you 1
chatterbot Golf submitting transactions
chatterbot Hotel submitting transactions
chatterbot Victor submitting transactions
chatterbot Tango submitting transactions
