ChatterBot Quebec round 1
ChatterBot Mike round 1
ChatterBot Alpha round 1
ChatterBot X-ray round 1
ChatterBot India round 1
ChatterBot Tango round 1
ChatterBot Juliett round 1
ChatterBot Uniform round 1
ChatterBot Yankee round 1
ChatterBot Foxtrot round 1
randomSelections Quebec: {Quebec, Alpha, X-ray, India, Mike, Uniform} 
2024-10-15 04:33:36.748895 Quebec: We would work well together
ChatterBot Alpha reevaluating
ChatterBot X-ray reevaluating
ChatterBot India reevaluating
ChatterBot Mike reevaluating
ChatterBot Uniform reevaluating
2024-10-15 04:33:36.766492 Alpha: Yes
2024-10-15 04:33:36.766689 X-ray: Yes
2024-10-15 04:33:36.769006 India: Yes
2024-10-15 04:33:36.769137 Mike: Yes
2024-10-15 04:33:36.769280 Uniform: Yes
ChatterBot X-ray reevaluating
ChatterBot India reevaluating
ChatterBot Mike reevaluating
ChatterBot Uniform reevaluating
ChatterBot Alpha reevaluating
ChatterBot India reevaluating
ChatterBot Mike reevaluating
ChatterBot Uniform reevaluating
ChatterBot Alpha reevaluating
ChatterBot X-ray reevaluating
ChatterBot Mike reevaluating
ChatterBot Uniform reevaluating
ChatterBot Alpha reevaluating
ChatterBot X-ray reevaluating
ChatterBot India reevaluating
ChatterBot Uniform reevaluating
ChatterBot Alpha reevaluating
ChatterBot X-ray reevaluating
ChatterBot India reevaluating
ChatterBot Mike reevaluating
randomSelections Tango: {Tango, X-ray, Mike, Alpha, India, Juliett} 
2024-10-15 04:33:36.849262 Tango: Friends?
ChatterBot X-ray reevaluating
ChatterBot Mike reevaluating
ChatterBot Alpha reevaluating
ChatterBot India reevaluating
ChatterBot Juliett reevaluating
2024-10-15 04:33:36.876678 X-ray: No
2024-10-15 04:33:36.876876 Mike: No
2024-10-15 04:33:36.877038 Alpha: No
2024-10-15 04:33:36.878857 India: No
2024-10-15 04:33:36.879016 Juliett: Yes
ChatterBot Mike reevaluating
ChatterBot Alpha reevaluating
ChatterBot India reevaluating
ChatterBot Juliett reevaluating
ChatterBot X-ray reevaluating
ChatterBot Alpha reevaluating
ChatterBot India reevaluating
ChatterBot Juliett reevaluating
ChatterBot X-ray reevaluating
ChatterBot Mike reevaluating
ChatterBot India reevaluating
ChatterBot Juliett reevaluating
ChatterBot X-ray reevaluating
ChatterBot Mike reevaluating
ChatterBot Alpha reevaluating
ChatterBot Juliett reevaluating
ChatterBot X-ray reevaluating
ChatterBot Mike reevaluating
ChatterBot Alpha reevaluating
ChatterBot India reevaluating
randomSelections Yankee: {Yankee, Foxtrot, Quebec, Alpha, X-ray, India} 
2024-10-15 04:33:37.057022 Yankee: Friends?
ChatterBot Foxtrot reevaluating
ChatterBot Alpha reevaluating
ChatterBot X-ray reevaluating
ChatterBot India reevaluating
2024-10-15 04:33:37.065572 Foxtrot: Yes
2024-10-15 04:33:37.065738 Quebec: No
2024-10-15 04:33:37.065954 Alpha: No
2024-10-15 04:33:37.066787 X-ray: No
2024-10-15 04:33:37.066969 India: No
ChatterBot Alpha reevaluating
ChatterBot X-ray reevaluating
ChatterBot India reevaluating
ChatterBot Foxtrot reevaluating
ChatterBot Alpha reevaluating
ChatterBot X-ray reevaluating
ChatterBot India reevaluating
ChatterBot Foxtrot reevaluating
ChatterBot X-ray reevaluating
ChatterBot India reevaluating
ChatterBot Foxtrot reevaluating
ChatterBot Alpha reevaluating
ChatterBot India reevaluating
ChatterBot Foxtrot reevaluating
ChatterBot Alpha reevaluating
ChatterBot X-ray reevaluating
2024-10-15 04:33:37.123661 Quebec: Mike and Uniform, sending you 3
2024-10-15 04:33:37.130290 Yankee: Quebec, sending you 3
2024-10-15 04:33:37.131479 Quebec: Alpha, sending you 1
2024-10-15 04:33:37.132951 Foxtrot: Quebec and X-ray, sending you 2
2024-10-15 04:33:37.134508 X-ray: Mike and Alpha, sending you 3
2024-10-15 04:33:37.135305 Yankee: Alpha and X-ray, sending you 2
2024-10-15 04:33:37.136441 India: Quebec, sending you 5
2024-10-15 04:33:37.137164 Tango: Mike, X-ray, India and Juliett, sending you 3
2024-10-15 04:33:37.138648 Mike: Quebec, sending you 5
2024-10-15 04:33:37.139272 Alpha: Mike and X-ray, sending you 2
2024-10-15 04:33:37.140735 Quebec: X-ray, sending you 5
2024-10-15 04:33:37.141289 Foxtrot: Alpha, sending you 4
2024-10-15 04:33:37.142493 X-ray: India, sending you 1
2024-10-15 04:33:37.143079 Yankee: India, sending you 4
2024-10-15 04:33:37.144157 India: Mike, sending you 6
2024-10-15 04:33:37.144862 Tango: Alpha, sending you 2
2024-10-15 04:33:37.146132 Mike: Alpha, sending you 1
2024-10-15 04:33:37.146704 Juliett: Mike and India, sending you 3
2024-10-15 04:33:37.148331 Quebec: India, sending you 4
2024-10-15 04:33:37.149306 Foxtrot: India, sending you 3
2024-10-15 04:33:37.150710 Alpha: India and Uniform, sending you 3
2024-10-15 04:33:37.151873 Uniform: Mike and Alpha, sending you 3
2024-10-15 04:33:37.153391 X-ray: Uniform, sending you 7
2024-10-15 04:33:37.153883 India: Alpha, sending you 2
2024-10-15 04:33:37.155447 Mike: X-ray and India, sending you 3
2024-10-15 04:33:37.156143 Juliett: Alpha, sending you 2
2024-10-15 04:33:37.158067 Foxtrot: Yankee, sending you 1
2024-10-15 04:33:37.159333 Uniform: X-ray and India, sending you 2
2024-10-15 04:33:37.161030 India: X-ray, sending you 3
2024-10-15 04:33:37.161842 Mike: Uniform, sending you 6
2024-10-15 04:33:37.163951 Juliett: X-ray, sending you 5
2024-10-15 04:33:37.166676 India: Uniform, sending you 4
2024-10-15 04:33:37.167672 Juliett: Tango, sending you 1
chatterbot Tango submitting transactions
chatterbot Quebec submitting transactions
chatterbot India submitting transactions
chatterbot Alpha submitting transactions
chatterbot Juliett submitting transactions
chatterbot Foxtrot submitting transactions
chatterbot Uniform submitting transactions
chatterbot Mike submitting transactions
chatterbot X-ray submitting transactions
chatterbot Yankee submitting transactions
ChatterBot Quebec round 2
ChatterBot Mike round 2
ChatterBot Alpha round 2
ChatterBot X-ray round 2
ChatterBot India round 2
ChatterBot Tango round 2
ChatterBot Juliett round 2
2024-10-15 04:33:38.263496 Alpha: We should add Yankee and Foxtrot
ChatterBot Quebec reevaluating
ChatterBot X-ray reevaluating
ChatterBot India reevaluating
ChatterBot Mike reevaluating
ChatterBot Uniform reevaluating
2024-10-15 04:33:38.293702 Quebec: Yes
2024-10-15 04:33:38.293845 X-ray: No
2024-10-15 04:33:38.293961 India: No
2024-10-15 04:33:38.294071 Mike: No
2024-10-15 04:33:38.294174 Uniform: No
ChatterBot X-ray reevaluating
ChatterBot India reevaluating
ChatterBot Mike reevaluating
ChatterBot Uniform reevaluating
ChatterBot Quebec reevaluating
ChatterBot India reevaluating
ChatterBot Mike reevaluating
ChatterBot Uniform reevaluating
ChatterBot Quebec reevaluating
ChatterBot Alpha reevaluating
ChatterBot X-ray reevaluating
ChatterBot Mike reevaluating
ChatterBot Uniform reevaluating
ChatterBot Quebec reevaluating
ChatterBot Alpha reevaluating
ChatterBot X-ray reevaluating
ChatterBot India reevaluating
ChatterBot Uniform reevaluating
ChatterBot Quebec reevaluating
ChatterBot Alpha reevaluating
ChatterBot X-ray reevaluating
ChatterBot India reevaluating
ChatterBot Mike reevaluating
ChatterBot Uniform round 2
ChatterBot Yankee round 2
ChatterBot Foxtrot round 2
2024-10-15 04:33:38.449403 Juliett: Let's form a team
ChatterBot Tango reevaluating
ChatterBot Foxtrot reevaluating
2024-10-15 04:33:38.460537 Tango: Yes
2024-10-15 04:33:38.460732 Foxtrot: No
ChatterBot Foxtrot reevaluating
ChatterBot Tango reevaluating
2024-10-15 04:33:38.483200 Foxtrot: Can we be friends?
ChatterBot Tango reevaluating
2024-10-15 04:33:38.488509 Tango: Yes
ChatterBot Foxtrot reevaluating
2024-10-15 04:33:38.520036 Yankee: We should add Mike and Uniform
ChatterBot Foxtrot reevaluating
ChatterBot Quebec reevaluating
ChatterBot Alpha reevaluating
2024-10-15 04:33:38.554382 Foxtrot: No
2024-10-15 04:33:38.554603 Quebec: Yes
2024-10-15 04:33:38.554820 Alpha: Yes
2024-10-15 04:33:38.555022 X-ray: Yes
2024-10-15 04:33:38.555715 India: Yes
ChatterBot Quebec reevaluating
ChatterBot Alpha reevaluating
ChatterBot Yankee reevaluating
ChatterBot Foxtrot reevaluating
ChatterBot Alpha reevaluating
ChatterBot Yankee reevaluating
ChatterBot Foxtrot reevaluating
ChatterBot Quebec reevaluating
ChatterBot Yankee reevaluating
ChatterBot Foxtrot reevaluating
ChatterBot Quebec reevaluating
ChatterBot Alpha reevaluating
ChatterBot Yankee reevaluating
ChatterBot Foxtrot reevaluating
ChatterBot Quebec reevaluating
ChatterBot Alpha reevaluating
2024-10-15 04:33:38.788665 Yankee: Mike and Uniform we want you to join our group
2024-10-15 04:33:38.800813 Mike: No
2024-10-15 04:33:38.801529 Uniform: No
ChatterBot Yankee reevaluating
ChatterBot Quebec reevaluating
ChatterBot Yankee reevaluating
ChatterBot Quebec reevaluating
2024-10-15 04:33:38.875619 X-ray: Quebec, Mike, Alpha and India, sending you 3
2024-10-15 04:33:38.876555 Mike: Quebec, X-ray and Uniform, sending you 3
2024-10-15 04:33:39.863735 India: Quebec, sending you 5
2024-10-15 04:33:39.864383 Juliett: Tango, sending you 9
2024-10-15 04:33:39.864702 Tango: Juliett, sending you 9
2024-10-15 04:33:39.865436 X-ray: Uniform, sending you 2
2024-10-15 04:33:39.866217 Uniform: Quebec and India, sending you 2
2024-10-15 04:33:39.867089 Foxtrot: Sending you each 4
2024-10-15 04:33:39.867419 Mike: Alpha, sending you 2
2024-10-15 04:33:39.867878 Alpha: Quebec, Mike, X-ray, India and Uniform, sending you 2
chatterbot Uniform submitting transactions
chatterbot India submitting transactions
chatterbot X-ray submitting transactions
chatterbot Juliett submitting transactions
chatterbot Mike submitting transactions
chatterbot Tango submitting transactions
2024-10-15 04:33:39.870428 Tango: Foxtrot, sending you 5
2024-10-15 04:33:39.870775 India: Mike, Alpha and Uniform, sending you 4
2024-10-15 04:33:39.871996 Juliett: Foxtrot, sending you 5
2024-10-15 04:33:39.872336 Uniform: Mike, sending you 3
2024-10-15 04:33:40.123476 Mike: India, sending you 7
2024-10-15 04:33:40.124936 India: X-ray, sending you 3
2024-10-15 04:33:40.125603 Quebec: Mike and India, sending you 5
2024-10-15 04:33:40.126696 Uniform: Alpha, sending you 1
chatterbot Alpha submitting transactions
2024-10-15 04:33:40.541461 Uniform: X-ray, sending you 4
2024-10-15 04:33:40.542373 Quebec: Alpha, X-ray and Uniform, sending you 2
chatterbot Foxtrot submitting transactions
chatterbot Quebec submitting transactions
2024-10-15 04:33:40.699663 Yankee: Quebec, Mike, Alpha, X-ray, India and Uniform, sending you 1
chatterbot Yankee submitting transactions
2024-10-15 04:33:40.714472 Yankee: Foxtrot, sending you 11
ChatterBot Quebec round 3
ChatterBot Mike round 3
ChatterBot Alpha round 3
ChatterBot X-ray round 3
ChatterBot India round 3
ChatterBot Tango round 3
ChatterBot Juliett round 3
ChatterBot Uniform round 3
ChatterBot Yankee round 3
ChatterBot Foxtrot round 3
2024-10-15 04:33:40.798677 Tango: We should add Yankee
ChatterBot Juliett reevaluating
ChatterBot Foxtrot reevaluating
2024-10-15 04:33:40.806335 Juliett: Yes
2024-10-15 04:33:40.806488 Foxtrot: Yes
ChatterBot Foxtrot reevaluating
ChatterBot Juliett reevaluating
2024-10-15 04:33:40.847264 Tango: Yankee we want you to join our group
2024-10-15 04:33:40.850482 Yankee: No
ChatterBot Juliett reevaluating
ChatterBot Foxtrot reevaluating
2024-10-15 04:33:40.861647 India: We should drop Alpha
2024-10-15 04:33:40.872903 Quebec: No
2024-10-15 04:33:40.873591 Mike: No
2024-10-15 04:33:40.873728 X-ray: No
2024-10-15 04:33:40.873852 Uniform: No
2024-10-15 04:33:40.920976 Yankee: We should drop Foxtrot
2024-10-15 04:33:40.937580 Quebec: Yes
2024-10-15 04:33:40.937775 Mike: Yes
2024-10-15 04:33:40.937894 Alpha: Yes
2024-10-15 04:33:40.938567 X-ray: Yes
2024-10-15 04:33:40.938736 India: Yes
2024-10-15 04:33:40.938856 Uniform: Yes
ChatterBot India reevaluating
ChatterBot India reevaluating
ChatterBot India reevaluating
2024-10-15 04:33:41.212609 Juliett: Yankee we want you to join our group
2024-10-15 04:33:41.219334 Yankee: No
2024-10-15 04:33:41.235377 Foxtrot: Yankee we want you to join our group
ChatterBot Yankee reevaluating
2024-10-15 04:33:41.242948 Yankee: Yes
2024-10-15 04:33:41.259156 X-ray: Quebec, Mike, India and Uniform, sending you 3
2024-10-15 04:33:41.261 Quebec: Mike, sending you 4
2024-10-15 04:33:41.262912 Mike: Quebec, sending you 4
2024-10-15 04:33:41.263696 Alpha: Same as last round
2024-10-15 04:33:41.265059 Uniform: Quebec, sending you 1
2024-10-15 04:33:41.266489 X-ray: Alpha, sending you 2
2024-10-15 04:33:41.267471 Quebec: Alpha and Uniform, sending you 2
2024-10-15 04:33:41.269186 Tango: Juliett, sending you 6
2024-10-15 04:33:41.270367 Mike: Alpha, sending you 2
2024-10-15 04:33:41.271687 Uniform: Mike, X-ray and India, sending you 3
chatterbot Mike submitting transactions
2024-10-15 04:33:41.316805 Quebec: X-ray, sending you 3
2024-10-15 04:33:41.318707 Mike: X-ray and Uniform, sending you 3
2024-10-15 04:33:41.320066 Tango: Yankee, sending you 3
2024-10-15 04:33:41.321119 Uniform: Alpha, sending you 2
chatterbot Uniform submitting transactions
2024-10-15 04:33:41.343112 Mike: India, sending you 6
2024-10-15 04:33:41.344121 Quebec: India, sending you 5
2024-10-15 04:33:41.345479 Yankee: Tango and Juliett, sending you 2
2024-10-15 04:33:41.346553 Tango: Foxtrot, sending you 5
2024-10-15 04:33:41.347105 Juliett: Tango, sending you 6
2024-10-15 04:33:41.348168 Foxtrot: Sending you each 3
2024-10-15 04:33:41.348715 India: Quebec and Mike, sending you 6
2024-10-15 04:33:41.383207 Yankee: Foxtrot, sending you 16
2024-10-15 04:33:41.383857 Juliett: Yankee and Foxtrot, sending you 4
2024-10-15 04:33:41.384864 India: X-ray and Uniform, sending you 4
chatterbot Quebec submitting transactions
chatterbot Tango submitting transactions
chatterbot Foxtrot submitting transactions
chatterbot Juliett submitting transactions
chatterbot India submitting transactions
chatterbot X-ray submitting transactions
chatterbot Alpha submitting transactions
chatterbot Yankee submitting transactions
ChatterBot Quebec round 4
ChatterBot Mike round 4
ChatterBot Alpha round 4
ChatterBot X-ray round 4
ChatterBot India round 4
ChatterBot Tango round 4
ChatterBot Juliett round 4
ChatterBot Uniform round 4
ChatterBot Yankee round 4
ChatterBot Foxtrot round 4
2024-10-15 04:33:42.646460 Yankee: We should add Alpha
2024-10-15 04:33:42.656048 Tango: No
2024-10-15 04:33:42.656934 Juliett: No
2024-10-15 04:33:42.657135 Foxtrot: No
ChatterBot Yankee reevaluating
ChatterBot Yankee reevaluating
2024-10-15 04:33:42.697021 Uniform: We should add Yankee
2024-10-15 04:33:42.718097 Quebec: No
2024-10-15 04:33:42.718920 Alpha: No
2024-10-15 04:33:42.719146 X-ray: No
2024-10-15 04:33:42.719376 India: No
2024-10-15 04:33:42.719577 Mike: No
ChatterBot Uniform reevaluating
ChatterBot Uniform reevaluating
ChatterBot Uniform reevaluating
ChatterBot Uniform reevaluating
ChatterBot Uniform reevaluating
2024-10-15 04:33:42.836055 Yankee: We should add X-ray
2024-10-15 04:33:42.850193 Tango: Yes
2024-10-15 04:33:42.850460 Juliett: Yes
2024-10-15 04:33:42.850711 Foxtrot: Yes
ChatterBot Yankee reevaluating
ChatterBot Yankee reevaluating
ChatterBot Yankee reevaluating
2024-10-15 04:33:42.898376 Tango: Juliett, sending you 6
2024-10-15 04:33:42.899396 Quebec: Mike and India, sending you 4
2024-10-15 04:33:42.901980 Juliett: Tango, sending you 6
2024-10-15 04:33:42.902684 Mike: Quebec, sending you 4
2024-10-15 04:33:42.904171 X-ray: Quebec, Mike, India and Uniform, sending you 3
2024-10-15 04:33:42.905676 India: Quebec, sending you 5
2024-10-15 04:33:42.907585 Tango: Yankee, sending you 3
2024-10-15 04:33:42.908307 Quebec: Alpha and X-ray, sending you 3
2024-10-15 04:33:42.909537 Juliett: Yankee, sending you 3
2024-10-15 04:33:42.910731 Mike: Alpha, sending you 2
2024-10-15 04:33:42.911906 X-ray: Alpha, sending you 2
2024-10-15 04:33:42.913537 India: Mike, sending you 7
2024-10-15 04:33:42.914736 Alpha: Same as last round
2024-10-15 04:33:42.915693 Tango: Foxtrot, sending you 5
2024-10-15 04:33:42.916804 Quebec: Uniform, sending you 2
2024-10-15 04:33:42.917357 Juliett: Foxtrot, sending you 5
2024-10-15 04:33:42.917723 Mike: X-ray and Uniform, sending you 3
2024-10-15 04:33:42.919210 Foxtrot: Tango and Juliett, sending you 3
2024-10-15 04:33:42.919684 India: X-ray and Uniform, sending you 4
2024-10-15 04:33:42.920800 Uniform: Quebec, sending you 1
2024-10-15 04:33:42.933008 Mike: India, sending you 6
2024-10-15 04:33:42.934177 Foxtrot: Yankee, sending you 2
2024-10-15 04:33:42.934587 Uniform: Mike, X-ray and India, sending you 3
chatterbot X-ray submitting transactions
2024-10-15 04:33:42.935745 Yankee: Tango, sending you 6
2024-10-15 04:33:43.002164 Uniform: Alpha, sending you 2
2024-10-15 04:33:43.003360 Yankee: Juliett and Foxtrot, sending you 7
chatterbot Mike submitting transactions
chatterbot India submitting transactions
chatterbot Foxtrot submitting transactions
chatterbot Tango submitting transactions
chatterbot Juliett submitting transactions
chatterbot Uniform submitting transactions
chatterbot Quebec submitting transactions
chatterbot Alpha submitting transactions
chatterbot Yankee submitting transactions
ChatterBot Quebec round 5
ChatterBot Mike round 5
ChatterBot Alpha round 5
ChatterBot X-ray round 5
ChatterBot India round 5
ChatterBot Tango round 5
ChatterBot Juliett round 5
ChatterBot Uniform round 5
ChatterBot Yankee round 5
ChatterBot Foxtrot round 5
2024-10-15 04:33:44.312257 Yankee: We should add X-ray
2024-10-15 04:33:44.326810 Tango: Yes
2024-10-15 04:33:44.327235 Juliett: Yes
2024-10-15 04:33:44.327678 Foxtrot: Yes
ChatterBot Yankee reevaluating
ChatterBot Yankee reevaluating
ChatterBot Yankee reevaluating
2024-10-15 04:33:44.470441 X-ray: Quebec, Mike, India and Uniform, sending you 3
2024-10-15 04:33:44.472321 India: Quebec, sending you 5
2024-10-15 04:33:44.472895 Alpha: Same as last round
2024-10-15 04:33:44.474947 Uniform: Quebec, sending you 1
2024-10-15 04:33:44.476676 Quebec: Mike and India, sending you 4
2024-10-15 04:33:44.477569 Tango: Juliett and Foxtrot, sending you 5
2024-10-15 04:33:44.478137 Mike: Quebec, sending you 4
2024-10-15 04:33:44.479531 Juliett: Tango and Foxtrot, sending you 5
2024-10-15 04:33:44.480040 Foxtrot: Tango and Juliett, sending you 3
2024-10-15 04:33:44.480599 X-ray: Alpha, sending you 2
2024-10-15 04:33:44.482051 India: Mike, sending you 7
2024-10-15 04:33:44.482855 Uniform: Mike, X-ray and India, sending you 3
2024-10-15 04:33:44.484129 Quebec: Alpha and X-ray, sending you 3
2024-10-15 04:33:44.484863 Tango: Yankee, sending you 4
2024-10-15 04:33:44.485829 Foxtrot: Yankee, sending you 2
2024-10-15 04:33:44.486360 Mike: Alpha, sending you 2
2024-10-15 04:33:44.487883 Juliett: Yankee, sending you 4
2024-10-15 04:33:44.488425 Yankee: Tango, sending you 6
2024-10-15 04:33:44.488993 India: X-ray and Uniform, sending you 4
2024-10-15 04:33:44.490862 Uniform: Alpha, sending you 2
2024-10-15 04:33:44.491926 Quebec: Uniform, sending you 2
2024-10-15 04:33:44.493397 Mike: X-ray and Uniform, sending you 3
2024-10-15 04:33:44.494234 Yankee: Juliett and Foxtrot, sending you 7
2024-10-15 04:33:44.499087 Mike: India, sending you 6
chatterbot Yankee submitting transactions
chatterbot Tango submitting transactions
chatterbot India submitting transactions
chatterbot Quebec submitting transactions
chatterbot Juliett submitting transactions
chatterbot X-ray submitting transactions
chatterbot Uniform submitting transactions
chatterbot Mike submitting transactions
chatterbot Foxtrot submitting transactions
chatterbot Alpha submitting transactions
ChatterBot Quebec round 6
ChatterBot Mike round 6
ChatterBot Alpha round 6
ChatterBot X-ray round 6
ChatterBot India round 6
ChatterBot Tango round 6
ChatterBot Juliett round 6
ChatterBot Uniform round 6
ChatterBot Yankee round 6
ChatterBot Foxtrot round 6
2024-10-15 04:33:45.597653 Uniform: Quebec, sending you 1
2024-10-15 04:33:45.599609 Juliett: Tango and Foxtrot, sending you 5
2024-10-15 04:33:45.600938 Mike: Quebec, sending you 4
2024-10-15 04:33:45.602599 X-ray: Quebec, Mike, India and Uniform, sending you 3
2024-10-15 04:33:45.604263 Quebec: Mike and India, sending you 4
2024-10-15 04:33:45.606041 Uniform: Mike, X-ray and India, sending you 3
2024-10-15 04:33:45.607669 Juliett: Yankee, sending you 4
2024-10-15 04:33:45.608918 Mike: Alpha, sending you 2
2024-10-15 04:33:45.610420 X-ray: Alpha, sending you 2
2024-10-15 04:33:45.611818 Alpha: Same as last round
2024-10-15 04:33:45.613596 Foxtrot: Tango and Juliett, sending you 3
2024-10-15 04:33:45.614879 Tango: Juliett and Foxtrot, sending you 5
2024-10-15 04:33:45.616778 India: Quebec, sending you 5
2024-10-15 04:33:45.618137 Uniform: Alpha, sending you 2
2024-10-15 04:33:45.620238 Quebec: Alpha and X-ray, sending you 3
2024-10-15 04:33:45.622291 Yankee: Mike and X-ray, sending you 6
2024-10-15 04:33:45.624300 Mike: X-ray and Uniform, sending you 3
2024-10-15 04:33:45.627141 Foxtrot: Yankee, sending you 2
2024-10-15 04:33:45.628480 Tango: Yankee, sending you 4
2024-10-15 04:33:45.629350 India: Mike, sending you 7
2024-10-15 04:33:45.630670 Quebec: Uniform, sending you 2
2024-10-15 04:33:45.632777 Yankee: Uniform, sending you 8
2024-10-15 04:33:45.634931 Mike: India, sending you 6
2024-10-15 04:33:45.636535 India: X-ray and Uniform, sending you 4
chatterbot Mike submitting transactions
chatterbot India submitting transactions
chatterbot Foxtrot submitting transactions
chatterbot Alpha submitting transactions
chatterbot Yankee submitting transactions
chatterbot Juliett submitting transactions
chatterbot X-ray submitting transactions
chatterbot Tango submitting transactions
chatterbot Uniform submitting transactions
chatterbot Quebec submitting transactions
ChatterBot Quebec round 7
ChatterBot Mike round 7
ChatterBot Alpha round 7
ChatterBot X-ray round 7
ChatterBot India round 7
ChatterBot Tango round 7
ChatterBot Juliett round 7
ChatterBot Uniform round 7
ChatterBot Yankee round 7
ChatterBot Foxtrot round 7
2024-10-15 04:33:46.830681 Quebec: Mike and India, sending you 4
2024-10-15 04:33:46.834682 Tango: Juliett and Foxtrot, sending you 5
2024-10-15 04:33:46.835909 Quebec: Alpha and X-ray, sending you 3
2024-10-15 04:33:46.837088 Alpha: Same as last round
2024-10-15 04:33:46.838917 Uniform: Quebec, sending you 1
2024-10-15 04:33:46.841083 X-ray: Quebec, Mike, India and Uniform, sending you 3
2024-10-15 04:33:46.843210 Juliett: Tango and Foxtrot, sending you 5
2024-10-15 04:33:46.844427 Tango: Yankee, sending you 4
2024-10-15 04:33:46.844946 Quebec: Uniform, sending you 2
2024-10-15 04:33:46.845686 Uniform: Mike, X-ray and India, sending you 3
2024-10-15 04:33:46.847403 X-ray: Alpha, sending you 2
2024-10-15 04:33:46.848897 India: Quebec, sending you 5
2024-10-15 04:33:46.850744 Juliett: Yankee, sending you 4
2024-10-15 04:33:46.851395 Foxtrot: Tango and Juliett, sending you 3
2024-10-15 04:33:46.853123 Mike: Quebec, sending you 4
2024-10-15 04:33:46.855295 Uniform: Alpha, sending you 2
2024-10-15 04:33:46.856482 India: Mike, sending you 7
2024-10-15 04:33:46.858065 Foxtrot: Yankee, sending you 2
2024-10-15 04:33:46.861197 Mike: Alpha, sending you 2
2024-10-15 04:33:46.862115 Yankee: Tango and Juliett, sending you 7
2024-10-15 04:33:46.863497 India: X-ray and Uniform, sending you 4
2024-10-15 04:33:46.865466 Mike: X-ray and Uniform, sending you 3
2024-10-15 04:33:46.866701 Yankee: Foxtrot, sending you 6
2024-10-15 04:33:46.869941 Mike: India, sending you 6
chatterbot Mike submitting transactions
chatterbot Tango submitting transactions
chatterbot Foxtrot submitting transactions
chatterbot India submitting transactions
chatterbot Uniform submitting transactions
chatterbot Juliett submitting transactions
chatterbot Quebec submitting transactions
chatterbot Alpha submitting transactions
chatterbot X-ray submitting transactions
chatterbot Yankee submitting transactions
ChatterBot Quebec round 8
ChatterBot Mike round 8
ChatterBot Alpha round 8
ChatterBot X-ray round 8
ChatterBot India round 8
ChatterBot Tango round 8
ChatterBot Juliett round 8
ChatterBot Uniform round 8
ChatterBot Yankee round 8
ChatterBot Foxtrot round 8
2024-10-15 04:33:48.185075 Yankee: We should add Alpha
2024-10-15 04:33:48.200520 Tango: No
2024-10-15 04:33:48.201513 Juliett: No
2024-10-15 04:33:48.201916 Foxtrot: No
ChatterBot Yankee reevaluating
ChatterBot Yankee reevaluating
ChatterBot Yankee reevaluating
2024-10-15 04:33:48.244673 Alpha: Same as last round
2024-10-15 04:33:48.246508 Mike: Quebec, sending you 4
2024-10-15 04:33:48.247988 Juliett: Tango and Foxtrot, sending you 5
2024-10-15 04:33:48.250973 Mike: Alpha, sending you 2
2024-10-15 04:33:48.252200 Juliett: Yankee, sending you 4
2024-10-15 04:33:48.253476 Uniform: Quebec, sending you 2
2024-10-15 04:33:48.255445 Quebec: Mike and India, sending you 4
2024-10-15 04:33:48.257533 Mike: X-ray and Uniform, sending you 3
2024-10-15 04:33:48.259634 Uniform: Mike, X-ray and India, sending you 3
2024-10-15 04:33:48.261336 Foxtrot: Tango and Juliett, sending you 3
2024-10-15 04:33:48.262584 Quebec: Alpha and X-ray, sending you 3
2024-10-15 04:33:48.264165 Yankee: Tango and Juliett, sending you 7
2024-10-15 04:33:48.264741 India: Quebec, sending you 5
2024-10-15 04:33:48.265251 X-ray: Quebec, Mike, India and Uniform, sending you 3
2024-10-15 04:33:48.267212 Mike: India, sending you 6
2024-10-15 04:33:48.268841 Tango: Juliett and Foxtrot, sending you 5
2024-10-15 04:33:48.270031 Uniform: Alpha, sending you 1
2024-10-15 04:33:48.271439 Foxtrot: Yankee, sending you 2
2024-10-15 04:33:48.272560 Quebec: Uniform, sending you 2
2024-10-15 04:33:48.273555 Yankee: Foxtrot, sending you 6
2024-10-15 04:33:48.274090 India: Mike, sending you 7
2024-10-15 04:33:48.275097 X-ray: Alpha, sending you 2
2024-10-15 04:33:48.275998 Tango: Yankee, sending you 4
2024-10-15 04:33:48.277711 India: X-ray and Uniform, sending you 4
chatterbot X-ray submitting transactions
chatterbot Tango submitting transactions
chatterbot Quebec submitting transactions
chatterbot Foxtrot submitting transactions
chatterbot India submitting transactions
chatterbot Juliett submitting transactions
chatterbot Mike submitting transactions
chatterbot Yankee submitting transactions
chatterbot Uniform submitting transactions
chatterbot Alpha submitting transactions
ChatterBot Quebec round 9
ChatterBot Mike round 9
ChatterBot Alpha round 9
ChatterBot X-ray round 9
ChatterBot India round 9
ChatterBot Tango round 9
ChatterBot Juliett round 9
ChatterBot Uniform round 9
ChatterBot Yankee round 9
ChatterBot Foxtrot round 9
2024-10-15 04:33:49.317667 Mike: Quebec, sending you 4
2024-10-15 04:33:49.319345 Alpha: Same as last round
2024-10-15 04:33:49.320949 X-ray: Quebec, Mike, India and Uniform, sending you 3
2024-10-15 04:33:49.322665 Quebec: Mike and India, sending you 4
2024-10-15 04:33:49.323668 Mike: Alpha, sending you 2
2024-10-15 04:33:49.325459 X-ray: Alpha, sending you 2
2024-10-15 04:33:49.327671 Uniform: Quebec, sending you 2
2024-10-15 04:33:49.328421 Quebec: Alpha and X-ray, sending you 3
2024-10-15 04:33:49.329685 Mike: X-ray and Uniform, sending you 3
2024-10-15 04:33:49.330374 Tango: Juliett and Foxtrot, sending you 5
2024-10-15 04:33:49.331663 India: Quebec, sending you 5
2024-10-15 04:33:49.332122 Yankee: Tango and Juliett, sending you 7
2024-10-15 04:33:49.332645 Uniform: Mike, X-ray and India, sending you 3
2024-10-15 04:33:49.334061 Juliett: Tango and Foxtrot, sending you 5
2024-10-15 04:33:49.334571 Quebec: Uniform, sending you 2
2024-10-15 04:33:49.335881 Tango: Yankee, sending you 4
2024-10-15 04:33:49.336353 Mike: India, sending you 6
2024-10-15 04:33:49.337232 India: Mike, sending you 7
2024-10-15 04:33:49.338133 Yankee: Foxtrot, sending you 6
2024-10-15 04:33:49.338638 Foxtrot: Tango and Juliett, sending you 3
2024-10-15 04:33:49.339088 Juliett: Yankee, sending you 4
2024-10-15 04:33:49.340250 Uniform: Alpha, sending you 1
2024-10-15 04:33:49.341290 India: X-ray and Uniform, sending you 4
2024-10-15 04:33:49.341841 Foxtrot: Yankee, sending you 2
chatterbot X-ray submitting transactions
chatterbot Juliett submitting transactions
chatterbot Mike submitting transactions
chatterbot Quebec submitting transactions
chatterbot Alpha submitting transactions
chatterbot Uniform submitting transactions
chatterbot Tango submitting transactions
chatterbot India submitting transactions
chatterbot Yankee submitting transactions
chatterbot Foxtrot submitting transactions
ChatterBot Quebec round 10
ChatterBot Mike round 10
ChatterBot Alpha round 10
ChatterBot X-ray round 10
ChatterBot India round 10
ChatterBot Tango round 10
ChatterBot Juliett round 10
ChatterBot Uniform round 10
ChatterBot Yankee round 10
ChatterBot Foxtrot round 10
2024-10-15 04:33:50.619252 India: Quebec, sending you 5
2024-10-15 04:33:50.620090 Mike: Quebec, sending you 4
2024-10-15 04:33:50.621638 Quebec: Mike and India, sending you 4
2024-10-15 04:33:50.623438 Juliett: Tango and Foxtrot, sending you 5
2024-10-15 04:33:50.624555 X-ray: Quebec, Mike, India and Uniform, sending you 3
2024-10-15 04:33:50.626774 Alpha: Same as last round
2024-10-15 04:33:50.628913 Uniform: Quebec, Mike and X-ray, sending you 1
2024-10-15 04:33:50.630899 India: Mike, sending you 7
2024-10-15 04:33:50.631581 Mike: Alpha, sending you 2
2024-10-15 04:33:50.633211 Quebec: Alpha and X-ray, sending you 3
2024-10-15 04:33:50.634781 Juliett: Yankee, sending you 4
2024-10-15 04:33:50.635400 X-ray: Alpha, sending you 2
2024-10-15 04:33:50.638116 Tango: Juliett and Foxtrot, sending you 5
2024-10-15 04:33:50.638677 India: X-ray and Uniform, sending you 4
2024-10-15 04:33:50.639934 Mike: X-ray and Uniform, sending you 3
2024-10-15 04:33:50.640901 Yankee: Tango and Juliett, sending you 7
2024-10-15 04:33:50.642243 Quebec: Uniform, sending you 2
2024-10-15 04:33:50.643812 Foxtrot: Tango and Juliett, sending you 3
2024-10-15 04:33:50.644462 Tango: Yankee, sending you 4
2024-10-15 04:33:50.645582 Mike: India, sending you 6
2024-10-15 04:33:50.655823 Yankee: Foxtrot, sending you 6
2024-10-15 04:33:50.656696 Foxtrot: Yankee, sending you 2
chatterbot Juliett submitting transactions
chatterbot India submitting transactions
chatterbot Uniform submitting transactions
chatterbot Quebec submitting transactions
chatterbot Foxtrot submitting transactions
chatterbot Tango submitting transactions
chatterbot Mike submitting transactions
chatterbot Yankee submitting transactions
chatterbot X-ray submitting transactions
chatterbot Alpha submitting transactions
ChatterBot Quebec round 11
ChatterBot Mike round 11
ChatterBot Alpha round 11
ChatterBot X-ray round 11
ChatterBot India round 11
ChatterBot Tango round 11
ChatterBot Juliett round 11
ChatterBot Uniform round 11
ChatterBot Yankee round 11
ChatterBot Foxtrot round 11
2024-10-15 04:33:51.755968 India: We should replace Uniform with Alpha
2024-10-15 04:33:51.777530 Quebec: No
2024-10-15 04:33:51.777941 Mike: No
2024-10-15 04:33:51.778261 X-ray: No
ChatterBot X-ray reevaluating
ChatterBot X-ray reevaluating
2024-10-15 04:33:51.870539 India: Alpha we want you to join our group
2024-10-15 04:33:51.878996 Alpha: Yes
ChatterBot X-ray reevaluating
2024-10-15 04:33:51.905611 Mike: Quebec, sending you 4
2024-10-15 04:33:51.909589 Uniform: Quebec, Mike, X-ray and India, sending you 1
2024-10-15 04:33:51.912369 Tango: Juliett and Foxtrot, sending you 5
2024-10-15 04:33:51.914824 X-ray: We should drop Uniform
ChatterBot Quebec reevaluating
ChatterBot Alpha reevaluating
2024-10-15 04:33:51.938262 India: Yes
2024-10-15 04:33:51.939799 Quebec: Yes
2024-10-15 04:33:51.940048 Mike: No
2024-10-15 04:33:51.940249 Alpha: Yes
ChatterBot Quebec reevaluating
ChatterBot Alpha reevaluating
ChatterBot Alpha reevaluating
ChatterBot Quebec reevaluating
ChatterBot Alpha reevaluating
ChatterBot Quebec reevaluating
ChatterBot Mike reevaluating
2024-10-15 04:33:52.029227 Tango: Yankee, sending you 4
2024-10-15 04:33:52.032998 Juliett: Tango and Foxtrot, sending you 5
2024-10-15 04:33:52.033666 Foxtrot: Tango and Juliett, sending you 3
2024-10-15 04:33:52.035126 India: Sending you each 1
2024-10-15 04:33:52.036570 India: I was attacked by Uniform
ChatterBot Quebec reevaluating
ChatterBot Mike reevaluating
ChatterBot Alpha reevaluating
ChatterBot X-ray reevaluating
2024-10-15 04:33:52.050705 India: Ow
2024-10-15 04:33:52.052428 Yankee: Tango and Juliett, sending you 7
2024-10-15 04:33:52.053045 Juliett: Yankee, sending you 4
2024-10-15 04:33:52.053520 Foxtrot: Yankee, sending you 2
2024-10-15 04:33:52.056443 Yankee: Foxtrot, sending you 6
2024-10-15 04:33:52.073679 Quebec: Mike and X-ray, sending you 4
2024-10-15 04:33:52.079697 Quebec: Alpha, sending you 3
2024-10-15 04:33:52.083686 X-ray: Quebec and Alpha, sending you 3
2024-10-15 04:33:52.085015 Quebec: India, sending you 5
2024-10-15 04:33:52.089747 X-ray: Mike and India, sending you 4
chatterbot India submitting transactions
chatterbot Yankee submitting transactions
chatterbot Alpha submitting transactions
chatterbot Juliett submitting transactions
chatterbot Uniform submitting transactions
chatterbot Foxtrot submitting transactions
chatterbot Tango submitting transactions
chatterbot X-ray submitting transactions
chatterbot Quebec submitting transactions
chatterbot Mike submitting transactions
ChatterBot Quebec round 12
ChatterBot Mike round 12
ChatterBot Alpha round 12
ChatterBot X-ray round 12
ChatterBot India round 12
ChatterBot Tango round 12
ChatterBot Juliett round 12
ChatterBot Uniform round 12
ChatterBot Yankee round 12
ChatterBot Foxtrot round 12
2024-10-15 04:33:53.321301 Quebec: Mike, sending you 5
2024-10-15 04:33:53.322169 Yankee: I was attacked by Alpha and Uniform
ChatterBot Tango reevaluating
ChatterBot Juliett reevaluating
ChatterBot Foxtrot reevaluating
2024-10-15 04:33:53.338586 Yankee: I'm keeping this round to protect myself
2024-10-15 04:33:53.340962 Yankee: Ow
2024-10-15 04:33:53.342292 Juliett: We should add X-ray
ChatterBot Tango reevaluating
ChatterBot Yankee reevaluating
ChatterBot Foxtrot reevaluating
2024-10-15 04:33:53.357554 Tango: Yes
2024-10-15 04:33:53.357890 Yankee: Yes
2024-10-15 04:33:53.358152 Foxtrot: Yes
ChatterBot Juliett reevaluating
ChatterBot Yankee reevaluating
ChatterBot Foxtrot reevaluating
ChatterBot Tango reevaluating
ChatterBot Juliett reevaluating
ChatterBot Foxtrot reevaluating
ChatterBot Tango reevaluating
ChatterBot Juliett reevaluating
ChatterBot Yankee reevaluating
2024-10-15 04:33:53.403450 Quebec: Alpha, sending you 3
2024-10-15 04:33:53.408903 X-ray: Quebec, Mike and India, sending you 4
2024-10-15 04:33:53.411331 Quebec: X-ray and India, sending you 4
2024-10-15 04:33:53.413553 Alpha: Quebec, Mike and X-ray, sending you 3
2024-10-15 04:33:53.416168 Yankee: We should drop Tango
ChatterBot Juliett reevaluating
2024-10-15 04:33:53.427907 Juliett: No
2024-10-15 04:33:53.428237 Foxtrot: No
ChatterBot Yankee reevaluating
ChatterBot Yankee reevaluating
ChatterBot Juliett reevaluating
2024-10-15 04:33:53.447912 Uniform: Quebec, X-ray and India, sending you 1
2024-10-15 04:33:53.450540 India: Quebec and X-ray, sending you 3
2024-10-15 04:33:53.452026 X-ray: Alpha, sending you 2
2024-10-15 04:33:53.453641 Alpha: India, sending you 1
2024-10-15 04:33:53.455249 Yankee: X-ray we want you to join our group
2024-10-15 04:33:53.460167 X-ray: No
ChatterBot Yankee reevaluating
ChatterBot Tango reevaluating
ChatterBot Juliett reevaluating
2024-10-15 04:33:53.488675 Yankee: We should add India
ChatterBot Tango reevaluating
ChatterBot Juliett reevaluating
2024-10-15 04:33:53.508440 Tango: No
2024-10-15 04:33:53.508884 Juliett: No
2024-10-15 04:33:53.509184 Foxtrot: No
ChatterBot Juliett reevaluating
ChatterBot Yankee reevaluating
ChatterBot Tango reevaluating
ChatterBot Yankee reevaluating
ChatterBot Tango reevaluating
ChatterBot Juliett reevaluating
ChatterBot Yankee reevaluating
2024-10-15 04:33:53.569236 India: Mike, sending you 4
2024-10-15 04:33:53.600188 Juliett: X-ray we want you to join our group
2024-10-15 04:33:53.607541 X-ray: No
ChatterBot Yankee reevaluating
ChatterBot Tango reevaluating
ChatterBot Juliett reevaluating
2024-10-15 04:33:53.627106 India: Alpha, sending you 1
2024-10-15 04:33:53.629166 Foxtrot: Tango and Juliett, sending you 3
chatterbot Uniform submitting transactions
chatterbot X-ray submitting transactions
chatterbot India submitting transactions
2024-10-15 04:33:53.657779 Tango: Juliett and Foxtrot, sending you 5
2024-10-15 04:33:53.665336 Tango: Yankee, sending you 3
2024-10-15 04:33:53.667423 Juliett: Tango and Foxtrot, sending you 5
2024-10-15 04:33:53.705093 Juliett: Yankee, sending you 3
chatterbot Mike submitting transactions
chatterbot Tango submitting transactions
chatterbot Alpha submitting transactions
chatterbot Juliett submitting transactions
chatterbot Quebec submitting transactions
chatterbot Foxtrot submitting transactions
chatterbot Yankee submitting transactions
ChatterBot Quebec round 13
ChatterBot Mike round 13
ChatterBot Alpha round 13
ChatterBot X-ray round 13
ChatterBot India round 13
ChatterBot Tango round 13
ChatterBot Juliett round 13
ChatterBot Uniform round 13
ChatterBot Yankee round 13
ChatterBot Foxtrot round 13
2024-10-15 04:33:54.889943 Mike: We should add Uniform
ChatterBot India reevaluating
2024-10-15 04:33:54.915145 India: No
2024-10-15 04:33:54.915511 Quebec: No
2024-10-15 04:33:54.916724 Alpha: No
2024-10-15 04:33:54.917090 X-ray: No
ChatterBot Mike reevaluating
ChatterBot India reevaluating
ChatterBot Mike reevaluating
ChatterBot India reevaluating
ChatterBot Mike reevaluating
ChatterBot India reevaluating
ChatterBot Mike reevaluating
2024-10-15 04:33:55.095098 Yankee: We should add Mike
2024-10-15 04:33:55.113234 Tango: No
2024-10-15 04:33:55.113778 Juliett: No
2024-10-15 04:33:55.114839 Foxtrot: No
ChatterBot Yankee reevaluating
ChatterBot Yankee reevaluating
ChatterBot Yankee reevaluating
2024-10-15 04:33:55.201664 Mike: Uniform we want you to join our group
2024-10-15 04:33:55.212021 Uniform: Yes
ChatterBot Quebec reevaluating
ChatterBot India reevaluating
ChatterBot Mike reevaluating
2024-10-15 04:33:55.249770 India: Can we be friends?
2024-10-15 04:33:55.263381 Alpha: No
2024-10-15 04:33:55.263599 Uniform: Yes
ChatterBot India reevaluating
ChatterBot India reevaluating
2024-10-15 04:33:55.286234 Quebec: Uniform we want you to join our group
2024-10-15 04:33:55.291231 Uniform: Yes
ChatterBot Quebec reevaluating
ChatterBot Mike reevaluating
2024-10-15 04:33:55.313630 Tango: Juliett and Foxtrot, sending you 5
2024-10-15 04:33:55.314830 Juliett: Tango and Foxtrot, sending you 3
2024-10-15 04:33:55.315195 Uniform: Quebec, Mike, X-ray and India, sending you 1
2024-10-15 04:33:55.316593 X-ray: Quebec, Mike and India, sending you 4
2024-10-15 04:33:55.317349 Foxtrot: Tango and Juliett, sending you 2
2024-10-15 04:33:55.318461 Alpha: Quebec and X-ray, sending you 3
2024-10-15 04:33:55.320160 Tango: Yankee, sending you 4
2024-10-15 04:33:55.321080 Juliett: Yankee, sending you 2
2024-10-15 04:33:55.322389 X-ray: Alpha, sending you 2
2024-10-15 04:33:55.324212 Foxtrot: Yankee, sending you 1
2024-10-15 04:33:55.325617 Alpha: Mike and India, sending you 2
2024-10-15 04:33:55.375413 Quebec: Mike, sending you 5
2024-10-15 04:33:55.392389 Quebec: Alpha, sending you 3
2024-10-15 04:33:55.393517 India: Alpha, sending you 11
2024-10-15 04:33:55.431084 Quebec: X-ray and India, sending you 4
2024-10-15 04:33:55.432726 India: Uniform, sending you 8
chatterbot Uniform submitting transactions
chatterbot Foxtrot submitting transactions
chatterbot X-ray submitting transactions
chatterbot Alpha submitting transactions
chatterbot Yankee submitting transactions
chatterbot India submitting transactions
chatterbot Quebec submitting transactions
chatterbot Tango submitting transactions
chatterbot Juliett submitting transactions
chatterbot Mike submitting transactions
ChatterBot Quebec round 14
ChatterBot Mike round 14
ChatterBot Alpha round 14
ChatterBot X-ray round 14
ChatterBot India round 14
ChatterBot Tango round 14
ChatterBot Juliett round 14
ChatterBot Uniform round 14
ChatterBot Yankee round 14
ChatterBot Foxtrot round 14
2024-10-15 04:33:56.620399 Quebec: We should add Uniform
ChatterBot India reevaluating
