ChatterBot Sierra round 1
ChatterBot Oscar round 1
ChatterBot Lima round 1
ChatterBot Uniform round 1
ChatterBot Hotel round 1
ChatterBot Juliett round 1
ChatterBot Echo round 1
ChatterBot Golf round 1
ChatterBot Mike round 1
ChatterBot Whiskey round 1
randomSelections Whiskey: {Whiskey, Sierra, Oscar, Uniform, Mike, Juliett} 
2024-10-15 04:33:36.766452 Whiskey: Can we be friends?
ChatterBot Sierra reevaluating
ChatterBot Oscar reevaluating
ChatterBot Uniform reevaluating
ChatterBot Mike reevaluating
ChatterBot Juliett reevaluating
2024-10-15 04:33:36.789489 Sierra: Yes
2024-10-15 04:33:36.789734 Oscar: Yes
2024-10-15 04:33:36.789906 Uniform: Yes
2024-10-15 04:33:36.790056 Mike: Yes
2024-10-15 04:33:36.790202 Juliett: Yes
ChatterBot Oscar reevaluating
ChatterBot Uniform reevaluating
ChatterBot Mike reevaluating
ChatterBot Juliett reevaluating
ChatterBot Sierra reevaluating
ChatterBot Uniform reevaluating
ChatterBot Mike reevaluating
ChatterBot Juliett reevaluating
ChatterBot Sierra reevaluating
ChatterBot Oscar reevaluating
ChatterBot Mike reevaluating
ChatterBot Juliett reevaluating
ChatterBot Sierra reevaluating
ChatterBot Oscar reevaluating
ChatterBot Uniform reevaluating
ChatterBot Juliett reevaluating
ChatterBot Sierra reevaluating
ChatterBot Oscar reevaluating
ChatterBot Uniform reevaluating
ChatterBot Mike reevaluating
randomSelections Lima: {Lima, Sierra, Uniform, Oscar, Golf, Whiskey} 
2024-10-15 04:33:36.897537 Lima: Group up?
ChatterBot Sierra reevaluating
ChatterBot Uniform reevaluating
ChatterBot Oscar reevaluating
ChatterBot Golf reevaluating
2024-10-15 04:33:36.993078 Sierra: No
2024-10-15 04:33:36.993321 Uniform: No
2024-10-15 04:33:36.993448 Oscar: No
2024-10-15 04:33:36.993579 Golf: Yes
2024-10-15 04:33:36.993746 Whiskey: No
ChatterBot Uniform reevaluating
ChatterBot Oscar reevaluating
ChatterBot Golf reevaluating
ChatterBot Sierra reevaluating
ChatterBot Oscar reevaluating
ChatterBot Golf reevaluating
ChatterBot Sierra reevaluating
ChatterBot Uniform reevaluating
ChatterBot Golf reevaluating
ChatterBot Sierra reevaluating
ChatterBot Uniform reevaluating
ChatterBot Oscar reevaluating
ChatterBot Sierra reevaluating
ChatterBot Uniform reevaluating
ChatterBot Oscar reevaluating
ChatterBot Golf reevaluating
randomSelections Hotel: {Hotel, Golf, Juliett, Lima, Whiskey, Oscar, Mike, Sierra} 
2024-10-15 04:33:37.066934 Hotel: We should group up
ChatterBot Golf reevaluating
ChatterBot Juliett reevaluating
ChatterBot Oscar reevaluating
ChatterBot Mike reevaluating
ChatterBot Sierra reevaluating
2024-10-15 04:33:37.085526 Golf: No
2024-10-15 04:33:37.086387 Juliett: No
2024-10-15 04:33:37.086757 Lima: No
2024-10-15 04:33:37.087274 Whiskey: No
2024-10-15 04:33:37.088109 Oscar: No
2024-10-15 04:33:37.088375 Mike: No
2024-10-15 04:33:37.088681 Sierra: No
ChatterBot Juliett reevaluating
ChatterBot Oscar reevaluating
ChatterBot Mike reevaluating
ChatterBot Sierra reevaluating
ChatterBot Golf reevaluating
ChatterBot Oscar reevaluating
ChatterBot Mike reevaluating
ChatterBot Sierra reevaluating
ChatterBot Golf reevaluating
ChatterBot Juliett reevaluating
ChatterBot Oscar reevaluating
ChatterBot Mike reevaluating
ChatterBot Sierra reevaluating
ChatterBot Golf reevaluating
ChatterBot Juliett reevaluating
ChatterBot Oscar reevaluating
ChatterBot Mike reevaluating
ChatterBot Sierra reevaluating
ChatterBot Golf reevaluating
ChatterBot Juliett reevaluating
ChatterBot Mike reevaluating
ChatterBot Sierra reevaluating
ChatterBot Golf reevaluating
ChatterBot Juliett reevaluating
ChatterBot Oscar reevaluating
ChatterBot Sierra reevaluating
ChatterBot Golf reevaluating
ChatterBot Juliett reevaluating
ChatterBot Oscar reevaluating
ChatterBot Mike reevaluating
randomSelections Echo: {Echo, Golf, Mike, Uniform, Sierra, Hotel} 
2024-10-15 04:33:37.218134 Echo: Friends?
ChatterBot Golf reevaluating
ChatterBot Mike reevaluating
ChatterBot Uniform reevaluating
ChatterBot Sierra reevaluating
2024-10-15 04:33:37.228330 Golf: No
2024-10-15 04:33:37.228628 Mike: No
2024-10-15 04:33:37.229407 Uniform: No
2024-10-15 04:33:37.229752 Sierra: No
2024-10-15 04:33:37.231069 Hotel: No
ChatterBot Mike reevaluating
ChatterBot Uniform reevaluating
ChatterBot Sierra reevaluating
ChatterBot Golf reevaluating
ChatterBot Uniform reevaluating
ChatterBot Sierra reevaluating
ChatterBot Golf reevaluating
ChatterBot Mike reevaluating
ChatterBot Sierra reevaluating
ChatterBot Golf reevaluating
ChatterBot Mike reevaluating
ChatterBot Uniform reevaluating
ChatterBot Golf reevaluating
ChatterBot Mike reevaluating
ChatterBot Uniform reevaluating
ChatterBot Sierra reevaluating
2024-10-15 04:33:37.361553 Hotel: Sierra, sending you 1
2024-10-15 04:33:37.362354 Whiskey: Sierra and Uniform, sending you 4
2024-10-15 04:33:37.363715 Juliett: Sierra, sending you 1
2024-10-15 04:33:37.467324 Hotel: Oscar and Mike, sending you 4
2024-10-15 04:33:37.467935 Juliett: Oscar, Mike and Whiskey, sending you 2
2024-10-15 04:33:37.468918 Lima: Sierra and Oscar, sending you 4
2024-10-15 04:33:37.469287 Echo: Sierra, Uniform and Hotel, sending you 4
2024-10-15 04:33:37.469663 Sierra: Oscar and Uniform, sending you 2
2024-10-15 04:33:37.470534 Mike: Sierra, sending you 4
2024-10-15 04:33:37.470869 Whiskey: Oscar, sending you 3
2024-10-15 04:33:37.471178 Uniform: Sierra and Oscar, sending you 3
2024-10-15 04:33:37.472149 Golf: Sierra, sending you 2
2024-10-15 04:33:37.472478 Oscar: Sierra, sending you 2
2024-10-15 04:33:37.472887 Hotel: Juliett and Golf, sending you 2
2024-10-15 04:33:37.473308 Lima: Uniform and Golf, sending you 3
2024-10-15 04:33:37.474217 Sierra: Juliett and Mike, sending you 4
2024-10-15 04:33:37.474702 Juliett: Uniform, sending you 3
2024-10-15 04:33:37.475168 Mike: Oscar and Whiskey, sending you 3
2024-10-15 04:33:37.476378 Echo: Golf, sending you 3
2024-10-15 04:33:37.476795 Whiskey: Juliett, sending you 7
2024-10-15 04:33:37.478008 Uniform: Juliett and Mike, sending you 4
2024-10-15 04:33:37.478480 Golf: Oscar and Uniform, sending you 4
2024-10-15 04:33:37.478985 Oscar: Uniform, Juliett, Mike and Whiskey, sending you 3
2024-10-15 04:33:37.481001 Hotel: Whiskey, sending you 3
2024-10-15 04:33:37.481603 Lima: Whiskey, sending you 5
2024-10-15 04:33:37.482114 Sierra: Whiskey, sending you 6
2024-10-15 04:33:37.483446 Mike: Uniform, sending you 5
2024-10-15 04:33:37.483900 Whiskey: Mike, sending you 2
2024-10-15 04:33:37.484447 Uniform: Whiskey, sending you 2
2024-10-15 04:33:37.485879 Echo: Mike, sending you 5
2024-10-15 04:33:37.486342 Golf: Lima, sending you 3
2024-10-15 04:33:37.488634 Mike: Juliett, sending you 2
chatterbot Juliett submitting transactions
chatterbot Hotel submitting transactions
chatterbot Echo submitting transactions
chatterbot Lima submitting transactions
chatterbot Golf submitting transactions
chatterbot Whiskey submitting transactions
chatterbot Mike submitting transactions
chatterbot Uniform submitting transactions
chatterbot Oscar submitting transactions
chatterbot Sierra submitting transactions
ChatterBot Sierra round 2
ChatterBot Oscar round 2
ChatterBot Lima round 2
ChatterBot Uniform round 2
ChatterBot Hotel round 2
ChatterBot Juliett round 2
ChatterBot Echo round 2
2024-10-15 04:33:38.556448 Juliett: We should add Hotel
ChatterBot Whiskey reevaluating
ChatterBot Sierra reevaluating
ChatterBot Oscar reevaluating
ChatterBot Uniform reevaluating
ChatterBot Mike reevaluating
2024-10-15 04:33:38.603503 Whiskey: No
2024-10-15 04:33:38.603790 Sierra: Yes
2024-10-15 04:33:38.604008 Oscar: Yes
2024-10-15 04:33:38.604206 Uniform: No
2024-10-15 04:33:38.604383 Mike: No
ChatterBot Sierra reevaluating
ChatterBot Oscar reevaluating
ChatterBot Uniform reevaluating
ChatterBot Mike reevaluating
ChatterBot Whiskey reevaluating
ChatterBot Oscar reevaluating
ChatterBot Uniform reevaluating
ChatterBot Mike reevaluating
ChatterBot Whiskey reevaluating
ChatterBot Sierra reevaluating
ChatterBot Uniform reevaluating
ChatterBot Mike reevaluating
ChatterBot Whiskey reevaluating
ChatterBot Sierra reevaluating
ChatterBot Oscar reevaluating
ChatterBot Mike reevaluating
ChatterBot Whiskey reevaluating
ChatterBot Sierra reevaluating
ChatterBot Oscar reevaluating
ChatterBot Uniform reevaluating
ChatterBot Golf round 2
ChatterBot Mike round 2
2024-10-15 04:33:38.795189 Lima: Can we be friends?
ChatterBot Sierra reevaluating
ChatterBot Oscar reevaluating
ChatterBot Uniform reevaluating
ChatterBot Hotel reevaluating
ChatterBot Echo reevaluating
ChatterBot Mike reevaluating
ChatterBot Whiskey reevaluating
ChatterBot Golf reevaluating
2024-10-15 04:33:38.840519 Sierra: Yes
2024-10-15 04:33:38.840727 Oscar: Yes
2024-10-15 04:33:38.840835 Uniform: No
2024-10-15 04:33:38.840938 Hotel: No
2024-10-15 04:33:38.841132 Juliett: No
2024-10-15 04:33:38.841253 Echo: Yes
2024-10-15 04:33:38.841415 Mike: No
2024-10-15 04:33:38.842015 Whiskey: No
2024-10-15 04:33:38.842120 Golf: No
ChatterBot Oscar reevaluating
ChatterBot Uniform reevaluating
ChatterBot Hotel reevaluating
ChatterBot Echo reevaluating
ChatterBot Mike reevaluating
ChatterBot Whiskey reevaluating
ChatterBot Golf reevaluating
ChatterBot Sierra reevaluating
ChatterBot Uniform reevaluating
ChatterBot Hotel reevaluating
ChatterBot Juliett reevaluating
ChatterBot Echo reevaluating
ChatterBot Mike reevaluating
ChatterBot Whiskey reevaluating
ChatterBot Golf reevaluating
ChatterBot Sierra reevaluating
ChatterBot Oscar reevaluating
ChatterBot Hotel reevaluating
ChatterBot Juliett reevaluating
ChatterBot Echo reevaluating
ChatterBot Mike reevaluating
ChatterBot Whiskey reevaluating
ChatterBot Golf reevaluating
ChatterBot Sierra reevaluating
ChatterBot Oscar reevaluating
ChatterBot Uniform reevaluating
ChatterBot Juliett reevaluating
ChatterBot Echo reevaluating
ChatterBot Mike reevaluating
ChatterBot Whiskey reevaluating
ChatterBot Golf reevaluating
ChatterBot Sierra reevaluating
ChatterBot Oscar reevaluating
ChatterBot Uniform reevaluating
ChatterBot Hotel reevaluating
ChatterBot Echo reevaluating
ChatterBot Mike reevaluating
ChatterBot Whiskey reevaluating
ChatterBot Golf reevaluating
ChatterBot Sierra reevaluating
ChatterBot Oscar reevaluating
ChatterBot Uniform reevaluating
ChatterBot Hotel reevaluating
ChatterBot Juliett reevaluating
ChatterBot Mike reevaluating
ChatterBot Whiskey reevaluating
ChatterBot Golf reevaluating
ChatterBot Sierra reevaluating
ChatterBot Oscar reevaluating
ChatterBot Uniform reevaluating
ChatterBot Hotel reevaluating
ChatterBot Juliett reevaluating
ChatterBot Echo reevaluating
ChatterBot Whiskey reevaluating
ChatterBot Golf reevaluating
ChatterBot Sierra reevaluating
ChatterBot Oscar reevaluating
ChatterBot Uniform reevaluating
ChatterBot Hotel reevaluating
ChatterBot Juliett reevaluating
ChatterBot Echo reevaluating
ChatterBot Mike reevaluating
ChatterBot Golf reevaluating
ChatterBot Sierra reevaluating
ChatterBot Oscar reevaluating
ChatterBot Uniform reevaluating
ChatterBot Hotel reevaluating
ChatterBot Juliett reevaluating
ChatterBot Echo reevaluating
ChatterBot Mike reevaluating
ChatterBot Whiskey reevaluating
ChatterBot Whiskey round 2
2024-10-15 04:33:39.296684 Whiskey: Friends?
ChatterBot Juliett reevaluating
ChatterBot Hotel reevaluating
2024-10-15 04:33:39.327703 Juliett: Yes
2024-10-15 04:33:39.327920 Sierra: Yes
2024-10-15 04:33:39.328052 Oscar: Yes
2024-10-15 04:33:39.328728 Uniform: No
2024-10-15 04:33:39.328844 Hotel: No
2024-10-15 04:33:39.328954 Echo: Yes
2024-10-15 04:33:39.329064 Mike: Yes
2024-10-15 04:33:39.329178 Lima: Yes
ChatterBot Hotel reevaluating
ChatterBot Mike reevaluating
ChatterBot Whiskey reevaluating
ChatterBot Juliett reevaluating
ChatterBot Hotel reevaluating
ChatterBot Mike reevaluating
ChatterBot Whiskey reevaluating
ChatterBot Juliett reevaluating
ChatterBot Hotel reevaluating
ChatterBot Mike reevaluating
ChatterBot Whiskey reevaluating
ChatterBot Juliett reevaluating
ChatterBot Hotel reevaluating
ChatterBot Mike reevaluating
ChatterBot Whiskey reevaluating
ChatterBot Juliett reevaluating
ChatterBot Mike reevaluating
ChatterBot Whiskey reevaluating
ChatterBot Juliett reevaluating
ChatterBot Hotel reevaluating
ChatterBot Mike reevaluating
ChatterBot Whiskey reevaluating
ChatterBot Juliett reevaluating
ChatterBot Hotel reevaluating
ChatterBot Whiskey reevaluating
ChatterBot Juliett reevaluating
ChatterBot Hotel reevaluating
ChatterBot Mike reevaluating
ChatterBot Whiskey reevaluating
2024-10-15 04:33:39.578031 Uniform: Echo we want you to join our group
2024-10-15 04:33:39.581919 Echo: Yes
ChatterBot Juliett reevaluating
ChatterBot Mike reevaluating
ChatterBot Whiskey reevaluating
2024-10-15 04:33:39.605886 Mike: We should add Hotel and Echo
ChatterBot Whiskey reevaluating
ChatterBot Juliett reevaluating
2024-10-15 04:33:39.625104 Whiskey: Yes
2024-10-15 04:33:39.625272 Sierra: Yes
2024-10-15 04:33:39.625381 Oscar: Yes
2024-10-15 04:33:39.625487 Uniform: No
2024-10-15 04:33:39.625603 Juliett: Yes
ChatterBot Mike reevaluating
ChatterBot Juliett reevaluating
ChatterBot Whiskey reevaluating
ChatterBot Mike reevaluating
ChatterBot Juliett reevaluating
ChatterBot Whiskey reevaluating
ChatterBot Mike reevaluating
ChatterBot Juliett reevaluating
ChatterBot Whiskey reevaluating
ChatterBot Mike reevaluating
ChatterBot Juliett reevaluating
ChatterBot Whiskey reevaluating
ChatterBot Mike reevaluating
2024-10-15 04:33:39.862283 Sierra: Oscar, Uniform and Golf, sending you 2
2024-10-15 04:33:40.118139 Lima: Sierra, Oscar, Uniform, Hotel, Juliett and Echo, sending you 2
2024-10-15 04:33:40.120143 Oscar: Sierra, Lima, Uniform, Hotel, Juliett, Mike and Whiskey, sending you 2
2024-10-15 04:33:40.121570 Sierra: Lima, Echo, Mike and Whiskey, sending you 3
chatterbot Echo submitting transactions
chatterbot Sierra submitting transactions
2024-10-15 04:33:40.535587 Hotel: Echo, sending you 14
2024-10-15 04:33:40.536624 Lima: Golf, sending you 6
2024-10-15 04:33:40.537049 Uniform: Sierra, Oscar and Juliett, sending you 2
2024-10-15 04:33:40.537823 Whiskey: Sierra, sending you 6
2024-10-15 04:33:40.538123 Oscar: Golf, sending you 3
2024-10-15 04:33:40.538478 Golf: Lima, sending you 7
2024-10-15 04:33:40.538661 Echo: Sierra, Oscar, Uniform and Hotel, sending you 2
chatterbot Lima submitting transactions
chatterbot Uniform submitting transactions
2024-10-15 04:33:40.693899 Lima: Mike, sending you 1
2024-10-15 04:33:40.695062 Whiskey: Oscar, Uniform, Hotel, Juliett and Mike, sending you 2
2024-10-15 04:33:40.695476 Uniform: Echo and Whiskey, sending you 3
2024-10-15 04:33:40.696278 Juliett: Sierra, Oscar and Uniform, sending you 2
2024-10-15 04:33:40.696686 Mike: Sierra, Oscar, Uniform, Hotel, Juliett and Whiskey, sending you 2
2024-10-15 04:33:40.697094 Golf: Hotel, sending you 6
2024-10-15 04:33:40.697776 Echo: Juliett, Golf, Mike and Whiskey, sending you 1
chatterbot Whiskey submitting transactions
chatterbot Hotel submitting transactions
2024-10-15 04:33:40.698361 Whiskey: Lima, sending you 4
2024-10-15 04:33:40.774251 Uniform: Mike, sending you 4
2024-10-15 04:33:40.775308 Juliett: Hotel and Mike, sending you 1
2024-10-15 04:33:40.775914 Mike: Lima and Golf, sending you 1
2024-10-15 04:33:40.866028 Juliett: Whiskey, sending you 4
2024-10-15 04:33:40.866683 Mike: Echo, sending you 3
chatterbot Golf submitting transactions
chatterbot Juliett submitting transactions
chatterbot Oscar submitting transactions
chatterbot Mike submitting transactions
ChatterBot Sierra round 3
ChatterBot Oscar round 3
ChatterBot Lima round 3
ChatterBot Uniform round 3
ChatterBot Hotel round 3
ChatterBot Juliett round 3
ChatterBot Echo round 3
ChatterBot Golf round 3
ChatterBot Mike round 3
ChatterBot Whiskey round 3
2024-10-15 04:33:41.283461 Uniform: We should add Hotel
ChatterBot Oscar reevaluating
ChatterBot Juliett reevaluating
ChatterBot Echo reevaluating
ChatterBot Mike reevaluating
ChatterBot Whiskey reevaluating
2024-10-15 04:33:41.314929 Sierra: Yes
2024-10-15 04:33:41.315299 Oscar: No
2024-10-15 04:33:41.315990 Juliett: Yes
2024-10-15 04:33:41.316487 Echo: Yes
2024-10-15 04:33:41.316683 Mike: Yes
2024-10-15 04:33:41.316978 Whiskey: No
ChatterBot Oscar reevaluating
ChatterBot Juliett reevaluating
ChatterBot Echo reevaluating
ChatterBot Mike reevaluating
ChatterBot Whiskey reevaluating
ChatterBot Uniform reevaluating
ChatterBot Juliett reevaluating
ChatterBot Echo reevaluating
ChatterBot Mike reevaluating
ChatterBot Whiskey reevaluating
ChatterBot Uniform reevaluating
ChatterBot Oscar reevaluating
ChatterBot Echo reevaluating
ChatterBot Mike reevaluating
ChatterBot Whiskey reevaluating
ChatterBot Uniform reevaluating
ChatterBot Oscar reevaluating
ChatterBot Juliett reevaluating
ChatterBot Mike reevaluating
ChatterBot Whiskey reevaluating
ChatterBot Uniform reevaluating
ChatterBot Oscar reevaluating
ChatterBot Juliett reevaluating
ChatterBot Echo reevaluating
ChatterBot Whiskey reevaluating
ChatterBot Uniform reevaluating
ChatterBot Oscar reevaluating
ChatterBot Juliett reevaluating
ChatterBot Echo reevaluating
ChatterBot Mike reevaluating
2024-10-15 04:33:41.552908 Echo: We should drop Lima and Golf
ChatterBot Hotel reevaluating
ChatterBot Oscar reevaluating
ChatterBot Uniform reevaluating
ChatterBot Whiskey reevaluating
2024-10-15 04:33:41.593836 Hotel: Yes
2024-10-15 04:33:41.595264 Sierra: No
2024-10-15 04:33:41.595934 Oscar: No
2024-10-15 04:33:41.597018 Uniform: No
2024-10-15 04:33:41.597483 Juliett: No
2024-10-15 04:33:41.597675 Mike: Yes
2024-10-15 04:33:41.597941 Whiskey: Yes
ChatterBot Sierra reevaluating
ChatterBot Oscar reevaluating
ChatterBot Uniform reevaluating
ChatterBot Whiskey reevaluating
ChatterBot Hotel reevaluating
ChatterBot Oscar reevaluating
ChatterBot Uniform reevaluating
ChatterBot Whiskey reevaluating
ChatterBot Hotel reevaluating
ChatterBot Sierra reevaluating
ChatterBot Uniform reevaluating
ChatterBot Mike reevaluating
ChatterBot Whiskey reevaluating
ChatterBot Hotel reevaluating
ChatterBot Sierra reevaluating
ChatterBot Oscar reevaluating
ChatterBot Mike reevaluating
ChatterBot Whiskey reevaluating
ChatterBot Hotel reevaluating
ChatterBot Sierra reevaluating
ChatterBot Oscar reevaluating
ChatterBot Uniform reevaluating
ChatterBot Mike reevaluating
ChatterBot Whiskey reevaluating
ChatterBot Hotel reevaluating
ChatterBot Sierra reevaluating
ChatterBot Oscar reevaluating
ChatterBot Uniform reevaluating
ChatterBot Whiskey reevaluating
ChatterBot Hotel reevaluating
ChatterBot Sierra reevaluating
ChatterBot Oscar reevaluating
ChatterBot Uniform reevaluating
ChatterBot Mike reevaluating
2024-10-15 04:33:41.857824 Lima: We should drop Hotel and Echo
ChatterBot Golf reevaluating
ChatterBot Sierra reevaluating
ChatterBot Oscar reevaluating
ChatterBot Uniform reevaluating
ChatterBot Mike reevaluating
ChatterBot Whiskey reevaluating
2024-10-15 04:33:41.890350 Golf: No
2024-10-15 04:33:41.890959 Sierra: No
2024-10-15 04:33:41.891080 Oscar: Yes
2024-10-15 04:33:41.891186 Uniform: No
2024-10-15 04:33:41.891296 Juliett: No
2024-10-15 04:33:41.891405 Mike: No
2024-10-15 04:33:41.891506 Whiskey: No
ChatterBot Sierra reevaluating
ChatterBot Oscar reevaluating
ChatterBot Uniform reevaluating
ChatterBot Juliett reevaluating
ChatterBot Mike reevaluating
ChatterBot Whiskey reevaluating
ChatterBot Golf reevaluating
ChatterBot Oscar reevaluating
ChatterBot Uniform reevaluating
ChatterBot Juliett reevaluating
ChatterBot Mike reevaluating
ChatterBot Whiskey reevaluating
ChatterBot Golf reevaluating
ChatterBot Sierra reevaluating
ChatterBot Uniform reevaluating
ChatterBot Juliett reevaluating
ChatterBot Mike reevaluating
ChatterBot Whiskey reevaluating
ChatterBot Golf reevaluating
ChatterBot Sierra reevaluating
ChatterBot Oscar reevaluating
ChatterBot Juliett reevaluating
ChatterBot Mike reevaluating
ChatterBot Whiskey reevaluating
ChatterBot Golf reevaluating
ChatterBot Sierra reevaluating
ChatterBot Oscar reevaluating
ChatterBot Uniform reevaluating
ChatterBot Mike reevaluating
ChatterBot Whiskey reevaluating
ChatterBot Golf reevaluating
ChatterBot Sierra reevaluating
ChatterBot Oscar reevaluating
ChatterBot Uniform reevaluating
ChatterBot Juliett reevaluating
ChatterBot Whiskey reevaluating
ChatterBot Golf reevaluating
ChatterBot Sierra reevaluating
ChatterBot Oscar reevaluating
ChatterBot Uniform reevaluating
ChatterBot Juliett reevaluating
ChatterBot Mike reevaluating
2024-10-15 04:33:42.145961 Hotel: We should drop Uniform
ChatterBot Oscar reevaluating
ChatterBot Juliett reevaluating
ChatterBot Whiskey reevaluating
2024-10-15 04:33:42.181261 Echo: No
2024-10-15 04:33:42.181558 Sierra: No
2024-10-15 04:33:42.181764 Oscar: No
2024-10-15 04:33:42.182326 Juliett: No
2024-10-15 04:33:42.182496 Mike: No
2024-10-15 04:33:42.182656 Whiskey: No
ChatterBot Hotel reevaluating
ChatterBot Oscar reevaluating
ChatterBot Juliett reevaluating
ChatterBot Mike reevaluating
ChatterBot Whiskey reevaluating
ChatterBot Hotel reevaluating
ChatterBot Oscar reevaluating
ChatterBot Juliett reevaluating
ChatterBot Mike reevaluating
ChatterBot Whiskey reevaluating
ChatterBot Hotel reevaluating
ChatterBot Juliett reevaluating
ChatterBot Mike reevaluating
ChatterBot Whiskey reevaluating
ChatterBot Hotel reevaluating
ChatterBot Oscar reevaluating
ChatterBot Mike reevaluating
ChatterBot Whiskey reevaluating
ChatterBot Hotel reevaluating
ChatterBot Oscar reevaluating
ChatterBot Juliett reevaluating
ChatterBot Whiskey reevaluating
ChatterBot Hotel reevaluating
ChatterBot Oscar reevaluating
ChatterBot Juliett reevaluating
ChatterBot Mike reevaluating
chatterbot Sierra submitting transactions
chatterbot Lima submitting transactions
2024-10-15 04:33:42.554535 Echo: Sierra, Uniform and Mike, sending you 3
2024-10-15 04:33:42.555893 Lima: I was attacked by Echo
ChatterBot Golf reevaluating
ChatterBot Sierra reevaluating
ChatterBot Oscar reevaluating
ChatterBot Uniform reevaluating
ChatterBot Juliett reevaluating
ChatterBot Mike reevaluating
ChatterBot Whiskey reevaluating
2024-10-15 04:33:42.590520 Lima: I'm keeping this round to protect myself
2024-10-15 04:33:42.592862 Lima: Ow
2024-10-15 04:33:42.594242 Echo: Oscar, Juliett and Whiskey, sending you 1
2024-10-15 04:33:42.651739 Echo: Hotel, sending you 8
2024-10-15 04:33:42.654169 Uniform: Hotel we want you to join our group
ChatterBot Hotel reevaluating
2024-10-15 04:33:42.663630 Hotel: Yes
ChatterBot Sierra reevaluating
ChatterBot Oscar reevaluating
ChatterBot Uniform reevaluating
ChatterBot Juliett reevaluating
ChatterBot Mike reevaluating
ChatterBot Whiskey reevaluating
2024-10-15 04:33:42.736646 Juliett: We should drop Lima
ChatterBot Hotel reevaluating
ChatterBot Sierra reevaluating
ChatterBot Oscar reevaluating
ChatterBot Uniform reevaluating
ChatterBot Mike reevaluating
ChatterBot Whiskey reevaluating
2024-10-15 04:33:42.793359 Hotel: Yes
2024-10-15 04:33:42.793849 Sierra: Yes
2024-10-15 04:33:42.795131 Oscar: Yes
2024-10-15 04:33:42.795548 Uniform: Yes
2024-10-15 04:33:42.795880 Echo: Yes
2024-10-15 04:33:42.796843 Mike: Yes
2024-10-15 04:33:42.797193 Whiskey: Yes
ChatterBot Sierra reevaluating
ChatterBot Oscar reevaluating
ChatterBot Uniform reevaluating
ChatterBot Juliett reevaluating
ChatterBot Mike reevaluating
ChatterBot Whiskey reevaluating
ChatterBot Hotel reevaluating
ChatterBot Oscar reevaluating
ChatterBot Uniform reevaluating
ChatterBot Juliett reevaluating
ChatterBot Mike reevaluating
ChatterBot Whiskey reevaluating
ChatterBot Hotel reevaluating
ChatterBot Sierra reevaluating
ChatterBot Uniform reevaluating
ChatterBot Juliett reevaluating
ChatterBot Mike reevaluating
ChatterBot Whiskey reevaluating
ChatterBot Hotel reevaluating
ChatterBot Sierra reevaluating
ChatterBot Oscar reevaluating
ChatterBot Juliett reevaluating
ChatterBot Mike reevaluating
ChatterBot Whiskey reevaluating
ChatterBot Hotel reevaluating
ChatterBot Sierra reevaluating
ChatterBot Oscar reevaluating
ChatterBot Uniform reevaluating
ChatterBot Juliett reevaluating
ChatterBot Mike reevaluating
ChatterBot Whiskey reevaluating
ChatterBot Hotel reevaluating
ChatterBot Sierra reevaluating
ChatterBot Oscar reevaluating
ChatterBot Uniform reevaluating
ChatterBot Juliett reevaluating
ChatterBot Whiskey reevaluating
ChatterBot Hotel reevaluating
ChatterBot Sierra reevaluating
ChatterBot Oscar reevaluating
ChatterBot Uniform reevaluating
ChatterBot Juliett reevaluating
ChatterBot Mike reevaluating
2024-10-15 04:33:43.091602 Golf: Sierra and Hotel, sending you 2
chatterbot Sierra submitting transactions
chatterbot Echo submitting transactions
2024-10-15 04:33:43.109659 Golf: Oscar and Echo, sending you 4
2024-10-15 04:33:43.188565 Golf: Mike, sending you 1
chatterbot Golf submitting transactions
chatterbot Uniform submitting transactions
2024-10-15 04:33:43.518639 Mike: Sierra, sending you 3
2024-10-15 04:33:43.519153 Oscar: Sierra, Uniform, Juliett, Mike and Whiskey, sending you 3
2024-10-15 04:33:43.520168 Uniform: Sierra and Echo, sending you 2
2024-10-15 04:33:43.520611 Whiskey: Sierra, sending you 5
2024-10-15 04:33:43.521537 Juliett: Sierra and Hotel, sending you 1
2024-10-15 04:33:43.521911 Sierra: Oscar, Juliett and Echo, sending you 2
chatterbot Hotel submitting transactions
2024-10-15 04:33:43.523085 Mike: Oscar, Hotel, Juliett, Echo and Whiskey, sending you 2
2024-10-15 04:33:43.523569 Oscar: Hotel, sending you 2
2024-10-15 04:33:43.523955 Uniform: Oscar, Juliett, Mike and Whiskey, sending you 3
2024-10-15 04:33:43.524977 Whiskey: Oscar, Uniform and Mike, sending you 3
2024-10-15 04:33:43.625067 Juliett: Oscar, Uniform and Mike, sending you 2
2024-10-15 04:33:43.626271 Sierra: Uniform and Mike, sending you 3
2024-10-15 04:33:43.626774 Mike: Uniform, sending you 4
2024-10-15 04:33:43.627666 Oscar: Echo, sending you 1
2024-10-15 04:33:43.628126 Whiskey: Hotel and Echo, sending you 1
2024-10-15 04:33:43.629086 Juliett: Whiskey, sending you 4
2024-10-15 04:33:43.930133 Sierra: Hotel, sending you 1
2024-10-15 04:33:43.931648 Whiskey: Juliett, sending you 4
chatterbot Golf submitting transactions
chatterbot Whiskey submitting transactions
2024-10-15 04:33:44.048344 Sierra: Whiskey, sending you 5
chatterbot Juliett submitting transactions
chatterbot Oscar submitting transactions
chatterbot Mike submitting transactions
ChatterBot Sierra round 4
ChatterBot Oscar round 4
ChatterBot Lima round 4
ChatterBot Uniform round 4
ChatterBot Hotel round 4
ChatterBot Juliett round 4
ChatterBot Echo round 4
ChatterBot Golf round 4
ChatterBot Mike round 4
2024-10-15 04:33:44.252460 Sierra: We should add Golf
ChatterBot Hotel reevaluating
ChatterBot Oscar reevaluating
ChatterBot Whiskey reevaluating
2024-10-15 04:33:44.305525 Hotel: No
2024-10-15 04:33:44.307461 Oscar: Yes
2024-10-15 04:33:44.309156 Uniform: No
2024-10-15 04:33:44.309914 Juliett: No
2024-10-15 04:33:44.310660 Echo: No
2024-10-15 04:33:44.311753 Mike: No
2024-10-15 04:33:44.312210 Whiskey: Yes
ChatterBot Oscar reevaluating
ChatterBot Whiskey reevaluating
ChatterBot Hotel reevaluating
ChatterBot Whiskey reevaluating
ChatterBot Hotel reevaluating
ChatterBot Sierra reevaluating
ChatterBot Oscar reevaluating
ChatterBot Whiskey reevaluating
ChatterBot Hotel reevaluating
ChatterBot Sierra reevaluating
ChatterBot Oscar reevaluating
ChatterBot Whiskey reevaluating
ChatterBot Hotel reevaluating
ChatterBot Sierra reevaluating
ChatterBot Oscar reevaluating
ChatterBot Whiskey reevaluating
ChatterBot Hotel reevaluating
ChatterBot Sierra reevaluating
ChatterBot Oscar reevaluating
ChatterBot Whiskey reevaluating
ChatterBot Hotel reevaluating
ChatterBot Sierra reevaluating
ChatterBot Oscar reevaluating
ChatterBot Whiskey round 4
chatterbot Sierra submitting transactions
chatterbot Uniform submitting transactions
2024-10-15 04:33:44.703834 Oscar: Golf we want you to join our group
2024-10-15 04:33:44.708527 Golf: Yes
ChatterBot Hotel reevaluating
ChatterBot Sierra reevaluating
ChatterBot Juliett reevaluating
ChatterBot Whiskey reevaluating
2024-10-15 04:33:44.743208 Whiskey: We should add Golf
ChatterBot Hotel reevaluating
ChatterBot Sierra reevaluating
ChatterBot Juliett reevaluating
2024-10-15 04:33:44.771597 Hotel: No
2024-10-15 04:33:44.771777 Sierra: Yes
2024-10-15 04:33:44.771897 Oscar: Yes
2024-10-15 04:33:44.771999 Uniform: No
2024-10-15 04:33:44.772130 Juliett: Yes
2024-10-15 04:33:44.772253 Echo: No
2024-10-15 04:33:44.772427 Mike: No
ChatterBot Sierra reevaluating
ChatterBot Juliett reevaluating
ChatterBot Whiskey reevaluating
ChatterBot Hotel reevaluating
ChatterBot Juliett reevaluating
ChatterBot Whiskey reevaluating
ChatterBot Hotel reevaluating
ChatterBot Sierra reevaluating
ChatterBot Juliett reevaluating
ChatterBot Whiskey reevaluating
ChatterBot Hotel reevaluating
ChatterBot Sierra reevaluating
ChatterBot Juliett reevaluating
ChatterBot Whiskey reevaluating
ChatterBot Hotel reevaluating
ChatterBot Sierra reevaluating
ChatterBot Whiskey reevaluating
ChatterBot Hotel reevaluating
ChatterBot Sierra reevaluating
ChatterBot Juliett reevaluating
ChatterBot Whiskey reevaluating
ChatterBot Hotel reevaluating
ChatterBot Sierra reevaluating
ChatterBot Juliett reevaluating
ChatterBot Whiskey reevaluating
2024-10-15 04:33:45.053798 Uniform: Sierra and Juliett, sending you 2
2024-10-15 04:33:45.055468 Sierra: Golf we want you to join our group
2024-10-15 04:33:45.063306 Golf: Yes
ChatterBot Sierra reevaluating
2024-10-15 04:33:45.116853 Juliett: Golf we want you to join our group
2024-10-15 04:33:45.121489 Golf: Yes
ChatterBot Whiskey reevaluating
2024-10-15 04:33:45.165645 Hotel: Golf we want you to join our group
2024-10-15 04:33:45.169761 Golf: Yes
ChatterBot Juliett reevaluating
ChatterBot Mike reevaluating
ChatterBot Whiskey reevaluating
2024-10-15 04:33:45.204672 Uniform: Oscar, Echo, Mike and Whiskey, sending you 3
chatterbot Golf submitting transactions
2024-10-15 04:33:45.206692 Golf: Sierra and Hotel, sending you 2
2024-10-15 04:33:45.207967 Echo: Sierra, Uniform and Mike, sending you 3
2024-10-15 04:33:45.210120 Whiskey: Golf we want you to join our group
2024-10-15 04:33:45.223496 Golf: Yes
ChatterBot Juliett reevaluating
ChatterBot Mike reevaluating
ChatterBot Whiskey reevaluating
2024-10-15 04:33:45.426314 Lima: Sierra, Golf and Whiskey, sending you 1
2024-10-15 04:33:45.428240 Oscar: Sierra, Juliett and Golf, sending you 2
2024-10-15 04:33:45.429802 Golf: Oscar and Echo, sending you 4
2024-10-15 04:33:45.431222 Echo: Oscar and Whiskey, sending you 2
chatterbot Uniform submitting transactions
chatterbot Mike submitting transactions
2024-10-15 04:33:45.445420 Golf: Mike, sending you 1
2024-10-15 04:33:45.448439 Oscar: Uniform, Hotel, Mike and Whiskey, sending you 3
2024-10-15 04:33:45.450558 Echo: Hotel, sending you 7
2024-10-15 04:33:45.453817 Oscar: Echo, sending you 1
2024-10-15 04:33:45.490779 Sierra: Oscar, Uniform, Juliett, Echo and Golf, sending you 2
2024-10-15 04:33:45.529887 Whiskey: Sierra, sending you 5
2024-10-15 04:33:45.532366 Sierra: Hotel, sending you 1
2024-10-15 04:33:45.533449 Mike: Sierra, sending you 3
2024-10-15 04:33:45.536088 Juliett: Sierra, Hotel and Echo, sending you 1
chatterbot Oscar submitting transactions
chatterbot Hotel submitting transactions
2024-10-15 04:33:45.537856 Whiskey: Oscar and Uniform, sending you 3
2024-10-15 04:33:45.538872 Sierra: Mike, sending you 3
2024-10-15 04:33:45.540725 Mike: Oscar, Hotel, Juliett, Echo and Whiskey, sending you 2
2024-10-15 04:33:45.543023 Juliett: Oscar, Uniform and Mike, sending you 2
2024-10-15 04:33:45.543947 Whiskey: Hotel and Mike, sending you 2
2024-10-15 04:33:45.588492 Sierra: Whiskey, sending you 4
2024-10-15 04:33:45.591239 Mike: Uniform, sending you 4
2024-10-15 04:33:45.593151 Juliett: Whiskey, sending you 3
2024-10-15 04:33:45.594825 Whiskey: Juliett, sending you 4
2024-10-15 04:33:45.629344 Whiskey: Echo, sending you 1
chatterbot Echo submitting transactions
chatterbot Lima submitting transactions
chatterbot Whiskey submitting transactions
chatterbot Sierra submitting transactions
chatterbot Mike submitting transactions
chatterbot Juliett submitting transactions
ChatterBot Sierra round 5
ChatterBot Oscar round 5
ChatterBot Lima round 5
ChatterBot Uniform round 5
ChatterBot Hotel round 5
ChatterBot Juliett round 5
ChatterBot Echo round 5
ChatterBot Golf round 5
ChatterBot Mike round 5
ChatterBot Whiskey round 5
2024-10-15 04:33:46.262118 Hotel: We should replace Uniform with Golf
ChatterBot Echo reevaluating
ChatterBot Oscar reevaluating
ChatterBot Whiskey reevaluating
2024-10-15 04:33:46.291955 Echo: No
2024-10-15 04:33:46.292157 Sierra: No
2024-10-15 04:33:46.292328 Oscar: No
2024-10-15 04:33:46.292484 Juliett: No
2024-10-15 04:33:46.292659 Mike: No
2024-10-15 04:33:46.292867 Whiskey: No
ChatterBot Oscar reevaluating
ChatterBot Whiskey reevaluating
ChatterBot Echo reevaluating
ChatterBot Oscar reevaluating
ChatterBot Whiskey reevaluating
ChatterBot Echo reevaluating
ChatterBot Whiskey reevaluating
ChatterBot Echo reevaluating
ChatterBot Oscar reevaluating
ChatterBot Whiskey reevaluating
ChatterBot Echo reevaluating
ChatterBot Oscar reevaluating
ChatterBot Whiskey reevaluating
ChatterBot Echo reevaluating
ChatterBot Oscar reevaluating
ChatterBot Mike reevaluating
2024-10-15 04:33:46.443457 Mike: We should add Golf
ChatterBot Oscar reevaluating
ChatterBot Echo reevaluating
ChatterBot Whiskey reevaluating
2024-10-15 04:33:46.467806 Hotel: Yes
2024-10-15 04:33:46.467940 Sierra: Yes
2024-10-15 04:33:46.468040 Oscar: Yes
2024-10-15 04:33:46.468143 Uniform: No
2024-10-15 04:33:46.468268 Juliett: Yes
2024-10-15 04:33:46.468366 Echo: Yes
2024-10-15 04:33:46.468455 Whiskey: Yes
ChatterBot Oscar reevaluating
ChatterBot Uniform reevaluating
ChatterBot Echo reevaluating
ChatterBot Mike reevaluating
ChatterBot Whiskey reevaluating
ChatterBot Oscar reevaluating
ChatterBot Uniform reevaluating
ChatterBot Echo reevaluating
ChatterBot Mike reevaluating
ChatterBot Whiskey reevaluating
ChatterBot Uniform reevaluating
ChatterBot Echo reevaluating
ChatterBot Mike reevaluating
ChatterBot Whiskey reevaluating
ChatterBot Oscar reevaluating
ChatterBot Echo reevaluating
ChatterBot Mike reevaluating
ChatterBot Whiskey reevaluating
ChatterBot Oscar reevaluating
ChatterBot Uniform reevaluating
ChatterBot Echo reevaluating
ChatterBot Mike reevaluating
ChatterBot Whiskey reevaluating
ChatterBot Oscar reevaluating
ChatterBot Uniform reevaluating
ChatterBot Mike reevaluating
ChatterBot Whiskey reevaluating
ChatterBot Oscar reevaluating
ChatterBot Uniform reevaluating
ChatterBot Echo reevaluating
ChatterBot Mike reevaluating
2024-10-15 04:33:46.849029 Hotel: Golf we want you to join our group
2024-10-15 04:33:46.859776 Golf: No
ChatterBot Echo reevaluating
ChatterBot Oscar reevaluating
ChatterBot Mike reevaluating
ChatterBot Whiskey reevaluating
2024-10-15 04:33:46.920864 Lima: We should drop Golf
ChatterBot Mike reevaluating
2024-10-15 04:33:46.970064 Sierra: No
2024-10-15 04:33:46.971078 Oscar: No
2024-10-15 04:33:46.971476 Uniform: No
2024-10-15 04:33:46.971996 Juliett: No
2024-10-15 04:33:46.973001 Mike: Yes
2024-10-15 04:33:46.973270 Whiskey: No
ChatterBot Mike reevaluating
ChatterBot Mike reevaluating
ChatterBot Mike reevaluating
ChatterBot Mike reevaluating
ChatterBot Mike reevaluating
2024-10-15 04:33:47.151044 Uniform: Golf we want you to join our group
ChatterBot Golf reevaluating
2024-10-15 04:33:47.159937 Golf: Yes
ChatterBot Echo reevaluating
ChatterBot Mike reevaluating
2024-10-15 04:33:47.211579 Echo: Golf we want you to join our group
ChatterBot Golf reevaluating
2024-10-15 04:33:47.222373 Golf: No
2024-10-15 04:33:47.283571 Sierra: Oscar, Uniform, Juliett and Golf, sending you 2
2024-10-15 04:33:47.285538 Juliett: Sierra, Oscar, Uniform and Mike, sending you 2
2024-10-15 04:33:47.287005 Mike: Golf we want you to join our group
ChatterBot Golf reevaluating
2024-10-15 04:33:47.297218 Golf: No
2024-10-15 04:33:47.358769 Sierra: Echo and Mike, sending you 3
2024-10-15 04:33:47.361208 Juliett: Hotel, sending you 1
2024-10-15 04:33:47.363024 Whiskey: Sierra, sending you 5
2024-10-15 04:33:47.364720 Oscar: Sierra, Juliett, Golf and Mike, sending you 2
2024-10-15 04:33:47.366774 Lima: Sierra, Oscar, Juliett, Mike and Whiskey, sending you 1
2024-10-15 04:33:47.368289 Uniform: Sierra, Juliett and Echo, sending you 2
2024-10-15 04:33:47.369870 Sierra: Whiskey, sending you 4
2024-10-15 04:33:47.373232 Golf: We should drop Juliett
2024-10-15 04:33:47.427693 Hotel: No
2024-10-15 04:33:47.427935 Echo: No
2024-10-15 04:33:47.428143 Sierra: No
2024-10-15 04:33:47.428310 Oscar: No
2024-10-15 04:33:47.429059 Uniform: No
2024-10-15 04:33:47.429221 Mike: No
2024-10-15 04:33:47.429387 Whiskey: No
ChatterBot Golf reevaluating
ChatterBot Golf reevaluating
ChatterBot Golf reevaluating
ChatterBot Golf reevaluating
ChatterBot Golf reevaluating
ChatterBot Golf reevaluating
ChatterBot Golf reevaluating
2024-10-15 04:33:47.648652 Juliett: Whiskey, sending you 3
2024-10-15 04:33:47.649323 Whiskey: Oscar and Uniform, sending you 3
2024-10-15 04:33:47.649889 Oscar: Uniform, Hotel and Whiskey, sending you 3
2024-10-15 04:33:47.651153 Uniform: Oscar and Whiskey, sending you 3
chatterbot Hotel submitting transactions
chatterbot Juliett submitting transactions
2024-10-15 04:33:47.665182 Whiskey: Hotel and Mike, sending you 2
2024-10-15 04:33:47.667092 Mike: Sierra, Oscar, Hotel, Juliett, Echo, Golf and Whiskey, sending you 2
2024-10-15 04:33:47.668697 Oscar: Echo, sending you 1
2024-10-15 04:33:47.670574 Echo: Sierra, Oscar, Golf, Mike and Whiskey, sending you 2
2024-10-15 04:33:47.672489 Uniform: Mike, sending you 4
2024-10-15 04:33:47.674358 Whiskey: Juliett, sending you 4
2024-10-15 04:33:47.676055 Mike: Uniform, sending you 3
2024-10-15 04:33:47.677793 Echo: Uniform, sending you 3
2024-10-15 04:33:47.686452 Whiskey: Echo, sending you 1
2024-10-15 04:33:47.689326 Echo: Hotel, sending you 6
2024-10-15 04:33:47.697094 Golf: Sending you 11
2024-10-15 04:33:47.697422 Echo: Juliett, sending you 1
chatterbot Echo submitting transactions
chatterbot Lima submitting transactions
chatterbot Uniform submitting transactions
chatterbot Sierra submitting transactions
chatterbot Whiskey submitting transactions
chatterbot Oscar submitting transactions
chatterbot Golf submitting transactions
chatterbot Mike submitting transactions
ChatterBot Sierra round 6
ChatterBot Oscar round 6
ChatterBot Lima round 6
ChatterBot Uniform round 6
ChatterBot Hotel round 6
ChatterBot Juliett round 6
ChatterBot Echo round 6
ChatterBot Golf round 6
ChatterBot Mike round 6
ChatterBot Whiskey round 6
2024-10-15 04:33:48.531488 Hotel: We should replace Uniform with Golf
2024-10-15 04:33:48.560886 Echo: No
2024-10-15 04:33:48.561061 Sierra: No
2024-10-15 04:33:48.561207 Oscar: No
2024-10-15 04:33:48.561363 Juliett: No
2024-10-15 04:33:48.561500 Mike: No
2024-10-15 04:33:48.561706 Whiskey: No
ChatterBot Mike reevaluating
2024-10-15 04:33:48.834690 Hotel: Golf we want you to join our group
ChatterBot Golf reevaluating
2024-10-15 04:33:48.843432 Golf: No
ChatterBot Mike reevaluating
2024-10-15 04:33:48.891160 Juliett: Sierra, Oscar, Uniform and Mike, sending you 2
2024-10-15 04:33:48.892484 Uniform: Sierra and Juliett, sending you 2
2024-10-15 04:33:48.896713 Juliett: Hotel, sending you 1
2024-10-15 04:33:48.898582 Whiskey: Sierra, sending you 5
2024-10-15 04:33:48.900374 Echo: Sierra, Uniform and Mike, sending you 3
2024-10-15 04:33:48.901359 Uniform: Oscar, Echo, Mike and Whiskey, sending you 3
2024-10-15 04:33:48.902873 Sierra: Oscar, Uniform, Juliett and Echo, sending you 2
2024-10-15 04:33:48.904117 Juliett: Whiskey, sending you 3
2024-10-15 04:33:48.905871 Whiskey: Oscar and Uniform, sending you 3
2024-10-15 04:33:48.908419 Echo: Oscar and Golf, sending you 2
2024-10-15 04:33:48.909348 Oscar: Sierra, Juliett, Echo, Golf and Mike, sending you 2
2024-10-15 04:33:48.911449 Sierra: Hotel and Golf, sending you 1
2024-10-15 04:33:48.913354 Mike: Sierra, Oscar, Hotel, Juliett, Echo, Golf and Whiskey, sending you 2
2024-10-15 04:33:48.915475 Whiskey: Hotel and Mike, sending you 2
2024-10-15 04:33:48.917895 Echo: Hotel, sending you 6
