ChatterBot Whiskey round 1
ChatterBot Alpha round 1
ChatterBot Mike round 1
ChatterBot X-ray round 1
ChatterBot Romeo round 1
ChatterBot Foxtrot round 1
ChatterBot Zulu round 1
ChatterBot Victor round 1
ChatterBot Quebec round 1
ChatterBot Tango round 1
randomSelections X-ray: {X-ray, Romeo, Alpha, Whiskey, Victor, Quebec} 
2024-10-15 04:33:36.773047 X-ray: We should group up
ChatterBot Romeo reevaluating
ChatterBot Alpha reevaluating
ChatterBot Whiskey reevaluating
ChatterBot Victor reevaluating
ChatterBot Quebec reevaluating
2024-10-15 04:33:36.793178 Romeo: Yes
2024-10-15 04:33:36.793376 Alpha: Yes
2024-10-15 04:33:36.793544 Whiskey: Yes
2024-10-15 04:33:36.794536 Victor: Yes
2024-10-15 04:33:36.794727 Quebec: Yes
ChatterBot Alpha reevaluating
ChatterBot Whiskey reevaluating
ChatterBot Victor reevaluating
ChatterBot Quebec reevaluating
ChatterBot Romeo reevaluating
ChatterBot Whiskey reevaluating
ChatterBot Victor reevaluating
ChatterBot Quebec reevaluating
ChatterBot Romeo reevaluating
ChatterBot Alpha reevaluating
ChatterBot Victor reevaluating
ChatterBot Quebec reevaluating
ChatterBot Romeo reevaluating
ChatterBot Alpha reevaluating
ChatterBot Whiskey reevaluating
ChatterBot Quebec reevaluating
ChatterBot Romeo reevaluating
ChatterBot Alpha reevaluating
ChatterBot Whiskey reevaluating
ChatterBot Victor reevaluating
randomSelections Zulu: {Zulu, Victor, Romeo, Tango, Foxtrot, Mike, X-ray, Whiskey} 
2024-10-15 04:33:36.888444 Zulu: Let's form a team
ChatterBot Victor reevaluating
ChatterBot Romeo reevaluating
ChatterBot Tango reevaluating
ChatterBot Foxtrot reevaluating
ChatterBot Mike reevaluating
ChatterBot Whiskey reevaluating
2024-10-15 04:33:37.017327 Victor: No
2024-10-15 04:33:37.018005 Romeo: No
2024-10-15 04:33:37.019406 Tango: Yes
2024-10-15 04:33:37.019807 Foxtrot: Yes
2024-10-15 04:33:37.019984 Mike: Yes
2024-10-15 04:33:37.021410 X-ray: No
2024-10-15 04:33:37.021725 Whiskey: No
ChatterBot Romeo reevaluating
ChatterBot Tango reevaluating
ChatterBot Foxtrot reevaluating
ChatterBot Mike reevaluating
ChatterBot Whiskey reevaluating
ChatterBot Victor reevaluating
ChatterBot Tango reevaluating
ChatterBot Foxtrot reevaluating
ChatterBot Mike reevaluating
ChatterBot Whiskey reevaluating
ChatterBot Victor reevaluating
ChatterBot Romeo reevaluating
ChatterBot Foxtrot reevaluating
ChatterBot Mike reevaluating
ChatterBot Whiskey reevaluating
ChatterBot Victor reevaluating
ChatterBot Romeo reevaluating
ChatterBot Tango reevaluating
ChatterBot Mike reevaluating
ChatterBot Whiskey reevaluating
ChatterBot Victor reevaluating
ChatterBot Romeo reevaluating
ChatterBot Tango reevaluating
ChatterBot Foxtrot reevaluating
ChatterBot Whiskey reevaluating
ChatterBot Victor reevaluating
ChatterBot Romeo reevaluating
ChatterBot Tango reevaluating
ChatterBot Foxtrot reevaluating
ChatterBot Mike reevaluating
ChatterBot Whiskey reevaluating
ChatterBot Victor reevaluating
ChatterBot Romeo reevaluating
ChatterBot Tango reevaluating
ChatterBot Foxtrot reevaluating
ChatterBot Mike reevaluating
2024-10-15 04:33:37.158794 Tango: Mike, sending you 4
2024-10-15 04:33:37.160955 Mike: Whiskey, sending you 3
2024-10-15 04:33:37.163095 X-ray: Whiskey, sending you 5
2024-10-15 04:33:37.164605 Zulu: Whiskey, Romeo and Tango, sending you 1
2024-10-15 04:33:37.166284 Whiskey: Alpha, X-ray, Romeo and Victor, sending you 2
2024-10-15 04:33:37.167392 Quebec: Whiskey, sending you 3
2024-10-15 04:33:37.167985 Tango: X-ray, sending you 1
2024-10-15 04:33:37.170149 Mike: X-ray and Victor, sending you 2
2024-10-15 04:33:37.170827 Alpha: Whiskey, sending you 2
2024-10-15 04:33:37.172767 Romeo: Whiskey, Victor and Quebec, sending you 1
2024-10-15 04:33:37.173691 X-ray: Alpha, sending you 1
2024-10-15 04:33:37.175448 Zulu: Mike, sending you 2
2024-10-15 04:33:37.176744 Whiskey: Quebec, sending you 4
2024-10-15 04:33:37.178989 Quebec: Alpha and Romeo, sending you 4
2024-10-15 04:33:37.180482 Tango: Foxtrot and Victor, sending you 2
2024-10-15 04:33:37.183342 Mike: Romeo, Foxtrot and Tango, sending you 1
2024-10-15 04:33:37.184883 Romeo: Alpha, sending you 8
2024-10-15 04:33:37.187310 Alpha: X-ray, Victor and Quebec, sending you 5
2024-10-15 04:33:37.189830 X-ray: Romeo and Victor, sending you 4
2024-10-15 04:33:37.190932 Foxtrot: Whiskey and X-ray, sending you 2
2024-10-15 04:33:37.193225 Victor: Whiskey, sending you 3
2024-10-15 04:33:37.194404 Quebec: X-ray, sending you 5
2024-10-15 04:33:37.195534 Mike: Zulu, sending you 4
2024-10-15 04:33:37.198397 Romeo: X-ray, sending you 3
2024-10-15 04:33:37.200670 Alpha: Romeo, sending you 3
2024-10-15 04:33:37.201569 X-ray: Quebec, sending you 3
2024-10-15 04:33:37.203421 Foxtrot: Mike, Romeo and Zulu, sending you 4
2024-10-15 04:33:37.204803 Victor: Alpha, sending you 6
2024-10-15 04:33:37.209584 Foxtrot: Victor, sending you 1
2024-10-15 04:33:37.212043 Victor: X-ray, sending you 5
2024-10-15 04:33:37.215158 Foxtrot: Tango, sending you 3
2024-10-15 04:33:37.217356 Victor: Romeo, sending you 4
2024-10-15 04:33:37.222663 Victor: Quebec, sending you 2
chatterbot Zulu submitting transactions
chatterbot X-ray submitting transactions
chatterbot Mike submitting transactions
chatterbot Alpha submitting transactions
chatterbot Victor submitting transactions
chatterbot Quebec submitting transactions
chatterbot Foxtrot submitting transactions
chatterbot Romeo submitting transactions
chatterbot Whiskey submitting transactions
chatterbot Tango submitting transactions
ChatterBot Whiskey round 2
ChatterBot Alpha round 2
ChatterBot Mike round 2
ChatterBot X-ray round 2
ChatterBot Romeo round 2
ChatterBot Foxtrot round 2
ChatterBot Zulu round 2
ChatterBot Victor round 2
2024-10-15 04:33:38.272769 Zulu: Can we be friends?
ChatterBot Mike reevaluating
ChatterBot Foxtrot reevaluating
ChatterBot Tango reevaluating
2024-10-15 04:33:38.289479 Mike: Yes
2024-10-15 04:33:38.289625 Foxtrot: Yes
2024-10-15 04:33:38.289745 Tango: No
ChatterBot Foxtrot reevaluating
ChatterBot Tango reevaluating
ChatterBot Mike reevaluating
ChatterBot Tango reevaluating
ChatterBot Mike reevaluating
ChatterBot Foxtrot reevaluating
2024-10-15 04:33:38.324492 Foxtrot: We would work well together
ChatterBot Mike reevaluating
ChatterBot Tango reevaluating
2024-10-15 04:33:38.339009 Zulu: Yes
2024-10-15 04:33:38.339152 Mike: Yes
2024-10-15 04:33:38.339248 Tango: No
ChatterBot Mike reevaluating
ChatterBot Foxtrot reevaluating
ChatterBot Tango reevaluating
ChatterBot Foxtrot reevaluating
ChatterBot Tango reevaluating
ChatterBot Mike reevaluating
ChatterBot Foxtrot reevaluating
ChatterBot Quebec round 2
ChatterBot Tango round 2
2024-10-15 04:33:38.388562 Alpha: We should add Foxtrot
ChatterBot Victor reevaluating
ChatterBot Quebec reevaluating
2024-10-15 04:33:38.401473 X-ray: No
2024-10-15 04:33:38.401661 Romeo: No
2024-10-15 04:33:38.401774 Whiskey: No
2024-10-15 04:33:38.401896 Victor: No
2024-10-15 04:33:38.402001 Quebec: No
ChatterBot Alpha reevaluating
ChatterBot Victor reevaluating
ChatterBot Quebec reevaluating
ChatterBot Alpha reevaluating
ChatterBot Victor reevaluating
ChatterBot Quebec reevaluating
ChatterBot Alpha reevaluating
ChatterBot Victor reevaluating
ChatterBot Quebec reevaluating
ChatterBot Alpha reevaluating
ChatterBot Quebec reevaluating
ChatterBot Alpha reevaluating
ChatterBot Victor reevaluating
2024-10-15 04:33:38.490832 Romeo: Whiskey and Alpha, sending you 2
2024-10-15 04:33:38.493692 Romeo: X-ray, sending you 4
2024-10-15 04:33:38.496701 Foxtrot: Mike and Tango, sending you 5
2024-10-15 04:33:38.497895 Whiskey: Alpha, sending you 2
2024-10-15 04:33:38.499668 Romeo: Victor and Quebec, sending you 3
2024-10-15 04:33:38.500128 Mike: Foxtrot and Tango, sending you 6
2024-10-15 04:33:38.501708 Foxtrot: Zulu, sending you 1
2024-10-15 04:33:38.502174 Whiskey: X-ray, sending you 4
2024-10-15 04:33:38.503672 Zulu: Mike, sending you 5
2024-10-15 04:33:38.504389 Mike: Zulu, sending you 2
2024-10-15 04:33:38.505912 Victor: Whiskey, sending you 4
2024-10-15 04:33:38.506392 X-ray: Whiskey, sending you 2
2024-10-15 04:33:38.506877 Whiskey: Victor and Quebec, sending you 3
2024-10-15 04:33:38.508665 Zulu: Foxtrot, sending you 4
2024-10-15 04:33:38.509635 Victor: Alpha, sending you 7
2024-10-15 04:33:38.510061 Alpha: Whiskey, sending you 2
2024-10-15 04:33:38.510692 Tango: Mike and Zulu, sending you 2
2024-10-15 04:33:38.511768 X-ray: Alpha, Victor and Quebec, sending you 4
2024-10-15 04:33:38.512313 Zulu: Tango, sending you 1
2024-10-15 04:33:38.513147 Quebec: Whiskey, sending you 4
2024-10-15 04:33:38.513684 Victor: X-ray, sending you 6
2024-10-15 04:33:38.514693 Alpha: Romeo, sending you 8
2024-10-15 04:33:38.515213 X-ray: Romeo, sending you 3
2024-10-15 04:33:38.516346 Tango: Foxtrot, sending you 5
2024-10-15 04:33:38.517727 Quebec: Alpha, sending you 6
2024-10-15 04:33:38.518156 Victor: Romeo, sending you 3
2024-10-15 04:33:38.519674 Alpha: Victor, sending you 6
2024-10-15 04:33:38.522167 Quebec: X-ray, sending you 3
2024-10-15 04:33:38.525146 Alpha: Quebec, sending you 4
2024-10-15 04:33:38.526716 Quebec: Romeo, sending you 1
2024-10-15 04:33:38.532136 Quebec: Victor, sending you 2
chatterbot Quebec submitting transactions
chatterbot X-ray submitting transactions
chatterbot Zulu submitting transactions
chatterbot Whiskey submitting transactions
chatterbot Tango submitting transactions
chatterbot Mike submitting transactions
chatterbot Romeo submitting transactions
chatterbot Alpha submitting transactions
chatterbot Victor submitting transactions
chatterbot Foxtrot submitting transactions
ChatterBot Whiskey round 3
ChatterBot Alpha round 3
ChatterBot Mike round 3
ChatterBot X-ray round 3
ChatterBot Romeo round 3
ChatterBot Foxtrot round 3
ChatterBot Zulu round 3
ChatterBot Victor round 3
ChatterBot Quebec round 3
ChatterBot Tango round 3
2024-10-15 04:33:40.878630 Romeo: Whiskey, sending you 1
2024-10-15 04:33:40.879044 Zulu: Mike, sending you 6
2024-10-15 04:33:40.879770 Alpha: Whiskey, sending you 1
2024-10-15 04:33:40.880100 Whiskey: Alpha, sending you 2
2024-10-15 04:33:40.880441 Mike: Foxtrot and Zulu, sending you 5
2024-10-15 04:33:40.881260 Quebec: Whiskey and X-ray, sending you 4
2024-10-15 04:33:40.881650 X-ray: Whiskey, Alpha, Romeo and Quebec, sending you 3
chatterbot Whiskey submitting transactions
chatterbot Alpha submitting transactions
2024-10-15 04:33:40.882874 Romeo: Alpha, sending you 5
2024-10-15 04:33:40.883198 Zulu: Foxtrot, sending you 4
2024-10-15 04:33:40.883417 Alpha: X-ray, sending you 3
2024-10-15 04:33:40.884331 Whiskey: X-ray, Victor and Quebec, sending you 3
2024-10-15 04:33:40.909586 Mike: Tango, sending you 4
2024-10-15 04:33:40.910860 X-ray: Victor, sending you 5
2024-10-15 04:33:40.911391 Victor: Whiskey, sending you 4
2024-10-15 04:33:40.912312 Romeo: X-ray and Victor, sending you 3
2024-10-15 04:33:40.912892 Quebec: Alpha, sending you 5
2024-10-15 04:33:40.914082 Foxtrot: Mike and Zulu, sending you 4
2024-10-15 04:33:40.914359 Zulu: Tango, sending you 3
2024-10-15 04:33:40.914602 Tango: Mike, sending you 4
2024-10-15 04:33:40.914893 Alpha: Romeo and Quebec, sending you 5
2024-10-15 04:33:40.915875 Whiskey: Romeo, sending you 1
2024-10-15 04:33:40.932515 Victor: Alpha, sending you 6
2024-10-15 04:33:40.933651 Quebec: Romeo, sending you 2
2024-10-15 04:33:40.934164 Romeo: Quebec, sending you 2
2024-10-15 04:33:40.935188 Foxtrot: Tango, sending you 5
2024-10-15 04:33:40.935519 Tango: Foxtrot, sending you 3
2024-10-15 04:33:40.935851 Alpha: Victor, sending you 6
chatterbot Quebec submitting transactions
2024-10-15 04:33:40.937174 Quebec: Victor, sending you 1
2024-10-15 04:33:40.953508 Victor: X-ray, sending you 5
2024-10-15 04:33:40.954642 Tango: Zulu, sending you 2
2024-10-15 04:33:40.966972 Victor: Romeo, sending you 3
2024-10-15 04:33:40.972500 Victor: Quebec, sending you 2
chatterbot X-ray submitting transactions
chatterbot Mike submitting transactions
chatterbot Foxtrot submitting transactions
chatterbot Romeo submitting transactions
chatterbot Zulu submitting transactions
chatterbot Tango submitting transactions
chatterbot Victor submitting transactions
ChatterBot Whiskey round 4
ChatterBot Alpha round 4
ChatterBot Mike round 4
ChatterBot X-ray round 4
ChatterBot Romeo round 4
ChatterBot Foxtrot round 4
ChatterBot Zulu round 4
ChatterBot Victor round 4
ChatterBot Quebec round 4
ChatterBot Tango round 4
2024-10-15 04:33:42.279448 Whiskey: Alpha, sending you 2
2024-10-15 04:33:42.280597 Mike: Foxtrot and Zulu, sending you 5
2024-10-15 04:33:42.281055 X-ray: Whiskey, Alpha, Romeo and Quebec, sending you 3
2024-10-15 04:33:42.282162 Alpha: Whiskey, sending you 1
2024-10-15 04:33:42.282788 Whiskey: X-ray, Victor and Quebec, sending you 3
2024-10-15 04:33:42.431497 X-ray: Victor, sending you 5
2024-10-15 04:33:42.432746 Mike: Tango, sending you 4
2024-10-15 04:33:42.433232 Foxtrot: Mike and Zulu, sending you 4
2024-10-15 04:33:42.433635 Zulu: Mike, sending you 6
2024-10-15 04:33:42.435870 Alpha: X-ray, sending you 3
2024-10-15 04:33:42.436628 Whiskey: Romeo, sending you 1
2024-10-15 04:33:42.437408 Romeo: Whiskey, sending you 1
2024-10-15 04:33:42.442647 Quebec: Whiskey and X-ray, sending you 4
2024-10-15 04:33:42.443411 Victor: Whiskey, sending you 4
2024-10-15 04:33:42.445771 Tango: Mike, sending you 3
2024-10-15 04:33:42.446389 Foxtrot: Tango, sending you 5
2024-10-15 04:33:42.446814 Zulu: Foxtrot, sending you 5
2024-10-15 04:33:42.447194 Alpha: Romeo and Quebec, sending you 5
2024-10-15 04:33:42.449728 Quebec: Alpha, sending you 5
2024-10-15 04:33:42.453775 Romeo: Alpha, sending you 5
2024-10-15 04:33:42.454524 Victor: Alpha, sending you 6
2024-10-15 04:33:42.457072 Tango: Foxtrot, sending you 4
2024-10-15 04:33:42.457508 Zulu: Tango, sending you 4
2024-10-15 04:33:42.457934 Alpha: Victor, sending you 6
2024-10-15 04:33:42.460066 Quebec: Romeo, sending you 2
2024-10-15 04:33:42.460847 Romeo: X-ray and Victor, sending you 3
2024-10-15 04:33:42.461557 Victor: X-ray, sending you 5
2024-10-15 04:33:42.465768 Tango: Zulu, sending you 2
2024-10-15 04:33:42.466271 Romeo: Quebec, sending you 2
2024-10-15 04:33:42.468549 Quebec: Victor, sending you 1
2024-10-15 04:33:42.516957 Victor: Romeo, sending you 3
2024-10-15 04:33:42.552473 Victor: Quebec, sending you 2
chatterbot Zulu submitting transactions
chatterbot Foxtrot submitting transactions
chatterbot Mike submitting transactions
chatterbot Tango submitting transactions
chatterbot Alpha submitting transactions
chatterbot Victor submitting transactions
chatterbot Whiskey submitting transactions
chatterbot X-ray submitting transactions
chatterbot Romeo submitting transactions
chatterbot Quebec submitting transactions
ChatterBot Whiskey round 5
ChatterBot Alpha round 5
ChatterBot Mike round 5
ChatterBot X-ray round 5
ChatterBot Romeo round 5
ChatterBot Foxtrot round 5
ChatterBot Zulu round 5
ChatterBot Victor round 5
ChatterBot Quebec round 5
ChatterBot Tango round 5
2024-10-15 04:33:44.002240 Mike: Foxtrot and Tango, sending you 4
2024-10-15 04:33:44.113176 Whiskey: Alpha, sending you 2
2024-10-15 04:33:44.115328 Alpha: Whiskey, sending you 1
2024-10-15 04:33:44.116316 Mike: Zulu, sending you 6
2024-10-15 04:33:44.117672 Romeo: Whiskey, sending you 1
2024-10-15 04:33:44.119125 Zulu: Mike, sending you 7
2024-10-15 04:33:44.119988 Foxtrot: Mike and Zulu, sending you 4
2024-10-15 04:33:44.120799 Quebec: Whiskey, sending you 3
2024-10-15 04:33:44.122684 X-ray: Whiskey, Alpha, Romeo and Quebec, sending you 3
2024-10-15 04:33:44.125163 Whiskey: X-ray, Victor and Quebec, sending you 3
2024-10-15 04:33:44.127266 Alpha: X-ray, sending you 3
2024-10-15 04:33:44.129162 Romeo: Alpha, sending you 5
2024-10-15 04:33:44.131273 Zulu: Foxtrot, sending you 6
2024-10-15 04:33:44.132375 Foxtrot: Tango, sending you 5
2024-10-15 04:33:44.133727 Quebec: Alpha, sending you 5
2024-10-15 04:33:44.134807 X-ray: Victor, sending you 5
2024-10-15 04:33:44.136350 Tango: Sending you each 3
2024-10-15 04:33:44.137899 Victor: Whiskey and Romeo, sending you 4
2024-10-15 04:33:44.138840 Whiskey: Romeo, sending you 1
2024-10-15 04:33:44.140726 Alpha: Romeo and Quebec, sending you 5
2024-10-15 04:33:44.142727 Romeo: X-ray and Victor, sending you 3
2024-10-15 04:33:44.144487 Zulu: Tango, sending you 4
2024-10-15 04:33:44.145420 Quebec: X-ray, sending you 4
2024-10-15 04:33:44.147041 Victor: Alpha, sending you 6
2024-10-15 04:33:44.149650 Romeo: Quebec, sending you 2
2024-10-15 04:33:44.151363 Alpha: Victor, sending you 6
2024-10-15 04:33:44.152386 Quebec: Romeo and Victor, sending you 2
2024-10-15 04:33:44.200915 Victor: X-ray, sending you 5
2024-10-15 04:33:44.236172 Victor: Quebec, sending you 1
chatterbot Romeo submitting transactions
chatterbot X-ray submitting transactions
chatterbot Victor submitting transactions
chatterbot Quebec submitting transactions
chatterbot Alpha submitting transactions
chatterbot Whiskey submitting transactions
chatterbot Mike submitting transactions
chatterbot Zulu submitting transactions
chatterbot Tango submitting transactions
chatterbot Foxtrot submitting transactions
ChatterBot Whiskey round 6
ChatterBot Alpha round 6
ChatterBot Mike round 6
ChatterBot X-ray round 6
ChatterBot Romeo round 6
ChatterBot Foxtrot round 6
ChatterBot Zulu round 6
ChatterBot Victor round 6
ChatterBot Quebec round 6
ChatterBot Tango round 6
2024-10-15 04:33:45.124607 Whiskey: Alpha, sending you 2
2024-10-15 04:33:45.125440 Foxtrot: Mike and Zulu, sending you 4
2024-10-15 04:33:45.136175 Mike: Foxtrot and Tango, sending you 4
2024-10-15 04:33:45.137269 Whiskey: X-ray, Victor and Quebec, sending you 3
2024-10-15 04:33:45.138294 Zulu: Mike, sending you 7
2024-10-15 04:33:45.138741 Alpha: Whiskey, sending you 1
2024-10-15 04:33:45.140475 Victor: Whiskey and Romeo, sending you 4
2024-10-15 04:33:45.142191 X-ray: Whiskey, Alpha, Romeo and Quebec, sending you 3
2024-10-15 04:33:45.143637 Foxtrot: Tango, sending you 5
2024-10-15 04:33:45.144142 Romeo: Whiskey, sending you 1
2024-10-15 04:33:45.144981 Quebec: Whiskey, sending you 3
2024-10-15 04:33:45.146364 Mike: Zulu, sending you 6
2024-10-15 04:33:45.146837 Whiskey: Romeo, sending you 1
2024-10-15 04:33:45.148156 Zulu: Foxtrot, sending you 6
2024-10-15 04:33:45.148548 Alpha: X-ray, sending you 3
2024-10-15 04:33:45.149902 Victor: Alpha, sending you 6
2024-10-15 04:33:45.150549 X-ray: Victor, sending you 5
2024-10-15 04:33:45.152017 Tango: Same as last round
2024-10-15 04:33:45.152412 Romeo: Alpha, sending you 5
2024-10-15 04:33:45.153567 Quebec: Alpha, sending you 6
2024-10-15 04:33:45.154415 Zulu: Tango, sending you 4
2024-10-15 04:33:45.155415 Victor: X-ray, sending you 5
2024-10-15 04:33:45.156156 Alpha: Romeo and Quebec, sending you 5
2024-10-15 04:33:45.157622 Romeo: X-ray and Victor, sending you 3
2024-10-15 04:33:45.158844 Quebec: X-ray, sending you 4
2024-10-15 04:33:45.160675 Victor: Quebec, sending you 1
2024-10-15 04:33:45.162416 Alpha: Victor, sending you 6
2024-10-15 04:33:45.163882 Romeo: Quebec, sending you 2
2024-10-15 04:33:45.164539 Quebec: Romeo, sending you 2
2024-10-15 04:33:45.171018 Quebec: Victor, sending you 1
chatterbot Victor submitting transactions
chatterbot Quebec submitting transactions
chatterbot Foxtrot submitting transactions
chatterbot Zulu submitting transactions
chatterbot X-ray submitting transactions
chatterbot Whiskey submitting transactions
chatterbot Alpha submitting transactions
chatterbot Mike submitting transactions
chatterbot Romeo submitting transactions
chatterbot Tango submitting transactions
ChatterBot Whiskey round 7
ChatterBot Alpha round 7
ChatterBot Mike round 7
ChatterBot X-ray round 7
ChatterBot Romeo round 7
ChatterBot Foxtrot round 7
ChatterBot Zulu round 7
ChatterBot Victor round 7
ChatterBot Quebec round 7
ChatterBot Tango round 7
2024-10-15 04:33:46.383698 Mike: Foxtrot and Tango, sending you 4
2024-10-15 04:33:46.385070 Alpha: Whiskey, sending you 1
2024-10-15 04:33:46.387663 Mike: Zulu, sending you 6
2024-10-15 04:33:46.389682 Alpha: X-ray, sending you 3
2024-10-15 04:33:46.391682 X-ray: Whiskey, Alpha, Romeo and Quebec, sending you 3
2024-10-15 04:33:46.393254 Zulu: Mike, sending you 7
2024-10-15 04:33:46.393795 Whiskey: Alpha, sending you 2
2024-10-15 04:33:46.394390 Alpha: Romeo and Quebec, sending you 5
2024-10-15 04:33:46.395682 Foxtrot: Mike and Zulu, sending you 4
2024-10-15 04:33:46.396045 Romeo: Whiskey, sending you 1
2024-10-15 04:33:46.397179 Quebec: Whiskey, sending you 3
2024-10-15 04:33:46.398058 X-ray: Victor, sending you 5
2024-10-15 04:33:46.398670 Victor: Whiskey and Romeo, sending you 4
2024-10-15 04:33:46.399705 Zulu: Foxtrot, sending you 6
2024-10-15 04:33:46.400040 Whiskey: X-ray, Victor and Quebec, sending you 3
2024-10-15 04:33:46.400503 Alpha: Victor, sending you 6
2024-10-15 04:33:46.401348 Foxtrot: Tango, sending you 5
2024-10-15 04:33:46.401603 Romeo: Alpha, sending you 5
2024-10-15 04:33:46.402082 Quebec: Alpha, sending you 6
2024-10-15 04:33:46.402693 Victor: Alpha, sending you 6
2024-10-15 04:33:46.404666 Zulu: Tango, sending you 4
2024-10-15 04:33:46.405094 Tango: Same as last round
2024-10-15 04:33:46.405977 Whiskey: Romeo, sending you 1
2024-10-15 04:33:46.406776 Romeo: X-ray and Victor, sending you 3
2024-10-15 04:33:46.407993 Quebec: X-ray, sending you 4
2024-10-15 04:33:46.408802 Victor: X-ray, sending you 5
2024-10-15 04:33:46.412673 Romeo: Quebec, sending you 2
2024-10-15 04:33:46.413472 Victor: Quebec, sending you 1
2024-10-15 04:33:46.414566 Quebec: Romeo, sending you 2
2024-10-15 04:33:46.418676 Quebec: Victor, sending you 1
chatterbot Victor submitting transactions
chatterbot Alpha submitting transactions
chatterbot Foxtrot submitting transactions
chatterbot Romeo submitting transactions
chatterbot Tango submitting transactions
chatterbot Zulu submitting transactions
chatterbot Mike submitting transactions
chatterbot X-ray submitting transactions
chatterbot Whiskey submitting transactions
chatterbot Quebec submitting transactions
ChatterBot Whiskey round 8
ChatterBot Alpha round 8
ChatterBot Mike round 8
ChatterBot X-ray round 8
ChatterBot Romeo round 8
ChatterBot Foxtrot round 8
ChatterBot Zulu round 8
ChatterBot Victor round 8
ChatterBot Quebec round 8
ChatterBot Tango round 8
2024-10-15 04:33:47.719662 Alpha: Whiskey, sending you 1
2024-10-15 04:33:47.724141 Alpha: X-ray, sending you 3
2024-10-15 04:33:47.726659 Romeo: Whiskey, sending you 1
2024-10-15 04:33:47.728161 Zulu: Mike, sending you 7
2024-10-15 04:33:47.729256 Whiskey: Alpha, sending you 2
2024-10-15 04:33:47.730391 Alpha: Romeo and Quebec, sending you 5
2024-10-15 04:33:47.732747 Romeo: Alpha, sending you 5
2024-10-15 04:33:47.733531 Mike: Foxtrot and Tango, sending you 4
2024-10-15 04:33:47.734533 Foxtrot: Mike and Zulu, sending you 4
2024-10-15 04:33:47.735146 X-ray: Whiskey, Alpha, Romeo and Quebec, sending you 3
2024-10-15 04:33:47.736458 Quebec: Whiskey and X-ray, sending you 3
2024-10-15 04:33:47.738166 Zulu: Foxtrot and Tango, sending you 5
2024-10-15 04:33:47.738609 Whiskey: X-ray, Victor and Quebec, sending you 3
2024-10-15 04:33:47.740191 Alpha: Victor, sending you 6
2024-10-15 04:33:47.741616 Victor: Whiskey and Romeo, sending you 4
2024-10-15 04:33:47.742933 Romeo: X-ray and Victor, sending you 3
2024-10-15 04:33:47.744140 Mike: Zulu, sending you 6
2024-10-15 04:33:47.744560 X-ray: Victor, sending you 5
2024-10-15 04:33:47.745937 Foxtrot: Tango, sending you 5
2024-10-15 04:33:47.746286 Quebec: Alpha, sending you 7
2024-10-15 04:33:47.747502 Whiskey: Romeo, sending you 1
2024-10-15 04:33:47.748300 Victor: Alpha, sending you 6
2024-10-15 04:33:47.749351 Tango: Same as last round
2024-10-15 04:33:47.749805 Romeo: Quebec, sending you 2
2024-10-15 04:33:47.751030 Quebec: Romeo, sending you 2
2024-10-15 04:33:47.752340 Victor: X-ray, sending you 5
2024-10-15 04:33:47.756692 Quebec: Victor, sending you 1
2024-10-15 04:33:47.758261 Victor: Quebec, sending you 1
chatterbot Victor submitting transactions
chatterbot X-ray submitting transactions
chatterbot Foxtrot submitting transactions
chatterbot Quebec submitting transactions
chatterbot Romeo submitting transactions
chatterbot Mike submitting transactions
chatterbot Whiskey submitting transactions
chatterbot Zulu submitting transactions
chatterbot Tango submitting transactions
chatterbot Alpha submitting transactions
ChatterBot Whiskey round 9
ChatterBot Alpha round 9
ChatterBot Mike round 9
ChatterBot X-ray round 9
ChatterBot Romeo round 9
ChatterBot Foxtrot round 9
ChatterBot Zulu round 9
ChatterBot Victor round 9
ChatterBot Quebec round 9
ChatterBot Tango round 9
2024-10-15 04:33:48.973663 X-ray: Whiskey, Alpha, Romeo and Quebec, sending you 3
2024-10-15 04:33:48.978696 X-ray: Victor, sending you 5
2024-10-15 04:33:48.980166 Quebec: Whiskey and X-ray, sending you 3
2024-10-15 04:33:48.981124 Whiskey: Alpha, sending you 2
2024-10-15 04:33:48.982334 Alpha: Whiskey, sending you 2
2024-10-15 04:33:48.983132 Mike: Foxtrot and Tango, sending you 4
2024-10-15 04:33:48.983582 Victor: Whiskey and Romeo, sending you 4
2024-10-15 04:33:48.985434 Quebec: Alpha, sending you 7
2024-10-15 04:33:48.986361 Romeo: Whiskey, sending you 1
2024-10-15 04:33:48.987367 Whiskey: X-ray, Victor and Quebec, sending you 3
2024-10-15 04:33:48.988637 Alpha: X-ray, sending you 3
2024-10-15 04:33:48.989449 Tango: Same as last round
2024-10-15 04:33:48.989830 Mike: Zulu, sending you 6
2024-10-15 04:33:48.990188 Zulu: Mike, sending you 7
2024-10-15 04:33:48.990963 Victor: Alpha, sending you 6
2024-10-15 04:33:48.991936 Foxtrot: Mike and Zulu, sending you 4
2024-10-15 04:33:48.992371 Quebec: Romeo, sending you 2
2024-10-15 04:33:48.993915 Romeo: Alpha, sending you 5
2024-10-15 04:33:48.994815 Alpha: Romeo, Victor and Quebec, sending you 5
2024-10-15 04:33:48.995633 Whiskey: Romeo, sending you 1
2024-10-15 04:33:48.997125 Zulu: Foxtrot and Tango, sending you 5
2024-10-15 04:33:48.997745 Victor: X-ray, sending you 5
2024-10-15 04:33:48.999427 Foxtrot: Tango, sending you 5
2024-10-15 04:33:48.999963 Quebec: Victor, sending you 1
2024-10-15 04:33:49.001143 Romeo: X-ray and Victor, sending you 3
2024-10-15 04:33:49.003679 Victor: Quebec, sending you 1
2024-10-15 04:33:49.004755 Romeo: Quebec, sending you 2
chatterbot Alpha submitting transactions
chatterbot Victor submitting transactions
chatterbot Quebec submitting transactions
chatterbot Whiskey submitting transactions
chatterbot Mike submitting transactions
chatterbot Romeo submitting transactions
chatterbot Foxtrot submitting transactions
chatterbot Zulu submitting transactions
chatterbot X-ray submitting transactions
chatterbot Tango submitting transactions
ChatterBot Whiskey round 10
ChatterBot Alpha round 10
ChatterBot Mike round 10
ChatterBot X-ray round 10
ChatterBot Romeo round 10
ChatterBot Foxtrot round 10
ChatterBot Zulu round 10
ChatterBot Victor round 10
ChatterBot Quebec round 10
ChatterBot Tango round 10
2024-10-15 04:33:50.202396 Alpha: Whiskey, sending you 2
2024-10-15 04:33:50.204911 Romeo: Whiskey, sending you 1
2024-10-15 04:33:50.206970 Whiskey: Alpha, sending you 2
2024-10-15 04:33:50.209105 Foxtrot: Mike and Zulu, sending you 4
2024-10-15 04:33:50.210973 Tango: Same as last round
2024-10-15 04:33:50.212752 X-ray: Whiskey, Alpha, Romeo and Quebec, sending you 3
2024-10-15 04:33:50.215217 Zulu: Mike, sending you 7
2024-10-15 04:33:50.217811 Mike: Foxtrot and Tango, sending you 4
2024-10-15 04:33:50.219201 Alpha: X-ray, sending you 3
2024-10-15 04:33:50.223366 Romeo: Alpha, sending you 5
2024-10-15 04:33:50.229131 Whiskey: X-ray, Victor and Quebec, sending you 3
2024-10-15 04:33:50.232077 Foxtrot: Tango, sending you 5
2024-10-15 04:33:50.234317 Victor: Whiskey and Romeo, sending you 4
2024-10-15 04:33:50.238891 Quebec: Whiskey and X-ray, sending you 3
2024-10-15 04:33:50.242658 X-ray: Victor, sending you 5
2024-10-15 04:33:50.246445 Zulu: Foxtrot and Tango, sending you 5
2024-10-15 04:33:50.248668 Mike: Zulu, sending you 6
2024-10-15 04:33:50.250791 Alpha: Romeo, Victor and Quebec, sending you 5
2024-10-15 04:33:50.254520 Romeo: X-ray and Victor, sending you 3
2024-10-15 04:33:50.258695 Whiskey: Romeo, sending you 1
2024-10-15 04:33:50.261820 Victor: Alpha, sending you 6
2024-10-15 04:33:50.266324 Quebec: Alpha, sending you 7
2024-10-15 04:33:50.270925 Romeo: Quebec, sending you 2
2024-10-15 04:33:50.274281 Victor: X-ray, sending you 5
2024-10-15 04:33:50.278400 Quebec: Romeo, sending you 2
2024-10-15 04:33:50.281687 Victor: Quebec, sending you 1
2024-10-15 04:33:50.285953 Quebec: Victor, sending you 1
chatterbot Whiskey submitting transactions
chatterbot Alpha submitting transactions
chatterbot Romeo submitting transactions
chatterbot Zulu submitting transactions
chatterbot Mike submitting transactions
chatterbot Tango submitting transactions
chatterbot Victor submitting transactions
chatterbot Quebec submitting transactions
chatterbot X-ray submitting transactions
chatterbot Foxtrot submitting transactions
ChatterBot Whiskey round 11
ChatterBot Alpha round 11
ChatterBot Mike round 11
ChatterBot X-ray round 11
ChatterBot Romeo round 11
ChatterBot Foxtrot round 11
ChatterBot Zulu round 11
ChatterBot Victor round 11
ChatterBot Quebec round 11
ChatterBot Tango round 11
2024-10-15 04:33:51.514742 Zulu: We should add Whiskey
2024-10-15 04:33:51.529893 Mike: No
2024-10-15 04:33:51.530172 Foxtrot: No
2024-10-15 04:33:51.531729 Tango: No
ChatterBot Zulu reevaluating
ChatterBot Zulu reevaluating
ChatterBot Zulu reevaluating
2024-10-15 04:33:51.657556 Romeo: Whiskey, sending you 1
2024-10-15 04:33:51.660544 X-ray: Whiskey, Alpha, Romeo and Quebec, sending you 3
2024-10-15 04:33:51.665670 Mike: Foxtrot and Tango, sending you 4
2024-10-15 04:33:51.667426 Alpha: Whiskey, sending you 2
2024-10-15 04:33:51.672057 Victor: Whiskey and Romeo, sending you 4
2024-10-15 04:33:51.676072 Foxtrot: Mike and Zulu, sending you 4
2024-10-15 04:33:51.677282 Tango: Same as last round
2024-10-15 04:33:51.679172 Whiskey: Alpha, sending you 2
2024-10-15 04:33:51.683358 Romeo: Alpha, sending you 5
2024-10-15 04:33:51.686361 X-ray: Victor, sending you 5
2024-10-15 04:33:51.689653 Mike: Zulu, sending you 6
2024-10-15 04:33:51.691422 Alpha: X-ray, sending you 3
2024-10-15 04:33:51.693729 Victor: Alpha, sending you 6
2024-10-15 04:33:51.697055 Foxtrot: Tango, sending you 5
2024-10-15 04:33:51.698890 Zulu: Mike, sending you 7
2024-10-15 04:33:51.700394 Quebec: Whiskey and X-ray, sending you 3
2024-10-15 04:33:51.704204 Whiskey: X-ray, Victor and Quebec, sending you 3
2024-10-15 04:33:51.708161 Romeo: X-ray and Victor, sending you 3
2024-10-15 04:33:51.710585 Alpha: Romeo, Victor and Quebec, sending you 5
2024-10-15 04:33:51.713667 Victor: X-ray, sending you 5
2024-10-15 04:33:51.715966 Zulu: Foxtrot and Tango, sending you 5
2024-10-15 04:33:51.717769 Quebec: Alpha, sending you 6
2024-10-15 04:33:51.721366 Whiskey: Romeo, sending you 1
2024-10-15 04:33:51.725485 Romeo: Quebec, sending you 2
2024-10-15 04:33:51.726669 Victor: Quebec, sending you 1
2024-10-15 04:33:51.728666 Quebec: Romeo, sending you 2
chatterbot Mike submitting transactions
chatterbot Foxtrot submitting transactions
chatterbot Victor submitting transactions
chatterbot X-ray submitting transactions
chatterbot Alpha submitting transactions
chatterbot Tango submitting transactions
chatterbot Romeo submitting transactions
chatterbot Zulu submitting transactions
chatterbot Whiskey submitting transactions
chatterbot Quebec submitting transactions
ChatterBot Whiskey round 12
ChatterBot Alpha round 12
ChatterBot Mike round 12
ChatterBot X-ray round 12
ChatterBot Romeo round 12
ChatterBot Foxtrot round 12
ChatterBot Zulu round 12
ChatterBot Victor round 12
ChatterBot Quebec round 12
ChatterBot Tango round 12
2024-10-15 04:33:52.879680 Mike: Foxtrot and Tango, sending you 4
2024-10-15 04:33:52.882675 Mike: Zulu, sending you 6
2024-10-15 04:33:52.883682 Alpha: Whiskey, sending you 2
2024-10-15 04:33:52.885492 Whiskey: Alpha, sending you 2
2024-10-15 04:33:52.887697 Alpha: X-ray, sending you 3
2024-10-15 04:33:52.889664 Victor: Whiskey and Romeo, sending you 4
2024-10-15 04:33:52.891189 Whiskey: X-ray, Victor and Quebec, sending you 3
2024-10-15 04:33:52.892529 Tango: Same as last round
2024-10-15 04:33:52.893630 X-ray: Whiskey, Alpha, Romeo and Quebec, sending you 3
2024-10-15 04:33:52.895286 Foxtrot: Mike and Zulu, sending you 4
2024-10-15 04:33:52.895822 Alpha: Romeo, Victor and Quebec, sending you 5
2024-10-15 04:33:52.897721 Quebec: Whiskey and X-ray, sending you 3
2024-10-15 04:33:52.899681 Victor: Alpha, sending you 6
2024-10-15 04:33:52.901517 Romeo: Whiskey, sending you 1
2024-10-15 04:33:52.903332 Whiskey: Romeo, sending you 1
2024-10-15 04:33:52.905034 X-ray: Victor, sending you 5
2024-10-15 04:33:52.906261 Foxtrot: Tango, sending you 5
2024-10-15 04:33:52.907204 Zulu: Mike, sending you 7
2024-10-15 04:33:52.907788 Quebec: Alpha, sending you 7
2024-10-15 04:33:52.909396 Victor: X-ray, sending you 5
2024-10-15 04:33:52.911023 Romeo: Alpha, sending you 5
2024-10-15 04:33:52.912316 Zulu: Foxtrot and Tango, sending you 5
2024-10-15 04:33:52.913695 Quebec: Romeo, sending you 2
2024-10-15 04:33:52.915378 Victor: Quebec, sending you 1
2024-10-15 04:33:52.916320 Romeo: X-ray and Victor, sending you 3
2024-10-15 04:33:52.919165 Quebec: Victor, sending you 1
2024-10-15 04:33:52.920461 Romeo: Quebec, sending you 2
chatterbot Romeo submitting transactions
chatterbot Foxtrot submitting transactions
chatterbot Quebec submitting transactions
chatterbot Whiskey submitting transactions
chatterbot Mike submitting transactions
chatterbot Tango submitting transactions
chatterbot Alpha submitting transactions
chatterbot Zulu submitting transactions
chatterbot Victor submitting transactions
chatterbot X-ray submitting transactions
ChatterBot Whiskey round 13
ChatterBot Alpha round 13
ChatterBot Mike round 13
ChatterBot X-ray round 13
ChatterBot Romeo round 13
ChatterBot Foxtrot round 13
ChatterBot Zulu round 13
ChatterBot Victor round 13
ChatterBot Quebec round 13
ChatterBot Tango round 13
2024-10-15 04:33:54.142657 Whiskey: Alpha, sending you 2
2024-10-15 04:33:54.144686 Mike: Foxtrot and Tango, sending you 4
2024-10-15 04:33:54.146696 Whiskey: X-ray, Victor and Quebec, sending you 3
2024-10-15 04:33:54.149778 Mike: Zulu, sending you 6
2024-10-15 04:33:54.152683 Romeo: Whiskey, sending you 1
2024-10-15 04:33:54.154516 Victor: Whiskey and Romeo, sending you 4
2024-10-15 04:33:54.156090 Whiskey: Romeo, sending you 1
2024-10-15 04:33:54.157279 Quebec: Whiskey and X-ray, sending you 3
2024-10-15 04:33:54.158404 Romeo: Alpha, sending you 5
2024-10-15 04:33:54.159907 Victor: Alpha, sending you 6
2024-10-15 04:33:54.161447 X-ray: Whiskey, Alpha, Romeo and Quebec, sending you 3
2024-10-15 04:33:54.163274 Quebec: Alpha, sending you 6
2024-10-15 04:33:54.165463 Zulu: Mike, sending you 7
2024-10-15 04:33:54.166520 Alpha: Whiskey, sending you 2
2024-10-15 04:33:54.168342 Foxtrot: Mike and Zulu, sending you 4
2024-10-15 04:33:54.168825 Victor: X-ray, sending you 5
2024-10-15 04:33:54.170713 Romeo: X-ray and Victor, sending you 3
2024-10-15 04:33:54.172769 X-ray: Victor, sending you 5
2024-10-15 04:33:54.174897 Quebec: Romeo, sending you 2
2024-10-15 04:33:54.176571 Zulu: Foxtrot and Tango, sending you 5
2024-10-15 04:33:54.177210 Alpha: X-ray, sending you 3
2024-10-15 04:33:54.179173 Foxtrot: Tango, sending you 5
2024-10-15 04:33:54.180187 Victor: Quebec, sending you 1
2024-10-15 04:33:54.182048 Romeo: Quebec, sending you 2
2024-10-15 04:33:54.184477 Tango: Same as last round
2024-10-15 04:33:54.185307 Alpha: Romeo, Victor and Quebec, sending you 5
chatterbot Whiskey submitting transactions
chatterbot Zulu submitting transactions
chatterbot Romeo submitting transactions
chatterbot X-ray submitting transactions
chatterbot Foxtrot submitting transactions
chatterbot Alpha submitting transactions
chatterbot Victor submitting transactions
chatterbot Quebec submitting transactions
chatterbot Tango submitting transactions
chatterbot Mike submitting transactions
ChatterBot Whiskey round 14
ChatterBot Alpha round 14
ChatterBot Mike round 14
ChatterBot X-ray round 14
ChatterBot Romeo round 14
ChatterBot Foxtrot round 14
ChatterBot Zulu round 14
ChatterBot Victor round 14
ChatterBot Quebec round 14
ChatterBot Tango round 14
2024-10-15 04:33:55.546172 Alpha: Whiskey, sending you 2
2024-10-15 04:33:55.548677 Whiskey: Alpha, sending you 2
2024-10-15 04:33:55.550485 Mike: Foxtrot and Tango, sending you 4
2024-10-15 04:33:55.574351 Alpha: X-ray, sending you 3
2024-10-15 04:33:55.576648 Whiskey: X-ray, Victor and Quebec, sending you 3
2024-10-15 04:33:55.579379 Victor: Whiskey and Romeo, sending you 4
2024-10-15 04:33:55.581860 X-ray: Whiskey, Alpha, Romeo and Quebec, sending you 3
2024-10-15 04:33:55.583999 Quebec: Whiskey and X-ray, sending you 3
2024-10-15 04:33:55.585842 Foxtrot: Mike and Zulu, sending you 4
2024-10-15 04:33:55.586965 Mike: Zulu, sending you 6
2024-10-15 04:33:55.587695 Romeo: Whiskey, sending you 1
2024-10-15 04:33:55.590970 Zulu: Mike, sending you 7
2024-10-15 04:33:55.591576 Tango: Same as last round
2024-10-15 04:33:55.592606 Alpha: Romeo, Victor and Quebec, sending you 5
2024-10-15 04:33:55.594829 Whiskey: Romeo, sending you 1
2024-10-15 04:33:55.598815 Victor: Alpha, sending you 6
2024-10-15 04:33:55.601388 X-ray: Victor, sending you 5
2024-10-15 04:33:55.603558 Quebec: Alpha, sending you 6
2024-10-15 04:33:55.606081 Foxtrot: Tango, sending you 6
2024-10-15 04:33:55.606881 Romeo: Alpha, sending you 5
2024-10-15 04:33:55.609663 Zulu: Foxtrot and Tango, sending you 5
2024-10-15 04:33:55.610519 Victor: X-ray, sending you 5
2024-10-15 04:33:55.613480 Quebec: Romeo, sending you 2
2024-10-15 04:33:55.615395 Romeo: X-ray and Victor, sending you 3
2024-10-15 04:33:55.641327 Victor: Quebec, sending you 1
2024-10-15 04:33:55.643165 Romeo: Quebec, sending you 2
chatterbot Quebec submitting transactions
chatterbot Romeo submitting transactions
chatterbot X-ray submitting transactions
chatterbot Whiskey submitting transactions
chatterbot Victor submitting transactions
chatterbot Zulu submitting transactions
chatterbot Alpha submitting transactions
chatterbot Foxtrot submitting transactions
chatterbot Tango submitting transactions
chatterbot Mike submitting transactions
ChatterBot Whiskey round 15
ChatterBot Alpha round 15
ChatterBot Mike round 15
ChatterBot X-ray round 15
ChatterBot Romeo round 15
ChatterBot Foxtrot round 15
ChatterBot Zulu round 15
ChatterBot Victor round 15
ChatterBot Quebec round 15
ChatterBot Tango round 15
2024-10-15 04:33:56.856702 Zulu: Mike, sending you 7
2024-10-15 04:33:56.858819 Foxtrot: Mike and Zulu, sending you 4
2024-10-15 04:33:56.861669 X-ray: Whiskey, Alpha, Romeo and Quebec, sending you 3
2024-10-15 04:33:56.863668 Zulu: Foxtrot and Tango, sending you 5
2024-10-15 04:33:56.864145 Mike: Foxtrot and Tango, sending you 4
2024-10-15 04:33:56.865035 Whiskey: Alpha, sending you 2
2024-10-15 04:33:56.866492 Quebec: Whiskey and X-ray, sending you 3
2024-10-15 04:33:56.867388 Foxtrot: Tango, sending you 6
2024-10-15 04:33:56.868418 Romeo: Whiskey, sending you 1
2024-10-15 04:33:56.869368 Alpha: Whiskey, sending you 2
2024-10-15 04:33:56.870852 X-ray: Victor, sending you 5
2024-10-15 04:33:56.872272 Victor: Whiskey and Romeo, sending you 4
2024-10-15 04:33:56.873756 Mike: Zulu, sending you 6
2024-10-15 04:33:56.874228 Whiskey: X-ray, Victor and Quebec, sending you 3
2024-10-15 04:33:56.875955 Quebec: Alpha, sending you 6
2024-10-15 04:33:56.877066 Romeo: Alpha, sending you 5
2024-10-15 04:33:56.878513 Tango: Same as last round
2024-10-15 04:33:56.879035 Alpha: X-ray, sending you 3
2024-10-15 04:33:56.880795 Victor: Alpha, sending you 6
2024-10-15 04:33:56.882682 Whiskey: Romeo, sending you 1
2024-10-15 04:33:56.883726 Quebec: Romeo, sending you 2
2024-10-15 04:33:56.885813 Romeo: X-ray and Victor, sending you 3
2024-10-15 04:33:56.887672 Alpha: Romeo, Victor and Quebec, sending you 5
2024-10-15 04:33:56.889545 Victor: X-ray, sending you 5
