ChatterBot Sierra round 1
ChatterBot Charlie round 1
ChatterBot Echo round 1
ChatterBot Kilo round 1
ChatterBot Whiskey round 1
ChatterBot Romeo round 1
ChatterBot Bravo round 1
ChatterBot Hotel round 1
ChatterBot Papa round 1
ChatterBot Mike round 1
randomSelections Echo: {Echo, Papa, Charlie, Hotel, Sierra, Romeo} 
2024-10-15 04:33:37.104479 Echo: We should group up
ChatterBot Papa reevaluating
ChatterBot Charlie reevaluating
ChatterBot Hotel reevaluating
ChatterBot Sierra reevaluating
ChatterBot Romeo reevaluating
2024-10-15 04:33:37.117804 Papa: Yes
2024-10-15 04:33:37.118012 Charlie: Yes
2024-10-15 04:33:37.118725 Hotel: Yes
2024-10-15 04:33:37.118952 Sierra: Yes
2024-10-15 04:33:37.119136 Romeo: Yes
ChatterBot Charlie reevaluating
ChatterBot Hotel reevaluating
ChatterBot Sierra reevaluating
ChatterBot Romeo reevaluating
ChatterBot Papa reevaluating
ChatterBot Hotel reevaluating
ChatterBot Sierra reevaluating
ChatterBot Romeo reevaluating
ChatterBot Papa reevaluating
ChatterBot Charlie reevaluating
ChatterBot Sierra reevaluating
ChatterBot Romeo reevaluating
ChatterBot Papa reevaluating
ChatterBot Charlie reevaluating
ChatterBot Hotel reevaluating
ChatterBot Romeo reevaluating
ChatterBot Papa reevaluating
ChatterBot Charlie reevaluating
ChatterBot Hotel reevaluating
ChatterBot Sierra reevaluating
randomSelections Kilo: {Kilo, Whiskey, Papa, Bravo, Hotel, Echo, Sierra, Romeo} 
2024-10-15 04:33:37.182556 Kilo: Friends?
ChatterBot Whiskey reevaluating
ChatterBot Papa reevaluating
ChatterBot Bravo reevaluating
ChatterBot Hotel reevaluating
ChatterBot Sierra reevaluating
ChatterBot Romeo reevaluating
2024-10-15 04:33:37.194345 Whiskey: Yes
2024-10-15 04:33:37.194623 Papa: No
2024-10-15 04:33:37.195316 Bravo: Yes
2024-10-15 04:33:37.196708 Hotel: No
2024-10-15 04:33:37.196928 Echo: No
2024-10-15 04:33:37.197536 Sierra: No
2024-10-15 04:33:37.198411 Romeo: No
ChatterBot Papa reevaluating
ChatterBot Bravo reevaluating
ChatterBot Hotel reevaluating
ChatterBot Sierra reevaluating
ChatterBot Romeo reevaluating
ChatterBot Whiskey reevaluating
ChatterBot Bravo reevaluating
ChatterBot Hotel reevaluating
ChatterBot Sierra reevaluating
ChatterBot Romeo reevaluating
ChatterBot Whiskey reevaluating
ChatterBot Papa reevaluating
ChatterBot Hotel reevaluating
ChatterBot Sierra reevaluating
ChatterBot Romeo reevaluating
ChatterBot Whiskey reevaluating
ChatterBot Papa reevaluating
ChatterBot Bravo reevaluating
ChatterBot Sierra reevaluating
ChatterBot Romeo reevaluating
ChatterBot Whiskey reevaluating
ChatterBot Papa reevaluating
ChatterBot Bravo reevaluating
ChatterBot Hotel reevaluating
ChatterBot Sierra reevaluating
ChatterBot Romeo reevaluating
ChatterBot Whiskey reevaluating
ChatterBot Papa reevaluating
ChatterBot Bravo reevaluating
ChatterBot Hotel reevaluating
ChatterBot Romeo reevaluating
ChatterBot Whiskey reevaluating
ChatterBot Papa reevaluating
ChatterBot Bravo reevaluating
ChatterBot Hotel reevaluating
ChatterBot Sierra reevaluating
randomSelections Mike: {Mike, Papa, Kilo, Whiskey, Sierra, Bravo, Romeo, Echo} 
2024-10-15 04:33:37.324771 Mike: Group up?
ChatterBot Papa reevaluating
ChatterBot Whiskey reevaluating
ChatterBot Sierra reevaluating
ChatterBot Bravo reevaluating
ChatterBot Romeo reevaluating
2024-10-15 04:33:37.335953 Papa: No
2024-10-15 04:33:37.336299 Kilo: No
2024-10-15 04:33:37.337062 Whiskey: No
2024-10-15 04:33:37.337355 Sierra: No
2024-10-15 04:33:37.337625 Bravo: No
2024-10-15 04:33:37.337869 Romeo: No
2024-10-15 04:33:37.338714 Echo: No
ChatterBot Whiskey reevaluating
ChatterBot Sierra reevaluating
ChatterBot Bravo reevaluating
ChatterBot Romeo reevaluating
ChatterBot Papa reevaluating
ChatterBot Whiskey reevaluating
ChatterBot Sierra reevaluating
ChatterBot Bravo reevaluating
ChatterBot Romeo reevaluating
ChatterBot Papa reevaluating
ChatterBot Sierra reevaluating
ChatterBot Bravo reevaluating
ChatterBot Romeo reevaluating
ChatterBot Papa reevaluating
ChatterBot Whiskey reevaluating
ChatterBot Bravo reevaluating
ChatterBot Romeo reevaluating
ChatterBot Papa reevaluating
ChatterBot Whiskey reevaluating
ChatterBot Sierra reevaluating
ChatterBot Romeo reevaluating
ChatterBot Papa reevaluating
ChatterBot Whiskey reevaluating
ChatterBot Sierra reevaluating
ChatterBot Bravo reevaluating
ChatterBot Papa reevaluating
ChatterBot Whiskey reevaluating
ChatterBot Sierra reevaluating
ChatterBot Bravo reevaluating
ChatterBot Romeo reevaluating
2024-10-15 04:33:37.474078 Kilo: Sierra, Whiskey and Hotel, sending you 1
2024-10-15 04:33:37.476092 Echo: Sierra, sending you 1
2024-10-15 04:33:37.476533 Charlie: Sierra and Hotel, sending you 4
2024-10-15 04:33:37.476895 Kilo: Echo, Bravo and Papa, sending you 2
2024-10-15 04:33:37.480896 Charlie: Echo, sending you 1
2024-10-15 04:33:37.481373 Echo: Charlie and Papa, sending you 2
2024-10-15 04:33:37.481861 Bravo: Sierra, sending you 2
2024-10-15 04:33:37.483157 Romeo: Sierra and Charlie, sending you 1
2024-10-15 04:33:37.484198 Mike: Sierra and Papa, sending you 3
2024-10-15 04:33:37.485675 Echo: Romeo, sending you 6
2024-10-15 04:33:37.486059 Charlie: Romeo, sending you 5
2024-10-15 04:33:37.486441 Papa: Sierra, Romeo and Hotel, sending you 4
2024-10-15 04:33:37.487892 Romeo: Echo, sending you 5
2024-10-15 04:33:37.488261 Hotel: Sierra and Echo, sending you 1
2024-10-15 04:33:37.488684 Whiskey: Sierra, sending you 3
2024-10-15 04:33:37.490010 Bravo: Echo and Hotel, sending you 1
2024-10-15 04:33:37.490497 Sierra: Charlie, sending you 3
2024-10-15 04:33:37.490964 Charlie: Papa, sending you 2
2024-10-15 04:33:37.492212 Mike: Echo, Kilo, Whiskey and Bravo, sending you 1
2024-10-15 04:33:37.492764 Echo: Hotel, sending you 3
2024-10-15 04:33:37.493232 Papa: Echo, sending you 3
2024-10-15 04:33:37.494559 Romeo: Hotel and Papa, sending you 4
2024-10-15 04:33:37.495012 Hotel: Charlie, sending you 3
2024-10-15 04:33:37.495524 Whiskey: Echo, Kilo, Romeo, Hotel and Papa, sending you 1
2024-10-15 04:33:37.496914 Bravo: Whiskey, sending you 3
2024-10-15 04:33:37.497387 Sierra: Echo, sending you 5
2024-10-15 04:33:37.497887 Mike: Romeo, sending you 2
2024-10-15 04:33:37.505967 Hotel: Romeo, sending you 5
2024-10-15 04:33:37.506426 Whiskey: Bravo, sending you 2
2024-10-15 04:33:37.506933 Bravo: Papa, sending you 4
2024-10-15 04:33:37.508441 Sierra: Romeo and Papa, sending you 2
2024-10-15 04:33:37.512160 Hotel: Papa, sending you 2
2024-10-15 04:33:37.512624 Sierra: Hotel, sending you 4
chatterbot Echo submitting transactions
chatterbot Mike submitting transactions
chatterbot Charlie submitting transactions
chatterbot Kilo submitting transactions
chatterbot Papa submitting transactions
chatterbot Bravo submitting transactions
chatterbot Hotel submitting transactions
chatterbot Romeo submitting transactions
chatterbot Sierra submitting transactions
chatterbot Whiskey submitting transactions
ChatterBot Sierra round 2
ChatterBot Charlie round 2
ChatterBot Echo round 2
ChatterBot Kilo round 2
ChatterBot Whiskey round 2
ChatterBot Romeo round 2
ChatterBot Bravo round 2
ChatterBot Hotel round 2
ChatterBot Papa round 2
2024-10-15 04:33:38.616388 Sierra: We should add Mike
ChatterBot Papa reevaluating
ChatterBot Charlie reevaluating
ChatterBot Hotel reevaluating
ChatterBot Romeo reevaluating
2024-10-15 04:33:38.652684 Echo: No
2024-10-15 04:33:38.652916 Papa: Yes
2024-10-15 04:33:38.653098 Charlie: No
2024-10-15 04:33:38.653289 Hotel: No
2024-10-15 04:33:38.653986 Romeo: Yes
ChatterBot Papa reevaluating
ChatterBot Charlie reevaluating
ChatterBot Hotel reevaluating
ChatterBot Romeo reevaluating
ChatterBot Charlie reevaluating
ChatterBot Hotel reevaluating
ChatterBot Romeo reevaluating
ChatterBot Papa reevaluating
ChatterBot Hotel reevaluating
ChatterBot Romeo reevaluating
ChatterBot Papa reevaluating
ChatterBot Charlie reevaluating
ChatterBot Romeo reevaluating
ChatterBot Papa reevaluating
ChatterBot Charlie reevaluating
ChatterBot Hotel reevaluating
ChatterBot Mike round 2
2024-10-15 04:33:38.850909 Kilo: Friends?
ChatterBot Whiskey reevaluating
ChatterBot Bravo reevaluating
ChatterBot Mike reevaluating
2024-10-15 04:33:38.872723 Whiskey: Yes
2024-10-15 04:33:38.873341 Bravo: Yes
2024-10-15 04:33:38.873495 Mike: Yes
ChatterBot Bravo reevaluating
ChatterBot Mike reevaluating
ChatterBot Whiskey reevaluating
ChatterBot Mike reevaluating
ChatterBot Whiskey reevaluating
ChatterBot Bravo reevaluating
2024-10-15 04:33:38.974316 Sierra: Mike we want you to join our group
ChatterBot Mike reevaluating
2024-10-15 04:33:38.981876 Mike: No
ChatterBot Charlie reevaluating
ChatterBot Romeo reevaluating
ChatterBot Hotel reevaluating
ChatterBot Papa reevaluating
2024-10-15 04:33:39.027996 Hotel: We should add Whiskey
2024-10-15 04:33:39.061333 Echo: No
2024-10-15 04:33:39.062090 Papa: No
2024-10-15 04:33:39.062261 Charlie: No
2024-10-15 04:33:39.062425 Sierra: No
2024-10-15 04:33:39.062598 Romeo: No
ChatterBot Hotel reevaluating
ChatterBot Hotel reevaluating
ChatterBot Hotel reevaluating
ChatterBot Hotel reevaluating
ChatterBot Hotel reevaluating
2024-10-15 04:33:39.231042 Hotel: We should add Bravo
2024-10-15 04:33:39.262746 Echo: No
2024-10-15 04:33:39.262979 Papa: No
2024-10-15 04:33:39.263128 Charlie: No
2024-10-15 04:33:39.263803 Sierra: No
2024-10-15 04:33:39.263952 Romeo: No
ChatterBot Hotel reevaluating
ChatterBot Hotel reevaluating
ChatterBot Hotel reevaluating
ChatterBot Hotel reevaluating
ChatterBot Hotel reevaluating
2024-10-15 04:33:39.441736 Papa: Mike we want you to join our group
2024-10-15 04:33:39.448263 Mike: No
ChatterBot Hotel reevaluating
2024-10-15 04:33:39.488758 Echo: Sierra, sending you 4
2024-10-15 04:33:40.069376 Echo: Charlie and Hotel, sending you 2
2024-10-15 04:33:40.070597 Sierra: Charlie and Papa, sending you 5
2024-10-15 04:33:40.072059 Charlie: Sierra and Hotel, sending you 6
2024-10-15 04:33:40.072525 Bravo: Kilo and Whiskey, sending you 4
2024-10-15 04:33:40.073484 Kilo: Whiskey and Mike, sending you 4
2024-10-15 04:33:40.073855 Whiskey: Kilo and Mike, sending you 2
2024-10-15 04:33:40.074256 Hotel: Kilo we want you to join our group
2024-10-15 04:33:40.079822 Kilo: No
2024-10-15 04:33:40.104235 Romeo: Sierra, sending you 1
chatterbot Romeo submitting transactions
chatterbot Papa submitting transactions
chatterbot Echo submitting transactions
chatterbot Sierra submitting transactions
chatterbot Kilo submitting transactions
chatterbot Charlie submitting transactions
2024-10-15 04:33:40.107243 Echo: Romeo and Papa, sending you 3
2024-10-15 04:33:40.108097 Sierra: Echo, Romeo and Hotel, sending you 1
2024-10-15 04:33:40.109213 Charlie: Echo, sending you 4
2024-10-15 04:33:40.109924 Bravo: Mike, sending you 3
2024-10-15 04:33:40.111149 Kilo: Bravo, sending you 1
2024-10-15 04:33:40.112500 Whiskey: Bravo, sending you 8
2024-10-15 04:33:40.113084 Romeo: Charlie and Hotel, sending you 4
2024-10-15 04:33:40.114485 Mike: Sending you each 4
2024-10-15 04:33:40.114963 Papa: Sierra, Charlie, Echo and Hotel, sending you 2
2024-10-15 04:33:40.116194 Charlie: Romeo, sending you 2
2024-10-15 04:33:40.116914 Sierra: Mike, sending you 3
2024-10-15 04:33:40.529206 Romeo: Echo, sending you 5
2024-10-15 04:33:40.530129 Papa: Romeo, sending you 4
chatterbot Mike submitting transactions
chatterbot Bravo submitting transactions
chatterbot Whiskey submitting transactions
chatterbot Hotel submitting transactions
2024-10-15 04:33:40.544706 Romeo: Papa, sending you 3
2024-10-15 04:33:40.545737 Papa: Mike, sending you 3
2024-10-15 04:33:40.546099 Hotel: Sierra, sending you 3
ChatterBot Sierra round 3
ChatterBot Charlie round 3
ChatterBot Echo round 3
ChatterBot Kilo round 3
ChatterBot Whiskey round 3
2024-10-15 04:33:40.713888 Hotel: Charlie, Echo, Romeo and Papa, sending you 2
ChatterBot Romeo round 3
ChatterBot Bravo round 3
ChatterBot Hotel round 3
ChatterBot Papa round 3
ChatterBot Mike round 3
2024-10-15 04:33:40.744699 Hotel: Kilo, sending you 1
2024-10-15 04:33:40.757834 Sierra: We should drop Mike
2024-10-15 04:33:40.774523 Echo: Yes
2024-10-15 04:33:40.775092 Papa: Yes
2024-10-15 04:33:40.775205 Charlie: Yes
2024-10-15 04:33:40.775309 Hotel: Yes
2024-10-15 04:33:40.775417 Romeo: Yes
2024-10-15 04:33:40.901526 Echo: Sierra, Charlie, Romeo and Papa, sending you 3
2024-10-15 04:33:40.902011 Charlie: Sierra, sending you 6
2024-10-15 04:33:40.902892 Kilo: Sending you each 3
2024-10-15 04:33:40.903248 Hotel: Sorry, I'm actually sending you 0
2024-10-15 04:33:40.921261 Echo: Hotel, sending you 2
2024-10-15 04:33:40.921838 Mike: Kilo, sending you 5
2024-10-15 04:33:40.922625 Charlie: Echo, sending you 3
2024-10-15 04:33:40.923063 Sierra: Charlie, sending you 6
2024-10-15 04:33:40.923431 Bravo: Kilo, sending you 3
2024-10-15 04:33:40.924359 Whiskey: Kilo, sending you 4
2024-10-15 04:33:40.924598 Romeo: Sierra, sending you 2
2024-10-15 04:33:40.925046 Hotel: Sierra, Echo and Papa, sending you 2
2024-10-15 04:33:40.925885 Mike: Whiskey, sending you 3
2024-10-15 04:33:40.926147 Charlie: Romeo and Hotel, sending you 4
2024-10-15 04:33:40.926568 Sierra: Echo, Hotel and Papa, sending you 3
2024-10-15 04:33:40.939263 Bravo: Whiskey and Mike, sending you 4
2024-10-15 04:33:40.940108 Romeo: Charlie, sending you 3
2024-10-15 04:33:40.940665 Whiskey: Bravo, sending you 5
2024-10-15 04:33:40.940956 Mike: Bravo, sending you 4
2024-10-15 04:33:40.941817 Charlie: Papa, sending you 1
2024-10-15 04:33:40.942255 Hotel: Charlie and Romeo, sending you 3
2024-10-15 04:33:40.942527 Sierra: Romeo, sending you 1
2024-10-15 04:33:40.943431 Papa: Sierra and Romeo, sending you 4
2024-10-15 04:33:40.960410 Whiskey: Mike, sending you 3
2024-10-15 04:33:40.960922 Romeo: Echo, Hotel and Papa, sending you 4
2024-10-15 04:33:40.962435 Papa: Charlie, sending you 2
2024-10-15 04:33:40.970523 Papa: Echo and Hotel, sending you 3
chatterbot Kilo submitting transactions
chatterbot Whiskey submitting transactions
chatterbot Hotel submitting transactions
chatterbot Romeo submitting transactions
chatterbot Charlie submitting transactions
chatterbot Sierra submitting transactions
chatterbot Mike submitting transactions
chatterbot Echo submitting transactions
chatterbot Bravo submitting transactions
chatterbot Papa submitting transactions
ChatterBot Sierra round 4
ChatterBot Charlie round 4
ChatterBot Echo round 4
ChatterBot Kilo round 4
ChatterBot Whiskey round 4
ChatterBot Romeo round 4
ChatterBot Bravo round 4
ChatterBot Hotel round 4
ChatterBot Papa round 4
ChatterBot Mike round 4
2024-10-15 04:33:42.168752 Bravo: We should add Papa
ChatterBot Whiskey reevaluating
2024-10-15 04:33:42.184538 Kilo: No
2024-10-15 04:33:42.184757 Whiskey: Yes
2024-10-15 04:33:42.184925 Mike: No
ChatterBot Whiskey reevaluating
ChatterBot Bravo reevaluating
ChatterBot Bravo reevaluating
ChatterBot Whiskey reevaluating
ChatterBot Bravo reevaluating
2024-10-15 04:33:42.295486 Sierra: Charlie, sending you 5
2024-10-15 04:33:42.489212 Echo: Sierra, Charlie, Romeo and Papa, sending you 3
2024-10-15 04:33:42.491082 Charlie: Sierra, sending you 6
2024-10-15 04:33:42.493152 Sierra: Echo, sending you 3
2024-10-15 04:33:42.495138 Kilo: Same as last round
2024-10-15 04:33:42.496736 Whiskey: Kilo, sending you 4
2024-10-15 04:33:42.497427 Hotel: Sierra, Echo and Papa, sending you 2
2024-10-15 04:33:42.499075 Papa: Sierra, Echo and Romeo, sending you 4
2024-10-15 04:33:42.501238 Echo: Hotel, sending you 2
2024-10-15 04:33:42.503430 Charlie: Echo, sending you 3
2024-10-15 04:33:42.505344 Sierra: Romeo and Hotel, sending you 2
2024-10-15 04:33:42.505993 Whiskey: Bravo, sending you 5
2024-10-15 04:33:42.506381 Hotel: Charlie and Romeo, sending you 3
2024-10-15 04:33:42.507441 Mike: Kilo, sending you 4
2024-10-15 04:33:42.507775 Papa: Charlie, sending you 2
2024-10-15 04:33:42.508799 Romeo: Sierra, sending you 1
2024-10-15 04:33:42.509384 Bravo: Kilo, sending you 3
2024-10-15 04:33:42.509871 Charlie: Romeo and Hotel, sending you 4
2024-10-15 04:33:42.510992 Sierra: Papa, sending you 4
2024-10-15 04:33:42.511524 Whiskey: Mike, sending you 3
2024-10-15 04:33:42.512459 Mike: Whiskey, sending you 3
2024-10-15 04:33:42.512845 Romeo: Charlie, sending you 3
2024-10-15 04:33:42.513471 Papa: Hotel, sending you 3
2024-10-15 04:33:42.514701 Bravo: Whiskey and Mike, sending you 4
2024-10-15 04:33:42.515084 Charlie: Papa, sending you 2
2024-10-15 04:33:42.535057 Mike: Bravo, sending you 5
2024-10-15 04:33:42.536038 Romeo: Echo and Hotel, sending you 4
2024-10-15 04:33:42.581176 Romeo: Papa, sending you 5
chatterbot Papa submitting transactions
chatterbot Sierra submitting transactions
chatterbot Romeo submitting transactions
chatterbot Hotel submitting transactions
chatterbot Charlie submitting transactions
chatterbot Kilo submitting transactions
chatterbot Echo submitting transactions
chatterbot Mike submitting transactions
chatterbot Bravo submitting transactions
chatterbot Whiskey submitting transactions
ChatterBot Sierra round 5
ChatterBot Charlie round 5
ChatterBot Echo round 5
ChatterBot Kilo round 5
ChatterBot Whiskey round 5
ChatterBot Romeo round 5
ChatterBot Bravo round 5
ChatterBot Hotel round 5
ChatterBot Papa round 5
ChatterBot Mike round 5
2024-10-15 04:33:44.050687 Hotel: We should drop Kilo
2024-10-15 04:33:44.075447 Echo: Yes
2024-10-15 04:33:44.075897 Papa: Yes
2024-10-15 04:33:44.077573 Charlie: Yes
2024-10-15 04:33:44.077937 Sierra: Yes
2024-10-15 04:33:44.078231 Romeo: Yes
2024-10-15 04:33:44.232977 Whiskey: Kilo, sending you 4
2024-10-15 04:33:44.233885 Echo: Sierra, Charlie, Romeo and Papa, sending you 3
2024-10-15 04:33:44.235473 Romeo: Sierra, sending you 2
2024-10-15 04:33:44.236899 Charlie: Sierra, sending you 6
2024-10-15 04:33:44.238916 Bravo: Kilo, sending you 3
2024-10-15 04:33:44.240711 Kilo: Same as last round
2024-10-15 04:33:44.241635 Sierra: Charlie, sending you 6
2024-10-15 04:33:44.243637 Whiskey: Bravo, sending you 5
2024-10-15 04:33:44.244390 Echo: Hotel, sending you 2
2024-10-15 04:33:44.246059 Romeo: Charlie, Echo, Hotel and Papa, sending you 4
2024-10-15 04:33:44.247893 Charlie: Echo, sending you 3
2024-10-15 04:33:44.249141 Bravo: Whiskey and Mike, sending you 4
2024-10-15 04:33:44.250500 Sierra: Echo, sending you 3
2024-10-15 04:33:44.251551 Hotel: Sierra, Echo and Papa, sending you 2
2024-10-15 04:33:44.252924 Papa: Sierra and Romeo, sending you 4
2024-10-15 04:33:44.254611 Mike: Kilo, sending you 4
2024-10-15 04:33:44.255180 Whiskey: Mike, sending you 3
2024-10-15 04:33:44.255954 Charlie: Romeo and Hotel, sending you 4
2024-10-15 04:33:44.258065 Sierra: Romeo, sending you 1
2024-10-15 04:33:44.259670 Papa: Charlie, sending you 2
2024-10-15 04:33:44.261161 Hotel: Charlie and Romeo, sending you 3
2024-10-15 04:33:44.263524 Mike: Whiskey, sending you 3
2024-10-15 04:33:44.264954 Charlie: Papa, sending you 2
2024-10-15 04:33:44.266030 Sierra: Hotel, sending you 2
2024-10-15 04:33:44.268282 Papa: Echo and Hotel, sending you 3
2024-10-15 04:33:44.273235 Mike: Bravo, sending you 5
2024-10-15 04:33:44.276868 Sierra: Papa, sending you 4
chatterbot Bravo submitting transactions
chatterbot Charlie submitting transactions
chatterbot Romeo submitting transactions
chatterbot Hotel submitting transactions
chatterbot Echo submitting transactions
chatterbot Kilo submitting transactions
chatterbot Sierra submitting transactions
chatterbot Mike submitting transactions
chatterbot Whiskey submitting transactions
chatterbot Papa submitting transactions
ChatterBot Sierra round 6
ChatterBot Charlie round 6
ChatterBot Echo round 6
ChatterBot Kilo round 6
ChatterBot Whiskey round 6
ChatterBot Romeo round 6
ChatterBot Bravo round 6
ChatterBot Hotel round 6
ChatterBot Papa round 6
ChatterBot Mike round 6
2024-10-15 04:33:45.175798 Whiskey: We should add Sierra
2024-10-15 04:33:45.190499 Kilo: No
2024-10-15 04:33:45.190691 Bravo: No
2024-10-15 04:33:45.190833 Mike: No
ChatterBot Whiskey reevaluating
ChatterBot Bravo reevaluating
ChatterBot Whiskey reevaluating
ChatterBot Whiskey reevaluating
ChatterBot Bravo reevaluating
2024-10-15 04:33:45.452113 Kilo: Same as last round
2024-10-15 04:33:45.453718 Charlie: Sierra, sending you 6
2024-10-15 04:33:45.455970 Echo: Sierra, Charlie, Romeo and Papa, sending you 3
2024-10-15 04:33:45.457847 Hotel: Sierra, Echo and Papa, sending you 2
2024-10-15 04:33:45.459503 Bravo: Kilo, sending you 3
2024-10-15 04:33:45.460138 Sierra: Charlie, sending you 5
2024-10-15 04:33:45.461796 Romeo: Sierra, sending you 1
2024-10-15 04:33:45.463477 Charlie: Echo, sending you 3
2024-10-15 04:33:45.465017 Echo: Hotel, sending you 2
2024-10-15 04:33:45.467485 Hotel: Charlie and Romeo, sending you 3
2024-10-15 04:33:45.469544 Bravo: Whiskey and Mike, sending you 4
2024-10-15 04:33:45.470468 Sierra: Echo, sending you 3
2024-10-15 04:33:45.472761 Whiskey: Kilo, sending you 4
2024-10-15 04:33:45.473448 Papa: Sierra and Romeo, sending you 4
2024-10-15 04:33:45.475667 Mike: Kilo, sending you 4
2024-10-15 04:33:45.476851 Romeo: Charlie, Echo and Hotel, sending you 4
2024-10-15 04:33:45.478484 Charlie: Romeo and Hotel, sending you 4
2024-10-15 04:33:45.480113 Sierra: Romeo and Hotel, sending you 2
2024-10-15 04:33:45.481760 Whiskey: Bravo, sending you 5
2024-10-15 04:33:45.483083 Papa: Charlie, sending you 2
2024-10-15 04:33:45.484830 Mike: Whiskey, sending you 3
2024-10-15 04:33:45.485905 Romeo: Papa, sending you 5
2024-10-15 04:33:45.487073 Charlie: Papa, sending you 2
2024-10-15 04:33:45.489183 Sierra: Papa, sending you 4
2024-10-15 04:33:45.490201 Whiskey: Mike, sending you 3
2024-10-15 04:33:45.491484 Papa: Echo and Hotel, sending you 3
2024-10-15 04:33:45.493317 Mike: Bravo, sending you 5
chatterbot Whiskey submitting transactions
chatterbot Kilo submitting transactions
chatterbot Mike submitting transactions
chatterbot Sierra submitting transactions
chatterbot Echo submitting transactions
chatterbot Papa submitting transactions
chatterbot Charlie submitting transactions
chatterbot Hotel submitting transactions
chatterbot Romeo submitting transactions
chatterbot Bravo submitting transactions
ChatterBot Sierra round 7
ChatterBot Charlie round 7
ChatterBot Echo round 7
ChatterBot Kilo round 7
ChatterBot Whiskey round 7
ChatterBot Romeo round 7
ChatterBot Bravo round 7
ChatterBot Hotel round 7
ChatterBot Papa round 7
ChatterBot Mike round 7
2024-10-15 04:33:46.624093 Kilo: Same as last round
2024-10-15 04:33:46.624663 Papa: Sierra and Romeo, sending you 4
2024-10-15 04:33:46.626655 Bravo: Kilo, sending you 3
2024-10-15 04:33:46.627107 Echo: Sierra, Charlie, Romeo and Papa, sending you 3
2024-10-15 04:33:46.627960 Whiskey: Kilo, sending you 4
2024-10-15 04:33:46.629275 Charlie: Sierra, sending you 6
2024-10-15 04:33:46.629992 Sierra: Charlie, sending you 6
2024-10-15 04:33:46.631541 Hotel: Sierra, Echo and Papa, sending you 2
2024-10-15 04:33:46.635272 Papa: Charlie, sending you 2
2024-10-15 04:33:46.636135 Bravo: Whiskey and Mike, sending you 4
2024-10-15 04:33:46.636556 Echo: Hotel, sending you 2
2024-10-15 04:33:46.638429 Charlie: Echo, sending you 3
2024-10-15 04:33:46.640461 Whiskey: Bravo, sending you 5
2024-10-15 04:33:46.640895 Sierra: Echo, sending you 3
2024-10-15 04:33:46.641739 Hotel: Charlie and Romeo, sending you 3
2024-10-15 04:33:46.646650 Romeo: Sierra, sending you 2
2024-10-15 04:33:46.648171 Papa: Echo and Hotel, sending you 3
2024-10-15 04:33:46.648992 Charlie: Romeo and Hotel, sending you 4
2024-10-15 04:33:46.650845 Whiskey: Mike, sending you 3
2024-10-15 04:33:46.651237 Sierra: Romeo, sending you 1
2024-10-15 04:33:46.653149 Mike: Kilo, sending you 4
2024-10-15 04:33:46.653622 Romeo: Charlie, Echo, Hotel and Papa, sending you 4
2024-10-15 04:33:46.658670 Charlie: Papa, sending you 2
2024-10-15 04:33:46.659604 Sierra: Hotel, sending you 2
2024-10-15 04:33:46.661446 Mike: Whiskey, sending you 3
2024-10-15 04:33:46.663686 Sierra: Papa, sending you 4
2024-10-15 04:33:46.664903 Mike: Bravo, sending you 5
chatterbot Echo submitting transactions
chatterbot Mike submitting transactions
chatterbot Romeo submitting transactions
chatterbot Kilo submitting transactions
chatterbot Papa submitting transactions
chatterbot Sierra submitting transactions
chatterbot Whiskey submitting transactions
chatterbot Hotel submitting transactions
chatterbot Charlie submitting transactions
chatterbot Bravo submitting transactions
ChatterBot Sierra round 8
ChatterBot Charlie round 8
ChatterBot Echo round 8
ChatterBot Kilo round 8
ChatterBot Whiskey round 8
ChatterBot Romeo round 8
ChatterBot Bravo round 8
ChatterBot Hotel round 8
2024-10-15 04:33:47.775263 Whiskey: We should add Romeo
2024-10-15 04:33:47.786547 Kilo: No
2024-10-15 04:33:47.786782 Bravo: No
2024-10-15 04:33:47.787016 Mike: No
ChatterBot Whiskey reevaluating
ChatterBot Mike reevaluating
ChatterBot Whiskey reevaluating
ChatterBot Mike reevaluating
ChatterBot Whiskey reevaluating
ChatterBot Papa round 8
ChatterBot Mike round 8
2024-10-15 04:33:47.867681 Kilo: Same as last round
2024-10-15 04:33:47.868789 Echo: Sierra, Charlie, Romeo and Papa, sending you 3
2024-10-15 04:33:47.874267 Echo: Hotel, sending you 2
2024-10-15 04:33:47.875108 Sierra: Charlie, sending you 5
2024-10-15 04:33:47.876198 Romeo: Sierra, sending you 2
2024-10-15 04:33:47.876887 Hotel: Sierra, Echo and Papa, sending you 2
2024-10-15 04:33:47.879103 Sierra: Echo, sending you 3
2024-10-15 04:33:47.880072 Romeo: Charlie, Echo, Hotel and Papa, sending you 4
2024-10-15 04:33:47.881458 Charlie: Sierra, sending you 6
2024-10-15 04:33:47.882748 Bravo: Kilo, sending you 3
2024-10-15 04:33:47.883235 Hotel: Charlie and Romeo, sending you 3
2024-10-15 04:33:47.884515 Whiskey: Kilo, sending you 4
2024-10-15 04:33:47.885040 Sierra: Romeo and Hotel, sending you 2
2024-10-15 04:33:47.886350 Papa: Sierra and Romeo, sending you 4
2024-10-15 04:33:47.887629 Bravo: Whiskey and Mike, sending you 4
2024-10-15 04:33:47.888133 Charlie: Echo, sending you 3
2024-10-15 04:33:47.889381 Whiskey: Bravo, sending you 5
2024-10-15 04:33:47.889795 Mike: Kilo, sending you 4
2024-10-15 04:33:47.890201 Sierra: Papa, sending you 4
2024-10-15 04:33:47.891675 Papa: Charlie, sending you 2
2024-10-15 04:33:47.893185 Charlie: Romeo and Hotel, sending you 4
2024-10-15 04:33:47.893974 Whiskey: Mike, sending you 3
2024-10-15 04:33:47.894378 Mike: Whiskey, sending you 3
2024-10-15 04:33:47.897665 Papa: Echo and Hotel, sending you 3
2024-10-15 04:33:47.898319 Charlie: Papa, sending you 2
2024-10-15 04:33:47.899658 Mike: Bravo, sending you 5
chatterbot Hotel submitting transactions
chatterbot Mike submitting transactions
chatterbot Sierra submitting transactions
chatterbot Whiskey submitting transactions
chatterbot Papa submitting transactions
chatterbot Romeo submitting transactions
chatterbot Kilo submitting transactions
chatterbot Charlie submitting transactions
chatterbot Bravo submitting transactions
chatterbot Echo submitting transactions
ChatterBot Sierra round 9
ChatterBot Charlie round 9
ChatterBot Echo round 9
ChatterBot Kilo round 9
ChatterBot Whiskey round 9
ChatterBot Romeo round 9
ChatterBot Bravo round 9
ChatterBot Hotel round 9
ChatterBot Papa round 9
ChatterBot Mike round 9
2024-10-15 04:33:49.060684 Kilo: Same as last round
2024-10-15 04:33:49.061692 Echo: Sierra, Charlie, Romeo and Papa, sending you 3
2024-10-15 04:33:49.062677 Charlie: Sierra, sending you 6
2024-10-15 04:33:49.064673 Echo: Hotel, sending you 2
2024-10-15 04:33:49.066988 Whiskey: Kilo, sending you 4
2024-10-15 04:33:49.067472 Charlie: Echo, sending you 3
2024-10-15 04:33:49.068661 Bravo: Kilo, sending you 3
2024-10-15 04:33:49.070010 Mike: Kilo, sending you 4
2024-10-15 04:33:49.070689 Whiskey: Bravo, sending you 5
2024-10-15 04:33:49.071659 Bravo: Whiskey and Mike, sending you 4
2024-10-15 04:33:49.072657 Charlie: Romeo and Hotel, sending you 4
2024-10-15 04:33:49.073856 Mike: Whiskey, sending you 3
2024-10-15 04:33:49.074243 Papa: Sierra and Romeo, sending you 4
2024-10-15 04:33:49.074986 Whiskey: Mike, sending you 3
2024-10-15 04:33:49.075365 Hotel: Sierra, Echo and Papa, sending you 2
2024-10-15 04:33:49.076471 Sierra: Charlie, sending you 5
2024-10-15 04:33:49.077387 Charlie: Papa, sending you 2
2024-10-15 04:33:49.078136 Romeo: Sierra, sending you 2
2024-10-15 04:33:49.079316 Mike: Bravo, sending you 5
2024-10-15 04:33:49.079727 Papa: Charlie, sending you 2
2024-10-15 04:33:49.080480 Hotel: Charlie and Romeo, sending you 3
2024-10-15 04:33:49.081166 Sierra: Echo, sending you 3
2024-10-15 04:33:49.082686 Romeo: Charlie, Echo, Hotel and Papa, sending you 4
2024-10-15 04:33:49.084668 Papa: Echo and Hotel, sending you 3
2024-10-15 04:33:49.086653 Sierra: Romeo and Hotel, sending you 2
2024-10-15 04:33:49.091666 Sierra: Papa, sending you 4
chatterbot Papa submitting transactions
chatterbot Romeo submitting transactions
chatterbot Bravo submitting transactions
chatterbot Sierra submitting transactions
chatterbot Charlie submitting transactions
chatterbot Echo submitting transactions
chatterbot Mike submitting transactions
chatterbot Hotel submitting transactions
chatterbot Kilo submitting transactions
chatterbot Whiskey submitting transactions
ChatterBot Sierra round 10
ChatterBot Charlie round 10
ChatterBot Echo round 10
ChatterBot Kilo round 10
ChatterBot Whiskey round 10
ChatterBot Romeo round 10
ChatterBot Bravo round 10
ChatterBot Hotel round 10
ChatterBot Papa round 10
ChatterBot Mike round 10
2024-10-15 04:33:50.087811 Charlie: Sierra, sending you 6
2024-10-15 04:33:50.090030 Sierra: Charlie, sending you 5
2024-10-15 04:33:50.091822 Kilo: Same as last round
2024-10-15 04:33:50.092525 Whiskey: Kilo, sending you 4
2024-10-15 04:33:50.093696 Bravo: Kilo, sending you 3
2024-10-15 04:33:50.094727 Echo: Sierra, Charlie, Romeo and Papa, sending you 3
2024-10-15 04:33:50.096689 Papa: Sierra and Romeo, sending you 4
2024-10-15 04:33:50.098524 Romeo: Sierra, sending you 2
2024-10-15 04:33:50.100313 Charlie: Echo, sending you 3
2024-10-15 04:33:50.101944 Sierra: Echo, sending you 3
2024-10-15 04:33:50.103460 Bravo: Whiskey and Mike, sending you 4
2024-10-15 04:33:50.104168 Whiskey: Bravo, sending you 5
2024-10-15 04:33:50.105405 Echo: Hotel, sending you 2
2024-10-15 04:33:50.106984 Papa: Charlie, sending you 2
2024-10-15 04:33:50.108513 Romeo: Charlie, Echo and Hotel, sending you 4
2024-10-15 04:33:50.109938 Hotel: Sierra, Echo and Papa, sending you 2
2024-10-15 04:33:50.111609 Mike: Kilo, sending you 4
2024-10-15 04:33:50.112739 Sierra: Romeo and Hotel, sending you 2
2024-10-15 04:33:50.115192 Charlie: Romeo and Hotel, sending you 4
2024-10-15 04:33:50.117749 Whiskey: Mike, sending you 3
2024-10-15 04:33:50.119470 Papa: Echo and Hotel, sending you 3
2024-10-15 04:33:50.122626 Romeo: Papa, sending you 5
2024-10-15 04:33:50.124803 Hotel: Charlie and Romeo, sending you 3
2024-10-15 04:33:50.127193 Mike: Whiskey, sending you 3
2024-10-15 04:33:50.128933 Sierra: Papa, sending you 4
2024-10-15 04:33:50.131155 Charlie: Papa, sending you 2
2024-10-15 04:33:50.136504 Mike: Bravo, sending you 5
chatterbot Kilo submitting transactions
chatterbot Mike submitting transactions
chatterbot Bravo submitting transactions
chatterbot Romeo submitting transactions
chatterbot Papa submitting transactions
chatterbot Sierra submitting transactions
chatterbot Hotel submitting transactions
chatterbot Whiskey submitting transactions
chatterbot Charlie submitting transactions
chatterbot Echo submitting transactions
ChatterBot Sierra round 11
ChatterBot Charlie round 11
ChatterBot Echo round 11
ChatterBot Kilo round 11
ChatterBot Whiskey round 11
ChatterBot Romeo round 11
ChatterBot Bravo round 11
ChatterBot Hotel round 11
ChatterBot Papa round 11
ChatterBot Mike round 11
2024-10-15 04:33:51.484201 Bravo: We should add Echo
2024-10-15 04:33:51.494472 Kilo: No
2024-10-15 04:33:51.494785 Whiskey: No
2024-10-15 04:33:51.495153 Mike: No
ChatterBot Bravo reevaluating
ChatterBot Bravo reevaluating
ChatterBot Bravo reevaluating
2024-10-15 04:33:51.573800 Papa: Sierra and Romeo, sending you 4
2024-10-15 04:33:51.576589 Kilo: Same as last round
2024-10-15 04:33:51.577737 Charlie: Sierra, sending you 6
2024-10-15 04:33:51.579657 Hotel: Sierra, Echo and Papa, sending you 2
2024-10-15 04:33:51.583365 Whiskey: Kilo, sending you 4
2024-10-15 04:33:51.585446 Romeo: Sierra, sending you 2
2024-10-15 04:33:51.587696 Sierra: Charlie, sending you 5
2024-10-15 04:33:51.590217 Echo: Sierra, Charlie, Romeo and Papa, sending you 3
2024-10-15 04:33:51.593723 Papa: Charlie, sending you 2
2024-10-15 04:33:51.596051 Charlie: Echo, sending you 3
2024-10-15 04:33:51.598707 Hotel: Charlie and Romeo, sending you 3
2024-10-15 04:33:51.601083 Whiskey: Bravo, sending you 5
2024-10-15 04:33:51.602470 Romeo: Charlie, Echo and Hotel, sending you 4
2024-10-15 04:33:51.604924 Sierra: Echo, sending you 3
2024-10-15 04:33:51.605907 Echo: Hotel, sending you 2
2024-10-15 04:33:51.607790 Mike: Kilo, sending you 4
2024-10-15 04:33:51.609424 Bravo: Kilo, sending you 3
2024-10-15 04:33:51.610096 Papa: Echo and Hotel, sending you 3
2024-10-15 04:33:51.613517 Charlie: Romeo and Hotel, sending you 4
2024-10-15 04:33:51.616647 Whiskey: Mike, sending you 3
2024-10-15 04:33:51.618490 Romeo: Papa, sending you 5
2024-10-15 04:33:51.621268 Sierra: Romeo and Hotel, sending you 2
2024-10-15 04:33:51.623519 Mike: Whiskey, sending you 3
2024-10-15 04:33:51.625366 Bravo: Whiskey and Mike, sending you 4
2024-10-15 04:33:51.627422 Charlie: Papa, sending you 2
2024-10-15 04:33:51.631085 Sierra: Papa, sending you 4
2024-10-15 04:33:51.633257 Mike: Bravo, sending you 5
chatterbot Charlie submitting transactions
chatterbot Sierra submitting transactions
chatterbot Romeo submitting transactions
chatterbot Hotel submitting transactions
chatterbot Mike submitting transactions
chatterbot Echo submitting transactions
chatterbot Kilo submitting transactions
chatterbot Papa submitting transactions
chatterbot Whiskey submitting transactions
chatterbot Bravo submitting transactions
ChatterBot Sierra round 12
ChatterBot Charlie round 12
ChatterBot Echo round 12
ChatterBot Kilo round 12
ChatterBot Whiskey round 12
ChatterBot Romeo round 12
ChatterBot Bravo round 12
ChatterBot Hotel round 12
ChatterBot Papa round 12
ChatterBot Mike round 12
2024-10-15 04:33:52.678772 Echo: Sierra, Charlie, Romeo and Papa, sending you 3
2024-10-15 04:33:52.683709 Echo: Hotel, sending you 2
2024-10-15 04:33:52.685219 Whiskey: Kilo, sending you 4
2024-10-15 04:33:52.686672 Sierra: Charlie, sending you 5
2024-10-15 04:33:52.687952 Charlie: Sierra, sending you 6
2024-10-15 04:33:52.688878 Whiskey: Bravo, sending you 5
2024-10-15 04:33:52.689332 Mike: Kilo, sending you 4
2024-10-15 04:33:52.691724 Sierra: Echo, sending you 3
2024-10-15 04:33:52.693396 Charlie: Echo, Romeo and Hotel, sending you 4
2024-10-15 04:33:52.694342 Kilo: Same as last round
2024-10-15 04:33:52.695238 Romeo: Sierra, sending you 2
2024-10-15 04:33:52.696223 Whiskey: Mike, sending you 3
2024-10-15 04:33:52.696668 Mike: Whiskey, sending you 3
2024-10-15 04:33:52.697080 Hotel: Sierra, Echo and Papa, sending you 2
2024-10-15 04:33:52.698311 Sierra: Romeo and Hotel, sending you 2
2024-10-15 04:33:52.699159 Charlie: Papa, sending you 2
2024-10-15 04:33:52.700687 Romeo: Charlie, Echo and Hotel, sending you 4
2024-10-15 04:33:52.701500 Papa: Sierra and Romeo, sending you 4
2024-10-15 04:33:52.702354 Hotel: Charlie and Romeo, sending you 3
2024-10-15 04:33:52.703568 Mike: Bravo, sending you 5
2024-10-15 04:33:52.703990 Sierra: Papa, sending you 4
2024-10-15 04:33:52.704838 Bravo: Kilo, sending you 3
2024-10-15 04:33:52.705660 Romeo: Papa, sending you 5
2024-10-15 04:33:52.707087 Papa: Charlie, sending you 2
2024-10-15 04:33:52.708091 Bravo: Whiskey and Mike, sending you 4
2024-10-15 04:33:52.712886 Papa: Echo and Hotel, sending you 3
chatterbot Kilo submitting transactions
chatterbot Bravo submitting transactions
chatterbot Romeo submitting transactions
chatterbot Sierra submitting transactions
chatterbot Mike submitting transactions
chatterbot Charlie submitting transactions
chatterbot Echo submitting transactions
chatterbot Papa submitting transactions
chatterbot Hotel submitting transactions
chatterbot Whiskey submitting transactions
ChatterBot Sierra round 13
ChatterBot Charlie round 13
ChatterBot Echo round 13
ChatterBot Kilo round 13
ChatterBot Whiskey round 13
ChatterBot Romeo round 13
ChatterBot Bravo round 13
ChatterBot Hotel round 13
ChatterBot Papa round 13
ChatterBot Mike round 13
2024-10-15 04:33:54.051982 Whiskey: We should add Charlie
2024-10-15 04:33:54.062738 Kilo: No
2024-10-15 04:33:54.063002 Bravo: No
2024-10-15 04:33:54.063793 Mike: No
ChatterBot Whiskey reevaluating
ChatterBot Whiskey reevaluating
ChatterBot Whiskey reevaluating
ChatterBot Bravo reevaluating
2024-10-15 04:33:54.109436 Bravo: We should add Hotel
ChatterBot Whiskey reevaluating
2024-10-15 04:33:54.120080 Kilo: No
2024-10-15 04:33:54.120297 Whiskey: No
2024-10-15 04:33:54.120516 Mike: No
ChatterBot Whiskey reevaluating
ChatterBot Bravo reevaluating
ChatterBot Bravo reevaluating
ChatterBot Whiskey reevaluating
ChatterBot Bravo reevaluating
2024-10-15 04:33:54.192712 Romeo: Sierra, sending you 2
2024-10-15 04:33:54.195667 Charlie: Sierra, sending you 6
2024-10-15 04:33:54.198100 Echo: Sierra, Charlie, Romeo and Papa, sending you 3
2024-10-15 04:33:54.200461 Hotel: Sierra, Echo and Papa, sending you 2
2024-10-15 04:33:54.202483 Romeo: Charlie, Echo and Hotel, sending you 4
2024-10-15 04:33:54.204787 Charlie: Echo, Romeo and Hotel, sending you 4
2024-10-15 04:33:54.208341 Sierra: Charlie, sending you 5
2024-10-15 04:33:54.211085 Echo: Hotel, sending you 2
2024-10-15 04:33:54.214085 Hotel: Charlie and Romeo, sending you 3
2024-10-15 04:33:54.216268 Papa: Sierra and Romeo, sending you 4
2024-10-15 04:33:54.218656 Kilo: Same as last round
2024-10-15 04:33:54.219913 Romeo: Papa, sending you 5
2024-10-15 04:33:54.222080 Charlie: Papa, sending you 2
2024-10-15 04:33:54.224414 Bravo: Kilo, sending you 3
2024-10-15 04:33:54.225156 Sierra: Echo, sending you 3
2024-10-15 04:33:54.227585 Mike: Kilo, sending you 4
2024-10-15 04:33:54.228441 Whiskey: Kilo, sending you 4
2024-10-15 04:33:54.229517 Papa: Charlie, sending you 2
2024-10-15 04:33:54.231560 Bravo: Whiskey and Mike, sending you 4
2024-10-15 04:33:54.232491 Sierra: Romeo and Hotel, sending you 2
2024-10-15 04:33:54.234471 Mike: Whiskey, sending you 3
2024-10-15 04:33:54.235196 Whiskey: Bravo, sending you 5
2024-10-15 04:33:54.236259 Papa: Echo and Hotel, sending you 3
2024-10-15 04:33:54.238679 Sierra: Papa, sending you 4
2024-10-15 04:33:54.240249 Mike: Bravo, sending you 5
2024-10-15 04:33:54.240753 Whiskey: Mike, sending you 3
chatterbot Romeo submitting transactions
chatterbot Echo submitting transactions
chatterbot Charlie submitting transactions
chatterbot Whiskey submitting transactions
chatterbot Kilo submitting transactions
chatterbot Sierra submitting transactions
chatterbot Hotel submitting transactions
chatterbot Papa submitting transactions
chatterbot Mike submitting transactions
chatterbot Bravo submitting transactions
ChatterBot Sierra round 14
ChatterBot Charlie round 14
ChatterBot Echo round 14
ChatterBot Kilo round 14
ChatterBot Whiskey round 14
ChatterBot Romeo round 14
ChatterBot Bravo round 14
ChatterBot Hotel round 14
ChatterBot Papa round 14
ChatterBot Mike round 14
2024-10-15 04:33:55.776283 Hotel: Sierra, Echo and Papa, sending you 2
2024-10-15 04:33:55.779481 Echo: Sierra, Charlie, Romeo and Papa, sending you 3
2024-10-15 04:33:55.781465 Kilo: Same as last round
2024-10-15 04:33:55.782176 Romeo: Sierra, sending you 2
2024-10-15 04:33:55.784431 Sierra: Charlie, sending you 5
2024-10-15 04:33:55.785282 Charlie: Sierra, sending you 6
2024-10-15 04:33:55.787279 Whiskey: Kilo, sending you 4
2024-10-15 04:33:55.788841 Hotel: Charlie and Romeo, sending you 3
2024-10-15 04:33:55.790727 Echo: Hotel, sending you 2
2024-10-15 04:33:55.792864 Romeo: Charlie, Echo and Hotel, sending you 4
2024-10-15 04:33:55.794880 Sierra: Echo, sending you 3
2024-10-15 04:33:55.796712 Charlie: Echo, Romeo and Hotel, sending you 4
