ChatterBot Delta round 1
ChatterBot Papa round 1
ChatterBot Sierra round 1
ChatterBot Golf round 1
ChatterBot Oscar round 1
ChatterBot Echo round 1
ChatterBot Kilo round 1
ChatterBot Alpha round 1
ChatterBot Victor round 1
randomSelections Papa: {Papa, Delta, Echo, Oscar, Kilo, Alpha, Golf, Quebec} 
2024-10-15 04:33:36.772527 Papa: We should group up
ChatterBot Delta reevaluating
ChatterBot Echo reevaluating
ChatterBot Oscar reevaluating
ChatterBot Kilo reevaluating
ChatterBot Alpha reevaluating
ChatterBot Golf reevaluating
2024-10-15 04:33:36.798080 Delta: Yes
2024-10-15 04:33:36.799021 Echo: Yes
2024-10-15 04:33:36.799234 Oscar: Yes
2024-10-15 04:33:36.799421 Kilo: Yes
2024-10-15 04:33:36.799602 Alpha: Yes
2024-10-15 04:33:36.799813 Golf: Yes
ChatterBot Echo reevaluating
ChatterBot Oscar reevaluating
ChatterBot Kilo reevaluating
ChatterBot Alpha reevaluating
ChatterBot Golf reevaluating
ChatterBot Delta reevaluating
ChatterBot Oscar reevaluating
ChatterBot Kilo reevaluating
ChatterBot Alpha reevaluating
ChatterBot Golf reevaluating
ChatterBot Delta reevaluating
ChatterBot Echo reevaluating
ChatterBot Kilo reevaluating
ChatterBot Alpha reevaluating
ChatterBot Golf reevaluating
ChatterBot Delta reevaluating
ChatterBot Echo reevaluating
ChatterBot Oscar reevaluating
ChatterBot Alpha reevaluating
ChatterBot Golf reevaluating
ChatterBot Delta reevaluating
ChatterBot Echo reevaluating
ChatterBot Oscar reevaluating
ChatterBot Kilo reevaluating
ChatterBot Golf reevaluating
ChatterBot Delta reevaluating
ChatterBot Echo reevaluating
ChatterBot Oscar reevaluating
ChatterBot Kilo reevaluating
ChatterBot Alpha reevaluating
ChatterBot Quebec round 1
ChatterBot Quebec reevaluating
ChatterBot Quebec reevaluating
ChatterBot Quebec reevaluating
ChatterBot Quebec reevaluating
ChatterBot Quebec reevaluating
ChatterBot Quebec reevaluating
ChatterBot Quebec reevaluating
2024-10-15 04:33:37.044493 Quebec: Yes
ChatterBot Delta reevaluating
ChatterBot Echo reevaluating
ChatterBot Oscar reevaluating
ChatterBot Kilo reevaluating
ChatterBot Alpha reevaluating
ChatterBot Golf reevaluating
randomSelections Sierra: {Sierra, Quebec, Victor, Oscar, Kilo, Alpha, Echo, Golf} 
2024-10-15 04:33:37.064031 Sierra: We would work well together
ChatterBot Quebec reevaluating
ChatterBot Victor reevaluating
ChatterBot Oscar reevaluating
ChatterBot Kilo reevaluating
ChatterBot Alpha reevaluating
ChatterBot Echo reevaluating
ChatterBot Golf reevaluating
2024-10-15 04:33:37.076876 Quebec: No
2024-10-15 04:33:37.077145 Victor: Yes
2024-10-15 04:33:37.077298 Oscar: No
2024-10-15 04:33:37.077566 Kilo: No
2024-10-15 04:33:37.077774 Alpha: No
2024-10-15 04:33:37.078623 Echo: No
2024-10-15 04:33:37.078864 Golf: No
ChatterBot Victor reevaluating
ChatterBot Oscar reevaluating
ChatterBot Kilo reevaluating
ChatterBot Alpha reevaluating
ChatterBot Echo reevaluating
ChatterBot Golf reevaluating
ChatterBot Quebec reevaluating
ChatterBot Oscar reevaluating
ChatterBot Kilo reevaluating
ChatterBot Alpha reevaluating
ChatterBot Echo reevaluating
ChatterBot Golf reevaluating
ChatterBot Quebec reevaluating
ChatterBot Victor reevaluating
ChatterBot Kilo reevaluating
ChatterBot Alpha reevaluating
ChatterBot Echo reevaluating
ChatterBot Golf reevaluating
ChatterBot Quebec reevaluating
ChatterBot Victor reevaluating
ChatterBot Oscar reevaluating
ChatterBot Alpha reevaluating
ChatterBot Echo reevaluating
ChatterBot Golf reevaluating
ChatterBot Quebec reevaluating
ChatterBot Victor reevaluating
ChatterBot Oscar reevaluating
ChatterBot Kilo reevaluating
ChatterBot Echo reevaluating
ChatterBot Golf reevaluating
ChatterBot Quebec reevaluating
ChatterBot Victor reevaluating
ChatterBot Oscar reevaluating
ChatterBot Kilo reevaluating
ChatterBot Alpha reevaluating
ChatterBot Golf reevaluating
ChatterBot Quebec reevaluating
ChatterBot Victor reevaluating
ChatterBot Oscar reevaluating
ChatterBot Kilo reevaluating
ChatterBot Alpha reevaluating
ChatterBot Echo reevaluating
2024-10-15 04:33:37.187761 Delta: Papa and Oscar, sending you 1
2024-10-15 04:33:37.190121 Sierra: Oscar, sending you 6
2024-10-15 04:33:37.191417 Papa: Delta, Kilo and Quebec, sending you 3
2024-10-15 04:33:37.194032 Delta: Echo and Alpha, sending you 3
2024-10-15 04:33:37.196854 Kilo: Oscar and Quebec, sending you 1
2024-10-15 04:33:37.198727 Sierra: Echo and Victor, sending you 1
2024-10-15 04:33:37.201081 Victor: Sierra, sending you 4
2024-10-15 04:33:37.202019 Papa: Golf, Oscar and Alpha, sending you 2
2024-10-15 04:33:37.203980 Quebec: Delta, sending you 2
2024-10-15 04:33:37.206129 Echo: Delta, sending you 2
2024-10-15 04:33:37.207632 Oscar: Delta, Papa, Golf and Kilo, sending you 3
2024-10-15 04:33:37.209670 Golf: Delta and Echo, sending you 3
2024-10-15 04:33:37.212006 Delta: Kilo, sending you 4
2024-10-15 04:33:37.213797 Kilo: Echo, sending you 2
2024-10-15 04:33:37.216049 Sierra: Kilo, sending you 2
2024-10-15 04:33:37.218067 Victor: Golf and Oscar, sending you 1
2024-10-15 04:33:37.219848 Papa: Echo, sending you 4
2024-10-15 04:33:37.221237 Quebec: Papa, sending you 3
2024-10-15 04:33:37.223584 Echo: Papa, sending you 1
2024-10-15 04:33:37.225690 Alpha: Delta and Golf, sending you 2
2024-10-15 04:33:37.228237 Oscar: Echo, sending you 2
2024-10-15 04:33:37.229653 Golf: Papa, sending you 4
2024-10-15 04:33:37.231646 Delta: Quebec, sending you 2
2024-10-15 04:33:37.232436 Sierra: Alpha, sending you 5
2024-10-15 04:33:37.234681 Victor: Echo, Kilo and Alpha, sending you 3
2024-10-15 04:33:37.236847 Quebec: Golf, Echo and Kilo, sending you 1
2024-10-15 04:33:37.237630 Echo: Golf and Quebec, sending you 4
2024-10-15 04:33:37.239508 Alpha: Papa and Echo, sending you 4
2024-10-15 04:33:37.240766 Oscar: Alpha, sending you 4
2024-10-15 04:33:37.243 Golf: Oscar and Alpha, sending you 2
2024-10-15 04:33:37.245012 Sierra: Quebec, sending you 3
2024-10-15 04:33:37.247031 Quebec: Oscar, sending you 4
2024-10-15 04:33:37.247750 Echo: Oscar, Kilo and Alpha, sending you 3
2024-10-15 04:33:37.249921 Alpha: Oscar and Kilo, sending you 1
2024-10-15 04:33:37.250913 Oscar: Quebec, sending you 1
2024-10-15 04:33:37.252635 Golf: Kilo and Quebec, sending you 1
2024-10-15 04:33:37.255392 Alpha: Quebec, sending you 3
chatterbot Alpha submitting transactions
chatterbot Kilo submitting transactions
chatterbot Papa submitting transactions
chatterbot Delta submitting transactions
chatterbot Echo submitting transactions
chatterbot Victor submitting transactions
chatterbot Sierra submitting transactions
chatterbot Oscar submitting transactions
chatterbot Golf submitting transactions
chatterbot Quebec submitting transactions
ChatterBot Delta round 2
ChatterBot Papa round 2
ChatterBot Sierra round 2
ChatterBot Golf round 2
2024-10-15 04:33:38.423256 Sierra: Let's form a team
ChatterBot Kilo reevaluating
ChatterBot Victor reevaluating
ChatterBot Quebec reevaluating
2024-10-15 04:33:38.467602 Kilo: No
2024-10-15 04:33:38.467798 Victor: No
2024-10-15 04:33:38.467934 Quebec: No
ChatterBot Sierra reevaluating
ChatterBot Victor reevaluating
ChatterBot Quebec reevaluating
ChatterBot Sierra reevaluating
ChatterBot Kilo reevaluating
ChatterBot Quebec reevaluating
ChatterBot Sierra reevaluating
ChatterBot Kilo reevaluating
ChatterBot Victor reevaluating
2024-10-15 04:33:38.552498 Victor: Can we be friends?
ChatterBot Sierra reevaluating
2024-10-15 04:33:38.557345 Sierra: Yes
ChatterBot Victor reevaluating
2024-10-15 04:33:38.569870 Sierra: We should add Delta and Papa
ChatterBot Quebec reevaluating
ChatterBot Victor reevaluating
ChatterBot Oscar reevaluating
ChatterBot Kilo reevaluating
ChatterBot Alpha reevaluating
ChatterBot Echo reevaluating
ChatterBot Golf reevaluating
2024-10-15 04:33:38.648552 Quebec: No
2024-10-15 04:33:38.648735 Victor: No
2024-10-15 04:33:38.648864 Oscar: No
2024-10-15 04:33:38.649533 Kilo: No
2024-10-15 04:33:38.649647 Alpha: No
2024-10-15 04:33:38.649774 Echo: No
2024-10-15 04:33:38.649882 Golf: Yes
ChatterBot Sierra reevaluating
ChatterBot Victor reevaluating
ChatterBot Oscar reevaluating
ChatterBot Kilo reevaluating
ChatterBot Alpha reevaluating
ChatterBot Echo reevaluating
ChatterBot Golf reevaluating
ChatterBot Sierra reevaluating
ChatterBot Quebec reevaluating
ChatterBot Oscar reevaluating
ChatterBot Kilo reevaluating
ChatterBot Alpha reevaluating
ChatterBot Echo reevaluating
ChatterBot Golf reevaluating
ChatterBot Sierra reevaluating
ChatterBot Quebec reevaluating
ChatterBot Victor reevaluating
ChatterBot Kilo reevaluating
ChatterBot Alpha reevaluating
ChatterBot Echo reevaluating
ChatterBot Golf reevaluating
ChatterBot Sierra reevaluating
ChatterBot Quebec reevaluating
ChatterBot Victor reevaluating
ChatterBot Oscar reevaluating
ChatterBot Alpha reevaluating
ChatterBot Echo reevaluating
ChatterBot Golf reevaluating
ChatterBot Sierra reevaluating
ChatterBot Quebec reevaluating
ChatterBot Victor reevaluating
ChatterBot Oscar reevaluating
ChatterBot Kilo reevaluating
ChatterBot Echo reevaluating
ChatterBot Golf reevaluating
ChatterBot Sierra reevaluating
ChatterBot Quebec reevaluating
ChatterBot Victor reevaluating
ChatterBot Oscar reevaluating
ChatterBot Kilo reevaluating
ChatterBot Alpha reevaluating
ChatterBot Golf reevaluating
ChatterBot Sierra reevaluating
ChatterBot Quebec reevaluating
ChatterBot Victor reevaluating
ChatterBot Oscar reevaluating
ChatterBot Kilo reevaluating
ChatterBot Alpha reevaluating
ChatterBot Echo reevaluating
ChatterBot Oscar round 2
ChatterBot Echo round 2
ChatterBot Kilo round 2
ChatterBot Alpha round 2
ChatterBot Victor round 2
ChatterBot Quebec round 2
2024-10-15 04:33:39.201417 Echo: We should add Sierra and Victor
ChatterBot Oscar reevaluating
ChatterBot Kilo reevaluating
ChatterBot Alpha reevaluating
ChatterBot Golf reevaluating
ChatterBot Quebec reevaluating
2024-10-15 04:33:39.225851 Papa: No
2024-10-15 04:33:39.226080 Delta: No
2024-10-15 04:33:39.226219 Oscar: Yes
2024-10-15 04:33:39.226344 Kilo: Yes
2024-10-15 04:33:39.226461 Alpha: Yes
2024-10-15 04:33:39.226569 Golf: No
2024-10-15 04:33:39.227167 Quebec: No
ChatterBot Oscar reevaluating
ChatterBot Kilo reevaluating
ChatterBot Alpha reevaluating
ChatterBot Golf reevaluating
ChatterBot Quebec reevaluating
ChatterBot Oscar reevaluating
ChatterBot Kilo reevaluating
ChatterBot Alpha reevaluating
ChatterBot Golf reevaluating
ChatterBot Quebec reevaluating
ChatterBot Kilo reevaluating
ChatterBot Alpha reevaluating
ChatterBot Golf reevaluating
ChatterBot Quebec reevaluating
ChatterBot Oscar reevaluating
ChatterBot Alpha reevaluating
ChatterBot Golf reevaluating
ChatterBot Quebec reevaluating
ChatterBot Oscar reevaluating
ChatterBot Kilo reevaluating
ChatterBot Golf reevaluating
ChatterBot Quebec reevaluating
ChatterBot Oscar reevaluating
ChatterBot Kilo reevaluating
ChatterBot Alpha reevaluating
ChatterBot Quebec reevaluating
ChatterBot Oscar reevaluating
ChatterBot Kilo reevaluating
ChatterBot Alpha reevaluating
ChatterBot Golf reevaluating
2024-10-15 04:33:39.419014 Papa: We should drop Kilo
ChatterBot Golf reevaluating
ChatterBot Oscar reevaluating
ChatterBot Alpha reevaluating
ChatterBot Quebec reevaluating
2024-10-15 04:33:39.440504 Delta: No
2024-10-15 04:33:39.440681 Golf: Yes
2024-10-15 04:33:39.440793 Oscar: No
2024-10-15 04:33:39.440895 Echo: No
2024-10-15 04:33:39.441504 Alpha: No
2024-10-15 04:33:39.441600 Quebec: Yes
ChatterBot Golf reevaluating
ChatterBot Oscar reevaluating
ChatterBot Alpha reevaluating
ChatterBot Quebec reevaluating
ChatterBot Delta reevaluating
ChatterBot Oscar reevaluating
ChatterBot Alpha reevaluating
ChatterBot Quebec reevaluating
ChatterBot Delta reevaluating
ChatterBot Golf reevaluating
ChatterBot Alpha reevaluating
ChatterBot Quebec reevaluating
ChatterBot Delta reevaluating
ChatterBot Golf reevaluating
ChatterBot Oscar reevaluating
ChatterBot Alpha reevaluating
ChatterBot Quebec reevaluating
ChatterBot Delta reevaluating
ChatterBot Golf reevaluating
ChatterBot Oscar reevaluating
ChatterBot Quebec reevaluating
ChatterBot Delta reevaluating
ChatterBot Golf reevaluating
ChatterBot Oscar reevaluating
ChatterBot Alpha reevaluating
2024-10-15 04:33:39.565921 Golf: We should replace Kilo with Sierra
ChatterBot Delta reevaluating
ChatterBot Oscar reevaluating
ChatterBot Alpha reevaluating
ChatterBot Quebec reevaluating
2024-10-15 04:33:39.585816 Papa: No
2024-10-15 04:33:39.585949 Delta: No
2024-10-15 04:33:39.586046 Oscar: Yes
2024-10-15 04:33:39.586135 Echo: No
2024-10-15 04:33:39.586227 Alpha: No
2024-10-15 04:33:39.586332 Quebec: Yes
ChatterBot Delta reevaluating
ChatterBot Golf reevaluating
ChatterBot Oscar reevaluating
ChatterBot Alpha reevaluating
ChatterBot Quebec reevaluating
ChatterBot Golf reevaluating
ChatterBot Oscar reevaluating
ChatterBot Alpha reevaluating
ChatterBot Quebec reevaluating
ChatterBot Delta reevaluating
ChatterBot Golf reevaluating
ChatterBot Alpha reevaluating
ChatterBot Quebec reevaluating
ChatterBot Delta reevaluating
ChatterBot Golf reevaluating
ChatterBot Oscar reevaluating
ChatterBot Alpha reevaluating
ChatterBot Quebec reevaluating
ChatterBot Delta reevaluating
ChatterBot Golf reevaluating
ChatterBot Oscar reevaluating
ChatterBot Quebec reevaluating
ChatterBot Delta reevaluating
ChatterBot Golf reevaluating
ChatterBot Oscar reevaluating
ChatterBot Alpha reevaluating
2024-10-15 04:33:39.845001 Echo: Sierra and Victor we want you to join our group
ChatterBot Sierra reevaluating
ChatterBot Victor reevaluating
2024-10-15 04:33:39.856545 Sierra: No
2024-10-15 04:33:39.857322 Victor: Yes
ChatterBot Delta reevaluating
ChatterBot Golf reevaluating
ChatterBot Oscar reevaluating
ChatterBot Alpha reevaluating
ChatterBot Quebec reevaluating
ChatterBot Kilo reevaluating
ChatterBot Victor reevaluating
ChatterBot Delta reevaluating
ChatterBot Golf reevaluating
ChatterBot Oscar reevaluating
ChatterBot Alpha reevaluating
ChatterBot Quebec reevaluating
ChatterBot Sierra reevaluating
ChatterBot Kilo reevaluating
2024-10-15 04:33:39.921810 Victor: We should add Delta and Papa
ChatterBot Sierra reevaluating
ChatterBot Quebec reevaluating
ChatterBot Oscar reevaluating
ChatterBot Kilo reevaluating
ChatterBot Alpha reevaluating
ChatterBot Golf reevaluating
2024-10-15 04:33:39.945871 Sierra: No
2024-10-15 04:33:39.946080 Quebec: Yes
2024-10-15 04:33:39.946311 Oscar: Yes
2024-10-15 04:33:39.946512 Kilo: Yes
2024-10-15 04:33:39.946698 Alpha: Yes
2024-10-15 04:33:39.946865 Echo: Yes
2024-10-15 04:33:39.947757 Golf: Yes
ChatterBot Quebec reevaluating
ChatterBot Victor reevaluating
ChatterBot Oscar reevaluating
ChatterBot Kilo reevaluating
ChatterBot Alpha reevaluating
ChatterBot Golf reevaluating
ChatterBot Sierra reevaluating
ChatterBot Victor reevaluating
ChatterBot Oscar reevaluating
ChatterBot Kilo reevaluating
ChatterBot Alpha reevaluating
ChatterBot Golf reevaluating
ChatterBot Sierra reevaluating
ChatterBot Quebec reevaluating
ChatterBot Victor reevaluating
ChatterBot Kilo reevaluating
ChatterBot Alpha reevaluating
ChatterBot Golf reevaluating
ChatterBot Sierra reevaluating
ChatterBot Quebec reevaluating
ChatterBot Victor reevaluating
ChatterBot Oscar reevaluating
ChatterBot Alpha reevaluating
ChatterBot Golf reevaluating
ChatterBot Sierra reevaluating
ChatterBot Quebec reevaluating
ChatterBot Victor reevaluating
ChatterBot Oscar reevaluating
ChatterBot Kilo reevaluating
ChatterBot Golf reevaluating
ChatterBot Sierra reevaluating
ChatterBot Quebec reevaluating
ChatterBot Victor reevaluating
ChatterBot Oscar reevaluating
ChatterBot Kilo reevaluating
ChatterBot Alpha reevaluating
ChatterBot Golf reevaluating
ChatterBot Sierra reevaluating
ChatterBot Quebec reevaluating
ChatterBot Victor reevaluating
ChatterBot Oscar reevaluating
ChatterBot Kilo reevaluating
ChatterBot Alpha reevaluating
2024-10-15 04:33:40.543026 Sierra: Delta and Papa we want you to join our group
2024-10-15 04:33:40.549468 Delta: No
2024-10-15 04:33:40.549678 Papa: No
ChatterBot Sierra reevaluating
ChatterBot Sierra reevaluating
2024-10-15 04:33:40.601997 Kilo: Sierra and Victor we want you to join our group
ChatterBot Sierra reevaluating
2024-10-15 04:33:40.608533 Sierra: Yes
2024-10-15 04:33:40.608689 Victor: Yes
ChatterBot Delta reevaluating
ChatterBot Delta reevaluating
ChatterBot Sierra reevaluating
2024-10-15 04:33:40.661944 Alpha: Sierra and Victor we want you to join our group
ChatterBot Sierra reevaluating
2024-10-15 04:33:40.668831 Sierra: Yes
2024-10-15 04:33:40.668983 Victor: Yes
ChatterBot Delta reevaluating
ChatterBot Delta reevaluating
ChatterBot Sierra reevaluating
2024-10-15 04:33:40.722082 Victor: Delta and Papa we want you to join our group
ChatterBot Delta reevaluating
2024-10-15 04:33:40.729280 Delta: No
2024-10-15 04:33:40.729540 Papa: No
ChatterBot Sierra reevaluating
ChatterBot Delta reevaluating
ChatterBot Sierra reevaluating
2024-10-15 04:33:40.783194 Oscar: Sierra and Victor we want you to join our group
ChatterBot Sierra reevaluating
2024-10-15 04:33:40.789937 Sierra: Yes
2024-10-15 04:33:40.790104 Victor: Yes
ChatterBot Delta reevaluating
ChatterBot Delta reevaluating
ChatterBot Sierra reevaluating
chatterbot Papa submitting transactions
chatterbot Echo submitting transactions
2024-10-15 04:33:40.887759 Papa: Delta and Echo, sending you 2
2024-10-15 04:33:40.888166 Echo: Delta, Golf, Oscar, Kilo and Victor, sending you 2
2024-10-15 04:33:40.889236 Delta: Sierra we want you to join our group
ChatterBot Sierra reevaluating
2024-10-15 04:33:40.893001 Sierra: Yes
ChatterBot Delta reevaluating
2024-10-15 04:33:40.912818 Papa: Golf, sending you 5
2024-10-15 04:33:40.913962 Echo: Papa and Alpha, sending you 4
2024-10-15 04:33:40.914398 Kilo: Delta, sending you 4
2024-10-15 04:33:40.931090 Golf: Delta, sending you 1
2024-10-15 04:33:40.932188 Oscar: Delta, Papa, Golf, Echo, Kilo and Alpha, sending you 2
2024-10-15 04:33:40.932860 Victor: Delta, Papa, Golf, Oscar, Echo, Kilo and Alpha, sending you 1
2024-10-15 04:33:40.933983 Alpha: Delta, Papa, Golf, Echo and Victor, sending you 2
2024-10-15 04:33:40.935277 Papa: Oscar and Quebec, sending you 3
2024-10-15 04:33:40.935835 Echo: Sierra and Quebec, sending you 1
2024-10-15 04:33:40.937304 Quebec: Delta, sending you 3
2024-10-15 04:33:40.937837 Kilo: Papa, Oscar, Echo and Victor, sending you 3
2024-10-15 04:33:40.939175 Oscar: Sierra, sending you 4
2024-10-15 04:33:40.940409 Golf: Papa, Oscar and Alpha, sending you 3
2024-10-15 04:33:40.941117 Victor: Sierra, sending you 12
2024-10-15 04:33:40.942369 Alpha: Sierra and Oscar, sending you 3
2024-10-15 04:33:40.943488 Papa: Alpha, sending you 4
2024-10-15 04:33:40.944027 Kilo: Sierra, sending you 2
2024-10-15 04:33:40.945153 Quebec: Papa, Echo and Alpha, sending you 4
2024-10-15 04:33:40.945743 Oscar: Quebec, sending you 3
2024-10-15 04:33:40.946928 Golf: Echo, sending you 4
2024-10-15 04:33:40.947464 Alpha: Quebec, sending you 1
2024-10-15 04:33:40.962630 Kilo: Golf and Alpha, sending you 1
2024-10-15 04:33:40.964054 Quebec: Golf, sending you 2
2024-10-15 04:33:40.965260 Golf: Quebec, sending you 2
2024-10-15 04:33:40.970806 Quebec: Oscar, sending you 1
2024-10-15 04:33:40.972062 Sierra: Delta, Papa, Golf, Oscar, Echo, Kilo and Alpha, sending you 1
2024-10-15 04:33:40.975797 Delta: Golf and Oscar, sending you 1
2024-10-15 04:33:41.548950 Sierra: Victor, sending you 13
chatterbot Golf submitting transactions
chatterbot Quebec submitting transactions
chatterbot Kilo submitting transactions
chatterbot Victor submitting transactions
chatterbot Alpha submitting transactions
chatterbot Oscar submitting transactions
chatterbot Sierra submitting transactions
chatterbot Delta submitting transactions
ChatterBot Delta round 3
ChatterBot Papa round 3
ChatterBot Sierra round 3
ChatterBot Golf round 3
ChatterBot Oscar round 3
ChatterBot Echo round 3
ChatterBot Kilo round 3
ChatterBot Alpha round 3
ChatterBot Victor round 3
ChatterBot Quebec round 3
2024-10-15 04:33:42.556358 Delta: We should replace Sierra with Kilo
ChatterBot Papa reevaluating
ChatterBot Golf reevaluating
ChatterBot Alpha reevaluating
ChatterBot Quebec reevaluating
2024-10-15 04:33:42.589393 Papa: No
2024-10-15 04:33:42.590555 Golf: No
2024-10-15 04:33:42.590812 Oscar: No
2024-10-15 04:33:42.591084 Echo: No
2024-10-15 04:33:42.592060 Alpha: No
2024-10-15 04:33:42.592282 Quebec: No
ChatterBot Golf reevaluating
ChatterBot Alpha reevaluating
ChatterBot Quebec reevaluating
ChatterBot Papa reevaluating
ChatterBot Delta reevaluating
ChatterBot Alpha reevaluating
ChatterBot Quebec reevaluating
ChatterBot Papa reevaluating
ChatterBot Delta reevaluating
ChatterBot Golf reevaluating
ChatterBot Alpha reevaluating
ChatterBot Quebec reevaluating
ChatterBot Papa reevaluating
ChatterBot Delta reevaluating
ChatterBot Golf reevaluating
ChatterBot Alpha reevaluating
ChatterBot Quebec reevaluating
ChatterBot Papa reevaluating
ChatterBot Delta reevaluating
ChatterBot Golf reevaluating
ChatterBot Quebec reevaluating
ChatterBot Papa reevaluating
ChatterBot Delta reevaluating
ChatterBot Golf reevaluating
ChatterBot Alpha reevaluating
2024-10-15 04:33:42.823534 Echo: We should drop Delta
ChatterBot Golf reevaluating
ChatterBot Papa reevaluating
ChatterBot Alpha reevaluating
ChatterBot Quebec reevaluating
2024-10-15 04:33:42.868323 Golf: Yes
2024-10-15 04:33:42.868929 Papa: Yes
2024-10-15 04:33:42.871062 Oscar: Yes
2024-10-15 04:33:42.872882 Kilo: Yes
2024-10-15 04:33:42.873912 Alpha: Yes
2024-10-15 04:33:42.874450 Quebec: Yes
2024-10-15 04:33:42.875579 Sierra: Yes
2024-10-15 04:33:42.876213 Victor: Yes
ChatterBot Papa reevaluating
ChatterBot Alpha reevaluating
ChatterBot Quebec reevaluating
ChatterBot Golf reevaluating
ChatterBot Alpha reevaluating
ChatterBot Quebec reevaluating
ChatterBot Golf reevaluating
ChatterBot Papa reevaluating
ChatterBot Alpha reevaluating
ChatterBot Quebec reevaluating
ChatterBot Golf reevaluating
ChatterBot Papa reevaluating
ChatterBot Alpha reevaluating
ChatterBot Quebec reevaluating
ChatterBot Golf reevaluating
ChatterBot Papa reevaluating
ChatterBot Quebec reevaluating
ChatterBot Golf reevaluating
ChatterBot Papa reevaluating
ChatterBot Alpha reevaluating
ChatterBot Golf reevaluating
ChatterBot Papa reevaluating
ChatterBot Alpha reevaluating
ChatterBot Quebec reevaluating
ChatterBot Golf reevaluating
ChatterBot Papa reevaluating
ChatterBot Alpha reevaluating
ChatterBot Quebec reevaluating
2024-10-15 04:33:43.297059 Delta: We should add Kilo and Victor
ChatterBot Papa reevaluating
ChatterBot Golf reevaluating
ChatterBot Alpha reevaluating
ChatterBot Quebec reevaluating
2024-10-15 04:33:43.334457 Papa: No
2024-10-15 04:33:43.334705 Golf: Yes
2024-10-15 04:33:43.335373 Oscar: Yes
2024-10-15 04:33:43.335533 Echo: Yes
2024-10-15 04:33:43.335732 Alpha: Yes
2024-10-15 04:33:43.335983 Quebec: No
2024-10-15 04:33:43.336158 Sierra: No
ChatterBot Delta reevaluating
ChatterBot Golf reevaluating
ChatterBot Alpha reevaluating
ChatterBot Quebec reevaluating
ChatterBot Delta reevaluating
ChatterBot Papa reevaluating
ChatterBot Alpha reevaluating
ChatterBot Quebec reevaluating
ChatterBot Delta reevaluating
ChatterBot Papa reevaluating
ChatterBot Golf reevaluating
ChatterBot Alpha reevaluating
ChatterBot Quebec reevaluating
ChatterBot Delta reevaluating
ChatterBot Papa reevaluating
ChatterBot Golf reevaluating
ChatterBot Alpha reevaluating
ChatterBot Quebec reevaluating
ChatterBot Sierra reevaluating
ChatterBot Delta reevaluating
ChatterBot Papa reevaluating
ChatterBot Golf reevaluating
ChatterBot Quebec reevaluating
ChatterBot Sierra reevaluating
ChatterBot Delta reevaluating
ChatterBot Papa reevaluating
ChatterBot Golf reevaluating
ChatterBot Alpha reevaluating
ChatterBot Sierra reevaluating
ChatterBot Delta reevaluating
ChatterBot Papa reevaluating
ChatterBot Golf reevaluating
ChatterBot Alpha reevaluating
ChatterBot Quebec reevaluating
2024-10-15 04:33:43.767118 Papa: We should replace Delta with Kilo
ChatterBot Golf reevaluating
ChatterBot Alpha reevaluating
2024-10-15 04:33:43.883127 Quebec: Yes
2024-10-15 04:33:43.884012 Golf: Yes
2024-10-15 04:33:43.884287 Oscar: Yes
2024-10-15 04:33:43.884529 Echo: Yes
2024-10-15 04:33:43.885375 Alpha: Yes
ChatterBot Papa reevaluating
ChatterBot Golf reevaluating
ChatterBot Alpha reevaluating
ChatterBot Papa reevaluating
ChatterBot Alpha reevaluating
ChatterBot Papa reevaluating
ChatterBot Golf reevaluating
ChatterBot Alpha reevaluating
ChatterBot Papa reevaluating
ChatterBot Golf reevaluating
ChatterBot Alpha reevaluating
ChatterBot Papa reevaluating
ChatterBot Golf reevaluating
2024-10-15 04:33:44.195005 Papa: Kilo we want you to join our group
2024-10-15 04:33:44.204375 Kilo: Yes
ChatterBot Papa reevaluating
ChatterBot Golf reevaluating
2024-10-15 04:33:44.252301 Delta: Kilo we want you to join our group
2024-10-15 04:33:44.262443 Kilo: No
ChatterBot Delta reevaluating
ChatterBot Golf reevaluating
2024-10-15 04:33:44.305348 Quebec: Kilo we want you to join our group
2024-10-15 04:33:44.312650 Kilo: Yes
ChatterBot Golf reevaluating
2024-10-15 04:33:44.352287 Sierra: We should drop Delta and Quebec
ChatterBot Golf reevaluating
2024-10-15 04:33:44.391243 Papa: No
2024-10-15 04:33:44.391545 Golf: No
2024-10-15 04:33:44.391825 Oscar: No
2024-10-15 04:33:44.392042 Echo: No
2024-10-15 04:33:44.392243 Kilo: No
2024-10-15 04:33:44.392473 Alpha: No
2024-10-15 04:33:44.393420 Victor: No
ChatterBot Sierra reevaluating
ChatterBot Golf reevaluating
ChatterBot Sierra reevaluating
ChatterBot Sierra reevaluating
ChatterBot Golf reevaluating
ChatterBot Sierra reevaluating
ChatterBot Golf reevaluating
ChatterBot Sierra reevaluating
ChatterBot Golf reevaluating
ChatterBot Sierra reevaluating
ChatterBot Golf reevaluating
ChatterBot Sierra reevaluating
ChatterBot Golf reevaluating
chatterbot Delta submitting transactions
chatterbot Kilo submitting transactions
chatterbot Echo submitting transactions
chatterbot Oscar submitting transactions
chatterbot Sierra submitting transactions
chatterbot Victor submitting transactions
2024-10-15 04:33:44.747664 Echo: Papa, Oscar, Kilo, Alpha, Victor and Quebec, sending you 2
2024-10-15 04:33:44.749067 Oscar: Papa, Golf, Echo, Kilo, Alpha, Victor and Quebec, sending you 2
2024-10-15 04:33:44.749686 Sierra: We should drop Kilo and Delta
2024-10-15 04:33:44.776313 Quebec: No
2024-10-15 04:33:44.776523 Papa: No
2024-10-15 04:33:44.777188 Golf: No
2024-10-15 04:33:44.777404 Oscar: No
2024-10-15 04:33:44.777541 Echo: No
2024-10-15 04:33:44.777704 Alpha: No
2024-10-15 04:33:44.777856 Victor: No
ChatterBot Sierra reevaluating
ChatterBot Sierra reevaluating
ChatterBot Sierra reevaluating
ChatterBot Sierra reevaluating
ChatterBot Sierra reevaluating
ChatterBot Sierra reevaluating
ChatterBot Sierra reevaluating
2024-10-15 04:33:45.061051 Kilo: Papa and Sierra, sending you 2
2024-10-15 04:33:45.062516 Golf: Kilo we want you to join our group
2024-10-15 04:33:45.070489 Kilo: Yes
ChatterBot Papa reevaluating
2024-10-15 04:33:45.114355 Victor: Papa, Golf, Oscar and Quebec, sending you 1
2024-10-15 04:33:45.115836 Oscar: Sierra, sending you 3
2024-10-15 04:33:45.116527 Echo: Sierra, sending you 1
chatterbot Alpha submitting transactions
chatterbot Quebec submitting transactions
2024-10-15 04:33:45.118216 Kilo: Golf, Alpha and Quebec, sending you 1
2024-10-15 04:33:45.119776 Victor: Sierra, sending you 9
2024-10-15 04:33:45.120374 Quebec: Papa, sending you 4
2024-10-15 04:33:45.121486 Alpha: Papa, Sierra, Golf, Oscar, Echo and Quebec, sending you 2
2024-10-15 04:33:45.128458 Echo: Golf, sending you 4
2024-10-15 04:33:45.129254 Kilo: Oscar, sending you 4
2024-10-15 04:33:45.131675 Quebec: Golf, Oscar, Echo and Alpha, sending you 3
2024-10-15 04:33:45.133476 Victor: Echo and Alpha, sending you 2
2024-10-15 04:33:45.134742 Alpha: Kilo and Victor, sending you 1
2024-10-15 04:33:45.136594 Kilo: Echo, sending you 5
2024-10-15 04:33:45.140467 Quebec: Kilo, sending you 2
2024-10-15 04:33:45.142318 Victor: Kilo, sending you 3
2024-10-15 04:33:45.144214 Golf: Papa, Oscar, Echo and Alpha, sending you 3
2024-10-15 04:33:45.145835 Delta: Sending you each 2
2024-10-15 04:33:45.147679 Kilo: Victor, sending you 3
2024-10-15 04:33:45.150682 Golf: Kilo and Quebec, sending you 2
2024-10-15 04:33:45.155689 Sierra: Papa and Golf, sending you 1
2024-10-15 04:33:45.160680 Sierra: Oscar and Alpha, sending you 3
2024-10-15 04:33:45.166662 Sierra: Echo and Kilo, sending you 2
2024-10-15 04:33:45.170990 Sierra: Victor, sending you 8
chatterbot Delta submitting transactions
chatterbot Papa submitting transactions
chatterbot Papa submitting transactions
chatterbot Golf submitting transactions
ChatterBot Delta round 4
ChatterBot Papa round 4
ChatterBot Sierra round 4
ChatterBot Golf round 4
ChatterBot Oscar round 4
ChatterBot Echo round 4
ChatterBot Kilo round 4
ChatterBot Alpha round 4
ChatterBot Victor round 4
ChatterBot Quebec round 4
2024-10-15 04:33:45.870149 Papa: Group up?
ChatterBot Golf reevaluating
2024-10-15 04:33:45.877231 Golf: No
2024-10-15 04:33:45.894467 Kilo: We should add Delta
ChatterBot Golf reevaluating
ChatterBot Papa reevaluating
ChatterBot Oscar reevaluating
ChatterBot Echo reevaluating
ChatterBot Alpha reevaluating
ChatterBot Quebec reevaluating
ChatterBot Sierra reevaluating
ChatterBot Victor reevaluating
2024-10-15 04:33:45.944158 Golf: No
2024-10-15 04:33:45.944341 Papa: No
2024-10-15 04:33:45.944474 Oscar: Yes
2024-10-15 04:33:45.944637 Echo: Yes
2024-10-15 04:33:45.944770 Alpha: Yes
2024-10-15 04:33:45.945404 Quebec: Yes
2024-10-15 04:33:45.945527 Sierra: No
2024-10-15 04:33:45.945648 Victor: Yes
ChatterBot Papa reevaluating
ChatterBot Oscar reevaluating
ChatterBot Echo reevaluating
ChatterBot Alpha reevaluating
ChatterBot Quebec reevaluating
ChatterBot Sierra reevaluating
ChatterBot Victor reevaluating
ChatterBot Golf reevaluating
ChatterBot Oscar reevaluating
ChatterBot Echo reevaluating
ChatterBot Kilo reevaluating
ChatterBot Alpha reevaluating
ChatterBot Quebec reevaluating
ChatterBot Sierra reevaluating
ChatterBot Victor reevaluating
ChatterBot Golf reevaluating
ChatterBot Papa reevaluating
ChatterBot Echo reevaluating
ChatterBot Kilo reevaluating
ChatterBot Alpha reevaluating
ChatterBot Quebec reevaluating
ChatterBot Sierra reevaluating
ChatterBot Victor reevaluating
ChatterBot Golf reevaluating
ChatterBot Papa reevaluating
ChatterBot Oscar reevaluating
ChatterBot Kilo reevaluating
ChatterBot Alpha reevaluating
ChatterBot Quebec reevaluating
ChatterBot Sierra reevaluating
ChatterBot Victor reevaluating
ChatterBot Golf reevaluating
ChatterBot Papa reevaluating
ChatterBot Oscar reevaluating
ChatterBot Echo reevaluating
ChatterBot Kilo reevaluating
ChatterBot Quebec reevaluating
ChatterBot Sierra reevaluating
ChatterBot Victor reevaluating
ChatterBot Golf reevaluating
ChatterBot Papa reevaluating
ChatterBot Oscar reevaluating
ChatterBot Echo reevaluating
ChatterBot Kilo reevaluating
ChatterBot Alpha reevaluating
ChatterBot Sierra reevaluating
ChatterBot Victor reevaluating
ChatterBot Golf reevaluating
ChatterBot Papa reevaluating
ChatterBot Oscar reevaluating
ChatterBot Echo reevaluating
ChatterBot Kilo reevaluating
ChatterBot Alpha reevaluating
ChatterBot Quebec reevaluating
ChatterBot Victor reevaluating
ChatterBot Golf reevaluating
ChatterBot Papa reevaluating
ChatterBot Oscar reevaluating
ChatterBot Echo reevaluating
ChatterBot Kilo reevaluating
ChatterBot Alpha reevaluating
ChatterBot Quebec reevaluating
ChatterBot Sierra reevaluating
2024-10-15 04:33:46.348705 Golf: We should replace Papa with Delta
ChatterBot Oscar reevaluating
ChatterBot Echo reevaluating
ChatterBot Kilo reevaluating
ChatterBot Alpha reevaluating
ChatterBot Quebec reevaluating
2024-10-15 04:33:46.384447 Oscar: Yes
2024-10-15 04:33:46.384567 Echo: Yes
2024-10-15 04:33:46.385103 Kilo: Yes
2024-10-15 04:33:46.385258 Alpha: Yes
2024-10-15 04:33:46.385355 Quebec: Yes
ChatterBot Golf reevaluating
ChatterBot Echo reevaluating
ChatterBot Kilo reevaluating
ChatterBot Alpha reevaluating
ChatterBot Quebec reevaluating
ChatterBot Golf reevaluating
ChatterBot Oscar reevaluating
ChatterBot Kilo reevaluating
ChatterBot Alpha reevaluating
ChatterBot Quebec reevaluating
ChatterBot Golf reevaluating
ChatterBot Oscar reevaluating
ChatterBot Echo reevaluating
ChatterBot Alpha reevaluating
ChatterBot Quebec reevaluating
ChatterBot Golf reevaluating
ChatterBot Oscar reevaluating
ChatterBot Echo reevaluating
ChatterBot Kilo reevaluating
ChatterBot Quebec reevaluating
ChatterBot Golf reevaluating
ChatterBot Oscar reevaluating
ChatterBot Echo reevaluating
ChatterBot Kilo reevaluating
ChatterBot Alpha reevaluating
2024-10-15 04:33:46.501222 Delta: We should group up
ChatterBot Golf reevaluating
ChatterBot Oscar reevaluating
ChatterBot Echo reevaluating
ChatterBot Kilo reevaluating
ChatterBot Alpha reevaluating
ChatterBot Quebec reevaluating
ChatterBot Sierra reevaluating
ChatterBot Victor reevaluating
2024-10-15 04:33:46.537763 Golf: No
2024-10-15 04:33:46.537976 Oscar: Yes
2024-10-15 04:33:46.538122 Echo: Yes
2024-10-15 04:33:46.538259 Kilo: Yes
2024-10-15 04:33:46.538406 Alpha: Yes
2024-10-15 04:33:46.538537 Quebec: No
2024-10-15 04:33:46.538668 Sierra: No
2024-10-15 04:33:46.538805 Victor: Yes
ChatterBot Oscar reevaluating
ChatterBot Echo reevaluating
ChatterBot Kilo reevaluating
ChatterBot Alpha reevaluating
ChatterBot Quebec reevaluating
ChatterBot Sierra reevaluating
ChatterBot Victor reevaluating
ChatterBot Golf reevaluating
ChatterBot Echo reevaluating
ChatterBot Kilo reevaluating
ChatterBot Alpha reevaluating
ChatterBot Quebec reevaluating
ChatterBot Sierra reevaluating
ChatterBot Victor reevaluating
ChatterBot Golf reevaluating
ChatterBot Oscar reevaluating
ChatterBot Kilo reevaluating
ChatterBot Alpha reevaluating
ChatterBot Quebec reevaluating
ChatterBot Sierra reevaluating
ChatterBot Victor reevaluating
ChatterBot Golf reevaluating
ChatterBot Oscar reevaluating
ChatterBot Echo reevaluating
ChatterBot Alpha reevaluating
ChatterBot Quebec reevaluating
ChatterBot Sierra reevaluating
ChatterBot Victor reevaluating
ChatterBot Golf reevaluating
ChatterBot Oscar reevaluating
ChatterBot Echo reevaluating
ChatterBot Kilo reevaluating
ChatterBot Quebec reevaluating
ChatterBot Sierra reevaluating
ChatterBot Victor reevaluating
ChatterBot Golf reevaluating
ChatterBot Oscar reevaluating
ChatterBot Echo reevaluating
ChatterBot Kilo reevaluating
ChatterBot Alpha reevaluating
ChatterBot Sierra reevaluating
ChatterBot Victor reevaluating
ChatterBot Golf reevaluating
ChatterBot Oscar reevaluating
ChatterBot Echo reevaluating
ChatterBot Kilo reevaluating
ChatterBot Alpha reevaluating
ChatterBot Quebec reevaluating
ChatterBot Victor reevaluating
ChatterBot Golf reevaluating
ChatterBot Oscar reevaluating
ChatterBot Echo reevaluating
ChatterBot Kilo reevaluating
ChatterBot Alpha reevaluating
ChatterBot Quebec reevaluating
ChatterBot Sierra reevaluating
chatterbot Sierra submitting transactions
2024-10-15 04:33:47.056502 Quebec: Delta we want you to join our group
2024-10-15 04:33:47.064919 Delta: Yes
ChatterBot Golf reevaluating
ChatterBot Echo reevaluating
ChatterBot Kilo reevaluating
2024-10-15 04:33:47.100952 Sierra: We should drop Papa
ChatterBot Golf reevaluating
2024-10-15 04:33:47.137649 Quebec: Yes
2024-10-15 04:33:47.137872 Victor: Yes
2024-10-15 04:33:47.138021 Oscar: Yes
2024-10-15 04:33:47.138153 Kilo: Yes
2024-10-15 04:33:47.138273 Alpha: Yes
2024-10-15 04:33:47.138421 Echo: Yes
2024-10-15 04:33:47.138564 Golf: Yes
ChatterBot Golf reevaluating
ChatterBot Golf reevaluating
ChatterBot Golf reevaluating
ChatterBot Golf reevaluating
ChatterBot Golf reevaluating
ChatterBot Golf reevaluating
2024-10-15 04:33:47.390980 Delta: I was attacked by Oscar, Echo, Kilo and Alpha
ChatterBot Golf reevaluating
ChatterBot Oscar reevaluating
ChatterBot Echo reevaluating
ChatterBot Kilo reevaluating
ChatterBot Alpha reevaluating
ChatterBot Quebec reevaluating
ChatterBot Sierra reevaluating
ChatterBot Victor reevaluating
2024-10-15 04:33:47.437496 Delta: Ow
chatterbot Papa submitting transactions
2024-10-15 04:33:47.493032 Alpha: Delta, Sierra, Golf, Oscar, Victor and Quebec, sending you 2
2024-10-15 04:33:47.494670 Kilo: Delta and Victor, sending you 3
2024-10-15 04:33:47.496073 Golf: Delta, Oscar, Kilo, Alpha, Victor and Quebec, sending you 2
2024-10-15 04:33:47.497470 Echo: Delta, Sierra, Oscar and Victor, sending you 2
2024-10-15 04:33:47.498698 Victor: Delta, Golf and Quebec, sending you 1
2024-10-15 04:33:47.499469 Oscar: Delta, Echo, Alpha, Victor and Quebec, sending you 2
2024-10-15 04:33:47.500907 Alpha: Echo, sending you 4
2024-10-15 04:33:47.502266 Kilo: Sierra and Alpha, sending you 1
2024-10-15 04:33:47.503472 Golf: Sierra, sending you 1
2024-10-15 04:33:47.504724 Echo: Golf, Kilo, Alpha and Quebec, sending you 3
2024-10-15 04:33:47.506337 Victor: Sierra, sending you 8
2024-10-15 04:33:47.506997 Oscar: Sierra, Golf and Kilo, sending you 3
2024-10-15 04:33:47.508359 Alpha: Kilo, sending you 1
2024-10-15 04:33:47.509759 Kilo: Golf and Quebec, sending you 2
2024-10-15 04:33:47.511119 Golf: Echo, sending you 3
2024-10-15 04:33:47.513640 Victor: Oscar, Echo and Alpha, sending you 2
2024-10-15 04:33:47.514584 Sierra: Oscar, sending you 4
2024-10-15 04:33:47.516025 Quebec: Delta, Golf, Oscar and Alpha, sending you 3
2024-10-15 04:33:47.516570 Kilo: Oscar and Echo, sending you 4
2024-10-15 04:33:47.517656 Victor: Kilo, sending you 3
2024-10-15 04:33:47.520994 Sierra: Echo, sending you 2
2024-10-15 04:33:47.522407 Quebec: Echo, sending you 4
2024-10-15 04:33:47.536497 Quebec: Kilo, sending you 2
2024-10-15 04:33:47.537898 Sierra: Kilo and Alpha, sending you 3
2024-10-15 04:33:47.545911 Sierra: Victor, sending you 8
chatterbot Delta submitting transactions
chatterbot Quebec submitting transactions
chatterbot Echo submitting transactions
chatterbot Oscar submitting transactions
chatterbot Golf submitting transactions
chatterbot Victor submitting transactions
chatterbot Kilo submitting transactions
chatterbot Alpha submitting transactions
chatterbot Sierra submitting transactions
ChatterBot Delta round 5
ChatterBot Papa round 5
ChatterBot Sierra round 5
ChatterBot Golf round 5
ChatterBot Oscar round 5
ChatterBot Echo round 5
ChatterBot Kilo round 5
ChatterBot Alpha round 5
ChatterBot Victor round 5
ChatterBot Quebec round 5
2024-10-15 04:33:48.643666 Delta: We should add Papa
ChatterBot Golf reevaluating
ChatterBot Oscar reevaluating
ChatterBot Echo reevaluating
ChatterBot Kilo reevaluating
ChatterBot Alpha reevaluating
ChatterBot Quebec reevaluating
ChatterBot Victor reevaluating
2024-10-15 04:33:48.709110 Golf: No
2024-10-15 04:33:48.709358 Oscar: No
2024-10-15 04:33:48.709562 Echo: Yes
2024-10-15 04:33:48.709773 Kilo: No
2024-10-15 04:33:48.710806 Alpha: No
2024-10-15 04:33:48.711007 Quebec: No
2024-10-15 04:33:48.711214 Sierra: No
2024-10-15 04:33:48.711400 Victor: No
ChatterBot Oscar reevaluating
ChatterBot Echo reevaluating
ChatterBot Kilo reevaluating
ChatterBot Alpha reevaluating
ChatterBot Quebec reevaluating
ChatterBot Victor reevaluating
ChatterBot Golf reevaluating
ChatterBot Echo reevaluating
ChatterBot Kilo reevaluating
ChatterBot Alpha reevaluating
ChatterBot Quebec reevaluating
ChatterBot Victor reevaluating
ChatterBot Golf reevaluating
ChatterBot Oscar reevaluating
ChatterBot Kilo reevaluating
ChatterBot Alpha reevaluating
ChatterBot Quebec reevaluating
ChatterBot Victor reevaluating
ChatterBot Golf reevaluating
ChatterBot Oscar reevaluating
ChatterBot Echo reevaluating
ChatterBot Alpha reevaluating
ChatterBot Quebec reevaluating
ChatterBot Victor reevaluating
ChatterBot Golf reevaluating
ChatterBot Oscar reevaluating
ChatterBot Echo reevaluating
ChatterBot Kilo reevaluating
ChatterBot Quebec reevaluating
ChatterBot Victor reevaluating
ChatterBot Golf reevaluating
ChatterBot Oscar reevaluating
ChatterBot Echo reevaluating
ChatterBot Kilo reevaluating
ChatterBot Alpha reevaluating
ChatterBot Victor reevaluating
ChatterBot Golf reevaluating
ChatterBot Oscar reevaluating
ChatterBot Echo reevaluating
ChatterBot Kilo reevaluating
ChatterBot Alpha reevaluating
