ChatterBot Alpha round 1
ChatterBot Echo round 1
ChatterBot Romeo round 1
ChatterBot Hotel round 1
ChatterBot Mike round 1
ChatterBot Charlie round 1
ChatterBot Victor round 1
ChatterBot Tango round 1
ChatterBot X-ray round 1
ChatterBot November round 1
randomSelections Alpha: {Alpha, Romeo, Mike, Tango, Echo, Hotel, November, Victor} 
2024-10-15 04:33:37.713160 Alpha: Let's form a team
ChatterBot Romeo reevaluating
ChatterBot Mike reevaluating
ChatterBot Tango reevaluating
ChatterBot Echo reevaluating
ChatterBot Hotel reevaluating
ChatterBot November reevaluating
ChatterBot Victor reevaluating
2024-10-15 04:33:37.775377 Romeo: Yes
2024-10-15 04:33:37.775732 Mike: Yes
2024-10-15 04:33:37.775925 Tango: Yes
2024-10-15 04:33:37.776264 Echo: Yes
2024-10-15 04:33:37.776445 Hotel: Yes
2024-10-15 04:33:37.777311 November: Yes
2024-10-15 04:33:37.777435 Victor: Yes
ChatterBot Mike reevaluating
ChatterBot Tango reevaluating
ChatterBot Echo reevaluating
ChatterBot Hotel reevaluating
ChatterBot November reevaluating
ChatterBot Victor reevaluating
ChatterBot Romeo reevaluating
ChatterBot Tango reevaluating
ChatterBot Echo reevaluating
ChatterBot Hotel reevaluating
ChatterBot November reevaluating
ChatterBot Victor reevaluating
ChatterBot Romeo reevaluating
ChatterBot Mike reevaluating
ChatterBot Echo reevaluating
ChatterBot Hotel reevaluating
ChatterBot November reevaluating
ChatterBot Victor reevaluating
ChatterBot Romeo reevaluating
ChatterBot Mike reevaluating
ChatterBot Tango reevaluating
ChatterBot Hotel reevaluating
ChatterBot November reevaluating
ChatterBot Victor reevaluating
ChatterBot Romeo reevaluating
ChatterBot Mike reevaluating
ChatterBot Tango reevaluating
ChatterBot Echo reevaluating
ChatterBot November reevaluating
ChatterBot Victor reevaluating
ChatterBot Romeo reevaluating
ChatterBot Mike reevaluating
ChatterBot Tango reevaluating
ChatterBot Echo reevaluating
ChatterBot Hotel reevaluating
ChatterBot Victor reevaluating
ChatterBot Romeo reevaluating
ChatterBot Mike reevaluating
ChatterBot Tango reevaluating
ChatterBot Echo reevaluating
ChatterBot Hotel reevaluating
ChatterBot November reevaluating
randomSelections Charlie: {Charlie, November, Alpha, Victor, Mike, Romeo, Echo, Tango} 
2024-10-15 04:33:37.873155 Charlie: We would work well together
ChatterBot November reevaluating
ChatterBot Victor reevaluating
ChatterBot Mike reevaluating
ChatterBot Romeo reevaluating
ChatterBot Echo reevaluating
ChatterBot Tango reevaluating
2024-10-15 04:33:37.883564 November: No
2024-10-15 04:33:37.883873 Alpha: No
2024-10-15 04:33:37.884054 Victor: No
2024-10-15 04:33:37.884842 Mike: No
2024-10-15 04:33:37.885184 Romeo: No
2024-10-15 04:33:37.885467 Echo: No
2024-10-15 04:33:37.885763 Tango: No
ChatterBot Victor reevaluating
ChatterBot Mike reevaluating
ChatterBot Romeo reevaluating
ChatterBot Echo reevaluating
ChatterBot Tango reevaluating
ChatterBot November reevaluating
ChatterBot Victor reevaluating
ChatterBot Mike reevaluating
ChatterBot Romeo reevaluating
ChatterBot Echo reevaluating
ChatterBot Tango reevaluating
ChatterBot November reevaluating
ChatterBot Mike reevaluating
ChatterBot Romeo reevaluating
ChatterBot Echo reevaluating
ChatterBot Tango reevaluating
ChatterBot November reevaluating
ChatterBot Victor reevaluating
ChatterBot Romeo reevaluating
ChatterBot Echo reevaluating
ChatterBot Tango reevaluating
ChatterBot November reevaluating
ChatterBot Victor reevaluating
ChatterBot Mike reevaluating
ChatterBot Echo reevaluating
ChatterBot Tango reevaluating
ChatterBot November reevaluating
ChatterBot Victor reevaluating
ChatterBot Mike reevaluating
ChatterBot Romeo reevaluating
ChatterBot Tango reevaluating
ChatterBot November reevaluating
ChatterBot Victor reevaluating
ChatterBot Mike reevaluating
ChatterBot Romeo reevaluating
ChatterBot Echo reevaluating
randomSelections X-ray: {X-ray, November, Victor, Echo, Charlie} 
2024-10-15 04:33:37.956851 X-ray: We should group up
ChatterBot November reevaluating
ChatterBot Victor reevaluating
ChatterBot Echo reevaluating
2024-10-15 04:33:37.962285 November: No
2024-10-15 04:33:37.962539 Victor: No
2024-10-15 04:33:37.962776 Echo: No
2024-10-15 04:33:37.963152 Charlie: No
ChatterBot Victor reevaluating
ChatterBot Echo reevaluating
ChatterBot November reevaluating
ChatterBot Echo reevaluating
ChatterBot November reevaluating
ChatterBot Victor reevaluating
ChatterBot November reevaluating
ChatterBot Victor reevaluating
ChatterBot Echo reevaluating
2024-10-15 04:33:37.990678 Mike: Echo, sending you 4
2024-10-15 04:33:37.991940 Charlie: Alpha and Tango, sending you 1
2024-10-15 04:33:37.993679 Mike: Romeo and Victor, sending you 2
2024-10-15 04:33:37.994652 Hotel: Echo, sending you 4
2024-10-15 04:33:37.995264 Charlie: Echo and Mike, sending you 3
2024-10-15 04:33:37.998668 Mike: Tango, sending you 1
2024-10-15 04:33:37.999216 Hotel: Mike, sending you 5
2024-10-15 04:33:38.000513 Charlie: Victor and November, sending you 2
2024-10-15 04:33:38.001320 Tango: November, sending you 1
2024-10-15 04:33:38.001984 Romeo: Alpha and Hotel, sending you 1
2024-10-15 04:33:38.002561 Alpha: Echo and Romeo, sending you 2
2024-10-15 04:33:38.003721 Mike: November, sending you 6
2024-10-15 04:33:38.004447 Hotel: Victor and Tango, sending you 2
2024-10-15 04:33:38.004996 Romeo: Echo and Tango, sending you 2
2024-10-15 04:33:38.006656 Victor: Alpha, Echo, Romeo, Mike and November, sending you 3
2024-10-15 04:33:38.007424 X-ray: Echo, sending you 8
2024-10-15 04:33:38.008027 Alpha: Hotel and Victor, sending you 4
2024-10-15 04:33:38.009325 November: Alpha, sending you 1
2024-10-15 04:33:38.010073 Hotel: November, sending you 1
2024-10-15 04:33:38.010772 Romeo: Mike and November, sending you 3
2024-10-15 04:33:38.011641 X-ray: Charlie and Victor, sending you 3
2024-10-15 04:33:38.012317 Victor: Tango, sending you 4
2024-10-15 04:33:38.013061 Alpha: Mike, sending you 1
2024-10-15 04:33:38.014668 November: Echo, Hotel and Mike, sending you 2
2024-10-15 04:33:38.015254 Romeo: Victor, sending you 4
2024-10-15 04:33:38.016659 Echo: Romeo, sending you 4
2024-10-15 04:33:38.017444 X-ray: November, sending you 2
2024-10-15 04:33:38.018176 Alpha: Tango, sending you 3
2024-10-15 04:33:38.018872 November: Romeo, sending you 5
2024-10-15 04:33:38.021667 Echo: Hotel, Mike and November, sending you 2
2024-10-15 04:33:38.022671 November: Victor, sending you 4
2024-10-15 04:33:38.025657 November: Tango, sending you 3
2024-10-15 04:33:38.026683 Echo: Victor, sending you 3
2024-10-15 04:33:38.030655 Echo: Tango, sending you 1
chatterbot Alpha submitting transactions
chatterbot X-ray submitting transactions
chatterbot Tango submitting transactions
chatterbot Romeo submitting transactions
chatterbot Hotel submitting transactions
chatterbot Victor submitting transactions
chatterbot Echo submitting transactions
chatterbot November submitting transactions
chatterbot Charlie submitting transactions
chatterbot Mike submitting transactions
ChatterBot Alpha round 2
ChatterBot Echo round 2
ChatterBot Romeo round 2
ChatterBot Hotel round 2
ChatterBot Mike round 2
ChatterBot Charlie round 2
ChatterBot Victor round 2
ChatterBot Tango round 2
ChatterBot X-ray round 2
2024-10-15 04:33:42.952291 Romeo: We would work well together
ChatterBot Victor reevaluating
ChatterBot X-ray reevaluating
ChatterBot November reevaluating
ChatterBot Charlie reevaluating
2024-10-15 04:33:43.022221 Alpha: No
2024-10-15 04:33:43.022461 Echo: No
2024-10-15 04:33:43.022627 Hotel: No
2024-10-15 04:33:43.022791 Mike: No
2024-10-15 04:33:43.022942 Victor: No
2024-10-15 04:33:43.023094 X-ray: No
2024-10-15 04:33:43.023239 November: No
2024-10-15 04:33:43.023875 Charlie: No
ChatterBot Victor reevaluating
ChatterBot X-ray reevaluating
ChatterBot November reevaluating
ChatterBot Charlie reevaluating
ChatterBot Victor reevaluating
ChatterBot X-ray reevaluating
ChatterBot November reevaluating
ChatterBot Charlie reevaluating
ChatterBot Victor reevaluating
ChatterBot X-ray reevaluating
ChatterBot November reevaluating
ChatterBot Charlie reevaluating
ChatterBot Victor reevaluating
ChatterBot X-ray reevaluating
ChatterBot November reevaluating
ChatterBot Charlie reevaluating
ChatterBot X-ray reevaluating
ChatterBot November reevaluating
ChatterBot Charlie reevaluating
ChatterBot Victor reevaluating
ChatterBot November reevaluating
ChatterBot Charlie reevaluating
ChatterBot Victor reevaluating
ChatterBot X-ray reevaluating
ChatterBot Charlie reevaluating
ChatterBot Victor reevaluating
ChatterBot X-ray reevaluating
ChatterBot November reevaluating
ChatterBot November round 2
2024-10-15 04:33:43.568114 Mike: We should drop Tango
ChatterBot Victor reevaluating
ChatterBot November reevaluating
2024-10-15 04:33:43.609130 Alpha: Yes
2024-10-15 04:33:43.609294 Echo: Yes
2024-10-15 04:33:43.609430 Romeo: Yes
2024-10-15 04:33:43.609559 Hotel: Yes
2024-10-15 04:33:43.609722 Victor: Yes
2024-10-15 04:33:43.609865 November: Yes
ChatterBot Victor reevaluating
ChatterBot November reevaluating
ChatterBot Victor reevaluating
ChatterBot November reevaluating
ChatterBot Victor reevaluating
ChatterBot November reevaluating
ChatterBot Victor reevaluating
ChatterBot November reevaluating
ChatterBot November reevaluating
ChatterBot Victor reevaluating
2024-10-15 04:33:44.007695 Tango: We should add X-ray
ChatterBot November reevaluating
ChatterBot Victor reevaluating
2024-10-15 04:33:44.046128 Alpha: Yes
2024-10-15 04:33:44.046579 Romeo: Yes
2024-10-15 04:33:44.047426 Mike: Yes
2024-10-15 04:33:44.047760 Echo: Yes
2024-10-15 04:33:44.048074 Hotel: Yes
2024-10-15 04:33:44.048271 November: Yes
2024-10-15 04:33:44.048552 Victor: Yes
ChatterBot November reevaluating
ChatterBot Victor reevaluating
ChatterBot November reevaluating
ChatterBot Victor reevaluating
ChatterBot November reevaluating
ChatterBot Victor reevaluating
ChatterBot November reevaluating
ChatterBot Victor reevaluating
ChatterBot November reevaluating
ChatterBot Victor reevaluating
ChatterBot Alpha reevaluating
ChatterBot Victor reevaluating
ChatterBot Alpha reevaluating
ChatterBot Hotel reevaluating
ChatterBot November reevaluating
2024-10-15 04:33:44.386964 Hotel: We should replace Tango with X-ray
ChatterBot Alpha reevaluating
ChatterBot Victor reevaluating
ChatterBot November reevaluating
2024-10-15 04:33:44.434997 Mike: No
2024-10-15 04:33:44.435245 Alpha: Yes
2024-10-15 04:33:44.435456 Echo: No
2024-10-15 04:33:44.435668 Romeo: Yes
2024-10-15 04:33:44.435868 Victor: No
2024-10-15 04:33:44.436087 November: No
ChatterBot Alpha reevaluating
ChatterBot Hotel reevaluating
ChatterBot Victor reevaluating
ChatterBot November reevaluating
ChatterBot Hotel reevaluating
ChatterBot Victor reevaluating
ChatterBot November reevaluating
ChatterBot Alpha reevaluating
ChatterBot Hotel reevaluating
ChatterBot Victor reevaluating
ChatterBot November reevaluating
ChatterBot Alpha reevaluating
ChatterBot Hotel reevaluating
ChatterBot Victor reevaluating
ChatterBot November reevaluating
ChatterBot Alpha reevaluating
ChatterBot Hotel reevaluating
ChatterBot November reevaluating
ChatterBot Alpha reevaluating
ChatterBot Hotel reevaluating
ChatterBot Victor reevaluating
2024-10-15 04:33:44.669416 Tango: X-ray we want you to join our group
ChatterBot X-ray reevaluating
2024-10-15 04:33:44.673813 X-ray: No
ChatterBot Alpha reevaluating
ChatterBot Hotel reevaluating
2024-10-15 04:33:44.703250 Victor: X-ray we want you to join our group
ChatterBot X-ray reevaluating
2024-10-15 04:33:44.707469 X-ray: No
ChatterBot Victor reevaluating
ChatterBot Alpha reevaluating
ChatterBot Hotel reevaluating
2024-10-15 04:33:44.732468 Romeo: Alpha, Echo, Hotel, Mike, Charlie, Victor, X-ray and November, sending you 2
2024-10-15 04:33:44.735679 Mike: Alpha, sending you 1
2024-10-15 04:33:44.736934 Charlie: Sending you 7
2024-10-15 04:33:44.737677 Echo: Alpha, Romeo, Victor and November, sending you 2
2024-10-15 04:33:44.738842 Alpha: X-ray we want you to join our group
ChatterBot X-ray reevaluating
2024-10-15 04:33:44.744864 X-ray: No
ChatterBot Victor reevaluating
ChatterBot Hotel reevaluating
2024-10-15 04:33:44.780482 Mike: Echo and November, sending you 2
2024-10-15 04:33:44.781408 Echo: Hotel and Mike, sending you 3
2024-10-15 04:33:44.783675 Mike: Romeo, sending you 4
2024-10-15 04:33:44.785688 Tango: Alpha, Echo, Romeo, Hotel, Mike and November, sending you 1
2024-10-15 04:33:44.787044 Hotel: X-ray we want you to join our group
ChatterBot X-ray reevaluating
2024-10-15 04:33:44.790819 X-ray: No
ChatterBot Victor reevaluating
ChatterBot Hotel reevaluating
2024-10-15 04:33:44.816703 X-ray: Can we be friends?
2024-10-15 04:33:44.819618 Tango: Yes
ChatterBot X-ray reevaluating
2024-10-15 04:33:44.823816 Mike: Hotel, sending you 6
2024-10-15 04:33:44.824281 Tango: Victor, sending you 3
2024-10-15 04:33:44.827700 November: Echo, sending you 3
2024-10-15 04:33:44.828677 Mike: Victor, sending you 3
2024-10-15 04:33:44.829871 Alpha: Romeo and November, sending you 3
2024-10-15 04:33:44.831749 November: Romeo and Victor, sending you 4
2024-10-15 04:33:44.832688 Alpha: Victor, sending you 10
2024-10-15 04:33:44.835660 November: Hotel, sending you 1
2024-10-15 04:33:44.839664 November: Mike, sending you 8
2024-10-15 04:33:44.841655 X-ray: Sending you 16
2024-10-15 04:33:44.850660 Hotel: Alpha and Echo, sending you 1
2024-10-15 04:33:44.852663 Victor: Alpha, sending you 4
2024-10-15 04:33:44.856210 Victor: Echo, Romeo, X-ray and November, sending you 3
2024-10-15 04:33:44.861680 Victor: Hotel and Mike, sending you 2
chatterbot Echo submitting transactions
chatterbot Romeo submitting transactions
chatterbot Victor submitting transactions
chatterbot Hotel submitting transactions
chatterbot Charlie submitting transactions
chatterbot Alpha submitting transactions
chatterbot Tango submitting transactions
chatterbot Mike submitting transactions
chatterbot November submitting transactions
chatterbot X-ray submitting transactions
ChatterBot Alpha round 3
ChatterBot Echo round 3
ChatterBot Romeo round 3
ChatterBot Hotel round 3
ChatterBot Mike round 3
ChatterBot Charlie round 3
ChatterBot Victor round 3
ChatterBot Tango round 3
ChatterBot X-ray round 3
ChatterBot November round 3
2024-10-15 04:33:45.830647 Alpha: Let's form a team
ChatterBot Romeo reevaluating
ChatterBot Mike reevaluating
ChatterBot Victor reevaluating
ChatterBot November reevaluating
ChatterBot Charlie reevaluating
2024-10-15 04:33:45.879761 Echo: No
2024-10-15 04:33:45.879990 Romeo: Yes
2024-10-15 04:33:45.880181 Mike: No
2024-10-15 04:33:45.880381 Victor: Yes
2024-10-15 04:33:45.881208 November: No
2024-10-15 04:33:45.881422 Charlie: Yes
ChatterBot Alpha reevaluating
ChatterBot Romeo reevaluating
ChatterBot Mike reevaluating
ChatterBot Victor reevaluating
ChatterBot November reevaluating
ChatterBot Charlie reevaluating
ChatterBot Alpha reevaluating
ChatterBot Mike reevaluating
ChatterBot Victor reevaluating
ChatterBot November reevaluating
ChatterBot Charlie reevaluating
ChatterBot Alpha reevaluating
ChatterBot Romeo reevaluating
ChatterBot Victor reevaluating
ChatterBot November reevaluating
ChatterBot Charlie reevaluating
ChatterBot Alpha reevaluating
ChatterBot Romeo reevaluating
ChatterBot Mike reevaluating
ChatterBot November reevaluating
ChatterBot Charlie reevaluating
ChatterBot Alpha reevaluating
ChatterBot Romeo reevaluating
ChatterBot Mike reevaluating
ChatterBot Victor reevaluating
ChatterBot Charlie reevaluating
ChatterBot Alpha reevaluating
ChatterBot Romeo reevaluating
ChatterBot Mike reevaluating
ChatterBot Victor reevaluating
ChatterBot November reevaluating
2024-10-15 04:33:46.190295 X-ray: We should add Charlie and Romeo
ChatterBot Tango reevaluating
2024-10-15 04:33:46.198711 Tango: Yes
2024-10-15 04:33:46.206157 Tango: We should replace Hotel with Charlie
ChatterBot Alpha reevaluating
ChatterBot Romeo reevaluating
ChatterBot Mike reevaluating
ChatterBot Victor reevaluating
ChatterBot November reevaluating
2024-10-15 04:33:46.257176 X-ray: Yes
2024-10-15 04:33:46.257356 Alpha: Yes
2024-10-15 04:33:46.257519 Echo: No
2024-10-15 04:33:46.258079 Romeo: Yes
2024-10-15 04:33:46.258222 Mike: No
2024-10-15 04:33:46.258353 Victor: No
2024-10-15 04:33:46.258518 November: No
ChatterBot Tango reevaluating
ChatterBot Alpha reevaluating
ChatterBot Romeo reevaluating
ChatterBot Mike reevaluating
ChatterBot Victor reevaluating
ChatterBot November reevaluating
ChatterBot Tango reevaluating
ChatterBot Romeo reevaluating
ChatterBot Mike reevaluating
ChatterBot Victor reevaluating
ChatterBot November reevaluating
ChatterBot Tango reevaluating
ChatterBot Alpha reevaluating
ChatterBot Romeo reevaluating
ChatterBot Mike reevaluating
ChatterBot Victor reevaluating
ChatterBot November reevaluating
ChatterBot Tango reevaluating
ChatterBot Alpha reevaluating
ChatterBot Mike reevaluating
ChatterBot Victor reevaluating
ChatterBot November reevaluating
ChatterBot Tango reevaluating
ChatterBot Alpha reevaluating
ChatterBot Romeo reevaluating
ChatterBot Victor reevaluating
ChatterBot November reevaluating
ChatterBot Tango reevaluating
ChatterBot Alpha reevaluating
ChatterBot Romeo reevaluating
ChatterBot Mike reevaluating
ChatterBot November reevaluating
ChatterBot Tango reevaluating
ChatterBot Alpha reevaluating
ChatterBot Romeo reevaluating
ChatterBot Mike reevaluating
ChatterBot Victor reevaluating
2024-10-15 04:33:46.501225 Echo: We should drop Hotel
ChatterBot Alpha reevaluating
ChatterBot Romeo reevaluating
ChatterBot Mike reevaluating
ChatterBot Victor reevaluating
ChatterBot November reevaluating
2024-10-15 04:33:46.518335 Alpha: Yes
2024-10-15 04:33:46.518439 Romeo: Yes
2024-10-15 04:33:46.518529 Mike: Yes
2024-10-15 04:33:46.518619 Victor: Yes
2024-10-15 04:33:46.518708 November: Yes
ChatterBot Romeo reevaluating
ChatterBot Mike reevaluating
ChatterBot Victor reevaluating
ChatterBot November reevaluating
ChatterBot Alpha reevaluating
ChatterBot Mike reevaluating
ChatterBot Victor reevaluating
ChatterBot November reevaluating
ChatterBot Alpha reevaluating
ChatterBot Romeo reevaluating
ChatterBot Victor reevaluating
ChatterBot November reevaluating
ChatterBot Alpha reevaluating
ChatterBot Romeo reevaluating
ChatterBot Mike reevaluating
ChatterBot November reevaluating
ChatterBot Alpha reevaluating
ChatterBot Romeo reevaluating
ChatterBot Mike reevaluating
ChatterBot Victor reevaluating
2024-10-15 04:33:46.607054 Hotel: We should drop X-ray
ChatterBot Alpha reevaluating
ChatterBot Romeo reevaluating
ChatterBot Victor reevaluating
2024-10-15 04:33:46.666832 Mike: Yes
2024-10-15 04:33:46.667004 Alpha: Yes
2024-10-15 04:33:46.667127 Echo: Yes
2024-10-15 04:33:46.667254 Romeo: Yes
2024-10-15 04:33:46.667379 Victor: Yes
2024-10-15 04:33:46.671640 November: Yes
ChatterBot Alpha reevaluating
ChatterBot Romeo reevaluating
ChatterBot Victor reevaluating
ChatterBot Romeo reevaluating
ChatterBot Victor reevaluating
ChatterBot Alpha reevaluating
ChatterBot Romeo reevaluating
ChatterBot Victor reevaluating
ChatterBot Alpha reevaluating
ChatterBot Victor reevaluating
ChatterBot Alpha reevaluating
ChatterBot Romeo reevaluating
ChatterBot Alpha reevaluating
ChatterBot Romeo reevaluating
ChatterBot Victor reevaluating
2024-10-15 04:33:46.936543 X-ray: Charlie and Romeo we want you to join our group
ChatterBot Charlie reevaluating
ChatterBot Romeo reevaluating
2024-10-15 04:33:46.952631 Charlie: No
2024-10-15 04:33:46.953514 Romeo: No
ChatterBot Tango reevaluating
ChatterBot Romeo reevaluating
ChatterBot Charlie reevaluating
ChatterBot Tango reevaluating
2024-10-15 04:33:46.983316 November: We should drop Alpha and Hotel
2024-10-15 04:33:46.998989 Echo: No
2024-10-15 04:33:46.999180 Romeo: No
2024-10-15 04:33:46.999324 Mike: No
2024-10-15 04:33:46.999480 Victor: No
2024-10-15 04:33:47.090109 Tango: Charlie we want you to join our group
ChatterBot Charlie reevaluating
2024-10-15 04:33:47.097567 Charlie: Yes
ChatterBot Tango reevaluating
2024-10-15 04:33:47.165582 Victor: Alpha, sending you 5
2024-10-15 04:33:47.167430 Hotel: Alpha, Romeo and November, sending you 2
2024-10-15 04:33:47.169990 Echo: Alpha, sending you 1
2024-10-15 04:33:47.171765 Alpha: Echo and Romeo, sending you 3
2024-10-15 04:33:47.173401 X-ray: Romeo, sending you 4
chatterbot X-ray submitting transactions
2024-10-15 04:33:47.175103 Victor: Echo, Romeo and Mike, sending you 3
2024-10-15 04:33:47.177337 Hotel: Echo, sending you 3
2024-10-15 04:33:47.179665 Echo: Romeo, sending you 2
2024-10-15 04:33:47.180823 Alpha: Mike, Charlie and November, sending you 1
2024-10-15 04:33:47.183417 X-ray: Charlie, sending you 11
2024-10-15 04:33:47.185517 Romeo: Alpha, Echo, Mike, Charlie, Victor and November, sending you 2
2024-10-15 04:33:47.187336 Mike: Echo, sending you 4
2024-10-15 04:33:47.189656 Victor: Charlie, sending you 2
2024-10-15 04:33:47.192159 Hotel: Mike, sending you 4
2024-10-15 04:33:47.194153 Echo: Mike and Victor, sending you 4
2024-10-15 04:33:47.195766 Alpha: Victor, sending you 7
2024-10-15 04:33:47.196788 X-ray: Tango, sending you 1
2024-10-15 04:33:47.199127 Mike: Romeo and Victor, sending you 3
2024-10-15 04:33:47.200803 Victor: November, sending you 4
2024-10-15 04:33:47.202944 Hotel: Victor, sending you 1
2024-10-15 04:33:47.205081 Echo: November, sending you 3
2024-10-15 04:33:47.206688 Charlie: Romeo and X-ray, sending you 6
2024-10-15 04:33:47.208236 Mike: November, sending you 7
2024-10-15 04:33:47.290171 Tango: Alpha, Romeo, Victor and November, sending you 2
chatterbot November submitting transactions
2024-10-15 04:33:47.330829 Tango: Echo, Mike and Charlie, sending you 1
2024-10-15 04:33:47.352996 Tango: X-ray, sending you 7
chatterbot Echo submitting transactions
chatterbot Alpha submitting transactions
chatterbot Mike submitting transactions
chatterbot Hotel submitting transactions
chatterbot Victor submitting transactions
chatterbot Romeo submitting transactions
chatterbot Charlie submitting transactions
chatterbot Tango submitting transactions
ChatterBot Alpha round 4
ChatterBot Echo round 4
ChatterBot Romeo round 4
ChatterBot Hotel round 4
ChatterBot Mike round 4
ChatterBot Charlie round 4
ChatterBot Victor round 4
ChatterBot Tango round 4
ChatterBot X-ray round 4
ChatterBot November round 4
2024-10-15 04:33:48.219576 Alpha: We should drop Charlie
2024-10-15 04:33:48.244485 Echo: Yes
2024-10-15 04:33:48.245394 Romeo: No
2024-10-15 04:33:48.245718 Mike: Yes
2024-10-15 04:33:48.245958 Victor: No
2024-10-15 04:33:48.246247 November: Yes
ChatterBot Echo reevaluating
ChatterBot Alpha reevaluating
ChatterBot Victor reevaluating
ChatterBot Echo reevaluating
ChatterBot Alpha reevaluating
ChatterBot Victor reevaluating
ChatterBot Echo reevaluating
ChatterBot Alpha reevaluating
ChatterBot Echo reevaluating
ChatterBot Alpha reevaluating
ChatterBot Victor reevaluating
2024-10-15 04:33:48.361419 November: We should replace Romeo with Alpha
ChatterBot Echo reevaluating
ChatterBot Victor reevaluating
2024-10-15 04:33:48.371013 Echo: No
2024-10-15 04:33:48.371167 Mike: No
2024-10-15 04:33:48.371284 Victor: No
ChatterBot November reevaluating
ChatterBot Victor reevaluating
ChatterBot November reevaluating
ChatterBot Echo reevaluating
ChatterBot Victor reevaluating
ChatterBot November reevaluating
ChatterBot Echo reevaluating
2024-10-15 04:33:48.401907 November: We should replace Echo with Alpha
ChatterBot Victor reevaluating
2024-10-15 04:33:48.411971 Romeo: No
2024-10-15 04:33:48.412192 Mike: No
2024-10-15 04:33:48.412830 Victor: No
ChatterBot November reevaluating
ChatterBot Victor reevaluating
ChatterBot November reevaluating
ChatterBot Victor reevaluating
ChatterBot November reevaluating
2024-10-15 04:33:48.444686 X-ray: Romeo, sending you 2
2024-10-15 04:33:48.445698 Hotel: Alpha, sending you 2
2024-10-15 04:33:48.448072 Charlie: Romeo and Victor, sending you 2
2024-10-15 04:33:48.450259 Mike: Echo, sending you 5
2024-10-15 04:33:48.451261 Romeo: Alpha, Echo, Mike, Victor and November, sending you 2
2024-10-15 04:33:48.452844 Tango: Alpha, Romeo, Victor and November, sending you 2
2024-10-15 04:33:48.455149 X-ray: Charlie, sending you 8
2024-10-15 04:33:48.455747 Hotel: Echo, sending you 3
2024-10-15 04:33:48.456559 Charlie: Tango, sending you 1
2024-10-15 04:33:48.457972 Mike: Romeo, sending you 3
2024-10-15 04:33:48.458845 Romeo: Charlie, sending you 1
2024-10-15 04:33:48.460202 Tango: Echo, Mike and Charlie, sending you 1
2024-10-15 04:33:48.461126 Echo: Alpha, Romeo and November, sending you 2
2024-10-15 04:33:48.462289 Hotel: Romeo, Victor and November, sending you 1
2024-10-15 04:33:48.463040 X-ray: Tango, sending you 6
2024-10-15 04:33:48.463459 Charlie: X-ray, sending you 7
2024-10-15 04:33:48.464498 Mike: Victor and November, sending you 4
2024-10-15 04:33:48.466263 November: Echo and Romeo, sending you 1
2024-10-15 04:33:48.467038 Tango: X-ray, sending you 7
2024-10-15 04:33:48.468897 Echo: Mike and Victor, sending you 4
2024-10-15 04:33:48.470708 Hotel: Mike, sending you 4
2024-10-15 04:33:48.471948 Hotel: I was attacked by Romeo and Mike
ChatterBot Mike reevaluating
ChatterBot Alpha reevaluating
ChatterBot Echo reevaluating
ChatterBot Romeo reevaluating
ChatterBot Victor reevaluating
ChatterBot November reevaluating
2024-10-15 04:33:48.514287 Hotel: Ow
2024-10-15 04:33:48.516643 Echo: We should add Hotel
ChatterBot Alpha reevaluating
ChatterBot Romeo reevaluating
ChatterBot Mike reevaluating
ChatterBot Victor reevaluating
ChatterBot November reevaluating
2024-10-15 04:33:48.550692 Alpha: No
2024-10-15 04:33:48.550897 Romeo: No
2024-10-15 04:33:48.551156 Mike: No
2024-10-15 04:33:48.551339 Victor: No
2024-10-15 04:33:48.551517 November: No
ChatterBot Echo reevaluating
ChatterBot Romeo reevaluating
ChatterBot Mike reevaluating
ChatterBot Victor reevaluating
ChatterBot November reevaluating
ChatterBot Echo reevaluating
ChatterBot Alpha reevaluating
ChatterBot Mike reevaluating
ChatterBot Victor reevaluating
ChatterBot November reevaluating
ChatterBot Echo reevaluating
ChatterBot Alpha reevaluating
ChatterBot Romeo reevaluating
ChatterBot Victor reevaluating
ChatterBot November reevaluating
ChatterBot Echo reevaluating
ChatterBot Alpha reevaluating
ChatterBot Romeo reevaluating
ChatterBot Mike reevaluating
ChatterBot November reevaluating
ChatterBot Echo reevaluating
ChatterBot Alpha reevaluating
ChatterBot Romeo reevaluating
ChatterBot Mike reevaluating
ChatterBot Victor reevaluating
2024-10-15 04:33:48.746913 Romeo: Sorry, I'm actually sending you 0
2024-10-15 04:33:48.747472 Mike: Echo, sending you 6
2024-10-15 04:33:48.754115 Victor: Alpha, sending you 6
2024-10-15 04:33:48.755471 Mike: Romeo, sending you 4
2024-10-15 04:33:48.758520 November: Echo, sending you 4
2024-10-15 04:33:48.759827 Victor: Echo, sending you 4
2024-10-15 04:33:48.761080 Mike: Victor and November, sending you 5
2024-10-15 04:33:48.763695 November: Romeo, sending you 3
2024-10-15 04:33:48.764508 Victor: Romeo, Mike and November, sending you 3
2024-10-15 04:33:48.767985 November: Mike, sending you 7
2024-10-15 04:33:48.769060 Victor: Charlie, sending you 1
2024-10-15 04:33:48.772671 November: Victor, sending you 5
chatterbot X-ray submitting transactions
chatterbot Romeo submitting transactions
chatterbot Tango submitting transactions
chatterbot Charlie submitting transactions
chatterbot Hotel submitting transactions
chatterbot Mike submitting transactions
chatterbot Alpha submitting transactions
chatterbot Echo submitting transactions
chatterbot Romeo submitting transactions
chatterbot Mike submitting transactions
chatterbot November submitting transactions
chatterbot Victor submitting transactions
ChatterBot Alpha round 5
ChatterBot Echo round 5
ChatterBot Romeo round 5
ChatterBot Hotel round 5
ChatterBot Mike round 5
ChatterBot Charlie round 5
ChatterBot Victor round 5
ChatterBot Tango round 5
ChatterBot X-ray round 5
2024-10-15 04:33:50.017656 Romeo: We should replace Charlie with Hotel
ChatterBot Alpha reevaluating
ChatterBot Mike reevaluating
ChatterBot Victor reevaluating
2024-10-15 04:33:50.054624 Echo: No
2024-10-15 04:33:50.054963 Alpha: Yes
2024-10-15 04:33:50.055236 Mike: No
2024-10-15 04:33:50.055608 Victor: Yes
2024-10-15 04:33:50.055993 November: No
ChatterBot Alpha reevaluating
ChatterBot Mike reevaluating
ChatterBot Victor reevaluating
ChatterBot Mike reevaluating
ChatterBot Victor reevaluating
ChatterBot Alpha reevaluating
ChatterBot Victor reevaluating
ChatterBot Alpha reevaluating
ChatterBot Mike reevaluating
ChatterBot Alpha reevaluating
ChatterBot Mike reevaluating
ChatterBot Victor reevaluating
ChatterBot November round 5
2024-10-15 04:33:50.244192 Romeo: Hotel we want you to join our group
2024-10-15 04:33:50.250492 Hotel: Yes
ChatterBot Mike reevaluating
ChatterBot Alpha reevaluating
ChatterBot Victor reevaluating
2024-10-15 04:33:50.281260 X-ray: We should drop Romeo
ChatterBot Tango reevaluating
2024-10-15 04:33:50.291277 Charlie: No
2024-10-15 04:33:50.291683 Tango: Yes
ChatterBot Tango reevaluating
2024-10-15 04:33:50.317536 Mike: We should drop Alpha
2024-10-15 04:33:50.343320 November: Yes
2024-10-15 04:33:50.343537 Echo: No
2024-10-15 04:33:50.343742 Romeo: No
2024-10-15 04:33:50.344397 Victor: No
2024-10-15 04:33:50.432380 Alpha: Hotel we want you to join our group
2024-10-15 04:33:50.437660 Hotel: Yes
2024-10-15 04:33:50.470122 Tango: We should drop Alpha
2024-10-15 04:33:50.497072 Echo: No
2024-10-15 04:33:50.497237 Romeo: No
2024-10-15 04:33:50.497357 Mike: Yes
2024-10-15 04:33:50.497486 Victor: No
2024-10-15 04:33:50.497597 Charlie: No
2024-10-15 04:33:50.498176 X-ray: Yes
2024-10-15 04:33:50.498342 November: Yes
ChatterBot Tango reevaluating
ChatterBot Tango reevaluating
ChatterBot Tango reevaluating
ChatterBot Tango reevaluating
ChatterBot Tango reevaluating
ChatterBot Tango reevaluating
ChatterBot Tango reevaluating
chatterbot Romeo submitting transactions
2024-10-15 04:33:50.780371 Echo: Alpha, sending you 1
2024-10-15 04:33:50.780917 Hotel: Echo, sending you 1
2024-10-15 04:33:50.781948 Charlie: Alpha, sending you 1
2024-10-15 04:33:50.782699 Romeo: Alpha, Echo, Victor and November, sending you 1
2024-10-15 04:33:50.784902 Echo: Romeo, sending you 2
2024-10-15 04:33:50.786078 November: Echo, sending you 4
2024-10-15 04:33:50.786782 Victor: Alpha and Echo, sending you 5
2024-10-15 04:33:50.788380 X-ray: Charlie, sending you 5
2024-10-15 04:33:50.788795 Hotel: Mike, sending you 2
2024-10-15 04:33:50.790178 Hotel: I was attacked by Romeo
ChatterBot Mike reevaluating
ChatterBot Alpha reevaluating
ChatterBot Echo reevaluating
ChatterBot Romeo reevaluating
ChatterBot Victor reevaluating
ChatterBot November reevaluating
2024-10-15 04:33:50.832065 Hotel: Ow
2024-10-15 04:33:50.834249 Charlie: Romeo, sending you 6
2024-10-15 04:33:50.835553 X-ray: Tango, sending you 4
chatterbot Echo submitting transactions
2024-10-15 04:33:50.839747 Charlie: Victor, sending you 5
2024-10-15 04:33:50.868678 Alpha: Echo and Hotel, sending you 2
2024-10-15 04:33:50.870382 Romeo: Alpha, Echo, Mike, Victor and November, sending you 3
2024-10-15 04:33:50.871325 Mike: Echo and Victor, sending you 4
2024-10-15 04:33:50.872749 Alpha: Romeo, sending you 3
2024-10-15 04:33:50.874683 Romeo: Hotel, sending you 1
2024-10-15 04:33:50.875757 Alpha: Victor, sending you 9
2024-10-15 04:33:50.877552 Mike: Romeo, sending you 3
2024-10-15 04:33:50.882675 Mike: November, sending you 5
chatterbot X-ray submitting transactions
chatterbot Victor submitting transactions
chatterbot Romeo submitting transactions
chatterbot Alpha submitting transactions
chatterbot Tango submitting transactions
chatterbot November submitting transactions
chatterbot Charlie submitting transactions
chatterbot Alpha submitting transactions
chatterbot Mike submitting transactions
chatterbot Hotel submitting transactions
chatterbot Echo submitting transactions
chatterbot Mike submitting transactions
chatterbot Victor submitting transactions
ChatterBot Alpha round 6
ChatterBot Echo round 6
ChatterBot Romeo round 6
ChatterBot Hotel round 6
ChatterBot Mike round 6
ChatterBot Charlie round 6
ChatterBot Victor round 6
ChatterBot Tango round 6
ChatterBot X-ray round 6
ChatterBot November round 6
2024-10-15 04:33:51.921645 Mike: We should add Alpha
ChatterBot November reevaluating
ChatterBot Echo reevaluating
ChatterBot Victor reevaluating
2024-10-15 04:33:51.954540 November: No
2024-10-15 04:33:51.955018 Echo: Yes
2024-10-15 04:33:51.956387 Romeo: Yes
2024-10-15 04:33:51.958287 Victor: Yes
ChatterBot Echo reevaluating
ChatterBot Mike reevaluating
ChatterBot Victor reevaluating
ChatterBot November reevaluating
ChatterBot Mike reevaluating
ChatterBot Victor reevaluating
ChatterBot November reevaluating
ChatterBot Echo reevaluating
ChatterBot Mike reevaluating
ChatterBot Victor reevaluating
ChatterBot November reevaluating
ChatterBot Echo reevaluating
ChatterBot Mike reevaluating
chatterbot November submitting transactions
2024-10-15 04:33:52.133550 Tango: We should drop Romeo
ChatterBot Mike reevaluating
2024-10-15 04:33:52.161862 Echo: No
2024-10-15 04:33:52.162036 Mike: No
2024-10-15 04:33:52.162163 Victor: No
2024-10-15 04:33:52.162274 Charlie: No
2024-10-15 04:33:52.162388 X-ray: Yes
2024-10-15 04:33:52.162486 November: No
ChatterBot Tango reevaluating
ChatterBot Mike reevaluating
ChatterBot Tango reevaluating
ChatterBot Tango reevaluating
ChatterBot Mike reevaluating
ChatterBot Tango reevaluating
ChatterBot Mike reevaluating
ChatterBot Tango reevaluating
ChatterBot Mike reevaluating
ChatterBot Tango reevaluating
ChatterBot Mike reevaluating
2024-10-15 04:33:52.327895 Alpha: I was attacked by X-ray
ChatterBot Mike reevaluating
2024-10-15 04:33:52.344529 Alpha: I'm keeping this round to protect myself
2024-10-15 04:33:52.345349 Alpha: Ow
2024-10-15 04:33:52.345579 Hotel: I was attacked by Mike and November
ChatterBot Mike reevaluating
ChatterBot Alpha reevaluating
ChatterBot Echo reevaluating
ChatterBot Romeo reevaluating
ChatterBot Victor reevaluating
ChatterBot November reevaluating
2024-10-15 04:33:52.364213 Hotel: I'm keeping this round to protect myself
2024-10-15 04:33:52.366050 Hotel: Ow
2024-10-15 04:33:52.366437 Charlie: Alpha, sending you 1
2024-10-15 04:33:52.366849 X-ray: Charlie, sending you 3
2024-10-15 04:33:52.371149 Charlie: Romeo, sending you 6
2024-10-15 04:33:52.371986 X-ray: Tango, sending you 2
2024-10-15 04:33:52.377389 Charlie: Victor, sending you 5
2024-10-15 04:33:52.379683 Mike: Echo, sending you 5
2024-10-15 04:33:52.383687 Mike: Romeo and Victor, sending you 4
2024-10-15 04:33:52.389672 Mike: November, sending you 7
chatterbot November submitting transactions
chatterbot Mike submitting transactions
chatterbot Echo submitting transactions
chatterbot Victor submitting transactions
chatterbot Hotel submitting transactions
chatterbot Alpha submitting transactions
chatterbot Charlie submitting transactions
chatterbot X-ray submitting transactions
chatterbot Romeo submitting transactions
chatterbot Tango submitting transactions
ChatterBot Alpha round 7
ChatterBot Echo round 7
ChatterBot Romeo round 7
ChatterBot Hotel round 7
ChatterBot Mike round 7
ChatterBot Charlie round 7
ChatterBot Victor round 7
ChatterBot Tango round 7
ChatterBot X-ray round 7
ChatterBot November round 7
2024-10-15 04:33:53.460285 X-ray: We should add November and Romeo
ChatterBot Tango reevaluating
2024-10-15 04:33:53.475817 Charlie: Yes
2024-10-15 04:33:53.476182 Tango: Yes
ChatterBot X-ray reevaluating
ChatterBot Tango reevaluating
ChatterBot X-ray reevaluating
2024-10-15 04:33:53.529678 Alpha: We should drop Hotel
ChatterBot Echo reevaluating
ChatterBot Romeo reevaluating
ChatterBot Victor reevaluating
ChatterBot November reevaluating
2024-10-15 04:33:53.571476 Echo: Yes
2024-10-15 04:33:53.571785 Romeo: Yes
2024-10-15 04:33:53.572239 Mike: Yes
2024-10-15 04:33:53.572522 Victor: No
2024-10-15 04:33:53.573440 November: Yes
ChatterBot Romeo reevaluating
ChatterBot Victor reevaluating
ChatterBot November reevaluating
ChatterBot Echo reevaluating
ChatterBot Victor reevaluating
ChatterBot November reevaluating
ChatterBot Echo reevaluating
ChatterBot Romeo reevaluating
ChatterBot Victor reevaluating
ChatterBot November reevaluating
ChatterBot Echo reevaluating
ChatterBot Romeo reevaluating
ChatterBot November reevaluating
ChatterBot Echo reevaluating
ChatterBot Romeo reevaluating
ChatterBot Victor reevaluating
2024-10-15 04:33:53.788305 Tango: We should drop Echo
ChatterBot Romeo reevaluating
ChatterBot Victor reevaluating
ChatterBot X-ray reevaluating
ChatterBot November reevaluating
2024-10-15 04:33:53.838073 Romeo: No
2024-10-15 04:33:53.838313 Mike: No
2024-10-15 04:33:53.838461 Victor: No
2024-10-15 04:33:53.838637 Charlie: No
2024-10-15 04:33:53.838853 X-ray: Yes
2024-10-15 04:33:53.839022 November: No
ChatterBot Tango reevaluating
ChatterBot Victor reevaluating
ChatterBot X-ray reevaluating
ChatterBot November reevaluating
ChatterBot Tango reevaluating
ChatterBot Romeo reevaluating
ChatterBot Victor reevaluating
ChatterBot X-ray reevaluating
ChatterBot November reevaluating
ChatterBot Tango reevaluating
ChatterBot Romeo reevaluating
ChatterBot X-ray reevaluating
ChatterBot November reevaluating
ChatterBot Tango reevaluating
ChatterBot Romeo reevaluating
ChatterBot Victor reevaluating
ChatterBot X-ray reevaluating
ChatterBot November reevaluating
ChatterBot Tango reevaluating
ChatterBot Romeo reevaluating
ChatterBot Victor reevaluating
ChatterBot November reevaluating
ChatterBot Tango reevaluating
ChatterBot Romeo reevaluating
ChatterBot Victor reevaluating
ChatterBot X-ray reevaluating
2024-10-15 04:33:54.061321 Hotel: I was attacked by Romeo
ChatterBot Mike reevaluating
ChatterBot Alpha reevaluating
ChatterBot Echo reevaluating
ChatterBot Romeo reevaluating
ChatterBot Victor reevaluating
ChatterBot November reevaluating
2024-10-15 04:33:54.107300 Hotel: I'm keeping this round to protect myself
2024-10-15 04:33:54.112044 Hotel: Ow
2024-10-15 04:33:54.113179 Charlie: Alpha, sending you 1
2024-10-15 04:33:54.115686 X-ray: November and Romeo we want you to join our group
ChatterBot Romeo reevaluating
2024-10-15 04:33:54.130888 November: No
2024-10-15 04:33:54.131099 Romeo: No
ChatterBot Tango reevaluating
ChatterBot Romeo reevaluating
ChatterBot Tango reevaluating
2024-10-15 04:33:54.176851 Charlie: Romeo, sending you 6
2024-10-15 04:33:54.182027 Charlie: Victor, sending you 5
2024-10-15 04:33:54.193712 X-ray: Romeo, sending you 1
2024-10-15 04:33:54.198679 X-ray: Charlie, sending you 3
2024-10-15 04:33:54.199915 Mike: Echo and Victor, sending you 5
2024-10-15 04:33:54.203876 X-ray: Tango, sending you 2
2024-10-15 04:33:54.204834 Mike: Romeo, sending you 3
2024-10-15 04:33:54.207315 Tango: Echo, Romeo, Mike and Charlie, sending you 1
2024-10-15 04:33:54.209734 Mike: November, sending you 7
2024-10-15 04:33:54.212960 Tango: Victor and November, sending you 2
2024-10-15 04:33:54.217735 Tango: X-ray, sending you 10
chatterbot Alpha submitting transactions
chatterbot Mike submitting transactions
chatterbot Charlie submitting transactions
chatterbot Echo submitting transactions
chatterbot Mike submitting transactions
chatterbot Hotel submitting transactions
chatterbot X-ray submitting transactions
chatterbot Tango submitting transactions
chatterbot Alpha submitting transactions
chatterbot Victor submitting transactions
chatterbot Romeo submitting transactions
chatterbot November submitting transactions
ChatterBot Alpha round 8
ChatterBot Echo round 8
ChatterBot Romeo round 8
ChatterBot Hotel round 8
ChatterBot Mike round 8
ChatterBot Charlie round 8
ChatterBot Victor round 8
ChatterBot Tango round 8
ChatterBot X-ray round 8
ChatterBot November round 8
2024-10-15 04:33:55.484817 X-ray: We should add Echo and Victor
ChatterBot Tango reevaluating
2024-10-15 04:33:55.507037 Charlie: Yes
2024-10-15 04:33:55.507264 Tango: Yes
2024-10-15 04:33:55.507910 November: Yes
2024-10-15 04:33:55.508147 Romeo: Yes
ChatterBot X-ray reevaluating
ChatterBot Tango reevaluating
ChatterBot X-ray reevaluating
ChatterBot X-ray reevaluating
