ChatterBot Oscar round 1
ChatterBot Mike round 1
ChatterBot Victor round 1
ChatterBot Juliett round 1
ChatterBot Tango round 1
ChatterBot Uniform round 1
ChatterBot Lima round 1
ChatterBot Kilo round 1
randomSelections Kilo: {Kilo, Juliett, Victor, Oscar} 
2024-10-14 13:13:47.971326 Kilo: Friends?
ChatterBot Juliett reevaluating
ChatterBot Victor reevaluating
ChatterBot Oscar reevaluating
2024-10-14 13:13:47.983922 Juliett: Yes
2024-10-14 13:13:47.984109 Victor: Yes
2024-10-14 13:13:47.984319 Oscar: Yes
ChatterBot Victor reevaluating
ChatterBot Oscar reevaluating
ChatterBot Juliett reevaluating
ChatterBot Oscar reevaluating
ChatterBot Juliett reevaluating
ChatterBot Victor reevaluating
randomSelections Mike: {Mike, X-ray, Kilo, Juliett, Victor, Uniform} 
2024-10-14 13:13:48.011496 Mike: Group up?
ChatterBot Juliett reevaluating
ChatterBot Victor reevaluating
ChatterBot Uniform reevaluating
2024-10-14 13:13:48.018863 Kilo: No
2024-10-14 13:13:48.019075 Juliett: No
2024-10-14 13:13:48.019649 Victor: No
2024-10-14 13:13:48.019803 Uniform: Yes
ChatterBot Juliett reevaluating
ChatterBot Victor reevaluating
ChatterBot Uniform reevaluating
ChatterBot Victor reevaluating
ChatterBot Uniform reevaluating
ChatterBot Juliett reevaluating
ChatterBot Uniform reevaluating
ChatterBot Juliett reevaluating
ChatterBot Victor reevaluating
ChatterBot X-ray round 1
ChatterBot X-ray reevaluating
ChatterBot X-ray reevaluating
ChatterBot X-ray reevaluating
ChatterBot X-ray reevaluating
ChatterBot X-ray reevaluating
2024-10-14 13:13:48.049065 X-ray: Yes
ChatterBot Juliett reevaluating
ChatterBot Victor reevaluating
ChatterBot Uniform reevaluating
ChatterBot Delta round 1
randomSelections Lima: {Lima, Delta, Uniform, Juliett, Tango, Oscar} 
2024-10-14 13:13:48.064201 Lima: Group up?
ChatterBot Delta reevaluating
ChatterBot Uniform reevaluating
ChatterBot Juliett reevaluating
ChatterBot Tango reevaluating
ChatterBot Oscar reevaluating
2024-10-14 13:13:48.072768 Delta: Yes
2024-10-14 13:13:48.072899 Uniform: No
2024-10-14 13:13:48.073025 Juliett: No
2024-10-14 13:13:48.073117 Tango: Yes
2024-10-14 13:13:48.073202 Oscar: No
ChatterBot Uniform reevaluating
ChatterBot Juliett reevaluating
ChatterBot Tango reevaluating
ChatterBot Oscar reevaluating
ChatterBot Delta reevaluating
ChatterBot Juliett reevaluating
ChatterBot Tango reevaluating
ChatterBot Oscar reevaluating
ChatterBot Delta reevaluating
ChatterBot Uniform reevaluating
ChatterBot Tango reevaluating
ChatterBot Oscar reevaluating
ChatterBot Delta reevaluating
ChatterBot Uniform reevaluating
ChatterBot Juliett reevaluating
ChatterBot Oscar reevaluating
ChatterBot Delta reevaluating
ChatterBot Uniform reevaluating
ChatterBot Juliett reevaluating
ChatterBot Tango reevaluating
2024-10-14 13:13:48.147895 Kilo: Oscar, sending you 3
2024-10-14 13:13:48.152762 Kilo: Victor and Juliett, sending you 5
2024-10-14 13:13:48.154659 Uniform: Mike and Kilo, sending you 1
2024-10-14 13:13:48.154973 Lima: Oscar, Juliett and Delta, sending you 2
2024-10-14 13:13:48.157828 Lima: Tango and Uniform, sending you 1
2024-10-14 13:13:48.158653 Juliett: Oscar, sending you 1
2024-10-14 13:13:48.159911 Uniform: Victor, sending you 4
2024-10-14 13:13:48.160328 Mike: Victor, sending you 2
2024-10-14 13:13:48.161324 Tango: Juliett and Delta, sending you 4
2024-10-14 13:13:48.161763 Victor: Oscar, sending you 6
2024-10-14 13:13:48.164859 Juliett: Victor, sending you 6
2024-10-14 13:13:48.165057 Mike: Juliett, Kilo and X-ray, sending you 3
2024-10-14 13:13:48.165278 Uniform: Juliett and X-ray, sending you 2
2024-10-14 13:13:48.166359 Oscar: Victor and Kilo, sending you 3
2024-10-14 13:13:48.166561 Tango: Uniform, sending you 1
2024-10-14 13:13:48.166811 Victor: Juliett, sending you 2
2024-10-14 13:13:48.169815 Juliett: Kilo, sending you 5
2024-10-14 13:13:48.170120 Oscar: Juliett, sending you 5
2024-10-14 13:13:48.170333 Delta: Oscar, sending you 4
2024-10-14 13:13:48.171055 Victor: Kilo, sending you 3
2024-10-14 13:13:48.171285 X-ray: Mike and Kilo, sending you 2
2024-10-14 13:13:48.171591 Tango: Lima, sending you 2
2024-10-14 13:13:48.180010 Delta: Juliett and Uniform, sending you 2
2024-10-14 13:13:48.180334 X-ray: Victor, sending you 4
2024-10-14 13:13:48.185248 Delta: Tango, sending you 3
2024-10-14 13:13:48.192330 X-ray: Uniform, sending you 3
2024-10-14 13:13:48.192694 Delta: Lima, sending you 1
chatterbot Kilo submitting transactions
chatterbot Tango submitting transactions
chatterbot X-ray submitting transactions
chatterbot Mike submitting transactions
chatterbot Delta submitting transactions
chatterbot Juliett submitting transactions
chatterbot Uniform submitting transactions
chatterbot Oscar submitting transactions
chatterbot Lima submitting transactions
chatterbot Victor submitting transactions
ChatterBot Oscar round 2
ChatterBot Mike round 2
ChatterBot Victor round 2
ChatterBot Juliett round 2
ChatterBot Tango round 2
ChatterBot Uniform round 2
ChatterBot Lima round 2
ChatterBot Kilo round 2
ChatterBot X-ray round 2
ChatterBot Delta round 2
2024-10-14 13:13:49.315333 Mike: We should add Oscar
ChatterBot X-ray reevaluating
ChatterBot Kilo reevaluating
ChatterBot Juliett reevaluating
ChatterBot Victor reevaluating
ChatterBot Uniform reevaluating
2024-10-14 13:13:49.331816 X-ray: No
2024-10-14 13:13:49.331970 Kilo: Yes
2024-10-14 13:13:49.332080 Juliett: Yes
2024-10-14 13:13:49.332181 Victor: Yes
2024-10-14 13:13:49.332284 Uniform: No
ChatterBot Kilo reevaluating
ChatterBot Juliett reevaluating
ChatterBot Victor reevaluating
ChatterBot Uniform reevaluating
ChatterBot X-ray reevaluating
ChatterBot Juliett reevaluating
ChatterBot Victor reevaluating
ChatterBot Uniform reevaluating
ChatterBot X-ray reevaluating
ChatterBot Kilo reevaluating
ChatterBot Victor reevaluating
ChatterBot Uniform reevaluating
ChatterBot X-ray reevaluating
ChatterBot Kilo reevaluating
ChatterBot Juliett reevaluating
ChatterBot Uniform reevaluating
ChatterBot X-ray reevaluating
ChatterBot Kilo reevaluating
ChatterBot Juliett reevaluating
ChatterBot Victor reevaluating
2024-10-14 13:13:49.447626 Oscar: We would work well together
ChatterBot Victor reevaluating
ChatterBot Juliett reevaluating
ChatterBot Kilo reevaluating
ChatterBot Tango reevaluating
ChatterBot Lima reevaluating
ChatterBot Delta reevaluating
2024-10-14 13:13:49.469747 Victor: No
2024-10-14 13:13:49.469895 Juliett: No
2024-10-14 13:13:49.469985 Kilo: No
2024-10-14 13:13:49.470093 Tango: Yes
2024-10-14 13:13:49.470536 Lima: Yes
2024-10-14 13:13:49.470651 Delta: No
ChatterBot Oscar reevaluating
ChatterBot Juliett reevaluating
ChatterBot Kilo reevaluating
ChatterBot Tango reevaluating
ChatterBot Lima reevaluating
ChatterBot Delta reevaluating
ChatterBot Oscar reevaluating
ChatterBot Victor reevaluating
ChatterBot Kilo reevaluating
ChatterBot Tango reevaluating
ChatterBot Lima reevaluating
ChatterBot Delta reevaluating
ChatterBot Oscar reevaluating
ChatterBot Victor reevaluating
ChatterBot Juliett reevaluating
ChatterBot Tango reevaluating
ChatterBot Lima reevaluating
ChatterBot Delta reevaluating
ChatterBot Oscar reevaluating
ChatterBot Victor reevaluating
ChatterBot Juliett reevaluating
ChatterBot Kilo reevaluating
ChatterBot Lima reevaluating
ChatterBot Delta reevaluating
ChatterBot Oscar reevaluating
ChatterBot Victor reevaluating
ChatterBot Juliett reevaluating
ChatterBot Kilo reevaluating
ChatterBot Tango reevaluating
ChatterBot Delta reevaluating
ChatterBot Oscar reevaluating
ChatterBot Victor reevaluating
ChatterBot Juliett reevaluating
ChatterBot Kilo reevaluating
ChatterBot Tango reevaluating
ChatterBot Lima reevaluating
2024-10-14 13:13:49.774105 Mike: Oscar we want you to join our group
ChatterBot Oscar reevaluating
2024-10-14 13:13:49.781379 Oscar: No
ChatterBot Victor reevaluating
ChatterBot Juliett reevaluating
ChatterBot Kilo reevaluating
ChatterBot Uniform reevaluating
ChatterBot X-ray reevaluating
2024-10-14 13:13:49.821900 Juliett: We should add Tango
ChatterBot Victor reevaluating
ChatterBot Oscar reevaluating
2024-10-14 13:13:49.841414 Kilo: No
2024-10-14 13:13:49.841601 Victor: No
2024-10-14 13:13:49.841765 Oscar: No
ChatterBot Victor reevaluating
ChatterBot Oscar reevaluating
ChatterBot Juliett reevaluating
ChatterBot Oscar reevaluating
ChatterBot Juliett reevaluating
ChatterBot Victor reevaluating
2024-10-14 13:13:50.174708 Juliett: Mike we want you to join our group
2024-10-14 13:13:50.181461 Mike: Yes
ChatterBot Oscar reevaluating
2024-10-14 13:13:50.204294 Oscar: We should add Lima
ChatterBot Kilo reevaluating
2024-10-14 13:13:50.216271 Kilo: No
2024-10-14 13:13:50.217037 Juliett: No
2024-10-14 13:13:50.217143 Victor: No
ChatterBot Oscar reevaluating
ChatterBot Kilo reevaluating
ChatterBot Oscar reevaluating
ChatterBot Kilo reevaluating
ChatterBot Oscar reevaluating
chatterbot Mike submitting transactions
2024-10-14 13:13:50.711720 Lima: Oscar, Victor, Juliett and Kilo, sending you 1
2024-10-14 13:13:50.712098 Delta: Tango, sending you 7
2024-10-14 13:13:50.712691 Uniform: Tango and Lima, sending you 2
2024-10-14 13:13:50.712908 Tango: Oscar, Victor, Juliett and Kilo, sending you 1
2024-10-14 13:13:50.713181 Mike: Oscar, Victor, Juliett and Kilo, sending you 1
2024-10-14 13:13:50.713457 Victor: Oscar, Juliett, Uniform, Kilo and X-ray, sending you 2
chatterbot Delta submitting transactions
2024-10-14 13:13:51.136975 Lima: Tango and Delta, sending you 2
2024-10-14 13:13:51.137761 Delta: Lima, sending you 4
2024-10-14 13:13:51.138460 Uniform: X-ray, sending you 4
2024-10-14 13:13:51.138895 Mike: Uniform, sending you 3
2024-10-14 13:13:51.139809 Juliett: Oscar and Kilo, sending you 4
2024-10-14 13:13:51.140253 Tango: Lima, sending you 3
2024-10-14 13:13:51.141194 Victor: Mike, sending you 1
chatterbot X-ray submitting transactions
chatterbot Victor submitting transactions
chatterbot Tango submitting transactions
chatterbot Kilo submitting transactions
chatterbot Uniform submitting transactions
2024-10-14 13:13:51.142836 Uniform: Delta, sending you 3
2024-10-14 13:13:51.376309 Mike: X-ray, sending you 4
2024-10-14 13:13:51.376774 Juliett: Mike and Victor, sending you 2
2024-10-14 13:13:51.377688 Tango: Delta, sending you 4
2024-10-14 13:13:51.378082 Kilo: Mike, sending you 5
2024-10-14 13:13:51.378356 X-ray: Mike, sending you 6
2024-10-14 13:13:51.379155 Oscar: Victor, sending you 6
chatterbot Lima submitting transactions
chatterbot Juliett submitting transactions
chatterbot Oscar submitting transactions
2024-10-14 13:13:51.401978 Kilo: Uniform and X-ray, sending you 4
2024-10-14 13:13:51.402340 Oscar: Juliett, sending you 2
2024-10-14 13:13:51.402650 Mike: Uniform did not give me 1 like they said
ChatterBot Victor reevaluating
ChatterBot Oscar reevaluating
ChatterBot Juliett reevaluating
ChatterBot Kilo reevaluating
ChatterBot Uniform reevaluating
ChatterBot X-ray reevaluating
ChatterBot Oscar round 3
ChatterBot Mike round 3
ChatterBot Victor round 3
ChatterBot Juliett round 3
ChatterBot Tango round 3
ChatterBot Uniform round 3
ChatterBot Lima round 3
ChatterBot Kilo round 3
ChatterBot X-ray round 3
ChatterBot Delta round 3
2024-10-14 13:13:51.566033 Delta: We should add Uniform
2024-10-14 13:13:51.572580 Tango: Yes
2024-10-14 13:13:51.572738 Lima: Yes
2024-10-14 13:13:51.585945 Delta: Uniform we want you to join our group
2024-10-14 13:13:51.589893 Uniform: No
2024-10-14 13:13:51.635991 Uniform: Mike, sending you 2
2024-10-14 13:13:51.636285 Victor: Oscar, sending you 4
2024-10-14 13:13:51.636889 Juliett: Oscar, sending you 4
2024-10-14 13:13:51.637115 X-ray: Oscar, sending you 1
2024-10-14 13:13:51.637372 Kilo: Oscar and Victor, sending you 4
2024-10-14 13:13:51.637637 Mike: Oscar, Victor and Uniform, sending you 1
2024-10-14 13:13:51.653466 Lima: Tango and Delta, sending you 3
2024-10-14 13:13:51.654221 Uniform: Kilo, sending you 3
2024-10-14 13:13:51.654459 Victor: Mike, Uniform and X-ray, sending you 1
2024-10-14 13:13:51.654747 Kilo: Juliett, sending you 5
2024-10-14 13:13:51.654978 X-ray: Mike and Uniform, sending you 3
2024-10-14 13:13:51.655625 Juliett: Mike, sending you 2
2024-10-14 13:13:51.655890 Mike: Juliett, sending you 2
2024-10-14 13:13:51.656129 Oscar: Mike, sending you 1
2024-10-14 13:13:51.656335 Delta: Tango, sending you 6
2024-10-14 13:13:51.656589 Tango: Uniform and Lima, sending you 3
2024-10-14 13:13:51.669780 Lima: Uniform, sending you 2
2024-10-14 13:13:51.670059 Uniform: X-ray, sending you 6
2024-10-14 13:13:51.670315 X-ray: Victor and Kilo, sending you 2
2024-10-14 13:13:51.671131 Mike: Kilo and X-ray, sending you 3
2024-10-14 13:13:51.671525 Oscar: Victor and Juliett, sending you 4
2024-10-14 13:13:51.671816 Victor: Juliett and Kilo, sending you 2
2024-10-14 13:13:51.672494 Juliett: Victor and Kilo, sending you 3
2024-10-14 13:13:51.672720 Delta: Uniform and Lima, sending you 3
2024-10-14 13:13:51.672940 Tango: Delta, sending you 4
2024-10-14 13:13:51.679558 Oscar: Kilo, sending you 2
chatterbot X-ray submitting transactions
chatterbot Kilo submitting transactions
chatterbot Uniform submitting transactions
chatterbot Juliett submitting transactions
chatterbot Victor submitting transactions
chatterbot Lima submitting transactions
chatterbot Oscar submitting transactions
chatterbot Mike submitting transactions
chatterbot Delta submitting transactions
chatterbot Tango submitting transactions
ChatterBot Oscar round 4
ChatterBot Mike round 4
ChatterBot Victor round 4
ChatterBot Juliett round 4
ChatterBot Tango round 4
ChatterBot Uniform round 4
ChatterBot Lima round 4
ChatterBot Kilo round 4
ChatterBot X-ray round 4
ChatterBot Delta round 4
2024-10-14 13:13:53.243574 Oscar: Mike, sending you 1
2024-10-14 13:13:53.244014 Kilo: Oscar and Victor, sending you 4
2024-10-14 13:13:53.244437 Lima: Tango and Delta, sending you 3
2024-10-14 13:13:53.244794 X-ray: Mike, sending you 5
2024-10-14 13:13:53.245623 Uniform: Mike, Tango and Delta, sending you 2
2024-10-14 13:13:53.245937 Victor: Oscar, sending you 4
2024-10-14 13:13:53.246226 Mike: Oscar and Victor, sending you 1
2024-10-14 13:13:53.246550 Juliett: Oscar and Kilo, sending you 4
2024-10-14 13:13:53.246943 Tango: Uniform, sending you 2
2024-10-14 13:13:53.247871 Kilo: Juliett, sending you 5
2024-10-14 13:13:53.260265 Oscar: Victor, sending you 4
2024-10-14 13:13:53.260732 Uniform: Lima, sending you 1
2024-10-14 13:13:53.261026 Mike: Juliett, Uniform and Kilo, sending you 2
2024-10-14 13:13:53.261485 Lima: Uniform, sending you 2
2024-10-14 13:13:53.262591 X-ray: Uniform, sending you 6
2024-10-14 13:13:53.262863 Victor: Mike, Uniform and X-ray, sending you 1
2024-10-14 13:13:53.263251 Tango: Lima and Delta, sending you 4
2024-10-14 13:13:53.263547 Juliett: Mike and Victor, sending you 2
2024-10-14 13:13:53.263841 Delta: Tango, sending you 6
2024-10-14 13:13:53.264963 Uniform: X-ray, sending you 4
2024-10-14 13:13:53.265358 Mike: X-ray, sending you 3
2024-10-14 13:13:53.271982 Oscar: Juliett and Kilo, sending you 3
2024-10-14 13:13:53.272504 Victor: Juliett and Kilo, sending you 2
2024-10-14 13:13:53.273420 Delta: Uniform, sending you 2
2024-10-14 13:13:53.282106 Delta: Lima, sending you 4
chatterbot Victor submitting transactions
chatterbot Kilo submitting transactions
chatterbot Oscar submitting transactions
chatterbot Tango submitting transactions
chatterbot Mike submitting transactions
chatterbot Juliett submitting transactions
chatterbot X-ray submitting transactions
chatterbot Delta submitting transactions
chatterbot Uniform submitting transactions
chatterbot Lima submitting transactions
ChatterBot Oscar round 5
ChatterBot Mike round 5
ChatterBot Victor round 5
ChatterBot Juliett round 5
ChatterBot Tango round 5
ChatterBot Uniform round 5
ChatterBot Lima round 5
ChatterBot Kilo round 5
ChatterBot X-ray round 5
ChatterBot Delta round 5
2024-10-14 13:13:54.702210 Uniform: Mike, Tango and Delta, sending you 2
2024-10-14 13:13:54.703216 Mike: Oscar and Victor, sending you 1
2024-10-14 13:13:54.703844 Lima: Tango and Delta, sending you 3
2024-10-14 13:13:54.704197 Oscar: Mike, sending you 1
2024-10-14 13:13:54.705175 Tango: Uniform, sending you 3
2024-10-14 13:13:54.705399 Kilo: Oscar and Victor, sending you 4
2024-10-14 13:13:54.705699 X-ray: Mike, sending you 5
2024-10-14 13:13:54.705907 Juliett: Oscar and Kilo, sending you 4
2024-10-14 13:13:54.706734 Victor: Oscar, sending you 4
2024-10-14 13:13:54.707269 Uniform: Lima, sending you 1
2024-10-14 13:13:54.707501 Lima: Uniform, sending you 2
2024-10-14 13:13:54.712813 Mike: Juliett, Uniform and Kilo, sending you 2
2024-10-14 13:13:54.713331 Oscar: Victor, sending you 4
2024-10-14 13:13:54.713627 Tango: Lima and Delta, sending you 4
2024-10-14 13:13:54.713940 X-ray: Uniform, sending you 6
2024-10-14 13:13:54.715006 Kilo: Juliett, sending you 5
2024-10-14 13:13:54.715378 Delta: Tango, sending you 6
2024-10-14 13:13:54.715631 Uniform: X-ray, sending you 4
2024-10-14 13:13:54.715908 Juliett: Mike and Victor, sending you 2
2024-10-14 13:13:54.717009 Victor: Mike, Uniform and X-ray, sending you 1
2024-10-14 13:13:54.717525 Oscar: Juliett and Kilo, sending you 3
2024-10-14 13:13:54.740370 Mike: X-ray, sending you 3
2024-10-14 13:13:54.741073 Delta: Uniform, sending you 2
2024-10-14 13:13:54.741365 Victor: Juliett and Kilo, sending you 2
2024-10-14 13:13:54.746228 Delta: Lima, sending you 4
chatterbot Delta submitting transactions
chatterbot Tango submitting transactions
chatterbot Kilo submitting transactions
chatterbot Uniform submitting transactions
chatterbot Lima submitting transactions
chatterbot X-ray submitting transactions
chatterbot Victor submitting transactions
chatterbot Mike submitting transactions
chatterbot Juliett submitting transactions
chatterbot Oscar submitting transactions
ChatterBot Oscar round 6
ChatterBot Mike round 6
ChatterBot Victor round 6
ChatterBot Juliett round 6
ChatterBot Tango round 6
ChatterBot Uniform round 6
ChatterBot Lima round 6
ChatterBot Kilo round 6
ChatterBot X-ray round 6
ChatterBot Delta round 6
2024-10-14 13:13:56.022248 Victor: We should drop Uniform and X-ray
2024-10-14 13:13:56.036738 Juliett: Yes
2024-10-14 13:13:56.036886 Oscar: Yes
2024-10-14 13:13:56.036988 Kilo: Yes
2024-10-14 13:13:56.037113 Mike: No
ChatterBot Mike reevaluating
ChatterBot Mike reevaluating
ChatterBot Mike reevaluating
2024-10-14 13:13:56.085667 Tango: Uniform, sending you 3
2024-10-14 13:13:56.087708 Oscar: Mike, sending you 1
2024-10-14 13:13:56.089662 Tango: Lima and Delta, sending you 4
2024-10-14 13:13:56.090903 Oscar: Victor, sending you 4
2024-10-14 13:13:56.091676 Uniform: Mike, Tango and Delta, sending you 2
2024-10-14 13:13:56.093995 Oscar: Juliett and Kilo, sending you 3
2024-10-14 13:13:56.094685 Juliett: Oscar, sending you 3
2024-10-14 13:13:56.095786 Uniform: Lima, sending you 1
2024-10-14 13:13:56.096681 Victor: Oscar, sending you 4
2024-10-14 13:13:56.097695 Juliett: Mike and Victor, sending you 2
2024-10-14 13:13:56.099038 Delta: Tango, sending you 6
2024-10-14 13:13:56.099370 Uniform: X-ray, sending you 4
2024-10-14 13:13:56.100665 Victor: Mike, sending you 1
2024-10-14 13:13:56.101163 Lima: Tango and Delta, sending you 3
2024-10-14 13:13:56.102688 Juliett: Kilo, sending you 5
2024-10-14 13:13:56.103677 Delta: Uniform, sending you 2
2024-10-14 13:13:56.104145 X-ray: Mike, sending you 5
2024-10-14 13:13:56.104440 Victor: Juliett and Kilo, sending you 3
2024-10-14 13:13:56.105415 Lima: Uniform, sending you 2
2024-10-14 13:13:56.107702 Kilo: Oscar and Victor, sending you 4
2024-10-14 13:13:56.108516 Delta: Lima, sending you 4
2024-10-14 13:13:56.108881 X-ray: Uniform, sending you 6
2024-10-14 13:13:56.111933 Kilo: Juliett, sending you 5
2024-10-14 13:13:56.124676 Mike: Oscar and Kilo, sending you 2
2024-10-14 13:13:56.128673 Mike: Victor, sending you 3
2024-10-14 13:13:56.133680 Mike: Juliett, sending you 4
chatterbot Victor submitting transactions
chatterbot Juliett submitting transactions
chatterbot Tango submitting transactions
chatterbot Oscar submitting transactions
chatterbot Kilo submitting transactions
chatterbot X-ray submitting transactions
chatterbot Delta submitting transactions
chatterbot Uniform submitting transactions
chatterbot Lima submitting transactions
chatterbot Mike submitting transactions
ChatterBot Oscar round 7
ChatterBot Mike round 7
ChatterBot Victor round 7
ChatterBot Juliett round 7
ChatterBot Tango round 7
ChatterBot Uniform round 7
ChatterBot Lima round 7
ChatterBot Kilo round 7
ChatterBot X-ray round 7
ChatterBot Delta round 7
2024-10-14 13:13:57.257454 X-ray: We would work well together
ChatterBot Mike reevaluating
ChatterBot Tango reevaluating
ChatterBot Lima reevaluating
ChatterBot Delta reevaluating
2024-10-14 13:13:57.279939 Uniform: Yes
2024-10-14 13:13:57.280113 Mike: Yes
2024-10-14 13:13:57.280278 Tango: Yes
2024-10-14 13:13:57.280433 Lima: Yes
2024-10-14 13:13:57.280601 Delta: Yes
ChatterBot Mike reevaluating
ChatterBot X-ray reevaluating
ChatterBot Tango reevaluating
ChatterBot Lima reevaluating
ChatterBot Delta reevaluating
ChatterBot X-ray reevaluating
ChatterBot Tango reevaluating
ChatterBot Lima reevaluating
ChatterBot Delta reevaluating
ChatterBot Mike reevaluating
ChatterBot X-ray reevaluating
ChatterBot Lima reevaluating
ChatterBot Delta reevaluating
ChatterBot Mike reevaluating
ChatterBot X-ray reevaluating
ChatterBot Tango reevaluating
ChatterBot Delta reevaluating
2024-10-14 13:13:57.367899 Mike: Can we be friends?
ChatterBot Mike reevaluating
ChatterBot X-ray reevaluating
ChatterBot Tango reevaluating
ChatterBot Lima reevaluating
ChatterBot X-ray reevaluating
ChatterBot Tango reevaluating
ChatterBot Lima reevaluating
ChatterBot Delta reevaluating
2024-10-14 13:13:57.417337 Uniform: Yes
2024-10-14 13:13:57.417468 X-ray: Yes
2024-10-14 13:13:57.417561 Tango: Yes
2024-10-14 13:13:57.417654 Lima: Yes
2024-10-14 13:13:57.417738 Delta: Yes
2024-10-14 13:13:57.418369 Delta: We should add Mike and X-ray
ChatterBot Mike reevaluating
ChatterBot X-ray reevaluating
ChatterBot Tango reevaluating
ChatterBot Lima reevaluating
ChatterBot Delta reevaluating
ChatterBot Mike reevaluating
ChatterBot Tango reevaluating
ChatterBot Lima reevaluating
ChatterBot Delta reevaluating
ChatterBot Mike reevaluating
ChatterBot X-ray reevaluating
ChatterBot Lima reevaluating
ChatterBot Delta reevaluating
ChatterBot Mike reevaluating
ChatterBot X-ray reevaluating
ChatterBot Tango reevaluating
ChatterBot Delta reevaluating
ChatterBot Mike reevaluating
ChatterBot X-ray reevaluating
ChatterBot Tango reevaluating
ChatterBot Lima reevaluating
ChatterBot Tango reevaluating
ChatterBot Lima reevaluating
2024-10-14 13:13:57.580003 Uniform: Yes
2024-10-14 13:13:57.580923 Tango: Yes
2024-10-14 13:13:57.581994 Lima: Yes
ChatterBot Delta reevaluating
ChatterBot Tango reevaluating
ChatterBot Lima reevaluating
ChatterBot Delta reevaluating
ChatterBot Lima reevaluating
ChatterBot Delta reevaluating
ChatterBot Tango reevaluating
2024-10-14 13:13:57.641700 Tango: Mike and X-ray we want you to join our group
2024-10-14 13:13:57.650101 Mike: Yes
2024-10-14 13:13:57.650300 X-ray: Yes
2024-10-14 13:13:57.681171 Kilo: Oscar and Victor, sending you 4
2024-10-14 13:13:57.681671 Delta: Mike and X-ray we want you to join our group
2024-10-14 13:13:57.688099 Mike: Yes
2024-10-14 13:13:57.688247 X-ray: Yes
2024-10-14 13:13:57.716504 Lima: Mike and X-ray we want you to join our group
2024-10-14 13:13:57.722323 Mike: Yes
2024-10-14 13:13:57.722465 X-ray: Yes
2024-10-14 13:13:57.749282 Victor: Oscar, sending you 4
2024-10-14 13:13:57.750091 Mike: Tango, Lima and Delta, sending you 1
2024-10-14 13:13:57.750380 Kilo: Juliett, sending you 5
2024-10-14 13:13:57.750703 Juliett: Oscar, sending you 3
2024-10-14 13:13:57.752045 Uniform: Mike, sending you 1
2024-10-14 13:13:57.752696 X-ray: Mike, sending you 3
2024-10-14 13:13:57.753200 Oscar: Mike, sending you 1
2024-10-14 13:13:57.754012 Victor: Mike and Juliett, sending you 2
2024-10-14 13:13:57.754532 Mike: Uniform, sending you 3
2024-10-14 13:13:57.754891 Juliett: Mike and Victor, sending you 2
2024-10-14 13:13:57.755679 X-ray: Tango, Lima and Delta, sending you 1
2024-10-14 13:13:57.756691 Uniform: Tango, Lima and Delta, sending you 2
2024-10-14 13:13:57.758676 Oscar: Victor, sending you 4
2024-10-14 13:13:57.759562 Victor: Kilo, sending you 3
2024-10-14 13:13:57.760047 Mike: X-ray, sending you 5
2024-10-14 13:13:57.760471 X-ray: Uniform, sending you 5
2024-10-14 13:13:57.761339 Juliett: Kilo, sending you 5
2024-10-14 13:13:57.762756 Uniform: X-ray, sending you 4
2024-10-14 13:13:57.763795 Lima: Mike, Uniform and X-ray, sending you 1
2024-10-14 13:13:57.764210 Oscar: Juliett and Kilo, sending you 3
2024-10-14 13:13:57.768980 Lima: Tango, sending you 3
2024-10-14 13:13:57.772802 Tango: Mike and X-ray, sending you 1
2024-10-14 13:13:57.773663 Lima: Delta, sending you 2
2024-10-14 13:13:57.774174 Delta: Tango, sending you 5
2024-10-14 13:13:57.777688 Tango: Uniform and Lima, sending you 3
2024-10-14 13:13:57.779673 Delta: Uniform, sending you 3
2024-10-14 13:13:57.781664 Tango: Delta, sending you 4
2024-10-14 13:13:57.782670 Delta: Lima, sending you 4
chatterbot Mike submitting transactions
chatterbot Oscar submitting transactions
chatterbot Tango submitting transactions
chatterbot Juliett submitting transactions
chatterbot Lima submitting transactions
chatterbot Kilo submitting transactions
chatterbot Victor submitting transactions
chatterbot Uniform submitting transactions
chatterbot X-ray submitting transactions
chatterbot Delta submitting transactions
ChatterBot Oscar round 8
ChatterBot Mike round 8
ChatterBot Victor round 8
ChatterBot Juliett round 8
ChatterBot Tango round 8
ChatterBot Uniform round 8
ChatterBot Lima round 8
ChatterBot Kilo round 8
ChatterBot X-ray round 8
ChatterBot Delta round 8
2024-10-14 13:13:59.010121 Mike: Tango, Lima and Delta, sending you 1
2024-10-14 13:13:59.012532 Victor: Oscar, sending you 4
2024-10-14 13:13:59.030016 Mike: Uniform, sending you 3
2024-10-14 13:13:59.033584 Oscar: Mike, sending you 1
2024-10-14 13:13:59.034459 Tango: Mike and X-ray, sending you 1
2024-10-14 13:13:59.035755 X-ray: Mike, sending you 3
2024-10-14 13:13:59.037150 Victor: Mike and Juliett, sending you 2
2024-10-14 13:13:59.038018 Uniform: Mike, Tango and Delta, sending you 2
2024-10-14 13:13:59.039402 Kilo: Oscar and Victor, sending you 4
2024-10-14 13:13:59.040443 Lima: Mike and X-ray, sending you 1
2024-10-14 13:13:59.041260 Juliett: Oscar, sending you 3
2024-10-14 13:13:59.042367 Mike: X-ray, sending you 5
2024-10-14 13:13:59.043655 Oscar: Victor, sending you 4
2024-10-14 13:13:59.044547 X-ray: Tango, Lima and Delta, sending you 1
2024-10-14 13:13:59.046017 Tango: Uniform and Lima, sending you 3
2024-10-14 13:13:59.047351 Victor: Kilo, sending you 3
2024-10-14 13:13:59.048363 Uniform: Lima, sending you 1
2024-10-14 13:13:59.049314 Kilo: Juliett, sending you 5
2024-10-14 13:13:59.050714 Lima: Tango, Uniform and Delta, sending you 2
2024-10-14 13:13:59.051491 Delta: Mike, sending you 1
2024-10-14 13:13:59.053252 Juliett: Mike and Victor, sending you 2
2024-10-14 13:13:59.054105 Oscar: Juliett and Kilo, sending you 3
2024-10-14 13:13:59.055219 X-ray: Uniform, sending you 5
2024-10-14 13:13:59.056756 Tango: Delta, sending you 4
2024-10-14 13:13:59.057621 Uniform: X-ray, sending you 4
2024-10-14 13:13:59.059238 Delta: Tango, sending you 5
2024-10-14 13:13:59.060898 Juliett: Kilo, sending you 5
2024-10-14 13:13:59.114777 Delta: Uniform and Lima, sending you 3
chatterbot Uniform submitting transactions
chatterbot Lima submitting transactions
chatterbot Tango submitting transactions
chatterbot Kilo submitting transactions
chatterbot Juliett submitting transactions
chatterbot Oscar submitting transactions
chatterbot Mike submitting transactions
chatterbot X-ray submitting transactions
chatterbot Delta submitting transactions
chatterbot Victor submitting transactions
ChatterBot Oscar round 9
ChatterBot Mike round 9
ChatterBot Victor round 9
ChatterBot Juliett round 9
ChatterBot Tango round 9
ChatterBot Uniform round 9
ChatterBot Lima round 9
ChatterBot Kilo round 9
ChatterBot X-ray round 9
ChatterBot Delta round 9
2024-10-14 13:14:00.091677 Mike: Tango, Lima and Delta, sending you 1
2024-10-14 13:14:00.096679 Mike: Uniform, sending you 3
2024-10-14 13:14:00.097665 Oscar: Mike, sending you 1
2024-10-14 13:14:00.099012 Juliett: Oscar, sending you 3
2024-10-14 13:14:00.100684 Mike: X-ray, sending you 5
2024-10-14 13:14:00.102652 Delta: Mike, sending you 1
2024-10-14 13:14:00.103545 Oscar: Victor, sending you 4
2024-10-14 13:14:00.104570 Juliett: Mike, sending you 1
2024-10-14 13:14:00.105668 X-ray: Mike, sending you 3
2024-10-14 13:14:00.106662 Victor: Oscar, sending you 5
2024-10-14 13:14:00.107144 Oscar: Juliett and Kilo, sending you 3
2024-10-14 13:14:00.107675 Tango: Mike and X-ray, sending you 1
2024-10-14 13:14:00.108290 Delta: Tango, sending you 5
2024-10-14 13:14:00.108791 Juliett: Victor, sending you 2
2024-10-14 13:14:00.109689 Kilo: Oscar and Victor, sending you 4
2024-10-14 13:14:00.110031 Uniform: Mike, Tango and Delta, sending you 2
2024-10-14 13:14:00.110487 X-ray: Tango, Lima and Delta, sending you 1
2024-10-14 13:14:00.110955 Tango: Uniform and Lima, sending you 3
2024-10-14 13:14:00.111687 Victor: Mike, sending you 1
2024-10-14 13:14:00.112545 Delta: Uniform and Lima, sending you 3
2024-10-14 13:14:00.113083 Juliett: Kilo, sending you 6
2024-10-14 13:14:00.113678 Kilo: Juliett, sending you 5
2024-10-14 13:14:00.114673 Lima: Mike and X-ray, sending you 1
2024-10-14 13:14:00.115232 Uniform: Lima, sending you 1
2024-10-14 13:14:00.116039 Tango: Delta, sending you 4
2024-10-14 13:14:00.116427 X-ray: Uniform, sending you 5
2024-10-14 13:14:00.116800 Victor: Juliett, sending you 2
2024-10-14 13:14:00.118666 Lima: Tango, Uniform and Delta, sending you 2
2024-10-14 13:14:00.119835 Uniform: X-ray, sending you 4
2024-10-14 13:14:00.120532 Victor: Kilo, sending you 3
chatterbot Mike submitting transactions
chatterbot Tango submitting transactions
chatterbot Victor submitting transactions
chatterbot Uniform submitting transactions
chatterbot X-ray submitting transactions
chatterbot Juliett submitting transactions
chatterbot Lima submitting transactions
chatterbot Oscar submitting transactions
chatterbot Kilo submitting transactions
chatterbot Delta submitting transactions
ChatterBot Oscar round 10
ChatterBot Mike round 10
ChatterBot Victor round 10
ChatterBot Juliett round 10
ChatterBot Tango round 10
ChatterBot Uniform round 10
ChatterBot Lima round 10
ChatterBot Kilo round 10
ChatterBot X-ray round 10
ChatterBot Delta round 10
2024-10-14 13:14:01.258103 Lima: Mike and X-ray, sending you 1
2024-10-14 13:14:01.261869 Kilo: Oscar and Victor, sending you 4
2024-10-14 13:14:01.262491 Uniform: Mike, Tango and Delta, sending you 2
2024-10-14 13:14:01.263727 Victor: Oscar, sending you 5
2024-10-14 13:14:01.264369 Mike: Tango and Lima, sending you 2
2024-10-14 13:14:01.265870 Juliett: Oscar, sending you 3
2024-10-14 13:14:01.267629 Oscar: Victor and Kilo, sending you 1
2024-10-14 13:14:01.268488 Tango: Mike, sending you 2
2024-10-14 13:14:01.270096 Lima: Tango, Uniform and Delta, sending you 2
2024-10-14 13:14:01.271405 Kilo: Juliett, sending you 5
2024-10-14 13:14:01.272090 Victor: Mike, sending you 1
2024-10-14 13:14:01.273669 Uniform: Lima, sending you 1
2024-10-14 13:14:01.275092 Mike: Uniform, sending you 3
2024-10-14 13:14:01.276524 Juliett: Mike, sending you 1
2024-10-14 13:14:01.277460 Tango: Uniform and Lima, sending you 3
2024-10-14 13:14:01.278935 Delta: Mike, sending you 1
2024-10-14 13:14:01.280356 X-ray: Mike, sending you 3
2024-10-14 13:14:01.281842 Victor: Juliett, sending you 2
2024-10-14 13:14:01.282655 Mike: X-ray, sending you 4
2024-10-14 13:14:01.284173 Uniform: X-ray, sending you 4
2024-10-14 13:14:01.285718 Juliett: Victor, sending you 2
2024-10-14 13:14:01.286844 Tango: X-ray, sending you 1
2024-10-14 13:14:01.287560 Delta: Tango, sending you 5
2024-10-14 13:14:01.288950 Victor: Kilo, sending you 3
2024-10-14 13:14:01.289754 X-ray: Tango, Lima and Delta, sending you 1
2024-10-14 13:14:01.291114 Juliett: Kilo, sending you 6
2024-10-14 13:14:01.292417 Tango: Delta, sending you 4
2024-10-14 13:14:01.293529 Delta: Uniform and Lima, sending you 3
2024-10-14 13:14:01.304418 X-ray: Uniform, sending you 5
chatterbot Delta submitting transactions
chatterbot Juliett submitting transactions
chatterbot Mike submitting transactions
chatterbot Kilo submitting transactions
chatterbot Victor submitting transactions
chatterbot Oscar submitting transactions
chatterbot Lima submitting transactions
chatterbot Uniform submitting transactions
chatterbot X-ray submitting transactions
chatterbot Tango submitting transactions
ChatterBot Oscar round 11
ChatterBot Mike round 11
ChatterBot Victor round 11
ChatterBot Juliett round 11
ChatterBot Tango round 11
ChatterBot Uniform round 11
ChatterBot Lima round 11
ChatterBot Kilo round 11
ChatterBot X-ray round 11
ChatterBot Delta round 11
2024-10-14 13:14:02.395457 Tango: We should add Victor
ChatterBot Uniform reevaluating
ChatterBot Lima reevaluating
2024-10-14 13:14:02.421121 Uniform: Yes
2024-10-14 13:14:02.421298 Mike: No
2024-10-14 13:14:02.421439 X-ray: No
2024-10-14 13:14:02.421568 Lima: Yes
2024-10-14 13:14:02.421721 Delta: No
ChatterBot Lima reevaluating
ChatterBot Uniform reevaluating
ChatterBot Tango reevaluating
ChatterBot Lima reevaluating
ChatterBot Uniform reevaluating
ChatterBot Tango reevaluating
ChatterBot Lima reevaluating
ChatterBot Uniform reevaluating
ChatterBot Tango reevaluating
ChatterBot Uniform reevaluating
ChatterBot Tango reevaluating
ChatterBot Lima reevaluating
2024-10-14 13:14:02.542829 Lima: We should add Juliett
ChatterBot Uniform reevaluating
ChatterBot Tango reevaluating
2024-10-14 13:14:02.564271 Uniform: No
2024-10-14 13:14:02.564413 Mike: No
2024-10-14 13:14:02.564532 X-ray: No
2024-10-14 13:14:02.564964 Tango: Yes
2024-10-14 13:14:02.565073 Delta: No
ChatterBot Tango reevaluating
ChatterBot Lima reevaluating
ChatterBot Uniform reevaluating
ChatterBot Tango reevaluating
ChatterBot Lima reevaluating
ChatterBot Uniform reevaluating
ChatterBot Tango reevaluating
ChatterBot Lima reevaluating
ChatterBot Uniform reevaluating
ChatterBot Lima reevaluating
ChatterBot Uniform reevaluating
ChatterBot Tango reevaluating
ChatterBot Lima reevaluating
2024-10-14 13:14:02.758065 Tango: We should add Kilo
ChatterBot Uniform reevaluating
ChatterBot Lima reevaluating
2024-10-14 13:14:02.781504 Uniform: No
2024-10-14 13:14:02.781832 Mike: No
2024-10-14 13:14:02.782598 X-ray: No
2024-10-14 13:14:02.782854 Lima: Yes
2024-10-14 13:14:02.783150 Delta: No
ChatterBot Tango reevaluating
ChatterBot Lima reevaluating
ChatterBot Uniform reevaluating
ChatterBot Tango reevaluating
ChatterBot Lima reevaluating
ChatterBot Uniform reevaluating
ChatterBot Tango reevaluating
ChatterBot Lima reevaluating
ChatterBot Uniform reevaluating
ChatterBot Tango reevaluating
ChatterBot Uniform reevaluating
ChatterBot Tango reevaluating
ChatterBot Lima reevaluating
2024-10-14 13:14:02.882800 Oscar: Mike, sending you 1
2024-10-14 13:14:02.885679 Oscar: Victor, sending you 4
2024-10-14 13:14:02.886374 Mike: Tango and Lima, sending you 2
2024-10-14 13:14:02.887934 Victor: Oscar and Juliett, sending you 3
2024-10-14 13:14:02.888609 Juliett: Oscar and Victor, sending you 3
2024-10-14 13:14:02.889405 Lima: Victor we want you to join our group
2024-10-14 13:14:02.896382 Victor: No
ChatterBot Uniform reevaluating
ChatterBot Tango reevaluating
2024-10-14 13:14:02.938472 Oscar: Juliett and Kilo, sending you 3
2024-10-14 13:14:02.939239 Juliett: Mike, sending you 1
2024-10-14 13:14:02.940233 Delta: I was attacked by Oscar
ChatterBot Uniform reevaluating
ChatterBot Mike reevaluating
ChatterBot X-ray reevaluating
ChatterBot Tango reevaluating
ChatterBot Lima reevaluating
2024-10-14 13:14:02.977545 Delta: I'm keeping this round to protect myself
2024-10-14 13:14:02.979950 Delta: Ow
2024-10-14 13:14:02.980457 Victor: Mike, sending you 1
2024-10-14 13:14:02.980936 Kilo: Oscar and Victor, sending you 4
2024-10-14 13:14:02.981286 Juliett: Kilo, sending you 5
2024-10-14 13:14:02.984657 Kilo: Juliett, sending you 5
2024-10-14 13:14:02.985676 Victor: Kilo, sending you 4
2024-10-14 13:14:03.005954 Lima: Mike, Victor, Uniform and X-ray, sending you 1
2024-10-14 13:14:03.007656 Uniform: Mike, Tango and Delta, sending you 2
2024-10-14 13:14:03.009655 Tango: Mike, sending you 2
2024-10-14 13:14:03.010471 Lima: Tango and Delta, sending you 2
2024-10-14 13:14:03.012699 Uniform: Lima, sending you 1
2024-10-14 13:14:03.013969 Tango: Uniform and Lima, sending you 3
2024-10-14 13:14:03.016650 Tango: X-ray, sending you 1
2024-10-14 13:14:03.018675 Uniform: X-ray, sending you 4
2024-10-14 13:14:03.019749 Tango: Delta, sending you 4
chatterbot Juliett submitting transactions
chatterbot Mike submitting transactions
chatterbot Oscar submitting transactions
chatterbot Lima submitting transactions
chatterbot Victor submitting transactions
chatterbot Kilo submitting transactions
chatterbot Delta submitting transactions
chatterbot X-ray submitting transactions
chatterbot Tango submitting transactions
chatterbot Mike submitting transactions
chatterbot Uniform submitting transactions
ChatterBot Oscar round 12
ChatterBot Mike round 12
ChatterBot Victor round 12
ChatterBot Juliett round 12
ChatterBot Tango round 12
ChatterBot Uniform round 12
ChatterBot Lima round 12
ChatterBot Kilo round 12
ChatterBot X-ray round 12
ChatterBot Delta round 12
2024-10-14 13:14:04.175999 Oscar: Victor and Kilo, sending you 1
2024-10-14 13:14:04.176870 Oscar: I was attacked by X-ray
ChatterBot Mike reevaluating
2024-10-14 13:14:04.195542 Oscar: Ow
2024-10-14 13:14:04.196318 Juliett: Oscar and Victor, sending you 3
2024-10-14 13:14:04.200732 Uniform: Mike, Tango, Lima and Delta, sending you 2
2024-10-14 13:14:04.202421 Tango: Mike, sending you 2
2024-10-14 13:14:04.204500 Victor: Oscar and Kilo, sending you 4
2024-10-14 13:14:04.205321 Lima: Mike, Tango, Uniform, X-ray and Delta, sending you 1
2024-10-14 13:14:04.206343 Juliett: Mike, sending you 1
2024-10-14 13:14:04.206985 X-ray: Mike, sending you 3
2024-10-14 13:14:04.208549 Kilo: Oscar and Victor, sending you 4
2024-10-14 13:14:04.209352 Uniform: X-ray, sending you 3
2024-10-14 13:14:04.210679 Tango: Uniform and Lima, sending you 3
2024-10-14 13:14:04.212145 Victor: Juliett, sending you 3
2024-10-14 13:14:04.212947 Juliett: Kilo, sending you 5
2024-10-14 13:14:04.213654 Kilo: Juliett, sending you 5
2024-10-14 13:14:04.214969 X-ray: Tango and Lima, sending you 2
2024-10-14 13:14:04.216801 Tango: X-ray, sending you 1
2024-10-14 13:14:04.219656 X-ray: Uniform, sending you 4
2024-10-14 13:14:04.221674 Tango: Delta, sending you 4
chatterbot Juliett submitting transactions
chatterbot Kilo submitting transactions
chatterbot Mike submitting transactions
chatterbot Oscar submitting transactions
chatterbot Delta submitting transactions
chatterbot Victor submitting transactions
chatterbot Lima submitting transactions
chatterbot Uniform submitting transactions
chatterbot X-ray submitting transactions
chatterbot Tango submitting transactions
ChatterBot Oscar round 13
ChatterBot Mike round 13
ChatterBot Victor round 13
ChatterBot Juliett round 13
ChatterBot Tango round 13
ChatterBot Uniform round 13
ChatterBot Lima round 13
ChatterBot Kilo round 13
ChatterBot X-ray round 13
ChatterBot Delta round 13
2024-10-14 13:14:05.459714 Oscar: We should replace Mike with Tango
ChatterBot Juliett reevaluating
ChatterBot Victor reevaluating
2024-10-14 13:14:05.476140 Kilo: No
2024-10-14 13:14:05.476907 Juliett: Yes
2024-10-14 13:14:05.477070 Victor: Yes
ChatterBot Juliett reevaluating
ChatterBot Victor reevaluating
ChatterBot Victor reevaluating
ChatterBot Juliett reevaluating
ChatterBot Oscar reevaluating
2024-10-14 13:14:05.520510 Tango: We should add Victor
ChatterBot Mike reevaluating
2024-10-14 13:14:05.539819 Uniform: No
2024-10-14 13:14:05.540040 Mike: No
