ChatterBot Kilo round 1
ChatterBot Whiskey round 1
ChatterBot Lima round 1
ChatterBot Zulu round 1
ChatterBot Victor round 1
ChatterBot Alpha round 1
ChatterBot Charlie round 1
ChatterBot India round 1
ChatterBot Echo round 1
ChatterBot Bravo round 1
randomSelections Zulu: {Zulu, Bravo, Victor, Lima, Alpha, India} 
2024-10-14 13:13:48.180628 Zulu: Can we be friends?
ChatterBot Bravo reevaluating
ChatterBot Victor reevaluating
ChatterBot Lima reevaluating
ChatterBot Alpha reevaluating
ChatterBot India reevaluating
2024-10-14 13:13:48.195928 Bravo: Yes
2024-10-14 13:13:48.196068 Victor: Yes
2024-10-14 13:13:48.196186 Lima: Yes
2024-10-14 13:13:48.196306 Alpha: Yes
2024-10-14 13:13:48.196409 India: Yes
ChatterBot Victor reevaluating
ChatterBot Lima reevaluating
ChatterBot Alpha reevaluating
ChatterBot India reevaluating
ChatterBot Bravo reevaluating
ChatterBot Lima reevaluating
ChatterBot Alpha reevaluating
ChatterBot India reevaluating
ChatterBot Bravo reevaluating
ChatterBot Victor reevaluating
ChatterBot Alpha reevaluating
ChatterBot India reevaluating
ChatterBot Bravo reevaluating
ChatterBot Victor reevaluating
ChatterBot Lima reevaluating
ChatterBot India reevaluating
ChatterBot Bravo reevaluating
ChatterBot Victor reevaluating
ChatterBot Lima reevaluating
ChatterBot Alpha reevaluating
randomSelections Charlie: {Charlie, Echo, Whiskey, India, Zulu, Kilo} 
2024-10-14 13:13:48.264115 Charlie: Can we be friends?
ChatterBot Echo reevaluating
ChatterBot Whiskey reevaluating
ChatterBot India reevaluating
ChatterBot Kilo reevaluating
2024-10-14 13:13:48.278610 Echo: Yes
2024-10-14 13:13:48.278760 Whiskey: Yes
2024-10-14 13:13:48.278887 India: No
2024-10-14 13:13:48.279059 Zulu: No
2024-10-14 13:13:48.279741 Kilo: Yes
ChatterBot Whiskey reevaluating
ChatterBot India reevaluating
ChatterBot Kilo reevaluating
ChatterBot Echo reevaluating
ChatterBot India reevaluating
ChatterBot Kilo reevaluating
ChatterBot Echo reevaluating
ChatterBot Whiskey reevaluating
ChatterBot Kilo reevaluating
ChatterBot Echo reevaluating
ChatterBot Whiskey reevaluating
ChatterBot India reevaluating
ChatterBot Kilo reevaluating
ChatterBot Echo reevaluating
ChatterBot Whiskey reevaluating
ChatterBot India reevaluating
2024-10-14 13:13:48.401671 Kilo: Charlie, sending you 1
2024-10-14 13:13:48.403866 Echo: Kilo, Whiskey and Zulu, sending you 2
2024-10-14 13:13:48.405668 Victor: Lima, sending you 1
2024-10-14 13:13:48.407074 Kilo: India, sending you 3
2024-10-14 13:13:48.407776 Lima: Zulu, sending you 3
2024-10-14 13:13:48.409309 Charlie: Kilo and Echo, sending you 3
2024-10-14 13:13:48.410036 Alpha: Zulu and India, sending you 1
2024-10-14 13:13:48.411950 Echo: Charlie, sending you 1
2024-10-14 13:13:48.412581 Victor: Alpha, sending you 4
2024-10-14 13:13:48.414877 Lima: Victor and India, sending you 1
2024-10-14 13:13:48.415717 Zulu: Lima, sending you 5
2024-10-14 13:13:48.417194 Charlie: Whiskey, sending you 1
2024-10-14 13:13:48.417686 Bravo: Lima, sending you 6
2024-10-14 13:13:48.419718 India: Lima and Zulu, sending you 3
2024-10-14 13:13:48.421251 Whiskey: Kilo, Charlie and India, sending you 3
2024-10-14 13:13:48.422086 Victor: Bravo, sending you 3
2024-10-14 13:13:48.423537 Lima: Alpha, sending you 2
2024-10-14 13:13:48.423939 Zulu: Victor and India, sending you 4
2024-10-14 13:13:48.424279 Charlie: Zulu, sending you 2
2024-10-14 13:13:48.425306 India: Victor, sending you 2
2024-10-14 13:13:48.425708 Bravo: Zulu and Alpha, sending you 1
2024-10-14 13:13:48.426048 Whiskey: Echo, sending you 2
2024-10-14 13:13:48.435362 Zulu: Alpha, sending you 2
2024-10-14 13:13:48.435701 India: Alpha, sending you 1
2024-10-14 13:13:48.436595 Bravo: Victor, sending you 8
2024-10-14 13:13:48.441830 India: Bravo, sending you 4
2024-10-14 13:13:48.442343 Zulu: Bravo, sending you 3
2024-10-14 13:13:48.443109 Bravo: India, sending you 2
chatterbot India submitting transactions
chatterbot Alpha submitting transactions
chatterbot Echo submitting transactions
chatterbot Kilo submitting transactions
chatterbot Bravo submitting transactions
chatterbot Zulu submitting transactions
chatterbot Victor submitting transactions
chatterbot Lima submitting transactions
chatterbot Whiskey submitting transactions
chatterbot Charlie submitting transactions
ChatterBot Kilo round 2
ChatterBot Whiskey round 2
ChatterBot Lima round 2
2024-10-14 13:13:49.265941 Kilo: We would work well together
ChatterBot Whiskey reevaluating
ChatterBot Charlie reevaluating
ChatterBot Echo reevaluating
ChatterBot Alpha reevaluating
2024-10-14 13:13:49.316664 Whiskey: No
2024-10-14 13:13:49.316849 Charlie: No
2024-10-14 13:13:49.316949 Echo: No
2024-10-14 13:13:49.317037 Alpha: No
ChatterBot Charlie reevaluating
ChatterBot Echo reevaluating
ChatterBot Alpha reevaluating
ChatterBot Whiskey reevaluating
ChatterBot Echo reevaluating
ChatterBot Alpha reevaluating
ChatterBot Kilo reevaluating
ChatterBot Whiskey reevaluating
ChatterBot Charlie reevaluating
ChatterBot Alpha reevaluating
ChatterBot Kilo reevaluating
ChatterBot Whiskey reevaluating
ChatterBot Charlie reevaluating
ChatterBot Echo reevaluating
2024-10-14 13:13:49.417520 Charlie: We should group up
ChatterBot Kilo reevaluating
2024-10-14 13:13:49.422868 Kilo: Yes
ChatterBot Charlie reevaluating
ChatterBot Zulu round 2
ChatterBot Victor round 2
ChatterBot Alpha round 2
ChatterBot Charlie round 2
ChatterBot India round 2
ChatterBot Echo round 2
ChatterBot Bravo round 2
2024-10-14 13:13:49.471102 Whiskey: We should drop India and Zulu
ChatterBot Kilo reevaluating
ChatterBot Charlie reevaluating
ChatterBot Echo reevaluating
2024-10-14 13:13:49.484532 Kilo: Yes
2024-10-14 13:13:49.484712 Charlie: Yes
2024-10-14 13:13:49.484822 Echo: Yes
ChatterBot Whiskey reevaluating
ChatterBot Charlie reevaluating
ChatterBot Echo reevaluating
ChatterBot Whiskey reevaluating
ChatterBot Kilo reevaluating
ChatterBot Echo reevaluating
ChatterBot Whiskey reevaluating
ChatterBot Kilo reevaluating
ChatterBot Charlie reevaluating
2024-10-14 13:13:49.539677 Lima: Zulu and Bravo, sending you 2
2024-10-14 13:13:49.733130 Alpha: Lima, Zulu, India and Bravo, sending you 1
2024-10-14 13:13:49.735256 India: Lima, Victor and Alpha, sending you 2
2024-10-14 13:13:49.736314 Lima: Victor, Alpha and India, sending you 1
2024-10-14 13:13:49.737027 Zulu: Lima and India, sending you 7
2024-10-14 13:13:49.738114 Bravo: Lima, sending you 1
2024-10-14 13:13:49.739294 Victor: Lima, Zulu, India and Bravo, sending you 2
2024-10-14 13:13:49.739905 Alpha: Victor, sending you 2
2024-10-14 13:13:49.740884 India: Zulu, sending you 4
2024-10-14 13:13:50.054757 Zulu: Alpha and Bravo, sending you 3
2024-10-14 13:13:50.055168 Echo: Whiskey, sending you 3
2024-10-14 13:13:50.055442 Bravo: Zulu and Victor, sending you 5
2024-10-14 13:13:50.056899 Charlie: Kilo and Echo, sending you 2
2024-10-14 13:13:50.057271 Kilo: Whiskey, sending you 2
2024-10-14 13:13:50.058295 India: Bravo, sending you 3
chatterbot Bravo submitting transactions
chatterbot Victor submitting transactions
2024-10-14 13:13:50.556401 Echo: Charlie, sending you 4
2024-10-14 13:13:50.556785 Charlie: Whiskey, sending you 4
2024-10-14 13:13:50.557432 Bravo: India, sending you 7
2024-10-14 13:13:50.557788 Kilo: Charlie and Echo, sending you 1
chatterbot Lima submitting transactions
chatterbot Whiskey submitting transactions
chatterbot India submitting transactions
chatterbot Echo submitting transactions
2024-10-14 13:13:50.929835 Charlie: Alpha, sending you 1
chatterbot Zulu submitting transactions
chatterbot Alpha submitting transactions
chatterbot Charlie submitting transactions
chatterbot Kilo submitting transactions
ChatterBot Kilo round 3
ChatterBot Whiskey round 3
ChatterBot Lima round 3
ChatterBot Zulu round 3
ChatterBot Victor round 3
ChatterBot Alpha round 3
ChatterBot Charlie round 3
ChatterBot India round 3
ChatterBot Echo round 3
ChatterBot Bravo round 3
2024-10-14 13:13:51.298596 Charlie: We should replace Alpha with Lima
ChatterBot Kilo reevaluating
2024-10-14 13:13:51.314295 Whiskey: No
2024-10-14 13:13:51.314500 Kilo: Yes
2024-10-14 13:13:51.314662 Echo: No
ChatterBot Kilo reevaluating
ChatterBot Charlie reevaluating
ChatterBot Echo reevaluating
ChatterBot Charlie reevaluating
ChatterBot Echo reevaluating
ChatterBot Kilo reevaluating
ChatterBot Charlie reevaluating
2024-10-14 13:13:51.377950 Lima: We should add Kilo
ChatterBot Bravo reevaluating
ChatterBot Victor reevaluating
ChatterBot Alpha reevaluating
ChatterBot India reevaluating
2024-10-14 13:13:51.406801 Zulu: No
2024-10-14 13:13:51.408186 Bravo: Yes
2024-10-14 13:13:51.408341 Victor: Yes
2024-10-14 13:13:51.408463 Alpha: No
2024-10-14 13:13:51.408570 India: Yes
ChatterBot Bravo reevaluating
ChatterBot Victor reevaluating
ChatterBot Alpha reevaluating
ChatterBot India reevaluating
ChatterBot Victor reevaluating
ChatterBot Alpha reevaluating
ChatterBot India reevaluating
ChatterBot Bravo reevaluating
ChatterBot Alpha reevaluating
ChatterBot India reevaluating
ChatterBot Bravo reevaluating
ChatterBot Victor reevaluating
ChatterBot India reevaluating
ChatterBot Bravo reevaluating
ChatterBot Victor reevaluating
ChatterBot Alpha reevaluating
2024-10-14 13:13:51.584739 Kilo: We should replace Alpha with Victor
ChatterBot Charlie reevaluating
ChatterBot Echo reevaluating
2024-10-14 13:13:51.595066 Whiskey: No
2024-10-14 13:13:51.595229 Charlie: No
2024-10-14 13:13:51.595694 Echo: Yes
ChatterBot Kilo reevaluating
ChatterBot Charlie reevaluating
ChatterBot Echo reevaluating
ChatterBot Kilo reevaluating
ChatterBot Echo reevaluating
ChatterBot Kilo reevaluating
ChatterBot Charlie reevaluating
2024-10-14 13:13:51.627796 Lima: Kilo we want you to join our group
ChatterBot Kilo reevaluating
2024-10-14 13:13:51.631890 Kilo: No
ChatterBot Victor reevaluating
ChatterBot Alpha reevaluating
ChatterBot India reevaluating
ChatterBot Bravo reevaluating
2024-10-14 13:13:51.652833 Whiskey: We should drop India and Zulu
ChatterBot Kilo reevaluating
ChatterBot Charlie reevaluating
ChatterBot Echo reevaluating
2024-10-14 13:13:51.663587 Kilo: Yes
2024-10-14 13:13:51.663716 Charlie: Yes
2024-10-14 13:13:51.663825 Echo: Yes
ChatterBot Charlie reevaluating
ChatterBot Echo reevaluating
ChatterBot Kilo reevaluating
ChatterBot Echo reevaluating
ChatterBot Kilo reevaluating
ChatterBot Charlie reevaluating
2024-10-14 13:13:51.694376 Victor: Kilo we want you to join our group
2024-10-14 13:13:51.697875 Kilo: No
ChatterBot Victor reevaluating
2024-10-14 13:13:51.720920 Bravo: Kilo we want you to join our group
ChatterBot Kilo reevaluating
2024-10-14 13:13:51.744872 Kilo: No
ChatterBot Victor reevaluating
2024-10-14 13:13:51.793148 India: Kilo we want you to join our group
ChatterBot Kilo reevaluating
2024-10-14 13:13:51.797878 Kilo: No
ChatterBot Victor reevaluating
2024-10-14 13:13:51.819575 Charlie: Lima we want you to join our group
2024-10-14 13:13:51.823581 Lima: No
ChatterBot Charlie reevaluating
ChatterBot Kilo reevaluating
2024-10-14 13:13:51.838556 Zulu: Lima, sending you 4
2024-10-14 13:13:51.861676 Lima: Zulu, sending you 3
2024-10-14 13:13:51.862153 Zulu: Victor and Alpha, sending you 2
2024-10-14 13:13:51.863190 Alpha: Lima, India and Bravo, sending you 1
2024-10-14 13:13:51.863633 Whiskey: Kilo, sending you 2
2024-10-14 13:13:51.864012 Charlie: Victor we want you to join our group
ChatterBot Victor reevaluating
2024-10-14 13:13:51.870705 Victor: No
ChatterBot Charlie reevaluating
ChatterBot Kilo reevaluating
ChatterBot Echo reevaluating
2024-10-14 13:13:51.892448 Charlie: We should replace Alpha with Bravo
ChatterBot Kilo reevaluating
ChatterBot Echo reevaluating
2024-10-14 13:13:51.909172 Whiskey: No
2024-10-14 13:13:51.909340 Kilo: No
2024-10-14 13:13:51.909513 Echo: No
ChatterBot Kilo reevaluating
ChatterBot Charlie reevaluating
ChatterBot Echo reevaluating
ChatterBot Charlie reevaluating
ChatterBot Echo reevaluating
ChatterBot Kilo reevaluating
ChatterBot Charlie reevaluating
2024-10-14 13:13:51.960582 Lima: Victor, Alpha, India and Bravo, sending you 1
2024-10-14 13:13:51.961463 Zulu: India, sending you 7
2024-10-14 13:13:51.961890 Alpha: Zulu and Victor, sending you 2
2024-10-14 13:13:51.962360 Whiskey: Charlie, sending you 5
2024-10-14 13:13:51.963943 Bravo: Lima, sending you 2
2024-10-14 13:13:51.964871 India: Kilo, Lima and Victor, sending you 2
2024-10-14 13:13:51.965256 Zulu: Bravo, sending you 5
2024-10-14 13:13:52.005483 Echo: Victor we want you to join our group
ChatterBot Victor reevaluating
2024-10-14 13:13:52.009491 Victor: No
ChatterBot Charlie reevaluating
ChatterBot Kilo reevaluating
ChatterBot Echo reevaluating
2024-10-14 13:13:52.023711 Whiskey: Echo, sending you 4
2024-10-14 13:13:52.024634 India: Zulu and Bravo, sending you 3
2024-10-14 13:13:52.025038 Bravo: Zulu, sending you 5
2024-10-14 13:13:52.193790 India: Alpha, sending you 1
2024-10-14 13:13:52.194274 Bravo: Victor, sending you 4
2024-10-14 13:13:52.195053 Echo: Lima we want you to join our group
2024-10-14 13:13:52.200057 Lima: No
ChatterBot Charlie reevaluating
ChatterBot Kilo reevaluating
ChatterBot Echo reevaluating
chatterbot Lima submitting transactions
chatterbot Zulu submitting transactions
2024-10-14 13:13:52.224300 Bravo: Alpha, sending you 1
2024-10-14 13:13:52.256681 Bravo: India, sending you 6
2024-10-14 13:13:52.257109 Victor: Zulu, Alpha, India and Bravo, sending you 2
2024-10-14 13:13:52.257957 Kilo: Victor we want you to join our group
2024-10-14 13:13:52.260916 Victor: No
ChatterBot Charlie reevaluating
ChatterBot Kilo reevaluating
ChatterBot Echo reevaluating
2024-10-14 13:13:52.306788 Kilo: Lima we want you to join our group
2024-10-14 13:13:52.312269 Lima: No
ChatterBot Charlie reevaluating
ChatterBot Kilo reevaluating
ChatterBot Echo reevaluating
chatterbot Alpha submitting transactions
chatterbot Bravo submitting transactions
chatterbot Victor submitting transactions
2024-10-14 13:13:52.632131 Kilo: Whiskey and Echo, sending you 1
2024-10-14 13:13:52.633090 Echo: Kilo, sending you 1
2024-10-14 13:13:52.633478 Charlie: Kilo, sending you 2
2024-10-14 13:13:52.693313 Kilo: Charlie, sending you 2
2024-10-14 13:13:52.693788 Echo: Whiskey, sending you 4
2024-10-14 13:13:52.694463 Charlie: Whiskey and Echo, sending you 3
chatterbot India submitting transactions
2024-10-14 13:13:53.002233 Echo: Charlie, sending you 2
2024-10-14 13:13:53.002758 Charlie: Victor, sending you 1
chatterbot Whiskey submitting transactions
chatterbot Charlie submitting transactions
chatterbot Kilo submitting transactions
chatterbot Echo submitting transactions
ChatterBot Kilo round 4
ChatterBot Whiskey round 4
ChatterBot Lima round 4
ChatterBot Zulu round 4
ChatterBot Victor round 4
ChatterBot Alpha round 4
ChatterBot Charlie round 4
ChatterBot India round 4
ChatterBot Echo round 4
ChatterBot Bravo round 4
2024-10-14 13:13:53.514550 Charlie: We should replace Victor with Lima
2024-10-14 13:13:53.526585 Whiskey: No
2024-10-14 13:13:53.527094 Kilo: Yes
2024-10-14 13:13:53.527235 Echo: Yes
ChatterBot Kilo reevaluating
ChatterBot Kilo reevaluating
2024-10-14 13:13:53.568659 Charlie: Lima we want you to join our group
2024-10-14 13:13:53.572439 Lima: No
ChatterBot Charlie reevaluating
ChatterBot Kilo reevaluating
2024-10-14 13:13:53.588845 Charlie: We should replace Victor with Bravo
ChatterBot Kilo reevaluating
2024-10-14 13:13:53.601848 Whiskey: No
2024-10-14 13:13:53.602065 Kilo: No
2024-10-14 13:13:53.602223 Echo: No
ChatterBot Kilo reevaluating
ChatterBot Charlie reevaluating
ChatterBot Charlie reevaluating
ChatterBot Kilo reevaluating
ChatterBot Charlie reevaluating
2024-10-14 13:13:53.641250 Alpha: Lima, India and Bravo, sending you 1
2024-10-14 13:13:53.641670 Zulu: Lima, sending you 4
2024-10-14 13:13:53.641982 India: Kilo, sending you 1
2024-10-14 13:13:53.642671 Whiskey: Kilo, sending you 2
2024-10-14 13:13:53.642926 Echo: Kilo, sending you 1
2024-10-14 13:13:53.643154 Lima: Zulu, sending you 3
2024-10-14 13:13:53.643404 Victor: Zulu, Alpha, India and Bravo, sending you 2
2024-10-14 13:13:53.650669 Alpha: Zulu and Victor, sending you 2
2024-10-14 13:13:53.651481 Zulu: Victor and Alpha, sending you 3
2024-10-14 13:13:53.651827 India: Lima, Victor and Alpha, sending you 2
2024-10-14 13:13:53.652162 Whiskey: Charlie, sending you 4
2024-10-14 13:13:53.653019 Lima: Victor, Alpha, India and Bravo, sending you 1
2024-10-14 13:13:53.653655 Echo: Whiskey, sending you 4
2024-10-14 13:13:53.654513 Bravo: Lima and Alpha, sending you 2
2024-10-14 13:13:53.658135 Zulu: India and Bravo, sending you 5
2024-10-14 13:13:53.659029 India: Zulu and Bravo, sending you 3
2024-10-14 13:13:53.659332 Echo: Charlie, sending you 2
2024-10-14 13:13:53.659642 Whiskey: Echo, sending you 5
2024-10-14 13:13:53.659943 Bravo: Zulu and India, sending you 5
2024-10-14 13:13:53.666143 Kilo: Whiskey and Echo, sending you 1
2024-10-14 13:13:53.666440 Bravo: Victor, sending you 4
2024-10-14 13:13:53.669504 Kilo: Charlie, sending you 2
2024-10-14 13:13:53.719815 Charlie: Kilo, sending you 2
2024-10-14 13:13:53.747703 Charlie: Whiskey, sending you 4
2024-10-14 13:13:53.751653 Charlie: Echo, sending you 3
chatterbot Victor submitting transactions
chatterbot Whiskey submitting transactions
chatterbot Lima submitting transactions
chatterbot Zulu submitting transactions
chatterbot India submitting transactions
chatterbot Alpha submitting transactions
chatterbot Kilo submitting transactions
chatterbot Charlie submitting transactions
chatterbot Bravo submitting transactions
chatterbot Echo submitting transactions
ChatterBot Kilo round 5
ChatterBot Whiskey round 5
ChatterBot Lima round 5
ChatterBot Zulu round 5
ChatterBot Victor round 5
ChatterBot Alpha round 5
ChatterBot Charlie round 5
ChatterBot India round 5
ChatterBot Echo round 5
ChatterBot Bravo round 5
2024-10-14 13:13:55.191686 Whiskey: Kilo, sending you 2
2024-10-14 13:13:55.195681 Lima: Zulu, sending you 3
2024-10-14 13:13:55.196668 Victor: Zulu, Alpha, India and Bravo, sending you 2
2024-10-14 13:13:55.197134 Whiskey: Charlie, sending you 4
2024-10-14 13:13:55.198676 Bravo: Lima and Alpha, sending you 2
2024-10-14 13:13:55.199186 Zulu: Lima, sending you 4
2024-10-14 13:13:55.199729 Lima: Victor, Alpha, India and Bravo, sending you 1
2024-10-14 13:13:55.201670 Whiskey: Echo, sending you 5
2024-10-14 13:13:55.202704 Zulu: Victor and Alpha, sending you 3
2024-10-14 13:13:55.203250 India: Kilo, sending you 1
2024-10-14 13:13:55.203751 Bravo: Zulu and India, sending you 5
2024-10-14 13:13:55.204974 Charlie: Kilo, sending you 2
2024-10-14 13:13:55.205693 Alpha: Lima, India and Bravo, sending you 1
2024-10-14 13:13:55.206459 Zulu: India and Bravo, sending you 5
2024-10-14 13:13:55.207097 India: Lima, Victor and Alpha, sending you 2
2024-10-14 13:13:55.208846 Echo: Kilo, sending you 1
2024-10-14 13:13:55.212492 Charlie: Whiskey, sending you 4
2024-10-14 13:13:55.213012 Alpha: Zulu and Victor, sending you 2
2024-10-14 13:13:55.213716 Bravo: Victor, sending you 4
2024-10-14 13:13:55.215380 Kilo: Whiskey and Echo, sending you 1
2024-10-14 13:13:55.215865 India: Zulu and Bravo, sending you 3
2024-10-14 13:13:55.216993 Echo: Whiskey, sending you 4
2024-10-14 13:13:55.217677 Charlie: Echo, sending you 3
2024-10-14 13:13:55.218702 Kilo: Charlie, sending you 2
2024-10-14 13:13:55.222188 Echo: Charlie, sending you 2
chatterbot Charlie submitting transactions
chatterbot Echo submitting transactions
chatterbot Alpha submitting transactions
chatterbot Zulu submitting transactions
chatterbot Victor submitting transactions
chatterbot India submitting transactions
chatterbot Bravo submitting transactions
chatterbot Kilo submitting transactions
chatterbot Lima submitting transactions
chatterbot Whiskey submitting transactions
ChatterBot Kilo round 6
ChatterBot Whiskey round 6
ChatterBot Lima round 6
ChatterBot Zulu round 6
2024-10-14 13:13:56.356751 Kilo: We should replace Lima with Alpha
ChatterBot Echo reevaluating
2024-10-14 13:13:56.367462 Whiskey: No
2024-10-14 13:13:56.367591 Charlie: No
2024-10-14 13:13:56.367718 Echo: Yes
ChatterBot Kilo reevaluating
ChatterBot Echo reevaluating
ChatterBot Kilo reevaluating
ChatterBot Echo reevaluating
ChatterBot Kilo reevaluating
ChatterBot Victor round 6
ChatterBot Alpha round 6
ChatterBot Charlie round 6
ChatterBot India round 6
ChatterBot Echo round 6
ChatterBot Bravo round 6
2024-10-14 13:13:56.428325 Echo: We should replace Lima with Victor
ChatterBot Kilo reevaluating
2024-10-14 13:13:56.437655 Whiskey: No
2024-10-14 13:13:56.437804 Kilo: No
2024-10-14 13:13:56.437912 Charlie: No
ChatterBot Kilo reevaluating
ChatterBot Echo reevaluating
ChatterBot Echo reevaluating
ChatterBot Kilo reevaluating
ChatterBot Echo reevaluating
2024-10-14 13:13:56.472656 Zulu: Lima, sending you 4
2024-10-14 13:13:56.474730 Whiskey: Kilo, sending you 1
2024-10-14 13:13:56.476728 Zulu: Victor and Alpha, sending you 3
2024-10-14 13:13:56.478676 Whiskey: Charlie and Echo, sending you 5
2024-10-14 13:13:56.479835 Kilo: Whiskey and Echo, sending you 1
2024-10-14 13:13:56.480661 Zulu: India and Bravo, sending you 5
2024-10-14 13:13:56.481661 India: Kilo, sending you 1
2024-10-14 13:13:56.483673 Kilo: Charlie, sending you 2
2024-10-14 13:13:56.486678 India: Lima, Victor and Alpha, sending you 2
2024-10-14 13:13:56.487681 Lima: Zulu, sending you 3
2024-10-14 13:13:56.489676 Bravo: Lima and Alpha, sending you 2
2024-10-14 13:13:56.490492 India: Zulu and Bravo, sending you 3
2024-10-14 13:13:56.491006 Victor: Zulu, Alpha, India and Bravo, sending you 2
2024-10-14 13:13:56.492675 Lima: Victor, Alpha, India and Bravo, sending you 1
2024-10-14 13:13:56.493537 Charlie: Kilo, sending you 2
2024-10-14 13:13:56.493960 Alpha: Lima, India and Bravo, sending you 1
2024-10-14 13:13:56.494395 Bravo: Zulu, sending you 6
2024-10-14 13:13:56.495429 Echo: Kilo, sending you 1
2024-10-14 13:13:56.497672 Charlie: Whiskey, sending you 4
2024-10-14 13:13:56.498386 Alpha: Zulu and Victor, sending you 2
2024-10-14 13:13:56.498976 Bravo: Victor, sending you 3
2024-10-14 13:13:56.500705 Echo: Whiskey, sending you 4
2024-10-14 13:13:56.503 Charlie: Echo, sending you 3
2024-10-14 13:13:56.503667 Bravo: India, sending you 5
2024-10-14 13:13:56.505907 Echo: Charlie, sending you 2
chatterbot Charlie submitting transactions
chatterbot Zulu submitting transactions
chatterbot Lima submitting transactions
chatterbot Alpha submitting transactions
chatterbot Whiskey submitting transactions
chatterbot Kilo submitting transactions
chatterbot Bravo submitting transactions
chatterbot Echo submitting transactions
chatterbot Victor submitting transactions
chatterbot India submitting transactions
ChatterBot Kilo round 7
ChatterBot Whiskey round 7
ChatterBot Lima round 7
ChatterBot Zulu round 7
ChatterBot Victor round 7
ChatterBot Alpha round 7
ChatterBot Charlie round 7
ChatterBot India round 7
ChatterBot Echo round 7
ChatterBot Bravo round 7
2024-10-14 13:13:57.437912 Kilo: Whiskey and Echo, sending you 1
2024-10-14 13:13:57.441692 Kilo: Charlie, sending you 2
2024-10-14 13:13:57.442990 Lima: Zulu, sending you 3
2024-10-14 13:13:57.444799 Zulu: Lima and India, sending you 3
2024-10-14 13:13:57.445678 Alpha: Lima, India and Bravo, sending you 1
2024-10-14 13:13:57.446804 India: Kilo, sending you 1
2024-10-14 13:13:57.447663 Lima: Victor, Alpha, India and Bravo, sending you 1
2024-10-14 13:13:57.449691 Zulu: Victor, sending you 2
2024-10-14 13:13:57.450852 India: Lima, Victor and Alpha, sending you 2
2024-10-14 13:13:57.452052 Alpha: Zulu and Victor, sending you 2
2024-10-14 13:13:57.452702 Whiskey: Kilo, sending you 1
2024-10-14 13:13:57.453691 Victor: Zulu, Alpha, India and Bravo, sending you 2
2024-10-14 13:13:57.454678 Zulu: Alpha, sending you 1
2024-10-14 13:13:57.455821 India: Zulu and Bravo, sending you 3
2024-10-14 13:13:57.457669 Whiskey: Charlie and Echo, sending you 5
2024-10-14 13:13:57.458604 Bravo: Lima and Alpha, sending you 2
2024-10-14 13:13:57.459433 Echo: Kilo, sending you 1
2024-10-14 13:13:57.460591 Zulu: Bravo, sending you 4
2024-10-14 13:13:57.461461 Charlie: Kilo, sending you 2
2024-10-14 13:13:57.462691 Bravo: Zulu, sending you 6
2024-10-14 13:13:57.464417 Echo: Whiskey, sending you 4
2024-10-14 13:13:57.465734 Charlie: Whiskey, sending you 4
2024-10-14 13:13:57.466320 Bravo: Victor, sending you 3
2024-10-14 13:13:57.467701 Echo: Charlie, sending you 2
2024-10-14 13:13:57.470704 Charlie: Echo, sending you 3
2024-10-14 13:13:57.474500 Bravo: India, sending you 5
chatterbot Zulu submitting transactions
chatterbot India submitting transactions
chatterbot Kilo submitting transactions
chatterbot Victor submitting transactions
chatterbot Bravo submitting transactions
chatterbot Whiskey submitting transactions
chatterbot Lima submitting transactions
chatterbot Echo submitting transactions
chatterbot Charlie submitting transactions
chatterbot Alpha submitting transactions
ChatterBot Kilo round 8
ChatterBot Whiskey round 8
ChatterBot Lima round 8
ChatterBot Zulu round 8
ChatterBot Victor round 8
ChatterBot Alpha round 8
ChatterBot Charlie round 8
2024-10-14 13:13:58.676661 Kilo: We should replace Lima with Alpha
ChatterBot Echo reevaluating
2024-10-14 13:13:58.689741 Whiskey: No
2024-10-14 13:13:58.689908 Charlie: No
2024-10-14 13:13:58.690070 Echo: Yes
ChatterBot Echo reevaluating
ChatterBot Kilo reevaluating
ChatterBot Echo reevaluating
ChatterBot Kilo reevaluating
ChatterBot India round 8
ChatterBot Echo round 8
ChatterBot Bravo round 8
2024-10-14 13:13:58.750707 Lima: Zulu and India, sending you 2
2024-10-14 13:13:58.751685 Whiskey: Kilo, sending you 1
2024-10-14 13:13:58.752666 Zulu: Lima and India, sending you 3
2024-10-14 13:13:58.753708 Lima: Victor, Alpha and Bravo, sending you 1
2024-10-14 13:13:58.755045 Bravo: We should drop Kilo
2024-10-14 13:13:58.772553 Zulu: Yes
2024-10-14 13:13:58.772801 Victor: Yes
2024-10-14 13:13:58.773862 Lima: No
2024-10-14 13:13:58.774022 Alpha: Yes
2024-10-14 13:13:58.774191 India: No
ChatterBot Lima reevaluating
ChatterBot Lima reevaluating
ChatterBot India reevaluating
ChatterBot India reevaluating
ChatterBot Bravo reevaluating
ChatterBot Lima reevaluating
ChatterBot India reevaluating
ChatterBot Bravo reevaluating
ChatterBot Lima reevaluating
2024-10-14 13:13:58.864031 Whiskey: Charlie and Echo, sending you 5
2024-10-14 13:13:58.864560 Zulu: Victor, sending you 2
2024-10-14 13:13:58.865641 Echo: I was attacked by Zulu
ChatterBot Kilo reevaluating
ChatterBot Whiskey reevaluating
ChatterBot Charlie reevaluating
ChatterBot Alpha reevaluating
2024-10-14 13:13:58.879812 Echo: I'm keeping this round to protect myself
2024-10-14 13:13:58.881127 Echo: Ow
2024-10-14 13:13:58.881477 Charlie: We should replace Lima with India
ChatterBot Whiskey reevaluating
ChatterBot Kilo reevaluating
2024-10-14 13:13:58.892037 Whiskey: No
2024-10-14 13:13:58.892212 Kilo: Yes
2024-10-14 13:13:58.892386 Echo: No
ChatterBot Kilo reevaluating
ChatterBot Charlie reevaluating
ChatterBot Whiskey reevaluating
ChatterBot Charlie reevaluating
ChatterBot Whiskey reevaluating
ChatterBot Kilo reevaluating
ChatterBot Charlie reevaluating
2024-10-14 13:13:58.926745 Lima: We should replace Kilo with Echo
ChatterBot Bravo reevaluating
ChatterBot Alpha reevaluating
ChatterBot India reevaluating
2024-10-14 13:13:58.964157 Zulu: No
2024-10-14 13:13:58.966136 Bravo: No
2024-10-14 13:13:58.966415 Victor: No
2024-10-14 13:13:58.966583 Alpha: No
2024-10-14 13:13:58.966725 India: No
ChatterBot Bravo reevaluating
ChatterBot Lima reevaluating
ChatterBot Alpha reevaluating
ChatterBot India reevaluating
ChatterBot Lima reevaluating
ChatterBot Alpha reevaluating
ChatterBot India reevaluating
ChatterBot Bravo reevaluating
ChatterBot Lima reevaluating
ChatterBot Alpha reevaluating
ChatterBot India reevaluating
ChatterBot Bravo reevaluating
ChatterBot Lima reevaluating
ChatterBot India reevaluating
ChatterBot Bravo reevaluating
ChatterBot Lima reevaluating
ChatterBot Alpha reevaluating
2024-10-14 13:13:59.089938 Victor: Zulu, Alpha, India and Bravo, sending you 2
2024-10-14 13:13:59.090607 Lima: We should replace Kilo with Whiskey
ChatterBot Bravo reevaluating
ChatterBot Alpha reevaluating
ChatterBot India reevaluating
2024-10-14 13:13:59.105344 Zulu: No
2024-10-14 13:13:59.105839 Bravo: Yes
2024-10-14 13:13:59.105939 Victor: No
2024-10-14 13:13:59.106026 Alpha: No
2024-10-14 13:13:59.106114 India: No
ChatterBot Bravo reevaluating
ChatterBot Lima reevaluating
ChatterBot Alpha reevaluating
ChatterBot India reevaluating
ChatterBot Lima reevaluating
ChatterBot Alpha reevaluating
ChatterBot India reevaluating
ChatterBot Bravo reevaluating
ChatterBot Lima reevaluating
ChatterBot Alpha reevaluating
ChatterBot India reevaluating
ChatterBot Bravo reevaluating
ChatterBot Lima reevaluating
ChatterBot India reevaluating
ChatterBot Bravo reevaluating
ChatterBot Lima reevaluating
ChatterBot Alpha reevaluating
2024-10-14 13:13:59.194810 Zulu: Alpha, sending you 1
2024-10-14 13:13:59.214293 Zulu: Bravo, sending you 4
2024-10-14 13:13:59.215188 Lima: Echo we want you to join our group
2024-10-14 13:13:59.220716 Echo: No
ChatterBot Lima reevaluating
ChatterBot Bravo reevaluating
2024-10-14 13:13:59.249231 Lima: We should replace Kilo with Charlie
ChatterBot Bravo reevaluating
ChatterBot India reevaluating
2024-10-14 13:13:59.274738 Zulu: No
2024-10-14 13:13:59.274944 Bravo: No
2024-10-14 13:13:59.275120 Victor: No
2024-10-14 13:13:59.275297 Alpha: No
2024-10-14 13:13:59.275482 India: No
ChatterBot Bravo reevaluating
ChatterBot Lima reevaluating
ChatterBot India reevaluating
ChatterBot Lima reevaluating
ChatterBot India reevaluating
ChatterBot Bravo reevaluating
ChatterBot Lima reevaluating
ChatterBot India reevaluating
ChatterBot Bravo reevaluating
ChatterBot Lima reevaluating
ChatterBot India reevaluating
ChatterBot Bravo reevaluating
ChatterBot Lima reevaluating
chatterbot Charlie submitting transactions
chatterbot Echo submitting transactions
2024-10-14 13:13:59.468450 India: Whiskey we want you to join our group
ChatterBot Whiskey reevaluating
2024-10-14 13:13:59.477919 Whiskey: No
ChatterBot India reevaluating
ChatterBot Lima reevaluating
ChatterBot Bravo reevaluating
chatterbot Zulu submitting transactions
2024-10-14 13:13:59.519728 Charlie: Kilo, sending you 2
2024-10-14 13:13:59.521264 India: Charlie we want you to join our group
ChatterBot Charlie reevaluating
2024-10-14 13:13:59.526861 Charlie: No
ChatterBot India reevaluating
ChatterBot Lima reevaluating
ChatterBot Bravo reevaluating
2024-10-14 13:13:59.553712 Bravo: Whiskey we want you to join our group
ChatterBot Whiskey reevaluating
2024-10-14 13:13:59.559380 Whiskey: No
ChatterBot India reevaluating
ChatterBot Lima reevaluating
ChatterBot Bravo reevaluating
2024-10-14 13:13:59.584053 Bravo: Echo we want you to join our group
2024-10-14 13:13:59.587054 Echo: No
ChatterBot Lima reevaluating
ChatterBot India reevaluating
ChatterBot Bravo reevaluating
2024-10-14 13:13:59.621669 Lima: Whiskey we want you to join our group
2024-10-14 13:13:59.625869 Whiskey: No
ChatterBot India reevaluating
ChatterBot Lima reevaluating
ChatterBot Bravo reevaluating
2024-10-14 13:13:59.661696 India: Echo we want you to join our group
2024-10-14 13:13:59.666248 Echo: No
ChatterBot Lima reevaluating
ChatterBot India reevaluating
ChatterBot Bravo reevaluating
2024-10-14 13:13:59.694681 Lima: Charlie we want you to join our group
ChatterBot Charlie reevaluating
2024-10-14 13:13:59.698391 Charlie: No
ChatterBot India reevaluating
ChatterBot Lima reevaluating
ChatterBot Bravo reevaluating
2024-10-14 13:13:59.713374 Charlie: We should replace Lima with Bravo
ChatterBot Kilo reevaluating
2024-10-14 13:13:59.720686 Whiskey: No
2024-10-14 13:13:59.720843 Kilo: Yes
2024-10-14 13:13:59.720965 Echo: No
ChatterBot Kilo reevaluating
ChatterBot Charlie reevaluating
ChatterBot Charlie reevaluating
ChatterBot Kilo reevaluating
ChatterBot Charlie reevaluating
2024-10-14 13:13:59.756815 Kilo: India we want you to join our group
ChatterBot India reevaluating
2024-10-14 13:13:59.760098 India: No
ChatterBot Kilo reevaluating
ChatterBot Charlie reevaluating
2024-10-14 13:13:59.772030 Kilo: We should replace Alpha with Lima
ChatterBot Charlie reevaluating
ChatterBot Echo reevaluating
2024-10-14 13:13:59.783184 Whiskey: No
2024-10-14 13:13:59.783343 Charlie: Yes
2024-10-14 13:13:59.783490 Echo: Yes
ChatterBot Kilo reevaluating
ChatterBot Charlie reevaluating
ChatterBot Echo reevaluating
ChatterBot Kilo reevaluating
ChatterBot Echo reevaluating
ChatterBot Kilo reevaluating
ChatterBot Charlie reevaluating
2024-10-14 13:13:59.821663 Bravo: Lima, sending you 2
2024-10-14 13:13:59.824669 Bravo: Zulu, sending you 6
2024-10-14 13:13:59.829669 Bravo: Victor, sending you 4
2024-10-14 13:13:59.832752 India: Kilo, sending you 1
2024-10-14 13:13:59.834671 Bravo: Alpha, sending you 1
2024-10-14 13:13:59.835665 India: Lima, Victor and Alpha, sending you 2
2024-10-14 13:13:59.837666 Bravo: India, sending you 5
2024-10-14 13:13:59.840668 India: Zulu and Bravo, sending you 3
chatterbot Alpha submitting transactions
chatterbot Kilo submitting transactions
chatterbot Victor submitting transactions
chatterbot Whiskey submitting transactions
chatterbot Lima submitting transactions
chatterbot Bravo submitting transactions
chatterbot India submitting transactions
ChatterBot Kilo round 9
ChatterBot Whiskey round 9
ChatterBot Lima round 9
ChatterBot Zulu round 9
ChatterBot Victor round 9
ChatterBot Alpha round 9
ChatterBot Charlie round 9
ChatterBot India round 9
ChatterBot Echo round 9
ChatterBot Bravo round 9
2024-10-14 13:14:00.581102 Bravo: We should add Echo
2024-10-14 13:14:00.598751 Zulu: No
2024-10-14 13:14:00.598990 Victor: No
2024-10-14 13:14:00.599177 Lima: Yes
2024-10-14 13:14:00.599371 Alpha: No
2024-10-14 13:14:00.599971 India: No
ChatterBot Bravo reevaluating
ChatterBot India reevaluating
ChatterBot Bravo reevaluating
ChatterBot Lima reevaluating
ChatterBot India reevaluating
ChatterBot Bravo reevaluating
ChatterBot India reevaluating
ChatterBot Bravo reevaluating
ChatterBot Lima reevaluating
ChatterBot India reevaluating
ChatterBot Bravo reevaluating
ChatterBot Lima reevaluating
2024-10-14 13:14:00.774381 Lima: We should replace Echo with Whiskey
ChatterBot Bravo reevaluating
ChatterBot India reevaluating
2024-10-14 13:14:00.802795 Zulu: No
2024-10-14 13:14:00.803005 Bravo: Yes
2024-10-14 13:14:00.803171 Victor: No
2024-10-14 13:14:00.803556 Alpha: No
2024-10-14 13:14:00.804353 India: Yes
ChatterBot Bravo reevaluating
ChatterBot Lima reevaluating
ChatterBot India reevaluating
ChatterBot Lima reevaluating
ChatterBot India reevaluating
ChatterBot Bravo reevaluating
ChatterBot Lima reevaluating
ChatterBot India reevaluating
ChatterBot Bravo reevaluating
ChatterBot Lima reevaluating
ChatterBot India reevaluating
ChatterBot Bravo reevaluating
ChatterBot Lima reevaluating
2024-10-14 13:14:00.923507 Kilo: We should replace Alpha with Bravo
ChatterBot Echo reevaluating
2024-10-14 13:14:00.932837 Whiskey: No
2024-10-14 13:14:00.933038 Charlie: No
2024-10-14 13:14:00.933174 Echo: Yes
ChatterBot Kilo reevaluating
ChatterBot Echo reevaluating
ChatterBot Kilo reevaluating
ChatterBot Echo reevaluating
ChatterBot Kilo reevaluating
2024-10-14 13:14:00.988854 Bravo: We should add Whiskey
ChatterBot Lima reevaluating
ChatterBot India reevaluating
2024-10-14 13:14:01.004881 Zulu: No
2024-10-14 13:14:01.005075 Victor: No
2024-10-14 13:14:01.005223 Lima: Yes
2024-10-14 13:14:01.005356 Alpha: No
2024-10-14 13:14:01.005475 India: Yes
ChatterBot Bravo reevaluating
ChatterBot Lima reevaluating
ChatterBot India reevaluating
ChatterBot Bravo reevaluating
ChatterBot Lima reevaluating
ChatterBot India reevaluating
ChatterBot Bravo reevaluating
ChatterBot India reevaluating
ChatterBot Bravo reevaluating
ChatterBot Lima reevaluating
ChatterBot India reevaluating
ChatterBot Bravo reevaluating
ChatterBot Lima reevaluating
chatterbot Charlie submitting transactions
chatterbot Whiskey submitting transactions
2024-10-14 13:14:01.086837 Lima: We should replace Echo with Charlie
ChatterBot Bravo reevaluating
2024-10-14 13:14:01.101328 Zulu: No
2024-10-14 13:14:01.101877 Bravo: No
2024-10-14 13:14:01.102008 Victor: No
2024-10-14 13:14:01.102134 Alpha: No
2024-10-14 13:14:01.102255 India: No
ChatterBot Bravo reevaluating
ChatterBot Lima reevaluating
ChatterBot India reevaluating
ChatterBot Lima reevaluating
ChatterBot India reevaluating
ChatterBot Bravo reevaluating
ChatterBot Lima reevaluating
ChatterBot India reevaluating
ChatterBot Bravo reevaluating
ChatterBot Lima reevaluating
ChatterBot India reevaluating
ChatterBot Bravo reevaluating
ChatterBot Lima reevaluating
chatterbot Echo submitting transactions
chatterbot Kilo submitting transactions
2024-10-14 13:14:01.304577 Echo: Bravo we want you to join our group
ChatterBot Bravo reevaluating
2024-10-14 13:14:01.312048 Bravo: No
ChatterBot Echo reevaluating
ChatterBot Kilo reevaluating
2024-10-14 13:14:01.335311 Bravo: We should add Kilo
2024-10-14 13:14:01.335773 Echo: We should replace Alpha with Lima
ChatterBot Lima reevaluating
ChatterBot Kilo reevaluating
2024-10-14 13:14:01.375891 Zulu: No
2024-10-14 13:14:01.376122 Victor: No
2024-10-14 13:14:01.376304 Lima: Yes
2024-10-14 13:14:01.376484 Alpha: No
2024-10-14 13:14:01.376653 India: Yes
2024-10-14 13:14:01.376829 Whiskey: No
2024-10-14 13:14:01.376996 Kilo: Yes
2024-10-14 13:14:01.377504 Charlie: Yes
ChatterBot Bravo reevaluating
ChatterBot Lima reevaluating
ChatterBot Kilo reevaluating
ChatterBot Echo reevaluating
ChatterBot Bravo reevaluating
ChatterBot Lima reevaluating
ChatterBot Echo reevaluating
ChatterBot Bravo reevaluating
ChatterBot Kilo reevaluating
ChatterBot Echo reevaluating
ChatterBot Bravo reevaluating
ChatterBot Lima reevaluating
ChatterBot Bravo reevaluating
ChatterBot Lima reevaluating
2024-10-14 13:14:01.542726 Lima: We should replace Echo with Kilo
ChatterBot Bravo reevaluating
2024-10-14 13:14:01.594680 Zulu: No
2024-10-14 13:14:01.597483 Bravo: No
2024-10-14 13:14:01.597723 Victor: No
2024-10-14 13:14:01.597935 Alpha: No
2024-10-14 13:14:01.598131 India: Yes
ChatterBot Bravo reevaluating
ChatterBot Lima reevaluating
ChatterBot Lima reevaluating
ChatterBot Bravo reevaluating
ChatterBot Lima reevaluating
ChatterBot Bravo reevaluating
ChatterBot Lima reevaluating
ChatterBot Bravo reevaluating
ChatterBot Lima reevaluating
chatterbot Charlie submitting transactions
chatterbot Alpha submitting transactions
chatterbot Kilo submitting transactions
chatterbot Echo submitting transactions
chatterbot Zulu submitting transactions
2024-10-14 13:14:01.733933 Whiskey: Kilo, sending you 2
2024-10-14 13:14:01.734732 India: Kilo, sending you 1
2024-10-14 13:14:01.735721 Zulu: Lima and India, sending you 4
2024-10-14 13:14:01.737313 Victor: Zulu, Alpha, India and Bravo, sending you 2
2024-10-14 13:14:01.739396 Lima: Charlie we want you to join our group
2024-10-14 13:14:01.743101 Charlie: No
ChatterBot Lima reevaluating
2024-10-14 13:14:01.763381 Whiskey: Charlie, sending you 5
2024-10-14 13:14:01.763974 Bravo: Kilo we want you to join our group
2024-10-14 13:14:01.767235 Kilo: No
ChatterBot Lima reevaluating
ChatterBot Bravo reevaluating
2024-10-14 13:14:01.787392 India: Lima, Victor and Alpha, sending you 2
2024-10-14 13:14:01.788219 Zulu: Victor and Alpha, sending you 3
2024-10-14 13:14:01.789593 Kilo: Lima we want you to join our group
ChatterBot Lima reevaluating
2024-10-14 13:14:01.794259 Lima: No
ChatterBot Echo reevaluating
2024-10-14 13:14:01.810193 Whiskey: Echo, sending you 4
chatterbot Victor submitting transactions
2024-10-14 13:14:01.811798 India: Zulu and Bravo, sending you 3
2024-10-14 13:14:01.812474 Bravo: Whiskey we want you to join our group
2024-10-14 13:14:01.815548 Whiskey: No
ChatterBot Lima reevaluating
ChatterBot Bravo reevaluating
2024-10-14 13:14:01.830708 Zulu: Bravo, sending you 6
2024-10-14 13:14:01.831638 Echo: Lima we want you to join our group
ChatterBot Lima reevaluating
2024-10-14 13:14:01.834979 Lima: No
ChatterBot Echo reevaluating
