ChatterBot Quebec round 1
randomSelections Quebec: {Quebec, Tango, Echo, Whiskey, Lima, Zulu, Juliett, Golf} 
2024-10-14 23:04:38.281057 Quebec: Group up?
ChatterBot Echo round 1
ChatterBot Echo reevaluating
2024-10-14 23:04:38.285549 Echo: Yes
ChatterBot Tango round 1
ChatterBot Tango reevaluating
ChatterBot Tango reevaluating
2024-10-14 23:04:38.294789 Tango: Yes
ChatterBot Echo reevaluating
ChatterBot Lima round 1
ChatterBot Lima reevaluating
ChatterBot Lima reevaluating
ChatterBot Lima reevaluating
2024-10-14 23:04:38.308320 Lima: Yes
ChatterBot Tango reevaluating
ChatterBot Echo reevaluating
ChatterBot Kilo round 1
ChatterBot Juliett round 1
ChatterBot Juliett reevaluating
ChatterBot Juliett reevaluating
ChatterBot Juliett reevaluating
ChatterBot Juliett reevaluating
2024-10-14 23:04:38.328905 Juliett: Yes
ChatterBot Tango reevaluating
ChatterBot Echo reevaluating
ChatterBot Lima reevaluating
ChatterBot Uniform round 1
ChatterBot Whiskey round 1
ChatterBot Whiskey reevaluating
ChatterBot Whiskey reevaluating
ChatterBot Whiskey reevaluating
ChatterBot Whiskey reevaluating
ChatterBot Whiskey reevaluating
2024-10-14 23:04:38.351530 Whiskey: Yes
ChatterBot Tango reevaluating
ChatterBot Echo reevaluating
ChatterBot Lima reevaluating
ChatterBot Juliett reevaluating
ChatterBot Golf round 1
ChatterBot Golf reevaluating
ChatterBot Golf reevaluating
ChatterBot Golf reevaluating
ChatterBot Golf reevaluating
ChatterBot Golf reevaluating
ChatterBot Golf reevaluating
2024-10-14 23:04:38.381160 Golf: Yes
ChatterBot Tango reevaluating
ChatterBot Echo reevaluating
ChatterBot Whiskey reevaluating
ChatterBot Lima reevaluating
ChatterBot Juliett reevaluating
ChatterBot Zulu round 1
ChatterBot Zulu reevaluating
ChatterBot Zulu reevaluating
ChatterBot Zulu reevaluating
ChatterBot Zulu reevaluating
ChatterBot Zulu reevaluating
ChatterBot Zulu reevaluating
ChatterBot Zulu reevaluating
2024-10-14 23:04:38.423688 Zulu: Yes
ChatterBot Tango reevaluating
ChatterBot Echo reevaluating
ChatterBot Whiskey reevaluating
ChatterBot Lima reevaluating
ChatterBot Juliett reevaluating
ChatterBot Golf reevaluating
randomSelections Kilo: {Kilo, Lima} 
2024-10-14 23:04:38.462857 Kilo: Friends?
2024-10-14 23:04:38.465326 Lima: No
randomSelections Uniform: {Uniform, Tango} 
2024-10-14 23:04:38.474126 Uniform: Let's form a team
ChatterBot Tango reevaluating
2024-10-14 23:04:38.477917 Tango: No
2024-10-14 23:04:38.491709 Quebec: Echo and Zulu, sending you 2
2024-10-14 23:04:38.509457 Quebec: Tango, sending you 4
2024-10-14 23:04:38.510235 Tango: Quebec and Whiskey, sending you 2
2024-10-14 23:04:38.511572 Lima: Quebec, Tango and Golf, sending you 3
2024-10-14 23:04:38.519386 Kilo: Sending you 7
2024-10-14 23:04:38.519730 Quebec: Lima, sending you 1
2024-10-14 23:04:38.520240 Tango: Echo, sending you 4
2024-10-14 23:04:38.521097 Uniform: Sending you 8
2024-10-14 23:04:38.521445 Whiskey: Quebec, Echo, Tango, Golf and Zulu, sending you 1
2024-10-14 23:04:38.522466 Golf: Echo, Lima, Juliett and Zulu, sending you 1
2024-10-14 23:04:38.522942 Juliett: Quebec, sending you 4
2024-10-14 23:04:38.523946 Lima: Juliett, sending you 1
2024-10-14 23:04:38.524337 Echo: Quebec and Tango, sending you 4
2024-10-14 23:04:38.524766 Zulu: Quebec and Juliett, sending you 2
2024-10-14 23:04:38.525747 Quebec: Juliett, Whiskey and Golf, sending you 3
2024-10-14 23:04:38.526715 Tango: Lima and Juliett, sending you 1
2024-10-14 23:04:38.527167 Whiskey: Juliett, sending you 2
2024-10-14 23:04:38.528011 Juliett: Echo and Tango, sending you 3
2024-10-14 23:04:38.528444 Lima: Whiskey, sending you 5
2024-10-14 23:04:38.528915 Golf: Whiskey, sending you 3
2024-10-14 23:04:38.529979 Echo: Juliett, sending you 2
2024-10-14 23:04:38.596140 Zulu: Echo, sending you 1
2024-10-14 23:04:38.596790 Tango: Golf and Zulu, sending you 3
2024-10-14 23:04:38.597346 Lima: Zulu, sending you 2
2024-10-14 23:04:38.602533 Juliett: Lima, sending you 5
2024-10-14 23:04:38.603186 Echo: Whiskey and Golf, sending you 3
2024-10-14 23:04:38.603812 Zulu: Tango, sending you 5
2024-10-14 23:04:38.606481 Juliett: Golf, sending you 2
2024-10-14 23:04:38.608567 Echo: Zulu, sending you 1
2024-10-14 23:04:38.627573 Zulu: Lima, sending you 4
2024-10-14 23:04:38.628347 Juliett: Zulu, sending you 1
2024-10-14 23:04:38.675745 Zulu: Whiskey, sending you 3
chatterbot Whiskey submitting transactions
chatterbot Juliett submitting transactions
chatterbot Uniform submitting transactions
chatterbot Zulu submitting transactions
chatterbot Kilo submitting transactions
chatterbot Quebec submitting transactions
chatterbot Tango submitting transactions
chatterbot Golf submitting transactions
chatterbot Echo submitting transactions
chatterbot Lima submitting transactions
ChatterBot Quebec round 2
ChatterBot Echo round 2
ChatterBot Tango round 2
ChatterBot Lima round 2
ChatterBot Kilo round 2
ChatterBot Juliett round 2
ChatterBot Uniform round 2
ChatterBot Whiskey round 2
ChatterBot Golf round 2
ChatterBot Zulu round 2
2024-10-14 23:04:39.586279 Kilo: We should replace Lima with Uniform
2024-10-14 23:04:39.594425 Uniform: We should replace Tango with Kilo
2024-10-14 23:04:39.606763 Tango: We should drop Golf
2024-10-14 23:04:39.627141 Quebec: No
2024-10-14 23:04:39.627350 Echo: No
2024-10-14 23:04:39.627506 Lima: No
2024-10-14 23:04:39.627639 Juliett: No
2024-10-14 23:04:39.627763 Whiskey: No
2024-10-14 23:04:39.627929 Zulu: No
2024-10-14 23:04:39.739464 Kilo: Uniform we want you to join our group
ChatterBot Uniform reevaluating
2024-10-14 23:04:39.743254 Uniform: No
2024-10-14 23:04:39.747677 Quebec: Echo and Juliett, sending you 5
2024-10-14 23:04:39.752066 Lima: Quebec, Tango and Golf, sending you 2
2024-10-14 23:04:39.752573 Echo: Quebec, sending you 3
2024-10-14 23:04:39.753029 Quebec: Tango and Zulu, sending you 2
2024-10-14 23:04:39.754969 Lima: Juliett, sending you 6
2024-10-14 23:04:39.755697 Echo: Tango, sending you 6
2024-10-14 23:04:39.756703 Quebec: Lima, sending you 3
2024-10-14 23:04:39.757270 Tango: Quebec, Echo, Lima, Juliett and Zulu, sending you 3
2024-10-14 23:04:39.758071 Lima: Zulu, sending you 5
2024-10-14 23:04:39.759660 Zulu: Quebec, Tango and Lima, sending you 3
2024-10-14 23:04:39.760219 Tango: Whiskey, sending you 1
2024-10-14 23:04:39.761317 Echo: Juliett, sending you 4
2024-10-14 23:04:39.761914 Juliett: Quebec, sending you 4
2024-10-14 23:04:39.762366 Quebec: Whiskey, sending you 1
2024-10-14 23:04:39.763202 Zulu: Echo, Juliett, Whiskey and Golf, sending you 2
2024-10-14 23:04:39.763723 Kilo: Sending you 7
2024-10-14 23:04:39.764679 Echo: Whiskey and Golf, sending you 2
2024-10-14 23:04:39.765347 Juliett: Echo, Whiskey and Zulu, sending you 3
2024-10-14 23:04:39.766693 Whiskey: Quebec, Echo, Golf and Zulu, sending you 2
2024-10-14 23:04:39.769693 Echo: Zulu, sending you 1
2024-10-14 23:04:39.770925 Juliett: Tango and Lima, sending you 2
2024-10-14 23:04:39.771681 Golf: Quebec, sending you 3
2024-10-14 23:04:39.772044 Whiskey: Tango, sending you 1
2024-10-14 23:04:39.774657 Juliett: Golf, sending you 1
2024-10-14 23:04:39.775925 Golf: Echo, Tango, Lima and Juliett, sending you 2
2024-10-14 23:04:39.777690 Whiskey: Lima, sending you 3
2024-10-14 23:04:39.780758 Golf: Whiskey, sending you 1
chatterbot Echo submitting transactions
chatterbot Tango submitting transactions
chatterbot Quebec submitting transactions
chatterbot Juliett submitting transactions
chatterbot Lima submitting transactions
chatterbot Kilo submitting transactions
chatterbot Whiskey submitting transactions
chatterbot Golf submitting transactions
chatterbot Uniform submitting transactions
chatterbot Zulu submitting transactions
ChatterBot Quebec round 3
ChatterBot Echo round 3
ChatterBot Tango round 3
ChatterBot Lima round 3
ChatterBot Kilo round 3
ChatterBot Juliett round 3
ChatterBot Uniform round 3
ChatterBot Whiskey round 3
ChatterBot Golf round 3
ChatterBot Zulu round 3
2024-10-14 23:04:43.828117 Echo: Quebec, sending you 4
2024-10-14 23:04:43.837901 Tango: Quebec, Echo, Lima and Zulu, sending you 3
2024-10-14 23:04:43.839223 Quebec: Echo and Tango, sending you 3
2024-10-14 23:04:43.839743 Juliett: Quebec and Lima, sending you 4
2024-10-14 23:04:43.840868 Uniform: Sending you 7
2024-10-14 23:04:43.841117 Golf: Quebec, Tango, Juliett and Whiskey, sending you 2
2024-10-14 23:04:43.841670 Lima: Quebec, Whiskey and Golf, sending you 2
2024-10-14 23:04:43.842682 Echo: Tango, sending you 5
2024-10-14 23:04:43.843211 Quebec: Lima, Whiskey, Golf and Zulu, sending you 2
2024-10-14 23:04:43.850851 Tango: Juliett and Whiskey, sending you 2
2024-10-14 23:04:43.852099 Juliett: Echo, sending you 3
2024-10-14 23:04:43.852821 Golf: Echo and Lima, sending you 3
2024-10-14 23:04:43.853971 Lima: Echo, sending you 1
2024-10-14 23:04:43.854484 Whiskey: Quebec, Tango, Lima, Juliett, Golf and Zulu, sending you 2
2024-10-14 23:04:43.855790 Kilo: Sending you 8
2024-10-14 23:04:43.856136 Echo: Juliett, sending you 3
2024-10-14 23:04:43.857392 Quebec: Juliett, sending you 4
2024-10-14 23:04:43.858161 Zulu: Quebec, Echo, Juliett, Whiskey and Golf, sending you 2
2024-10-14 23:04:43.859492 Juliett: Tango, Golf and Zulu, sending you 2
2024-10-14 23:04:43.860828 Lima: Tango and Juliett, sending you 3
2024-10-14 23:04:43.861569 Whiskey: Echo, sending you 3
2024-10-14 23:04:43.862778 Echo: Whiskey, Golf and Zulu, sending you 2
2024-10-14 23:04:43.864389 Zulu: Tango, sending you 3
2024-10-14 23:04:43.865102 Juliett: Whiskey, sending you 1
2024-10-14 23:04:43.866323 Lima: Zulu, sending you 4
2024-10-14 23:04:43.869337 Zulu: Lima, sending you 4
chatterbot Zulu submitting transactions
chatterbot Quebec submitting transactions
chatterbot Whiskey submitting transactions
chatterbot Uniform submitting transactions
chatterbot Lima submitting transactions
chatterbot Tango submitting transactions
chatterbot Kilo submitting transactions
chatterbot Juliett submitting transactions
chatterbot Echo submitting transactions
chatterbot Golf submitting transactions
ChatterBot Quebec round 4
ChatterBot Echo round 4
ChatterBot Tango round 4
ChatterBot Lima round 4
ChatterBot Kilo round 4
ChatterBot Juliett round 4
ChatterBot Uniform round 4
ChatterBot Whiskey round 4
ChatterBot Golf round 4
ChatterBot Zulu round 4
2024-10-14 23:04:45.040418 Tango: We should add Golf
2024-10-14 23:04:45.058103 Quebec: Yes
2024-10-14 23:04:45.058301 Echo: Yes
2024-10-14 23:04:45.058418 Lima: Yes
2024-10-14 23:04:45.058556 Juliett: Yes
2024-10-14 23:04:45.058700 Whiskey: Yes
2024-10-14 23:04:45.058820 Zulu: Yes
2024-10-14 23:04:45.160348 Tango: Golf we want you to join our group
2024-10-14 23:04:45.163986 Golf: Yes
2024-10-14 23:04:45.188323 Echo: Quebec and Tango, sending you 4
2024-10-14 23:04:45.189230 Kilo: Same as last round
2024-10-14 23:04:45.190256 Quebec: Echo and Tango, sending you 3
2024-10-14 23:04:45.191087 Lima: Quebec, Whiskey and Golf, sending you 2
2024-10-14 23:04:45.192403 Uniform: Same as last round
2024-10-14 23:04:45.192741 Golf: Quebec, Juliett, Whiskey and Zulu, sending you 2
2024-10-14 23:04:45.194122 Echo: Juliett and Whiskey, sending you 3
2024-10-14 23:04:45.203243 Quebec: Lima, Whiskey, Golf and Zulu, sending you 2
2024-10-14 23:04:45.204693 Lima: Echo, sending you 1
2024-10-14 23:04:45.205813 Golf: Echo, sending you 3
2024-10-14 23:04:45.207594 Whiskey: Quebec, Tango, Lima, Juliett and Golf, sending you 2
2024-10-14 23:04:45.209281 Echo: Golf and Zulu, sending you 2
2024-10-14 23:04:45.210950 Zulu: Quebec, Echo, Juliett, Whiskey and Golf, sending you 2
2024-10-14 23:04:45.211977 Juliett: Quebec, sending you 4
2024-10-14 23:04:45.213433 Quebec: Juliett, sending you 4
2024-10-14 23:04:45.214827 Lima: Tango and Zulu, sending you 3
2024-10-14 23:04:45.216261 Golf: Tango, sending you 1
2024-10-14 23:04:45.217170 Whiskey: Echo and Zulu, sending you 3
2024-10-14 23:04:45.218665 Tango: Quebec, Lima, Juliett, Whiskey, Golf and Zulu, sending you 2
2024-10-14 23:04:45.220123 Zulu: Tango, sending you 3
2024-10-14 23:04:45.221062 Juliett: Echo and Lima, sending you 3
2024-10-14 23:04:45.222466 Lima: Juliett, sending you 4
2024-10-14 23:04:45.224136 Golf: Lima, sending you 4
2024-10-14 23:04:45.225151 Tango: Echo, sending you 4
2024-10-14 23:04:45.226645 Zulu: Lima, sending you 4
2024-10-14 23:04:45.228029 Juliett: Tango, Whiskey, Golf and Zulu, sending you 2
chatterbot Kilo submitting transactions
chatterbot Golf submitting transactions
chatterbot Echo submitting transactions
chatterbot Zulu submitting transactions
chatterbot Quebec submitting transactions
chatterbot Uniform submitting transactions
chatterbot Whiskey submitting transactions
chatterbot Juliett submitting transactions
chatterbot Lima submitting transactions
chatterbot Tango submitting transactions
ChatterBot Quebec round 5
ChatterBot Echo round 5
ChatterBot Tango round 5
ChatterBot Lima round 5
ChatterBot Kilo round 5
ChatterBot Juliett round 5
ChatterBot Uniform round 5
ChatterBot Whiskey round 5
ChatterBot Golf round 5
ChatterBot Zulu round 5
2024-10-14 23:04:46.358708 Quebec: Echo and Tango, sending you 3
2024-10-14 23:04:46.362688 Lima: Quebec and Whiskey, sending you 2
2024-10-14 23:04:46.364791 Quebec: Lima, Whiskey, Golf and Zulu, sending you 2
2024-10-14 23:04:46.365608 Whiskey: Quebec, Tango, Lima, Juliett, Golf and Zulu, sending you 2
2024-10-14 23:04:46.367700 Quebec: Juliett, sending you 4
2024-10-14 23:04:46.369723 Kilo: Same as last round
2024-10-14 23:04:46.370092 Lima: Echo, sending you 1
2024-10-14 23:04:46.371193 Golf: Quebec, Tango, Juliett, Whiskey and Zulu, sending you 2
2024-10-14 23:04:46.373146 Whiskey: Echo, sending you 4
2024-10-14 23:04:46.374190 Lima: Tango, Juliett, Golf and Zulu, sending you 3
2024-10-14 23:04:46.376027 Uniform: Same as last round
2024-10-14 23:04:46.377677 Golf: Echo and Lima, sending you 3
2024-10-14 23:04:46.378657 Tango: Quebec, Lima, Juliett, Whiskey, Golf and Zulu, sending you 2
2024-10-14 23:04:46.380368 Echo: Quebec, Juliett and Whiskey, sending you 3
2024-10-14 23:04:46.381124 Juliett: Quebec, sending you 4
2024-10-14 23:04:46.381841 Zulu: Quebec, Echo, Juliett, Whiskey and Golf, sending you 2
2024-10-14 23:04:46.383690 Tango: Echo, sending you 4
2024-10-14 23:04:46.385690 Echo: Tango, sending you 4
2024-10-14 23:04:46.387043 Juliett: Echo and Lima, sending you 3
2024-10-14 23:04:46.387957 Zulu: Tango, sending you 3
2024-10-14 23:04:46.389893 Echo: Lima, sending you 1
2024-10-14 23:04:46.391226 Juliett: Tango, Whiskey, Golf and Zulu, sending you 2
2024-10-14 23:04:46.392317 Zulu: Lima, sending you 4
2024-10-14 23:04:46.394669 Echo: Golf and Zulu, sending you 2
chatterbot Lima submitting transactions
chatterbot Quebec submitting transactions
chatterbot Uniform submitting transactions
chatterbot Tango submitting transactions
chatterbot Golf submitting transactions
chatterbot Zulu submitting transactions
chatterbot Kilo submitting transactions
chatterbot Juliett submitting transactions
chatterbot Echo submitting transactions
chatterbot Whiskey submitting transactions
ChatterBot Quebec round 6
ChatterBot Echo round 6
ChatterBot Tango round 6
ChatterBot Lima round 6
ChatterBot Kilo round 6
ChatterBot Juliett round 6
ChatterBot Uniform round 6
ChatterBot Whiskey round 6
ChatterBot Golf round 6
ChatterBot Zulu round 6
2024-10-14 23:04:47.640673 Tango: Quebec, Lima, Juliett, Whiskey, Golf and Zulu, sending you 2
2024-10-14 23:04:47.644662 Tango: Echo, sending you 4
2024-10-14 23:04:47.646865 Whiskey: Quebec, Tango, Lima, Juliett, Golf and Zulu, sending you 2
2024-10-14 23:04:47.650662 Juliett: Quebec, sending you 4
2024-10-14 23:04:47.652065 Zulu: Quebec, Echo, Juliett, Whiskey and Golf, sending you 2
2024-10-14 23:04:47.653015 Lima: Quebec and Whiskey, sending you 2
2024-10-14 23:04:47.654302 Whiskey: Echo, sending you 4
2024-10-14 23:04:47.655241 Echo: Quebec, Juliett and Whiskey, sending you 3
2024-10-14 23:04:47.656410 Uniform: Same as last round
2024-10-14 23:04:47.657141 Golf: Quebec, Echo, Tango, Juliett, Whiskey and Zulu, sending you 2
2024-10-14 23:04:47.657864 Juliett: Echo and Lima, sending you 3
2024-10-14 23:04:47.658497 Kilo: Same as last round
2024-10-14 23:04:47.658670 Lima: Echo, sending you 1
2024-10-14 23:04:47.659285 Zulu: Tango, sending you 3
2024-10-14 23:04:47.660334 Quebec: Echo and Tango, sending you 3
2024-10-14 23:04:47.660941 Echo: Tango, sending you 4
2024-10-14 23:04:47.661826 Juliett: Tango, Whiskey, Golf and Zulu, sending you 2
2024-10-14 23:04:47.663006 Golf: Lima, sending you 4
2024-10-14 23:04:47.664077 Lima: Tango, Juliett, Golf and Zulu, sending you 3
2024-10-14 23:04:47.665145 Zulu: Lima, sending you 4
2024-10-14 23:04:47.666372 Echo: Lima, sending you 1
2024-10-14 23:04:47.667164 Quebec: Lima, Whiskey, Golf and Zulu, sending you 2
2024-10-14 23:04:47.670664 Echo: Golf and Zulu, sending you 2
2024-10-14 23:04:47.672669 Quebec: Juliett, sending you 4
chatterbot Tango submitting transactions
chatterbot Kilo submitting transactions
chatterbot Quebec submitting transactions
chatterbot Echo submitting transactions
chatterbot Whiskey submitting transactions
chatterbot Juliett submitting transactions
chatterbot Uniform submitting transactions
chatterbot Zulu submitting transactions
chatterbot Lima submitting transactions
chatterbot Golf submitting transactions
ChatterBot Quebec round 7
ChatterBot Echo round 7
ChatterBot Tango round 7
ChatterBot Lima round 7
ChatterBot Kilo round 7
ChatterBot Juliett round 7
ChatterBot Uniform round 7
ChatterBot Whiskey round 7
ChatterBot Golf round 7
ChatterBot Zulu round 7
2024-10-14 23:04:48.985738 Echo: Quebec, Juliett and Whiskey, sending you 3
2024-10-14 23:04:48.987715 Quebec: Echo and Tango, sending you 3
2024-10-14 23:04:48.989511 Whiskey: Quebec, Tango, Lima, Juliett, Golf and Zulu, sending you 2
2024-10-14 23:04:48.991491 Kilo: Same as last round
2024-10-14 23:04:48.991924 Golf: Quebec, Echo, Tango, Juliett, Whiskey and Zulu, sending you 2
2024-10-14 23:04:48.993600 Juliett: Quebec, sending you 4
2024-10-14 23:04:48.996053 Uniform: Sending you 8
2024-10-14 23:04:48.996585 Echo: Tango, sending you 4
2024-10-14 23:04:48.998368 Quebec: Lima, Whiskey, Golf and Zulu, sending you 2
2024-10-14 23:04:49.000192 Whiskey: Echo, sending you 4
2024-10-14 23:04:49.002564 Lima: Quebec, Tango and Whiskey, sending you 2
2024-10-14 23:04:49.005525 Golf: Lima, sending you 4
2024-10-14 23:04:49.007294 Tango: Quebec, Lima, Juliett, Whiskey, Golf and Zulu, sending you 2
2024-10-14 23:04:49.009126 Juliett: Echo and Lima, sending you 3
2024-10-14 23:04:49.010748 Echo: Lima, sending you 1
2024-10-14 23:04:49.012758 Zulu: Quebec, Echo, Juliett, Whiskey and Golf, sending you 2
2024-10-14 23:04:49.014738 Quebec: Juliett, sending you 4
2024-10-14 23:04:49.016345 Lima: Echo, sending you 1
2024-10-14 23:04:49.018012 Tango: Echo, sending you 4
2024-10-14 23:04:49.018949 Juliett: Tango, Whiskey, Golf and Zulu, sending you 2
2024-10-14 23:04:49.020459 Echo: Golf and Zulu, sending you 2
2024-10-14 23:04:49.021513 Zulu: Tango, sending you 3
2024-10-14 23:04:49.023482 Lima: Juliett and Golf, sending you 3
2024-10-14 23:04:49.025682 Zulu: Lima, sending you 4
2024-10-14 23:04:49.028516 Lima: Zulu, sending you 4
chatterbot Tango submitting transactions
chatterbot Juliett submitting transactions
chatterbot Golf submitting transactions
chatterbot Zulu submitting transactions
chatterbot Echo submitting transactions
chatterbot Quebec submitting transactions
chatterbot Whiskey submitting transactions
chatterbot Kilo submitting transactions
chatterbot Uniform submitting transactions
chatterbot Lima submitting transactions
ChatterBot Quebec round 8
ChatterBot Echo round 8
ChatterBot Tango round 8
ChatterBot Lima round 8
ChatterBot Kilo round 8
ChatterBot Juliett round 8
ChatterBot Uniform round 8
ChatterBot Whiskey round 8
ChatterBot Golf round 8
ChatterBot Zulu round 8
2024-10-14 23:04:50.179687 Tango: Quebec, Lima, Juliett, Whiskey, Golf and Zulu, sending you 2
2024-10-14 23:04:50.181691 Echo: Quebec, Juliett and Whiskey, sending you 3
2024-10-14 23:04:50.183644 Tango: Echo, sending you 4
2024-10-14 23:04:50.185664 Echo: Tango, sending you 4
2024-10-14 23:04:50.187228 Kilo: Same as last round
2024-10-14 23:04:50.191673 Echo: Lima, sending you 1
2024-10-14 23:04:50.192671 Zulu: Quebec, Echo, Juliett, Whiskey and Golf, sending you 2
2024-10-14 23:04:50.193687 Whiskey: Quebec, Tango, Lima, Juliett, Golf and Zulu, sending you 2
2024-10-14 23:04:50.194742 Echo: Golf and Zulu, sending you 2
2024-10-14 23:04:50.196691 Zulu: Tango, sending you 3
2024-10-14 23:04:50.197851 Golf: Quebec, Echo, Tango, Juliett, Whiskey and Zulu, sending you 2
2024-10-14 23:04:50.199491 Uniform: Same as last round
2024-10-14 23:04:50.199733 Whiskey: Echo, sending you 4
2024-10-14 23:04:50.200530 Juliett: Quebec, sending you 4
2024-10-14 23:04:50.201324 Quebec: Echo and Tango, sending you 3
2024-10-14 23:04:50.202129 Lima: Quebec, Tango and Whiskey, sending you 2
2024-10-14 23:04:50.203495 Zulu: Lima, sending you 4
2024-10-14 23:04:50.204365 Golf: Lima, sending you 4
2024-10-14 23:04:50.205360 Juliett: Echo and Lima, sending you 3
2024-10-14 23:04:50.206717 Quebec: Lima, Whiskey, Golf and Zulu, sending you 2
2024-10-14 23:04:50.207713 Lima: Echo, sending you 1
2024-10-14 23:04:50.210242 Juliett: Tango, Whiskey, Golf and Zulu, sending you 2
2024-10-14 23:04:50.211368 Quebec: Juliett, sending you 4
2024-10-14 23:04:50.212762 Lima: Juliett and Golf, sending you 3
2024-10-14 23:04:50.216672 Lima: Zulu, sending you 4
chatterbot Kilo submitting transactions
chatterbot Zulu submitting transactions
chatterbot Golf submitting transactions
chatterbot Quebec submitting transactions
chatterbot Juliett submitting transactions
chatterbot Uniform submitting transactions
chatterbot Whiskey submitting transactions
chatterbot Echo submitting transactions
chatterbot Lima submitting transactions
chatterbot Tango submitting transactions
ChatterBot Quebec round 9
ChatterBot Echo round 9
ChatterBot Tango round 9
ChatterBot Lima round 9
ChatterBot Kilo round 9
ChatterBot Juliett round 9
ChatterBot Uniform round 9
ChatterBot Whiskey round 9
ChatterBot Golf round 9
ChatterBot Zulu round 9
2024-10-14 23:04:51.432681 Kilo: Same as last round
2024-10-14 23:04:51.434674 Lima: Quebec, Tango and Whiskey, sending you 2
2024-10-14 23:04:51.435828 Golf: Quebec, Echo, Tango, Juliett, Whiskey and Zulu, sending you 2
2024-10-14 23:04:51.437285 Uniform: Same as last round
2024-10-14 23:04:51.437604 Juliett: Quebec, sending you 4
2024-10-14 23:04:51.438752 Lima: Echo, sending you 1
2024-10-14 23:04:51.439856 Golf: Lima, sending you 4
2024-10-14 23:04:51.441536 Quebec: Echo, sending you 3
2024-10-14 23:04:51.442853 Tango: Quebec, Lima, Juliett, Whiskey, Golf and Zulu, sending you 2
2024-10-14 23:04:51.444199 Juliett: Echo and Lima, sending you 3
2024-10-14 23:04:51.445092 Whiskey: Quebec, Tango, Lima, Juliett, Golf and Zulu, sending you 2
2024-10-14 23:04:51.445886 Lima: Juliett and Golf, sending you 3
2024-10-14 23:04:51.447058 Echo: Quebec, Juliett and Whiskey, sending you 3
2024-10-14 23:04:51.448047 Quebec: Tango, Lima, Whiskey, Golf and Zulu, sending you 2
2024-10-14 23:04:51.448885 Juliett: Tango, Whiskey, Golf and Zulu, sending you 2
2024-10-14 23:04:51.449901 Tango: Echo, sending you 4
2024-10-14 23:04:51.451348 Zulu: Quebec, Echo, Juliett, Whiskey and Golf, sending you 2
2024-10-14 23:04:51.452429 Whiskey: Echo, sending you 4
2024-10-14 23:04:51.453816 Lima: Zulu, sending you 4
2024-10-14 23:04:51.454658 Echo: Tango, sending you 4
2024-10-14 23:04:51.455577 Quebec: Juliett, sending you 5
2024-10-14 23:04:51.456698 Zulu: Tango, sending you 3
2024-10-14 23:04:51.458677 Echo: Lima, sending you 1
2024-10-14 23:04:51.460687 Zulu: Lima, sending you 4
2024-10-14 23:04:51.463668 Echo: Golf and Zulu, sending you 2
chatterbot Kilo submitting transactions
chatterbot Quebec submitting transactions
chatterbot Golf submitting transactions
chatterbot Tango submitting transactions
chatterbot Zulu submitting transactions
chatterbot Uniform submitting transactions
chatterbot Whiskey submitting transactions
chatterbot Juliett submitting transactions
chatterbot Echo submitting transactions
chatterbot Lima submitting transactions
ChatterBot Quebec round 10
ChatterBot Echo round 10
ChatterBot Tango round 10
ChatterBot Lima round 10
ChatterBot Kilo round 10
ChatterBot Juliett round 10
ChatterBot Uniform round 10
ChatterBot Whiskey round 10
ChatterBot Golf round 10
ChatterBot Zulu round 10
2024-10-14 23:04:52.665563 Zulu: Quebec, Echo, Juliett, Whiskey and Golf, sending you 2
2024-10-14 23:04:52.668233 Lima: Quebec, Tango and Whiskey, sending you 2
2024-10-14 23:04:52.669638 Quebec: Echo, sending you 3
2024-10-14 23:04:52.671580 Kilo: Same as last round
2024-10-14 23:04:52.672368 Juliett: Quebec, sending you 4
2024-10-14 23:04:52.674284 Echo: Quebec, Juliett and Whiskey, sending you 3
2024-10-14 23:04:52.676388 Whiskey: Quebec, Tango, Lima, Juliett, Golf and Zulu, sending you 2
2024-10-14 23:04:52.678326 Uniform: Same as last round
2024-10-14 23:04:52.678758 Tango: Quebec, Lima, Juliett, Whiskey, Golf and Zulu, sending you 2
2024-10-14 23:04:52.680719 Zulu: Tango, sending you 3
2024-10-14 23:04:52.682822 Lima: Echo, sending you 1
2024-10-14 23:04:52.684828 Quebec: Tango, Lima, Whiskey, Golf and Zulu, sending you 2
2024-10-14 23:04:52.686979 Juliett: Echo and Lima, sending you 3
2024-10-14 23:04:52.688719 Echo: Tango, sending you 4
2024-10-14 23:04:52.691391 Whiskey: Echo, sending you 4
2024-10-14 23:04:52.693558 Tango: Echo, sending you 4
2024-10-14 23:04:52.695500 Zulu: Lima, sending you 4
2024-10-14 23:04:52.697669 Lima: Juliett and Golf, sending you 3
2024-10-14 23:04:52.699075 Quebec: Juliett, sending you 5
2024-10-14 23:04:52.702532 Golf: Quebec, Echo, Tango, Juliett, Whiskey and Zulu, sending you 2
2024-10-14 23:04:52.704855 Juliett: Tango, Whiskey, Golf and Zulu, sending you 2
2024-10-14 23:04:52.706922 Echo: Lima, sending you 1
2024-10-14 23:04:52.709443 Lima: Zulu, sending you 4
2024-10-14 23:04:52.712236 Golf: Lima, sending you 4
2024-10-14 23:04:52.715234 Echo: Golf and Zulu, sending you 2
chatterbot Juliett submitting transactions
chatterbot Tango submitting transactions
chatterbot Zulu submitting transactions
chatterbot Golf submitting transactions
chatterbot Echo submitting transactions
chatterbot Kilo submitting transactions
chatterbot Quebec submitting transactions
chatterbot Whiskey submitting transactions
chatterbot Lima submitting transactions
chatterbot Uniform submitting transactions
ChatterBot Quebec round 11
ChatterBot Echo round 11
ChatterBot Tango round 11
ChatterBot Lima round 11
ChatterBot Kilo round 11
ChatterBot Juliett round 11
ChatterBot Uniform round 11
ChatterBot Whiskey round 11
ChatterBot Golf round 11
ChatterBot Zulu round 11
2024-10-14 23:04:53.819694 Quebec: Echo, sending you 3
2024-10-14 23:04:53.825657 Quebec: Tango, Lima, Whiskey, Golf and Zulu, sending you 2
2024-10-14 23:04:53.829883 Echo: Quebec, Juliett and Whiskey, sending you 3
2024-10-14 23:04:53.832542 Juliett: Quebec, sending you 4
2024-10-14 23:04:53.834107 Quebec: Juliett, sending you 5
2024-10-14 23:04:53.836036 Lima: Quebec, Tango and Whiskey, sending you 2
2024-10-14 23:04:53.838395 Zulu: Quebec, Echo, Juliett, Whiskey and Golf, sending you 2
2024-10-14 23:04:53.841080 Echo: Tango, sending you 4
2024-10-14 23:04:53.842930 Juliett: Echo and Lima, sending you 3
2024-10-14 23:04:53.844046 Lima: Echo, sending you 1
2024-10-14 23:04:53.845994 Whiskey: Quebec, Tango, Lima, Juliett, Golf and Zulu, sending you 2
2024-10-14 23:04:53.848245 Zulu: Tango, sending you 3
2024-10-14 23:04:53.850112 Golf: Quebec, Echo, Tango, Juliett, Whiskey and Zulu, sending you 2
2024-10-14 23:04:53.851409 Echo: Lima, sending you 1
2024-10-14 23:04:53.853629 Tango: Quebec, Lima, Juliett, Whiskey, Golf and Zulu, sending you 2
2024-10-14 23:04:53.855608 Juliett: Tango, Whiskey, Golf and Zulu, sending you 2
2024-10-14 23:04:53.857317 Kilo: Same as last round
2024-10-14 23:04:53.857564 Uniform: Same as last round
2024-10-14 23:04:53.857752 Lima: Juliett and Golf, sending you 3
2024-10-14 23:04:53.859085 Whiskey: Echo, sending you 4
2024-10-14 23:04:53.860095 Zulu: Lima, sending you 4
2024-10-14 23:04:53.861354 Golf: Lima, sending you 4
2024-10-14 23:04:53.862366 Echo: Golf and Zulu, sending you 2
2024-10-14 23:04:53.864535 Tango: Echo, sending you 4
2024-10-14 23:04:53.866159 Lima: Zulu, sending you 4
chatterbot Lima submitting transactions
chatterbot Kilo submitting transactions
chatterbot Zulu submitting transactions
chatterbot Tango submitting transactions
chatterbot Echo submitting transactions
chatterbot Golf submitting transactions
chatterbot Juliett submitting transactions
chatterbot Quebec submitting transactions
chatterbot Uniform submitting transactions
chatterbot Whiskey submitting transactions
ChatterBot Quebec round 12
ChatterBot Echo round 12
ChatterBot Tango round 12
ChatterBot Lima round 12
ChatterBot Kilo round 12
ChatterBot Juliett round 12
ChatterBot Uniform round 12
ChatterBot Whiskey round 12
ChatterBot Golf round 12
ChatterBot Zulu round 12
2024-10-14 23:04:55.003712 Uniform: Same as last round
2024-10-14 23:04:55.008704 Tango: Quebec, Lima, Juliett, Whiskey, Golf and Zulu, sending you 2
2024-10-14 23:04:55.010712 Quebec: Echo, sending you 3
2024-10-14 23:04:55.012961 Juliett: Quebec, sending you 4
2024-10-14 23:04:55.014734 Tango: Echo, sending you 4
2024-10-14 23:04:55.016048 Echo: Quebec, Juliett and Whiskey, sending you 3
2024-10-14 23:04:55.017732 Lima: Quebec, Tango and Whiskey, sending you 2
2024-10-14 23:04:55.019501 Quebec: Tango, Lima, Whiskey, Golf and Zulu, sending you 2
2024-10-14 23:04:55.020835 Kilo: Sending you 7
2024-10-14 23:04:55.021690 Juliett: Echo and Lima, sending you 3
2024-10-14 23:04:55.024319 Zulu: Quebec, Echo, Juliett, Whiskey and Golf, sending you 2
2024-10-14 23:04:55.027293 Echo: Tango, sending you 4
2024-10-14 23:04:55.029848 Lima: Echo, sending you 1
2024-10-14 23:04:55.032861 Whiskey: Quebec, Tango, Lima, Juliett, Golf and Zulu, sending you 2
2024-10-14 23:04:55.035750 Quebec: Juliett, sending you 5
2024-10-14 23:04:55.039856 Golf: Quebec, Echo, Tango, Juliett, Whiskey and Zulu, sending you 2
2024-10-14 23:04:55.044150 Juliett: Tango, Whiskey, Golf and Zulu, sending you 2
2024-10-14 23:04:55.048284 Zulu: Tango, sending you 3
2024-10-14 23:04:55.052405 Echo: Lima, sending you 1
2024-10-14 23:04:55.056039 Lima: Juliett and Golf, sending you 3
2024-10-14 23:04:55.060403 Whiskey: Echo, sending you 4
2024-10-14 23:04:55.065339 Golf: Lima, sending you 4
2024-10-14 23:04:55.069838 Zulu: Lima, sending you 4
2024-10-14 23:04:55.073568 Echo: Golf and Zulu, sending you 2
2024-10-14 23:04:55.076013 Lima: Zulu, sending you 4
chatterbot Golf submitting transactions
chatterbot Uniform submitting transactions
chatterbot Echo submitting transactions
chatterbot Whiskey submitting transactions
chatterbot Kilo submitting transactions
chatterbot Juliett submitting transactions
chatterbot Quebec submitting transactions
chatterbot Tango submitting transactions
chatterbot Lima submitting transactions
chatterbot Zulu submitting transactions
ChatterBot Quebec round 13
ChatterBot Echo round 13
ChatterBot Tango round 13
ChatterBot Lima round 13
ChatterBot Kilo round 13
ChatterBot Juliett round 13
ChatterBot Uniform round 13
ChatterBot Whiskey round 13
ChatterBot Golf round 13
ChatterBot Zulu round 13
2024-10-14 23:04:56.261687 Tango: Quebec, Lima, Juliett, Whiskey, Golf and Zulu, sending you 2
2024-10-14 23:04:56.264074 Echo: Quebec, Juliett and Whiskey, sending you 3
2024-10-14 23:04:56.267756 Tango: Echo, sending you 4
2024-10-14 23:04:56.269846 Quebec: Echo, sending you 3
2024-10-14 23:04:56.272343 Echo: Tango, sending you 4
2024-10-14 23:04:56.274772 Lima: Quebec, Tango and Whiskey, sending you 2
2024-10-14 23:04:56.277049 Juliett: Quebec, sending you 4
2024-10-14 23:04:56.279407 Quebec: Tango, Lima, Whiskey, Golf and Zulu, sending you 2
2024-10-14 23:04:56.281140 Whiskey: Quebec, Tango, Lima, Juliett, Golf and Zulu, sending you 2
2024-10-14 23:04:56.283492 Echo: Lima, sending you 1
2024-10-14 23:04:56.285568 Lima: Echo, sending you 1
2024-10-14 23:04:56.287690 Juliett: Echo and Lima, sending you 3
2024-10-14 23:04:56.289829 Golf: Quebec, Echo, Tango, Juliett, Whiskey and Zulu, sending you 2
2024-10-14 23:04:56.292836 Uniform: Sending you 9
2024-10-14 23:04:56.293192 Kilo: Same as last round
2024-10-14 23:04:56.293489 Quebec: Juliett, sending you 5
2024-10-14 23:04:56.296133 Whiskey: Echo, sending you 4
2024-10-14 23:04:56.298753 Echo: Golf and Zulu, sending you 2
2024-10-14 23:04:56.301137 Zulu: Quebec, Echo, Juliett, Whiskey and Golf, sending you 2
2024-10-14 23:04:56.303417 Lima: Juliett and Golf, sending you 3
2024-10-14 23:04:56.305776 Juliett: Tango, Whiskey, Golf and Zulu, sending you 2
2024-10-14 23:04:56.308219 Golf: Lima, sending you 4
2024-10-14 23:04:56.310726 Zulu: Tango, sending you 3
2024-10-14 23:04:56.313176 Lima: Zulu, sending you 4
2024-10-14 23:04:56.317671 Zulu: Lima, sending you 4
chatterbot Echo submitting transactions
chatterbot Zulu submitting transactions
chatterbot Tango submitting transactions
chatterbot Lima submitting transactions
chatterbot Whiskey submitting transactions
chatterbot Kilo submitting transactions
chatterbot Quebec submitting transactions
chatterbot Golf submitting transactions
chatterbot Juliett submitting transactions
chatterbot Uniform submitting transactions
ChatterBot Quebec round 14
ChatterBot Echo round 14
ChatterBot Tango round 14
ChatterBot Lima round 14
ChatterBot Kilo round 14
ChatterBot Juliett round 14
ChatterBot Uniform round 14
ChatterBot Whiskey round 14
ChatterBot Golf round 14
ChatterBot Zulu round 14
2024-10-14 23:04:57.494684 Echo: Quebec and Juliett, sending you 3
2024-10-14 23:04:57.497857 Kilo: Same as last round
2024-10-14 23:04:57.498821 Tango: Quebec, Lima, Juliett, Whiskey, Golf and Zulu, sending you 2
2024-10-14 23:04:57.502399 Echo: Tango and Whiskey, sending you 4
2024-10-14 23:04:57.505778 Lima: Quebec, Tango and Whiskey, sending you 2
2024-10-14 23:04:57.516329 Juliett: Quebec, sending you 4
2024-10-14 23:04:57.523480 Tango: Echo, sending you 4
2024-10-14 23:04:57.528454 Uniform: Same as last round
2024-10-14 23:04:57.528894 Whiskey: Quebec, Tango, Lima, Juliett, Golf and Zulu, sending you 2
2024-10-14 23:04:57.532853 Golf: Quebec, Echo, Tango, Juliett, Whiskey and Zulu, sending you 2
2024-10-14 23:04:57.538125 Echo: Golf and Zulu, sending you 2
2024-10-14 23:04:57.543301 Zulu: Quebec, Echo, Juliett, Whiskey and Golf, sending you 2
2024-10-14 23:04:57.547227 Lima: Echo, sending you 1
2024-10-14 23:04:57.552686 Juliett: Echo and Lima, sending you 3
2024-10-14 23:04:57.556946 Quebec: Echo, sending you 3
2024-10-14 23:04:57.562293 Whiskey: Echo, sending you 4
2024-10-14 23:04:57.566571 Golf: Lima, sending you 4
2024-10-14 23:04:57.569602 Zulu: Tango, sending you 3
2024-10-14 23:04:57.573886 Lima: Juliett and Golf, sending you 3
2024-10-14 23:04:57.575985 Juliett: Tango, Whiskey, Golf and Zulu, sending you 2
2024-10-14 23:04:57.578303 Quebec: Tango, Lima, Whiskey, Golf and Zulu, sending you 2
2024-10-14 23:04:57.580889 Zulu: Lima, sending you 4
2024-10-14 23:04:57.583072 Lima: Zulu, sending you 4
2024-10-14 23:04:57.587124 Quebec: Juliett, sending you 5
chatterbot Tango submitting transactions
chatterbot Zulu submitting transactions
chatterbot Uniform submitting transactions
chatterbot Golf submitting transactions
chatterbot Echo submitting transactions
chatterbot Whiskey submitting transactions
chatterbot Juliett submitting transactions
chatterbot Lima submitting transactions
chatterbot Kilo submitting transactions
chatterbot Quebec submitting transactions
ChatterBot Quebec round 15
ChatterBot Echo round 15
ChatterBot Tango round 15
ChatterBot Lima round 15
ChatterBot Kilo round 15
ChatterBot Juliett round 15
ChatterBot Uniform round 15
ChatterBot Whiskey round 15
ChatterBot Golf round 15
ChatterBot Zulu round 15
2024-10-14 23:04:58.656702 Tango: Quebec, Lima, Juliett, Whiskey, Golf and Zulu, sending you 2
2024-10-14 23:04:58.663674 Tango: Echo, sending you 4
2024-10-14 23:04:58.666942 Echo: Quebec and Juliett, sending you 3
2024-10-14 23:04:58.672448 Lima: Quebec, Tango and Whiskey, sending you 2
2024-10-14 23:04:58.677507 Echo: Tango and Whiskey, sending you 4
2024-10-14 23:04:58.686735 Quebec: Echo, sending you 3
2024-10-14 23:04:58.691262 Uniform: Same as last round
2024-10-14 23:04:58.691755 Zulu: Quebec, Echo, Juliett, Whiskey and Golf, sending you 2
2024-10-14 23:04:58.702239 Lima: Echo, sending you 1
2024-10-14 23:04:58.707488 Golf: Quebec, Echo, Tango, Juliett, Whiskey and Zulu, sending you 2
2024-10-14 23:04:58.717158 Juliett: Quebec, sending you 4
2024-10-14 23:04:58.724597 Kilo: Same as last round
2024-10-14 23:04:58.725051 Whiskey: Quebec, Tango, Lima, Juliett, Golf and Zulu, sending you 2
2024-10-14 23:04:58.729843 Echo: Golf and Zulu, sending you 2
2024-10-14 23:04:58.738361 Quebec: Tango, Lima, Whiskey, Golf and Zulu, sending you 2
2024-10-14 23:04:58.743123 Zulu: Tango, sending you 3
2024-10-14 23:04:58.754743 Lima: Juliett and Golf, sending you 3
2024-10-14 23:04:58.762079 Golf: Lima, sending you 4
2024-10-14 23:04:58.765945 Juliett: Echo and Lima, sending you 3
2024-10-14 23:04:58.769550 Whiskey: Echo, sending you 4
2024-10-14 23:04:58.776192 Quebec: Juliett, sending you 5
2024-10-14 23:04:58.782051 Zulu: Lima, sending you 4
2024-10-14 23:04:58.789605 Lima: Zulu, sending you 4
2024-10-14 23:04:58.793776 Juliett: Tango, Whiskey, Golf and Zulu, sending you 2
chatterbot Kilo submitting transactions
chatterbot Golf submitting transactions
chatterbot Whiskey submitting transactions
chatterbot Juliett submitting transactions
chatterbot Lima submitting transactions
chatterbot Quebec submitting transactions
chatterbot Echo submitting transactions
chatterbot Zulu submitting transactions
chatterbot Uniform submitting transactions
chatterbot Tango submitting transactions
ChatterBot Quebec round 16
ChatterBot Echo round 16
ChatterBot Tango round 16
ChatterBot Lima round 16
ChatterBot Kilo round 16
ChatterBot Juliett round 16
ChatterBot Uniform round 16
ChatterBot Whiskey round 16
ChatterBot Golf round 16
ChatterBot Zulu round 16
2024-10-14 23:04:59.692431 Echo: Quebec and Juliett, sending you 3
2024-10-14 23:04:59.700671 Uniform: Sending you 10
2024-10-14 23:04:59.706669 Echo: Tango and Whiskey, sending you 4
2024-10-14 23:04:59.712040 Tango: Quebec, Lima, Juliett, Whiskey, Golf and Zulu, sending you 2
2024-10-14 23:04:59.717186 Golf: Quebec, Echo, Tango, Juliett, Whiskey and Zulu, sending you 2
2024-10-14 23:04:59.723325 Lima: Quebec, Tango and Whiskey, sending you 2
2024-10-14 23:04:59.728930 Juliett: Quebec, sending you 4
2024-10-14 23:04:59.734516 Quebec: Echo, sending you 3
2024-10-14 23:04:59.740233 Echo: Golf and Zulu, sending you 2
2024-10-14 23:04:59.746047 Tango: Echo, sending you 4
2024-10-14 23:04:59.751798 Golf: Lima, sending you 4
2024-10-14 23:04:59.756861 Kilo: Sending you 6
2024-10-14 23:04:59.757278 Whiskey: Quebec, Tango, Lima, Juliett, Golf and Zulu, sending you 2
2024-10-14 23:04:59.762365 Lima: Echo, sending you 1
2024-10-14 23:04:59.767733 Zulu: Quebec, Echo, Juliett, Whiskey and Golf, sending you 2
2024-10-14 23:04:59.773083 Juliett: Echo and Lima, sending you 3
2024-10-14 23:04:59.778488 Quebec: Tango, Lima, Whiskey, Golf and Zulu, sending you 2
2024-10-14 23:04:59.783932 Whiskey: Echo, sending you 4
2024-10-14 23:04:59.788664 Lima: Juliett and Golf, sending you 3
2024-10-14 23:04:59.793717 Zulu: Tango, sending you 3
2024-10-14 23:04:59.798633 Juliett: Tango, Whiskey, Golf and Zulu, sending you 2
2024-10-14 23:04:59.803823 Quebec: Juliett, sending you 5
2024-10-14 23:04:59.809193 Lima: Zulu, sending you 4
2024-10-14 23:04:59.813754 Zulu: Lima, sending you 4
chatterbot Tango submitting transactions
chatterbot Zulu submitting transactions
chatterbot Kilo submitting transactions
chatterbot Juliett submitting transactions
