ChatterBot Foxtrot round 1
ChatterBot Charlie round 1
ChatterBot Bravo round 1
ChatterBot Papa round 1
ChatterBot November round 1
ChatterBot Oscar round 1
ChatterBot Golf round 1
ChatterBot Alpha round 1
ChatterBot Juliett round 1
ChatterBot Tango round 1
randomSelections Bravo: {Bravo, Charlie, Tango, Papa, Juliett, Foxtrot} 
2024-10-15 01:26:48.015209 Bravo: Group up?
ChatterBot Charlie reevaluating
ChatterBot Tango reevaluating
ChatterBot Papa reevaluating
ChatterBot Juliett reevaluating
ChatterBot Foxtrot reevaluating
2024-10-15 01:26:48.038949 Charlie: Yes
2024-10-15 01:26:48.039707 Tango: Yes
2024-10-15 01:26:48.039847 Papa: Yes
2024-10-15 01:26:48.039989 Juliett: Yes
2024-10-15 01:26:48.040147 Foxtrot: Yes
ChatterBot Tango reevaluating
ChatterBot Papa reevaluating
ChatterBot Juliett reevaluating
ChatterBot Foxtrot reevaluating
ChatterBot Charlie reevaluating
ChatterBot Papa reevaluating
ChatterBot Juliett reevaluating
ChatterBot Foxtrot reevaluating
ChatterBot Charlie reevaluating
ChatterBot Tango reevaluating
ChatterBot Juliett reevaluating
ChatterBot Foxtrot reevaluating
ChatterBot Charlie reevaluating
ChatterBot Tango reevaluating
ChatterBot Papa reevaluating
ChatterBot Foxtrot reevaluating
ChatterBot Charlie reevaluating
ChatterBot Tango reevaluating
ChatterBot Papa reevaluating
ChatterBot Juliett reevaluating
randomSelections November: {November, Oscar, Golf, Charlie, Tango, Foxtrot, Alpha, Papa} 
2024-10-15 01:26:48.110395 November: We would work well together
ChatterBot Oscar reevaluating
ChatterBot Golf reevaluating
ChatterBot Charlie reevaluating
ChatterBot Tango reevaluating
ChatterBot Foxtrot reevaluating
ChatterBot Alpha reevaluating
ChatterBot Papa reevaluating
2024-10-15 01:26:48.129434 Oscar: Yes
2024-10-15 01:26:48.129590 Golf: Yes
2024-10-15 01:26:48.129717 Charlie: No
2024-10-15 01:26:48.130374 Tango: No
2024-10-15 01:26:48.130527 Foxtrot: No
2024-10-15 01:26:48.130722 Alpha: Yes
2024-10-15 01:26:48.130855 Papa: No
ChatterBot Golf reevaluating
ChatterBot Charlie reevaluating
ChatterBot Tango reevaluating
ChatterBot Foxtrot reevaluating
ChatterBot Alpha reevaluating
ChatterBot Papa reevaluating
ChatterBot Oscar reevaluating
ChatterBot Charlie reevaluating
ChatterBot Tango reevaluating
ChatterBot Foxtrot reevaluating
ChatterBot Alpha reevaluating
ChatterBot Papa reevaluating
ChatterBot Oscar reevaluating
ChatterBot Golf reevaluating
ChatterBot Tango reevaluating
ChatterBot Foxtrot reevaluating
ChatterBot Alpha reevaluating
ChatterBot Papa reevaluating
ChatterBot Oscar reevaluating
ChatterBot Golf reevaluating
ChatterBot Charlie reevaluating
ChatterBot Foxtrot reevaluating
ChatterBot Alpha reevaluating
ChatterBot Papa reevaluating
ChatterBot Oscar reevaluating
ChatterBot Golf reevaluating
ChatterBot Charlie reevaluating
ChatterBot Tango reevaluating
ChatterBot Alpha reevaluating
ChatterBot Papa reevaluating
ChatterBot Oscar reevaluating
ChatterBot Golf reevaluating
ChatterBot Charlie reevaluating
ChatterBot Tango reevaluating
ChatterBot Foxtrot reevaluating
ChatterBot Papa reevaluating
ChatterBot Oscar reevaluating
ChatterBot Golf reevaluating
ChatterBot Charlie reevaluating
ChatterBot Tango reevaluating
ChatterBot Foxtrot reevaluating
ChatterBot Alpha reevaluating
2024-10-15 01:26:48.386529 November: Charlie and Papa, sending you 1
2024-10-15 01:26:48.387252 Golf: Foxtrot, sending you 4
2024-10-15 01:26:48.388631 Tango: Foxtrot and Charlie, sending you 2
2024-10-15 01:26:48.390172 Bravo: Foxtrot and Papa, sending you 3
2024-10-15 01:26:48.390887 November: Oscar and Tango, sending you 2
2024-10-15 01:26:48.392838 Juliett: Foxtrot, sending you 2
2024-10-15 01:26:48.394083 Foxtrot: Charlie, Bravo, Papa and Tango, sending you 2
2024-10-15 01:26:48.395336 Oscar: Foxtrot, sending you 3
2024-10-15 01:26:48.396083 Golf: Charlie and Papa, sending you 1
2024-10-15 01:26:48.397321 Papa: Foxtrot, sending you 3
2024-10-15 01:26:48.398046 Tango: Bravo, sending you 5
2024-10-15 01:26:48.399124 Bravo: Charlie and Juliett, sending you 2
2024-10-15 01:26:48.399974 November: Alpha, sending you 3
2024-10-15 01:26:48.402038 Juliett: Charlie and Papa, sending you 3
2024-10-15 01:26:48.403361 Oscar: Golf, sending you 4
2024-10-15 01:26:48.404201 Golf: November and Alpha, sending you 2
2024-10-15 01:26:48.405845 Papa: Charlie, sending you 1
2024-10-15 01:26:48.407370 Charlie: Foxtrot and Tango, sending you 1
2024-10-15 01:26:48.408144 Alpha: Charlie, sending you 4
2024-10-15 01:26:48.409547 Juliett: Bravo and Tango, sending you 1
2024-10-15 01:26:48.410796 Oscar: Alpha, sending you 1
2024-10-15 01:26:48.412288 Golf: Oscar, sending you 3
2024-10-15 01:26:48.413149 Papa: Bravo, sending you 4
2024-10-15 01:26:48.414693 Charlie: Bravo and Papa, sending you 2
2024-10-15 01:26:48.416280 Alpha: Papa and November, sending you 1
2024-10-15 01:26:48.417833 Oscar: Tango, sending you 2
2024-10-15 01:26:48.418562 Papa: Juliett, sending you 2
2024-10-15 01:26:48.420765 Alpha: Tango, sending you 3
2024-10-15 01:26:48.425668 Papa: Tango, sending you 5
chatterbot Golf submitting transactions
chatterbot Bravo submitting transactions
chatterbot Juliett submitting transactions
chatterbot Oscar submitting transactions
chatterbot Foxtrot submitting transactions
chatterbot Charlie submitting transactions
chatterbot Alpha submitting transactions
chatterbot November submitting transactions
chatterbot Papa submitting transactions
chatterbot Tango submitting transactions
ChatterBot Foxtrot round 2
ChatterBot Charlie round 2
ChatterBot Bravo round 2
ChatterBot Papa round 2
ChatterBot November round 2
ChatterBot Oscar round 2
2024-10-15 01:26:49.581740 November: Let's form a team
ChatterBot Alpha reevaluating
ChatterBot Oscar reevaluating
ChatterBot Golf reevaluating
2024-10-15 01:26:49.614458 Alpha: No
2024-10-15 01:26:49.615109 Oscar: Yes
2024-10-15 01:26:49.615250 Golf: No
ChatterBot Oscar reevaluating
ChatterBot Golf reevaluating
ChatterBot Alpha reevaluating
ChatterBot Golf reevaluating
ChatterBot Alpha reevaluating
ChatterBot Oscar reevaluating
2024-10-15 01:26:49.689734 Oscar: Friends?
ChatterBot Alpha reevaluating
ChatterBot Golf reevaluating
2024-10-15 01:26:49.719469 November: Yes
2024-10-15 01:26:49.719655 Alpha: No
2024-10-15 01:26:49.719770 Golf: No
ChatterBot Alpha reevaluating
ChatterBot Oscar reevaluating
ChatterBot Golf reevaluating
ChatterBot Oscar reevaluating
ChatterBot Golf reevaluating
ChatterBot Alpha reevaluating
ChatterBot Oscar reevaluating
ChatterBot Golf round 2
ChatterBot Alpha round 2
ChatterBot Juliett round 2
ChatterBot Tango round 2
2024-10-15 01:26:49.821593 Juliett: We should drop Tango
2024-10-15 01:26:49.836642 Foxtrot: No
2024-10-15 01:26:49.836869 Charlie: No
2024-10-15 01:26:49.837024 Bravo: No
2024-10-15 01:26:49.837145 Papa: No
ChatterBot Juliett reevaluating
ChatterBot Papa reevaluating
ChatterBot Juliett reevaluating
ChatterBot Papa reevaluating
ChatterBot Juliett reevaluating
ChatterBot Papa reevaluating
ChatterBot Juliett reevaluating
2024-10-15 01:26:49.906527 Bravo: Foxtrot, Charlie and Juliett, sending you 1
2024-10-15 01:26:49.907448 November: Golf, sending you 4
2024-10-15 01:26:50.234857 Foxtrot: Charlie, sending you 1
2024-10-15 01:26:50.235288 Bravo: Papa, sending you 3
2024-10-15 01:26:50.235599 Charlie: Foxtrot, Bravo, Juliett and Tango, sending you 2
2024-10-15 01:26:50.236332 Oscar: November and Alpha, sending you 3
2024-10-15 01:26:50.236594 November: Alpha, sending you 3
chatterbot Bravo submitting transactions
2024-10-15 01:26:50.333628 Bravo: Tango, sending you 4
2024-10-15 01:26:50.334535 Foxtrot: Bravo, Papa, Juliett and Tango, sending you 2
2024-10-15 01:26:50.334872 Oscar: Golf, sending you 4
2024-10-15 01:26:50.335175 Golf: November and Alpha, sending you 2
2024-10-15 01:26:50.336078 Charlie: Papa, sending you 1
2024-10-15 01:26:50.336345 Tango: Foxtrot, sending you 2
2024-10-15 01:26:50.336608 Alpha: Sending you each 3
chatterbot November submitting transactions
2024-10-15 01:26:50.861745 Papa: Foxtrot and Charlie, sending you 4
2024-10-15 01:26:50.862246 Tango: Charlie, Bravo and Juliett, sending you 1
2024-10-15 01:26:50.863144 Golf: Oscar, sending you 5
chatterbot Foxtrot submitting transactions
chatterbot Tango submitting transactions
chatterbot Juliett submitting transactions
chatterbot Oscar submitting transactions
2024-10-15 01:26:51.263090 Tango: Papa, sending you 4
2024-10-15 01:26:51.264610 Juliett: Foxtrot and Charlie, sending you 2
2024-10-15 01:26:51.265756 Papa: Bravo and Juliett, sending you 5
chatterbot Alpha submitting transactions
chatterbot Papa submitting transactions
chatterbot Charlie submitting transactions
chatterbot Golf submitting transactions
2024-10-15 01:26:51.282379 Juliett: Bravo and Papa, sending you 3
2024-10-15 01:26:51.283534 Papa: Tango, sending you 2
2024-10-15 01:26:51.284579 Tango: Papa did not give me 5 like they said
ChatterBot Bravo reevaluating
ChatterBot Charlie reevaluating
ChatterBot Papa reevaluating
ChatterBot Juliett reevaluating
ChatterBot Foxtrot reevaluating
2024-10-15 01:26:51.309170 Tango: November did not give me 2 like they said
ChatterBot Bravo reevaluating
ChatterBot Charlie reevaluating
ChatterBot Papa reevaluating
ChatterBot Juliett reevaluating
ChatterBot Foxtrot reevaluating
2024-10-15 01:26:51.333097 Tango: Oscar did not give me 2 like they said
ChatterBot Bravo reevaluating
ChatterBot Charlie reevaluating
ChatterBot Papa reevaluating
ChatterBot Juliett reevaluating
ChatterBot Foxtrot reevaluating
2024-10-15 01:26:51.358052 Tango: Alpha did not give me 3 like they said
ChatterBot Bravo reevaluating
ChatterBot Charlie reevaluating
ChatterBot Papa reevaluating
ChatterBot Juliett reevaluating
ChatterBot Foxtrot reevaluating
2024-10-15 01:26:51.382535 Tango: Juliett did not give me 1 like they said
ChatterBot Bravo reevaluating
ChatterBot Charlie reevaluating
ChatterBot Papa reevaluating
ChatterBot Juliett reevaluating
ChatterBot Foxtrot reevaluating
ChatterBot Foxtrot round 3
ChatterBot Charlie round 3
ChatterBot Bravo round 3
ChatterBot Papa round 3
ChatterBot November round 3
ChatterBot Oscar round 3
ChatterBot Golf round 3
ChatterBot Alpha round 3
ChatterBot Juliett round 3
ChatterBot Tango round 3
2024-10-15 01:26:51.442228 Oscar: We should add Charlie
ChatterBot November reevaluating
2024-10-15 01:26:51.454400 November: No
2024-10-15 01:26:51.454678 Alpha: No
2024-10-15 01:26:51.455354 Golf: No
ChatterBot Oscar reevaluating
ChatterBot November reevaluating
ChatterBot Oscar reevaluating
ChatterBot November reevaluating
ChatterBot Oscar reevaluating
2024-10-15 01:26:51.511805 November: We should add Juliett
ChatterBot Oscar reevaluating
2024-10-15 01:26:51.528180 Alpha: No
2024-10-15 01:26:51.528892 Oscar: No
2024-10-15 01:26:51.529071 Golf: No
ChatterBot November reevaluating
ChatterBot Oscar reevaluating
ChatterBot November reevaluating
ChatterBot November reevaluating
ChatterBot Oscar reevaluating
2024-10-15 01:26:51.588847 Oscar: We should add Tango
ChatterBot November reevaluating
2024-10-15 01:26:51.606453 November: No
2024-10-15 01:26:51.606768 Alpha: No
2024-10-15 01:26:51.607016 Golf: No
ChatterBot Oscar reevaluating
ChatterBot November reevaluating
ChatterBot Oscar reevaluating
ChatterBot November reevaluating
ChatterBot Oscar reevaluating
2024-10-15 01:26:51.648220 November: We should add Foxtrot
ChatterBot Oscar reevaluating
2024-10-15 01:26:51.659853 Alpha: No
2024-10-15 01:26:51.660035 Oscar: Yes
2024-10-15 01:26:51.660151 Golf: No
ChatterBot November reevaluating
ChatterBot Oscar reevaluating
ChatterBot November reevaluating
ChatterBot November reevaluating
ChatterBot Oscar reevaluating
2024-10-15 01:26:53.174221 Charlie: Sending you each 2
2024-10-15 01:26:53.174687 Juliett: Foxtrot, Charlie and Bravo, sending you 2
2024-10-15 01:26:53.174977 Bravo: Foxtrot, Charlie and Tango, sending you 2
2024-10-15 01:26:53.175834 Alpha: Same as last round
2024-10-15 01:26:53.176111 Papa: Foxtrot, Juliett and Tango, sending you 4
2024-10-15 01:26:53.176476 Oscar: Papa we want you to join our group
2024-10-15 01:26:53.179646 Papa: No
ChatterBot November reevaluating
2024-10-15 01:26:53.191194 Foxtrot: Charlie, sending you 1
2024-10-15 01:26:53.191940 Golf: November, sending you 4
chatterbot Papa submitting transactions
chatterbot Foxtrot submitting transactions
chatterbot Alpha submitting transactions
chatterbot Bravo submitting transactions
chatterbot Charlie submitting transactions
chatterbot Juliett submitting transactions
chatterbot Golf submitting transactions
2024-10-15 01:26:53.192783 Juliett: Papa, sending you 4
2024-10-15 01:26:53.193572 Papa: Charlie, sending you 3
2024-10-15 01:26:53.193879 Bravo: Papa, sending you 3
2024-10-15 01:26:53.200153 Foxtrot: Bravo, Papa, Juliett and Tango, sending you 2
2024-10-15 01:26:53.201566 Golf: Oscar, sending you 5
2024-10-15 01:26:53.202041 Tango: Foxtrot, Charlie, Bravo and Papa, sending you 2
2024-10-15 01:26:53.203143 Papa: Bravo, sending you 5
2024-10-15 01:26:53.203666 Bravo: Juliett, sending you 1
2024-10-15 01:26:53.204731 November: Charlie we want you to join our group
2024-10-15 01:26:53.210581 Charlie: No
ChatterBot November reevaluating
2024-10-15 01:26:53.233130 Golf: Alpha, sending you 3
2024-10-15 01:26:53.234126 Tango: Juliett, sending you 1
2024-10-15 01:26:53.247439 Oscar: Papa and November, sending you 2
2024-10-15 01:26:53.248443 November: Juliett we want you to join our group
ChatterBot Juliett reevaluating
2024-10-15 01:26:53.257511 Juliett: No
ChatterBot November reevaluating
2024-10-15 01:26:53.375545 Juliett: We should replace Charlie with Tango
2024-10-15 01:26:53.376185 November: We should add Bravo
ChatterBot Foxtrot reevaluating
ChatterBot Oscar reevaluating
2024-10-15 01:26:53.439939 Foxtrot: Yes
2024-10-15 01:26:53.440240 Bravo: No
2024-10-15 01:26:53.440571 Papa: No
2024-10-15 01:26:53.440878 Alpha: No
2024-10-15 01:26:53.441160 Oscar: Yes
2024-10-15 01:26:53.442078 Golf: No
ChatterBot Juliett reevaluating
ChatterBot November reevaluating
ChatterBot Oscar reevaluating
ChatterBot Juliett reevaluating
ChatterBot Foxtrot reevaluating
ChatterBot November reevaluating
ChatterBot Juliett reevaluating
ChatterBot Foxtrot reevaluating
ChatterBot November reevaluating
ChatterBot Oscar reevaluating
2024-10-15 01:26:53.522494 Juliett: We should replace Foxtrot with Tango
2024-10-15 01:26:53.531795 Charlie: No
2024-10-15 01:26:53.532030 Bravo: No
2024-10-15 01:26:53.532957 Papa: No
ChatterBot Juliett reevaluating
ChatterBot Juliett reevaluating
ChatterBot Juliett reevaluating
chatterbot Oscar submitting transactions
chatterbot Tango submitting transactions
2024-10-15 01:26:53.592761 Juliett: Tango we want you to join our group
2024-10-15 01:26:53.596911 Tango: Yes
ChatterBot Juliett reevaluating
ChatterBot Foxtrot reevaluating
2024-10-15 01:26:53.641349 November: Oscar, Golf and Alpha, sending you 3
2024-10-15 01:26:53.646317 Juliett: Sorry, I'm actually sending you 0
2024-10-15 01:26:53.652719 Juliett: Foxtrot, Bravo and Tango, sending you 2
chatterbot Foxtrot submitting transactions
chatterbot Oscar submitting transactions
chatterbot November submitting transactions
chatterbot Juliett submitting transactions
ChatterBot Foxtrot round 4
ChatterBot Charlie round 4
ChatterBot Bravo round 4
ChatterBot Papa round 4
ChatterBot November round 4
ChatterBot Oscar round 4
ChatterBot Golf round 4
ChatterBot Alpha round 4
ChatterBot Juliett round 4
ChatterBot Tango round 4
2024-10-15 01:26:54.391921 November: We should replace Juliett with Foxtrot
2024-10-15 01:26:54.461299 Alpha: No
2024-10-15 01:26:54.462358 Oscar: No
2024-10-15 01:26:54.462738 Golf: No
ChatterBot November reevaluating
ChatterBot November reevaluating
ChatterBot November reevaluating
2024-10-15 01:26:54.515485 Juliett: We should replace Tango with Charlie
2024-10-15 01:26:54.525154 Foxtrot: No
2024-10-15 01:26:54.525516 Bravo: No
2024-10-15 01:26:54.525745 Papa: No
2024-10-15 01:26:54.565092 November: We should replace Juliett with Papa
2024-10-15 01:26:54.576681 Alpha: No
2024-10-15 01:26:54.577353 Oscar: Yes
2024-10-15 01:26:54.577579 Golf: No
ChatterBot November reevaluating
ChatterBot November reevaluating
ChatterBot November reevaluating
2024-10-15 01:26:54.612873 Charlie: We should drop Foxtrot
2024-10-15 01:26:54.627297 Bravo: No
2024-10-15 01:26:54.627816 Papa: No
2024-10-15 01:26:54.628130 Juliett: No
2024-10-15 01:26:54.628886 Tango: No
ChatterBot Charlie reevaluating
ChatterBot Juliett reevaluating
ChatterBot Charlie reevaluating
ChatterBot Juliett reevaluating
ChatterBot Charlie reevaluating
ChatterBot Charlie reevaluating
ChatterBot Juliett reevaluating
2024-10-15 01:26:54.722654 Papa: Foxtrot and Tango, sending you 4
2024-10-15 01:26:54.723274 Bravo: Foxtrot, Charlie and Tango, sending you 2
2024-10-15 01:26:54.723816 Foxtrot: Charlie, Bravo, Papa and Tango, sending you 2
2024-10-15 01:26:54.725048 November: Foxtrot we want you to join our group
2024-10-15 01:26:54.729728 Foxtrot: No
ChatterBot November reevaluating
2024-10-15 01:26:54.745268 Juliett: Charlie we want you to join our group
ChatterBot Charlie reevaluating
2024-10-15 01:26:54.750873 Charlie: Yes
2024-10-15 01:26:54.764160 Papa: Charlie, sending you 2
2024-10-15 01:26:54.765485 Bravo: Papa, sending you 3
2024-10-15 01:26:54.766169 Foxtrot: Juliett, sending you 1
2024-10-15 01:26:54.767840 Oscar: Papa and November, sending you 2
2024-10-15 01:26:54.768472 November: Papa we want you to join our group
2024-10-15 01:26:54.772669 Papa: No
ChatterBot November reevaluating
2024-10-15 01:26:54.786012 November: We should replace Juliett with Bravo
2024-10-15 01:26:54.795113 Alpha: No
2024-10-15 01:26:54.795855 Oscar: No
2024-10-15 01:26:54.795984 Golf: No
ChatterBot November reevaluating
ChatterBot November reevaluating
ChatterBot November reevaluating
2024-10-15 01:26:54.825530 Golf: November and Alpha, sending you 4
2024-10-15 01:26:54.825964 Tango: Foxtrot, Charlie, Bravo and Papa, sending you 2
2024-10-15 01:26:54.827284 Papa: Bravo and Juliett, sending you 5
2024-10-15 01:26:54.827704 Alpha: Same as last round
2024-10-15 01:26:54.828097 Bravo: Juliett, sending you 1
2024-10-15 01:26:54.829455 Oscar: Golf and Alpha, sending you 3
2024-10-15 01:26:54.854035 Golf: Oscar, sending you 5
2024-10-15 01:26:54.854655 Tango: Juliett, sending you 1
chatterbot Papa submitting transactions
2024-10-15 01:26:54.876606 Charlie: Same as last round
2024-10-15 01:26:54.877796 Juliett: Foxtrot, Charlie and Bravo, sending you 2
2024-10-15 01:26:54.878213 Tango: Juliett did not give me 2 like they said
ChatterBot Bravo reevaluating
ChatterBot Charlie reevaluating
ChatterBot Papa reevaluating
ChatterBot Juliett reevaluating
ChatterBot Foxtrot reevaluating
2024-10-15 01:26:54.910745 November: Oscar, sending you 2
2024-10-15 01:26:54.914313 November: Golf, sending you 4
2024-10-15 01:26:54.919844 November: Alpha, sending you 3
chatterbot Foxtrot submitting transactions
chatterbot Golf submitting transactions
2024-10-15 01:26:54.926797 Juliett: Sorry, I'm actually sending you 0
2024-10-15 01:26:54.932696 Juliett: Charlie, Bravo and Tango, sending you 2
chatterbot Papa submitting transactions
chatterbot Alpha submitting transactions
chatterbot Juliett submitting transactions
chatterbot Tango submitting transactions
chatterbot Bravo submitting transactions
chatterbot Oscar submitting transactions
chatterbot Charlie submitting transactions
chatterbot November submitting transactions
chatterbot Bravo submitting transactions
chatterbot Foxtrot submitting transactions
ChatterBot Foxtrot round 5
ChatterBot Charlie round 5
ChatterBot Bravo round 5
ChatterBot Papa round 5
ChatterBot November round 5
ChatterBot Oscar round 5
ChatterBot Golf round 5
2024-10-15 01:26:56.634443 November: We should replace Juliett with Charlie
2024-10-15 01:26:56.645169 Alpha: No
2024-10-15 01:26:56.645448 Oscar: No
2024-10-15 01:26:56.645623 Golf: No
ChatterBot November reevaluating
ChatterBot November reevaluating
ChatterBot November reevaluating
ChatterBot Alpha round 5
ChatterBot Juliett round 5
ChatterBot Tango round 5
2024-10-15 01:26:56.697103 November: We should replace Juliett with Papa
2024-10-15 01:26:56.704842 Alpha: No
2024-10-15 01:26:56.705657 Oscar: Yes
2024-10-15 01:26:56.705780 Golf: No
ChatterBot November reevaluating
ChatterBot November reevaluating
ChatterBot November reevaluating
2024-10-15 01:26:56.748666 Bravo: Foxtrot, Charlie and Tango, sending you 2
2024-10-15 01:26:56.750659 November: Charlie we want you to join our group
2024-10-15 01:26:56.755742 Charlie: No
ChatterBot November reevaluating
2024-10-15 01:26:56.772635 Bravo: Papa, sending you 3
2024-10-15 01:26:56.776689 November: Papa we want you to join our group
2024-10-15 01:26:56.779967 Papa: No
ChatterBot November reevaluating
2024-10-15 01:26:56.790656 November: We should replace Juliett with Foxtrot
2024-10-15 01:26:56.797748 Alpha: No
2024-10-15 01:26:56.797929 Oscar: No
2024-10-15 01:26:56.798587 Golf: No
ChatterBot November reevaluating
ChatterBot November reevaluating
ChatterBot November reevaluating
2024-10-15 01:26:56.820206 Foxtrot: Charlie, Bravo, Papa and Tango, sending you 2
2024-10-15 01:26:56.821102 Oscar: Papa and November, sending you 2
2024-10-15 01:26:56.821396 Golf: November and Alpha, sending you 4
2024-10-15 01:26:56.821687 Charlie: Same as last round
2024-10-15 01:26:56.822138 Alpha: Same as last round
2024-10-15 01:26:56.822893 Bravo: Juliett, sending you 1
2024-10-15 01:26:56.823287 Juliett: Charlie, Bravo and Tango, sending you 2
2024-10-15 01:26:56.823549 Papa: Foxtrot and Tango, sending you 4
2024-10-15 01:26:56.824663 Foxtrot: Juliett, sending you 1
2024-10-15 01:26:56.825239 Oscar: Golf and Alpha, sending you 3
2024-10-15 01:26:56.825756 Golf: Oscar, sending you 5
2024-10-15 01:26:56.826711 Juliett: Papa, sending you 4
2024-10-15 01:26:56.827692 Tango: Foxtrot, Charlie, Bravo and Papa, sending you 2
2024-10-15 01:26:56.828761 Papa: Charlie, sending you 2
2024-10-15 01:26:56.831672 Papa: Bravo and Juliett, sending you 5
2024-10-15 01:26:56.833699 Tango: Juliett, sending you 1
2024-10-15 01:26:56.857667 November: Oscar, sending you 2
2024-10-15 01:26:56.861943 November: Golf, sending you 4
2024-10-15 01:26:56.866027 November: Alpha, sending you 3
chatterbot Charlie submitting transactions
chatterbot Oscar submitting transactions
chatterbot Alpha submitting transactions
chatterbot Bravo submitting transactions
chatterbot November submitting transactions
chatterbot Tango submitting transactions
chatterbot Papa submitting transactions
chatterbot Golf submitting transactions
chatterbot Juliett submitting transactions
ChatterBot Foxtrot round 6
ChatterBot Charlie round 6
ChatterBot Bravo round 6
ChatterBot Papa round 6
ChatterBot November round 6
ChatterBot Oscar round 6
ChatterBot Golf round 6
ChatterBot Alpha round 6
ChatterBot Juliett round 6
ChatterBot Tango round 6
2024-10-15 01:26:57.846181 Juliett: We should replace Tango with Foxtrot
2024-10-15 01:26:57.858370 Charlie: No
2024-10-15 01:26:57.858572 Bravo: No
2024-10-15 01:26:57.858729 Papa: No
ChatterBot Juliett reevaluating
ChatterBot Juliett reevaluating
2024-10-15 01:26:57.892669 Foxtrot: Charlie, Bravo, Papa and Tango, sending you 2
2024-10-15 01:26:57.894691 Charlie: Same as last round
2024-10-15 01:26:57.896141 Juliett: Foxtrot we want you to join our group
2024-10-15 01:26:57.899188 Foxtrot: Yes
ChatterBot Juliett reevaluating
2024-10-15 01:26:57.911223 Foxtrot: Juliett, sending you 1
chatterbot Foxtrot submitting transactions
2024-10-15 01:26:57.915103 Alpha: Same as last round
2024-10-15 01:26:57.915741 Papa: Foxtrot and Tango, sending you 4
2024-10-15 01:26:57.916997 November: Oscar, sending you 2
2024-10-15 01:26:57.917537 Oscar: Papa and November, sending you 2
2024-10-15 01:26:57.918102 Bravo: Foxtrot, Charlie and Tango, sending you 2
2024-10-15 01:26:57.919119 Tango: Foxtrot, Charlie, Bravo and Papa, sending you 2
2024-10-15 01:26:57.919686 November: Golf, sending you 4
2024-10-15 01:26:57.921674 Papa: Charlie, sending you 2
2024-10-15 01:26:57.922906 Oscar: Golf and Alpha, sending you 3
2024-10-15 01:26:57.923413 Tango: Juliett, sending you 1
2024-10-15 01:26:57.923919 Golf: November, sending you 5
2024-10-15 01:26:57.924976 Bravo: Papa, sending you 3
2024-10-15 01:26:57.925557 November: Alpha, sending you 3
2024-10-15 01:26:57.926009 Papa: Bravo and Juliett, sending you 5
2024-10-15 01:26:57.929236 Bravo: Juliett, sending you 1
2024-10-15 01:26:57.930177 Golf: Oscar and Alpha, sending you 4
2024-10-15 01:26:57.936736 Juliett: Foxtrot, Charlie and Bravo, sending you 2
2024-10-15 01:26:57.942018 Juliett: Papa, sending you 4
chatterbot Papa submitting transactions
chatterbot Charlie submitting transactions
chatterbot November submitting transactions
chatterbot Foxtrot submitting transactions
chatterbot Alpha submitting transactions
chatterbot Juliett submitting transactions
chatterbot Bravo submitting transactions
chatterbot Tango submitting transactions
chatterbot Golf submitting transactions
chatterbot Oscar submitting transactions
ChatterBot Foxtrot round 7
ChatterBot Charlie round 7
ChatterBot Bravo round 7
ChatterBot Papa round 7
ChatterBot November round 7
2024-10-15 01:26:59.059845 November: We should replace Papa with Juliett
ChatterBot Oscar reevaluating
2024-10-15 01:26:59.072154 Alpha: No
2024-10-15 01:26:59.073213 Oscar: Yes
2024-10-15 01:26:59.073526 Golf: No
ChatterBot Oscar reevaluating
ChatterBot November reevaluating
ChatterBot November reevaluating
ChatterBot Oscar reevaluating
ChatterBot Oscar round 7
ChatterBot Golf round 7
ChatterBot Alpha round 7
ChatterBot Juliett round 7
ChatterBot Tango round 7
2024-10-15 01:26:59.134025 Oscar: We should replace Papa with Juliett
ChatterBot November reevaluating
2024-10-15 01:26:59.143155 November: Yes
2024-10-15 01:26:59.144209 Alpha: No
2024-10-15 01:26:59.144433 Golf: No
ChatterBot Oscar reevaluating
ChatterBot November reevaluating
ChatterBot Oscar reevaluating
ChatterBot November reevaluating
ChatterBot Oscar reevaluating
2024-10-15 01:26:59.186590 November: We should replace Papa with Tango
ChatterBot Oscar reevaluating
2024-10-15 01:26:59.196068 Alpha: No
2024-10-15 01:26:59.196379 Oscar: Yes
2024-10-15 01:26:59.196751 Golf: No
ChatterBot November reevaluating
ChatterBot Oscar reevaluating
ChatterBot November reevaluating
ChatterBot November reevaluating
ChatterBot Oscar reevaluating
2024-10-15 01:26:59.225732 Oscar: We should replace Papa with Bravo
ChatterBot November reevaluating
2024-10-15 01:26:59.235301 November: No
2024-10-15 01:26:59.235693 Alpha: No
2024-10-15 01:26:59.235894 Golf: No
ChatterBot Oscar reevaluating
ChatterBot November reevaluating
ChatterBot Oscar reevaluating
ChatterBot November reevaluating
ChatterBot Oscar reevaluating
2024-10-15 01:26:59.284505 Bravo: Foxtrot, Charlie and Tango, sending you 2
2024-10-15 01:26:59.287456 Papa: Foxtrot and Tango, sending you 4
2024-10-15 01:26:59.289893 Foxtrot: Charlie, Bravo, Papa and Tango, sending you 2
2024-10-15 01:26:59.292052 Charlie: Same as last round
2024-10-15 01:26:59.294403 November: Juliett we want you to join our group
2024-10-15 01:26:59.300557 Juliett: No
ChatterBot November reevaluating
ChatterBot Oscar reevaluating
2024-10-15 01:26:59.320725 Bravo: Papa, sending you 3
2024-10-15 01:26:59.322015 Papa: Charlie, sending you 2
2024-10-15 01:26:59.323416 Foxtrot: Juliett, sending you 1
2024-10-15 01:26:59.324260 Juliett: Foxtrot, Charlie and Bravo, sending you 2
2024-10-15 01:26:59.325353 Tango: Foxtrot, Charlie, Bravo and Papa, sending you 2
2024-10-15 01:26:59.326363 Golf: November, sending you 5
2024-10-15 01:26:59.327439 Bravo: Juliett, sending you 1
2024-10-15 01:26:59.328195 Alpha: Same as last round
2024-10-15 01:26:59.329366 Papa: Bravo and Juliett, sending you 5
2024-10-15 01:26:59.330079 Juliett: Papa, sending you 4
2024-10-15 01:26:59.331070 Golf: Oscar and Alpha, sending you 4
2024-10-15 01:26:59.331597 Tango: Juliett, sending you 1
2024-10-15 01:26:59.350921 Oscar: Papa and November, sending you 2
2024-10-15 01:26:59.354700 November: Oscar, sending you 2
2024-10-15 01:26:59.355215 Oscar: Golf and Alpha, sending you 3
2024-10-15 01:26:59.358060 November: Golf, sending you 4
2024-10-15 01:26:59.362661 November: Alpha, sending you 3
chatterbot Foxtrot submitting transactions
chatterbot Papa submitting transactions
chatterbot Tango submitting transactions
chatterbot Golf submitting transactions
chatterbot Charlie submitting transactions
chatterbot Oscar submitting transactions
chatterbot November submitting transactions
chatterbot Bravo submitting transactions
chatterbot Alpha submitting transactions
chatterbot Juliett submitting transactions
ChatterBot Foxtrot round 8
ChatterBot Charlie round 8
ChatterBot Bravo round 8
ChatterBot Papa round 8
ChatterBot November round 8
ChatterBot Oscar round 8
ChatterBot Golf round 8
ChatterBot Alpha round 8
ChatterBot Juliett round 8
ChatterBot Tango round 8
2024-10-15 01:27:00.276733 Oscar: We should replace Papa with Tango
2024-10-15 01:27:00.285429 November: No
2024-10-15 01:27:00.285723 Alpha: No
2024-10-15 01:27:00.285962 Golf: No
ChatterBot Oscar reevaluating
ChatterBot November reevaluating
ChatterBot Oscar reevaluating
ChatterBot November reevaluating
ChatterBot Oscar reevaluating
2024-10-15 01:27:00.354045 Oscar: We should replace Papa with Juliett
ChatterBot November reevaluating
2024-10-15 01:27:00.364332 November: Yes
2024-10-15 01:27:00.364559 Alpha: No
2024-10-15 01:27:00.364790 Golf: No
ChatterBot Oscar reevaluating
ChatterBot November reevaluating
ChatterBot Oscar reevaluating
ChatterBot November reevaluating
ChatterBot Oscar reevaluating
2024-10-15 01:27:00.394410 Oscar: We should replace Papa with Bravo
ChatterBot November reevaluating
2024-10-15 01:27:00.402095 November: No
2024-10-15 01:27:00.402238 Alpha: No
2024-10-15 01:27:00.402348 Golf: No
ChatterBot Oscar reevaluating
ChatterBot November reevaluating
ChatterBot Oscar reevaluating
ChatterBot November reevaluating
ChatterBot Oscar reevaluating
2024-10-15 01:27:00.429747 Foxtrot: Charlie, Bravo, Papa and Tango, sending you 2
2024-10-15 01:27:00.430672 Golf: November, sending you 5
2024-10-15 01:27:00.431454 Oscar: Juliett we want you to join our group
ChatterBot Juliett reevaluating
2024-10-15 01:27:00.435778 Juliett: No
ChatterBot November reevaluating
ChatterBot Oscar reevaluating
2024-10-15 01:27:00.447959 Bravo: Foxtrot, Charlie and Tango, sending you 2
2024-10-15 01:27:00.448692 Alpha: Same as last round
2024-10-15 01:27:00.449707 Tango: Foxtrot, Charlie, Bravo and Papa, sending you 2
2024-10-15 01:27:00.450357 Charlie: Same as last round
2024-10-15 01:27:00.450945 Papa: Foxtrot and Tango, sending you 4
2024-10-15 01:27:00.452051 Foxtrot: Juliett, sending you 1
2024-10-15 01:27:00.452581 Golf: Oscar and Alpha, sending you 4
2024-10-15 01:27:00.453130 Bravo: Papa, sending you 3
2024-10-15 01:27:00.454692 Tango: Juliett, sending you 1
2024-10-15 01:27:00.455712 Papa: Charlie, sending you 2
2024-10-15 01:27:00.457227 Bravo: Juliett, sending you 1
2024-10-15 01:27:00.459681 Papa: Bravo and Juliett, sending you 5
2024-10-15 01:27:00.469700 November: Oscar, sending you 2
2024-10-15 01:27:00.473691 November: Golf, sending you 4
2024-10-15 01:27:00.478161 Oscar: November and Juliett, sending you 2
2024-10-15 01:27:00.478676 November: Alpha, sending you 3
2024-10-15 01:27:00.480668 Oscar: Golf and Alpha, sending you 3
chatterbot Tango submitting transactions
chatterbot Papa submitting transactions
chatterbot Alpha submitting transactions
chatterbot Charlie submitting transactions
chatterbot Bravo submitting transactions
chatterbot Juliett submitting transactions
chatterbot November submitting transactions
chatterbot Golf submitting transactions
chatterbot Foxtrot submitting transactions
chatterbot Oscar submitting transactions
ChatterBot Foxtrot round 9
ChatterBot Charlie round 9
ChatterBot Bravo round 9
ChatterBot Papa round 9
ChatterBot November round 9
ChatterBot Oscar round 9
ChatterBot Golf round 9
ChatterBot Alpha round 9
ChatterBot Juliett round 9
2024-10-15 01:27:01.440974 Oscar: We should replace Juliett with Bravo
ChatterBot November reevaluating
2024-10-15 01:27:01.452950 November: No
2024-10-15 01:27:01.453188 Alpha: No
2024-10-15 01:27:01.453384 Golf: No
ChatterBot November reevaluating
ChatterBot Oscar reevaluating
ChatterBot November reevaluating
ChatterBot Oscar reevaluating
ChatterBot Tango round 9
2024-10-15 01:27:01.489999 Juliett: We should replace Tango with Foxtrot
2024-10-15 01:27:01.495100 Charlie: No
2024-10-15 01:27:01.495244 Bravo: No
2024-10-15 01:27:01.495351 Papa: No
ChatterBot Juliett reevaluating
ChatterBot Juliett reevaluating
ChatterBot Juliett reevaluating
2024-10-15 01:27:01.517542 November: We should replace Juliett with Foxtrot
ChatterBot Oscar reevaluating
2024-10-15 01:27:01.524266 Alpha: No
2024-10-15 01:27:01.524430 Oscar: No
2024-10-15 01:27:01.524550 Golf: No
ChatterBot November reevaluating
ChatterBot Oscar reevaluating
ChatterBot November reevaluating
ChatterBot November reevaluating
ChatterBot Oscar reevaluating
2024-10-15 01:27:01.546660 Foxtrot: Charlie, Bravo, Papa and Tango, sending you 2
2024-10-15 01:27:01.547683 Bravo: Foxtrot, Charlie and Tango, sending you 2
2024-10-15 01:27:01.549126 Papa: Foxtrot and Tango, sending you 4
2024-10-15 01:27:01.550668 Foxtrot: Juliett, sending you 1
2024-10-15 01:27:01.551856 November: Bravo we want you to join our group
2024-10-15 01:27:01.557716 Bravo: No
ChatterBot November reevaluating
ChatterBot Oscar reevaluating
2024-10-15 01:27:01.579596 November: We should replace Juliett with Papa
2024-10-15 01:27:01.579963 Oscar: We should replace Juliett with Charlie
ChatterBot Oscar reevaluating
ChatterBot November reevaluating
2024-10-15 01:27:01.594084 Alpha: No
2024-10-15 01:27:01.597622 Oscar: Yes
2024-10-15 01:27:01.597839 Golf: No
2024-10-15 01:27:01.600656 November: No
2024-10-15 01:27:01.600850 Alpha: No
2024-10-15 01:27:01.600991 Golf: No
ChatterBot November reevaluating
ChatterBot Oscar reevaluating
ChatterBot November reevaluating
ChatterBot November reevaluating
ChatterBot Oscar reevaluating
ChatterBot Oscar reevaluating
ChatterBot November reevaluating
ChatterBot Oscar reevaluating
ChatterBot November reevaluating
ChatterBot Oscar reevaluating
2024-10-15 01:27:01.650280 Bravo: Papa, sending you 3
2024-10-15 01:27:01.651070 Papa: Charlie, sending you 2
2024-10-15 01:27:01.653679 Alpha: Same as last round
2024-10-15 01:27:01.654245 Papa: Bravo and Juliett, sending you 5
2024-10-15 01:27:01.654880 Golf: November, sending you 5
2024-10-15 01:27:01.655316 Charlie: Same as last round
2024-10-15 01:27:01.655887 Bravo: Juliett, sending you 1
2024-10-15 01:27:01.656871 Tango: Foxtrot, Charlie, Bravo and Papa, sending you 2
2024-10-15 01:27:01.659683 Oscar: Papa we want you to join our group
2024-10-15 01:27:01.662699 Papa: No
ChatterBot November reevaluating
2024-10-15 01:27:01.672990 Golf: Oscar and Alpha, sending you 4
2024-10-15 01:27:01.674427 Tango: Juliett, sending you 1
2024-10-15 01:27:01.681665 November: Charlie we want you to join our group
2024-10-15 01:27:01.684753 Charlie: No
ChatterBot November reevaluating
2024-10-15 01:27:01.701683 Oscar: Papa and November, sending you 2
2024-10-15 01:27:01.704868 Oscar: Golf and Alpha, sending you 3
2024-10-15 01:27:01.732661 November: Oscar, sending you 2
2024-10-15 01:27:01.736680 November: Golf, sending you 4
2024-10-15 01:27:01.739675 November: Alpha, sending you 3
chatterbot Foxtrot submitting transactions
chatterbot Golf submitting transactions
chatterbot Alpha submitting transactions
chatterbot Tango submitting transactions
chatterbot Juliett submitting transactions
chatterbot Papa submitting transactions
chatterbot Charlie submitting transactions
chatterbot Bravo submitting transactions
chatterbot Oscar submitting transactions
chatterbot November submitting transactions
ChatterBot Foxtrot round 10
ChatterBot Charlie round 10
ChatterBot Bravo round 10
ChatterBot Papa round 10
ChatterBot November round 10
ChatterBot Oscar round 10
ChatterBot Golf round 10
ChatterBot Alpha round 10
ChatterBot Juliett round 10
ChatterBot Tango round 10
2024-10-15 01:27:03.004594 November: We should replace Charlie with Tango
2024-10-15 01:27:03.012278 Alpha: No
2024-10-15 01:27:03.012566 Oscar: No
2024-10-15 01:27:03.013006 Golf: No
ChatterBot November reevaluating
ChatterBot November reevaluating
ChatterBot November reevaluating
2024-10-15 01:27:03.043584 Juliett: We should replace Tango with Foxtrot
ChatterBot Charlie reevaluating
2024-10-15 01:27:03.051696 Charlie: No
2024-10-15 01:27:03.051914 Bravo: No
2024-10-15 01:27:03.052087 Papa: No
ChatterBot Juliett reevaluating
ChatterBot Juliett reevaluating
ChatterBot Charlie reevaluating
ChatterBot Juliett reevaluating
ChatterBot Charlie reevaluating
2024-10-15 01:27:03.074963 November: We should replace Charlie with Bravo
2024-10-15 01:27:03.082136 Alpha: No
2024-10-15 01:27:03.082900 Oscar: No
2024-10-15 01:27:03.083065 Golf: No
ChatterBot November reevaluating
ChatterBot November reevaluating
ChatterBot November reevaluating
2024-10-15 01:27:03.111648 Juliett: We should replace Bravo with Foxtrot
ChatterBot Charlie reevaluating
2024-10-15 01:27:03.120809 Charlie: No
2024-10-15 01:27:03.121127 Papa: No
2024-10-15 01:27:03.121367 Tango: No
ChatterBot Juliett reevaluating
ChatterBot Juliett reevaluating
ChatterBot Charlie reevaluating
ChatterBot Juliett reevaluating
ChatterBot Charlie reevaluating
2024-10-15 01:27:03.145661 Alpha: Same as last round
2024-10-15 01:27:03.146674 Papa: Foxtrot and Tango, sending you 4
2024-10-15 01:27:03.147977 Golf: November, sending you 5
2024-10-15 01:27:03.148467 Oscar: Papa and November, sending you 2
2024-10-15 01:27:03.148898 Bravo: Foxtrot, Charlie and Tango, sending you 2
2024-10-15 01:27:03.149728 Foxtrot: Charlie, Bravo, Papa and Tango, sending you 2
2024-10-15 01:27:03.150767 Juliett: Foxtrot we want you to join our group
2024-10-15 01:27:03.153719 Foxtrot: Yes
ChatterBot Juliett reevaluating
ChatterBot Charlie reevaluating
2024-10-15 01:27:03.164948 Tango: Foxtrot, Charlie, Bravo and Papa, sending you 2
2024-10-15 01:27:03.166198 November: Tango we want you to join our group
2024-10-15 01:27:03.168933 Tango: No
ChatterBot November reevaluating
2024-10-15 01:27:03.179870 November: We should replace Charlie with Juliett
2024-10-15 01:27:03.187658 Alpha: No
2024-10-15 01:27:03.187858 Oscar: No
2024-10-15 01:27:03.188007 Golf: No
ChatterBot November reevaluating
ChatterBot November reevaluating
ChatterBot November reevaluating
2024-10-15 01:27:03.207623 November: We should replace Charlie with Papa
2024-10-15 01:27:03.213445 Alpha: No
2024-10-15 01:27:03.213569 Oscar: Yes
2024-10-15 01:27:03.213675 Golf: No
ChatterBot November reevaluating
ChatterBot November reevaluating
ChatterBot November reevaluating
2024-10-15 01:27:03.238244 Golf: Oscar and Alpha, sending you 4
2024-10-15 01:27:03.239563 Papa: Charlie, sending you 2
2024-10-15 01:27:03.240547 Oscar: Golf and Alpha, sending you 3
2024-10-15 01:27:03.241018 Bravo: Papa, sending you 3
2024-10-15 01:27:03.242377 Foxtrot: Juliett, sending you 1
2024-10-15 01:27:03.243274 Tango: Juliett, sending you 1
2024-10-15 01:27:03.244431 Papa: Bravo and Juliett, sending you 5
2024-10-15 01:27:03.245677 Bravo: Juliett, sending you 1
chatterbot Golf submitting transactions
2024-10-15 01:27:03.252684 November: Bravo we want you to join our group
2024-10-15 01:27:03.255865 Bravo: No
ChatterBot November reevaluating
2024-10-15 01:27:03.266630 November: We should replace Charlie with Foxtrot
2024-10-15 01:27:03.274283 Alpha: No
2024-10-15 01:27:03.274497 Oscar: No
2024-10-15 01:27:03.274665 Golf: No
ChatterBot November reevaluating
ChatterBot November reevaluating
ChatterBot November reevaluating
2024-10-15 01:27:03.304491 Charlie: Same as last round
2024-10-15 01:27:03.338682 November: Oscar, sending you 2
2024-10-15 01:27:03.342104 November: Golf, sending you 4
