ChatterBot India round 1
ChatterBot Oscar round 1
ChatterBot Delta round 1
ChatterBot Uniform round 1
ChatterBot Zulu round 1
ChatterBot Alpha round 1
ChatterBot Foxtrot round 1
ChatterBot Kilo round 1
ChatterBot Mike round 1
ChatterBot Romeo round 1
randomSelections India: {India, Kilo, Uniform, Delta, Zulu, Oscar, Mike} 
2024-10-14 23:34:12.418575 India: We should group up
ChatterBot Kilo reevaluating
ChatterBot Uniform reevaluating
ChatterBot Delta reevaluating
ChatterBot Zulu reevaluating
ChatterBot Oscar reevaluating
ChatterBot Mike reevaluating
2024-10-14 23:34:12.440410 Kilo: Yes
2024-10-14 23:34:12.440587 Uniform: Yes
2024-10-14 23:34:12.440776 Delta: Yes
2024-10-14 23:34:12.440941 Zulu: Yes
2024-10-14 23:34:12.441126 Oscar: Yes
2024-10-14 23:34:12.441728 Mike: Yes
ChatterBot Uniform reevaluating
ChatterBot Delta reevaluating
ChatterBot Zulu reevaluating
ChatterBot Oscar reevaluating
ChatterBot Mike reevaluating
ChatterBot Kilo reevaluating
ChatterBot Delta reevaluating
ChatterBot Zulu reevaluating
ChatterBot Oscar reevaluating
ChatterBot Mike reevaluating
ChatterBot Kilo reevaluating
ChatterBot Uniform reevaluating
ChatterBot Zulu reevaluating
ChatterBot Oscar reevaluating
ChatterBot Mike reevaluating
ChatterBot Kilo reevaluating
ChatterBot Uniform reevaluating
ChatterBot Delta reevaluating
ChatterBot Oscar reevaluating
ChatterBot Mike reevaluating
ChatterBot Kilo reevaluating
ChatterBot Uniform reevaluating
ChatterBot Delta reevaluating
ChatterBot Zulu reevaluating
ChatterBot Mike reevaluating
ChatterBot Kilo reevaluating
ChatterBot Uniform reevaluating
ChatterBot Delta reevaluating
ChatterBot Zulu reevaluating
ChatterBot Oscar reevaluating
randomSelections Romeo: {Romeo, Oscar, Foxtrot, India, Mike, Alpha} 
2024-10-14 23:34:12.541750 Romeo: Group up?
ChatterBot Oscar reevaluating
ChatterBot Foxtrot reevaluating
ChatterBot Mike reevaluating
ChatterBot Alpha reevaluating
2024-10-14 23:34:12.564661 Oscar: No
2024-10-14 23:34:12.564836 Foxtrot: Yes
2024-10-14 23:34:12.564968 India: No
2024-10-14 23:34:12.565078 Mike: No
2024-10-14 23:34:12.565207 Alpha: Yes
ChatterBot Foxtrot reevaluating
ChatterBot Mike reevaluating
ChatterBot Alpha reevaluating
ChatterBot Oscar reevaluating
ChatterBot Mike reevaluating
ChatterBot Alpha reevaluating
ChatterBot Oscar reevaluating
ChatterBot Foxtrot reevaluating
ChatterBot Mike reevaluating
ChatterBot Alpha reevaluating
ChatterBot Oscar reevaluating
ChatterBot Foxtrot reevaluating
ChatterBot Alpha reevaluating
ChatterBot Oscar reevaluating
ChatterBot Foxtrot reevaluating
ChatterBot Mike reevaluating
chatterbot India submitting transactions
2024-10-14 23:34:12.710670 Kilo: Oscar and Uniform, sending you 1
2024-10-14 23:34:12.712560 Mike: India and Zulu, sending you 1
2024-10-14 23:34:12.717354 Kilo: Delta and Zulu, sending you 2
2024-10-14 23:34:12.718756 Mike: Uniform and Kilo, sending you 2
2024-10-14 23:34:12.720878 Oscar: Uniform, sending you 2
2024-10-14 23:34:12.721757 India: Oscar and Delta, sending you 1
2024-10-14 23:34:12.723473 Foxtrot: Alpha, sending you 2
2024-10-14 23:34:12.724510 Uniform: India, Oscar and Mike, sending you 3
2024-10-14 23:34:12.725411 Kilo: Mike, sending you 3
2024-10-14 23:34:12.727626 Oscar: Kilo and Mike, sending you 1
2024-10-14 23:34:12.728389 India: Uniform, sending you 3
2024-10-14 23:34:12.730703 Delta: India, Uniform and Kilo, sending you 1
2024-10-14 23:34:12.733167 Zulu: Oscar and Delta, sending you 3
2024-10-14 23:34:12.735354 Foxtrot: Mike, sending you 1
2024-10-14 23:34:12.736395 Uniform: Delta and Kilo, sending you 1
2024-10-14 23:34:12.738924 Alpha: India, sending you 2
2024-10-14 23:34:12.741591 India: Zulu, sending you 4
2024-10-14 23:34:12.742797 Zulu: Kilo, sending you 1
2024-10-14 23:34:12.744397 Alpha: Oscar, sending you 4
2024-10-14 23:34:12.750441 Alpha: Foxtrot, sending you 1
2024-10-14 23:34:12.752342 Zulu: Mike, sending you 2
2024-10-14 23:34:12.759705 Alpha: Mike and Romeo, sending you 5
chatterbot Mike submitting transactions
chatterbot Foxtrot submitting transactions
chatterbot Romeo submitting transactions
chatterbot Alpha submitting transactions
chatterbot Zulu submitting transactions
chatterbot Delta submitting transactions
chatterbot Kilo submitting transactions
chatterbot Oscar submitting transactions
chatterbot Uniform submitting transactions
ChatterBot India round 2
ChatterBot Oscar round 2
ChatterBot Delta round 2
ChatterBot Uniform round 2
ChatterBot Zulu round 2
ChatterBot Alpha round 2
ChatterBot Foxtrot round 2
ChatterBot Kilo round 2
ChatterBot Mike round 2
ChatterBot Romeo round 2
2024-10-14 23:34:13.951123 India: We should drop Delta
ChatterBot Zulu reevaluating
ChatterBot Kilo reevaluating
ChatterBot Mike reevaluating
2024-10-14 23:34:13.980592 Oscar: Yes
2024-10-14 23:34:13.980795 Uniform: Yes
2024-10-14 23:34:13.980936 Zulu: Yes
2024-10-14 23:34:13.981092 Kilo: Yes
2024-10-14 23:34:13.981236 Mike: Yes
ChatterBot Zulu reevaluating
ChatterBot Kilo reevaluating
ChatterBot Mike reevaluating
ChatterBot Zulu reevaluating
ChatterBot Kilo reevaluating
ChatterBot Mike reevaluating
ChatterBot Kilo reevaluating
ChatterBot Mike reevaluating
ChatterBot Zulu reevaluating
ChatterBot Mike reevaluating
ChatterBot Zulu reevaluating
ChatterBot Kilo reevaluating
2024-10-14 23:34:14.111060 Delta: Can we be friends?
ChatterBot Zulu reevaluating
ChatterBot Kilo reevaluating
ChatterBot Mike reevaluating
2024-10-14 23:34:14.125618 Zulu: No
2024-10-14 23:34:14.125748 Kilo: No
2024-10-14 23:34:14.125860 Mike: No
ChatterBot Kilo reevaluating
ChatterBot Mike reevaluating
ChatterBot Zulu reevaluating
ChatterBot Mike reevaluating
ChatterBot Zulu reevaluating
ChatterBot Kilo reevaluating
2024-10-14 23:34:14.182856 Alpha: We should group up
ChatterBot Foxtrot reevaluating
2024-10-14 23:34:14.188416 Foxtrot: Yes
2024-10-14 23:34:14.203699 Romeo: We would work well together
ChatterBot Foxtrot reevaluating
2024-10-14 23:34:14.213761 Alpha: No
2024-10-14 23:34:14.213887 Foxtrot: Yes
ChatterBot Foxtrot reevaluating
2024-10-14 23:34:14.378374 Foxtrot: We should drop India and Mike
2024-10-14 23:34:14.392188 Alpha: Yes
2024-10-14 23:34:14.392345 Romeo: Yes
2024-10-14 23:34:14.392459 Oscar: No
ChatterBot Foxtrot reevaluating
ChatterBot Foxtrot reevaluating
ChatterBot Foxtrot reevaluating
2024-10-14 23:34:14.586953 Delta: Zulu and Kilo, sending you 3
2024-10-14 23:34:14.587706 India: Uniform, sending you 7
2024-10-14 23:34:14.587963 Uniform: India, sending you 3
2024-10-14 23:34:14.588180 Oscar: India, Uniform, Zulu and Kilo, sending you 1
2024-10-14 23:34:14.588407 Romeo: Alpha, sending you 2
2024-10-14 23:34:14.588606 Alpha: Sending you 13
chatterbot Zulu submitting transactions
2024-10-14 23:34:14.775295 India: Mike, sending you 2
2024-10-14 23:34:14.775776 Delta: Mike, sending you 1
2024-10-14 23:34:14.776651 Uniform: Oscar, Zulu, Kilo and Mike, sending you 2
2024-10-14 23:34:14.777125 Zulu: India, sending you 6
2024-10-14 23:34:15.190739 Zulu: Kilo, sending you 2
2024-10-14 23:34:15.192009 Kilo: Oscar and Zulu, sending you 2
2024-10-14 23:34:15.192781 Mike: Oscar and Zulu, sending you 1
chatterbot Alpha submitting transactions
chatterbot Oscar submitting transactions
chatterbot Romeo submitting transactions
chatterbot Uniform submitting transactions
chatterbot Kilo submitting transactions
chatterbot India submitting transactions
chatterbot Delta submitting transactions
2024-10-14 23:34:15.196306 Zulu: Mike, sending you 1
2024-10-14 23:34:15.197611 Kilo: Uniform, sending you 1
2024-10-14 23:34:15.198339 Mike: Uniform and Kilo, sending you 2
2024-10-14 23:34:15.265855 Kilo: Mike, sending you 4
chatterbot Foxtrot submitting transactions
chatterbot Mike submitting transactions
ChatterBot India round 3
ChatterBot Oscar round 3
ChatterBot Delta round 3
ChatterBot Uniform round 3
ChatterBot Zulu round 3
ChatterBot Alpha round 3
ChatterBot Foxtrot round 3
ChatterBot Kilo round 3
ChatterBot Mike round 3
ChatterBot Romeo round 3
2024-10-14 23:34:15.684962 India: We should add Delta
ChatterBot Oscar reevaluating
ChatterBot Uniform reevaluating
ChatterBot Zulu reevaluating
ChatterBot Kilo reevaluating
ChatterBot Mike reevaluating
2024-10-14 23:34:15.708548 Oscar: Yes
2024-10-14 23:34:15.709224 Uniform: Yes
2024-10-14 23:34:15.709397 Zulu: Yes
2024-10-14 23:34:15.709622 Kilo: Yes
2024-10-14 23:34:15.709822 Mike: Yes
ChatterBot Uniform reevaluating
ChatterBot Zulu reevaluating
ChatterBot Kilo reevaluating
ChatterBot Mike reevaluating
ChatterBot Oscar reevaluating
ChatterBot Zulu reevaluating
ChatterBot Kilo reevaluating
ChatterBot Mike reevaluating
ChatterBot Oscar reevaluating
ChatterBot Uniform reevaluating
ChatterBot Kilo reevaluating
ChatterBot Mike reevaluating
ChatterBot Oscar reevaluating
ChatterBot Uniform reevaluating
ChatterBot Zulu reevaluating
ChatterBot Mike reevaluating
ChatterBot Oscar reevaluating
ChatterBot Uniform reevaluating
ChatterBot Zulu reevaluating
ChatterBot Kilo reevaluating
2024-10-14 23:34:15.862281 Alpha: We should add Romeo
2024-10-14 23:34:15.866780 Foxtrot: Yes
ChatterBot Alpha reevaluating
2024-10-14 23:34:15.888342 India: Delta we want you to join our group
2024-10-14 23:34:15.895688 Delta: Yes
ChatterBot Kilo reevaluating
ChatterBot Uniform reevaluating
ChatterBot Zulu reevaluating
ChatterBot Oscar reevaluating
ChatterBot Mike reevaluating
2024-10-14 23:34:15.945557 Foxtrot: We should drop India and Mike
ChatterBot Alpha reevaluating
ChatterBot Oscar reevaluating
2024-10-14 23:34:15.968248 Alpha: Yes
2024-10-14 23:34:15.968858 Romeo: Yes
2024-10-14 23:34:15.969045 Oscar: No
ChatterBot Oscar reevaluating
ChatterBot Alpha reevaluating
ChatterBot Oscar reevaluating
ChatterBot Alpha reevaluating
2024-10-14 23:34:16.041692 Uniform: Delta we want you to join our group
2024-10-14 23:34:16.049452 Delta: Yes
ChatterBot Oscar reevaluating
2024-10-14 23:34:16.201915 Zulu: Delta we want you to join our group
2024-10-14 23:34:16.207982 Delta: Yes
ChatterBot Oscar reevaluating
2024-10-14 23:34:16.245750 Kilo: Delta we want you to join our group
2024-10-14 23:34:16.254154 Delta: Yes
ChatterBot Oscar reevaluating
2024-10-14 23:34:16.295637 Mike: Delta we want you to join our group
2024-10-14 23:34:16.303473 Delta: Yes
2024-10-14 23:34:16.342933 Romeo: Sending you each 2
2024-10-14 23:34:16.344124 Alpha: Romeo we want you to join our group
ChatterBot Romeo reevaluating
2024-10-14 23:34:16.352638 Romeo: No
ChatterBot Alpha reevaluating
2024-10-14 23:34:16.438739 Delta: India, Oscar, Uniform and Mike, sending you 1
2024-10-14 23:34:16.440637 Foxtrot: Alpha, sending you 2
2024-10-14 23:34:16.441888 Romeo: We should drop Foxtrot
ChatterBot Alpha reevaluating
2024-10-14 23:34:16.447434 Alpha: No
ChatterBot Romeo reevaluating
2024-10-14 23:34:16.453453 India: Oscar and Mike, sending you 1
2024-10-14 23:34:16.454169 Oscar: Delta we want you to join our group
2024-10-14 23:34:16.459777 Delta: Yes
2024-10-14 23:34:16.485040 Delta: Zulu and Kilo, sending you 2
2024-10-14 23:34:16.486338 Foxtrot: Romeo, sending you 1
2024-10-14 23:34:16.486684 India: Uniform, sending you 3
chatterbot Zulu submitting transactions
2024-10-14 23:34:16.552498 Zulu: India, Delta and Kilo, sending you 2
2024-10-14 23:34:16.553761 Mike: India and Zulu, sending you 1
2024-10-14 23:34:16.554080 Kilo: Oscar, sending you 1
2024-10-14 23:34:16.554403 Uniform: India, sending you 3
2024-10-14 23:34:16.555200 India: Zulu, sending you 4
chatterbot Romeo submitting transactions
chatterbot India submitting transactions
2024-10-14 23:34:16.579523 Zulu: Oscar, Uniform and Mike, sending you 1
2024-10-14 23:34:16.580384 Mike: Uniform and Kilo, sending you 2
2024-10-14 23:34:16.580758 Kilo: Delta, Uniform, Zulu and Mike, sending you 2
2024-10-14 23:34:16.581603 Uniform: Oscar, Kilo and Mike, sending you 2
2024-10-14 23:34:16.581966 Oscar: Uniform, Zulu, Kilo and Mike, sending you 1
2024-10-14 23:34:16.606896 Uniform: Delta and Zulu, sending you 1
2024-10-14 23:34:16.646903 Alpha: Foxtrot, sending you 10
2024-10-14 23:34:16.656640 Alpha: Romeo, sending you 7
chatterbot Mike submitting transactions
chatterbot Delta submitting transactions
chatterbot Foxtrot submitting transactions
chatterbot Alpha submitting transactions
chatterbot Oscar submitting transactions
chatterbot Uniform submitting transactions
chatterbot Kilo submitting transactions
ChatterBot India round 4
ChatterBot Oscar round 4
ChatterBot Delta round 4
ChatterBot Uniform round 4
ChatterBot Zulu round 4
ChatterBot Alpha round 4
ChatterBot Foxtrot round 4
ChatterBot Kilo round 4
ChatterBot Mike round 4
ChatterBot Romeo round 4
2024-10-14 23:34:17.426116 Zulu: We should drop Oscar
ChatterBot Kilo reevaluating
2024-10-14 23:34:17.456227 India: No
2024-10-14 23:34:17.456433 Uniform: Yes
2024-10-14 23:34:17.456592 Delta: No
2024-10-14 23:34:17.457197 Kilo: Yes
2024-10-14 23:34:17.457381 Mike: No
ChatterBot Delta reevaluating
ChatterBot Kilo reevaluating
ChatterBot India reevaluating
ChatterBot Delta reevaluating
ChatterBot Kilo reevaluating
ChatterBot Mike reevaluating
ChatterBot India reevaluating
ChatterBot Kilo reevaluating
ChatterBot Mike reevaluating
ChatterBot India reevaluating
ChatterBot Delta reevaluating
ChatterBot Mike reevaluating
ChatterBot India reevaluating
ChatterBot Delta reevaluating
ChatterBot Kilo reevaluating
2024-10-14 23:34:17.644985 Oscar: India, Uniform, Zulu and Kilo, sending you 1
2024-10-14 23:34:17.651669 Alpha: Foxtrot, sending you 9
2024-10-14 23:34:17.652683 Romeo: Alpha, sending you 1
2024-10-14 23:34:17.655719 Foxtrot: Oscar, Alpha and Romeo, sending you 1
2024-10-14 23:34:17.656605 Alpha: Romeo, sending you 8
2024-10-14 23:34:17.656910 Kilo: Oscar, sending you 1
2024-10-14 23:34:17.657624 Romeo: Foxtrot, sending you 2
2024-10-14 23:34:17.660198 Kilo: Delta, Uniform, Zulu and Mike, sending you 2
2024-10-14 23:34:17.662251 Zulu: India, sending you 3
2024-10-14 23:34:17.662780 Uniform: India, sending you 3
2024-10-14 23:34:17.666155 Uniform: Delta, Zulu, Kilo and Mike, sending you 2
2024-10-14 23:34:17.666679 Zulu: Delta and Kilo, sending you 2
2024-10-14 23:34:17.670037 Zulu: Uniform and Mike, sending you 1
2024-10-14 23:34:17.674776 India: Delta and Mike, sending you 1
2024-10-14 23:34:17.676202 Delta: India and Mike, sending you 2
2024-10-14 23:34:17.679955 India: Uniform, sending you 4
2024-10-14 23:34:17.680462 Delta: Uniform, Zulu and Kilo, sending you 3
2024-10-14 23:34:17.682670 India: Zulu, sending you 3
chatterbot Uniform submitting transactions
chatterbot Romeo submitting transactions
chatterbot Alpha submitting transactions
chatterbot Romeo submitting transactions
chatterbot Oscar submitting transactions
chatterbot Mike submitting transactions
chatterbot Zulu submitting transactions
chatterbot Foxtrot submitting transactions
chatterbot Delta submitting transactions
chatterbot India submitting transactions
chatterbot Kilo submitting transactions
ChatterBot India round 5
ChatterBot Oscar round 5
ChatterBot Delta round 5
ChatterBot Uniform round 5
ChatterBot Zulu round 5
2024-10-14 23:34:18.879462 India: We should add Oscar
ChatterBot Zulu reevaluating
ChatterBot Uniform reevaluating
ChatterBot Mike reevaluating
2024-10-14 23:34:18.904182 Zulu: No
2024-10-14 23:34:18.904363 Uniform: No
2024-10-14 23:34:18.904514 Delta: No
2024-10-14 23:34:18.904667 Kilo: Yes
2024-10-14 23:34:18.907844 Mike: No
ChatterBot India reevaluating
ChatterBot Uniform reevaluating
ChatterBot Mike reevaluating
ChatterBot Zulu reevaluating
ChatterBot India reevaluating
ChatterBot Mike reevaluating
ChatterBot Zulu reevaluating
ChatterBot India reevaluating
ChatterBot Uniform reevaluating
ChatterBot Kilo reevaluating
ChatterBot Mike reevaluating
ChatterBot Zulu reevaluating
ChatterBot India reevaluating
ChatterBot Uniform reevaluating
ChatterBot Mike reevaluating
ChatterBot Zulu reevaluating
ChatterBot India reevaluating
ChatterBot Uniform reevaluating
ChatterBot Kilo reevaluating
ChatterBot Alpha round 5
ChatterBot Foxtrot round 5
ChatterBot Kilo round 5
ChatterBot Mike round 5
ChatterBot Romeo round 5
2024-10-14 23:34:19.117439 Mike: We should drop Oscar
ChatterBot Zulu reevaluating
ChatterBot India reevaluating
ChatterBot Kilo reevaluating
2024-10-14 23:34:19.134290 Zulu: Yes
2024-10-14 23:34:19.134549 India: Yes
2024-10-14 23:34:19.134758 Uniform: Yes
2024-10-14 23:34:19.135014 Delta: Yes
2024-10-14 23:34:19.135229 Kilo: No
ChatterBot India reevaluating
ChatterBot Kilo reevaluating
ChatterBot Mike reevaluating
ChatterBot Zulu reevaluating
ChatterBot Uniform reevaluating
ChatterBot Kilo reevaluating
ChatterBot Mike reevaluating
ChatterBot Zulu reevaluating
ChatterBot India reevaluating
ChatterBot Kilo reevaluating
ChatterBot Mike reevaluating
ChatterBot Zulu reevaluating
ChatterBot India reevaluating
ChatterBot Uniform reevaluating
ChatterBot Kilo reevaluating
ChatterBot Mike reevaluating
ChatterBot Zulu reevaluating
ChatterBot India reevaluating
ChatterBot Uniform reevaluating
ChatterBot Mike reevaluating
2024-10-14 23:34:19.245071 Zulu: We should drop Mike
ChatterBot Uniform reevaluating
ChatterBot Kilo reevaluating
2024-10-14 23:34:19.256844 India: No
2024-10-14 23:34:19.256989 Delta: No
2024-10-14 23:34:19.257112 Uniform: No
2024-10-14 23:34:19.257214 Kilo: No
ChatterBot Uniform reevaluating
ChatterBot Kilo reevaluating
ChatterBot Zulu reevaluating
ChatterBot Uniform reevaluating
ChatterBot Kilo reevaluating
ChatterBot Zulu reevaluating
ChatterBot Kilo reevaluating
ChatterBot Zulu reevaluating
ChatterBot Uniform reevaluating
2024-10-14 23:34:19.309702 Delta: India and Uniform, sending you 3
2024-10-14 23:34:19.312684 Oscar: India, Uniform, Zulu and Kilo, sending you 1
2024-10-14 23:34:19.313849 Delta: Zulu and Kilo, sending you 4
2024-10-14 23:34:19.314732 India: Delta and Mike, sending you 1
2024-10-14 23:34:19.316273 Uniform: We should drop Zulu
2024-10-14 23:34:19.341217 India: No
2024-10-14 23:34:19.341534 Delta: No
2024-10-14 23:34:19.342298 Kilo: No
2024-10-14 23:34:19.342475 Mike: No
ChatterBot Uniform reevaluating
ChatterBot Uniform reevaluating
2024-10-14 23:34:19.418207 Delta: Mike, sending you 2
2024-10-14 23:34:19.418717 India: Uniform, sending you 4
2024-10-14 23:34:19.421684 Romeo: Alpha, sending you 1
2024-10-14 23:34:19.422967 India: Zulu, sending you 3
2024-10-14 23:34:19.423420 Foxtrot: Oscar, Alpha and Romeo, sending you 1
2024-10-14 23:34:19.423735 Alpha: Foxtrot, sending you 9
2024-10-14 23:34:19.424034 Zulu: India, sending you 3
2024-10-14 23:34:19.426021 Romeo: Foxtrot, sending you 2
2024-10-14 23:34:19.428731 Alpha: Romeo, sending you 8
2024-10-14 23:34:19.429677 Zulu: Delta and Kilo, sending you 2
2024-10-14 23:34:19.434674 Zulu: Uniform and Mike, sending you 1
2024-10-14 23:34:19.442060 Mike: Delta and Zulu, sending you 1
2024-10-14 23:34:19.442830 Kilo: Delta, Uniform and Zulu, sending you 2
2024-10-14 23:34:19.447183 Mike: Uniform and Kilo, sending you 2
2024-10-14 23:34:19.447791 Kilo: Mike, sending you 3
2024-10-14 23:34:19.454662 Uniform: India, Kilo and Mike, sending you 3
2024-10-14 23:34:19.459042 Uniform: Delta, sending you 2
chatterbot Oscar submitting transactions
chatterbot Alpha submitting transactions
chatterbot Zulu submitting transactions
chatterbot India submitting transactions
chatterbot Kilo submitting transactions
chatterbot Romeo submitting transactions
chatterbot Mike submitting transactions
chatterbot Delta submitting transactions
chatterbot Foxtrot submitting transactions
chatterbot Uniform submitting transactions
ChatterBot India round 6
ChatterBot Oscar round 6
ChatterBot Delta round 6
ChatterBot Uniform round 6
ChatterBot Zulu round 6
ChatterBot Alpha round 6
ChatterBot Foxtrot round 6
ChatterBot Kilo round 6
ChatterBot Mike round 6
ChatterBot Romeo round 6
2024-10-14 23:34:20.715691 India: Delta, sending you 2
2024-10-14 23:34:20.716719 Uniform: India, Kilo and Mike, sending you 3
2024-10-14 23:34:20.719814 Romeo: We should drop Foxtrot
ChatterBot Alpha reevaluating
2024-10-14 23:34:20.723836 Alpha: No
2024-10-14 23:34:20.727393 Alpha: We should add Kilo
ChatterBot Romeo reevaluating
2024-10-14 23:34:20.733288 Romeo: No
2024-10-14 23:34:20.733431 Foxtrot: No
ChatterBot Alpha reevaluating
ChatterBot Romeo reevaluating
ChatterBot Alpha reevaluating
2024-10-14 23:34:20.749011 India: Uniform and Zulu, sending you 3
2024-10-14 23:34:20.749458 Uniform: Delta, sending you 2
2024-10-14 23:34:20.749744 Kilo: Delta, sending you 3
2024-10-14 23:34:20.752260 Foxtrot: Oscar, Alpha and Romeo, sending you 1
2024-10-14 23:34:20.752716 Delta: India and Uniform, sending you 3
2024-10-14 23:34:20.753692 India: Mike, sending you 1
2024-10-14 23:34:20.754368 Zulu: India, sending you 3
2024-10-14 23:34:20.754814 Kilo: Uniform, Zulu and Mike, sending you 2
2024-10-14 23:34:20.755244 Mike: Delta and Zulu, sending you 1
2024-10-14 23:34:20.757662 Delta: Zulu and Kilo, sending you 4
2024-10-14 23:34:20.758187 Zulu: Delta and Kilo, sending you 2
2024-10-14 23:34:20.760685 Mike: Uniform and Kilo, sending you 2
2024-10-14 23:34:20.762723 Delta: Mike, sending you 2
2024-10-14 23:34:20.763697 Zulu: Uniform and Mike, sending you 1
2024-10-14 23:34:20.770679 Alpha: Foxtrot, sending you 9
2024-10-14 23:34:20.771645 Romeo: Alpha, sending you 1
2024-10-14 23:34:20.775656 Alpha: Romeo, sending you 8
2024-10-14 23:34:20.776664 Romeo: Foxtrot, sending you 2
chatterbot Mike submitting transactions
chatterbot Foxtrot submitting transactions
chatterbot Oscar submitting transactions
chatterbot India submitting transactions
chatterbot Uniform submitting transactions
chatterbot Romeo submitting transactions
chatterbot Alpha submitting transactions
chatterbot Zulu submitting transactions
chatterbot Delta submitting transactions
chatterbot Kilo submitting transactions
ChatterBot India round 7
ChatterBot Oscar round 7
ChatterBot Delta round 7
ChatterBot Uniform round 7
ChatterBot Zulu round 7
ChatterBot Alpha round 7
2024-10-14 23:34:22.002812 Alpha: We should add Uniform
2024-10-14 23:34:22.012922 Romeo: No
2024-10-14 23:34:22.013418 Foxtrot: No
ChatterBot Alpha reevaluating
ChatterBot Alpha reevaluating
ChatterBot Foxtrot round 7
ChatterBot Kilo round 7
2024-10-14 23:34:22.053117 Uniform: We should replace Mike with Zulu
2024-10-14 23:34:22.065743 India: No
2024-10-14 23:34:22.065941 Delta: No
2024-10-14 23:34:22.066134 Kilo: No
ChatterBot Uniform reevaluating
ChatterBot Uniform reevaluating
ChatterBot Mike round 7
ChatterBot Romeo round 7
2024-10-14 23:34:22.110374 Zulu: We should drop Mike
ChatterBot Uniform reevaluating
2024-10-14 23:34:22.130453 India: No
2024-10-14 23:34:22.130729 Delta: No
2024-10-14 23:34:22.131431 Uniform: No
2024-10-14 23:34:22.131631 Kilo: No
ChatterBot Zulu reevaluating
ChatterBot Uniform reevaluating
ChatterBot Zulu reevaluating
ChatterBot Uniform reevaluating
ChatterBot Zulu reevaluating
ChatterBot Zulu reevaluating
ChatterBot Uniform reevaluating
2024-10-14 23:34:22.242701 India: Delta, sending you 2
2024-10-14 23:34:22.251313 India: Uniform, sending you 4
2024-10-14 23:34:22.256663 Delta: India and Uniform, sending you 3
2024-10-14 23:34:22.262601 Alpha: Foxtrot, sending you 9
2024-10-14 23:34:22.265178 Zulu: India, sending you 3
2024-10-14 23:34:22.268908 Kilo: Delta, sending you 3
2024-10-14 23:34:22.273790 India: Zulu, sending you 3
2024-10-14 23:34:22.276531 Delta: Zulu and Kilo, sending you 4
2024-10-14 23:34:22.278639 Alpha: Romeo, sending you 8
2024-10-14 23:34:22.281402 Zulu: Delta and Kilo, sending you 2
2024-10-14 23:34:22.285313 Foxtrot: Oscar, Alpha and Romeo, sending you 1
2024-10-14 23:34:22.286575 Mike: Delta and Zulu, sending you 1
2024-10-14 23:34:22.291752 Kilo: Uniform, Zulu and Mike, sending you 2
2024-10-14 23:34:22.295217 Uniform: India, Kilo and Mike, sending you 2
2024-10-14 23:34:22.298609 Romeo: Alpha, sending you 1
2024-10-14 23:34:22.300982 Delta: Mike, sending you 2
2024-10-14 23:34:22.304930 Zulu: Uniform and Mike, sending you 1
2024-10-14 23:34:22.308820 Mike: Uniform and Kilo, sending you 2
2024-10-14 23:34:22.313419 Uniform: Delta, sending you 1
2024-10-14 23:34:22.314625 Romeo: Foxtrot, sending you 2
chatterbot Delta submitting transactions
chatterbot Oscar submitting transactions
chatterbot Mike submitting transactions
chatterbot Uniform submitting transactions
chatterbot Kilo submitting transactions
chatterbot Foxtrot submitting transactions
chatterbot Zulu submitting transactions
chatterbot Alpha submitting transactions
chatterbot India submitting transactions
chatterbot Romeo submitting transactions
ChatterBot India round 8
ChatterBot Oscar round 8
ChatterBot Delta round 8
ChatterBot Uniform round 8
ChatterBot Zulu round 8
ChatterBot Alpha round 8
ChatterBot Foxtrot round 8
ChatterBot Kilo round 8
ChatterBot Mike round 8
ChatterBot Romeo round 8
2024-10-14 23:34:23.376735 Alpha: We should add Zulu
ChatterBot Romeo reevaluating
ChatterBot Foxtrot reevaluating
2024-10-14 23:34:23.388113 Romeo: No
2024-10-14 23:34:23.388275 Foxtrot: Yes
ChatterBot Alpha reevaluating
ChatterBot Foxtrot reevaluating
ChatterBot Romeo reevaluating
ChatterBot Alpha reevaluating
2024-10-14 23:34:23.408935 Foxtrot: We should replace Oscar with Kilo
ChatterBot Romeo reevaluating
ChatterBot Alpha reevaluating
2024-10-14 23:34:23.463917 Romeo: No
2024-10-14 23:34:23.464146 Alpha: No
ChatterBot Alpha reevaluating
ChatterBot Foxtrot reevaluating
ChatterBot Romeo reevaluating
ChatterBot Foxtrot reevaluating
2024-10-14 23:34:23.583884 Zulu: We should drop Uniform
2024-10-14 23:34:23.609699 India: No
2024-10-14 23:34:23.610039 Delta: No
2024-10-14 23:34:23.610258 Kilo: No
2024-10-14 23:34:23.610440 Mike: No
ChatterBot Zulu reevaluating
ChatterBot Zulu reevaluating
ChatterBot Zulu reevaluating
2024-10-14 23:34:23.698288 Romeo: We should drop Foxtrot
ChatterBot Alpha reevaluating
2024-10-14 23:34:23.704091 Alpha: No
ChatterBot Romeo reevaluating
2024-10-14 23:34:23.709924 India: Delta, sending you 2
2024-10-14 23:34:23.711453 Delta: India and Uniform, sending you 3
2024-10-14 23:34:23.713141 Uniform: India, Delta and Mike, sending you 3
2024-10-14 23:34:23.713833 Mike: Delta and Zulu, sending you 1
2024-10-14 23:34:23.715469 Kilo: Delta, sending you 3
2024-10-14 23:34:23.717183 India: Uniform, sending you 3
2024-10-14 23:34:23.717954 Delta: Zulu and Kilo, sending you 4
2024-10-14 23:34:23.718997 Mike: Uniform and Kilo, sending you 2
2024-10-14 23:34:23.719828 Uniform: Kilo, sending you 2
2024-10-14 23:34:23.721128 Kilo: Uniform, Zulu and Mike, sending you 2
2024-10-14 23:34:23.722936 India: Zulu, sending you 4
2024-10-14 23:34:23.724513 Delta: Mike, sending you 2
2024-10-14 23:34:23.729694 Foxtrot: Alpha and Romeo, sending you 1
2024-10-14 23:34:23.739673 Alpha: Foxtrot, sending you 9
chatterbot India submitting transactions
2024-10-14 23:34:23.745661 Alpha: Romeo, sending you 8
2024-10-14 23:34:23.747665 Romeo: Same as last round
chatterbot Romeo submitting transactions
chatterbot Uniform submitting transactions
chatterbot Kilo submitting transactions
chatterbot Alpha submitting transactions
chatterbot Delta submitting transactions
chatterbot Mike submitting transactions
chatterbot Oscar submitting transactions
chatterbot Zulu submitting transactions
chatterbot Foxtrot submitting transactions
ChatterBot India round 9
ChatterBot Oscar round 9
ChatterBot Delta round 9
ChatterBot Uniform round 9
ChatterBot Zulu round 9
ChatterBot Alpha round 9
ChatterBot Foxtrot round 9
ChatterBot Kilo round 9
ChatterBot Mike round 9
ChatterBot Romeo round 9
2024-10-14 23:34:24.974713 Foxtrot: We should replace Oscar with Zulu
2024-10-14 23:34:24.985494 Romeo: No
2024-10-14 23:34:24.985876 Alpha: No
ChatterBot Foxtrot reevaluating
ChatterBot Foxtrot reevaluating
2024-10-14 23:34:25.009532 Zulu: We should drop Mike
2024-10-14 23:34:25.022623 India: No
2024-10-14 23:34:25.022901 Delta: No
2024-10-14 23:34:25.023760 Uniform: No
2024-10-14 23:34:25.023919 Kilo: No
ChatterBot Zulu reevaluating
ChatterBot Zulu reevaluating
ChatterBot Zulu reevaluating
ChatterBot Zulu reevaluating
2024-10-14 23:34:25.078666 India: Delta, sending you 2
2024-10-14 23:34:25.085012 India: Uniform, sending you 3
2024-10-14 23:34:25.085937 Uniform: India, Delta and Mike, sending you 3
2024-10-14 23:34:25.087683 Mike: Delta and Zulu, sending you 1
2024-10-14 23:34:25.090673 India: Zulu, sending you 4
2024-10-14 23:34:25.091695 Uniform: Kilo, sending you 2
2024-10-14 23:34:25.092870 Delta: India and Uniform, sending you 3
2024-10-14 23:34:25.093695 Zulu: India, sending you 3
2024-10-14 23:34:25.094487 Mike: Uniform and Kilo, sending you 2
2024-10-14 23:34:25.096154 Foxtrot: Alpha and Romeo, sending you 1
2024-10-14 23:34:25.096820 Zulu: Delta and Kilo, sending you 2
2024-10-14 23:34:25.098305 Delta: Zulu and Kilo, sending you 4
2024-10-14 23:34:25.099673 Alpha: Foxtrot, sending you 9
2024-10-14 23:34:25.100874 Romeo: Same as last round
2024-10-14 23:34:25.101378 Kilo: Delta, sending you 3
2024-10-14 23:34:25.103234 Zulu: Uniform and Mike, sending you 1
2024-10-14 23:34:25.104192 Delta: Mike, sending you 2
2024-10-14 23:34:25.104916 Alpha: Romeo, sending you 8
2024-10-14 23:34:25.106007 Kilo: Uniform, Zulu and Mike, sending you 2
chatterbot Alpha submitting transactions
chatterbot Foxtrot submitting transactions
chatterbot India submitting transactions
chatterbot Uniform submitting transactions
chatterbot Delta submitting transactions
chatterbot Mike submitting transactions
chatterbot Zulu submitting transactions
chatterbot Oscar submitting transactions
chatterbot Kilo submitting transactions
chatterbot Romeo submitting transactions
ChatterBot India round 10
ChatterBot Oscar round 10
ChatterBot Delta round 10
ChatterBot Uniform round 10
ChatterBot Zulu round 10
ChatterBot Alpha round 10
ChatterBot Foxtrot round 10
ChatterBot Kilo round 10
ChatterBot Mike round 10
ChatterBot Romeo round 10
2024-10-14 23:34:26.387797 Zulu: We should drop Uniform
2024-10-14 23:34:26.417216 India: No
2024-10-14 23:34:26.417848 Delta: No
2024-10-14 23:34:26.418916 Kilo: No
2024-10-14 23:34:26.419490 Mike: No
ChatterBot Zulu reevaluating
ChatterBot Mike reevaluating
ChatterBot Zulu reevaluating
ChatterBot Mike reevaluating
ChatterBot Zulu reevaluating
ChatterBot Mike reevaluating
ChatterBot Zulu reevaluating
2024-10-14 23:34:26.500172 Uniform: India, Delta and Mike, sending you 3
2024-10-14 23:34:26.501751 India: Delta, sending you 2
2024-10-14 23:34:26.506681 Uniform: Kilo, sending you 2
2024-10-14 23:34:26.507740 India: Uniform, sending you 3
2024-10-14 23:34:26.509374 Kilo: Delta, sending you 3
2024-10-14 23:34:26.510168 Romeo: Same as last round
2024-10-14 23:34:26.514262 India: Zulu, sending you 4
2024-10-14 23:34:26.515388 Alpha: Foxtrot, sending you 9
2024-10-14 23:34:26.516455 Kilo: Uniform, Zulu and Mike, sending you 2
2024-10-14 23:34:26.517503 Delta: India, Uniform, Zulu and Mike, sending you 3
2024-10-14 23:34:26.518716 Mike: Delta and Zulu, sending you 1
2024-10-14 23:34:26.519403 Foxtrot: Alpha and Romeo, sending you 1
2024-10-14 23:34:26.519849 Alpha: Romeo, sending you 8
2024-10-14 23:34:26.523116 Delta: Kilo, sending you 4
2024-10-14 23:34:26.524250 Mike: Uniform and Kilo, sending you 2
2024-10-14 23:34:26.526681 Zulu: India and Delta, sending you 3
2024-10-14 23:34:26.530770 Zulu: Kilo, sending you 2
2024-10-14 23:34:26.534671 Zulu: Mike, sending you 1
chatterbot Kilo submitting transactions
chatterbot India submitting transactions
chatterbot Uniform submitting transactions
chatterbot Mike submitting transactions
chatterbot Oscar submitting transactions
chatterbot Alpha submitting transactions
chatterbot Delta submitting transactions
chatterbot Romeo submitting transactions
chatterbot Foxtrot submitting transactions
chatterbot Zulu submitting transactions
ChatterBot India round 11
ChatterBot Oscar round 11
ChatterBot Delta round 11
ChatterBot Uniform round 11
ChatterBot Zulu round 11
ChatterBot Alpha round 11
ChatterBot Foxtrot round 11
ChatterBot Kilo round 11
ChatterBot Mike round 11
ChatterBot Romeo round 11
2024-10-14 23:34:27.590770 Alpha: We should add Zulu
ChatterBot Foxtrot reevaluating
2024-10-14 23:34:27.602819 Romeo: No
2024-10-14 23:34:27.603127 Foxtrot: No
ChatterBot Alpha reevaluating
ChatterBot Foxtrot reevaluating
ChatterBot Romeo reevaluating
ChatterBot Alpha reevaluating
2024-10-14 23:34:27.621827 Romeo: We should add Foxtrot
ChatterBot Alpha reevaluating
2024-10-14 23:34:27.626117 Alpha: Yes
ChatterBot Romeo reevaluating
2024-10-14 23:34:27.642804 Zulu: We should drop Mike
2024-10-14 23:34:27.658531 India: No
2024-10-14 23:34:27.658856 Delta: No
2024-10-14 23:34:27.659138 Uniform: No
2024-10-14 23:34:27.659419 Kilo: No
ChatterBot Zulu reevaluating
ChatterBot Zulu reevaluating
ChatterBot Zulu reevaluating
ChatterBot Zulu reevaluating
2024-10-14 23:34:27.717546 Mike: We should drop Zulu
2024-10-14 23:34:27.730201 Uniform: Yes
2024-10-14 23:34:27.730556 India: No
2024-10-14 23:34:27.730781 Delta: No
2024-10-14 23:34:27.731015 Kilo: No
ChatterBot Delta reevaluating
ChatterBot Mike reevaluating
ChatterBot Delta reevaluating
ChatterBot Mike reevaluating
ChatterBot Mike reevaluating
ChatterBot Delta reevaluating
ChatterBot Mike reevaluating
2024-10-14 23:34:27.818689 Uniform: India, Delta and Mike, sending you 2
2024-10-14 23:34:27.819708 India: Delta, sending you 2
2024-10-14 23:34:27.823163 Kilo: Delta, sending you 3
2024-10-14 23:34:27.825770 Foxtrot: Alpha and Romeo, sending you 1
2024-10-14 23:34:27.827242 Uniform: Kilo, sending you 1
2024-10-14 23:34:27.829410 India: Uniform, sending you 3
2024-10-14 23:34:27.831971 Kilo: Uniform, Zulu and Mike, sending you 2
2024-10-14 23:34:27.834679 Alpha: Foxtrot, sending you 9
2024-10-14 23:34:27.836690 India: Zulu, sending you 4
2024-10-14 23:34:27.838799 Zulu: India, sending you 3
2024-10-14 23:34:27.839513 Alpha: Romeo, sending you 8
2024-10-14 23:34:27.841682 Zulu: Delta and Kilo, sending you 2
2024-10-14 23:34:27.843584 Mike: Delta and Zulu, sending you 1
2024-10-14 23:34:27.845676 Zulu: Uniform and Mike, sending you 1
2024-10-14 23:34:27.847665 Mike: Uniform and Kilo, sending you 2
2024-10-14 23:34:27.857668 Delta: India, Uniform and Kilo, sending you 4
2024-10-14 23:34:27.862676 Delta: Mike, sending you 3
chatterbot Oscar submitting transactions
chatterbot Romeo submitting transactions
chatterbot Kilo submitting transactions
chatterbot Uniform submitting transactions
chatterbot Zulu submitting transactions
chatterbot Mike submitting transactions
chatterbot Delta submitting transactions
chatterbot Alpha submitting transactions
chatterbot India submitting transactions
chatterbot Foxtrot submitting transactions
ChatterBot India round 12
ChatterBot Oscar round 12
ChatterBot Delta round 12
ChatterBot Uniform round 12
ChatterBot Zulu round 12
ChatterBot Alpha round 12
ChatterBot Foxtrot round 12
ChatterBot Kilo round 12
ChatterBot Mike round 12
ChatterBot Romeo round 12
2024-10-14 23:34:28.808208 Alpha: We should add Delta
ChatterBot Romeo reevaluating
ChatterBot Foxtrot reevaluating
2024-10-14 23:34:28.817935 Romeo: No
2024-10-14 23:34:28.818101 Foxtrot: Yes
ChatterBot Alpha reevaluating
ChatterBot Foxtrot reevaluating
ChatterBot Romeo reevaluating
ChatterBot Alpha reevaluating
2024-10-14 23:34:28.842177 Zulu: We should drop Uniform
2024-10-14 23:34:28.857153 India: No
2024-10-14 23:34:28.857815 Delta: No
2024-10-14 23:34:28.857937 Kilo: No
2024-10-14 23:34:28.858056 Mike: No
ChatterBot Zulu reevaluating
ChatterBot Zulu reevaluating
ChatterBot Zulu reevaluating
ChatterBot Zulu reevaluating
2024-10-14 23:34:28.968804 Mike: We should drop Zulu
ChatterBot Uniform reevaluating
2024-10-14 23:34:29.085954 Uniform: No
2024-10-14 23:34:29.086421 India: No
2024-10-14 23:34:29.086742 Delta: Yes
2024-10-14 23:34:29.087879 Kilo: No
ChatterBot Delta reevaluating
ChatterBot Mike reevaluating
ChatterBot Uniform reevaluating
ChatterBot Delta reevaluating
ChatterBot Mike reevaluating
ChatterBot Uniform reevaluating
ChatterBot Mike reevaluating
ChatterBot Uniform reevaluating
ChatterBot Delta reevaluating
ChatterBot Mike reevaluating
2024-10-14 23:34:29.193757 Delta: We should add Zulu
ChatterBot Uniform reevaluating
ChatterBot Mike reevaluating
2024-10-14 23:34:29.218393 Uniform: No
2024-10-14 23:34:29.218752 India: Yes
2024-10-14 23:34:29.218977 Kilo: Yes
2024-10-14 23:34:29.219254 Mike: Yes
ChatterBot Delta reevaluating
ChatterBot Mike reevaluating
ChatterBot Uniform reevaluating
ChatterBot Delta reevaluating
ChatterBot Mike reevaluating
ChatterBot Uniform reevaluating
ChatterBot Delta reevaluating
ChatterBot Mike reevaluating
ChatterBot Uniform reevaluating
ChatterBot Delta reevaluating
2024-10-14 23:34:29.328334 Foxtrot: Romeo, sending you 1
2024-10-14 23:34:29.332304 India: Delta, Uniform and Zulu, sending you 3
2024-10-14 23:34:29.337532 Zulu: India, sending you 4
2024-10-14 23:34:29.343407 Uniform: Zulu we want you to join our group
ChatterBot Zulu reevaluating
2024-10-14 23:34:29.354296 Zulu: No
ChatterBot Uniform reevaluating
ChatterBot Mike reevaluating
2024-10-14 23:34:29.392834 Kilo: Delta, sending you 3
2024-10-14 23:34:29.405957 Kilo: Uniform, Zulu and Mike, sending you 2
2024-10-14 23:34:29.407378 Alpha: Foxtrot, sending you 10
2024-10-14 23:34:29.407927 Zulu: We should drop Mike
ChatterBot Uniform reevaluating
2024-10-14 23:34:29.422815 India: No
2024-10-14 23:34:29.422965 Delta: No
2024-10-14 23:34:29.423148 Uniform: Yes
2024-10-14 23:34:29.423290 Kilo: No
ChatterBot Zulu reevaluating
ChatterBot Uniform reevaluating
ChatterBot Zulu reevaluating
ChatterBot Uniform reevaluating
ChatterBot Zulu reevaluating
ChatterBot Zulu reevaluating
ChatterBot Uniform reevaluating
2024-10-14 23:34:29.493629 Alpha: Romeo, sending you 7
2024-10-14 23:34:29.496650 Mike: Delta and Zulu, sending you 1
2024-10-14 23:34:29.502339 Mike: Uniform and Kilo, sending you 2
chatterbot Alpha submitting transactions
chatterbot Romeo submitting transactions
chatterbot Kilo submitting transactions
chatterbot India submitting transactions
chatterbot Oscar submitting transactions
chatterbot Zulu submitting transactions
chatterbot Foxtrot submitting transactions
chatterbot Zulu submitting transactions
chatterbot Delta submitting transactions
chatterbot Mike submitting transactions
chatterbot Uniform submitting transactions
ChatterBot India round 13
ChatterBot Oscar round 13
ChatterBot Delta round 13
ChatterBot Uniform round 13
ChatterBot Zulu round 13
ChatterBot Alpha round 13
ChatterBot Foxtrot round 13
ChatterBot Kilo round 13
ChatterBot Mike round 13
2024-10-14 23:34:30.480278 Zulu: We should replace Uniform with Mike
2024-10-14 23:34:30.578075 India: No
2024-10-14 23:34:30.580191 Delta: No
2024-10-14 23:34:30.580434 Kilo: No
ChatterBot Zulu reevaluating
ChatterBot Zulu reevaluating
ChatterBot Zulu reevaluating
ChatterBot Romeo round 13
2024-10-14 23:34:30.696673 Romeo: We should add Foxtrot
2024-10-14 23:34:30.701391 Alpha: Yes
2024-10-14 23:34:30.706115 Uniform: We should drop Zulu
2024-10-14 23:34:30.722465 India: No
2024-10-14 23:34:30.722682 Delta: No
2024-10-14 23:34:30.722870 Kilo: No
2024-10-14 23:34:30.723731 Mike: No
ChatterBot Uniform reevaluating
ChatterBot Uniform reevaluating
ChatterBot Uniform reevaluating
ChatterBot Uniform reevaluating
2024-10-14 23:34:30.793483 Romeo: Foxtrot we want you to join our group
2024-10-14 23:34:30.798228 Foxtrot: Yes
2024-10-14 23:34:30.806309 India: Delta, sending you 2
2024-10-14 23:34:30.808511 Uniform: We should drop Mike
ChatterBot Zulu reevaluating
2024-10-14 23:34:30.825373 Zulu: Yes
2024-10-14 23:34:30.825574 India: No
2024-10-14 23:34:30.825708 Delta: No
2024-10-14 23:34:30.825931 Kilo: No
ChatterBot Uniform reevaluating
ChatterBot Zulu reevaluating
ChatterBot Uniform reevaluating
ChatterBot Zulu reevaluating
ChatterBot Uniform reevaluating
ChatterBot Zulu reevaluating
ChatterBot Uniform reevaluating
2024-10-14 23:34:30.897275 Mike: Delta and Zulu, sending you 1
2024-10-14 23:34:30.899901 Foxtrot: Romeo, sending you 1
2024-10-14 23:34:30.901484 India: Uniform, sending you 3
2024-10-14 23:34:30.903708 Alpha: Foxtrot, sending you 9
