ChatterBot Yankee round 1
ChatterBot Papa round 1
ChatterBot Sierra round 1
ChatterBot India round 1
randomSelections Sierra: {Sierra, India, Hotel, Zulu, Lima, Papa} 
2024-10-15 01:52:14.602905 Sierra: We should group up
ChatterBot India reevaluating
ChatterBot Papa reevaluating
2024-10-15 01:52:14.607474 India: Yes
2024-10-15 01:52:14.607634 Papa: Yes
ChatterBot Papa reevaluating
ChatterBot India reevaluating
ChatterBot Hotel round 1
ChatterBot Hotel reevaluating
ChatterBot Hotel reevaluating
ChatterBot Hotel reevaluating
2024-10-15 01:52:14.621180 Hotel: Yes
ChatterBot India reevaluating
ChatterBot Papa reevaluating
ChatterBot Zulu round 1
ChatterBot Zulu reevaluating
ChatterBot Zulu reevaluating
ChatterBot Zulu reevaluating
ChatterBot Zulu reevaluating
2024-10-15 01:52:14.634501 Zulu: Yes
ChatterBot India reevaluating
ChatterBot Hotel reevaluating
ChatterBot Papa reevaluating
ChatterBot Bravo round 1
ChatterBot Lima round 1
ChatterBot Lima reevaluating
ChatterBot Lima reevaluating
ChatterBot Lima reevaluating
ChatterBot Lima reevaluating
ChatterBot Lima reevaluating
2024-10-15 01:52:14.655031 Lima: Yes
ChatterBot India reevaluating
ChatterBot Hotel reevaluating
ChatterBot Zulu reevaluating
ChatterBot Papa reevaluating
ChatterBot Echo round 1
ChatterBot Golf round 1
randomSelections Yankee: {Yankee, Echo, Sierra, Golf, Lima, Bravo} 
2024-10-15 01:52:14.670187 Yankee: We would work well together
ChatterBot Echo reevaluating
ChatterBot Golf reevaluating
ChatterBot Lima reevaluating
ChatterBot Bravo reevaluating
2024-10-15 01:52:14.679260 Echo: Yes
2024-10-15 01:52:14.680491 Sierra: No
2024-10-15 01:52:14.680719 Golf: Yes
2024-10-15 01:52:14.681033 Lima: No
2024-10-15 01:52:14.682171 Bravo: Yes
ChatterBot Golf reevaluating
ChatterBot Lima reevaluating
ChatterBot Bravo reevaluating
ChatterBot Echo reevaluating
ChatterBot Golf reevaluating
ChatterBot Lima reevaluating
ChatterBot Bravo reevaluating
ChatterBot Echo reevaluating
ChatterBot Lima reevaluating
ChatterBot Bravo reevaluating
ChatterBot Echo reevaluating
ChatterBot Golf reevaluating
ChatterBot Bravo reevaluating
ChatterBot Echo reevaluating
ChatterBot Golf reevaluating
ChatterBot Lima reevaluating
2024-10-15 01:52:14.762669 Sierra: Papa, sending you 1
2024-10-15 01:52:14.768665 Sierra: India and Lima, sending you 2
2024-10-15 01:52:14.771277 Papa: Sierra, sending you 3
2024-10-15 01:52:14.771719 Yankee: Sierra and Bravo, sending you 2
2024-10-15 01:52:14.772133 India: Papa, Zulu and Lima, sending you 2
2024-10-15 01:52:14.773226 Zulu: Papa and Hotel, sending you 4
2024-10-15 01:52:14.777644 Papa: India, sending you 1
2024-10-15 01:52:14.778122 Yankee: Lima, sending you 3
2024-10-15 01:52:14.778566 India: Sierra and Hotel, sending you 1
2024-10-15 01:52:14.778966 Bravo: Sierra and Lima, sending you 1
2024-10-15 01:52:14.780564 Lima: Papa, India and Zulu, sending you 2
2024-10-15 01:52:14.780917 Zulu: Sierra and Lima, sending you 1
2024-10-15 01:52:14.783647 Papa: Zulu and Lima, sending you 2
2024-10-15 01:52:14.789094 Hotel: Sierra, India and Lima, sending you 2
2024-10-15 01:52:14.789479 Yankee: Echo, sending you 1
2024-10-15 01:52:14.789884 Lima: Sierra and Hotel, sending you 1
2024-10-15 01:52:14.791271 Zulu: India, sending you 3
2024-10-15 01:52:14.791691 Echo: Yankee, Bravo and Golf, sending you 2
2024-10-15 01:52:14.792075 Golf: Yankee, sending you 1
2024-10-15 01:52:14.799663 Golf: Sierra, sending you 5
2024-10-15 01:52:14.824790 Golf: Bravo, Lima and Echo, sending you 2
chatterbot India submitting transactions
chatterbot Golf submitting transactions
chatterbot Yankee submitting transactions
chatterbot Echo submitting transactions
chatterbot Sierra submitting transactions
chatterbot Bravo submitting transactions
chatterbot Papa submitting transactions
chatterbot Lima submitting transactions
chatterbot Hotel submitting transactions
chatterbot Zulu submitting transactions
ChatterBot Yankee round 2
ChatterBot Papa round 2
ChatterBot Sierra round 2
ChatterBot India round 2
ChatterBot Hotel round 2
ChatterBot Zulu round 2
ChatterBot Bravo round 2
ChatterBot Lima round 2
ChatterBot Echo round 2
ChatterBot Golf round 2
2024-10-15 01:52:17.130591 Yankee: We should drop Sierra and Lima
2024-10-15 01:52:17.148835 Echo: Yes
2024-10-15 01:52:17.149466 Golf: Yes
2024-10-15 01:52:17.149647 Bravo: Yes
2024-10-15 01:52:17.200005 Lima: We should drop Hotel
2024-10-15 01:52:17.213945 Papa: No
2024-10-15 01:52:17.214098 Sierra: No
2024-10-15 01:52:17.214216 India: No
2024-10-15 01:52:17.214312 Zulu: No
ChatterBot Lima reevaluating
ChatterBot Lima reevaluating
ChatterBot Lima reevaluating
ChatterBot Lima reevaluating
2024-10-15 01:52:17.269663 Papa: Sierra, sending you 1
2024-10-15 01:52:17.270670 Hotel: India and Lima, sending you 1
2024-10-15 01:52:17.271035 Sierra: Papa, India, Hotel and Zulu, sending you 2
2024-10-15 01:52:17.272114 India: Sierra, Hotel, Zulu and Lima, sending you 2
2024-10-15 01:52:17.272738 Papa: India and Lima, sending you 2
2024-10-15 01:52:17.274669 Hotel: Zulu, sending you 4
2024-10-15 01:52:17.275957 Papa: Zulu, sending you 3
2024-10-15 01:52:17.278678 Zulu: Papa, sending you 5
2024-10-15 01:52:17.279454 Echo: Yankee, sending you 2
2024-10-15 01:52:17.282687 Zulu: Sierra and Hotel, sending you 1
2024-10-15 01:52:17.283122 Echo: Golf, sending you 4
2024-10-15 01:52:17.283386 Yankee: Bravo, sending you 2
2024-10-15 01:52:17.283721 Bravo: Yankee and Echo, sending you 1
2024-10-15 01:52:17.286665 Zulu: India and Lima, sending you 4
2024-10-15 01:52:17.287088 Yankee: Echo and Golf, sending you 3
2024-10-15 01:52:17.287657 Lima: Papa, Sierra, India and Hotel, sending you 2
2024-10-15 01:52:17.290211 Golf: Yankee and Bravo, sending you 1
2024-10-15 01:52:17.292668 Golf: Echo, sending you 9
chatterbot Bravo submitting transactions
chatterbot Lima submitting transactions
chatterbot Hotel submitting transactions
chatterbot Zulu submitting transactions
chatterbot Yankee submitting transactions
chatterbot India submitting transactions
chatterbot Golf submitting transactions
chatterbot Echo submitting transactions
chatterbot Papa submitting transactions
chatterbot Sierra submitting transactions
ChatterBot Yankee round 3
ChatterBot Papa round 3
ChatterBot Sierra round 3
ChatterBot India round 3
ChatterBot Hotel round 3
ChatterBot Zulu round 3
ChatterBot Bravo round 3
ChatterBot Lima round 3
ChatterBot Echo round 3
ChatterBot Golf round 3
2024-10-15 01:52:18.477116 Yankee: Bravo and Golf, sending you 3
2024-10-15 01:52:18.516417 Sierra: Papa, India, Zulu and Lima, sending you 2
2024-10-15 01:52:18.517690 Papa: Sierra and Lima, sending you 2
2024-10-15 01:52:18.518901 Yankee: Echo, sending you 4
2024-10-15 01:52:18.520376 Zulu: Papa, sending you 4
2024-10-15 01:52:18.521107 Bravo: Yankee and Golf, sending you 1
2024-10-15 01:52:18.522386 Hotel: Sierra, sending you 1
2024-10-15 01:52:18.524230 Lima: Papa, India, Hotel and Zulu, sending you 2
2024-10-15 01:52:18.525056 Echo: Yankee, sending you 2
2024-10-15 01:52:18.526204 India: Papa and Hotel, sending you 1
2024-10-15 01:52:18.526934 Papa: Zulu, sending you 4
2024-10-15 01:52:18.527950 Zulu: Sierra, India and Hotel, sending you 3
2024-10-15 01:52:18.528605 Hotel: India, Zulu and Lima, sending you 2
2024-10-15 01:52:18.529931 India: Sierra, Zulu and Lima, sending you 2
2024-10-15 01:52:18.552684 Echo: Golf, sending you 4
2024-10-15 01:52:18.553208 Golf: Yankee, sending you 4
2024-10-15 01:52:18.553861 Zulu: Lima, sending you 2
2024-10-15 01:52:18.592722 Golf: Bravo, sending you 1
2024-10-15 01:52:18.613252 Golf: Echo, sending you 8
chatterbot Hotel submitting transactions
chatterbot Yankee submitting transactions
chatterbot Papa submitting transactions
chatterbot Bravo submitting transactions
chatterbot India submitting transactions
chatterbot Echo submitting transactions
chatterbot Sierra submitting transactions
chatterbot Lima submitting transactions
chatterbot Zulu submitting transactions
chatterbot Golf submitting transactions
ChatterBot Yankee round 4
ChatterBot Papa round 4
ChatterBot Sierra round 4
ChatterBot India round 4
ChatterBot Hotel round 4
ChatterBot Zulu round 4
ChatterBot Bravo round 4
ChatterBot Lima round 4
ChatterBot Echo round 4
ChatterBot Golf round 4
2024-10-15 01:52:19.593848 Bravo: We should add Hotel
ChatterBot Yankee reevaluating
ChatterBot Echo reevaluating
ChatterBot Golf reevaluating
2024-10-15 01:52:19.602065 Yankee: Yes
2024-10-15 01:52:19.602224 Echo: No
2024-10-15 01:52:19.602813 Golf: No
ChatterBot Echo reevaluating
ChatterBot Golf reevaluating
ChatterBot Yankee reevaluating
ChatterBot Golf reevaluating
ChatterBot Yankee reevaluating
ChatterBot Echo reevaluating
2024-10-15 01:52:19.642582 Bravo: Hotel we want you to join our group
2024-10-15 01:52:19.644989 Hotel: No
ChatterBot Yankee reevaluating
ChatterBot Echo reevaluating
ChatterBot Golf reevaluating
2024-10-15 01:52:19.659655 India: Papa and Hotel, sending you 1
2024-10-15 01:52:19.664671 India: Sierra, Zulu and Lima, sending you 2
2024-10-15 01:52:19.665088 Hotel: Sierra and India, sending you 1
2024-10-15 01:52:19.665695 Sierra: Papa, India, Zulu and Lima, sending you 2
2024-10-15 01:52:19.668666 Bravo: Yankee and Golf, sending you 1
2024-10-15 01:52:19.669783 Hotel: Zulu, sending you 3
2024-10-15 01:52:19.671685 Lima: Papa, India, Hotel and Zulu, sending you 2
2024-10-15 01:52:19.672667 Zulu: Papa, sending you 4
2024-10-15 01:52:19.673685 Golf: Yankee, sending you 4
2024-10-15 01:52:19.674097 Hotel: Lima, sending you 2
2024-10-15 01:52:19.674674 Papa: Sierra and Lima, sending you 2
2024-10-15 01:52:19.675065 Echo: Yankee, sending you 2
2024-10-15 01:52:19.676692 Zulu: Sierra, India and Hotel, sending you 3
2024-10-15 01:52:19.677225 Golf: Bravo, sending you 2
2024-10-15 01:52:19.678658 Echo: Golf, sending you 3
2024-10-15 01:52:19.679670 Papa: India, sending you 1
2024-10-15 01:52:19.680674 Zulu: Lima, sending you 2
2024-10-15 01:52:19.681806 Golf: Echo, sending you 7
2024-10-15 01:52:19.682653 Papa: Zulu, sending you 3
2024-10-15 01:52:19.684269 Yankee: Bravo and Golf, sending you 3
2024-10-15 01:52:19.688676 Yankee: Echo, sending you 4
chatterbot Bravo submitting transactions
chatterbot Zulu submitting transactions
chatterbot Yankee submitting transactions
chatterbot Lima submitting transactions
chatterbot Papa submitting transactions
chatterbot Golf submitting transactions
chatterbot Echo submitting transactions
chatterbot India submitting transactions
chatterbot Hotel submitting transactions
chatterbot Sierra submitting transactions
ChatterBot Yankee round 5
ChatterBot Papa round 5
ChatterBot Sierra round 5
ChatterBot India round 5
ChatterBot Hotel round 5
ChatterBot Zulu round 5
ChatterBot Bravo round 5
2024-10-15 01:52:20.844025 Yankee: We should add Papa
2024-10-15 01:52:20.855123 Echo: No
2024-10-15 01:52:20.855377 Golf: No
2024-10-15 01:52:20.855594 Bravo: No
ChatterBot Yankee reevaluating
ChatterBot Yankee reevaluating
ChatterBot Bravo reevaluating
ChatterBot Yankee reevaluating
2024-10-15 01:52:20.893845 Bravo: We should replace Hotel with India
ChatterBot Yankee reevaluating
2024-10-15 01:52:20.903422 Yankee: Yes
2024-10-15 01:52:20.904214 Echo: No
2024-10-15 01:52:20.904374 Golf: No
ChatterBot Bravo reevaluating
ChatterBot Yankee reevaluating
ChatterBot Bravo reevaluating
ChatterBot Yankee reevaluating
ChatterBot Bravo reevaluating
ChatterBot Lima round 5
ChatterBot Echo round 5
ChatterBot Golf round 5
2024-10-15 01:52:20.943476 Yankee: We should add India
ChatterBot Bravo reevaluating
2024-10-15 01:52:20.949240 Echo: No
2024-10-15 01:52:20.949373 Golf: No
2024-10-15 01:52:20.949481 Bravo: No
ChatterBot Yankee reevaluating
ChatterBot Bravo reevaluating
ChatterBot Yankee reevaluating
ChatterBot Bravo reevaluating
ChatterBot Yankee reevaluating
2024-10-15 01:52:20.976291 Bravo: We should drop Hotel
ChatterBot Yankee reevaluating
2024-10-15 01:52:20.986529 Yankee: Yes
2024-10-15 01:52:20.986742 Echo: Yes
2024-10-15 01:52:20.986921 Golf: Yes
ChatterBot Bravo reevaluating
ChatterBot Yankee reevaluating
ChatterBot Bravo reevaluating
ChatterBot Yankee reevaluating
ChatterBot Bravo reevaluating
2024-10-15 01:52:21.014224 Sierra: Papa, India, Hotel and Zulu, sending you 2
2024-10-15 01:52:21.017878 India: Papa and Hotel, sending you 1
2024-10-15 01:52:21.018663 Papa: Sierra and Lima, sending you 2
2024-10-15 01:52:21.019064 Zulu: Papa, sending you 4
2024-10-15 01:52:21.019716 Hotel: Sierra and India, sending you 1
2024-10-15 01:52:21.021655 Papa: India, sending you 1
2024-10-15 01:52:21.022674 India: Sierra, Zulu and Lima, sending you 2
2024-10-15 01:52:21.023096 Zulu: Sierra, India and Hotel, sending you 3
2024-10-15 01:52:21.023482 Hotel: Zulu, sending you 3
2024-10-15 01:52:21.025050 Papa: Zulu, sending you 3
2024-10-15 01:52:21.026666 Hotel: Lima, sending you 2
2024-10-15 01:52:21.027695 Zulu: Lima, sending you 2
2024-10-15 01:52:21.029662 Echo: Yankee, sending you 2
2024-10-15 01:52:21.029991 Golf: Yankee, sending you 4
2024-10-15 01:52:21.032653 Yankee: Bravo and Golf, sending you 3
2024-10-15 01:52:21.032964 Bravo: Yankee and Golf, sending you 1
2024-10-15 01:52:21.033686 Echo: Golf, sending you 3
2024-10-15 01:52:21.034666 Golf: Bravo, sending you 2
2024-10-15 01:52:21.034989 Lima: Papa, India, Hotel and Zulu, sending you 2
2024-10-15 01:52:21.036660 Yankee: Echo, sending you 4
2024-10-15 01:52:21.039656 Golf: Echo, sending you 7
chatterbot Yankee submitting transactions
chatterbot Sierra submitting transactions
chatterbot Echo submitting transactions
chatterbot Papa submitting transactions
chatterbot India submitting transactions
chatterbot Bravo submitting transactions
chatterbot Golf submitting transactions
chatterbot Zulu submitting transactions
chatterbot Hotel submitting transactions
chatterbot Lima submitting transactions
ChatterBot Yankee round 6
ChatterBot Papa round 6
ChatterBot Sierra round 6
ChatterBot India round 6
2024-10-15 01:52:22.045808 Yankee: We should add Hotel
2024-10-15 01:52:22.051688 Echo: No
2024-10-15 01:52:22.051928 Golf: No
2024-10-15 01:52:22.052093 Bravo: Yes
ChatterBot Yankee reevaluating
ChatterBot Yankee reevaluating
ChatterBot Yankee reevaluating
ChatterBot Hotel round 6
ChatterBot Zulu round 6
ChatterBot Bravo round 6
ChatterBot Lima round 6
ChatterBot Echo round 6
ChatterBot Golf round 6
2024-10-15 01:52:22.091606 Yankee: Hotel we want you to join our group
2024-10-15 01:52:22.093456 Hotel: No
ChatterBot Bravo reevaluating
ChatterBot Yankee reevaluating
2024-10-15 01:52:22.115700 India: Papa and Hotel, sending you 1
2024-10-15 01:52:22.116661 Sierra: Papa, India, Hotel and Zulu, sending you 2
2024-10-15 01:52:22.119685 India: Sierra, Zulu and Lima, sending you 2
2024-10-15 01:52:22.125677 Zulu: Papa, sending you 4
2024-10-15 01:52:22.128674 Hotel: Sierra and India, sending you 1
2024-10-15 01:52:22.130681 Zulu: Sierra, India and Hotel, sending you 3
2024-10-15 01:52:22.132693 Hotel: Zulu, sending you 3
2024-10-15 01:52:22.134221 Lima: Papa, India, Hotel and Zulu, sending you 2
2024-10-15 01:52:22.135016 Golf: Yankee, sending you 4
2024-10-15 01:52:22.135709 Echo: Yankee, sending you 2
2024-10-15 01:52:22.136136 Papa: Sierra and Lima, sending you 2
2024-10-15 01:52:22.136634 Zulu: Lima, sending you 2
2024-10-15 01:52:22.139866 Hotel: Lima, sending you 2
2024-10-15 01:52:22.140483 Yankee: Bravo and Golf, sending you 3
2024-10-15 01:52:22.141026 Echo: Golf, sending you 3
2024-10-15 01:52:22.141412 Papa: India, sending you 1
2024-10-15 01:52:22.141810 Bravo: Yankee and Golf, sending you 1
2024-10-15 01:52:22.142176 Golf: Bravo, sending you 2
2024-10-15 01:52:22.145276 Yankee: Echo, sending you 5
2024-10-15 01:52:22.146691 Papa: Zulu, sending you 3
2024-10-15 01:52:22.147661 Golf: Echo, sending you 7
chatterbot Lima submitting transactions
chatterbot Zulu submitting transactions
chatterbot Papa submitting transactions
chatterbot Golf submitting transactions
chatterbot India submitting transactions
chatterbot Sierra submitting transactions
chatterbot Yankee submitting transactions
chatterbot Hotel submitting transactions
chatterbot Echo submitting transactions
chatterbot Bravo submitting transactions
ChatterBot Yankee round 7
ChatterBot Papa round 7
ChatterBot Sierra round 7
ChatterBot India round 7
ChatterBot Hotel round 7
ChatterBot Zulu round 7
ChatterBot Bravo round 7
ChatterBot Lima round 7
ChatterBot Echo round 7
ChatterBot Golf round 7
2024-10-15 01:52:23.157711 Papa: Sierra and Lima, sending you 2
2024-10-15 01:52:23.161673 Papa: India, sending you 1
2024-10-15 01:52:23.166673 Papa: Zulu, sending you 3
2024-10-15 01:52:23.168673 Sierra: Sending you each 1
2024-10-15 01:52:23.169184 India: Papa and Hotel, sending you 1
2024-10-15 01:52:23.169640 Echo: Yankee, sending you 2
2024-10-15 01:52:23.170689 Yankee: Bravo and Golf, sending you 3
2024-10-15 01:52:23.171471 Hotel: Sierra and India, sending you 1
2024-10-15 01:52:23.172668 Bravo: Yankee and Golf, sending you 1
2024-10-15 01:52:23.173664 Echo: Golf, sending you 3
2024-10-15 01:52:23.174050 Lima: Papa, India, Hotel and Zulu, sending you 2
2024-10-15 01:52:23.175001 India: Sierra, Zulu and Lima, sending you 2
2024-10-15 01:52:23.175505 Zulu: Papa, sending you 4
2024-10-15 01:52:23.175964 Yankee: Echo, sending you 5
2024-10-15 01:52:23.176337 Hotel: Zulu, sending you 3
2024-10-15 01:52:23.176835 Golf: Yankee, sending you 4
2024-10-15 01:52:23.179682 Golf: Bravo, sending you 2
2024-10-15 01:52:23.180663 Zulu: Sierra, sending you 2
2024-10-15 01:52:23.181674 Hotel: Lima, sending you 2
2024-10-15 01:52:23.182672 Golf: Echo, sending you 7
2024-10-15 01:52:23.184657 Zulu: India, Hotel and Lima, sending you 3
chatterbot Lima submitting transactions
chatterbot Yankee submitting transactions
chatterbot Sierra submitting transactions
chatterbot Bravo submitting transactions
chatterbot Zulu submitting transactions
chatterbot Echo submitting transactions
chatterbot Hotel submitting transactions
chatterbot Papa submitting transactions
chatterbot Golf submitting transactions
chatterbot India submitting transactions
ChatterBot Yankee round 8
ChatterBot Papa round 8
ChatterBot Sierra round 8
ChatterBot India round 8
ChatterBot Hotel round 8
ChatterBot Zulu round 8
ChatterBot Bravo round 8
ChatterBot Lima round 8
ChatterBot Echo round 8
ChatterBot Golf round 8
2024-10-15 01:52:24.459656 Echo: Yankee, sending you 1
2024-10-15 01:52:24.460687 Hotel: Sierra and India, sending you 1
2024-10-15 01:52:24.462702 Sierra: Papa, India, Hotel and Zulu, sending you 2
2024-10-15 01:52:24.463525 Echo: Golf, sending you 2
2024-10-15 01:52:24.463987 Echo: I was attacked by Sierra
ChatterBot Yankee reevaluating
ChatterBot Golf reevaluating
ChatterBot Bravo reevaluating
2024-10-15 01:52:24.472627 Echo: Ow
2024-10-15 01:52:24.473324 Zulu: Papa, sending you 4
2024-10-15 01:52:24.474404 Hotel: Zulu, sending you 3
2024-10-15 01:52:24.475049 Lima: Papa, India, Hotel and Zulu, sending you 2
2024-10-15 01:52:24.475622 India: Papa and Hotel, sending you 1
2024-10-15 01:52:24.477210 Papa: Sierra and Lima, sending you 2
2024-10-15 01:52:24.477829 Zulu: Sierra, sending you 2
2024-10-15 01:52:24.478476 Hotel: Lima, sending you 2
2024-10-15 01:52:24.479652 India: Sierra, Zulu and Lima, sending you 2
2024-10-15 01:52:24.481678 Papa: India, sending you 1
2024-10-15 01:52:24.482964 Zulu: India, Hotel and Lima, sending you 3
2024-10-15 01:52:24.487688 Papa: Zulu, sending you 3
2024-10-15 01:52:24.496667 Golf: Yankee, sending you 4
2024-10-15 01:52:24.500694 Golf: Bravo, sending you 2
2024-10-15 01:52:24.504966 Golf: Echo, sending you 7
chatterbot Sierra submitting transactions
chatterbot Zulu submitting transactions
chatterbot Echo submitting transactions
chatterbot India submitting transactions
chatterbot Golf submitting transactions
chatterbot Yankee submitting transactions
chatterbot Hotel submitting transactions
chatterbot Papa submitting transactions
chatterbot Lima submitting transactions
chatterbot Bravo submitting transactions
ChatterBot Yankee round 9
ChatterBot Papa round 9
ChatterBot Sierra round 9
ChatterBot India round 9
ChatterBot Hotel round 9
ChatterBot Zulu round 9
ChatterBot Bravo round 9
ChatterBot Lima round 9
ChatterBot Echo round 9
ChatterBot Golf round 9
2024-10-15 01:52:25.564687 Papa: Sierra and Lima, sending you 2
2024-10-15 01:52:25.569676 Hotel: Sierra and India, sending you 1
2024-10-15 01:52:25.570571 Papa: India, sending you 1
2024-10-15 01:52:25.572920 Hotel: Zulu, sending you 3
2024-10-15 01:52:25.574670 Sierra: Papa, India, Hotel and Zulu, sending you 2
2024-10-15 01:52:25.575678 Papa: Zulu, sending you 3
2024-10-15 01:52:25.576309 Zulu: Papa, sending you 4
2024-10-15 01:52:25.577323 Bravo: Yankee and Golf, sending you 1
2024-10-15 01:52:25.577757 Hotel: Lima, sending you 2
2024-10-15 01:52:25.578304 Golf: Yankee, sending you 4
2024-10-15 01:52:25.580672 Zulu: Sierra, sending you 2
2024-10-15 01:52:25.581617 India: Papa and Hotel, sending you 1
2024-10-15 01:52:25.582209 Golf: Bravo, sending you 2
2024-10-15 01:52:25.585142 Echo: Yankee and Golf, sending you 2
2024-10-15 01:52:25.585689 Zulu: India, Hotel and Lima, sending you 3
2024-10-15 01:52:25.586430 Lima: Papa, India, Hotel and Zulu, sending you 2
2024-10-15 01:52:25.587122 India: Sierra, Zulu and Lima, sending you 2
2024-10-15 01:52:25.587731 Golf: Echo, sending you 7
chatterbot Golf submitting transactions
chatterbot Zulu submitting transactions
chatterbot Lima submitting transactions
chatterbot Bravo submitting transactions
chatterbot India submitting transactions
chatterbot Yankee submitting transactions
chatterbot Echo submitting transactions
chatterbot Hotel submitting transactions
chatterbot Sierra submitting transactions
chatterbot Papa submitting transactions
ChatterBot Yankee round 10
ChatterBot Papa round 10
ChatterBot Sierra round 10
ChatterBot India round 10
ChatterBot Hotel round 10
ChatterBot Zulu round 10
ChatterBot Bravo round 10
ChatterBot Lima round 10
ChatterBot Echo round 10
ChatterBot Golf round 10
2024-10-15 01:52:26.522221 Bravo: We should replace Hotel with India
ChatterBot Yankee reevaluating
2024-10-15 01:52:26.528779 Yankee: Yes
2024-10-15 01:52:26.528949 Echo: No
2024-10-15 01:52:26.529079 Golf: No
ChatterBot Bravo reevaluating
ChatterBot Yankee reevaluating
ChatterBot Bravo reevaluating
ChatterBot Yankee reevaluating
ChatterBot Bravo reevaluating
2024-10-15 01:52:26.556976 Sierra: Papa, India, Hotel and Zulu, sending you 2
2024-10-15 01:52:26.562670 Papa: Sierra and Lima, sending you 2
2024-10-15 01:52:26.564728 Hotel: Sierra and India, sending you 1
2024-10-15 01:52:26.566664 Golf: Yankee, sending you 4
2024-10-15 01:52:26.568155 Papa: India, sending you 1
2024-10-15 01:52:26.568707 Hotel: Zulu, sending you 3
2024-10-15 01:52:26.569664 Golf: Bravo, sending you 2
2024-10-15 01:52:26.571693 India: Papa and Hotel, sending you 1
2024-10-15 01:52:26.572662 Hotel: Lima, sending you 2
2024-10-15 01:52:26.573710 Papa: Zulu, sending you 3
2024-10-15 01:52:26.575091 Lima: Papa, India, Hotel and Zulu, sending you 2
2024-10-15 01:52:26.576024 Golf: Echo, sending you 7
2024-10-15 01:52:26.576649 Zulu: Papa, sending you 4
2024-10-15 01:52:26.577974 India: Sierra, Zulu and Lima, sending you 2
2024-10-15 01:52:26.578930 Echo: Yankee and Golf, sending you 2
2024-10-15 01:52:26.581678 Bravo: Yankee and Golf, sending you 1
2024-10-15 01:52:26.582708 Zulu: Sierra, sending you 2
2024-10-15 01:52:26.586767 Zulu: India, Hotel and Lima, sending you 3
chatterbot Echo submitting transactions
chatterbot Zulu submitting transactions
chatterbot Golf submitting transactions
chatterbot India submitting transactions
chatterbot Bravo submitting transactions
chatterbot Yankee submitting transactions
chatterbot Lima submitting transactions
chatterbot Hotel submitting transactions
chatterbot Papa submitting transactions
chatterbot Sierra submitting transactions
ChatterBot Yankee round 11
ChatterBot Papa round 11
ChatterBot Sierra round 11
ChatterBot India round 11
ChatterBot Hotel round 11
ChatterBot Zulu round 11
ChatterBot Bravo round 11
ChatterBot Lima round 11
ChatterBot Echo round 11
ChatterBot Golf round 11
2024-10-15 01:52:27.716708 Echo: Yankee and Golf, sending you 2
2024-10-15 01:52:27.719701 Bravo: Yankee and Golf, sending you 1
2024-10-15 01:52:27.720807 India: Papa and Hotel, sending you 1
2024-10-15 01:52:27.721711 Papa: Sierra and Lima, sending you 2
2024-10-15 01:52:27.722729 Sierra: Papa, India, Hotel and Zulu, sending you 2
2024-10-15 01:52:27.724679 Golf: Yankee, sending you 4
2024-10-15 01:52:27.725209 India: Sierra, Zulu and Lima, sending you 2
2024-10-15 01:52:27.726020 Hotel: Sierra and India, sending you 1
2024-10-15 01:52:27.726771 Papa: India, sending you 1
2024-10-15 01:52:27.728346 Golf: Bravo, sending you 2
2024-10-15 01:52:27.728917 Lima: Papa, India, Hotel and Zulu, sending you 2
2024-10-15 01:52:27.729806 Hotel: Zulu, sending you 3
2024-10-15 01:52:27.731678 Papa: Zulu, sending you 3
2024-10-15 01:52:27.733680 Golf: Echo, sending you 7
2024-10-15 01:52:27.734645 Zulu: Sending you each 3
2024-10-15 01:52:27.735214 Hotel: Lima, sending you 2
chatterbot Yankee submitting transactions
chatterbot Lima submitting transactions
chatterbot Bravo submitting transactions
chatterbot Hotel submitting transactions
chatterbot Sierra submitting transactions
chatterbot Zulu submitting transactions
chatterbot India submitting transactions
chatterbot Golf submitting transactions
chatterbot Papa submitting transactions
chatterbot Echo submitting transactions
ChatterBot Yankee round 12
ChatterBot Papa round 12
2024-10-15 01:52:28.925064 Yankee: We should add Zulu
2024-10-15 01:52:28.933974 Echo: No
2024-10-15 01:52:28.934180 Golf: No
2024-10-15 01:52:28.934341 Bravo: No
ChatterBot Yankee reevaluating
ChatterBot Yankee reevaluating
ChatterBot Yankee reevaluating
ChatterBot Sierra round 12
ChatterBot India round 12
ChatterBot Hotel round 12
ChatterBot Zulu round 12
ChatterBot Bravo round 12
ChatterBot Lima round 12
ChatterBot Echo round 12
ChatterBot Golf round 12
2024-10-15 01:52:28.969255 Yankee: We should add India
ChatterBot Bravo reevaluating
2024-10-15 01:52:28.980359 Echo: No
2024-10-15 01:52:28.980536 Golf: No
2024-10-15 01:52:28.980720 Bravo: No
ChatterBot Yankee reevaluating
ChatterBot Bravo reevaluating
ChatterBot Yankee reevaluating
ChatterBot Bravo reevaluating
ChatterBot Yankee reevaluating
2024-10-15 01:52:29.011958 Bravo: We should replace Hotel with Sierra
ChatterBot Yankee reevaluating
2024-10-15 01:52:29.018270 Yankee: No
2024-10-15 01:52:29.018397 Echo: No
2024-10-15 01:52:29.018507 Golf: No
ChatterBot Bravo reevaluating
ChatterBot Yankee reevaluating
ChatterBot Bravo reevaluating
ChatterBot Yankee reevaluating
ChatterBot Bravo reevaluating
2024-10-15 01:52:29.068853 Papa: Sierra and Lima, sending you 2
2024-10-15 01:52:29.070665 Zulu: Same as last round
2024-10-15 01:52:29.072232 India: Papa and Hotel, sending you 1
2024-10-15 01:52:29.073672 Papa: India, sending you 1
2024-10-15 01:52:29.075990 Echo: Yankee and Golf, sending you 2
2024-10-15 01:52:29.076578 Sierra: Papa, India, Hotel and Zulu, sending you 2
2024-10-15 01:52:29.077345 Papa: Zulu, sending you 3
2024-10-15 01:52:29.078003 India: Sierra, Zulu and Lima, sending you 2
2024-10-15 01:52:29.083193 Bravo: Yankee and Golf, sending you 1
2024-10-15 01:52:29.085659 Golf: Yankee, sending you 4
2024-10-15 01:52:29.087245 Hotel: Sierra, Zulu and Lima, sending you 2
2024-10-15 01:52:29.089663 Golf: Bravo, sending you 2
2024-10-15 01:52:29.091697 Hotel: India, sending you 1
2024-10-15 01:52:29.096305 Golf: Echo, sending you 7
chatterbot Sierra submitting transactions
chatterbot Yankee submitting transactions
chatterbot India submitting transactions
chatterbot Bravo submitting transactions
chatterbot Golf submitting transactions
chatterbot Papa submitting transactions
chatterbot Zulu submitting transactions
chatterbot Echo submitting transactions
chatterbot Lima submitting transactions
chatterbot Hotel submitting transactions
ChatterBot Yankee round 13
ChatterBot Papa round 13
ChatterBot Sierra round 13
ChatterBot India round 13
ChatterBot Hotel round 13
ChatterBot Zulu round 13
ChatterBot Bravo round 13
ChatterBot Lima round 13
ChatterBot Echo round 13
ChatterBot Golf round 13
2024-10-15 01:52:30.298247 Bravo: We should replace Hotel with India
ChatterBot Yankee reevaluating
2024-10-15 01:52:30.312056 Yankee: Yes
2024-10-15 01:52:30.312317 Echo: No
2024-10-15 01:52:30.313573 Golf: No
ChatterBot Golf reevaluating
ChatterBot Bravo reevaluating
ChatterBot Yankee reevaluating
ChatterBot Golf reevaluating
ChatterBot Bravo reevaluating
ChatterBot Yankee reevaluating
ChatterBot Bravo reevaluating
2024-10-15 01:52:30.368399 Golf: We should add India
ChatterBot Yankee reevaluating
ChatterBot Echo reevaluating
ChatterBot Bravo reevaluating
2024-10-15 01:52:30.380189 Yankee: Yes
2024-10-15 01:52:30.380332 Echo: Yes
2024-10-15 01:52:30.380455 Bravo: No
ChatterBot Echo reevaluating
ChatterBot Golf reevaluating
ChatterBot Bravo reevaluating
ChatterBot Yankee reevaluating
ChatterBot Golf reevaluating
ChatterBot Bravo reevaluating
ChatterBot Yankee reevaluating
ChatterBot Echo reevaluating
ChatterBot Golf reevaluating
2024-10-15 01:52:30.421513 Papa: Sierra and Lima, sending you 2
2024-10-15 01:52:30.423745 Sierra: Papa, India, Hotel and Zulu, sending you 2
2024-10-15 01:52:30.425860 Bravo: India we want you to join our group
2024-10-15 01:52:30.430301 India: No
ChatterBot Bravo reevaluating
ChatterBot Yankee reevaluating
ChatterBot Echo reevaluating
ChatterBot Golf reevaluating
2024-10-15 01:52:30.447549 Papa: India, sending you 1
2024-10-15 01:52:30.450683 Yankee: India we want you to join our group
2024-10-15 01:52:30.456135 India: No
ChatterBot Yankee reevaluating
ChatterBot Echo reevaluating
ChatterBot Golf reevaluating
2024-10-15 01:52:30.474139 Hotel: Sierra, Zulu and Lima, sending you 2
2024-10-15 01:52:30.475841 Zulu: Papa, sending you 4
2024-10-15 01:52:30.477148 Papa: Zulu, sending you 3
2024-10-15 01:52:30.477878 India: Papa and Hotel, sending you 1
2024-10-15 01:52:30.479696 Hotel: India, sending you 1
2024-10-15 01:52:30.481677 Zulu: Sierra, India and Hotel, sending you 3
2024-10-15 01:52:30.482894 India: Sierra, Zulu and Lima, sending you 2
2024-10-15 01:52:30.485290 Zulu: Lima, sending you 2
2024-10-15 01:52:30.486272 Golf: India we want you to join our group
2024-10-15 01:52:30.490486 India: No
ChatterBot Yankee reevaluating
ChatterBot Echo reevaluating
ChatterBot Golf reevaluating
2024-10-15 01:52:30.512692 Bravo: Yankee and Golf, sending you 1
chatterbot Papa submitting transactions
2024-10-15 01:52:30.531691 Echo: Yankee and Golf, sending you 2
chatterbot Zulu submitting transactions
chatterbot Hotel submitting transactions
chatterbot India submitting transactions
chatterbot Yankee submitting transactions
chatterbot Lima submitting transactions
chatterbot Echo submitting transactions
chatterbot Bravo submitting transactions
chatterbot Sierra submitting transactions
chatterbot Golf submitting transactions
ChatterBot Yankee round 14
ChatterBot Papa round 14
ChatterBot Sierra round 14
ChatterBot India round 14
ChatterBot Hotel round 14
ChatterBot Zulu round 14
ChatterBot Bravo round 14
ChatterBot Lima round 14
ChatterBot Echo round 14
ChatterBot Golf round 14
2024-10-15 01:52:31.583389 Bravo: We should replace India with Hotel
ChatterBot Yankee reevaluating
2024-10-15 01:52:31.596877 Yankee: No
2024-10-15 01:52:31.597088 Echo: No
2024-10-15 01:52:31.597270 Golf: No
ChatterBot Golf reevaluating
ChatterBot Bravo reevaluating
ChatterBot Yankee reevaluating
ChatterBot Golf reevaluating
ChatterBot Bravo reevaluating
ChatterBot Yankee reevaluating
ChatterBot Bravo reevaluating
2024-10-15 01:52:31.652685 Lima: Papa, India, Hotel and Zulu, sending you 2
2024-10-15 01:52:31.654301 Echo: Yankee and Golf, sending you 2
2024-10-15 01:52:31.654999 Golf: I was attacked by Lima
ChatterBot Yankee reevaluating
ChatterBot Echo reevaluating
ChatterBot Bravo reevaluating
2024-10-15 01:52:31.665326 Golf: I'm keeping this round to protect myself
2024-10-15 01:52:31.666236 Golf: Ow
2024-10-15 01:52:31.667181 Bravo: We should replace India with Papa
ChatterBot Yankee reevaluating
ChatterBot Echo reevaluating
2024-10-15 01:52:31.677515 Yankee: No
2024-10-15 01:52:31.677690 Echo: No
2024-10-15 01:52:31.677827 Golf: No
ChatterBot Echo reevaluating
ChatterBot Bravo reevaluating
ChatterBot Yankee reevaluating
ChatterBot Golf reevaluating
ChatterBot Bravo reevaluating
ChatterBot Yankee reevaluating
ChatterBot Echo reevaluating
ChatterBot Bravo reevaluating
2024-10-15 01:52:31.704623 Golf: We should add Hotel
ChatterBot Yankee reevaluating
ChatterBot Echo reevaluating
ChatterBot Bravo reevaluating
2024-10-15 01:52:31.711850 Yankee: No
2024-10-15 01:52:31.711977 Echo: Yes
2024-10-15 01:52:31.712091 Bravo: Yes
ChatterBot Echo reevaluating
ChatterBot Golf reevaluating
ChatterBot Bravo reevaluating
ChatterBot Yankee reevaluating
ChatterBot Golf reevaluating
ChatterBot Bravo reevaluating
ChatterBot Yankee reevaluating
ChatterBot Echo reevaluating
ChatterBot Golf reevaluating
2024-10-15 01:52:31.734192 Papa: Sierra, sending you 2
2024-10-15 01:52:31.735171 Zulu: Papa, sending you 4
2024-10-15 01:52:31.735757 Sierra: Papa, India, Hotel and Zulu, sending you 2
2024-10-15 01:52:31.736801 Golf: We should add Papa
ChatterBot Yankee reevaluating
ChatterBot Echo reevaluating
ChatterBot Bravo reevaluating
2024-10-15 01:52:31.744085 Yankee: No
2024-10-15 01:52:31.744215 Echo: Yes
2024-10-15 01:52:31.744323 Bravo: No
ChatterBot Echo reevaluating
ChatterBot Golf reevaluating
ChatterBot Bravo reevaluating
ChatterBot Yankee reevaluating
ChatterBot Golf reevaluating
ChatterBot Bravo reevaluating
ChatterBot Yankee reevaluating
ChatterBot Echo reevaluating
ChatterBot Golf reevaluating
2024-10-15 01:52:31.769063 Papa: India and Lima, sending you 1
2024-10-15 01:52:31.769753 Hotel: Sierra, sending you 2
2024-10-15 01:52:31.770290 Zulu: Sierra, India and Hotel, sending you 3
2024-10-15 01:52:31.771337 India: Papa, Hotel and Lima, sending you 1
2024-10-15 01:52:31.773680 Hotel: India and Lima, sending you 1
2024-10-15 01:52:31.774677 Zulu: Lima, sending you 2
2024-10-15 01:52:31.776302 Papa: Zulu, sending you 4
2024-10-15 01:52:31.777053 India: Sierra, sending you 2
2024-10-15 01:52:31.778686 Hotel: Zulu, sending you 3
2024-10-15 01:52:31.781705 India: Zulu, sending you 3
chatterbot Sierra submitting transactions
chatterbot Lima submitting transactions
chatterbot Zulu submitting transactions
chatterbot Hotel submitting transactions
chatterbot Papa submitting transactions
chatterbot Bravo submitting transactions
chatterbot Yankee submitting transactions
chatterbot India submitting transactions
chatterbot Echo submitting transactions
chatterbot Golf submitting transactions
ChatterBot Yankee round 15
ChatterBot Papa round 15
ChatterBot Sierra round 15
ChatterBot India round 15
ChatterBot Hotel round 15
ChatterBot Zulu round 15
ChatterBot Bravo round 15
2024-10-15 01:52:32.875330 Yankee: We should add Hotel
ChatterBot Echo reevaluating
ChatterBot Golf reevaluating
ChatterBot Bravo reevaluating
2024-10-15 01:52:32.892446 Echo: Yes
2024-10-15 01:52:32.892666 Golf: Yes
2024-10-15 01:52:32.892855 Bravo: Yes
ChatterBot Yankee reevaluating
ChatterBot Golf reevaluating
ChatterBot Bravo reevaluating
ChatterBot Yankee reevaluating
ChatterBot Echo reevaluating
ChatterBot Bravo reevaluating
ChatterBot Yankee reevaluating
ChatterBot Echo reevaluating
ChatterBot Golf reevaluating
ChatterBot Lima round 15
ChatterBot Echo round 15
ChatterBot Golf round 15
2024-10-15 01:52:32.954071 Yankee: We should add India
ChatterBot Echo reevaluating
ChatterBot Golf reevaluating
ChatterBot Bravo reevaluating
2024-10-15 01:52:32.971349 Echo: No
2024-10-15 01:52:32.972038 Golf: No
2024-10-15 01:52:32.972236 Bravo: No
ChatterBot Yankee reevaluating
ChatterBot Golf reevaluating
ChatterBot Bravo reevaluating
ChatterBot Yankee reevaluating
ChatterBot Echo reevaluating
ChatterBot Bravo reevaluating
ChatterBot Yankee reevaluating
ChatterBot Echo reevaluating
ChatterBot Golf reevaluating
2024-10-15 01:52:33.029568 Golf: We should add Hotel
ChatterBot Yankee reevaluating
ChatterBot Echo reevaluating
ChatterBot Bravo reevaluating
2024-10-15 01:52:33.045836 Yankee: Yes
2024-10-15 01:52:33.046025 Echo: Yes
2024-10-15 01:52:33.046194 Bravo: Yes
ChatterBot Echo reevaluating
ChatterBot Golf reevaluating
ChatterBot Bravo reevaluating
ChatterBot Yankee reevaluating
ChatterBot Golf reevaluating
ChatterBot Bravo reevaluating
ChatterBot Yankee reevaluating
ChatterBot Echo reevaluating
ChatterBot Golf reevaluating
2024-10-15 01:52:33.109732 Lima: We should drop Sierra
ChatterBot Papa reevaluating
ChatterBot India reevaluating
2024-10-15 01:52:33.121993 Papa: No
2024-10-15 01:52:33.122171 India: No
2024-10-15 01:52:33.122284 Hotel: No
2024-10-15 01:52:33.122389 Zulu: No
ChatterBot India reevaluating
ChatterBot Lima reevaluating
ChatterBot Papa reevaluating
ChatterBot Lima reevaluating
ChatterBot Papa reevaluating
ChatterBot India reevaluating
ChatterBot Lima reevaluating
ChatterBot Papa reevaluating
ChatterBot India reevaluating
2024-10-15 01:52:33.171169 Golf: Hotel we want you to join our group
2024-10-15 01:52:33.174705 Hotel: No
ChatterBot Bravo reevaluating
ChatterBot Yankee reevaluating
2024-10-15 01:52:33.185945 Bravo: We should replace Hotel with Papa
ChatterBot Yankee reevaluating
ChatterBot Echo reevaluating
ChatterBot Golf reevaluating
2024-10-15 01:52:33.195134 Yankee: No
2024-10-15 01:52:33.195264 Echo: No
2024-10-15 01:52:33.195392 Golf: No
ChatterBot Echo reevaluating
ChatterBot Golf reevaluating
ChatterBot Bravo reevaluating
ChatterBot Yankee reevaluating
ChatterBot Golf reevaluating
ChatterBot Bravo reevaluating
ChatterBot Yankee reevaluating
ChatterBot Echo reevaluating
ChatterBot Bravo reevaluating
2024-10-15 01:52:33.221286 Hotel: Sierra, Zulu and Lima, sending you 2
2024-10-15 01:52:33.222403 Sierra: Papa, India, Hotel and Zulu, sending you 2
2024-10-15 01:52:33.223368 Zulu: Papa, sending you 4
2024-10-15 01:52:33.224748 Papa: We should drop Lima
ChatterBot Sierra reevaluating
ChatterBot India reevaluating
ChatterBot Zulu reevaluating
2024-10-15 01:52:33.235285 Sierra: Yes
2024-10-15 01:52:33.235377 India: Yes
2024-10-15 01:52:33.235475 Hotel: No
2024-10-15 01:52:33.235564 Zulu: Yes
ChatterBot Papa reevaluating
ChatterBot India reevaluating
ChatterBot Hotel reevaluating
ChatterBot Zulu reevaluating
ChatterBot Papa reevaluating
ChatterBot Sierra reevaluating
ChatterBot Hotel reevaluating
ChatterBot Zulu reevaluating
ChatterBot Papa reevaluating
ChatterBot Sierra reevaluating
ChatterBot India reevaluating
ChatterBot Zulu reevaluating
ChatterBot Papa reevaluating
ChatterBot Sierra reevaluating
ChatterBot India reevaluating
ChatterBot Hotel reevaluating
2024-10-15 01:52:33.282704 Yankee: Hotel we want you to join our group
2024-10-15 01:52:33.288197 Hotel: No
ChatterBot Yankee reevaluating
ChatterBot Golf reevaluating
chatterbot Sierra submitting transactions
2024-10-15 01:52:33.309132 Hotel: Sorry, I'm actually sending you 0
2024-10-15 01:52:33.313046 Echo: Yankee and Golf, sending you 2
2024-10-15 01:52:33.314050 Lima: Papa, India, Hotel and Zulu, sending you 2
2024-10-15 01:52:33.315024 Bravo: Yankee and Golf, sending you 1
2024-10-15 01:52:33.321662 Hotel: Zulu, sending you 4
2024-10-15 01:52:33.329699 India: Papa and Hotel, sending you 1
2024-10-15 01:52:33.333655 India: Sierra, sending you 2
2024-10-15 01:52:33.337680 India: Zulu, sending you 4
chatterbot Zulu submitting transactions
chatterbot Papa submitting transactions
chatterbot Hotel submitting transactions
chatterbot Golf submitting transactions
chatterbot Sierra submitting transactions
chatterbot Echo submitting transactions
chatterbot Lima submitting transactions
chatterbot Zulu submitting transactions
chatterbot Hotel submitting transactions
chatterbot Bravo submitting transactions
chatterbot India submitting transactions
