ChatterBot Delta round 1
ChatterBot Foxtrot round 1
ChatterBot Yankee round 1
ChatterBot November round 1
ChatterBot Oscar round 1
ChatterBot Whiskey round 1
ChatterBot Victor round 1
ChatterBot Uniform round 1
ChatterBot Mike round 1
ChatterBot Tango round 1
randomSelections Delta: {Delta, Tango, Yankee, November, Mike, Oscar, Uniform} 
2024-10-15 01:52:14.535854 Delta: Friends?
ChatterBot Tango reevaluating
ChatterBot Yankee reevaluating
ChatterBot November reevaluating
ChatterBot Mike reevaluating
ChatterBot Oscar reevaluating
ChatterBot Uniform reevaluating
2024-10-15 01:52:14.557471 Tango: Yes
2024-10-15 01:52:14.557659 Yankee: Yes
2024-10-15 01:52:14.557848 November: Yes
2024-10-15 01:52:14.558701 Mike: Yes
2024-10-15 01:52:14.558868 Oscar: Yes
2024-10-15 01:52:14.559094 Uniform: Yes
ChatterBot Yankee reevaluating
ChatterBot November reevaluating
ChatterBot Mike reevaluating
ChatterBot Oscar reevaluating
ChatterBot Uniform reevaluating
ChatterBot Tango reevaluating
ChatterBot November reevaluating
ChatterBot Mike reevaluating
ChatterBot Oscar reevaluating
ChatterBot Uniform reevaluating
ChatterBot Tango reevaluating
ChatterBot Yankee reevaluating
ChatterBot Mike reevaluating
ChatterBot Oscar reevaluating
ChatterBot Uniform reevaluating
ChatterBot Tango reevaluating
ChatterBot Yankee reevaluating
ChatterBot November reevaluating
ChatterBot Oscar reevaluating
ChatterBot Uniform reevaluating
ChatterBot Tango reevaluating
ChatterBot Yankee reevaluating
ChatterBot November reevaluating
ChatterBot Mike reevaluating
ChatterBot Uniform reevaluating
ChatterBot Tango reevaluating
ChatterBot Yankee reevaluating
ChatterBot November reevaluating
ChatterBot Mike reevaluating
ChatterBot Oscar reevaluating
randomSelections Whiskey: {Whiskey, Foxtrot, Mike, Delta, Victor, Yankee, Oscar} 
2024-10-15 01:52:14.667235 Whiskey: Group up?
ChatterBot Foxtrot reevaluating
ChatterBot Mike reevaluating
ChatterBot Victor reevaluating
ChatterBot Yankee reevaluating
ChatterBot Oscar reevaluating
2024-10-15 01:52:14.684865 Foxtrot: Yes
2024-10-15 01:52:14.685207 Mike: No
2024-10-15 01:52:14.686034 Delta: No
2024-10-15 01:52:14.686261 Victor: Yes
2024-10-15 01:52:14.686461 Yankee: No
2024-10-15 01:52:14.686732 Oscar: No
ChatterBot Mike reevaluating
ChatterBot Victor reevaluating
ChatterBot Yankee reevaluating
ChatterBot Oscar reevaluating
ChatterBot Foxtrot reevaluating
ChatterBot Victor reevaluating
ChatterBot Yankee reevaluating
ChatterBot Oscar reevaluating
ChatterBot Foxtrot reevaluating
ChatterBot Mike reevaluating
ChatterBot Victor reevaluating
ChatterBot Yankee reevaluating
ChatterBot Oscar reevaluating
ChatterBot Foxtrot reevaluating
ChatterBot Mike reevaluating
ChatterBot Yankee reevaluating
ChatterBot Oscar reevaluating
ChatterBot Foxtrot reevaluating
ChatterBot Mike reevaluating
ChatterBot Victor reevaluating
ChatterBot Oscar reevaluating
ChatterBot Foxtrot reevaluating
ChatterBot Mike reevaluating
ChatterBot Victor reevaluating
ChatterBot Yankee reevaluating
2024-10-15 01:52:14.791214 Delta: Yankee, November, Oscar, Uniform, Mike and Tango, sending you 1
2024-10-15 01:52:14.791716 Whiskey: Delta, Victor and Mike, sending you 1
2024-10-15 01:52:14.792067 Mike: Delta, November, Uniform and Tango, sending you 2
2024-10-15 01:52:14.800759 Whiskey: Foxtrot, sending you 3
2024-10-15 01:52:14.801178 Yankee: Delta, sending you 3
2024-10-15 01:52:14.801535 Oscar: Delta, sending you 4
2024-10-15 01:52:14.802006 November: Delta, sending you 5
2024-10-15 01:52:14.803604 Tango: Delta, sending you 1
2024-10-15 01:52:14.804016 Foxtrot: Delta and Victor, sending you 4
2024-10-15 01:52:14.804399 Uniform: Delta, Mike and Tango, sending you 2
2024-10-15 01:52:14.804774 Victor: Delta, Yankee and Whiskey, sending you 4
2024-10-15 01:52:14.810720 Yankee: November and Tango, sending you 1
2024-10-15 01:52:14.811128 Whiskey: Yankee, sending you 2
2024-10-15 01:52:14.811625 Oscar: Yankee, sending you 3
2024-10-15 01:52:14.813802 November: Yankee, Oscar and Uniform, sending you 1
2024-10-15 01:52:14.814208 Foxtrot: Yankee and Oscar, sending you 2
2024-10-15 01:52:14.814769 Tango: Yankee and Mike, sending you 2
2024-10-15 01:52:14.817202 Uniform: Yankee and November, sending you 1
2024-10-15 01:52:14.817636 Yankee: Uniform and Mike, sending you 2
2024-10-15 01:52:14.818036 Victor: Foxtrot and Oscar, sending you 3
2024-10-15 01:52:14.818456 November: Mike, sending you 2
2024-10-15 01:52:14.824391 Oscar: November, Mike and Tango, sending you 2
2024-10-15 01:52:14.824913 Tango: November, sending you 3
2024-10-15 01:52:14.825391 Victor: Mike, sending you 1
2024-10-15 01:52:14.831874 November: Tango, sending you 4
chatterbot Delta submitting transactions
chatterbot Mike submitting transactions
chatterbot Oscar submitting transactions
chatterbot Tango submitting transactions
chatterbot Victor submitting transactions
chatterbot Whiskey submitting transactions
chatterbot Yankee submitting transactions
chatterbot November submitting transactions
chatterbot Foxtrot submitting transactions
chatterbot Uniform submitting transactions
ChatterBot Delta round 2
ChatterBot Foxtrot round 2
ChatterBot Yankee round 2
ChatterBot November round 2
ChatterBot Oscar round 2
2024-10-15 01:52:15.934379 Yankee: We would work well together
ChatterBot Delta reevaluating
ChatterBot Oscar reevaluating
ChatterBot Foxtrot reevaluating
ChatterBot Whiskey reevaluating
ChatterBot Victor reevaluating
2024-10-15 01:52:15.984900 Delta: No
2024-10-15 01:52:15.985130 Oscar: No
2024-10-15 01:52:15.985296 Foxtrot: No
2024-10-15 01:52:15.985472 Whiskey: No
2024-10-15 01:52:15.985648 Victor: No
ChatterBot Oscar reevaluating
ChatterBot Foxtrot reevaluating
ChatterBot Whiskey reevaluating
ChatterBot Victor reevaluating
ChatterBot Delta reevaluating
ChatterBot Foxtrot reevaluating
ChatterBot Whiskey reevaluating
ChatterBot Victor reevaluating
ChatterBot Delta reevaluating
ChatterBot Oscar reevaluating
ChatterBot Whiskey reevaluating
ChatterBot Victor reevaluating
ChatterBot Delta reevaluating
ChatterBot Oscar reevaluating
ChatterBot Foxtrot reevaluating
ChatterBot Victor reevaluating
ChatterBot Delta reevaluating
ChatterBot Oscar reevaluating
ChatterBot Foxtrot reevaluating
ChatterBot Whiskey reevaluating
ChatterBot Whiskey round 2
ChatterBot Victor round 2
ChatterBot Uniform round 2
ChatterBot Mike round 2
ChatterBot Tango round 2
2024-10-15 01:52:16.375735 November: Delta and Yankee, sending you 2
2024-10-15 01:52:16.376659 Yankee: Foxtrot, Oscar and Whiskey, sending you 2
2024-10-15 01:52:16.376907 Delta: Yankee, November, Oscar, Uniform, Mike and Tango, sending you 1
2024-10-15 01:52:16.489548 Yankee: Victor, sending you 3
2024-10-15 01:52:16.489999 Oscar: Foxtrot, sending you 4
2024-10-15 01:52:16.490265 Foxtrot: Whiskey and Victor, sending you 4
2024-10-15 01:52:16.491 Uniform: Delta and November, sending you 1
2024-10-15 01:52:16.491323 November: Oscar and Mike, sending you 3
2024-10-15 01:52:16.491620 Victor: Foxtrot and Whiskey, sending you 4
2024-10-15 01:52:16.492285 Whiskey: Foxtrot and Yankee, sending you 1
2024-10-15 01:52:16.550810 Oscar: Whiskey, sending you 2
2024-10-15 01:52:16.551623 Uniform: Yankee and Mike, sending you 3
2024-10-15 01:52:16.551970 November: Tango, sending you 4
2024-10-15 01:52:16.552265 Victor: Yankee, sending you 3
2024-10-15 01:52:16.553046 Tango: Delta, Yankee, Oscar, Uniform and Mike, sending you 1
2024-10-15 01:52:16.553355 Mike: Delta, November, Uniform and Tango, sending you 1
2024-10-15 01:52:16.553678 Whiskey: Victor, sending you 3
2024-10-15 01:52:16.553972 Oscar: Victor, sending you 3
2024-10-15 01:52:16.780741 Tango: November, sending you 3
2024-10-15 01:52:16.782051 Mike: Yankee and Oscar, sending you 2
chatterbot Oscar submitting transactions
chatterbot Mike submitting transactions
chatterbot Whiskey submitting transactions
chatterbot Foxtrot submitting transactions
chatterbot Uniform submitting transactions
chatterbot Yankee submitting transactions
chatterbot Tango submitting transactions
chatterbot Victor submitting transactions
chatterbot November submitting transactions
chatterbot Delta submitting transactions
ChatterBot Delta round 3
ChatterBot Foxtrot round 3
ChatterBot Yankee round 3
ChatterBot November round 3
ChatterBot Oscar round 3
ChatterBot Whiskey round 3
ChatterBot Victor round 3
ChatterBot Uniform round 3
2024-10-15 01:52:17.330723 Foxtrot: We should add Oscar
ChatterBot Whiskey reevaluating
ChatterBot Victor reevaluating
ChatterBot Yankee reevaluating
2024-10-15 01:52:17.341860 Whiskey: Yes
2024-10-15 01:52:17.342057 Victor: Yes
2024-10-15 01:52:17.342229 Yankee: Yes
ChatterBot Victor reevaluating
ChatterBot Yankee reevaluating
ChatterBot Whiskey reevaluating
ChatterBot Yankee reevaluating
ChatterBot Whiskey reevaluating
ChatterBot Victor reevaluating
ChatterBot Mike round 3
ChatterBot Tango round 3
2024-10-15 01:52:17.384200 Delta: We should drop Yankee
ChatterBot Uniform reevaluating
ChatterBot Mike reevaluating
ChatterBot Tango reevaluating
2024-10-15 01:52:17.398510 November: Yes
2024-10-15 01:52:17.398668 Uniform: Yes
2024-10-15 01:52:17.398805 Mike: Yes
2024-10-15 01:52:17.398930 Tango: Yes
2024-10-15 01:52:17.399045 Oscar: Yes
ChatterBot Uniform reevaluating
ChatterBot Mike reevaluating
ChatterBot Tango reevaluating
ChatterBot Mike reevaluating
ChatterBot Tango reevaluating
ChatterBot Uniform reevaluating
ChatterBot Tango reevaluating
ChatterBot Uniform reevaluating
ChatterBot Mike reevaluating
ChatterBot Uniform reevaluating
ChatterBot Mike reevaluating
ChatterBot Tango reevaluating
2024-10-15 01:52:17.468270 Foxtrot: Oscar we want you to join our group
2024-10-15 01:52:17.470717 Oscar: No
ChatterBot Yankee reevaluating
ChatterBot Whiskey reevaluating
ChatterBot Victor reevaluating
2024-10-15 01:52:17.488664 Victor: Oscar we want you to join our group
2024-10-15 01:52:17.491536 Oscar: No
ChatterBot Whiskey reevaluating
2024-10-15 01:52:17.503193 Yankee: We should drop Delta
ChatterBot Whiskey reevaluating
2024-10-15 01:52:17.514280 Foxtrot: Yes
2024-10-15 01:52:17.514460 Oscar: No
2024-10-15 01:52:17.514565 Whiskey: Yes
2024-10-15 01:52:17.514696 Victor: Yes
ChatterBot Whiskey reevaluating
ChatterBot Whiskey reevaluating
ChatterBot Whiskey reevaluating
2024-10-15 01:52:17.564237 Uniform: Delta, sending you 2
2024-10-15 01:52:17.564704 Delta: November, Oscar, Uniform, Mike and Tango, sending you 1
2024-10-15 01:52:17.565027 Foxtrot: Yankee, sending you 2
2024-10-15 01:52:17.565336 Oscar: Delta and Mike, sending you 3
2024-10-15 01:52:17.565594 November: Delta, Oscar and Uniform, sending you 2
2024-10-15 01:52:17.569037 Uniform: November, Oscar and Tango, sending you 1
2024-10-15 01:52:17.569692 Foxtrot: Oscar and Victor, sending you 4
2024-10-15 01:52:17.570036 Oscar: November, sending you 4
2024-10-15 01:52:17.570671 November: Mike, sending you 3
2024-10-15 01:52:17.572667 Oscar: Uniform, sending you 1
2024-10-15 01:52:17.573680 Yankee: Foxtrot, sending you 1
2024-10-15 01:52:17.574033 Uniform: Mike, sending you 3
2024-10-15 01:52:17.574359 Foxtrot: Whiskey, sending you 3
2024-10-15 01:52:17.574750 Tango: Delta, Oscar and Uniform, sending you 1
2024-10-15 01:52:17.575667 November: Tango, sending you 5
2024-10-15 01:52:17.576072 Oscar: Tango, sending you 2
2024-10-15 01:52:17.576657 Victor: Sending you each 4
2024-10-15 01:52:17.578067 Tango: November, sending you 3
2024-10-15 01:52:17.578709 Yankee: Oscar and Whiskey, sending you 2
2024-10-15 01:52:17.581678 Tango: Mike, sending you 2
2024-10-15 01:52:17.581993 Yankee: Victor, sending you 4
2024-10-15 01:52:17.582787 Mike: Delta, Oscar and Tango, sending you 1
2024-10-15 01:52:17.586683 Mike: November, sending you 2
2024-10-15 01:52:17.589666 Whiskey: Foxtrot and Yankee, sending you 2
2024-10-15 01:52:17.590985 Mike: Uniform, sending you 3
2024-10-15 01:52:17.594654 Whiskey: Oscar, sending you 1
2024-10-15 01:52:17.599044 Whiskey: Victor, sending you 3
chatterbot Foxtrot submitting transactions
chatterbot November submitting transactions
chatterbot Whiskey submitting transactions
chatterbot Victor submitting transactions
chatterbot Mike submitting transactions
chatterbot Yankee submitting transactions
chatterbot Delta submitting transactions
chatterbot Uniform submitting transactions
chatterbot Oscar submitting transactions
chatterbot Tango submitting transactions
ChatterBot Delta round 4
ChatterBot Foxtrot round 4
ChatterBot Yankee round 4
ChatterBot November round 4
ChatterBot Oscar round 4
ChatterBot Whiskey round 4
ChatterBot Victor round 4
ChatterBot Uniform round 4
ChatterBot Mike round 4
ChatterBot Tango round 4
2024-10-15 01:52:18.720493 Victor: We should drop Oscar
ChatterBot Foxtrot reevaluating
ChatterBot Whiskey reevaluating
ChatterBot Yankee reevaluating
2024-10-15 01:52:18.738246 Foxtrot: Yes
2024-10-15 01:52:18.738981 Whiskey: Yes
2024-10-15 01:52:18.739188 Yankee: Yes
ChatterBot Whiskey reevaluating
ChatterBot Yankee reevaluating
ChatterBot Foxtrot reevaluating
ChatterBot Yankee reevaluating
ChatterBot Foxtrot reevaluating
ChatterBot Whiskey reevaluating
2024-10-15 01:52:18.783667 Delta: Same as last round
2024-10-15 01:52:18.784745 Oscar: Foxtrot and Victor, sending you 3
2024-10-15 01:52:18.785201 November: Delta and Uniform, sending you 2
2024-10-15 01:52:18.788165 November: Oscar and Mike, sending you 3
2024-10-15 01:52:18.790450 Oscar: Yankee, sending you 4
2024-10-15 01:52:18.793058 November: Tango, sending you 4
2024-10-15 01:52:18.793689 Victor: Same as last round
2024-10-15 01:52:18.795714 Oscar: Whiskey, sending you 2
2024-10-15 01:52:18.802674 Tango: Delta, Oscar, Uniform and Mike, sending you 1
2024-10-15 01:52:18.803064 Mike: Delta, Oscar and Tango, sending you 1
2024-10-15 01:52:18.804688 Uniform: Delta, sending you 2
2024-10-15 01:52:18.807668 Tango: November, sending you 4
2024-10-15 01:52:18.808468 Mike: November, sending you 2
2024-10-15 01:52:18.808842 Uniform: November, Oscar and Tango, sending you 1
2024-10-15 01:52:18.811720 Uniform: Mike, sending you 3
2024-10-15 01:52:18.812694 Whiskey: Foxtrot and Victor, sending you 3
2024-10-15 01:52:18.813670 Mike: Uniform, sending you 3
2024-10-15 01:52:18.817652 Whiskey: Yankee, sending you 2
chatterbot November submitting transactions
chatterbot Foxtrot submitting transactions
chatterbot Uniform submitting transactions
chatterbot Victor submitting transactions
chatterbot Mike submitting transactions
chatterbot Delta submitting transactions
chatterbot Yankee submitting transactions
chatterbot Tango submitting transactions
chatterbot Oscar submitting transactions
chatterbot Whiskey submitting transactions
ChatterBot Delta round 5
ChatterBot Foxtrot round 5
ChatterBot Yankee round 5
ChatterBot November round 5
ChatterBot Oscar round 5
ChatterBot Whiskey round 5
ChatterBot Victor round 5
ChatterBot Uniform round 5
ChatterBot Mike round 5
ChatterBot Tango round 5
2024-10-15 01:52:19.877173 Foxtrot: We should drop Oscar
2024-10-15 01:52:19.922240 Whiskey: Yes
2024-10-15 01:52:19.923343 Victor: Yes
2024-10-15 01:52:19.923656 Yankee: Yes
ChatterBot Foxtrot reevaluating
ChatterBot Foxtrot reevaluating
ChatterBot Foxtrot reevaluating
2024-10-15 01:52:19.985728 Delta: November, Oscar, Uniform, Mike and Tango, sending you 1
2024-10-15 01:52:19.987291 Oscar: Delta, November and Mike, sending you 3
2024-10-15 01:52:19.988714 November: Delta, Oscar and Uniform, sending you 2
2024-10-15 01:52:19.992764 Oscar: Uniform and Tango, sending you 2
2024-10-15 01:52:19.993740 November: Mike, sending you 3
2024-10-15 01:52:19.995332 Victor: Same as last round
2024-10-15 01:52:19.997209 Whiskey: Foxtrot and Victor, sending you 3
2024-10-15 01:52:19.998315 November: Tango, sending you 5
2024-10-15 01:52:20.000174 Mike: Delta, Oscar and Tango, sending you 1
2024-10-15 01:52:20.002686 Whiskey: Yankee, sending you 2
2024-10-15 01:52:20.003694 Tango: Delta, Oscar, Uniform and Mike, sending you 1
2024-10-15 01:52:20.006287 Mike: November, sending you 2
2024-10-15 01:52:20.008864 Tango: November, sending you 4
2024-10-15 01:52:20.011691 Mike: Uniform, sending you 3
chatterbot Uniform submitting transactions
chatterbot Yankee submitting transactions
chatterbot November submitting transactions
chatterbot Delta submitting transactions
chatterbot Oscar submitting transactions
chatterbot Victor submitting transactions
chatterbot Mike submitting transactions
chatterbot Whiskey submitting transactions
chatterbot Tango submitting transactions
chatterbot Foxtrot submitting transactions
ChatterBot Delta round 6
ChatterBot Foxtrot round 6
ChatterBot Yankee round 6
ChatterBot November round 6
ChatterBot Oscar round 6
ChatterBot Whiskey round 6
ChatterBot Victor round 6
ChatterBot Uniform round 6
ChatterBot Mike round 6
ChatterBot Tango round 6
2024-10-15 01:52:21.253505 Foxtrot: We should drop Oscar
2024-10-15 01:52:21.262489 Whiskey: Yes
2024-10-15 01:52:21.263120 Victor: Yes
2024-10-15 01:52:21.263260 Yankee: Yes
ChatterBot Foxtrot reevaluating
ChatterBot Foxtrot reevaluating
ChatterBot Foxtrot reevaluating
2024-10-15 01:52:21.295689 Delta: Same as last round
2024-10-15 01:52:21.301828 Oscar: Delta, Mike and Tango, sending you 3
2024-10-15 01:52:21.302656 Tango: Delta, Oscar, Uniform and Mike, sending you 1
2024-10-15 01:52:21.303684 Whiskey: Foxtrot and Victor, sending you 3
2024-10-15 01:52:21.305658 Oscar: November, sending you 4
2024-10-15 01:52:21.306854 Tango: November, sending you 4
2024-10-15 01:52:21.307672 November: Delta, sending you 2
2024-10-15 01:52:21.308395 Whiskey: Yankee, sending you 2
2024-10-15 01:52:21.308833 Uniform: Delta, Oscar and Tango, sending you 1
2024-10-15 01:52:21.310685 Oscar: Uniform, sending you 1
2024-10-15 01:52:21.312677 November: Oscar and Mike, sending you 3
2024-10-15 01:52:21.313680 Uniform: November, sending you 2
2024-10-15 01:52:21.315682 Mike: Delta and Tango, sending you 1
2024-10-15 01:52:21.316191 November: Uniform, sending you 1
2024-10-15 01:52:21.317664 Victor: Foxtrot and Yankee, sending you 4
2024-10-15 01:52:21.318681 Uniform: Mike, sending you 3
2024-10-15 01:52:21.320670 Mike: November, Oscar and Uniform, sending you 2
2024-10-15 01:52:21.321693 November: Tango, sending you 5
2024-10-15 01:52:21.323024 Victor: Whiskey, sending you 3
2024-10-15 01:52:21.323433 Victor: I was attacked by Uniform
ChatterBot Foxtrot reevaluating
ChatterBot Whiskey reevaluating
ChatterBot Yankee reevaluating
2024-10-15 01:52:21.337600 Victor: Ow
2024-10-15 01:52:21.338553 Yankee: We should add Mike
ChatterBot Foxtrot reevaluating
ChatterBot Whiskey reevaluating
2024-10-15 01:52:21.348483 Foxtrot: No
2024-10-15 01:52:21.348637 Whiskey: No
2024-10-15 01:52:21.348760 Victor: No
ChatterBot Whiskey reevaluating
ChatterBot Yankee reevaluating
ChatterBot Foxtrot reevaluating
ChatterBot Yankee reevaluating
ChatterBot Foxtrot reevaluating
ChatterBot Whiskey reevaluating
ChatterBot Yankee reevaluating
2024-10-15 01:52:21.418668 Foxtrot: Yankee, sending you 3
2024-10-15 01:52:21.422658 Foxtrot: Whiskey, sending you 5
2024-10-15 01:52:21.427992 Foxtrot: Victor, sending you 4
chatterbot Delta submitting transactions
chatterbot November submitting transactions
chatterbot Yankee submitting transactions
chatterbot Oscar submitting transactions
chatterbot Foxtrot submitting transactions
chatterbot Victor submitting transactions
chatterbot Mike submitting transactions
chatterbot Uniform submitting transactions
chatterbot Tango submitting transactions
chatterbot Whiskey submitting transactions
ChatterBot Delta round 7
ChatterBot Foxtrot round 7
ChatterBot Yankee round 7
ChatterBot November round 7
ChatterBot Oscar round 7
ChatterBot Whiskey round 7
ChatterBot Victor round 7
ChatterBot Uniform round 7
ChatterBot Mike round 7
ChatterBot Tango round 7
2024-10-15 01:52:22.694685 Whiskey: Foxtrot and Victor, sending you 3
2024-10-15 01:52:22.696688 Delta: Same as last round
2024-10-15 01:52:22.697744 Uniform: Delta, Oscar and Tango, sending you 1
2024-10-15 01:52:22.699002 Whiskey: Yankee, sending you 2
2024-10-15 01:52:22.699693 November: Delta, sending you 2
2024-10-15 01:52:22.701133 Tango: Delta, Uniform and Mike, sending you 1
2024-10-15 01:52:22.703892 Uniform: November, sending you 2
2024-10-15 01:52:22.704424 Victor: Foxtrot, sending you 3
2024-10-15 01:52:22.704851 November: Oscar and Mike, sending you 3
2024-10-15 01:52:22.705391 Mike: Delta and Tango, sending you 1
2024-10-15 01:52:22.705952 Tango: November, sending you 3
2024-10-15 01:52:22.707688 November: Uniform, sending you 1
2024-10-15 01:52:22.708666 Foxtrot: Yankee, sending you 3
2024-10-15 01:52:22.709050 Uniform: Mike, sending you 3
2024-10-15 01:52:22.709927 Victor: Yankee and Whiskey, sending you 4
2024-10-15 01:52:22.710207 Tango: Oscar, sending you 2
2024-10-15 01:52:22.710576 Mike: November, Oscar and Uniform, sending you 2
2024-10-15 01:52:22.710945 Oscar: Delta and Mike, sending you 3
2024-10-15 01:52:22.711301 November: Tango, sending you 5
2024-10-15 01:52:22.712737 Foxtrot: Whiskey and Victor, sending you 5
2024-10-15 01:52:22.713685 Oscar: November, sending you 4
2024-10-15 01:52:22.718667 Oscar: Uniform and Tango, sending you 2
chatterbot Delta submitting transactions
chatterbot Oscar submitting transactions
chatterbot Mike submitting transactions
chatterbot Uniform submitting transactions
chatterbot November submitting transactions
chatterbot Tango submitting transactions
chatterbot Yankee submitting transactions
chatterbot Foxtrot submitting transactions
chatterbot Whiskey submitting transactions
chatterbot Victor submitting transactions
ChatterBot Delta round 8
ChatterBot Foxtrot round 8
ChatterBot Yankee round 8
ChatterBot November round 8
ChatterBot Oscar round 8
ChatterBot Whiskey round 8
ChatterBot Victor round 8
ChatterBot Uniform round 8
ChatterBot Mike round 8
ChatterBot Tango round 8
2024-10-15 01:52:23.925099 Foxtrot: Yankee, sending you 4
2024-10-15 01:52:23.926680 Delta: Same as last round
2024-10-15 01:52:23.927232 November: Delta, sending you 1
2024-10-15 01:52:23.928123 Foxtrot: Whiskey and Victor, sending you 5
2024-10-15 01:52:23.932683 November: Oscar and Mike, sending you 3
2024-10-15 01:52:23.935643 Victor: Foxtrot, sending you 3
2024-10-15 01:52:23.936679 Oscar: Delta, Mike and Tango, sending you 3
2024-10-15 01:52:23.937239 November: Uniform, sending you 2
2024-10-15 01:52:23.937780 Uniform: Delta, sending you 2
2024-10-15 01:52:23.938858 Mike: Delta and Tango, sending you 1
2024-10-15 01:52:23.939462 Victor: Yankee and Whiskey, sending you 4
2024-10-15 01:52:23.940652 Whiskey: Foxtrot and Victor, sending you 3
2024-10-15 01:52:23.941046 Tango: Delta, Uniform and Mike, sending you 1
2024-10-15 01:52:23.941684 Oscar: November, sending you 4
2024-10-15 01:52:23.942862 November: Tango, sending you 5
2024-10-15 01:52:23.943234 Uniform: November, Oscar and Tango, sending you 1
2024-10-15 01:52:23.943608 Mike: November, Oscar and Uniform, sending you 2
2024-10-15 01:52:23.943990 Tango: November, sending you 3
2024-10-15 01:52:23.946026 Whiskey: Yankee, sending you 2
2024-10-15 01:52:23.946669 Uniform: Mike, sending you 3
2024-10-15 01:52:23.947682 Oscar: Uniform, sending you 1
2024-10-15 01:52:23.948294 Tango: Oscar, sending you 2
chatterbot Delta submitting transactions
chatterbot November submitting transactions
chatterbot Oscar submitting transactions
chatterbot Mike submitting transactions
chatterbot Uniform submitting transactions
chatterbot Victor submitting transactions
chatterbot Whiskey submitting transactions
chatterbot Foxtrot submitting transactions
chatterbot Tango submitting transactions
chatterbot Yankee submitting transactions
ChatterBot Delta round 9
ChatterBot Foxtrot round 9
ChatterBot Yankee round 9
ChatterBot November round 9
ChatterBot Oscar round 9
ChatterBot Whiskey round 9
ChatterBot Victor round 9
ChatterBot Uniform round 9
ChatterBot Mike round 9
ChatterBot Tango round 9
2024-10-15 01:52:25.106676 Oscar: Delta, Mike and Tango, sending you 3
2024-10-15 01:52:25.107912 November: Delta and Uniform, sending you 2
2024-10-15 01:52:25.111691 Oscar: November, sending you 4
2024-10-15 01:52:25.113147 November: Oscar and Mike, sending you 3
2024-10-15 01:52:25.113804 Uniform: Delta, Oscar and Tango, sending you 1
2024-10-15 01:52:25.115535 Delta: Same as last round
2024-10-15 01:52:25.116687 Oscar: Uniform, sending you 1
2024-10-15 01:52:25.118663 November: Tango, sending you 4
2024-10-15 01:52:25.119657 Uniform: November, sending you 2
2024-10-15 01:52:25.120102 Foxtrot: Yankee, sending you 4
2024-10-15 01:52:25.120423 Whiskey: Foxtrot and Victor, sending you 3
2024-10-15 01:52:25.121891 Mike: Delta and Tango, sending you 1
2024-10-15 01:52:25.123672 Uniform: Mike, sending you 3
2024-10-15 01:52:25.124924 Foxtrot: Whiskey and Victor, sending you 5
2024-10-15 01:52:25.125214 Whiskey: Yankee, sending you 2
2024-10-15 01:52:25.125683 Victor: Foxtrot, sending you 3
2024-10-15 01:52:25.126043 Mike: November, Oscar and Uniform, sending you 2
2024-10-15 01:52:25.129944 Victor: Yankee and Whiskey, sending you 4
2024-10-15 01:52:25.130670 Tango: Delta, Uniform and Mike, sending you 1
2024-10-15 01:52:25.133724 Tango: November, sending you 3
2024-10-15 01:52:25.138656 Tango: Oscar, sending you 2
chatterbot Tango submitting transactions
chatterbot Mike submitting transactions
chatterbot Uniform submitting transactions
chatterbot Delta submitting transactions
chatterbot Victor submitting transactions
chatterbot Oscar submitting transactions
chatterbot Whiskey submitting transactions
chatterbot Yankee submitting transactions
chatterbot November submitting transactions
chatterbot Foxtrot submitting transactions
ChatterBot Delta round 10
ChatterBot Foxtrot round 10
ChatterBot Yankee round 10
ChatterBot November round 10
ChatterBot Oscar round 10
ChatterBot Whiskey round 10
ChatterBot Victor round 10
ChatterBot Uniform round 10
ChatterBot Mike round 10
ChatterBot Tango round 10
2024-10-15 01:52:26.270649 Foxtrot: Yankee, sending you 4
2024-10-15 01:52:26.271113 Tango: Delta, Uniform and Mike, sending you 1
2024-10-15 01:52:26.272722 Whiskey: Foxtrot and Victor, sending you 3
2024-10-15 01:52:26.274646 Foxtrot: Whiskey and Victor, sending you 5
2024-10-15 01:52:26.275066 Delta: Same as last round
2024-10-15 01:52:26.276124 Victor: Foxtrot, sending you 3
2024-10-15 01:52:26.276690 Tango: November, sending you 3
2024-10-15 01:52:26.277456 Whiskey: Yankee, sending you 2
2024-10-15 01:52:26.277891 Oscar: Delta and Uniform, sending you 2
2024-10-15 01:52:26.278681 Mike: Delta and Tango, sending you 1
2024-10-15 01:52:26.280115 Victor: Yankee and Whiskey, sending you 4
2024-10-15 01:52:26.280476 Uniform: Delta, Oscar and Tango, sending you 1
2024-10-15 01:52:26.281664 Tango: Oscar, sending you 2
2024-10-15 01:52:26.282718 Oscar: November, sending you 4
2024-10-15 01:52:26.283316 Mike: November, Oscar and Uniform, sending you 2
2024-10-15 01:52:26.283826 November: Delta and Uniform, sending you 2
2024-10-15 01:52:26.285061 Uniform: November, sending you 2
2024-10-15 01:52:26.286683 Oscar: Mike and Tango, sending you 3
2024-10-15 01:52:26.288476 November: Oscar and Mike, sending you 3
2024-10-15 01:52:26.289049 Uniform: Mike, sending you 3
2024-10-15 01:52:26.292068 November: Tango, sending you 4
chatterbot Uniform submitting transactions
chatterbot Oscar submitting transactions
chatterbot November submitting transactions
chatterbot Tango submitting transactions
chatterbot Whiskey submitting transactions
chatterbot Yankee submitting transactions
chatterbot Mike submitting transactions
chatterbot Foxtrot submitting transactions
chatterbot Victor submitting transactions
chatterbot Delta submitting transactions
ChatterBot Delta round 11
ChatterBot Foxtrot round 11
ChatterBot Yankee round 11
ChatterBot November round 11
ChatterBot Oscar round 11
ChatterBot Whiskey round 11
ChatterBot Victor round 11
ChatterBot Uniform round 11
ChatterBot Mike round 11
ChatterBot Tango round 11
2024-10-15 01:52:27.453676 Foxtrot: Yankee, sending you 4
2024-10-15 01:52:27.454715 Delta: Same as last round
2024-10-15 01:52:27.456104 Oscar: Delta and Uniform, sending you 2
2024-10-15 01:52:27.457676 Foxtrot: Whiskey and Victor, sending you 5
2024-10-15 01:52:27.461984 Oscar: November, sending you 4
2024-10-15 01:52:27.465036 Mike: Delta and Tango, sending you 1
2024-10-15 01:52:27.466002 Whiskey: Foxtrot and Victor, sending you 3
2024-10-15 01:52:27.466811 Oscar: Mike and Tango, sending you 3
2024-10-15 01:52:27.469803 Mike: November, Oscar and Uniform, sending you 2
2024-10-15 01:52:27.470773 Whiskey: Yankee, sending you 2
2024-10-15 01:52:27.472674 November: Delta and Uniform, sending you 2
2024-10-15 01:52:27.473434 Victor: Foxtrot, sending you 3
2024-10-15 01:52:27.473874 Uniform: Delta, Oscar and Tango, sending you 1
2024-10-15 01:52:27.475684 November: Oscar and Mike, sending you 3
2024-10-15 01:52:27.476943 Victor: Yankee and Whiskey, sending you 4
2024-10-15 01:52:27.479683 Uniform: November, sending you 2
2024-10-15 01:52:27.481670 November: Tango, sending you 4
2024-10-15 01:52:27.482724 Tango: Delta, Uniform and Mike, sending you 1
2024-10-15 01:52:27.484399 Uniform: Mike, sending you 3
2024-10-15 01:52:27.488664 Tango: November, sending you 3
2024-10-15 01:52:27.493673 Tango: Oscar, sending you 2
chatterbot Victor submitting transactions
chatterbot Delta submitting transactions
chatterbot Tango submitting transactions
chatterbot Whiskey submitting transactions
chatterbot Yankee submitting transactions
chatterbot Uniform submitting transactions
chatterbot Mike submitting transactions
chatterbot Oscar submitting transactions
chatterbot November submitting transactions
chatterbot Foxtrot submitting transactions
ChatterBot Delta round 12
ChatterBot Foxtrot round 12
ChatterBot Yankee round 12
ChatterBot November round 12
ChatterBot Oscar round 12
ChatterBot Whiskey round 12
ChatterBot Victor round 12
ChatterBot Uniform round 12
ChatterBot Mike round 12
ChatterBot Tango round 12
2024-10-15 01:52:28.634062 Delta: Same as last round
2024-10-15 01:52:28.634867 November: Delta, sending you 1
2024-10-15 01:52:28.637299 Foxtrot: Yankee, sending you 4
2024-10-15 01:52:28.638675 November: Oscar and Tango, sending you 4
2024-10-15 01:52:28.639671 Mike: Delta and Tango, sending you 1
2024-10-15 01:52:28.641079 Whiskey: Foxtrot and Victor, sending you 3
2024-10-15 01:52:28.641666 Foxtrot: Whiskey and Victor, sending you 5
2024-10-15 01:52:28.642316 November: Uniform, sending you 2
2024-10-15 01:52:28.643665 Mike: November, Oscar and Uniform, sending you 2
2024-10-15 01:52:28.645146 Whiskey: Yankee, sending you 2
2024-10-15 01:52:28.646685 November: Mike, sending you 3
2024-10-15 01:52:28.649671 Victor: Foxtrot, sending you 3
2024-10-15 01:52:28.650206 Tango: Delta, Uniform and Mike, sending you 1
2024-10-15 01:52:28.651122 Oscar: Delta and Uniform, sending you 2
2024-10-15 01:52:28.652670 Victor: Yankee and Whiskey, sending you 4
2024-10-15 01:52:28.653676 Uniform: Delta, Oscar and Tango, sending you 1
2024-10-15 01:52:28.656303 Tango: November, sending you 3
2024-10-15 01:52:28.656874 Oscar: November, sending you 4
2024-10-15 01:52:28.657656 Uniform: November, sending you 2
2024-10-15 01:52:28.659907 Tango: Oscar, sending you 2
2024-10-15 01:52:28.660768 Oscar: Mike and Tango, sending you 3
2024-10-15 01:52:28.662670 Uniform: Mike, sending you 3
chatterbot Delta submitting transactions
chatterbot Oscar submitting transactions
chatterbot November submitting transactions
chatterbot Foxtrot submitting transactions
chatterbot Victor submitting transactions
chatterbot Yankee submitting transactions
chatterbot Whiskey submitting transactions
chatterbot Uniform submitting transactions
chatterbot Mike submitting transactions
chatterbot Tango submitting transactions
ChatterBot Delta round 13
ChatterBot Foxtrot round 13
ChatterBot Yankee round 13
ChatterBot November round 13
ChatterBot Oscar round 13
ChatterBot Whiskey round 13
ChatterBot Victor round 13
ChatterBot Uniform round 13
ChatterBot Mike round 13
ChatterBot Tango round 13
2024-10-15 01:52:29.729669 Foxtrot: Yankee, sending you 4
2024-10-15 01:52:29.731019 Delta: Same as last round
2024-10-15 01:52:29.733647 Foxtrot: Whiskey and Victor, sending you 5
2024-10-15 01:52:29.735671 Uniform: Delta, Oscar and Tango, sending you 1
2024-10-15 01:52:29.737675 Tango: Delta, Uniform and Mike, sending you 1
2024-10-15 01:52:29.741658 Uniform: November, sending you 2
2024-10-15 01:52:29.742973 Victor: Foxtrot, sending you 3
2024-10-15 01:52:29.743510 Tango: November, sending you 3
2024-10-15 01:52:29.744284 Oscar: Delta and Uniform, sending you 2
2024-10-15 01:52:29.745015 Whiskey: Foxtrot and Yankee, sending you 2
2024-10-15 01:52:29.745674 Victor: Yankee and Whiskey, sending you 4
2024-10-15 01:52:29.747663 Uniform: Mike, sending you 3
2024-10-15 01:52:29.749428 Oscar: November, sending you 4
2024-10-15 01:52:29.751190 Tango: Oscar, sending you 2
2024-10-15 01:52:29.752655 November: Delta, sending you 1
2024-10-15 01:52:29.753655 Whiskey: Victor, sending you 3
2024-10-15 01:52:29.754258 Oscar: Mike and Tango, sending you 3
2024-10-15 01:52:29.755184 Mike: Delta and Tango, sending you 1
2024-10-15 01:52:29.758658 November: Oscar and Tango, sending you 4
2024-10-15 01:52:29.759684 Mike: November, Oscar and Uniform, sending you 2
2024-10-15 01:52:29.761698 November: Uniform, sending you 2
2024-10-15 01:52:29.766677 November: Mike, sending you 3
chatterbot Victor submitting transactions
chatterbot Foxtrot submitting transactions
chatterbot Delta submitting transactions
chatterbot Yankee submitting transactions
chatterbot Whiskey submitting transactions
chatterbot Oscar submitting transactions
chatterbot Mike submitting transactions
chatterbot Uniform submitting transactions
chatterbot Tango submitting transactions
chatterbot November submitting transactions
ChatterBot Delta round 14
ChatterBot Foxtrot round 14
ChatterBot Yankee round 14
ChatterBot November round 14
ChatterBot Oscar round 14
ChatterBot Whiskey round 14
ChatterBot Victor round 14
ChatterBot Uniform round 14
ChatterBot Mike round 14
ChatterBot Tango round 14
2024-10-15 01:52:30.708661 Foxtrot: Yankee, sending you 4
2024-10-15 01:52:30.709917 Delta: Same as last round
2024-10-15 01:52:30.711675 Whiskey: Foxtrot and Yankee, sending you 2
2024-10-15 01:52:30.713660 Foxtrot: Whiskey and Victor, sending you 5
2024-10-15 01:52:30.716747 Whiskey: Victor, sending you 3
2024-10-15 01:52:30.717693 Tango: Delta, Uniform and Mike, sending you 1
2024-10-15 01:52:30.718692 Uniform: Delta, Oscar and Tango, sending you 1
2024-10-15 01:52:30.719688 Oscar: Delta and Uniform, sending you 2
2024-10-15 01:52:30.720846 Tango: November, sending you 3
2024-10-15 01:52:30.722666 Uniform: November, sending you 2
2024-10-15 01:52:30.723824 November: Delta, sending you 1
2024-10-15 01:52:30.724600 Mike: Delta and Tango, sending you 1
2024-10-15 01:52:30.725366 Oscar: November, sending you 4
2024-10-15 01:52:30.726060 Tango: Oscar, sending you 2
2024-10-15 01:52:30.727674 Uniform: Mike, sending you 3
2024-10-15 01:52:30.728557 November: Oscar and Tango, sending you 4
2024-10-15 01:52:30.729350 Mike: November, Oscar and Uniform, sending you 2
2024-10-15 01:52:30.730384 Oscar: Mike and Tango, sending you 3
2024-10-15 01:52:30.731078 Victor: Foxtrot, sending you 3
2024-10-15 01:52:30.731672 November: Uniform, sending you 2
2024-10-15 01:52:30.733676 Victor: Yankee and Whiskey, sending you 4
2024-10-15 01:52:30.735697 November: Mike, sending you 3
chatterbot Yankee submitting transactions
chatterbot Delta submitting transactions
chatterbot Whiskey submitting transactions
chatterbot Mike submitting transactions
chatterbot Oscar submitting transactions
chatterbot Tango submitting transactions
chatterbot November submitting transactions
chatterbot Foxtrot submitting transactions
chatterbot Victor submitting transactions
chatterbot Uniform submitting transactions
ChatterBot Delta round 15
ChatterBot Foxtrot round 15
ChatterBot Yankee round 15
ChatterBot November round 15
ChatterBot Oscar round 15
ChatterBot Whiskey round 15
ChatterBot Victor round 15
ChatterBot Uniform round 15
ChatterBot Mike round 15
ChatterBot Tango round 15
2024-10-15 01:52:32.101704 Foxtrot: Yankee and Victor, sending you 5
2024-10-15 01:52:32.106692 Foxtrot: Whiskey, sending you 4
2024-10-15 01:52:32.107380 Whiskey: Foxtrot and Yankee, sending you 2
2024-10-15 01:52:32.108092 November: Delta, sending you 1
2024-10-15 01:52:32.109554 Uniform: Delta, Oscar and Tango, sending you 1
2024-10-15 01:52:32.110807 Victor: Foxtrot, sending you 3
2024-10-15 01:52:32.111929 Whiskey: Victor, sending you 3
2024-10-15 01:52:32.112609 Delta: Same as last round
2024-10-15 01:52:32.114662 Oscar: Delta and Uniform, sending you 2
2024-10-15 01:52:32.116923 November: Oscar and Tango, sending you 4
2024-10-15 01:52:32.119297 Uniform: November, sending you 2
2024-10-15 01:52:32.121024 Victor: Yankee and Whiskey, sending you 4
2024-10-15 01:52:32.121765 Mike: Delta and Tango, sending you 1
2024-10-15 01:52:32.123990 Oscar: November, sending you 4
2024-10-15 01:52:32.125206 Tango: Delta, Uniform and Mike, sending you 1
2024-10-15 01:52:32.126988 November: Uniform, sending you 2
2024-10-15 01:52:32.128170 Uniform: Mike, sending you 3
2024-10-15 01:52:32.129264 Oscar: Mike and Tango, sending you 3
2024-10-15 01:52:32.131079 Mike: November, Oscar and Uniform, sending you 2
2024-10-15 01:52:32.132351 Tango: November, sending you 3
2024-10-15 01:52:32.133401 November: Mike, sending you 3
2024-10-15 01:52:32.135669 Tango: Oscar, sending you 2
chatterbot Foxtrot submitting transactions
chatterbot November submitting transactions
chatterbot Victor submitting transactions
chatterbot Mike submitting transactions
chatterbot Whiskey submitting transactions
chatterbot Uniform submitting transactions
chatterbot Delta submitting transactions
chatterbot Oscar submitting transactions
chatterbot Tango submitting transactions
chatterbot Yankee submitting transactions
ChatterBot Delta round 16
ChatterBot Foxtrot round 16
ChatterBot Yankee round 16
ChatterBot November round 16
ChatterBot Oscar round 16
ChatterBot Whiskey round 16
ChatterBot Victor round 16
ChatterBot Uniform round 16
ChatterBot Mike round 16
ChatterBot Tango round 16
2024-10-15 01:52:33.177160 Victor: Foxtrot, sending you 3
2024-10-15 01:52:33.177875 Mike: Delta and Tango, sending you 1
2024-10-15 01:52:33.179722 Oscar: Delta and Uniform, sending you 2
2024-10-15 01:52:33.181708 Whiskey: Foxtrot and Yankee, sending you 2
2024-10-15 01:52:33.182432 Delta: Same as last round
2024-10-15 01:52:33.184118 Uniform: Delta and Tango, sending you 1
2024-10-15 01:52:33.185124 Victor: Yankee and Whiskey, sending you 4
2024-10-15 01:52:33.185565 Foxtrot: Yankee and Victor, sending you 5
2024-10-15 01:52:33.185989 Mike: November, Oscar and Uniform, sending you 2
2024-10-15 01:52:33.187437 Whiskey: Victor, sending you 3
2024-10-15 01:52:33.187925 Oscar: November, sending you 4
2024-10-15 01:52:33.189683 November: Delta, sending you 1
2024-10-15 01:52:33.190827 Uniform: November, Oscar and Mike, sending you 2
2024-10-15 01:52:33.192375 Foxtrot: Whiskey, sending you 4
2024-10-15 01:52:33.193703 Oscar: Mike and Tango, sending you 3
2024-10-15 01:52:33.195904 November: Oscar and Tango, sending you 4
2024-10-15 01:52:33.197587 Tango: Delta, Uniform and Mike, sending you 1
2024-10-15 01:52:33.199677 November: Uniform, sending you 2
2024-10-15 01:52:33.203655 Tango: November, sending you 3
2024-10-15 01:52:33.204518 November: Mike, sending you 3
2024-10-15 01:52:33.206674 Tango: Oscar, sending you 2
chatterbot Tango submitting transactions
chatterbot Yankee submitting transactions
chatterbot Oscar submitting transactions
chatterbot Mike submitting transactions
chatterbot November submitting transactions
chatterbot Delta submitting transactions
chatterbot Victor submitting transactions
chatterbot Whiskey submitting transactions
chatterbot Foxtrot submitting transactions
chatterbot Uniform submitting transactions
ChatterBot Delta round 17
