ChatterBot Uniform round 1
ChatterBot Papa round 1
ChatterBot Quebec round 1
ChatterBot Juliett round 1
ChatterBot Yankee round 1
ChatterBot November round 1
ChatterBot X-ray round 1
ChatterBot Victor round 1
ChatterBot Kilo round 1
ChatterBot Tango round 1
randomSelections Victor: {Victor, Quebec, Uniform, Kilo, Juliett, November} 
2024-10-15 01:52:15.072684 Victor: Can we be friends?
ChatterBot Quebec reevaluating
ChatterBot Uniform reevaluating
ChatterBot Kilo reevaluating
ChatterBot Juliett reevaluating
ChatterBot November reevaluating
2024-10-15 01:52:15.088933 Quebec: Yes
2024-10-15 01:52:15.089730 Uniform: Yes
2024-10-15 01:52:15.089912 Kilo: Yes
2024-10-15 01:52:15.090047 Juliett: Yes
2024-10-15 01:52:15.090297 November: Yes
ChatterBot Uniform reevaluating
ChatterBot Kilo reevaluating
ChatterBot Juliett reevaluating
ChatterBot November reevaluating
ChatterBot Quebec reevaluating
ChatterBot Kilo reevaluating
ChatterBot Juliett reevaluating
ChatterBot November reevaluating
ChatterBot Quebec reevaluating
ChatterBot Uniform reevaluating
ChatterBot Juliett reevaluating
ChatterBot November reevaluating
ChatterBot Quebec reevaluating
ChatterBot Uniform reevaluating
ChatterBot Kilo reevaluating
ChatterBot November reevaluating
ChatterBot Quebec reevaluating
ChatterBot Uniform reevaluating
ChatterBot Kilo reevaluating
ChatterBot Juliett reevaluating
randomSelections Tango: {Tango, Papa, Quebec, X-ray, November, Victor, Yankee, Juliett} 
2024-10-15 01:52:15.145300 Tango: Can we be friends?
ChatterBot Papa reevaluating
ChatterBot Quebec reevaluating
ChatterBot X-ray reevaluating
ChatterBot November reevaluating
ChatterBot Yankee reevaluating
ChatterBot Juliett reevaluating
2024-10-15 01:52:15.154979 Papa: Yes
2024-10-15 01:52:15.155776 Quebec: No
2024-10-15 01:52:15.155975 X-ray: Yes
2024-10-15 01:52:15.156138 November: No
2024-10-15 01:52:15.156441 Victor: No
2024-10-15 01:52:15.156642 Yankee: Yes
2024-10-15 01:52:15.156768 Juliett: No
ChatterBot Quebec reevaluating
ChatterBot X-ray reevaluating
ChatterBot November reevaluating
ChatterBot Yankee reevaluating
ChatterBot Juliett reevaluating
ChatterBot Papa reevaluating
ChatterBot X-ray reevaluating
ChatterBot November reevaluating
ChatterBot Yankee reevaluating
ChatterBot Juliett reevaluating
ChatterBot Papa reevaluating
ChatterBot Quebec reevaluating
ChatterBot November reevaluating
ChatterBot Yankee reevaluating
ChatterBot Juliett reevaluating
ChatterBot Papa reevaluating
ChatterBot Quebec reevaluating
ChatterBot X-ray reevaluating
ChatterBot Yankee reevaluating
ChatterBot Juliett reevaluating
ChatterBot Papa reevaluating
ChatterBot Quebec reevaluating
ChatterBot X-ray reevaluating
ChatterBot November reevaluating
ChatterBot Yankee reevaluating
ChatterBot Juliett reevaluating
ChatterBot Papa reevaluating
ChatterBot Quebec reevaluating
ChatterBot X-ray reevaluating
ChatterBot November reevaluating
ChatterBot Juliett reevaluating
ChatterBot Papa reevaluating
ChatterBot Quebec reevaluating
ChatterBot X-ray reevaluating
ChatterBot November reevaluating
ChatterBot Yankee reevaluating
2024-10-15 01:52:15.237658 Papa: Quebec and Tango, sending you 1
2024-10-15 01:52:15.240682 Papa: Juliett and November, sending you 3
2024-10-15 01:52:15.242666 Victor: Uniform and November, sending you 4
2024-10-15 01:52:15.243662 Kilo: Uniform, Quebec and November, sending you 1
2024-10-15 01:52:15.244699 Tango: Papa and Quebec, sending you 2
2024-10-15 01:52:15.245695 Papa: Yankee and X-ray, sending you 2
2024-10-15 01:52:15.246136 Juliett: Uniform, November and Victor, sending you 1
2024-10-15 01:52:15.246684 Uniform: Quebec and Kilo, sending you 2
2024-10-15 01:52:15.247082 Yankee: Papa, Quebec, Juliett, X-ray and Tango, sending you 1
2024-10-15 01:52:15.248135 Victor: Quebec, sending you 3
2024-10-15 01:52:15.248406 Kilo: Juliett, sending you 4
2024-10-15 01:52:15.248677 Tango: Juliett and Yankee, sending you 1
2024-10-15 01:52:15.249672 November: Uniform, Juliett and Kilo, sending you 2
2024-10-15 01:52:15.250668 Juliett: Quebec, sending you 2
2024-10-15 01:52:15.251075 Uniform: Juliett, sending you 4
2024-10-15 01:52:15.251340 Yankee: Victor, sending you 3
2024-10-15 01:52:15.251681 Quebec: Juliett, sending you 4
2024-10-15 01:52:15.251972 Victor: Juliett and Kilo, sending you 1
2024-10-15 01:52:15.253660 November: Quebec, sending you 1
2024-10-15 01:52:15.253937 Uniform: November, sending you 1
2024-10-15 01:52:15.255652 Juliett: Kilo, sending you 4
2024-10-15 01:52:15.256671 Quebec: November, sending you 2
2024-10-15 01:52:15.258689 November: Victor, sending you 3
2024-10-15 01:52:15.259721 X-ray: Papa and Yankee, sending you 2
2024-10-15 01:52:15.261670 Quebec: Victor and Kilo, sending you 1
2024-10-15 01:52:15.264673 X-ray: Quebec, sending you 3
2024-10-15 01:52:15.267674 X-ray: Juliett and November, sending you 1
2024-10-15 01:52:15.272665 X-ray: Victor, sending you 5
chatterbot Kilo submitting transactions
chatterbot Tango submitting transactions
chatterbot Yankee submitting transactions
chatterbot Victor submitting transactions
chatterbot X-ray submitting transactions
chatterbot November submitting transactions
chatterbot Quebec submitting transactions
chatterbot Uniform submitting transactions
chatterbot Juliett submitting transactions
chatterbot Papa submitting transactions
ChatterBot Uniform round 2
ChatterBot Papa round 2
ChatterBot Quebec round 2
ChatterBot Juliett round 2
ChatterBot Yankee round 2
ChatterBot November round 2
ChatterBot X-ray round 2
ChatterBot Victor round 2
ChatterBot Kilo round 2
ChatterBot Tango round 2
2024-10-15 01:52:16.781699 Papa: Let's form a team
ChatterBot Yankee reevaluating
ChatterBot X-ray reevaluating
ChatterBot Tango reevaluating
ChatterBot Victor reevaluating
2024-10-15 01:52:16.813480 Yankee: No
2024-10-15 01:52:16.813988 X-ray: No
2024-10-15 01:52:16.814797 Tango: No
2024-10-15 01:52:16.815332 Victor: Yes
ChatterBot Papa reevaluating
ChatterBot X-ray reevaluating
ChatterBot Tango reevaluating
ChatterBot Victor reevaluating
ChatterBot Papa reevaluating
ChatterBot Yankee reevaluating
ChatterBot Tango reevaluating
ChatterBot Victor reevaluating
ChatterBot Papa reevaluating
ChatterBot Yankee reevaluating
ChatterBot X-ray reevaluating
ChatterBot Victor reevaluating
ChatterBot Papa reevaluating
ChatterBot Yankee reevaluating
ChatterBot X-ray reevaluating
ChatterBot Tango reevaluating
2024-10-15 01:52:16.939686 X-ray: Let's form a team
ChatterBot Yankee reevaluating
ChatterBot Papa reevaluating
ChatterBot Tango reevaluating
2024-10-15 01:52:16.966688 Yankee: Yes
2024-10-15 01:52:16.966996 Papa: Yes
2024-10-15 01:52:16.968018 Tango: Yes
ChatterBot Papa reevaluating
ChatterBot X-ray reevaluating
ChatterBot Tango reevaluating
ChatterBot Yankee reevaluating
ChatterBot X-ray reevaluating
ChatterBot Tango reevaluating
ChatterBot Yankee reevaluating
ChatterBot Papa reevaluating
ChatterBot X-ray reevaluating
2024-10-15 01:52:17.129521 Quebec: Uniform, Juliett and Victor, sending you 2
2024-10-15 01:52:17.129919 November: Uniform, Juliett and Kilo, sending you 1
2024-10-15 01:52:17.130870 X-ray: Papa and Yankee, sending you 5
2024-10-15 01:52:17.131131 Uniform: Juliett and Kilo, sending you 1
2024-10-15 01:52:17.131404 Juliett: Uniform, sending you 3
2024-10-15 01:52:17.131713 Yankee: Papa and X-ray, sending you 3
2024-10-15 01:52:17.132458 Tango: Sending you each 2
2024-10-15 01:52:17.132741 Papa: Yankee, X-ray and Tango, sending you 3
2024-10-15 01:52:17.133013 Quebec: November and Kilo, sending you 1
2024-10-15 01:52:17.142302 Victor: Papa and Tango, sending you 1
2024-10-15 01:52:17.143385 Juliett: Quebec and Kilo, sending you 2
2024-10-15 01:52:17.143905 November: Quebec, sending you 2
2024-10-15 01:52:17.144888 Uniform: November, sending you 2
2024-10-15 01:52:17.145427 Kilo: Uniform, Quebec, November and Victor, sending you 1
2024-10-15 01:52:17.146336 Yankee: Tango, sending you 2
2024-10-15 01:52:17.146655 Papa: Victor, sending you 1
2024-10-15 01:52:17.147121 Victor: Yankee, November and X-ray, sending you 3
2024-10-15 01:52:17.148075 Uniform: Victor, sending you 5
2024-10-15 01:52:17.158271 Juliett: November and Victor, sending you 1
2024-10-15 01:52:17.159435 November: Victor, sending you 3
2024-10-15 01:52:17.160139 Kilo: Juliett, sending you 3
chatterbot X-ray submitting transactions
chatterbot November submitting transactions
chatterbot Quebec submitting transactions
chatterbot Uniform submitting transactions
chatterbot Victor submitting transactions
chatterbot Kilo submitting transactions
chatterbot Yankee submitting transactions
chatterbot Tango submitting transactions
chatterbot Papa submitting transactions
chatterbot Juliett submitting transactions
ChatterBot Uniform round 3
ChatterBot Papa round 3
ChatterBot Quebec round 3
ChatterBot Juliett round 3
ChatterBot Yankee round 3
ChatterBot November round 3
ChatterBot X-ray round 3
ChatterBot Victor round 3
ChatterBot Kilo round 3
ChatterBot Tango round 3
2024-10-15 01:52:18.751672 Papa: Yankee, X-ray and Tango, sending you 3
2024-10-15 01:52:18.753990 Quebec: Uniform and Kilo, sending you 1
2024-10-15 01:52:18.755682 Papa: Victor, sending you 2
2024-10-15 01:52:18.759099 Quebec: Juliett, November and Victor, sending you 2
2024-10-15 01:52:18.764682 Juliett: Uniform and Quebec, sending you 2
2024-10-15 01:52:18.765876 Uniform: Quebec and Kilo, sending you 1
2024-10-15 01:52:18.768688 Juliett: November and Victor, sending you 1
2024-10-15 01:52:18.770045 Yankee: Papa and Victor, sending you 2
2024-10-15 01:52:18.770406 Victor: Uniform and Quebec, sending you 3
2024-10-15 01:52:18.771574 Uniform: Juliett, sending you 3
2024-10-15 01:52:18.772063 X-ray: Papa, sending you 5
2024-10-15 01:52:18.773186 Yankee: X-ray, sending you 3
2024-10-15 01:52:18.773663 Tango: Papa and Yankee, sending you 2
2024-10-15 01:52:18.775015 Juliett: Kilo, sending you 3
2024-10-15 01:52:18.775575 November: Uniform and Quebec, sending you 2
2024-10-15 01:52:18.776007 Victor: Juliett and Kilo, sending you 2
2024-10-15 01:52:18.776771 Uniform: November and Victor, sending you 2
2024-10-15 01:52:18.777207 Kilo: Uniform, Quebec and November, sending you 1
2024-10-15 01:52:18.777639 X-ray: Yankee, sending you 4
2024-10-15 01:52:18.777889 Yankee: Tango, sending you 1
2024-10-15 01:52:18.778685 Tango: X-ray and Victor, sending you 1
2024-10-15 01:52:18.779173 November: Juliett and Kilo, sending you 1
2024-10-15 01:52:18.780719 Victor: November, sending you 4
2024-10-15 01:52:18.781187 Kilo: Juliett, sending you 4
2024-10-15 01:52:18.782654 X-ray: Victor, sending you 3
2024-10-15 01:52:18.783681 November: Victor, sending you 3
2024-10-15 01:52:18.786088 X-ray: Tango, sending you 2
chatterbot Tango submitting transactions
chatterbot Kilo submitting transactions
chatterbot X-ray submitting transactions
chatterbot Yankee submitting transactions
chatterbot November submitting transactions
chatterbot Victor submitting transactions
chatterbot Papa submitting transactions
chatterbot Juliett submitting transactions
chatterbot Uniform submitting transactions
chatterbot Quebec submitting transactions
ChatterBot Uniform round 4
ChatterBot Papa round 4
ChatterBot Quebec round 4
ChatterBot Juliett round 4
ChatterBot Yankee round 4
ChatterBot November round 4
ChatterBot X-ray round 4
ChatterBot Victor round 4
ChatterBot Kilo round 4
ChatterBot Tango round 4
2024-10-15 01:52:19.945237 Yankee: We should drop Victor
ChatterBot X-ray reevaluating
ChatterBot Tango reevaluating
2024-10-15 01:52:19.963405 Papa: No
2024-10-15 01:52:19.963705 X-ray: Yes
2024-10-15 01:52:19.964090 Tango: Yes
ChatterBot X-ray reevaluating
ChatterBot Tango reevaluating
ChatterBot Tango reevaluating
ChatterBot X-ray reevaluating
2024-10-15 01:52:20.035597 Papa: Yankee, sending you 4
2024-10-15 01:52:20.036518 Quebec: Uniform and Kilo, sending you 1
2024-10-15 01:52:20.038155 Juliett: Uniform and Quebec, sending you 2
2024-10-15 01:52:20.039208 Uniform: Quebec and Kilo, sending you 1
2024-10-15 01:52:20.041444 Papa: X-ray and Tango, sending you 3
2024-10-15 01:52:20.042525 Quebec: Juliett, November and Victor, sending you 2
2024-10-15 01:52:20.044373 Juliett: November and Victor, sending you 1
2024-10-15 01:52:20.045158 November: Uniform and Quebec, sending you 2
2024-10-15 01:52:20.046939 Uniform: Juliett and November, sending you 2
2024-10-15 01:52:20.048584 Papa: Victor, sending you 2
2024-10-15 01:52:20.049546 Kilo: Uniform, Quebec, November and Victor, sending you 1
2024-10-15 01:52:20.051291 Yankee: Papa and X-ray, sending you 3
2024-10-15 01:52:20.051918 Juliett: Kilo, sending you 3
2024-10-15 01:52:20.053681 November: Juliett and Kilo, sending you 1
2024-10-15 01:52:20.054436 Victor: Uniform and Quebec, sending you 3
2024-10-15 01:52:20.056384 Uniform: Victor, sending you 3
2024-10-15 01:52:20.057291 Kilo: Juliett, sending you 3
2024-10-15 01:52:20.059367 Yankee: Tango, sending you 2
2024-10-15 01:52:20.060218 November: Victor, sending you 3
2024-10-15 01:52:20.062081 Victor: Juliett and Kilo, sending you 2
2024-10-15 01:52:20.062963 Tango: Sending you each 2
2024-10-15 01:52:20.070013 Victor: November, sending you 4
2024-10-15 01:52:20.078236 X-ray: Papa, sending you 5
2024-10-15 01:52:20.086552 X-ray: Yankee, sending you 6
2024-10-15 01:52:20.091060 X-ray: Tango, sending you 2
chatterbot Papa submitting transactions
chatterbot Yankee submitting transactions
chatterbot November submitting transactions
chatterbot Victor submitting transactions
chatterbot Uniform submitting transactions
chatterbot Kilo submitting transactions
chatterbot Tango submitting transactions
chatterbot Juliett submitting transactions
chatterbot Quebec submitting transactions
chatterbot X-ray submitting transactions
ChatterBot Uniform round 5
ChatterBot Papa round 5
ChatterBot Quebec round 5
ChatterBot Juliett round 5
ChatterBot Yankee round 5
ChatterBot November round 5
ChatterBot X-ray round 5
ChatterBot Victor round 5
ChatterBot Kilo round 5
ChatterBot Tango round 5
2024-10-15 01:52:21.258747 Papa: We should replace Victor with Quebec
2024-10-15 01:52:21.272498 Yankee: No
2024-10-15 01:52:21.272744 X-ray: No
2024-10-15 01:52:21.272937 Tango: No
ChatterBot Papa reevaluating
ChatterBot Papa reevaluating
ChatterBot Papa reevaluating
2024-10-15 01:52:21.338781 Papa: Quebec we want you to join our group
2024-10-15 01:52:21.342644 Quebec: No
ChatterBot Papa reevaluating
2024-10-15 01:52:21.359049 Quebec: Uniform and Kilo, sending you 1
2024-10-15 01:52:21.363053 Tango: Same as last round
2024-10-15 01:52:21.363424 Yankee: Papa and X-ray, sending you 3
2024-10-15 01:52:21.363744 Uniform: Quebec and Kilo, sending you 1
2024-10-15 01:52:21.364130 Juliett: Uniform and Quebec, sending you 2
2024-10-15 01:52:21.365113 Quebec: Juliett, November and Victor, sending you 2
2024-10-15 01:52:21.365459 X-ray: Papa, sending you 5
2024-10-15 01:52:21.365683 Kilo: Uniform, Quebec, November and Victor, sending you 1
2024-10-15 01:52:21.366018 Victor: Uniform and Quebec, sending you 3
2024-10-15 01:52:21.366322 November: Uniform and Quebec, sending you 2
2024-10-15 01:52:21.366789 Juliett: November and Victor, sending you 1
2024-10-15 01:52:21.368664 Yankee: Tango, sending you 2
2024-10-15 01:52:21.368958 Uniform: Juliett and November, sending you 2
2024-10-15 01:52:21.369397 X-ray: Yankee, sending you 6
2024-10-15 01:52:21.370140 Kilo: Juliett, sending you 3
2024-10-15 01:52:21.370725 Victor: Juliett and Kilo, sending you 2
2024-10-15 01:52:21.371411 November: Juliett and Kilo, sending you 1
2024-10-15 01:52:21.372695 Juliett: Kilo, sending you 3
2024-10-15 01:52:21.373687 Uniform: Victor, sending you 3
2024-10-15 01:52:21.375096 X-ray: Tango, sending you 3
2024-10-15 01:52:21.375677 Victor: November, sending you 4
2024-10-15 01:52:21.377639 November: Victor, sending you 3
2024-10-15 01:52:21.392671 Papa: Quebec, sending you 2
2024-10-15 01:52:21.396662 Papa: Yankee, sending you 4
2024-10-15 01:52:21.400976 Papa: X-ray and Tango, sending you 3
chatterbot Quebec submitting transactions
chatterbot Tango submitting transactions
chatterbot X-ray submitting transactions
chatterbot Yankee submitting transactions
chatterbot November submitting transactions
chatterbot Uniform submitting transactions
chatterbot Victor submitting transactions
chatterbot Kilo submitting transactions
chatterbot Juliett submitting transactions
chatterbot Papa submitting transactions
ChatterBot Uniform round 6
ChatterBot Papa round 6
ChatterBot Quebec round 6
ChatterBot Juliett round 6
ChatterBot Yankee round 6
ChatterBot November round 6
ChatterBot X-ray round 6
ChatterBot Victor round 6
ChatterBot Kilo round 6
ChatterBot Tango round 6
2024-10-15 01:52:22.494620 Papa: We should replace Quebec with Kilo
2024-10-15 01:52:22.503919 Yankee: No
2024-10-15 01:52:22.504158 X-ray: No
2024-10-15 01:52:22.504301 Tango: No
ChatterBot Papa reevaluating
ChatterBot Papa reevaluating
2024-10-15 01:52:22.535800 Papa: Kilo we want you to join our group
2024-10-15 01:52:22.538569 Kilo: No
ChatterBot Papa reevaluating
2024-10-15 01:52:22.549204 Papa: We should replace Quebec with November
2024-10-15 01:52:22.554734 Yankee: No
2024-10-15 01:52:22.554903 X-ray: No
2024-10-15 01:52:22.555057 Tango: No
ChatterBot Papa reevaluating
ChatterBot Papa reevaluating
ChatterBot Papa reevaluating
2024-10-15 01:52:22.580658 Quebec: Uniform and Kilo, sending you 1
2024-10-15 01:52:22.581206 Juliett: Uniform and Quebec, sending you 2
2024-10-15 01:52:22.581684 Uniform: Quebec and Kilo, sending you 1
2024-10-15 01:52:22.582086 Victor: Uniform and Quebec, sending you 3
2024-10-15 01:52:22.583040 Yankee: Papa and X-ray, sending you 3
2024-10-15 01:52:22.583331 X-ray: Papa, sending you 5
2024-10-15 01:52:22.583561 November: Uniform and Quebec, sending you 2
2024-10-15 01:52:22.584671 Quebec: Juliett, November and Victor, sending you 2
2024-10-15 01:52:22.585655 Juliett: November and Victor, sending you 1
2024-10-15 01:52:22.586242 Uniform: Juliett and November, sending you 2
2024-10-15 01:52:22.586836 Yankee: Tango, sending you 2
2024-10-15 01:52:22.587226 X-ray: Yankee, sending you 6
2024-10-15 01:52:22.587571 November: Juliett and Kilo, sending you 1
2024-10-15 01:52:22.588517 Victor: Juliett and Kilo, sending you 2
2024-10-15 01:52:22.589682 Juliett: Kilo, sending you 3
2024-10-15 01:52:22.591044 Uniform: Victor, sending you 3
2024-10-15 01:52:22.591424 X-ray: Tango, sending you 3
2024-10-15 01:52:22.591685 November: Victor, sending you 3
2024-10-15 01:52:22.592070 Victor: November, sending you 4
2024-10-15 01:52:22.598673 Tango: Same as last round
2024-10-15 01:52:22.600664 Kilo: Uniform, Quebec, November and Victor, sending you 1
2024-10-15 01:52:22.601679 Papa: Yankee, sending you 4
2024-10-15 01:52:22.604659 Kilo: Juliett, sending you 3
2024-10-15 01:52:22.606670 Papa: X-ray and Tango, sending you 3
2024-10-15 01:52:22.609665 Papa: Kilo, sending you 2
chatterbot X-ray submitting transactions
chatterbot Victor submitting transactions
chatterbot Uniform submitting transactions
chatterbot November submitting transactions
chatterbot Papa submitting transactions
chatterbot Yankee submitting transactions
chatterbot Kilo submitting transactions
chatterbot Quebec submitting transactions
chatterbot Juliett submitting transactions
chatterbot Tango submitting transactions
ChatterBot Uniform round 7
ChatterBot Papa round 7
ChatterBot Quebec round 7
ChatterBot Juliett round 7
ChatterBot Yankee round 7
ChatterBot November round 7
ChatterBot X-ray round 7
ChatterBot Victor round 7
ChatterBot Kilo round 7
ChatterBot Tango round 7
2024-10-15 01:52:23.707667 Juliett: Uniform, Quebec and Victor, sending you 2
2024-10-15 01:52:23.709666 Uniform: Quebec and Kilo, sending you 1
2024-10-15 01:52:23.711717 Juliett: Kilo, sending you 3
2024-10-15 01:52:23.713654 Uniform: Juliett and November, sending you 2
2024-10-15 01:52:23.716690 Yankee: Papa, sending you 3
2024-10-15 01:52:23.717095 Papa: Yankee, sending you 4
2024-10-15 01:52:23.717937 Uniform: Victor, sending you 3
2024-10-15 01:52:23.719675 Yankee: X-ray and Tango, sending you 2
2024-10-15 01:52:23.720674 Victor: Uniform and Quebec, sending you 3
2024-10-15 01:52:23.721439 Papa: X-ray and Tango, sending you 3
2024-10-15 01:52:23.721870 Kilo: Uniform, Quebec, November and Victor, sending you 1
2024-10-15 01:52:23.723682 November: Uniform and Quebec, sending you 2
2024-10-15 01:52:23.724223 Tango: Same as last round
2024-10-15 01:52:23.724703 Victor: Juliett and Kilo, sending you 2
2024-10-15 01:52:23.725682 Papa: Kilo, sending you 2
2024-10-15 01:52:23.726664 Kilo: Juliett, sending you 3
2024-10-15 01:52:23.727828 Quebec: Uniform and Kilo, sending you 1
2024-10-15 01:52:23.728347 November: Juliett and Kilo, sending you 1
2024-10-15 01:52:23.728878 X-ray: Papa, sending you 5
2024-10-15 01:52:23.729666 Victor: November, sending you 4
2024-10-15 01:52:23.731678 November: Victor, sending you 3
2024-10-15 01:52:23.732666 Quebec: Juliett, November and Victor, sending you 2
2024-10-15 01:52:23.733319 X-ray: Yankee, sending you 6
2024-10-15 01:52:23.738672 X-ray: Tango, sending you 3
chatterbot Quebec submitting transactions
chatterbot November submitting transactions
chatterbot Kilo submitting transactions
chatterbot Papa submitting transactions
chatterbot Uniform submitting transactions
chatterbot Juliett submitting transactions
chatterbot X-ray submitting transactions
chatterbot Tango submitting transactions
chatterbot Yankee submitting transactions
chatterbot Victor submitting transactions
ChatterBot Uniform round 8
ChatterBot Papa round 8
ChatterBot Quebec round 8
ChatterBot Juliett round 8
ChatterBot Yankee round 8
ChatterBot November round 8
ChatterBot X-ray round 8
ChatterBot Victor round 8
ChatterBot Kilo round 8
ChatterBot Tango round 8
2024-10-15 01:52:24.927701 Papa: Yankee, sending you 4
2024-10-15 01:52:24.928199 Uniform: Quebec and Kilo, sending you 1
2024-10-15 01:52:24.929786 Juliett: Uniform, Quebec and Victor, sending you 2
2024-10-15 01:52:24.930721 Victor: Uniform and Quebec, sending you 3
2024-10-15 01:52:24.931458 Papa: X-ray and Tango, sending you 3
2024-10-15 01:52:24.931866 Uniform: Juliett and November, sending you 2
2024-10-15 01:52:24.933669 Juliett: Kilo, sending you 3
2024-10-15 01:52:24.934686 Victor: Juliett and Kilo, sending you 2
2024-10-15 01:52:24.936674 Papa: Kilo, sending you 2
2024-10-15 01:52:24.937014 Yankee: Papa, sending you 3
2024-10-15 01:52:24.937324 Uniform: Victor, sending you 3
2024-10-15 01:52:24.937827 Kilo: Uniform, Quebec, November and Victor, sending you 1
2024-10-15 01:52:24.938685 Quebec: Uniform and Kilo, sending you 1
2024-10-15 01:52:24.939901 Victor: November, sending you 4
2024-10-15 01:52:24.941689 Yankee: X-ray and Tango, sending you 2
2024-10-15 01:52:24.942100 Kilo: Juliett, sending you 3
2024-10-15 01:52:24.943211 X-ray: Papa, sending you 5
2024-10-15 01:52:24.943693 Quebec: Juliett, November and Victor, sending you 2
2024-10-15 01:52:24.944311 November: Uniform and Quebec, sending you 2
2024-10-15 01:52:24.946657 X-ray: Yankee, sending you 6
2024-10-15 01:52:24.948671 November: Juliett and Kilo, sending you 1
2024-10-15 01:52:24.950679 X-ray: Tango, sending you 3
2024-10-15 01:52:24.952695 November: Victor, sending you 3
2024-10-15 01:52:24.955668 Tango: Same as last round
chatterbot Yankee submitting transactions
chatterbot Quebec submitting transactions
chatterbot Kilo submitting transactions
chatterbot X-ray submitting transactions
chatterbot Juliett submitting transactions
chatterbot Papa submitting transactions
chatterbot Victor submitting transactions
chatterbot Uniform submitting transactions
chatterbot Tango submitting transactions
chatterbot November submitting transactions
ChatterBot Uniform round 9
ChatterBot Papa round 9
ChatterBot Quebec round 9
ChatterBot Juliett round 9
ChatterBot Yankee round 9
ChatterBot November round 9
ChatterBot X-ray round 9
ChatterBot Victor round 9
ChatterBot Kilo round 9
ChatterBot Tango round 9
2024-10-15 01:52:25.937569 Papa: We should replace Kilo with Quebec
2024-10-15 01:52:25.946291 Yankee: No
2024-10-15 01:52:25.946950 X-ray: No
2024-10-15 01:52:25.947089 Tango: No
ChatterBot Papa reevaluating
ChatterBot Papa reevaluating
ChatterBot Papa reevaluating
2024-10-15 01:52:25.982754 Papa: We should replace Kilo with November
2024-10-15 01:52:25.988321 Yankee: No
2024-10-15 01:52:25.988512 X-ray: No
2024-10-15 01:52:25.988637 Tango: No
ChatterBot Papa reevaluating
ChatterBot Papa reevaluating
ChatterBot Papa reevaluating
2024-10-15 01:52:26.004486 Uniform: Quebec and Kilo, sending you 1
2024-10-15 01:52:26.007659 November: Uniform and Quebec, sending you 2
2024-10-15 01:52:26.008680 Uniform: Juliett and November, sending you 2
2024-10-15 01:52:26.009337 Quebec: Uniform and Kilo, sending you 1
2024-10-15 01:52:26.010252 Yankee: Papa, sending you 3
2024-10-15 01:52:26.010765 November: Juliett and Kilo, sending you 1
2024-10-15 01:52:26.012677 Uniform: Victor, sending you 3
2024-10-15 01:52:26.013733 Quebec: Juliett, November and Victor, sending you 2
2024-10-15 01:52:26.014411 November: Victor, sending you 3
2024-10-15 01:52:26.015595 Yankee: X-ray and Tango, sending you 2
2024-10-15 01:52:26.016038 Kilo: Uniform, Quebec, November and Victor, sending you 1
2024-10-15 01:52:26.016699 Tango: Same as last round
2024-10-15 01:52:26.017658 X-ray: Papa and Yankee, sending you 5
2024-10-15 01:52:26.021694 Kilo: Juliett, sending you 3
2024-10-15 01:52:26.022426 X-ray: Tango, sending you 4
2024-10-15 01:52:26.024670 Papa: Yankee, sending you 4
2024-10-15 01:52:26.026658 Victor: Uniform and Quebec, sending you 3
2024-10-15 01:52:26.027338 Juliett: Uniform, Quebec and Victor, sending you 2
2024-10-15 01:52:26.028675 Papa: X-ray and Tango, sending you 3
2024-10-15 01:52:26.030693 Victor: Juliett and Kilo, sending you 2
2024-10-15 01:52:26.031657 Papa: Kilo, sending you 2
2024-10-15 01:52:26.032647 Juliett: Kilo, sending you 3
2024-10-15 01:52:26.033667 Victor: November, sending you 4
chatterbot Uniform submitting transactions
chatterbot November submitting transactions
chatterbot Victor submitting transactions
chatterbot Yankee submitting transactions
chatterbot Tango submitting transactions
chatterbot X-ray submitting transactions
chatterbot Papa submitting transactions
chatterbot Kilo submitting transactions
chatterbot Juliett submitting transactions
chatterbot Quebec submitting transactions
ChatterBot Uniform round 10
ChatterBot Papa round 10
ChatterBot Quebec round 10
ChatterBot Juliett round 10
ChatterBot Yankee round 10
ChatterBot November round 10
ChatterBot X-ray round 10
ChatterBot Victor round 10
2024-10-15 01:52:26.973652 Papa: We should replace Kilo with Juliett
2024-10-15 01:52:27.002520 Yankee: No
2024-10-15 01:52:27.002854 X-ray: No
2024-10-15 01:52:27.003057 Tango: No
ChatterBot Papa reevaluating
ChatterBot Papa reevaluating
ChatterBot Papa reevaluating
ChatterBot Kilo round 10
ChatterBot Tango round 10
2024-10-15 01:52:27.083822 Papa: We should replace Kilo with Quebec
2024-10-15 01:52:27.089666 Yankee: No
2024-10-15 01:52:27.089899 X-ray: No
2024-10-15 01:52:27.090130 Tango: No
ChatterBot Papa reevaluating
ChatterBot Papa reevaluating
ChatterBot Papa reevaluating
2024-10-15 01:52:27.126661 Juliett: Uniform, Quebec and Victor, sending you 2
2024-10-15 01:52:27.133672 Juliett: Kilo, sending you 3
2024-10-15 01:52:27.134469 Victor: Uniform, Quebec, Juliett and November, sending you 3
2024-10-15 01:52:27.135174 Yankee: Papa, sending you 3
2024-10-15 01:52:27.138662 Quebec: Uniform and Kilo, sending you 1
2024-10-15 01:52:27.140037 Victor: Kilo, sending you 2
2024-10-15 01:52:27.140933 Yankee: X-ray and Tango, sending you 2
2024-10-15 01:52:27.141667 Uniform: Quebec and Kilo, sending you 1
2024-10-15 01:52:27.143051 November: Uniform and Quebec, sending you 2
2024-10-15 01:52:27.143924 Kilo: Quebec and November, sending you 1
2024-10-15 01:52:27.144904 Papa: Yankee, sending you 4
2024-10-15 01:52:27.145573 X-ray: Papa and Yankee, sending you 5
2024-10-15 01:52:27.146454 Quebec: Juliett, November and Victor, sending you 2
2024-10-15 01:52:27.147693 Uniform: Juliett and November, sending you 2
2024-10-15 01:52:27.148713 November: Juliett and Kilo, sending you 1
2024-10-15 01:52:27.150189 Kilo: Juliett, sending you 3
2024-10-15 01:52:27.151082 Papa: X-ray and Tango, sending you 3
2024-10-15 01:52:27.151569 X-ray: Tango, sending you 4
2024-10-15 01:52:27.152584 Uniform: Victor, sending you 3
2024-10-15 01:52:27.153603 November: Victor, sending you 3
2024-10-15 01:52:27.154559 Tango: Same as last round
2024-10-15 01:52:27.155147 Papa: Kilo, sending you 2
2024-10-15 01:52:27.156287 Kilo: Victor, sending you 2
chatterbot Papa submitting transactions
chatterbot Yankee submitting transactions
chatterbot November submitting transactions
chatterbot Tango submitting transactions
chatterbot Juliett submitting transactions
chatterbot Uniform submitting transactions
chatterbot X-ray submitting transactions
chatterbot Quebec submitting transactions
chatterbot Kilo submitting transactions
chatterbot Victor submitting transactions
ChatterBot Uniform round 11
ChatterBot Papa round 11
ChatterBot Quebec round 11
ChatterBot Juliett round 11
ChatterBot Yankee round 11
ChatterBot November round 11
ChatterBot X-ray round 11
ChatterBot Victor round 11
ChatterBot Kilo round 11
ChatterBot Tango round 11
2024-10-15 01:52:28.280856 Papa: We should replace Kilo with Quebec
2024-10-15 01:52:28.287536 Yankee: No
2024-10-15 01:52:28.287741 X-ray: No
2024-10-15 01:52:28.287955 Tango: No
ChatterBot Papa reevaluating
ChatterBot Papa reevaluating
ChatterBot Papa reevaluating
2024-10-15 01:52:28.328679 Papa: Quebec we want you to join our group
2024-10-15 01:52:28.331680 Quebec: No
ChatterBot Papa reevaluating
2024-10-15 01:52:28.341431 Papa: We should replace Kilo with November
2024-10-15 01:52:28.346942 Yankee: No
2024-10-15 01:52:28.347110 X-ray: No
2024-10-15 01:52:28.347247 Tango: No
ChatterBot Papa reevaluating
ChatterBot Papa reevaluating
ChatterBot Papa reevaluating
2024-10-15 01:52:28.364948 Yankee: Papa, sending you 3
2024-10-15 01:52:28.367683 Tango: Same as last round
2024-10-15 01:52:28.368384 Quebec: Uniform and Kilo, sending you 1
2024-10-15 01:52:28.370021 Uniform: Quebec and Kilo, sending you 1
2024-10-15 01:52:28.370978 Juliett: Uniform, Quebec and Victor, sending you 2
2024-10-15 01:52:28.371964 X-ray: Papa and Yankee, sending you 5
2024-10-15 01:52:28.372564 November: Uniform and Quebec, sending you 2
2024-10-15 01:52:28.373502 Victor: Uniform, Quebec, Juliett and November, sending you 3
2024-10-15 01:52:28.374477 Yankee: X-ray and Tango, sending you 2
2024-10-15 01:52:28.375103 Kilo: Quebec and November, sending you 1
2024-10-15 01:52:28.376330 Quebec: Juliett, November and Victor, sending you 2
2024-10-15 01:52:28.377298 Uniform: Juliett and November, sending you 2
2024-10-15 01:52:28.378250 X-ray: Tango, sending you 4
2024-10-15 01:52:28.378893 Juliett: Kilo, sending you 3
2024-10-15 01:52:28.380536 November: Juliett and Kilo, sending you 1
2024-10-15 01:52:28.381515 Victor: Kilo, sending you 2
2024-10-15 01:52:28.382518 Kilo: Juliett, sending you 3
2024-10-15 01:52:28.383572 Uniform: Victor, sending you 3
2024-10-15 01:52:28.385691 November: Victor, sending you 3
2024-10-15 01:52:28.386508 Kilo: Victor, sending you 2
2024-10-15 01:52:28.405673 Papa: Quebec and X-ray, sending you 2
2024-10-15 01:52:28.408712 Papa: Yankee, sending you 4
2024-10-15 01:52:28.412689 Papa: Tango, sending you 3
chatterbot X-ray submitting transactions
chatterbot Uniform submitting transactions
chatterbot Quebec submitting transactions
chatterbot Kilo submitting transactions
chatterbot Tango submitting transactions
chatterbot Papa submitting transactions
chatterbot Yankee submitting transactions
chatterbot Victor submitting transactions
chatterbot Juliett submitting transactions
chatterbot November submitting transactions
ChatterBot Uniform round 12
ChatterBot Papa round 12
ChatterBot Quebec round 12
ChatterBot Juliett round 12
ChatterBot Yankee round 12
ChatterBot November round 12
ChatterBot X-ray round 12
2024-10-15 01:52:29.459909 Papa: We should replace Quebec with November
2024-10-15 01:52:29.468041 Yankee: No
2024-10-15 01:52:29.468220 X-ray: No
2024-10-15 01:52:29.468357 Tango: No
ChatterBot Papa reevaluating
ChatterBot Papa reevaluating
ChatterBot Victor round 12
ChatterBot Kilo round 12
ChatterBot Tango round 12
2024-10-15 01:52:29.521939 Papa: November we want you to join our group
2024-10-15 01:52:29.525761 November: No
ChatterBot Papa reevaluating
2024-10-15 01:52:29.533694 Uniform: Quebec and Kilo, sending you 1
2024-10-15 01:52:29.534363 Quebec: Uniform and Kilo, sending you 1
2024-10-15 01:52:29.537907 Uniform: Juliett and November, sending you 2
2024-10-15 01:52:29.538861 X-ray: Papa and Yankee, sending you 5
2024-10-15 01:52:29.539455 Juliett: Uniform, Quebec and Victor, sending you 2
2024-10-15 01:52:29.540396 Quebec: Juliett, November and Victor, sending you 2
2024-10-15 01:52:29.541711 Yankee: Papa, sending you 3
2024-10-15 01:52:29.542263 Uniform: Victor, sending you 3
2024-10-15 01:52:29.543189 X-ray: Tango, sending you 4
2024-10-15 01:52:29.544669 Juliett: Kilo, sending you 3
2024-10-15 01:52:29.546687 Yankee: X-ray and Tango, sending you 2
2024-10-15 01:52:29.547323 Tango: Same as last round
2024-10-15 01:52:29.547882 November: Uniform and Quebec, sending you 2
2024-10-15 01:52:29.550673 Victor: Uniform, Quebec, Juliett and November, sending you 3
2024-10-15 01:52:29.555492 November: Victor, sending you 3
2024-10-15 01:52:29.556852 Kilo: Quebec and November, sending you 1
2024-10-15 01:52:29.558432 Victor: Kilo, sending you 2
2024-10-15 01:52:29.560679 November: Kilo, sending you 1
2024-10-15 01:52:29.561762 Kilo: Juliett, sending you 3
2024-10-15 01:52:29.563338 Papa: Quebec and X-ray, sending you 2
2024-10-15 01:52:29.567734 Kilo: Victor, sending you 2
2024-10-15 01:52:29.568906 Papa: Yankee, sending you 4
2024-10-15 01:52:29.572668 Papa: Tango, sending you 3
chatterbot Quebec submitting transactions
chatterbot November submitting transactions
chatterbot X-ray submitting transactions
chatterbot Juliett submitting transactions
chatterbot Uniform submitting transactions
chatterbot Kilo submitting transactions
chatterbot Victor submitting transactions
chatterbot Papa submitting transactions
chatterbot Yankee submitting transactions
chatterbot Tango submitting transactions
ChatterBot Uniform round 13
ChatterBot Papa round 13
ChatterBot Quebec round 13
ChatterBot Juliett round 13
ChatterBot Yankee round 13
ChatterBot November round 13
ChatterBot X-ray round 13
ChatterBot Victor round 13
ChatterBot Kilo round 13
ChatterBot Tango round 13
2024-10-15 01:52:30.814663 Uniform: Quebec and Kilo, sending you 1
2024-10-15 01:52:30.818654 Uniform: Juliett and November, sending you 2
2024-10-15 01:52:30.822665 Uniform: Victor, sending you 3
2024-10-15 01:52:30.823679 Yankee: Papa, sending you 3
2024-10-15 01:52:30.824661 November: Uniform and Quebec, sending you 2
2024-10-15 01:52:30.826652 Papa: Yankee and Tango, sending you 4
2024-10-15 01:52:30.827043 Quebec: Uniform and Kilo, sending you 1
2024-10-15 01:52:30.828237 Juliett: Uniform, Quebec and Victor, sending you 2
2024-10-15 01:52:30.829209 Yankee: X-ray and Tango, sending you 2
2024-10-15 01:52:30.829598 November: Victor, sending you 3
2024-10-15 01:52:30.830141 Victor: Uniform, Quebec, Juliett and November, sending you 3
2024-10-15 01:52:30.830759 X-ray: Papa and Yankee, sending you 5
2024-10-15 01:52:30.831143 Kilo: Quebec and November, sending you 1
2024-10-15 01:52:30.831771 Papa: X-ray, sending you 2
2024-10-15 01:52:30.832049 Quebec: Juliett, November and Victor, sending you 2
2024-10-15 01:52:30.833047 Juliett: Kilo, sending you 3
2024-10-15 01:52:30.833669 Tango: Same as last round
2024-10-15 01:52:30.834039 November: Kilo, sending you 1
2024-10-15 01:52:30.834573 Victor: Kilo, sending you 2
2024-10-15 01:52:30.835116 X-ray: Tango, sending you 4
2024-10-15 01:52:30.835680 Kilo: Juliett, sending you 3
2024-10-15 01:52:30.839667 Kilo: Victor, sending you 2
chatterbot Uniform submitting transactions
chatterbot Victor submitting transactions
chatterbot X-ray submitting transactions
chatterbot Yankee submitting transactions
chatterbot Kilo submitting transactions
chatterbot Tango submitting transactions
chatterbot Papa submitting transactions
chatterbot November submitting transactions
chatterbot Juliett submitting transactions
chatterbot Quebec submitting transactions
ChatterBot Uniform round 14
ChatterBot Papa round 14
ChatterBot Quebec round 14
ChatterBot Juliett round 14
ChatterBot Yankee round 14
ChatterBot November round 14
ChatterBot X-ray round 14
ChatterBot Victor round 14
2024-10-15 01:52:32.074354 Papa: We should replace Quebec with Kilo
2024-10-15 01:52:32.082105 Yankee: No
2024-10-15 01:52:32.082366 X-ray: No
2024-10-15 01:52:32.082556 Tango: No
ChatterBot Papa reevaluating
ChatterBot Papa reevaluating
ChatterBot Kilo round 14
ChatterBot Tango round 14
2024-10-15 01:52:32.134681 Papa: Kilo we want you to join our group
2024-10-15 01:52:32.138466 Kilo: No
ChatterBot Papa reevaluating
2024-10-15 01:52:32.148008 Papa: We should replace Quebec with November
2024-10-15 01:52:32.154160 Yankee: No
2024-10-15 01:52:32.154392 X-ray: No
2024-10-15 01:52:32.154608 Tango: No
ChatterBot Papa reevaluating
ChatterBot Papa reevaluating
ChatterBot Papa reevaluating
2024-10-15 01:52:32.176671 Yankee: Papa, sending you 3
2024-10-15 01:52:32.177747 Juliett: Uniform, Quebec and Victor, sending you 2
2024-10-15 01:52:32.179307 Kilo: Quebec and November, sending you 1
2024-10-15 01:52:32.181747 X-ray: Papa and Yankee, sending you 5
2024-10-15 01:52:32.182893 November: Uniform, sending you 2
2024-10-15 01:52:32.184521 Victor: Uniform, Quebec, Juliett and November, sending you 3
2024-10-15 01:52:32.187313 Quebec: Uniform and Kilo, sending you 1
2024-10-15 01:52:32.188851 Uniform: Quebec and Kilo, sending you 1
2024-10-15 01:52:32.189990 Yankee: X-ray and Tango, sending you 2
2024-10-15 01:52:32.191412 Juliett: Kilo, sending you 3
2024-10-15 01:52:32.192601 Kilo: Juliett, sending you 3
2024-10-15 01:52:32.193539 X-ray: Tango, sending you 4
2024-10-15 01:52:32.194901 November: Quebec and Victor, sending you 3
2024-10-15 01:52:32.196102 Victor: Kilo, sending you 2
2024-10-15 01:52:32.197407 Quebec: Juliett, November and Victor, sending you 2
2024-10-15 01:52:32.199379 Tango: Same as last round
2024-10-15 01:52:32.200041 Uniform: Juliett and November, sending you 2
2024-10-15 01:52:32.201029 Kilo: Victor, sending you 2
2024-10-15 01:52:32.202020 November: Kilo, sending you 1
2024-10-15 01:52:32.204256 Uniform: Victor, sending you 3
2024-10-15 01:52:32.214663 Papa: Yankee and Tango, sending you 4
2024-10-15 01:52:32.218680 Papa: X-ray, sending you 2
chatterbot Uniform submitting transactions
chatterbot Papa submitting transactions
chatterbot Victor submitting transactions
chatterbot Kilo submitting transactions
chatterbot Yankee submitting transactions
chatterbot Juliett submitting transactions
chatterbot Quebec submitting transactions
chatterbot Tango submitting transactions
chatterbot X-ray submitting transactions
chatterbot November submitting transactions
ChatterBot Uniform round 15
ChatterBot Papa round 15
ChatterBot Quebec round 15
ChatterBot Juliett round 15
ChatterBot Yankee round 15
ChatterBot November round 15
ChatterBot X-ray round 15
ChatterBot Victor round 15
2024-10-15 01:52:33.385310 Papa: We should replace Quebec with Uniform
2024-10-15 01:52:33.394897 Yankee: No
2024-10-15 01:52:33.395155 X-ray: No
2024-10-15 01:52:33.395363 Tango: No
ChatterBot Papa reevaluating
ChatterBot Papa reevaluating
ChatterBot Papa reevaluating
ChatterBot Kilo round 15
ChatterBot Tango round 15
2024-10-15 01:52:33.436828 Papa: We should replace Quebec with November
2024-10-15 01:52:33.441915 Yankee: No
2024-10-15 01:52:33.442070 X-ray: No
2024-10-15 01:52:33.442831 Tango: No
ChatterBot Papa reevaluating
ChatterBot Papa reevaluating
