ChatterBot X-ray round 1
ChatterBot Quebec round 1
ChatterBot Lima round 1
ChatterBot Mike round 1
ChatterBot Papa round 1
ChatterBot Zulu round 1
randomSelections Lima: {Lima, Tango, Zulu, Hotel} 
2024-10-14 13:20:36.610855 Lima: We would work well together
ChatterBot Zulu reevaluating
2024-10-14 13:20:36.613970 Zulu: Yes
ChatterBot Whiskey round 1
ChatterBot Hotel round 1
ChatterBot Hotel reevaluating
ChatterBot Hotel reevaluating
2024-10-14 13:20:36.625450 Hotel: Yes
ChatterBot Zulu reevaluating
ChatterBot Echo round 1
ChatterBot Tango round 1
ChatterBot Tango reevaluating
ChatterBot Tango reevaluating
ChatterBot Tango reevaluating
2024-10-14 13:20:36.639229 Tango: Yes
ChatterBot Zulu reevaluating
ChatterBot Hotel reevaluating
randomSelections Mike: {Mike, Quebec, Tango, Hotel, X-ray, Whiskey, Papa, Zulu} 
2024-10-14 13:20:36.651835 Mike: Group up?
ChatterBot Quebec reevaluating
ChatterBot Tango reevaluating
ChatterBot Hotel reevaluating
ChatterBot X-ray reevaluating
ChatterBot Whiskey reevaluating
ChatterBot Papa reevaluating
ChatterBot Zulu reevaluating
2024-10-14 13:20:36.670531 Quebec: Yes
2024-10-14 13:20:36.671130 Tango: No
2024-10-14 13:20:36.671285 Hotel: No
2024-10-14 13:20:36.671427 X-ray: Yes
2024-10-14 13:20:36.671533 Whiskey: Yes
2024-10-14 13:20:36.671653 Papa: Yes
2024-10-14 13:20:36.671763 Zulu: No
ChatterBot Tango reevaluating
ChatterBot Hotel reevaluating
ChatterBot X-ray reevaluating
ChatterBot Whiskey reevaluating
ChatterBot Papa reevaluating
ChatterBot Zulu reevaluating
ChatterBot Quebec reevaluating
ChatterBot Hotel reevaluating
ChatterBot X-ray reevaluating
ChatterBot Whiskey reevaluating
ChatterBot Papa reevaluating
ChatterBot Zulu reevaluating
ChatterBot Quebec reevaluating
ChatterBot Tango reevaluating
ChatterBot X-ray reevaluating
ChatterBot Whiskey reevaluating
ChatterBot Papa reevaluating
ChatterBot Zulu reevaluating
ChatterBot Quebec reevaluating
ChatterBot Tango reevaluating
ChatterBot Hotel reevaluating
ChatterBot Whiskey reevaluating
ChatterBot Papa reevaluating
ChatterBot Zulu reevaluating
ChatterBot Quebec reevaluating
ChatterBot Tango reevaluating
ChatterBot Hotel reevaluating
ChatterBot X-ray reevaluating
ChatterBot Papa reevaluating
ChatterBot Zulu reevaluating
ChatterBot Quebec reevaluating
ChatterBot Tango reevaluating
ChatterBot Hotel reevaluating
ChatterBot X-ray reevaluating
ChatterBot Whiskey reevaluating
ChatterBot Zulu reevaluating
ChatterBot Quebec reevaluating
ChatterBot Tango reevaluating
ChatterBot Hotel reevaluating
ChatterBot X-ray reevaluating
ChatterBot Whiskey reevaluating
ChatterBot Papa reevaluating
randomSelections Echo: {Echo, Papa, X-ray, Zulu, Tango, Lima} 
2024-10-14 13:20:36.795145 Echo: We would work well together
ChatterBot Papa reevaluating
ChatterBot X-ray reevaluating
ChatterBot Zulu reevaluating
ChatterBot Tango reevaluating
2024-10-14 13:20:36.803498 Papa: No
2024-10-14 13:20:36.804024 X-ray: No
2024-10-14 13:20:36.804190 Zulu: No
2024-10-14 13:20:36.804331 Tango: No
2024-10-14 13:20:36.804448 Lima: No
ChatterBot X-ray reevaluating
ChatterBot Zulu reevaluating
ChatterBot Tango reevaluating
ChatterBot Papa reevaluating
ChatterBot Zulu reevaluating
ChatterBot Tango reevaluating
ChatterBot Papa reevaluating
ChatterBot X-ray reevaluating
ChatterBot Tango reevaluating
ChatterBot Papa reevaluating
ChatterBot X-ray reevaluating
ChatterBot Zulu reevaluating
ChatterBot Papa reevaluating
ChatterBot X-ray reevaluating
ChatterBot Zulu reevaluating
ChatterBot Tango reevaluating
2024-10-14 13:20:36.849665 Lima: Zulu, sending you 8
2024-10-14 13:20:36.853813 Lima: Hotel and Tango, sending you 3
2024-10-14 13:20:36.860720 Mike: Papa, sending you 1
2024-10-14 13:20:36.861675 Tango: Lima and Hotel, sending you 3
2024-10-14 13:20:36.863024 Quebec: X-ray, Papa, Zulu and Tango, sending you 2
2024-10-14 13:20:36.863685 Echo: X-ray, sending you 2
2024-10-14 13:20:36.865664 Mike: Zulu and Hotel, sending you 2
2024-10-14 13:20:36.865942 Quebec: Mike, Whiskey and Hotel, sending you 3
2024-10-14 13:20:36.866715 Hotel: Lima, sending you 4
2024-10-14 13:20:36.866911 Tango: Zulu, sending you 1
2024-10-14 13:20:36.868039 Whiskey: Quebec, Mike and Hotel, sending you 1
2024-10-14 13:20:36.868730 Echo: Papa and Zulu, sending you 4
2024-10-14 13:20:36.869661 Mike: Tango, sending you 5
2024-10-14 13:20:36.871670 X-ray: Quebec and Hotel, sending you 1
2024-10-14 13:20:36.871996 Hotel: Zulu and Tango, sending you 2
2024-10-14 13:20:36.872239 Whiskey: Zulu and Tango, sending you 3
2024-10-14 13:20:36.873 Echo: Tango, sending you 1
2024-10-14 13:20:36.873320 Papa: X-ray, sending you 3
2024-10-14 13:20:36.874673 X-ray: Papa and Tango, sending you 2
2024-10-14 13:20:36.875704 Papa: Quebec, Zulu, Whiskey and Tango, sending you 1
2024-10-14 13:20:36.878674 X-ray: Zulu and Whiskey, sending you 4
2024-10-14 13:20:36.879176 Papa: Mike and Hotel, sending you 2
chatterbot Echo submitting transactions
chatterbot Hotel submitting transactions
chatterbot X-ray submitting transactions
chatterbot Tango submitting transactions
chatterbot Lima submitting transactions
chatterbot Mike submitting transactions
chatterbot Papa submitting transactions
chatterbot Whiskey submitting transactions
chatterbot Zulu submitting transactions
chatterbot Quebec submitting transactions
ChatterBot X-ray round 2
ChatterBot Quebec round 2
ChatterBot Lima round 2
ChatterBot Mike round 2
ChatterBot Papa round 2
ChatterBot Zulu round 2
2024-10-14 13:20:40.033549 Quebec: Friends?
ChatterBot X-ray reevaluating
ChatterBot Mike reevaluating
ChatterBot Papa reevaluating
ChatterBot Whiskey reevaluating
2024-10-14 13:20:40.073644 X-ray: Yes
2024-10-14 13:20:40.073857 Mike: Yes
2024-10-14 13:20:40.074046 Papa: Yes
2024-10-14 13:20:40.074563 Whiskey: No
ChatterBot Mike reevaluating
ChatterBot Papa reevaluating
ChatterBot Whiskey reevaluating
ChatterBot X-ray reevaluating
ChatterBot Papa reevaluating
ChatterBot Whiskey reevaluating
ChatterBot X-ray reevaluating
ChatterBot Mike reevaluating
ChatterBot Whiskey reevaluating
ChatterBot Quebec reevaluating
ChatterBot X-ray reevaluating
ChatterBot Mike reevaluating
ChatterBot Papa reevaluating
2024-10-14 13:20:40.168768 Mike: Group up?
ChatterBot X-ray reevaluating
ChatterBot Papa reevaluating
ChatterBot Quebec reevaluating
ChatterBot Whiskey reevaluating
2024-10-14 13:20:40.195161 X-ray: Yes
2024-10-14 13:20:40.195284 Papa: Yes
2024-10-14 13:20:40.195389 Quebec: Yes
2024-10-14 13:20:40.195493 Whiskey: No
ChatterBot Quebec reevaluating
ChatterBot Mike reevaluating
ChatterBot Papa reevaluating
ChatterBot Whiskey reevaluating
ChatterBot Quebec reevaluating
ChatterBot X-ray reevaluating
ChatterBot Mike reevaluating
ChatterBot Whiskey reevaluating
ChatterBot X-ray reevaluating
ChatterBot Mike reevaluating
ChatterBot Papa reevaluating
ChatterBot Whiskey reevaluating
ChatterBot Quebec reevaluating
ChatterBot X-ray reevaluating
ChatterBot Mike reevaluating
ChatterBot Papa reevaluating
ChatterBot Whiskey round 2
ChatterBot Hotel round 2
ChatterBot Echo round 2
ChatterBot Tango round 2
2024-10-14 13:20:40.298185 Zulu: Let's form a team
ChatterBot X-ray reevaluating
ChatterBot Quebec reevaluating
ChatterBot Mike reevaluating
ChatterBot Papa reevaluating
ChatterBot Whiskey reevaluating
2024-10-14 13:20:40.326300 X-ray: Yes
2024-10-14 13:20:40.326467 Quebec: Yes
2024-10-14 13:20:40.326645 Mike: Yes
2024-10-14 13:20:40.326799 Papa: No
2024-10-14 13:20:40.326986 Whiskey: No
ChatterBot Zulu reevaluating
ChatterBot Quebec reevaluating
ChatterBot Mike reevaluating
ChatterBot Papa reevaluating
ChatterBot Whiskey reevaluating
ChatterBot Zulu reevaluating
ChatterBot X-ray reevaluating
ChatterBot Mike reevaluating
ChatterBot Papa reevaluating
ChatterBot Whiskey reevaluating
ChatterBot Zulu reevaluating
ChatterBot X-ray reevaluating
ChatterBot Quebec reevaluating
ChatterBot Papa reevaluating
ChatterBot Whiskey reevaluating
ChatterBot Zulu reevaluating
ChatterBot X-ray reevaluating
ChatterBot Quebec reevaluating
ChatterBot Mike reevaluating
ChatterBot Whiskey reevaluating
ChatterBot Zulu reevaluating
ChatterBot X-ray reevaluating
ChatterBot Quebec reevaluating
ChatterBot Mike reevaluating
ChatterBot Papa reevaluating
2024-10-14 13:20:40.498032 Tango: Friends?
ChatterBot Quebec reevaluating
ChatterBot Mike reevaluating
ChatterBot Whiskey reevaluating
2024-10-14 13:20:40.517049 X-ray: No
2024-10-14 13:20:40.517183 Quebec: No
2024-10-14 13:20:40.517287 Mike: No
2024-10-14 13:20:40.517814 Papa: No
2024-10-14 13:20:40.517911 Whiskey: No
ChatterBot Tango reevaluating
ChatterBot Quebec reevaluating
ChatterBot Mike reevaluating
ChatterBot Whiskey reevaluating
ChatterBot Tango reevaluating
ChatterBot Mike reevaluating
ChatterBot Whiskey reevaluating
ChatterBot Tango reevaluating
ChatterBot Quebec reevaluating
ChatterBot Papa reevaluating
ChatterBot Whiskey reevaluating
ChatterBot Tango reevaluating
ChatterBot Quebec reevaluating
ChatterBot Mike reevaluating
ChatterBot Whiskey reevaluating
ChatterBot Tango reevaluating
ChatterBot Quebec reevaluating
ChatterBot Mike reevaluating
ChatterBot Papa reevaluating
2024-10-14 13:20:40.633459 Hotel: Can we be friends?
ChatterBot Tango reevaluating
ChatterBot Quebec reevaluating
ChatterBot Mike reevaluating
ChatterBot Papa reevaluating
ChatterBot Whiskey reevaluating
2024-10-14 13:20:40.671267 Lima: No
2024-10-14 13:20:40.671476 Tango: Yes
2024-10-14 13:20:40.671971 X-ray: No
2024-10-14 13:20:40.672103 Quebec: No
2024-10-14 13:20:40.672241 Mike: No
2024-10-14 13:20:40.672385 Papa: No
2024-10-14 13:20:40.672532 Whiskey: No
ChatterBot Tango reevaluating
ChatterBot Quebec reevaluating
ChatterBot Mike reevaluating
ChatterBot Papa reevaluating
ChatterBot Whiskey reevaluating
ChatterBot Quebec reevaluating
ChatterBot Mike reevaluating
ChatterBot Papa reevaluating
ChatterBot Whiskey reevaluating
ChatterBot Tango reevaluating
ChatterBot Quebec reevaluating
ChatterBot Mike reevaluating
ChatterBot Papa reevaluating
ChatterBot Whiskey reevaluating
ChatterBot Tango reevaluating
ChatterBot Mike reevaluating
ChatterBot Papa reevaluating
ChatterBot Whiskey reevaluating
ChatterBot Tango reevaluating
ChatterBot Quebec reevaluating
ChatterBot Papa reevaluating
ChatterBot Whiskey reevaluating
ChatterBot Tango reevaluating
ChatterBot Quebec reevaluating
ChatterBot Mike reevaluating
ChatterBot Whiskey reevaluating
ChatterBot Tango reevaluating
ChatterBot Quebec reevaluating
ChatterBot Mike reevaluating
ChatterBot Papa reevaluating
2024-10-14 13:20:41.010936 Lima: We should drop Zulu
ChatterBot Tango reevaluating
2024-10-14 13:20:41.021780 Hotel: Yes
2024-10-14 13:20:41.022232 Tango: Yes
ChatterBot Lima reevaluating
ChatterBot Tango reevaluating
ChatterBot Lima reevaluating
2024-10-14 13:20:41.082943 Whiskey: We should drop Tango and Hotel
ChatterBot Zulu reevaluating
ChatterBot Mike reevaluating
2024-10-14 13:20:41.112837 Zulu: Yes
2024-10-14 13:20:41.113192 X-ray: Yes
2024-10-14 13:20:41.113367 Quebec: Yes
2024-10-14 13:20:41.114091 Mike: Yes
2024-10-14 13:20:41.114415 Papa: Yes
ChatterBot Mike reevaluating
ChatterBot Papa reevaluating
ChatterBot Whiskey reevaluating
ChatterBot Zulu reevaluating
ChatterBot Mike reevaluating
ChatterBot Papa reevaluating
ChatterBot Whiskey reevaluating
ChatterBot Zulu reevaluating
ChatterBot Mike reevaluating
ChatterBot Papa reevaluating
ChatterBot Whiskey reevaluating
ChatterBot Zulu reevaluating
ChatterBot Papa reevaluating
ChatterBot Whiskey reevaluating
ChatterBot Zulu reevaluating
ChatterBot Mike reevaluating
ChatterBot Whiskey reevaluating
2024-10-14 13:20:41.395549 X-ray: Quebec and Echo, sending you 3
2024-10-14 13:20:41.395938 Hotel: X-ray, Mike, Papa and Whiskey, sending you 1
chatterbot Quebec submitting transactions
2024-10-14 13:20:41.576564 X-ray: Mike, Zulu and Whiskey, sending you 1
2024-10-14 13:20:41.577106 Tango: X-ray, Quebec, Lima, Whiskey and Hotel, sending you 1
2024-10-14 13:20:41.578087 Hotel: Quebec, Lima and Tango, sending you 2
chatterbot Tango submitting transactions
chatterbot X-ray submitting transactions
2024-10-14 13:20:41.662803 X-ray: Papa, sending you 5
2024-10-14 13:20:41.663252 Papa: X-ray and Quebec, sending you 4
2024-10-14 13:20:41.663946 Whiskey: X-ray and Quebec, sending you 3
2024-10-14 13:20:41.664291 Lima: Sending you each 7
2024-10-14 13:20:41.664622 Quebec: X-ray and Papa, sending you 6
2024-10-14 13:20:41.665433 Tango: Mike, sending you 2
2024-10-14 13:20:41.665827 Zulu: X-ray, Quebec, Mike, Papa and Whiskey, sending you 1
2024-10-14 13:20:41.666665 Mike: Quebec, sending you 8
chatterbot Zulu submitting transactions
2024-10-14 13:20:41.861454 Whiskey: Mike, sending you 1
2024-10-14 13:20:41.861926 Papa: Mike, sending you 2
2024-10-14 13:20:41.862864 Quebec: Whiskey, sending you 5
2024-10-14 13:20:41.863347 Mike: Papa, sending you 6
2024-10-14 13:20:41.863723 Zulu: Echo, sending you 2
chatterbot Hotel submitting transactions
chatterbot Zulu submitting transactions
2024-10-14 13:20:41.969228 Papa: Whiskey, sending you 1
2024-10-14 13:20:41.969918 Whiskey: Papa, sending you 2
2024-10-14 13:20:41.970175 Mike: Whiskey, sending you 3
chatterbot Echo submitting transactions
chatterbot Lima submitting transactions
chatterbot Mike submitting transactions
chatterbot Papa submitting transactions
chatterbot Whiskey submitting transactions
ChatterBot X-ray round 3
ChatterBot Quebec round 3
ChatterBot Lima round 3
ChatterBot Mike round 3
ChatterBot Papa round 3
ChatterBot Zulu round 3
ChatterBot Whiskey round 3
ChatterBot Hotel round 3
ChatterBot Echo round 3
ChatterBot Tango round 3
2024-10-14 13:20:42.730433 Mike: We should add Zulu
ChatterBot X-ray reevaluating
ChatterBot Whiskey reevaluating
2024-10-14 13:20:42.752246 Quebec: Yes
2024-10-14 13:20:42.752981 X-ray: Yes
2024-10-14 13:20:42.753173 Papa: No
2024-10-14 13:20:42.753324 Whiskey: Yes
ChatterBot X-ray reevaluating
ChatterBot Whiskey reevaluating
ChatterBot Whiskey reevaluating
ChatterBot X-ray reevaluating
ChatterBot Whiskey reevaluating
ChatterBot X-ray reevaluating
2024-10-14 13:20:42.877877 Mike: Zulu we want you to join our group
2024-10-14 13:20:42.882586 Zulu: Yes
ChatterBot X-ray reevaluating
ChatterBot Whiskey reevaluating
2024-10-14 13:20:42.901442 Zulu: We should drop Echo
2024-10-14 13:20:42.917118 X-ray: Yes
2024-10-14 13:20:42.917321 Quebec: Yes
2024-10-14 13:20:42.917431 Mike: Yes
2024-10-14 13:20:42.917521 Papa: Yes
2024-10-14 13:20:42.917646 Whiskey: Yes
2024-10-14 13:20:42.992963 Whiskey: Zulu we want you to join our group
2024-10-14 13:20:42.996487 Zulu: Yes
2024-10-14 13:20:43.012447 Papa: X-ray, Quebec and Mike, sending you 3
2024-10-14 13:20:43.012862 Lima: Hotel, sending you 8
2024-10-14 13:20:43.096179 Quebec: X-ray and Whiskey, sending you 3
2024-10-14 13:20:43.096928 Hotel: X-ray, Quebec, Mike, Papa and Whiskey, sending you 1
2024-10-14 13:20:43.097371 Mike: X-ray and Zulu, sending you 2
2024-10-14 13:20:43.097672 Papa: Whiskey, sending you 2
2024-10-14 13:20:43.098423 Lima: Tango, sending you 6
2024-10-14 13:20:43.098633 Tango: X-ray, Mike, Whiskey and Hotel, sending you 1
2024-10-14 13:20:43.128100 Quebec: Mike, sending you 6
2024-10-14 13:20:43.128655 Hotel: Lima, sending you 3
2024-10-14 13:20:43.129518 Mike: Quebec, sending you 4
2024-10-14 13:20:43.130046 Tango: Lima, sending you 3
2024-10-14 13:20:43.130761 Zulu: X-ray, sending you 3
2024-10-14 13:20:43.131239 Whiskey: X-ray and Mike, sending you 2
2024-10-14 13:20:43.131623 X-ray: Quebec and Papa, sending you 4
2024-10-14 13:20:43.228315 Quebec: Papa, sending you 4
2024-10-14 13:20:43.231451 Hotel: Tango, sending you 2
2024-10-14 13:20:43.233859 Mike: Papa, sending you 6
2024-10-14 13:20:43.236268 Whiskey: Quebec, sending you 3
2024-10-14 13:20:43.238378 Zulu: Quebec, Mike, Papa and Whiskey, sending you 1
2024-10-14 13:20:43.241106 X-ray: Mike, sending you 1
2024-10-14 13:20:43.243119 Quebec: Zulu, sending you 1
2024-10-14 13:20:43.247392 Mike: Whiskey, sending you 3
2024-10-14 13:20:43.249009 Whiskey: Papa and Zulu, sending you 1
2024-10-14 13:20:43.250903 X-ray: Zulu, sending you 2
2024-10-14 13:20:43.288097 X-ray: Whiskey, sending you 3
chatterbot Tango submitting transactions
chatterbot Hotel submitting transactions
chatterbot Whiskey submitting transactions
chatterbot Papa submitting transactions
chatterbot Quebec submitting transactions
chatterbot Zulu submitting transactions
chatterbot Mike submitting transactions
chatterbot Lima submitting transactions
chatterbot Echo submitting transactions
chatterbot X-ray submitting transactions
ChatterBot X-ray round 4
ChatterBot Quebec round 4
ChatterBot Lima round 4
ChatterBot Mike round 4
ChatterBot Papa round 4
ChatterBot Zulu round 4
ChatterBot Whiskey round 4
ChatterBot Hotel round 4
ChatterBot Echo round 4
ChatterBot Tango round 4
2024-10-14 13:20:44.284551 Hotel: Group up?
2024-10-14 13:20:44.305933 X-ray: No
2024-10-14 13:20:44.306113 Quebec: No
2024-10-14 13:20:44.306239 Mike: No
2024-10-14 13:20:44.306741 Papa: No
2024-10-14 13:20:44.306852 Zulu: No
2024-10-14 13:20:44.306952 Whiskey: No
2024-10-14 13:20:44.478566 X-ray: Quebec, Papa, Zulu and Whiskey, sending you 3
2024-10-14 13:20:44.479749 Mike: X-ray, sending you 1
2024-10-14 13:20:44.480540 Lima: Sending you each 7
2024-10-14 13:20:44.480819 Zulu: X-ray, sending you 3
2024-10-14 13:20:44.481204 Whiskey: X-ray, Quebec, Mike and Papa, sending you 2
2024-10-14 13:20:44.481610 Quebec: X-ray and Papa, sending you 4
2024-10-14 13:20:44.482363 Papa: X-ray, Quebec and Mike, sending you 3
2024-10-14 13:20:44.482777 Hotel: X-ray, Mike, Papa and Whiskey, sending you 2
2024-10-14 13:20:44.483678 X-ray: Mike, sending you 2
2024-10-14 13:20:44.516649 Mike: Quebec, sending you 6
2024-10-14 13:20:44.517435 Whiskey: Zulu, sending you 1
2024-10-14 13:20:44.517828 Zulu: Quebec, Mike, Papa and Whiskey, sending you 1
2024-10-14 13:20:44.518616 Quebec: Mike, sending you 5
2024-10-14 13:20:44.518941 Hotel: Quebec, sending you 3
2024-10-14 13:20:44.519308 Tango: X-ray, Quebec and Papa, sending you 1
2024-10-14 13:20:44.520060 Papa: Whiskey, sending you 2
2024-10-14 13:20:44.533986 Mike: Papa, sending you 5
2024-10-14 13:20:44.534624 Quebec: Zulu, sending you 1
2024-10-14 13:20:44.535225 Tango: Mike and Whiskey, sending you 2
2024-10-14 13:20:44.540157 Mike: Zulu, sending you 2
2024-10-14 13:20:44.540747 Quebec: Whiskey, sending you 3
2024-10-14 13:20:44.587950 Mike: Whiskey, sending you 3
chatterbot Lima submitting transactions
chatterbot Zulu submitting transactions
chatterbot Tango submitting transactions
chatterbot Whiskey submitting transactions
chatterbot Echo submitting transactions
chatterbot X-ray submitting transactions
chatterbot Quebec submitting transactions
chatterbot Hotel submitting transactions
chatterbot Papa submitting transactions
chatterbot Mike submitting transactions
ChatterBot X-ray round 5
ChatterBot Quebec round 5
ChatterBot Lima round 5
ChatterBot Mike round 5
ChatterBot Papa round 5
ChatterBot Zulu round 5
ChatterBot Whiskey round 5
ChatterBot Hotel round 5
ChatterBot Echo round 5
ChatterBot Tango round 5
2024-10-14 13:20:45.298114 Lima: We should add Echo
2024-10-14 13:20:45.310264 Hotel: No
2024-10-14 13:20:45.310475 Tango: No
ChatterBot Lima reevaluating
ChatterBot Lima reevaluating
2024-10-14 13:20:45.383308 Tango: We should add Lima and Hotel
2024-10-14 13:20:45.404293 X-ray: No
2024-10-14 13:20:45.404745 Quebec: No
2024-10-14 13:20:45.405159 Mike: No
2024-10-14 13:20:45.406356 Papa: No
2024-10-14 13:20:45.406763 Zulu: No
2024-10-14 13:20:45.407729 Whiskey: No
ChatterBot Tango reevaluating
ChatterBot Tango reevaluating
ChatterBot Tango reevaluating
ChatterBot Tango reevaluating
ChatterBot Tango reevaluating
ChatterBot Tango reevaluating
2024-10-14 13:20:45.567204 Papa: X-ray, Quebec and Mike, sending you 3
2024-10-14 13:20:45.568079 Quebec: X-ray and Papa, sending you 4
2024-10-14 13:20:45.588330 Quebec: Mike, sending you 5
2024-10-14 13:20:45.589397 Zulu: X-ray, sending you 3
2024-10-14 13:20:45.590348 X-ray: Quebec, Papa, Zulu and Whiskey, sending you 3
2024-10-14 13:20:45.590929 Hotel: X-ray, Mike, Papa and Whiskey, sending you 2
2024-10-14 13:20:45.591740 Papa: Whiskey, sending you 2
2024-10-14 13:20:45.592157 Mike: X-ray, sending you 2
2024-10-14 13:20:45.593182 Whiskey: X-ray, Quebec, Mike and Papa, sending you 2
2024-10-14 13:20:45.593985 Quebec: Zulu, sending you 1
2024-10-14 13:20:45.595062 X-ray: Mike, sending you 2
2024-10-14 13:20:45.596401 Zulu: Quebec, Mike, Papa and Whiskey, sending you 1
2024-10-14 13:20:45.597096 Hotel: Quebec, sending you 3
2024-10-14 13:20:45.598024 Mike: Quebec, sending you 6
2024-10-14 13:20:45.598675 Lima: Same as last round
2024-10-14 13:20:45.599586 Whiskey: Zulu, sending you 1
2024-10-14 13:20:45.600446 Tango: X-ray, Quebec and Papa, sending you 1
2024-10-14 13:20:45.600890 Quebec: Whiskey, sending you 3
2024-10-14 13:20:45.625359 Mike: Papa, sending you 5
2024-10-14 13:20:45.626832 Tango: Mike and Whiskey, sending you 2
2024-10-14 13:20:45.631344 Mike: Zulu, sending you 1
2024-10-14 13:20:45.647611 Mike: Whiskey, sending you 3
chatterbot Hotel submitting transactions
chatterbot Lima submitting transactions
chatterbot Mike submitting transactions
chatterbot Tango submitting transactions
chatterbot Whiskey submitting transactions
chatterbot X-ray submitting transactions
chatterbot Quebec submitting transactions
chatterbot Zulu submitting transactions
chatterbot Papa submitting transactions
chatterbot Echo submitting transactions
ChatterBot X-ray round 6
ChatterBot Quebec round 6
ChatterBot Lima round 6
ChatterBot Mike round 6
ChatterBot Papa round 6
ChatterBot Zulu round 6
ChatterBot Whiskey round 6
ChatterBot Hotel round 6
ChatterBot Echo round 6
ChatterBot Tango round 6
2024-10-14 13:20:46.746222 Papa: X-ray, Quebec and Mike, sending you 3
2024-10-14 13:20:46.751084 Quebec: X-ray and Whiskey, sending you 3
2024-10-14 13:20:46.751575 Papa: Whiskey, sending you 2
2024-10-14 13:20:46.756488 Echo: Sending you 3
2024-10-14 13:20:46.756758 Whiskey: X-ray, Quebec, Mike and Papa, sending you 2
2024-10-14 13:20:46.757902 Quebec: Mike, sending you 6
2024-10-14 13:20:46.759711 Hotel: X-ray, Mike, Papa and Whiskey, sending you 2
2024-10-14 13:20:46.760797 Quebec: Papa, sending you 4
2024-10-14 13:20:46.770774 X-ray: Quebec, Papa, Zulu and Whiskey, sending you 3
2024-10-14 13:20:46.771767 Mike: X-ray, sending you 2
2024-10-14 13:20:46.772268 Whiskey: Zulu, sending you 1
2024-10-14 13:20:46.773248 Zulu: X-ray, sending you 3
2024-10-14 13:20:46.773728 Lima: Same as last round
2024-10-14 13:20:46.773983 Hotel: Quebec, sending you 3
2024-10-14 13:20:46.774863 Quebec: Zulu, sending you 1
2024-10-14 13:20:46.776892 Mike: Quebec, sending you 6
2024-10-14 13:20:46.777842 X-ray: Mike, sending you 2
2024-10-14 13:20:46.779267 Zulu: Quebec, Mike, Papa and Whiskey, sending you 1
2024-10-14 13:20:46.780395 Tango: X-ray, Quebec and Papa, sending you 1
2024-10-14 13:20:46.783817 Mike: Papa, sending you 5
2024-10-14 13:20:46.785935 Tango: Mike and Whiskey, sending you 2
2024-10-14 13:20:46.788982 Mike: Zulu, sending you 1
2024-10-14 13:20:46.793791 Mike: Whiskey, sending you 3
chatterbot Zulu submitting transactions
chatterbot Tango submitting transactions
chatterbot Lima submitting transactions
chatterbot Echo submitting transactions
chatterbot Whiskey submitting transactions
chatterbot Quebec submitting transactions
chatterbot Papa submitting transactions
chatterbot Mike submitting transactions
chatterbot Hotel submitting transactions
chatterbot X-ray submitting transactions
ChatterBot X-ray round 7
ChatterBot Quebec round 7
ChatterBot Lima round 7
ChatterBot Mike round 7
ChatterBot Papa round 7
ChatterBot Zulu round 7
ChatterBot Whiskey round 7
ChatterBot Hotel round 7
ChatterBot Echo round 7
ChatterBot Tango round 7
2024-10-14 13:20:48.232762 Quebec: X-ray and Whiskey, sending you 3
2024-10-14 13:20:48.235649 Mike: X-ray, sending you 2
2024-10-14 13:20:48.276915 Quebec: Mike, sending you 6
2024-10-14 13:20:48.278632 Mike: Quebec, sending you 7
2024-10-14 13:20:48.280313 Whiskey: X-ray, Quebec, Mike and Papa, sending you 2
2024-10-14 13:20:48.281393 Lima: Same as last round
2024-10-14 13:20:48.281701 Zulu: X-ray, sending you 3
2024-10-14 13:20:48.282200 Papa: X-ray, Quebec and Mike, sending you 3
2024-10-14 13:20:48.283031 Hotel: X-ray, sending you 1
2024-10-14 13:20:48.283452 X-ray: Quebec, Papa, Zulu and Whiskey, sending you 3
2024-10-14 13:20:48.283978 Quebec: Papa, sending you 4
2024-10-14 13:20:48.284910 Whiskey: Zulu, sending you 1
2024-10-14 13:20:48.286255 Mike: Papa, sending you 4
2024-10-14 13:20:48.287227 Zulu: Quebec, Mike, Papa and Whiskey, sending you 1
2024-10-14 13:20:48.288243 Papa: Whiskey, sending you 2
2024-10-14 13:20:48.288611 Hotel: Quebec, sending you 3
2024-10-14 13:20:48.288998 X-ray: Mike, sending you 2
2024-10-14 13:20:48.290509 Tango: X-ray, Quebec and Papa, sending you 1
2024-10-14 13:20:48.291671 Quebec: Zulu, sending you 1
2024-10-14 13:20:48.292449 Mike: Zulu, sending you 1
2024-10-14 13:20:48.293719 Hotel: Mike, Papa and Whiskey, sending you 2
2024-10-14 13:20:48.302566 Tango: Mike and Whiskey, sending you 2
2024-10-14 13:20:48.303806 Mike: Whiskey, sending you 3
chatterbot Lima submitting transactions
chatterbot Whiskey submitting transactions
chatterbot Tango submitting transactions
chatterbot Quebec submitting transactions
chatterbot X-ray submitting transactions
chatterbot Zulu submitting transactions
chatterbot Echo submitting transactions
chatterbot Mike submitting transactions
chatterbot Papa submitting transactions
chatterbot Hotel submitting transactions
ChatterBot X-ray round 8
ChatterBot Quebec round 8
ChatterBot Lima round 8
ChatterBot Mike round 8
ChatterBot Papa round 8
ChatterBot Zulu round 8
ChatterBot Whiskey round 8
ChatterBot Hotel round 8
ChatterBot Echo round 8
ChatterBot Tango round 8
2024-10-14 13:20:49.342439 Lima: We should add Echo
ChatterBot Tango reevaluating
2024-10-14 13:20:49.354337 Hotel: No
2024-10-14 13:20:49.354549 Tango: Yes
ChatterBot Tango reevaluating
2024-10-14 13:20:49.413536 Lima: Echo we want you to join our group
2024-10-14 13:20:49.419097 Echo: No
ChatterBot Tango reevaluating
2024-10-14 13:20:49.440576 Zulu: X-ray, sending you 3
2024-10-14 13:20:49.442216 Hotel: X-ray, sending you 1
2024-10-14 13:20:49.443685 X-ray: Quebec, Papa, Zulu and Whiskey, sending you 3
2024-10-14 13:20:49.445279 Zulu: Quebec, Mike, Papa and Whiskey, sending you 1
2024-10-14 13:20:49.453899 Lima: Hotel and Tango, sending you 5
2024-10-14 13:20:49.454391 Hotel: Quebec, sending you 3
2024-10-14 13:20:49.455642 X-ray: Mike, sending you 2
2024-10-14 13:20:49.457224 Quebec: X-ray and Whiskey, sending you 3
2024-10-14 13:20:49.459212 Lima: Echo, sending you 4
2024-10-14 13:20:49.459632 Mike: X-ray, sending you 2
2024-10-14 13:20:49.460377 Papa: X-ray, Quebec and Mike, sending you 3
2024-10-14 13:20:49.461737 Hotel: Mike, Papa and Whiskey, sending you 2
2024-10-14 13:20:49.462866 Quebec: Mike, sending you 6
2024-10-14 13:20:49.463523 Whiskey: X-ray, Quebec, Mike and Papa, sending you 2
2024-10-14 13:20:49.464944 Echo: Sending you 4
2024-10-14 13:20:49.465226 Tango: Lima, sending you 2
2024-10-14 13:20:49.465691 Mike: Quebec, sending you 7
2024-10-14 13:20:49.466944 Papa: Whiskey, sending you 2
2024-10-14 13:20:49.467429 Quebec: Papa, sending you 4
2024-10-14 13:20:49.468697 Tango: Hotel, sending you 1
2024-10-14 13:20:49.470793 Whiskey: Zulu, sending you 1
2024-10-14 13:20:49.471839 Mike: Papa, sending you 4
2024-10-14 13:20:49.474295 Quebec: Zulu, sending you 1
2024-10-14 13:20:49.479462 Mike: Zulu, sending you 1
2024-10-14 13:20:49.489538 Mike: Whiskey, sending you 3
chatterbot X-ray submitting transactions
chatterbot Quebec submitting transactions
chatterbot Lima submitting transactions
chatterbot Zulu submitting transactions
chatterbot Whiskey submitting transactions
chatterbot Mike submitting transactions
chatterbot Echo submitting transactions
chatterbot Tango submitting transactions
chatterbot Papa submitting transactions
chatterbot Hotel submitting transactions
ChatterBot X-ray round 9
ChatterBot Quebec round 9
ChatterBot Lima round 9
ChatterBot Mike round 9
ChatterBot Papa round 9
ChatterBot Zulu round 9
ChatterBot Whiskey round 9
ChatterBot Hotel round 9
ChatterBot Echo round 9
ChatterBot Tango round 9
2024-10-14 13:20:50.811422 Mike: X-ray, sending you 2
2024-10-14 13:20:50.815788 Whiskey: X-ray, Quebec, Mike and Papa, sending you 2
2024-10-14 13:20:50.816514 Papa: X-ray, Quebec and Mike, sending you 3
2024-10-14 13:20:50.817445 Mike: Quebec, sending you 7
2024-10-14 13:20:50.818534 Zulu: X-ray, sending you 3
2024-10-14 13:20:50.819152 Hotel: X-ray, sending you 1
2024-10-14 13:20:50.820257 Quebec: X-ray and Whiskey, sending you 3
2024-10-14 13:20:50.821008 X-ray: Quebec, Papa, Zulu and Whiskey, sending you 3
2024-10-14 13:20:50.822076 Tango: X-ray, Quebec and Papa, sending you 1
2024-10-14 13:20:50.822600 Lima: Hotel and Echo, sending you 4
2024-10-14 13:20:50.823316 Whiskey: Zulu, sending you 1
2024-10-14 13:20:50.824019 Papa: Whiskey, sending you 2
2024-10-14 13:20:50.824799 Mike: Papa, sending you 4
2024-10-14 13:20:50.825487 Zulu: Quebec, Mike, Papa and Whiskey, sending you 1
2024-10-14 13:20:50.826585 Hotel: Quebec, sending you 3
2024-10-14 13:20:50.827063 Quebec: Mike, sending you 6
2024-10-14 13:20:50.828147 X-ray: Mike, sending you 2
2024-10-14 13:20:50.829226 Tango: Mike and Whiskey, sending you 2
2024-10-14 13:20:50.829774 Lima: Tango, sending you 6
2024-10-14 13:20:50.830046 Mike: Zulu, sending you 1
2024-10-14 13:20:51.644471 Hotel: Mike, Papa and Whiskey, sending you 2
2024-10-14 13:20:51.647057 Quebec: Papa, sending you 4
2024-10-14 13:20:51.648869 Mike: Whiskey, sending you 3
2024-10-14 13:20:51.662504 Quebec: Zulu, sending you 1
chatterbot Papa submitting transactions
chatterbot Whiskey submitting transactions
chatterbot Echo submitting transactions
chatterbot Quebec submitting transactions
chatterbot Zulu submitting transactions
chatterbot X-ray submitting transactions
chatterbot Tango submitting transactions
chatterbot Mike submitting transactions
chatterbot Lima submitting transactions
chatterbot Hotel submitting transactions
ChatterBot X-ray round 10
ChatterBot Quebec round 10
ChatterBot Lima round 10
ChatterBot Mike round 10
ChatterBot Papa round 10
ChatterBot Zulu round 10
ChatterBot Whiskey round 10
ChatterBot Hotel round 10
ChatterBot Echo round 10
ChatterBot Tango round 10
2024-10-14 13:20:52.738018 Tango: We should add Lima and Hotel
2024-10-14 13:20:52.760164 X-ray: No
2024-10-14 13:20:52.760340 Quebec: No
2024-10-14 13:20:52.760469 Mike: No
2024-10-14 13:20:52.760571 Papa: No
2024-10-14 13:20:52.760682 Zulu: No
2024-10-14 13:20:52.760789 Whiskey: No
ChatterBot Tango reevaluating
ChatterBot Tango reevaluating
ChatterBot Tango reevaluating
ChatterBot Tango reevaluating
ChatterBot Tango reevaluating
ChatterBot Tango reevaluating
chatterbot Quebec submitting transactions
2024-10-14 13:20:53.095481 Papa: X-ray, Quebec and Mike, sending you 3
2024-10-14 13:20:53.096218 Hotel: X-ray, sending you 1
2024-10-14 13:20:53.097306 Mike: X-ray, sending you 2
2024-10-14 13:20:53.098673 X-ray: Quebec, Papa, Zulu and Whiskey, sending you 3
2024-10-14 13:20:53.100049 Quebec: X-ray and Whiskey, sending you 3
2024-10-14 13:20:53.101158 Whiskey: X-ray, Quebec, Mike and Papa, sending you 2
2024-10-14 13:20:53.101934 Zulu: X-ray, sending you 3
2024-10-14 13:20:53.103188 Papa: Whiskey, sending you 2
2024-10-14 13:20:53.103600 Hotel: Quebec, sending you 3
2024-10-14 13:20:53.104418 X-ray: Mike, sending you 2
2024-10-14 13:20:53.105517 Mike: Quebec, sending you 7
2024-10-14 13:20:53.106192 Quebec: Mike, sending you 6
2024-10-14 13:20:53.155761 Whiskey: Zulu, sending you 1
2024-10-14 13:20:53.158344 Zulu: Quebec, Mike, Papa and Whiskey, sending you 1
2024-10-14 13:20:53.160096 Lima: Hotel and Echo, sending you 4
2024-10-14 13:20:53.160382 Hotel: Mike, Papa and Whiskey, sending you 2
2024-10-14 13:20:53.161517 Mike: Papa, sending you 4
2024-10-14 13:20:53.162394 Quebec: Papa, sending you 4
2024-10-14 13:20:53.163800 Lima: Tango, sending you 6
2024-10-14 13:20:53.236691 Mike: Zulu, sending you 1
2024-10-14 13:20:53.238048 Quebec: Zulu, sending you 1
chatterbot Whiskey submitting transactions
2024-10-14 13:20:53.302535 Mike: Whiskey, sending you 3
chatterbot X-ray submitting transactions
chatterbot Mike submitting transactions
chatterbot Tango submitting transactions
chatterbot Hotel submitting transactions
chatterbot Lima submitting transactions
chatterbot Papa submitting transactions
chatterbot Echo submitting transactions
chatterbot Zulu submitting transactions
ChatterBot X-ray round 11
ChatterBot Quebec round 11
ChatterBot Lima round 11
ChatterBot Mike round 11
ChatterBot Papa round 11
ChatterBot Zulu round 11
ChatterBot Whiskey round 11
ChatterBot Hotel round 11
ChatterBot Echo round 11
ChatterBot Tango round 11
2024-10-14 13:20:54.096713 Quebec: I was attacked by Tango
ChatterBot Zulu reevaluating
ChatterBot X-ray reevaluating
ChatterBot Mike reevaluating
ChatterBot Papa reevaluating
ChatterBot Whiskey reevaluating
2024-10-14 13:20:54.127320 Quebec: I'm keeping this round to protect myself
2024-10-14 13:20:54.130119 Quebec: Ow
2024-10-14 13:20:54.130515 Echo: Sending you 1
2024-10-14 13:20:54.133679 Hotel: X-ray and Whiskey, sending you 1
2024-10-14 13:20:54.135145 Lima: Hotel and Echo, sending you 4
2024-10-14 13:20:54.138684 Lima: Tango, sending you 6
2024-10-14 13:20:54.139720 Hotel: Quebec, sending you 3
2024-10-14 13:20:54.144959 Hotel: Mike and Papa, sending you 2
2024-10-14 13:20:54.148657 Mike: X-ray, sending you 2
2024-10-14 13:20:54.150347 Whiskey: X-ray, Quebec, Mike and Papa, sending you 2
2024-10-14 13:20:54.151793 Zulu: X-ray, sending you 3
2024-10-14 13:20:54.153481 Mike: Quebec, sending you 7
2024-10-14 13:20:54.155103 X-ray: Quebec, Papa, Zulu and Whiskey, sending you 3
2024-10-14 13:20:54.156574 Whiskey: Zulu, sending you 1
2024-10-14 13:20:54.157924 Zulu: Quebec, Mike, Papa and Whiskey, sending you 1
2024-10-14 13:20:54.160527 Mike: Papa, sending you 4
2024-10-14 13:20:54.162593 X-ray: Mike, sending you 2
2024-10-14 13:20:54.165987 Mike: Zulu, sending you 1
2024-10-14 13:20:54.169674 Mike: Whiskey, sending you 3
chatterbot Quebec submitting transactions
chatterbot Whiskey submitting transactions
chatterbot X-ray submitting transactions
chatterbot Lima submitting transactions
chatterbot Papa submitting transactions
chatterbot Echo submitting transactions
chatterbot Mike submitting transactions
chatterbot Tango submitting transactions
chatterbot Zulu submitting transactions
chatterbot Hotel submitting transactions
ChatterBot X-ray round 12
ChatterBot Quebec round 12
ChatterBot Lima round 12
ChatterBot Mike round 12
ChatterBot Papa round 12
ChatterBot Zulu round 12
ChatterBot Whiskey round 12
ChatterBot Hotel round 12
ChatterBot Echo round 12
ChatterBot Tango round 12
2024-10-14 13:20:55.546903 Quebec: I was attacked by Tango
ChatterBot Zulu reevaluating
ChatterBot X-ray reevaluating
ChatterBot Mike reevaluating
ChatterBot Papa reevaluating
ChatterBot Whiskey reevaluating
2024-10-14 13:20:55.583422 Quebec: I'm keeping this round to protect myself
2024-10-14 13:20:55.587826 Quebec: Ow
2024-10-14 13:20:55.589364 Lima: Hotel, sending you 4
2024-10-14 13:20:55.589749 Echo: Same as last round
2024-10-14 13:20:55.622534 Hotel: X-ray and Whiskey, sending you 1
2024-10-14 13:20:55.624035 Lima: Echo and Tango, sending you 5
2024-10-14 13:20:55.655783 Hotel: Quebec, Mike and Papa, sending you 2
chatterbot Mike submitting transactions
chatterbot Quebec submitting transactions
chatterbot Zulu submitting transactions
chatterbot Tango submitting transactions
chatterbot Echo submitting transactions
chatterbot Whiskey submitting transactions
chatterbot Hotel submitting transactions
chatterbot Lima submitting transactions
chatterbot X-ray submitting transactions
chatterbot Papa submitting transactions
ChatterBot X-ray round 13
ChatterBot Quebec round 13
ChatterBot Lima round 13
ChatterBot Mike round 13
ChatterBot Papa round 13
ChatterBot Zulu round 13
ChatterBot Whiskey round 13
ChatterBot Hotel round 13
ChatterBot Echo round 13
ChatterBot Tango round 13
2024-10-14 13:20:56.614235 Echo: We should add Tango
ChatterBot Lima reevaluating
2024-10-14 13:20:56.617910 Lima: Yes
2024-10-14 13:20:56.638220 Echo: Tango we want you to join our group
2024-10-14 13:20:56.641951 Tango: No
ChatterBot Lima reevaluating
2024-10-14 13:20:56.651669 Hotel: X-ray, Mike and Whiskey, sending you 1
2024-10-14 13:20:56.654921 Quebec: X-ray and Whiskey, sending you 2
2024-10-14 13:20:56.658527 Lima: We should drop Hotel
2024-10-14 13:20:56.665909 Echo: Yes
2024-10-14 13:20:56.666047 Tango: Yes
ChatterBot Lima reevaluating
ChatterBot Lima reevaluating
2024-10-14 13:20:56.685607 Echo: I was attacked by Tango
ChatterBot Lima reevaluating
ChatterBot Tango reevaluating
2024-10-14 13:20:56.692987 Echo: I'm keeping this round to protect myself
2024-10-14 13:20:56.694304 Echo: Ow
2024-10-14 13:20:56.694625 Hotel: Quebec and Papa, sending you 2
2024-10-14 13:20:56.696143 Quebec: Mike, sending you 5
2024-10-14 13:20:56.721308 Quebec: Papa, sending you 3
2024-10-14 13:20:56.748668 Lima: Echo, sending you 8
2024-10-14 13:20:56.756945 Lima: Tango, sending you 6
chatterbot Hotel submitting transactions
chatterbot Echo submitting transactions
chatterbot Mike submitting transactions
chatterbot Zulu submitting transactions
chatterbot Quebec submitting transactions
chatterbot Lima submitting transactions
chatterbot X-ray submitting transactions
chatterbot Tango submitting transactions
chatterbot Whiskey submitting transactions
chatterbot Papa submitting transactions
ChatterBot X-ray round 14
ChatterBot Quebec round 14
ChatterBot Lima round 14
ChatterBot Mike round 14
ChatterBot Papa round 14
ChatterBot Zulu round 14
ChatterBot Whiskey round 14
ChatterBot Hotel round 14
ChatterBot Echo round 14
ChatterBot Tango round 14
2024-10-14 13:20:58.041585 Quebec: X-ray and Whiskey, sending you 3
2024-10-14 13:20:58.043301 Lima: Sending you each 7
2024-10-14 13:20:58.064265 Quebec: Mike, sending you 6
2024-10-14 13:20:58.066706 Hotel: X-ray, Mike, Papa and Whiskey, sending you 1
2024-10-14 13:20:58.082290 Quebec: Papa, sending you 4
2024-10-14 13:20:58.084155 Hotel: Quebec, sending you 3
2024-10-14 13:20:58.093153 Quebec: Zulu, sending you 1
chatterbot Papa submitting transactions
chatterbot Tango submitting transactions
chatterbot X-ray submitting transactions
chatterbot Quebec submitting transactions
chatterbot Lima submitting transactions
chatterbot Zulu submitting transactions
chatterbot Echo submitting transactions
chatterbot Hotel submitting transactions
chatterbot Whiskey submitting transactions
chatterbot Mike submitting transactions
ChatterBot X-ray round 15
ChatterBot Quebec round 15
ChatterBot Lima round 15
ChatterBot Mike round 15
ChatterBot Papa round 15
ChatterBot Zulu round 15
ChatterBot Whiskey round 15
ChatterBot Hotel round 15
ChatterBot Echo round 15
ChatterBot Tango round 15
2024-10-14 13:21:00.885259 Lima: We should add Hotel
ChatterBot Echo reevaluating
ChatterBot Tango reevaluating
2024-10-14 13:21:00.896343 Echo: Yes
2024-10-14 13:21:00.896536 Tango: No
ChatterBot Tango reevaluating
ChatterBot Echo reevaluating
2024-10-14 13:21:00.965533 Lima: Hotel we want you to join our group
ChatterBot Hotel reevaluating
2024-10-14 13:21:00.972946 Hotel: Yes
ChatterBot Tango reevaluating
ChatterBot Echo reevaluating
2024-10-14 13:21:00.987925 Echo: We should replace Tango with Hotel
2024-10-14 13:21:00.992727 Lima: No
ChatterBot Echo reevaluating
2024-10-14 13:21:01.029217 Quebec: X-ray and Whiskey, sending you 2
2024-10-14 13:21:01.032394 Lima: Hotel, sending you 4
2024-10-14 13:21:01.033220 Hotel: Lima and Tango, sending you 2
2024-10-14 13:21:01.039086 Lima: Echo and Tango, sending you 5
2024-10-14 13:21:01.039950 Quebec: Mike, sending you 5
2024-10-14 13:21:01.043561 Hotel: Echo, sending you 1
