ChatterBot Charlie round 1
ChatterBot Oscar round 1
ChatterBot Juliett round 1
ChatterBot Lima round 1
ChatterBot Whiskey round 1
ChatterBot Mike round 1
ChatterBot Alpha round 1
ChatterBot Kilo round 1
ChatterBot Hotel round 1
ChatterBot Uniform round 1
randomSelections Charlie: {Charlie, Uniform, Hotel, Lima} 
2024-10-14 13:20:36.568913 Charlie: Group up?
ChatterBot Uniform reevaluating
ChatterBot Hotel reevaluating
ChatterBot Lima reevaluating
2024-10-14 13:20:36.578946 Uniform: Yes
2024-10-14 13:20:36.579055 Hotel: Yes
2024-10-14 13:20:36.579148 Lima: Yes
ChatterBot Hotel reevaluating
ChatterBot Lima reevaluating
ChatterBot Uniform reevaluating
ChatterBot Lima reevaluating
ChatterBot Uniform reevaluating
ChatterBot Hotel reevaluating
randomSelections Kilo: {Kilo, Juliett, Oscar, Uniform, Charlie, Alpha, Lima, Hotel} 
2024-10-14 13:20:36.594871 Kilo: Friends?
ChatterBot Juliett reevaluating
ChatterBot Oscar reevaluating
ChatterBot Uniform reevaluating
ChatterBot Alpha reevaluating
ChatterBot Lima reevaluating
ChatterBot Hotel reevaluating
2024-10-14 13:20:36.611022 Juliett: Yes
2024-10-14 13:20:36.611152 Oscar: Yes
2024-10-14 13:20:36.612046 Uniform: No
2024-10-14 13:20:36.612184 Charlie: No
2024-10-14 13:20:36.612314 Alpha: Yes
2024-10-14 13:20:36.612441 Lima: No
2024-10-14 13:20:36.612559 Hotel: No
ChatterBot Oscar reevaluating
ChatterBot Uniform reevaluating
ChatterBot Alpha reevaluating
ChatterBot Lima reevaluating
ChatterBot Hotel reevaluating
ChatterBot Juliett reevaluating
ChatterBot Uniform reevaluating
ChatterBot Alpha reevaluating
ChatterBot Lima reevaluating
ChatterBot Hotel reevaluating
ChatterBot Juliett reevaluating
ChatterBot Oscar reevaluating
ChatterBot Alpha reevaluating
ChatterBot Lima reevaluating
ChatterBot Hotel reevaluating
ChatterBot Juliett reevaluating
ChatterBot Oscar reevaluating
ChatterBot Uniform reevaluating
ChatterBot Alpha reevaluating
ChatterBot Lima reevaluating
ChatterBot Hotel reevaluating
ChatterBot Juliett reevaluating
ChatterBot Oscar reevaluating
ChatterBot Uniform reevaluating
ChatterBot Lima reevaluating
ChatterBot Hotel reevaluating
ChatterBot Juliett reevaluating
ChatterBot Oscar reevaluating
ChatterBot Uniform reevaluating
ChatterBot Alpha reevaluating
ChatterBot Hotel reevaluating
ChatterBot Juliett reevaluating
ChatterBot Oscar reevaluating
ChatterBot Uniform reevaluating
ChatterBot Alpha reevaluating
ChatterBot Lima reevaluating
randomSelections Mike: {Mike, Charlie, Hotel, Juliett, Oscar, Kilo} 
2024-10-14 13:20:36.744168 Mike: Can we be friends?
ChatterBot Hotel reevaluating
ChatterBot Juliett reevaluating
ChatterBot Oscar reevaluating
2024-10-14 13:20:36.753673 Charlie: No
2024-10-14 13:20:36.753826 Hotel: No
2024-10-14 13:20:36.753950 Juliett: No
2024-10-14 13:20:36.754063 Oscar: No
2024-10-14 13:20:36.754176 Kilo: No
ChatterBot Hotel reevaluating
ChatterBot Juliett reevaluating
ChatterBot Oscar reevaluating
ChatterBot Juliett reevaluating
ChatterBot Oscar reevaluating
ChatterBot Hotel reevaluating
ChatterBot Oscar reevaluating
ChatterBot Hotel reevaluating
ChatterBot Juliett reevaluating
ChatterBot Hotel reevaluating
ChatterBot Juliett reevaluating
ChatterBot Oscar reevaluating
randomSelections Whiskey: {Whiskey, Hotel, Lima, Mike, Uniform, Oscar} 
2024-10-14 13:20:36.798544 Whiskey: Group up?
ChatterBot Hotel reevaluating
ChatterBot Lima reevaluating
ChatterBot Uniform reevaluating
ChatterBot Oscar reevaluating
2024-10-14 13:20:36.807342 Hotel: No
2024-10-14 13:20:36.807839 Lima: No
2024-10-14 13:20:36.807975 Mike: No
2024-10-14 13:20:36.808098 Uniform: No
2024-10-14 13:20:36.808211 Oscar: No
ChatterBot Lima reevaluating
ChatterBot Uniform reevaluating
ChatterBot Oscar reevaluating
ChatterBot Hotel reevaluating
ChatterBot Uniform reevaluating
ChatterBot Oscar reevaluating
ChatterBot Hotel reevaluating
ChatterBot Lima reevaluating
ChatterBot Uniform reevaluating
ChatterBot Oscar reevaluating
ChatterBot Hotel reevaluating
ChatterBot Lima reevaluating
ChatterBot Oscar reevaluating
ChatterBot Hotel reevaluating
ChatterBot Lima reevaluating
ChatterBot Uniform reevaluating
2024-10-14 13:20:36.868671 Whiskey: Oscar, sending you 2
2024-10-14 13:20:36.869705 Oscar: Juliett and Alpha, sending you 1
2024-10-14 13:20:36.872715 Lima: Charlie, sending you 2
2024-10-14 13:20:36.872995 Hotel: Charlie, sending you 3
2024-10-14 13:20:36.873685 Whiskey: Lima and Mike, sending you 3
2024-10-14 13:20:36.874007 Charlie: Lima, sending you 7
2024-10-14 13:20:36.874699 Oscar: Lima, sending you 4
2024-10-14 13:20:36.875047 Mike: Charlie and Kilo, sending you 1
2024-10-14 13:20:36.875706 Hotel: Lima, sending you 6
2024-10-14 13:20:36.876694 Uniform: Charlie, sending you 3
2024-10-14 13:20:36.877010 Alpha: Charlie, Oscar and Lima, sending you 1
2024-10-14 13:20:36.877858 Lima: Hotel, sending you 4
2024-10-14 13:20:36.878180 Whiskey: Hotel, sending you 6
2024-10-14 13:20:36.878409 Charlie: Hotel, sending you 3
2024-10-14 13:20:36.878631 Oscar: Hotel, sending you 2
2024-10-14 13:20:36.878914 Juliett: Oscar, sending you 2
2024-10-14 13:20:36.879703 Mike: Oscar, sending you 2
2024-10-14 13:20:36.880665 Hotel: Uniform, sending you 5
2024-10-14 13:20:36.880898 Uniform: Lima, sending you 1
2024-10-14 13:20:36.881086 Alpha: Juliett, Hotel and Uniform, sending you 2
2024-10-14 13:20:36.881341 Lima: Uniform, sending you 1
2024-10-14 13:20:36.882655 Charlie: Uniform, sending you 4
2024-10-14 13:20:36.882886 Juliett: Alpha, sending you 4
2024-10-14 13:20:36.884833 Mike: Juliett and Hotel, sending you 3
2024-10-14 13:20:36.885668 Uniform: Hotel, sending you 4
2024-10-14 13:20:36.885916 Juliett: Kilo and Uniform, sending you 1
chatterbot Kilo submitting transactions
chatterbot Alpha submitting transactions
chatterbot Charlie submitting transactions
chatterbot Whiskey submitting transactions
chatterbot Lima submitting transactions
chatterbot Mike submitting transactions
chatterbot Uniform submitting transactions
chatterbot Oscar submitting transactions
chatterbot Juliett submitting transactions
chatterbot Hotel submitting transactions
ChatterBot Charlie round 2
ChatterBot Oscar round 2
ChatterBot Juliett round 2
ChatterBot Lima round 2
ChatterBot Whiskey round 2
ChatterBot Mike round 2
2024-10-14 13:20:38.010185 Juliett: We should group up
ChatterBot Oscar reevaluating
ChatterBot Alpha reevaluating
ChatterBot Mike reevaluating
2024-10-14 13:20:38.033156 Oscar: Yes
2024-10-14 13:20:38.033361 Alpha: No
2024-10-14 13:20:38.033518 Mike: No
ChatterBot Alpha reevaluating
ChatterBot Mike reevaluating
ChatterBot Oscar reevaluating
ChatterBot Mike reevaluating
ChatterBot Oscar reevaluating
ChatterBot Alpha reevaluating
ChatterBot Alpha round 2
ChatterBot Kilo round 2
ChatterBot Hotel round 2
2024-10-14 13:20:38.130317 Lima: Can we be friends?
ChatterBot Hotel reevaluating
ChatterBot Uniform reevaluating
ChatterBot Oscar reevaluating
ChatterBot Alpha reevaluating
2024-10-14 13:20:38.226203 Charlie: No
2024-10-14 13:20:38.226842 Hotel: No
2024-10-14 13:20:38.227230 Uniform: No
2024-10-14 13:20:38.227517 Oscar: No
2024-10-14 13:20:38.228136 Juliett: No
2024-10-14 13:20:38.228455 Alpha: No
ChatterBot Lima reevaluating
ChatterBot Hotel reevaluating
ChatterBot Uniform reevaluating
ChatterBot Oscar reevaluating
ChatterBot Alpha reevaluating
ChatterBot Lima reevaluating
ChatterBot Uniform reevaluating
ChatterBot Oscar reevaluating
ChatterBot Alpha reevaluating
ChatterBot Lima reevaluating
ChatterBot Hotel reevaluating
ChatterBot Oscar reevaluating
ChatterBot Alpha reevaluating
ChatterBot Lima reevaluating
ChatterBot Hotel reevaluating
ChatterBot Uniform reevaluating
ChatterBot Alpha reevaluating
ChatterBot Lima reevaluating
ChatterBot Hotel reevaluating
ChatterBot Uniform reevaluating
ChatterBot Oscar reevaluating
ChatterBot Alpha reevaluating
ChatterBot Lima reevaluating
ChatterBot Hotel reevaluating
ChatterBot Uniform reevaluating
ChatterBot Oscar reevaluating
ChatterBot Uniform round 2
2024-10-14 13:20:38.532539 Kilo: Can we be friends?
2024-10-14 13:20:38.537607 Juliett: No
ChatterBot Kilo reevaluating
2024-10-14 13:20:38.552300 Uniform: Let's form a team
ChatterBot Lima reevaluating
ChatterBot Alpha reevaluating
2024-10-14 13:20:38.623301 Lima: Yes
2024-10-14 13:20:38.623646 Charlie: No
2024-10-14 13:20:38.623856 Hotel: Yes
2024-10-14 13:20:38.624121 Oscar: No
2024-10-14 13:20:38.624974 Juliett: No
2024-10-14 13:20:38.625261 Alpha: Yes
ChatterBot Hotel reevaluating
ChatterBot Uniform reevaluating
ChatterBot Alpha reevaluating
ChatterBot Lima reevaluating
ChatterBot Hotel reevaluating
ChatterBot Uniform reevaluating
ChatterBot Alpha reevaluating
ChatterBot Lima reevaluating
ChatterBot Uniform reevaluating
ChatterBot Juliett reevaluating
ChatterBot Alpha reevaluating
ChatterBot Lima reevaluating
ChatterBot Hotel reevaluating
ChatterBot Uniform reevaluating
ChatterBot Juliett reevaluating
ChatterBot Alpha reevaluating
ChatterBot Lima reevaluating
ChatterBot Hotel reevaluating
ChatterBot Uniform reevaluating
ChatterBot Alpha reevaluating
ChatterBot Lima reevaluating
ChatterBot Hotel reevaluating
ChatterBot Uniform reevaluating
ChatterBot Juliett reevaluating
chatterbot Charlie submitting transactions
2024-10-14 13:20:39.577926 Charlie: Lima, sending you 4
2024-10-14 13:20:39.578253 Oscar: Juliett, sending you 3
2024-10-14 13:20:39.579065 Juliett: We should drop Kilo
ChatterBot Lima reevaluating
2024-10-14 13:20:39.604434 Lima: Yes
2024-10-14 13:20:39.604600 Charlie: Yes
2024-10-14 13:20:39.604722 Hotel: Yes
2024-10-14 13:20:39.604827 Uniform: Yes
2024-10-14 13:20:39.604951 Oscar: Yes
2024-10-14 13:20:39.605460 Alpha: Yes
ChatterBot Juliett reevaluating
ChatterBot Lima reevaluating
ChatterBot Juliett reevaluating
ChatterBot Lima reevaluating
ChatterBot Juliett reevaluating
ChatterBot Lima reevaluating
ChatterBot Juliett reevaluating
ChatterBot Lima reevaluating
ChatterBot Juliett reevaluating
ChatterBot Lima reevaluating
ChatterBot Juliett reevaluating
chatterbot Juliett submitting transactions
chatterbot Whiskey submitting transactions
chatterbot Oscar submitting transactions
2024-10-14 13:20:39.807264 Charlie: Hotel and Uniform, sending you 5
2024-10-14 13:20:39.807547 Oscar: Whiskey and Mike, sending you 2
2024-10-14 13:20:39.807825 Kilo: Oscar and Alpha, sending you 1
2024-10-14 13:20:39.808419 Mike: Oscar and Juliett, sending you 2
chatterbot Mike submitting transactions
chatterbot Kilo submitting transactions
2024-10-14 13:20:39.922689 Hotel: Charlie, sending you 3
2024-10-14 13:20:39.923054 Uniform: Charlie, sending you 2
2024-10-14 13:20:39.923651 Oscar: Alpha, sending you 1
2024-10-14 13:20:39.923862 Kilo: Juliett, sending you 2
2024-10-14 13:20:39.924059 Mike: Whiskey, sending you 6
chatterbot Hotel submitting transactions
2024-10-14 13:20:39.960365 Hotel: Oscar and Alpha, sending you 2
2024-10-14 13:20:39.961242 Uniform: Juliett, Lima and Alpha, sending you 1
2024-10-14 13:20:39.961741 Mike: Alpha, sending you 1
2024-10-14 13:20:39.971004 Hotel: Juliett, sending you 1
2024-10-14 13:20:39.971449 Uniform: Hotel, sending you 3
2024-10-14 13:20:39.972218 Lima: Charlie and Hotel, sending you 2
2024-10-14 13:20:39.972670 Alpha: Charlie, Lima, Hotel and Uniform, sending you 1
2024-10-14 13:20:39.979343 Hotel: Lima and Uniform, sending you 4
2024-10-14 13:20:39.980099 Lima: Oscar, Alpha and Uniform, sending you 1
2024-10-14 13:20:39.980509 Alpha: Oscar and Juliett, sending you 2
2024-10-14 13:20:39.980798 Juliett: Charlie, Lima and Hotel, sending you 1
2024-10-14 13:20:39.993519 Juliett: Oscar, sending you 2
2024-10-14 13:20:40.000931 Juliett: Alpha, sending you 3
chatterbot Uniform submitting transactions
chatterbot Alpha submitting transactions
chatterbot Lima submitting transactions
chatterbot Juliett submitting transactions
ChatterBot Charlie round 3
ChatterBot Oscar round 3
ChatterBot Juliett round 3
ChatterBot Lima round 3
ChatterBot Whiskey round 3
ChatterBot Mike round 3
ChatterBot Alpha round 3
ChatterBot Kilo round 3
ChatterBot Hotel round 3
ChatterBot Uniform round 3
2024-10-14 13:20:41.403711 Kilo: Friends?
2024-10-14 13:20:41.448670 Whiskey: No
2024-10-14 13:20:41.449918 Mike: No
ChatterBot Kilo reevaluating
ChatterBot Kilo reevaluating
ChatterBot Whiskey reevaluating
2024-10-14 13:20:41.586601 Oscar: Juliett, sending you 3
2024-10-14 13:20:41.587846 Charlie: Lima, sending you 4
2024-10-14 13:20:41.588206 Juliett: Charlie, Lima, Hotel and Uniform, sending you 1
2024-10-14 13:20:41.733488 Oscar: Lima, sending you 1
2024-10-14 13:20:41.733900 Charlie: Hotel and Uniform, sending you 5
2024-10-14 13:20:41.734223 Mike: Oscar and Whiskey, sending you 4
2024-10-14 13:20:41.734491 Juliett: Oscar and Alpha, sending you 2
2024-10-14 13:20:41.735228 Lima: Charlie and Hotel, sending you 2
2024-10-14 13:20:41.735568 Alpha: Oscar, Juliett, Lima, Hotel and Uniform, sending you 2
2024-10-14 13:20:41.736282 Hotel: Charlie, sending you 4
2024-10-14 13:20:41.736672 Kilo: Sending you each 2
2024-10-14 13:20:41.736890 Whiskey: Mike, sending you 13
2024-10-14 13:20:41.906961 Lima: Oscar, Alpha and Uniform, sending you 1
2024-10-14 13:20:41.908106 Oscar: Alpha and Hotel, sending you 2
2024-10-14 13:20:41.908657 Mike: Juliett, sending you 1
2024-10-14 13:20:41.909103 Hotel: Oscar, Juliett and Alpha, sending you 2
2024-10-14 13:20:41.910081 Whiskey: Kilo, sending you 1
2024-10-14 13:20:41.910377 Uniform: Charlie and Hotel, sending you 3
chatterbot Mike submitting transactions
chatterbot Hotel submitting transactions
chatterbot Whiskey submitting transactions
chatterbot Alpha submitting transactions
2024-10-14 13:20:41.989067 Mike: Alpha, sending you 2
2024-10-14 13:20:41.989894 Hotel: Lima and Uniform, sending you 3
2024-10-14 13:20:41.990413 Uniform: Lima and Alpha, sending you 1
chatterbot Juliett submitting transactions
chatterbot Oscar submitting transactions
chatterbot Uniform submitting transactions
chatterbot Charlie submitting transactions
chatterbot Lima submitting transactions
chatterbot Kilo submitting transactions
ChatterBot Charlie round 4
ChatterBot Oscar round 4
ChatterBot Juliett round 4
ChatterBot Lima round 4
ChatterBot Whiskey round 4
ChatterBot Mike round 4
ChatterBot Alpha round 4
ChatterBot Kilo round 4
ChatterBot Hotel round 4
ChatterBot Uniform round 4
2024-10-14 13:20:43.061433 Mike: Can we be friends?
2024-10-14 13:20:43.070644 Kilo: Yes
2024-10-14 13:20:43.070798 Whiskey: Yes
2024-10-14 13:20:43.214434 Whiskey: Mike, sending you 10
2024-10-14 13:20:43.215434 Kilo: Same as last round
2024-10-14 13:20:43.216050 Charlie: Lima, sending you 4
2024-10-14 13:20:43.216491 Alpha: Oscar, Juliett, Lima, Hotel and Uniform, sending you 2
2024-10-14 13:20:43.217859 Lima: Charlie and Hotel, sending you 2
2024-10-14 13:20:43.218874 Juliett: Charlie and Uniform, sending you 1
2024-10-14 13:20:43.219853 Mike: Whiskey, sending you 7
2024-10-14 13:20:43.220594 Hotel: Charlie, sending you 4
2024-10-14 13:20:43.221271 Oscar: Juliett, sending you 3
2024-10-14 13:20:43.222562 Whiskey: Kilo, sending you 4
2024-10-14 13:20:43.223340 Charlie: Hotel and Uniform, sending you 5
2024-10-14 13:20:43.223685 Lima: Oscar, Alpha and Uniform, sending you 1
2024-10-14 13:20:43.224179 Mike: Kilo, sending you 4
2024-10-14 13:20:43.224922 Juliett: Oscar, Alpha and Hotel, sending you 2
2024-10-14 13:20:43.225599 Hotel: Oscar, Juliett and Alpha, sending you 2
2024-10-14 13:20:43.226748 Oscar: Lima, sending you 1
2024-10-14 13:20:43.227277 Uniform: Charlie and Hotel, sending you 3
2024-10-14 13:20:43.281138 Hotel: Lima and Uniform, sending you 3
2024-10-14 13:20:43.282319 Oscar: Alpha and Hotel, sending you 2
2024-10-14 13:20:43.282775 Uniform: Lima and Alpha, sending you 1
chatterbot Mike submitting transactions
chatterbot Whiskey submitting transactions
chatterbot Lima submitting transactions
chatterbot Uniform submitting transactions
chatterbot Charlie submitting transactions
chatterbot Kilo submitting transactions
chatterbot Hotel submitting transactions
chatterbot Oscar submitting transactions
chatterbot Juliett submitting transactions
chatterbot Alpha submitting transactions
ChatterBot Charlie round 5
ChatterBot Oscar round 5
ChatterBot Juliett round 5
ChatterBot Lima round 5
ChatterBot Whiskey round 5
ChatterBot Mike round 5
ChatterBot Alpha round 5
ChatterBot Kilo round 5
ChatterBot Hotel round 5
ChatterBot Uniform round 5
2024-10-14 13:20:44.379154 Mike: We should add Oscar
ChatterBot Kilo reevaluating
2024-10-14 13:20:44.391299 Kilo: Yes
2024-10-14 13:20:44.391483 Whiskey: No
ChatterBot Kilo reevaluating
2024-10-14 13:20:44.432520 Mike: Oscar we want you to join our group
2024-10-14 13:20:44.436171 Oscar: No
ChatterBot Mike reevaluating
ChatterBot Kilo reevaluating
2024-10-14 13:20:44.472283 Lima: Charlie and Hotel, sending you 2
2024-10-14 13:20:44.473203 Uniform: Charlie, sending you 3
2024-10-14 13:20:44.474019 Kilo: Oscar we want you to join our group
2024-10-14 13:20:44.477210 Oscar: No
ChatterBot Mike reevaluating
2024-10-14 13:20:44.487299 Lima: Oscar, Alpha and Uniform, sending you 1
2024-10-14 13:20:44.487857 Uniform: Juliett, Lima and Alpha, sending you 1
2024-10-14 13:20:44.488628 Juliett: Oscar, sending you 3
2024-10-14 13:20:44.488986 Hotel: Charlie, sending you 4
2024-10-14 13:20:44.521516 Alpha: Oscar, Juliett, Lima, Hotel and Uniform, sending you 2
2024-10-14 13:20:44.522091 Charlie: Lima, sending you 4
2024-10-14 13:20:44.522721 Oscar: Juliett, sending you 3
2024-10-14 13:20:44.523180 Whiskey: Mike, sending you 10
2024-10-14 13:20:44.523411 Uniform: Hotel, sending you 2
2024-10-14 13:20:44.524164 Juliett: Alpha and Hotel, sending you 2
2024-10-14 13:20:44.524549 Hotel: Oscar, Juliett and Alpha, sending you 2
2024-10-14 13:20:44.543535 Whiskey: Kilo, sending you 4
2024-10-14 13:20:44.543883 Charlie: Hotel and Uniform, sending you 5
2024-10-14 13:20:44.544310 Oscar: Lima, sending you 1
2024-10-14 13:20:44.547999 Hotel: Lima and Uniform, sending you 3
2024-10-14 13:20:44.548831 Juliett: Uniform, sending you 1
2024-10-14 13:20:44.550489 Kilo: Oscar, Whiskey and Mike, sending you 2
2024-10-14 13:20:44.550916 Oscar: Alpha and Hotel, sending you 2
2024-10-14 13:20:44.879962 Mike: Oscar, sending you 2
2024-10-14 13:20:44.886380 Mike: Whiskey, sending you 6
2024-10-14 13:20:44.890670 Mike: Kilo, sending you 3
chatterbot Uniform submitting transactions
chatterbot Alpha submitting transactions
chatterbot Charlie submitting transactions
chatterbot Kilo submitting transactions
chatterbot Juliett submitting transactions
chatterbot Oscar submitting transactions
chatterbot Hotel submitting transactions
chatterbot Whiskey submitting transactions
chatterbot Mike submitting transactions
chatterbot Lima submitting transactions
ChatterBot Charlie round 6
ChatterBot Oscar round 6
ChatterBot Juliett round 6
ChatterBot Lima round 6
ChatterBot Whiskey round 6
ChatterBot Mike round 6
ChatterBot Alpha round 6
ChatterBot Kilo round 6
ChatterBot Hotel round 6
ChatterBot Uniform round 6
2024-10-14 13:20:45.937990 Charlie: Can we be friends?
2024-10-14 13:20:45.957220 Lima: Yes
2024-10-14 13:20:45.957404 Hotel: Yes
2024-10-14 13:20:45.957603 Uniform: Yes
2024-10-14 13:20:45.957799 Oscar: Yes
2024-10-14 13:20:45.957976 Juliett: Yes
2024-10-14 13:20:45.958143 Alpha: Yes
ChatterBot Charlie reevaluating
ChatterBot Charlie reevaluating
ChatterBot Charlie reevaluating
ChatterBot Charlie reevaluating
ChatterBot Charlie reevaluating
ChatterBot Charlie reevaluating
2024-10-14 13:20:46.219526 Hotel: Charlie, sending you 4
2024-10-14 13:20:46.220781 Kilo: Oscar, Whiskey and Mike, sending you 2
2024-10-14 13:20:46.221178 Mike: Oscar, sending you 2
2024-10-14 13:20:46.222018 Oscar: Juliett, sending you 3
2024-10-14 13:20:46.222536 Charlie: Oscar and Alpha, sending you 1
2024-10-14 13:20:46.223779 Lima: Charlie and Hotel, sending you 2
2024-10-14 13:20:46.224450 Alpha: Oscar, Juliett, Lima, Hotel and Uniform, sending you 2
2024-10-14 13:20:46.225444 Juliett: Oscar, sending you 3
2024-10-14 13:20:46.225995 Hotel: Oscar, Juliett and Alpha, sending you 2
2024-10-14 13:20:46.242695 Mike: Whiskey, sending you 6
2024-10-14 13:20:46.243562 Oscar: Lima, sending you 1
2024-10-14 13:20:46.244508 Charlie: Juliett, sending you 2
2024-10-14 13:20:46.245586 Lima: Oscar, Alpha and Uniform, sending you 1
2024-10-14 13:20:46.246115 Whiskey: Mike, sending you 10
2024-10-14 13:20:46.246898 Juliett: Alpha and Hotel, sending you 2
2024-10-14 13:20:46.247438 Uniform: Charlie, sending you 3
2024-10-14 13:20:46.248340 Hotel: Lima and Uniform, sending you 3
2024-10-14 13:20:46.248953 Oscar: Alpha and Hotel, sending you 2
2024-10-14 13:20:46.249727 Mike: Kilo, sending you 3
2024-10-14 13:20:46.249953 Charlie: Lima and Uniform, sending you 3
2024-10-14 13:20:46.262163 Whiskey: Kilo, sending you 4
2024-10-14 13:20:46.262556 Juliett: Uniform, sending you 1
2024-10-14 13:20:46.264455 Uniform: Juliett, Lima and Alpha, sending you 1
2024-10-14 13:20:46.265817 Charlie: Hotel, sending you 4
2024-10-14 13:20:46.284659 Uniform: Hotel, sending you 2
chatterbot Juliett submitting transactions
chatterbot Charlie submitting transactions
chatterbot Lima submitting transactions
chatterbot Alpha submitting transactions
chatterbot Kilo submitting transactions
chatterbot Mike submitting transactions
chatterbot Hotel submitting transactions
chatterbot Oscar submitting transactions
chatterbot Whiskey submitting transactions
chatterbot Uniform submitting transactions
ChatterBot Charlie round 7
ChatterBot Oscar round 7
ChatterBot Juliett round 7
ChatterBot Lima round 7
ChatterBot Whiskey round 7
ChatterBot Mike round 7
ChatterBot Alpha round 7
ChatterBot Kilo round 7
ChatterBot Hotel round 7
ChatterBot Uniform round 7
2024-10-14 13:20:47.261358 Kilo: We should add Juliett and Alpha
ChatterBot Mike reevaluating
2024-10-14 13:20:47.274856 Mike: No
2024-10-14 13:20:47.275132 Whiskey: No
2024-10-14 13:20:47.275713 Oscar: Yes
ChatterBot Mike reevaluating
ChatterBot Mike reevaluating
2024-10-14 13:20:47.327076 Kilo: Juliett and Alpha we want you to join our group
2024-10-14 13:20:47.353668 Juliett: No
2024-10-14 13:20:47.353929 Alpha: No
ChatterBot Mike reevaluating
ChatterBot Kilo reevaluating
ChatterBot Mike reevaluating
2024-10-14 13:20:47.432980 Kilo: We should replace Oscar with Alpha
2024-10-14 13:20:47.433772 Mike: We should replace Oscar with Uniform
ChatterBot Mike reevaluating
ChatterBot Kilo reevaluating
2024-10-14 13:20:47.445797 Whiskey: No
2024-10-14 13:20:47.450659 Mike: No
2024-10-14 13:20:47.450883 Kilo: No
2024-10-14 13:20:47.451567 Whiskey: No
ChatterBot Kilo reevaluating
ChatterBot Mike reevaluating
ChatterBot Kilo reevaluating
ChatterBot Mike reevaluating
ChatterBot Kilo reevaluating
ChatterBot Mike reevaluating
2024-10-14 13:20:47.522978 Juliett: Charlie and Uniform, sending you 1
2024-10-14 13:20:47.524450 Charlie: Oscar and Alpha, sending you 1
2024-10-14 13:20:47.525982 Mike: We should drop Oscar
ChatterBot Kilo reevaluating
2024-10-14 13:20:47.537976 Kilo: No
2024-10-14 13:20:47.538156 Whiskey: Yes
ChatterBot Mike reevaluating
ChatterBot Kilo reevaluating
ChatterBot Mike reevaluating
2024-10-14 13:20:47.560891 Oscar: Juliett, sending you 3
2024-10-14 13:20:47.562308 Lima: Charlie and Hotel, sending you 2
2024-10-14 13:20:47.563607 Whiskey: Mike, sending you 10
2024-10-14 13:20:47.564106 Juliett: Oscar, Alpha and Hotel, sending you 2
2024-10-14 13:20:47.565390 Charlie: Juliett, sending you 2
2024-10-14 13:20:47.567170 Oscar: Lima, sending you 1
2024-10-14 13:20:47.568566 Lima: Oscar, Alpha and Uniform, sending you 1
2024-10-14 13:20:47.569870 Uniform: Charlie, sending you 3
2024-10-14 13:20:47.570770 Hotel: Charlie, sending you 4
2024-10-14 13:20:47.572032 Whiskey: Kilo, sending you 4
2024-10-14 13:20:47.572940 Charlie: Lima and Uniform, sending you 3
2024-10-14 13:20:47.573893 Oscar: Alpha and Hotel, sending you 2
2024-10-14 13:20:47.575144 Uniform: Juliett, Lima and Alpha, sending you 1
2024-10-14 13:20:47.582305 Hotel: Oscar, Juliett and Alpha, sending you 2
2024-10-14 13:20:47.583694 Charlie: Hotel, sending you 4
2024-10-14 13:20:47.584509 Uniform: Hotel, sending you 2
chatterbot Charlie submitting transactions
2024-10-14 13:20:47.588794 Hotel: Lima and Uniform, sending you 3
2024-10-14 13:20:47.590742 Kilo: Oscar, Whiskey and Mike, sending you 2
2024-10-14 13:20:47.593850 Mike: Whiskey, sending you 7
2024-10-14 13:20:47.604723 Mike: Kilo, sending you 4
chatterbot Lima submitting transactions
chatterbot Hotel submitting transactions
chatterbot Alpha submitting transactions
chatterbot Whiskey submitting transactions
chatterbot Oscar submitting transactions
chatterbot Uniform submitting transactions
chatterbot Mike submitting transactions
chatterbot Juliett submitting transactions
chatterbot Kilo submitting transactions
ChatterBot Charlie round 8
ChatterBot Oscar round 8
ChatterBot Juliett round 8
ChatterBot Lima round 8
ChatterBot Whiskey round 8
ChatterBot Mike round 8
ChatterBot Alpha round 8
ChatterBot Kilo round 8
ChatterBot Hotel round 8
ChatterBot Uniform round 8
2024-10-14 13:20:48.662280 Mike: We should add Oscar
ChatterBot Kilo reevaluating
2024-10-14 13:20:48.673961 Kilo: No
2024-10-14 13:20:48.674412 Whiskey: No
ChatterBot Mike reevaluating
ChatterBot Kilo reevaluating
ChatterBot Mike reevaluating
2024-10-14 13:20:48.710322 Mike: We should add Uniform
ChatterBot Kilo reevaluating
2024-10-14 13:20:48.717297 Kilo: Yes
2024-10-14 13:20:48.717439 Whiskey: No
ChatterBot Mike reevaluating
ChatterBot Kilo reevaluating
ChatterBot Mike reevaluating
2024-10-14 13:20:48.732264 Whiskey: I was attacked by Alpha
ChatterBot Kilo reevaluating
ChatterBot Mike reevaluating
2024-10-14 13:20:48.739065 Whiskey: I'm keeping this round to protect myself
2024-10-14 13:20:48.740088 Whiskey: Ow
2024-10-14 13:20:48.740715 Charlie: Oscar and Alpha, sending you 1
2024-10-14 13:20:48.742630 Juliett: Charlie, Alpha and Uniform, sending you 1
2024-10-14 13:20:48.744220 Oscar: Charlie, Lima and Alpha, sending you 1
2024-10-14 13:20:48.745576 Lima: Charlie and Hotel, sending you 2
2024-10-14 13:20:48.746332 Charlie: Juliett, sending you 2
2024-10-14 13:20:48.748334 Mike: Uniform we want you to join our group
2024-10-14 13:20:48.753517 Uniform: No
ChatterBot Mike reevaluating
ChatterBot Kilo reevaluating
2024-10-14 13:20:48.768789 Kilo: We should replace Oscar with Uniform
ChatterBot Mike reevaluating
2024-10-14 13:20:48.778322 Whiskey: No
2024-10-14 13:20:48.778483 Mike: Yes
ChatterBot Kilo reevaluating
ChatterBot Mike reevaluating
ChatterBot Kilo reevaluating
2024-10-14 13:20:48.797718 Juliett: Oscar, sending you 3
2024-10-14 13:20:48.798597 Oscar: Juliett, sending you 3
2024-10-14 13:20:48.799753 Uniform: Charlie, sending you 3
2024-10-14 13:20:48.801419 Lima: Oscar, Alpha and Uniform, sending you 1
2024-10-14 13:20:48.802263 Charlie: Lima and Uniform, sending you 3
2024-10-14 13:20:48.803845 Juliett: Hotel, sending you 2
2024-10-14 13:20:48.805240 Oscar: Hotel, sending you 2
2024-10-14 13:20:48.805814 Uniform: Juliett, Lima and Alpha, sending you 1
2024-10-14 13:20:48.806414 Alpha: Oscar, Juliett, Lima, Hotel and Uniform, sending you 2
2024-10-14 13:20:48.807357 Hotel: Charlie, sending you 4
2024-10-14 13:20:48.808059 Charlie: Hotel, sending you 4
2024-10-14 13:20:48.809675 Uniform: Hotel, sending you 2
2024-10-14 13:20:48.811141 Hotel: Oscar, Juliett and Alpha, sending you 2
2024-10-14 13:20:48.816689 Hotel: Lima and Uniform, sending you 3
2024-10-14 13:20:48.825762 Kilo: Charlie, Lima, Whiskey, Hotel and Uniform, sending you 1
2024-10-14 13:20:48.829693 Kilo: Mike, sending you 2
2024-10-14 13:20:48.836664 Mike: Whiskey, sending you 6
2024-10-14 13:20:48.839916 Mike: Kilo, sending you 3
2024-10-14 13:20:48.843664 Mike: Uniform, sending you 2
chatterbot Oscar submitting transactions
chatterbot Juliett submitting transactions
chatterbot Hotel submitting transactions
chatterbot Lima submitting transactions
chatterbot Mike submitting transactions
chatterbot Alpha submitting transactions
chatterbot Charlie submitting transactions
chatterbot Whiskey submitting transactions
chatterbot Uniform submitting transactions
chatterbot Kilo submitting transactions
ChatterBot Charlie round 9
ChatterBot Oscar round 9
ChatterBot Juliett round 9
ChatterBot Lima round 9
ChatterBot Whiskey round 9
ChatterBot Mike round 9
ChatterBot Alpha round 9
ChatterBot Kilo round 9
ChatterBot Hotel round 9
ChatterBot Uniform round 9
2024-10-14 13:20:50.062528 Mike: We should drop Uniform
ChatterBot Kilo reevaluating
2024-10-14 13:20:50.075331 Kilo: Yes
2024-10-14 13:20:50.075759 Whiskey: Yes
ChatterBot Kilo reevaluating
2024-10-14 13:20:50.094007 Lima: Charlie and Hotel, sending you 2
2024-10-14 13:20:50.096251 Charlie: Oscar and Alpha, sending you 1
2024-10-14 13:20:50.098238 Alpha: Oscar, Juliett, Lima, Hotel and Uniform, sending you 2
2024-10-14 13:20:50.100963 Juliett: Charlie and Uniform, sending you 1
2024-10-14 13:20:50.103174 Lima: Oscar, Alpha and Uniform, sending you 1
2024-10-14 13:20:50.104534 Charlie: Juliett, sending you 2
2024-10-14 13:20:50.106665 Juliett: Oscar, Alpha and Hotel, sending you 2
2024-10-14 13:20:50.108274 Mike: Whiskey, sending you 7
2024-10-14 13:20:50.108676 Uniform: Charlie, sending you 3
2024-10-14 13:20:50.109935 Charlie: Lima and Uniform, sending you 3
2024-10-14 13:20:50.111346 Hotel: Charlie, sending you 4
2024-10-14 13:20:50.112441 Oscar: Charlie and Lima, sending you 1
2024-10-14 13:20:50.113688 Mike: Kilo, sending you 4
2024-10-14 13:20:50.114691 Uniform: Juliett, Lima and Alpha, sending you 1
2024-10-14 13:20:50.115716 Charlie: Hotel, sending you 4
2024-10-14 13:20:50.117201 Hotel: Oscar, Juliett and Alpha, sending you 2
2024-10-14 13:20:50.118806 Oscar: Juliett, Alpha and Hotel, sending you 2
2024-10-14 13:20:50.120669 Uniform: Hotel, sending you 2
2024-10-14 13:20:50.123683 Hotel: Lima and Uniform, sending you 3
2024-10-14 13:20:50.125397 Kilo: Charlie, Lima, Hotel and Uniform, sending you 1
2024-10-14 13:20:50.128695 Kilo: Whiskey and Mike, sending you 2
chatterbot Lima submitting transactions
chatterbot Hotel submitting transactions
chatterbot Alpha submitting transactions
chatterbot Uniform submitting transactions
chatterbot Mike submitting transactions
chatterbot Charlie submitting transactions
chatterbot Juliett submitting transactions
chatterbot Oscar submitting transactions
chatterbot Whiskey submitting transactions
chatterbot Kilo submitting transactions
ChatterBot Charlie round 10
ChatterBot Oscar round 10
ChatterBot Juliett round 10
ChatterBot Lima round 10
ChatterBot Whiskey round 10
ChatterBot Mike round 10
ChatterBot Alpha round 10
ChatterBot Kilo round 10
ChatterBot Hotel round 10
ChatterBot Uniform round 10
2024-10-14 13:20:51.502062 Charlie: We should drop Lima
ChatterBot Hotel reevaluating
ChatterBot Uniform reevaluating
2024-10-14 13:20:51.525837 Oscar: No
2024-10-14 13:20:51.526009 Juliett: Yes
2024-10-14 13:20:51.526537 Alpha: No
2024-10-14 13:20:51.526644 Hotel: No
2024-10-14 13:20:51.526741 Uniform: No
ChatterBot Charlie reevaluating
ChatterBot Hotel reevaluating
ChatterBot Uniform reevaluating
ChatterBot Charlie reevaluating
ChatterBot Hotel reevaluating
ChatterBot Uniform reevaluating
ChatterBot Charlie reevaluating
ChatterBot Hotel reevaluating
ChatterBot Uniform reevaluating
ChatterBot Charlie reevaluating
ChatterBot Uniform reevaluating
ChatterBot Charlie reevaluating
ChatterBot Hotel reevaluating
2024-10-14 13:20:51.641406 Hotel: We should add Kilo
ChatterBot Charlie reevaluating
ChatterBot Uniform reevaluating
2024-10-14 13:20:51.669298 Lima: No
2024-10-14 13:20:51.669489 Charlie: No
2024-10-14 13:20:51.669599 Uniform: No
2024-10-14 13:20:51.669717 Oscar: No
2024-10-14 13:20:51.669834 Juliett: No
2024-10-14 13:20:51.669935 Alpha: No
ChatterBot Charlie reevaluating
ChatterBot Hotel reevaluating
ChatterBot Uniform reevaluating
ChatterBot Hotel reevaluating
ChatterBot Uniform reevaluating
ChatterBot Charlie reevaluating
ChatterBot Hotel reevaluating
ChatterBot Charlie reevaluating
ChatterBot Hotel reevaluating
ChatterBot Uniform reevaluating
ChatterBot Charlie reevaluating
ChatterBot Hotel reevaluating
ChatterBot Uniform reevaluating
ChatterBot Charlie reevaluating
ChatterBot Hotel reevaluating
ChatterBot Uniform reevaluating
2024-10-14 13:20:51.875875 Charlie: We should drop Juliett
ChatterBot Hotel reevaluating
2024-10-14 13:20:51.910570 Oscar: No
2024-10-14 13:20:51.910774 Alpha: No
2024-10-14 13:20:51.910928 Lima: No
2024-10-14 13:20:51.911085 Hotel: No
2024-10-14 13:20:51.911244 Uniform: No
ChatterBot Hotel reevaluating
ChatterBot Hotel reevaluating
ChatterBot Charlie reevaluating
ChatterBot Hotel reevaluating
ChatterBot Charlie reevaluating
ChatterBot Charlie reevaluating
ChatterBot Hotel reevaluating
2024-10-14 13:20:52.027795 Hotel: We should add Mike
ChatterBot Charlie reevaluating
2024-10-14 13:20:52.053885 Lima: No
2024-10-14 13:20:52.054108 Charlie: No
2024-10-14 13:20:52.054283 Uniform: No
2024-10-14 13:20:52.054440 Oscar: No
2024-10-14 13:20:52.054585 Juliett: No
2024-10-14 13:20:52.054773 Alpha: No
ChatterBot Charlie reevaluating
ChatterBot Hotel reevaluating
ChatterBot Hotel reevaluating
ChatterBot Charlie reevaluating
ChatterBot Hotel reevaluating
ChatterBot Charlie reevaluating
ChatterBot Hotel reevaluating
ChatterBot Charlie reevaluating
ChatterBot Hotel reevaluating
ChatterBot Charlie reevaluating
ChatterBot Hotel reevaluating
chatterbot Kilo submitting transactions
chatterbot Lima submitting transactions
chatterbot Oscar submitting transactions
chatterbot Juliett submitting transactions
chatterbot Alpha submitting transactions
2024-10-14 13:20:52.267018 Lima: Charlie and Hotel, sending you 2
2024-10-14 13:20:52.269579 Mike: Whiskey, sending you 6
2024-10-14 13:20:52.270189 Kilo: Juliett, Whiskey and Mike, sending you 2
2024-10-14 13:20:52.272021 Whiskey: Mike, sending you 9
2024-10-14 13:20:52.272319 Oscar: Charlie and Lima, sending you 1
2024-10-14 13:20:52.274384 Hotel: Kilo we want you to join our group
ChatterBot Kilo reevaluating
2024-10-14 13:20:52.279056 Kilo: No
ChatterBot Charlie reevaluating
2024-10-14 13:20:52.306075 Lima: Oscar, Alpha and Uniform, sending you 1
2024-10-14 13:20:52.307285 Mike: Kilo, sending you 5
2024-10-14 13:20:52.308164 Whiskey: Kilo, sending you 4
2024-10-14 13:20:52.308453 Oscar: Juliett, Alpha and Hotel, sending you 2
2024-10-14 13:20:52.313711 Juliett: Charlie and Uniform, sending you 1
2024-10-14 13:20:52.315517 Uniform: Charlie, sending you 2
2024-10-14 13:20:52.318690 Charlie: We should drop Oscar
2024-10-14 13:20:52.346271 Juliett: No
2024-10-14 13:20:52.346479 Alpha: No
2024-10-14 13:20:52.346650 Lima: No
2024-10-14 13:20:52.347150 Hotel: No
2024-10-14 13:20:52.347297 Uniform: No
ChatterBot Charlie reevaluating
ChatterBot Charlie reevaluating
ChatterBot Charlie reevaluating
ChatterBot Juliett reevaluating
ChatterBot Charlie reevaluating
ChatterBot Juliett reevaluating
ChatterBot Charlie reevaluating
ChatterBot Juliett reevaluating
2024-10-14 13:20:52.519640 Uniform: Juliett, Lima and Alpha, sending you 1
2024-10-14 13:20:52.521767 Kilo: Sorry, I'm actually sending you 0
chatterbot Uniform submitting transactions
2024-10-14 13:20:52.522965 Hotel: Charlie, Lima and Uniform, sending you 3
2024-10-14 13:20:52.526380 Charlie: We should drop Alpha
ChatterBot Juliett reevaluating
2024-10-14 13:20:52.551897 Oscar: No
2024-10-14 13:20:52.552097 Juliett: No
2024-10-14 13:20:52.552240 Lima: No
2024-10-14 13:20:52.552385 Hotel: No
2024-10-14 13:20:52.552498 Uniform: No
ChatterBot Charlie reevaluating
ChatterBot Juliett reevaluating
ChatterBot Hotel reevaluating
ChatterBot Charlie reevaluating
ChatterBot Hotel reevaluating
ChatterBot Charlie reevaluating
ChatterBot Juliett reevaluating
ChatterBot Hotel reevaluating
ChatterBot Charlie reevaluating
ChatterBot Juliett reevaluating
ChatterBot Charlie reevaluating
ChatterBot Juliett reevaluating
ChatterBot Hotel reevaluating
2024-10-14 13:20:52.675951 Kilo: Charlie, Lima, Hotel and Uniform, sending you 1
2024-10-14 13:20:52.677526 Uniform: Hotel, sending you 3
chatterbot Mike submitting transactions
chatterbot Whiskey submitting transactions
2024-10-14 13:20:52.687239 Juliett: Lima we want you to join our group
2024-10-14 13:20:52.696937 Lima: Yes
2024-10-14 13:20:52.753754 Juliett: Sorry, I'm actually sending you 0
2024-10-14 13:20:52.754241 Charlie: Oscar, sending you 2
2024-10-14 13:20:52.761245 Juliett: Oscar, Alpha, Hotel and Uniform, sending you 2
2024-10-14 13:20:52.762425 Charlie: Lima, sending you 3
2024-10-14 13:20:52.773743 Charlie: Alpha, sending you 1
2024-10-14 13:20:52.793855 Charlie: Hotel and Uniform, sending you 4
chatterbot Hotel submitting transactions
chatterbot Kilo submitting transactions
chatterbot Hotel submitting transactions
chatterbot Charlie submitting transactions
ChatterBot Charlie round 11
ChatterBot Oscar round 11
ChatterBot Juliett round 11
ChatterBot Lima round 11
ChatterBot Whiskey round 11
ChatterBot Mike round 11
ChatterBot Alpha round 11
ChatterBot Kilo round 11
ChatterBot Hotel round 11
ChatterBot Uniform round 11
2024-10-14 13:20:53.764162 Charlie: Can we be friends?
ChatterBot Juliett reevaluating
2024-10-14 13:20:53.834421 Oscar: Yes
2024-10-14 13:20:53.834902 Juliett: Yes
2024-10-14 13:20:53.835042 Alpha: Yes
ChatterBot Juliett reevaluating
ChatterBot Juliett reevaluating
chatterbot Juliett submitting transactions
2024-10-14 13:20:53.887569 Lima: Friends?
ChatterBot Juliett reevaluating
2024-10-14 13:20:53.899310 Oscar: Yes
2024-10-14 13:20:53.899653 Juliett: No
2024-10-14 13:20:53.899893 Alpha: Yes
ChatterBot Juliett reevaluating
ChatterBot Juliett reevaluating
2024-10-14 13:20:53.934489 Mike: Friends?
ChatterBot Lima reevaluating
ChatterBot Kilo reevaluating
2024-10-14 13:20:53.950930 Charlie: No
2024-10-14 13:20:53.951086 Lima: No
2024-10-14 13:20:53.951182 Whiskey: No
2024-10-14 13:20:53.951707 Kilo: Yes
2024-10-14 13:20:53.951816 Hotel: No
ChatterBot Mike reevaluating
ChatterBot Lima reevaluating
ChatterBot Kilo reevaluating
ChatterBot Mike reevaluating
ChatterBot Kilo reevaluating
ChatterBot Hotel reevaluating
ChatterBot Mike reevaluating
ChatterBot Lima reevaluating
ChatterBot Kilo reevaluating
ChatterBot Hotel reevaluating
ChatterBot Mike reevaluating
ChatterBot Charlie reevaluating
ChatterBot Lima reevaluating
ChatterBot Hotel reevaluating
ChatterBot Mike reevaluating
ChatterBot Charlie reevaluating
ChatterBot Lima reevaluating
ChatterBot Kilo reevaluating
2024-10-14 13:20:54.047281 Kilo: We should add Juliett
ChatterBot Mike reevaluating
ChatterBot Charlie reevaluating
ChatterBot Lima reevaluating
ChatterBot Hotel reevaluating
ChatterBot Uniform reevaluating
2024-10-14 13:20:54.066892 Whiskey: No
2024-10-14 13:20:54.067005 Mike: No
2024-10-14 13:20:54.067096 Charlie: No
2024-10-14 13:20:54.067177 Lima: No
2024-10-14 13:20:54.067260 Hotel: Yes
2024-10-14 13:20:54.067337 Uniform: No
ChatterBot Kilo reevaluating
ChatterBot Mike reevaluating
ChatterBot Charlie reevaluating
ChatterBot Lima reevaluating
ChatterBot Hotel reevaluating
ChatterBot Uniform reevaluating
ChatterBot Kilo reevaluating
ChatterBot Charlie reevaluating
ChatterBot Lima reevaluating
ChatterBot Hotel reevaluating
ChatterBot Uniform reevaluating
ChatterBot Kilo reevaluating
ChatterBot Mike reevaluating
ChatterBot Lima reevaluating
ChatterBot Hotel reevaluating
ChatterBot Uniform reevaluating
ChatterBot Kilo reevaluating
ChatterBot Mike reevaluating
ChatterBot Charlie reevaluating
ChatterBot Hotel reevaluating
ChatterBot Uniform reevaluating
ChatterBot Kilo reevaluating
ChatterBot Mike reevaluating
ChatterBot Charlie reevaluating
ChatterBot Lima reevaluating
ChatterBot Uniform reevaluating
ChatterBot Kilo reevaluating
ChatterBot Mike reevaluating
ChatterBot Charlie reevaluating
ChatterBot Lima reevaluating
ChatterBot Hotel reevaluating
2024-10-14 13:20:54.263531 Kilo: We should add Oscar
ChatterBot Mike reevaluating
ChatterBot Charlie reevaluating
ChatterBot Hotel reevaluating
ChatterBot Uniform reevaluating
2024-10-14 13:20:54.351678 Whiskey: No
