ChatterBot Tango round 1
ChatterBot Zulu round 1
ChatterBot Alpha round 1
ChatterBot Oscar round 1
ChatterBot Uniform round 1
ChatterBot Victor round 1
ChatterBot Yankee round 1
ChatterBot India round 1
ChatterBot Sierra round 1
ChatterBot Foxtrot round 1
randomSelections Alpha: {Alpha, Tango, Yankee, Foxtrot, Sierra, Oscar, Victor} 
2024-10-14 23:15:27.407919 Alpha: Can we be friends?
ChatterBot Tango reevaluating
ChatterBot Yankee reevaluating
ChatterBot Foxtrot reevaluating
ChatterBot Sierra reevaluating
ChatterBot Oscar reevaluating
ChatterBot Victor reevaluating
2024-10-14 23:15:27.475573 Tango: Yes
2024-10-14 23:15:27.475736 Yankee: Yes
2024-10-14 23:15:27.476392 Foxtrot: Yes
2024-10-14 23:15:27.476493 Sierra: Yes
2024-10-14 23:15:27.476603 Oscar: Yes
2024-10-14 23:15:27.476754 Victor: Yes
ChatterBot Yankee reevaluating
ChatterBot Foxtrot reevaluating
ChatterBot Sierra reevaluating
ChatterBot Oscar reevaluating
ChatterBot Victor reevaluating
ChatterBot Tango reevaluating
ChatterBot Foxtrot reevaluating
ChatterBot Sierra reevaluating
ChatterBot Oscar reevaluating
ChatterBot Victor reevaluating
ChatterBot Tango reevaluating
ChatterBot Yankee reevaluating
ChatterBot Sierra reevaluating
ChatterBot Oscar reevaluating
ChatterBot Victor reevaluating
ChatterBot Tango reevaluating
ChatterBot Yankee reevaluating
ChatterBot Foxtrot reevaluating
ChatterBot Oscar reevaluating
ChatterBot Victor reevaluating
ChatterBot Tango reevaluating
ChatterBot Yankee reevaluating
ChatterBot Foxtrot reevaluating
ChatterBot Sierra reevaluating
ChatterBot Victor reevaluating
ChatterBot Tango reevaluating
ChatterBot Yankee reevaluating
ChatterBot Foxtrot reevaluating
ChatterBot Sierra reevaluating
ChatterBot Oscar reevaluating
randomSelections Zulu: {Zulu, Oscar, Alpha, Foxtrot, Victor, Uniform} 
2024-10-14 23:15:27.537756 Zulu: We would work well together
ChatterBot Oscar reevaluating
ChatterBot Foxtrot reevaluating
ChatterBot Victor reevaluating
ChatterBot Uniform reevaluating
2024-10-14 23:15:27.545837 Oscar: No
2024-10-14 23:15:27.546105 Alpha: No
2024-10-14 23:15:27.546901 Foxtrot: No
2024-10-14 23:15:27.547269 Victor: No
2024-10-14 23:15:27.547660 Uniform: Yes
ChatterBot Foxtrot reevaluating
ChatterBot Victor reevaluating
ChatterBot Uniform reevaluating
ChatterBot Oscar reevaluating
ChatterBot Foxtrot reevaluating
ChatterBot Victor reevaluating
ChatterBot Uniform reevaluating
ChatterBot Oscar reevaluating
ChatterBot Victor reevaluating
ChatterBot Uniform reevaluating
ChatterBot Oscar reevaluating
ChatterBot Foxtrot reevaluating
ChatterBot Uniform reevaluating
ChatterBot Oscar reevaluating
ChatterBot Foxtrot reevaluating
ChatterBot Victor reevaluating
randomSelections India: {India, Alpha, Tango, Victor, Sierra, Zulu} 
2024-10-14 23:15:27.626926 India: We would work well together
ChatterBot Tango reevaluating
ChatterBot Victor reevaluating
ChatterBot Sierra reevaluating
2024-10-14 23:15:27.640356 Alpha: No
2024-10-14 23:15:27.640792 Tango: No
2024-10-14 23:15:27.641287 Victor: No
2024-10-14 23:15:27.642175 Sierra: No
2024-10-14 23:15:27.642485 Zulu: No
ChatterBot Tango reevaluating
ChatterBot Victor reevaluating
ChatterBot Sierra reevaluating
ChatterBot Victor reevaluating
ChatterBot Sierra reevaluating
ChatterBot Tango reevaluating
ChatterBot Sierra reevaluating
ChatterBot Tango reevaluating
ChatterBot Victor reevaluating
ChatterBot Tango reevaluating
ChatterBot Victor reevaluating
ChatterBot Sierra reevaluating
2024-10-14 23:15:27.719668 Uniform: Zulu and Foxtrot, sending you 1
2024-10-14 23:15:27.721204 Zulu: Alpha, sending you 2
2024-10-14 23:15:27.721663 Sierra: Tango, sending you 1
2024-10-14 23:15:27.724007 Yankee: Tango, Oscar and Sierra, sending you 1
2024-10-14 23:15:27.724569 Uniform: Oscar, sending you 2
2024-10-14 23:15:27.725891 India: Tango, sending you 5
2024-10-14 23:15:27.726322 Zulu: Oscar, sending you 6
2024-10-14 23:15:27.726714 Tango: Alpha, Oscar, Victor and Sierra, sending you 2
2024-10-14 23:15:27.728217 Alpha: Tango and Victor, sending you 2
2024-10-14 23:15:27.728817 Sierra: Alpha and Oscar, sending you 3
2024-10-14 23:15:27.729424 Victor: Alpha, Oscar, Yankee, Sierra and Foxtrot, sending you 1
2024-10-14 23:15:27.730474 Yankee: Alpha and Victor, sending you 2
2024-10-14 23:15:27.730836 India: Zulu, sending you 1
2024-10-14 23:15:27.731237 Zulu: Uniform, sending you 5
2024-10-14 23:15:27.732248 Tango: Yankee, sending you 1
2024-10-14 23:15:27.732712 Alpha: Oscar, sending you 3
2024-10-14 23:15:27.734427 Sierra: Victor, sending you 5
2024-10-14 23:15:27.734966 India: Alpha, sending you 4
2024-10-14 23:15:27.735288 Yankee: Foxtrot, sending you 3
2024-10-14 23:15:27.736631 Tango: Foxtrot, sending you 3
2024-10-14 23:15:27.737226 Zulu: Victor and Foxtrot, sending you 1
2024-10-14 23:15:27.737656 Alpha: Yankee, sending you 5
2024-10-14 23:15:27.739126 Sierra: Yankee, sending you 2
2024-10-14 23:15:27.739475 India: Victor and Sierra, sending you 2
2024-10-14 23:15:27.741684 Alpha: Sierra, sending you 4
2024-10-14 23:15:27.742195 Sierra: Foxtrot, sending you 4
chatterbot India submitting transactions
chatterbot Foxtrot submitting transactions
chatterbot Zulu submitting transactions
chatterbot Sierra submitting transactions
chatterbot Victor submitting transactions
chatterbot Alpha submitting transactions
chatterbot Uniform submitting transactions
chatterbot Yankee submitting transactions
chatterbot Oscar submitting transactions
chatterbot Tango submitting transactions
ChatterBot Tango round 2
ChatterBot Zulu round 2
ChatterBot Alpha round 2
ChatterBot Oscar round 2
ChatterBot Uniform round 2
ChatterBot Victor round 2
ChatterBot Yankee round 2
2024-10-14 23:15:33.886041 Alpha: Can we be friends?
ChatterBot Tango reevaluating
ChatterBot Victor reevaluating
ChatterBot Yankee reevaluating
ChatterBot India reevaluating
ChatterBot Sierra reevaluating
2024-10-14 23:15:33.925061 Tango: Yes
2024-10-14 23:15:33.925254 Victor: Yes
2024-10-14 23:15:33.925933 Yankee: No
2024-10-14 23:15:33.926051 India: No
2024-10-14 23:15:33.926166 Sierra: No
ChatterBot Victor reevaluating
ChatterBot Yankee reevaluating
ChatterBot India reevaluating
ChatterBot Sierra reevaluating
ChatterBot Tango reevaluating
ChatterBot Yankee reevaluating
ChatterBot India reevaluating
ChatterBot Sierra reevaluating
ChatterBot Tango reevaluating
ChatterBot Victor reevaluating
ChatterBot India reevaluating
ChatterBot Sierra reevaluating
ChatterBot Tango reevaluating
ChatterBot Victor reevaluating
ChatterBot Yankee reevaluating
ChatterBot Sierra reevaluating
ChatterBot Tango reevaluating
2024-10-14 23:15:34.237710 Victor: Friends?
ChatterBot Victor reevaluating
ChatterBot Yankee reevaluating
ChatterBot India reevaluating
ChatterBot Yankee reevaluating
ChatterBot Tango reevaluating
ChatterBot Sierra reevaluating
2024-10-14 23:15:34.303863 Alpha: Yes
2024-10-14 23:15:34.304115 Yankee: No
2024-10-14 23:15:34.305194 Tango: Yes
ChatterBot India reevaluating
2024-10-14 23:15:34.326117 Sierra: No
2024-10-14 23:15:34.329885 India: No
ChatterBot Tango reevaluating
ChatterBot Victor reevaluating
ChatterBot Yankee reevaluating
ChatterBot India reevaluating
ChatterBot Sierra reevaluating
ChatterBot Tango reevaluating
ChatterBot Victor reevaluating
ChatterBot India reevaluating
ChatterBot Sierra reevaluating
ChatterBot Victor reevaluating
ChatterBot Yankee reevaluating
ChatterBot India reevaluating
ChatterBot Sierra reevaluating
ChatterBot Tango reevaluating
ChatterBot Victor reevaluating
ChatterBot Yankee reevaluating
ChatterBot India reevaluating
ChatterBot Tango reevaluating
ChatterBot Victor reevaluating
ChatterBot Yankee reevaluating
ChatterBot Sierra reevaluating
ChatterBot India round 2
2024-10-14 23:15:34.587752 Zulu: Can we be friends?
ChatterBot Oscar reevaluating
ChatterBot Uniform reevaluating
ChatterBot India reevaluating
2024-10-14 23:15:34.605295 Oscar: No
2024-10-14 23:15:34.605473 Uniform: Yes
2024-10-14 23:15:34.605674 India: No
ChatterBot Uniform reevaluating
ChatterBot India reevaluating
ChatterBot Oscar reevaluating
ChatterBot India reevaluating
ChatterBot Zulu reevaluating
ChatterBot Oscar reevaluating
ChatterBot Uniform reevaluating
ChatterBot Sierra round 2
ChatterBot Foxtrot round 2
2024-10-14 23:15:34.680435 India: We should replace Zulu with Yankee
ChatterBot Sierra reevaluating
2024-10-14 23:15:34.700288 Tango: Yes
2024-10-14 23:15:34.700464 Alpha: Yes
2024-10-14 23:15:34.700598 Victor: Yes
2024-10-14 23:15:34.700743 Sierra: Yes
ChatterBot Sierra reevaluating
ChatterBot Sierra reevaluating
ChatterBot Sierra reevaluating
2024-10-14 23:15:34.776989 Zulu: We should drop Alpha and Victor
ChatterBot Uniform reevaluating
ChatterBot Foxtrot reevaluating
2024-10-14 23:15:34.791250 Oscar: Yes
2024-10-14 23:15:34.791454 Uniform: Yes
2024-10-14 23:15:34.791593 Foxtrot: Yes
ChatterBot Zulu reevaluating
ChatterBot Uniform reevaluating
ChatterBot Foxtrot reevaluating
ChatterBot Zulu reevaluating
ChatterBot Foxtrot reevaluating
ChatterBot Zulu reevaluating
ChatterBot Uniform reevaluating
2024-10-14 23:15:34.834743 Uniform: Let's form a team
ChatterBot Zulu reevaluating
2024-10-14 23:15:34.840118 Zulu: Yes
ChatterBot Uniform reevaluating
2024-10-14 23:15:34.855229 India: Yankee we want you to join our group
2024-10-14 23:15:34.860496 Yankee: Yes
ChatterBot Sierra reevaluating
2024-10-14 23:15:34.883852 Tango: Alpha, sending you 4
2024-10-14 23:15:34.884326 Alpha: Tango, Victor, Yankee and Sierra, sending you 3
2024-10-14 23:15:34.884785 Victor: Tango, Alpha and Yankee, sending you 3
2024-10-14 23:15:34.887671 Alpha: India, sending you 4
2024-10-14 23:15:34.888070 Victor: India, sending you 1
2024-10-14 23:15:34.888845 Yankee: Tango, Victor and India, sending you 3
2024-10-14 23:15:34.889271 Tango: Victor, sending you 1
2024-10-14 23:15:34.889692 Oscar: Zulu, sending you 9
2024-10-14 23:15:34.892669 Yankee: Alpha, sending you 5
2024-10-14 23:15:34.893549 Tango: Yankee and Sierra, sending you 2
2024-10-14 23:15:34.894016 Oscar: Uniform, sending you 6
2024-10-14 23:15:34.894324 Victor: Sierra, sending you 6
2024-10-14 23:15:34.896680 Yankee: Sierra, sending you 4
2024-10-14 23:15:34.898202 Tango: India, sending you 8
2024-10-14 23:15:34.898789 Uniform: Zulu, sending you 7
2024-10-14 23:15:34.899682 Foxtrot: Zulu and Uniform, sending you 8
2024-10-14 23:15:34.900693 Zulu: Oscar, sending you 2
2024-10-14 23:15:34.901693 Uniform: Oscar and India, sending you 1
2024-10-14 23:15:34.902691 Foxtrot: Oscar, sending you 2
2024-10-14 23:15:34.904804 Zulu: Uniform and India, sending you 8
2024-10-14 23:15:34.909693 India: Tango, Alpha, Victor and Yankee, sending you 3
2024-10-14 23:15:34.915673 India: Sierra, sending you 2
2024-10-14 23:15:34.916652 Sierra: Tango and India, sending you 4
2024-10-14 23:15:34.919688 Sierra: Alpha, sending you 6
2024-10-14 23:15:34.923708 Sierra: Victor, sending you 3
2024-10-14 23:15:34.927669 Sierra: Yankee, sending you 2
chatterbot Victor submitting transactions
chatterbot Tango submitting transactions
chatterbot Alpha submitting transactions
chatterbot Foxtrot submitting transactions
chatterbot Sierra submitting transactions
chatterbot India submitting transactions
chatterbot Uniform submitting transactions
chatterbot Oscar submitting transactions
chatterbot Yankee submitting transactions
chatterbot Zulu submitting transactions
ChatterBot Tango round 3
ChatterBot Zulu round 3
ChatterBot Alpha round 3
ChatterBot Oscar round 3
ChatterBot Uniform round 3
2024-10-14 23:15:35.800722 Zulu: We should replace India with Foxtrot
ChatterBot Oscar reevaluating
ChatterBot Uniform reevaluating
2024-10-14 23:15:35.807798 Oscar: Yes
2024-10-14 23:15:35.807948 Uniform: Yes
ChatterBot Uniform reevaluating
ChatterBot Oscar reevaluating
ChatterBot Victor round 3
ChatterBot Yankee round 3
ChatterBot India round 3
ChatterBot Sierra round 3
ChatterBot Foxtrot round 3
2024-10-14 23:15:35.835535 Zulu: Foxtrot we want you to join our group
ChatterBot Foxtrot reevaluating
2024-10-14 23:15:35.838692 Foxtrot: No
ChatterBot Oscar reevaluating
ChatterBot Uniform reevaluating
2024-10-14 23:15:35.868678 Tango: Alpha, Victor, Yankee and Sierra, sending you 3
2024-10-14 23:15:35.869724 Victor: Tango, sending you 2
2024-10-14 23:15:35.871173 Foxtrot: We should drop Oscar
2024-10-14 23:15:35.880202 Zulu: No
2024-10-14 23:15:35.880420 Uniform: No
2024-10-14 23:15:35.899320 Uniform: Zulu, sending you 5
2024-10-14 23:15:35.899620 Zulu: Oscar, sending you 7
2024-10-14 23:15:35.899850 Tango: India, sending you 5
2024-10-14 23:15:35.900243 Victor: Alpha, Yankee and India, sending you 3
2024-10-14 23:15:35.901693 Uniform: Oscar and Foxtrot, sending you 4
2024-10-14 23:15:35.902680 Zulu: Uniform, sending you 5
2024-10-14 23:15:35.903543 Oscar: Zulu, sending you 8
2024-10-14 23:15:35.903954 India: Tango, sending you 4
2024-10-14 23:15:35.904479 Victor: Sierra, sending you 5
2024-10-14 23:15:35.905447 Yankee: Tango, India and Sierra, sending you 3
2024-10-14 23:15:35.905919 Sierra: Tango and India, sending you 3
2024-10-14 23:15:35.906371 Alpha: Tango, Victor, Yankee and India, sending you 3
2024-10-14 23:15:35.907453 Zulu: Foxtrot, sending you 6
2024-10-14 23:15:35.907788 Oscar: Uniform and Foxtrot, sending you 5
2024-10-14 23:15:35.908690 India: Alpha, Yankee and Sierra, sending you 3
2024-10-14 23:15:35.909671 Yankee: Alpha, sending you 5
2024-10-14 23:15:35.910117 Sierra: Alpha and Yankee, sending you 4
2024-10-14 23:15:35.910588 Alpha: Sierra, sending you 4
2024-10-14 23:15:35.912684 India: Victor, sending you 1
2024-10-14 23:15:35.913703 Yankee: Victor, sending you 4
2024-10-14 23:15:35.914265 Sierra: Victor, sending you 5
2024-10-14 23:15:35.918689 Foxtrot: Sending you each 9
chatterbot Yankee submitting transactions
chatterbot Victor submitting transactions
chatterbot Foxtrot submitting transactions
chatterbot Zulu submitting transactions
chatterbot Tango submitting transactions
chatterbot Sierra submitting transactions
chatterbot India submitting transactions
chatterbot Uniform submitting transactions
chatterbot Alpha submitting transactions
chatterbot Oscar submitting transactions
ChatterBot Tango round 4
ChatterBot Zulu round 4
ChatterBot Alpha round 4
ChatterBot Oscar round 4
ChatterBot Uniform round 4
ChatterBot Victor round 4
ChatterBot Yankee round 4
ChatterBot India round 4
ChatterBot Sierra round 4
ChatterBot Foxtrot round 4
2024-10-14 23:15:37.100679 Oscar: Zulu, sending you 9
2024-10-14 23:15:37.103706 Oscar: Uniform, sending you 6
2024-10-14 23:15:37.106670 Alpha: Tango, Victor, Yankee and India, sending you 3
2024-10-14 23:15:37.107252 Oscar: Foxtrot, sending you 3
2024-10-14 23:15:37.109687 Alpha: Sierra, sending you 4
2024-10-14 23:15:37.113689 Sierra: Tango, Yankee and India, sending you 3
2024-10-14 23:15:37.114332 Zulu: Oscar, sending you 7
2024-10-14 23:15:37.118686 Yankee: Tango and India, sending you 3
2024-10-14 23:15:37.119327 Sierra: Alpha, sending you 4
2024-10-14 23:15:37.119916 Zulu: Uniform, sending you 5
2024-10-14 23:15:37.120206 India: Tango, sending you 4
2024-10-14 23:15:37.120619 Victor: Tango and India, sending you 2
2024-10-14 23:15:37.121024 Tango: Alpha, Victor, Yankee and Sierra, sending you 3
2024-10-14 23:15:37.121775 Uniform: Zulu and Foxtrot, sending you 5
2024-10-14 23:15:37.122681 Sierra: Victor, sending you 6
2024-10-14 23:15:37.123218 India: Alpha, Yankee and Sierra, sending you 3
2024-10-14 23:15:37.123693 Yankee: Alpha, Victor and Sierra, sending you 4
2024-10-14 23:15:37.124682 Zulu: Foxtrot, sending you 6
2024-10-14 23:15:37.125005 Victor: Alpha and Yankee, sending you 3
2024-10-14 23:15:37.125665 Uniform: Oscar, sending you 4
2024-10-14 23:15:37.125955 Foxtrot: Zulu, sending you 10
2024-10-14 23:15:37.126173 India: Victor, sending you 1
2024-10-14 23:15:37.127014 Tango: India, sending you 5
2024-10-14 23:15:37.127667 Victor: Sierra, sending you 6
2024-10-14 23:15:37.129652 Foxtrot: Uniform, sending you 8
chatterbot India submitting transactions
chatterbot Foxtrot submitting transactions
chatterbot Zulu submitting transactions
chatterbot Sierra submitting transactions
chatterbot Victor submitting transactions
chatterbot Yankee submitting transactions
chatterbot Tango submitting transactions
chatterbot Alpha submitting transactions
chatterbot Oscar submitting transactions
chatterbot Uniform submitting transactions
ChatterBot Tango round 5
ChatterBot Zulu round 5
ChatterBot Alpha round 5
ChatterBot Oscar round 5
ChatterBot Uniform round 5
ChatterBot Victor round 5
ChatterBot Yankee round 5
ChatterBot India round 5
ChatterBot Sierra round 5
ChatterBot Foxtrot round 5
2024-10-14 23:15:38.254265 Foxtrot: We should replace Uniform with Oscar
2024-10-14 23:15:38.262081 Zulu: No
2024-10-14 23:15:38.321649 Foxtrot: Oscar we want you to join our group
2024-10-14 23:15:38.334982 Oscar: Yes
2024-10-14 23:15:38.361661 Zulu: Oscar and Foxtrot, sending you 6
2024-10-14 23:15:38.362951 Uniform: Zulu, sending you 5
2024-10-14 23:15:38.363479 Tango: Alpha, Victor, Yankee and Sierra, sending you 3
2024-10-14 23:15:38.364253 Sierra: Tango and India, sending you 3
2024-10-14 23:15:38.365023 Oscar: Zulu, sending you 9
2024-10-14 23:15:38.365692 Uniform: Oscar, sending you 4
2024-10-14 23:15:38.366781 Zulu: Uniform, sending you 5
2024-10-14 23:15:38.368668 Tango: India, sending you 5
2024-10-14 23:15:38.369956 Sierra: Alpha and Yankee, sending you 4
2024-10-14 23:15:38.370802 Oscar: Uniform, sending you 6
2024-10-14 23:15:38.371343 India: Tango, Alpha, Yankee and Sierra, sending you 3
2024-10-14 23:15:38.372631 Victor: Tango, Alpha and Yankee, sending you 3
2024-10-14 23:15:38.373516 Foxtrot: Zulu, sending you 10
2024-10-14 23:15:38.374029 Uniform: Foxtrot, sending you 6
2024-10-14 23:15:38.375660 Sierra: Victor, sending you 5
2024-10-14 23:15:38.376231 Oscar: Foxtrot, sending you 3
2024-10-14 23:15:38.376660 India: Victor, sending you 2
2024-10-14 23:15:38.377208 Victor: India, sending you 2
2024-10-14 23:15:38.377835 Foxtrot: Oscar, sending you 8
2024-10-14 23:15:38.379079 Yankee: Tango, sending you 2
2024-10-14 23:15:38.380681 Alpha: Tango, Victor, Yankee and India, sending you 3
2024-10-14 23:15:38.381974 Victor: Sierra, sending you 5
2024-10-14 23:15:38.382715 Yankee: Alpha, Victor, India and Sierra, sending you 4
2024-10-14 23:15:38.384685 Alpha: Sierra, sending you 4
chatterbot Uniform submitting transactions
chatterbot Oscar submitting transactions
chatterbot Victor submitting transactions
chatterbot Yankee submitting transactions
chatterbot Zulu submitting transactions
chatterbot Alpha submitting transactions
chatterbot Sierra submitting transactions
chatterbot India submitting transactions
chatterbot Foxtrot submitting transactions
chatterbot Tango submitting transactions
ChatterBot Tango round 6
ChatterBot Zulu round 6
ChatterBot Alpha round 6
ChatterBot Oscar round 6
ChatterBot Uniform round 6
ChatterBot Victor round 6
ChatterBot Yankee round 6
ChatterBot India round 6
ChatterBot Sierra round 6
ChatterBot Foxtrot round 6
2024-10-14 23:15:39.414697 Alpha: Tango, Victor, Yankee and India, sending you 3
2024-10-14 23:15:39.415553 Oscar: Zulu, sending you 8
2024-10-14 23:15:39.418670 Alpha: Sierra, sending you 4
2024-10-14 23:15:39.419338 Oscar: Uniform, sending you 6
2024-10-14 23:15:39.423333 Oscar: Foxtrot, sending you 4
2024-10-14 23:15:39.423837 Yankee: Tango, sending you 2
2024-10-14 23:15:39.424688 Victor: Tango, Alpha and Yankee, sending you 3
2024-10-14 23:15:39.425709 Tango: Alpha and India, sending you 4
2024-10-14 23:15:39.426684 Yankee: Alpha, Victor, India and Sierra, sending you 4
2024-10-14 23:15:39.428172 Zulu: Oscar and Foxtrot, sending you 6
2024-10-14 23:15:39.428679 Tango: Victor, Yankee and Sierra, sending you 3
2024-10-14 23:15:39.429674 Victor: India, sending you 2
2024-10-14 23:15:39.431703 Uniform: Zulu, sending you 6
2024-10-14 23:15:39.432753 Zulu: Uniform, sending you 5
2024-10-14 23:15:39.433337 Victor: Sierra, sending you 5
2024-10-14 23:15:39.434283 Foxtrot: Zulu, sending you 11
2024-10-14 23:15:39.434870 Sierra: Tango and India, sending you 3
2024-10-14 23:15:39.435832 Uniform: Oscar, sending you 5
2024-10-14 23:15:39.436220 India: Tango, Alpha, Yankee and Sierra, sending you 3
2024-10-14 23:15:39.438663 Sierra: Alpha and Yankee, sending you 4
2024-10-14 23:15:39.439697 Foxtrot: Oscar, sending you 7
2024-10-14 23:15:39.440659 Uniform: Foxtrot, sending you 4
2024-10-14 23:15:39.441017 India: Victor, sending you 2
2024-10-14 23:15:39.443661 Sierra: Victor, sending you 5
chatterbot India submitting transactions
chatterbot Foxtrot submitting transactions
chatterbot Alpha submitting transactions
chatterbot Uniform submitting transactions
chatterbot Sierra submitting transactions
chatterbot Victor submitting transactions
chatterbot Tango submitting transactions
chatterbot Zulu submitting transactions
chatterbot Yankee submitting transactions
chatterbot Oscar submitting transactions
ChatterBot Tango round 7
ChatterBot Zulu round 7
ChatterBot Alpha round 7
ChatterBot Oscar round 7
ChatterBot Uniform round 7
ChatterBot Victor round 7
ChatterBot Yankee round 7
ChatterBot India round 7
ChatterBot Sierra round 7
ChatterBot Foxtrot round 7
2024-10-14 23:15:40.686670 Zulu: Oscar and Foxtrot, sending you 6
2024-10-14 23:15:40.689669 Alpha: Tango, Victor, Yankee and India, sending you 3
2024-10-14 23:15:40.692159 Zulu: Uniform, sending you 5
2024-10-14 23:15:40.693661 Alpha: Sierra, sending you 4
2024-10-14 23:15:40.694672 Victor: Tango, Alpha and Yankee, sending you 3
2024-10-14 23:15:40.697684 Uniform: Zulu, sending you 6
2024-10-14 23:15:40.699022 Victor: India, sending you 2
2024-10-14 23:15:40.699566 India: Tango, Alpha, Yankee and Sierra, sending you 3
2024-10-14 23:15:40.700136 Yankee: Tango, sending you 2
2024-10-14 23:15:40.701656 Tango: Alpha and India, sending you 4
2024-10-14 23:15:40.702211 Foxtrot: Zulu, sending you 11
2024-10-14 23:15:40.702716 Uniform: Oscar, sending you 5
2024-10-14 23:15:40.703193 Victor: Sierra, sending you 5
2024-10-14 23:15:40.703839 Sierra: Tango and India, sending you 3
2024-10-14 23:15:40.704668 India: Victor, sending you 2
2024-10-14 23:15:40.705244 Yankee: Alpha, Victor, India and Sierra, sending you 4
2024-10-14 23:15:40.705836 Tango: Victor, Yankee and Sierra, sending you 3
2024-10-14 23:15:40.707100 Foxtrot: Oscar, sending you 7
2024-10-14 23:15:40.707403 Oscar: Zulu, sending you 7
2024-10-14 23:15:40.707758 Sierra: Alpha and Yankee, sending you 4
2024-10-14 23:15:40.708331 Uniform: Foxtrot, sending you 4
2024-10-14 23:15:40.711692 Oscar: Uniform, sending you 6
2024-10-14 23:15:40.712675 Sierra: Victor, sending you 5
2024-10-14 23:15:40.716691 Oscar: Foxtrot, sending you 5
chatterbot Uniform submitting transactions
chatterbot Alpha submitting transactions
chatterbot Victor submitting transactions
chatterbot Yankee submitting transactions
chatterbot Oscar submitting transactions
chatterbot Zulu submitting transactions
chatterbot Foxtrot submitting transactions
chatterbot Tango submitting transactions
chatterbot Sierra submitting transactions
chatterbot India submitting transactions
ChatterBot Tango round 8
ChatterBot Zulu round 8
ChatterBot Alpha round 8
ChatterBot Oscar round 8
ChatterBot Uniform round 8
ChatterBot Victor round 8
ChatterBot Yankee round 8
ChatterBot India round 8
ChatterBot Sierra round 8
ChatterBot Foxtrot round 8
2024-10-14 23:15:41.958661 Zulu: Oscar and Foxtrot, sending you 6
2024-10-14 23:15:41.961662 Zulu: Uniform, sending you 5
2024-10-14 23:15:41.965679 Oscar: Zulu, sending you 8
2024-10-14 23:15:41.966701 Foxtrot: Zulu, sending you 10
2024-10-14 23:15:41.968685 Victor: Tango, Alpha and Yankee, sending you 3
2024-10-14 23:15:41.969469 Oscar: Uniform and Foxtrot, sending you 5
2024-10-14 23:15:41.969978 Uniform: Zulu and Oscar, sending you 6
2024-10-14 23:15:41.971680 Foxtrot: Oscar, sending you 8
2024-10-14 23:15:41.971971 Tango: Alpha and India, sending you 4
2024-10-14 23:15:41.972681 Victor: India, sending you 2
2024-10-14 23:15:41.973275 Uniform: Foxtrot, sending you 3
2024-10-14 23:15:41.974040 Alpha: Tango, Victor, Yankee and India, sending you 3
2024-10-14 23:15:41.975669 India: Tango, Alpha, Yankee and Sierra, sending you 3
2024-10-14 23:15:41.976285 Yankee: Tango, sending you 2
2024-10-14 23:15:41.977026 Tango: Victor, Yankee and Sierra, sending you 3
2024-10-14 23:15:41.977869 Victor: Sierra, sending you 5
2024-10-14 23:15:41.978632 Alpha: Sierra, sending you 4
2024-10-14 23:15:41.979462 Sierra: Tango and India, sending you 3
2024-10-14 23:15:41.980676 India: Victor, sending you 2
2024-10-14 23:15:41.981669 Yankee: Alpha, Victor, India and Sierra, sending you 4
2024-10-14 23:15:41.983681 Sierra: Alpha and Yankee, sending you 4
2024-10-14 23:15:41.988689 Sierra: Victor, sending you 5
chatterbot Yankee submitting transactions
chatterbot India submitting transactions
chatterbot Foxtrot submitting transactions
chatterbot Victor submitting transactions
chatterbot Alpha submitting transactions
chatterbot Uniform submitting transactions
chatterbot Oscar submitting transactions
chatterbot Sierra submitting transactions
chatterbot Zulu submitting transactions
chatterbot Tango submitting transactions
ChatterBot Tango round 9
ChatterBot Zulu round 9
ChatterBot Alpha round 9
ChatterBot Oscar round 9
ChatterBot Uniform round 9
ChatterBot Victor round 9
ChatterBot Yankee round 9
ChatterBot India round 9
ChatterBot Sierra round 9
ChatterBot Foxtrot round 9
2024-10-14 23:15:43.012681 Uniform: Zulu and Oscar, sending you 6
2024-10-14 23:15:43.017677 Uniform: Foxtrot, sending you 3
2024-10-14 23:15:43.018782 Zulu: Oscar and Foxtrot, sending you 6
2024-10-14 23:15:43.019670 Yankee: Tango, sending you 2
2024-10-14 23:15:43.022161 Oscar: Zulu, sending you 7
2024-10-14 23:15:43.023675 India: Tango, Alpha, Yankee and Sierra, sending you 3
2024-10-14 23:15:43.024413 Zulu: Uniform, sending you 5
2024-10-14 23:15:43.025361 Tango: Alpha and India, sending you 4
2024-10-14 23:15:43.025942 Yankee: Alpha, Victor, India and Sierra, sending you 4
2024-10-14 23:15:43.026544 Alpha: Tango, Victor, Yankee and India, sending you 3
2024-10-14 23:15:43.027039 Foxtrot: Zulu, sending you 10
2024-10-14 23:15:43.027266 Oscar: Uniform, sending you 5
2024-10-14 23:15:43.027675 India: Victor, sending you 2
2024-10-14 23:15:43.028982 Victor: Tango, Alpha and Yankee, sending you 3
2024-10-14 23:15:43.030659 Tango: Victor, Yankee and Sierra, sending you 3
2024-10-14 23:15:43.031361 Alpha: Sierra, sending you 4
2024-10-14 23:15:43.032454 Foxtrot: Oscar, sending you 8
2024-10-14 23:15:43.032695 Oscar: Foxtrot, sending you 6
2024-10-14 23:15:43.033005 Sierra: Tango and India, sending you 3
2024-10-14 23:15:43.033991 Victor: India, sending you 2
2024-10-14 23:15:43.037663 Sierra: Alpha and Yankee, sending you 4
2024-10-14 23:15:43.039780 Victor: Sierra, sending you 5
2024-10-14 23:15:43.042687 Sierra: Victor, sending you 5
chatterbot Sierra submitting transactions
chatterbot Alpha submitting transactions
chatterbot Foxtrot submitting transactions
chatterbot Oscar submitting transactions
chatterbot Uniform submitting transactions
chatterbot Yankee submitting transactions
chatterbot Tango submitting transactions
chatterbot Zulu submitting transactions
chatterbot Victor submitting transactions
chatterbot India submitting transactions
ChatterBot Tango round 10
ChatterBot Zulu round 10
ChatterBot Alpha round 10
ChatterBot Oscar round 10
ChatterBot Uniform round 10
ChatterBot Victor round 10
ChatterBot Yankee round 10
ChatterBot India round 10
ChatterBot Sierra round 10
ChatterBot Foxtrot round 10
2024-10-14 23:15:44.386156 Oscar: Zulu, sending you 7
2024-10-14 23:15:44.387137 Tango: Alpha and India, sending you 4
2024-10-14 23:15:44.389545 Victor: Tango, Alpha and Yankee, sending you 3
2024-10-14 23:15:44.391744 Yankee: Tango, sending you 2
2024-10-14 23:15:44.393344 Uniform: Zulu, sending you 7
2024-10-14 23:15:44.395208 Zulu: Oscar and Foxtrot, sending you 6
2024-10-14 23:15:44.396089 India: Tango, Alpha, Yankee and Sierra, sending you 3
2024-10-14 23:15:44.398759 Alpha: Tango, Victor, Yankee and India, sending you 3
2024-10-14 23:15:44.400554 Oscar: Uniform, sending you 5
2024-10-14 23:15:44.402508 Tango: Victor, Yankee and Sierra, sending you 3
2024-10-14 23:15:44.404163 Victor: India, sending you 2
2024-10-14 23:15:44.406321 Yankee: Alpha, Victor, India and Sierra, sending you 4
2024-10-14 23:15:44.407918 Uniform: Oscar, sending you 6
2024-10-14 23:15:44.409375 Zulu: Uniform, sending you 5
2024-10-14 23:15:44.410339 India: Victor, sending you 2
2024-10-14 23:15:44.412518 Alpha: Sierra, sending you 4
2024-10-14 23:15:44.414069 Oscar: Foxtrot, sending you 6
2024-10-14 23:15:44.415342 Foxtrot: Zulu, sending you 10
2024-10-14 23:15:44.416006 Victor: Sierra, sending you 5
2024-10-14 23:15:44.418197 Uniform: Foxtrot, sending you 3
2024-10-14 23:15:44.419087 Sierra: Tango and India, sending you 3
2024-10-14 23:15:44.421220 Foxtrot: Oscar, sending you 8
2024-10-14 23:15:44.424697 Sierra: Alpha and Yankee, sending you 4
2024-10-14 23:15:44.430696 Sierra: Victor, sending you 5
chatterbot Uniform submitting transactions
chatterbot India submitting transactions
chatterbot Foxtrot submitting transactions
chatterbot Sierra submitting transactions
chatterbot Tango submitting transactions
chatterbot Zulu submitting transactions
chatterbot Victor submitting transactions
chatterbot Oscar submitting transactions
chatterbot Yankee submitting transactions
chatterbot Alpha submitting transactions
ChatterBot Tango round 11
ChatterBot Zulu round 11
ChatterBot Alpha round 11
ChatterBot Oscar round 11
ChatterBot Uniform round 11
ChatterBot Victor round 11
ChatterBot Yankee round 11
ChatterBot India round 11
ChatterBot Sierra round 11
ChatterBot Foxtrot round 11
2024-10-14 23:15:45.575878 Foxtrot: We should replace Zulu with Uniform
2024-10-14 23:15:45.579003 Oscar: No
ChatterBot Foxtrot reevaluating
2024-10-14 23:15:45.596150 Uniform: We should drop Foxtrot
2024-10-14 23:15:45.601052 Oscar: No
2024-10-14 23:15:45.601201 Zulu: No
ChatterBot Uniform reevaluating
ChatterBot Uniform reevaluating
2024-10-14 23:15:45.616388 Alpha: Tango, Victor, Yankee and India, sending you 3
2024-10-14 23:15:45.717571 Tango: Alpha and India, sending you 4
2024-10-14 23:15:45.719375 India: Tango, Alpha, Yankee and Sierra, sending you 3
2024-10-14 23:15:45.722167 Zulu: Oscar and Foxtrot, sending you 6
2024-10-14 23:15:45.722886 Alpha: Sierra, sending you 4
2024-10-14 23:15:45.728136 Sierra: Tango and India, sending you 3
2024-10-14 23:15:45.729289 Oscar: Zulu, sending you 7
2024-10-14 23:15:45.731606 Yankee: Tango, sending you 2
2024-10-14 23:15:45.732764 Victor: Tango, Alpha and Yankee, sending you 3
2024-10-14 23:15:45.736027 Foxtrot: Zulu, sending you 10
2024-10-14 23:15:45.740480 Tango: Victor, Yankee and Sierra, sending you 3
2024-10-14 23:15:45.742025 India: Victor, sending you 2
2024-10-14 23:15:45.745214 Zulu: Uniform, sending you 5
2024-10-14 23:15:45.745976 Sierra: Alpha and Yankee, sending you 4
2024-10-14 23:15:45.753708 Oscar: Uniform, sending you 5
2024-10-14 23:15:45.755566 Yankee: Alpha, Victor, India and Sierra, sending you 4
2024-10-14 23:15:45.757314 Victor: India, sending you 2
2024-10-14 23:15:45.760716 Foxtrot: Oscar, sending you 8
2024-10-14 23:15:45.765174 Sierra: Victor, sending you 5
2024-10-14 23:15:45.766794 Oscar: Foxtrot, sending you 6
2024-10-14 23:15:45.776740 Victor: Sierra, sending you 5
2024-10-14 23:15:45.781318 Uniform: Zulu, sending you 8
2024-10-14 23:15:45.786280 Uniform: Oscar, sending you 6
2024-10-14 23:15:45.865749 Uniform: Foxtrot, sending you 2
chatterbot Oscar submitting transactions
chatterbot Zulu submitting transactions
chatterbot Victor submitting transactions
chatterbot Alpha submitting transactions
chatterbot Uniform submitting transactions
chatterbot Foxtrot submitting transactions
chatterbot India submitting transactions
chatterbot Sierra submitting transactions
chatterbot Yankee submitting transactions
chatterbot Tango submitting transactions
ChatterBot Tango round 12
ChatterBot Zulu round 12
ChatterBot Alpha round 12
ChatterBot Oscar round 12
ChatterBot Uniform round 12
ChatterBot Victor round 12
ChatterBot Yankee round 12
ChatterBot India round 12
ChatterBot Sierra round 12
ChatterBot Foxtrot round 12
2024-10-14 23:15:46.907829 Foxtrot: We should replace Oscar with Uniform
2024-10-14 23:15:46.910952 Zulu: No
2024-10-14 23:15:46.917659 Foxtrot: Uniform we want you to join our group
2024-10-14 23:15:46.921562 Uniform: Yes
2024-10-14 23:15:46.927342 Tango: Alpha, India and Sierra, sending you 4
2024-10-14 23:15:46.931658 Sierra: Tango and India, sending you 3
2024-10-14 23:15:46.932657 Tango: Victor, sending you 3
2024-10-14 23:15:46.933464 Victor: Tango, Alpha and Yankee, sending you 3
2024-10-14 23:15:46.934671 Alpha: Tango, Victor, Yankee and India, sending you 3
2024-10-14 23:15:46.935319 Uniform: Zulu, sending you 8
2024-10-14 23:15:46.935722 Oscar: Zulu, sending you 7
2024-10-14 23:15:46.936108 India: Tango, Alpha, Yankee and Sierra, sending you 3
2024-10-14 23:15:46.936752 Zulu: Oscar and Foxtrot, sending you 6
2024-10-14 23:15:46.937559 Yankee: Tango, sending you 2
2024-10-14 23:15:46.938222 Sierra: Alpha and Yankee, sending you 4
2024-10-14 23:15:46.938844 Tango: Yankee, sending you 2
2024-10-14 23:15:46.939478 Victor: India, sending you 2
2024-10-14 23:15:46.940077 Alpha: Sierra, sending you 4
2024-10-14 23:15:46.941211 Uniform: Oscar, sending you 6
2024-10-14 23:15:46.941670 Oscar: Uniform, sending you 5
2024-10-14 23:15:46.942038 India: Victor, sending you 2
2024-10-14 23:15:46.942648 Zulu: Uniform, sending you 5
2024-10-14 23:15:46.943419 Yankee: Alpha, Victor, India and Sierra, sending you 4
2024-10-14 23:15:46.944108 Sierra: Victor, sending you 5
2024-10-14 23:15:46.944799 Victor: Sierra, sending you 5
2024-10-14 23:15:46.946308 Oscar: Foxtrot, sending you 6
2024-10-14 23:15:46.946817 Uniform: Foxtrot, sending you 2
2024-10-14 23:15:46.947166 Foxtrot: Zulu, sending you 11
2024-10-14 23:15:46.950645 Foxtrot: Uniform, sending you 7
chatterbot Zulu submitting transactions
chatterbot Foxtrot submitting transactions
chatterbot India submitting transactions
chatterbot Uniform submitting transactions
chatterbot Oscar submitting transactions
chatterbot Tango submitting transactions
chatterbot Victor submitting transactions
chatterbot Alpha submitting transactions
chatterbot Sierra submitting transactions
chatterbot Yankee submitting transactions
ChatterBot Tango round 13
ChatterBot Zulu round 13
ChatterBot Alpha round 13
ChatterBot Oscar round 13
ChatterBot Uniform round 13
ChatterBot Victor round 13
ChatterBot Yankee round 13
ChatterBot India round 13
ChatterBot Sierra round 13
ChatterBot Foxtrot round 13
2024-10-14 23:15:48.182690 Foxtrot: We should replace Zulu with Oscar
2024-10-14 23:15:48.185650 Uniform: No
2024-10-14 23:15:48.193776 Foxtrot: Oscar we want you to join our group
2024-10-14 23:15:48.198311 Oscar: Yes
2024-10-14 23:15:48.207675 Sierra: Tango and India, sending you 3
2024-10-14 23:15:48.210278 Victor: Tango, Alpha and Yankee, sending you 3
2024-10-14 23:15:48.212126 Oscar: Zulu, sending you 8
2024-10-14 23:15:48.213568 Zulu: Oscar, sending you 6
2024-10-14 23:15:48.214551 Yankee: Tango, sending you 2
2024-10-14 23:15:48.216860 Alpha: Tango, Victor, Yankee and India, sending you 3
2024-10-14 23:15:48.219024 India: Tango, Alpha, Yankee and Sierra, sending you 3
2024-10-14 23:15:48.220755 Uniform: Zulu, sending you 7
2024-10-14 23:15:48.222414 Tango: Alpha, India and Sierra, sending you 4
2024-10-14 23:15:48.224055 Sierra: Alpha and Yankee, sending you 4
2024-10-14 23:15:48.225941 Victor: India, sending you 2
2024-10-14 23:15:48.227718 Oscar: Uniform and Foxtrot, sending you 5
2024-10-14 23:15:48.228498 Zulu: Uniform and Foxtrot, sending you 5
2024-10-14 23:15:48.229154 Yankee: Alpha, Victor, India and Sierra, sending you 4
2024-10-14 23:15:48.231319 Alpha: Sierra, sending you 4
2024-10-14 23:15:48.232428 India: Victor, sending you 2
2024-10-14 23:15:48.234429 Uniform: Oscar, sending you 6
2024-10-14 23:15:48.235206 Tango: Victor, sending you 3
2024-10-14 23:15:48.236219 Sierra: Victor, sending you 5
2024-10-14 23:15:48.238014 Foxtrot: Oscar, sending you 11
2024-10-14 23:15:48.238514 Victor: Sierra, sending you 5
2024-10-14 23:15:48.239854 Uniform: Foxtrot, sending you 4
2024-10-14 23:15:48.240711 Tango: Yankee, sending you 2
2024-10-14 23:15:48.242673 Foxtrot: Uniform, sending you 7
chatterbot Tango submitting transactions
chatterbot Sierra submitting transactions
chatterbot Oscar submitting transactions
chatterbot Foxtrot submitting transactions
chatterbot Zulu submitting transactions
chatterbot India submitting transactions
chatterbot Uniform submitting transactions
chatterbot Victor submitting transactions
chatterbot Alpha submitting transactions
chatterbot Yankee submitting transactions
ChatterBot Tango round 14
ChatterBot Zulu round 14
ChatterBot Alpha round 14
ChatterBot Oscar round 14
ChatterBot Uniform round 14
ChatterBot Victor round 14
ChatterBot Yankee round 14
ChatterBot India round 14
ChatterBot Sierra round 14
ChatterBot Foxtrot round 14
2024-10-14 23:15:49.535665 Alpha: Tango, Victor, Yankee and India, sending you 3
2024-10-14 23:15:49.537835 Yankee: Tango, sending you 2
2024-10-14 23:15:49.543224 Tango: Alpha, Victor, India and Sierra, sending you 4
2024-10-14 23:15:49.545500 Alpha: Sierra, sending you 4
2024-10-14 23:15:49.548304 Uniform: Zulu, sending you 7
2024-10-14 23:15:49.550130 India: Tango, Alpha, Yankee and Sierra, sending you 3
2024-10-14 23:15:49.553384 Yankee: Alpha, Victor, India and Sierra, sending you 4
2024-10-14 23:15:49.555445 Foxtrot: Oscar, sending you 11
2024-10-14 23:15:49.556930 Zulu: Sending you each 6
2024-10-14 23:15:49.559644 Oscar: Zulu, sending you 7
2024-10-14 23:15:49.560793 Victor: Tango, Alpha and Yankee, sending you 3
2024-10-14 23:15:49.564028 Tango: Yankee, sending you 1
2024-10-14 23:15:49.566441 Sierra: Tango and India, sending you 3
2024-10-14 23:15:49.568960 Uniform: Oscar, sending you 6
2024-10-14 23:15:49.570026 India: Victor, sending you 2
2024-10-14 23:15:49.572642 Foxtrot: Uniform, sending you 7
2024-10-14 23:15:49.574318 Oscar: Uniform, sending you 5
2024-10-14 23:15:49.575317 Victor: India, sending you 2
2024-10-14 23:15:49.577853 Sierra: Alpha and Yankee, sending you 4
2024-10-14 23:15:49.580559 Uniform: Foxtrot, sending you 4
2024-10-14 23:15:49.581626 Oscar: Foxtrot, sending you 6
2024-10-14 23:15:49.583396 Victor: Sierra, sending you 5
2024-10-14 23:15:49.586097 Sierra: Victor, sending you 5
chatterbot Victor submitting transactions
chatterbot Yankee submitting transactions
chatterbot Foxtrot submitting transactions
chatterbot Oscar submitting transactions
chatterbot Tango submitting transactions
chatterbot Sierra submitting transactions
chatterbot Alpha submitting transactions
chatterbot India submitting transactions
chatterbot Zulu submitting transactions
chatterbot Uniform submitting transactions
ChatterBot Tango round 15
ChatterBot Zulu round 15
ChatterBot Alpha round 15
ChatterBot Oscar round 15
ChatterBot Uniform round 15
ChatterBot Victor round 15
ChatterBot Yankee round 15
ChatterBot India round 15
ChatterBot Sierra round 15
ChatterBot Foxtrot round 15
2024-10-14 23:15:50.846563 Tango: Alpha, Victor, India and Sierra, sending you 4
2024-10-14 23:15:50.851059 Oscar: Zulu, sending you 7
2024-10-14 23:15:50.880334 Sierra: Tango and India, sending you 3
2024-10-14 23:15:50.883010 Uniform: Zulu, sending you 7
2024-10-14 23:15:50.883983 Victor: Tango, Alpha and Yankee, sending you 3
2024-10-14 23:15:50.885858 Alpha: Tango, Victor, Yankee and India, sending you 3
2024-10-14 23:15:50.888025 Zulu: Oscar, sending you 7
2024-10-14 23:15:50.888536 Yankee: Tango, sending you 2
2024-10-14 23:15:50.891283 Tango: Yankee, sending you 1
2024-10-14 23:15:50.893700 India: Tango, Alpha, Yankee and Sierra, sending you 3
2024-10-14 23:15:50.895881 Oscar: Uniform, sending you 5
