ChatterBot Zulu round 1
ChatterBot Delta round 1
ChatterBot Papa round 1
ChatterBot Mike round 1
ChatterBot Uniform round 1
ChatterBot X-ray round 1
ChatterBot Bravo round 1
ChatterBot Oscar round 1
ChatterBot Tango round 1
ChatterBot Foxtrot round 1
randomSelections Papa: {Papa, Bravo, Mike, Foxtrot, Oscar, Zulu, X-ray, Uniform} 
2024-10-14 13:34:23.855543 Papa: We should group up
ChatterBot Bravo reevaluating
ChatterBot Mike reevaluating
ChatterBot Foxtrot reevaluating
ChatterBot Oscar reevaluating
ChatterBot Zulu reevaluating
ChatterBot X-ray reevaluating
ChatterBot Uniform reevaluating
2024-10-14 13:34:23.923347 Bravo: Yes
2024-10-14 13:34:23.923564 Mike: Yes
2024-10-14 13:34:23.923797 Foxtrot: Yes
2024-10-14 13:34:23.924075 Oscar: Yes
2024-10-14 13:34:23.924252 Zulu: Yes
2024-10-14 13:34:23.924431 X-ray: Yes
2024-10-14 13:34:23.924781 Uniform: Yes
ChatterBot Mike reevaluating
ChatterBot Foxtrot reevaluating
ChatterBot Oscar reevaluating
ChatterBot Zulu reevaluating
ChatterBot X-ray reevaluating
ChatterBot Uniform reevaluating
ChatterBot Bravo reevaluating
ChatterBot Foxtrot reevaluating
ChatterBot Oscar reevaluating
ChatterBot Zulu reevaluating
ChatterBot X-ray reevaluating
ChatterBot Uniform reevaluating
ChatterBot Bravo reevaluating
ChatterBot Mike reevaluating
ChatterBot Oscar reevaluating
ChatterBot Zulu reevaluating
ChatterBot X-ray reevaluating
ChatterBot Uniform reevaluating
ChatterBot Bravo reevaluating
ChatterBot Mike reevaluating
ChatterBot Foxtrot reevaluating
ChatterBot Zulu reevaluating
ChatterBot X-ray reevaluating
ChatterBot Uniform reevaluating
ChatterBot Bravo reevaluating
ChatterBot Mike reevaluating
ChatterBot Foxtrot reevaluating
ChatterBot Oscar reevaluating
ChatterBot X-ray reevaluating
ChatterBot Uniform reevaluating
ChatterBot Bravo reevaluating
ChatterBot Mike reevaluating
ChatterBot Foxtrot reevaluating
ChatterBot Oscar reevaluating
ChatterBot Zulu reevaluating
ChatterBot Uniform reevaluating
ChatterBot Bravo reevaluating
ChatterBot Mike reevaluating
ChatterBot Foxtrot reevaluating
ChatterBot Oscar reevaluating
ChatterBot Zulu reevaluating
ChatterBot X-ray reevaluating
randomSelections Delta: {Delta, Foxtrot, Papa, Tango, Zulu, Mike} 
2024-10-14 13:34:24.053850 Delta: Group up?
ChatterBot Foxtrot reevaluating
ChatterBot Tango reevaluating
ChatterBot Zulu reevaluating
ChatterBot Mike reevaluating
2024-10-14 13:34:24.061244 Foxtrot: No
2024-10-14 13:34:24.061395 Papa: No
2024-10-14 13:34:24.061489 Tango: Yes
2024-10-14 13:34:24.061590 Zulu: No
2024-10-14 13:34:24.061699 Mike: No
ChatterBot Tango reevaluating
ChatterBot Zulu reevaluating
ChatterBot Mike reevaluating
ChatterBot Foxtrot reevaluating
ChatterBot Tango reevaluating
ChatterBot Zulu reevaluating
ChatterBot Mike reevaluating
ChatterBot Foxtrot reevaluating
ChatterBot Zulu reevaluating
ChatterBot Mike reevaluating
ChatterBot Foxtrot reevaluating
ChatterBot Tango reevaluating
ChatterBot Mike reevaluating
ChatterBot Foxtrot reevaluating
ChatterBot Tango reevaluating
ChatterBot Zulu reevaluating
2024-10-14 13:34:24.122477 Papa: Zulu, sending you 4
2024-10-14 13:34:24.123513 Uniform: Zulu and Papa, sending you 1
2024-10-14 13:34:24.125266 Delta: Zulu and Tango, sending you 4
2024-10-14 13:34:24.125764 Papa: Mike, Oscar and Foxtrot, sending you 1
2024-10-14 13:34:24.127204 Tango: Zulu, sending you 1
2024-10-14 13:34:24.127577 Uniform: Mike, sending you 2
2024-10-14 13:34:24.128867 X-ray: Zulu, Papa, Uniform and Oscar, sending you 1
2024-10-14 13:34:24.129269 Mike: Papa, sending you 2
2024-10-14 13:34:24.130840 Delta: Papa, sending you 1
2024-10-14 13:34:24.131228 Papa: X-ray and Bravo, sending you 2
2024-10-14 13:34:24.133483 Tango: Delta, Papa and Mike, sending you 2
2024-10-14 13:34:24.134744 Uniform: X-ray, sending you 4
2024-10-14 13:34:24.135081 Zulu: Papa, X-ray and Oscar, sending you 2
2024-10-14 13:34:24.135377 Mike: Uniform, Bravo and Oscar, sending you 1
2024-10-14 13:34:24.135701 Oscar: Zulu and Foxtrot, sending you 1
2024-10-14 13:34:24.136755 X-ray: Mike, sending you 3
2024-10-14 13:34:24.137075 Delta: Mike and Foxtrot, sending you 2
2024-10-14 13:34:24.137377 Foxtrot: Zulu, sending you 3
2024-10-14 13:34:24.138271 Bravo: Zulu and X-ray, sending you 4
2024-10-14 13:34:24.138650 Tango: Foxtrot, sending you 4
2024-10-14 13:34:24.138900 Uniform: Bravo, sending you 3
2024-10-14 13:34:24.140676 Zulu: Mike, Bravo and Foxtrot, sending you 1
2024-10-14 13:34:24.141081 Oscar: Papa, X-ray and Bravo, sending you 2
2024-10-14 13:34:24.141448 X-ray: Bravo and Foxtrot, sending you 2
2024-10-14 13:34:24.142533 Bravo: Papa, Mike and Uniform, sending you 2
2024-10-14 13:34:24.142901 Foxtrot: Papa, sending you 4
2024-10-14 13:34:24.144307 Oscar: Mike, sending you 3
2024-10-14 13:34:24.147581 Foxtrot: Mike and Bravo, sending you 1
2024-10-14 13:34:24.148928 Bravo: Oscar and Foxtrot, sending you 1
2024-10-14 13:34:24.152664 Foxtrot: X-ray and Oscar, sending you 2
chatterbot Uniform submitting transactions
chatterbot Oscar submitting transactions
chatterbot X-ray submitting transactions
chatterbot Mike submitting transactions
chatterbot Delta submitting transactions
chatterbot Papa submitting transactions
chatterbot Zulu submitting transactions
chatterbot Tango submitting transactions
chatterbot Foxtrot submitting transactions
chatterbot Bravo submitting transactions
ChatterBot Zulu round 2
ChatterBot Delta round 2
ChatterBot Papa round 2
ChatterBot Mike round 2
ChatterBot Uniform round 2
ChatterBot X-ray round 2
ChatterBot Bravo round 2
ChatterBot Oscar round 2
ChatterBot Tango round 2
ChatterBot Foxtrot round 2
2024-10-14 13:34:25.255225 Delta: We would work well together
ChatterBot Tango reevaluating
ChatterBot Foxtrot reevaluating
2024-10-14 13:34:25.262371 Tango: No
2024-10-14 13:34:25.262577 Foxtrot: No
ChatterBot Delta reevaluating
ChatterBot Foxtrot reevaluating
ChatterBot Delta reevaluating
ChatterBot Tango reevaluating
2024-10-14 13:34:25.283157 Foxtrot: We should add Delta and Tango
ChatterBot Papa reevaluating
ChatterBot Bravo reevaluating
ChatterBot Mike reevaluating
ChatterBot Oscar reevaluating
ChatterBot Zulu reevaluating
ChatterBot X-ray reevaluating
2024-10-14 13:34:25.313375 Papa: No
2024-10-14 13:34:25.313578 Bravo: No
2024-10-14 13:34:25.313717 Mike: No
2024-10-14 13:34:25.314285 Oscar: No
2024-10-14 13:34:25.314385 Zulu: No
2024-10-14 13:34:25.314480 X-ray: No
2024-10-14 13:34:25.314587 Uniform: No
ChatterBot Bravo reevaluating
ChatterBot Mike reevaluating
ChatterBot Foxtrot reevaluating
ChatterBot Oscar reevaluating
ChatterBot Zulu reevaluating
ChatterBot X-ray reevaluating
ChatterBot Papa reevaluating
ChatterBot Mike reevaluating
ChatterBot Foxtrot reevaluating
ChatterBot Oscar reevaluating
ChatterBot Zulu reevaluating
ChatterBot X-ray reevaluating
ChatterBot Papa reevaluating
ChatterBot Bravo reevaluating
ChatterBot Foxtrot reevaluating
ChatterBot Oscar reevaluating
ChatterBot Zulu reevaluating
ChatterBot X-ray reevaluating
ChatterBot Papa reevaluating
ChatterBot Bravo reevaluating
ChatterBot Mike reevaluating
ChatterBot Foxtrot reevaluating
ChatterBot Zulu reevaluating
ChatterBot X-ray reevaluating
ChatterBot Papa reevaluating
ChatterBot Bravo reevaluating
ChatterBot Mike reevaluating
ChatterBot Foxtrot reevaluating
ChatterBot Oscar reevaluating
ChatterBot X-ray reevaluating
ChatterBot Papa reevaluating
ChatterBot Bravo reevaluating
ChatterBot Mike reevaluating
ChatterBot Foxtrot reevaluating
ChatterBot Oscar reevaluating
ChatterBot Zulu reevaluating
ChatterBot Papa reevaluating
ChatterBot Bravo reevaluating
ChatterBot Mike reevaluating
ChatterBot Foxtrot reevaluating
ChatterBot Oscar reevaluating
ChatterBot Zulu reevaluating
ChatterBot X-ray reevaluating
2024-10-14 13:34:25.678652 Mike: We should drop Zulu
ChatterBot Oscar reevaluating
ChatterBot Foxtrot reevaluating
ChatterBot X-ray reevaluating
2024-10-14 13:34:25.706419 Papa: No
2024-10-14 13:34:25.706569 Oscar: No
2024-10-14 13:34:25.706688 Foxtrot: No
2024-10-14 13:34:25.706804 Uniform: No
2024-10-14 13:34:25.707317 X-ray: No
2024-10-14 13:34:25.707436 Bravo: No
ChatterBot Mike reevaluating
ChatterBot Oscar reevaluating
ChatterBot Foxtrot reevaluating
ChatterBot X-ray reevaluating
ChatterBot Mike reevaluating
ChatterBot Foxtrot reevaluating
ChatterBot X-ray reevaluating
ChatterBot Mike reevaluating
ChatterBot Oscar reevaluating
ChatterBot X-ray reevaluating
ChatterBot Bravo reevaluating
ChatterBot Mike reevaluating
ChatterBot Oscar reevaluating
ChatterBot Foxtrot reevaluating
ChatterBot X-ray reevaluating
ChatterBot Bravo reevaluating
ChatterBot Mike reevaluating
ChatterBot Oscar reevaluating
ChatterBot Foxtrot reevaluating
ChatterBot Bravo reevaluating
ChatterBot Mike reevaluating
ChatterBot Oscar reevaluating
ChatterBot Foxtrot reevaluating
ChatterBot X-ray reevaluating
2024-10-14 13:34:25.934890 Zulu: We should drop Mike
ChatterBot Oscar reevaluating
ChatterBot X-ray reevaluating
ChatterBot Bravo reevaluating
2024-10-14 13:34:26.001803 Papa: No
2024-10-14 13:34:26.012446 Oscar: No
2024-10-14 13:34:26.012791 Foxtrot: Yes
2024-10-14 13:34:26.013004 Uniform: No
2024-10-14 13:34:26.013251 X-ray: Yes
2024-10-14 13:34:26.013599 Bravo: No
ChatterBot Oscar reevaluating
ChatterBot X-ray reevaluating
ChatterBot Bravo reevaluating
ChatterBot X-ray reevaluating
ChatterBot Bravo reevaluating
ChatterBot Oscar reevaluating
ChatterBot X-ray reevaluating
ChatterBot Bravo reevaluating
ChatterBot Papa reevaluating
ChatterBot Oscar reevaluating
ChatterBot X-ray reevaluating
ChatterBot Bravo reevaluating
ChatterBot Papa reevaluating
ChatterBot Oscar reevaluating
ChatterBot Uniform reevaluating
ChatterBot Bravo reevaluating
ChatterBot Papa reevaluating
ChatterBot Oscar reevaluating
ChatterBot Uniform reevaluating
ChatterBot X-ray reevaluating
chatterbot Delta submitting transactions
chatterbot Uniform submitting transactions
2024-10-14 13:34:26.936462 Delta: Mike, sending you 5
2024-10-14 13:34:26.936808 Tango: Sending you 9
chatterbot Zulu submitting transactions
chatterbot Tango submitting transactions
2024-10-14 13:34:27.248653 Zulu: Papa, Bravo and Foxtrot, sending you 2
2024-10-14 13:34:27.249269 Delta: Tango, sending you 4
chatterbot Mike submitting transactions
chatterbot Foxtrot submitting transactions
chatterbot Papa submitting transactions
2024-10-14 13:34:27.562455 Zulu: Uniform, X-ray and Oscar, sending you 1
2024-10-14 13:34:27.562881 Bravo: Zulu and Foxtrot, sending you 2
2024-10-14 13:34:27.563793 X-ray: Zulu, Papa, Uniform, Bravo and Oscar, sending you 2
2024-10-14 13:34:27.564114 Oscar: Zulu and Foxtrot, sending you 3
2024-10-14 13:34:27.564411 Papa: Zulu, Bravo and Oscar, sending you 2
chatterbot Uniform submitting transactions
chatterbot X-ray submitting transactions
2024-10-14 13:34:27.719096 Bravo: Papa, Uniform, X-ray and Oscar, sending you 3
2024-10-14 13:34:27.719537 X-ray: Foxtrot, sending you 1
2024-10-14 13:34:27.719881 Oscar: Papa and X-ray, sending you 2
2024-10-14 13:34:27.720597 Mike: Papa, Uniform, X-ray, Bravo and Oscar, sending you 1
2024-10-14 13:34:27.720959 Papa: Uniform and X-ray, sending you 1
chatterbot Bravo submitting transactions
chatterbot Oscar submitting transactions
2024-10-14 13:34:27.734526 Oscar: Bravo, sending you 1
2024-10-14 13:34:27.734889 Papa: Foxtrot, sending you 3
ChatterBot Zulu round 3
ChatterBot Delta round 3
ChatterBot Papa round 3
ChatterBot Mike round 3
ChatterBot Uniform round 3
ChatterBot X-ray round 3
ChatterBot Bravo round 3
ChatterBot Oscar round 3
ChatterBot Tango round 3
ChatterBot Foxtrot round 3
2024-10-14 13:34:27.801756 Mike: Friends?
ChatterBot Tango reevaluating
2024-10-14 13:34:27.812997 Delta: Yes
2024-10-14 13:34:27.813138 Tango: Yes
ChatterBot Tango reevaluating
2024-10-14 13:34:27.918009 Uniform: We should drop Mike
2024-10-14 13:34:27.944076 Zulu: Yes
2024-10-14 13:34:27.944325 Papa: Yes
2024-10-14 13:34:27.944619 Oscar: Yes
2024-10-14 13:34:27.945258 Foxtrot: Yes
2024-10-14 13:34:27.945462 X-ray: Yes
2024-10-14 13:34:27.945783 Bravo: Yes
ChatterBot Uniform reevaluating
ChatterBot Uniform reevaluating
ChatterBot Uniform reevaluating
ChatterBot Uniform reevaluating
ChatterBot Uniform reevaluating
ChatterBot Uniform reevaluating
2024-10-14 13:34:28.133525 Mike: Delta, sending you 3
2024-10-14 13:34:28.133873 Zulu: Papa, Bravo and Foxtrot, sending you 2
2024-10-14 13:34:28.134679 Delta: Mike, sending you 5
2024-10-14 13:34:28.273143 X-ray: Zulu and Papa, sending you 1
2024-10-14 13:34:28.273844 Bravo: Zulu, Papa, Uniform, X-ray and Foxtrot, sending you 3
2024-10-14 13:34:28.274960 Mike: Tango, sending you 2
2024-10-14 13:34:28.275281 Delta: Tango, sending you 4
2024-10-14 13:34:28.276148 Tango: Delta, sending you 9
2024-10-14 13:34:28.276398 Zulu: Uniform, X-ray and Oscar, sending you 1
2024-10-14 13:34:28.277050 Oscar: Zulu, Papa, X-ray, Bravo and Foxtrot, sending you 2
2024-10-14 13:34:28.278346 Papa: Zulu, X-ray, Bravo and Oscar, sending you 2
2024-10-14 13:34:28.279339 X-ray: Uniform, Oscar and Foxtrot, sending you 2
2024-10-14 13:34:28.357596 Bravo: Oscar, sending you 1
2024-10-14 13:34:28.358055 Tango: Mike, sending you 2
2024-10-14 13:34:28.358273 Oscar: Uniform, sending you 1
2024-10-14 13:34:28.358571 Papa: Foxtrot, sending you 3
2024-10-14 13:34:28.359276 Foxtrot: Zulu, X-ray and Bravo, sending you 2
2024-10-14 13:34:28.359667 X-ray: Bravo, sending you 3
2024-10-14 13:34:28.414924 Foxtrot: Papa, sending you 4
chatterbot Bravo submitting transactions
2024-10-14 13:34:28.589914 Foxtrot: Oscar, sending you 3
chatterbot Papa submitting transactions
chatterbot Tango submitting transactions
chatterbot Mike submitting transactions
chatterbot Delta submitting transactions
chatterbot Zulu submitting transactions
chatterbot Foxtrot submitting transactions
chatterbot X-ray submitting transactions
chatterbot Oscar submitting transactions
chatterbot Uniform submitting transactions
ChatterBot Zulu round 4
ChatterBot Delta round 4
ChatterBot Papa round 4
ChatterBot Mike round 4
ChatterBot Uniform round 4
ChatterBot X-ray round 4
ChatterBot Bravo round 4
ChatterBot Oscar round 4
ChatterBot Tango round 4
ChatterBot Foxtrot round 4
2024-10-14 13:34:29.546912 Uniform: We should drop Mike
2024-10-14 13:34:29.613763 Zulu: Yes
2024-10-14 13:34:29.614166 Papa: Yes
2024-10-14 13:34:29.614343 Oscar: Yes
2024-10-14 13:34:29.614549 Foxtrot: Yes
2024-10-14 13:34:29.614758 X-ray: Yes
2024-10-14 13:34:29.615844 Bravo: Yes
ChatterBot Oscar reevaluating
ChatterBot Uniform reevaluating
ChatterBot Oscar reevaluating
ChatterBot Uniform reevaluating
ChatterBot Uniform reevaluating
ChatterBot Oscar reevaluating
ChatterBot Uniform reevaluating
ChatterBot Oscar reevaluating
ChatterBot Uniform reevaluating
ChatterBot Oscar reevaluating
ChatterBot Uniform reevaluating
chatterbot X-ray submitting transactions
2024-10-14 13:34:29.775329 Tango: Delta, sending you 7
2024-10-14 13:34:29.776114 X-ray: Zulu, sending you 1
2024-10-14 13:34:29.776567 Delta: Mike, sending you 5
2024-10-14 13:34:29.776795 Bravo: Zulu, Papa, Uniform, X-ray and Foxtrot, sending you 3
2024-10-14 13:34:29.777727 Foxtrot: Zulu, X-ray and Oscar, sending you 2
2024-10-14 13:34:29.782986 Papa: Zulu, Bravo and Oscar, sending you 2
2024-10-14 13:34:29.784582 Mike: Delta, sending you 3
2024-10-14 13:34:29.784917 Zulu: Papa, Bravo and Foxtrot, sending you 2
2024-10-14 13:34:29.785682 Tango: Mike, sending you 4
2024-10-14 13:34:29.786741 X-ray: Papa, Uniform, Bravo, Oscar and Foxtrot, sending you 2
2024-10-14 13:34:29.787352 Delta: Tango, sending you 3
2024-10-14 13:34:29.787709 Bravo: Oscar, sending you 1
2024-10-14 13:34:29.788960 Foxtrot: Papa, sending you 4
2024-10-14 13:34:29.790293 Papa: Uniform and X-ray, sending you 1
2024-10-14 13:34:29.791041 Mike: Tango, sending you 2
2024-10-14 13:34:29.791829 Zulu: Uniform, X-ray and Oscar, sending you 1
2024-10-14 13:34:29.796582 Foxtrot: Bravo, sending you 3
2024-10-14 13:34:29.797375 Papa: Foxtrot, sending you 3
chatterbot Mike submitting transactions
chatterbot Oscar submitting transactions
chatterbot Bravo submitting transactions
chatterbot Tango submitting transactions
chatterbot Uniform submitting transactions
chatterbot Papa submitting transactions
chatterbot Delta submitting transactions
chatterbot Foxtrot submitting transactions
chatterbot Zulu submitting transactions
ChatterBot Zulu round 5
ChatterBot Delta round 5
ChatterBot Papa round 5
ChatterBot Mike round 5
ChatterBot Uniform round 5
ChatterBot X-ray round 5
ChatterBot Bravo round 5
ChatterBot Oscar round 5
ChatterBot Tango round 5
ChatterBot Foxtrot round 5
2024-10-14 13:34:30.729707 Uniform: We should drop Mike
ChatterBot Oscar reevaluating
2024-10-14 13:34:30.747844 Zulu: Yes
2024-10-14 13:34:30.748049 Papa: Yes
2024-10-14 13:34:30.748238 Oscar: Yes
2024-10-14 13:34:30.748425 Foxtrot: Yes
2024-10-14 13:34:30.748577 X-ray: Yes
2024-10-14 13:34:30.748744 Bravo: Yes
ChatterBot Oscar reevaluating
ChatterBot Uniform reevaluating
ChatterBot Oscar reevaluating
ChatterBot Uniform reevaluating
ChatterBot Uniform reevaluating
ChatterBot Oscar reevaluating
ChatterBot Uniform reevaluating
ChatterBot Oscar reevaluating
ChatterBot Uniform reevaluating
ChatterBot Oscar reevaluating
ChatterBot Uniform reevaluating
2024-10-14 13:34:30.875003 Zulu: Papa, Bravo and Foxtrot, sending you 2
2024-10-14 13:34:30.877683 Papa: Zulu, X-ray, Bravo and Oscar, sending you 2
2024-10-14 13:34:30.878679 Zulu: Uniform, X-ray and Oscar, sending you 1
2024-10-14 13:34:30.879871 Delta: Mike, sending you 4
2024-10-14 13:34:30.881698 Papa: Foxtrot, sending you 3
2024-10-14 13:34:30.882668 Delta: Tango, sending you 3
2024-10-14 13:34:30.886676 Mike: Delta, sending you 3
2024-10-14 13:34:30.887702 X-ray: Zulu, sending you 1
2024-10-14 13:34:30.888975 Tango: Delta, sending you 7
2024-10-14 13:34:30.889681 Bravo: Zulu, Papa, Uniform, X-ray and Foxtrot, sending you 3
2024-10-14 13:34:30.890672 Mike: Tango, sending you 2
2024-10-14 13:34:30.891305 X-ray: Papa, Uniform, Bravo, Oscar and Foxtrot, sending you 2
2024-10-14 13:34:30.891965 Oscar: Zulu, Papa, X-ray, Bravo and Foxtrot, sending you 2
2024-10-14 13:34:30.892702 Tango: Mike, sending you 4
2024-10-14 13:34:30.893657 Bravo: Oscar, sending you 1
2024-10-14 13:34:30.895702 Oscar: Uniform, sending you 1
2024-10-14 13:34:30.900070 Foxtrot: Zulu, X-ray and Oscar, sending you 2
2024-10-14 13:34:30.903667 Foxtrot: Papa, sending you 4
2024-10-14 13:34:30.908683 Foxtrot: Bravo, sending you 3
chatterbot Papa submitting transactions
chatterbot Delta submitting transactions
chatterbot Foxtrot submitting transactions
chatterbot Mike submitting transactions
chatterbot Tango submitting transactions
chatterbot X-ray submitting transactions
chatterbot Uniform submitting transactions
chatterbot Oscar submitting transactions
chatterbot Bravo submitting transactions
chatterbot Zulu submitting transactions
ChatterBot Zulu round 6
ChatterBot Delta round 6
ChatterBot Papa round 6
ChatterBot Mike round 6
ChatterBot Uniform round 6
ChatterBot X-ray round 6
ChatterBot Bravo round 6
ChatterBot Oscar round 6
ChatterBot Tango round 6
ChatterBot Foxtrot round 6
2024-10-14 13:34:31.855140 Uniform: We should drop Mike
2024-10-14 13:34:31.869664 Zulu: Yes
2024-10-14 13:34:31.869848 Papa: Yes
2024-10-14 13:34:31.869972 Oscar: Yes
2024-10-14 13:34:31.870670 Foxtrot: Yes
2024-10-14 13:34:31.870801 X-ray: Yes
2024-10-14 13:34:31.870912 Bravo: Yes
ChatterBot Uniform reevaluating
ChatterBot Uniform reevaluating
ChatterBot Uniform reevaluating
ChatterBot Uniform reevaluating
ChatterBot Uniform reevaluating
ChatterBot Uniform reevaluating
2024-10-14 13:34:31.950660 Papa: Zulu, X-ray, Bravo and Oscar, sending you 2
2024-10-14 13:34:31.951638 X-ray: Zulu, sending you 1
2024-10-14 13:34:31.952668 Delta: Mike, sending you 4
2024-10-14 13:34:31.952983 Mike: Delta, sending you 3
2024-10-14 13:34:31.954684 Papa: Foxtrot, sending you 3
2024-10-14 13:34:31.955875 X-ray: Papa, Uniform, Bravo, Oscar and Foxtrot, sending you 2
2024-10-14 13:34:31.956577 Mike: Tango, sending you 2
2024-10-14 13:34:31.957668 Delta: Tango, sending you 3
2024-10-14 13:34:31.957952 Oscar: Zulu, Papa, X-ray, Bravo and Foxtrot, sending you 2
2024-10-14 13:34:31.961678 Oscar: Uniform, sending you 1
2024-10-14 13:34:31.962764 Zulu: Papa, Bravo and Foxtrot, sending you 2
2024-10-14 13:34:31.963359 Tango: Delta, sending you 6
2024-10-14 13:34:31.967674 Zulu: Uniform, X-ray and Oscar, sending you 1
2024-10-14 13:34:31.968653 Tango: Mike, sending you 5
2024-10-14 13:34:31.968952 Foxtrot: Zulu, X-ray and Oscar, sending you 2
2024-10-14 13:34:31.969952 Bravo: Zulu, Papa, Uniform, X-ray and Foxtrot, sending you 3
2024-10-14 13:34:31.972674 Bravo: Oscar, sending you 1
2024-10-14 13:34:31.974669 Foxtrot: Papa, sending you 4
2024-10-14 13:34:31.979658 Foxtrot: Bravo, sending you 3
chatterbot Papa submitting transactions
chatterbot Mike submitting transactions
chatterbot Zulu submitting transactions
chatterbot Uniform submitting transactions
chatterbot Tango submitting transactions
chatterbot Oscar submitting transactions
chatterbot Bravo submitting transactions
chatterbot Delta submitting transactions
chatterbot X-ray submitting transactions
chatterbot Foxtrot submitting transactions
ChatterBot Zulu round 7
ChatterBot Delta round 7
2024-10-14 13:34:33.049365 Delta: We should add Uniform
2024-10-14 13:34:33.056805 Tango: No
2024-10-14 13:34:33.056992 Mike: No
ChatterBot Delta reevaluating
ChatterBot Delta reevaluating
ChatterBot Papa round 7
ChatterBot Mike round 7
ChatterBot Uniform round 7
ChatterBot X-ray round 7
ChatterBot Bravo round 7
ChatterBot Oscar round 7
ChatterBot Tango round 7
ChatterBot Foxtrot round 7
2024-10-14 13:34:33.076540 Delta: We should add Zulu
2024-10-14 13:34:33.081122 Tango: No
2024-10-14 13:34:33.081273 Mike: No
ChatterBot Delta reevaluating
ChatterBot Delta reevaluating
2024-10-14 13:34:33.108349 Uniform: We should drop Mike
2024-10-14 13:34:33.119846 Zulu: Yes
2024-10-14 13:34:33.120038 Papa: Yes
2024-10-14 13:34:33.120165 Oscar: Yes
2024-10-14 13:34:33.120283 Foxtrot: Yes
2024-10-14 13:34:33.120397 X-ray: Yes
2024-10-14 13:34:33.120506 Bravo: Yes
ChatterBot Uniform reevaluating
ChatterBot Uniform reevaluating
ChatterBot Uniform reevaluating
ChatterBot Uniform reevaluating
ChatterBot Uniform reevaluating
ChatterBot Uniform reevaluating
2024-10-14 13:34:33.190634 Zulu: Papa, Bravo and Foxtrot, sending you 2
2024-10-14 13:34:33.195405 Papa: Zulu, X-ray, Bravo and Oscar, sending you 2
2024-10-14 13:34:33.196851 Zulu: Uniform, X-ray and Oscar, sending you 1
2024-10-14 13:34:33.197856 Delta: Mike, sending you 4
2024-10-14 13:34:33.198748 Bravo: Zulu, Papa, Uniform, X-ray and Foxtrot, sending you 3
2024-10-14 13:34:33.199690 Mike: Delta, sending you 3
2024-10-14 13:34:33.200694 Delta: Tango, sending you 3
2024-10-14 13:34:33.202106 Papa: Foxtrot, sending you 3
2024-10-14 13:34:33.204671 Bravo: Oscar, sending you 1
2024-10-14 13:34:33.206426 Mike: Tango, sending you 2
2024-10-14 13:34:33.209688 Oscar: Zulu, Papa, X-ray, Bravo and Foxtrot, sending you 2
2024-10-14 13:34:33.210328 Tango: Delta, sending you 6
2024-10-14 13:34:33.211691 Foxtrot: Zulu, X-ray and Oscar, sending you 2
2024-10-14 13:34:33.213661 X-ray: Zulu, sending you 1
2024-10-14 13:34:33.214685 Oscar: Uniform, sending you 1
2024-10-14 13:34:33.215919 Tango: Mike, sending you 5
2024-10-14 13:34:33.216671 Foxtrot: Papa, sending you 4
2024-10-14 13:34:33.218651 X-ray: Papa, Uniform, Bravo, Oscar and Foxtrot, sending you 2
2024-10-14 13:34:33.220946 Foxtrot: Bravo, sending you 3
chatterbot Oscar submitting transactions
chatterbot Mike submitting transactions
chatterbot Zulu submitting transactions
chatterbot Delta submitting transactions
chatterbot Tango submitting transactions
chatterbot Foxtrot submitting transactions
chatterbot Bravo submitting transactions
chatterbot Papa submitting transactions
chatterbot X-ray submitting transactions
chatterbot Uniform submitting transactions
ChatterBot Zulu round 8
ChatterBot Delta round 8
ChatterBot Papa round 8
ChatterBot Mike round 8
ChatterBot Uniform round 8
ChatterBot X-ray round 8
ChatterBot Bravo round 8
ChatterBot Oscar round 8
ChatterBot Tango round 8
ChatterBot Foxtrot round 8
2024-10-14 13:34:34.410540 Uniform: We should drop Mike
2024-10-14 13:34:34.426351 Zulu: Yes
2024-10-14 13:34:34.426532 Papa: Yes
2024-10-14 13:34:34.426679 Oscar: Yes
2024-10-14 13:34:34.426816 Foxtrot: Yes
2024-10-14 13:34:34.426940 X-ray: Yes
2024-10-14 13:34:34.427086 Bravo: Yes
ChatterBot Uniform reevaluating
ChatterBot Uniform reevaluating
ChatterBot Uniform reevaluating
ChatterBot Uniform reevaluating
ChatterBot Uniform reevaluating
ChatterBot Uniform reevaluating
2024-10-14 13:34:34.514675 Zulu: Papa, Bravo and Foxtrot, sending you 2
2024-10-14 13:34:34.515629 Papa: Zulu, X-ray, Bravo and Oscar, sending you 2
2024-10-14 13:34:34.518662 Papa: Foxtrot, sending you 3
2024-10-14 13:34:34.519658 Zulu: Uniform, X-ray and Oscar, sending you 1
2024-10-14 13:34:34.520235 Delta: Mike, sending you 4
2024-10-14 13:34:34.521692 X-ray: Zulu, sending you 1
2024-10-14 13:34:34.522603 Bravo: Zulu, Papa, Uniform, X-ray and Foxtrot, sending you 3
2024-10-14 13:34:34.523699 Delta: Tango, sending you 2
2024-10-14 13:34:34.524081 Foxtrot: Zulu, X-ray and Oscar, sending you 2
2024-10-14 13:34:34.525716 X-ray: Papa, Uniform, Bravo, Oscar and Foxtrot, sending you 2
2024-10-14 13:34:34.526665 Tango: Delta, sending you 6
2024-10-14 13:34:34.526956 Bravo: Oscar, sending you 1
2024-10-14 13:34:34.527960 Mike: Delta, sending you 3
2024-10-14 13:34:34.528217 Oscar: Zulu, Papa, X-ray, Bravo and Foxtrot, sending you 2
2024-10-14 13:34:34.529683 Foxtrot: Papa, sending you 4
2024-10-14 13:34:34.530687 Tango: Mike, sending you 5
2024-10-14 13:34:34.531647 Mike: Tango, sending you 2
2024-10-14 13:34:34.531926 Oscar: Uniform, sending you 1
2024-10-14 13:34:34.535698 Foxtrot: Bravo, sending you 3
chatterbot Delta submitting transactions
chatterbot Papa submitting transactions
chatterbot X-ray submitting transactions
chatterbot Uniform submitting transactions
chatterbot Bravo submitting transactions
chatterbot Tango submitting transactions
chatterbot Mike submitting transactions
chatterbot Foxtrot submitting transactions
chatterbot Zulu submitting transactions
chatterbot Oscar submitting transactions
ChatterBot Zulu round 9
ChatterBot Delta round 9
ChatterBot Papa round 9
ChatterBot Mike round 9
ChatterBot Uniform round 9
ChatterBot X-ray round 9
ChatterBot Bravo round 9
ChatterBot Oscar round 9
ChatterBot Tango round 9
ChatterBot Foxtrot round 9
2024-10-14 13:34:35.455135 Uniform: We should drop Mike
2024-10-14 13:34:35.475522 Zulu: Yes
2024-10-14 13:34:35.475741 Papa: Yes
2024-10-14 13:34:35.475931 Oscar: Yes
2024-10-14 13:34:35.476108 Foxtrot: Yes
2024-10-14 13:34:35.476278 X-ray: Yes
2024-10-14 13:34:35.476446 Bravo: Yes
ChatterBot Uniform reevaluating
ChatterBot Uniform reevaluating
ChatterBot Uniform reevaluating
ChatterBot Uniform reevaluating
ChatterBot Uniform reevaluating
ChatterBot Uniform reevaluating
2024-10-14 13:34:35.614111 Zulu: Papa, Bravo and Foxtrot, sending you 2
2024-10-14 13:34:35.619456 Zulu: Uniform, X-ray and Oscar, sending you 1
2024-10-14 13:34:35.622328 Delta: Mike, sending you 4
2024-10-14 13:34:35.623085 Bravo: Zulu, Papa, Uniform, X-ray and Foxtrot, sending you 3
2024-10-14 13:34:35.624976 Mike: Delta, sending you 3
2024-10-14 13:34:35.625550 Papa: Zulu, X-ray, Bravo and Oscar, sending you 2
2024-10-14 13:34:35.627657 Foxtrot: Zulu, X-ray and Oscar, sending you 2
2024-10-14 13:34:35.629661 Delta: Tango, sending you 2
2024-10-14 13:34:35.630420 Tango: Delta, sending you 6
2024-10-14 13:34:35.630884 Mike: Tango, sending you 2
2024-10-14 13:34:35.632007 Bravo: Oscar, sending you 1
2024-10-14 13:34:35.633520 Foxtrot: Papa, sending you 4
2024-10-14 13:34:35.635186 Papa: Foxtrot, sending you 3
2024-10-14 13:34:35.636033 X-ray: Zulu, sending you 1
2024-10-14 13:34:35.637455 Tango: Mike, sending you 5
2024-10-14 13:34:35.639835 Foxtrot: Bravo, sending you 3
2024-10-14 13:34:35.640981 Oscar: Zulu, X-ray and Foxtrot, sending you 2
2024-10-14 13:34:35.642298 X-ray: Papa, Uniform, Bravo, Oscar and Foxtrot, sending you 2
2024-10-14 13:34:35.645666 Oscar: Papa, sending you 3
2024-10-14 13:34:35.649678 Oscar: Uniform and Bravo, sending you 1
chatterbot Zulu submitting transactions
chatterbot Bravo submitting transactions
chatterbot Foxtrot submitting transactions
chatterbot Mike submitting transactions
chatterbot X-ray submitting transactions
chatterbot Delta submitting transactions
chatterbot Uniform submitting transactions
chatterbot Papa submitting transactions
chatterbot Tango submitting transactions
chatterbot Oscar submitting transactions
ChatterBot Zulu round 10
ChatterBot Delta round 10
ChatterBot Papa round 10
ChatterBot Mike round 10
2024-10-14 13:34:36.677146 Delta: We should add Oscar
2024-10-14 13:34:36.684377 Tango: No
2024-10-14 13:34:36.684566 Mike: No
ChatterBot Delta reevaluating
ChatterBot Delta reevaluating
ChatterBot Uniform round 10
ChatterBot X-ray round 10
ChatterBot Bravo round 10
ChatterBot Oscar round 10
ChatterBot Tango round 10
ChatterBot Foxtrot round 10
2024-10-14 13:34:36.741241 Uniform: We should drop Mike
ChatterBot Oscar reevaluating
2024-10-14 13:34:36.756111 Zulu: Yes
2024-10-14 13:34:36.756302 Papa: Yes
2024-10-14 13:34:36.756439 Oscar: Yes
2024-10-14 13:34:36.756572 Foxtrot: Yes
2024-10-14 13:34:36.756713 X-ray: Yes
2024-10-14 13:34:36.757177 Bravo: Yes
ChatterBot Oscar reevaluating
ChatterBot Uniform reevaluating
ChatterBot Oscar reevaluating
ChatterBot Uniform reevaluating
ChatterBot Uniform reevaluating
ChatterBot Oscar reevaluating
ChatterBot Uniform reevaluating
ChatterBot Oscar reevaluating
ChatterBot Uniform reevaluating
ChatterBot Oscar reevaluating
ChatterBot Uniform reevaluating
2024-10-14 13:34:36.910841 Papa: Zulu, X-ray, Bravo and Oscar, sending you 2
2024-10-14 13:34:36.913299 Zulu: Papa, Bravo and Foxtrot, sending you 2
2024-10-14 13:34:36.914642 Delta: Mike, sending you 4
2024-10-14 13:34:36.915772 Mike: Delta, sending you 3
2024-10-14 13:34:36.917099 Papa: Foxtrot, sending you 3
2024-10-14 13:34:36.920004 Delta: Tango, sending you 2
2024-10-14 13:34:36.920459 Zulu: Uniform, X-ray and Oscar, sending you 1
2024-10-14 13:34:36.922866 Mike: Tango, sending you 2
2024-10-14 13:34:36.924296 Tango: Delta, sending you 6
2024-10-14 13:34:36.924942 Foxtrot: Zulu, X-ray and Oscar, sending you 2
2024-10-14 13:34:36.927709 Tango: Mike, sending you 5
2024-10-14 13:34:36.929726 Bravo: Zulu, Papa, Uniform, X-ray and Foxtrot, sending you 3
2024-10-14 13:34:36.932955 X-ray: Zulu, sending you 1
2024-10-14 13:34:36.935765 Foxtrot: Papa, sending you 4
2024-10-14 13:34:36.938335 Oscar: Zulu, X-ray and Foxtrot, sending you 2
2024-10-14 13:34:36.941076 Bravo: Oscar, sending you 1
2024-10-14 13:34:36.943739 X-ray: Papa, Uniform, Bravo, Oscar and Foxtrot, sending you 2
2024-10-14 13:34:36.947129 Foxtrot: Bravo, sending you 3
2024-10-14 13:34:36.949651 Oscar: Papa, sending you 3
2024-10-14 13:34:36.955672 Oscar: Uniform and Bravo, sending you 1
chatterbot Delta submitting transactions
chatterbot Papa submitting transactions
chatterbot Tango submitting transactions
chatterbot X-ray submitting transactions
chatterbot Foxtrot submitting transactions
chatterbot Bravo submitting transactions
chatterbot Oscar submitting transactions
chatterbot Zulu submitting transactions
chatterbot Mike submitting transactions
chatterbot Uniform submitting transactions
ChatterBot Zulu round 11
ChatterBot Delta round 11
ChatterBot Papa round 11
ChatterBot Mike round 11
ChatterBot Uniform round 11
ChatterBot X-ray round 11
ChatterBot Bravo round 11
ChatterBot Oscar round 11
ChatterBot Tango round 11
ChatterBot Foxtrot round 11
2024-10-14 13:34:38.182995 Uniform: We should drop Mike
2024-10-14 13:34:38.201875 Zulu: Yes
2024-10-14 13:34:38.202098 Papa: Yes
2024-10-14 13:34:38.202253 Oscar: Yes
2024-10-14 13:34:38.202413 Foxtrot: Yes
2024-10-14 13:34:38.202548 X-ray: Yes
2024-10-14 13:34:38.202695 Bravo: Yes
ChatterBot Uniform reevaluating
ChatterBot Uniform reevaluating
ChatterBot Uniform reevaluating
ChatterBot Uniform reevaluating
ChatterBot Uniform reevaluating
ChatterBot Uniform reevaluating
2024-10-14 13:34:38.409243 Zulu: Papa, Bravo and Foxtrot, sending you 2
2024-10-14 13:34:38.412566 Papa: Zulu, X-ray, Bravo and Oscar, sending you 2
2024-10-14 13:34:38.416679 Zulu: Uniform, X-ray and Oscar, sending you 1
2024-10-14 13:34:38.419596 Bravo: Zulu, Papa, Uniform, X-ray and Foxtrot, sending you 3
2024-10-14 13:34:38.422043 Delta: Mike, sending you 4
2024-10-14 13:34:38.422926 Papa: Foxtrot, sending you 3
2024-10-14 13:34:38.426002 Mike: Delta, sending you 3
2024-10-14 13:34:38.426893 Bravo: Oscar, sending you 1
2024-10-14 13:34:38.431149 Delta: Tango, sending you 2
2024-10-14 13:34:38.432960 Foxtrot: Zulu, X-ray and Oscar, sending you 2
2024-10-14 13:34:38.437742 X-ray: Zulu, sending you 1
2024-10-14 13:34:38.440581 Oscar: Zulu, X-ray and Foxtrot, sending you 2
2024-10-14 13:34:38.444423 Tango: Delta, sending you 6
2024-10-14 13:34:38.445117 Mike: Tango, sending you 2
2024-10-14 13:34:38.446896 Foxtrot: Papa, sending you 4
2024-10-14 13:34:38.451002 X-ray: Papa, Uniform, Bravo, Oscar and Foxtrot, sending you 2
2024-10-14 13:34:38.454017 Oscar: Papa, sending you 3
2024-10-14 13:34:38.458127 Tango: Mike, sending you 5
2024-10-14 13:34:38.459824 Foxtrot: Bravo, sending you 3
2024-10-14 13:34:38.466228 Oscar: Uniform and Bravo, sending you 1
chatterbot X-ray submitting transactions
chatterbot Mike submitting transactions
chatterbot Papa submitting transactions
chatterbot Tango submitting transactions
chatterbot Zulu submitting transactions
chatterbot Bravo submitting transactions
chatterbot Delta submitting transactions
chatterbot Oscar submitting transactions
chatterbot Foxtrot submitting transactions
chatterbot Uniform submitting transactions
ChatterBot Zulu round 12
ChatterBot Delta round 12
ChatterBot Papa round 12
ChatterBot Mike round 12
ChatterBot Uniform round 12
ChatterBot X-ray round 12
2024-10-14 13:34:39.397879 Delta: We should add X-ray
2024-10-14 13:34:39.401999 Tango: Yes
2024-10-14 13:34:39.402141 Mike: Yes
ChatterBot Delta reevaluating
ChatterBot Bravo round 12
ChatterBot Oscar round 12
ChatterBot Tango round 12
ChatterBot Foxtrot round 12
2024-10-14 13:34:39.436660 Uniform: We should drop Mike
2024-10-14 13:34:39.449981 Zulu: Yes
2024-10-14 13:34:39.450131 Papa: Yes
2024-10-14 13:34:39.450250 Oscar: Yes
2024-10-14 13:34:39.450363 Foxtrot: Yes
2024-10-14 13:34:39.450470 X-ray: Yes
2024-10-14 13:34:39.450582 Bravo: Yes
ChatterBot Uniform reevaluating
ChatterBot Uniform reevaluating
ChatterBot Uniform reevaluating
ChatterBot Uniform reevaluating
ChatterBot Uniform reevaluating
ChatterBot Uniform reevaluating
2024-10-14 13:34:39.532664 Papa: Zulu, X-ray, Bravo and Oscar, sending you 2
2024-10-14 13:34:39.533674 Zulu: Papa, Bravo and Foxtrot, sending you 2
2024-10-14 13:34:39.534784 X-ray: Zulu, sending you 1
2024-10-14 13:34:39.535729 Delta: Mike, sending you 4
2024-10-14 13:34:39.536110 Mike: Delta, sending you 3
2024-10-14 13:34:39.536485 Papa: Foxtrot, sending you 3
2024-10-14 13:34:39.538676 Zulu: Uniform, X-ray and Oscar, sending you 1
2024-10-14 13:34:39.540074 Delta: Tango, sending you 2
2024-10-14 13:34:39.540427 Mike: Tango, sending you 2
2024-10-14 13:34:39.540788 X-ray: Papa, Uniform, Bravo, Oscar and Foxtrot, sending you 2
2024-10-14 13:34:39.541748 Bravo: Zulu, Papa, Uniform, X-ray and Foxtrot, sending you 3
2024-10-14 13:34:39.543679 Tango: Delta, sending you 6
2024-10-14 13:34:39.545697 Bravo: Oscar, sending you 1
2024-10-14 13:34:39.547726 Tango: Mike, sending you 5
2024-10-14 13:34:39.548687 Foxtrot: Zulu, X-ray and Oscar, sending you 2
2024-10-14 13:34:39.551664 Foxtrot: Papa, sending you 4
2024-10-14 13:34:39.553234 Oscar: Zulu, X-ray and Foxtrot, sending you 2
2024-10-14 13:34:39.555690 Foxtrot: Bravo, sending you 3
2024-10-14 13:34:39.559679 Oscar: Papa, sending you 3
2024-10-14 13:34:39.566168 Oscar: Uniform and Bravo, sending you 1
chatterbot Delta submitting transactions
chatterbot Papa submitting transactions
chatterbot Uniform submitting transactions
chatterbot Oscar submitting transactions
chatterbot Tango submitting transactions
chatterbot Zulu submitting transactions
chatterbot X-ray submitting transactions
chatterbot Bravo submitting transactions
chatterbot Mike submitting transactions
chatterbot Foxtrot submitting transactions
ChatterBot Zulu round 13
ChatterBot Delta round 13
ChatterBot Papa round 13
ChatterBot Mike round 13
ChatterBot Uniform round 13
ChatterBot X-ray round 13
2024-10-14 13:34:40.670707 Delta: We should add Uniform
2024-10-14 13:34:40.679906 Tango: No
2024-10-14 13:34:40.680092 Mike: No
ChatterBot Delta reevaluating
ChatterBot Delta reevaluating
ChatterBot Bravo round 13
ChatterBot Oscar round 13
ChatterBot Tango round 13
ChatterBot Foxtrot round 13
2024-10-14 13:34:40.735673 Delta: We should add X-ray
2024-10-14 13:34:40.745019 Tango: Yes
2024-10-14 13:34:40.745213 Mike: Yes
ChatterBot Delta reevaluating
ChatterBot Delta reevaluating
2024-10-14 13:34:40.789803 Uniform: We should drop Mike
2024-10-14 13:34:40.807261 Zulu: Yes
2024-10-14 13:34:40.807422 Papa: Yes
2024-10-14 13:34:40.807544 Oscar: Yes
2024-10-14 13:34:40.807668 Foxtrot: Yes
2024-10-14 13:34:40.807790 X-ray: Yes
2024-10-14 13:34:40.807899 Bravo: Yes
ChatterBot Uniform reevaluating
ChatterBot Uniform reevaluating
ChatterBot Uniform reevaluating
ChatterBot Uniform reevaluating
ChatterBot Uniform reevaluating
ChatterBot Uniform reevaluating
2024-10-14 13:34:40.949688 Papa: Zulu, X-ray, Bravo and Oscar, sending you 2
2024-10-14 13:34:40.952503 Mike: Delta, sending you 3
2024-10-14 13:34:40.953584 Zulu: Papa, Bravo and Foxtrot, sending you 2
2024-10-14 13:34:40.955451 X-ray: Zulu, sending you 1
2024-10-14 13:34:40.957731 Papa: Foxtrot, sending you 3
2024-10-14 13:34:40.960287 Mike: Tango, sending you 2
2024-10-14 13:34:40.961507 Zulu: Uniform, X-ray and Oscar, sending you 1
2024-10-14 13:34:40.963997 X-ray: Papa, Uniform, Bravo, Oscar and Foxtrot, sending you 2
2024-10-14 13:34:40.967398 Bravo: Zulu, Papa, Uniform, X-ray and Foxtrot, sending you 3
2024-10-14 13:34:40.969724 Oscar: Zulu, Uniform and Bravo, sending you 1
2024-10-14 13:34:40.971409 Foxtrot: Zulu, X-ray and Oscar, sending you 2
2024-10-14 13:34:40.972675 Tango: Delta, sending you 6
2024-10-14 13:34:40.973119 Bravo: Oscar, sending you 1
2024-10-14 13:34:40.975511 Delta: Mike, sending you 4
2024-10-14 13:34:40.976031 Oscar: Papa and X-ray, sending you 3
2024-10-14 13:34:40.977703 Foxtrot: Papa, sending you 4
2024-10-14 13:34:40.979681 Tango: Mike, sending you 5
2024-10-14 13:34:40.980691 Delta: Tango, sending you 2
2024-10-14 13:34:40.981320 Oscar: Foxtrot, sending you 2
2024-10-14 13:34:40.984878 Foxtrot: Bravo, sending you 3
chatterbot Zulu submitting transactions
chatterbot X-ray submitting transactions
chatterbot Delta submitting transactions
chatterbot Papa submitting transactions
chatterbot Bravo submitting transactions
chatterbot Foxtrot submitting transactions
chatterbot Oscar submitting transactions
chatterbot Uniform submitting transactions
chatterbot Mike submitting transactions
chatterbot Tango submitting transactions
ChatterBot Zulu round 14
ChatterBot Delta round 14
ChatterBot Papa round 14
2024-10-14 13:34:42.068871 Delta: We should add X-ray
2024-10-14 13:34:42.079783 Tango: Yes
2024-10-14 13:34:42.080085 Mike: Yes
ChatterBot Delta reevaluating
ChatterBot Delta reevaluating
ChatterBot Mike round 14
ChatterBot Uniform round 14
ChatterBot X-ray round 14
ChatterBot Bravo round 14
ChatterBot Oscar round 14
ChatterBot Tango round 14
ChatterBot Foxtrot round 14
2024-10-14 13:34:42.121261 Uniform: We should drop Mike
2024-10-14 13:34:42.136601 Zulu: Yes
2024-10-14 13:34:42.136779 Papa: Yes
2024-10-14 13:34:42.136904 Oscar: Yes
2024-10-14 13:34:42.137026 Foxtrot: Yes
2024-10-14 13:34:42.137145 X-ray: Yes
2024-10-14 13:34:42.137266 Bravo: Yes
