ChatterBot Charlie round 1
ChatterBot Uniform round 1
ChatterBot Tango round 1
ChatterBot Echo round 1
ChatterBot Golf round 1
ChatterBot Yankee round 1
ChatterBot Papa round 1
ChatterBot Oscar round 1
ChatterBot Foxtrot round 1
ChatterBot Bravo round 1
randomSelections Echo: {Echo, Papa, Charlie, Yankee, Tango, Golf} 
2024-10-14 13:34:24.238481 Echo: Friends?
ChatterBot Papa reevaluating
ChatterBot Charlie reevaluating
ChatterBot Yankee reevaluating
ChatterBot Tango reevaluating
ChatterBot Golf reevaluating
2024-10-14 13:34:24.253649 Papa: Yes
2024-10-14 13:34:24.253846 Charlie: Yes
2024-10-14 13:34:24.253999 Yankee: Yes
2024-10-14 13:34:24.254134 Tango: Yes
2024-10-14 13:34:24.254258 Golf: Yes
ChatterBot Charlie reevaluating
ChatterBot Yankee reevaluating
ChatterBot Tango reevaluating
ChatterBot Golf reevaluating
ChatterBot Papa reevaluating
ChatterBot Yankee reevaluating
ChatterBot Tango reevaluating
ChatterBot Golf reevaluating
ChatterBot Papa reevaluating
ChatterBot Charlie reevaluating
ChatterBot Tango reevaluating
ChatterBot Golf reevaluating
ChatterBot Papa reevaluating
ChatterBot Charlie reevaluating
ChatterBot Yankee reevaluating
ChatterBot Golf reevaluating
ChatterBot Papa reevaluating
ChatterBot Charlie reevaluating
ChatterBot Yankee reevaluating
ChatterBot Tango reevaluating
randomSelections Uniform: {Uniform, Papa, Oscar, Yankee, Bravo, Golf} 
2024-10-14 13:34:24.324039 Uniform: Friends?
ChatterBot Papa reevaluating
ChatterBot Oscar reevaluating
ChatterBot Yankee reevaluating
ChatterBot Bravo reevaluating
ChatterBot Golf reevaluating
2024-10-14 13:34:24.339455 Papa: No
2024-10-14 13:34:24.339654 Oscar: Yes
2024-10-14 13:34:24.339797 Yankee: No
2024-10-14 13:34:24.339940 Bravo: Yes
2024-10-14 13:34:24.340046 Golf: No
ChatterBot Oscar reevaluating
ChatterBot Yankee reevaluating
ChatterBot Bravo reevaluating
ChatterBot Golf reevaluating
ChatterBot Papa reevaluating
ChatterBot Yankee reevaluating
ChatterBot Bravo reevaluating
ChatterBot Golf reevaluating
ChatterBot Papa reevaluating
ChatterBot Oscar reevaluating
ChatterBot Bravo reevaluating
ChatterBot Golf reevaluating
ChatterBot Papa reevaluating
ChatterBot Oscar reevaluating
ChatterBot Yankee reevaluating
ChatterBot Golf reevaluating
ChatterBot Papa reevaluating
ChatterBot Oscar reevaluating
ChatterBot Yankee reevaluating
ChatterBot Bravo reevaluating
randomSelections Foxtrot: {Foxtrot, Echo, Oscar, Bravo, Charlie, Yankee, Uniform, Golf} 
2024-10-14 13:34:24.423749 Foxtrot: Friends?
ChatterBot Oscar reevaluating
ChatterBot Bravo reevaluating
ChatterBot Charlie reevaluating
ChatterBot Yankee reevaluating
ChatterBot Golf reevaluating
2024-10-14 13:34:24.439685 Echo: No
2024-10-14 13:34:24.439891 Oscar: No
2024-10-14 13:34:24.440043 Bravo: No
2024-10-14 13:34:24.440185 Charlie: No
2024-10-14 13:34:24.440344 Yankee: No
2024-10-14 13:34:24.441040 Uniform: No
2024-10-14 13:34:24.441188 Golf: No
ChatterBot Oscar reevaluating
ChatterBot Bravo reevaluating
ChatterBot Charlie reevaluating
ChatterBot Yankee reevaluating
ChatterBot Golf reevaluating
ChatterBot Bravo reevaluating
ChatterBot Charlie reevaluating
ChatterBot Yankee reevaluating
ChatterBot Golf reevaluating
ChatterBot Oscar reevaluating
ChatterBot Charlie reevaluating
ChatterBot Yankee reevaluating
ChatterBot Golf reevaluating
ChatterBot Oscar reevaluating
ChatterBot Bravo reevaluating
ChatterBot Yankee reevaluating
ChatterBot Golf reevaluating
ChatterBot Oscar reevaluating
ChatterBot Bravo reevaluating
ChatterBot Charlie reevaluating
ChatterBot Golf reevaluating
ChatterBot Oscar reevaluating
ChatterBot Bravo reevaluating
ChatterBot Charlie reevaluating
ChatterBot Yankee reevaluating
ChatterBot Golf reevaluating
ChatterBot Oscar reevaluating
ChatterBot Bravo reevaluating
ChatterBot Charlie reevaluating
ChatterBot Yankee reevaluating
2024-10-14 13:34:24.555690 Foxtrot: Charlie and Yankee, sending you 2
2024-10-14 13:34:24.556191 Echo: Charlie and Golf, sending you 3
2024-10-14 13:34:24.561357 Tango: Charlie and Echo, sending you 3
2024-10-14 13:34:24.561908 Foxtrot: Uniform and Bravo, sending you 1
2024-10-14 13:34:24.562429 Papa: Charlie, sending you 4
2024-10-14 13:34:24.563680 Echo: Tango, sending you 4
2024-10-14 13:34:24.564014 Oscar: Uniform and Bravo, sending you 2
2024-10-14 13:34:24.596427 Golf: Charlie, Tango and Yankee, sending you 3
2024-10-14 13:34:24.597980 Tango: Golf, sending you 1
2024-10-14 13:34:24.598646 Foxtrot: Oscar, sending you 3
2024-10-14 13:34:24.599744 Yankee: Charlie and Golf, sending you 2
2024-10-14 13:34:24.601139 Bravo: Uniform, Yankee and Papa, sending you 2
2024-10-14 13:34:24.601740 Papa: Tango and Echo, sending you 2
2024-10-14 13:34:24.602392 Oscar: Yankee, sending you 4
2024-10-14 13:34:24.603333 Echo: Yankee, sending you 1
2024-10-14 13:34:24.603886 Charlie: Tango and Yankee, sending you 1
2024-10-14 13:34:24.605317 Golf: Echo, sending you 2
2024-10-14 13:34:24.605839 Tango: Yankee and Papa, sending you 2
2024-10-14 13:34:24.607220 Yankee: Tango, sending you 4
2024-10-14 13:34:24.607914 Papa: Yankee, sending you 1
2024-10-14 13:34:24.609441 Bravo: Golf, sending you 1
2024-10-14 13:34:24.610184 Oscar: Papa, sending you 3
2024-10-14 13:34:24.611490 Echo: Papa, sending you 2
2024-10-14 13:34:24.612213 Charlie: Echo, sending you 3
2024-10-14 13:34:24.613750 Yankee: Echo, sending you 1
2024-10-14 13:34:24.614589 Bravo: Oscar, sending you 5
2024-10-14 13:34:24.647554 Charlie: Golf, sending you 4
chatterbot Uniform submitting transactions
2024-10-14 13:34:24.652053 Charlie: Papa, sending you 2
chatterbot Foxtrot submitting transactions
chatterbot Bravo submitting transactions
chatterbot Golf submitting transactions
chatterbot Yankee submitting transactions
chatterbot Oscar submitting transactions
chatterbot Tango submitting transactions
chatterbot Echo submitting transactions
chatterbot Charlie submitting transactions
chatterbot Papa submitting transactions
ChatterBot Charlie round 2
ChatterBot Uniform round 2
ChatterBot Tango round 2
ChatterBot Echo round 2
ChatterBot Golf round 2
ChatterBot Yankee round 2
ChatterBot Papa round 2
ChatterBot Oscar round 2
ChatterBot Foxtrot round 2
ChatterBot Bravo round 2
2024-10-14 13:34:27.000369 Yankee: We should add Foxtrot
ChatterBot Echo reevaluating
ChatterBot Papa reevaluating
ChatterBot Tango reevaluating
ChatterBot Golf reevaluating
2024-10-14 13:34:27.018389 Echo: Yes
2024-10-14 13:34:27.018523 Papa: No
2024-10-14 13:34:27.018657 Charlie: No
2024-10-14 13:34:27.018759 Tango: No
2024-10-14 13:34:27.018854 Golf: No
ChatterBot Papa reevaluating
ChatterBot Charlie reevaluating
ChatterBot Tango reevaluating
ChatterBot Golf reevaluating
ChatterBot Echo reevaluating
ChatterBot Charlie reevaluating
ChatterBot Tango reevaluating
ChatterBot Golf reevaluating
ChatterBot Echo reevaluating
ChatterBot Papa reevaluating
ChatterBot Tango reevaluating
ChatterBot Golf reevaluating
ChatterBot Echo reevaluating
ChatterBot Papa reevaluating
ChatterBot Charlie reevaluating
ChatterBot Golf reevaluating
ChatterBot Echo reevaluating
ChatterBot Papa reevaluating
ChatterBot Charlie reevaluating
ChatterBot Tango reevaluating
2024-10-14 13:34:27.114193 Papa: We should add Oscar
ChatterBot Echo reevaluating
ChatterBot Charlie reevaluating
ChatterBot Yankee reevaluating
ChatterBot Tango reevaluating
ChatterBot Golf reevaluating
2024-10-14 13:34:27.132536 Echo: No
2024-10-14 13:34:27.132694 Charlie: No
2024-10-14 13:34:27.133188 Yankee: Yes
2024-10-14 13:34:27.133274 Tango: No
2024-10-14 13:34:27.133351 Golf: No
ChatterBot Papa reevaluating
ChatterBot Charlie reevaluating
ChatterBot Yankee reevaluating
ChatterBot Tango reevaluating
ChatterBot Golf reevaluating
ChatterBot Echo reevaluating
ChatterBot Papa reevaluating
ChatterBot Yankee reevaluating
ChatterBot Tango reevaluating
ChatterBot Golf reevaluating
ChatterBot Echo reevaluating
ChatterBot Papa reevaluating
ChatterBot Charlie reevaluating
ChatterBot Tango reevaluating
ChatterBot Golf reevaluating
ChatterBot Echo reevaluating
ChatterBot Papa reevaluating
ChatterBot Charlie reevaluating
ChatterBot Yankee reevaluating
ChatterBot Golf reevaluating
ChatterBot Echo reevaluating
ChatterBot Papa reevaluating
ChatterBot Charlie reevaluating
ChatterBot Yankee reevaluating
ChatterBot Tango reevaluating
2024-10-14 13:34:27.281616 Papa: We should add Bravo
ChatterBot Echo reevaluating
ChatterBot Charlie reevaluating
ChatterBot Yankee reevaluating
ChatterBot Tango reevaluating
ChatterBot Golf reevaluating
2024-10-14 13:34:27.301691 Echo: No
2024-10-14 13:34:27.301878 Charlie: No
2024-10-14 13:34:27.301983 Yankee: No
2024-10-14 13:34:27.302080 Tango: No
2024-10-14 13:34:27.302176 Golf: No
ChatterBot Papa reevaluating
ChatterBot Charlie reevaluating
ChatterBot Yankee reevaluating
ChatterBot Tango reevaluating
ChatterBot Golf reevaluating
ChatterBot Echo reevaluating
ChatterBot Papa reevaluating
ChatterBot Yankee reevaluating
ChatterBot Tango reevaluating
ChatterBot Golf reevaluating
ChatterBot Echo reevaluating
ChatterBot Papa reevaluating
ChatterBot Charlie reevaluating
ChatterBot Tango reevaluating
ChatterBot Golf reevaluating
ChatterBot Echo reevaluating
ChatterBot Papa reevaluating
ChatterBot Charlie reevaluating
ChatterBot Yankee reevaluating
ChatterBot Golf reevaluating
ChatterBot Echo reevaluating
ChatterBot Papa reevaluating
ChatterBot Charlie reevaluating
ChatterBot Yankee reevaluating
ChatterBot Tango reevaluating
2024-10-14 13:34:27.416567 Oscar: We should group up
ChatterBot Foxtrot reevaluating
ChatterBot Bravo reevaluating
2024-10-14 13:34:27.424746 Foxtrot: Yes
2024-10-14 13:34:27.424887 Bravo: Yes
ChatterBot Bravo reevaluating
ChatterBot Foxtrot reevaluating
2024-10-14 13:34:27.440056 Bravo: Can we be friends?
ChatterBot Foxtrot reevaluating
ChatterBot Uniform reevaluating
2024-10-14 13:34:27.451229 Foxtrot: Yes
2024-10-14 13:34:27.451388 Oscar: No
2024-10-14 13:34:27.451521 Uniform: Yes
ChatterBot Bravo reevaluating
ChatterBot Uniform reevaluating
ChatterBot Foxtrot reevaluating
ChatterBot Bravo reevaluating
ChatterBot Uniform reevaluating
ChatterBot Foxtrot reevaluating
ChatterBot Bravo reevaluating
2024-10-14 13:34:27.678504 Golf: We should drop Papa
ChatterBot Charlie reevaluating
ChatterBot Tango reevaluating
ChatterBot Echo reevaluating
ChatterBot Yankee reevaluating
2024-10-14 13:34:27.697268 Charlie: No
2024-10-14 13:34:27.697425 Tango: Yes
2024-10-14 13:34:27.697536 Echo: No
2024-10-14 13:34:27.697649 Yankee: No
ChatterBot Tango reevaluating
ChatterBot Echo reevaluating
ChatterBot Yankee reevaluating
ChatterBot Charlie reevaluating
ChatterBot Echo reevaluating
ChatterBot Yankee reevaluating
ChatterBot Charlie reevaluating
ChatterBot Tango reevaluating
ChatterBot Yankee reevaluating
ChatterBot Charlie reevaluating
ChatterBot Tango reevaluating
ChatterBot Echo reevaluating
2024-10-14 13:34:27.798857 Yankee: Foxtrot we want you to join our group
2024-10-14 13:34:27.804485 Foxtrot: No
ChatterBot Echo reevaluating
ChatterBot Papa reevaluating
2024-10-14 13:34:27.842222 Bravo: Uniform, sending you 2
2024-10-14 13:34:27.842683 Oscar: Foxtrot, sending you 4
2024-10-14 13:34:27.843034 Charlie: Foxtrot we want you to join our group
2024-10-14 13:34:27.883214 Foxtrot: No
ChatterBot Charlie reevaluating
ChatterBot Echo reevaluating
ChatterBot Papa reevaluating
2024-10-14 13:34:27.929010 Uniform: Oscar and Bravo, sending you 5
2024-10-14 13:34:27.930566 Foxtrot: Uniform, Oscar and Bravo, sending you 3
2024-10-14 13:34:27.931992 Bravo: Oscar, sending you 6
2024-10-14 13:34:27.933081 Oscar: Bravo, sending you 6
chatterbot Papa submitting transactions
2024-10-14 13:34:27.955437 Uniform: Foxtrot, sending you 2
2024-10-14 13:34:27.956057 Golf: Charlie, sending you 4
2024-10-14 13:34:27.957186 Bravo: Foxtrot, sending you 4
2024-10-14 13:34:27.958307 Papa: Foxtrot we want you to join our group
ChatterBot Foxtrot reevaluating
2024-10-14 13:34:27.965842 Foxtrot: Yes
ChatterBot Charlie reevaluating
ChatterBot Papa reevaluating
2024-10-14 13:34:28.003979 Foxtrot: Let's form a team
ChatterBot Charlie reevaluating
ChatterBot Papa reevaluating
2024-10-14 13:34:28.042361 Yankee: Yes
2024-10-14 13:34:28.042965 Charlie: Yes
2024-10-14 13:34:28.043117 Tango: No
2024-10-14 13:34:28.043287 Echo: No
2024-10-14 13:34:28.043436 Golf: No
2024-10-14 13:34:28.043564 Papa: Yes
ChatterBot Charlie reevaluating
ChatterBot Papa reevaluating
ChatterBot Foxtrot reevaluating
ChatterBot Echo reevaluating
ChatterBot Papa reevaluating
ChatterBot Foxtrot reevaluating
ChatterBot Charlie reevaluating
ChatterBot Echo reevaluating
ChatterBot Papa reevaluating
ChatterBot Foxtrot reevaluating
ChatterBot Charlie reevaluating
ChatterBot Papa reevaluating
ChatterBot Foxtrot reevaluating
ChatterBot Charlie reevaluating
ChatterBot Echo reevaluating
ChatterBot Papa reevaluating
ChatterBot Foxtrot reevaluating
ChatterBot Charlie reevaluating
ChatterBot Echo reevaluating
ChatterBot Foxtrot reevaluating
chatterbot Golf submitting transactions
2024-10-14 13:34:28.311608 Golf: Tango and Yankee, sending you 2
chatterbot Uniform submitting transactions
chatterbot Foxtrot submitting transactions
2024-10-14 13:34:28.377236 Echo: Foxtrot we want you to join our group
ChatterBot Foxtrot reevaluating
2024-10-14 13:34:28.381142 Foxtrot: Yes
ChatterBot Charlie reevaluating
ChatterBot Echo reevaluating
ChatterBot Papa reevaluating
2024-10-14 13:34:28.403391 Tango: Charlie, sending you 2
2024-10-14 13:34:28.403729 Golf: Echo, sending you 3
2024-10-14 13:34:28.403974 Yankee: Charlie, Echo and Papa, sending you 1
2024-10-14 13:34:28.571549 Tango: Echo, Golf and Yankee, sending you 3
2024-10-14 13:34:28.573123 Yankee: Tango, Golf and Foxtrot, sending you 2
chatterbot Oscar submitting transactions
chatterbot Bravo submitting transactions
2024-10-14 13:34:28.722294 Foxtrot: Sorry, I'm actually sending you 0
2024-10-14 13:34:28.723019 Foxtrot: Sorry, I'm actually sending you 0
2024-10-14 13:34:28.723220 Foxtrot: Sorry, I'm actually sending you 0
2024-10-14 13:34:28.830761 Foxtrot: Charlie, Tango, Echo and Golf, sending you 2
2024-10-14 13:34:29.023324 Charlie: Tango, Echo, Golf, Yankee and Papa, sending you 2
2024-10-14 13:34:29.024434 Papa: Charlie, Tango and Echo, sending you 2
2024-10-14 13:34:29.025071 Foxtrot: Yankee, sending you 1
2024-10-14 13:34:29.025928 Echo: Charlie and Tango, sending you 3
chatterbot Papa submitting transactions
chatterbot Tango submitting transactions
2024-10-14 13:34:29.026739 Charlie: Foxtrot, sending you 1
2024-10-14 13:34:29.071393 Papa: Golf, Yankee and Foxtrot, sending you 1
2024-10-14 13:34:29.072034 Echo: Golf, Yankee and Papa, sending you 2
chatterbot Yankee submitting transactions
2024-10-14 13:34:29.115721 Echo: Foxtrot, sending you 1
chatterbot Charlie submitting transactions
chatterbot Echo submitting transactions
ChatterBot Charlie round 3
ChatterBot Uniform round 3
ChatterBot Tango round 3
ChatterBot Echo round 3
ChatterBot Golf round 3
ChatterBot Yankee round 3
ChatterBot Papa round 3
ChatterBot Oscar round 3
ChatterBot Foxtrot round 3
ChatterBot Bravo round 3
2024-10-14 13:34:29.359421 Oscar: We should add Uniform
ChatterBot Foxtrot reevaluating
ChatterBot Bravo reevaluating
2024-10-14 13:34:29.370575 Foxtrot: Yes
2024-10-14 13:34:29.370773 Bravo: Yes
ChatterBot Bravo reevaluating
ChatterBot Foxtrot reevaluating
2024-10-14 13:34:29.392240 Bravo: We should add Yankee
ChatterBot Foxtrot reevaluating
2024-10-14 13:34:29.406595 Foxtrot: Yes
2024-10-14 13:34:29.406843 Oscar: No
2024-10-14 13:34:29.407031 Uniform: No
ChatterBot Bravo reevaluating
ChatterBot Foxtrot reevaluating
ChatterBot Bravo reevaluating
ChatterBot Foxtrot reevaluating
ChatterBot Bravo reevaluating
2024-10-14 13:34:29.461728 Bravo: We should add Golf
ChatterBot Foxtrot reevaluating
2024-10-14 13:34:29.471177 Foxtrot: Yes
2024-10-14 13:34:29.471335 Oscar: No
2024-10-14 13:34:29.471426 Uniform: No
ChatterBot Bravo reevaluating
ChatterBot Foxtrot reevaluating
ChatterBot Bravo reevaluating
ChatterBot Foxtrot reevaluating
ChatterBot Bravo reevaluating
2024-10-14 13:34:29.517061 Oscar: Uniform we want you to join our group
2024-10-14 13:34:29.522799 Uniform: Yes
ChatterBot Foxtrot reevaluating
ChatterBot Bravo reevaluating
2024-10-14 13:34:29.602259 Uniform: Oscar, sending you 3
2024-10-14 13:34:29.604554 Echo: Charlie, Golf, Yankee, Papa and Foxtrot, sending you 2
2024-10-14 13:34:29.606439 Charlie: Tango, Echo, Golf, Papa and Foxtrot, sending you 2
2024-10-14 13:34:29.608114 Golf: Charlie, Tango and Echo, sending you 3
chatterbot Foxtrot submitting transactions
2024-10-14 13:34:29.609808 Uniform: Foxtrot, sending you 2
2024-10-14 13:34:29.611600 Echo: Tango, sending you 3
2024-10-14 13:34:29.612550 Charlie: Yankee, sending you 1
2024-10-14 13:34:29.614079 Golf: Yankee, sending you 2
2024-10-14 13:34:29.614540 Tango: Charlie, sending you 2
2024-10-14 13:34:29.615940 Papa: Charlie and Echo, sending you 3
2024-10-14 13:34:29.616785 Oscar: Uniform, sending you 3
2024-10-14 13:34:29.617976 Yankee: Charlie, Echo, Papa and Foxtrot, sending you 1
2024-10-14 13:34:29.619599 Uniform: Bravo, sending you 7
2024-10-14 13:34:29.620182 Tango: Echo, Golf and Yankee, sending you 3
2024-10-14 13:34:29.620741 Papa: Tango, Golf and Yankee, sending you 1
2024-10-14 13:34:29.730416 Oscar: Foxtrot, sending you 1
2024-10-14 13:34:29.731063 Yankee: Tango, sending you 3
2024-10-14 13:34:29.731429 Bravo: Uniform, sending you 4
2024-10-14 13:34:29.758845 Foxtrot: Charlie, Echo, Yankee and Papa, sending you 2
2024-10-14 13:34:29.759856 Yankee: Golf, sending you 2
2024-10-14 13:34:29.760179 Oscar: Bravo, sending you 6
2024-10-14 13:34:29.760421 Bravo: Oscar, sending you 6
2024-10-14 13:34:29.773092 Foxtrot: Tango, sending you 1
2024-10-14 13:34:29.773595 Bravo: Foxtrot, sending you 2
chatterbot Yankee submitting transactions
chatterbot Papa submitting transactions
chatterbot Echo submitting transactions
chatterbot Foxtrot submitting transactions
chatterbot Golf submitting transactions
chatterbot Tango submitting transactions
chatterbot Oscar submitting transactions
chatterbot Charlie submitting transactions
chatterbot Uniform submitting transactions
chatterbot Bravo submitting transactions
ChatterBot Charlie round 4
ChatterBot Uniform round 4
ChatterBot Tango round 4
ChatterBot Echo round 4
ChatterBot Golf round 4
2024-10-14 13:34:30.630336 Tango: We should add Papa and Foxtrot
2024-10-14 13:34:30.640139 Golf: No
2024-10-14 13:34:30.640579 Charlie: Yes
2024-10-14 13:34:30.640708 Echo: Yes
2024-10-14 13:34:30.640833 Yankee: Yes
ChatterBot Tango reevaluating
ChatterBot Golf reevaluating
ChatterBot Tango reevaluating
ChatterBot Golf reevaluating
ChatterBot Tango reevaluating
ChatterBot Golf reevaluating
ChatterBot Tango reevaluating
ChatterBot Yankee round 4
ChatterBot Papa round 4
ChatterBot Oscar round 4
ChatterBot Foxtrot round 4
ChatterBot Bravo round 4
2024-10-14 13:34:30.703481 Tango: Papa and Foxtrot we want you to join our group
2024-10-14 13:34:30.708018 Papa: Yes
2024-10-14 13:34:30.708571 Foxtrot: Yes
ChatterBot Tango reevaluating
ChatterBot Golf reevaluating
ChatterBot Tango reevaluating
ChatterBot Golf reevaluating
2024-10-14 13:34:30.736503 Golf: We should add Papa
ChatterBot Tango reevaluating
2024-10-14 13:34:30.745053 Charlie: Yes
2024-10-14 13:34:30.745188 Tango: Yes
2024-10-14 13:34:30.745276 Echo: Yes
2024-10-14 13:34:30.745814 Yankee: Yes
ChatterBot Golf reevaluating
ChatterBot Tango reevaluating
ChatterBot Golf reevaluating
ChatterBot Golf reevaluating
ChatterBot Tango reevaluating
ChatterBot Golf reevaluating
ChatterBot Tango reevaluating
2024-10-14 13:34:30.781540 Charlie: Tango, Echo, Golf, Papa and Foxtrot, sending you 2
2024-10-14 13:34:30.784679 Charlie: Yankee, sending you 1
2024-10-14 13:34:30.785195 Echo: Charlie, Golf, Yankee, Papa and Foxtrot, sending you 2
2024-10-14 13:34:30.786049 Uniform: Oscar, sending you 5
2024-10-14 13:34:30.788702 Golf: Papa we want you to join our group
2024-10-14 13:34:30.792125 Papa: Yes
ChatterBot Tango reevaluating
ChatterBot Golf reevaluating
2024-10-14 13:34:30.809003 Uniform: Bravo, sending you 7
2024-10-14 13:34:30.809418 Echo: Tango, sending you 3
2024-10-14 13:34:30.812660 Papa: Charlie, sending you 3
2024-10-14 13:34:30.813201 Foxtrot: Charlie, Echo and Yankee, sending you 2
2024-10-14 13:34:30.813993 Oscar: Uniform, sending you 3
2024-10-14 13:34:30.814268 Yankee: Charlie, Echo, Papa and Foxtrot, sending you 1
2024-10-14 13:34:30.814662 Bravo: Uniform and Oscar, sending you 5
2024-10-14 13:34:30.816713 Foxtrot: Tango, Golf and Papa, sending you 1
2024-10-14 13:34:30.817675 Papa: Tango, Golf, Yankee and Foxtrot, sending you 1
2024-10-14 13:34:30.818506 Oscar: Foxtrot, sending you 1
2024-10-14 13:34:30.818820 Yankee: Tango, sending you 3
2024-10-14 13:34:30.819210 Bravo: Foxtrot, sending you 2
2024-10-14 13:34:30.821670 Oscar: Bravo, sending you 6
2024-10-14 13:34:30.822969 Papa: Echo, sending you 2
2024-10-14 13:34:30.823667 Yankee: Golf, sending you 2
2024-10-14 13:34:30.836663 Tango: Charlie, Echo, Golf, Yankee and Papa, sending you 2
2024-10-14 13:34:30.839669 Tango: Foxtrot, sending you 1
2024-10-14 13:34:30.844660 Golf: Charlie and Tango, sending you 3
2024-10-14 13:34:30.849659 Golf: Echo and Yankee, sending you 2
2024-10-14 13:34:30.852675 Golf: Papa, sending you 1
chatterbot Bravo submitting transactions
chatterbot Golf submitting transactions
chatterbot Foxtrot submitting transactions
chatterbot Papa submitting transactions
chatterbot Uniform submitting transactions
chatterbot Charlie submitting transactions
chatterbot Tango submitting transactions
chatterbot Oscar submitting transactions
chatterbot Yankee submitting transactions
chatterbot Echo submitting transactions
ChatterBot Charlie round 5
ChatterBot Uniform round 5
ChatterBot Tango round 5
ChatterBot Echo round 5
ChatterBot Golf round 5
ChatterBot Yankee round 5
ChatterBot Papa round 5
ChatterBot Oscar round 5
ChatterBot Foxtrot round 5
ChatterBot Bravo round 5
2024-10-14 13:34:31.909387 Tango: We should drop Foxtrot
2024-10-14 13:34:31.925436 Echo: No
2024-10-14 13:34:31.925708 Papa: No
2024-10-14 13:34:31.925917 Charlie: No
2024-10-14 13:34:31.926107 Yankee: No
2024-10-14 13:34:31.926287 Golf: Yes
2024-10-14 13:34:31.982912 Oscar: We should drop Foxtrot
2024-10-14 13:34:31.986598 Uniform: No
2024-10-14 13:34:31.986767 Bravo: No
ChatterBot Oscar reevaluating
ChatterBot Oscar reevaluating
2024-10-14 13:34:31.996650 Charlie: Tango, Echo, Golf, Papa and Foxtrot, sending you 2
2024-10-14 13:34:31.999663 Uniform: Oscar, sending you 5
2024-10-14 13:34:32.000173 Charlie: Yankee, sending you 1
2024-10-14 13:34:32.000781 Papa: Charlie, sending you 3
2024-10-14 13:34:32.001385 Echo: Charlie, Golf, Yankee, Papa and Foxtrot, sending you 2
2024-10-14 13:34:32.002502 Golf: Charlie, sending you 4
2024-10-14 13:34:32.003003 Yankee: Charlie, Papa and Foxtrot, sending you 1
2024-10-14 13:34:32.004656 Uniform: Bravo, sending you 7
2024-10-14 13:34:32.005670 Papa: Tango, Golf, Yankee and Foxtrot, sending you 1
2024-10-14 13:34:32.006316 Echo: Tango, sending you 3
2024-10-14 13:34:32.007670 Golf: Tango, Echo and Yankee, sending you 2
2024-10-14 13:34:32.008111 Yankee: Tango, Echo and Golf, sending you 2
2024-10-14 13:34:32.009680 Papa: Echo, sending you 2
2024-10-14 13:34:32.010669 Bravo: Uniform and Oscar, sending you 5
2024-10-14 13:34:32.012686 Golf: Papa, sending you 1
2024-10-14 13:34:32.014661 Tango: Charlie, Echo, Golf and Papa, sending you 2
2024-10-14 13:34:32.015672 Bravo: Foxtrot, sending you 2
2024-10-14 13:34:32.018653 Foxtrot: Charlie, Echo and Yankee, sending you 2
2024-10-14 13:34:32.019195 Tango: Yankee, sending you 3
2024-10-14 13:34:32.022681 Foxtrot: Tango, Golf and Papa, sending you 1
2024-10-14 13:34:32.029766 Oscar: Uniform, sending you 4
2024-10-14 13:34:32.033656 Oscar: Bravo, sending you 6
chatterbot Yankee submitting transactions
chatterbot Tango submitting transactions
chatterbot Charlie submitting transactions
chatterbot Golf submitting transactions
chatterbot Oscar submitting transactions
chatterbot Papa submitting transactions
chatterbot Bravo submitting transactions
chatterbot Uniform submitting transactions
chatterbot Echo submitting transactions
chatterbot Foxtrot submitting transactions
ChatterBot Charlie round 6
ChatterBot Uniform round 6
ChatterBot Tango round 6
ChatterBot Echo round 6
ChatterBot Golf round 6
ChatterBot Yankee round 6
ChatterBot Papa round 6
ChatterBot Oscar round 6
ChatterBot Foxtrot round 6
ChatterBot Bravo round 6
2024-10-14 13:34:33.140619 Oscar: We should add Foxtrot
2024-10-14 13:34:33.144993 Uniform: Yes
2024-10-14 13:34:33.145142 Bravo: Yes
ChatterBot Oscar reevaluating
ChatterBot Oscar reevaluating
2024-10-14 13:34:33.165661 Charlie: Tango, Echo, Golf, Papa and Foxtrot, sending you 2
2024-10-14 13:34:33.166674 Oscar: Foxtrot we want you to join our group
2024-10-14 13:34:33.169406 Foxtrot: No
ChatterBot Oscar reevaluating
2024-10-14 13:34:33.177396 Charlie: Yankee, sending you 1
2024-10-14 13:34:33.180937 Echo: Charlie, Golf, Yankee, Papa and Foxtrot, sending you 2
2024-10-14 13:34:33.181537 Uniform: Oscar, sending you 5
2024-10-14 13:34:33.181874 Tango: Charlie, Golf, Yankee and Papa, sending you 2
2024-10-14 13:34:33.182282 Yankee: Charlie, Papa and Foxtrot, sending you 1
2024-10-14 13:34:33.182756 Golf: Charlie and Tango, sending you 3
2024-10-14 13:34:33.183969 Papa: Charlie, Tango and Echo, sending you 2
2024-10-14 13:34:33.184779 Echo: Tango, sending you 3
2024-10-14 13:34:33.185693 Yankee: Tango, Echo and Golf, sending you 2
2024-10-14 13:34:33.186650 Golf: Echo and Yankee, sending you 2
2024-10-14 13:34:33.187174 Uniform: Bravo, sending you 7
2024-10-14 13:34:33.187522 Tango: Echo, sending you 3
2024-10-14 13:34:33.188099 Papa: Golf, Yankee and Foxtrot, sending you 1
2024-10-14 13:34:33.190688 Golf: Papa, sending you 1
2024-10-14 13:34:33.192704 Bravo: Uniform, sending you 4
2024-10-14 13:34:33.196697 Bravo: Oscar, sending you 5
2024-10-14 13:34:33.199689 Foxtrot: Charlie, Echo and Yankee, sending you 2
2024-10-14 13:34:33.202118 Bravo: Foxtrot, sending you 2
2024-10-14 13:34:33.203676 Foxtrot: Tango, Golf and Papa, sending you 1
2024-10-14 13:34:33.215692 Oscar: Uniform, sending you 4
2024-10-14 13:34:33.219682 Oscar: Bravo, sending you 6
chatterbot Uniform submitting transactions
chatterbot Echo submitting transactions
chatterbot Bravo submitting transactions
chatterbot Foxtrot submitting transactions
chatterbot Yankee submitting transactions
chatterbot Charlie submitting transactions
chatterbot Golf submitting transactions
chatterbot Papa submitting transactions
chatterbot Tango submitting transactions
chatterbot Oscar submitting transactions
ChatterBot Charlie round 7
ChatterBot Uniform round 7
ChatterBot Tango round 7
ChatterBot Echo round 7
ChatterBot Golf round 7
ChatterBot Yankee round 7
ChatterBot Papa round 7
ChatterBot Oscar round 7
ChatterBot Foxtrot round 7
ChatterBot Bravo round 7
2024-10-14 13:34:34.462788 Oscar: We should drop Foxtrot
ChatterBot Uniform reevaluating
2024-10-14 13:34:34.467913 Uniform: Yes
2024-10-14 13:34:34.468080 Bravo: No
ChatterBot Bravo reevaluating
ChatterBot Uniform reevaluating
2024-10-14 13:34:34.483734 Tango: Charlie, Golf, Yankee and Papa, sending you 2
2024-10-14 13:34:34.484698 Charlie: Tango, Echo, Golf, Papa and Foxtrot, sending you 2
2024-10-14 13:34:34.485623 Golf: Charlie, sending you 3
2024-10-14 13:34:34.487110 Tango: Echo, sending you 3
2024-10-14 13:34:34.488850 Golf: Tango, Echo, Yankee and Papa, sending you 2
2024-10-14 13:34:34.490084 Charlie: Yankee, sending you 1
2024-10-14 13:34:34.495668 Oscar: Uniform, sending you 5
2024-10-14 13:34:34.496879 Echo: Charlie, Golf, Yankee, Papa and Foxtrot, sending you 2
2024-10-14 13:34:34.497586 Papa: Charlie, Tango and Echo, sending you 2
2024-10-14 13:34:34.498106 Yankee: Charlie, sending you 1
2024-10-14 13:34:34.500065 Oscar: Bravo, sending you 6
2024-10-14 13:34:34.500677 Yankee: Tango, Echo, Golf and Foxtrot, sending you 2
2024-10-14 13:34:34.501659 Echo: Tango, sending you 3
2024-10-14 13:34:34.502278 Foxtrot: Charlie, Echo and Yankee, sending you 2
2024-10-14 13:34:34.502949 Papa: Golf, Yankee and Foxtrot, sending you 1
2024-10-14 13:34:34.506677 Uniform: Oscar, sending you 5
2024-10-14 13:34:34.507987 Foxtrot: Tango, Golf and Papa, sending you 1
2024-10-14 13:34:34.511670 Uniform: Bravo, sending you 7
2024-10-14 13:34:34.514672 Bravo: Uniform, sending you 4
2024-10-14 13:34:34.517658 Bravo: Oscar, sending you 5
chatterbot Oscar submitting transactions
chatterbot Tango submitting transactions
chatterbot Bravo submitting transactions
chatterbot Echo submitting transactions
chatterbot Charlie submitting transactions
chatterbot Golf submitting transactions
chatterbot Foxtrot submitting transactions
chatterbot Papa submitting transactions
chatterbot Yankee submitting transactions
chatterbot Uniform submitting transactions
ChatterBot Charlie round 8
ChatterBot Uniform round 8
ChatterBot Tango round 8
ChatterBot Echo round 8
ChatterBot Golf round 8
ChatterBot Yankee round 8
ChatterBot Papa round 8
ChatterBot Oscar round 8
ChatterBot Foxtrot round 8
ChatterBot Bravo round 8
2024-10-14 13:34:35.739043 Bravo: We should add Papa
ChatterBot Uniform reevaluating
2024-10-14 13:34:35.744609 Oscar: No
2024-10-14 13:34:35.744786 Uniform: No
ChatterBot Uniform reevaluating
ChatterBot Bravo reevaluating
ChatterBot Bravo reevaluating
2024-10-14 13:34:35.761843 Uniform: We should drop Foxtrot
ChatterBot Bravo reevaluating
2024-10-14 13:34:35.769054 Oscar: Yes
2024-10-14 13:34:35.769211 Bravo: Yes
ChatterBot Uniform reevaluating
ChatterBot Bravo reevaluating
ChatterBot Uniform reevaluating
2024-10-14 13:34:35.786688 Yankee: Charlie, sending you 1
2024-10-14 13:34:35.787501 Oscar: Uniform, sending you 5
2024-10-14 13:34:35.787809 Tango: Charlie, Golf, Yankee and Papa, sending you 2
2024-10-14 13:34:35.788876 Papa: Charlie, Tango and Echo, sending you 2
2024-10-14 13:34:35.789505 Echo: Charlie, Golf, Yankee, Papa and Foxtrot, sending you 2
2024-10-14 13:34:35.790124 Golf: Charlie, sending you 3
2024-10-14 13:34:35.791187 Charlie: Tango, Echo, Golf, Papa and Foxtrot, sending you 2
2024-10-14 13:34:35.792027 Yankee: Tango, Echo, Golf and Foxtrot, sending you 2
2024-10-14 13:34:35.792887 Oscar: Bravo, sending you 6
2024-10-14 13:34:35.793198 Papa: Golf, Yankee and Foxtrot, sending you 1
2024-10-14 13:34:35.794338 Tango: Echo, sending you 3
2024-10-14 13:34:35.795328 Echo: Tango, sending you 3
2024-10-14 13:34:35.797020 Golf: Tango, Echo, Yankee and Papa, sending you 2
2024-10-14 13:34:35.797954 Charlie: Yankee, sending you 1
2024-10-14 13:34:35.801661 Foxtrot: Charlie, Echo and Yankee, sending you 2
2024-10-14 13:34:35.807826 Foxtrot: Tango, Golf and Papa, sending you 1
2024-10-14 13:34:35.811688 Bravo: Uniform, sending you 4
2024-10-14 13:34:35.812673 Uniform: Sending you each 6
2024-10-14 13:34:35.816936 Bravo: Oscar, sending you 5
chatterbot Oscar submitting transactions
chatterbot Charlie submitting transactions
chatterbot Golf submitting transactions
chatterbot Uniform submitting transactions
chatterbot Foxtrot submitting transactions
chatterbot Yankee submitting transactions
chatterbot Echo submitting transactions
chatterbot Bravo submitting transactions
chatterbot Papa submitting transactions
chatterbot Tango submitting transactions
ChatterBot Charlie round 9
ChatterBot Uniform round 9
ChatterBot Tango round 9
ChatterBot Echo round 9
ChatterBot Golf round 9
ChatterBot Yankee round 9
ChatterBot Papa round 9
ChatterBot Oscar round 9
ChatterBot Foxtrot round 9
ChatterBot Bravo round 9
2024-10-14 13:34:37.010025 Golf: Charlie, sending you 3
2024-10-14 13:34:37.014911 Golf: Tango, Echo, Yankee and Papa, sending you 2
2024-10-14 13:34:37.015680 Charlie: Tango, Echo, Golf, Papa and Foxtrot, sending you 2
2024-10-14 13:34:37.017167 Tango: Charlie, Golf, Yankee and Papa, sending you 2
2024-10-14 13:34:37.017880 Yankee: Charlie, sending you 1
2024-10-14 13:34:37.019332 Echo: Charlie, Golf, Yankee, Papa and Foxtrot, sending you 2
2024-10-14 13:34:37.020136 Papa: Charlie, Tango and Echo, sending you 2
2024-10-14 13:34:37.021548 Charlie: Yankee, sending you 1
2024-10-14 13:34:37.022544 Yankee: Tango, Echo, Golf and Foxtrot, sending you 2
2024-10-14 13:34:37.023942 Tango: Echo, sending you 3
2024-10-14 13:34:37.024779 Echo: Tango, sending you 3
2024-10-14 13:34:37.026113 Bravo: Uniform, sending you 4
2024-10-14 13:34:37.026583 Papa: Golf, Yankee and Foxtrot, sending you 1
2024-10-14 13:34:37.028300 Foxtrot: Charlie, Echo and Yankee, sending you 2
2024-10-14 13:34:37.029765 Oscar: Uniform, sending you 5
2024-10-14 13:34:37.030096 Bravo: Oscar, sending you 5
2024-10-14 13:34:37.032691 Oscar: Bravo, sending you 6
2024-10-14 13:34:37.033963 Uniform: Same as last round
2024-10-14 13:34:37.034669 Foxtrot: Tango, Golf and Papa, sending you 1
chatterbot Foxtrot submitting transactions
chatterbot Tango submitting transactions
chatterbot Yankee submitting transactions
chatterbot Charlie submitting transactions
chatterbot Oscar submitting transactions
chatterbot Uniform submitting transactions
chatterbot Bravo submitting transactions
chatterbot Echo submitting transactions
chatterbot Golf submitting transactions
chatterbot Papa submitting transactions
ChatterBot Charlie round 10
ChatterBot Uniform round 10
ChatterBot Tango round 10
ChatterBot Echo round 10
ChatterBot Golf round 10
ChatterBot Yankee round 10
ChatterBot Papa round 10
ChatterBot Oscar round 10
ChatterBot Foxtrot round 10
ChatterBot Bravo round 10
2024-10-14 13:34:38.223791 Tango: We should replace Golf with Foxtrot
2024-10-14 13:34:38.232995 Charlie: No
2024-10-14 13:34:38.233151 Echo: No
2024-10-14 13:34:38.233265 Yankee: No
2024-10-14 13:34:38.233381 Papa: No
ChatterBot Tango reevaluating
ChatterBot Tango reevaluating
ChatterBot Tango reevaluating
ChatterBot Tango reevaluating
2024-10-14 13:34:38.303678 Charlie: Tango, Echo, Golf, Papa and Foxtrot, sending you 2
2024-10-14 13:34:38.305321 Uniform: Same as last round
2024-10-14 13:34:38.307686 Charlie: Yankee, sending you 1
2024-10-14 13:34:38.309670 Bravo: Uniform, sending you 4
2024-10-14 13:34:38.313705 Foxtrot: Charlie, Echo and Yankee, sending you 2
2024-10-14 13:34:38.315881 Bravo: Oscar, sending you 5
2024-10-14 13:34:38.318945 Foxtrot: Tango, Golf and Papa, sending you 1
2024-10-14 13:34:38.322001 Papa: Charlie, Tango and Echo, sending you 2
2024-10-14 13:34:38.323812 Echo: Charlie, Golf, Yankee, Papa and Foxtrot, sending you 2
2024-10-14 13:34:38.326741 Tango: Charlie, Golf, Yankee and Papa, sending you 2
2024-10-14 13:34:38.328033 Yankee: Charlie, sending you 1
2024-10-14 13:34:38.334653 Golf: Charlie, sending you 3
2024-10-14 13:34:38.335341 Papa: Golf, Yankee and Foxtrot, sending you 1
2024-10-14 13:34:38.337483 Oscar: Uniform, sending you 5
2024-10-14 13:34:38.338131 Echo: Tango, sending you 3
2024-10-14 13:34:38.340151 Tango: Echo, sending you 3
2024-10-14 13:34:38.345059 Yankee: Tango, Echo, Golf and Foxtrot, sending you 2
2024-10-14 13:34:38.346639 Golf: Tango, Echo, Yankee and Papa, sending you 2
2024-10-14 13:34:38.349024 Oscar: Bravo, sending you 6
chatterbot Tango submitting transactions
chatterbot Golf submitting transactions
chatterbot Charlie submitting transactions
chatterbot Papa submitting transactions
chatterbot Bravo submitting transactions
chatterbot Oscar submitting transactions
chatterbot Uniform submitting transactions
chatterbot Echo submitting transactions
chatterbot Yankee submitting transactions
chatterbot Foxtrot submitting transactions
ChatterBot Charlie round 11
ChatterBot Uniform round 11
ChatterBot Tango round 11
ChatterBot Echo round 11
ChatterBot Golf round 11
ChatterBot Yankee round 11
ChatterBot Papa round 11
ChatterBot Oscar round 11
ChatterBot Foxtrot round 11
ChatterBot Bravo round 11
2024-10-14 13:34:39.357681 Charlie: Tango, Echo, Golf, Papa and Foxtrot, sending you 2
2024-10-14 13:34:39.359297 Echo: Charlie, Golf, Yankee, Papa and Foxtrot, sending you 2
2024-10-14 13:34:39.360684 Tango: Charlie, Golf, Yankee and Papa, sending you 2
2024-10-14 13:34:39.362675 Charlie: Yankee, sending you 1
2024-10-14 13:34:39.363700 Echo: Tango, sending you 3
2024-10-14 13:34:39.364787 Tango: Echo, sending you 3
2024-10-14 13:34:39.367680 Uniform: Same as last round
2024-10-14 13:34:39.368047 Golf: Charlie, sending you 3
2024-10-14 13:34:39.370679 Papa: Charlie, Tango, Echo and Golf, sending you 2
2024-10-14 13:34:39.371412 Foxtrot: Charlie, Echo, Yankee and Papa, sending you 2
2024-10-14 13:34:39.372109 Yankee: Charlie, sending you 1
2024-10-14 13:34:39.372850 Golf: Tango, Echo, Yankee and Papa, sending you 2
2024-10-14 13:34:39.374072 Oscar: Uniform, sending you 5
2024-10-14 13:34:39.374664 Papa: Foxtrot, sending you 1
2024-10-14 13:34:39.375695 Foxtrot: Tango, sending you 1
2024-10-14 13:34:39.376926 Yankee: Tango, Echo, Golf and Foxtrot, sending you 2
2024-10-14 13:34:39.378654 Oscar: Bravo, sending you 6
2024-10-14 13:34:39.382117 Bravo: Uniform, sending you 4
2024-10-14 13:34:39.384677 Bravo: Oscar, sending you 5
chatterbot Tango submitting transactions
chatterbot Golf submitting transactions
chatterbot Foxtrot submitting transactions
chatterbot Echo submitting transactions
chatterbot Bravo submitting transactions
chatterbot Oscar submitting transactions
chatterbot Papa submitting transactions
chatterbot Charlie submitting transactions
chatterbot Yankee submitting transactions
chatterbot Uniform submitting transactions
ChatterBot Charlie round 12
ChatterBot Uniform round 12
ChatterBot Tango round 12
ChatterBot Echo round 12
ChatterBot Golf round 12
ChatterBot Yankee round 12
ChatterBot Papa round 12
ChatterBot Oscar round 12
ChatterBot Foxtrot round 12
ChatterBot Bravo round 12
2024-10-14 13:34:40.393442 Tango: We should replace Golf with Foxtrot
2024-10-14 13:34:40.410450 Charlie: No
2024-10-14 13:34:40.410635 Echo: No
2024-10-14 13:34:40.410771 Yankee: No
2024-10-14 13:34:40.410898 Papa: No
ChatterBot Tango reevaluating
ChatterBot Tango reevaluating
ChatterBot Tango reevaluating
ChatterBot Tango reevaluating
2024-10-14 13:34:40.478681 Foxtrot: Charlie, Echo, Yankee and Papa, sending you 2
2024-10-14 13:34:40.480529 Bravo: Uniform, sending you 4
2024-10-14 13:34:40.481080 Papa: Charlie, Tango, Echo and Golf, sending you 2
2024-10-14 13:34:40.482544 Oscar: Uniform, sending you 5
2024-10-14 13:34:40.483374 Charlie: Tango, Echo, Golf, Papa and Foxtrot, sending you 2
2024-10-14 13:34:40.484481 Foxtrot: Tango, sending you 1
2024-10-14 13:34:40.486338 Yankee: Charlie, sending you 1
2024-10-14 13:34:40.487954 Bravo: Oscar, sending you 5
2024-10-14 13:34:40.489097 Papa: Foxtrot, sending you 1
2024-10-14 13:34:40.491059 Golf: Charlie, sending you 3
2024-10-14 13:34:40.492049 Tango: Charlie, Golf, Yankee and Papa, sending you 2
2024-10-14 13:34:40.493127 Charlie: Yankee, sending you 1
2024-10-14 13:34:40.493997 Oscar: Bravo, sending you 6
2024-10-14 13:34:40.494875 Uniform: Same as last round
2024-10-14 13:34:40.495317 Yankee: Tango, Echo, Golf and Foxtrot, sending you 2
2024-10-14 13:34:40.497166 Echo: Charlie, Golf, Yankee, Papa and Foxtrot, sending you 2
2024-10-14 13:34:40.498672 Golf: Tango, Echo, Yankee and Papa, sending you 2
2024-10-14 13:34:40.499492 Tango: Echo, sending you 3
2024-10-14 13:34:40.500951 Echo: Tango, sending you 3
chatterbot Echo submitting transactions
chatterbot Tango submitting transactions
chatterbot Charlie submitting transactions
chatterbot Uniform submitting transactions
chatterbot Yankee submitting transactions
chatterbot Papa submitting transactions
chatterbot Bravo submitting transactions
chatterbot Golf submitting transactions
chatterbot Oscar submitting transactions
chatterbot Foxtrot submitting transactions
ChatterBot Charlie round 13
ChatterBot Uniform round 13
ChatterBot Tango round 13
ChatterBot Echo round 13
ChatterBot Golf round 13
ChatterBot Yankee round 13
ChatterBot Papa round 13
ChatterBot Oscar round 13
ChatterBot Foxtrot round 13
ChatterBot Bravo round 13
