ChatterBot November round 1
ChatterBot Charlie round 1
ChatterBot X-ray round 1
ChatterBot Alpha round 1
ChatterBot Kilo round 1
ChatterBot Yankee round 1
ChatterBot Tango round 1
ChatterBot Oscar round 1
ChatterBot Quebec round 1
ChatterBot Golf round 1
randomSelections Charlie: {Charlie, X-ray, Tango, Kilo, November, Yankee, Oscar, Golf} 
2024-10-14 13:34:24.652682 Charlie: Group up?
ChatterBot X-ray reevaluating
ChatterBot Tango reevaluating
ChatterBot Kilo reevaluating
ChatterBot November reevaluating
ChatterBot Yankee reevaluating
ChatterBot Oscar reevaluating
ChatterBot Golf reevaluating
2024-10-14 13:34:24.669521 X-ray: Yes
2024-10-14 13:34:24.669658 Tango: Yes
2024-10-14 13:34:24.669780 Kilo: Yes
2024-10-14 13:34:24.669900 November: Yes
2024-10-14 13:34:24.670010 Yankee: Yes
2024-10-14 13:34:24.670676 Oscar: Yes
2024-10-14 13:34:24.670785 Golf: Yes
ChatterBot Tango reevaluating
ChatterBot Kilo reevaluating
ChatterBot November reevaluating
ChatterBot Yankee reevaluating
ChatterBot Oscar reevaluating
ChatterBot Golf reevaluating
ChatterBot X-ray reevaluating
ChatterBot Kilo reevaluating
ChatterBot November reevaluating
ChatterBot Yankee reevaluating
ChatterBot Oscar reevaluating
ChatterBot Golf reevaluating
ChatterBot X-ray reevaluating
ChatterBot Tango reevaluating
ChatterBot November reevaluating
ChatterBot Yankee reevaluating
ChatterBot Oscar reevaluating
ChatterBot Golf reevaluating
ChatterBot X-ray reevaluating
ChatterBot Tango reevaluating
ChatterBot Kilo reevaluating
ChatterBot Yankee reevaluating
ChatterBot Oscar reevaluating
ChatterBot Golf reevaluating
ChatterBot X-ray reevaluating
ChatterBot Tango reevaluating
ChatterBot Kilo reevaluating
ChatterBot November reevaluating
ChatterBot Oscar reevaluating
ChatterBot Golf reevaluating
ChatterBot X-ray reevaluating
ChatterBot Tango reevaluating
ChatterBot Kilo reevaluating
ChatterBot November reevaluating
ChatterBot Yankee reevaluating
ChatterBot Golf reevaluating
ChatterBot X-ray reevaluating
ChatterBot Tango reevaluating
ChatterBot Kilo reevaluating
ChatterBot November reevaluating
ChatterBot Yankee reevaluating
ChatterBot Oscar reevaluating
randomSelections Alpha: {Alpha, Quebec, Golf, X-ray, Yankee, Kilo} 
2024-10-14 13:34:24.749137 Alpha: Friends?
ChatterBot Quebec reevaluating
ChatterBot Golf reevaluating
ChatterBot X-ray reevaluating
ChatterBot Yankee reevaluating
ChatterBot Kilo reevaluating
2024-10-14 13:34:24.756178 Quebec: Yes
2024-10-14 13:34:24.756290 Golf: No
2024-10-14 13:34:24.756386 X-ray: No
2024-10-14 13:34:24.756494 Yankee: No
2024-10-14 13:34:24.756927 Kilo: No
ChatterBot Golf reevaluating
ChatterBot X-ray reevaluating
ChatterBot Yankee reevaluating
ChatterBot Kilo reevaluating
ChatterBot Quebec reevaluating
ChatterBot X-ray reevaluating
ChatterBot Yankee reevaluating
ChatterBot Kilo reevaluating
ChatterBot Quebec reevaluating
ChatterBot Golf reevaluating
ChatterBot Yankee reevaluating
ChatterBot Kilo reevaluating
ChatterBot Quebec reevaluating
ChatterBot Golf reevaluating
ChatterBot X-ray reevaluating
ChatterBot Kilo reevaluating
ChatterBot Quebec reevaluating
ChatterBot Golf reevaluating
ChatterBot X-ray reevaluating
ChatterBot Yankee reevaluating
2024-10-14 13:34:24.795683 Charlie: November and Kilo, sending you 2
2024-10-14 13:34:24.796698 Alpha: X-ray, sending you 1
2024-10-14 13:34:24.798647 Charlie: X-ray, Yankee and Golf, sending you 1
2024-10-14 13:34:24.799724 X-ray: November, sending you 1
2024-10-14 13:34:24.800714 November: Charlie and Tango, sending you 1
2024-10-14 13:34:24.801690 Alpha: Kilo, Yankee and Golf, sending you 3
2024-10-14 13:34:24.802655 Charlie: Tango, sending you 4
2024-10-14 13:34:24.802945 X-ray: Charlie, Kilo, Yankee, Tango and Golf, sending you 2
2024-10-14 13:34:24.803696 November: X-ray and Oscar, sending you 2
2024-10-14 13:34:24.804683 Kilo: Charlie and Yankee, sending you 1
2024-10-14 13:34:24.805028 Alpha: Quebec, sending you 2
2024-10-14 13:34:24.806666 Quebec: X-ray and Kilo, sending you 2
2024-10-14 13:34:24.806950 X-ray: Oscar, sending you 3
2024-10-14 13:34:24.807204 November: Yankee, sending you 3
2024-10-14 13:34:24.808684 Tango: November and Yankee, sending you 3
2024-10-14 13:34:24.809008 Kilo: X-ray, Oscar and Golf, sending you 3
2024-10-14 13:34:24.811685 Quebec: Alpha, sending you 1
2024-10-14 13:34:24.812704 Tango: X-ray, Kilo and Golf, sending you 1
2024-10-14 13:34:24.813680 Yankee: November, Charlie, Oscar and Golf, sending you 2
2024-10-14 13:34:24.814096 Oscar: November, Charlie, X-ray, Yankee and Golf, sending you 1
2024-10-14 13:34:24.815647 Quebec: Yankee, sending you 3
2024-10-14 13:34:24.816694 Golf: November, Charlie, X-ray, Yankee and Tango, sending you 2
2024-10-14 13:34:24.817619 Tango: Oscar, sending you 2
2024-10-14 13:34:24.817926 Yankee: Kilo, sending you 1
2024-10-14 13:34:24.819660 Quebec: Golf, sending you 4
2024-10-14 13:34:24.820688 Golf: Kilo and Oscar, sending you 3
2024-10-14 13:34:24.822671 Yankee: Tango, sending you 3
chatterbot Golf submitting transactions
chatterbot Kilo submitting transactions
chatterbot Alpha submitting transactions
chatterbot Tango submitting transactions
chatterbot November submitting transactions
chatterbot Oscar submitting transactions
chatterbot X-ray submitting transactions
chatterbot Quebec submitting transactions
chatterbot Charlie submitting transactions
chatterbot Yankee submitting transactions
ChatterBot November round 2
ChatterBot Charlie round 2
ChatterBot X-ray round 2
ChatterBot Alpha round 2
ChatterBot Kilo round 2
ChatterBot Yankee round 2
ChatterBot Tango round 2
ChatterBot Oscar round 2
ChatterBot Quebec round 2
2024-10-14 13:34:27.202256 Alpha: Can we be friends?
ChatterBot Quebec reevaluating
ChatterBot Kilo reevaluating
2024-10-14 13:34:27.216826 Quebec: No
2024-10-14 13:34:27.217067 Kilo: No
ChatterBot Alpha reevaluating
ChatterBot Kilo reevaluating
ChatterBot Alpha reevaluating
ChatterBot Quebec reevaluating
ChatterBot Golf round 2
2024-10-14 13:34:27.266820 Charlie: We should drop Oscar
ChatterBot Kilo reevaluating
ChatterBot Golf reevaluating
2024-10-14 13:34:27.314139 November: No
2024-10-14 13:34:27.314337 Yankee: Yes
2024-10-14 13:34:27.314895 Tango: No
2024-10-14 13:34:27.315053 X-ray: No
2024-10-14 13:34:27.315190 Kilo: Yes
2024-10-14 13:34:27.315322 Golf: Yes
ChatterBot Charlie reevaluating
ChatterBot Kilo reevaluating
ChatterBot Golf reevaluating
ChatterBot Charlie reevaluating
ChatterBot Tango reevaluating
ChatterBot Kilo reevaluating
ChatterBot Golf reevaluating
ChatterBot Charlie reevaluating
ChatterBot Kilo reevaluating
ChatterBot Golf reevaluating
ChatterBot Charlie reevaluating
ChatterBot Tango reevaluating
ChatterBot Kilo reevaluating
ChatterBot Golf reevaluating
ChatterBot Charlie reevaluating
ChatterBot Tango reevaluating
ChatterBot Golf reevaluating
ChatterBot Charlie reevaluating
ChatterBot Tango reevaluating
ChatterBot Kilo reevaluating
2024-10-14 13:34:27.710476 November: Charlie, Yankee, Tango and Golf, sending you 2
2024-10-14 13:34:27.711122 X-ray: November and Golf, sending you 3
2024-10-14 13:34:27.754649 November: X-ray, sending you 1
2024-10-14 13:34:27.755423 Alpha: Charlie, sending you 1
2024-10-14 13:34:27.756189 Oscar: November, Yankee and Tango, sending you 1
2024-10-14 13:34:27.756781 X-ray: Charlie and Tango, sending you 2
2024-10-14 13:34:27.757795 Quebec: Alpha, sending you 10
2024-10-14 13:34:27.788413 Alpha: Quebec, sending you 4
2024-10-14 13:34:27.788789 Oscar: X-ray, Kilo and Golf, sending you 2
2024-10-14 13:34:27.789884 Charlie: November, X-ray, Kilo, Yankee and Golf, sending you 2
2024-10-14 13:34:27.790501 Quebec: Kilo, sending you 2
2024-10-14 13:34:27.791273 X-ray: Kilo, sending you 4
2024-10-14 13:34:27.791833 Yankee: November and Tango, sending you 3
chatterbot November submitting transactions
2024-10-14 13:34:27.808319 Charlie: Tango, sending you 1
2024-10-14 13:34:27.808779 Yankee: Charlie and Kilo, sending you 1
2024-10-14 13:34:27.809658 Kilo: November, Yankee and Tango, sending you 1
2024-10-14 13:34:27.810078 Tango: November and Kilo, sending you 1
2024-10-14 13:34:27.810928 Golf: November, sending you 1
chatterbot Kilo submitting transactions
2024-10-14 13:34:27.818173 Kilo: Charlie and X-ray, sending you 2
2024-10-14 13:34:27.819281 Yankee: X-ray and Golf, sending you 2
2024-10-14 13:34:27.820003 Tango: Charlie, sending you 3
2024-10-14 13:34:27.821089 Golf: Charlie and Tango, sending you 2
2024-10-14 13:34:27.821685 Kilo: Golf, sending you 4
2024-10-14 13:34:27.826921 Tango: X-ray, Yankee and Golf, sending you 2
2024-10-14 13:34:27.827322 Golf: X-ray and Yankee, sending you 3
2024-10-14 13:34:27.936046 Golf: Kilo, sending you 5
chatterbot Oscar submitting transactions
chatterbot Tango submitting transactions
chatterbot X-ray submitting transactions
chatterbot Yankee submitting transactions
chatterbot Golf submitting transactions
chatterbot Charlie submitting transactions
chatterbot Alpha submitting transactions
chatterbot Quebec submitting transactions
ChatterBot November round 3
ChatterBot Charlie round 3
ChatterBot X-ray round 3
ChatterBot Alpha round 3
ChatterBot Kilo round 3
ChatterBot Yankee round 3
ChatterBot Tango round 3
ChatterBot Oscar round 3
ChatterBot Quebec round 3
ChatterBot Golf round 3
2024-10-14 13:34:29.060691 Alpha: We should replace Charlie with Oscar
ChatterBot Quebec reevaluating
2024-10-14 13:34:29.068238 Quebec: Yes
2024-10-14 13:34:29.074366 Quebec: We should replace Kilo with Oscar
2024-10-14 13:34:29.080801 Alpha: Yes
ChatterBot Quebec reevaluating
2024-10-14 13:34:29.145806 Tango: We should add Oscar
2024-10-14 13:34:29.188543 Charlie: No
2024-10-14 13:34:29.188759 November: Yes
2024-10-14 13:34:29.188941 Yankee: No
2024-10-14 13:34:29.189111 X-ray: Yes
2024-10-14 13:34:29.189660 Kilo: No
2024-10-14 13:34:29.189851 Golf: No
ChatterBot Tango reevaluating
ChatterBot Tango reevaluating
ChatterBot Golf reevaluating
ChatterBot Tango reevaluating
ChatterBot Golf reevaluating
ChatterBot Tango reevaluating
ChatterBot Golf reevaluating
ChatterBot Tango reevaluating
ChatterBot Golf reevaluating
ChatterBot Tango reevaluating
2024-10-14 13:34:29.412650 Alpha: Oscar we want you to join our group
2024-10-14 13:34:29.417138 Oscar: No
ChatterBot Quebec reevaluating
2024-10-14 13:34:29.477499 Quebec: Oscar we want you to join our group
2024-10-14 13:34:29.484645 Oscar: No
ChatterBot Quebec reevaluating
2024-10-14 13:34:29.498169 Yankee: November, Tango and Golf, sending you 3
2024-10-14 13:34:29.498738 November: Charlie, X-ray, Kilo, Tango, Oscar and Golf, sending you 1
2024-10-14 13:34:29.539864 Charlie: November, X-ray, Kilo, Tango and Golf, sending you 2
2024-10-14 13:34:29.541088 Oscar: November, Yankee and Tango, sending you 1
2024-10-14 13:34:29.542094 X-ray: November, Charlie, Tango and Oscar, sending you 2
2024-10-14 13:34:29.542637 November: Yankee, sending you 3
2024-10-14 13:34:29.543837 Kilo: November, Yankee and Tango, sending you 1
2024-10-14 13:34:29.544319 Golf: November, Charlie and Tango, sending you 2
2024-10-14 13:34:29.545226 Tango: November, Charlie, X-ray and Golf, sending you 2
2024-10-14 13:34:29.545827 Yankee: Charlie, sending you 2
2024-10-14 13:34:29.546715 Alpha: Oscar, sending you 1
2024-10-14 13:34:29.547029 Charlie: Yankee, sending you 1
2024-10-14 13:34:29.548665 Oscar: X-ray, Kilo and Golf, sending you 2
2024-10-14 13:34:29.549388 X-ray: Kilo and Golf, sending you 3
2024-10-14 13:34:29.550087 Golf: X-ray and Yankee, sending you 3
2024-10-14 13:34:29.552299 Kilo: Charlie, sending you 2
2024-10-14 13:34:29.552882 Tango: Yankee, sending you 3
2024-10-14 13:34:29.553495 Yankee: Kilo, sending you 1
2024-10-14 13:34:29.560042 Alpha: Quebec, sending you 3
2024-10-14 13:34:29.560558 Golf: Kilo, sending you 4
2024-10-14 13:34:29.562052 Kilo: X-ray and Golf, sending you 3
2024-10-14 13:34:29.734520 Quebec: Alpha, sending you 10
chatterbot Alpha submitting transactions
2024-10-14 13:34:29.761939 Quebec: Oscar, sending you 2
chatterbot Kilo submitting transactions
chatterbot Golf submitting transactions
chatterbot November submitting transactions
chatterbot Quebec submitting transactions
chatterbot Tango submitting transactions
chatterbot Yankee submitting transactions
chatterbot X-ray submitting transactions
chatterbot Oscar submitting transactions
chatterbot Charlie submitting transactions
ChatterBot November round 4
ChatterBot Charlie round 4
ChatterBot X-ray round 4
ChatterBot Alpha round 4
ChatterBot Kilo round 4
ChatterBot Yankee round 4
ChatterBot Tango round 4
ChatterBot Oscar round 4
ChatterBot Quebec round 4
ChatterBot Golf round 4
2024-10-14 13:34:30.460523 Quebec: We should replace Oscar with November
ChatterBot Alpha reevaluating
2024-10-14 13:34:30.464703 Alpha: Yes
ChatterBot Quebec reevaluating
2024-10-14 13:34:30.476677 Charlie: November, sending you 1
2024-10-14 13:34:30.478140 Alpha: November we want you to join our group
2024-10-14 13:34:30.481525 November: No
ChatterBot Alpha reevaluating
ChatterBot Quebec reevaluating
2024-10-14 13:34:30.490357 Charlie: X-ray, Kilo, Yankee, Tango and Golf, sending you 2
2024-10-14 13:34:30.492782 Tango: November, Charlie, X-ray and Golf, sending you 2
2024-10-14 13:34:30.493684 X-ray: November, Charlie, Tango and Oscar, sending you 2
2024-10-14 13:34:30.494683 Kilo: November, Yankee and Tango, sending you 1
2024-10-14 13:34:30.496091 November: Charlie, X-ray, Kilo, Tango, Oscar and Golf, sending you 1
2024-10-14 13:34:30.496683 Oscar: November, sending you 2
2024-10-14 13:34:30.497251 Yankee: November, Tango and Golf, sending you 3
2024-10-14 13:34:30.498476 Quebec: November we want you to join our group
2024-10-14 13:34:30.502539 November: No
ChatterBot Alpha reevaluating
ChatterBot Quebec reevaluating
2024-10-14 13:34:30.514177 Tango: Yankee, sending you 3
2024-10-14 13:34:30.515187 X-ray: Kilo and Golf, sending you 3
2024-10-14 13:34:30.515775 Kilo: Charlie, sending you 2
2024-10-14 13:34:30.516252 Oscar: X-ray, sending you 3
2024-10-14 13:34:30.516780 November: Yankee, sending you 3
2024-10-14 13:34:30.518001 Yankee: Charlie, sending you 2
2024-10-14 13:34:30.520668 Golf: November, Charlie and Tango, sending you 2
2024-10-14 13:34:30.521190 Kilo: X-ray and Golf, sending you 3
2024-10-14 13:34:30.521648 Oscar: Kilo, Yankee, Tango and Golf, sending you 1
2024-10-14 13:34:30.522509 Yankee: Kilo, sending you 1
2024-10-14 13:34:30.523671 Golf: X-ray and Yankee, sending you 3
2024-10-14 13:34:30.527709 Golf: Kilo, sending you 4
2024-10-14 13:34:30.551701 Quebec: November, sending you 2
2024-10-14 13:34:30.556677 Alpha: November, sending you 1
2024-10-14 13:34:30.557373 Quebec: Alpha, sending you 10
2024-10-14 13:34:30.561673 Alpha: Quebec, sending you 3
chatterbot Kilo submitting transactions
chatterbot November submitting transactions
chatterbot Oscar submitting transactions
chatterbot Quebec submitting transactions
chatterbot Alpha submitting transactions
chatterbot Tango submitting transactions
chatterbot Charlie submitting transactions
chatterbot X-ray submitting transactions
chatterbot Yankee submitting transactions
chatterbot Golf submitting transactions
ChatterBot November round 5
ChatterBot Charlie round 5
ChatterBot X-ray round 5
ChatterBot Alpha round 5
ChatterBot Kilo round 5
ChatterBot Yankee round 5
ChatterBot Tango round 5
ChatterBot Oscar round 5
ChatterBot Quebec round 5
ChatterBot Golf round 5
2024-10-14 13:34:31.756117 Tango: We should add Oscar
2024-10-14 13:34:31.772763 Charlie: No
2024-10-14 13:34:31.772988 November: Yes
2024-10-14 13:34:31.773155 Yankee: No
2024-10-14 13:34:31.773306 X-ray: Yes
2024-10-14 13:34:31.773447 Kilo: No
2024-10-14 13:34:31.773598 Golf: No
ChatterBot Tango reevaluating
ChatterBot Tango reevaluating
ChatterBot Tango reevaluating
ChatterBot Tango reevaluating
ChatterBot Tango reevaluating
ChatterBot Tango reevaluating
2024-10-14 13:34:31.916684 Charlie: November, sending you 1
2024-10-14 13:34:31.919705 X-ray: November and Yankee, sending you 1
2024-10-14 13:34:31.920732 Alpha: November, sending you 1
2024-10-14 13:34:31.921768 Charlie: X-ray, Kilo, Yankee, Tango and Golf, sending you 2
2024-10-14 13:34:31.923706 X-ray: Charlie, Tango and Oscar, sending you 2
2024-10-14 13:34:31.925025 Alpha: Quebec, sending you 3
2024-10-14 13:34:31.925693 Kilo: November, Yankee and Tango, sending you 1
2024-10-14 13:34:31.926494 Oscar: November, sending you 2
2024-10-14 13:34:31.927676 November: Charlie, X-ray, Kilo, Tango, Oscar and Golf, sending you 1
2024-10-14 13:34:31.929098 X-ray: Kilo and Golf, sending you 3
2024-10-14 13:34:31.929931 Yankee: November, Tango and Golf, sending you 3
2024-10-14 13:34:31.931127 Quebec: Alpha, sending you 10
2024-10-14 13:34:31.931382 Kilo: Charlie, sending you 2
2024-10-14 13:34:31.931840 Oscar: X-ray, sending you 3
2024-10-14 13:34:31.932279 Tango: November and Kilo, sending you 1
2024-10-14 13:34:31.933919 November: Yankee, sending you 3
2024-10-14 13:34:31.934830 Yankee: Charlie, sending you 2
2024-10-14 13:34:31.935303 Golf: November, Charlie and Tango, sending you 2
2024-10-14 13:34:31.935880 Quebec: Kilo, sending you 2
2024-10-14 13:34:31.936681 Kilo: X-ray and Golf, sending you 3
2024-10-14 13:34:31.937250 Oscar: Kilo, Yankee, Tango and Golf, sending you 1
2024-10-14 13:34:31.937760 Tango: Charlie, X-ray and Golf, sending you 2
2024-10-14 13:34:31.938269 Yankee: Kilo, sending you 1
2024-10-14 13:34:31.940670 Golf: X-ray and Yankee, sending you 3
2024-10-14 13:34:31.941472 Tango: Yankee, sending you 3
2024-10-14 13:34:31.943679 Golf: Kilo, sending you 4
chatterbot Yankee submitting transactions
chatterbot Tango submitting transactions
chatterbot Kilo submitting transactions
chatterbot Quebec submitting transactions
chatterbot Oscar submitting transactions
chatterbot Alpha submitting transactions
chatterbot Golf submitting transactions
chatterbot Charlie submitting transactions
chatterbot November submitting transactions
chatterbot X-ray submitting transactions
ChatterBot November round 6
ChatterBot Charlie round 6
ChatterBot X-ray round 6
ChatterBot Alpha round 6
ChatterBot Kilo round 6
ChatterBot Yankee round 6
ChatterBot Tango round 6
ChatterBot Oscar round 6
ChatterBot Quebec round 6
ChatterBot Golf round 6
2024-10-14 13:34:33.000949 Quebec: We should replace Kilo with Oscar
ChatterBot Alpha reevaluating
2024-10-14 13:34:33.003978 Alpha: Yes
2024-10-14 13:34:33.007185 Alpha: We should replace November with Oscar
2024-10-14 13:34:33.009515 Quebec: Yes
ChatterBot Alpha reevaluating
2024-10-14 13:34:33.016371 Quebec: Oscar we want you to join our group
2024-10-14 13:34:33.019282 Oscar: No
ChatterBot Alpha reevaluating
ChatterBot Quebec reevaluating
2024-10-14 13:34:33.027145 Quebec: We should replace Kilo with Tango
ChatterBot Alpha reevaluating
2024-10-14 13:34:33.030497 Alpha: No
ChatterBot Quebec reevaluating
2024-10-14 13:34:33.036682 November: Charlie, X-ray, Kilo, Tango, Oscar and Golf, sending you 1
2024-10-14 13:34:33.037380 Charlie: November, sending you 1
2024-10-14 13:34:33.037914 Tango: November and Kilo, sending you 1
2024-10-14 13:34:33.039439 Alpha: Oscar we want you to join our group
2024-10-14 13:34:33.043731 Oscar: No
ChatterBot Alpha reevaluating
ChatterBot Quebec reevaluating
2024-10-14 13:34:33.052573 Yankee: November, Tango and Golf, sending you 3
2024-10-14 13:34:33.053224 X-ray: November and Yankee, sending you 1
2024-10-14 13:34:33.053791 Oscar: November, sending you 2
2024-10-14 13:34:33.054320 Kilo: November, Yankee and Tango, sending you 1
2024-10-14 13:34:33.056094 November: Yankee, sending you 3
2024-10-14 13:34:33.056788 Charlie: X-ray, Kilo, Yankee, Tango and Golf, sending you 2
2024-10-14 13:34:33.057868 Tango: Charlie, X-ray and Golf, sending you 2
2024-10-14 13:34:33.060365 Yankee: Charlie, sending you 2
2024-10-14 13:34:33.061086 Oscar: X-ray, sending you 3
2024-10-14 13:34:33.061773 X-ray: Charlie, Tango and Oscar, sending you 2
2024-10-14 13:34:33.062292 Kilo: Charlie and X-ray, sending you 2
2024-10-14 13:34:33.063382 Tango: Yankee, sending you 3
2024-10-14 13:34:33.064030 Golf: November, Charlie and Tango, sending you 2
2024-10-14 13:34:33.064815 Yankee: Kilo, sending you 1
2024-10-14 13:34:33.065677 Oscar: Kilo, Yankee, Tango and Golf, sending you 1
2024-10-14 13:34:33.067306 X-ray: Kilo and Golf, sending you 3
2024-10-14 13:34:33.068252 Kilo: Golf, sending you 4
2024-10-14 13:34:33.069249 Golf: X-ray and Yankee, sending you 3
2024-10-14 13:34:33.073723 Golf: Kilo, sending you 4
2024-10-14 13:34:33.089679 Alpha: Quebec, sending you 2
2024-10-14 13:34:33.096141 Quebec: Alpha, sending you 10
2024-10-14 13:34:33.098673 Quebec: Oscar, sending you 2
chatterbot Yankee submitting transactions
chatterbot Golf submitting transactions
chatterbot X-ray submitting transactions
chatterbot Quebec submitting transactions
chatterbot Oscar submitting transactions
chatterbot Kilo submitting transactions
chatterbot Tango submitting transactions
chatterbot Charlie submitting transactions
chatterbot November submitting transactions
chatterbot Alpha submitting transactions
ChatterBot November round 7
ChatterBot Charlie round 7
ChatterBot X-ray round 7
ChatterBot Alpha round 7
ChatterBot Kilo round 7
ChatterBot Yankee round 7
ChatterBot Tango round 7
ChatterBot Oscar round 7
ChatterBot Quebec round 7
ChatterBot Golf round 7
2024-10-14 13:34:34.323689 Kilo: November, Yankee and Tango, sending you 1
2024-10-14 13:34:34.325686 November: Charlie, X-ray, Kilo, Tango, Oscar and Golf, sending you 1
2024-10-14 13:34:34.327699 Kilo: Charlie and X-ray, sending you 2
2024-10-14 13:34:34.329837 Tango: November and Kilo, sending you 1
2024-10-14 13:34:34.330855 November: Yankee, sending you 3
2024-10-14 13:34:34.332187 Yankee: November, Tango and Golf, sending you 3
2024-10-14 13:34:34.333092 Oscar: November, sending you 2
2024-10-14 13:34:34.333972 Quebec: Alpha, sending you 10
2024-10-14 13:34:34.334784 X-ray: November and Yankee, sending you 1
2024-10-14 13:34:34.335647 Kilo: Golf, sending you 4
2024-10-14 13:34:34.336655 Tango: Charlie, X-ray and Golf, sending you 2
2024-10-14 13:34:34.338112 Oscar: X-ray, sending you 3
2024-10-14 13:34:34.339073 Yankee: Charlie, sending you 2
2024-10-14 13:34:34.340377 X-ray: Charlie, Tango and Oscar, sending you 2
2024-10-14 13:34:34.341336 Quebec: Oscar, sending you 2
2024-10-14 13:34:34.341742 Charlie: November, sending you 1
2024-10-14 13:34:34.342899 Alpha: Quebec, sending you 2
2024-10-14 13:34:34.343221 Tango: Yankee, sending you 3
2024-10-14 13:34:34.344007 Golf: November, Charlie and Tango, sending you 2
2024-10-14 13:34:34.345185 Oscar: Kilo, Yankee, Tango and Golf, sending you 1
2024-10-14 13:34:34.345912 Yankee: Kilo, sending you 1
2024-10-14 13:34:34.347181 X-ray: Kilo and Golf, sending you 3
2024-10-14 13:34:34.347966 Charlie: X-ray, Kilo, Yankee, Tango and Golf, sending you 2
2024-10-14 13:34:34.348793 Golf: X-ray and Yankee, sending you 3
2024-10-14 13:34:34.352714 Golf: Kilo, sending you 4
chatterbot Alpha submitting transactions
chatterbot Charlie submitting transactions
chatterbot Tango submitting transactions
chatterbot Kilo submitting transactions
chatterbot Golf submitting transactions
chatterbot Quebec submitting transactions
chatterbot Oscar submitting transactions
chatterbot Yankee submitting transactions
chatterbot November submitting transactions
chatterbot X-ray submitting transactions
ChatterBot November round 8
ChatterBot Charlie round 8
ChatterBot X-ray round 8
ChatterBot Alpha round 8
ChatterBot Kilo round 8
ChatterBot Yankee round 8
ChatterBot Tango round 8
ChatterBot Oscar round 8
ChatterBot Quebec round 8
ChatterBot Golf round 8
2024-10-14 13:34:35.483663 Kilo: November, Yankee and Tango, sending you 1
2024-10-14 13:34:35.486708 Kilo: Charlie and X-ray, sending you 2
2024-10-14 13:34:35.489659 Yankee: November, Tango and Golf, sending you 3
2024-10-14 13:34:35.490997 X-ray: November and Yankee, sending you 1
2024-10-14 13:34:35.491668 Kilo: Golf, sending you 4
2024-10-14 13:34:35.494676 Charlie: November, sending you 1
2024-10-14 13:34:35.495755 Yankee: Charlie, sending you 2
2024-10-14 13:34:35.496326 Quebec: Alpha, sending you 10
2024-10-14 13:34:35.496631 X-ray: Charlie, Tango and Oscar, sending you 2
2024-10-14 13:34:35.497828 Tango: November and Kilo, sending you 1
2024-10-14 13:34:35.498661 Quebec: Oscar, sending you 2
2024-10-14 13:34:35.499011 Alpha: Quebec, sending you 2
2024-10-14 13:34:35.499677 Oscar: November, sending you 2
2024-10-14 13:34:35.501144 Charlie: X-ray, Kilo, Yankee, Tango and Golf, sending you 2
2024-10-14 13:34:35.502647 Yankee: Kilo, sending you 1
2024-10-14 13:34:35.503494 November: Charlie, X-ray, Kilo, Tango, Oscar and Golf, sending you 1
2024-10-14 13:34:35.504943 X-ray: Kilo and Golf, sending you 3
2024-10-14 13:34:35.505599 Tango: Charlie, X-ray and Golf, sending you 2
2024-10-14 13:34:35.507012 Oscar: X-ray, sending you 3
2024-10-14 13:34:35.507654 November: Yankee, sending you 3
2024-10-14 13:34:35.509707 Tango: Yankee, sending you 3
2024-10-14 13:34:35.514061 Oscar: Kilo, Yankee, Tango and Golf, sending you 1
2024-10-14 13:34:35.514980 Golf: November, Charlie and Tango, sending you 2
2024-10-14 13:34:35.520685 Golf: X-ray and Yankee, sending you 3
2024-10-14 13:34:35.526110 Golf: Kilo, sending you 4
chatterbot Alpha submitting transactions
chatterbot X-ray submitting transactions
chatterbot Tango submitting transactions
chatterbot Golf submitting transactions
chatterbot Yankee submitting transactions
chatterbot Quebec submitting transactions
chatterbot Charlie submitting transactions
chatterbot November submitting transactions
chatterbot Oscar submitting transactions
chatterbot Kilo submitting transactions
ChatterBot November round 9
ChatterBot Charlie round 9
ChatterBot X-ray round 9
ChatterBot Alpha round 9
ChatterBot Kilo round 9
ChatterBot Yankee round 9
ChatterBot Tango round 9
ChatterBot Oscar round 9
ChatterBot Quebec round 9
ChatterBot Golf round 9
2024-10-14 13:34:36.680441 Tango: We should add Oscar
2024-10-14 13:34:36.701038 Charlie: No
2024-10-14 13:34:36.701251 November: Yes
2024-10-14 13:34:36.701394 Yankee: No
2024-10-14 13:34:36.701535 X-ray: Yes
2024-10-14 13:34:36.701672 Kilo: No
2024-10-14 13:34:36.701801 Golf: No
ChatterBot Tango reevaluating
ChatterBot Tango reevaluating
ChatterBot Tango reevaluating
ChatterBot Tango reevaluating
ChatterBot Tango reevaluating
ChatterBot Tango reevaluating
ChatterBot X-ray reevaluating
2024-10-14 13:34:36.815874 X-ray: We should drop Oscar
ChatterBot Tango reevaluating
2024-10-14 13:34:36.897828 Charlie: Yes
2024-10-14 13:34:36.898097 November: No
2024-10-14 13:34:36.898300 Yankee: Yes
2024-10-14 13:34:36.898561 Tango: Yes
2024-10-14 13:34:36.898845 Kilo: Yes
2024-10-14 13:34:36.899037 Golf: Yes
ChatterBot Tango reevaluating
ChatterBot X-ray reevaluating
ChatterBot Tango reevaluating
ChatterBot X-ray reevaluating
ChatterBot November reevaluating
ChatterBot Tango reevaluating
ChatterBot X-ray reevaluating
ChatterBot November reevaluating
ChatterBot X-ray reevaluating
ChatterBot November reevaluating
ChatterBot Tango reevaluating
ChatterBot X-ray reevaluating
ChatterBot November reevaluating
ChatterBot Tango reevaluating
ChatterBot X-ray reevaluating
2024-10-14 13:34:37.017348 Kilo: November, Yankee and Tango, sending you 1
2024-10-14 13:34:37.018099 Yankee: November, Tango and Golf, sending you 3
2024-10-14 13:34:37.021712 Kilo: Charlie and X-ray, sending you 2
2024-10-14 13:34:37.022666 Charlie: November, sending you 1
2024-10-14 13:34:37.023979 Yankee: Charlie, sending you 2
2024-10-14 13:34:37.024643 Oscar: November, sending you 2
2024-10-14 13:34:37.025849 Golf: Kilo, sending you 1
2024-10-14 13:34:37.026490 Alpha: Quebec, sending you 2
2024-10-14 13:34:37.027674 Kilo: Golf, sending you 4
2024-10-14 13:34:37.028693 Charlie: X-ray, Kilo, Yankee, Tango and Golf, sending you 2
2024-10-14 13:34:37.030286 Yankee: Kilo, sending you 1
2024-10-14 13:34:37.031058 Oscar: X-ray, sending you 4
2024-10-14 13:34:37.033957 Quebec: Alpha, sending you 12
2024-10-14 13:34:37.034691 Oscar: Kilo, Yankee and Golf, sending you 1
2024-10-14 13:34:37.040922 Tango: November and Kilo, sending you 1
2024-10-14 13:34:37.045693 Tango: Charlie, X-ray and Golf, sending you 2
2024-10-14 13:34:37.047661 November: Charlie, X-ray, Kilo and Tango, sending you 1
2024-10-14 13:34:37.050686 X-ray: November and Charlie, sending you 2
2024-10-14 13:34:37.052361 Tango: Yankee, sending you 3
2024-10-14 13:34:37.053879 November: Yankee, sending you 3
2024-10-14 13:34:37.055173 X-ray: Kilo and Tango, sending you 3
2024-10-14 13:34:37.058658 November: Golf, sending you 2
2024-10-14 13:34:37.060175 X-ray: Golf, sending you 4
chatterbot Charlie submitting transactions
chatterbot Kilo submitting transactions
chatterbot Golf submitting transactions
chatterbot November submitting transactions
chatterbot Alpha submitting transactions
chatterbot Oscar submitting transactions
chatterbot Tango submitting transactions
chatterbot Yankee submitting transactions
chatterbot Quebec submitting transactions
chatterbot X-ray submitting transactions
ChatterBot November round 10
ChatterBot Charlie round 10
ChatterBot X-ray round 10
ChatterBot Alpha round 10
ChatterBot Kilo round 10
ChatterBot Yankee round 10
ChatterBot Tango round 10
ChatterBot Oscar round 10
ChatterBot Quebec round 10
ChatterBot Golf round 10
2024-10-14 13:34:38.177051 Quebec: We should replace Oscar with Yankee
ChatterBot Alpha reevaluating
2024-10-14 13:34:38.185336 Alpha: No
2024-10-14 13:34:38.193938 Alpha: We should replace Oscar with X-ray
ChatterBot Quebec reevaluating
2024-10-14 13:34:38.202918 Quebec: No
ChatterBot Alpha reevaluating
2024-10-14 13:34:38.234027 Kilo: We should drop November
ChatterBot Charlie reevaluating
ChatterBot Yankee reevaluating
2024-10-14 13:34:38.263804 Charlie: Yes
2024-10-14 13:34:38.263940 X-ray: No
2024-10-14 13:34:38.264040 Yankee: No
2024-10-14 13:34:38.264135 Tango: No
2024-10-14 13:34:38.264226 Golf: No
ChatterBot Kilo reevaluating
ChatterBot Yankee reevaluating
ChatterBot Kilo reevaluating
ChatterBot Charlie reevaluating
ChatterBot Yankee reevaluating
ChatterBot Kilo reevaluating
ChatterBot Charlie reevaluating
ChatterBot Kilo reevaluating
ChatterBot Charlie reevaluating
ChatterBot Yankee reevaluating
ChatterBot Kilo reevaluating
ChatterBot Charlie reevaluating
ChatterBot Yankee reevaluating
2024-10-14 13:34:38.497311 Quebec: We should replace Oscar with Tango
ChatterBot Alpha reevaluating
2024-10-14 13:34:38.508602 Alpha: No
ChatterBot Quebec reevaluating
2024-10-14 13:34:38.518967 Alpha: We should replace Oscar with November
ChatterBot Quebec reevaluating
2024-10-14 13:34:38.527804 Quebec: Yes
ChatterBot Alpha reevaluating
2024-10-14 13:34:38.543004 Charlie: We should drop Kilo
ChatterBot Yankee reevaluating
2024-10-14 13:34:38.591683 November: No
2024-10-14 13:34:38.591960 X-ray: No
2024-10-14 13:34:38.592576 Yankee: Yes
2024-10-14 13:34:38.592764 Tango: No
2024-10-14 13:34:38.592952 Golf: No
ChatterBot Charlie reevaluating
ChatterBot Yankee reevaluating
ChatterBot Charlie reevaluating
ChatterBot November reevaluating
ChatterBot Yankee reevaluating
ChatterBot Charlie reevaluating
ChatterBot November reevaluating
ChatterBot Charlie reevaluating
ChatterBot November reevaluating
ChatterBot Yankee reevaluating
ChatterBot Charlie reevaluating
ChatterBot November reevaluating
ChatterBot Yankee reevaluating
2024-10-14 13:34:38.775931 Kilo: We should drop Charlie
ChatterBot November reevaluating
ChatterBot Yankee reevaluating
2024-10-14 13:34:38.797749 November: No
2024-10-14 13:34:38.797889 X-ray: No
2024-10-14 13:34:38.797981 Yankee: Yes
2024-10-14 13:34:38.798064 Tango: No
2024-10-14 13:34:38.798145 Golf: No
ChatterBot Kilo reevaluating
ChatterBot Yankee reevaluating
ChatterBot Kilo reevaluating
ChatterBot November reevaluating
ChatterBot Yankee reevaluating
ChatterBot Kilo reevaluating
ChatterBot November reevaluating
ChatterBot Kilo reevaluating
ChatterBot November reevaluating
ChatterBot Yankee reevaluating
ChatterBot Kilo reevaluating
ChatterBot November reevaluating
ChatterBot Yankee reevaluating
2024-10-14 13:34:38.918997 X-ray: November, sending you 2
chatterbot Oscar submitting transactions
2024-10-14 13:34:38.922832 Alpha: X-ray we want you to join our group
2024-10-14 13:34:38.929746 X-ray: No
ChatterBot Alpha reevaluating
ChatterBot Quebec reevaluating
2024-10-14 13:34:38.972872 Tango: November and Kilo, sending you 1
2024-10-14 13:34:38.974141 Oscar: November, sending you 2
2024-10-14 13:34:38.976352 Golf: November, Charlie and Tango, sending you 2
2024-10-14 13:34:38.981784 X-ray: Charlie, Kilo, Tango and Golf, sending you 3
2024-10-14 13:34:38.984607 Alpha: Tango we want you to join our group
2024-10-14 13:34:39.004084 Tango: No
ChatterBot Alpha reevaluating
ChatterBot Quebec reevaluating
2024-10-14 13:34:39.015364 Tango: Charlie, X-ray and Golf, sending you 2
2024-10-14 13:34:39.016901 Oscar: X-ray, sending you 4
2024-10-14 13:34:39.018087 Golf: X-ray and Yankee, sending you 3
2024-10-14 13:34:39.019539 Charlie: November, sending you 1
2024-10-14 13:34:39.020987 Quebec: November we want you to join our group
ChatterBot November reevaluating
2024-10-14 13:34:39.025464 November: No
ChatterBot Alpha reevaluating
ChatterBot Quebec reevaluating
2024-10-14 13:34:39.038689 November: We should add Alpha
ChatterBot Charlie reevaluating
ChatterBot Kilo reevaluating
2024-10-14 13:34:39.070536 Charlie: No
2024-10-14 13:34:39.070856 Yankee: No
2024-10-14 13:34:39.071660 Tango: No
2024-10-14 13:34:39.071929 X-ray: No
2024-10-14 13:34:39.072085 Kilo: No
2024-10-14 13:34:39.072320 Golf: No
ChatterBot November reevaluating
ChatterBot Kilo reevaluating
ChatterBot Charlie reevaluating
ChatterBot November reevaluating
ChatterBot Kilo reevaluating
ChatterBot Charlie reevaluating
ChatterBot November reevaluating
ChatterBot Kilo reevaluating
ChatterBot Charlie reevaluating
ChatterBot November reevaluating
ChatterBot Kilo reevaluating
ChatterBot Charlie reevaluating
ChatterBot November reevaluating
ChatterBot Charlie reevaluating
ChatterBot November reevaluating
ChatterBot Kilo reevaluating
2024-10-14 13:34:39.285910 Tango: Yankee, sending you 3
2024-10-14 13:34:39.287102 Oscar: Kilo, Yankee and Golf, sending you 1
2024-10-14 13:34:39.288429 Golf: Kilo, sending you 4
chatterbot Quebec submitting transactions
2024-10-14 13:34:39.291693 Yankee: November, sending you 4
chatterbot Yankee submitting transactions
chatterbot X-ray submitting transactions
2024-10-14 13:34:39.295780 Yankee: Charlie and Golf, sending you 2
2024-10-14 13:34:39.300672 Yankee: X-ray, sending you 1
2024-10-14 13:34:39.305662 Yankee: Tango, sending you 3
2024-10-14 13:34:39.309647 Alpha: Quebec, sending you 1
2024-10-14 13:34:39.325663 Kilo: November and Yankee, sending you 2
2024-10-14 13:34:39.329675 Kilo: X-ray and Golf, sending you 3
chatterbot November submitting transactions
2024-10-14 13:34:39.334808 Kilo: Tango, sending you 1
chatterbot Golf submitting transactions
chatterbot Tango submitting transactions
chatterbot Quebec submitting transactions
chatterbot Charlie submitting transactions
chatterbot Alpha submitting transactions
chatterbot Alpha submitting transactions
chatterbot Charlie submitting transactions
chatterbot Kilo submitting transactions
ChatterBot November round 11
ChatterBot Charlie round 11
ChatterBot X-ray round 11
ChatterBot Alpha round 11
ChatterBot Kilo round 11
ChatterBot Yankee round 11
ChatterBot Tango round 11
ChatterBot Oscar round 11
ChatterBot Quebec round 11
ChatterBot Golf round 11
2024-10-14 13:34:39.897172 Kilo: We should add Charlie
ChatterBot November reevaluating
ChatterBot Yankee reevaluating
2024-10-14 13:34:39.989856 November: Yes
2024-10-14 13:34:39.990188 X-ray: Yes
2024-10-14 13:34:39.990444 Yankee: Yes
2024-10-14 13:34:39.990592 Tango: Yes
2024-10-14 13:34:39.990754 Golf: Yes
ChatterBot Yankee reevaluating
ChatterBot Kilo reevaluating
ChatterBot November reevaluating
ChatterBot Yankee reevaluating
ChatterBot Kilo reevaluating
ChatterBot November reevaluating
ChatterBot Kilo reevaluating
ChatterBot November reevaluating
ChatterBot Yankee reevaluating
ChatterBot Kilo reevaluating
ChatterBot November reevaluating
ChatterBot Yankee reevaluating
2024-10-14 13:34:40.138771 Quebec: We should replace November with X-ray
ChatterBot Alpha reevaluating
2024-10-14 13:34:40.144805 Alpha: No
2024-10-14 13:34:40.149424 Charlie: We should drop Kilo
ChatterBot November reevaluating
ChatterBot Yankee reevaluating
2024-10-14 13:34:40.178060 November: No
2024-10-14 13:34:40.178248 X-ray: No
2024-10-14 13:34:40.178406 Yankee: No
2024-10-14 13:34:40.178577 Tango: No
2024-10-14 13:34:40.178753 Golf: No
ChatterBot Charlie reevaluating
ChatterBot Yankee reevaluating
ChatterBot Charlie reevaluating
ChatterBot November reevaluating
ChatterBot Yankee reevaluating
ChatterBot Charlie reevaluating
ChatterBot November reevaluating
ChatterBot Charlie reevaluating
ChatterBot November reevaluating
ChatterBot Yankee reevaluating
ChatterBot Charlie reevaluating
ChatterBot November reevaluating
ChatterBot Yankee reevaluating
chatterbot November submitting transactions
2024-10-14 13:34:40.368942 Yankee: We should replace November with Kilo
ChatterBot Charlie reevaluating
2024-10-14 13:34:40.398095 Charlie: Yes
2024-10-14 13:34:40.398282 X-ray: No
2024-10-14 13:34:40.398437 Tango: No
2024-10-14 13:34:40.398586 Golf: No
ChatterBot Yankee reevaluating
ChatterBot Yankee reevaluating
ChatterBot Charlie reevaluating
ChatterBot Golf reevaluating
ChatterBot Yankee reevaluating
ChatterBot Charlie reevaluating
ChatterBot Golf reevaluating
ChatterBot Yankee reevaluating
ChatterBot Charlie reevaluating
2024-10-14 13:34:40.511470 Quebec: X-ray we want you to join our group
2024-10-14 13:34:40.518395 X-ray: No
ChatterBot Alpha reevaluating
ChatterBot Quebec reevaluating
2024-10-14 13:34:40.596679 Alpha: Friends?
2024-10-14 13:34:40.605327 Tango: No
ChatterBot Alpha reevaluating
2024-10-14 13:34:40.615096 Kilo: Charlie we want you to join our group
ChatterBot Charlie reevaluating
2024-10-14 13:34:40.624595 Charlie: No
ChatterBot November reevaluating
ChatterBot Yankee reevaluating
ChatterBot Kilo reevaluating
ChatterBot Golf reevaluating
2024-10-14 13:34:40.656146 Kilo: We should replace November with Charlie
ChatterBot Yankee reevaluating
ChatterBot Golf reevaluating
2024-10-14 13:34:40.681327 X-ray: No
2024-10-14 13:34:40.681491 Yankee: No
2024-10-14 13:34:40.681665 Tango: No
2024-10-14 13:34:40.681804 Golf: No
ChatterBot Kilo reevaluating
ChatterBot Yankee reevaluating
ChatterBot Golf reevaluating
ChatterBot Kilo reevaluating
ChatterBot Golf reevaluating
ChatterBot Kilo reevaluating
ChatterBot Yankee reevaluating
ChatterBot Golf reevaluating
ChatterBot Kilo reevaluating
ChatterBot Yankee reevaluating
2024-10-14 13:34:40.802830 Yankee: We should add Kilo
ChatterBot Charlie reevaluating
ChatterBot November reevaluating
ChatterBot Golf reevaluating
2024-10-14 13:34:40.829794 Charlie: Yes
2024-10-14 13:34:40.829976 November: Yes
2024-10-14 13:34:40.830686 X-ray: Yes
2024-10-14 13:34:40.830847 Tango: Yes
2024-10-14 13:34:40.830974 Golf: Yes
ChatterBot November reevaluating
ChatterBot Yankee reevaluating
ChatterBot Golf reevaluating
ChatterBot Charlie reevaluating
ChatterBot Yankee reevaluating
ChatterBot Golf reevaluating
ChatterBot Charlie reevaluating
ChatterBot November reevaluating
ChatterBot Yankee reevaluating
ChatterBot Golf reevaluating
ChatterBot Charlie reevaluating
ChatterBot November reevaluating
ChatterBot Yankee reevaluating
ChatterBot Golf reevaluating
ChatterBot Charlie reevaluating
ChatterBot November reevaluating
ChatterBot Yankee reevaluating
2024-10-14 13:34:40.962979 X-ray: November and Charlie, sending you 2
chatterbot X-ray submitting transactions
2024-10-14 13:34:40.965705 Tango: November and Kilo, sending you 1
2024-10-14 13:34:40.967832 Oscar: November, sending you 2
2024-10-14 13:34:40.969696 X-ray: Kilo, Tango and Golf, sending you 3
2024-10-14 13:34:40.971308 Yankee: Kilo we want you to join our group
