ChatterBot Quebec round 1
ChatterBot Delta round 1
ChatterBot Oscar round 1
ChatterBot Mike round 1
ChatterBot Alpha round 1
ChatterBot Bravo round 1
ChatterBot Golf round 1
ChatterBot India round 1
ChatterBot Yankee round 1
ChatterBot X-ray round 1
randomSelections Quebec: {Quebec, Alpha, X-ray, Delta, Golf, Mike} 
2024-10-14 13:34:24.578260 Quebec: Friends?
ChatterBot Alpha reevaluating
ChatterBot X-ray reevaluating
ChatterBot Delta reevaluating
ChatterBot Golf reevaluating
ChatterBot Mike reevaluating
2024-10-14 13:34:24.592665 Alpha: Yes
2024-10-14 13:34:24.593406 X-ray: Yes
2024-10-14 13:34:24.593537 Delta: Yes
2024-10-14 13:34:24.593707 Golf: Yes
2024-10-14 13:34:24.593879 Mike: Yes
ChatterBot X-ray reevaluating
ChatterBot Delta reevaluating
ChatterBot Golf reevaluating
ChatterBot Mike reevaluating
ChatterBot Alpha reevaluating
ChatterBot Delta reevaluating
ChatterBot Golf reevaluating
ChatterBot Mike reevaluating
ChatterBot Alpha reevaluating
ChatterBot X-ray reevaluating
ChatterBot Golf reevaluating
ChatterBot Mike reevaluating
ChatterBot Alpha reevaluating
ChatterBot X-ray reevaluating
ChatterBot Delta reevaluating
ChatterBot Mike reevaluating
ChatterBot Alpha reevaluating
ChatterBot X-ray reevaluating
ChatterBot Delta reevaluating
ChatterBot Golf reevaluating
randomSelections Bravo: {Bravo, Oscar, Golf, Quebec, India, Yankee} 
2024-10-14 13:34:24.670672 Bravo: Can we be friends?
ChatterBot Oscar reevaluating
ChatterBot Golf reevaluating
ChatterBot India reevaluating
ChatterBot Yankee reevaluating
2024-10-14 13:34:24.684365 Oscar: Yes
2024-10-14 13:34:24.684519 Golf: No
2024-10-14 13:34:24.685452 Quebec: No
2024-10-14 13:34:24.685678 India: Yes
2024-10-14 13:34:24.685835 Yankee: Yes
ChatterBot Golf reevaluating
ChatterBot India reevaluating
ChatterBot Yankee reevaluating
ChatterBot Oscar reevaluating
ChatterBot India reevaluating
ChatterBot Yankee reevaluating
ChatterBot Oscar reevaluating
ChatterBot Golf reevaluating
ChatterBot India reevaluating
ChatterBot Yankee reevaluating
ChatterBot Oscar reevaluating
ChatterBot Golf reevaluating
ChatterBot Yankee reevaluating
ChatterBot Oscar reevaluating
ChatterBot Golf reevaluating
ChatterBot India reevaluating
2024-10-14 13:34:24.739824 Alpha: Quebec, Mike and Golf, sending you 3
2024-10-14 13:34:24.740680 Bravo: Quebec, sending you 7
2024-10-14 13:34:24.741697 Mike: Delta and X-ray, sending you 1
2024-10-14 13:34:24.744974 Alpha: Delta and X-ray, sending you 2
2024-10-14 13:34:24.745281 Bravo: Oscar and India, sending you 1
2024-10-14 13:34:24.745530 Mike: Alpha, sending you 4
2024-10-14 13:34:24.745806 X-ray: Quebec, sending you 2
2024-10-14 13:34:24.746695 Oscar: Quebec and Golf, sending you 2
2024-10-14 13:34:24.747665 Delta: Quebec, Mike, Alpha, Golf and X-ray, sending you 2
2024-10-14 13:34:24.748008 Bravo: Yankee, sending you 2
2024-10-14 13:34:24.750674 Mike: Golf, sending you 3
2024-10-14 13:34:24.750948 X-ray: Delta, sending you 5
2024-10-14 13:34:24.751178 Oscar: Bravo and Yankee, sending you 1
2024-10-14 13:34:24.752670 Yankee: Quebec and Golf, sending you 1
2024-10-14 13:34:24.753692 Golf: Quebec and X-ray, sending you 1
2024-10-14 13:34:24.755698 X-ray: Mike and Alpha, sending you 1
2024-10-14 13:34:24.756871 India: Quebec, sending you 2
2024-10-14 13:34:24.757672 Yankee: Oscar, sending you 3
2024-10-14 13:34:24.757962 Golf: Delta, Mike and Alpha, sending you 2
2024-10-14 13:34:24.759688 X-ray: Golf, sending you 4
2024-10-14 13:34:24.760053 India: Oscar, sending you 5
2024-10-14 13:34:24.762670 Yankee: Bravo, sending you 2
2024-10-14 13:34:24.763660 India: Bravo, sending you 1
2024-10-14 13:34:24.765669 Yankee: India, sending you 4
2024-10-14 13:34:24.768677 India: Golf, sending you 3
2024-10-14 13:34:24.772688 India: Yankee, sending you 4
chatterbot Yankee submitting transactions
chatterbot Quebec submitting transactions
chatterbot Oscar submitting transactions
chatterbot India submitting transactions
chatterbot Delta submitting transactions
chatterbot Mike submitting transactions
chatterbot Bravo submitting transactions
chatterbot Golf submitting transactions
chatterbot Alpha submitting transactions
chatterbot X-ray submitting transactions
ChatterBot Quebec round 2
ChatterBot Delta round 2
ChatterBot Oscar round 2
ChatterBot Mike round 2
ChatterBot Alpha round 2
ChatterBot Bravo round 2
ChatterBot Golf round 2
ChatterBot India round 2
ChatterBot Yankee round 2
ChatterBot X-ray round 2
2024-10-14 13:34:26.246039 Quebec: Let's form a team
ChatterBot Oscar reevaluating
ChatterBot Bravo reevaluating
ChatterBot India reevaluating
ChatterBot Yankee reevaluating
2024-10-14 13:34:26.262065 Oscar: Yes
2024-10-14 13:34:26.262234 Bravo: Yes
2024-10-14 13:34:26.262335 India: Yes
2024-10-14 13:34:26.262442 Yankee: Yes
ChatterBot Bravo reevaluating
ChatterBot India reevaluating
ChatterBot Yankee reevaluating
ChatterBot Oscar reevaluating
ChatterBot India reevaluating
ChatterBot Yankee reevaluating
ChatterBot Oscar reevaluating
ChatterBot Bravo reevaluating
ChatterBot Yankee reevaluating
ChatterBot Oscar reevaluating
ChatterBot Bravo reevaluating
ChatterBot India reevaluating
2024-10-14 13:34:26.405100 Yankee: We should drop Golf
ChatterBot Oscar reevaluating
2024-10-14 13:34:26.429955 Quebec: Yes
2024-10-14 13:34:26.430857 Oscar: Yes
2024-10-14 13:34:26.431129 Bravo: Yes
2024-10-14 13:34:26.431445 India: Yes
ChatterBot Oscar reevaluating
ChatterBot Bravo reevaluating
ChatterBot Oscar reevaluating
ChatterBot Oscar reevaluating
ChatterBot Bravo reevaluating
2024-10-14 13:34:26.527110 Delta: We should drop Quebec
ChatterBot Golf reevaluating
2024-10-14 13:34:26.551256 Mike: No
2024-10-14 13:34:26.551522 Alpha: No
2024-10-14 13:34:26.551683 Golf: Yes
2024-10-14 13:34:26.551837 X-ray: No
ChatterBot Golf reevaluating
ChatterBot Golf reevaluating
ChatterBot X-ray reevaluating
ChatterBot Golf reevaluating
2024-10-14 13:34:27.113 Quebec: Oscar and India, sending you 2
2024-10-14 13:34:27.113992 Golf: We should replace Quebec with India
ChatterBot X-ray reevaluating
2024-10-14 13:34:27.130435 Delta: No
2024-10-14 13:34:27.130572 Mike: No
2024-10-14 13:34:27.130752 Alpha: No
2024-10-14 13:34:27.130926 X-ray: No
ChatterBot Golf reevaluating
ChatterBot X-ray reevaluating
ChatterBot Golf reevaluating
ChatterBot X-ray reevaluating
ChatterBot Golf reevaluating
ChatterBot X-ray reevaluating
ChatterBot Golf reevaluating
2024-10-14 13:34:27.238332 Mike: Quebec, sending you 1
chatterbot Mike submitting transactions
chatterbot Delta submitting transactions
chatterbot Quebec submitting transactions
2024-10-14 13:34:27.240647 Quebec: Bravo, sending you 7
2024-10-14 13:34:27.555752 Yankee: Quebec, sending you 2
2024-10-14 13:34:27.556285 Delta: Mike, Alpha and X-ray, sending you 2
2024-10-14 13:34:27.557191 Mike: Delta, Alpha and Golf, sending you 3
2024-10-14 13:34:27.557861 Alpha: Delta and Mike, sending you 3
2024-10-14 13:34:27.558931 Quebec: Yankee, sending you 1
2024-10-14 13:34:27.559689 Golf: India we want you to join our group
2024-10-14 13:34:27.564288 India: No
chatterbot India submitting transactions
chatterbot Yankee submitting transactions
2024-10-14 13:34:27.583559 Yankee: Oscar, Bravo and India, sending you 3
2024-10-14 13:34:27.584051 Delta: Golf, sending you 3
2024-10-14 13:34:27.585071 India: Quebec and Oscar, sending you 2
2024-10-14 13:34:27.585620 Mike: X-ray, sending you 2
2024-10-14 13:34:27.586121 Alpha: Golf, sending you 4
2024-10-14 13:34:27.736297 Oscar: Quebec and Bravo, sending you 2
2024-10-14 13:34:27.736639 India: Bravo, sending you 3
2024-10-14 13:34:27.736928 Alpha: X-ray, sending you 1
2024-10-14 13:34:27.737833 X-ray: Delta and Alpha, sending you 4
chatterbot Oscar submitting transactions
2024-10-14 13:34:27.771413 X-ray: Mike, sending you 3
2024-10-14 13:34:27.771909 Bravo: Quebec, sending you 2
2024-10-14 13:34:27.772713 Oscar: India, sending you 5
2024-10-14 13:34:27.773142 India: Yankee, sending you 7
2024-10-14 13:34:27.773585 Golf: Delta, Mike, Alpha and India, sending you 2
2024-10-14 13:34:27.795115 X-ray: Golf, sending you 2
2024-10-14 13:34:27.795982 Bravo: Oscar and India, sending you 3
2024-10-14 13:34:27.796300 Oscar: Yankee, sending you 4
2024-10-14 13:34:27.797081 Golf: X-ray, sending you 3
2024-10-14 13:34:27.811754 Bravo: Yankee, sending you 4
chatterbot Alpha submitting transactions
chatterbot X-ray submitting transactions
chatterbot Golf submitting transactions
chatterbot Bravo submitting transactions
ChatterBot Quebec round 3
ChatterBot Delta round 3
ChatterBot Oscar round 3
ChatterBot Mike round 3
ChatterBot Alpha round 3
ChatterBot Bravo round 3
ChatterBot Golf round 3
ChatterBot India round 3
ChatterBot Yankee round 3
ChatterBot X-ray round 3
2024-10-14 13:34:28.091496 Yankee: We should add Golf
2024-10-14 13:34:28.104998 Quebec: Yes
2024-10-14 13:34:28.105152 Oscar: No
2024-10-14 13:34:28.105259 Bravo: No
2024-10-14 13:34:28.105356 India: No
ChatterBot Yankee reevaluating
ChatterBot Quebec reevaluating
ChatterBot Yankee reevaluating
ChatterBot Quebec reevaluating
ChatterBot Yankee reevaluating
ChatterBot Quebec reevaluating
ChatterBot Yankee reevaluating
2024-10-14 13:34:28.162537 Yankee: We should add Mike
ChatterBot Quebec reevaluating
2024-10-14 13:34:28.221474 Quebec: No
2024-10-14 13:34:28.221835 Oscar: No
2024-10-14 13:34:28.222441 Bravo: No
2024-10-14 13:34:28.222670 India: No
ChatterBot Yankee reevaluating
ChatterBot Quebec reevaluating
ChatterBot Yankee reevaluating
ChatterBot Quebec reevaluating
ChatterBot Yankee reevaluating
ChatterBot Quebec reevaluating
ChatterBot Yankee reevaluating
2024-10-14 13:34:28.296381 Yankee: We should add Alpha
ChatterBot Quebec reevaluating
2024-10-14 13:34:28.310149 Quebec: No
2024-10-14 13:34:28.310346 Oscar: No
2024-10-14 13:34:28.310470 Bravo: No
2024-10-14 13:34:28.310577 India: No
ChatterBot Yankee reevaluating
ChatterBot Quebec reevaluating
ChatterBot Yankee reevaluating
ChatterBot Quebec reevaluating
ChatterBot Yankee reevaluating
ChatterBot Quebec reevaluating
ChatterBot Yankee reevaluating
2024-10-14 13:34:28.401888 Yankee: We should add X-ray
ChatterBot Quebec reevaluating
2024-10-14 13:34:28.424064 Quebec: Yes
2024-10-14 13:34:28.424333 Oscar: Yes
2024-10-14 13:34:28.425009 Bravo: Yes
2024-10-14 13:34:28.425168 India: Yes
ChatterBot Yankee reevaluating
ChatterBot Quebec reevaluating
ChatterBot Yankee reevaluating
ChatterBot Quebec reevaluating
ChatterBot Yankee reevaluating
ChatterBot Quebec reevaluating
ChatterBot Yankee reevaluating
2024-10-14 13:34:28.555681 Oscar: Quebec and Bravo, sending you 3
2024-10-14 13:34:28.557621 Golf: Delta, sending you 2
2024-10-14 13:34:28.558309 Delta: Mike, Alpha and X-ray, sending you 2
2024-10-14 13:34:28.559778 Alpha: Delta, Mike, Golf and X-ray, sending you 3
2024-10-14 13:34:28.561300 Mike: Quebec, sending you 2
2024-10-14 13:34:28.561990 Bravo: Quebec, sending you 4
2024-10-14 13:34:28.563513 India: Quebec and Bravo, sending you 3
2024-10-14 13:34:28.565201 Yankee: X-ray we want you to join our group
2024-10-14 13:34:28.569511 X-ray: No
ChatterBot Yankee reevaluating
ChatterBot Quebec reevaluating
2024-10-14 13:34:28.599026 Oscar: India and Yankee, sending you 4
2024-10-14 13:34:28.600967 Golf: Mike, Alpha and X-ray, sending you 3
2024-10-14 13:34:28.602414 Delta: Golf, sending you 3
2024-10-14 13:34:28.603561 Mike: Delta, Golf and X-ray, sending you 3
2024-10-14 13:34:28.604407 India: Oscar, sending you 4
2024-10-14 13:34:28.605757 Bravo: Oscar, sending you 2
2024-10-14 13:34:28.607691 X-ray: Delta, Mike and Alpha, sending you 3
chatterbot Golf submitting transactions
2024-10-14 13:34:28.610181 Mike: Alpha, sending you 4
2024-10-14 13:34:28.610903 Quebec: X-ray we want you to join our group
2024-10-14 13:34:28.616739 X-ray: No
ChatterBot Yankee reevaluating
ChatterBot Quebec reevaluating
2024-10-14 13:34:28.648799 Yankee: We should add Delta
ChatterBot Quebec reevaluating
2024-10-14 13:34:28.672804 Quebec: No
2024-10-14 13:34:28.673087 Oscar: No
2024-10-14 13:34:28.673314 Bravo: No
2024-10-14 13:34:28.673491 India: No
ChatterBot Yankee reevaluating
ChatterBot Quebec reevaluating
ChatterBot Yankee reevaluating
ChatterBot Quebec reevaluating
ChatterBot Yankee reevaluating
ChatterBot Quebec reevaluating
ChatterBot Yankee reevaluating
2024-10-14 13:34:28.771288 India: Yankee, sending you 5
2024-10-14 13:34:28.772335 Bravo: India and Yankee, sending you 3
2024-10-14 13:34:28.772778 X-ray: Golf, sending you 4
chatterbot Mike submitting transactions
2024-10-14 13:34:28.926374 Yankee: Mike we want you to join our group
2024-10-14 13:34:28.932575 Mike: No
ChatterBot Yankee reevaluating
ChatterBot Quebec reevaluating
chatterbot Oscar submitting transactions
chatterbot Delta submitting transactions
2024-10-14 13:34:29.047468 Yankee: Golf we want you to join our group
2024-10-14 13:34:29.051198 Golf: No
ChatterBot Quebec reevaluating
ChatterBot Yankee reevaluating
chatterbot India submitting transactions
chatterbot Bravo submitting transactions
chatterbot Alpha submitting transactions
2024-10-14 13:34:29.179849 Yankee: Quebec, Oscar, Bravo and Golf, sending you 2
2024-10-14 13:34:29.180748 Quebec: Oscar, sending you 3
2024-10-14 13:34:29.184396 Yankee: India, sending you 3
2024-10-14 13:34:29.187136 Quebec: Bravo, sending you 5
2024-10-14 13:34:29.193637 Quebec: India and Yankee, sending you 2
2024-10-14 13:34:29.206954 Quebec: X-ray, sending you 1
chatterbot X-ray submitting transactions
chatterbot Quebec submitting transactions
chatterbot Yankee submitting transactions
ChatterBot Quebec round 4
ChatterBot Delta round 4
ChatterBot Oscar round 4
ChatterBot Mike round 4
ChatterBot Alpha round 4
ChatterBot Bravo round 4
ChatterBot Golf round 4
ChatterBot India round 4
ChatterBot Yankee round 4
ChatterBot X-ray round 4
2024-10-14 13:34:29.983842 X-ray: We should add Quebec
2024-10-14 13:34:29.997744 Delta: No
2024-10-14 13:34:29.999087 Mike: Yes
2024-10-14 13:34:30.000107 Alpha: Yes
2024-10-14 13:34:30.000626 Golf: No
ChatterBot X-ray reevaluating
ChatterBot X-ray reevaluating
ChatterBot X-ray reevaluating
ChatterBot X-ray reevaluating
2024-10-14 13:34:30.064021 Yankee: We should replace Golf with X-ray
2024-10-14 13:34:30.075757 Quebec: Yes
2024-10-14 13:34:30.075915 Oscar: No
2024-10-14 13:34:30.076355 Bravo: No
2024-10-14 13:34:30.076459 India: No
ChatterBot Yankee reevaluating
ChatterBot Yankee reevaluating
ChatterBot Yankee reevaluating
ChatterBot Yankee reevaluating
2024-10-14 13:34:30.138013 Yankee: X-ray we want you to join our group
ChatterBot X-ray reevaluating
2024-10-14 13:34:30.142413 X-ray: No
ChatterBot Yankee reevaluating
2024-10-14 13:34:30.163673 Quebec: Oscar and India, sending you 3
2024-10-14 13:34:30.164054 India: Quebec, sending you 3
2024-10-14 13:34:30.164432 Bravo: Quebec, sending you 4
2024-10-14 13:34:30.165146 Mike: Quebec, sending you 2
2024-10-14 13:34:30.165516 Golf: Delta, sending you 2
2024-10-14 13:34:30.165790 Alpha: Delta, Mike and X-ray, sending you 3
2024-10-14 13:34:30.166094 Oscar: Quebec and Bravo, sending you 3
2024-10-14 13:34:30.166478 Delta: Mike, Alpha and X-ray, sending you 2
2024-10-14 13:34:30.167149 X-ray: Quebec we want you to join our group
2024-10-14 13:34:30.170581 Quebec: No
ChatterBot Alpha reevaluating
ChatterBot X-ray reevaluating
2024-10-14 13:34:30.189997 Quebec: Bravo, sending you 5
2024-10-14 13:34:30.190278 India: Oscar, Bravo and Yankee, sending you 4
2024-10-14 13:34:30.190629 Mike: Delta, Golf and X-ray, sending you 3
2024-10-14 13:34:30.190956 Bravo: Oscar, sending you 2
2024-10-14 13:34:30.191729 Golf: Mike, Alpha and X-ray, sending you 3
2024-10-14 13:34:30.192052 Delta: Golf, sending you 3
2024-10-14 13:34:30.192331 Oscar: India and Yankee, sending you 4
chatterbot Golf submitting transactions
2024-10-14 13:34:30.193672 Quebec: Yankee, sending you 2
2024-10-14 13:34:30.194183 Mike: Alpha, sending you 5
2024-10-14 13:34:30.196674 Bravo: India and Yankee, sending you 3
2024-10-14 13:34:30.197864 Yankee: Quebec, Oscar, Bravo and Golf, sending you 2
2024-10-14 13:34:30.200718 Yankee: India, sending you 3
2024-10-14 13:34:30.215684 X-ray: Quebec, sending you 1
2024-10-14 13:34:30.219689 X-ray: Delta, Mike, Alpha and Golf, sending you 3
chatterbot India submitting transactions
chatterbot Delta submitting transactions
chatterbot Yankee submitting transactions
chatterbot Quebec submitting transactions
chatterbot Oscar submitting transactions
chatterbot Mike submitting transactions
chatterbot Bravo submitting transactions
chatterbot Alpha submitting transactions
chatterbot X-ray submitting transactions
ChatterBot Quebec round 5
ChatterBot Delta round 5
ChatterBot Oscar round 5
ChatterBot Mike round 5
ChatterBot Alpha round 5
ChatterBot Bravo round 5
ChatterBot Golf round 5
ChatterBot India round 5
ChatterBot Yankee round 5
ChatterBot X-ray round 5
2024-10-14 13:34:31.126697 Yankee: We should replace Golf with Delta
2024-10-14 13:34:31.137167 Quebec: No
2024-10-14 13:34:31.137343 Oscar: No
2024-10-14 13:34:31.137500 Bravo: No
2024-10-14 13:34:31.137636 India: No
ChatterBot Yankee reevaluating
ChatterBot Yankee reevaluating
ChatterBot Yankee reevaluating
ChatterBot Yankee reevaluating
2024-10-14 13:34:31.178687 Delta: Mike, Alpha and X-ray, sending you 2
2024-10-14 13:34:31.179679 Alpha: Delta, Mike and X-ray, sending you 3
2024-10-14 13:34:31.180100 Quebec: Oscar and India, sending you 3
2024-10-14 13:34:31.180459 Yankee: Delta we want you to join our group
2024-10-14 13:34:31.182846 Delta: No
ChatterBot Yankee reevaluating
2024-10-14 13:34:31.193275 Quebec: Bravo, sending you 5
2024-10-14 13:34:31.194002 Delta: Golf, sending you 3
2024-10-14 13:34:31.194323 Alpha: Golf, sending you 4
2024-10-14 13:34:31.197689 Quebec: Yankee, sending you 2
2024-10-14 13:34:31.198589 Mike: Quebec, sending you 2
2024-10-14 13:34:31.198986 Oscar: Quebec, Bravo and Yankee, sending you 3
2024-10-14 13:34:31.199378 Bravo: Quebec, sending you 4
2024-10-14 13:34:31.199753 India: Quebec, sending you 3
2024-10-14 13:34:31.200599 X-ray: Quebec, sending you 1
2024-10-14 13:34:31.200968 Golf: Delta, Alpha and X-ray, sending you 3
2024-10-14 13:34:31.201693 Oscar: India, sending you 5
2024-10-14 13:34:31.203688 Mike: Delta and X-ray, sending you 3
2024-10-14 13:34:31.204412 Bravo: Oscar and India, sending you 3
2024-10-14 13:34:31.205466 India: Oscar, Bravo and Yankee, sending you 4
2024-10-14 13:34:31.205915 Golf: Mike, sending you 2
2024-10-14 13:34:31.206368 X-ray: Delta, Mike, Alpha and Golf, sending you 3
2024-10-14 13:34:31.207690 Bravo: Yankee, sending you 2
2024-10-14 13:34:31.208685 Mike: Alpha and Golf, sending you 4
2024-10-14 13:34:31.213693 Yankee: Quebec, Delta, Oscar and Bravo, sending you 2
2024-10-14 13:34:31.216711 Yankee: India, sending you 3
chatterbot Delta submitting transactions
chatterbot Golf submitting transactions
chatterbot Alpha submitting transactions
chatterbot Yankee submitting transactions
chatterbot India submitting transactions
chatterbot Oscar submitting transactions
chatterbot Mike submitting transactions
chatterbot Quebec submitting transactions
chatterbot Bravo submitting transactions
chatterbot X-ray submitting transactions
ChatterBot Quebec round 6
ChatterBot Delta round 6
ChatterBot Oscar round 6
ChatterBot Mike round 6
ChatterBot Alpha round 6
ChatterBot Bravo round 6
ChatterBot Golf round 6
ChatterBot India round 6
ChatterBot Yankee round 6
ChatterBot X-ray round 6
2024-10-14 13:34:32.341670 Quebec: Oscar and India, sending you 3
2024-10-14 13:34:32.343681 Alpha: Delta, Mike and X-ray, sending you 3
2024-10-14 13:34:32.344706 Quebec: Bravo, sending you 4
2024-10-14 13:34:32.347692 Quebec: Yankee, sending you 2
2024-10-14 13:34:32.348665 Alpha: Golf, sending you 4
2024-10-14 13:34:32.349042 Mike: Delta, Alpha, Golf and X-ray, sending you 4
2024-10-14 13:34:32.350686 Bravo: Quebec, sending you 4
2024-10-14 13:34:32.351154 Oscar: Quebec and India, sending you 4
2024-10-14 13:34:32.351977 Quebec: X-ray, sending you 1
2024-10-14 13:34:32.352438 Golf: Delta, Mike and Alpha, sending you 3
2024-10-14 13:34:32.353686 Delta: Mike, Alpha and X-ray, sending you 2
2024-10-14 13:34:32.354034 Bravo: Oscar and India, sending you 3
2024-10-14 13:34:32.355709 X-ray: Delta, Mike and Alpha, sending you 3
2024-10-14 13:34:32.356254 Yankee: Quebec, Delta, Oscar and Bravo, sending you 2
2024-10-14 13:34:32.356768 Oscar: Bravo and Yankee, sending you 3
2024-10-14 13:34:32.357483 Golf: X-ray, sending you 2
2024-10-14 13:34:32.357872 India: Quebec, sending you 3
2024-10-14 13:34:32.358232 Delta: Golf, sending you 3
2024-10-14 13:34:32.358666 Bravo: Yankee, sending you 2
2024-10-14 13:34:32.359884 X-ray: Golf, sending you 4
2024-10-14 13:34:32.360681 India: Oscar, Bravo and Yankee, sending you 4
2024-10-14 13:34:32.361703 Yankee: India, sending you 3
chatterbot Bravo submitting transactions
chatterbot India submitting transactions
chatterbot Quebec submitting transactions
chatterbot X-ray submitting transactions
chatterbot Mike submitting transactions
chatterbot Delta submitting transactions
chatterbot Alpha submitting transactions
chatterbot Oscar submitting transactions
chatterbot Golf submitting transactions
chatterbot Yankee submitting transactions
ChatterBot Quebec round 7
ChatterBot Delta round 7
ChatterBot Oscar round 7
ChatterBot Mike round 7
ChatterBot Alpha round 7
ChatterBot Bravo round 7
ChatterBot Golf round 7
ChatterBot India round 7
ChatterBot Yankee round 7
ChatterBot X-ray round 7
2024-10-14 13:34:33.672246 Yankee: We should replace Delta with Alpha
2024-10-14 13:34:33.686736 Quebec: No
2024-10-14 13:34:33.687031 Oscar: No
2024-10-14 13:34:33.687262 Bravo: No
2024-10-14 13:34:33.687417 India: No
ChatterBot Yankee reevaluating
ChatterBot Yankee reevaluating
ChatterBot Yankee reevaluating
ChatterBot Yankee reevaluating
2024-10-14 13:34:33.768354 Quebec: Oscar and India, sending you 3
2024-10-14 13:34:33.769441 Yankee: Alpha we want you to join our group
2024-10-14 13:34:33.772446 Alpha: No
ChatterBot Yankee reevaluating
2024-10-14 13:34:33.788104 Yankee: We should replace Delta with Mike
2024-10-14 13:34:33.800815 Quebec: No
2024-10-14 13:34:33.800983 Oscar: No
2024-10-14 13:34:33.801171 Bravo: No
2024-10-14 13:34:33.801306 India: No
ChatterBot Yankee reevaluating
ChatterBot Yankee reevaluating
ChatterBot Yankee reevaluating
ChatterBot Yankee reevaluating
2024-10-14 13:34:33.852683 Yankee: We should replace Delta with X-ray
2024-10-14 13:34:33.861101 Quebec: Yes
2024-10-14 13:34:33.861274 Oscar: No
2024-10-14 13:34:33.861404 Bravo: No
2024-10-14 13:34:33.861520 India: No
ChatterBot Yankee reevaluating
ChatterBot Yankee reevaluating
ChatterBot Yankee reevaluating
ChatterBot Yankee reevaluating
2024-10-14 13:34:33.904467 Quebec: Bravo, sending you 4
2024-10-14 13:34:33.907818 Oscar: Quebec and India, sending you 4
2024-10-14 13:34:33.908747 Mike: Delta, Alpha, Golf and X-ray, sending you 4
2024-10-14 13:34:33.910125 Bravo: Quebec, sending you 4
2024-10-14 13:34:33.910890 India: Quebec, sending you 3
2024-10-14 13:34:33.912554 Golf: Delta, Mike and Alpha, sending you 3
2024-10-14 13:34:33.913866 Alpha: Delta, Mike and X-ray, sending you 3
2024-10-14 13:34:33.915394 Delta: Sending you each 2
2024-10-14 13:34:33.916234 Quebec: Yankee, sending you 2
2024-10-14 13:34:33.917424 Oscar: Bravo and Yankee, sending you 3
2024-10-14 13:34:33.918167 Bravo: Oscar and India, sending you 3
2024-10-14 13:34:33.919460 India: Oscar, Bravo and Yankee, sending you 4
2024-10-14 13:34:33.920809 Golf: X-ray, sending you 2
2024-10-14 13:34:33.921315 Alpha: Golf, sending you 4
2024-10-14 13:34:33.922828 Quebec: X-ray, sending you 1
2024-10-14 13:34:33.923677 X-ray: Delta, Mike and Alpha, sending you 3
2024-10-14 13:34:33.924878 Bravo: Yankee, sending you 2
2024-10-14 13:34:33.928701 X-ray: Golf, sending you 4
chatterbot India submitting transactions
2024-10-14 13:34:33.942697 Yankee: Quebec, Oscar, Alpha and Bravo, sending you 2
2024-10-14 13:34:33.946669 Yankee: India, sending you 3
chatterbot Bravo submitting transactions
chatterbot Golf submitting transactions
chatterbot Delta submitting transactions
chatterbot Oscar submitting transactions
chatterbot Alpha submitting transactions
chatterbot Quebec submitting transactions
chatterbot Mike submitting transactions
chatterbot X-ray submitting transactions
chatterbot Yankee submitting transactions
ChatterBot Quebec round 8
ChatterBot Delta round 8
ChatterBot Oscar round 8
ChatterBot Mike round 8
ChatterBot Alpha round 8
ChatterBot Bravo round 8
ChatterBot Golf round 8
ChatterBot India round 8
ChatterBot Yankee round 8
ChatterBot X-ray round 8
2024-10-14 13:34:35.022187 Alpha: We should replace Quebec with Yankee
ChatterBot Mike reevaluating
2024-10-14 13:34:35.037315 Delta: No
2024-10-14 13:34:35.037581 Mike: Yes
2024-10-14 13:34:35.037805 Golf: No
2024-10-14 13:34:35.038021 X-ray: No
ChatterBot Mike reevaluating
ChatterBot Alpha reevaluating
ChatterBot Mike reevaluating
ChatterBot Alpha reevaluating
ChatterBot Mike reevaluating
ChatterBot Alpha reevaluating
ChatterBot Golf reevaluating
2024-10-14 13:34:35.097728 Yankee: We should replace Alpha with X-ray
ChatterBot Oscar reevaluating
2024-10-14 13:34:35.109998 Quebec: Yes
2024-10-14 13:34:35.110380 Oscar: No
2024-10-14 13:34:35.110524 Bravo: No
2024-10-14 13:34:35.111101 India: No
ChatterBot Oscar reevaluating
ChatterBot Yankee reevaluating
ChatterBot Yankee reevaluating
ChatterBot Oscar reevaluating
ChatterBot Yankee reevaluating
ChatterBot Oscar reevaluating
ChatterBot Yankee reevaluating
2024-10-14 13:34:35.173639 Delta: Same as last round
2024-10-14 13:34:35.174146 Quebec: Oscar and India, sending you 3
2024-10-14 13:34:35.179852 Oscar: Quebec and India, sending you 4
2024-10-14 13:34:35.181541 Quebec: Bravo, sending you 5
2024-10-14 13:34:35.182992 India: Quebec, sending you 3
2024-10-14 13:34:35.183983 Bravo: Quebec, sending you 4
2024-10-14 13:34:35.185643 Golf: Delta and Mike, sending you 2
2024-10-14 13:34:35.187175 Oscar: Bravo and Yankee, sending you 3
2024-10-14 13:34:35.188500 Mike: Delta, Alpha and X-ray, sending you 3
2024-10-14 13:34:35.189268 Quebec: Yankee, sending you 2
2024-10-14 13:34:35.190775 India: Oscar, Bravo and Yankee, sending you 4
2024-10-14 13:34:35.192526 Bravo: Oscar and India, sending you 3
2024-10-14 13:34:35.193773 Golf: Alpha and X-ray, sending you 3
2024-10-14 13:34:35.195186 Mike: Golf, sending you 5
2024-10-14 13:34:35.196178 X-ray: Delta, Alpha and Golf, sending you 3
2024-10-14 13:34:35.197836 Alpha: Delta, sending you 2
2024-10-14 13:34:35.198739 Bravo: Yankee, sending you 2
2024-10-14 13:34:35.200247 Yankee: Quebec, Oscar, Alpha and Bravo, sending you 2
2024-10-14 13:34:35.200882 Golf: Yankee, sending you 1
2024-10-14 13:34:35.202041 Mike: Yankee, sending you 2
2024-10-14 13:34:35.202867 X-ray: Mike, sending you 4
2024-10-14 13:34:35.208458 Alpha: Mike and X-ray, sending you 3
2024-10-14 13:34:35.209835 Yankee: India, sending you 3
2024-10-14 13:34:35.213759 Alpha: Golf, sending you 4
chatterbot Quebec submitting transactions
chatterbot Alpha submitting transactions
chatterbot India submitting transactions
chatterbot Bravo submitting transactions
chatterbot Mike submitting transactions
chatterbot Oscar submitting transactions
chatterbot Golf submitting transactions
chatterbot Delta submitting transactions
chatterbot X-ray submitting transactions
chatterbot Yankee submitting transactions
ChatterBot Quebec round 9
ChatterBot Delta round 9
ChatterBot Oscar round 9
ChatterBot Mike round 9
ChatterBot Alpha round 9
ChatterBot Bravo round 9
ChatterBot Golf round 9
ChatterBot India round 9
ChatterBot Yankee round 9
ChatterBot X-ray round 9
2024-10-14 13:34:36.398837 Yankee: We should replace Alpha with Golf
2024-10-14 13:34:36.409979 Quebec: No
2024-10-14 13:34:36.410222 Oscar: No
2024-10-14 13:34:36.410439 Bravo: No
2024-10-14 13:34:36.411178 India: No
ChatterBot Oscar reevaluating
ChatterBot Yankee reevaluating
ChatterBot Oscar reevaluating
ChatterBot Yankee reevaluating
ChatterBot Oscar reevaluating
ChatterBot Yankee reevaluating
2024-10-14 13:34:36.465170 Yankee: We should replace Alpha with Mike
ChatterBot Oscar reevaluating
2024-10-14 13:34:36.480538 Quebec: No
2024-10-14 13:34:36.481213 Oscar: No
2024-10-14 13:34:36.481403 Bravo: No
2024-10-14 13:34:36.481569 India: No
ChatterBot Oscar reevaluating
ChatterBot Yankee reevaluating
ChatterBot Yankee reevaluating
ChatterBot Oscar reevaluating
ChatterBot Yankee reevaluating
ChatterBot Oscar reevaluating
ChatterBot Yankee reevaluating
2024-10-14 13:34:36.548459 Alpha: Delta, Mike and X-ray, sending you 3
2024-10-14 13:34:36.552682 Alpha: Golf, sending you 4
2024-10-14 13:34:36.553375 Delta: Same as last round
2024-10-14 13:34:36.553833 India: Quebec, sending you 3
2024-10-14 13:34:36.555247 Golf: Delta and X-ray, sending you 2
2024-10-14 13:34:36.555850 Mike: Delta and X-ray, sending you 3
2024-10-14 13:34:36.556877 Quebec: Oscar and India, sending you 3
2024-10-14 13:34:36.557460 Bravo: Quebec, sending you 4
2024-10-14 13:34:36.558060 Yankee: Mike we want you to join our group
2024-10-14 13:34:36.561756 Mike: No
ChatterBot Yankee reevaluating
2024-10-14 13:34:36.580337 India: Oscar, Bravo and Yankee, sending you 4
2024-10-14 13:34:36.581664 Golf: Mike and Alpha, sending you 3
2024-10-14 13:34:36.582121 Mike: Alpha and Golf, sending you 4
2024-10-14 13:34:36.582919 Quebec: Bravo, sending you 5
2024-10-14 13:34:36.583405 Bravo: Oscar and India, sending you 3
2024-10-14 13:34:36.585097 X-ray: Delta, Mike and Alpha, sending you 3
2024-10-14 13:34:36.585841 Quebec: Yankee, sending you 2
2024-10-14 13:34:36.586687 Yankee: Golf we want you to join our group
2024-10-14 13:34:36.590370 Golf: No
ChatterBot Yankee reevaluating
2024-10-14 13:34:36.604023 Golf: Yankee, sending you 1
2024-10-14 13:34:36.604404 Mike: Yankee, sending you 2
2024-10-14 13:34:36.604786 Bravo: Yankee, sending you 2
2024-10-14 13:34:36.605723 Oscar: Quebec and India, sending you 4
2024-10-14 13:34:36.606245 X-ray: Golf, sending you 4
2024-10-14 13:34:36.608655 Oscar: Bravo and Yankee, sending you 3
2024-10-14 13:34:36.629675 Yankee: Quebec, Oscar, Bravo and Golf, sending you 2
2024-10-14 13:34:36.634029 Yankee: India, sending you 3
chatterbot Quebec submitting transactions
chatterbot X-ray submitting transactions
chatterbot Delta submitting transactions
chatterbot India submitting transactions
chatterbot Alpha submitting transactions
chatterbot Mike submitting transactions
chatterbot Yankee submitting transactions
chatterbot Golf submitting transactions
chatterbot Bravo submitting transactions
chatterbot Oscar submitting transactions
ChatterBot Quebec round 10
ChatterBot Delta round 10
ChatterBot Oscar round 10
ChatterBot Mike round 10
ChatterBot Alpha round 10
ChatterBot Bravo round 10
ChatterBot Golf round 10
ChatterBot India round 10
ChatterBot Yankee round 10
ChatterBot X-ray round 10
2024-10-14 13:34:37.827832 Alpha: We should replace Quebec with Yankee
2024-10-14 13:34:37.839091 Delta: No
2024-10-14 13:34:37.839245 Mike: Yes
2024-10-14 13:34:37.839355 Golf: Yes
2024-10-14 13:34:37.839453 X-ray: No
ChatterBot Alpha reevaluating
ChatterBot Alpha reevaluating
ChatterBot Alpha reevaluating
ChatterBot Alpha reevaluating
2024-10-14 13:34:37.888252 Yankee: We should replace Golf with Mike
2024-10-14 13:34:37.898100 Quebec: No
2024-10-14 13:34:37.898286 Oscar: No
2024-10-14 13:34:37.898415 Bravo: No
2024-10-14 13:34:37.898522 India: No
ChatterBot Oscar reevaluating
ChatterBot Oscar reevaluating
ChatterBot Oscar reevaluating
2024-10-14 13:34:37.938323 Yankee: Mike we want you to join our group
2024-10-14 13:34:37.940897 Mike: No
ChatterBot Yankee reevaluating
ChatterBot Oscar reevaluating
2024-10-14 13:34:37.953116 Delta: Same as last round
2024-10-14 13:34:37.954040 Quebec: Oscar and India, sending you 3
2024-10-14 13:34:37.957703 Mike: Delta and X-ray, sending you 3
2024-10-14 13:34:37.958286 Bravo: Quebec, sending you 4
2024-10-14 13:34:37.959377 Quebec: Bravo, sending you 5
2024-10-14 13:34:37.960303 India: Quebec, sending you 3
2024-10-14 13:34:37.960992 Mike: Alpha and Golf, sending you 4
2024-10-14 13:34:37.962668 Golf: Delta and X-ray, sending you 2
2024-10-14 13:34:37.963390 Bravo: Oscar and India, sending you 3
2024-10-14 13:34:37.964287 Mike: Yankee, sending you 2
2024-10-14 13:34:37.964815 Quebec: Yankee, sending you 2
2024-10-14 13:34:37.966236 India: Oscar, Bravo and Yankee, sending you 4
2024-10-14 13:34:37.966955 Golf: Mike and Alpha, sending you 3
2024-10-14 13:34:37.967583 Bravo: Yankee, sending you 2
2024-10-14 13:34:37.968706 Alpha: Delta, Mike and X-ray, sending you 3
2024-10-14 13:34:37.971711 Golf: Yankee, sending you 1
2024-10-14 13:34:37.973678 Alpha: Golf, sending you 4
2024-10-14 13:34:37.974699 Oscar: Quebec and India, sending you 4
2024-10-14 13:34:37.975986 X-ray: Delta, Mike and Golf, sending you 3
2024-10-14 13:34:37.978657 Oscar: Bravo and Yankee, sending you 3
2024-10-14 13:34:37.979931 Yankee: Quebec, Oscar, Bravo and Golf, sending you 2
2024-10-14 13:34:37.980681 X-ray: Alpha, sending you 4
2024-10-14 13:34:37.984690 Yankee: India, sending you 3
chatterbot Mike submitting transactions
chatterbot Delta submitting transactions
chatterbot Golf submitting transactions
chatterbot India submitting transactions
chatterbot Yankee submitting transactions
chatterbot Quebec submitting transactions
chatterbot Alpha submitting transactions
chatterbot X-ray submitting transactions
chatterbot Bravo submitting transactions
chatterbot Oscar submitting transactions
ChatterBot Quebec round 11
ChatterBot Delta round 11
ChatterBot Oscar round 11
ChatterBot Mike round 11
ChatterBot Alpha round 11
ChatterBot Bravo round 11
ChatterBot Golf round 11
ChatterBot India round 11
ChatterBot Yankee round 11
ChatterBot X-ray round 11
2024-10-14 13:34:38.907666 Oscar: Quebec, Bravo and India, sending you 4
2024-10-14 13:34:38.909037 Mike: Delta, Alpha and X-ray, sending you 3
2024-10-14 13:34:38.909556 Bravo: Quebec, sending you 4
2024-10-14 13:34:38.911682 Delta: Mike, Alpha and X-ray, sending you 2
2024-10-14 13:34:38.913210 Mike: Golf, sending you 5
2024-10-14 13:34:38.913931 Oscar: Yankee, sending you 2
2024-10-14 13:34:38.915042 Yankee: Quebec, Oscar, Bravo and Golf, sending you 2
2024-10-14 13:34:38.916443 Bravo: Oscar and India, sending you 3
2024-10-14 13:34:38.918357 Quebec: Oscar and Bravo, sending you 4
2024-10-14 13:34:38.919735 India: Quebec, sending you 3
2024-10-14 13:34:38.921371 Delta: Golf, sending you 3
2024-10-14 13:34:38.922107 Mike: Yankee, sending you 2
2024-10-14 13:34:38.923070 Yankee: India, sending you 3
2024-10-14 13:34:38.924844 Bravo: Yankee, sending you 2
2024-10-14 13:34:38.926020 India: Oscar, Bravo and Yankee, sending you 4
2024-10-14 13:34:38.927255 Quebec: India, sending you 3
2024-10-14 13:34:38.927839 Alpha: Delta, Mike and X-ray, sending you 3
2024-10-14 13:34:38.929374 Golf: Delta and X-ray, sending you 2
2024-10-14 13:34:38.932038 Quebec: Yankee, sending you 2
2024-10-14 13:34:38.932629 Alpha: Golf, sending you 4
2024-10-14 13:34:38.933212 Golf: Mike and Alpha, sending you 3
2024-10-14 13:34:38.933656 X-ray: Delta, Mike and Golf, sending you 3
2024-10-14 13:34:38.935690 Golf: Yankee, sending you 1
2024-10-14 13:34:38.937718 X-ray: Alpha, sending you 4
chatterbot X-ray submitting transactions
chatterbot Oscar submitting transactions
chatterbot India submitting transactions
chatterbot Quebec submitting transactions
chatterbot Yankee submitting transactions
chatterbot Bravo submitting transactions
chatterbot Delta submitting transactions
chatterbot Golf submitting transactions
chatterbot Alpha submitting transactions
chatterbot Mike submitting transactions
ChatterBot Quebec round 12
ChatterBot Delta round 12
ChatterBot Oscar round 12
ChatterBot Mike round 12
ChatterBot Alpha round 12
ChatterBot Bravo round 12
ChatterBot Golf round 12
ChatterBot India round 12
ChatterBot Yankee round 12
ChatterBot X-ray round 12
2024-10-14 13:34:39.994483 Yankee: We should replace Golf with Mike
2024-10-14 13:34:40.008541 Quebec: No
2024-10-14 13:34:40.008874 Oscar: No
2024-10-14 13:34:40.009087 Bravo: No
2024-10-14 13:34:40.009699 India: No
ChatterBot Yankee reevaluating
ChatterBot Yankee reevaluating
ChatterBot Yankee reevaluating
ChatterBot Yankee reevaluating
2024-10-14 13:34:40.062057 Alpha: We should replace Quebec with Oscar
2024-10-14 13:34:40.073521 Delta: No
2024-10-14 13:34:40.073711 Mike: No
2024-10-14 13:34:40.073938 Golf: No
2024-10-14 13:34:40.074209 X-ray: No
ChatterBot Alpha reevaluating
ChatterBot Alpha reevaluating
ChatterBot Alpha reevaluating
ChatterBot Alpha reevaluating
2024-10-14 13:34:40.130233 Alpha: We should replace Quebec with Yankee
2024-10-14 13:34:40.139832 Delta: No
2024-10-14 13:34:40.140017 Mike: Yes
2024-10-14 13:34:40.140147 Golf: Yes
2024-10-14 13:34:40.140260 X-ray: No
ChatterBot Alpha reevaluating
ChatterBot Alpha reevaluating
ChatterBot Alpha reevaluating
ChatterBot Alpha reevaluating
2024-10-14 13:34:40.184826 Yankee: Mike we want you to join our group
2024-10-14 13:34:40.188007 Mike: No
ChatterBot Yankee reevaluating
2024-10-14 13:34:40.203515 Quebec: Oscar and Bravo, sending you 4
2024-10-14 13:34:40.204148 Oscar: Quebec, Bravo and India, sending you 4
2024-10-14 13:34:40.205233 Delta: Mike, Alpha and X-ray, sending you 2
2024-10-14 13:34:40.205800 Mike: Delta, Alpha and X-ray, sending you 3
2024-10-14 13:34:40.207696 Golf: Delta and X-ray, sending you 2
2024-10-14 13:34:40.208739 Oscar: Yankee, sending you 2
2024-10-14 13:34:40.210037 Quebec: India, sending you 3
2024-10-14 13:34:40.210811 Delta: Golf, sending you 3
2024-10-14 13:34:40.211760 X-ray: Delta, Mike and Golf, sending you 3
2024-10-14 13:34:40.212338 India: Quebec, sending you 3
2024-10-14 13:34:40.213785 Bravo: Quebec, sending you 4
2024-10-14 13:34:40.214630 Mike: Golf, sending you 5
2024-10-14 13:34:40.215762 Golf: Mike and Alpha, sending you 3
2024-10-14 13:34:40.216500 Quebec: Yankee, sending you 2
2024-10-14 13:34:40.216952 X-ray: Alpha, sending you 4
2024-10-14 13:34:40.218659 India: Oscar, Bravo and Yankee, sending you 4
2024-10-14 13:34:40.219910 Bravo: Oscar and India, sending you 3
2024-10-14 13:34:40.220647 Golf: Yankee, sending you 1
2024-10-14 13:34:40.221875 Mike: Yankee, sending you 2
2024-10-14 13:34:40.225659 Bravo: Yankee, sending you 2
2024-10-14 13:34:40.227662 Alpha: Delta, Mike and X-ray, sending you 3
2024-10-14 13:34:40.233860 Alpha: Golf, sending you 4
2024-10-14 13:34:40.238672 Yankee: Quebec, Oscar, Mike and Bravo, sending you 2
2024-10-14 13:34:40.244686 Yankee: India, sending you 3
chatterbot X-ray submitting transactions
chatterbot Bravo submitting transactions
chatterbot Oscar submitting transactions
chatterbot Golf submitting transactions
chatterbot Quebec submitting transactions
chatterbot Delta submitting transactions
chatterbot Mike submitting transactions
chatterbot India submitting transactions
chatterbot Yankee submitting transactions
chatterbot Alpha submitting transactions
ChatterBot Quebec round 13
ChatterBot Delta round 13
ChatterBot Oscar round 13
ChatterBot Mike round 13
ChatterBot Alpha round 13
ChatterBot Bravo round 13
ChatterBot Golf round 13
ChatterBot India round 13
ChatterBot Yankee round 13
ChatterBot X-ray round 13
2024-10-14 13:34:41.426873 Alpha: Delta, Mike and X-ray, sending you 3
2024-10-14 13:34:41.429666 Mike: Delta, Alpha, Yankee and X-ray, sending you 3
2024-10-14 13:34:41.430287 Delta: Mike, Alpha and X-ray, sending you 2
2024-10-14 13:34:41.430882 Oscar: Quebec, Bravo and India, sending you 4
2024-10-14 13:34:41.432681 Alpha: Golf, sending you 4
2024-10-14 13:34:41.433466 Mike: Golf, sending you 4
2024-10-14 13:34:41.434534 Delta: Golf, sending you 3
2024-10-14 13:34:41.435156 X-ray: Delta, Mike and Golf, sending you 3
2024-10-14 13:34:41.435859 Oscar: Yankee, sending you 2
2024-10-14 13:34:41.437403 Golf: Delta and X-ray, sending you 2
2024-10-14 13:34:41.437932 Quebec: Oscar and Bravo, sending you 4
2024-10-14 13:34:41.439587 Bravo: Quebec, sending you 4
