ChatterBot Lima round 1
ChatterBot Kilo round 1
ChatterBot Alpha round 1
ChatterBot Hotel round 1
ChatterBot Golf round 1
ChatterBot India round 1
ChatterBot Echo round 1
ChatterBot Bravo round 1
ChatterBot X-ray round 1
ChatterBot Foxtrot round 1
randomSelections Kilo: {Kilo, X-ray, Foxtrot, Alpha, Hotel} 
2024-10-14 13:34:24.179722 Kilo: Can we be friends?
ChatterBot X-ray reevaluating
ChatterBot Foxtrot reevaluating
ChatterBot Alpha reevaluating
ChatterBot Hotel reevaluating
2024-10-14 13:34:24.188837 X-ray: Yes
2024-10-14 13:34:24.188941 Foxtrot: Yes
2024-10-14 13:34:24.189036 Alpha: Yes
2024-10-14 13:34:24.189146 Hotel: Yes
ChatterBot Foxtrot reevaluating
ChatterBot Alpha reevaluating
ChatterBot Hotel reevaluating
ChatterBot X-ray reevaluating
ChatterBot Alpha reevaluating
ChatterBot Hotel reevaluating
ChatterBot X-ray reevaluating
ChatterBot Foxtrot reevaluating
ChatterBot Hotel reevaluating
ChatterBot X-ray reevaluating
ChatterBot Foxtrot reevaluating
ChatterBot Alpha reevaluating
randomSelections Echo: {Echo, Bravo, India, X-ray, Alpha, Kilo} 
2024-10-14 13:34:24.220128 Echo: We would work well together
ChatterBot Bravo reevaluating
ChatterBot India reevaluating
ChatterBot X-ray reevaluating
ChatterBot Alpha reevaluating
2024-10-14 13:34:24.228694 Bravo: Yes
2024-10-14 13:34:24.228802 India: Yes
2024-10-14 13:34:24.228878 X-ray: No
2024-10-14 13:34:24.228969 Alpha: No
2024-10-14 13:34:24.229057 Kilo: No
ChatterBot India reevaluating
ChatterBot X-ray reevaluating
ChatterBot Alpha reevaluating
ChatterBot Bravo reevaluating
ChatterBot X-ray reevaluating
ChatterBot Alpha reevaluating
ChatterBot Bravo reevaluating
ChatterBot India reevaluating
ChatterBot Alpha reevaluating
ChatterBot Bravo reevaluating
ChatterBot India reevaluating
ChatterBot X-ray reevaluating
ChatterBot Bravo reevaluating
ChatterBot India reevaluating
ChatterBot X-ray reevaluating
ChatterBot Alpha reevaluating
randomSelections Lima: {Lima, Bravo} 
2024-10-14 13:34:24.265840 Lima: Can we be friends?
ChatterBot Bravo reevaluating
2024-10-14 13:34:24.267515 Bravo: No
randomSelections Golf: {Golf, Kilo, X-ray, Bravo, Alpha, Lima} 
2024-10-14 13:34:24.271819 Golf: Friends?
ChatterBot X-ray reevaluating
ChatterBot Bravo reevaluating
ChatterBot Alpha reevaluating
2024-10-14 13:34:24.278358 Kilo: No
2024-10-14 13:34:24.278502 X-ray: No
2024-10-14 13:34:24.278597 Bravo: No
2024-10-14 13:34:24.278700 Alpha: No
2024-10-14 13:34:24.279192 Lima: No
ChatterBot X-ray reevaluating
ChatterBot Bravo reevaluating
ChatterBot Alpha reevaluating
ChatterBot Bravo reevaluating
ChatterBot Alpha reevaluating
ChatterBot X-ray reevaluating
ChatterBot Alpha reevaluating
ChatterBot X-ray reevaluating
ChatterBot Bravo reevaluating
ChatterBot X-ray reevaluating
ChatterBot Bravo reevaluating
ChatterBot Alpha reevaluating
2024-10-14 13:34:24.334317 Golf: Lima, Kilo, Alpha, Bravo and X-ray, sending you 2
2024-10-14 13:34:24.338035 Lima: Sending you 13
2024-10-14 13:34:24.338234 Foxtrot: Kilo and X-ray, sending you 3
2024-10-14 13:34:24.338964 Hotel: X-ray, sending you 2
2024-10-14 13:34:24.339178 Alpha: Kilo, sending you 4
2024-10-14 13:34:24.339399 Kilo: Alpha, sending you 3
2024-10-14 13:34:24.342252 India: Kilo, sending you 3
2024-10-14 13:34:24.342706 X-ray: Kilo, Alpha and Hotel, sending you 3
2024-10-14 13:34:24.343093 Foxtrot: Alpha, sending you 2
2024-10-14 13:34:24.343366 Alpha: Hotel, sending you 5
2024-10-14 13:34:24.344214 Kilo: Hotel, sending you 5
2024-10-14 13:34:24.344564 Hotel: Foxtrot, sending you 1
2024-10-14 13:34:24.345954 Echo: Kilo, sending you 2
2024-10-14 13:34:24.346211 Bravo: Kilo and Echo, sending you 1
2024-10-14 13:34:24.346440 India: Echo and X-ray, sending you 1
2024-10-14 13:34:24.346694 X-ray: Foxtrot, sending you 4
2024-10-14 13:34:24.346923 Alpha: X-ray and Foxtrot, sending you 2
2024-10-14 13:34:24.352773 Foxtrot: Hotel, sending you 1
2024-10-14 13:34:24.353717 Kilo: X-ray and Foxtrot, sending you 2
2024-10-14 13:34:24.354059 Echo: Alpha and India, sending you 3
2024-10-14 13:34:24.354362 India: Bravo, sending you 6
2024-10-14 13:34:24.354639 Bravo: Alpha, sending you 5
2024-10-14 13:34:24.357669 Bravo: India and X-ray, sending you 2
2024-10-14 13:34:24.359094 Echo: Bravo, sending you 4
chatterbot Kilo submitting transactions
chatterbot Echo submitting transactions
chatterbot Golf submitting transactions
chatterbot Lima submitting transactions
chatterbot India submitting transactions
chatterbot Bravo submitting transactions
chatterbot Foxtrot submitting transactions
chatterbot Hotel submitting transactions
chatterbot X-ray submitting transactions
chatterbot Alpha submitting transactions
ChatterBot Lima round 2
ChatterBot Kilo round 2
2024-10-14 13:34:25.316252 Lima: We should add Golf and India
ChatterBot Bravo reevaluating
2024-10-14 13:34:25.327751 Bravo: No
ChatterBot Lima reevaluating
2024-10-14 13:34:25.330653 Bravo: We should group up
2024-10-14 13:34:25.330787 Lima: Friends?
ChatterBot Lima reevaluating
ChatterBot Golf reevaluating
ChatterBot India reevaluating
ChatterBot Echo reevaluating
2024-10-14 13:34:25.364348 Lima: Yes
2024-10-14 13:34:25.364476 Golf: No
2024-10-14 13:34:25.364610 India: No
2024-10-14 13:34:25.364718 Echo: No
ChatterBot Bravo reevaluating
ChatterBot India reevaluating
ChatterBot Echo reevaluating
ChatterBot Lima reevaluating
ChatterBot Golf reevaluating
ChatterBot Echo reevaluating
ChatterBot Lima reevaluating
ChatterBot Golf reevaluating
ChatterBot India reevaluating
ChatterBot Lima reevaluating
2024-10-14 13:34:25.458334 India: We should group up
ChatterBot Lima reevaluating
2024-10-14 13:34:25.462543 Lima: Yes
ChatterBot India reevaluating
ChatterBot Alpha round 2
ChatterBot Hotel round 2
ChatterBot Golf round 2
ChatterBot India round 2
ChatterBot Echo round 2
ChatterBot Bravo round 2
ChatterBot X-ray round 2
ChatterBot Foxtrot round 2
2024-10-14 13:34:25.481331 Golf: We would work well together
ChatterBot Kilo reevaluating
ChatterBot Alpha reevaluating
ChatterBot Hotel reevaluating
ChatterBot X-ray reevaluating
ChatterBot Foxtrot reevaluating
2024-10-14 13:34:25.496879 Kilo: Yes
2024-10-14 13:34:25.497346 Alpha: Yes
2024-10-14 13:34:25.497446 Hotel: Yes
2024-10-14 13:34:25.497572 X-ray: Yes
2024-10-14 13:34:25.497708 Foxtrot: Yes
ChatterBot Golf reevaluating
ChatterBot Alpha reevaluating
ChatterBot Hotel reevaluating
ChatterBot X-ray reevaluating
ChatterBot Foxtrot reevaluating
ChatterBot Golf reevaluating
ChatterBot Kilo reevaluating
ChatterBot Hotel reevaluating
ChatterBot X-ray reevaluating
ChatterBot Foxtrot reevaluating
ChatterBot Golf reevaluating
ChatterBot Kilo reevaluating
ChatterBot Alpha reevaluating
ChatterBot X-ray reevaluating
ChatterBot Foxtrot reevaluating
ChatterBot Golf reevaluating
ChatterBot Kilo reevaluating
ChatterBot Alpha reevaluating
ChatterBot Hotel reevaluating
ChatterBot Foxtrot reevaluating
ChatterBot Golf reevaluating
ChatterBot Kilo reevaluating
ChatterBot Alpha reevaluating
ChatterBot Hotel reevaluating
ChatterBot X-ray reevaluating
2024-10-14 13:34:25.624336 Kilo: We should add Golf
ChatterBot X-ray reevaluating
ChatterBot Foxtrot reevaluating
ChatterBot Alpha reevaluating
ChatterBot Hotel reevaluating
2024-10-14 13:34:25.639195 X-ray: Yes
2024-10-14 13:34:25.639311 Foxtrot: Yes
2024-10-14 13:34:25.639629 Alpha: Yes
2024-10-14 13:34:25.640241 Hotel: Yes
ChatterBot Kilo reevaluating
ChatterBot Foxtrot reevaluating
ChatterBot Alpha reevaluating
ChatterBot Hotel reevaluating
ChatterBot Kilo reevaluating
ChatterBot X-ray reevaluating
ChatterBot Alpha reevaluating
ChatterBot Hotel reevaluating
ChatterBot Kilo reevaluating
ChatterBot X-ray reevaluating
ChatterBot Foxtrot reevaluating
ChatterBot Hotel reevaluating
ChatterBot Kilo reevaluating
ChatterBot X-ray reevaluating
ChatterBot Foxtrot reevaluating
ChatterBot Alpha reevaluating
2024-10-14 13:34:25.702439 Echo: Can we be friends?
ChatterBot Lima reevaluating
ChatterBot Golf reevaluating
ChatterBot India reevaluating
ChatterBot Bravo reevaluating
ChatterBot Kilo reevaluating
2024-10-14 13:34:25.718868 Lima: No
2024-10-14 13:34:25.719077 Golf: No
2024-10-14 13:34:25.719203 India: No
2024-10-14 13:34:25.719325 Bravo: No
2024-10-14 13:34:25.719819 Kilo: No
ChatterBot Echo reevaluating
ChatterBot Golf reevaluating
ChatterBot India reevaluating
ChatterBot Bravo reevaluating
ChatterBot Kilo reevaluating
ChatterBot Echo reevaluating
ChatterBot Lima reevaluating
ChatterBot India reevaluating
ChatterBot Bravo reevaluating
ChatterBot Kilo reevaluating
ChatterBot Echo reevaluating
ChatterBot Lima reevaluating
ChatterBot Golf reevaluating
ChatterBot Bravo reevaluating
ChatterBot Kilo reevaluating
ChatterBot Echo reevaluating
ChatterBot Lima reevaluating
ChatterBot Golf reevaluating
ChatterBot India reevaluating
ChatterBot Kilo reevaluating
ChatterBot Echo reevaluating
ChatterBot Lima reevaluating
ChatterBot Golf reevaluating
ChatterBot India reevaluating
ChatterBot Bravo reevaluating
2024-10-14 13:34:25.824128 Lima: Golf and Echo we want you to join our group
ChatterBot Echo reevaluating
2024-10-14 13:34:25.830659 Golf: No
2024-10-14 13:34:25.831243 Echo: Yes
ChatterBot Lima reevaluating
ChatterBot Echo reevaluating
ChatterBot Lima reevaluating
2024-10-14 13:34:25.850453 Alpha: Golf we want you to join our group
2024-10-14 13:34:25.854283 Golf: Yes
ChatterBot Kilo reevaluating
2024-10-14 13:34:25.869045 Foxtrot: Golf we want you to join our group
2024-10-14 13:34:25.872493 Golf: Yes
ChatterBot Kilo reevaluating
2024-10-14 13:34:25.887182 Hotel: Golf we want you to join our group
2024-10-14 13:34:25.890741 Golf: Yes
ChatterBot Kilo reevaluating
2024-10-14 13:34:25.905808 X-ray: Golf we want you to join our group
2024-10-14 13:34:25.908996 Golf: Yes
ChatterBot Kilo reevaluating
2024-10-14 13:34:26.313626 Golf: Sending you each 3
2024-10-14 13:34:26.314033 India: Lima, sending you 1
2024-10-14 13:34:26.314323 Bravo: Lima, sending you 4
2024-10-14 13:34:26.314891 Kilo: Golf we want you to join our group
2024-10-14 13:34:26.317847 Golf: Yes
2024-10-14 13:34:26.347036 Bravo: Golf and Echo, sending you 2
2024-10-14 13:34:26.347501 India: Echo, sending you 6
2024-10-14 13:34:26.349514 Alpha: Kilo, Golf, X-ray and Foxtrot, sending you 3
2024-10-14 13:34:26.350001 Hotel: Kilo, Alpha and X-ray, sending you 2
2024-10-14 13:34:26.350429 X-ray: Kilo, sending you 3
2024-10-14 13:34:26.352674 Echo: Lima, Alpha and Golf, sending you 1
2024-10-14 13:34:26.353184 Foxtrot: Kilo and Alpha, sending you 2
2024-10-14 13:34:26.356649 Bravo: India, sending you 3
2024-10-14 13:34:26.357052 Lima: Golf, sending you 9
2024-10-14 13:34:26.357396 Alpha: Hotel, sending you 1
2024-10-14 13:34:26.357786 Hotel: Foxtrot, sending you 1
2024-10-14 13:34:26.359850 India: Bravo, sending you 4
2024-10-14 13:34:26.360195 Echo: India and Bravo, sending you 4
2024-10-14 13:34:26.360529 X-ray: Alpha, Hotel and Golf, sending you 2
2024-10-14 13:34:26.362533 Foxtrot: Hotel, sending you 1
2024-10-14 13:34:26.362949 Lima: Echo and Bravo, sending you 2
2024-10-14 13:34:26.366627 Kilo: Alpha, sending you 4
2024-10-14 13:34:26.367015 Foxtrot: X-ray, sending you 4
2024-10-14 13:34:26.367884 X-ray: Foxtrot, sending you 4
2024-10-14 13:34:27.045946 Kilo: Hotel, sending you 1
chatterbot India submitting transactions
chatterbot Echo submitting transactions
chatterbot Lima submitting transactions
chatterbot Hotel submitting transactions
chatterbot Golf submitting transactions
chatterbot Alpha submitting transactions
chatterbot Foxtrot submitting transactions
2024-10-14 13:34:27.326485 Kilo: Golf, sending you 2
chatterbot X-ray submitting transactions
chatterbot Bravo submitting transactions
chatterbot Kilo submitting transactions
2024-10-14 13:34:27.349523 Kilo: X-ray and Foxtrot, sending you 3
ChatterBot Lima round 3
ChatterBot Kilo round 3
ChatterBot Alpha round 3
ChatterBot Hotel round 3
ChatterBot Golf round 3
ChatterBot India round 3
ChatterBot Echo round 3
ChatterBot Bravo round 3
2024-10-14 13:34:27.365975 Lima: We should replace Golf with India
ChatterBot Echo reevaluating
ChatterBot Bravo reevaluating
2024-10-14 13:34:27.377342 Echo: No
2024-10-14 13:34:27.377537 Bravo: Yes
ChatterBot Bravo reevaluating
ChatterBot Echo reevaluating
ChatterBot X-ray round 3
ChatterBot Foxtrot round 3
2024-10-14 13:34:27.430497 Golf: We should add Lima
ChatterBot X-ray reevaluating
ChatterBot Foxtrot reevaluating
2024-10-14 13:34:27.455329 Kilo: No
2024-10-14 13:34:27.455527 Alpha: No
2024-10-14 13:34:27.455695 Hotel: No
2024-10-14 13:34:27.455853 X-ray: No
2024-10-14 13:34:27.456026 Foxtrot: No
ChatterBot X-ray reevaluating
ChatterBot Foxtrot reevaluating
ChatterBot X-ray reevaluating
ChatterBot Foxtrot reevaluating
ChatterBot X-ray reevaluating
ChatterBot Foxtrot reevaluating
ChatterBot Golf reevaluating
ChatterBot Foxtrot reevaluating
ChatterBot Golf reevaluating
ChatterBot X-ray reevaluating
2024-10-14 13:34:27.619562 X-ray: We should add Bravo
ChatterBot Golf reevaluating
ChatterBot Foxtrot reevaluating
2024-10-14 13:34:27.635782 Golf: No
2024-10-14 13:34:27.636309 Kilo: No
2024-10-14 13:34:27.636411 Alpha: No
2024-10-14 13:34:27.636519 Hotel: No
2024-10-14 13:34:27.636839 Foxtrot: No
ChatterBot X-ray reevaluating
ChatterBot Foxtrot reevaluating
ChatterBot Golf reevaluating
ChatterBot X-ray reevaluating
ChatterBot Foxtrot reevaluating
ChatterBot Golf reevaluating
ChatterBot X-ray reevaluating
ChatterBot Foxtrot reevaluating
ChatterBot Golf reevaluating
ChatterBot X-ray reevaluating
ChatterBot Foxtrot reevaluating
ChatterBot Golf reevaluating
ChatterBot X-ray reevaluating
2024-10-14 13:34:27.720494 Lima: India we want you to join our group
2024-10-14 13:34:27.723881 India: Yes
ChatterBot Echo reevaluating
ChatterBot Bravo reevaluating
2024-10-14 13:34:27.740996 Golf: We should add Echo
ChatterBot X-ray reevaluating
ChatterBot Foxtrot reevaluating
2024-10-14 13:34:27.756098 Kilo: No
2024-10-14 13:34:27.756244 Alpha: No
2024-10-14 13:34:27.756389 Hotel: No
2024-10-14 13:34:27.756517 X-ray: No
2024-10-14 13:34:27.756655 Foxtrot: No
ChatterBot Golf reevaluating
ChatterBot X-ray reevaluating
ChatterBot Foxtrot reevaluating
ChatterBot Golf reevaluating
ChatterBot X-ray reevaluating
ChatterBot Foxtrot reevaluating
ChatterBot Golf reevaluating
ChatterBot X-ray reevaluating
ChatterBot Foxtrot reevaluating
ChatterBot Golf reevaluating
ChatterBot Foxtrot reevaluating
ChatterBot Golf reevaluating
ChatterBot X-ray reevaluating
2024-10-14 13:34:27.847685 Bravo: We should drop Golf
ChatterBot Echo reevaluating
2024-10-14 13:34:27.892898 Lima: Yes
2024-10-14 13:34:27.893854 India: No
2024-10-14 13:34:27.894096 Echo: No
ChatterBot India reevaluating
ChatterBot Echo reevaluating
ChatterBot Echo reevaluating
ChatterBot India reevaluating
2024-10-14 13:34:27.929924 Kilo: Alpha, X-ray and Foxtrot, sending you 3
2024-10-14 13:34:27.931554 Golf: Lima we want you to join our group
2024-10-14 13:34:27.935497 Lima: No
ChatterBot Golf reevaluating
2024-10-14 13:34:27.965646 Alpha: Kilo, Golf, X-ray and Foxtrot, sending you 3
2024-10-14 13:34:27.966733 Hotel: Kilo, Alpha and X-ray, sending you 2
2024-10-14 13:34:27.967217 Kilo: Hotel and Golf, sending you 2
2024-10-14 13:34:27.968271 Lima: India and Echo, sending you 3
2024-10-14 13:34:27.989156 Hotel: Golf and Foxtrot, sending you 1
2024-10-14 13:34:27.989735 Alpha: Hotel, sending you 1
2024-10-14 13:34:27.990561 Foxtrot: Kilo and Alpha, sending you 2
2024-10-14 13:34:27.990967 Lima: Bravo, sending you 7
2024-10-14 13:34:28.020722 Bravo: Lima and India, sending you 4
2024-10-14 13:34:28.021513 India: Lima, sending you 1
2024-10-14 13:34:28.021816 X-ray: Kilo, Alpha and Foxtrot, sending you 3
2024-10-14 13:34:28.022228 Foxtrot: Hotel and Golf, sending you 1
chatterbot Bravo submitting transactions
2024-10-14 13:34:28.053073 India: Echo and Bravo, sending you 5
2024-10-14 13:34:28.053444 Bravo: Echo, sending you 3
2024-10-14 13:34:28.053675 X-ray: Hotel and Golf, sending you 2
2024-10-14 13:34:28.054074 Foxtrot: X-ray, sending you 3
2024-10-14 13:34:28.070328 Golf: Lima, Kilo, Hotel, X-ray and Foxtrot, sending you 2
2024-10-14 13:34:28.091130 Golf: Alpha, sending you 3
chatterbot Kilo submitting transactions
chatterbot Alpha submitting transactions
chatterbot India submitting transactions
chatterbot Echo submitting transactions
chatterbot Hotel submitting transactions
chatterbot Lima submitting transactions
chatterbot India submitting transactions
chatterbot Foxtrot submitting transactions
chatterbot X-ray submitting transactions
chatterbot Golf submitting transactions
ChatterBot Lima round 4
ChatterBot Kilo round 4
ChatterBot Alpha round 4
ChatterBot Hotel round 4
ChatterBot Golf round 4
ChatterBot India round 4
ChatterBot Echo round 4
ChatterBot Bravo round 4
ChatterBot X-ray round 4
ChatterBot Foxtrot round 4
2024-10-14 13:34:29.103140 X-ray: We should add India
2024-10-14 13:34:29.117105 Golf: No
2024-10-14 13:34:29.117293 Kilo: No
2024-10-14 13:34:29.117419 Alpha: No
2024-10-14 13:34:29.117534 Hotel: No
2024-10-14 13:34:29.117675 Foxtrot: No
ChatterBot X-ray reevaluating
ChatterBot X-ray reevaluating
ChatterBot X-ray reevaluating
ChatterBot X-ray reevaluating
ChatterBot Golf reevaluating
ChatterBot X-ray reevaluating
2024-10-14 13:34:29.189064 Golf: We should replace Lima with Echo
ChatterBot X-ray reevaluating
2024-10-14 13:34:29.233873 Kilo: No
2024-10-14 13:34:29.237435 Alpha: No
2024-10-14 13:34:29.237824 Hotel: No
2024-10-14 13:34:29.238007 X-ray: No
2024-10-14 13:34:29.238156 Foxtrot: No
ChatterBot Golf reevaluating
ChatterBot X-ray reevaluating
ChatterBot Golf reevaluating
ChatterBot X-ray reevaluating
ChatterBot Golf reevaluating
ChatterBot X-ray reevaluating
ChatterBot Golf reevaluating
ChatterBot Golf reevaluating
ChatterBot X-ray reevaluating
2024-10-14 13:34:29.383256 Echo: We should drop Alpha
ChatterBot Lima reevaluating
ChatterBot Golf reevaluating
2024-10-14 13:34:29.401245 India: Yes
2024-10-14 13:34:29.401773 Lima: Yes
2024-10-14 13:34:29.401914 Golf: No
2024-10-14 13:34:29.402027 Bravo: Yes
ChatterBot Lima reevaluating
ChatterBot Golf reevaluating
ChatterBot Golf reevaluating
ChatterBot Lima reevaluating
ChatterBot Lima reevaluating
ChatterBot Golf reevaluating
2024-10-14 13:34:29.524912 India: Lima, sending you 2
2024-10-14 13:34:29.525576 Alpha: Kilo, Golf and X-ray, sending you 3
2024-10-14 13:34:29.526062 Kilo: Alpha, sending you 4
2024-10-14 13:34:29.526912 Hotel: Kilo, Alpha, Golf and X-ray, sending you 2
2024-10-14 13:34:29.562788 India: Echo, sending you 4
2024-10-14 13:34:29.563203 Hotel: Foxtrot, sending you 1
2024-10-14 13:34:29.564530 Alpha: Hotel and Foxtrot, sending you 2
2024-10-14 13:34:29.565292 Echo: Lima and Bravo, sending you 3
2024-10-14 13:34:29.569420 Kilo: Hotel, Golf and Foxtrot, sending you 2
2024-10-14 13:34:29.570298 Bravo: Lima and India, sending you 4
2024-10-14 13:34:29.570759 Foxtrot: Kilo and Alpha, sending you 2
2024-10-14 13:34:29.573357 India: Bravo, sending you 5
2024-10-14 13:34:29.573905 Echo: Golf, sending you 1
2024-10-14 13:34:29.579477 Kilo: X-ray, sending you 3
2024-10-14 13:34:29.580321 Bravo: Echo, sending you 3
2024-10-14 13:34:29.580772 X-ray: Kilo, Alpha and Foxtrot, sending you 3
2024-10-14 13:34:29.583348 Foxtrot: Hotel and Golf, sending you 1
2024-10-14 13:34:29.584088 Golf: Lima, Hotel and Foxtrot, sending you 2
2024-10-14 13:34:29.586217 Lima: India and Echo, sending you 3
2024-10-14 13:34:29.589809 Echo: India, sending you 4
2024-10-14 13:34:29.590362 X-ray: Hotel and Golf, sending you 2
2024-10-14 13:34:29.595540 Foxtrot: X-ray, sending you 3
2024-10-14 13:34:29.597776 Golf: Kilo, Alpha and X-ray, sending you 3
2024-10-14 13:34:29.599219 Lima: Bravo, sending you 7
chatterbot Hotel submitting transactions
chatterbot Foxtrot submitting transactions
chatterbot Lima submitting transactions
chatterbot Alpha submitting transactions
chatterbot Echo submitting transactions
chatterbot Golf submitting transactions
chatterbot Kilo submitting transactions
chatterbot India submitting transactions
chatterbot Bravo submitting transactions
chatterbot X-ray submitting transactions
ChatterBot Lima round 5
ChatterBot Kilo round 5
ChatterBot Alpha round 5
ChatterBot Hotel round 5
ChatterBot Golf round 5
ChatterBot India round 5
ChatterBot Echo round 5
ChatterBot Bravo round 5
2024-10-14 13:34:30.523264 Golf: We should replace Lima with Echo
2024-10-14 13:34:30.535869 Kilo: No
2024-10-14 13:34:30.536056 Alpha: No
2024-10-14 13:34:30.536191 Hotel: No
2024-10-14 13:34:30.536309 X-ray: No
2024-10-14 13:34:30.536427 Foxtrot: No
ChatterBot Golf reevaluating
ChatterBot Golf reevaluating
ChatterBot Golf reevaluating
ChatterBot X-ray round 5
ChatterBot Foxtrot round 5
2024-10-14 13:34:30.594947 Lima: We should add Golf
ChatterBot India reevaluating
ChatterBot Bravo reevaluating
2024-10-14 13:34:30.601768 India: Yes
2024-10-14 13:34:30.601884 Echo: Yes
2024-10-14 13:34:30.601974 Bravo: Yes
ChatterBot Bravo reevaluating
ChatterBot Lima reevaluating
ChatterBot India reevaluating
ChatterBot Bravo reevaluating
ChatterBot Lima reevaluating
ChatterBot India reevaluating
2024-10-14 13:34:30.632540 Golf: Echo we want you to join our group
2024-10-14 13:34:30.635014 Echo: No
ChatterBot Golf reevaluating
2024-10-14 13:34:30.647592 Lima: Golf we want you to join our group
ChatterBot Golf reevaluating
2024-10-14 13:34:30.650196 Golf: No
ChatterBot India reevaluating
ChatterBot Lima reevaluating
ChatterBot Bravo reevaluating
2024-10-14 13:34:30.663903 Echo: Lima, sending you 3
2024-10-14 13:34:30.664395 Alpha: Kilo, Golf and X-ray, sending you 3
2024-10-14 13:34:30.666830 Hotel: Kilo, Alpha, Golf and X-ray, sending you 2
2024-10-14 13:34:30.667771 Kilo: Alpha, sending you 4
2024-10-14 13:34:30.669048 Echo: Golf, sending you 1
2024-10-14 13:34:30.669699 Alpha: Hotel and Foxtrot, sending you 2
2024-10-14 13:34:30.670237 Foxtrot: Kilo and Alpha, sending you 2
2024-10-14 13:34:30.671323 Hotel: Foxtrot, sending you 1
2024-10-14 13:34:30.672090 Kilo: Hotel, Golf and Foxtrot, sending you 2
2024-10-14 13:34:30.673734 Echo: India and Bravo, sending you 4
2024-10-14 13:34:30.674690 Foxtrot: Hotel and Golf, sending you 1
2024-10-14 13:34:30.676353 Kilo: X-ray, sending you 3
2024-10-14 13:34:30.678674 Foxtrot: X-ray, sending you 3
2024-10-14 13:34:30.683680 Lima: Golf and Echo, sending you 3
2024-10-14 13:34:30.685663 India: Lima, sending you 2
2024-10-14 13:34:30.686727 X-ray: Kilo, Alpha and Foxtrot, sending you 3
2024-10-14 13:34:30.687853 Lima: India, sending you 2
2024-10-14 13:34:30.688747 India: Golf, sending you 1
2024-10-14 13:34:30.690671 Golf: Kilo, Alpha and X-ray, sending you 3
2024-10-14 13:34:30.691039 X-ray: Hotel and Golf, sending you 2
2024-10-14 13:34:30.692068 Lima: Bravo, sending you 5
2024-10-14 13:34:30.693703 India: Echo and Bravo, sending you 4
2024-10-14 13:34:30.694282 Bravo: Lima, sending you 4
2024-10-14 13:34:30.694848 Golf: Hotel, Echo and Foxtrot, sending you 2
2024-10-14 13:34:30.699685 Bravo: Golf, sending you 1
2024-10-14 13:34:30.704667 Bravo: India and Echo, sending you 3
chatterbot Kilo submitting transactions
chatterbot Lima submitting transactions
chatterbot Hotel submitting transactions
chatterbot Bravo submitting transactions
chatterbot Alpha submitting transactions
chatterbot Foxtrot submitting transactions
chatterbot Golf submitting transactions
chatterbot Echo submitting transactions
chatterbot X-ray submitting transactions
chatterbot India submitting transactions
ChatterBot Lima round 6
ChatterBot Kilo round 6
ChatterBot Alpha round 6
ChatterBot Hotel round 6
ChatterBot Golf round 6
ChatterBot India round 6
ChatterBot Echo round 6
ChatterBot Bravo round 6
ChatterBot X-ray round 6
ChatterBot Foxtrot round 6
2024-10-14 13:34:31.910712 Kilo: Alpha, sending you 4
2024-10-14 13:34:31.913704 Hotel: Kilo, Alpha, Golf and X-ray, sending you 2
2024-10-14 13:34:31.914824 Echo: Lima and Bravo, sending you 3
2024-10-14 13:34:31.915952 Alpha: Kilo, Golf and X-ray, sending you 3
2024-10-14 13:34:31.916813 Kilo: Hotel, Golf and Foxtrot, sending you 2
2024-10-14 13:34:31.917759 India: Lima, sending you 2
2024-10-14 13:34:31.918745 Bravo: Lima, sending you 4
2024-10-14 13:34:31.919381 Hotel: Foxtrot, sending you 1
2024-10-14 13:34:31.920375 Lima: India, sending you 3
2024-10-14 13:34:31.921007 Echo: Golf, sending you 2
2024-10-14 13:34:31.922008 Alpha: Hotel and Foxtrot, sending you 2
2024-10-14 13:34:31.922793 Kilo: X-ray, sending you 3
2024-10-14 13:34:31.923390 Bravo: Golf, sending you 1
2024-10-14 13:34:31.923916 India: Golf, sending you 1
2024-10-14 13:34:31.924918 Lima: Echo, sending you 4
2024-10-14 13:34:31.925421 Golf: Kilo, Alpha, Hotel and X-ray, sending you 3
2024-10-14 13:34:31.926712 Echo: India, sending you 4
2024-10-14 13:34:31.927524 Bravo: India and Echo, sending you 3
2024-10-14 13:34:31.928746 India: Echo and Bravo, sending you 4
2024-10-14 13:34:31.929200 Lima: Bravo, sending you 6
2024-10-14 13:34:31.929664 Golf: Echo, sending you 1
2024-10-14 13:34:31.932700 X-ray: Kilo, Alpha and Foxtrot, sending you 3
2024-10-14 13:34:31.933988 Golf: Foxtrot, sending you 2
2024-10-14 13:34:31.936674 Foxtrot: Kilo and Alpha, sending you 2
2024-10-14 13:34:31.937756 X-ray: Hotel and Golf, sending you 2
2024-10-14 13:34:31.942655 Foxtrot: Hotel and Golf, sending you 1
2024-10-14 13:34:31.945945 Foxtrot: X-ray, sending you 3
chatterbot Hotel submitting transactions
chatterbot India submitting transactions
chatterbot Kilo submitting transactions
chatterbot Bravo submitting transactions
chatterbot Foxtrot submitting transactions
chatterbot Alpha submitting transactions
chatterbot X-ray submitting transactions
chatterbot Golf submitting transactions
chatterbot Lima submitting transactions
chatterbot Echo submitting transactions
ChatterBot Lima round 7
ChatterBot Kilo round 7
ChatterBot Alpha round 7
ChatterBot Hotel round 7
ChatterBot Golf round 7
ChatterBot India round 7
ChatterBot Echo round 7
ChatterBot Bravo round 7
ChatterBot X-ray round 7
ChatterBot Foxtrot round 7
2024-10-14 13:34:33.118702 Bravo: We should drop Golf
ChatterBot India reevaluating
2024-10-14 13:34:33.126299 Lima: Yes
2024-10-14 13:34:33.126463 India: Yes
2024-10-14 13:34:33.126588 Echo: No
ChatterBot India reevaluating
ChatterBot India reevaluating
2024-10-14 13:34:33.146760 Kilo: Alpha, Golf and X-ray, sending you 3
2024-10-14 13:34:33.147663 Alpha: Kilo, Golf and X-ray, sending you 3
2024-10-14 13:34:33.148447 Hotel: Kilo, Alpha, Golf and X-ray, sending you 2
2024-10-14 13:34:33.149151 Lima: India, sending you 3
2024-10-14 13:34:33.150056 Echo: Lima and Bravo, sending you 3
2024-10-14 13:34:33.150676 Golf: Kilo, Alpha, Hotel and X-ray, sending you 3
2024-10-14 13:34:33.151678 Kilo: Hotel and Foxtrot, sending you 2
2024-10-14 13:34:33.152866 Hotel: Foxtrot, sending you 1
2024-10-14 13:34:33.153600 Alpha: Hotel and Foxtrot, sending you 2
2024-10-14 13:34:33.154630 Lima: Echo, sending you 4
2024-10-14 13:34:33.155018 Echo: Golf, sending you 2
2024-10-14 13:34:33.155464 Golf: Echo and Foxtrot, sending you 2
2024-10-14 13:34:33.155891 Foxtrot: Kilo and Alpha, sending you 2
2024-10-14 13:34:33.157683 Lima: Bravo, sending you 6
2024-10-14 13:34:33.158078 Echo: India, sending you 4
2024-10-14 13:34:33.160679 Foxtrot: Hotel and Golf, sending you 1
2024-10-14 13:34:33.162178 X-ray: Kilo, Alpha and Foxtrot, sending you 3
2024-10-14 13:34:33.162936 Bravo: Lima and India, sending you 4
2024-10-14 13:34:33.163332 India: Lima, sending you 3
2024-10-14 13:34:33.165112 Foxtrot: X-ray, sending you 3
2024-10-14 13:34:33.167945 X-ray: Hotel and Golf, sending you 2
2024-10-14 13:34:33.168742 Bravo: Echo, sending you 3
2024-10-14 13:34:33.169150 India: Echo and Bravo, sending you 4
chatterbot X-ray submitting transactions
chatterbot Golf submitting transactions
chatterbot Foxtrot submitting transactions
chatterbot Bravo submitting transactions
chatterbot Hotel submitting transactions
chatterbot Echo submitting transactions
chatterbot Lima submitting transactions
chatterbot India submitting transactions
chatterbot Kilo submitting transactions
chatterbot Alpha submitting transactions
ChatterBot Lima round 8
ChatterBot Kilo round 8
ChatterBot Alpha round 8
ChatterBot Hotel round 8
ChatterBot Golf round 8
ChatterBot India round 8
ChatterBot Echo round 8
ChatterBot Bravo round 8
2024-10-14 13:34:34.271157 Golf: We should replace Echo with Lima
2024-10-14 13:34:34.286956 Kilo: No
2024-10-14 13:34:34.287555 Alpha: No
2024-10-14 13:34:34.287728 Hotel: No
2024-10-14 13:34:34.287867 X-ray: No
2024-10-14 13:34:34.287984 Foxtrot: No
ChatterBot Golf reevaluating
ChatterBot Golf reevaluating
ChatterBot Golf reevaluating
ChatterBot Golf reevaluating
ChatterBot Golf reevaluating
ChatterBot X-ray round 8
ChatterBot Foxtrot round 8
2024-10-14 13:34:34.364992 Alpha: Kilo, Golf and X-ray, sending you 3
2024-10-14 13:34:34.365870 Lima: India, sending you 3
2024-10-14 13:34:34.366687 Hotel: Kilo, Alpha, Golf and X-ray, sending you 2
2024-10-14 13:34:34.368689 Alpha: Hotel and Foxtrot, sending you 2
2024-10-14 13:34:34.369678 Lima: Echo, sending you 4
2024-10-14 13:34:34.371673 Echo: Lima and Bravo, sending you 3
2024-10-14 13:34:34.372924 Hotel: Foxtrot, sending you 1
2024-10-14 13:34:34.374687 Lima: Bravo, sending you 6
2024-10-14 13:34:34.375062 Echo: Golf, sending you 2
2024-10-14 13:34:34.377679 India: Lima, sending you 3
2024-10-14 13:34:34.378039 Golf: Kilo, Alpha, Hotel and X-ray, sending you 3
2024-10-14 13:34:34.378463 Echo: India, sending you 4
2024-10-14 13:34:34.379682 Bravo: Lima and India, sending you 4
2024-10-14 13:34:34.380110 X-ray: Kilo, Alpha and Foxtrot, sending you 3
2024-10-14 13:34:34.380804 Golf: Echo and Foxtrot, sending you 2
2024-10-14 13:34:34.382687 Kilo: Alpha, Golf and X-ray, sending you 3
2024-10-14 13:34:34.383315 India: Echo and Bravo, sending you 4
2024-10-14 13:34:34.383779 Foxtrot: Kilo, Alpha and Golf, sending you 2
2024-10-14 13:34:34.384973 Bravo: Echo, sending you 3
2024-10-14 13:34:34.385712 X-ray: Hotel and Golf, sending you 2
2024-10-14 13:34:34.386622 Kilo: Hotel and Foxtrot, sending you 2
2024-10-14 13:34:34.388682 Foxtrot: X-ray, sending you 3
chatterbot Hotel submitting transactions
chatterbot Golf submitting transactions
chatterbot Echo submitting transactions
chatterbot Alpha submitting transactions
chatterbot X-ray submitting transactions
chatterbot Lima submitting transactions
chatterbot Foxtrot submitting transactions
chatterbot Bravo submitting transactions
chatterbot Kilo submitting transactions
chatterbot India submitting transactions
ChatterBot Lima round 9
ChatterBot Kilo round 9
ChatterBot Alpha round 9
ChatterBot Hotel round 9
ChatterBot Golf round 9
ChatterBot India round 9
ChatterBot Echo round 9
ChatterBot Bravo round 9
2024-10-14 13:34:35.619530 India: We should add Hotel
2024-10-14 13:34:35.627394 Lima: No
2024-10-14 13:34:35.627659 Echo: No
2024-10-14 13:34:35.627943 Bravo: No
ChatterBot India reevaluating
ChatterBot Echo reevaluating
ChatterBot India reevaluating
ChatterBot India reevaluating
ChatterBot Echo reevaluating
ChatterBot X-ray round 9
ChatterBot Foxtrot round 9
2024-10-14 13:34:35.675770 Lima: India and Echo, sending you 4
2024-10-14 13:34:35.679686 Lima: Bravo, sending you 5
2024-10-14 13:34:35.682661 Bravo: Lima and India, sending you 4
2024-10-14 13:34:35.685699 Golf: Kilo, Alpha, Hotel and X-ray, sending you 3
2024-10-14 13:34:35.686318 Bravo: Echo, sending you 3
2024-10-14 13:34:35.686746 Hotel: Kilo, Alpha, Golf and X-ray, sending you 2
2024-10-14 13:34:35.688045 Kilo: Alpha, Golf and X-ray, sending you 3
2024-10-14 13:34:35.688741 Alpha: Kilo, Golf and X-ray, sending you 3
2024-10-14 13:34:35.689983 India: Lima, sending you 3
2024-10-14 13:34:35.690422 Golf: Echo and Foxtrot, sending you 2
2024-10-14 13:34:35.692728 Hotel: Foxtrot, sending you 1
2024-10-14 13:34:35.694148 Kilo: Hotel and Foxtrot, sending you 2
2024-10-14 13:34:35.695931 X-ray: Kilo, Alpha and Foxtrot, sending you 3
2024-10-14 13:34:35.697674 Alpha: Hotel and Foxtrot, sending you 2
2024-10-14 13:34:35.698398 India: Echo and Bravo, sending you 4
2024-10-14 13:34:35.698847 Echo: Lima and Bravo, sending you 3
2024-10-14 13:34:35.699800 Foxtrot: Kilo, Alpha and Golf, sending you 2
2024-10-14 13:34:35.701691 X-ray: Hotel and Golf, sending you 2
2024-10-14 13:34:35.703853 Echo: Golf, sending you 2
2024-10-14 13:34:35.704764 Foxtrot: X-ray, sending you 3
2024-10-14 13:34:35.709683 Echo: India, sending you 4
chatterbot Alpha submitting transactions
chatterbot Lima submitting transactions
chatterbot Bravo submitting transactions
chatterbot Hotel submitting transactions
chatterbot Echo submitting transactions
chatterbot X-ray submitting transactions
chatterbot Golf submitting transactions
chatterbot Foxtrot submitting transactions
chatterbot Kilo submitting transactions
chatterbot India submitting transactions
ChatterBot Lima round 10
ChatterBot Kilo round 10
ChatterBot Alpha round 10
ChatterBot Hotel round 10
ChatterBot Golf round 10
ChatterBot India round 10
ChatterBot Echo round 10
ChatterBot Bravo round 10
ChatterBot X-ray round 10
ChatterBot Foxtrot round 10
2024-10-14 13:34:36.729450 Echo: We should replace Golf with Kilo
2024-10-14 13:34:36.739289 Lima: No
2024-10-14 13:34:36.739492 India: No
2024-10-14 13:34:36.739666 Bravo: No
ChatterBot Echo reevaluating
ChatterBot Echo reevaluating
ChatterBot Echo reevaluating
2024-10-14 13:34:36.771665 Echo: We should replace Golf with X-ray
2024-10-14 13:34:36.778676 Lima: No
2024-10-14 13:34:36.778836 India: No
2024-10-14 13:34:36.778957 Bravo: No
ChatterBot Echo reevaluating
ChatterBot Echo reevaluating
ChatterBot Echo reevaluating
2024-10-14 13:34:36.802120 Echo: We should replace Golf with Foxtrot
ChatterBot India reevaluating
2024-10-14 13:34:36.809221 Lima: No
2024-10-14 13:34:36.809371 India: Yes
2024-10-14 13:34:36.809498 Bravo: No
ChatterBot India reevaluating
ChatterBot Echo reevaluating
ChatterBot Echo reevaluating
ChatterBot India reevaluating
ChatterBot Echo reevaluating
2024-10-14 13:34:36.894706 Kilo: Alpha, Golf and X-ray, sending you 3
2024-10-14 13:34:36.896768 Golf: Kilo, Alpha, Hotel and X-ray, sending you 3
2024-10-14 13:34:36.898064 Lima: India and Echo, sending you 4
2024-10-14 13:34:36.898995 Alpha: Kilo, Golf and X-ray, sending you 3
2024-10-14 13:34:36.900701 Hotel: Kilo, Alpha, Golf and X-ray, sending you 2
2024-10-14 13:34:36.902853 X-ray: Kilo, Alpha and Foxtrot, sending you 3
2024-10-14 13:34:36.904798 Echo: X-ray we want you to join our group
2024-10-14 13:34:36.908397 X-ray: No
ChatterBot Echo reevaluating
ChatterBot India reevaluating
2024-10-14 13:34:36.922187 Kilo: Hotel and Foxtrot, sending you 2
2024-10-14 13:34:36.924572 Golf: Echo and Foxtrot, sending you 2
2024-10-14 13:34:36.926375 Lima: Bravo, sending you 5
2024-10-14 13:34:36.927053 Alpha: Hotel and Foxtrot, sending you 2
2024-10-14 13:34:36.929329 X-ray: Hotel and Golf, sending you 2
2024-10-14 13:34:36.931623 Hotel: Foxtrot, sending you 1
2024-10-14 13:34:36.933793 Bravo: Lima and India, sending you 4
2024-10-14 13:34:36.935732 Foxtrot: Kilo, Alpha and Golf, sending you 2
2024-10-14 13:34:36.939929 Bravo: Echo, sending you 3
2024-10-14 13:34:36.941052 Foxtrot: X-ray, sending you 3
2024-10-14 13:34:36.948693 India: Lima, sending you 3
2024-10-14 13:34:36.954146 India: Echo and Bravo, sending you 4
2024-10-14 13:34:36.955173 Echo: Lima and Bravo, sending you 3
2024-10-14 13:34:36.961677 Echo: Golf, sending you 2
2024-10-14 13:34:36.969540 Echo: India, sending you 4
chatterbot Bravo submitting transactions
chatterbot Hotel submitting transactions
chatterbot Alpha submitting transactions
chatterbot Lima submitting transactions
chatterbot Kilo submitting transactions
chatterbot Echo submitting transactions
chatterbot India submitting transactions
chatterbot Foxtrot submitting transactions
chatterbot X-ray submitting transactions
chatterbot Golf submitting transactions
ChatterBot Lima round 11
ChatterBot Kilo round 11
ChatterBot Alpha round 11
ChatterBot Hotel round 11
ChatterBot Golf round 11
ChatterBot India round 11
ChatterBot Echo round 11
ChatterBot Bravo round 11
ChatterBot X-ray round 11
ChatterBot Foxtrot round 11
2024-10-14 13:34:37.872573 Golf: We should replace Echo with Lima
2024-10-14 13:34:37.883019 Kilo: No
2024-10-14 13:34:37.883192 Alpha: No
2024-10-14 13:34:37.883317 Hotel: No
2024-10-14 13:34:37.883431 X-ray: No
2024-10-14 13:34:37.883550 Foxtrot: No
ChatterBot Golf reevaluating
ChatterBot Golf reevaluating
ChatterBot Golf reevaluating
ChatterBot Golf reevaluating
2024-10-14 13:34:37.954669 Lima: India and Echo, sending you 4
2024-10-14 13:34:37.956709 Alpha: Kilo, Golf and X-ray, sending you 3
2024-10-14 13:34:37.957967 Lima: Bravo, sending you 5
2024-10-14 13:34:37.960672 Alpha: Hotel and Foxtrot, sending you 2
2024-10-14 13:34:37.961432 Kilo: Alpha, Golf and X-ray, sending you 3
2024-10-14 13:34:37.962471 Foxtrot: Kilo, Alpha and Golf, sending you 2
2024-10-14 13:34:37.964006 Hotel: Kilo, Alpha, Golf and X-ray, sending you 2
2024-10-14 13:34:37.965497 India: Lima, sending you 3
2024-10-14 13:34:37.966655 Kilo: Hotel and Foxtrot, sending you 2
2024-10-14 13:34:37.968675 Foxtrot: X-ray, sending you 3
2024-10-14 13:34:37.969684 Hotel: Foxtrot, sending you 1
2024-10-14 13:34:37.970597 Echo: Lima and Bravo, sending you 3
2024-10-14 13:34:37.971660 India: Echo and Bravo, sending you 4
2024-10-14 13:34:37.972178 Bravo: Lima and India, sending you 4
2024-10-14 13:34:37.972675 X-ray: Kilo, Alpha, Golf and Foxtrot, sending you 3
2024-10-14 13:34:37.976711 Echo: Golf, sending you 2
2024-10-14 13:34:37.977255 Bravo: Echo, sending you 3
2024-10-14 13:34:37.977642 X-ray: Hotel, sending you 1
2024-10-14 13:34:37.978413 Golf: Kilo, Alpha, Hotel and X-ray, sending you 3
2024-10-14 13:34:37.979683 Echo: India, sending you 4
2024-10-14 13:34:37.981678 Golf: Echo and Foxtrot, sending you 2
chatterbot Alpha submitting transactions
chatterbot India submitting transactions
chatterbot Foxtrot submitting transactions
chatterbot Lima submitting transactions
chatterbot Echo submitting transactions
chatterbot X-ray submitting transactions
chatterbot Kilo submitting transactions
chatterbot Bravo submitting transactions
chatterbot Hotel submitting transactions
chatterbot Golf submitting transactions
ChatterBot Lima round 12
ChatterBot Kilo round 12
ChatterBot Alpha round 12
ChatterBot Hotel round 12
ChatterBot Golf round 12
ChatterBot India round 12
ChatterBot Echo round 12
ChatterBot Bravo round 12
ChatterBot X-ray round 12
ChatterBot Foxtrot round 12
2024-10-14 13:34:39.151679 Echo: Lima and Bravo, sending you 3
2024-10-14 13:34:39.152705 Lima: India and Echo, sending you 4
2024-10-14 13:34:39.153216 Hotel: Kilo, Alpha, Golf and X-ray, sending you 2
2024-10-14 13:34:39.154684 Golf: Kilo, Alpha and X-ray, sending you 3
2024-10-14 13:34:39.155687 Foxtrot: Kilo, Alpha and Golf, sending you 2
2024-10-14 13:34:39.157377 Echo: Golf, sending you 2
2024-10-14 13:34:39.157958 Hotel: Foxtrot, sending you 1
2024-10-14 13:34:39.158717 Lima: Bravo, sending you 5
2024-10-14 13:34:39.159663 Bravo: Lima and India, sending you 4
2024-10-14 13:34:39.160143 Golf: Hotel, Echo and Foxtrot, sending you 2
2024-10-14 13:34:39.160784 Foxtrot: X-ray, sending you 3
2024-10-14 13:34:39.162224 Echo: India, sending you 4
2024-10-14 13:34:39.162672 X-ray: Kilo, Alpha, Golf and Foxtrot, sending you 3
2024-10-14 13:34:39.163665 Kilo: Alpha, Golf and X-ray, sending you 3
2024-10-14 13:34:39.165119 Alpha: Kilo, Golf and X-ray, sending you 3
2024-10-14 13:34:39.165891 Bravo: Echo, sending you 3
2024-10-14 13:34:39.167711 Kilo: Hotel and Foxtrot, sending you 2
2024-10-14 13:34:39.168788 X-ray: Hotel, sending you 1
2024-10-14 13:34:39.169995 India: Lima, sending you 3
2024-10-14 13:34:39.170375 Alpha: Hotel and Foxtrot, sending you 2
2024-10-14 13:34:39.172793 India: Echo and Bravo, sending you 4
chatterbot Echo submitting transactions
chatterbot Hotel submitting transactions
chatterbot X-ray submitting transactions
chatterbot Lima submitting transactions
