ChatterBot Zulu round 1
ChatterBot Uniform round 1
ChatterBot Golf round 1
ChatterBot Hotel round 1
ChatterBot Alpha round 1
ChatterBot Victor round 1
ChatterBot Bravo round 1
ChatterBot Mike round 1
ChatterBot Lima round 1
ChatterBot Charlie round 1
randomSelections Alpha: {Alpha, Zulu, Victor, Uniform, Bravo, Lima} 
2024-10-14 13:34:24.333474 Alpha: Can we be friends?
ChatterBot Zulu reevaluating
ChatterBot Victor reevaluating
ChatterBot Uniform reevaluating
ChatterBot Bravo reevaluating
ChatterBot Lima reevaluating
2024-10-14 13:34:24.350185 Zulu: Yes
2024-10-14 13:34:24.350345 Victor: Yes
2024-10-14 13:34:24.350505 Uniform: Yes
2024-10-14 13:34:24.350647 Bravo: Yes
2024-10-14 13:34:24.350767 Lima: Yes
ChatterBot Victor reevaluating
ChatterBot Uniform reevaluating
ChatterBot Bravo reevaluating
ChatterBot Lima reevaluating
ChatterBot Zulu reevaluating
ChatterBot Uniform reevaluating
ChatterBot Bravo reevaluating
ChatterBot Lima reevaluating
ChatterBot Zulu reevaluating
ChatterBot Victor reevaluating
ChatterBot Bravo reevaluating
ChatterBot Lima reevaluating
ChatterBot Zulu reevaluating
ChatterBot Victor reevaluating
ChatterBot Uniform reevaluating
ChatterBot Lima reevaluating
ChatterBot Zulu reevaluating
ChatterBot Victor reevaluating
ChatterBot Uniform reevaluating
ChatterBot Bravo reevaluating
randomSelections Hotel: {Hotel, Bravo, Alpha, Lima, Zulu, Victor, Golf, Mike} 
2024-10-14 13:34:24.418649 Hotel: Can we be friends?
ChatterBot Bravo reevaluating
ChatterBot Lima reevaluating
ChatterBot Zulu reevaluating
ChatterBot Victor reevaluating
ChatterBot Golf reevaluating
ChatterBot Mike reevaluating
2024-10-14 13:34:24.433862 Bravo: No
2024-10-14 13:34:24.434340 Alpha: No
2024-10-14 13:34:24.434464 Lima: No
2024-10-14 13:34:24.434557 Zulu: No
2024-10-14 13:34:24.434709 Victor: No
2024-10-14 13:34:24.434843 Golf: Yes
2024-10-14 13:34:24.434967 Mike: Yes
ChatterBot Lima reevaluating
ChatterBot Zulu reevaluating
ChatterBot Victor reevaluating
ChatterBot Golf reevaluating
ChatterBot Mike reevaluating
ChatterBot Bravo reevaluating
ChatterBot Lima reevaluating
ChatterBot Zulu reevaluating
ChatterBot Victor reevaluating
ChatterBot Golf reevaluating
ChatterBot Mike reevaluating
ChatterBot Bravo reevaluating
ChatterBot Zulu reevaluating
ChatterBot Victor reevaluating
ChatterBot Golf reevaluating
ChatterBot Mike reevaluating
ChatterBot Bravo reevaluating
ChatterBot Lima reevaluating
ChatterBot Victor reevaluating
ChatterBot Golf reevaluating
ChatterBot Mike reevaluating
ChatterBot Bravo reevaluating
ChatterBot Lima reevaluating
ChatterBot Zulu reevaluating
ChatterBot Golf reevaluating
ChatterBot Mike reevaluating
ChatterBot Bravo reevaluating
ChatterBot Lima reevaluating
ChatterBot Zulu reevaluating
ChatterBot Victor reevaluating
ChatterBot Mike reevaluating
ChatterBot Bravo reevaluating
ChatterBot Lima reevaluating
ChatterBot Zulu reevaluating
ChatterBot Victor reevaluating
ChatterBot Golf reevaluating
randomSelections Charlie: {Charlie, Zulu, Hotel, Alpha, Golf, Mike} 
2024-10-14 13:34:24.527319 Charlie: Let's form a team
ChatterBot Zulu reevaluating
ChatterBot Golf reevaluating
ChatterBot Mike reevaluating
2024-10-14 13:34:24.544294 Zulu: No
2024-10-14 13:34:24.544420 Hotel: No
2024-10-14 13:34:24.544534 Alpha: No
2024-10-14 13:34:24.544761 Golf: No
2024-10-14 13:34:24.544866 Mike: No
ChatterBot Golf reevaluating
ChatterBot Mike reevaluating
ChatterBot Zulu reevaluating
ChatterBot Golf reevaluating
ChatterBot Mike reevaluating
ChatterBot Zulu reevaluating
ChatterBot Golf reevaluating
ChatterBot Mike reevaluating
ChatterBot Zulu reevaluating
ChatterBot Mike reevaluating
ChatterBot Zulu reevaluating
ChatterBot Golf reevaluating
2024-10-14 13:34:24.648657 Charlie: Zulu, sending you 3
2024-10-14 13:34:24.656838 Victor: Zulu and Uniform, sending you 3
2024-10-14 13:34:24.657327 Charlie: Golf, sending you 2
2024-10-14 13:34:24.657688 Alpha: Zulu and Uniform, sending you 2
2024-10-14 13:34:24.658587 Uniform: Zulu, sending you 1
2024-10-14 13:34:24.658905 Lima: Zulu, sending you 1
2024-10-14 13:34:24.660673 Victor: Alpha and Bravo, sending you 1
2024-10-14 13:34:24.661189 Hotel: Zulu, Golf and Mike, sending you 3
2024-10-14 13:34:24.662213 Golf: Zulu and Mike, sending you 3
2024-10-14 13:34:24.662666 Alpha: Victor, Bravo and Lima, sending you 3
2024-10-14 13:34:24.663063 Charlie: Hotel, sending you 5
2024-10-14 13:34:24.663331 Uniform: Alpha and Bravo, sending you 4
2024-10-14 13:34:24.664479 Lima: Uniform and Victor, sending you 2
2024-10-14 13:34:24.664801 Zulu: Uniform, Victor and Bravo, sending you 2
2024-10-14 13:34:24.666595 Mike: Golf and Lima, sending you 3
2024-10-14 13:34:24.667005 Charlie: Mike, sending you 1
2024-10-14 13:34:24.667263 Hotel: Alpha, Victor and Bravo, sending you 2
2024-10-14 13:34:24.667590 Golf: Hotel, Alpha, Victor and Bravo, sending you 1
2024-10-14 13:34:24.668631 Lima: Alpha, sending you 4
2024-10-14 13:34:24.668937 Bravo: Zulu and Alpha, sending you 3
2024-10-14 13:34:24.669225 Uniform: Victor, sending you 3
2024-10-14 13:34:24.669688 Zulu: Lima, sending you 3
2024-10-14 13:34:24.670686 Mike: Hotel, sending you 1
2024-10-14 13:34:24.671163 Hotel: Lima, sending you 1
2024-10-14 13:34:24.671699 Golf: Lima, sending you 5
2024-10-14 13:34:24.672872 Lima: Bravo, sending you 3
2024-10-14 13:34:24.673210 Bravo: Victor, sending you 4
2024-10-14 13:34:24.676427 Mike: Alpha and Bravo, sending you 2
2024-10-14 13:34:24.678205 Bravo: Lima, sending you 1
chatterbot Hotel submitting transactions
chatterbot Victor submitting transactions
chatterbot Zulu submitting transactions
chatterbot Golf submitting transactions
chatterbot Bravo submitting transactions
chatterbot Alpha submitting transactions
chatterbot Charlie submitting transactions
chatterbot Mike submitting transactions
chatterbot Uniform submitting transactions
chatterbot Lima submitting transactions
ChatterBot Zulu round 2
ChatterBot Uniform round 2
ChatterBot Golf round 2
ChatterBot Hotel round 2
ChatterBot Alpha round 2
ChatterBot Victor round 2
ChatterBot Bravo round 2
ChatterBot Mike round 2
ChatterBot Lima round 2
ChatterBot Charlie round 2
2024-10-14 13:34:26.275024 Golf: Friends?
ChatterBot Hotel reevaluating
ChatterBot Mike reevaluating
ChatterBot Charlie reevaluating
2024-10-14 13:34:26.286826 Hotel: Yes
2024-10-14 13:34:26.287001 Mike: Yes
2024-10-14 13:34:26.287112 Charlie: Yes
ChatterBot Mike reevaluating
ChatterBot Charlie reevaluating
ChatterBot Hotel reevaluating
ChatterBot Charlie reevaluating
ChatterBot Hotel reevaluating
ChatterBot Mike reevaluating
2024-10-14 13:34:26.322125 Mike: Friends?
ChatterBot Hotel reevaluating
ChatterBot Charlie reevaluating
ChatterBot Zulu reevaluating
2024-10-14 13:34:26.347955 Golf: No
2024-10-14 13:34:26.348134 Hotel: No
2024-10-14 13:34:26.348229 Charlie: No
2024-10-14 13:34:26.348351 Zulu: No
ChatterBot Mike reevaluating
ChatterBot Hotel reevaluating
ChatterBot Charlie reevaluating
ChatterBot Zulu reevaluating
ChatterBot Mike reevaluating
ChatterBot Charlie reevaluating
ChatterBot Zulu reevaluating
ChatterBot Mike reevaluating
ChatterBot Hotel reevaluating
ChatterBot Zulu reevaluating
ChatterBot Mike reevaluating
ChatterBot Hotel reevaluating
ChatterBot Charlie reevaluating
2024-10-14 13:34:26.453021 Alpha: Let's form a team
ChatterBot Zulu reevaluating
ChatterBot Uniform reevaluating
ChatterBot Victor reevaluating
ChatterBot Bravo reevaluating
ChatterBot Lima reevaluating
ChatterBot Hotel reevaluating
ChatterBot Mike reevaluating
ChatterBot Charlie reevaluating
2024-10-14 13:34:26.491132 Zulu: No
2024-10-14 13:34:26.491267 Uniform: No
2024-10-14 13:34:26.491391 Victor: No
2024-10-14 13:34:26.491488 Bravo: No
2024-10-14 13:34:26.491583 Lima: Yes
2024-10-14 13:34:26.491698 Golf: No
2024-10-14 13:34:26.491804 Hotel: No
2024-10-14 13:34:26.491894 Mike: No
2024-10-14 13:34:26.492361 Charlie: No
ChatterBot Uniform reevaluating
ChatterBot Victor reevaluating
ChatterBot Bravo reevaluating
ChatterBot Lima reevaluating
ChatterBot Hotel reevaluating
ChatterBot Mike reevaluating
ChatterBot Charlie reevaluating
ChatterBot Alpha reevaluating
ChatterBot Zulu reevaluating
ChatterBot Victor reevaluating
ChatterBot Bravo reevaluating
ChatterBot Lima reevaluating
ChatterBot Hotel reevaluating
ChatterBot Mike reevaluating
ChatterBot Charlie reevaluating
ChatterBot Alpha reevaluating
ChatterBot Zulu reevaluating
ChatterBot Uniform reevaluating
ChatterBot Bravo reevaluating
ChatterBot Lima reevaluating
ChatterBot Hotel reevaluating
ChatterBot Mike reevaluating
ChatterBot Charlie reevaluating
ChatterBot Alpha reevaluating
ChatterBot Zulu reevaluating
ChatterBot Uniform reevaluating
ChatterBot Victor reevaluating
ChatterBot Lima reevaluating
ChatterBot Hotel reevaluating
ChatterBot Mike reevaluating
ChatterBot Charlie reevaluating
ChatterBot Alpha reevaluating
ChatterBot Zulu reevaluating
ChatterBot Uniform reevaluating
ChatterBot Victor reevaluating
ChatterBot Bravo reevaluating
ChatterBot Golf reevaluating
ChatterBot Hotel reevaluating
ChatterBot Mike reevaluating
ChatterBot Charlie reevaluating
ChatterBot Alpha reevaluating
ChatterBot Zulu reevaluating
ChatterBot Uniform reevaluating
ChatterBot Victor reevaluating
ChatterBot Bravo reevaluating
ChatterBot Lima reevaluating
ChatterBot Hotel reevaluating
ChatterBot Mike reevaluating
ChatterBot Charlie reevaluating
ChatterBot Alpha reevaluating
ChatterBot Zulu reevaluating
ChatterBot Uniform reevaluating
ChatterBot Victor reevaluating
ChatterBot Bravo reevaluating
ChatterBot Lima reevaluating
ChatterBot Golf reevaluating
ChatterBot Mike reevaluating
ChatterBot Charlie reevaluating
ChatterBot Alpha reevaluating
ChatterBot Zulu reevaluating
ChatterBot Uniform reevaluating
ChatterBot Victor reevaluating
ChatterBot Bravo reevaluating
ChatterBot Lima reevaluating
ChatterBot Golf reevaluating
ChatterBot Hotel reevaluating
ChatterBot Charlie reevaluating
ChatterBot Alpha reevaluating
ChatterBot Zulu reevaluating
ChatterBot Uniform reevaluating
ChatterBot Victor reevaluating
ChatterBot Bravo reevaluating
ChatterBot Lima reevaluating
ChatterBot Golf reevaluating
ChatterBot Hotel reevaluating
ChatterBot Mike reevaluating
2024-10-14 13:34:26.968460 Uniform: We should add Hotel
ChatterBot Alpha reevaluating
ChatterBot Zulu reevaluating
ChatterBot Victor reevaluating
ChatterBot Bravo reevaluating
ChatterBot Lima reevaluating
2024-10-14 13:34:26.995339 Alpha: Yes
2024-10-14 13:34:26.995822 Zulu: No
2024-10-14 13:34:26.995918 Victor: No
2024-10-14 13:34:26.996011 Bravo: No
2024-10-14 13:34:26.996094 Lima: Yes
ChatterBot Zulu reevaluating
ChatterBot Victor reevaluating
ChatterBot Uniform reevaluating
ChatterBot Bravo reevaluating
ChatterBot Lima reevaluating
ChatterBot Alpha reevaluating
ChatterBot Victor reevaluating
ChatterBot Uniform reevaluating
ChatterBot Bravo reevaluating
ChatterBot Lima reevaluating
ChatterBot Alpha reevaluating
ChatterBot Zulu reevaluating
ChatterBot Uniform reevaluating
ChatterBot Bravo reevaluating
ChatterBot Lima reevaluating
ChatterBot Alpha reevaluating
ChatterBot Zulu reevaluating
ChatterBot Victor reevaluating
ChatterBot Uniform reevaluating
ChatterBot Lima reevaluating
ChatterBot Alpha reevaluating
ChatterBot Zulu reevaluating
ChatterBot Victor reevaluating
ChatterBot Uniform reevaluating
ChatterBot Bravo reevaluating
2024-10-14 13:34:27.516462 Victor: We should drop Zulu
ChatterBot Alpha reevaluating
2024-10-14 13:34:27.547024 Uniform: No
2024-10-14 13:34:27.547272 Alpha: No
2024-10-14 13:34:27.547508 Bravo: No
2024-10-14 13:34:27.547867 Lima: No
ChatterBot Alpha reevaluating
ChatterBot Alpha reevaluating
ChatterBot Alpha reevaluating
2024-10-14 13:34:27.624196 Mike: Golf and Hotel, sending you 4
2024-10-14 13:34:27.743300 Uniform: Zulu, Alpha, Bravo and Lima, sending you 2
2024-10-14 13:34:27.744364 Bravo: Zulu, Alpha, Victor and Lima, sending you 2
2024-10-14 13:34:27.744966 Zulu: Uniform and Lima, sending you 1
2024-10-14 13:34:27.745948 Lima: Zulu, Alpha and Mike, sending you 2
2024-10-14 13:34:27.747167 Mike: Lima, sending you 1
2024-10-14 13:34:27.747625 Uniform: Victor, sending you 4
2024-10-14 13:34:27.780274 Bravo: Uniform, sending you 3
2024-10-14 13:34:27.781092 Zulu: Alpha and Bravo, sending you 2
2024-10-14 13:34:27.781448 Mike: Charlie, sending you 2
2024-10-14 13:34:27.781737 Victor: Uniform, Alpha and Bravo, sending you 3
2024-10-14 13:34:27.782028 Lima: Uniform, Hotel and Bravo, sending you 1
2024-10-14 13:34:27.799833 Zulu: Victor, sending you 3
2024-10-14 13:34:27.800200 Victor: Lima, sending you 2
2024-10-14 13:34:27.800568 Charlie: Golf, Hotel and Mike, sending you 3
2024-10-14 13:34:27.801318 Hotel: Golf and Mike, sending you 3
2024-10-14 13:34:27.801676 Lima: Golf, sending you 3
2024-10-14 13:34:27.802630 Alpha: Uniform, Bravo and Lima, sending you 3
2024-10-14 13:34:27.803050 Golf: Hotel and Mike, sending you 5
2024-10-14 13:34:27.814885 Charlie: Lima, sending you 2
2024-10-14 13:34:27.815918 Hotel: Lima, sending you 2
2024-10-14 13:34:27.816260 Alpha: Hotel and Mike, sending you 2
2024-10-14 13:34:27.816753 Golf: Lima, sending you 1
2024-10-14 13:34:27.822739 Alpha: Victor, sending you 1
2024-10-14 13:34:27.823487 Hotel: Charlie, sending you 8
2024-10-14 13:34:27.824348 Golf: Charlie, sending you 4
chatterbot Hotel submitting transactions
chatterbot Mike submitting transactions
chatterbot Bravo submitting transactions
chatterbot Zulu submitting transactions
chatterbot Alpha submitting transactions
chatterbot Golf submitting transactions
chatterbot Lima submitting transactions
chatterbot Charlie submitting transactions
chatterbot Victor submitting transactions
chatterbot Uniform submitting transactions
ChatterBot Zulu round 3
ChatterBot Uniform round 3
ChatterBot Golf round 3
ChatterBot Hotel round 3
ChatterBot Alpha round 3
ChatterBot Victor round 3
ChatterBot Bravo round 3
ChatterBot Mike round 3
ChatterBot Lima round 3
ChatterBot Charlie round 3
2024-10-14 13:34:28.781541 Victor: We should replace Lima with Zulu
ChatterBot Alpha reevaluating
ChatterBot Bravo reevaluating
2024-10-14 13:34:28.797025 Uniform: No
2024-10-14 13:34:28.797184 Alpha: No
2024-10-14 13:34:28.797321 Bravo: No
ChatterBot Alpha reevaluating
ChatterBot Bravo reevaluating
ChatterBot Bravo reevaluating
ChatterBot Alpha reevaluating
2024-10-14 13:34:28.855779 Victor: Zulu we want you to join our group
2024-10-14 13:34:28.870569 Zulu: Yes
ChatterBot Alpha reevaluating
ChatterBot Bravo reevaluating
2024-10-14 13:34:28.923187 Uniform: Zulu, Bravo and Lima, sending you 2
2024-10-14 13:34:28.924819 Zulu: Uniform, Victor, Bravo and Lima, sending you 2
2024-10-14 13:34:29.042735 Uniform: Alpha and Victor, sending you 3
2024-10-14 13:34:29.043460 Golf: Hotel, Mike and Charlie, sending you 4
2024-10-14 13:34:29.044444 Zulu: Alpha, sending you 1
2024-10-14 13:34:29.044944 Lima: Zulu, Uniform, Hotel, Victor, Bravo, Mike and Charlie, sending you 1
2024-10-14 13:34:29.046070 Mike: Golf, sending you 4
2024-10-14 13:34:29.046430 Hotel: Golf and Charlie, sending you 5
2024-10-14 13:34:29.077829 Golf: Lima, sending you 3
2024-10-14 13:34:29.078706 Lima: Golf, sending you 2
2024-10-14 13:34:29.079110 Mike: Hotel, sending you 3
2024-10-14 13:34:29.079794 Hotel: Mike, sending you 4
2024-10-14 13:34:29.080060 Charlie: Golf, sending you 3
2024-10-14 13:34:29.080291 Victor: Zulu, Uniform and Bravo, sending you 3
2024-10-14 13:34:29.121670 Lima: Alpha, sending you 3
2024-10-14 13:34:29.122244 Hotel: Lima, sending you 2
2024-10-14 13:34:29.122936 Victor: Alpha, sending you 2
2024-10-14 13:34:29.123214 Mike: Lima and Charlie, sending you 2
2024-10-14 13:34:29.123597 Bravo: Zulu, Uniform, Victor and Lima, sending you 2
2024-10-14 13:34:29.124323 Charlie: Hotel, sending you 5
2024-10-14 13:34:29.124706 Alpha: Zulu, sending you 2
2024-10-14 13:34:29.159787 Bravo: Alpha, sending you 3
2024-10-14 13:34:29.160291 Alpha: Uniform, Victor, Bravo and Lima, sending you 3
2024-10-14 13:34:29.161010 Charlie: Mike, sending you 2
2024-10-14 13:34:29.171745 Alpha: Mike, sending you 1
2024-10-14 13:34:29.172311 Charlie: Lima, sending you 1
chatterbot Mike submitting transactions
chatterbot Hotel submitting transactions
chatterbot Golf submitting transactions
chatterbot Alpha submitting transactions
chatterbot Charlie submitting transactions
chatterbot Uniform submitting transactions
chatterbot Bravo submitting transactions
chatterbot Lima submitting transactions
chatterbot Zulu submitting transactions
chatterbot Victor submitting transactions
ChatterBot Zulu round 4
ChatterBot Uniform round 4
ChatterBot Golf round 4
ChatterBot Hotel round 4
ChatterBot Alpha round 4
ChatterBot Victor round 4
ChatterBot Bravo round 4
ChatterBot Mike round 4
ChatterBot Lima round 4
ChatterBot Charlie round 4
2024-10-14 13:34:30.104763 Zulu: Uniform, Victor, Bravo and Lima, sending you 2
2024-10-14 13:34:30.108355 Alpha: Zulu, sending you 1
2024-10-14 13:34:30.110648 Zulu: Alpha, sending you 1
2024-10-14 13:34:30.111696 Uniform: Zulu, Bravo and Lima, sending you 2
2024-10-14 13:34:30.112196 Golf: Hotel, Mike and Charlie, sending you 4
2024-10-14 13:34:30.112708 Mike: Golf, sending you 4
2024-10-14 13:34:30.113768 Alpha: Uniform, Victor and Bravo, sending you 3
2024-10-14 13:34:30.117399 Victor: Zulu, Uniform and Bravo, sending you 3
2024-10-14 13:34:30.117838 Golf: Lima, sending you 3
2024-10-14 13:34:30.118308 Uniform: Alpha and Victor, sending you 3
2024-10-14 13:34:30.119306 Mike: Hotel, sending you 3
2024-10-14 13:34:30.119731 Bravo: Zulu, Uniform, Victor and Lima, sending you 2
2024-10-14 13:34:30.120822 Alpha: Lima, sending you 4
2024-10-14 13:34:30.128313 Victor: Alpha, sending you 2
2024-10-14 13:34:30.129243 Bravo: Alpha, sending you 3
2024-10-14 13:34:30.129954 Hotel: Golf and Mike, sending you 4
2024-10-14 13:34:30.131027 Mike: Lima and Charlie, sending you 2
2024-10-14 13:34:30.131529 Lima: Zulu, Uniform, Hotel, Victor, Bravo, Mike and Charlie, sending you 1
2024-10-14 13:34:30.134656 Hotel: Lima, sending you 2
2024-10-14 13:34:30.136731 Lima: Golf, sending you 2
2024-10-14 13:34:30.137310 Charlie: Golf, sending you 3
2024-10-14 13:34:30.138662 Hotel: Charlie, sending you 6
2024-10-14 13:34:30.139802 Lima: Alpha, sending you 3
2024-10-14 13:34:30.140686 Charlie: Hotel, sending you 4
2024-10-14 13:34:30.143686 Charlie: Mike and Lima, sending you 2
chatterbot Golf submitting transactions
chatterbot Zulu submitting transactions
chatterbot Victor submitting transactions
chatterbot Hotel submitting transactions
chatterbot Lima submitting transactions
chatterbot Mike submitting transactions
chatterbot Bravo submitting transactions
chatterbot Uniform submitting transactions
chatterbot Alpha submitting transactions
chatterbot Charlie submitting transactions
ChatterBot Zulu round 5
ChatterBot Uniform round 5
ChatterBot Golf round 5
ChatterBot Hotel round 5
ChatterBot Alpha round 5
ChatterBot Victor round 5
ChatterBot Bravo round 5
ChatterBot Mike round 5
ChatterBot Lima round 5
ChatterBot Charlie round 5
2024-10-14 13:34:31.381674 Uniform: Zulu, Bravo and Lima, sending you 2
2024-10-14 13:34:31.384691 Zulu: Uniform, Victor, Bravo and Lima, sending you 2
2024-10-14 13:34:31.386202 Alpha: Zulu, sending you 1
2024-10-14 13:34:31.386694 Uniform: Alpha and Victor, sending you 3
2024-10-14 13:34:31.389665 Zulu: Alpha, sending you 1
2024-10-14 13:34:31.390212 Alpha: Uniform, Victor and Bravo, sending you 3
2024-10-14 13:34:31.391722 Golf: Hotel, Mike and Charlie, sending you 4
2024-10-14 13:34:31.392416 Lima: Zulu, Uniform, Hotel, Victor, Bravo, Mike and Charlie, sending you 1
2024-10-14 13:34:31.393855 Hotel: Golf and Charlie, sending you 5
2024-10-14 13:34:31.395677 Alpha: Lima, sending you 4
2024-10-14 13:34:31.396073 Victor: Zulu, sending you 2
2024-10-14 13:34:31.396695 Charlie: Golf, sending you 3
2024-10-14 13:34:31.397287 Golf: Lima, sending you 3
2024-10-14 13:34:31.397919 Lima: Golf, sending you 2
2024-10-14 13:34:31.402494 Hotel: Mike, sending you 4
2024-10-14 13:34:31.403131 Victor: Uniform, Alpha and Bravo, sending you 3
2024-10-14 13:34:31.403608 Charlie: Hotel, sending you 4
2024-10-14 13:34:31.404947 Mike: Golf, sending you 4
2024-10-14 13:34:31.406757 Lima: Alpha, sending you 3
2024-10-14 13:34:31.407776 Hotel: Lima, sending you 2
2024-10-14 13:34:31.408242 Mike: Hotel, sending you 3
2024-10-14 13:34:31.409196 Charlie: Mike and Lima, sending you 2
2024-10-14 13:34:31.409747 Bravo: Zulu, Uniform, Victor and Lima, sending you 2
2024-10-14 13:34:31.413692 Mike: Lima and Charlie, sending you 2
2024-10-14 13:34:31.416720 Bravo: Alpha, sending you 3
chatterbot Golf submitting transactions
chatterbot Lima submitting transactions
chatterbot Hotel submitting transactions
chatterbot Bravo submitting transactions
chatterbot Zulu submitting transactions
chatterbot Uniform submitting transactions
chatterbot Alpha submitting transactions
chatterbot Charlie submitting transactions
chatterbot Victor submitting transactions
chatterbot Mike submitting transactions
ChatterBot Zulu round 6
ChatterBot Uniform round 6
ChatterBot Golf round 6
ChatterBot Hotel round 6
ChatterBot Alpha round 6
ChatterBot Victor round 6
ChatterBot Bravo round 6
ChatterBot Mike round 6
ChatterBot Lima round 6
ChatterBot Charlie round 6
2024-10-14 13:34:32.593938 Alpha: We should replace Mike with Hotel
2024-10-14 13:34:32.604732 Zulu: No
2024-10-14 13:34:32.604915 Victor: No
2024-10-14 13:34:32.605040 Uniform: No
2024-10-14 13:34:32.605161 Bravo: No
2024-10-14 13:34:32.605270 Lima: No
ChatterBot Alpha reevaluating
ChatterBot Alpha reevaluating
ChatterBot Alpha reevaluating
ChatterBot Alpha reevaluating
ChatterBot Alpha reevaluating
2024-10-14 13:34:32.667663 Zulu: Uniform, Victor, Bravo and Lima, sending you 2
2024-10-14 13:34:32.672656 Zulu: Alpha, sending you 1
2024-10-14 13:34:32.675674 Victor: Zulu, sending you 2
2024-10-14 13:34:32.677672 Hotel: Golf and Charlie, sending you 5
2024-10-14 13:34:32.678662 Uniform: Zulu, Bravo and Lima, sending you 2
2024-10-14 13:34:32.680685 Victor: Uniform, Alpha and Bravo, sending you 3
2024-10-14 13:34:32.681708 Uniform: Alpha and Victor, sending you 3
2024-10-14 13:34:32.682954 Hotel: Mike, sending you 4
2024-10-14 13:34:32.684670 Bravo: Zulu, Uniform, Victor and Lima, sending you 2
2024-10-14 13:34:32.685725 Golf: Hotel, Mike and Charlie, sending you 4
2024-10-14 13:34:32.686688 Lima: Zulu, Uniform, Hotel, Victor, Bravo, Mike and Charlie, sending you 1
2024-10-14 13:34:32.687451 Hotel: Lima, sending you 2
2024-10-14 13:34:32.687921 Charlie: Golf, sending you 3
2024-10-14 13:34:32.688304 Mike: Golf, sending you 4
2024-10-14 13:34:32.689019 Golf: Lima, sending you 3
2024-10-14 13:34:32.689704 Bravo: Alpha, sending you 3
2024-10-14 13:34:32.690199 Lima: Golf, sending you 2
2024-10-14 13:34:32.691677 Charlie: Hotel, sending you 4
2024-10-14 13:34:32.692232 Mike: Hotel, sending you 3
2024-10-14 13:34:32.692643 Alpha: Zulu, sending you 1
2024-10-14 13:34:32.695706 Lima: Alpha, sending you 3
2024-10-14 13:34:32.697030 Charlie: Mike and Lima, sending you 2
2024-10-14 13:34:32.697505 Mike: Lima and Charlie, sending you 2
2024-10-14 13:34:32.697958 Alpha: Uniform, Victor and Bravo, sending you 3
2024-10-14 13:34:32.702686 Alpha: Lima, sending you 4
chatterbot Zulu submitting transactions
chatterbot Bravo submitting transactions
chatterbot Golf submitting transactions
chatterbot Mike submitting transactions
chatterbot Lima submitting transactions
chatterbot Alpha submitting transactions
chatterbot Charlie submitting transactions
chatterbot Victor submitting transactions
chatterbot Uniform submitting transactions
chatterbot Hotel submitting transactions
ChatterBot Zulu round 7
ChatterBot Uniform round 7
ChatterBot Golf round 7
ChatterBot Hotel round 7
ChatterBot Alpha round 7
ChatterBot Victor round 7
ChatterBot Bravo round 7
ChatterBot Mike round 7
ChatterBot Lima round 7
ChatterBot Charlie round 7
2024-10-14 13:34:33.801293 Zulu: Uniform, Victor, Bravo and Lima, sending you 2
2024-10-14 13:34:33.804885 Victor: Zulu, sending you 2
2024-10-14 13:34:33.805681 Mike: Golf, sending you 4
2024-10-14 13:34:33.807290 Lima: Zulu, Uniform and Bravo, sending you 2
2024-10-14 13:34:33.808098 Alpha: Zulu, sending you 1
2024-10-14 13:34:33.809751 Zulu: Alpha, sending you 1
2024-10-14 13:34:33.810713 Golf: Hotel, Mike and Charlie, sending you 4
2024-10-14 13:34:33.812407 Hotel: Golf and Charlie, sending you 5
2024-10-14 13:34:33.813014 Victor: Uniform, Alpha and Bravo, sending you 3
2024-10-14 13:34:33.813960 Mike: Hotel, sending you 3
2024-10-14 13:34:33.814441 Uniform: Zulu, Bravo and Lima, sending you 2
2024-10-14 13:34:33.815154 Lima: Alpha, sending you 4
2024-10-14 13:34:33.816532 Alpha: Uniform, Victor and Bravo, sending you 3
2024-10-14 13:34:33.817662 Charlie: Golf, sending you 3
2024-10-14 13:34:33.818182 Bravo: Zulu, Uniform, Victor and Lima, sending you 2
2024-10-14 13:34:33.818836 Golf: Lima, sending you 3
2024-10-14 13:34:33.819928 Hotel: Mike, sending you 4
2024-10-14 13:34:33.820810 Mike: Lima and Charlie, sending you 2
2024-10-14 13:34:33.821918 Uniform: Alpha and Victor, sending you 3
2024-10-14 13:34:33.823421 Lima: Victor, sending you 1
2024-10-14 13:34:33.824347 Alpha: Lima, sending you 4
2024-10-14 13:34:33.824751 Charlie: Hotel, sending you 4
2024-10-14 13:34:33.825706 Bravo: Alpha, sending you 3
2024-10-14 13:34:33.827160 Hotel: Lima, sending you 2
2024-10-14 13:34:33.829313 Charlie: Mike and Lima, sending you 2
chatterbot Zulu submitting transactions
chatterbot Victor submitting transactions
chatterbot Golf submitting transactions
chatterbot Alpha submitting transactions
chatterbot Uniform submitting transactions
chatterbot Charlie submitting transactions
chatterbot Mike submitting transactions
chatterbot Hotel submitting transactions
chatterbot Lima submitting transactions
chatterbot Bravo submitting transactions
ChatterBot Zulu round 8
ChatterBot Uniform round 8
ChatterBot Golf round 8
ChatterBot Hotel round 8
ChatterBot Alpha round 8
ChatterBot Victor round 8
ChatterBot Bravo round 8
ChatterBot Mike round 8
ChatterBot Lima round 8
ChatterBot Charlie round 8
2024-10-14 13:34:35.083622 Lima: We should add Golf
ChatterBot Alpha reevaluating
2024-10-14 13:34:35.103571 Alpha: Yes
2024-10-14 13:34:35.103986 Zulu: No
2024-10-14 13:34:35.104739 Victor: No
2024-10-14 13:34:35.104896 Uniform: No
2024-10-14 13:34:35.105190 Bravo: No
ChatterBot Lima reevaluating
ChatterBot Alpha reevaluating
ChatterBot Lima reevaluating
ChatterBot Alpha reevaluating
ChatterBot Lima reevaluating
ChatterBot Alpha reevaluating
ChatterBot Lima reevaluating
ChatterBot Alpha reevaluating
ChatterBot Lima reevaluating
2024-10-14 13:34:35.204053 Alpha: We should drop Mike
ChatterBot Lima reevaluating
2024-10-14 13:34:35.229244 Zulu: Yes
2024-10-14 13:34:35.229472 Victor: Yes
2024-10-14 13:34:35.230156 Uniform: Yes
2024-10-14 13:34:35.230348 Bravo: Yes
2024-10-14 13:34:35.230511 Lima: Yes
ChatterBot Alpha reevaluating
ChatterBot Lima reevaluating
ChatterBot Alpha reevaluating
ChatterBot Lima reevaluating
ChatterBot Alpha reevaluating
ChatterBot Lima reevaluating
ChatterBot Alpha reevaluating
ChatterBot Lima reevaluating
ChatterBot Alpha reevaluating
2024-10-14 13:34:35.315439 Uniform: Zulu, Bravo and Lima, sending you 2
2024-10-14 13:34:35.317728 Bravo: Zulu, Uniform, Alpha and Lima, sending you 2
2024-10-14 13:34:35.318467 Victor: Zulu, sending you 2
2024-10-14 13:34:35.318897 Golf: Hotel, Mike and Charlie, sending you 4
2024-10-14 13:34:35.319931 Uniform: Alpha and Victor, sending you 3
2024-10-14 13:34:35.320505 Zulu: Uniform, Victor, Bravo and Lima, sending you 2
2024-10-14 13:34:35.321551 Hotel: Golf and Charlie, sending you 5
2024-10-14 13:34:35.322059 Charlie: Golf, sending you 3
2024-10-14 13:34:35.322534 Mike: Golf, sending you 5
2024-10-14 13:34:35.323031 Bravo: Victor, sending you 3
2024-10-14 13:34:35.324439 Victor: Uniform, Alpha and Bravo, sending you 3
2024-10-14 13:34:35.324980 Golf: Lima, sending you 3
2024-10-14 13:34:35.326028 Zulu: Alpha, sending you 1
2024-10-14 13:34:35.326711 Hotel: Mike, sending you 4
2024-10-14 13:34:35.327704 Charlie: Hotel, sending you 4
chatterbot Victor submitting transactions
2024-10-14 13:34:35.328927 Mike: Hotel, sending you 3
2024-10-14 13:34:35.329691 Hotel: Lima, sending you 2
2024-10-14 13:34:35.332880 Charlie: Mike and Lima, sending you 2
2024-10-14 13:34:35.333963 Mike: Lima, sending you 1
2024-10-14 13:34:35.339129 Mike: Charlie, sending you 2
2024-10-14 13:34:35.340707 Lima: Zulu, Uniform and Bravo, sending you 2
2024-10-14 13:34:35.345857 Lima: Alpha, sending you 4
2024-10-14 13:34:35.350700 Lima: Victor, sending you 1
2024-10-14 13:34:35.353691 Alpha: Zulu, sending you 1
2024-10-14 13:34:35.359824 Alpha: Uniform, Victor and Bravo, sending you 3
2024-10-14 13:34:35.365665 Alpha: Lima, sending you 4
chatterbot Zulu submitting transactions
chatterbot Mike submitting transactions
chatterbot Alpha submitting transactions
chatterbot Charlie submitting transactions
chatterbot Uniform submitting transactions
chatterbot Golf submitting transactions
chatterbot Lima submitting transactions
chatterbot Hotel submitting transactions
chatterbot Bravo submitting transactions
ChatterBot Zulu round 9
ChatterBot Uniform round 9
ChatterBot Golf round 9
ChatterBot Hotel round 9
ChatterBot Alpha round 9
ChatterBot Victor round 9
ChatterBot Bravo round 9
ChatterBot Mike round 9
ChatterBot Lima round 9
ChatterBot Charlie round 9
2024-10-14 13:34:36.100801 Alpha: We should add Hotel
ChatterBot Lima reevaluating
2024-10-14 13:34:36.112999 Zulu: No
2024-10-14 13:34:36.113185 Victor: No
2024-10-14 13:34:36.113330 Uniform: No
2024-10-14 13:34:36.113454 Bravo: No
2024-10-14 13:34:36.114019 Lima: Yes
ChatterBot Alpha reevaluating
ChatterBot Lima reevaluating
ChatterBot Alpha reevaluating
ChatterBot Lima reevaluating
ChatterBot Alpha reevaluating
ChatterBot Lima reevaluating
ChatterBot Alpha reevaluating
ChatterBot Lima reevaluating
ChatterBot Alpha reevaluating
2024-10-14 13:34:36.214688 Zulu: Uniform, Victor, Bravo and Lima, sending you 2
2024-10-14 13:34:36.216664 Uniform: Zulu, Bravo and Lima, sending you 2
2024-10-14 13:34:36.221957 Zulu: Alpha, sending you 1
2024-10-14 13:34:36.222767 Uniform: Alpha and Victor, sending you 3
2024-10-14 13:34:36.224662 Golf: Hotel, Mike and Charlie, sending you 4
2024-10-14 13:34:36.229528 Victor: Zulu, sending you 2
2024-10-14 13:34:36.230335 Hotel: Golf and Charlie, sending you 5
2024-10-14 13:34:36.232047 Golf: Lima, sending you 3
2024-10-14 13:34:36.232896 Lima: Zulu, Uniform and Bravo, sending you 2
2024-10-14 13:34:36.233996 Victor: Uniform, Alpha and Bravo, sending you 3
2024-10-14 13:34:36.235107 Bravo: Zulu, Uniform, Victor and Lima, sending you 2
2024-10-14 13:34:36.236104 Hotel: Mike, sending you 4
2024-10-14 13:34:36.238109 Lima: Alpha, sending you 4
2024-10-14 13:34:36.239270 Charlie: Golf, sending you 3
2024-10-14 13:34:36.240847 Mike: Golf and Hotel, sending you 4
2024-10-14 13:34:36.241422 Bravo: Alpha, sending you 3
2024-10-14 13:34:36.242364 Alpha: Zulu, sending you 1
2024-10-14 13:34:36.244121 Hotel: Lima, sending you 2
2024-10-14 13:34:36.245161 Lima: Victor, sending you 1
2024-10-14 13:34:36.246439 Charlie: Hotel, sending you 4
2024-10-14 13:34:36.247227 Mike: Lima, sending you 1
2024-10-14 13:34:36.248358 Alpha: Uniform, Victor and Bravo, sending you 3
2024-10-14 13:34:36.251738 Charlie: Mike and Lima, sending you 2
2024-10-14 13:34:36.253655 Mike: Charlie, sending you 2
2024-10-14 13:34:36.255682 Alpha: Lima, sending you 4
chatterbot Charlie submitting transactions
chatterbot Victor submitting transactions
chatterbot Lima submitting transactions
chatterbot Uniform submitting transactions
chatterbot Golf submitting transactions
chatterbot Alpha submitting transactions
chatterbot Bravo submitting transactions
chatterbot Mike submitting transactions
chatterbot Zulu submitting transactions
chatterbot Hotel submitting transactions
ChatterBot Zulu round 10
ChatterBot Uniform round 10
ChatterBot Golf round 10
ChatterBot Hotel round 10
ChatterBot Alpha round 10
ChatterBot Victor round 10
ChatterBot Bravo round 10
ChatterBot Mike round 10
ChatterBot Lima round 10
ChatterBot Charlie round 10
2024-10-14 13:34:37.234667 Zulu: Uniform, Victor, Bravo and Lima, sending you 2
2024-10-14 13:34:37.239683 Uniform: Zulu, Bravo and Lima, sending you 2
2024-10-14 13:34:37.241704 Zulu: Alpha, sending you 1
2024-10-14 13:34:37.243483 Victor: Zulu, sending you 2
2024-10-14 13:34:37.244171 Mike: Golf and Hotel, sending you 4
2024-10-14 13:34:37.245782 Bravo: Zulu, Uniform, Victor and Lima, sending you 2
2024-10-14 13:34:37.246725 Uniform: Alpha and Victor, sending you 3
2024-10-14 13:34:37.247429 Golf: Hotel, Mike and Charlie, sending you 4
2024-10-14 13:34:37.248720 Victor: Uniform, Alpha and Bravo, sending you 3
2024-10-14 13:34:37.249556 Hotel: Golf and Charlie, sending you 5
2024-10-14 13:34:37.250728 Mike: Lima, sending you 1
2024-10-14 13:34:37.251674 Bravo: Alpha, sending you 3
2024-10-14 13:34:37.252934 Alpha: Zulu, sending you 1
2024-10-14 13:34:37.253623 Golf: Lima, sending you 3
2024-10-14 13:34:37.254503 Hotel: Mike, sending you 4
2024-10-14 13:34:37.255805 Mike: Charlie, sending you 2
2024-10-14 13:34:37.256537 Alpha: Uniform, Victor and Bravo, sending you 3
2024-10-14 13:34:37.259779 Hotel: Lima, sending you 2
2024-10-14 13:34:37.261678 Lima: Zulu, Uniform and Bravo, sending you 2
2024-10-14 13:34:37.263050 Alpha: Lima, sending you 4
2024-10-14 13:34:37.263990 Charlie: Golf, sending you 3
2024-10-14 13:34:37.265673 Lima: Alpha, sending you 4
2024-10-14 13:34:37.268741 Charlie: Hotel, sending you 5
2024-10-14 13:34:37.270930 Lima: Victor, sending you 1
2024-10-14 13:34:37.275095 Charlie: Mike, sending you 2
2024-10-14 13:34:37.280687 Charlie: Lima, sending you 1
chatterbot Lima submitting transactions
chatterbot Uniform submitting transactions
chatterbot Hotel submitting transactions
chatterbot Alpha submitting transactions
chatterbot Golf submitting transactions
chatterbot Victor submitting transactions
chatterbot Bravo submitting transactions
chatterbot Charlie submitting transactions
chatterbot Zulu submitting transactions
chatterbot Mike submitting transactions
ChatterBot Zulu round 11
ChatterBot Uniform round 11
ChatterBot Golf round 11
ChatterBot Hotel round 11
ChatterBot Alpha round 11
ChatterBot Victor round 11
ChatterBot Bravo round 11
ChatterBot Mike round 11
ChatterBot Lima round 11
ChatterBot Charlie round 11
2024-10-14 13:34:38.558679 Alpha: We should add Charlie
2024-10-14 13:34:38.578328 Zulu: No
2024-10-14 13:34:38.578698 Victor: No
2024-10-14 13:34:38.578921 Uniform: No
2024-10-14 13:34:38.579111 Bravo: No
2024-10-14 13:34:38.579273 Lima: No
ChatterBot Alpha reevaluating
ChatterBot Alpha reevaluating
ChatterBot Alpha reevaluating
ChatterBot Alpha reevaluating
ChatterBot Alpha reevaluating
2024-10-14 13:34:38.713380 Uniform: Zulu, Bravo and Lima, sending you 2
2024-10-14 13:34:38.715185 Lima: Zulu, Uniform and Bravo, sending you 2
2024-10-14 13:34:38.716073 Bravo: Zulu, Uniform, Victor and Lima, sending you 2
2024-10-14 13:34:38.719352 Uniform: Alpha and Victor, sending you 3
2024-10-14 13:34:38.721362 Lima: Alpha, sending you 4
2024-10-14 13:34:38.723234 Mike: Golf and Hotel, sending you 4
2024-10-14 13:34:38.723993 Zulu: Uniform, Victor, Bravo and Lima, sending you 2
2024-10-14 13:34:38.725436 Bravo: Alpha, sending you 3
2024-10-14 13:34:38.727088 Golf: Hotel, Mike and Charlie, sending you 4
2024-10-14 13:34:38.728656 Charlie: Golf, sending you 3
2024-10-14 13:34:38.729544 Victor: Zulu, sending you 2
2024-10-14 13:34:38.730886 Hotel: Golf and Charlie, sending you 5
2024-10-14 13:34:38.732006 Lima: Victor, sending you 1
2024-10-14 13:34:38.733745 Mike: Lima, sending you 1
2024-10-14 13:34:38.735023 Zulu: Alpha, sending you 1
2024-10-14 13:34:38.737096 Alpha: Zulu, sending you 1
2024-10-14 13:34:38.738409 Golf: Lima, sending you 3
2024-10-14 13:34:38.739194 Charlie: Hotel, sending you 5
2024-10-14 13:34:38.740167 Victor: Uniform, Alpha and Bravo, sending you 3
2024-10-14 13:34:38.740755 Hotel: Mike, sending you 4
2024-10-14 13:34:38.741517 Mike: Charlie, sending you 2
2024-10-14 13:34:38.742695 Alpha: Uniform, Victor and Bravo, sending you 3
2024-10-14 13:34:38.743738 Charlie: Mike, sending you 2
2024-10-14 13:34:38.744901 Hotel: Lima, sending you 2
2024-10-14 13:34:38.748651 Alpha: Lima, sending you 4
2024-10-14 13:34:38.750324 Charlie: Lima, sending you 1
chatterbot Bravo submitting transactions
chatterbot Golf submitting transactions
chatterbot Hotel submitting transactions
chatterbot Zulu submitting transactions
chatterbot Lima submitting transactions
chatterbot Uniform submitting transactions
chatterbot Victor submitting transactions
chatterbot Alpha submitting transactions
chatterbot Mike submitting transactions
chatterbot Charlie submitting transactions
ChatterBot Zulu round 12
ChatterBot Uniform round 12
ChatterBot Golf round 12
ChatterBot Hotel round 12
ChatterBot Alpha round 12
ChatterBot Victor round 12
ChatterBot Bravo round 12
ChatterBot Mike round 12
ChatterBot Lima round 12
ChatterBot Charlie round 12
2024-10-14 13:34:40.023706 Bravo: Zulu, Uniform, Victor and Lima, sending you 2
2024-10-14 13:34:40.026673 Lima: Zulu, Uniform and Bravo, sending you 2
2024-10-14 13:34:40.029661 Charlie: Golf, sending you 3
2024-10-14 13:34:40.031609 Bravo: Alpha, sending you 3
2024-10-14 13:34:40.034051 Hotel: Golf and Charlie, sending you 5
2024-10-14 13:34:40.036592 Lima: Alpha, sending you 4
2024-10-14 13:34:40.038496 Charlie: Hotel, sending you 5
2024-10-14 13:34:40.040149 Zulu: Uniform, Victor, Bravo and Lima, sending you 2
2024-10-14 13:34:40.042507 Hotel: Mike, sending you 4
2024-10-14 13:34:40.044129 Uniform: Zulu, Bravo and Lima, sending you 2
2024-10-14 13:34:40.046524 Golf: Hotel, sending you 5
2024-10-14 13:34:40.048547 Mike: Golf and Hotel, sending you 4
2024-10-14 13:34:40.050357 Alpha: Zulu, sending you 1
2024-10-14 13:34:40.053199 Victor: Zulu, sending you 2
2024-10-14 13:34:40.053896 Lima: Victor, sending you 1
2024-10-14 13:34:40.056354 Charlie: Mike, sending you 2
2024-10-14 13:34:40.058190 Zulu: Alpha, sending you 1
2024-10-14 13:34:40.060251 Hotel: Lima, sending you 2
2024-10-14 13:34:40.063290 Uniform: Alpha and Victor, sending you 3
2024-10-14 13:34:40.066607 Golf: Mike and Charlie, sending you 4
2024-10-14 13:34:40.069502 Mike: Lima, sending you 1
2024-10-14 13:34:40.071874 Alpha: Uniform, Victor and Bravo, sending you 3
2024-10-14 13:34:40.074471 Victor: Uniform, Alpha and Bravo, sending you 3
2024-10-14 13:34:40.075867 Charlie: Lima, sending you 1
2024-10-14 13:34:40.077027 Golf: Lima, sending you 2
2024-10-14 13:34:40.079055 Mike: Charlie, sending you 2
2024-10-14 13:34:40.080834 Alpha: Lima, sending you 4
chatterbot Charlie submitting transactions
chatterbot Victor submitting transactions
chatterbot Hotel submitting transactions
chatterbot Lima submitting transactions
chatterbot Zulu submitting transactions
chatterbot Bravo submitting transactions
chatterbot Mike submitting transactions
chatterbot Uniform submitting transactions
chatterbot Alpha submitting transactions
chatterbot Golf submitting transactions
ChatterBot Zulu round 13
ChatterBot Uniform round 13
ChatterBot Golf round 13
ChatterBot Hotel round 13
ChatterBot Alpha round 13
ChatterBot Victor round 13
ChatterBot Bravo round 13
ChatterBot Mike round 13
ChatterBot Lima round 13
ChatterBot Charlie round 13
2024-10-14 13:34:41.309755 Uniform: Zulu, Bravo and Lima, sending you 2
2024-10-14 13:34:41.312301 Golf: Hotel, sending you 5
2024-10-14 13:34:41.314451 Zulu: Uniform, Victor, Bravo and Lima, sending you 2
2024-10-14 13:34:41.317732 Uniform: Alpha and Victor, sending you 3
2024-10-14 13:34:41.319320 Alpha: Zulu, sending you 1
2024-10-14 13:34:41.322128 Golf: Mike and Charlie, sending you 4
2024-10-14 13:34:41.323528 Victor: Zulu, sending you 2
2024-10-14 13:34:41.324517 Bravo: Zulu, Uniform, Victor and Lima, sending you 2
2024-10-14 13:34:41.325356 Zulu: Alpha, sending you 1
