ChatterBot November round 1
ChatterBot Alpha round 1
ChatterBot Delta round 1
ChatterBot Charlie round 1
ChatterBot Tango round 1
ChatterBot Foxtrot round 1
ChatterBot Sierra round 1
ChatterBot Oscar round 1
ChatterBot Bravo round 1
ChatterBot Papa round 1
randomSelections Delta: {Delta, Sierra, Tango, November, Charlie} 
2024-10-14 13:34:24.345803 Delta: Let's form a team
ChatterBot Sierra reevaluating
ChatterBot Tango reevaluating
ChatterBot November reevaluating
ChatterBot Charlie reevaluating
2024-10-14 13:34:24.353814 Sierra: Yes
2024-10-14 13:34:24.353930 Tango: Yes
2024-10-14 13:34:24.354015 November: Yes
2024-10-14 13:34:24.354112 Charlie: Yes
ChatterBot Tango reevaluating
ChatterBot November reevaluating
ChatterBot Charlie reevaluating
ChatterBot Sierra reevaluating
ChatterBot November reevaluating
ChatterBot Charlie reevaluating
ChatterBot Sierra reevaluating
ChatterBot Tango reevaluating
ChatterBot Charlie reevaluating
ChatterBot Sierra reevaluating
ChatterBot Tango reevaluating
ChatterBot November reevaluating
randomSelections Bravo: {Bravo, Sierra, Charlie, Delta, Alpha, Tango} 
2024-10-14 13:34:24.387746 Bravo: Friends?
ChatterBot Sierra reevaluating
ChatterBot Charlie reevaluating
ChatterBot Alpha reevaluating
ChatterBot Tango reevaluating
2024-10-14 13:34:24.395132 Sierra: No
2024-10-14 13:34:24.395837 Charlie: No
2024-10-14 13:34:24.395937 Delta: No
2024-10-14 13:34:24.396018 Alpha: Yes
2024-10-14 13:34:24.396100 Tango: No
ChatterBot Charlie reevaluating
ChatterBot Alpha reevaluating
ChatterBot Tango reevaluating
ChatterBot Sierra reevaluating
ChatterBot Alpha reevaluating
ChatterBot Tango reevaluating
ChatterBot Sierra reevaluating
ChatterBot Charlie reevaluating
ChatterBot Alpha reevaluating
ChatterBot Tango reevaluating
ChatterBot Sierra reevaluating
ChatterBot Charlie reevaluating
ChatterBot Tango reevaluating
ChatterBot Sierra reevaluating
ChatterBot Charlie reevaluating
ChatterBot Alpha reevaluating
randomSelections Papa: {Papa, Sierra, Bravo, Charlie, Delta, Foxtrot} 
2024-10-14 13:34:24.449118 Papa: Let's form a team
ChatterBot Sierra reevaluating
ChatterBot Charlie reevaluating
ChatterBot Foxtrot reevaluating
2024-10-14 13:34:24.459699 Sierra: No
2024-10-14 13:34:24.460138 Bravo: No
2024-10-14 13:34:24.460229 Charlie: No
2024-10-14 13:34:24.460308 Delta: No
2024-10-14 13:34:24.460388 Foxtrot: Yes
ChatterBot Charlie reevaluating
ChatterBot Foxtrot reevaluating
ChatterBot Sierra reevaluating
ChatterBot Charlie reevaluating
ChatterBot Foxtrot reevaluating
ChatterBot Sierra reevaluating
ChatterBot Foxtrot reevaluating
ChatterBot Sierra reevaluating
ChatterBot Charlie reevaluating
ChatterBot Foxtrot reevaluating
ChatterBot Sierra reevaluating
ChatterBot Charlie reevaluating
randomSelections Oscar: {Oscar, Tango, Alpha, Sierra, Bravo, Foxtrot} 
2024-10-14 13:34:24.504247 Oscar: Let's form a team
ChatterBot Tango reevaluating
ChatterBot Alpha reevaluating
ChatterBot Sierra reevaluating
ChatterBot Foxtrot reevaluating
2024-10-14 13:34:24.511450 Tango: No
2024-10-14 13:34:24.511626 Alpha: No
2024-10-14 13:34:24.511761 Sierra: No
2024-10-14 13:34:24.512276 Bravo: No
2024-10-14 13:34:24.512380 Foxtrot: No
ChatterBot Alpha reevaluating
ChatterBot Sierra reevaluating
ChatterBot Foxtrot reevaluating
ChatterBot Tango reevaluating
ChatterBot Sierra reevaluating
ChatterBot Foxtrot reevaluating
ChatterBot Tango reevaluating
ChatterBot Alpha reevaluating
ChatterBot Foxtrot reevaluating
ChatterBot Tango reevaluating
ChatterBot Alpha reevaluating
ChatterBot Sierra reevaluating
ChatterBot Foxtrot reevaluating
ChatterBot Tango reevaluating
ChatterBot Alpha reevaluating
ChatterBot Sierra reevaluating
2024-10-14 13:34:24.617762 Bravo: Alpha and Charlie, sending you 3
2024-10-14 13:34:24.622585 Delta: November and Tango, sending you 3
2024-10-14 13:34:24.623517 November: Delta, Charlie, Tango and Sierra, sending you 3
2024-10-14 13:34:24.624876 Charlie: November, sending you 2
2024-10-14 13:34:24.626200 Bravo: Delta, sending you 5
2024-10-14 13:34:24.626868 Papa: Delta and Foxtrot, sending you 2
2024-10-14 13:34:24.628336 Foxtrot: Delta, Charlie and Bravo, sending you 2
2024-10-14 13:34:24.628969 Delta: Charlie, sending you 4
2024-10-14 13:34:24.635840 Alpha: Delta, Charlie, Tango and Bravo, sending you 2
2024-10-14 13:34:24.637521 Bravo: Tango, sending you 2
2024-10-14 13:34:24.638292 Charlie: Delta and Tango, sending you 4
2024-10-14 13:34:24.639461 Papa: Charlie, sending you 5
2024-10-14 13:34:24.640011 Tango: November, sending you 4
2024-10-14 13:34:24.641364 Delta: Sierra, sending you 2
2024-10-14 13:34:24.641995 Foxtrot: Sierra, sending you 4
2024-10-14 13:34:24.643372 Sierra: November, sending you 3
2024-10-14 13:34:24.643950 Alpha: Sierra, sending you 1
2024-10-14 13:34:24.644386 Charlie: Sierra, sending you 1
2024-10-14 13:34:24.645543 Bravo: Sierra, sending you 1
2024-10-14 13:34:24.646097 Papa: Sierra, sending you 3
2024-10-14 13:34:24.647438 Tango: Delta and Sierra, sending you 1
2024-10-14 13:34:24.648167 Sierra: Delta, sending you 4
2024-10-14 13:34:24.649937 Papa: Bravo, sending you 1
2024-10-14 13:34:24.652490 Tango: Charlie, sending you 5
2024-10-14 13:34:24.654380 Sierra: Charlie and Tango, sending you 2
chatterbot Papa submitting transactions
chatterbot Delta submitting transactions
chatterbot Oscar submitting transactions
chatterbot Charlie submitting transactions
chatterbot Bravo submitting transactions
chatterbot November submitting transactions
chatterbot Foxtrot submitting transactions
chatterbot Sierra submitting transactions
chatterbot Tango submitting transactions
chatterbot Alpha submitting transactions
ChatterBot November round 2
ChatterBot Alpha round 2
ChatterBot Delta round 2
ChatterBot Charlie round 2
ChatterBot Tango round 2
ChatterBot Foxtrot round 2
ChatterBot Sierra round 2
ChatterBot Oscar round 2
2024-10-14 13:34:27.894224 November: We should add Foxtrot
ChatterBot Delta reevaluating
ChatterBot Sierra reevaluating
ChatterBot Tango reevaluating
ChatterBot Charlie reevaluating
2024-10-14 13:34:27.919791 Delta: No
2024-10-14 13:34:27.920008 Sierra: Yes
2024-10-14 13:34:27.920896 Tango: No
2024-10-14 13:34:27.921202 Charlie: Yes
ChatterBot Sierra reevaluating
ChatterBot Tango reevaluating
ChatterBot November reevaluating
ChatterBot Charlie reevaluating
ChatterBot Delta reevaluating
ChatterBot Tango reevaluating
ChatterBot November reevaluating
ChatterBot Charlie reevaluating
ChatterBot Delta reevaluating
ChatterBot Sierra reevaluating
ChatterBot November reevaluating
ChatterBot Charlie reevaluating
ChatterBot Delta reevaluating
ChatterBot Sierra reevaluating
ChatterBot Tango reevaluating
ChatterBot November reevaluating
2024-10-14 13:34:28.005712 Charlie: We should add Papa
ChatterBot Delta reevaluating
ChatterBot Sierra reevaluating
ChatterBot Tango reevaluating
ChatterBot November reevaluating
2024-10-14 13:34:28.026157 Sierra: We should add Foxtrot and Papa
2024-10-14 13:34:28.026417 Tango: We should add Alpha and Bravo
2024-10-14 13:34:28.026952 Delta: No
2024-10-14 13:34:28.027049 Sierra: Yes
2024-10-14 13:34:28.027120 Tango: No
2024-10-14 13:34:28.027185 November: Yes
ChatterBot Delta reevaluating
ChatterBot Tango reevaluating
ChatterBot November reevaluating
ChatterBot Charlie reevaluating
2024-10-14 13:34:28.047410 Delta: No
ChatterBot Delta reevaluating
ChatterBot Sierra reevaluating
2024-10-14 13:34:28.058072 Tango: No
2024-10-14 13:34:28.058206 November: No
ChatterBot November reevaluating
2024-10-14 13:34:28.065034 Charlie: Yes
ChatterBot Charlie reevaluating
2024-10-14 13:34:28.070532 Delta: No
2024-10-14 13:34:28.070729 Sierra: No
ChatterBot Sierra reevaluating
ChatterBot Tango reevaluating
2024-10-14 13:34:28.081662 November: No
ChatterBot November reevaluating
2024-10-14 13:34:28.086776 Charlie: No
ChatterBot Charlie reevaluating
ChatterBot Delta reevaluating
ChatterBot Tango reevaluating
ChatterBot November reevaluating
ChatterBot Charlie reevaluating
ChatterBot Delta reevaluating
ChatterBot Sierra reevaluating
ChatterBot November reevaluating
ChatterBot Charlie reevaluating
ChatterBot Delta reevaluating
ChatterBot Sierra reevaluating
ChatterBot Tango reevaluating
ChatterBot Charlie reevaluating
ChatterBot Sierra reevaluating
ChatterBot Tango reevaluating
ChatterBot November reevaluating
ChatterBot Charlie reevaluating
ChatterBot Delta reevaluating
ChatterBot Sierra reevaluating
ChatterBot November reevaluating
ChatterBot Charlie reevaluating
ChatterBot Delta reevaluating
ChatterBot Sierra reevaluating
ChatterBot Tango reevaluating
ChatterBot Charlie reevaluating
ChatterBot Delta reevaluating
ChatterBot Sierra reevaluating
ChatterBot Tango reevaluating
ChatterBot November reevaluating
ChatterBot Sierra reevaluating
ChatterBot Tango reevaluating
ChatterBot November reevaluating
ChatterBot Charlie reevaluating
ChatterBot Delta reevaluating
ChatterBot Tango reevaluating
ChatterBot November reevaluating
ChatterBot Charlie reevaluating
ChatterBot Delta reevaluating
ChatterBot Sierra reevaluating
ChatterBot Tango reevaluating
ChatterBot Charlie reevaluating
ChatterBot Delta reevaluating
ChatterBot Sierra reevaluating
ChatterBot Tango reevaluating
ChatterBot November reevaluating
ChatterBot Bravo round 2
ChatterBot Papa round 2
2024-10-14 13:34:28.476029 Alpha: Group up?
ChatterBot Bravo reevaluating
ChatterBot Oscar reevaluating
2024-10-14 13:34:28.486408 Bravo: No
2024-10-14 13:34:28.486669 Oscar: Yes
ChatterBot Oscar reevaluating
ChatterBot Bravo reevaluating
2024-10-14 13:34:28.527070 Oscar: Can we be friends?
ChatterBot Bravo reevaluating
2024-10-14 13:34:28.563372 Alpha: Yes
2024-10-14 13:34:28.563582 Bravo: No
ChatterBot Bravo reevaluating
ChatterBot Oscar reevaluating
ChatterBot Oscar reevaluating
2024-10-14 13:34:28.640061 Foxtrot: We would work well together
ChatterBot Papa reevaluating
ChatterBot Oscar reevaluating
2024-10-14 13:34:28.649788 Papa: No
2024-10-14 13:34:28.649947 Oscar: No
ChatterBot Oscar reevaluating
ChatterBot Papa reevaluating
2024-10-14 13:34:28.683526 Sierra: Foxtrot and Papa we want you to join our group
2024-10-14 13:34:28.693359 Papa: Yes
2024-10-14 13:34:28.693537 Foxtrot: No
ChatterBot November reevaluating
ChatterBot Charlie reevaluating
ChatterBot Tango reevaluating
ChatterBot November reevaluating
ChatterBot Delta reevaluating
ChatterBot Charlie reevaluating
ChatterBot Tango reevaluating
2024-10-14 13:34:28.943968 November: Papa we want you to join our group
2024-10-14 13:34:28.953510 Papa: Yes
ChatterBot Delta reevaluating
ChatterBot Charlie reevaluating
2024-10-14 13:34:28.996246 Oscar: Alpha, sending you 7
2024-10-14 13:34:28.996633 Tango: Papa we want you to join our group
2024-10-14 13:34:29.005043 Papa: Yes
ChatterBot Delta reevaluating
ChatterBot Charlie reevaluating
2024-10-14 13:34:29.040715 Alpha: Oscar, sending you 3
2024-10-14 13:34:29.041352 Foxtrot: Oscar, sending you 3
2024-10-14 13:34:29.041979 Oscar: Bravo, sending you 6
2024-10-14 13:34:29.075172 Bravo: Alpha, sending you 6
2024-10-14 13:34:29.075483 Papa: November, Delta, Charlie, Tango and Sierra, sending you 2
2024-10-14 13:34:29.075871 Alpha: Bravo, sending you 2
2024-10-14 13:34:29.076124 Foxtrot: Papa, sending you 4
2024-10-14 13:34:29.076887 Charlie: Papa we want you to join our group
2024-10-14 13:34:29.081657 Papa: Yes
ChatterBot Delta reevaluating
ChatterBot Charlie reevaluating
2024-10-14 13:34:29.114255 Sierra: November, Delta, Charlie, Foxtrot and Papa, sending you 2
2024-10-14 13:34:29.114738 Bravo: Foxtrot, sending you 5
2024-10-14 13:34:29.114952 Papa: Foxtrot, sending you 3
2024-10-14 13:34:29.147384 Sierra: Tango, sending you 1
2024-10-14 13:34:29.147779 Tango: November, Delta and Charlie, sending you 3
2024-10-14 13:34:29.148397 Bravo: Papa, sending you 3
2024-10-14 13:34:29.148628 Delta: Papa we want you to join our group
2024-10-14 13:34:29.153306 Papa: Yes
ChatterBot Delta reevaluating
ChatterBot Charlie reevaluating
2024-10-14 13:34:29.177825 November: Delta, sending you 4
2024-10-14 13:34:29.178359 Tango: Sierra, sending you 2
2024-10-14 13:34:29.182896 November: Charlie, Tango and Sierra, sending you 3
chatterbot November submitting transactions
chatterbot Bravo submitting transactions
chatterbot Oscar submitting transactions
chatterbot Alpha submitting transactions
chatterbot Sierra submitting transactions
chatterbot Papa submitting transactions
chatterbot Tango submitting transactions
2024-10-14 13:34:29.892373 Charlie: November, Delta and Sierra, sending you 2
2024-10-14 13:34:29.892942 Delta: November, Charlie and Sierra, sending you 3
2024-10-14 13:34:29.965199 Charlie: Tango and Papa, sending you 3
2024-10-14 13:34:29.967034 Delta: Tango and Papa, sending you 2
chatterbot Charlie submitting transactions
chatterbot Delta submitting transactions
chatterbot Foxtrot submitting transactions
ChatterBot November round 3
ChatterBot Alpha round 3
ChatterBot Delta round 3
ChatterBot Charlie round 3
ChatterBot Tango round 3
ChatterBot Foxtrot round 3
ChatterBot Sierra round 3
ChatterBot Oscar round 3
2024-10-14 13:34:30.030444 Charlie: We should add Foxtrot
ChatterBot November reevaluating
ChatterBot Sierra reevaluating
2024-10-14 13:34:30.059889 November: Yes
2024-10-14 13:34:30.060763 Delta: No
2024-10-14 13:34:30.060955 Tango: No
2024-10-14 13:34:30.061129 Sierra: Yes
2024-10-14 13:34:30.061306 Papa: Yes
ChatterBot Sierra reevaluating
ChatterBot November reevaluating
ChatterBot Sierra reevaluating
ChatterBot November reevaluating
ChatterBot Delta reevaluating
ChatterBot Sierra reevaluating
ChatterBot November reevaluating
ChatterBot Delta reevaluating
ChatterBot November reevaluating
ChatterBot Delta reevaluating
ChatterBot Sierra reevaluating
ChatterBot Bravo round 3
ChatterBot Papa round 3
2024-10-14 13:34:30.180023 Alpha: We should add Foxtrot and Papa
ChatterBot Bravo reevaluating
ChatterBot Oscar reevaluating
2024-10-14 13:34:30.186445 Bravo: Yes
2024-10-14 13:34:30.186561 Oscar: Yes
ChatterBot Oscar reevaluating
ChatterBot Bravo reevaluating
2024-10-14 13:34:30.198621 Bravo: We should add Oscar
ChatterBot Foxtrot reevaluating
ChatterBot Papa reevaluating
2024-10-14 13:34:30.207120 Alpha: Yes
2024-10-14 13:34:30.207236 Foxtrot: Yes
2024-10-14 13:34:30.207350 Papa: No
ChatterBot Bravo reevaluating
ChatterBot Foxtrot reevaluating
ChatterBot Papa reevaluating
ChatterBot Bravo reevaluating
ChatterBot Papa reevaluating
ChatterBot Bravo reevaluating
ChatterBot Foxtrot reevaluating
2024-10-14 13:34:30.239379 Charlie: Foxtrot we want you to join our group
ChatterBot Foxtrot reevaluating
2024-10-14 13:34:30.242364 Foxtrot: No
ChatterBot Papa reevaluating
ChatterBot November reevaluating
ChatterBot Delta reevaluating
ChatterBot Sierra reevaluating
2024-10-14 13:34:30.262765 Alpha: Foxtrot and Papa we want you to join our group
ChatterBot Foxtrot reevaluating
ChatterBot Papa reevaluating
2024-10-14 13:34:30.268177 Foxtrot: Yes
2024-10-14 13:34:30.268280 Papa: No
ChatterBot Oscar reevaluating
ChatterBot Bravo reevaluating
ChatterBot Papa reevaluating
ChatterBot Foxtrot reevaluating
ChatterBot Oscar reevaluating
ChatterBot Bravo reevaluating
2024-10-14 13:34:30.291705 Tango: November and Charlie, sending you 3
2024-10-14 13:34:30.293652 Bravo: Oscar we want you to join our group
2024-10-14 13:34:30.297212 Oscar: Yes
ChatterBot Bravo reevaluating
2024-10-14 13:34:30.307505 Tango: Delta and Sierra, sending you 2
2024-10-14 13:34:30.307887 Oscar: Foxtrot and Papa we want you to join our group
ChatterBot Papa reevaluating
2024-10-14 13:34:30.314087 Foxtrot: Yes
2024-10-14 13:34:30.314543 Papa: Yes
ChatterBot Bravo reevaluating
ChatterBot Papa reevaluating
ChatterBot Bravo reevaluating
2024-10-14 13:34:30.337805 Tango: Papa, sending you 1
2024-10-14 13:34:30.338455 Sierra: November, Delta, Charlie, Foxtrot and Papa, sending you 2
2024-10-14 13:34:30.339676 November: Delta, sending you 4
2024-10-14 13:34:30.339946 Delta: November, Charlie and Sierra, sending you 3
2024-10-14 13:34:30.341656 Alpha: Foxtrot, Oscar and Bravo, sending you 2
2024-10-14 13:34:30.342008 Foxtrot: Alpha, sending you 2
2024-10-14 13:34:30.342245 Charlie: November, Delta, Tango, Foxtrot, Sierra and Papa, sending you 2
2024-10-14 13:34:30.342595 Sierra: Tango, sending you 1
2024-10-14 13:34:30.343692 Delta: Tango and Papa, sending you 2
2024-10-14 13:34:30.344704 November: Charlie, Tango and Sierra, sending you 3
2024-10-14 13:34:30.345067 Alpha: Papa, sending you 1
2024-10-14 13:34:30.346696 Foxtrot: Oscar, sending you 1
2024-10-14 13:34:30.349681 Oscar: Alpha, sending you 7
2024-10-14 13:34:30.350056 November: Papa, sending you 1
2024-10-14 13:34:30.350676 Foxtrot: Bravo and Papa, sending you 4
chatterbot Charlie submitting transactions
2024-10-14 13:34:30.353678 Oscar: Foxtrot, sending you 6
2024-10-14 13:34:30.356672 Papa: Alpha and Oscar, sending you 2
2024-10-14 13:34:30.358676 Bravo: Alpha, sending you 4
2024-10-14 13:34:30.361662 Papa: Foxtrot, sending you 5
2024-10-14 13:34:30.363660 Bravo: Foxtrot and Papa, sending you 2
2024-10-14 13:34:30.366680 Papa: Bravo, sending you 4
2024-10-14 13:34:30.368157 Bravo: Oscar, sending you 6
chatterbot Papa submitting transactions
chatterbot Sierra submitting transactions
chatterbot Alpha submitting transactions
chatterbot Oscar submitting transactions
chatterbot Tango submitting transactions
chatterbot November submitting transactions
chatterbot Delta submitting transactions
chatterbot Foxtrot submitting transactions
chatterbot Bravo submitting transactions
ChatterBot November round 4
ChatterBot Alpha round 4
ChatterBot Delta round 4
ChatterBot Charlie round 4
ChatterBot Tango round 4
ChatterBot Foxtrot round 4
2024-10-14 13:34:31.610944 Alpha: We should add Sierra
ChatterBot Papa reevaluating
2024-10-14 13:34:31.621554 Foxtrot: No
2024-10-14 13:34:31.622189 Oscar: No
2024-10-14 13:34:31.622353 Bravo: No
2024-10-14 13:34:31.622476 Papa: Yes
ChatterBot Papa reevaluating
ChatterBot Alpha reevaluating
ChatterBot Papa reevaluating
ChatterBot Alpha reevaluating
ChatterBot Papa reevaluating
ChatterBot Alpha reevaluating
ChatterBot Sierra round 4
ChatterBot Oscar round 4
ChatterBot Bravo round 4
ChatterBot Papa round 4
2024-10-14 13:34:31.678966 Delta: We should drop Papa
2024-10-14 13:34:31.687537 Sierra: No
2024-10-14 13:34:31.687733 Tango: No
2024-10-14 13:34:31.687848 November: No
2024-10-14 13:34:31.687962 Charlie: No
ChatterBot Delta reevaluating
ChatterBot Delta reevaluating
ChatterBot Delta reevaluating
2024-10-14 13:34:31.723838 Charlie: We should drop Foxtrot
ChatterBot Delta reevaluating
ChatterBot Papa reevaluating
2024-10-14 13:34:31.735233 November: Yes
2024-10-14 13:34:31.735366 Delta: Yes
2024-10-14 13:34:31.735459 Tango: Yes
2024-10-14 13:34:31.735542 Sierra: Yes
2024-10-14 13:34:31.735626 Papa: No
ChatterBot Delta reevaluating
ChatterBot Papa reevaluating
ChatterBot Papa reevaluating
ChatterBot Delta reevaluating
ChatterBot Papa reevaluating
ChatterBot Delta reevaluating
ChatterBot Papa reevaluating
ChatterBot Delta reevaluating
2024-10-14 13:34:31.825806 November: Delta, sending you 4
2024-10-14 13:34:31.828672 November: Charlie, Tango and Sierra, sending you 3
2024-10-14 13:34:31.833665 November: Papa, sending you 1
2024-10-14 13:34:31.834347 Delta: November, Charlie and Sierra, sending you 3
2024-10-14 13:34:31.835678 Oscar: Alpha, sending you 4
2024-10-14 13:34:31.837686 Alpha: Sending you each 2
2024-10-14 13:34:31.838843 Delta: Tango and Papa, sending you 2
2024-10-14 13:34:31.839408 Oscar: Foxtrot, sending you 3
2024-10-14 13:34:31.841202 Charlie: November, Sierra and Papa, sending you 2
2024-10-14 13:34:31.844675 Oscar: Bravo, sending you 5
2024-10-14 13:34:31.845001 Sierra: November, Charlie, Tango and Papa, sending you 2
2024-10-14 13:34:31.845680 Foxtrot: Alpha, sending you 2
2024-10-14 13:34:31.846846 Charlie: Delta and Tango, sending you 3
2024-10-14 13:34:31.847534 Tango: November and Charlie, sending you 3
2024-10-14 13:34:31.848076 Bravo: Alpha and Foxtrot, sending you 4
2024-10-14 13:34:31.849023 Sierra: Delta, sending you 3
2024-10-14 13:34:31.849683 Oscar: Papa, sending you 1
2024-10-14 13:34:31.850227 Foxtrot: Oscar, Bravo and Papa, sending you 3
2024-10-14 13:34:31.850674 Tango: Delta and Sierra, sending you 2
2024-10-14 13:34:31.851675 Bravo: Oscar and Papa, sending you 3
2024-10-14 13:34:31.852705 Papa: Alpha, sending you 3
2024-10-14 13:34:31.856287 Tango: Papa, sending you 1
2024-10-14 13:34:31.857598 Papa: Foxtrot and Bravo, sending you 4
2024-10-14 13:34:31.861186 Papa: Oscar, sending you 2
chatterbot November submitting transactions
chatterbot Sierra submitting transactions
chatterbot Oscar submitting transactions
chatterbot Bravo submitting transactions
chatterbot Delta submitting transactions
chatterbot Charlie submitting transactions
chatterbot Tango submitting transactions
chatterbot Alpha submitting transactions
chatterbot Papa submitting transactions
chatterbot Foxtrot submitting transactions
ChatterBot November round 5
ChatterBot Alpha round 5
ChatterBot Delta round 5
ChatterBot Charlie round 5
ChatterBot Tango round 5
ChatterBot Foxtrot round 5
ChatterBot Sierra round 5
ChatterBot Oscar round 5
ChatterBot Bravo round 5
ChatterBot Papa round 5
2024-10-14 13:34:32.953736 November: Delta, sending you 4
2024-10-14 13:34:32.958729 November: Charlie, Tango and Sierra, sending you 3
2024-10-14 13:34:32.961718 Alpha: Same as last round
2024-10-14 13:34:32.963829 Oscar: Alpha and Foxtrot, sending you 3
2024-10-14 13:34:32.965661 Foxtrot: Alpha, sending you 2
2024-10-14 13:34:32.966716 Oscar: Bravo, sending you 5
2024-10-14 13:34:32.970874 Foxtrot: Oscar, Bravo and Papa, sending you 3
2024-10-14 13:34:32.971529 Oscar: Papa, sending you 2
2024-10-14 13:34:32.972118 Tango: November and Charlie, sending you 3
2024-10-14 13:34:32.972770 Sierra: November, Charlie, Tango and Papa, sending you 2
2024-10-14 13:34:32.973320 Bravo: Alpha, sending you 2
2024-10-14 13:34:32.974721 Delta: November, Charlie and Sierra, sending you 3
2024-10-14 13:34:32.975721 Charlie: November, Sierra and Papa, sending you 2
2024-10-14 13:34:32.976914 Tango: Delta and Sierra, sending you 2
2024-10-14 13:34:32.977482 Sierra: Delta, sending you 3
2024-10-14 13:34:32.978679 Bravo: Foxtrot, Oscar and Papa, sending you 4
2024-10-14 13:34:32.979692 Delta: Tango and Papa, sending you 2
2024-10-14 13:34:32.980091 Papa: Alpha, Oscar and Bravo, sending you 3
2024-10-14 13:34:32.981118 Tango: Papa, sending you 1
2024-10-14 13:34:32.981678 Charlie: Delta and Tango, sending you 3
2024-10-14 13:34:32.984682 Papa: Foxtrot, sending you 4
chatterbot Charlie submitting transactions
chatterbot Papa submitting transactions
chatterbot Delta submitting transactions
chatterbot Alpha submitting transactions
chatterbot Tango submitting transactions
chatterbot November submitting transactions
chatterbot Oscar submitting transactions
chatterbot Bravo submitting transactions
chatterbot Sierra submitting transactions
chatterbot Foxtrot submitting transactions
ChatterBot November round 6
ChatterBot Alpha round 6
ChatterBot Delta round 6
ChatterBot Charlie round 6
ChatterBot Tango round 6
ChatterBot Foxtrot round 6
ChatterBot Sierra round 6
ChatterBot Oscar round 6
ChatterBot Bravo round 6
ChatterBot Papa round 6
2024-10-14 13:34:33.937938 Delta: We should drop Papa
2024-10-14 13:34:33.954853 Sierra: No
2024-10-14 13:34:33.955037 Tango: Yes
2024-10-14 13:34:33.955190 November: No
2024-10-14 13:34:33.955337 Charlie: No
ChatterBot Delta reevaluating
ChatterBot Tango reevaluating
ChatterBot Delta reevaluating
ChatterBot Delta reevaluating
ChatterBot Tango reevaluating
ChatterBot Delta reevaluating
ChatterBot Tango reevaluating
2024-10-14 13:34:34.022869 Alpha: Same as last round
2024-10-14 13:34:34.028681 Oscar: Alpha, Foxtrot and Papa, sending you 3
2024-10-14 13:34:34.030690 November: Delta, sending you 4
2024-10-14 13:34:34.031271 Foxtrot: Alpha, sending you 2
2024-10-14 13:34:34.031696 Oscar: Bravo, sending you 4
2024-10-14 13:34:34.032686 Sierra: November, Charlie, Tango and Papa, sending you 2
2024-10-14 13:34:34.034868 Foxtrot: Oscar, Bravo and Papa, sending you 3
2024-10-14 13:34:34.035674 November: Charlie, Tango and Sierra, sending you 3
2024-10-14 13:34:34.037687 Sierra: Delta, sending you 3
2024-10-14 13:34:34.038667 Papa: Alpha, Oscar and Bravo, sending you 3
2024-10-14 13:34:34.040688 Charlie: November, Sierra and Papa, sending you 2
2024-10-14 13:34:34.043673 Papa: Foxtrot, sending you 4
2024-10-14 13:34:34.044361 Charlie: Delta and Tango, sending you 3
2024-10-14 13:34:34.048716 Bravo: Alpha, sending you 2
2024-10-14 13:34:34.049653 Delta: November, sending you 4
2024-10-14 13:34:34.051864 Bravo: Foxtrot, Oscar and Papa, sending you 4
2024-10-14 13:34:34.054686 Delta: Charlie, Tango and Sierra, sending you 3
2024-10-14 13:34:34.055702 Tango: November, Delta and Charlie, sending you 3
2024-10-14 13:34:34.060674 Tango: Sierra, sending you 2
chatterbot Oscar submitting transactions
chatterbot Sierra submitting transactions
chatterbot Delta submitting transactions
chatterbot Alpha submitting transactions
chatterbot Bravo submitting transactions
chatterbot Papa submitting transactions
chatterbot November submitting transactions
chatterbot Charlie submitting transactions
chatterbot Foxtrot submitting transactions
chatterbot Tango submitting transactions
ChatterBot November round 7
ChatterBot Alpha round 7
ChatterBot Delta round 7
ChatterBot Charlie round 7
ChatterBot Tango round 7
ChatterBot Foxtrot round 7
ChatterBot Sierra round 7
ChatterBot Oscar round 7
ChatterBot Bravo round 7
ChatterBot Papa round 7
2024-10-14 13:34:34.923696 Alpha: We should add Charlie
ChatterBot Papa reevaluating
2024-10-14 13:34:34.933823 Foxtrot: No
2024-10-14 13:34:34.933975 Oscar: No
2024-10-14 13:34:34.934111 Bravo: No
2024-10-14 13:34:34.934245 Papa: Yes
ChatterBot Alpha reevaluating
ChatterBot Papa reevaluating
ChatterBot Alpha reevaluating
ChatterBot Papa reevaluating
ChatterBot Alpha reevaluating
ChatterBot Papa reevaluating
ChatterBot Alpha reevaluating
2024-10-14 13:34:35.059721 Tango: November and Charlie, sending you 3
2024-10-14 13:34:35.061644 Delta: November, sending you 4
2024-10-14 13:34:35.063387 Charlie: November, Sierra and Papa, sending you 2
2024-10-14 13:34:35.065110 Tango: Delta and Sierra, sending you 2
2024-10-14 13:34:35.067723 Delta: Charlie, Tango and Sierra, sending you 3
2024-10-14 13:34:35.069819 November: Delta, sending you 4
2024-10-14 13:34:35.072645 Charlie: Delta and Tango, sending you 3
2024-10-14 13:34:35.074863 Sierra: November, Charlie, Tango and Papa, sending you 2
2024-10-14 13:34:35.077270 Tango: Papa, sending you 1
2024-10-14 13:34:35.080125 Foxtrot: Alpha, sending you 2
2024-10-14 13:34:35.081674 November: Charlie, Tango and Sierra, sending you 3
2024-10-14 13:34:35.082693 Sierra: Delta, sending you 3
2024-10-14 13:34:35.084500 Papa: Alpha, Oscar and Bravo, sending you 3
2024-10-14 13:34:35.086106 Bravo: Alpha, sending you 2
2024-10-14 13:34:35.087867 Alpha: Same as last round
2024-10-14 13:34:35.088473 Oscar: Alpha, Foxtrot and Papa, sending you 3
2024-10-14 13:34:35.090362 Foxtrot: Oscar, Bravo and Papa, sending you 3
2024-10-14 13:34:35.091915 Papa: Foxtrot, sending you 4
2024-10-14 13:34:35.092868 Bravo: Foxtrot, Oscar and Papa, sending you 4
2024-10-14 13:34:35.175408 Oscar: Bravo, sending you 4
chatterbot Charlie submitting transactions
chatterbot November submitting transactions
chatterbot Bravo submitting transactions
chatterbot Tango submitting transactions
chatterbot Delta submitting transactions
chatterbot Alpha submitting transactions
chatterbot Sierra submitting transactions
chatterbot Papa submitting transactions
chatterbot Foxtrot submitting transactions
chatterbot Oscar submitting transactions
ChatterBot November round 8
ChatterBot Alpha round 8
ChatterBot Delta round 8
ChatterBot Charlie round 8
ChatterBot Tango round 8
ChatterBot Foxtrot round 8
ChatterBot Sierra round 8
ChatterBot Oscar round 8
ChatterBot Bravo round 8
ChatterBot Papa round 8
2024-10-14 13:34:36.291438 Tango: We should drop Papa
2024-10-14 13:34:36.303977 Delta: Yes
2024-10-14 13:34:36.304182 Sierra: No
2024-10-14 13:34:36.305123 November: No
2024-10-14 13:34:36.305432 Charlie: No
2024-10-14 13:34:36.361688 November: Delta, sending you 4
2024-10-14 13:34:36.362808 Foxtrot: Alpha, sending you 2
2024-10-14 13:34:36.364702 Charlie: November, Sierra and Papa, sending you 2
2024-10-14 13:34:36.366003 Oscar: Alpha, Foxtrot and Papa, sending you 3
2024-10-14 13:34:36.366686 Sierra: November, Charlie, Tango and Papa, sending you 2
2024-10-14 13:34:36.367450 Alpha: Foxtrot, Oscar and Bravo, sending you 2
2024-10-14 13:34:36.368689 November: Charlie, Tango and Sierra, sending you 3
2024-10-14 13:34:36.369507 Foxtrot: Oscar, Bravo and Papa, sending you 3
2024-10-14 13:34:36.370209 Charlie: Delta and Tango, sending you 3
2024-10-14 13:34:36.371684 Oscar: Bravo, sending you 4
2024-10-14 13:34:36.372401 Sierra: Delta, sending you 3
2024-10-14 13:34:36.373862 Alpha: Papa, sending you 3
2024-10-14 13:34:36.374369 Bravo: Alpha, sending you 2
2024-10-14 13:34:36.374984 Papa: Alpha, Oscar and Bravo, sending you 3
2024-10-14 13:34:36.375749 Delta: November, sending you 4
2024-10-14 13:34:36.376986 Tango: November, Delta and Charlie, sending you 3
2024-10-14 13:34:36.379699 Bravo: Foxtrot, Oscar and Papa, sending you 4
2024-10-14 13:34:36.380253 Papa: Foxtrot, sending you 4
2024-10-14 13:34:36.380750 Delta: Charlie, Tango and Sierra, sending you 3
2024-10-14 13:34:36.381327 Tango: Sierra, sending you 2
chatterbot Alpha submitting transactions
chatterbot Delta submitting transactions
chatterbot Charlie submitting transactions
chatterbot Bravo submitting transactions
chatterbot November submitting transactions
chatterbot Foxtrot submitting transactions
chatterbot Oscar submitting transactions
chatterbot Sierra submitting transactions
chatterbot Tango submitting transactions
chatterbot Papa submitting transactions
ChatterBot November round 9
ChatterBot Alpha round 9
ChatterBot Delta round 9
ChatterBot Charlie round 9
ChatterBot Tango round 9
ChatterBot Foxtrot round 9
ChatterBot Sierra round 9
ChatterBot Oscar round 9
ChatterBot Bravo round 9
ChatterBot Papa round 9
2024-10-14 13:34:37.619495 Alpha: We should add Tango
2024-10-14 13:34:37.631156 Foxtrot: No
2024-10-14 13:34:37.632362 Oscar: No
2024-10-14 13:34:37.632584 Bravo: No
2024-10-14 13:34:37.632847 Papa: No
ChatterBot Alpha reevaluating
ChatterBot Alpha reevaluating
ChatterBot Alpha reevaluating
ChatterBot Alpha reevaluating
2024-10-14 13:34:37.709671 Charlie: November, Delta and Tango, sending you 3
2024-10-14 13:34:37.712062 Bravo: Alpha, sending you 2
2024-10-14 13:34:37.713708 Foxtrot: Alpha, sending you 2
2024-10-14 13:34:37.715042 Charlie: Sierra, sending you 2
2024-10-14 13:34:37.716664 November: Delta, sending you 4
2024-10-14 13:34:37.718067 Bravo: Foxtrot, Oscar and Papa, sending you 4
2024-10-14 13:34:37.718729 Foxtrot: Oscar, Bravo and Papa, sending you 3
2024-10-14 13:34:37.719180 Sierra: November, Charlie, Tango and Papa, sending you 2
2024-10-14 13:34:37.720098 Papa: Alpha, Oscar and Bravo, sending you 3
2024-10-14 13:34:37.720754 Charlie: Papa, sending you 1
2024-10-14 13:34:37.721542 Delta: November, sending you 4
2024-10-14 13:34:37.722438 November: Charlie, Tango and Sierra, sending you 3
2024-10-14 13:34:37.723085 Tango: November, Delta and Charlie, sending you 3
2024-10-14 13:34:37.723665 Sierra: Delta, sending you 3
2024-10-14 13:34:37.724886 Papa: Foxtrot, sending you 4
2024-10-14 13:34:37.725716 Delta: Charlie, Tango and Sierra, sending you 3
2024-10-14 13:34:37.726712 Oscar: Alpha, Foxtrot and Papa, sending you 3
2024-10-14 13:34:37.727978 Tango: Sierra, sending you 2
2024-10-14 13:34:37.729883 Alpha: Foxtrot, Oscar and Bravo, sending you 2
2024-10-14 13:34:37.732686 Oscar: Bravo, sending you 4
2024-10-14 13:34:37.733394 Alpha: Papa, sending you 3
chatterbot Alpha submitting transactions
chatterbot Tango submitting transactions
chatterbot Foxtrot submitting transactions
chatterbot November submitting transactions
chatterbot Papa submitting transactions
chatterbot Charlie submitting transactions
chatterbot Bravo submitting transactions
chatterbot Oscar submitting transactions
chatterbot Sierra submitting transactions
chatterbot Delta submitting transactions
ChatterBot November round 10
ChatterBot Alpha round 10
ChatterBot Delta round 10
ChatterBot Charlie round 10
ChatterBot Tango round 10
ChatterBot Foxtrot round 10
ChatterBot Sierra round 10
ChatterBot Oscar round 10
ChatterBot Bravo round 10
ChatterBot Papa round 10
2024-10-14 13:34:38.749679 Tango: November, Delta and Charlie, sending you 3
2024-10-14 13:34:38.750789 Bravo: Alpha, sending you 2
2024-10-14 13:34:38.751461 Alpha: Foxtrot, Oscar and Bravo, sending you 2
2024-10-14 13:34:38.751964 Delta: November, sending you 4
2024-10-14 13:34:38.753071 Papa: Alpha, Foxtrot and Oscar, sending you 3
2024-10-14 13:34:38.753693 Tango: Sierra, sending you 2
2024-10-14 13:34:38.754676 Oscar: Alpha, sending you 2
2024-10-14 13:34:38.756068 Bravo: Foxtrot, Oscar and Papa, sending you 4
2024-10-14 13:34:38.756642 Charlie: November, Delta and Tango, sending you 3
2024-10-14 13:34:38.757850 Alpha: Papa, sending you 3
2024-10-14 13:34:38.758473 Delta: Charlie, Tango and Sierra, sending you 3
2024-10-14 13:34:38.759006 Foxtrot: Alpha, sending you 2
2024-10-14 13:34:38.759962 Papa: Bravo, sending you 4
2024-10-14 13:34:38.760650 Sierra: November, Charlie, Tango and Papa, sending you 2
2024-10-14 13:34:38.761449 November: Delta, sending you 4
2024-10-14 13:34:38.762442 Oscar: Foxtrot and Papa, sending you 3
2024-10-14 13:34:38.763625 Charlie: Sierra, sending you 2
2024-10-14 13:34:38.765424 Foxtrot: Oscar, Bravo and Papa, sending you 3
2024-10-14 13:34:38.765960 Sierra: Delta, sending you 3
2024-10-14 13:34:38.767148 November: Charlie, Tango and Sierra, sending you 3
2024-10-14 13:34:38.767945 Oscar: Bravo, sending you 5
2024-10-14 13:34:38.768958 Charlie: Papa, sending you 1
chatterbot Sierra submitting transactions
chatterbot Bravo submitting transactions
chatterbot November submitting transactions
chatterbot Delta submitting transactions
chatterbot Papa submitting transactions
chatterbot Charlie submitting transactions
chatterbot Oscar submitting transactions
chatterbot Tango submitting transactions
chatterbot Alpha submitting transactions
chatterbot Foxtrot submitting transactions
ChatterBot November round 11
ChatterBot Alpha round 11
ChatterBot Delta round 11
ChatterBot Charlie round 11
ChatterBot Tango round 11
ChatterBot Foxtrot round 11
ChatterBot Sierra round 11
ChatterBot Oscar round 11
ChatterBot Bravo round 11
ChatterBot Papa round 11
2024-10-14 13:34:40.013774 November: We should replace Papa with Oscar
ChatterBot Sierra reevaluating
2024-10-14 13:34:40.025952 Delta: No
2024-10-14 13:34:40.026326 Sierra: No
2024-10-14 13:34:40.026441 Tango: No
2024-10-14 13:34:40.026620 Charlie: No
ChatterBot Sierra reevaluating
ChatterBot November reevaluating
ChatterBot Charlie reevaluating
ChatterBot November reevaluating
ChatterBot Charlie reevaluating
ChatterBot Sierra reevaluating
ChatterBot November reevaluating
ChatterBot Charlie reevaluating
ChatterBot Sierra reevaluating
ChatterBot November reevaluating
2024-10-14 13:34:40.089830 Sierra: We should replace Papa with Alpha
ChatterBot November reevaluating
ChatterBot Charlie reevaluating
2024-10-14 13:34:40.099704 Delta: No
2024-10-14 13:34:40.099839 Tango: No
2024-10-14 13:34:40.099945 November: No
2024-10-14 13:34:40.100054 Charlie: Yes
ChatterBot Sierra reevaluating
ChatterBot November reevaluating
ChatterBot Charlie reevaluating
ChatterBot Sierra reevaluating
ChatterBot November reevaluating
ChatterBot Charlie reevaluating
ChatterBot Sierra reevaluating
ChatterBot Charlie reevaluating
ChatterBot Sierra reevaluating
ChatterBot November reevaluating
2024-10-14 13:34:40.162811 November: Oscar we want you to join our group
ChatterBot Oscar reevaluating
2024-10-14 13:34:40.169423 Oscar: No
ChatterBot November reevaluating
ChatterBot Sierra reevaluating
2024-10-14 13:34:40.190198 Charlie: Alpha we want you to join our group
ChatterBot Alpha reevaluating
2024-10-14 13:34:40.196853 Alpha: No
ChatterBot November reevaluating
ChatterBot Sierra reevaluating
2024-10-14 13:34:40.217715 Alpha: We should add Delta
ChatterBot Oscar reevaluating
2024-10-14 13:34:40.228155 Foxtrot: No
2024-10-14 13:34:40.228352 Oscar: No
2024-10-14 13:34:40.228496 Bravo: No
2024-10-14 13:34:40.228686 Papa: No
ChatterBot Alpha reevaluating
ChatterBot Oscar reevaluating
ChatterBot Alpha reevaluating
ChatterBot Alpha reevaluating
ChatterBot Oscar reevaluating
ChatterBot Alpha reevaluating
ChatterBot Oscar reevaluating
2024-10-14 13:34:40.274162 November: We should drop Papa
ChatterBot Sierra reevaluating
2024-10-14 13:34:40.283842 Delta: Yes
2024-10-14 13:34:40.284002 Sierra: Yes
2024-10-14 13:34:40.284142 Tango: Yes
2024-10-14 13:34:40.284245 Charlie: Yes
ChatterBot Sierra reevaluating
ChatterBot November reevaluating
ChatterBot November reevaluating
ChatterBot Sierra reevaluating
ChatterBot November reevaluating
ChatterBot Sierra reevaluating
ChatterBot November reevaluating
2024-10-14 13:34:40.342176 Alpha: We should add Sierra
ChatterBot Oscar reevaluating
2024-10-14 13:34:40.357754 Foxtrot: No
2024-10-14 13:34:40.358343 Oscar: Yes
2024-10-14 13:34:40.358491 Bravo: No
2024-10-14 13:34:40.358641 Papa: No
ChatterBot Alpha reevaluating
ChatterBot Oscar reevaluating
ChatterBot Alpha reevaluating
ChatterBot Alpha reevaluating
ChatterBot Oscar reevaluating
ChatterBot Alpha reevaluating
ChatterBot Oscar reevaluating
2024-10-14 13:34:40.424765 Alpha: We should add November
ChatterBot Oscar reevaluating
ChatterBot Papa reevaluating
2024-10-14 13:34:40.440821 Foxtrot: No
2024-10-14 13:34:40.440982 Oscar: Yes
2024-10-14 13:34:40.441105 Bravo: No
2024-10-14 13:34:40.441223 Papa: No
ChatterBot Alpha reevaluating
ChatterBot Oscar reevaluating
ChatterBot Papa reevaluating
ChatterBot Alpha reevaluating
ChatterBot Papa reevaluating
ChatterBot Alpha reevaluating
ChatterBot Oscar reevaluating
ChatterBot Papa reevaluating
ChatterBot Alpha reevaluating
ChatterBot Oscar reevaluating
2024-10-14 13:34:40.494450 Bravo: Alpha and Foxtrot, sending you 3
2024-10-14 13:34:40.494999 Foxtrot: Alpha, sending you 2
2024-10-14 13:34:40.495550 Tango: November, Delta and Charlie, sending you 3
2024-10-14 13:34:40.496880 Delta: November, sending you 4
2024-10-14 13:34:40.497759 Sierra: Alpha we want you to join our group
ChatterBot Alpha reevaluating
2024-10-14 13:34:40.501310 Alpha: No
ChatterBot November reevaluating
ChatterBot Sierra reevaluating
2024-10-14 13:34:40.513636 Alpha: We should add Charlie
ChatterBot Oscar reevaluating
ChatterBot Papa reevaluating
2024-10-14 13:34:40.546037 Foxtrot: No
2024-10-14 13:34:40.546235 Oscar: No
2024-10-14 13:34:40.547760 Bravo: No
2024-10-14 13:34:40.547905 Papa: No
ChatterBot Alpha reevaluating
ChatterBot Oscar reevaluating
ChatterBot Papa reevaluating
ChatterBot Alpha reevaluating
ChatterBot Papa reevaluating
ChatterBot Alpha reevaluating
ChatterBot Oscar reevaluating
ChatterBot Papa reevaluating
ChatterBot Alpha reevaluating
ChatterBot Oscar reevaluating
2024-10-14 13:34:40.631300 Foxtrot: Oscar, Bravo and Papa, sending you 3
2024-10-14 13:34:40.632317 Bravo: Oscar and Papa, sending you 4
2024-10-14 13:34:40.633763 Delta: Charlie, Tango and Sierra, sending you 3
2024-10-14 13:34:40.635779 Tango: Sierra, sending you 2
2024-10-14 13:34:40.637336 Charlie: November, Delta and Tango, sending you 3
2024-10-14 13:34:40.641684 Charlie: Alpha, sending you 1
2024-10-14 13:34:40.647232 Charlie: Sierra, sending you 2
2024-10-14 13:34:40.653795 Oscar: Alpha, sending you 2
2024-10-14 13:34:40.660080 Oscar: Foxtrot and Papa, sending you 3
2024-10-14 13:34:40.661513 Sierra: November, Delta and Charlie, sending you 3
2024-10-14 13:34:40.663461 Alpha: Foxtrot, Oscar and Bravo, sending you 2
