ChatterBot Oscar round 1
ChatterBot Sierra round 1
ChatterBot Bravo round 1
ChatterBot Mike round 1
ChatterBot Romeo round 1
ChatterBot November round 1
ChatterBot Papa round 1
ChatterBot India round 1
ChatterBot Hotel round 1
ChatterBot Tango round 1
randomSelections Romeo: {Romeo, November, Papa, Mike, Hotel, Bravo} 
2024-10-14 13:34:24.674541 Romeo: We would work well together
ChatterBot November reevaluating
ChatterBot Papa reevaluating
ChatterBot Mike reevaluating
ChatterBot Hotel reevaluating
ChatterBot Bravo reevaluating
2024-10-14 13:34:24.689897 November: Yes
2024-10-14 13:34:24.690070 Papa: Yes
2024-10-14 13:34:24.690185 Mike: Yes
2024-10-14 13:34:24.690288 Hotel: Yes
2024-10-14 13:34:24.690393 Bravo: Yes
ChatterBot Papa reevaluating
ChatterBot Mike reevaluating
ChatterBot Hotel reevaluating
ChatterBot Bravo reevaluating
ChatterBot November reevaluating
ChatterBot Mike reevaluating
ChatterBot Hotel reevaluating
ChatterBot Bravo reevaluating
ChatterBot November reevaluating
ChatterBot Papa reevaluating
ChatterBot Hotel reevaluating
ChatterBot Bravo reevaluating
ChatterBot November reevaluating
ChatterBot Papa reevaluating
ChatterBot Mike reevaluating
ChatterBot Bravo reevaluating
ChatterBot November reevaluating
ChatterBot Papa reevaluating
ChatterBot Mike reevaluating
ChatterBot Hotel reevaluating
randomSelections India: {India, Sierra, Papa, Tango, November, Hotel} 
2024-10-14 13:34:24.725128 India: We should group up
ChatterBot Sierra reevaluating
ChatterBot Papa reevaluating
ChatterBot Tango reevaluating
ChatterBot November reevaluating
ChatterBot Hotel reevaluating
2024-10-14 13:34:24.730950 Sierra: Yes
2024-10-14 13:34:24.731052 Papa: No
2024-10-14 13:34:24.731142 Tango: Yes
2024-10-14 13:34:24.731213 November: No
2024-10-14 13:34:24.731294 Hotel: No
ChatterBot Papa reevaluating
ChatterBot Tango reevaluating
ChatterBot November reevaluating
ChatterBot Hotel reevaluating
ChatterBot Sierra reevaluating
ChatterBot Tango reevaluating
ChatterBot November reevaluating
ChatterBot Hotel reevaluating
ChatterBot Sierra reevaluating
ChatterBot Papa reevaluating
ChatterBot November reevaluating
ChatterBot Hotel reevaluating
ChatterBot Sierra reevaluating
ChatterBot Papa reevaluating
ChatterBot Tango reevaluating
ChatterBot Hotel reevaluating
ChatterBot Sierra reevaluating
ChatterBot Papa reevaluating
ChatterBot Tango reevaluating
ChatterBot November reevaluating
randomSelections Oscar: {Oscar, India, Romeo, November, Bravo, Sierra} 
2024-10-14 13:34:24.759620 Oscar: Friends?
ChatterBot November reevaluating
ChatterBot Bravo reevaluating
ChatterBot Sierra reevaluating
2024-10-14 13:34:24.764095 India: No
2024-10-14 13:34:24.764201 Romeo: No
2024-10-14 13:34:24.764286 November: No
2024-10-14 13:34:24.764364 Bravo: No
2024-10-14 13:34:24.764442 Sierra: No
ChatterBot November reevaluating
ChatterBot Bravo reevaluating
ChatterBot Sierra reevaluating
ChatterBot November reevaluating
ChatterBot Bravo reevaluating
ChatterBot Sierra reevaluating
ChatterBot Bravo reevaluating
ChatterBot Sierra reevaluating
ChatterBot November reevaluating
ChatterBot Sierra reevaluating
ChatterBot November reevaluating
ChatterBot Bravo reevaluating
2024-10-14 13:34:24.803670 Romeo: Bravo, Papa and Hotel, sending you 2
2024-10-14 13:34:24.803980 India: November, sending you 3
2024-10-14 13:34:24.805660 Oscar: Sierra, sending you 2
2024-10-14 13:34:24.807668 November: Bravo, Romeo, Papa and Hotel, sending you 2
2024-10-14 13:34:24.807960 Romeo: November, sending you 6
2024-10-14 13:34:24.808692 India: Papa and Tango, sending you 2
2024-10-14 13:34:24.809700 Oscar: Bravo, Romeo, November and India, sending you 1
2024-10-14 13:34:24.810063 Hotel: Bravo and Papa, sending you 3
2024-10-14 13:34:24.810669 Bravo: Mike and Papa, sending you 1
2024-10-14 13:34:24.812670 Papa: Mike, sending you 2
2024-10-14 13:34:24.812998 November: Mike, sending you 1
2024-10-14 13:34:24.813709 Hotel: Mike, Romeo and November, sending you 2
2024-10-14 13:34:24.814678 Tango: Sierra, Papa, India and Hotel, sending you 3
2024-10-14 13:34:24.814978 Bravo: Romeo and Hotel, sending you 4
2024-10-14 13:34:24.816690 Papa: Romeo, sending you 1
2024-10-14 13:34:24.818666 Sierra: November and Hotel, sending you 2
2024-10-14 13:34:24.818985 Tango: November, sending you 1
2024-10-14 13:34:24.819668 Mike: Bravo, November and Papa, sending you 3
2024-10-14 13:34:24.823679 Sierra: Papa and India, sending you 1
2024-10-14 13:34:24.823888 Mike: Romeo and Hotel, sending you 1
2024-10-14 13:34:24.828660 Sierra: Tango, sending you 3
chatterbot Hotel submitting transactions
chatterbot Mike submitting transactions
chatterbot Sierra submitting transactions
chatterbot November submitting transactions
chatterbot Tango submitting transactions
chatterbot Romeo submitting transactions
chatterbot Papa submitting transactions
chatterbot Bravo submitting transactions
chatterbot Oscar submitting transactions
chatterbot India submitting transactions
ChatterBot Oscar round 2
ChatterBot Sierra round 2
ChatterBot Bravo round 2
ChatterBot Mike round 2
ChatterBot Romeo round 2
2024-10-14 13:34:26.406732 Oscar: Group up?
ChatterBot Papa reevaluating
2024-10-14 13:34:26.418960 Papa: No
ChatterBot Oscar reevaluating
2024-10-14 13:34:26.425056 Papa: We should group up
ChatterBot Hotel reevaluating
2024-10-14 13:34:26.438249 Hotel: No
ChatterBot Papa reevaluating
2024-10-14 13:34:26.450772 Hotel: We would work well together
ChatterBot Romeo reevaluating
2024-10-14 13:34:26.454876 Romeo: Yes
ChatterBot Hotel reevaluating
ChatterBot November round 2
ChatterBot Papa round 2
2024-10-14 13:34:26.478609 Sierra: We would work well together
ChatterBot India reevaluating
ChatterBot Tango reevaluating
ChatterBot Oscar reevaluating
2024-10-14 13:34:26.505566 India: No
2024-10-14 13:34:26.505781 Tango: No
2024-10-14 13:34:26.505942 Oscar: Yes
ChatterBot Tango reevaluating
ChatterBot Oscar reevaluating
ChatterBot India reevaluating
ChatterBot Oscar reevaluating
ChatterBot India reevaluating
ChatterBot Tango reevaluating
2024-10-14 13:34:26.568134 Tango: Friends?
ChatterBot India reevaluating
2024-10-14 13:34:26.580371 India: No
ChatterBot Tango reevaluating
ChatterBot India round 2
2024-10-14 13:34:26.596791 Bravo: We should add Oscar
ChatterBot Romeo reevaluating
ChatterBot November reevaluating
ChatterBot Papa reevaluating
ChatterBot Hotel reevaluating
2024-10-14 13:34:26.637792 Romeo: No
2024-10-14 13:34:26.638155 November: Yes
2024-10-14 13:34:26.638467 Papa: No
2024-10-14 13:34:26.638681 Mike: No
2024-10-14 13:34:26.638892 Hotel: No
ChatterBot November reevaluating
ChatterBot Papa reevaluating
ChatterBot Hotel reevaluating
ChatterBot Romeo reevaluating
ChatterBot Papa reevaluating
ChatterBot Hotel reevaluating
ChatterBot Romeo reevaluating
ChatterBot November reevaluating
ChatterBot Hotel reevaluating
ChatterBot Romeo reevaluating
ChatterBot November reevaluating
ChatterBot Papa reevaluating
ChatterBot Hotel reevaluating
ChatterBot Romeo reevaluating
ChatterBot November reevaluating
ChatterBot Papa reevaluating
2024-10-14 13:34:26.893040 Papa: We should add India
ChatterBot Romeo reevaluating
ChatterBot November reevaluating
ChatterBot Hotel reevaluating
2024-10-14 13:34:26.931386 Romeo: No
2024-10-14 13:34:26.931557 November: Yes
2024-10-14 13:34:26.931707 Mike: No
2024-10-14 13:34:26.931836 Hotel: No
2024-10-14 13:34:26.931967 Bravo: No
ChatterBot November reevaluating
ChatterBot Papa reevaluating
ChatterBot Hotel reevaluating
ChatterBot Bravo reevaluating
ChatterBot Romeo reevaluating
ChatterBot Papa reevaluating
ChatterBot Hotel reevaluating
ChatterBot Bravo reevaluating
ChatterBot Romeo reevaluating
ChatterBot November reevaluating
ChatterBot Papa reevaluating
ChatterBot Hotel reevaluating
ChatterBot Bravo reevaluating
ChatterBot Romeo reevaluating
ChatterBot November reevaluating
ChatterBot Papa reevaluating
ChatterBot Bravo reevaluating
ChatterBot Romeo reevaluating
ChatterBot November reevaluating
ChatterBot Papa reevaluating
ChatterBot Hotel reevaluating
ChatterBot Hotel round 2
ChatterBot Tango round 2
2024-10-14 13:34:27.165951 Hotel: We should add Sierra
ChatterBot November reevaluating
ChatterBot Bravo reevaluating
2024-10-14 13:34:27.212497 Romeo: No
2024-10-14 13:34:27.212753 November: Yes
2024-10-14 13:34:27.212962 Papa: No
2024-10-14 13:34:27.213196 Mike: No
2024-10-14 13:34:27.213809 Bravo: No
ChatterBot November reevaluating
ChatterBot Hotel reevaluating
ChatterBot Bravo reevaluating
ChatterBot Hotel reevaluating
ChatterBot Bravo reevaluating
ChatterBot November reevaluating
ChatterBot Hotel reevaluating
ChatterBot Bravo reevaluating
ChatterBot November reevaluating
ChatterBot Hotel reevaluating
ChatterBot Bravo reevaluating
ChatterBot November reevaluating
ChatterBot Hotel reevaluating
chatterbot Oscar submitting transactions
chatterbot Sierra submitting transactions
2024-10-14 13:34:27.321528 Hotel: We should add Tango
ChatterBot November reevaluating
ChatterBot Bravo reevaluating
2024-10-14 13:34:27.343040 Romeo: No
2024-10-14 13:34:27.343188 November: No
2024-10-14 13:34:27.343309 Papa: No
2024-10-14 13:34:27.343424 Mike: No
2024-10-14 13:34:27.343520 Bravo: No
ChatterBot November reevaluating
ChatterBot Hotel reevaluating
ChatterBot Bravo reevaluating
ChatterBot Hotel reevaluating
ChatterBot Bravo reevaluating
ChatterBot November reevaluating
ChatterBot Hotel reevaluating
ChatterBot Bravo reevaluating
ChatterBot November reevaluating
ChatterBot Hotel reevaluating
ChatterBot Bravo reevaluating
ChatterBot November reevaluating
ChatterBot Hotel reevaluating
2024-10-14 13:34:27.441305 Sierra: Oscar, sending you 3
2024-10-14 13:34:27.441687 Mike: Bravo and November, sending you 2
2024-10-14 13:34:27.442408 Oscar: Sierra and India, sending you 5
2024-10-14 13:34:27.624600 Sierra: India, sending you 1
2024-10-14 13:34:27.624886 Mike: Romeo, sending you 1
2024-10-14 13:34:27.625703 Papa: Bravo, sending you 1
2024-10-14 13:34:27.626029 India: Oscar and Sierra, sending you 2
2024-10-14 13:34:27.626230 Oscar: Tango, sending you 4
2024-10-14 13:34:27.626420 Romeo: Bravo, sending you 5
2024-10-14 13:34:27.745646 Sierra: Tango, sending you 5
2024-10-14 13:34:27.745978 Mike: Papa and Hotel, sending you 3
2024-10-14 13:34:27.746463 Papa: Mike, Romeo, November and Hotel, sending you 2
2024-10-14 13:34:27.747285 India: Tango, sending you 3
2024-10-14 13:34:27.747541 Tango: Oscar, sending you 3
2024-10-14 13:34:27.747788 Romeo: Mike and Papa, sending you 2
chatterbot Mike submitting transactions
2024-10-14 13:34:27.783133 Tango: Sierra and India, sending you 4
2024-10-14 13:34:27.783493 November: Bravo, Mike, Romeo and Hotel, sending you 2
2024-10-14 13:34:27.784381 Romeo: November and Hotel, sending you 3
2024-10-14 13:34:27.784761 Hotel: Bravo, sending you 4
2024-10-14 13:34:27.785552 Bravo: Mike and Hotel, sending you 4
chatterbot Romeo submitting transactions
2024-10-14 13:34:27.801807 November: Papa, sending you 1
chatterbot Bravo submitting transactions
2024-10-14 13:34:27.802895 Hotel: Mike, Romeo, November and Papa, sending you 2
2024-10-14 13:34:27.803272 Bravo: Romeo and November, sending you 3
2024-10-14 13:34:27.814950 Bravo: Papa, sending you 1
chatterbot Papa submitting transactions
chatterbot November submitting transactions
chatterbot Tango submitting transactions
chatterbot Hotel submitting transactions
chatterbot India submitting transactions
ChatterBot Oscar round 3
ChatterBot Sierra round 3
ChatterBot Bravo round 3
ChatterBot Mike round 3
ChatterBot Romeo round 3
ChatterBot November round 3
ChatterBot Papa round 3
ChatterBot India round 3
ChatterBot Hotel round 3
ChatterBot Tango round 3
2024-10-14 13:34:28.664696 India: We should add November
ChatterBot Sierra reevaluating
ChatterBot Tango reevaluating
ChatterBot Oscar reevaluating
2024-10-14 13:34:28.681016 Sierra: No
2024-10-14 13:34:28.681239 Tango: No
2024-10-14 13:34:28.681821 Oscar: No
ChatterBot India reevaluating
ChatterBot Tango reevaluating
ChatterBot Oscar reevaluating
ChatterBot Sierra reevaluating
ChatterBot India reevaluating
ChatterBot Oscar reevaluating
ChatterBot Sierra reevaluating
ChatterBot India reevaluating
ChatterBot Tango reevaluating
chatterbot Tango submitting transactions
2024-10-14 13:34:28.765526 India: We should add Papa
ChatterBot Sierra reevaluating
ChatterBot Tango reevaluating
ChatterBot Oscar reevaluating
2024-10-14 13:34:28.780983 Sierra: No
2024-10-14 13:34:28.781556 Tango: Yes
2024-10-14 13:34:28.781715 Oscar: Yes
ChatterBot India reevaluating
ChatterBot Tango reevaluating
ChatterBot Oscar reevaluating
ChatterBot Sierra reevaluating
ChatterBot India reevaluating
ChatterBot Oscar reevaluating
ChatterBot Sierra reevaluating
ChatterBot India reevaluating
ChatterBot Tango reevaluating
2024-10-14 13:34:29.027361 Romeo: Bravo, sending you 4
2024-10-14 13:34:29.027812 Mike: Bravo, sending you 4
2024-10-14 13:34:29.028292 Tango: Hotel we want you to join our group
2024-10-14 13:34:29.032134 Hotel: No
ChatterBot India reevaluating
2024-10-14 13:34:29.045205 Papa: Bravo, sending you 1
2024-10-14 13:34:29.046178 Romeo: Mike, sending you 2
2024-10-14 13:34:29.046582 Mike: Romeo, sending you 1
2024-10-14 13:34:29.080629 November: Bravo, Mike, Romeo and Hotel, sending you 2
2024-10-14 13:34:29.081450 Bravo: Mike and November, sending you 3
2024-10-14 13:34:29.081813 Romeo: November, Papa and Hotel, sending you 3
2024-10-14 13:34:29.082148 Hotel: Bravo, sending you 4
2024-10-14 13:34:29.082949 Papa: Mike, Romeo, November and Hotel, sending you 2
2024-10-14 13:34:29.083329 Mike: November, Papa and Hotel, sending you 2
2024-10-14 13:34:29.084257 India: Papa we want you to join our group
2024-10-14 13:34:29.087002 Papa: No
ChatterBot India reevaluating
ChatterBot Tango reevaluating
2024-10-14 13:34:29.099966 Tango: We should add Mike
ChatterBot India reevaluating
2024-10-14 13:34:29.108954 Sierra: No
2024-10-14 13:34:29.109177 India: No
2024-10-14 13:34:29.109338 Oscar: No
ChatterBot India reevaluating
ChatterBot Tango reevaluating
ChatterBot Tango reevaluating
ChatterBot India reevaluating
ChatterBot Tango reevaluating
chatterbot Romeo submitting transactions
2024-10-14 13:34:29.138216 Bravo: Romeo and Hotel, sending you 4
2024-10-14 13:34:29.138866 November: Papa, sending you 1
2024-10-14 13:34:29.139733 Hotel: Mike, Romeo, November and Papa, sending you 2
2024-10-14 13:34:29.163322 Sierra: Oscar, sending you 4
2024-10-14 13:34:29.164032 Bravo: Papa, sending you 2
chatterbot Mike submitting transactions
2024-10-14 13:34:29.173666 Sierra: India, sending you 2
2024-10-14 13:34:29.181050 Sierra: Tango, sending you 3
2024-10-14 13:34:29.185220 Tango: Oscar, sending you 3
2024-10-14 13:34:29.188738 Tango: Sierra and India, sending you 4
2024-10-14 13:34:29.207687 India: Oscar, sending you 2
2024-10-14 13:34:29.212330 India: Sierra and Papa, sending you 1
2024-10-14 13:34:29.269325 India: Tango, sending you 3
chatterbot Papa submitting transactions
chatterbot Hotel submitting transactions
chatterbot India submitting transactions
chatterbot Sierra submitting transactions
chatterbot November submitting transactions
chatterbot Tango submitting transactions
chatterbot Bravo submitting transactions
chatterbot Oscar submitting transactions
ChatterBot Oscar round 4
ChatterBot Sierra round 4
ChatterBot Bravo round 4
ChatterBot Mike round 4
ChatterBot Romeo round 4
ChatterBot November round 4
ChatterBot Papa round 4
ChatterBot India round 4
ChatterBot Hotel round 4
ChatterBot Tango round 4
2024-10-14 13:34:30.171039 Tango: We should add Hotel
2024-10-14 13:34:30.183492 Sierra: No
2024-10-14 13:34:30.183699 India: No
2024-10-14 13:34:30.184251 Oscar: No
ChatterBot Tango reevaluating
ChatterBot Tango reevaluating
ChatterBot Oscar reevaluating
ChatterBot Tango reevaluating
2024-10-14 13:34:30.217643 Oscar: We should add Papa
ChatterBot Tango reevaluating
2024-10-14 13:34:30.225018 Sierra: No
2024-10-14 13:34:30.225177 India: Yes
2024-10-14 13:34:30.225309 Tango: No
ChatterBot Tango reevaluating
ChatterBot Oscar reevaluating
ChatterBot Tango reevaluating
ChatterBot Oscar reevaluating
ChatterBot Oscar reevaluating
2024-10-14 13:34:30.256684 Tango: Papa we want you to join our group
2024-10-14 13:34:30.259514 Papa: No
ChatterBot India reevaluating
ChatterBot Oscar reevaluating
ChatterBot Tango reevaluating
2024-10-14 13:34:30.271491 India: We should replace Papa with Romeo
ChatterBot Tango reevaluating
ChatterBot Oscar reevaluating
2024-10-14 13:34:30.280133 Sierra: No
2024-10-14 13:34:30.280281 Tango: No
2024-10-14 13:34:30.280411 Oscar: No
ChatterBot India reevaluating
ChatterBot Tango reevaluating
ChatterBot Oscar reevaluating
ChatterBot India reevaluating
ChatterBot Oscar reevaluating
ChatterBot India reevaluating
ChatterBot Tango reevaluating
2024-10-14 13:34:30.319656 Romeo: Bravo, sending you 4
2024-10-14 13:34:30.320346 November: Bravo, Mike, Romeo and Hotel, sending you 2
2024-10-14 13:34:30.321164 Bravo: Mike and November, sending you 3
2024-10-14 13:34:30.321585 Papa: Bravo and November, sending you 1
2024-10-14 13:34:30.322045 Mike: Bravo, sending you 3
2024-10-14 13:34:30.322450 Sierra: Oscar, sending you 4
2024-10-14 13:34:30.323240 Romeo: Mike, sending you 2
2024-10-14 13:34:30.324711 Bravo: Romeo and Hotel, sending you 4
2024-10-14 13:34:30.325803 Papa: Mike, Romeo and Hotel, sending you 2
2024-10-14 13:34:30.326500 November: Papa, sending you 1
2024-10-14 13:34:30.327089 Mike: Romeo, November, Papa and Hotel, sending you 2
2024-10-14 13:34:30.328020 Sierra: India, sending you 2
2024-10-14 13:34:30.328423 Romeo: November, Papa and Hotel, sending you 3
2024-10-14 13:34:30.329738 Bravo: Papa, sending you 2
2024-10-14 13:34:30.332094 Sierra: Tango, sending you 3
2024-10-14 13:34:30.332685 India: Oscar, sending you 2
2024-10-14 13:34:30.333663 Oscar: Sierra and Tango, sending you 5
2024-10-14 13:34:30.336688 India: Sierra and Papa, sending you 1
2024-10-14 13:34:30.338674 Oscar: India, sending you 4
2024-10-14 13:34:30.340764 Hotel: Bravo, sending you 4
2024-10-14 13:34:30.341414 India: Tango, sending you 3
2024-10-14 13:34:30.343677 Tango: Oscar, sending you 3
2024-10-14 13:34:30.345656 Hotel: Mike, Romeo, November and Papa, sending you 2
2024-10-14 13:34:30.348670 Tango: Sierra and India, sending you 4
chatterbot November submitting transactions
chatterbot Bravo submitting transactions
chatterbot Sierra submitting transactions
chatterbot Papa submitting transactions
chatterbot Oscar submitting transactions
chatterbot Mike submitting transactions
chatterbot India submitting transactions
chatterbot Romeo submitting transactions
chatterbot Tango submitting transactions
chatterbot Hotel submitting transactions
ChatterBot Oscar round 5
ChatterBot Sierra round 5
ChatterBot Bravo round 5
ChatterBot Mike round 5
ChatterBot Romeo round 5
ChatterBot November round 5
ChatterBot Papa round 5
ChatterBot India round 5
ChatterBot Hotel round 5
ChatterBot Tango round 5
2024-10-14 13:34:31.502675 Sierra: Oscar, sending you 4
2024-10-14 13:34:31.504668 November: Bravo, Mike, Romeo and Hotel, sending you 2
2024-10-14 13:34:31.505336 Bravo: Mike and November, sending you 3
2024-10-14 13:34:31.505927 Romeo: Bravo, sending you 4
2024-10-14 13:34:31.506885 Mike: Bravo, sending you 3
2024-10-14 13:34:31.507446 Oscar: Sierra and Tango, sending you 5
2024-10-14 13:34:31.507861 Sierra: India, sending you 2
2024-10-14 13:34:31.509019 November: Papa, sending you 1
2024-10-14 13:34:31.509812 Mike: Romeo, November, Papa and Hotel, sending you 2
2024-10-14 13:34:31.510685 Bravo: Romeo and Hotel, sending you 4
2024-10-14 13:34:31.511526 Sierra: Tango, sending you 3
2024-10-14 13:34:31.511898 Romeo: Mike, sending you 2
2024-10-14 13:34:31.512320 Tango: Oscar, sending you 3
2024-10-14 13:34:31.512675 Oscar: India, sending you 4
2024-10-14 13:34:31.514657 Bravo: Papa, sending you 2
2024-10-14 13:34:31.515675 Romeo: November, Papa and Hotel, sending you 3
2024-10-14 13:34:31.516624 Tango: Sierra and India, sending you 4
2024-10-14 13:34:31.516990 Papa: Bravo, Mike, Romeo and Hotel, sending you 2
2024-10-14 13:34:31.517463 India: Oscar, Sierra and Tango, sending you 2
2024-10-14 13:34:31.519680 Papa: November, sending you 1
2024-10-14 13:34:31.520696 India: Papa, sending you 1
2024-10-14 13:34:31.521499 Hotel: Bravo, sending you 4
2024-10-14 13:34:31.526673 Hotel: Mike, Romeo, November and Papa, sending you 2
chatterbot Hotel submitting transactions
chatterbot India submitting transactions
chatterbot Sierra submitting transactions
chatterbot Papa submitting transactions
chatterbot November submitting transactions
chatterbot Tango submitting transactions
chatterbot Romeo submitting transactions
chatterbot Bravo submitting transactions
chatterbot Oscar submitting transactions
chatterbot Mike submitting transactions
ChatterBot Oscar round 6
ChatterBot Sierra round 6
ChatterBot Bravo round 6
ChatterBot Mike round 6
ChatterBot Romeo round 6
ChatterBot November round 6
ChatterBot Papa round 6
ChatterBot India round 6
ChatterBot Hotel round 6
ChatterBot Tango round 6
2024-10-14 13:34:32.540923 India: We should replace Papa with Bravo
2024-10-14 13:34:32.547415 Sierra: No
2024-10-14 13:34:32.547549 Tango: No
2024-10-14 13:34:32.547657 Oscar: No
ChatterBot India reevaluating
ChatterBot India reevaluating
ChatterBot India reevaluating
2024-10-14 13:34:32.570667 November: Bravo, Mike, Romeo and Hotel, sending you 2
2024-10-14 13:34:32.571734 Oscar: Sierra and Tango, sending you 5
2024-10-14 13:34:32.574669 Oscar: India, sending you 4
2024-10-14 13:34:32.575696 November: Papa, sending you 1
2024-10-14 13:34:32.576783 India: Bravo we want you to join our group
2024-10-14 13:34:32.579411 Bravo: No
ChatterBot India reevaluating
ChatterBot Oscar reevaluating
ChatterBot Tango reevaluating
2024-10-14 13:34:32.590858 India: We should replace Papa with Romeo
2024-10-14 13:34:32.591137 Oscar: We should add Romeo
2024-10-14 13:34:32.591411 Tango: We should add Romeo
ChatterBot Tango reevaluating
ChatterBot Oscar reevaluating
2024-10-14 13:34:32.599431 Sierra: No
ChatterBot India reevaluating
2024-10-14 13:34:32.604252 Tango: No
ChatterBot Tango reevaluating
2024-10-14 13:34:32.607172 Oscar: Yes
2024-10-14 13:34:32.607382 Sierra: No
2024-10-14 13:34:32.609951 India: No
ChatterBot India reevaluating
2024-10-14 13:34:32.613190 Tango: Yes
ChatterBot Oscar reevaluating
2024-10-14 13:34:32.615999 Sierra: No
2024-10-14 13:34:32.616148 India: Yes
ChatterBot India reevaluating
ChatterBot Tango reevaluating
2024-10-14 13:34:32.621364 Oscar: Yes
ChatterBot Oscar reevaluating
ChatterBot India reevaluating
ChatterBot Oscar reevaluating
ChatterBot India reevaluating
ChatterBot Tango reevaluating
ChatterBot India reevaluating
ChatterBot Tango reevaluating
ChatterBot Oscar reevaluating
ChatterBot Tango reevaluating
ChatterBot Oscar reevaluating
ChatterBot India reevaluating
ChatterBot Oscar reevaluating
ChatterBot India reevaluating
ChatterBot Tango reevaluating
ChatterBot Oscar reevaluating
ChatterBot Tango reevaluating
ChatterBot Oscar reevaluating
ChatterBot India reevaluating
ChatterBot Tango reevaluating
2024-10-14 13:34:32.677277 Romeo: Bravo, sending you 4
2024-10-14 13:34:32.680656 Papa: Bravo, Mike, Romeo and Hotel, sending you 2
2024-10-14 13:34:32.681702 Mike: Bravo, sending you 3
2024-10-14 13:34:32.682944 Romeo: Mike, sending you 2
2024-10-14 13:34:32.683750 Sierra: Oscar, sending you 4
2024-10-14 13:34:32.684316 Bravo: Mike and November, sending you 3
2024-10-14 13:34:32.684926 Hotel: Bravo, sending you 4
2024-10-14 13:34:32.686037 India: Romeo we want you to join our group
2024-10-14 13:34:32.689657 Romeo: No
ChatterBot India reevaluating
ChatterBot Tango reevaluating
2024-10-14 13:34:32.703629 Papa: November, sending you 1
2024-10-14 13:34:32.704318 Mike: Romeo, November, Papa and Hotel, sending you 2
2024-10-14 13:34:32.705286 Romeo: November, Papa and Hotel, sending you 3
2024-10-14 13:34:32.705781 Sierra: India, sending you 2
2024-10-14 13:34:32.706175 Bravo: Romeo and Hotel, sending you 4
2024-10-14 13:34:32.706665 Hotel: Mike, Romeo, November and Papa, sending you 2
2024-10-14 13:34:32.710726 Sierra: Tango, sending you 3
2024-10-14 13:34:32.711202 Bravo: Papa, sending you 2
2024-10-14 13:34:32.736892 Tango: Oscar, sending you 3
2024-10-14 13:34:32.739692 India: Oscar, Sierra and Tango, sending you 2
2024-10-14 13:34:32.740163 Tango: Sierra and India, sending you 4
2024-10-14 13:34:32.743700 India: Romeo, sending you 1
chatterbot Hotel submitting transactions
chatterbot Romeo submitting transactions
chatterbot India submitting transactions
chatterbot Tango submitting transactions
chatterbot Papa submitting transactions
chatterbot Oscar submitting transactions
chatterbot November submitting transactions
chatterbot Sierra submitting transactions
chatterbot Bravo submitting transactions
chatterbot Mike submitting transactions
ChatterBot Oscar round 7
ChatterBot Sierra round 7
ChatterBot Bravo round 7
ChatterBot Mike round 7
ChatterBot Romeo round 7
ChatterBot November round 7
ChatterBot Papa round 7
ChatterBot India round 7
ChatterBot Hotel round 7
ChatterBot Tango round 7
2024-10-14 13:34:33.825482 Tango: We should add Romeo
ChatterBot Oscar reevaluating
2024-10-14 13:34:33.833045 Sierra: No
2024-10-14 13:34:33.833218 India: Yes
2024-10-14 13:34:33.833334 Oscar: Yes
ChatterBot Oscar reevaluating
ChatterBot Tango reevaluating
ChatterBot Oscar reevaluating
ChatterBot Tango reevaluating
2024-10-14 13:34:33.856682 Sierra: Oscar, sending you 4
2024-10-14 13:34:33.858699 Tango: Romeo we want you to join our group
2024-10-14 13:34:33.862682 Romeo: No
ChatterBot Tango reevaluating
2024-10-14 13:34:33.877474 Sierra: India, sending you 2
2024-10-14 13:34:33.878532 Hotel: Bravo, sending you 4
2024-10-14 13:34:33.882048 Sierra: Tango, sending you 3
2024-10-14 13:34:33.882648 Bravo: Mike and November, sending you 3
2024-10-14 13:34:33.883474 India: Oscar, Sierra and Tango, sending you 2
2024-10-14 13:34:33.884264 November: Bravo, Mike, Romeo and Hotel, sending you 2
2024-10-14 13:34:33.884995 Papa: Bravo, Mike, Romeo and Hotel, sending you 2
2024-10-14 13:34:33.886426 Mike: Bravo, sending you 3
2024-10-14 13:34:33.887329 Hotel: Mike, Romeo, November and Papa, sending you 2
2024-10-14 13:34:33.888994 Romeo: Bravo, sending you 4
2024-10-14 13:34:33.890056 Bravo: Romeo and Hotel, sending you 4
2024-10-14 13:34:33.891556 India: Romeo, sending you 1
2024-10-14 13:34:33.891960 November: Papa, sending you 1
2024-10-14 13:34:33.893652 Papa: November, sending you 1
2024-10-14 13:34:33.895262 Mike: Romeo, November, Papa and Hotel, sending you 2
2024-10-14 13:34:33.897088 Romeo: Mike, sending you 2
2024-10-14 13:34:33.897942 Bravo: Papa, sending you 2
2024-10-14 13:34:33.899307 Oscar: Sierra, sending you 6
2024-10-14 13:34:33.902701 Romeo: November, Papa and Hotel, sending you 3
2024-10-14 13:34:33.905884 Oscar: India, sending you 3
2024-10-14 13:34:33.910680 Oscar: Tango, sending you 5
2024-10-14 13:34:33.914673 Tango: Oscar, sending you 3
2024-10-14 13:34:33.919360 Tango: Sierra and India, sending you 4
2024-10-14 13:34:33.923733 Tango: Romeo, sending you 2
chatterbot Oscar submitting transactions
chatterbot November submitting transactions
chatterbot Tango submitting transactions
chatterbot Bravo submitting transactions
chatterbot Romeo submitting transactions
chatterbot Hotel submitting transactions
chatterbot Mike submitting transactions
chatterbot India submitting transactions
chatterbot Papa submitting transactions
chatterbot Sierra submitting transactions
ChatterBot Oscar round 8
ChatterBot Sierra round 8
ChatterBot Bravo round 8
ChatterBot Mike round 8
ChatterBot Romeo round 8
ChatterBot November round 8
ChatterBot Papa round 8
ChatterBot India round 8
ChatterBot Hotel round 8
ChatterBot Tango round 8
2024-10-14 13:34:35.079898 Sierra: Oscar, sending you 4
2024-10-14 13:34:35.082206 Tango: We should drop Romeo
ChatterBot India reevaluating
ChatterBot Oscar reevaluating
2024-10-14 13:34:35.099582 Sierra: Yes
2024-10-14 13:34:35.100032 India: Yes
2024-10-14 13:34:35.100488 Oscar: Yes
ChatterBot India reevaluating
ChatterBot Oscar reevaluating
ChatterBot Oscar reevaluating
ChatterBot India reevaluating
2024-10-14 13:34:35.145655 Bravo: Mike and November, sending you 3
2024-10-14 13:34:35.147202 Sierra: India, sending you 2
2024-10-14 13:34:35.154753 Mike: Bravo, sending you 3
2024-10-14 13:34:35.155774 Papa: Bravo, Mike, Romeo and Hotel, sending you 2
2024-10-14 13:34:35.156413 November: Bravo, Mike, Romeo and Hotel, sending you 2
2024-10-14 13:34:35.157469 Hotel: Bravo, sending you 4
2024-10-14 13:34:35.158039 Bravo: Romeo and Hotel, sending you 4
2024-10-14 13:34:35.159146 Sierra: Tango, sending you 3
2024-10-14 13:34:35.159575 Romeo: Bravo, sending you 4
2024-10-14 13:34:35.160853 India: Mike we want you to join our group
2024-10-14 13:34:35.163439 Mike: No
ChatterBot India reevaluating
2024-10-14 13:34:35.175120 Mike: Romeo, November, Papa and Hotel, sending you 2
2024-10-14 13:34:35.175851 Papa: November, sending you 1
2024-10-14 13:34:35.177229 November: Papa, sending you 1
2024-10-14 13:34:35.178391 Hotel: Mike, Romeo, November and Papa, sending you 2
2024-10-14 13:34:35.179045 Bravo: Papa, sending you 2
2024-10-14 13:34:35.180484 Romeo: Mike, sending you 2
2024-10-14 13:34:35.192633 Tango: Oscar, sending you 3
2024-10-14 13:34:35.193639 Oscar: Sierra, sending you 6
2024-10-14 13:34:35.194785 Romeo: November, Papa and Hotel, sending you 3
2024-10-14 13:34:35.200870 Tango: Sierra and India, sending you 4
2024-10-14 13:34:35.202074 Oscar: India, sending you 3
2024-10-14 13:34:35.208173 Oscar: Tango, sending you 5
2024-10-14 13:34:35.218761 India: Oscar, Sierra and Tango, sending you 2
2024-10-14 13:34:35.224689 India: Mike, sending you 1
chatterbot November submitting transactions
chatterbot Bravo submitting transactions
chatterbot Papa submitting transactions
chatterbot Oscar submitting transactions
chatterbot Sierra submitting transactions
chatterbot India submitting transactions
chatterbot Hotel submitting transactions
chatterbot Romeo submitting transactions
chatterbot Tango submitting transactions
chatterbot Mike submitting transactions
ChatterBot Oscar round 9
ChatterBot Sierra round 9
ChatterBot Bravo round 9
ChatterBot Mike round 9
ChatterBot Romeo round 9
ChatterBot November round 9
ChatterBot Papa round 9
ChatterBot India round 9
ChatterBot Hotel round 9
ChatterBot Tango round 9
2024-10-14 13:34:36.364684 Bravo: Mike and November, sending you 3
2024-10-14 13:34:36.368723 India: Oscar, Sierra and Tango, sending you 2
2024-10-14 13:34:36.369680 Bravo: Romeo and Hotel, sending you 4
2024-10-14 13:34:36.371529 Romeo: Bravo, sending you 4
2024-10-14 13:34:36.372572 Sierra: Oscar, sending you 4
2024-10-14 13:34:36.374048 Papa: Bravo, Mike, Romeo and Hotel, sending you 2
2024-10-14 13:34:36.375033 India: Mike, sending you 1
2024-10-14 13:34:36.375762 Hotel: Bravo, sending you 4
2024-10-14 13:34:36.377440 Mike: Bravo, sending you 3
2024-10-14 13:34:36.378377 Bravo: Papa, sending you 2
2024-10-14 13:34:36.379703 Romeo: Mike, sending you 2
2024-10-14 13:34:36.380491 Sierra: India, sending you 2
2024-10-14 13:34:36.381048 Oscar: Sierra, sending you 6
2024-10-14 13:34:36.382050 Papa: November, sending you 1
2024-10-14 13:34:36.382914 Hotel: Mike, Romeo, November and Papa, sending you 2
2024-10-14 13:34:36.384151 Mike: Romeo, November, Papa and Hotel, sending you 2
2024-10-14 13:34:36.385011 November: Bravo, Mike, Romeo and Hotel, sending you 2
2024-10-14 13:34:36.386218 Romeo: November, Papa and Hotel, sending you 3
2024-10-14 13:34:36.387253 Tango: Oscar, sending you 3
2024-10-14 13:34:36.388271 Sierra: Tango, sending you 3
2024-10-14 13:34:36.388836 Oscar: India and Tango, sending you 4
2024-10-14 13:34:36.390692 November: Papa, sending you 1
2024-10-14 13:34:36.392209 Tango: Sierra and India, sending you 4
chatterbot Bravo submitting transactions
chatterbot Hotel submitting transactions
chatterbot Oscar submitting transactions
chatterbot November submitting transactions
chatterbot Romeo submitting transactions
chatterbot Mike submitting transactions
chatterbot Papa submitting transactions
chatterbot India submitting transactions
chatterbot Tango submitting transactions
chatterbot Sierra submitting transactions
ChatterBot Oscar round 10
ChatterBot Sierra round 10
ChatterBot Bravo round 10
ChatterBot Mike round 10
ChatterBot Romeo round 10
ChatterBot November round 10
ChatterBot Papa round 10
ChatterBot India round 10
ChatterBot Hotel round 10
ChatterBot Tango round 10
2024-10-14 13:34:37.356702 November: Bravo, Mike, Romeo and Hotel, sending you 2
2024-10-14 13:34:37.358060 Mike: Bravo, sending you 3
2024-10-14 13:34:37.358781 Oscar: Sierra, sending you 6
2024-10-14 13:34:37.360703 Romeo: Bravo, sending you 4
2024-10-14 13:34:37.362682 November: Papa, sending you 1
2024-10-14 13:34:37.363433 Oscar: India and Tango, sending you 4
2024-10-14 13:34:37.364137 Mike: Romeo, November, Papa and Hotel, sending you 2
2024-10-14 13:34:37.365123 Romeo: Mike, sending you 2
2024-10-14 13:34:37.366568 Bravo: Mike and November, sending you 3
2024-10-14 13:34:37.369664 Romeo: November, Papa and Hotel, sending you 3
2024-10-14 13:34:37.370260 Bravo: Romeo and Hotel, sending you 4
2024-10-14 13:34:37.371709 Papa: Bravo, Mike, Romeo and Hotel, sending you 2
2024-10-14 13:34:37.372695 Tango: Oscar, sending you 3
2024-10-14 13:34:37.373528 Sierra: Oscar, sending you 4
2024-10-14 13:34:37.374376 Bravo: Papa, sending you 2
2024-10-14 13:34:37.376714 Hotel: Bravo, sending you 4
2024-10-14 13:34:37.378025 Tango: Sierra and India, sending you 4
2024-10-14 13:34:37.378740 Sierra: India, sending you 2
2024-10-14 13:34:37.379133 Papa: November, sending you 1
2024-10-14 13:34:37.380250 India: Oscar, Sierra and Tango, sending you 2
2024-10-14 13:34:37.381127 Hotel: Mike, Romeo, November and Papa, sending you 2
2024-10-14 13:34:37.382700 Sierra: Tango, sending you 3
2024-10-14 13:34:37.384668 India: Mike, sending you 1
chatterbot Bravo submitting transactions
chatterbot November submitting transactions
chatterbot Sierra submitting transactions
chatterbot Hotel submitting transactions
chatterbot Papa submitting transactions
chatterbot Romeo submitting transactions
chatterbot India submitting transactions
chatterbot Mike submitting transactions
chatterbot Oscar submitting transactions
chatterbot Tango submitting transactions
ChatterBot Oscar round 11
ChatterBot Sierra round 11
ChatterBot Bravo round 11
ChatterBot Mike round 11
ChatterBot Romeo round 11
ChatterBot November round 11
ChatterBot Papa round 11
ChatterBot India round 11
ChatterBot Hotel round 11
ChatterBot Tango round 11
2024-10-14 13:34:38.493051 India: We should replace Mike with Hotel
ChatterBot Oscar reevaluating
2024-10-14 13:34:38.508411 Sierra: No
2024-10-14 13:34:38.508637 Tango: No
2024-10-14 13:34:38.508850 Oscar: Yes
ChatterBot India reevaluating
ChatterBot Oscar reevaluating
ChatterBot India reevaluating
ChatterBot Oscar reevaluating
ChatterBot India reevaluating
2024-10-14 13:34:38.565241 India: We should replace Mike with Papa
ChatterBot Oscar reevaluating
2024-10-14 13:34:38.578976 Sierra: No
2024-10-14 13:34:38.579298 Tango: No
2024-10-14 13:34:38.580255 Oscar: No
ChatterBot India reevaluating
ChatterBot Oscar reevaluating
ChatterBot India reevaluating
ChatterBot Oscar reevaluating
ChatterBot India reevaluating
ChatterBot Tango reevaluating
2024-10-14 13:34:38.617892 Tango: We should add Papa
ChatterBot India reevaluating
ChatterBot Oscar reevaluating
2024-10-14 13:34:38.631348 Sierra: No
2024-10-14 13:34:38.631667 India: No
2024-10-14 13:34:38.631903 Oscar: Yes
ChatterBot India reevaluating
ChatterBot Tango reevaluating
ChatterBot Oscar reevaluating
ChatterBot Tango reevaluating
ChatterBot Oscar reevaluating
ChatterBot India reevaluating
ChatterBot Tango reevaluating
2024-10-14 13:34:38.679121 Bravo: Mike and November, sending you 3
2024-10-14 13:34:38.682367 Romeo: Bravo, sending you 4
2024-10-14 13:34:38.684347 India: Papa we want you to join our group
2024-10-14 13:34:38.687882 Papa: No
ChatterBot India reevaluating
ChatterBot Tango reevaluating
2024-10-14 13:34:38.702672 Papa: Bravo, Mike, Romeo and Hotel, sending you 2
2024-10-14 13:34:38.704037 Bravo: Romeo and Hotel, sending you 4
2024-10-14 13:34:38.704625 Sierra: Oscar, sending you 4
2024-10-14 13:34:38.705240 November: Bravo, Mike, Romeo and Hotel, sending you 2
2024-10-14 13:34:38.706217 Mike: Bravo, sending you 3
2024-10-14 13:34:38.706928 Romeo: Mike, sending you 2
2024-10-14 13:34:38.708204 Papa: November, sending you 1
2024-10-14 13:34:38.709319 Bravo: Papa, sending you 2
2024-10-14 13:34:38.710005 Sierra: India, sending you 2
2024-10-14 13:34:38.710439 November: Papa, sending you 1
2024-10-14 13:34:38.711926 Mike: Romeo, November, Papa and Hotel, sending you 2
2024-10-14 13:34:38.713895 Hotel: Bravo, sending you 4
2024-10-14 13:34:38.715820 Romeo: November, Papa and Hotel, sending you 3
2024-10-14 13:34:38.717482 Sierra: Tango, sending you 3
2024-10-14 13:34:38.721239 Hotel: Mike, Romeo, November and Papa, sending you 2
2024-10-14 13:34:38.725686 Tango: Oscar, sending you 3
2024-10-14 13:34:38.727059 India: Oscar and Sierra, sending you 2
2024-10-14 13:34:38.728024 Oscar: Sierra, sending you 6
2024-10-14 13:34:38.730666 India: Tango, sending you 3
2024-10-14 13:34:38.731805 Tango: Sierra and India, sending you 4
2024-10-14 13:34:38.733427 Oscar: India and Tango, sending you 4
chatterbot Sierra submitting transactions
chatterbot Mike submitting transactions
chatterbot India submitting transactions
chatterbot Papa submitting transactions
chatterbot Hotel submitting transactions
chatterbot Bravo submitting transactions
chatterbot November submitting transactions
chatterbot Romeo submitting transactions
chatterbot Oscar submitting transactions
chatterbot Tango submitting transactions
ChatterBot Oscar round 12
ChatterBot Sierra round 12
ChatterBot Bravo round 12
ChatterBot Mike round 12
2024-10-14 13:34:39.750464 Oscar: We should add November
ChatterBot Tango reevaluating
2024-10-14 13:34:39.757006 Sierra: No
2024-10-14 13:34:39.757132 India: No
2024-10-14 13:34:39.757238 Tango: Yes
ChatterBot India reevaluating
ChatterBot Tango reevaluating
ChatterBot Oscar reevaluating
ChatterBot Tango reevaluating
ChatterBot Oscar reevaluating
ChatterBot India reevaluating
ChatterBot Oscar reevaluating
ChatterBot Romeo round 12
ChatterBot November round 12
ChatterBot Papa round 12
ChatterBot India round 12
ChatterBot Hotel round 12
ChatterBot Tango round 12
2024-10-14 13:34:39.789348 India: We should replace Papa with November
ChatterBot Oscar reevaluating
2024-10-14 13:34:39.795506 Sierra: No
2024-10-14 13:34:39.795716 Tango: No
2024-10-14 13:34:39.795890 Oscar: Yes
ChatterBot India reevaluating
ChatterBot Tango reevaluating
ChatterBot Oscar reevaluating
ChatterBot India reevaluating
ChatterBot Oscar reevaluating
ChatterBot India reevaluating
ChatterBot Tango reevaluating
2024-10-14 13:34:39.836227 India: We should replace Papa with Mike
ChatterBot Tango reevaluating
ChatterBot Oscar reevaluating
2024-10-14 13:34:39.842046 Sierra: No
2024-10-14 13:34:39.842587 Tango: No
2024-10-14 13:34:39.842710 Oscar: No
ChatterBot India reevaluating
ChatterBot Tango reevaluating
ChatterBot Oscar reevaluating
ChatterBot India reevaluating
ChatterBot Oscar reevaluating
ChatterBot India reevaluating
ChatterBot Tango reevaluating
2024-10-14 13:34:39.871295 Sierra: Oscar, sending you 4
2024-10-14 13:34:39.872679 Bravo: Mike and November, sending you 3
2024-10-14 13:34:39.874204 Mike: Bravo, sending you 3
2024-10-14 13:34:39.875270 Tango: November we want you to join our group
2024-10-14 13:34:39.879371 November: No
ChatterBot India reevaluating
2024-10-14 13:34:39.894576 Sierra: India, sending you 2
2024-10-14 13:34:39.895720 Bravo: Romeo and Hotel, sending you 4
2024-10-14 13:34:39.897646 Mike: Romeo, November, Papa and Hotel, sending you 2
2024-10-14 13:34:39.899575 Sierra: Tango, sending you 3
