ChatterBot Romeo round 1
ChatterBot Papa round 1
ChatterBot Uniform round 1
ChatterBot Mike round 1
ChatterBot Oscar round 1
ChatterBot Kilo round 1
ChatterBot Golf round 1
ChatterBot Alpha round 1
ChatterBot Sierra round 1
ChatterBot Whiskey round 1
randomSelections Mike: {Mike, Golf, Sierra, Alpha, Whiskey, Romeo} 
2024-10-14 13:34:24.229728 Mike: Let's form a team
ChatterBot Golf reevaluating
ChatterBot Sierra reevaluating
ChatterBot Alpha reevaluating
ChatterBot Whiskey reevaluating
ChatterBot Romeo reevaluating
2024-10-14 13:34:24.244818 Golf: Yes
2024-10-14 13:34:24.244954 Sierra: Yes
2024-10-14 13:34:24.245072 Alpha: Yes
2024-10-14 13:34:24.245173 Whiskey: Yes
2024-10-14 13:34:24.245285 Romeo: Yes
ChatterBot Sierra reevaluating
ChatterBot Alpha reevaluating
ChatterBot Whiskey reevaluating
ChatterBot Romeo reevaluating
ChatterBot Golf reevaluating
ChatterBot Alpha reevaluating
ChatterBot Whiskey reevaluating
ChatterBot Romeo reevaluating
ChatterBot Golf reevaluating
ChatterBot Sierra reevaluating
ChatterBot Whiskey reevaluating
ChatterBot Romeo reevaluating
ChatterBot Golf reevaluating
ChatterBot Sierra reevaluating
ChatterBot Alpha reevaluating
ChatterBot Romeo reevaluating
ChatterBot Golf reevaluating
ChatterBot Sierra reevaluating
ChatterBot Alpha reevaluating
ChatterBot Whiskey reevaluating
randomSelections Papa: {Papa, Sierra, Whiskey, Mike, Romeo, Oscar} 
2024-10-14 13:34:24.298757 Papa: We would work well together
ChatterBot Sierra reevaluating
ChatterBot Whiskey reevaluating
ChatterBot Romeo reevaluating
ChatterBot Oscar reevaluating
2024-10-14 13:34:24.306309 Sierra: No
2024-10-14 13:34:24.306940 Whiskey: No
2024-10-14 13:34:24.307042 Mike: No
2024-10-14 13:34:24.307131 Romeo: No
2024-10-14 13:34:24.307211 Oscar: Yes
ChatterBot Whiskey reevaluating
ChatterBot Romeo reevaluating
ChatterBot Oscar reevaluating
ChatterBot Sierra reevaluating
ChatterBot Romeo reevaluating
ChatterBot Oscar reevaluating
ChatterBot Sierra reevaluating
ChatterBot Whiskey reevaluating
ChatterBot Romeo reevaluating
ChatterBot Oscar reevaluating
ChatterBot Sierra reevaluating
ChatterBot Whiskey reevaluating
ChatterBot Oscar reevaluating
ChatterBot Sierra reevaluating
ChatterBot Whiskey reevaluating
ChatterBot Romeo reevaluating
randomSelections Uniform: {Uniform, Whiskey, Oscar, Sierra, Romeo, Papa, Alpha, Golf} 
2024-10-14 13:34:24.364019 Uniform: Let's form a team
ChatterBot Whiskey reevaluating
ChatterBot Oscar reevaluating
ChatterBot Sierra reevaluating
ChatterBot Romeo reevaluating
ChatterBot Alpha reevaluating
ChatterBot Golf reevaluating
2024-10-14 13:34:24.379596 Whiskey: No
2024-10-14 13:34:24.379823 Oscar: No
2024-10-14 13:34:24.379981 Sierra: No
2024-10-14 13:34:24.380940 Romeo: No
2024-10-14 13:34:24.381084 Papa: No
2024-10-14 13:34:24.381244 Alpha: No
2024-10-14 13:34:24.381401 Golf: No
ChatterBot Oscar reevaluating
ChatterBot Sierra reevaluating
ChatterBot Romeo reevaluating
ChatterBot Alpha reevaluating
ChatterBot Golf reevaluating
ChatterBot Whiskey reevaluating
ChatterBot Sierra reevaluating
ChatterBot Romeo reevaluating
ChatterBot Alpha reevaluating
ChatterBot Golf reevaluating
ChatterBot Whiskey reevaluating
ChatterBot Oscar reevaluating
ChatterBot Romeo reevaluating
ChatterBot Alpha reevaluating
ChatterBot Golf reevaluating
ChatterBot Whiskey reevaluating
ChatterBot Oscar reevaluating
ChatterBot Sierra reevaluating
ChatterBot Alpha reevaluating
ChatterBot Golf reevaluating
ChatterBot Whiskey reevaluating
ChatterBot Oscar reevaluating
ChatterBot Sierra reevaluating
ChatterBot Romeo reevaluating
ChatterBot Alpha reevaluating
ChatterBot Golf reevaluating
ChatterBot Whiskey reevaluating
ChatterBot Oscar reevaluating
ChatterBot Sierra reevaluating
ChatterBot Romeo reevaluating
ChatterBot Golf reevaluating
ChatterBot Whiskey reevaluating
ChatterBot Oscar reevaluating
ChatterBot Sierra reevaluating
ChatterBot Romeo reevaluating
ChatterBot Alpha reevaluating
randomSelections Kilo: {Kilo, Sierra, Oscar, Romeo, Alpha, Papa, Mike, Uniform} 
2024-10-14 13:34:24.505248 Kilo: We would work well together
ChatterBot Sierra reevaluating
ChatterBot Oscar reevaluating
ChatterBot Romeo reevaluating
ChatterBot Alpha reevaluating
2024-10-14 13:34:24.522662 Sierra: No
2024-10-14 13:34:24.522913 Oscar: No
2024-10-14 13:34:24.523711 Romeo: No
2024-10-14 13:34:24.523862 Alpha: No
2024-10-14 13:34:24.524 Papa: No
2024-10-14 13:34:24.524122 Mike: No
2024-10-14 13:34:24.524259 Uniform: No
ChatterBot Oscar reevaluating
ChatterBot Romeo reevaluating
ChatterBot Alpha reevaluating
ChatterBot Sierra reevaluating
ChatterBot Romeo reevaluating
ChatterBot Alpha reevaluating
ChatterBot Sierra reevaluating
ChatterBot Oscar reevaluating
ChatterBot Alpha reevaluating
ChatterBot Sierra reevaluating
ChatterBot Oscar reevaluating
ChatterBot Romeo reevaluating
ChatterBot Sierra reevaluating
ChatterBot Oscar reevaluating
ChatterBot Romeo reevaluating
ChatterBot Alpha reevaluating
ChatterBot Sierra reevaluating
ChatterBot Oscar reevaluating
ChatterBot Romeo reevaluating
ChatterBot Alpha reevaluating
ChatterBot Sierra reevaluating
ChatterBot Oscar reevaluating
ChatterBot Romeo reevaluating
ChatterBot Alpha reevaluating
2024-10-14 13:34:24.697705 Uniform: Papa and Alpha, sending you 1
2024-10-14 13:34:24.699729 Golf: Romeo and Whiskey, sending you 2
2024-10-14 13:34:24.701071 Uniform: Oscar, Sierra and Whiskey, sending you 2
2024-10-14 13:34:24.701714 Romeo: Mike and Golf, sending you 3
2024-10-14 13:34:24.703123 Alpha: Romeo, sending you 1
2024-10-14 13:34:24.703554 Papa: Romeo and Mike, sending you 1
2024-10-14 13:34:24.703895 Golf: Mike, Alpha and Sierra, sending you 3
2024-10-14 13:34:24.705670 Uniform: Golf, sending you 3
2024-10-14 13:34:24.706116 Romeo: Alpha and Sierra, sending you 4
2024-10-14 13:34:24.706454 Alpha: Mike and Whiskey, sending you 3
2024-10-14 13:34:24.707354 Kilo: Romeo, Uniform and Oscar, sending you 1
2024-10-14 13:34:24.707740 Whiskey: Romeo, sending you 2
2024-10-14 13:34:24.708191 Sierra: Romeo and Golf, sending you 2
2024-10-14 13:34:24.709192 Papa: Oscar, sending you 2
2024-10-14 13:34:24.709642 Mike: Romeo and Sierra, sending you 3
2024-10-14 13:34:24.710076 Romeo: Whiskey, sending you 2
2024-10-14 13:34:24.711131 Kilo: Mike, sending you 4
2024-10-14 13:34:24.711577 Whiskey: Mike, Alpha and Sierra, sending you 1
2024-10-14 13:34:24.712047 Alpha: Golf, sending you 4
2024-10-14 13:34:24.712383 Oscar: Romeo and Sierra, sending you 2
2024-10-14 13:34:24.713243 Sierra: Mike, sending you 1
2024-10-14 13:34:24.713548 Mike: Golf, sending you 4
2024-10-14 13:34:24.714904 Papa: Sierra, sending you 4
2024-10-14 13:34:24.715288 Kilo: Alpha, sending you 2
2024-10-14 13:34:24.716881 Sierra: Alpha, sending you 3
2024-10-14 13:34:24.717690 Oscar: Papa, Mike and Whiskey, sending you 3
2024-10-14 13:34:24.719029 Mike: Whiskey, sending you 2
2024-10-14 13:34:24.719375 Papa: Whiskey, sending you 3
2024-10-14 13:34:24.721693 Sierra: Whiskey, sending you 4
chatterbot Alpha submitting transactions
chatterbot Papa submitting transactions
chatterbot Uniform submitting transactions
chatterbot Oscar submitting transactions
chatterbot Golf submitting transactions
chatterbot Mike submitting transactions
chatterbot Kilo submitting transactions
chatterbot Romeo submitting transactions
chatterbot Whiskey submitting transactions
chatterbot Sierra submitting transactions
ChatterBot Romeo round 2
ChatterBot Papa round 2
ChatterBot Uniform round 2
ChatterBot Mike round 2
ChatterBot Oscar round 2
ChatterBot Kilo round 2
ChatterBot Golf round 2
ChatterBot Alpha round 2
ChatterBot Sierra round 2
2024-10-14 13:34:27.892289 Romeo: We should add Oscar
ChatterBot Mike reevaluating
ChatterBot Golf reevaluating
ChatterBot Sierra reevaluating
ChatterBot Alpha reevaluating
ChatterBot Whiskey reevaluating
2024-10-14 13:34:27.937936 Mike: No
2024-10-14 13:34:27.938748 Golf: No
2024-10-14 13:34:27.939113 Sierra: No
2024-10-14 13:34:27.939451 Alpha: No
2024-10-14 13:34:27.940243 Whiskey: No
ChatterBot Golf reevaluating
ChatterBot Sierra reevaluating
ChatterBot Alpha reevaluating
ChatterBot Whiskey reevaluating
ChatterBot Mike reevaluating
ChatterBot Sierra reevaluating
ChatterBot Alpha reevaluating
ChatterBot Whiskey reevaluating
ChatterBot Mike reevaluating
ChatterBot Golf reevaluating
ChatterBot Alpha reevaluating
ChatterBot Whiskey reevaluating
ChatterBot Romeo reevaluating
ChatterBot Mike reevaluating
ChatterBot Golf reevaluating
ChatterBot Sierra reevaluating
ChatterBot Whiskey reevaluating
ChatterBot Romeo reevaluating
ChatterBot Mike reevaluating
ChatterBot Golf reevaluating
ChatterBot Sierra reevaluating
ChatterBot Alpha reevaluating
ChatterBot Romeo reevaluating
2024-10-14 13:34:28.137116 Golf: We should add Uniform
2024-10-14 13:34:28.137942 Sierra: We should add Papa
ChatterBot Mike reevaluating
ChatterBot Sierra reevaluating
ChatterBot Alpha reevaluating
ChatterBot Whiskey reevaluating
ChatterBot Romeo reevaluating
2024-10-14 13:34:28.162172 Mike: No
ChatterBot Mike reevaluating
ChatterBot Golf reevaluating
2024-10-14 13:34:28.200214 Sierra: No
2024-10-14 13:34:28.200466 Alpha: No
ChatterBot Alpha reevaluating
2024-10-14 13:34:28.216073 Whiskey: No
ChatterBot Whiskey reevaluating
2024-10-14 13:34:28.234603 Romeo: No
ChatterBot Romeo reevaluating
2024-10-14 13:34:28.240903 Mike: No
2024-10-14 13:34:28.241684 Golf: No
2024-10-14 13:34:28.241985 Alpha: No
2024-10-14 13:34:28.242263 Whiskey: No
2024-10-14 13:34:28.242501 Romeo: No
ChatterBot Golf reevaluating
ChatterBot Sierra reevaluating
ChatterBot Alpha reevaluating
ChatterBot Whiskey reevaluating
ChatterBot Romeo reevaluating
ChatterBot Mike reevaluating
ChatterBot Golf reevaluating
ChatterBot Alpha reevaluating
ChatterBot Whiskey reevaluating
ChatterBot Romeo reevaluating
ChatterBot Mike reevaluating
ChatterBot Golf reevaluating
ChatterBot Sierra reevaluating
ChatterBot Whiskey reevaluating
ChatterBot Romeo reevaluating
ChatterBot Mike reevaluating
ChatterBot Golf reevaluating
ChatterBot Sierra reevaluating
ChatterBot Alpha reevaluating
ChatterBot Romeo reevaluating
ChatterBot Mike reevaluating
ChatterBot Golf reevaluating
ChatterBot Sierra reevaluating
ChatterBot Alpha reevaluating
ChatterBot Whiskey reevaluating
ChatterBot Golf reevaluating
ChatterBot Sierra reevaluating
ChatterBot Alpha reevaluating
ChatterBot Whiskey reevaluating
ChatterBot Romeo reevaluating
ChatterBot Mike reevaluating
ChatterBot Sierra reevaluating
ChatterBot Alpha reevaluating
ChatterBot Whiskey reevaluating
ChatterBot Romeo reevaluating
ChatterBot Mike reevaluating
ChatterBot Golf reevaluating
ChatterBot Sierra reevaluating
ChatterBot Whiskey reevaluating
ChatterBot Romeo reevaluating
ChatterBot Mike reevaluating
ChatterBot Golf reevaluating
ChatterBot Sierra reevaluating
ChatterBot Alpha reevaluating
ChatterBot Romeo reevaluating
ChatterBot Mike reevaluating
ChatterBot Golf reevaluating
ChatterBot Sierra reevaluating
ChatterBot Alpha reevaluating
ChatterBot Whiskey reevaluating
2024-10-14 13:34:28.497951 Uniform: Friends?
ChatterBot Papa reevaluating
ChatterBot Oscar reevaluating
ChatterBot Kilo reevaluating
2024-10-14 13:34:28.534191 Papa: Yes
2024-10-14 13:34:28.534394 Oscar: Yes
2024-10-14 13:34:28.534523 Kilo: No
ChatterBot Oscar reevaluating
ChatterBot Kilo reevaluating
ChatterBot Papa reevaluating
ChatterBot Kilo reevaluating
ChatterBot Papa reevaluating
ChatterBot Oscar reevaluating
2024-10-14 13:34:28.579046 Oscar: Group up?
ChatterBot Papa reevaluating
ChatterBot Kilo reevaluating
2024-10-14 13:34:28.589406 Uniform: Yes
2024-10-14 13:34:28.589592 Papa: Yes
2024-10-14 13:34:28.589688 Kilo: Yes
ChatterBot Papa reevaluating
ChatterBot Oscar reevaluating
ChatterBot Kilo reevaluating
ChatterBot Oscar reevaluating
ChatterBot Kilo reevaluating
ChatterBot Papa reevaluating
ChatterBot Oscar reevaluating
ChatterBot Whiskey round 2
2024-10-14 13:34:28.664474 Whiskey: We should add Uniform
ChatterBot Mike reevaluating
ChatterBot Romeo reevaluating
2024-10-14 13:34:28.680220 Mike: No
2024-10-14 13:34:28.680346 Golf: Yes
2024-10-14 13:34:28.680456 Sierra: No
2024-10-14 13:34:28.680554 Alpha: No
2024-10-14 13:34:28.680672 Romeo: No
ChatterBot Romeo reevaluating
ChatterBot Mike reevaluating
ChatterBot Romeo reevaluating
ChatterBot Mike reevaluating
ChatterBot Alpha reevaluating
ChatterBot Romeo reevaluating
ChatterBot Mike reevaluating
ChatterBot Romeo reevaluating
ChatterBot Mike reevaluating
ChatterBot Alpha reevaluating
2024-10-14 13:34:28.760565 Golf: Uniform we want you to join our group
2024-10-14 13:34:28.764287 Uniform: No
ChatterBot Romeo reevaluating
ChatterBot Mike reevaluating
ChatterBot Alpha reevaluating
2024-10-14 13:34:28.782372 Romeo: We should add Kilo
ChatterBot Mike reevaluating
ChatterBot Alpha reevaluating
2024-10-14 13:34:28.798677 Mike: Yes
2024-10-14 13:34:28.798825 Golf: No
2024-10-14 13:34:28.798925 Sierra: No
2024-10-14 13:34:28.799023 Alpha: Yes
2024-10-14 13:34:28.799123 Whiskey: No
ChatterBot Alpha reevaluating
ChatterBot Romeo reevaluating
ChatterBot Mike reevaluating
ChatterBot Alpha reevaluating
ChatterBot Romeo reevaluating
ChatterBot Mike reevaluating
ChatterBot Alpha reevaluating
ChatterBot Romeo reevaluating
ChatterBot Mike reevaluating
ChatterBot Romeo reevaluating
ChatterBot Mike reevaluating
ChatterBot Alpha reevaluating
ChatterBot Romeo reevaluating
2024-10-14 13:34:28.940773 Sierra: Papa we want you to join our group
2024-10-14 13:34:28.947459 Papa: No
ChatterBot Romeo reevaluating
ChatterBot Mike reevaluating
ChatterBot Alpha reevaluating
2024-10-14 13:34:28.981703 Whiskey: Uniform we want you to join our group
ChatterBot Uniform reevaluating
2024-10-14 13:34:28.988010 Uniform: No
2024-10-14 13:34:29.013979 Mike: Kilo we want you to join our group
2024-10-14 13:34:29.017349 Kilo: No
ChatterBot Romeo reevaluating
2024-10-14 13:34:29.046291 Papa: Uniform and Oscar, sending you 4
2024-10-14 13:34:29.046672 Oscar: Papa and Uniform, sending you 4
2024-10-14 13:34:29.047442 Kilo: Sending you each 3
2024-10-14 13:34:29.087271 Romeo: Kilo we want you to join our group
2024-10-14 13:34:29.090589 Kilo: No
ChatterBot Romeo reevaluating
2024-10-14 13:34:29.107904 Papa: Kilo, sending you 2
2024-10-14 13:34:29.108484 Oscar: Kilo, sending you 3
2024-10-14 13:34:29.108681 Alpha: Romeo, sending you 4
2024-10-14 13:34:29.109085 Golf: Romeo, Uniform, Alpha, Sierra and Whiskey, sending you 2
2024-10-14 13:34:29.109745 Sierra: Romeo, sending you 3
2024-10-14 13:34:29.141374 Oscar: Whiskey, sending you 2
2024-10-14 13:34:29.141816 Papa: Whiskey, sending you 1
2024-10-14 13:34:29.142456 Alpha: Golf and Sierra, sending you 3
2024-10-14 13:34:29.142872 Sierra: Papa, Mike, Golf and Whiskey, sending you 2
2024-10-14 13:34:29.143168 Mike: Romeo, Golf and Alpha, sending you 2
2024-10-14 13:34:29.144018 Whiskey: Romeo, Uniform, Mike and Golf, sending you 1
chatterbot Oscar submitting transactions
2024-10-14 13:34:29.144386 Golf: Mike, sending you 3
2024-10-14 13:34:29.164713 Alpha: Whiskey, sending you 1
2024-10-14 13:34:29.165473 Sierra: Alpha, sending you 1
2024-10-14 13:34:29.165799 Whiskey: Alpha and Sierra, sending you 2
2024-10-14 13:34:29.166074 Mike: Kilo, sending you 3
2024-10-14 13:34:29.174690 Mike: Sierra and Whiskey, sending you 1
2024-10-14 13:34:30.061642 Romeo: Mike, sending you 4
chatterbot Whiskey submitting transactions
chatterbot Papa submitting transactions
chatterbot Sierra submitting transactions
chatterbot Kilo submitting transactions
chatterbot Golf submitting transactions
2024-10-14 13:34:30.070653 Romeo: Kilo, sending you 1
2024-10-14 13:34:30.073666 Romeo: Golf, Sierra and Whiskey, sending you 3
2024-10-14 13:34:30.077160 Romeo: Alpha, sending you 2
chatterbot Mike submitting transactions
chatterbot Uniform submitting transactions
chatterbot Romeo submitting transactions
chatterbot Alpha submitting transactions
ChatterBot Romeo round 3
ChatterBot Papa round 3
ChatterBot Uniform round 3
ChatterBot Mike round 3
ChatterBot Oscar round 3
ChatterBot Kilo round 3
ChatterBot Golf round 3
ChatterBot Alpha round 3
ChatterBot Sierra round 3
ChatterBot Whiskey round 3
2024-10-14 13:34:30.469712 Romeo: We should drop Kilo
ChatterBot Whiskey reevaluating
2024-10-14 13:34:30.484133 Mike: No
2024-10-14 13:34:30.484276 Golf: Yes
2024-10-14 13:34:30.484393 Sierra: Yes
2024-10-14 13:34:30.484501 Alpha: Yes
2024-10-14 13:34:30.484619 Whiskey: Yes
ChatterBot Whiskey reevaluating
ChatterBot Whiskey reevaluating
ChatterBot Whiskey reevaluating
ChatterBot Mike reevaluating
ChatterBot Whiskey reevaluating
ChatterBot Mike reevaluating
2024-10-14 13:34:30.544688 Uniform: We should drop Whiskey
ChatterBot Oscar reevaluating
2024-10-14 13:34:30.550841 Papa: No
2024-10-14 13:34:30.550968 Oscar: Yes
2024-10-14 13:34:30.551433 Kilo: Yes
ChatterBot Uniform reevaluating
ChatterBot Oscar reevaluating
ChatterBot Uniform reevaluating
ChatterBot Papa reevaluating
ChatterBot Uniform reevaluating
ChatterBot Papa reevaluating
ChatterBot Oscar reevaluating
2024-10-14 13:34:30.572364 Papa: We should replace Whiskey with Sierra
ChatterBot Uniform reevaluating
ChatterBot Oscar reevaluating
2024-10-14 13:34:30.578934 Uniform: No
2024-10-14 13:34:30.579050 Oscar: No
2024-10-14 13:34:30.579149 Kilo: No
ChatterBot Papa reevaluating
ChatterBot Oscar reevaluating
ChatterBot Uniform reevaluating
ChatterBot Papa reevaluating
ChatterBot Uniform reevaluating
ChatterBot Papa reevaluating
ChatterBot Oscar reevaluating
2024-10-14 13:34:30.602264 Golf: We should drop Uniform
ChatterBot Mike reevaluating
ChatterBot Whiskey reevaluating
2024-10-14 13:34:30.612846 Mike: Yes
2024-10-14 13:34:30.612994 Sierra: Yes
2024-10-14 13:34:30.613085 Alpha: Yes
2024-10-14 13:34:30.613175 Whiskey: Yes
2024-10-14 13:34:30.613260 Romeo: Yes
ChatterBot Whiskey reevaluating
ChatterBot Mike reevaluating
ChatterBot Whiskey reevaluating
ChatterBot Mike reevaluating
ChatterBot Whiskey reevaluating
ChatterBot Mike reevaluating
ChatterBot Mike reevaluating
ChatterBot Whiskey reevaluating
2024-10-14 13:34:30.667908 Sierra: We should drop Papa
ChatterBot Mike reevaluating
ChatterBot Whiskey reevaluating
2024-10-14 13:34:30.679922 Mike: Yes
2024-10-14 13:34:30.680075 Golf: Yes
2024-10-14 13:34:30.680190 Alpha: Yes
2024-10-14 13:34:30.680301 Whiskey: Yes
2024-10-14 13:34:30.680811 Romeo: Yes
ChatterBot Whiskey reevaluating
ChatterBot Mike reevaluating
ChatterBot Whiskey reevaluating
ChatterBot Mike reevaluating
ChatterBot Whiskey reevaluating
ChatterBot Mike reevaluating
ChatterBot Mike reevaluating
ChatterBot Whiskey reevaluating
2024-10-14 13:34:30.744906 Kilo: Papa, sending you 2
2024-10-14 13:34:30.745799 Alpha: Romeo and Golf, sending you 3
2024-10-14 13:34:30.747706 Kilo: Uniform, sending you 4
2024-10-14 13:34:30.750107 Papa: Sierra we want you to join our group
2024-10-14 13:34:30.754152 Sierra: No
ChatterBot Papa reevaluating
ChatterBot Uniform reevaluating
2024-10-14 13:34:30.767993 Alpha: Mike, sending you 1
2024-10-14 13:34:30.768576 Golf: Romeo, Mike, Alpha and Sierra, sending you 3
2024-10-14 13:34:30.769548 Kilo: Oscar, sending you 3
2024-10-14 13:34:30.769949 Sierra: Romeo, sending you 4
2024-10-14 13:34:30.771861 Alpha: Sierra and Whiskey, sending you 2
2024-10-14 13:34:30.773657 Golf: Whiskey, sending you 1
2024-10-14 13:34:30.774770 Sierra: Mike, Golf, Alpha and Whiskey, sending you 2
2024-10-14 13:34:30.775403 Romeo: Mike, Golf, Sierra and Whiskey, sending you 3
2024-10-14 13:34:30.775855 Oscar: Papa, sending you 5
2024-10-14 13:34:30.776544 Mike: Romeo and Golf, sending you 3
2024-10-14 13:34:30.778687 Romeo: Alpha, sending you 4
2024-10-14 13:34:30.779413 Oscar: Uniform and Kilo, sending you 4
2024-10-14 13:34:30.781674 Mike: Kilo, Alpha and Sierra, sending you 2
2024-10-14 13:34:30.791062 Whiskey: Romeo, Golf, Alpha and Sierra, sending you 2
chatterbot Golf submitting transactions
2024-10-14 13:34:30.796029 Whiskey: Mike, sending you 1
2024-10-14 13:34:30.796677 Papa: Uniform and Sierra, sending you 3
2024-10-14 13:34:30.799659 Papa: Oscar and Kilo, sending you 4
chatterbot Alpha submitting transactions
chatterbot Sierra submitting transactions
chatterbot Romeo submitting transactions
chatterbot Whiskey submitting transactions
chatterbot Papa submitting transactions
chatterbot Uniform submitting transactions
chatterbot Mike submitting transactions
chatterbot Kilo submitting transactions
chatterbot Oscar submitting transactions
ChatterBot Romeo round 4
ChatterBot Papa round 4
ChatterBot Uniform round 4
ChatterBot Mike round 4
ChatterBot Oscar round 4
ChatterBot Kilo round 4
ChatterBot Golf round 4
ChatterBot Alpha round 4
ChatterBot Sierra round 4
ChatterBot Whiskey round 4
2024-10-14 13:34:31.617730 Uniform: We should drop Whiskey
ChatterBot Oscar reevaluating
2024-10-14 13:34:31.627071 Papa: Yes
2024-10-14 13:34:31.627705 Oscar: Yes
2024-10-14 13:34:31.627858 Kilo: Yes
ChatterBot Uniform reevaluating
ChatterBot Oscar reevaluating
ChatterBot Uniform reevaluating
ChatterBot Uniform reevaluating
ChatterBot Oscar reevaluating
2024-10-14 13:34:31.662767 Mike: We should drop Kilo
2024-10-14 13:34:31.677966 Golf: Yes
2024-10-14 13:34:31.678160 Sierra: Yes
2024-10-14 13:34:31.678311 Alpha: Yes
2024-10-14 13:34:31.678454 Whiskey: Yes
2024-10-14 13:34:31.678599 Romeo: Yes
ChatterBot Sierra reevaluating
ChatterBot Sierra reevaluating
ChatterBot Sierra reevaluating
ChatterBot Sierra reevaluating
2024-10-14 13:34:31.775104 Oscar: Mike we want you to join our group
2024-10-14 13:34:31.778968 Mike: No
ChatterBot Oscar reevaluating
ChatterBot Papa reevaluating
ChatterBot Uniform reevaluating
2024-10-14 13:34:31.795284 Papa: We should replace Sierra with Mike
ChatterBot Uniform reevaluating
ChatterBot Oscar reevaluating
2024-10-14 13:34:31.803662 Uniform: No
2024-10-14 13:34:31.804152 Oscar: Yes
2024-10-14 13:34:31.804256 Kilo: No
ChatterBot Papa reevaluating
ChatterBot Oscar reevaluating
ChatterBot Uniform reevaluating
ChatterBot Papa reevaluating
ChatterBot Uniform reevaluating
ChatterBot Papa reevaluating
ChatterBot Oscar reevaluating
2024-10-14 13:34:31.841668 Romeo: Mike, Golf, Alpha and Whiskey, sending you 3
2024-10-14 13:34:31.845684 Romeo: Sierra, sending you 4
2024-10-14 13:34:31.856674 Mike: Romeo and Golf, sending you 3
2024-10-14 13:34:31.857665 Alpha: Romeo, sending you 3
2024-10-14 13:34:31.859039 Kilo: Sending you each 3
2024-10-14 13:34:31.859521 Golf: Romeo, Mike, Alpha and Sierra, sending you 3
2024-10-14 13:34:31.861222 Alpha: Mike, Golf, Sierra and Whiskey, sending you 2
2024-10-14 13:34:31.862301 Whiskey: Romeo, Golf, Alpha and Sierra, sending you 2
2024-10-14 13:34:31.863 Sierra: Romeo and Golf, sending you 3
2024-10-14 13:34:31.864107 Mike: Alpha, Sierra and Whiskey, sending you 2
2024-10-14 13:34:31.864741 Papa: Uniform and Oscar, sending you 4
2024-10-14 13:34:31.865081 Golf: Whiskey, sending you 1
2024-10-14 13:34:31.866687 Whiskey: Mike, sending you 1
2024-10-14 13:34:31.867391 Sierra: Mike, Alpha and Whiskey, sending you 2
2024-10-14 13:34:31.868477 Papa: Kilo, sending you 3
2024-10-14 13:34:31.872700 Papa: Sierra, sending you 2
2024-10-14 13:34:31.875984 Oscar: Papa, sending you 5
2024-10-14 13:34:31.881134 Oscar: Uniform and Kilo, sending you 3
2024-10-14 13:34:31.883707 Oscar: Mike, sending you 2
chatterbot Romeo submitting transactions
chatterbot Uniform submitting transactions
chatterbot Mike submitting transactions
chatterbot Kilo submitting transactions
chatterbot Sierra submitting transactions
chatterbot Papa submitting transactions
chatterbot Golf submitting transactions
chatterbot Whiskey submitting transactions
chatterbot Alpha submitting transactions
chatterbot Oscar submitting transactions
ChatterBot Romeo round 5
ChatterBot Papa round 5
ChatterBot Uniform round 5
ChatterBot Mike round 5
ChatterBot Oscar round 5
ChatterBot Kilo round 5
ChatterBot Golf round 5
ChatterBot Alpha round 5
ChatterBot Sierra round 5
2024-10-14 13:34:33.089804 Mike: We should add Oscar
2024-10-14 13:34:33.101398 Golf: No
2024-10-14 13:34:33.101582 Sierra: No
2024-10-14 13:34:33.101721 Alpha: No
2024-10-14 13:34:33.101850 Whiskey: No
2024-10-14 13:34:33.101978 Romeo: No
ChatterBot Mike reevaluating
ChatterBot Mike reevaluating
ChatterBot Mike reevaluating
ChatterBot Mike reevaluating
ChatterBot Mike reevaluating
ChatterBot Whiskey round 5
2024-10-14 13:34:33.163498 Uniform: We should drop Whiskey
2024-10-14 13:34:33.169196 Papa: Yes
2024-10-14 13:34:33.169349 Oscar: Yes
2024-10-14 13:34:33.169462 Kilo: Yes
ChatterBot Uniform reevaluating
ChatterBot Uniform reevaluating
ChatterBot Uniform reevaluating
2024-10-14 13:34:33.195719 Oscar: We should drop Mike
ChatterBot Uniform reevaluating
2024-10-14 13:34:33.202137 Uniform: Yes
2024-10-14 13:34:33.202284 Papa: Yes
2024-10-14 13:34:33.202389 Kilo: Yes
ChatterBot Uniform reevaluating
ChatterBot Uniform reevaluating
2024-10-14 13:34:33.223696 Kilo: Same as last round
2024-10-14 13:34:33.224084 Alpha: Romeo and Golf, sending you 3
2024-10-14 13:34:33.225676 Romeo: Mike, Golf, Alpha and Whiskey, sending you 3
2024-10-14 13:34:33.226392 Papa: Uniform, Oscar and Kilo, sending you 4
2024-10-14 13:34:33.228669 Alpha: Mike, sending you 1
2024-10-14 13:34:33.229691 Romeo: Sierra, sending you 4
2024-10-14 13:34:33.230304 Papa: Sierra, sending you 2
2024-10-14 13:34:33.233690 Alpha: Sierra and Whiskey, sending you 2
2024-10-14 13:34:33.236687 Sierra: Romeo and Golf, sending you 3
2024-10-14 13:34:33.237358 Golf: Romeo, Mike, Alpha and Sierra, sending you 3
2024-10-14 13:34:33.238398 Mike: Romeo and Golf, sending you 3
2024-10-14 13:34:33.239671 Whiskey: Romeo, Alpha and Sierra, sending you 2
2024-10-14 13:34:33.240661 Oscar: Papa, sending you 5
2024-10-14 13:34:33.241020 Sierra: Mike, Alpha and Whiskey, sending you 2
2024-10-14 13:34:33.241955 Mike: Alpha, Sierra and Whiskey, sending you 2
2024-10-14 13:34:33.242673 Golf: Whiskey, sending you 1
2024-10-14 13:34:33.243660 Oscar: Uniform and Kilo, sending you 4
2024-10-14 13:34:33.244934 Whiskey: Mike and Golf, sending you 1
chatterbot Papa submitting transactions
chatterbot Alpha submitting transactions
chatterbot Sierra submitting transactions
chatterbot Golf submitting transactions
chatterbot Whiskey submitting transactions
chatterbot Oscar submitting transactions
chatterbot Uniform submitting transactions
chatterbot Kilo submitting transactions
chatterbot Mike submitting transactions
chatterbot Romeo submitting transactions
ChatterBot Romeo round 6
ChatterBot Papa round 6
ChatterBot Uniform round 6
ChatterBot Mike round 6
ChatterBot Oscar round 6
ChatterBot Kilo round 6
ChatterBot Golf round 6
ChatterBot Alpha round 6
ChatterBot Sierra round 6
ChatterBot Whiskey round 6
2024-10-14 13:34:34.434674 Uniform: We should drop Whiskey
ChatterBot Papa reevaluating
2024-10-14 13:34:34.440476 Papa: Yes
2024-10-14 13:34:34.441001 Oscar: Yes
2024-10-14 13:34:34.441135 Kilo: Yes
ChatterBot Uniform reevaluating
ChatterBot Uniform reevaluating
ChatterBot Papa reevaluating
ChatterBot Uniform reevaluating
ChatterBot Papa reevaluating
2024-10-14 13:34:34.467676 Mike: Romeo and Golf, sending you 3
2024-10-14 13:34:34.468668 Romeo: Mike, Golf, Alpha and Whiskey, sending you 3
2024-10-14 13:34:34.470705 Mike: Alpha, Sierra and Whiskey, sending you 2
2024-10-14 13:34:34.472648 Romeo: Sierra, sending you 4
2024-10-14 13:34:34.475871 Golf: Romeo, Mike, Alpha and Sierra, sending you 3
2024-10-14 13:34:34.476768 Kilo: Same as last round
2024-10-14 13:34:34.477696 Oscar: Papa, sending you 5
2024-10-14 13:34:34.478683 Sierra: Romeo and Golf, sending you 3
2024-10-14 13:34:34.480746 Golf: Whiskey, sending you 1
2024-10-14 13:34:34.481707 Oscar: Uniform and Kilo, sending you 4
2024-10-14 13:34:34.482678 Sierra: Mike, Alpha and Whiskey, sending you 2
2024-10-14 13:34:34.485687 Alpha: Romeo and Golf, sending you 3
2024-10-14 13:34:34.487706 Whiskey: Romeo, Mike, Alpha and Sierra, sending you 2
2024-10-14 13:34:34.490071 Alpha: Mike, sending you 1
2024-10-14 13:34:34.490855 Papa: Uniform, sending you 5
2024-10-14 13:34:34.493144 Whiskey: Golf, sending you 1
2024-10-14 13:34:34.494678 Alpha: Sierra and Whiskey, sending you 2
2024-10-14 13:34:34.495321 Papa: Oscar and Kilo, sending you 4
2024-10-14 13:34:34.500016 Papa: Sierra, sending you 1
chatterbot Oscar submitting transactions
chatterbot Golf submitting transactions
chatterbot Papa submitting transactions
chatterbot Mike submitting transactions
chatterbot Romeo submitting transactions
chatterbot Kilo submitting transactions
chatterbot Sierra submitting transactions
chatterbot Alpha submitting transactions
chatterbot Uniform submitting transactions
chatterbot Whiskey submitting transactions
ChatterBot Romeo round 7
ChatterBot Papa round 7
ChatterBot Uniform round 7
ChatterBot Mike round 7
ChatterBot Oscar round 7
ChatterBot Kilo round 7
ChatterBot Golf round 7
2024-10-14 13:34:35.727413 Oscar: We should add Golf
ChatterBot Uniform reevaluating
2024-10-14 13:34:35.738690 Uniform: No
2024-10-14 13:34:35.738886 Papa: No
2024-10-14 13:34:35.739045 Kilo: No
ChatterBot Oscar reevaluating
ChatterBot Uniform reevaluating
ChatterBot Oscar reevaluating
ChatterBot Uniform reevaluating
ChatterBot Papa reevaluating
ChatterBot Oscar reevaluating
2024-10-14 13:34:35.767568 Papa: We should replace Sierra with Alpha
ChatterBot Uniform reevaluating
ChatterBot Oscar reevaluating
2024-10-14 13:34:35.778304 Uniform: No
2024-10-14 13:34:35.778471 Oscar: No
2024-10-14 13:34:35.778603 Kilo: No
ChatterBot Papa reevaluating
ChatterBot Oscar reevaluating
ChatterBot Uniform reevaluating
ChatterBot Papa reevaluating
ChatterBot Uniform reevaluating
ChatterBot Papa reevaluating
ChatterBot Oscar reevaluating
ChatterBot Alpha round 7
ChatterBot Sierra round 7
ChatterBot Whiskey round 7
2024-10-14 13:34:35.832332 Oscar: We should add Alpha
ChatterBot Uniform reevaluating
ChatterBot Papa reevaluating
2024-10-14 13:34:35.839308 Uniform: No
2024-10-14 13:34:35.839453 Papa: No
2024-10-14 13:34:35.839557 Kilo: No
ChatterBot Papa reevaluating
ChatterBot Oscar reevaluating
ChatterBot Uniform reevaluating
ChatterBot Oscar reevaluating
ChatterBot Uniform reevaluating
ChatterBot Papa reevaluating
ChatterBot Oscar reevaluating
2024-10-14 13:34:35.872677 Romeo: Mike, Golf, Alpha and Whiskey, sending you 3
2024-10-14 13:34:35.875885 Uniform: We should drop Whiskey
2024-10-14 13:34:35.885916 Papa: Yes
2024-10-14 13:34:35.886654 Oscar: Yes
2024-10-14 13:34:35.886861 Kilo: Yes
ChatterBot Uniform reevaluating
ChatterBot Uniform reevaluating
ChatterBot Uniform reevaluating
2024-10-14 13:34:35.915723 Romeo: Sierra, sending you 4
2024-10-14 13:34:35.916533 Mike: Romeo and Golf, sending you 3
2024-10-14 13:34:35.917792 Golf: Romeo, Mike, Alpha and Sierra, sending you 3
2024-10-14 13:34:35.920023 Alpha: Romeo and Golf, sending you 3
2024-10-14 13:34:35.921132 Mike: Alpha, Sierra and Whiskey, sending you 2
2024-10-14 13:34:35.922498 Oscar: Papa, sending you 5
2024-10-14 13:34:35.923120 Papa: Uniform, sending you 5
2024-10-14 13:34:35.923951 Whiskey: Romeo, Mike, Alpha and Sierra, sending you 2
2024-10-14 13:34:35.924940 Golf: Whiskey, sending you 1
2024-10-14 13:34:35.926370 Kilo: Same as last round
2024-10-14 13:34:35.927314 Sierra: Romeo and Golf, sending you 3
2024-10-14 13:34:35.928996 Alpha: Mike, sending you 1
2024-10-14 13:34:35.929844 Oscar: Uniform and Kilo, sending you 4
2024-10-14 13:34:35.930884 Papa: Oscar and Kilo, sending you 4
2024-10-14 13:34:35.931537 Whiskey: Golf, sending you 1
2024-10-14 13:34:35.933209 Sierra: Mike, Alpha and Whiskey, sending you 2
2024-10-14 13:34:35.934857 Papa: Sierra, sending you 1
2024-10-14 13:34:35.935358 Alpha: Sierra and Whiskey, sending you 2
chatterbot Papa submitting transactions
chatterbot Uniform submitting transactions
chatterbot Alpha submitting transactions
chatterbot Whiskey submitting transactions
chatterbot Sierra submitting transactions
chatterbot Romeo submitting transactions
chatterbot Kilo submitting transactions
chatterbot Golf submitting transactions
chatterbot Mike submitting transactions
chatterbot Oscar submitting transactions
ChatterBot Romeo round 8
ChatterBot Papa round 8
ChatterBot Uniform round 8
ChatterBot Mike round 8
ChatterBot Oscar round 8
ChatterBot Kilo round 8
ChatterBot Golf round 8
ChatterBot Alpha round 8
ChatterBot Sierra round 8
ChatterBot Whiskey round 8
2024-10-14 13:34:37.164946 Uniform: We should drop Whiskey
2024-10-14 13:34:37.177060 Papa: Yes
2024-10-14 13:34:37.177276 Oscar: Yes
2024-10-14 13:34:37.177438 Kilo: Yes
ChatterBot Uniform reevaluating
ChatterBot Uniform reevaluating
ChatterBot Uniform reevaluating
2024-10-14 13:34:37.219672 Mike: Romeo and Golf, sending you 3
2024-10-14 13:34:37.221873 Golf: Romeo, Mike, Alpha and Sierra, sending you 3
2024-10-14 13:34:37.223994 Kilo: Same as last round
2024-10-14 13:34:37.225227 Romeo: Mike, Golf, Alpha and Whiskey, sending you 3
2024-10-14 13:34:37.226712 Sierra: Romeo and Golf, sending you 3
2024-10-14 13:34:37.228447 Papa: Uniform, sending you 5
2024-10-14 13:34:37.229629 Alpha: Romeo and Golf, sending you 3
2024-10-14 13:34:37.230799 Oscar: Papa, sending you 5
2024-10-14 13:34:37.231893 Mike: Alpha, Sierra and Whiskey, sending you 2
2024-10-14 13:34:37.233244 Golf: Whiskey, sending you 1
2024-10-14 13:34:37.234630 Romeo: Sierra, sending you 4
2024-10-14 13:34:37.235679 Sierra: Mike, Alpha and Whiskey, sending you 2
2024-10-14 13:34:37.237166 Papa: Oscar and Kilo, sending you 4
2024-10-14 13:34:37.237499 Alpha: Mike, sending you 1
2024-10-14 13:34:37.238148 Whiskey: Romeo, Mike, Alpha and Sierra, sending you 2
2024-10-14 13:34:37.239322 Oscar: Uniform and Kilo, sending you 4
2024-10-14 13:34:37.241085 Papa: Sierra, sending you 2
2024-10-14 13:34:37.243232 Alpha: Sierra and Whiskey, sending you 2
2024-10-14 13:34:37.244496 Whiskey: Golf, sending you 1
chatterbot Uniform submitting transactions
chatterbot Sierra submitting transactions
chatterbot Whiskey submitting transactions
chatterbot Golf submitting transactions
chatterbot Romeo submitting transactions
chatterbot Papa submitting transactions
chatterbot Kilo submitting transactions
chatterbot Alpha submitting transactions
chatterbot Mike submitting transactions
chatterbot Oscar submitting transactions
ChatterBot Romeo round 9
ChatterBot Papa round 9
ChatterBot Uniform round 9
ChatterBot Mike round 9
ChatterBot Oscar round 9
ChatterBot Kilo round 9
ChatterBot Golf round 9
ChatterBot Alpha round 9
ChatterBot Sierra round 9
ChatterBot Whiskey round 9
2024-10-14 13:34:38.422321 Uniform: We should drop Whiskey
2024-10-14 13:34:38.431427 Papa: Yes
2024-10-14 13:34:38.431819 Oscar: Yes
2024-10-14 13:34:38.432893 Kilo: Yes
ChatterBot Uniform reevaluating
ChatterBot Uniform reevaluating
ChatterBot Uniform reevaluating
2024-10-14 13:34:38.465363 Romeo: Mike, Golf, Alpha and Whiskey, sending you 3
2024-10-14 13:34:38.468842 Papa: Uniform, sending you 5
2024-10-14 13:34:38.472686 Romeo: Sierra, sending you 4
2024-10-14 13:34:38.474916 Sierra: Romeo and Golf, sending you 3
2024-10-14 13:34:38.477953 Golf: Romeo, Mike, Alpha and Sierra, sending you 3
2024-10-14 13:34:38.481022 Whiskey: Romeo, Mike, Alpha and Sierra, sending you 2
2024-10-14 13:34:38.483699 Oscar: Papa, sending you 5
2024-10-14 13:34:38.485424 Alpha: Romeo and Golf, sending you 3
2024-10-14 13:34:38.487868 Papa: Oscar and Kilo, sending you 4
2024-10-14 13:34:38.490856 Mike: Romeo and Golf, sending you 3
2024-10-14 13:34:38.495799 Sierra: Mike, Alpha and Whiskey, sending you 2
2024-10-14 13:34:38.499028 Golf: Whiskey, sending you 1
2024-10-14 13:34:38.502708 Whiskey: Golf, sending you 1
2024-10-14 13:34:38.504939 Oscar: Uniform and Kilo, sending you 4
2024-10-14 13:34:38.506320 Alpha: Mike, sending you 1
2024-10-14 13:34:38.508183 Papa: Sierra, sending you 2
2024-10-14 13:34:38.508943 Kilo: Same as last round
2024-10-14 13:34:38.510265 Mike: Alpha, Sierra and Whiskey, sending you 2
2024-10-14 13:34:38.512705 Alpha: Sierra and Whiskey, sending you 2
chatterbot Alpha submitting transactions
chatterbot Sierra submitting transactions
chatterbot Golf submitting transactions
chatterbot Kilo submitting transactions
chatterbot Oscar submitting transactions
chatterbot Papa submitting transactions
chatterbot Romeo submitting transactions
chatterbot Mike submitting transactions
chatterbot Whiskey submitting transactions
chatterbot Uniform submitting transactions
ChatterBot Romeo round 10
ChatterBot Papa round 10
ChatterBot Uniform round 10
ChatterBot Mike round 10
ChatterBot Oscar round 10
ChatterBot Kilo round 10
ChatterBot Golf round 10
ChatterBot Alpha round 10
ChatterBot Sierra round 10
ChatterBot Whiskey round 10
2024-10-14 13:34:39.752025 Uniform: We should drop Whiskey
2024-10-14 13:34:39.760831 Papa: Yes
2024-10-14 13:34:39.761006 Oscar: Yes
2024-10-14 13:34:39.761152 Kilo: Yes
ChatterBot Uniform reevaluating
ChatterBot Uniform reevaluating
ChatterBot Uniform reevaluating
2024-10-14 13:34:39.790676 Romeo: Mike, Golf, Alpha and Whiskey, sending you 3
2024-10-14 13:34:39.795677 Romeo: Sierra, sending you 4
2024-10-14 13:34:39.796925 Sierra: Romeo and Golf, sending you 3
2024-10-14 13:34:39.798672 Mike: Romeo and Golf, sending you 3
2024-10-14 13:34:39.799652 Golf: Romeo, Mike, Alpha and Sierra, sending you 3
2024-10-14 13:34:39.800794 Whiskey: Romeo, Mike, Alpha and Sierra, sending you 2
2024-10-14 13:34:39.801767 Mike: Alpha, Sierra and Whiskey, sending you 2
2024-10-14 13:34:39.802682 Sierra: Mike, Alpha and Whiskey, sending you 2
2024-10-14 13:34:39.804335 Golf: Whiskey, sending you 1
2024-10-14 13:34:39.805196 Alpha: Romeo and Golf, sending you 3
2024-10-14 13:34:39.806664 Whiskey: Golf, sending you 1
2024-10-14 13:34:39.807380 Oscar: Papa and Kilo, sending you 4
2024-10-14 13:34:39.808216 Kilo: Same as last round
2024-10-14 13:34:39.808678 Papa: Uniform, sending you 5
2024-10-14 13:34:39.810649 Alpha: Mike, sending you 1
2024-10-14 13:34:39.812145 Oscar: Uniform, sending you 5
2024-10-14 13:34:39.813678 Papa: Oscar and Kilo, sending you 4
2024-10-14 13:34:39.814741 Alpha: Sierra and Whiskey, sending you 2
2024-10-14 13:34:39.816964 Papa: Sierra, sending you 2
chatterbot Sierra submitting transactions
chatterbot Papa submitting transactions
chatterbot Alpha submitting transactions
chatterbot Uniform submitting transactions
chatterbot Oscar submitting transactions
chatterbot Golf submitting transactions
chatterbot Whiskey submitting transactions
chatterbot Kilo submitting transactions
chatterbot Romeo submitting transactions
chatterbot Mike submitting transactions
ChatterBot Romeo round 11
ChatterBot Papa round 11
ChatterBot Uniform round 11
ChatterBot Mike round 11
ChatterBot Oscar round 11
ChatterBot Kilo round 11
ChatterBot Golf round 11
ChatterBot Alpha round 11
ChatterBot Sierra round 11
ChatterBot Whiskey round 11
2024-10-14 13:34:41.046472 Uniform: We should drop Whiskey
2024-10-14 13:34:41.057861 Papa: Yes
2024-10-14 13:34:41.058072 Oscar: Yes
2024-10-14 13:34:41.058241 Kilo: Yes
ChatterBot Uniform reevaluating
ChatterBot Uniform reevaluating
ChatterBot Uniform reevaluating
2024-10-14 13:34:41.103693 Papa: Uniform, sending you 5
2024-10-14 13:34:41.108947 Papa: Oscar and Kilo, sending you 4
2024-10-14 13:34:41.110665 Romeo: Mike, Golf, Alpha and Whiskey, sending you 3
2024-10-14 13:34:41.112108 Oscar: Papa and Kilo, sending you 4
2024-10-14 13:34:41.116132 Mike: Romeo and Golf, sending you 3
2024-10-14 13:34:41.118274 Sierra: Romeo and Golf, sending you 3
2024-10-14 13:34:41.119477 Papa: Sierra, sending you 2
2024-10-14 13:34:41.120737 Romeo: Sierra, sending you 4
2024-10-14 13:34:41.125949 Oscar: Uniform, sending you 5
2024-10-14 13:34:41.127677 Mike: Alpha, Sierra and Whiskey, sending you 2
2024-10-14 13:34:41.128912 Sierra: Mike, Alpha and Whiskey, sending you 2
2024-10-14 13:34:41.131449 Golf: Romeo, Mike, Alpha and Sierra, sending you 3
2024-10-14 13:34:41.136455 Kilo: Papa, sending you 2
2024-10-14 13:34:41.137203 Alpha: Romeo and Golf, sending you 3
2024-10-14 13:34:41.139740 Whiskey: Romeo, Mike, Alpha and Sierra, sending you 2
