ChatterBot Golf round 1
ChatterBot India round 1
ChatterBot Romeo round 1
ChatterBot Juliett round 1
ChatterBot Yankee round 1
ChatterBot Sierra round 1
ChatterBot Tango round 1
ChatterBot Hotel round 1
ChatterBot X-ray round 1
ChatterBot Delta round 1
randomSelections Juliett: {Juliett, Sierra, Tango, X-ray, Romeo, Hotel} 
2024-10-14 13:34:24.188552 Juliett: Can we be friends?
ChatterBot Sierra reevaluating
ChatterBot Tango reevaluating
ChatterBot X-ray reevaluating
ChatterBot Romeo reevaluating
ChatterBot Hotel reevaluating
2024-10-14 13:34:24.203997 Sierra: Yes
2024-10-14 13:34:24.204154 Tango: Yes
2024-10-14 13:34:24.204287 X-ray: Yes
2024-10-14 13:34:24.204427 Romeo: Yes
2024-10-14 13:34:24.204549 Hotel: Yes
ChatterBot Tango reevaluating
ChatterBot X-ray reevaluating
ChatterBot Romeo reevaluating
ChatterBot Hotel reevaluating
ChatterBot Sierra reevaluating
ChatterBot X-ray reevaluating
ChatterBot Romeo reevaluating
ChatterBot Hotel reevaluating
ChatterBot Sierra reevaluating
ChatterBot Tango reevaluating
ChatterBot Romeo reevaluating
ChatterBot Hotel reevaluating
ChatterBot Sierra reevaluating
ChatterBot Tango reevaluating
ChatterBot X-ray reevaluating
ChatterBot Hotel reevaluating
ChatterBot Sierra reevaluating
ChatterBot Tango reevaluating
ChatterBot X-ray reevaluating
ChatterBot Romeo reevaluating
randomSelections Golf: {Golf, Delta, Juliett} 
2024-10-14 13:34:24.255494 Golf: We would work well together
ChatterBot Delta reevaluating
2024-10-14 13:34:24.258838 Delta: Yes
2024-10-14 13:34:24.258946 Juliett: No
ChatterBot Delta reevaluating
randomSelections Yankee: {Yankee, Hotel, Golf, India, X-ray, Delta} 
2024-10-14 13:34:24.265666 Yankee: Friends?
ChatterBot Hotel reevaluating
ChatterBot India reevaluating
ChatterBot X-ray reevaluating
ChatterBot Delta reevaluating
2024-10-14 13:34:24.277391 Hotel: No
2024-10-14 13:34:24.277953 Golf: No
2024-10-14 13:34:24.278123 India: Yes
2024-10-14 13:34:24.278240 X-ray: No
2024-10-14 13:34:24.278404 Delta: No
ChatterBot India reevaluating
ChatterBot X-ray reevaluating
ChatterBot Delta reevaluating
ChatterBot Hotel reevaluating
ChatterBot India reevaluating
ChatterBot X-ray reevaluating
ChatterBot Delta reevaluating
ChatterBot Hotel reevaluating
ChatterBot X-ray reevaluating
ChatterBot Delta reevaluating
ChatterBot Hotel reevaluating
ChatterBot India reevaluating
ChatterBot Delta reevaluating
ChatterBot Hotel reevaluating
ChatterBot India reevaluating
ChatterBot X-ray reevaluating
2024-10-14 13:34:24.355833 Juliett: Romeo, sending you 3
2024-10-14 13:34:24.356734 Golf: Juliett, sending you 4
2024-10-14 13:34:24.359486 Romeo: Juliett and Tango, sending you 2
2024-10-14 13:34:24.361139 X-ray: Juliett and Tango, sending you 3
2024-10-14 13:34:24.361447 India: Golf, sending you 4
2024-10-14 13:34:24.361740 Juliett: Sierra, sending you 5
2024-10-14 13:34:24.362074 Golf: Delta, sending you 3
2024-10-14 13:34:24.362276 Hotel: Juliett, sending you 3
2024-10-14 13:34:24.363255 Yankee: Golf, sending you 3
2024-10-14 13:34:24.363516 Romeo: Sierra, sending you 1
2024-10-14 13:34:24.364081 X-ray: Sierra, sending you 1
2024-10-14 13:34:24.365675 Juliett: Tango, sending you 2
2024-10-14 13:34:24.366746 India: Yankee, Hotel and X-ray, sending you 2
2024-10-14 13:34:24.367082 Delta: Golf, sending you 7
2024-10-14 13:34:24.367287 Yankee: India and Delta, sending you 4
2024-10-14 13:34:24.367729 Hotel: Sierra and Tango, sending you 1
2024-10-14 13:34:24.368808 Romeo: Hotel, sending you 3
2024-10-14 13:34:24.369699 X-ray: Hotel, sending you 4
2024-10-14 13:34:24.370683 Juliett: Hotel, sending you 4
2024-10-14 13:34:24.370984 India: Delta, sending you 5
2024-10-14 13:34:24.371276 Delta: Juliett, sending you 5
2024-10-14 13:34:24.372601 Yankee: Hotel, sending you 1
2024-10-14 13:34:24.374611 Romeo: X-ray, sending you 4
2024-10-14 13:34:24.374972 Juliett: X-ray, sending you 1
2024-10-14 13:34:24.384023 Yankee: X-ray, sending you 2
chatterbot Juliett submitting transactions
chatterbot Sierra submitting transactions
chatterbot X-ray submitting transactions
chatterbot Delta submitting transactions
chatterbot Hotel submitting transactions
chatterbot Yankee submitting transactions
chatterbot Tango submitting transactions
chatterbot Golf submitting transactions
chatterbot India submitting transactions
chatterbot Romeo submitting transactions
ChatterBot Golf round 2
ChatterBot India round 2
ChatterBot Romeo round 2
ChatterBot Juliett round 2
ChatterBot Yankee round 2
ChatterBot Sierra round 2
ChatterBot Tango round 2
ChatterBot Hotel round 2
ChatterBot X-ray round 2
ChatterBot Delta round 2
2024-10-14 13:34:25.914802 Golf: We should group up
ChatterBot India reevaluating
ChatterBot Yankee reevaluating
ChatterBot Delta reevaluating
2024-10-14 13:34:25.934347 India: Yes
2024-10-14 13:34:25.934886 Yankee: Yes
2024-10-14 13:34:25.935001 Delta: Yes
ChatterBot Yankee reevaluating
ChatterBot Delta reevaluating
ChatterBot India reevaluating
ChatterBot Delta reevaluating
ChatterBot India reevaluating
ChatterBot Yankee reevaluating
2024-10-14 13:34:26.052749 Yankee: We should group up
ChatterBot India reevaluating
ChatterBot Delta reevaluating
ChatterBot Sierra reevaluating
2024-10-14 13:34:26.084690 India: No
2024-10-14 13:34:26.084885 Golf: No
2024-10-14 13:34:26.084991 Delta: No
2024-10-14 13:34:26.085101 Sierra: No
ChatterBot Yankee reevaluating
ChatterBot Delta reevaluating
ChatterBot Sierra reevaluating
ChatterBot Yankee reevaluating
ChatterBot India reevaluating
ChatterBot Delta reevaluating
ChatterBot Sierra reevaluating
ChatterBot Yankee reevaluating
ChatterBot India reevaluating
ChatterBot Sierra reevaluating
ChatterBot Yankee reevaluating
ChatterBot India reevaluating
ChatterBot Delta reevaluating
2024-10-14 13:34:26.204475 X-ray: Friends?
ChatterBot Hotel reevaluating
ChatterBot India reevaluating
ChatterBot Yankee reevaluating
2024-10-14 13:34:26.234415 Romeo: No
2024-10-14 13:34:26.234552 Juliett: No
2024-10-14 13:34:26.234675 Hotel: No
2024-10-14 13:34:26.235203 India: No
2024-10-14 13:34:26.235300 Yankee: No
ChatterBot Hotel reevaluating
ChatterBot India reevaluating
ChatterBot Yankee reevaluating
ChatterBot Hotel reevaluating
ChatterBot India reevaluating
ChatterBot Yankee reevaluating
ChatterBot Juliett reevaluating
ChatterBot India reevaluating
ChatterBot Yankee reevaluating
ChatterBot Juliett reevaluating
ChatterBot Hotel reevaluating
ChatterBot Yankee reevaluating
ChatterBot Romeo reevaluating
ChatterBot Juliett reevaluating
ChatterBot Hotel reevaluating
ChatterBot India reevaluating
2024-10-14 13:34:26.469399 Tango: We should drop Sierra
ChatterBot Romeo reevaluating
ChatterBot Juliett reevaluating
ChatterBot Hotel reevaluating
2024-10-14 13:34:26.492650 Romeo: Yes
2024-10-14 13:34:26.492808 Juliett: No
2024-10-14 13:34:26.492901 Hotel: Yes
2024-10-14 13:34:26.492979 X-ray: Yes
ChatterBot Juliett reevaluating
ChatterBot Hotel reevaluating
ChatterBot Romeo reevaluating
ChatterBot Hotel reevaluating
ChatterBot Romeo reevaluating
ChatterBot Juliett reevaluating
ChatterBot Romeo reevaluating
ChatterBot Juliett reevaluating
ChatterBot Hotel reevaluating
2024-10-14 13:34:26.594286 Sierra: We should drop Tango
ChatterBot Romeo reevaluating
ChatterBot Juliett reevaluating
2024-10-14 13:34:26.619807 Romeo: No
2024-10-14 13:34:26.620050 Juliett: No
2024-10-14 13:34:26.620202 Hotel: Yes
2024-10-14 13:34:26.620759 X-ray: Yes
ChatterBot Juliett reevaluating
ChatterBot Hotel reevaluating
ChatterBot Romeo reevaluating
ChatterBot Hotel reevaluating
ChatterBot Romeo reevaluating
ChatterBot Juliett reevaluating
ChatterBot Romeo reevaluating
ChatterBot Juliett reevaluating
ChatterBot Hotel reevaluating
2024-10-14 13:34:26.747294 Yankee: We should drop Hotel
ChatterBot India reevaluating
2024-10-14 13:34:26.835115 India: Yes
2024-10-14 13:34:26.835442 Golf: Yes
2024-10-14 13:34:26.835671 Delta: Yes
2024-10-14 13:34:26.835920 X-ray: No
ChatterBot Yankee reevaluating
ChatterBot X-ray reevaluating
ChatterBot Yankee reevaluating
ChatterBot India reevaluating
ChatterBot X-ray reevaluating
ChatterBot Yankee reevaluating
ChatterBot India reevaluating
ChatterBot X-ray reevaluating
ChatterBot Yankee reevaluating
ChatterBot India reevaluating
2024-10-14 13:34:27.009009 Hotel: We should drop Sierra and Tango
ChatterBot Romeo reevaluating
ChatterBot Juliett reevaluating
ChatterBot X-ray reevaluating
2024-10-14 13:34:27.037256 Romeo: No
2024-10-14 13:34:27.037463 Juliett: Yes
2024-10-14 13:34:27.037629 X-ray: No
ChatterBot Juliett reevaluating
ChatterBot X-ray reevaluating
ChatterBot Romeo reevaluating
ChatterBot X-ray reevaluating
ChatterBot Hotel reevaluating
ChatterBot Romeo reevaluating
ChatterBot Juliett reevaluating
chatterbot X-ray submitting transactions
chatterbot Tango submitting transactions
2024-10-14 13:34:27.126519 Golf: Sending you each 4
2024-10-14 13:34:27.127096 India: We should drop Hotel and X-ray
2024-10-14 13:34:27.166124 Golf: Yes
2024-10-14 13:34:27.166340 Yankee: Yes
2024-10-14 13:34:27.166521 Delta: Yes
2024-10-14 13:34:27.247181 Delta: Golf and Yankee, sending you 4
2024-10-14 13:34:27.561310 Delta: India, sending you 5
2024-10-14 13:34:27.562173 Tango: Romeo and Juliett, sending you 3
2024-10-14 13:34:27.562594 Sierra: Romeo and Hotel, sending you 2
chatterbot Golf submitting transactions
chatterbot India submitting transactions
chatterbot Delta submitting transactions
2024-10-14 13:34:27.717635 Tango: Hotel, sending you 2
2024-10-14 13:34:27.717913 Sierra: Juliett, sending you 7
2024-10-14 13:34:27.718098 India: Golf and Delta, sending you 3
2024-10-14 13:34:27.718381 Hotel: Romeo, sending you 2
2024-10-14 13:34:27.759462 Sierra: X-ray, sending you 1
2024-10-14 13:34:27.759925 India: Yankee, sending you 6
2024-10-14 13:34:27.760734 Yankee: Golf, X-ray and Delta, sending you 1
2024-10-14 13:34:27.761060 Tango: X-ray, sending you 4
2024-10-14 13:34:27.761742 Hotel: Juliett, sending you 3
2024-10-14 13:34:27.762002 X-ray: India, Romeo, Juliett and Yankee, sending you 3
2024-10-14 13:34:27.762337 Juliett: Romeo, sending you 4
2024-10-14 13:34:27.791318 Yankee: India, sending you 11
2024-10-14 13:34:27.791729 X-ray: Hotel, sending you 1
2024-10-14 13:34:27.792146 Juliett: Tango, sending you 1
chatterbot Sierra submitting transactions
2024-10-14 13:34:27.809573 Juliett: Hotel and X-ray, sending you 5
chatterbot Yankee submitting transactions
chatterbot Romeo submitting transactions
chatterbot X-ray submitting transactions
chatterbot Hotel submitting transactions
chatterbot Juliett submitting transactions
ChatterBot Golf round 3
ChatterBot India round 3
ChatterBot Romeo round 3
ChatterBot Juliett round 3
ChatterBot Yankee round 3
ChatterBot Sierra round 3
ChatterBot Tango round 3
2024-10-14 13:34:28.663285 Juliett: We should add Sierra
ChatterBot Tango reevaluating
ChatterBot Romeo reevaluating
ChatterBot X-ray reevaluating
2024-10-14 13:34:28.687987 Tango: No
2024-10-14 13:34:28.688113 Romeo: Yes
2024-10-14 13:34:28.688218 Hotel: No
2024-10-14 13:34:28.688328 X-ray: Yes
ChatterBot Romeo reevaluating
ChatterBot X-ray reevaluating
ChatterBot Tango reevaluating
ChatterBot Hotel reevaluating
ChatterBot X-ray reevaluating
ChatterBot Tango reevaluating
ChatterBot Romeo reevaluating
ChatterBot X-ray reevaluating
ChatterBot Tango reevaluating
ChatterBot Romeo reevaluating
ChatterBot Hotel reevaluating
ChatterBot Hotel round 3
ChatterBot X-ray round 3
ChatterBot Delta round 3
2024-10-14 13:34:28.770246 Sierra: We should add Tango
ChatterBot Romeo reevaluating
ChatterBot Hotel reevaluating
ChatterBot X-ray reevaluating
2024-10-14 13:34:28.782975 Romeo: Yes
2024-10-14 13:34:28.783097 Juliett: Yes
2024-10-14 13:34:28.783228 Hotel: No
2024-10-14 13:34:28.783313 X-ray: Yes
ChatterBot Hotel reevaluating
ChatterBot X-ray reevaluating
ChatterBot Romeo reevaluating
ChatterBot Hotel reevaluating
ChatterBot X-ray reevaluating
ChatterBot Romeo reevaluating
ChatterBot X-ray reevaluating
ChatterBot Romeo reevaluating
ChatterBot Hotel reevaluating
2024-10-14 13:34:28.837007 Hotel: We should add Tango and X-ray
ChatterBot Romeo reevaluating
2024-10-14 13:34:28.843567 Romeo: Yes
2024-10-14 13:34:28.843688 Juliett: Yes
ChatterBot Hotel reevaluating
ChatterBot Hotel reevaluating
ChatterBot Romeo reevaluating
2024-10-14 13:34:28.905644 Juliett: Sierra we want you to join our group
2024-10-14 13:34:28.915309 Sierra: Yes
ChatterBot Tango reevaluating
ChatterBot X-ray reevaluating
ChatterBot Romeo reevaluating
ChatterBot Hotel reevaluating
2024-10-14 13:34:28.962682 Sierra: Tango we want you to join our group
ChatterBot Tango reevaluating
2024-10-14 13:34:28.970302 Tango: Yes
ChatterBot X-ray reevaluating
ChatterBot Romeo reevaluating
ChatterBot Hotel reevaluating
2024-10-14 13:34:29.057281 India: Golf and Delta, sending you 4
2024-10-14 13:34:29.057661 Golf: Same as last round
2024-10-14 13:34:29.058286 Tango: Sierra we want you to join our group
2024-10-14 13:34:29.061346 Sierra: Yes
ChatterBot X-ray reevaluating
ChatterBot Hotel reevaluating
2024-10-14 13:34:29.080411 Hotel: We should add Sierra and X-ray
2024-10-14 13:34:29.086009 Romeo: Yes
2024-10-14 13:34:29.086181 Juliett: Yes
ChatterBot Hotel reevaluating
ChatterBot Hotel reevaluating
2024-10-14 13:34:29.106338 India: Yankee, sending you 6
2024-10-14 13:34:29.132216 Delta: Golf and India, sending you 5
2024-10-14 13:34:29.132794 Yankee: Golf, X-ray and Delta, sending you 3
2024-10-14 13:34:29.133061 Juliett: Romeo, Hotel and X-ray, sending you 3
2024-10-14 13:34:29.133367 Sierra: Romeo, sending you 3
2024-10-14 13:34:29.134012 Hotel: Tango and X-ray we want you to join our group
ChatterBot X-ray reevaluating
2024-10-14 13:34:29.140180 Tango: Yes
2024-10-14 13:34:29.140328 X-ray: Yes
ChatterBot Hotel reevaluating
ChatterBot X-ray reevaluating
ChatterBot Hotel reevaluating
2024-10-14 13:34:29.167454 Yankee: India, sending you 5
2024-10-14 13:34:29.168198 Juliett: Sierra, sending you 4
2024-10-14 13:34:29.168641 Delta: Yankee, sending you 3
2024-10-14 13:34:29.168920 Sierra: Juliett, sending you 7
2024-10-14 13:34:29.169774 Tango: Romeo, sending you 2
2024-10-14 13:34:29.175161 Hotel: Sierra and X-ray we want you to join our group
ChatterBot X-ray reevaluating
2024-10-14 13:34:29.181457 Sierra: Yes
2024-10-14 13:34:29.181581 X-ray: Yes
ChatterBot Hotel reevaluating
ChatterBot X-ray reevaluating
ChatterBot Hotel reevaluating
2024-10-14 13:34:29.205663 Romeo: Juliett, sending you 4
2024-10-14 13:34:29.207206 Sierra: Hotel and X-ray, sending you 1
2024-10-14 13:34:29.207730 Juliett: Tango, sending you 2
2024-10-14 13:34:29.208237 Tango: Juliett, sending you 5
2024-10-14 13:34:29.212525 Romeo: Sierra, Tango, Hotel and X-ray, sending you 2
2024-10-14 13:34:29.216349 Tango: Hotel, sending you 1
2024-10-14 13:34:29.270521 Tango: X-ray, sending you 4
2024-10-14 13:34:29.304986 Hotel: Romeo, Sierra and X-ray, sending you 1
2024-10-14 13:34:29.334361 Hotel: Juliett, sending you 2
chatterbot Golf submitting transactions
chatterbot Delta submitting transactions
chatterbot Juliett submitting transactions
chatterbot Tango submitting transactions
chatterbot India submitting transactions
chatterbot Yankee submitting transactions
chatterbot Sierra submitting transactions
chatterbot Romeo submitting transactions
chatterbot X-ray submitting transactions
chatterbot Hotel submitting transactions
ChatterBot Golf round 4
ChatterBot India round 4
ChatterBot Romeo round 4
ChatterBot Juliett round 4
ChatterBot Yankee round 4
ChatterBot Sierra round 4
ChatterBot Tango round 4
ChatterBot Hotel round 4
ChatterBot X-ray round 4
ChatterBot Delta round 4
2024-10-14 13:34:30.358676 India: Golf, sending you 4
2024-10-14 13:34:30.362890 Yankee: Golf, sending you 4
2024-10-14 13:34:30.363684 India: Yankee, sending you 6
2024-10-14 13:34:30.366709 Yankee: India, sending you 5
2024-10-14 13:34:30.368232 India: Delta, sending you 5
2024-10-14 13:34:30.368684 Sierra: Romeo, sending you 2
2024-10-14 13:34:30.371675 Golf: Same as last round
2024-10-14 13:34:30.372015 Romeo: Juliett, sending you 4
2024-10-14 13:34:30.372493 Yankee: X-ray, sending you 2
2024-10-14 13:34:30.372796 Sierra: Juliett, sending you 6
2024-10-14 13:34:30.373507 Delta: Golf and India, sending you 5
2024-10-14 13:34:30.374690 Tango: Romeo, sending you 3
2024-10-14 13:34:30.375161 Romeo: Sierra, Tango, Hotel and X-ray, sending you 2
2024-10-14 13:34:30.376681 Yankee: Delta, sending you 3
2024-10-14 13:34:30.377659 Sierra: Hotel, sending you 1
2024-10-14 13:34:30.378081 Hotel: Romeo, Sierra and X-ray, sending you 1
2024-10-14 13:34:30.381966 Delta: Yankee, sending you 3
2024-10-14 13:34:30.382265 Juliett: Sending you each 3
2024-10-14 13:34:30.383030 Tango: Juliett and X-ray, sending you 4
2024-10-14 13:34:30.383411 Sierra: X-ray, sending you 3
2024-10-14 13:34:30.384686 Hotel: Juliett, sending you 2
2024-10-14 13:34:30.386669 Tango: Hotel, sending you 1
chatterbot Juliett submitting transactions
chatterbot Golf submitting transactions
chatterbot Yankee submitting transactions
chatterbot Tango submitting transactions
chatterbot Romeo submitting transactions
chatterbot Hotel submitting transactions
chatterbot X-ray submitting transactions
chatterbot India submitting transactions
chatterbot Sierra submitting transactions
chatterbot Delta submitting transactions
ChatterBot Golf round 5
ChatterBot India round 5
ChatterBot Romeo round 5
ChatterBot Juliett round 5
ChatterBot Yankee round 5
ChatterBot Sierra round 5
ChatterBot Tango round 5
ChatterBot Hotel round 5
ChatterBot X-ray round 5
ChatterBot Delta round 5
2024-10-14 13:34:31.566689 Hotel: We should replace Romeo with Tango
2024-10-14 13:34:31.573962 Juliett: No
2024-10-14 13:34:31.574114 Sierra: No
2024-10-14 13:34:31.574226 X-ray: No
ChatterBot Hotel reevaluating
ChatterBot Hotel reevaluating
ChatterBot Hotel reevaluating
2024-10-14 13:34:31.609713 Hotel: We should replace Sierra with Tango
2024-10-14 13:34:31.616262 Romeo: No
2024-10-14 13:34:31.616405 Juliett: No
2024-10-14 13:34:31.616507 X-ray: No
ChatterBot Hotel reevaluating
ChatterBot Hotel reevaluating
ChatterBot Hotel reevaluating
2024-10-14 13:34:31.645664 Golf: Same as last round
2024-10-14 13:34:31.646701 India: Golf, sending you 4
2024-10-14 13:34:31.647678 Yankee: Golf, sending you 4
2024-10-14 13:34:31.648031 Romeo: Juliett and X-ray, sending you 3
2024-10-14 13:34:31.648498 Juliett: Romeo, Tango and X-ray, sending you 3
2024-10-14 13:34:31.650687 India: Yankee, sending you 6
2024-10-14 13:34:31.651678 Yankee: India, sending you 6
2024-10-14 13:34:31.652025 Romeo: Sierra, Tango and Hotel, sending you 2
2024-10-14 13:34:31.653653 Juliett: Sierra, sending you 4
2024-10-14 13:34:31.654020 India: Delta, sending you 5
2024-10-14 13:34:31.654665 Delta: Golf and India, sending you 5
2024-10-14 13:34:31.654975 Yankee: X-ray, sending you 1
2024-10-14 13:34:31.656664 Sierra: Romeo, sending you 2
2024-10-14 13:34:31.657667 Yankee: Delta, sending you 3
2024-10-14 13:34:31.658686 Juliett: Hotel, sending you 2
2024-10-14 13:34:31.659663 Delta: Yankee, sending you 3
2024-10-14 13:34:31.660815 Tango: Romeo, sending you 3
2024-10-14 13:34:31.661654 Sierra: Juliett, sending you 6
2024-10-14 13:34:31.665676 Tango: Juliett, sending you 5
2024-10-14 13:34:31.666099 Sierra: Hotel, sending you 1
2024-10-14 13:34:31.668695 Hotel: Romeo, Sierra and X-ray, sending you 1
2024-10-14 13:34:31.669670 Sierra: X-ray, sending you 3
2024-10-14 13:34:31.670672 Tango: X-ray, sending you 4
2024-10-14 13:34:31.672930 Hotel: Juliett, sending you 2
chatterbot Yankee submitting transactions
chatterbot X-ray submitting transactions
chatterbot Romeo submitting transactions
chatterbot Juliett submitting transactions
chatterbot Delta submitting transactions
chatterbot Golf submitting transactions
chatterbot Tango submitting transactions
chatterbot Hotel submitting transactions
chatterbot Sierra submitting transactions
chatterbot India submitting transactions
ChatterBot Golf round 6
ChatterBot India round 6
ChatterBot Romeo round 6
ChatterBot Juliett round 6
ChatterBot Yankee round 6
ChatterBot Sierra round 6
ChatterBot Tango round 6
ChatterBot Hotel round 6
ChatterBot X-ray round 6
ChatterBot Delta round 6
2024-10-14 13:34:32.829681 Juliett: Romeo, Tango and X-ray, sending you 3
2024-10-14 13:34:32.833667 Juliett: Sierra, sending you 4
2024-10-14 13:34:32.834673 Tango: Romeo, sending you 3
2024-10-14 13:34:32.836763 Romeo: Juliett and X-ray, sending you 3
2024-10-14 13:34:32.837682 Juliett: Hotel, sending you 2
2024-10-14 13:34:32.838663 Sierra: Romeo, sending you 2
2024-10-14 13:34:32.839237 India: Golf, sending you 4
2024-10-14 13:34:32.839545 Golf: Same as last round
2024-10-14 13:34:32.839887 Tango: Juliett, sending you 5
2024-10-14 13:34:32.841654 Romeo: Sierra, Tango and Hotel, sending you 2
2024-10-14 13:34:32.842121 Sierra: Juliett, sending you 6
2024-10-14 13:34:32.842681 Tango: X-ray, sending you 4
2024-10-14 13:34:32.843688 Yankee: Golf, sending you 4
2024-10-14 13:34:32.844232 India: Yankee, sending you 6
2024-10-14 13:34:32.844687 Sierra: Hotel, sending you 1
2024-10-14 13:34:32.846710 Yankee: India, sending you 6
2024-10-14 13:34:32.847672 Delta: Golf and Yankee, sending you 4
2024-10-14 13:34:32.848693 India: Delta, sending you 5
2024-10-14 13:34:32.849683 Sierra: X-ray, sending you 3
2024-10-14 13:34:32.850652 Hotel: Romeo, Sierra and X-ray, sending you 1
2024-10-14 13:34:32.850970 Delta: India, sending you 5
2024-10-14 13:34:32.852005 Yankee: X-ray, sending you 1
2024-10-14 13:34:32.854683 Hotel: Juliett, sending you 2
2024-10-14 13:34:32.856711 Yankee: Delta, sending you 3
chatterbot India submitting transactions
chatterbot Golf submitting transactions
chatterbot X-ray submitting transactions
chatterbot Juliett submitting transactions
chatterbot Tango submitting transactions
chatterbot Yankee submitting transactions
chatterbot Sierra submitting transactions
chatterbot Romeo submitting transactions
chatterbot Delta submitting transactions
chatterbot Hotel submitting transactions
ChatterBot Golf round 7
ChatterBot India round 7
ChatterBot Romeo round 7
ChatterBot Juliett round 7
ChatterBot Yankee round 7
ChatterBot Sierra round 7
ChatterBot Tango round 7
ChatterBot Hotel round 7
ChatterBot X-ray round 7
ChatterBot Delta round 7
2024-10-14 13:34:33.947935 India: Golf, sending you 4
2024-10-14 13:34:33.949690 Juliett: Romeo, Tango and X-ray, sending you 3
2024-10-14 13:34:33.951667 Sierra: Romeo, sending you 2
2024-10-14 13:34:33.952177 India: Yankee, sending you 6
2024-10-14 13:34:33.952967 Romeo: Juliett and X-ray, sending you 3
2024-10-14 13:34:33.953690 Juliett: Sierra, sending you 4
2024-10-14 13:34:33.955677 India: Delta, sending you 5
2024-10-14 13:34:33.956661 Sierra: Juliett, sending you 6
2024-10-14 13:34:33.957479 Yankee: Golf and Delta, sending you 4
2024-10-14 13:34:33.958328 Romeo: Sierra, Tango and Hotel, sending you 2
2024-10-14 13:34:33.959033 Juliett: Hotel, sending you 2
2024-10-14 13:34:33.959766 Golf: Same as last round
2024-10-14 13:34:33.960692 Sierra: Hotel, sending you 1
2024-10-14 13:34:33.961221 Yankee: India, sending you 6
2024-10-14 13:34:33.962689 Hotel: Romeo, Sierra and X-ray, sending you 1
2024-10-14 13:34:33.965676 Sierra: X-ray, sending you 3
2024-10-14 13:34:33.966678 Tango: Romeo, sending you 3
2024-10-14 13:34:33.967507 Hotel: Juliett, sending you 2
2024-10-14 13:34:33.970671 Delta: Golf and Yankee, sending you 4
2024-10-14 13:34:33.971714 Tango: Juliett, sending you 5
2024-10-14 13:34:33.974688 Delta: India, sending you 5
2024-10-14 13:34:33.976693 Tango: X-ray, sending you 4
chatterbot Sierra submitting transactions
chatterbot Yankee submitting transactions
chatterbot Golf submitting transactions
chatterbot Tango submitting transactions
chatterbot Delta submitting transactions
chatterbot X-ray submitting transactions
chatterbot Juliett submitting transactions
chatterbot India submitting transactions
chatterbot Romeo submitting transactions
chatterbot Hotel submitting transactions
ChatterBot Golf round 8
ChatterBot India round 8
ChatterBot Romeo round 8
ChatterBot Juliett round 8
ChatterBot Yankee round 8
ChatterBot Sierra round 8
ChatterBot Tango round 8
ChatterBot Hotel round 8
ChatterBot X-ray round 8
ChatterBot Delta round 8
2024-10-14 13:34:35.100282 Yankee: We should add Tango
2024-10-14 13:34:35.110013 Golf: No
2024-10-14 13:34:35.110345 India: No
2024-10-14 13:34:35.110463 Delta: No
ChatterBot Yankee reevaluating
ChatterBot Yankee reevaluating
ChatterBot Yankee reevaluating
2024-10-14 13:34:35.173471 Sierra: Romeo, sending you 2
2024-10-14 13:34:35.174232 Golf: Same as last round
2024-10-14 13:34:35.177510 Romeo: Juliett and X-ray, sending you 3
2024-10-14 13:34:35.178834 Juliett: Romeo, Tango and X-ray, sending you 3
2024-10-14 13:34:35.179926 India: Sending you each 5
2024-10-14 13:34:35.180989 Sierra: Juliett, sending you 6
2024-10-14 13:34:35.181738 Hotel: Romeo, Sierra and X-ray, sending you 1
2024-10-14 13:34:35.182988 Tango: Romeo, sending you 3
2024-10-14 13:34:35.183827 Romeo: Sierra, Tango and Hotel, sending you 2
2024-10-14 13:34:35.185168 Juliett: Sierra, sending you 4
2024-10-14 13:34:35.186403 Yankee: Golf and Delta, sending you 4
2024-10-14 13:34:35.187057 Sierra: Hotel, sending you 1
2024-10-14 13:34:35.187760 Hotel: Juliett, sending you 2
2024-10-14 13:34:35.188874 Tango: Juliett, sending you 5
2024-10-14 13:34:35.189733 Juliett: Hotel, sending you 2
2024-10-14 13:34:35.194845 Yankee: India, sending you 6
2024-10-14 13:34:35.195679 Sierra: X-ray, sending you 3
2024-10-14 13:34:35.197372 Delta: Golf and Yankee, sending you 4
2024-10-14 13:34:35.197917 Tango: X-ray, sending you 4
2024-10-14 13:34:35.205217 Delta: India, sending you 5
chatterbot Tango submitting transactions
chatterbot Golf submitting transactions
chatterbot Romeo submitting transactions
chatterbot Yankee submitting transactions
chatterbot India submitting transactions
chatterbot Delta submitting transactions
chatterbot Hotel submitting transactions
chatterbot Juliett submitting transactions
chatterbot X-ray submitting transactions
chatterbot Sierra submitting transactions
ChatterBot Golf round 9
ChatterBot India round 9
ChatterBot Romeo round 9
ChatterBot Juliett round 9
ChatterBot Yankee round 9
ChatterBot Sierra round 9
ChatterBot Tango round 9
ChatterBot Hotel round 9
ChatterBot X-ray round 9
ChatterBot Delta round 9
2024-10-14 13:34:36.398681 Romeo: Juliett and X-ray, sending you 3
2024-10-14 13:34:36.403710 Romeo: Sierra, Tango and Hotel, sending you 2
2024-10-14 13:34:36.405678 Yankee: Golf and Delta, sending you 4
2024-10-14 13:34:36.408873 Golf: Same as last round
2024-10-14 13:34:36.409432 Yankee: India, sending you 6
2024-10-14 13:34:36.409975 Juliett: Romeo, Tango and X-ray, sending you 3
2024-10-14 13:34:36.411670 Sierra: Romeo, sending you 2
2024-10-14 13:34:36.413752 India: Same as last round
2024-10-14 13:34:36.414684 Hotel: Romeo, Sierra and X-ray, sending you 1
2024-10-14 13:34:36.416065 Juliett: Sierra, sending you 4
2024-10-14 13:34:36.417036 Delta: Golf and Yankee, sending you 4
2024-10-14 13:34:36.417691 Sierra: Juliett, sending you 6
2024-10-14 13:34:36.419695 Hotel: Juliett, sending you 2
2024-10-14 13:34:36.420265 Tango: Romeo, sending you 3
2024-10-14 13:34:36.421721 Juliett: Hotel, sending you 2
2024-10-14 13:34:36.422551 Delta: India, sending you 5
2024-10-14 13:34:36.423097 Sierra: Hotel, sending you 1
2024-10-14 13:34:36.425666 Tango: Juliett, sending you 5
2024-10-14 13:34:36.429068 Sierra: X-ray, sending you 3
2024-10-14 13:34:36.431693 Tango: X-ray, sending you 4
chatterbot Hotel submitting transactions
chatterbot Sierra submitting transactions
chatterbot Juliett submitting transactions
chatterbot Yankee submitting transactions
chatterbot Tango submitting transactions
chatterbot India submitting transactions
chatterbot Romeo submitting transactions
chatterbot Golf submitting transactions
chatterbot Delta submitting transactions
chatterbot X-ray submitting transactions
ChatterBot Golf round 10
ChatterBot India round 10
ChatterBot Romeo round 10
ChatterBot Juliett round 10
ChatterBot Yankee round 10
ChatterBot Sierra round 10
ChatterBot Tango round 10
ChatterBot Hotel round 10
ChatterBot X-ray round 10
ChatterBot Delta round 10
2024-10-14 13:34:37.643766 Yankee: We should add Sierra
2024-10-14 13:34:37.654001 Golf: No
2024-10-14 13:34:37.654475 India: No
2024-10-14 13:34:37.654685 Delta: No
ChatterBot Yankee reevaluating
ChatterBot Yankee reevaluating
ChatterBot Yankee reevaluating
2024-10-14 13:34:37.713678 Golf: Same as last round
2024-10-14 13:34:37.714964 India: Same as last round
2024-10-14 13:34:37.715685 Romeo: Juliett and X-ray, sending you 3
2024-10-14 13:34:37.720107 Romeo: Sierra, Tango and Hotel, sending you 2
2024-10-14 13:34:37.721673 Tango: Romeo, sending you 3
2024-10-14 13:34:37.725710 Tango: Juliett, sending you 5
2024-10-14 13:34:37.728671 Tango: X-ray, sending you 4
2024-10-14 13:34:37.730079 Delta: Golf and Yankee, sending you 4
2024-10-14 13:34:37.730738 Juliett: Romeo, Tango and X-ray, sending you 3
2024-10-14 13:34:37.731653 Hotel: Romeo, Sierra and X-ray, sending you 1
2024-10-14 13:34:37.733678 Yankee: Golf and Delta, sending you 4
2024-10-14 13:34:37.734716 Delta: India, sending you 5
2024-10-14 13:34:37.735145 Sierra: Romeo, sending you 2
2024-10-14 13:34:37.736665 Juliett: Sierra, sending you 4
2024-10-14 13:34:37.737660 Hotel: Juliett, sending you 2
2024-10-14 13:34:37.738978 Yankee: India, sending you 6
2024-10-14 13:34:37.739668 Juliett: Hotel, sending you 2
2024-10-14 13:34:37.740663 Sierra: Juliett, sending you 6
2024-10-14 13:34:37.744708 Sierra: Hotel, sending you 1
2024-10-14 13:34:37.749677 Sierra: X-ray, sending you 3
chatterbot Sierra submitting transactions
chatterbot India submitting transactions
chatterbot Golf submitting transactions
chatterbot X-ray submitting transactions
chatterbot Juliett submitting transactions
chatterbot Tango submitting transactions
chatterbot Romeo submitting transactions
chatterbot Yankee submitting transactions
chatterbot Delta submitting transactions
chatterbot Hotel submitting transactions
ChatterBot Golf round 11
ChatterBot India round 11
ChatterBot Romeo round 11
ChatterBot Juliett round 11
ChatterBot Yankee round 11
ChatterBot Sierra round 11
2024-10-14 13:34:38.891218 Yankee: We should add X-ray
2024-10-14 13:34:38.899830 Golf: Yes
2024-10-14 13:34:38.899987 India: Yes
2024-10-14 13:34:38.900101 Delta: Yes
ChatterBot India reevaluating
ChatterBot Tango round 11
ChatterBot Hotel round 11
ChatterBot X-ray round 11
ChatterBot Delta round 11
2024-10-14 13:34:38.940233 Yankee: X-ray we want you to join our group
2024-10-14 13:34:38.954503 X-ray: No
ChatterBot India reevaluating
2024-10-14 13:34:39.024696 Juliett: Romeo, Tango and X-ray, sending you 3
2024-10-14 13:34:39.028678 India: X-ray we want you to join our group
2024-10-14 13:34:39.034887 X-ray: No
2024-10-14 13:34:39.049543 Juliett: Sierra, sending you 4
2024-10-14 13:34:39.052662 Tango: Romeo, sending you 3
2024-10-14 13:34:39.055203 Hotel: Romeo, Sierra and X-ray, sending you 1
2024-10-14 13:34:39.056223 Sierra: Romeo, sending you 2
2024-10-14 13:34:39.058849 Juliett: Hotel, sending you 2
2024-10-14 13:34:39.061281 Romeo: Juliett and X-ray, sending you 3
2024-10-14 13:34:39.064248 Delta: Golf and Yankee, sending you 4
2024-10-14 13:34:39.065514 Yankee: Golf and Delta, sending you 4
2024-10-14 13:34:39.067245 Golf: Same as last round
2024-10-14 13:34:39.068919 Tango: Juliett, sending you 5
2024-10-14 13:34:39.070575 Hotel: Juliett, sending you 2
2024-10-14 13:34:39.072925 Sierra: Juliett, sending you 6
2024-10-14 13:34:39.075638 Romeo: Sierra, Tango and Hotel, sending you 2
2024-10-14 13:34:39.078984 Delta: India, sending you 5
2024-10-14 13:34:39.079988 Yankee: India, sending you 5
2024-10-14 13:34:39.080834 Tango: X-ray, sending you 4
2024-10-14 13:34:39.083452 Sierra: Hotel, sending you 1
2024-10-14 13:34:39.085674 India: Golf and Delta, sending you 4
2024-10-14 13:34:39.086772 Yankee: X-ray, sending you 1
2024-10-14 13:34:39.090660 Sierra: X-ray, sending you 3
2024-10-14 13:34:39.091689 India: Yankee, sending you 5
2024-10-14 13:34:39.095700 India: X-ray, sending you 2
chatterbot Hotel submitting transactions
chatterbot Juliett submitting transactions
chatterbot X-ray submitting transactions
chatterbot Golf submitting transactions
chatterbot Sierra submitting transactions
chatterbot Romeo submitting transactions
chatterbot Yankee submitting transactions
chatterbot Tango submitting transactions
chatterbot India submitting transactions
chatterbot Delta submitting transactions
ChatterBot Golf round 12
ChatterBot India round 12
ChatterBot Romeo round 12
ChatterBot Juliett round 12
ChatterBot Yankee round 12
ChatterBot Sierra round 12
ChatterBot Tango round 12
ChatterBot Hotel round 12
ChatterBot X-ray round 12
ChatterBot Delta round 12
2024-10-14 13:34:40.279141 Hotel: We should replace X-ray with Tango
2024-10-14 13:34:40.293405 Romeo: No
2024-10-14 13:34:40.293611 Juliett: No
2024-10-14 13:34:40.293765 Sierra: No
ChatterBot Hotel reevaluating
ChatterBot Hotel reevaluating
ChatterBot Hotel reevaluating
ChatterBot Juliett reevaluating
2024-10-14 13:34:40.376931 Juliett: We should drop Hotel
ChatterBot Romeo reevaluating
2024-10-14 13:34:40.395336 Romeo: Yes
2024-10-14 13:34:40.395906 Sierra: No
2024-10-14 13:34:40.396054 Tango: No
2024-10-14 13:34:40.396202 X-ray: No
ChatterBot Juliett reevaluating
ChatterBot Sierra reevaluating
ChatterBot Tango reevaluating
ChatterBot Juliett reevaluating
ChatterBot Romeo reevaluating
ChatterBot Tango reevaluating
ChatterBot Juliett reevaluating
ChatterBot Romeo reevaluating
ChatterBot Sierra reevaluating
ChatterBot Juliett reevaluating
ChatterBot Romeo reevaluating
ChatterBot Sierra reevaluating
ChatterBot Tango reevaluating
2024-10-14 13:34:40.487661 India: Sending you each 5
2024-10-14 13:34:40.494667 Delta: Golf and Yankee, sending you 4
2024-10-14 13:34:40.497662 Delta: India, sending you 5
2024-10-14 13:34:40.500677 Yankee: Golf and Delta, sending you 4
2024-10-14 13:34:40.503677 Golf: Same as last round
2024-10-14 13:34:40.504469 Yankee: India, sending you 5
2024-10-14 13:34:40.505100 Romeo: Juliett and X-ray, sending you 3
2024-10-14 13:34:40.506552 Hotel: Romeo, Sierra and X-ray, sending you 1
2024-10-14 13:34:40.508696 Sierra: Romeo, sending you 2
2024-10-14 13:34:40.509867 Romeo: Sierra, Tango and Hotel, sending you 2
2024-10-14 13:34:40.511267 Yankee: X-ray, sending you 1
2024-10-14 13:34:40.511975 Hotel: Juliett, sending you 2
2024-10-14 13:34:40.515 Sierra: Juliett, sending you 6
2024-10-14 13:34:40.515979 Juliett: Romeo, Tango and X-ray, sending you 3
2024-10-14 13:34:40.517722 Tango: Romeo, sending you 3
2024-10-14 13:34:40.519856 Sierra: X-ray, sending you 4
2024-10-14 13:34:40.521703 Juliett: Sierra, sending you 4
2024-10-14 13:34:40.523695 Tango: Juliett, sending you 5
2024-10-14 13:34:40.526684 Juliett: Hotel, sending you 2
2024-10-14 13:34:40.531191 Tango: X-ray, sending you 4
chatterbot India submitting transactions
chatterbot Juliett submitting transactions
chatterbot Sierra submitting transactions
chatterbot X-ray submitting transactions
chatterbot Yankee submitting transactions
chatterbot Delta submitting transactions
chatterbot Hotel submitting transactions
chatterbot Golf submitting transactions
chatterbot Romeo submitting transactions
chatterbot Tango submitting transactions
ChatterBot Golf round 13
ChatterBot India round 13
ChatterBot Romeo round 13
ChatterBot Juliett round 13
ChatterBot Yankee round 13
ChatterBot Sierra round 13
ChatterBot Tango round 13
ChatterBot Hotel round 13
ChatterBot X-ray round 13
ChatterBot Delta round 13
2024-10-14 13:34:41.762324 Hotel: We should replace X-ray with Tango
2024-10-14 13:34:41.770142 Romeo: No
2024-10-14 13:34:41.770302 Juliett: No
2024-10-14 13:34:41.770416 Sierra: No
ChatterBot Hotel reevaluating
ChatterBot Hotel reevaluating
2024-10-14 13:34:41.800684 India: Same as last round
2024-10-14 13:34:41.805687 Juliett: Romeo, Tango and X-ray, sending you 3
2024-10-14 13:34:41.807144 Yankee: Golf and Delta, sending you 4
2024-10-14 13:34:41.809701 Sierra: Romeo, sending you 2
2024-10-14 13:34:41.810599 Juliett: Sierra, sending you 4
2024-10-14 13:34:41.812653 Yankee: India, sending you 5
2024-10-14 13:34:41.813831 Tango: Romeo, sending you 3
2024-10-14 13:34:41.814894 Sierra: Juliett, sending you 6
2024-10-14 13:34:41.815228 Juliett: Hotel, sending you 2
2024-10-14 13:34:41.816659 Romeo: Juliett and X-ray, sending you 3
2024-10-14 13:34:41.817396 Yankee: X-ray, sending you 1
2024-10-14 13:34:41.818113 Sierra: X-ray, sending you 4
2024-10-14 13:34:41.819661 Tango: Juliett, sending you 5
2024-10-14 13:34:41.820670 Golf: Same as last round
2024-10-14 13:34:41.821070 Romeo: Sierra, Tango and Hotel, sending you 2
2024-10-14 13:34:41.823697 Hotel: Romeo, Sierra and X-ray, sending you 1
2024-10-14 13:34:41.824686 Tango: X-ray, sending you 4
2024-10-14 13:34:41.826679 Delta: Golf and Yankee, sending you 4
2024-10-14 13:34:41.828732 Hotel: Juliett, sending you 2
2024-10-14 13:34:41.831684 Delta: India, sending you 5
chatterbot Tango submitting transactions
chatterbot Golf submitting transactions
chatterbot Yankee submitting transactions
chatterbot Juliett submitting transactions
chatterbot Sierra submitting transactions
chatterbot India submitting transactions
chatterbot Romeo submitting transactions
chatterbot Delta submitting transactions
chatterbot X-ray submitting transactions
chatterbot Hotel submitting transactions
ChatterBot Golf round 14
ChatterBot India round 14
ChatterBot Romeo round 14
ChatterBot Juliett round 14
ChatterBot Yankee round 14
ChatterBot Sierra round 14
ChatterBot Tango round 14
ChatterBot Hotel round 14
ChatterBot X-ray round 14
ChatterBot Delta round 14
2024-10-14 13:34:43.059254 Sierra: We should add Hotel
2024-10-14 13:34:43.073043 Juliett: Yes
2024-10-14 13:34:43.073637 Romeo: Yes
2024-10-14 13:34:43.073802 Tango: Yes
2024-10-14 13:34:43.073952 X-ray: Yes
2024-10-14 13:34:43.145975 India: We should add X-ray
2024-10-14 13:34:43.157314 Golf: Yes
2024-10-14 13:34:43.157506 Yankee: Yes
2024-10-14 13:34:43.157675 Delta: Yes
2024-10-14 13:34:43.190004 Hotel: We should replace X-ray with Tango
2024-10-14 13:34:43.197937 Romeo: No
2024-10-14 13:34:43.198054 Juliett: No
2024-10-14 13:34:43.198154 Sierra: No
ChatterBot Hotel reevaluating
2024-10-14 13:34:43.220157 Sierra: Hotel we want you to join our group
ChatterBot Hotel reevaluating
2024-10-14 13:34:43.223244 Hotel: No
2024-10-14 13:34:43.234019 India: X-ray we want you to join our group
2024-10-14 13:34:43.236696 X-ray: No
2024-10-14 13:34:43.248666 Juliett: Romeo, Tango and X-ray, sending you 3
2024-10-14 13:34:43.250386 Yankee: Golf and Delta, sending you 4
2024-10-14 13:34:43.250904 Golf: Same as last round
2024-10-14 13:34:43.251333 Romeo: Juliett and X-ray, sending you 3
2024-10-14 13:34:43.252685 Juliett: Sierra, sending you 4
2024-10-14 13:34:43.254622 Yankee: India, sending you 5
2024-10-14 13:34:43.255721 Tango: Romeo, sending you 3
2024-10-14 13:34:43.257480 Romeo: Sierra, Tango and Hotel, sending you 2
2024-10-14 13:34:43.258726 Juliett: Hotel, sending you 2
2024-10-14 13:34:43.260819 Yankee: X-ray, sending you 1
2024-10-14 13:34:43.262023 Tango: Juliett, sending you 5
2024-10-14 13:34:43.263703 Sierra: Romeo, sending you 2
2024-10-14 13:34:43.266667 Tango: X-ray, sending you 4
2024-10-14 13:34:43.267682 India: Golf and Delta, sending you 4
2024-10-14 13:34:43.269136 Delta: Golf and Yankee, sending you 4
2024-10-14 13:34:43.269927 Hotel: Romeo, Sierra and X-ray, sending you 1
2024-10-14 13:34:43.271075 Sierra: Juliett, sending you 5
2024-10-14 13:34:43.272683 India: Yankee, sending you 5
2024-10-14 13:34:43.274016 Delta: India, sending you 5
2024-10-14 13:34:43.274806 Sierra: Hotel, sending you 1
2024-10-14 13:34:43.276344 Hotel: Juliett, sending you 2
2024-10-14 13:34:43.277761 India: X-ray, sending you 2
2024-10-14 13:34:43.278948 Sierra: X-ray, sending you 4
