ChatterBot Tango round 1
ChatterBot Sierra round 1
ChatterBot Uniform round 1
ChatterBot Bravo round 1
ChatterBot Zulu round 1
ChatterBot Papa round 1
ChatterBot Echo round 1
ChatterBot Lima round 1
ChatterBot Mike round 1
ChatterBot Whiskey round 1
randomSelections Zulu: {Zulu, Tango, Papa, Uniform, Echo, Bravo} 
2024-10-14 13:34:24.323658 Zulu: Group up?
ChatterBot Tango reevaluating
ChatterBot Papa reevaluating
ChatterBot Uniform reevaluating
ChatterBot Echo reevaluating
ChatterBot Bravo reevaluating
2024-10-14 13:34:24.335766 Tango: Yes
2024-10-14 13:34:24.335907 Papa: Yes
2024-10-14 13:34:24.336006 Uniform: Yes
2024-10-14 13:34:24.336124 Echo: Yes
2024-10-14 13:34:24.336222 Bravo: Yes
ChatterBot Papa reevaluating
ChatterBot Uniform reevaluating
ChatterBot Echo reevaluating
ChatterBot Bravo reevaluating
ChatterBot Tango reevaluating
ChatterBot Uniform reevaluating
ChatterBot Echo reevaluating
ChatterBot Bravo reevaluating
ChatterBot Tango reevaluating
ChatterBot Papa reevaluating
ChatterBot Echo reevaluating
ChatterBot Bravo reevaluating
ChatterBot Tango reevaluating
ChatterBot Papa reevaluating
ChatterBot Uniform reevaluating
ChatterBot Bravo reevaluating
ChatterBot Tango reevaluating
ChatterBot Papa reevaluating
ChatterBot Uniform reevaluating
ChatterBot Echo reevaluating
randomSelections Sierra: {Sierra, Papa, Zulu} 
2024-10-14 13:34:24.411804 Sierra: Let's form a team
ChatterBot Papa reevaluating
2024-10-14 13:34:24.416589 Papa: No
2024-10-14 13:34:24.416739 Zulu: No
ChatterBot Papa reevaluating
randomSelections Lima: {Lima, Whiskey, Sierra, Papa, Uniform, Bravo, Echo, Mike} 
2024-10-14 13:34:24.431230 Lima: We should group up
ChatterBot Whiskey reevaluating
ChatterBot Papa reevaluating
ChatterBot Uniform reevaluating
ChatterBot Bravo reevaluating
ChatterBot Echo reevaluating
ChatterBot Mike reevaluating
2024-10-14 13:34:24.450828 Whiskey: Yes
2024-10-14 13:34:24.450996 Sierra: No
2024-10-14 13:34:24.451174 Papa: No
2024-10-14 13:34:24.451331 Uniform: No
2024-10-14 13:34:24.451500 Bravo: No
2024-10-14 13:34:24.451657 Echo: No
2024-10-14 13:34:24.451822 Mike: Yes
ChatterBot Papa reevaluating
ChatterBot Uniform reevaluating
ChatterBot Bravo reevaluating
ChatterBot Echo reevaluating
ChatterBot Mike reevaluating
ChatterBot Whiskey reevaluating
ChatterBot Papa reevaluating
ChatterBot Uniform reevaluating
ChatterBot Bravo reevaluating
ChatterBot Echo reevaluating
ChatterBot Mike reevaluating
ChatterBot Whiskey reevaluating
ChatterBot Uniform reevaluating
ChatterBot Bravo reevaluating
ChatterBot Echo reevaluating
ChatterBot Mike reevaluating
ChatterBot Whiskey reevaluating
ChatterBot Papa reevaluating
ChatterBot Bravo reevaluating
ChatterBot Echo reevaluating
ChatterBot Mike reevaluating
ChatterBot Whiskey reevaluating
ChatterBot Papa reevaluating
ChatterBot Uniform reevaluating
ChatterBot Echo reevaluating
ChatterBot Mike reevaluating
ChatterBot Whiskey reevaluating
ChatterBot Papa reevaluating
ChatterBot Uniform reevaluating
ChatterBot Bravo reevaluating
ChatterBot Mike reevaluating
ChatterBot Whiskey reevaluating
ChatterBot Papa reevaluating
ChatterBot Uniform reevaluating
ChatterBot Bravo reevaluating
ChatterBot Echo reevaluating
2024-10-14 13:34:24.605677 Zulu: Tango, sending you 4
2024-10-14 13:34:24.607383 Lima: Sierra, sending you 1
2024-10-14 13:34:24.608148 Echo: Tango, Uniform and Papa, sending you 3
2024-10-14 13:34:24.609648 Papa: Uniform and Echo, sending you 2
2024-10-14 13:34:24.610167 Zulu: Uniform, sending you 2
2024-10-14 13:34:24.611661 Echo: Bravo and Zulu, sending you 2
2024-10-14 13:34:24.613858 Lima: Uniform and Echo, sending you 3
2024-10-14 13:34:24.614653 Tango: Uniform and Zulu, sending you 3
2024-10-14 13:34:24.615880 Mike: Uniform, Bravo, Papa and Lima, sending you 1
2024-10-14 13:34:24.616361 Papa: Bravo and Zulu, sending you 1
2024-10-14 13:34:24.621420 Zulu: Papa, sending you 1
2024-10-14 13:34:24.622991 Whiskey: Uniform, sending you 4
2024-10-14 13:34:24.624534 Lima: Bravo, Papa and Whiskey, sending you 2
2024-10-14 13:34:24.625292 Tango: Papa, sending you 1
2024-10-14 13:34:24.626740 Mike: Echo, sending you 2
2024-10-14 13:34:24.628365 Sierra: Zulu, sending you 6
2024-10-14 13:34:24.628974 Bravo: Tango and Uniform, sending you 1
2024-10-14 13:34:24.630618 Whiskey: Bravo, sending you 3
2024-10-14 13:34:24.631314 Zulu: Echo, sending you 3
2024-10-14 13:34:24.632777 Uniform: Tango and Papa, sending you 5
2024-10-14 13:34:24.634660 Tango: Echo, sending you 2
2024-10-14 13:34:24.635463 Mike: Whiskey, sending you 3
2024-10-14 13:34:24.637423 Sierra: Papa, sending you 5
2024-10-14 13:34:24.637948 Bravo: Zulu and Papa, sending you 3
2024-10-14 13:34:24.639470 Whiskey: Echo and Mike, sending you 1
2024-10-14 13:34:24.640328 Uniform: Bravo, sending you 2
2024-10-14 13:34:24.643973 Bravo: Echo, sending you 2
2024-10-14 13:34:24.645299 Whiskey: Lima, sending you 2
2024-10-14 13:34:24.646009 Uniform: Zulu, sending you 1
chatterbot Zulu submitting transactions
chatterbot Echo submitting transactions
chatterbot Whiskey submitting transactions
chatterbot Sierra submitting transactions
chatterbot Lima submitting transactions
chatterbot Bravo submitting transactions
chatterbot Tango submitting transactions
chatterbot Uniform submitting transactions
chatterbot Mike submitting transactions
chatterbot Papa submitting transactions
ChatterBot Tango round 2
ChatterBot Sierra round 2
ChatterBot Uniform round 2
ChatterBot Bravo round 2
ChatterBot Zulu round 2
ChatterBot Papa round 2
ChatterBot Echo round 2
ChatterBot Lima round 2
ChatterBot Mike round 2
ChatterBot Whiskey round 2
2024-10-14 13:34:26.285529 Echo: We should add Lima
ChatterBot Zulu reevaluating
ChatterBot Papa reevaluating
ChatterBot Uniform reevaluating
ChatterBot Bravo reevaluating
2024-10-14 13:34:26.317763 Zulu: No
2024-10-14 13:34:26.317966 Tango: No
2024-10-14 13:34:26.318123 Papa: No
2024-10-14 13:34:26.318691 Uniform: No
2024-10-14 13:34:26.318837 Bravo: No
ChatterBot Papa reevaluating
ChatterBot Uniform reevaluating
ChatterBot Bravo reevaluating
ChatterBot Zulu reevaluating
ChatterBot Papa reevaluating
ChatterBot Uniform reevaluating
ChatterBot Bravo reevaluating
ChatterBot Zulu reevaluating
ChatterBot Uniform reevaluating
ChatterBot Bravo reevaluating
ChatterBot Zulu reevaluating
ChatterBot Papa reevaluating
ChatterBot Bravo reevaluating
ChatterBot Zulu reevaluating
ChatterBot Papa reevaluating
ChatterBot Uniform reevaluating
2024-10-14 13:34:26.513054 Papa: We should add Sierra
ChatterBot Zulu reevaluating
ChatterBot Uniform reevaluating
ChatterBot Echo reevaluating
ChatterBot Bravo reevaluating
2024-10-14 13:34:26.545444 Zulu: Yes
2024-10-14 13:34:26.545665 Tango: No
2024-10-14 13:34:26.545814 Uniform: No
2024-10-14 13:34:26.546313 Echo: No
2024-10-14 13:34:26.546442 Bravo: No
ChatterBot Papa reevaluating
ChatterBot Uniform reevaluating
ChatterBot Echo reevaluating
ChatterBot Bravo reevaluating
ChatterBot Zulu reevaluating
ChatterBot Papa reevaluating
ChatterBot Uniform reevaluating
ChatterBot Echo reevaluating
ChatterBot Bravo reevaluating
ChatterBot Zulu reevaluating
ChatterBot Papa reevaluating
ChatterBot Echo reevaluating
ChatterBot Bravo reevaluating
ChatterBot Zulu reevaluating
ChatterBot Papa reevaluating
ChatterBot Uniform reevaluating
ChatterBot Bravo reevaluating
ChatterBot Zulu reevaluating
ChatterBot Papa reevaluating
ChatterBot Uniform reevaluating
ChatterBot Echo reevaluating
2024-10-14 13:34:26.693140 Lima: Can we be friends?
ChatterBot Mike reevaluating
ChatterBot Whiskey reevaluating
ChatterBot Sierra reevaluating
2024-10-14 13:34:26.707139 Mike: Yes
2024-10-14 13:34:26.707422 Whiskey: No
2024-10-14 13:34:26.707703 Sierra: Yes
ChatterBot Lima reevaluating
ChatterBot Whiskey reevaluating
ChatterBot Sierra reevaluating
ChatterBot Lima reevaluating
ChatterBot Mike reevaluating
ChatterBot Sierra reevaluating
ChatterBot Lima reevaluating
ChatterBot Mike reevaluating
ChatterBot Whiskey reevaluating
2024-10-14 13:34:26.757387 Whiskey: Can we be friends?
ChatterBot Lima reevaluating
ChatterBot Mike reevaluating
ChatterBot Bravo reevaluating
2024-10-14 13:34:26.821388 Lima: No
2024-10-14 13:34:26.821670 Mike: No
2024-10-14 13:34:26.821899 Bravo: No
ChatterBot Whiskey reevaluating
ChatterBot Mike reevaluating
ChatterBot Bravo reevaluating
ChatterBot Whiskey reevaluating
ChatterBot Lima reevaluating
ChatterBot Bravo reevaluating
ChatterBot Whiskey reevaluating
ChatterBot Lima reevaluating
ChatterBot Mike reevaluating
2024-10-14 13:34:27.213976 Zulu: Sierra we want you to join our group
2024-10-14 13:34:27.218669 Sierra: No
ChatterBot Zulu reevaluating
ChatterBot Echo reevaluating
2024-10-14 13:34:27.248319 Papa: Sierra we want you to join our group
2024-10-14 13:34:27.253431 Sierra: No
ChatterBot Echo reevaluating
chatterbot Tango submitting transactions
2024-10-14 13:34:27.281714 Bravo: Tango, Uniform, Papa and Echo, sending you 3
2024-10-14 13:34:27.282226 Uniform: Tango, sending you 4
2024-10-14 13:34:27.565993 Mike: Whiskey, sending you 9
2024-10-14 13:34:27.566292 Lima: Bravo, sending you 3
2024-10-14 13:34:27.566973 Whiskey: Bravo, sending you 3
2024-10-14 13:34:27.567286 Bravo: Zulu, sending you 2
2024-10-14 13:34:27.568323 Tango: Uniform, sending you 3
2024-10-14 13:34:27.568801 Sierra: Lima, sending you 10
2024-10-14 13:34:27.569098 Uniform: Bravo, Zulu and Papa, sending you 2
2024-10-14 13:34:27.570292 Whiskey: Lima and Mike, sending you 4
2024-10-14 13:34:27.729760 Lima: Mike, sending you 4
2024-10-14 13:34:27.730509 Tango: Bravo and Papa, sending you 1
2024-10-14 13:34:27.730952 Sierra: Mike and Whiskey, sending you 2
2024-10-14 13:34:27.731620 Uniform: Echo, sending you 3
2024-10-14 13:34:27.732018 Papa: Tango and Zulu, sending you 1
chatterbot Whiskey submitting transactions
2024-10-14 13:34:27.732927 Lima: Whiskey, sending you 6
2024-10-14 13:34:27.763717 Tango: Zulu and Echo, sending you 2
2024-10-14 13:34:27.764311 Papa: Sierra and Uniform, sending you 4
2024-10-14 13:34:27.765194 Zulu: Tango, Sierra, Uniform, Bravo, Papa and Echo, sending you 2
2024-10-14 13:34:27.765597 Echo: Tango, Bravo, Zulu and Papa, sending you 3
2024-10-14 13:34:27.792958 Papa: Bravo and Echo, sending you 2
2024-10-14 13:34:27.793444 Echo: Uniform, sending you 1
chatterbot Echo submitting transactions
chatterbot Bravo submitting transactions
chatterbot Uniform submitting transactions
chatterbot Sierra submitting transactions
chatterbot Papa submitting transactions
chatterbot Lima submitting transactions
chatterbot Mike submitting transactions
chatterbot Zulu submitting transactions
ChatterBot Tango round 3
ChatterBot Sierra round 3
ChatterBot Uniform round 3
ChatterBot Bravo round 3
ChatterBot Zulu round 3
ChatterBot Papa round 3
ChatterBot Echo round 3
ChatterBot Lima round 3
ChatterBot Mike round 3
ChatterBot Whiskey round 3
2024-10-14 13:34:28.843916 Whiskey: Can we be friends?
ChatterBot Lima reevaluating
2024-10-14 13:34:28.905271 Sierra: No
2024-10-14 13:34:28.905755 Lima: No
2024-10-14 13:34:28.905950 Mike: No
2024-10-14 13:34:28.906821 Papa: No
ChatterBot Whiskey reevaluating
ChatterBot Lima reevaluating
ChatterBot Papa reevaluating
ChatterBot Whiskey reevaluating
ChatterBot Sierra reevaluating
ChatterBot Papa reevaluating
ChatterBot Whiskey reevaluating
ChatterBot Sierra reevaluating
ChatterBot Lima reevaluating
ChatterBot Papa reevaluating
ChatterBot Whiskey reevaluating
ChatterBot Sierra reevaluating
ChatterBot Lima reevaluating
2024-10-14 13:34:29.072484 Papa: We should drop Sierra
2024-10-14 13:34:29.100013 Zulu: No
2024-10-14 13:34:29.100253 Tango: Yes
2024-10-14 13:34:29.100439 Uniform: Yes
2024-10-14 13:34:29.100597 Echo: Yes
2024-10-14 13:34:29.101189 Bravo: Yes
ChatterBot Papa reevaluating
ChatterBot Papa reevaluating
ChatterBot Papa reevaluating
ChatterBot Papa reevaluating
ChatterBot Papa reevaluating
chatterbot Echo submitting transactions
2024-10-14 13:34:29.280350 Mike: Sierra, sending you 2
2024-10-14 13:34:29.280831 Tango: Uniform, Bravo, Zulu and Echo, sending you 2
2024-10-14 13:34:29.281463 Zulu: Tango, Sierra, Uniform, Bravo, Papa and Echo, sending you 2
2024-10-14 13:34:29.282411 Bravo: Sending you each 3
2024-10-14 13:34:29.282998 Uniform: Tango, sending you 3
2024-10-14 13:34:29.283943 Echo: Tango, Bravo, Zulu and Papa, sending you 3
2024-10-14 13:34:29.284575 Whiskey: Sierra, Lima and Mike, sending you 3
2024-10-14 13:34:29.285746 Mike: Lima, sending you 3
2024-10-14 13:34:29.286175 Tango: Papa, sending you 1
2024-10-14 13:34:29.287557 Uniform: Bravo, Zulu and Echo, sending you 2
2024-10-14 13:34:29.289925 Echo: Uniform, sending you 1
2024-10-14 13:34:29.290949 Whiskey: Zulu, sending you 2
2024-10-14 13:34:29.292271 Mike: Whiskey, sending you 4
2024-10-14 13:34:29.292588 Lima: Sierra, sending you 5
2024-10-14 13:34:29.293785 Uniform: Papa, sending you 4
2024-10-14 13:34:29.307898 Lima: Papa, sending you 1
2024-10-14 13:34:29.335138 Lima: Mike, sending you 3
chatterbot Bravo submitting transactions
chatterbot Sierra submitting transactions
2024-10-14 13:34:29.365049 Papa: Tango and Zulu, sending you 2
2024-10-14 13:34:29.365930 Lima: Whiskey, sending you 4
2024-10-14 13:34:29.425600 Papa: Uniform, sending you 4
chatterbot Lima submitting transactions
chatterbot Tango submitting transactions
2024-10-14 13:34:29.480464 Papa: Bravo and Echo, sending you 3
chatterbot Uniform submitting transactions
chatterbot Zulu submitting transactions
chatterbot Mike submitting transactions
chatterbot Whiskey submitting transactions
chatterbot Papa submitting transactions
ChatterBot Tango round 4
ChatterBot Sierra round 4
ChatterBot Uniform round 4
ChatterBot Bravo round 4
ChatterBot Zulu round 4
ChatterBot Papa round 4
ChatterBot Echo round 4
ChatterBot Lima round 4
ChatterBot Mike round 4
ChatterBot Whiskey round 4
2024-10-14 13:34:30.466743 Zulu: We should drop Sierra
2024-10-14 13:34:30.486444 Tango: Yes
2024-10-14 13:34:30.486649 Papa: Yes
2024-10-14 13:34:30.486805 Uniform: Yes
2024-10-14 13:34:30.486949 Echo: Yes
2024-10-14 13:34:30.487693 Bravo: Yes
2024-10-14 13:34:30.588737 Lima: We should replace Papa with Tango
ChatterBot Whiskey reevaluating
ChatterBot Sierra reevaluating
2024-10-14 13:34:30.600901 Mike: No
2024-10-14 13:34:30.601056 Whiskey: No
2024-10-14 13:34:30.601199 Sierra: No
ChatterBot Whiskey reevaluating
ChatterBot Sierra reevaluating
ChatterBot Lima reevaluating
ChatterBot Sierra reevaluating
ChatterBot Lima reevaluating
ChatterBot Whiskey reevaluating
2024-10-14 13:34:30.648709 Tango: Uniform, Bravo, Zulu and Echo, sending you 2
2024-10-14 13:34:30.652936 Lima: We should drop Papa
2024-10-14 13:34:30.660406 Mike: Yes
2024-10-14 13:34:30.661001 Whiskey: Yes
2024-10-14 13:34:30.661148 Sierra: Yes
ChatterBot Lima reevaluating
ChatterBot Whiskey reevaluating
ChatterBot Lima reevaluating
ChatterBot Lima reevaluating
ChatterBot Whiskey reevaluating
2024-10-14 13:34:30.693727 Tango: Papa, sending you 1
2024-10-14 13:34:30.694374 Bravo: Same as last round
2024-10-14 13:34:30.695144 Zulu: Tango, Uniform, Bravo and Papa, sending you 2
2024-10-14 13:34:30.697679 Uniform: Tango, Bravo and Papa, sending you 3
2024-10-14 13:34:30.698797 Echo: Tango, Bravo, Zulu and Papa, sending you 3
2024-10-14 13:34:30.699381 Zulu: Echo, sending you 4
2024-10-14 13:34:30.699853 Papa: Tango and Zulu, sending you 2
2024-10-14 13:34:30.700954 Mike: Sierra, sending you 2
2024-10-14 13:34:30.701272 Sierra: Lima, sending you 6
2024-10-14 13:34:30.703686 Uniform: Zulu and Echo, sending you 2
2024-10-14 13:34:30.704732 Echo: Uniform, sending you 1
2024-10-14 13:34:30.705401 Mike: Lima, sending you 3
2024-10-14 13:34:30.705768 Sierra: Mike and Whiskey, sending you 4
2024-10-14 13:34:30.706716 Whiskey: Tango we want you to join our group
2024-10-14 13:34:30.709835 Tango: No
ChatterBot Whiskey reevaluating
ChatterBot Lima reevaluating
2024-10-14 13:34:30.723736 Papa: Uniform, sending you 4
2024-10-14 13:34:30.724324 Mike: Whiskey, sending you 4
2024-10-14 13:34:30.727938 Papa: Bravo and Echo, sending you 3
2024-10-14 13:34:30.729668 Whiskey: Papa we want you to join our group
2024-10-14 13:34:30.733323 Papa: No
ChatterBot Whiskey reevaluating
ChatterBot Lima reevaluating
chatterbot Tango submitting transactions
chatterbot Echo submitting transactions
2024-10-14 13:34:30.771850 Lima: Sierra, sending you 5
2024-10-14 13:34:30.776665 Lima: Mike and Whiskey, sending you 4
2024-10-14 13:34:30.778656 Whiskey: Tango, sending you 2
2024-10-14 13:34:30.783672 Whiskey: Sierra, Lima and Mike, sending you 3
chatterbot Papa submitting transactions
chatterbot Bravo submitting transactions
chatterbot Zulu submitting transactions
chatterbot Whiskey submitting transactions
chatterbot Mike submitting transactions
chatterbot Uniform submitting transactions
chatterbot Lima submitting transactions
chatterbot Sierra submitting transactions
ChatterBot Tango round 5
ChatterBot Sierra round 5
ChatterBot Uniform round 5
ChatterBot Bravo round 5
ChatterBot Zulu round 5
ChatterBot Papa round 5
ChatterBot Echo round 5
ChatterBot Lima round 5
ChatterBot Mike round 5
ChatterBot Whiskey round 5
2024-10-14 13:34:31.885716 Sierra: Lima, sending you 6
2024-10-14 13:34:31.888688 Tango: Uniform, Bravo, Zulu and Echo, sending you 2
2024-10-14 13:34:31.889251 Sierra: Mike, sending you 3
2024-10-14 13:34:31.890711 Zulu: Tango, Uniform, Bravo and Papa, sending you 2
2024-10-14 13:34:31.891673 Sierra: Whiskey, sending you 5
2024-10-14 13:34:31.893661 Tango: Papa, sending you 1
2024-10-14 13:34:31.894835 Papa: Tango and Zulu, sending you 2
2024-10-14 13:34:31.895403 Lima: Sierra, sending you 5
2024-10-14 13:34:31.895754 Zulu: Echo, sending you 4
2024-10-14 13:34:31.897684 Papa: Uniform, sending you 4
2024-10-14 13:34:31.898922 Lima: Mike and Whiskey, sending you 4
2024-10-14 13:34:31.899675 Echo: Tango and Uniform, sending you 2
2024-10-14 13:34:31.901699 Mike: Sierra, sending you 2
2024-10-14 13:34:31.902827 Papa: Bravo and Echo, sending you 3
2024-10-14 13:34:31.903322 Uniform: Tango and Bravo, sending you 3
2024-10-14 13:34:31.903838 Bravo: Same as last round
2024-10-14 13:34:31.904926 Echo: Bravo, Zulu and Papa, sending you 3
2024-10-14 13:34:31.907025 Mike: Lima, sending you 3
2024-10-14 13:34:31.907670 Whiskey: Tango, sending you 2
2024-10-14 13:34:31.908658 Uniform: Zulu, sending you 2
2024-10-14 13:34:31.910033 Mike: Whiskey, sending you 4
2024-10-14 13:34:31.911734 Whiskey: Sierra, Lima and Mike, sending you 3
2024-10-14 13:34:31.912283 Uniform: Papa, sending you 4
2024-10-14 13:34:31.917689 Uniform: Echo, sending you 1
chatterbot Papa submitting transactions
chatterbot Lima submitting transactions
chatterbot Echo submitting transactions
chatterbot Uniform submitting transactions
chatterbot Mike submitting transactions
chatterbot Bravo submitting transactions
chatterbot Zulu submitting transactions
chatterbot Whiskey submitting transactions
chatterbot Tango submitting transactions
chatterbot Sierra submitting transactions
ChatterBot Tango round 6
ChatterBot Sierra round 6
ChatterBot Uniform round 6
ChatterBot Bravo round 6
ChatterBot Zulu round 6
ChatterBot Papa round 6
ChatterBot Echo round 6
ChatterBot Lima round 6
ChatterBot Mike round 6
ChatterBot Whiskey round 6
2024-10-14 13:34:32.949060 Tango: Uniform, Bravo, Zulu and Echo, sending you 2
2024-10-14 13:34:32.950244 Bravo: Same as last round
2024-10-14 13:34:32.953684 Tango: Papa, sending you 1
2024-10-14 13:34:32.958350 Sierra: Lima, sending you 6
2024-10-14 13:34:32.959092 Uniform: Tango and Bravo, sending you 3
2024-10-14 13:34:32.960487 Lima: Sierra, sending you 5
2024-10-14 13:34:32.962673 Papa: Tango and Zulu, sending you 2
2024-10-14 13:34:32.964039 Zulu: Tango, Uniform, Bravo and Papa, sending you 2
2024-10-14 13:34:32.964549 Sierra: Mike, sending you 3
2024-10-14 13:34:32.964837 Uniform: Zulu, sending you 2
2024-10-14 13:34:32.965702 Lima: Mike and Whiskey, sending you 4
2024-10-14 13:34:32.966189 Whiskey: Tango, sending you 2
2024-10-14 13:34:32.966726 Mike: Sierra, sending you 2
2024-10-14 13:34:32.967233 Zulu: Echo, sending you 4
2024-10-14 13:34:32.967912 Papa: Uniform, sending you 4
2024-10-14 13:34:32.968402 Sierra: Whiskey, sending you 5
2024-10-14 13:34:32.968696 Echo: Tango and Uniform, sending you 2
2024-10-14 13:34:32.969405 Uniform: Papa, sending you 4
2024-10-14 13:34:32.971548 Whiskey: Sierra, Lima and Mike, sending you 3
2024-10-14 13:34:32.971999 Mike: Lima, sending you 4
2024-10-14 13:34:32.972323 Papa: Bravo and Echo, sending you 3
2024-10-14 13:34:32.973687 Echo: Bravo, Zulu and Papa, sending you 3
2024-10-14 13:34:32.974715 Mike: Whiskey, sending you 3
2024-10-14 13:34:32.975694 Uniform: Echo, sending you 1
chatterbot Uniform submitting transactions
chatterbot Bravo submitting transactions
chatterbot Whiskey submitting transactions
chatterbot Echo submitting transactions
chatterbot Tango submitting transactions
chatterbot Lima submitting transactions
chatterbot Sierra submitting transactions
chatterbot Mike submitting transactions
chatterbot Zulu submitting transactions
chatterbot Papa submitting transactions
ChatterBot Tango round 7
ChatterBot Sierra round 7
ChatterBot Uniform round 7
ChatterBot Bravo round 7
ChatterBot Zulu round 7
ChatterBot Papa round 7
ChatterBot Echo round 7
ChatterBot Lima round 7
ChatterBot Mike round 7
ChatterBot Whiskey round 7
2024-10-14 13:34:34.238778 Lima: We should add Zulu
ChatterBot Whiskey reevaluating
2024-10-14 13:34:34.251959 Mike: No
2024-10-14 13:34:34.252363 Whiskey: No
2024-10-14 13:34:34.252651 Sierra: No
ChatterBot Lima reevaluating
ChatterBot Whiskey reevaluating
ChatterBot Lima reevaluating
ChatterBot Lima reevaluating
ChatterBot Whiskey reevaluating
2024-10-14 13:34:34.294761 Lima: We should add Bravo
ChatterBot Whiskey reevaluating
2024-10-14 13:34:34.302535 Mike: No
2024-10-14 13:34:34.302682 Whiskey: No
2024-10-14 13:34:34.302789 Sierra: No
ChatterBot Lima reevaluating
ChatterBot Whiskey reevaluating
ChatterBot Lima reevaluating
ChatterBot Lima reevaluating
ChatterBot Whiskey reevaluating
2024-10-14 13:34:34.325215 Whiskey: We should replace Tango with Zulu
ChatterBot Lima reevaluating
2024-10-14 13:34:34.331432 Lima: No
2024-10-14 13:34:34.331562 Mike: No
2024-10-14 13:34:34.332046 Sierra: No
ChatterBot Whiskey reevaluating
ChatterBot Lima reevaluating
ChatterBot Whiskey reevaluating
ChatterBot Lima reevaluating
ChatterBot Whiskey reevaluating
2024-10-14 13:34:34.352813 Zulu: Tango, Uniform, Bravo and Papa, sending you 2
2024-10-14 13:34:34.353964 Sierra: Lima, sending you 6
2024-10-14 13:34:34.356664 Zulu: Echo, sending you 4
2024-10-14 13:34:34.357197 Bravo: Same as last round
2024-10-14 13:34:34.358008 Tango: Uniform, Bravo, Zulu and Echo, sending you 2
2024-10-14 13:34:34.358867 Echo: Tango and Uniform, sending you 2
2024-10-14 13:34:34.359434 Papa: Tango and Zulu, sending you 2
2024-10-14 13:34:34.359913 Uniform: Tango, Bravo and Papa, sending you 3
2024-10-14 13:34:34.360360 Sierra: Mike, sending you 3
2024-10-14 13:34:34.361785 Tango: Papa, sending you 1
2024-10-14 13:34:34.362768 Whiskey: Echo we want you to join our group
2024-10-14 13:34:34.365540 Echo: No
ChatterBot Lima reevaluating
2024-10-14 13:34:34.374286 Echo: Bravo, Zulu and Papa, sending you 3
2024-10-14 13:34:34.374776 Papa: Uniform, sending you 4
2024-10-14 13:34:34.375258 Uniform: Zulu and Echo, sending you 2
2024-10-14 13:34:34.376099 Mike: Sierra, sending you 2
2024-10-14 13:34:34.376411 Sierra: Whiskey, sending you 5
2024-10-14 13:34:34.379666 Lima: Zulu we want you to join our group
2024-10-14 13:34:34.382530 Zulu: No
ChatterBot Lima reevaluating
2024-10-14 13:34:34.394503 Papa: Bravo and Echo, sending you 3
2024-10-14 13:34:34.395882 Mike: Lima, sending you 4
2024-10-14 13:34:34.398680 Whiskey: Sierra, Lima and Mike, sending you 3
2024-10-14 13:34:34.399662 Mike: Whiskey, sending you 3
2024-10-14 13:34:34.401702 Whiskey: Echo, sending you 2
2024-10-14 13:34:34.419697 Lima: Sierra, sending you 5
2024-10-14 13:34:34.424654 Lima: Mike and Whiskey, sending you 4
chatterbot Echo submitting transactions
chatterbot Mike submitting transactions
chatterbot Tango submitting transactions
chatterbot Sierra submitting transactions
chatterbot Bravo submitting transactions
chatterbot Papa submitting transactions
chatterbot Lima submitting transactions
chatterbot Uniform submitting transactions
chatterbot Zulu submitting transactions
chatterbot Whiskey submitting transactions
ChatterBot Tango round 8
ChatterBot Sierra round 8
ChatterBot Uniform round 8
ChatterBot Bravo round 8
ChatterBot Zulu round 8
ChatterBot Papa round 8
ChatterBot Echo round 8
ChatterBot Lima round 8
ChatterBot Mike round 8
ChatterBot Whiskey round 8
2024-10-14 13:34:35.461882 Sierra: Lima, sending you 6
2024-10-14 13:34:35.462702 Uniform: Tango, Bravo and Papa, sending you 3
2024-10-14 13:34:35.464705 Sierra: Mike, sending you 3
2024-10-14 13:34:35.465696 Bravo: Same as last round
2024-10-14 13:34:35.467677 Uniform: Zulu and Echo, sending you 2
2024-10-14 13:34:35.468820 Tango: Uniform, Bravo, Zulu and Echo, sending you 2
2024-10-14 13:34:35.469756 Papa: Tango and Zulu, sending you 2
2024-10-14 13:34:35.470256 Sierra: Whiskey, sending you 5
2024-10-14 13:34:35.471670 Lima: Sierra, sending you 5
2024-10-14 13:34:35.472942 Tango: Papa, sending you 1
2024-10-14 13:34:35.473783 Papa: Uniform, sending you 4
2024-10-14 13:34:35.474984 Lima: Mike and Whiskey, sending you 4
2024-10-14 13:34:35.475802 Mike: Sierra, sending you 2
2024-10-14 13:34:35.476328 Echo: Tango and Uniform, sending you 2
2024-10-14 13:34:35.478710 Papa: Bravo and Echo, sending you 3
2024-10-14 13:34:35.480107 Whiskey: Sierra, Lima and Mike, sending you 3
2024-10-14 13:34:35.480625 Zulu: Tango, Uniform, Bravo and Papa, sending you 2
2024-10-14 13:34:35.481181 Mike: Lima, sending you 4
2024-10-14 13:34:35.482677 Echo: Bravo, Zulu and Papa, sending you 3
2024-10-14 13:34:35.483894 Whiskey: Echo, sending you 2
2024-10-14 13:34:35.485050 Zulu: Echo, sending you 4
2024-10-14 13:34:35.485791 Mike: Whiskey, sending you 3
chatterbot Bravo submitting transactions
chatterbot Lima submitting transactions
chatterbot Uniform submitting transactions
chatterbot Sierra submitting transactions
chatterbot Zulu submitting transactions
chatterbot Papa submitting transactions
chatterbot Tango submitting transactions
chatterbot Echo submitting transactions
chatterbot Whiskey submitting transactions
chatterbot Mike submitting transactions
ChatterBot Tango round 9
ChatterBot Sierra round 9
ChatterBot Uniform round 9
ChatterBot Bravo round 9
ChatterBot Zulu round 9
ChatterBot Papa round 9
ChatterBot Echo round 9
ChatterBot Lima round 9
ChatterBot Mike round 9
ChatterBot Whiskey round 9
2024-10-14 13:34:36.727902 Lima: We should add Echo
ChatterBot Whiskey reevaluating
2024-10-14 13:34:36.735485 Mike: No
2024-10-14 13:34:36.735628 Whiskey: No
2024-10-14 13:34:36.735748 Sierra: No
ChatterBot Lima reevaluating
ChatterBot Whiskey reevaluating
ChatterBot Lima reevaluating
ChatterBot Lima reevaluating
ChatterBot Whiskey reevaluating
2024-10-14 13:34:36.769712 Bravo: Same as last round
2024-10-14 13:34:36.771232 Tango: Uniform, Bravo, Zulu and Echo, sending you 2
2024-10-14 13:34:36.771950 Uniform: Tango, Zulu and Echo, sending you 2
2024-10-14 13:34:36.773709 Sierra: Lima, sending you 6
2024-10-14 13:34:36.775700 Tango: Papa, sending you 1
2024-10-14 13:34:36.777383 Whiskey: Tango we want you to join our group
2024-10-14 13:34:36.779869 Tango: No
ChatterBot Whiskey reevaluating
ChatterBot Lima reevaluating
2024-10-14 13:34:36.791168 Whiskey: We should replace Echo with Zulu
2024-10-14 13:34:36.791400 Lima: We should add Zulu
ChatterBot Lima reevaluating
2024-10-14 13:34:36.800554 Lima: No
2024-10-14 13:34:36.800705 Mike: No
ChatterBot Whiskey reevaluating
2024-10-14 13:34:36.806092 Sierra: No
2024-10-14 13:34:36.808654 Mike: No
2024-10-14 13:34:36.808766 Whiskey: No
2024-10-14 13:34:36.808848 Sierra: No
ChatterBot Whiskey reevaluating
ChatterBot Lima reevaluating
ChatterBot Whiskey reevaluating
ChatterBot Lima reevaluating
ChatterBot Whiskey reevaluating
ChatterBot Lima reevaluating
ChatterBot Whiskey reevaluating
ChatterBot Lima reevaluating
ChatterBot Lima reevaluating
ChatterBot Whiskey reevaluating
2024-10-14 13:34:36.918240 Uniform: Bravo, sending you 3
2024-10-14 13:34:36.921135 Papa: Tango and Zulu, sending you 2
2024-10-14 13:34:36.923051 Sierra: Mike, sending you 3
2024-10-14 13:34:36.924814 Uniform: Papa, sending you 4
2024-10-14 13:34:36.926644 Papa: Uniform, sending you 4
2024-10-14 13:34:36.928053 Mike: Sierra, sending you 2
2024-10-14 13:34:36.929700 Zulu: Tango, Uniform, Bravo and Papa, sending you 2
2024-10-14 13:34:36.931542 Whiskey: Zulu we want you to join our group
2024-10-14 13:34:36.935655 Zulu: No
ChatterBot Whiskey reevaluating
ChatterBot Lima reevaluating
2024-10-14 13:34:36.948574 Lima: We should add Uniform
ChatterBot Whiskey reevaluating
2024-10-14 13:34:36.957855 Mike: No
2024-10-14 13:34:36.958103 Whiskey: No
2024-10-14 13:34:36.959025 Sierra: No
ChatterBot Lima reevaluating
ChatterBot Whiskey reevaluating
ChatterBot Lima reevaluating
ChatterBot Lima reevaluating
ChatterBot Whiskey reevaluating
2024-10-14 13:34:37.002237 Echo: Tango and Uniform, sending you 2
2024-10-14 13:34:37.003812 Sierra: Whiskey, sending you 5
2024-10-14 13:34:37.004709 Papa: Bravo and Echo, sending you 3
2024-10-14 13:34:37.006162 Mike: Lima, sending you 4
2024-10-14 13:34:37.006654 Zulu: Echo, sending you 4
2024-10-14 13:34:37.008661 Echo: Bravo, Zulu and Papa, sending you 3
2024-10-14 13:34:37.010099 Mike: Whiskey, sending you 3
2024-10-14 13:34:37.023831 Lima: Sierra, sending you 5
2024-10-14 13:34:37.027653 Lima: Mike and Whiskey, sending you 4
2024-10-14 13:34:37.029696 Whiskey: Sierra, sending you 3
2024-10-14 13:34:37.034665 Whiskey: Lima and Mike, sending you 4
chatterbot Tango submitting transactions
chatterbot Echo submitting transactions
chatterbot Mike submitting transactions
chatterbot Papa submitting transactions
chatterbot Bravo submitting transactions
chatterbot Lima submitting transactions
chatterbot Uniform submitting transactions
chatterbot Whiskey submitting transactions
chatterbot Sierra submitting transactions
chatterbot Zulu submitting transactions
ChatterBot Tango round 10
ChatterBot Sierra round 10
ChatterBot Uniform round 10
ChatterBot Bravo round 10
ChatterBot Zulu round 10
ChatterBot Papa round 10
ChatterBot Echo round 10
ChatterBot Lima round 10
ChatterBot Mike round 10
2024-10-14 13:34:37.956103 Lima: We should add Tango
ChatterBot Whiskey reevaluating
2024-10-14 13:34:37.964269 Mike: No
2024-10-14 13:34:37.964452 Whiskey: No
2024-10-14 13:34:37.964599 Sierra: No
ChatterBot Lima reevaluating
ChatterBot Whiskey reevaluating
ChatterBot Lima reevaluating
ChatterBot Lima reevaluating
ChatterBot Whiskey reevaluating
ChatterBot Whiskey round 10
2024-10-14 13:34:38.017685 Sierra: Lima, sending you 6
2024-10-14 13:34:38.018839 Zulu: Tango, Uniform, Bravo and Papa, sending you 2
2024-10-14 13:34:38.019643 Tango: Uniform, Bravo, Zulu and Echo, sending you 2
2024-10-14 13:34:38.020403 Bravo: Same as last round
2024-10-14 13:34:38.021131 Sierra: Mike, sending you 3
2024-10-14 13:34:38.022667 Whiskey: Sierra and Lima, sending you 4
2024-10-14 13:34:38.023104 Lima: Sierra, sending you 5
2024-10-14 13:34:38.023711 Papa: Tango and Zulu, sending you 2
2024-10-14 13:34:38.024735 Zulu: Echo, sending you 4
2024-10-14 13:34:38.026150 Tango: Papa, sending you 1
2024-10-14 13:34:38.027152 Uniform: Tango, Zulu and Echo, sending you 2
2024-10-14 13:34:38.028195 Sierra: Whiskey, sending you 5
2024-10-14 13:34:38.028856 Echo: Tango and Uniform, sending you 2
2024-10-14 13:34:38.030242 Mike: Sierra, sending you 2
2024-10-14 13:34:38.030870 Whiskey: Mike, sending you 3
2024-10-14 13:34:38.031371 Lima: Mike and Whiskey, sending you 4
2024-10-14 13:34:38.032013 Papa: Uniform, sending you 4
2024-10-14 13:34:38.033069 Uniform: Bravo, sending you 3
2024-10-14 13:34:38.034687 Echo: Bravo, Zulu and Papa, sending you 3
2024-10-14 13:34:38.035662 Mike: Lima, sending you 4
2024-10-14 13:34:38.036661 Uniform: Papa, sending you 4
2024-10-14 13:34:38.037654 Papa: Bravo and Echo, sending you 3
2024-10-14 13:34:38.039663 Mike: Whiskey, sending you 3
chatterbot Mike submitting transactions
chatterbot Sierra submitting transactions
chatterbot Whiskey submitting transactions
chatterbot Uniform submitting transactions
chatterbot Zulu submitting transactions
chatterbot Papa submitting transactions
chatterbot Bravo submitting transactions
chatterbot Tango submitting transactions
chatterbot Lima submitting transactions
chatterbot Echo submitting transactions
ChatterBot Tango round 11
ChatterBot Sierra round 11
ChatterBot Uniform round 11
ChatterBot Bravo round 11
ChatterBot Zulu round 11
ChatterBot Papa round 11
ChatterBot Echo round 11
ChatterBot Lima round 11
ChatterBot Mike round 11
ChatterBot Whiskey round 11
2024-10-14 13:34:39.274362 Whiskey: We should replace Tango with Zulu
2024-10-14 13:34:39.283131 Lima: No
2024-10-14 13:34:39.283311 Mike: No
2024-10-14 13:34:39.283506 Sierra: No
ChatterBot Whiskey reevaluating
ChatterBot Whiskey reevaluating
ChatterBot Whiskey reevaluating
2024-10-14 13:34:39.315683 Uniform: Tango, Zulu and Echo, sending you 2
2024-10-14 13:34:39.317666 Tango: Uniform, Bravo, Zulu and Echo, sending you 2
2024-10-14 13:34:39.321033 Uniform: Bravo, sending you 3
2024-10-14 13:34:39.322168 Tango: Papa, sending you 1
2024-10-14 13:34:39.322866 Sierra: Lima, sending you 6
2024-10-14 13:34:39.325667 Uniform: Papa, sending you 4
2024-10-14 13:34:39.326846 Sierra: Mike, sending you 3
2024-10-14 13:34:39.327655 Mike: Sierra, sending you 2
2024-10-14 13:34:39.329683 Zulu: Tango, Uniform, Bravo and Papa, sending you 2
2024-10-14 13:34:39.331682 Sierra: Whiskey, sending you 5
2024-10-14 13:34:39.332907 Lima: Sierra, sending you 5
2024-10-14 13:34:39.333464 Mike: Lima, sending you 4
2024-10-14 13:34:39.333970 Zulu: Echo, sending you 4
2024-10-14 13:34:39.334683 Bravo: Same as last round
2024-10-14 13:34:39.336357 Papa: Tango and Zulu, sending you 2
2024-10-14 13:34:39.336940 Echo: Tango and Uniform, sending you 2
2024-10-14 13:34:39.337654 Lima: Mike and Whiskey, sending you 4
2024-10-14 13:34:39.338653 Mike: Whiskey, sending you 3
2024-10-14 13:34:39.339860 Echo: Bravo, Zulu and Papa, sending you 3
2024-10-14 13:34:39.340603 Whiskey: Sierra and Lima, sending you 4
2024-10-14 13:34:39.341662 Papa: Uniform, sending you 4
2024-10-14 13:34:39.345675 Whiskey: Mike, sending you 3
2024-10-14 13:34:39.346199 Papa: Bravo and Echo, sending you 3
chatterbot Uniform submitting transactions
chatterbot Echo submitting transactions
chatterbot Sierra submitting transactions
chatterbot Zulu submitting transactions
chatterbot Mike submitting transactions
chatterbot Lima submitting transactions
chatterbot Whiskey submitting transactions
chatterbot Bravo submitting transactions
chatterbot Tango submitting transactions
chatterbot Papa submitting transactions
ChatterBot Tango round 12
ChatterBot Sierra round 12
ChatterBot Uniform round 12
ChatterBot Bravo round 12
ChatterBot Zulu round 12
ChatterBot Papa round 12
ChatterBot Echo round 12
ChatterBot Lima round 12
ChatterBot Mike round 12
ChatterBot Whiskey round 12
2024-10-14 13:34:40.531673 Bravo: Same as last round
2024-10-14 13:34:40.532864 Sierra: Lima, sending you 6
2024-10-14 13:34:40.534713 Zulu: Tango, Uniform, Bravo and Papa, sending you 2
2024-10-14 13:34:40.541046 Zulu: Echo, sending you 4
2024-10-14 13:34:40.542285 Sierra: Mike, sending you 3
2024-10-14 13:34:40.544080 Tango: Uniform, Bravo, Zulu and Echo, sending you 2
2024-10-14 13:34:40.545086 Papa: Tango and Zulu, sending you 2
2024-10-14 13:34:40.548667 Sierra: Whiskey, sending you 5
2024-10-14 13:34:40.549388 Tango: Papa, sending you 1
2024-10-14 13:34:40.554004 Lima: Sierra, sending you 5
2024-10-14 13:34:40.554730 Uniform: Tango, Zulu and Echo, sending you 2
2024-10-14 13:34:40.557249 Papa: Uniform, sending you 4
2024-10-14 13:34:40.558317 Mike: Sierra, sending you 2
2024-10-14 13:34:40.560575 Echo: Tango and Uniform, sending you 2
2024-10-14 13:34:40.561824 Whiskey: Sierra and Lima, sending you 4
2024-10-14 13:34:40.567051 Lima: Mike and Whiskey, sending you 4
2024-10-14 13:34:40.567937 Uniform: Bravo, sending you 3
2024-10-14 13:34:40.570822 Papa: Bravo and Echo, sending you 3
2024-10-14 13:34:40.572189 Mike: Lima, sending you 4
2024-10-14 13:34:40.574430 Echo: Bravo, Zulu and Papa, sending you 3
2024-10-14 13:34:40.577984 Whiskey: Mike, sending you 3
2024-10-14 13:34:40.578671 Uniform: Papa, sending you 4
2024-10-14 13:34:40.581510 Mike: Whiskey, sending you 3
chatterbot Echo submitting transactions
chatterbot Mike submitting transactions
chatterbot Papa submitting transactions
chatterbot Tango submitting transactions
chatterbot Zulu submitting transactions
chatterbot Sierra submitting transactions
chatterbot Whiskey submitting transactions
chatterbot Bravo submitting transactions
chatterbot Uniform submitting transactions
chatterbot Lima submitting transactions
ChatterBot Tango round 13
ChatterBot Sierra round 13
ChatterBot Uniform round 13
ChatterBot Bravo round 13
ChatterBot Zulu round 13
ChatterBot Papa round 13
ChatterBot Echo round 13
ChatterBot Lima round 13
ChatterBot Mike round 13
ChatterBot Whiskey round 13
2024-10-14 13:34:41.784676 Uniform: Tango, Zulu and Echo, sending you 2
2024-10-14 13:34:41.788694 Uniform: Bravo, sending you 3
2024-10-14 13:34:41.790219 Tango: Uniform, Bravo, Zulu and Echo, sending you 2
2024-10-14 13:34:41.791660 Bravo: Same as last round
2024-10-14 13:34:41.793685 Uniform: Papa, sending you 4
2024-10-14 13:34:41.794921 Mike: Sierra, sending you 2
2024-10-14 13:34:41.795501 Tango: Papa, sending you 1
2024-10-14 13:34:41.797645 Papa: Tango and Zulu, sending you 2
2024-10-14 13:34:41.798447 Mike: Lima, sending you 4
2024-10-14 13:34:41.799668 Zulu: Tango, Uniform, Bravo and Papa, sending you 2
2024-10-14 13:34:41.801648 Papa: Uniform, sending you 4
2024-10-14 13:34:41.802448 Mike: Whiskey, sending you 3
2024-10-14 13:34:41.803688 Sierra: Lima, sending you 6
2024-10-14 13:34:41.804670 Zulu: Echo, sending you 4
2024-10-14 13:34:41.805705 Lima: Sierra, sending you 5
2024-10-14 13:34:41.806650 Papa: Bravo and Echo, sending you 3
2024-10-14 13:34:41.807441 Sierra: Mike, sending you 3
2024-10-14 13:34:41.807900 Echo: Tango and Uniform, sending you 2
2024-10-14 13:34:41.808678 Lima: Mike and Whiskey, sending you 4
2024-10-14 13:34:41.810661 Echo: Bravo, Zulu and Papa, sending you 3
2024-10-14 13:34:41.812694 Sierra: Whiskey, sending you 5
2024-10-14 13:34:41.813951 Whiskey: Sierra and Lima, sending you 4
2024-10-14 13:34:41.818648 Whiskey: Mike, sending you 3
chatterbot Zulu submitting transactions
chatterbot Echo submitting transactions
chatterbot Whiskey submitting transactions
chatterbot Papa submitting transactions
chatterbot Lima submitting transactions
chatterbot Bravo submitting transactions
chatterbot Tango submitting transactions
chatterbot Sierra submitting transactions
chatterbot Uniform submitting transactions
chatterbot Mike submitting transactions
ChatterBot Tango round 14
ChatterBot Sierra round 14
ChatterBot Uniform round 14
ChatterBot Bravo round 14
ChatterBot Zulu round 14
ChatterBot Papa round 14
ChatterBot Echo round 14
ChatterBot Lima round 14
ChatterBot Mike round 14
ChatterBot Whiskey round 14
2024-10-14 13:34:43.032974 Whiskey: We should replace Tango with Papa
2024-10-14 13:34:43.041787 Lima: No
2024-10-14 13:34:43.041984 Mike: No
2024-10-14 13:34:43.042128 Sierra: No
ChatterBot Whiskey reevaluating
ChatterBot Whiskey reevaluating
ChatterBot Lima reevaluating
ChatterBot Whiskey reevaluating
2024-10-14 13:34:43.072085 Lima: We should add Zulu
ChatterBot Whiskey reevaluating
2024-10-14 13:34:43.080528 Mike: No
2024-10-14 13:34:43.080700 Whiskey: No
2024-10-14 13:34:43.080831 Sierra: No
ChatterBot Lima reevaluating
ChatterBot Whiskey reevaluating
ChatterBot Lima reevaluating
ChatterBot Lima reevaluating
