ChatterBot Foxtrot round 1
ChatterBot Tango round 1
ChatterBot November round 1
ChatterBot Bravo round 1
ChatterBot Charlie round 1
ChatterBot Echo round 1
ChatterBot Golf round 1
ChatterBot Delta round 1
ChatterBot Quebec round 1
ChatterBot Whiskey round 1
randomSelections Golf: {Golf, Echo, Tango, Charlie, Quebec, November, Delta} 
2024-10-14 23:32:19.541928 Golf: We would work well together
ChatterBot Echo reevaluating
ChatterBot Tango reevaluating
ChatterBot Charlie reevaluating
ChatterBot Quebec reevaluating
ChatterBot November reevaluating
ChatterBot Delta reevaluating
2024-10-14 23:32:19.589234 Echo: Yes
2024-10-14 23:32:19.589385 Tango: Yes
2024-10-14 23:32:19.589523 Charlie: Yes
2024-10-14 23:32:19.589646 Quebec: Yes
2024-10-14 23:32:19.591470 November: Yes
2024-10-14 23:32:19.591593 Delta: Yes
ChatterBot Tango reevaluating
ChatterBot Charlie reevaluating
ChatterBot Quebec reevaluating
ChatterBot November reevaluating
ChatterBot Delta reevaluating
ChatterBot Echo reevaluating
ChatterBot Charlie reevaluating
ChatterBot Quebec reevaluating
ChatterBot November reevaluating
ChatterBot Delta reevaluating
ChatterBot Echo reevaluating
ChatterBot Tango reevaluating
ChatterBot Quebec reevaluating
ChatterBot November reevaluating
ChatterBot Delta reevaluating
ChatterBot Echo reevaluating
ChatterBot Tango reevaluating
ChatterBot Charlie reevaluating
ChatterBot November reevaluating
ChatterBot Delta reevaluating
ChatterBot Echo reevaluating
ChatterBot Tango reevaluating
ChatterBot Charlie reevaluating
ChatterBot Quebec reevaluating
ChatterBot Delta reevaluating
ChatterBot Echo reevaluating
ChatterBot Tango reevaluating
ChatterBot Charlie reevaluating
ChatterBot Quebec reevaluating
ChatterBot November reevaluating
randomSelections Foxtrot: {Foxtrot, Bravo, Delta, Quebec, November, Tango} 
2024-10-14 23:32:19.740809 Foxtrot: We should group up
ChatterBot Bravo reevaluating
ChatterBot Delta reevaluating
ChatterBot Quebec reevaluating
ChatterBot November reevaluating
ChatterBot Tango reevaluating
2024-10-14 23:32:19.752061 Bravo: Yes
2024-10-14 23:32:19.752303 Delta: No
2024-10-14 23:32:19.753182 Quebec: No
2024-10-14 23:32:19.753838 November: No
2024-10-14 23:32:19.754093 Tango: No
ChatterBot Delta reevaluating
ChatterBot Quebec reevaluating
ChatterBot November reevaluating
ChatterBot Tango reevaluating
ChatterBot Bravo reevaluating
ChatterBot Quebec reevaluating
ChatterBot November reevaluating
ChatterBot Tango reevaluating
ChatterBot Bravo reevaluating
ChatterBot Delta reevaluating
ChatterBot November reevaluating
ChatterBot Tango reevaluating
ChatterBot Bravo reevaluating
ChatterBot Delta reevaluating
ChatterBot Quebec reevaluating
ChatterBot Tango reevaluating
ChatterBot Bravo reevaluating
ChatterBot Delta reevaluating
ChatterBot Quebec reevaluating
ChatterBot November reevaluating
randomSelections Whiskey: {Whiskey, Echo, Delta, Bravo, Golf, Foxtrot, Charlie} 
2024-10-14 23:32:19.825901 Whiskey: We would work well together
ChatterBot Echo reevaluating
ChatterBot Delta reevaluating
ChatterBot Bravo reevaluating
ChatterBot Charlie reevaluating
2024-10-14 23:32:19.838057 Echo: No
2024-10-14 23:32:19.838425 Delta: No
2024-10-14 23:32:19.839860 Bravo: No
2024-10-14 23:32:19.840274 Golf: No
2024-10-14 23:32:19.840639 Foxtrot: No
2024-10-14 23:32:19.840851 Charlie: No
ChatterBot Delta reevaluating
ChatterBot Bravo reevaluating
ChatterBot Charlie reevaluating
ChatterBot Echo reevaluating
ChatterBot Bravo reevaluating
ChatterBot Charlie reevaluating
ChatterBot Echo reevaluating
ChatterBot Delta reevaluating
ChatterBot Charlie reevaluating
ChatterBot Echo reevaluating
ChatterBot Delta reevaluating
ChatterBot Bravo reevaluating
ChatterBot Charlie reevaluating
ChatterBot Echo reevaluating
ChatterBot Delta reevaluating
ChatterBot Bravo reevaluating
ChatterBot Charlie reevaluating
ChatterBot Echo reevaluating
ChatterBot Delta reevaluating
ChatterBot Bravo reevaluating
2024-10-14 23:32:19.947857 Bravo: Foxtrot, sending you 2
2024-10-14 23:32:19.954043 Bravo: Tango, November, Delta and Quebec, sending you 1
2024-10-14 23:32:19.955532 Foxtrot: Tango and Bravo, sending you 1
2024-10-14 23:32:19.955978 Whiskey: Foxtrot and Bravo, sending you 4
2024-10-14 23:32:19.956530 Golf: November, Charlie, Echo and Delta, sending you 2
2024-10-14 23:32:19.957096 November: Tango and Echo, sending you 2
2024-10-14 23:32:19.958845 Echo: Tango and November, sending you 1
2024-10-14 23:32:19.959305 Quebec: Tango and Golf, sending you 3
2024-10-14 23:32:19.959804 Charlie: Tango, Echo and Delta, sending you 2
2024-10-14 23:32:19.961095 Tango: November, Golf and Quebec, sending you 2
2024-10-14 23:32:19.961554 Foxtrot: November, sending you 5
2024-10-14 23:32:19.961925 Whiskey: Charlie, sending you 1
2024-10-14 23:32:19.962355 Echo: Golf and Quebec, sending you 3
2024-10-14 23:32:19.963535 Quebec: November, Charlie and Delta, sending you 2
2024-10-14 23:32:19.964037 November: Charlie and Quebec, sending you 1
2024-10-14 23:32:19.966860 Whiskey: Echo and Golf, sending you 3
2024-10-14 23:32:19.968195 Charlie: November, sending you 3
2024-10-14 23:32:19.968571 Tango: Charlie, sending you 1
2024-10-14 23:32:19.968996 Delta: Tango and Charlie, sending you 2
2024-10-14 23:32:19.970572 Foxtrot: Delta, sending you 4
2024-10-14 23:32:19.970971 Quebec: Echo, sending you 4
2024-10-14 23:32:19.971454 November: Golf and Delta, sending you 3
2024-10-14 23:32:19.972379 Whiskey: Delta, sending you 2
2024-10-14 23:32:19.972866 Charlie: Golf and Quebec, sending you 1
2024-10-14 23:32:19.973355 Tango: Echo, sending you 3
2024-10-14 23:32:19.974514 Delta: Golf, sending you 3
2024-10-14 23:32:19.978680 Delta: Quebec, sending you 1
chatterbot November submitting transactions
chatterbot Golf submitting transactions
chatterbot Echo submitting transactions
chatterbot Quebec submitting transactions
chatterbot Whiskey submitting transactions
chatterbot Foxtrot submitting transactions
chatterbot Tango submitting transactions
chatterbot Bravo submitting transactions
chatterbot Delta submitting transactions
chatterbot Charlie submitting transactions
ChatterBot Foxtrot round 2
ChatterBot Tango round 2
ChatterBot November round 2
ChatterBot Bravo round 2
ChatterBot Charlie round 2
ChatterBot Echo round 2
ChatterBot Golf round 2
2024-10-14 23:32:21.215866 Bravo: We should group up
ChatterBot Foxtrot reevaluating
ChatterBot Whiskey reevaluating
2024-10-14 23:32:21.240982 Foxtrot: Yes
2024-10-14 23:32:21.241215 Whiskey: No
ChatterBot Whiskey reevaluating
ChatterBot Foxtrot reevaluating
ChatterBot Delta round 2
2024-10-14 23:32:21.275226 November: We should add Foxtrot
ChatterBot Golf reevaluating
ChatterBot Echo reevaluating
ChatterBot Tango reevaluating
ChatterBot Charlie reevaluating
ChatterBot Quebec reevaluating
ChatterBot Delta reevaluating
2024-10-14 23:32:21.303762 Golf: No
2024-10-14 23:32:21.303934 Echo: No
2024-10-14 23:32:21.304083 Tango: No
2024-10-14 23:32:21.304713 Charlie: No
2024-10-14 23:32:21.304821 Quebec: No
2024-10-14 23:32:21.304923 Delta: No
ChatterBot Echo reevaluating
ChatterBot Tango reevaluating
ChatterBot Charlie reevaluating
ChatterBot Quebec reevaluating
ChatterBot Delta reevaluating
ChatterBot Golf reevaluating
ChatterBot Tango reevaluating
ChatterBot Charlie reevaluating
ChatterBot Quebec reevaluating
ChatterBot Delta reevaluating
ChatterBot Golf reevaluating
ChatterBot Echo reevaluating
ChatterBot Charlie reevaluating
ChatterBot Quebec reevaluating
ChatterBot Delta reevaluating
ChatterBot Golf reevaluating
ChatterBot Echo reevaluating
ChatterBot Tango reevaluating
ChatterBot Quebec reevaluating
ChatterBot Delta reevaluating
ChatterBot Golf reevaluating
ChatterBot Echo reevaluating
ChatterBot Tango reevaluating
ChatterBot Charlie reevaluating
ChatterBot Delta reevaluating
ChatterBot Golf reevaluating
ChatterBot Echo reevaluating
ChatterBot Tango reevaluating
ChatterBot Charlie reevaluating
ChatterBot Quebec reevaluating
ChatterBot November reevaluating
ChatterBot Quebec round 2
ChatterBot Whiskey round 2
2024-10-14 23:32:21.599936 November: We should add Bravo
ChatterBot Golf reevaluating
ChatterBot Echo reevaluating
ChatterBot Tango reevaluating
ChatterBot Charlie reevaluating
ChatterBot Quebec reevaluating
ChatterBot Delta reevaluating
2024-10-14 23:32:21.621076 Golf: No
2024-10-14 23:32:21.621358 Echo: No
2024-10-14 23:32:21.621549 Tango: No
2024-10-14 23:32:21.621732 Charlie: No
2024-10-14 23:32:21.621892 Quebec: No
2024-10-14 23:32:21.622072 Delta: No
ChatterBot Echo reevaluating
ChatterBot Tango reevaluating
ChatterBot Charlie reevaluating
ChatterBot Quebec reevaluating
ChatterBot November reevaluating
ChatterBot Delta reevaluating
ChatterBot Golf reevaluating
ChatterBot Tango reevaluating
ChatterBot Charlie reevaluating
ChatterBot Quebec reevaluating
ChatterBot November reevaluating
ChatterBot Delta reevaluating
ChatterBot Golf reevaluating
ChatterBot Echo reevaluating
ChatterBot Charlie reevaluating
ChatterBot Quebec reevaluating
ChatterBot November reevaluating
ChatterBot Delta reevaluating
ChatterBot Golf reevaluating
ChatterBot Echo reevaluating
ChatterBot Tango reevaluating
ChatterBot Quebec reevaluating
ChatterBot November reevaluating
ChatterBot Delta reevaluating
ChatterBot Golf reevaluating
ChatterBot Echo reevaluating
ChatterBot Tango reevaluating
ChatterBot Charlie reevaluating
ChatterBot November reevaluating
ChatterBot Delta reevaluating
ChatterBot Golf reevaluating
ChatterBot Echo reevaluating
ChatterBot Tango reevaluating
ChatterBot Charlie reevaluating
ChatterBot Quebec reevaluating
ChatterBot November reevaluating
2024-10-14 23:32:21.756856 Whiskey: We should group up
2024-10-14 23:32:21.767700 Bravo: Yes
2024-10-14 23:32:21.769069 Foxtrot: Yes
2024-10-14 23:32:21.783177 Tango: We should drop Delta
ChatterBot November reevaluating
2024-10-14 23:32:21.798803 November: No
2024-10-14 23:32:21.799563 Charlie: No
2024-10-14 23:32:21.799713 Echo: No
2024-10-14 23:32:21.799828 Golf: No
2024-10-14 23:32:21.799937 Quebec: No
ChatterBot November reevaluating
ChatterBot November reevaluating
ChatterBot November reevaluating
ChatterBot November reevaluating
2024-10-14 23:32:21.870522 Bravo: Foxtrot, sending you 1
2024-10-14 23:32:21.870788 Foxtrot: Bravo, sending you 4
chatterbot Foxtrot submitting transactions
2024-10-14 23:32:22.063757 Bravo: Whiskey, sending you 2
2024-10-14 23:32:22.064065 Foxtrot: Whiskey, sending you 7
2024-10-14 23:32:22.064336 Golf: November, Echo, Delta and Quebec, sending you 2
2024-10-14 23:32:22.065374 Delta: Tango, Echo, Golf and Quebec, sending you 1
2024-10-14 23:32:22.065991 Charlie: Tango and November, sending you 1
2024-10-14 23:32:22.066987 Echo: Tango, November and Charlie, sending you 2
2024-10-14 23:32:22.068064 November: Foxtrot we want you to join our group
2024-10-14 23:32:22.072591 Foxtrot: No
ChatterBot November reevaluating
2024-10-14 23:32:22.104312 Charlie: Golf, Delta and Quebec, sending you 3
2024-10-14 23:32:22.105012 Delta: November and Charlie, sending you 2
2024-10-14 23:32:22.106200 Echo: Golf, sending you 1
2024-10-14 23:32:22.106749 Tango: November, Charlie and Quebec, sending you 3
chatterbot Bravo submitting transactions
2024-10-14 23:32:22.107669 Whiskey: Foxtrot, sending you 9
2024-10-14 23:32:22.107947 Quebec: Echo, sending you 1
2024-10-14 23:32:22.249043 Echo: Quebec, sending you 3
2024-10-14 23:32:22.249659 Tango: Echo, sending you 1
2024-10-14 23:32:22.250478 Whiskey: Bravo, sending you 8
chatterbot Tango submitting transactions
chatterbot Charlie submitting transactions
2024-10-14 23:32:22.317332 November: Tango, Charlie, Golf and Quebec, sending you 3
chatterbot Golf submitting transactions
chatterbot Echo submitting transactions
chatterbot Whiskey submitting transactions
chatterbot Whiskey submitting transactions
chatterbot Delta submitting transactions
chatterbot November submitting transactions
chatterbot Quebec submitting transactions
ChatterBot Foxtrot round 3
ChatterBot Tango round 3
ChatterBot November round 3
2024-10-14 23:32:23.157516 Tango: We should replace Golf with Delta
ChatterBot November reevaluating
2024-10-14 23:32:23.170961 November: No
2024-10-14 23:32:23.171119 Charlie: No
2024-10-14 23:32:23.171228 Echo: No
2024-10-14 23:32:23.171919 Quebec: No
ChatterBot November reevaluating
ChatterBot Tango reevaluating
ChatterBot November reevaluating
ChatterBot Tango reevaluating
ChatterBot November reevaluating
ChatterBot Bravo round 3
ChatterBot Charlie round 3
ChatterBot Echo round 3
ChatterBot Golf round 3
ChatterBot Delta round 3
ChatterBot Quebec round 3
ChatterBot Whiskey round 3
2024-10-14 23:32:23.280312 Tango: Delta we want you to join our group
2024-10-14 23:32:23.285870 Delta: Yes
ChatterBot Tango reevaluating
2024-10-14 23:32:23.312731 Golf: We should drop Tango
2024-10-14 23:32:23.337564 November: No
2024-10-14 23:32:23.338291 Charlie: No
2024-10-14 23:32:23.338426 Delta: No
2024-10-14 23:32:23.338530 Echo: No
2024-10-14 23:32:23.338647 Quebec: No
ChatterBot Quebec reevaluating
ChatterBot Golf reevaluating
ChatterBot Quebec reevaluating
ChatterBot Golf reevaluating
ChatterBot Quebec reevaluating
ChatterBot Golf reevaluating
2024-10-14 23:32:23.469841 Foxtrot: Bravo, sending you 2
2024-10-14 23:32:23.470293 Whiskey: I was attacked by Quebec
ChatterBot Bravo reevaluating
ChatterBot Foxtrot reevaluating
2024-10-14 23:32:23.486573 Whiskey: I'm keeping this round to protect myself
2024-10-14 23:32:23.488035 Whiskey: Ow
2024-10-14 23:32:23.488383 November: Tango and Golf, sending you 3
2024-10-14 23:32:23.488988 Charlie: Tango and Delta, sending you 2
2024-10-14 23:32:23.493378 Delta: Tango, November, Echo, Golf and Quebec, sending you 1
2024-10-14 23:32:23.493970 November: Charlie, Echo and Delta, sending you 2
2024-10-14 23:32:23.495069 Echo: Tango and Golf, sending you 2
2024-10-14 23:32:23.495752 Charlie: November, sending you 4
2024-10-14 23:32:23.508798 Delta: Charlie, sending you 3
2024-10-14 23:32:23.509249 November: Quebec, sending you 1
2024-10-14 23:32:23.509648 Echo: November, Charlie and Delta, sending you 1
2024-10-14 23:32:23.510475 Charlie: Echo, Golf and Quebec, sending you 1
2024-10-14 23:32:23.510859 Tango: November, sending you 3
2024-10-14 23:32:23.515445 Echo: Quebec, sending you 3
2024-10-14 23:32:23.525283 Tango: Charlie, Echo, Delta and Quebec, sending you 2
2024-10-14 23:32:23.525749 Bravo: Sending you each 2
chatterbot Delta submitting transactions
chatterbot Echo submitting transactions
chatterbot Quebec submitting transactions
chatterbot Bravo submitting transactions
chatterbot Whiskey submitting transactions
chatterbot Charlie submitting transactions
chatterbot Golf submitting transactions
chatterbot Tango submitting transactions
chatterbot November submitting transactions
chatterbot Foxtrot submitting transactions
ChatterBot Foxtrot round 4
ChatterBot Tango round 4
ChatterBot November round 4
ChatterBot Bravo round 4
ChatterBot Charlie round 4
ChatterBot Echo round 4
ChatterBot Golf round 4
ChatterBot Delta round 4
ChatterBot Quebec round 4
ChatterBot Whiskey round 4
2024-10-14 23:32:24.976904 Golf: We should drop Quebec
2024-10-14 23:32:24.995736 Tango: No
2024-10-14 23:32:24.995949 November: No
2024-10-14 23:32:24.996095 Charlie: No
2024-10-14 23:32:24.996224 Echo: No
2024-10-14 23:32:24.996401 Delta: No
ChatterBot Golf reevaluating
ChatterBot Golf reevaluating
ChatterBot Golf reevaluating
ChatterBot Golf reevaluating
ChatterBot Golf reevaluating
ChatterBot Charlie reevaluating
2024-10-14 23:32:25.101928 Tango: November and Quebec, sending you 3
2024-10-14 23:32:25.104652 Echo: Tango and Golf, sending you 2
2024-10-14 23:32:25.105832 Tango: Charlie and Echo, sending you 2
2024-10-14 23:32:25.106383 Bravo: Same as last round
2024-10-14 23:32:25.106782 November: Tango and Charlie, sending you 3
2024-10-14 23:32:25.107837 Foxtrot: Bravo, sending you 4
2024-10-14 23:32:25.108736 Echo: November, Charlie and Delta, sending you 1
2024-10-14 23:32:25.110025 Tango: Delta, sending you 1
2024-10-14 23:32:25.110931 Charlie: We should drop Golf
ChatterBot Quebec reevaluating
2024-10-14 23:32:25.126693 Tango: Yes
2024-10-14 23:32:25.126859 November: No
2024-10-14 23:32:25.126986 Delta: No
2024-10-14 23:32:25.127106 Echo: No
2024-10-14 23:32:25.127219 Quebec: Yes
ChatterBot Charlie reevaluating
ChatterBot Quebec reevaluating
ChatterBot Charlie reevaluating
ChatterBot Quebec reevaluating
ChatterBot Charlie reevaluating
ChatterBot Quebec reevaluating
ChatterBot Charlie reevaluating
ChatterBot Quebec reevaluating
ChatterBot November reevaluating
ChatterBot Charlie reevaluating
2024-10-14 23:32:25.196515 Foxtrot: Whiskey, sending you 7
2024-10-14 23:32:25.196844 Echo: Quebec, sending you 3
2024-10-14 23:32:25.199680 Golf: November, sending you 3
2024-10-14 23:32:25.200934 Delta: Tango, November, Echo and Quebec, sending you 1
2024-10-14 23:32:25.202713 Golf: Charlie and Echo, sending you 2
2024-10-14 23:32:25.203709 Delta: Charlie and Golf, sending you 2
2024-10-14 23:32:25.207667 Golf: Quebec, sending you 1
2024-10-14 23:32:25.236688 Charlie: Tango, November and Quebec, sending you 2
2024-10-14 23:32:25.241652 Charlie: Echo, sending you 1
2024-10-14 23:32:25.245651 Charlie: Delta, sending you 4
chatterbot Whiskey submitting transactions
chatterbot Bravo submitting transactions
chatterbot Delta submitting transactions
chatterbot Tango submitting transactions
chatterbot Foxtrot submitting transactions
chatterbot Golf submitting transactions
chatterbot November submitting transactions
chatterbot Quebec submitting transactions
chatterbot Charlie submitting transactions
chatterbot Echo submitting transactions
ChatterBot Foxtrot round 5
ChatterBot Tango round 5
ChatterBot November round 5
ChatterBot Bravo round 5
ChatterBot Charlie round 5
ChatterBot Echo round 5
ChatterBot Golf round 5
ChatterBot Delta round 5
ChatterBot Quebec round 5
ChatterBot Whiskey round 5
2024-10-14 23:32:26.248137 Golf: We should replace Tango with Delta
ChatterBot November reevaluating
ChatterBot Charlie reevaluating
ChatterBot Quebec reevaluating
2024-10-14 23:32:26.272514 November: No
2024-10-14 23:32:26.272715 Charlie: No
2024-10-14 23:32:26.272896 Echo: No
2024-10-14 23:32:26.273053 Quebec: No
ChatterBot Charlie reevaluating
ChatterBot Quebec reevaluating
ChatterBot November reevaluating
ChatterBot Quebec reevaluating
ChatterBot November reevaluating
ChatterBot Charlie reevaluating
ChatterBot Quebec reevaluating
ChatterBot November reevaluating
ChatterBot Charlie reevaluating
2024-10-14 23:32:26.368491 Quebec: We should add Golf
ChatterBot November reevaluating
ChatterBot Charlie reevaluating
2024-10-14 23:32:26.398031 Tango: No
2024-10-14 23:32:26.398287 November: Yes
2024-10-14 23:32:26.398460 Charlie: Yes
2024-10-14 23:32:26.398626 Delta: Yes
2024-10-14 23:32:26.398801 Echo: Yes
ChatterBot November reevaluating
ChatterBot Charlie reevaluating
ChatterBot Quebec reevaluating
ChatterBot Charlie reevaluating
ChatterBot Quebec reevaluating
ChatterBot November reevaluating
ChatterBot Quebec reevaluating
ChatterBot November reevaluating
ChatterBot Charlie reevaluating
ChatterBot Quebec reevaluating
ChatterBot November reevaluating
ChatterBot Charlie reevaluating
ChatterBot Quebec reevaluating
2024-10-14 23:32:26.516741 Golf: Delta we want you to join our group
2024-10-14 23:32:26.520360 Delta: Yes
ChatterBot November reevaluating
ChatterBot Charlie reevaluating
ChatterBot Quebec reevaluating
2024-10-14 23:32:26.543720 November: Golf we want you to join our group
2024-10-14 23:32:26.548178 Golf: No
ChatterBot November reevaluating
2024-10-14 23:32:26.568042 Echo: Tango and Golf, sending you 2
2024-10-14 23:32:26.568965 Charlie: Golf we want you to join our group
2024-10-14 23:32:26.572642 Golf: No
ChatterBot November reevaluating
2024-10-14 23:32:26.593923 Foxtrot: Bravo, sending you 5
2024-10-14 23:32:26.594676 Tango: November and Quebec, sending you 3
2024-10-14 23:32:26.595041 Bravo: Same as last round
2024-10-14 23:32:26.595343 Quebec: Golf we want you to join our group
2024-10-14 23:32:26.599328 Golf: No
ChatterBot November reevaluating
2024-10-14 23:32:26.621607 Echo: November, Charlie and Delta, sending you 1
2024-10-14 23:32:26.623089 Foxtrot: Whiskey, sending you 6
2024-10-14 23:32:26.623395 Tango: Charlie and Echo, sending you 2
chatterbot Echo submitting transactions
2024-10-14 23:32:26.624907 Delta: Tango, November, Echo and Golf, sending you 1
2024-10-14 23:32:26.625864 Golf: November, Echo and Delta, sending you 2
2024-10-14 23:32:26.626808 Whiskey: Foxtrot, sending you 10
2024-10-14 23:32:26.627238 Echo: Quebec, sending you 3
2024-10-14 23:32:26.628498 Tango: Delta, sending you 1
2024-10-14 23:32:26.629884 Delta: Charlie and Quebec, sending you 2
2024-10-14 23:32:26.630751 Whiskey: Bravo, sending you 4
2024-10-14 23:32:26.631741 Golf: Charlie and Quebec, sending you 1
2024-10-14 23:32:26.640704 Charlie: Tango, November, Golf, Delta and Quebec, sending you 2
2024-10-14 23:32:26.647187 Charlie: Echo, sending you 1
chatterbot Quebec submitting transactions
chatterbot Golf submitting transactions
chatterbot Foxtrot submitting transactions
chatterbot Bravo submitting transactions
chatterbot Tango submitting transactions
chatterbot November submitting transactions
chatterbot Charlie submitting transactions
chatterbot Delta submitting transactions
chatterbot Whiskey submitting transactions
ChatterBot Foxtrot round 6
ChatterBot Tango round 6
ChatterBot November round 6
ChatterBot Bravo round 6
ChatterBot Charlie round 6
ChatterBot Echo round 6
ChatterBot Golf round 6
ChatterBot Delta round 6
ChatterBot Quebec round 6
ChatterBot Whiskey round 6
2024-10-14 23:32:27.819277 November: We should add Golf
2024-10-14 23:32:27.846569 Tango: No
2024-10-14 23:32:27.847432 Charlie: Yes
2024-10-14 23:32:27.847603 Delta: Yes
2024-10-14 23:32:27.847788 Echo: Yes
2024-10-14 23:32:27.847953 Quebec: Yes
ChatterBot Tango reevaluating
ChatterBot Tango reevaluating
ChatterBot Tango reevaluating
ChatterBot Tango reevaluating
2024-10-14 23:32:28.150154 November: Golf we want you to join our group
2024-10-14 23:32:28.157840 Golf: No
ChatterBot Tango reevaluating
2024-10-14 23:32:28.192764 Tango: We should replace Delta with Golf
2024-10-14 23:32:28.215064 November: No
2024-10-14 23:32:28.215404 Charlie: No
2024-10-14 23:32:28.215698 Echo: No
2024-10-14 23:32:28.215889 Quebec: No
ChatterBot Tango reevaluating
ChatterBot Tango reevaluating
ChatterBot Tango reevaluating
ChatterBot Tango reevaluating
2024-10-14 23:32:28.309168 Quebec: Golf we want you to join our group
2024-10-14 23:32:28.315443 Golf: No
ChatterBot Tango reevaluating
2024-10-14 23:32:28.347863 Foxtrot: Bravo, sending you 4
2024-10-14 23:32:28.348801 Bravo: Same as last round
2024-10-14 23:32:28.352153 Charlie: Tango, Delta and Quebec, sending you 2
2024-10-14 23:32:28.353920 Foxtrot: Whiskey, sending you 7
2024-10-14 23:32:28.354366 Golf: November, Echo and Delta, sending you 2
2024-10-14 23:32:28.355130 Delta: Tango, November, Echo and Golf, sending you 1
2024-10-14 23:32:28.356845 Echo: Tango and Golf, sending you 2
2024-10-14 23:32:28.358242 Charlie: November, sending you 3
2024-10-14 23:32:28.358907 Golf: Charlie and Quebec, sending you 1
2024-10-14 23:32:28.360702 Delta: Charlie and Quebec, sending you 2
2024-10-14 23:32:28.361985 Echo: November, Charlie and Delta, sending you 1
2024-10-14 23:32:28.362763 Whiskey: Foxtrot, sending you 12
2024-10-14 23:32:28.363091 Charlie: Echo and Golf, sending you 1
2024-10-14 23:32:28.365684 Whiskey: Bravo, sending you 5
2024-10-14 23:32:28.367682 Echo: Quebec, sending you 3
2024-10-14 23:32:28.375676 Tango: November and Quebec, sending you 3
2024-10-14 23:32:28.380676 Tango: Charlie and Echo, sending you 2
2024-10-14 23:32:28.383656 Tango: Delta, sending you 1
chatterbot Quebec submitting transactions
chatterbot November submitting transactions
chatterbot Golf submitting transactions
chatterbot Foxtrot submitting transactions
chatterbot Bravo submitting transactions
chatterbot Whiskey submitting transactions
chatterbot Charlie submitting transactions
chatterbot Echo submitting transactions
chatterbot Delta submitting transactions
chatterbot Tango submitting transactions
ChatterBot Foxtrot round 7
ChatterBot Tango round 7
ChatterBot November round 7
ChatterBot Bravo round 7
ChatterBot Charlie round 7
ChatterBot Echo round 7
ChatterBot Golf round 7
ChatterBot Delta round 7
ChatterBot Quebec round 7
2024-10-14 23:32:29.420753 Tango: We should replace Delta with Golf
2024-10-14 23:32:29.476137 November: No
2024-10-14 23:32:29.477142 Charlie: No
2024-10-14 23:32:29.477624 Echo: No
2024-10-14 23:32:29.477849 Quebec: No
ChatterBot Tango reevaluating
ChatterBot Tango reevaluating
ChatterBot Tango reevaluating
ChatterBot Tango reevaluating
2024-10-14 23:32:29.566957 November: We should add Golf
ChatterBot Tango reevaluating
2024-10-14 23:32:29.593064 Tango: No
2024-10-14 23:32:29.593328 Charlie: Yes
2024-10-14 23:32:29.593752 Delta: Yes
2024-10-14 23:32:29.594207 Echo: Yes
2024-10-14 23:32:29.595214 Quebec: Yes
ChatterBot Tango reevaluating
ChatterBot Tango reevaluating
ChatterBot Tango reevaluating
ChatterBot Tango reevaluating
ChatterBot Whiskey round 7
2024-10-14 23:32:29.716 November: Golf we want you to join our group
2024-10-14 23:32:29.725157 Golf: No
ChatterBot Tango reevaluating
2024-10-14 23:32:29.768145 Quebec: Golf we want you to join our group
2024-10-14 23:32:29.775392 Golf: No
ChatterBot Tango reevaluating
2024-10-14 23:32:29.813708 Foxtrot: Bravo, sending you 3
2024-10-14 23:32:29.815146 Bravo: Foxtrot, sending you 1
2024-10-14 23:32:29.818755 Foxtrot: Whiskey, sending you 8
2024-10-14 23:32:29.826683 Echo: Tango and Golf, sending you 2
2024-10-14 23:32:29.828194 Delta: Tango, November, Echo and Golf, sending you 1
2024-10-14 23:32:29.829686 Charlie: Tango, November and Delta, sending you 2
2024-10-14 23:32:29.831828 Whiskey: Foxtrot, sending you 12
2024-10-14 23:32:29.832731 Golf: November, sending you 3
2024-10-14 23:32:29.833474 Delta: Charlie and Quebec, sending you 2
2024-10-14 23:32:29.835265 Echo: November, Charlie and Delta, sending you 1
2024-10-14 23:32:29.836956 Charlie: Echo and Golf, sending you 1
2024-10-14 23:32:29.839690 Whiskey: Bravo, sending you 5
2024-10-14 23:32:29.840220 Golf: Charlie, Delta and Quebec, sending you 1
2024-10-14 23:32:29.841840 Echo: Quebec, sending you 3
2024-10-14 23:32:29.843873 Charlie: Quebec, sending you 3
2024-10-14 23:32:29.845883 Tango: November and Quebec, sending you 3
2024-10-14 23:32:29.846791 Golf: Echo, sending you 2
2024-10-14 23:32:29.850681 Tango: Charlie and Echo, sending you 2
2024-10-14 23:32:29.857257 Tango: Delta, sending you 1
chatterbot November submitting transactions
chatterbot Echo submitting transactions
chatterbot Quebec submitting transactions
chatterbot Foxtrot submitting transactions
chatterbot Charlie submitting transactions
chatterbot Bravo submitting transactions
chatterbot Golf submitting transactions
chatterbot Delta submitting transactions
chatterbot Whiskey submitting transactions
chatterbot Tango submitting transactions
ChatterBot Foxtrot round 8
ChatterBot Tango round 8
ChatterBot November round 8
ChatterBot Bravo round 8
ChatterBot Charlie round 8
ChatterBot Echo round 8
ChatterBot Golf round 8
ChatterBot Delta round 8
ChatterBot Quebec round 8
ChatterBot Whiskey round 8
2024-10-14 23:32:30.858462 November: We should add Golf
ChatterBot Tango reevaluating
2024-10-14 23:32:30.876681 Tango: Yes
2024-10-14 23:32:30.876882 Charlie: Yes
2024-10-14 23:32:30.877116 Delta: Yes
2024-10-14 23:32:30.877422 Echo: Yes
2024-10-14 23:32:30.877578 Quebec: Yes
ChatterBot Tango reevaluating
ChatterBot Tango reevaluating
ChatterBot Tango reevaluating
ChatterBot Tango reevaluating
2024-10-14 23:32:30.961701 November: Golf we want you to join our group
ChatterBot Golf reevaluating
2024-10-14 23:32:30.968150 Golf: No
ChatterBot Tango reevaluating
2024-10-14 23:32:30.989905 Golf: We should replace Charlie with Tango
2024-10-14 23:32:31.001475 November: No
2024-10-14 23:32:31.001656 Echo: No
2024-10-14 23:32:31.001803 Delta: No
2024-10-14 23:32:31.001958 Quebec: No
ChatterBot Golf reevaluating
ChatterBot Golf reevaluating
ChatterBot Golf reevaluating
ChatterBot Golf reevaluating
2024-10-14 23:32:31.049532 Quebec: Golf we want you to join our group
ChatterBot Golf reevaluating
2024-10-14 23:32:31.053766 Golf: No
ChatterBot Tango reevaluating
2024-10-14 23:32:31.070519 Tango: We should replace Delta with Golf
2024-10-14 23:32:31.081191 November: No
2024-10-14 23:32:31.081342 Charlie: No
2024-10-14 23:32:31.081456 Echo: No
2024-10-14 23:32:31.081553 Quebec: No
ChatterBot Tango reevaluating
ChatterBot Tango reevaluating
ChatterBot Tango reevaluating
ChatterBot Tango reevaluating
2024-10-14 23:32:31.154701 Bravo: Sending you each 2
2024-10-14 23:32:31.155281 Charlie: Tango, November and Delta, sending you 2
2024-10-14 23:32:31.157762 Foxtrot: Bravo, sending you 3
2024-10-14 23:32:31.158231 Delta: Tango, November, Echo and Golf, sending you 1
2024-10-14 23:32:31.160499 Echo: Tango and Golf, sending you 2
2024-10-14 23:32:31.162760 Tango: Golf we want you to join our group
ChatterBot Golf reevaluating
2024-10-14 23:32:31.169 Golf: No
ChatterBot Tango reevaluating
2024-10-14 23:32:31.187078 Charlie: Echo and Golf, sending you 1
2024-10-14 23:32:31.188448 Foxtrot: Whiskey, sending you 8
2024-10-14 23:32:31.188880 Delta: Charlie and Quebec, sending you 2
2024-10-14 23:32:31.189949 Whiskey: Foxtrot, sending you 13
2024-10-14 23:32:31.190300 Echo: November, Charlie and Delta, sending you 1
chatterbot Delta submitting transactions
2024-10-14 23:32:31.191691 Charlie: Quebec, sending you 3
2024-10-14 23:32:31.194681 Whiskey: Bravo, sending you 4
2024-10-14 23:32:31.195697 Echo: Quebec, sending you 3
2024-10-14 23:32:31.203668 Tango: November and Quebec, sending you 3
2024-10-14 23:32:31.204684 Golf: November, sending you 3
2024-10-14 23:32:31.206666 Tango: Charlie and Echo, sending you 2
2024-10-14 23:32:31.208670 Golf: Charlie, Delta and Quebec, sending you 1
2024-10-14 23:32:31.209687 Tango: Delta, sending you 1
2024-10-14 23:32:31.211670 Golf: Echo, sending you 2
chatterbot Bravo submitting transactions
chatterbot Foxtrot submitting transactions
chatterbot Whiskey submitting transactions
chatterbot Charlie submitting transactions
chatterbot November submitting transactions
chatterbot Quebec submitting transactions
chatterbot Echo submitting transactions
chatterbot Golf submitting transactions
chatterbot Tango submitting transactions
ChatterBot Foxtrot round 9
ChatterBot Tango round 9
ChatterBot November round 9
ChatterBot Bravo round 9
ChatterBot Charlie round 9
ChatterBot Echo round 9
ChatterBot Golf round 9
ChatterBot Delta round 9
ChatterBot Quebec round 9
ChatterBot Whiskey round 9
2024-10-14 23:32:32.305888 November: We should add Golf
2024-10-14 23:32:32.328052 Tango: No
2024-10-14 23:32:32.328379 Charlie: Yes
2024-10-14 23:32:32.328636 Delta: Yes
2024-10-14 23:32:32.329107 Echo: Yes
2024-10-14 23:32:32.329924 Quebec: Yes
ChatterBot Tango reevaluating
ChatterBot Tango reevaluating
ChatterBot Tango reevaluating
2024-10-14 23:32:32.440276 November: Golf we want you to join our group
2024-10-14 23:32:32.444072 Golf: No
ChatterBot Tango reevaluating
2024-10-14 23:32:32.460669 Quebec: Golf we want you to join our group
2024-10-14 23:32:32.464308 Golf: No
2024-10-14 23:32:32.481311 Bravo: Same as last round
2024-10-14 23:32:32.482254 Foxtrot: Bravo, sending you 3
2024-10-14 23:32:32.485696 Foxtrot: Whiskey, sending you 8
2024-10-14 23:32:32.486107 Foxtrot: I was attacked by Quebec
ChatterBot Bravo reevaluating
ChatterBot Whiskey reevaluating
2024-10-14 23:32:32.494527 Foxtrot: Ow
2024-10-14 23:32:32.495443 Delta: Tango, November, Echo and Golf, sending you 1
2024-10-14 23:32:32.496896 Charlie: Tango, Delta and Quebec, sending you 2
2024-10-14 23:32:32.497713 Golf: November, sending you 3
2024-10-14 23:32:32.499701 Delta: Charlie and Quebec, sending you 2
2024-10-14 23:32:32.501697 Golf: Charlie, Delta and Quebec, sending you 1
2024-10-14 23:32:32.502728 Charlie: November, sending you 3
2024-10-14 23:32:32.504686 Golf: Echo, sending you 2
2024-10-14 23:32:32.505948 Tango: November, sending you 3
2024-10-14 23:32:32.508677 Charlie: Echo and Golf, sending you 1
2024-10-14 23:32:32.510157 Tango: Charlie, Echo and Quebec, sending you 2
2024-10-14 23:32:32.515659 Tango: Delta, sending you 1
chatterbot Tango submitting transactions
chatterbot Foxtrot submitting transactions
chatterbot Echo submitting transactions
chatterbot Delta submitting transactions
chatterbot Quebec submitting transactions
chatterbot November submitting transactions
chatterbot Bravo submitting transactions
chatterbot Golf submitting transactions
chatterbot Charlie submitting transactions
chatterbot Whiskey submitting transactions
ChatterBot Foxtrot round 10
ChatterBot Tango round 10
ChatterBot November round 10
ChatterBot Bravo round 10
ChatterBot Charlie round 10
ChatterBot Echo round 10
ChatterBot Golf round 10
ChatterBot Delta round 10
ChatterBot Quebec round 10
ChatterBot Whiskey round 10
2024-10-14 23:32:33.766491 November: We should add Golf
ChatterBot Tango reevaluating
ChatterBot Quebec reevaluating
2024-10-14 23:32:33.793855 Tango: Yes
2024-10-14 23:32:33.794231 Charlie: Yes
2024-10-14 23:32:33.794632 Delta: Yes
2024-10-14 23:32:33.795663 Echo: Yes
2024-10-14 23:32:33.796072 Quebec: Yes
ChatterBot Quebec reevaluating
ChatterBot Tango reevaluating
ChatterBot Quebec reevaluating
ChatterBot Tango reevaluating
ChatterBot Quebec reevaluating
ChatterBot Tango reevaluating
ChatterBot Quebec reevaluating
ChatterBot Tango reevaluating
2024-10-14 23:32:33.918144 November: Golf we want you to join our group
ChatterBot Golf reevaluating
2024-10-14 23:32:33.923738 Golf: No
ChatterBot Tango reevaluating
ChatterBot Quebec reevaluating
2024-10-14 23:32:33.946114 Golf: We should replace Echo with Tango
ChatterBot Quebec reevaluating
2024-10-14 23:32:33.959166 November: No
2024-10-14 23:32:33.959289 Charlie: No
2024-10-14 23:32:33.959406 Delta: No
2024-10-14 23:32:33.959510 Quebec: No
ChatterBot Golf reevaluating
ChatterBot Quebec reevaluating
ChatterBot Golf reevaluating
ChatterBot Quebec reevaluating
ChatterBot Golf reevaluating
ChatterBot Quebec reevaluating
ChatterBot Golf reevaluating
2024-10-14 23:32:34.013761 Tango: We should replace Echo with Golf
ChatterBot Charlie reevaluating
ChatterBot Quebec reevaluating
2024-10-14 23:32:34.027339 November: No
2024-10-14 23:32:34.027480 Charlie: Yes
2024-10-14 23:32:34.027583 Delta: No
2024-10-14 23:32:34.027690 Quebec: No
ChatterBot Tango reevaluating
ChatterBot Charlie reevaluating
ChatterBot Quebec reevaluating
ChatterBot Tango reevaluating
ChatterBot Quebec reevaluating
ChatterBot Tango reevaluating
ChatterBot Charlie reevaluating
ChatterBot Quebec reevaluating
ChatterBot Tango reevaluating
ChatterBot Charlie reevaluating
2024-10-14 23:32:34.082727 Foxtrot: Bravo, sending you 2
2024-10-14 23:32:34.083175 Delta: Tango, November, Echo and Golf, sending you 1
2024-10-14 23:32:34.084416 Quebec: Golf we want you to join our group
ChatterBot Golf reevaluating
2024-10-14 23:32:34.091688 Golf: No
ChatterBot Tango reevaluating
2024-10-14 23:32:34.122241 Foxtrot: Whiskey, sending you 5
2024-10-14 23:32:34.122682 Delta: Charlie and Quebec, sending you 2
2024-10-14 23:32:34.125683 Echo: Tango and Golf, sending you 2
2024-10-14 23:32:34.128672 Bravo: Foxtrot, sending you 2
2024-10-14 23:32:34.130689 Echo: November, Charlie and Delta, sending you 1
2024-10-14 23:32:34.133681 Bravo: Whiskey, sending you 1
2024-10-14 23:32:34.134896 Charlie: Tango, Delta and Quebec, sending you 2
2024-10-14 23:32:34.135917 Echo: Quebec, sending you 3
2024-10-14 23:32:34.138674 Charlie: November, sending you 3
2024-10-14 23:32:34.140361 Golf: November, sending you 3
2024-10-14 23:32:34.141589 Tango: November and Quebec, sending you 3
2024-10-14 23:32:34.143662 Charlie: Echo and Golf, sending you 1
2024-10-14 23:32:34.145657 Golf: Charlie, Delta and Quebec, sending you 1
2024-10-14 23:32:34.146705 Tango: Charlie and Echo, sending you 2
2024-10-14 23:32:34.149899 Golf: Echo, sending you 2
2024-10-14 23:32:34.151671 Tango: Delta, sending you 1
chatterbot Delta submitting transactions
chatterbot Echo submitting transactions
chatterbot Foxtrot submitting transactions
chatterbot Charlie submitting transactions
chatterbot Quebec submitting transactions
chatterbot Tango submitting transactions
chatterbot Bravo submitting transactions
chatterbot Whiskey submitting transactions
chatterbot November submitting transactions
chatterbot Golf submitting transactions
ChatterBot Foxtrot round 11
ChatterBot Tango round 11
ChatterBot November round 11
ChatterBot Bravo round 11
ChatterBot Charlie round 11
ChatterBot Echo round 11
ChatterBot Golf round 11
ChatterBot Delta round 11
ChatterBot Quebec round 11
ChatterBot Whiskey round 11
2024-10-14 23:32:35.300673 November: We should add Golf
ChatterBot Quebec reevaluating
2024-10-14 23:32:35.324532 Tango: No
2024-10-14 23:32:35.324994 Charlie: Yes
2024-10-14 23:32:35.326231 Delta: Yes
2024-10-14 23:32:35.326589 Echo: Yes
2024-10-14 23:32:35.326990 Quebec: Yes
ChatterBot Charlie reevaluating
ChatterBot Quebec reevaluating
ChatterBot Tango reevaluating
ChatterBot Quebec reevaluating
ChatterBot Tango reevaluating
ChatterBot Charlie reevaluating
ChatterBot Quebec reevaluating
ChatterBot Tango reevaluating
ChatterBot Charlie reevaluating
ChatterBot Quebec reevaluating
ChatterBot Tango reevaluating
ChatterBot Charlie reevaluating
2024-10-14 23:32:35.507223 Tango: We should replace Delta with Golf
ChatterBot Charlie reevaluating
ChatterBot Quebec reevaluating
2024-10-14 23:32:35.534089 November: No
2024-10-14 23:32:35.534602 Charlie: No
2024-10-14 23:32:35.534853 Echo: No
2024-10-14 23:32:35.535206 Quebec: No
ChatterBot Tango reevaluating
ChatterBot Charlie reevaluating
ChatterBot Quebec reevaluating
ChatterBot Tango reevaluating
ChatterBot Quebec reevaluating
ChatterBot Tango reevaluating
ChatterBot Charlie reevaluating
ChatterBot Quebec reevaluating
ChatterBot Tango reevaluating
ChatterBot Charlie reevaluating
2024-10-14 23:32:35.697720 November: Golf we want you to join our group
2024-10-14 23:32:35.707709 Golf: No
ChatterBot Tango reevaluating
ChatterBot Charlie reevaluating
ChatterBot Quebec reevaluating
2024-10-14 23:32:35.736668 Bravo: Foxtrot, sending you 2
2024-10-14 23:32:35.739677 Bravo: Whiskey, sending you 1
2024-10-14 23:32:35.741669 Quebec: Golf we want you to join our group
2024-10-14 23:32:35.747152 Golf: No
ChatterBot Tango reevaluating
2024-10-14 23:32:35.771248 Tango: We should replace Echo with Golf
2024-10-14 23:32:35.788017 November: No
2024-10-14 23:32:35.788252 Charlie: No
2024-10-14 23:32:35.788391 Delta: No
2024-10-14 23:32:35.788526 Quebec: No
ChatterBot Tango reevaluating
ChatterBot Tango reevaluating
ChatterBot Tango reevaluating
ChatterBot Tango reevaluating
ChatterBot Charlie reevaluating
2024-10-14 23:32:35.864396 Foxtrot: Bravo, sending you 4
chatterbot Echo submitting transactions
2024-10-14 23:32:35.867913 Delta: Tango, November, Echo and Golf, sending you 1
2024-10-14 23:32:35.872791 Charlie: We should drop Echo
ChatterBot Tango reevaluating
ChatterBot November reevaluating
ChatterBot Golf reevaluating
2024-10-14 23:32:35.900214 Tango: No
2024-10-14 23:32:35.900445 November: Yes
2024-10-14 23:32:35.900632 Golf: No
2024-10-14 23:32:35.900870 Delta: No
2024-10-14 23:32:35.901008 Quebec: No
ChatterBot Charlie reevaluating
ChatterBot November reevaluating
ChatterBot Golf reevaluating
ChatterBot Charlie reevaluating
ChatterBot Tango reevaluating
ChatterBot Golf reevaluating
ChatterBot Charlie reevaluating
ChatterBot Tango reevaluating
ChatterBot November reevaluating
ChatterBot Charlie reevaluating
ChatterBot Tango reevaluating
ChatterBot November reevaluating
ChatterBot Golf reevaluating
ChatterBot Charlie reevaluating
ChatterBot Tango reevaluating
ChatterBot November reevaluating
ChatterBot Golf reevaluating
