ChatterBot Charlie round 1
ChatterBot Oscar round 1
randomSelections Oscar: {Oscar, Whiskey, Bravo, Charlie, Victor, Golf, Papa} 
2024-10-14 23:32:19.015788 Oscar: Let's form a team
ChatterBot Charlie reevaluating
2024-10-14 23:32:19.054392 Charlie: Yes
ChatterBot Golf round 1
ChatterBot Golf reevaluating
ChatterBot Golf reevaluating
2024-10-14 23:32:19.153001 Golf: Yes
ChatterBot Charlie reevaluating
ChatterBot Victor round 1
ChatterBot Victor reevaluating
ChatterBot Victor reevaluating
ChatterBot Victor reevaluating
2024-10-14 23:32:19.177982 Victor: Yes
ChatterBot Charlie reevaluating
ChatterBot Golf reevaluating
ChatterBot Romeo round 1
ChatterBot Bravo round 1
ChatterBot Bravo reevaluating
ChatterBot Bravo reevaluating
ChatterBot Bravo reevaluating
ChatterBot Bravo reevaluating
2024-10-14 23:32:19.205016 Bravo: Yes
ChatterBot Charlie reevaluating
ChatterBot Victor reevaluating
ChatterBot Golf reevaluating
ChatterBot Whiskey round 1
ChatterBot Whiskey reevaluating
ChatterBot Whiskey reevaluating
ChatterBot Whiskey reevaluating
ChatterBot Whiskey reevaluating
ChatterBot Whiskey reevaluating
2024-10-14 23:32:19.230118 Whiskey: Yes
ChatterBot Bravo reevaluating
ChatterBot Charlie reevaluating
ChatterBot Victor reevaluating
ChatterBot Golf reevaluating
ChatterBot Papa round 1
ChatterBot Papa reevaluating
ChatterBot Papa reevaluating
ChatterBot Papa reevaluating
ChatterBot Papa reevaluating
ChatterBot Papa reevaluating
ChatterBot Papa reevaluating
2024-10-14 23:32:19.260709 Papa: Yes
ChatterBot Whiskey reevaluating
ChatterBot Bravo reevaluating
ChatterBot Charlie reevaluating
ChatterBot Victor reevaluating
ChatterBot Golf reevaluating
ChatterBot Juliett round 1
ChatterBot Foxtrot round 1
randomSelections Romeo: {Romeo, Oscar, Foxtrot, Bravo, Victor, Charlie} 
2024-10-14 23:32:19.290580 Romeo: Let's form a team
ChatterBot Foxtrot reevaluating
ChatterBot Bravo reevaluating
2024-10-14 23:32:19.302865 Oscar: No
2024-10-14 23:32:19.303948 Foxtrot: Yes
2024-10-14 23:32:19.304154 Bravo: No
2024-10-14 23:32:19.304392 Victor: No
2024-10-14 23:32:19.304636 Charlie: No
ChatterBot Foxtrot reevaluating
ChatterBot Bravo reevaluating
ChatterBot Bravo reevaluating
ChatterBot Foxtrot reevaluating
ChatterBot Foxtrot reevaluating
ChatterBot Bravo reevaluating
ChatterBot Foxtrot reevaluating
ChatterBot Bravo reevaluating
randomSelections Juliett: {Juliett, Victor, Foxtrot, Romeo, Oscar, Papa, Bravo} 
2024-10-14 23:32:19.377860 Juliett: We should group up
ChatterBot Foxtrot reevaluating
2024-10-14 23:32:19.392996 Victor: No
2024-10-14 23:32:19.393325 Foxtrot: No
2024-10-14 23:32:19.393584 Romeo: No
2024-10-14 23:32:19.393827 Oscar: No
2024-10-14 23:32:19.394511 Papa: No
2024-10-14 23:32:19.394766 Bravo: No
ChatterBot Foxtrot reevaluating
ChatterBot Foxtrot reevaluating
ChatterBot Foxtrot reevaluating
ChatterBot Foxtrot reevaluating
ChatterBot Foxtrot reevaluating
2024-10-14 23:32:19.482073 Oscar: Golf and Victor, sending you 2
2024-10-14 23:32:19.483273 Charlie: Golf, sending you 4
2024-10-14 23:32:19.485678 Oscar: Whiskey and Papa, sending you 1
2024-10-14 23:32:19.488548 Charlie: Bravo and Papa, sending you 2
2024-10-14 23:32:19.498295 Papa: Oscar, Victor and Bravo, sending you 1
2024-10-14 23:32:19.499111 Juliett: Victor and Papa, sending you 1
2024-10-14 23:32:19.500504 Bravo: Charlie, Oscar and Whiskey, sending you 1
2024-10-14 23:32:19.501 Whiskey: Charlie, Oscar and Golf, sending you 3
2024-10-14 23:32:19.501455 Charlie: Whiskey, sending you 3
2024-10-14 23:32:19.502441 Romeo: Charlie, Oscar and Victor, sending you 2
2024-10-14 23:32:19.502795 Papa: Golf, sending you 3
2024-10-14 23:32:19.503270 Juliett: Romeo, sending you 2
2024-10-14 23:32:19.504295 Victor: Charlie, Bravo and Whiskey, sending you 2
2024-10-14 23:32:19.504789 Bravo: Golf, sending you 4
2024-10-14 23:32:19.505193 Whiskey: Victor, sending you 1
2024-10-14 23:32:19.506339 Golf: Charlie, sending you 4
2024-10-14 23:32:19.506784 Romeo: Foxtrot, sending you 1
2024-10-14 23:32:19.507841 Papa: Whiskey, sending you 2
2024-10-14 23:32:19.508381 Bravo: Victor and Papa, sending you 2
2024-10-14 23:32:19.511426 Juliett: Foxtrot, sending you 3
2024-10-14 23:32:19.511890 Victor: Oscar, sending you 1
2024-10-14 23:32:19.513 Whiskey: Bravo, sending you 2
2024-10-14 23:32:19.513405 Foxtrot: Charlie, sending you 4
2024-10-14 23:32:19.514403 Golf: Bravo, sending you 5
2024-10-14 23:32:19.518259 Foxtrot: Oscar, sending you 5
2024-10-14 23:32:19.519106 Golf: Whiskey and Papa, sending you 2
2024-10-14 23:32:19.523665 Foxtrot: Victor and Bravo, sending you 3
2024-10-14 23:32:19.526946 Foxtrot: Romeo, sending you 2
chatterbot Charlie submitting transactions
chatterbot Golf submitting transactions
chatterbot Foxtrot submitting transactions
chatterbot Oscar submitting transactions
chatterbot Victor submitting transactions
chatterbot Romeo submitting transactions
chatterbot Juliett submitting transactions
chatterbot Bravo submitting transactions
chatterbot Whiskey submitting transactions
chatterbot Papa submitting transactions
ChatterBot Charlie round 2
ChatterBot Oscar round 2
ChatterBot Golf round 2
ChatterBot Victor round 2
ChatterBot Romeo round 2
2024-10-14 23:32:20.665721 Romeo: Friends?
ChatterBot Oscar reevaluating
ChatterBot Victor reevaluating
ChatterBot Foxtrot reevaluating
ChatterBot Juliett reevaluating
2024-10-14 23:32:20.717342 Oscar: No
2024-10-14 23:32:20.717501 Victor: No
2024-10-14 23:32:20.717632 Foxtrot: No
2024-10-14 23:32:20.717759 Juliett: No
ChatterBot Victor reevaluating
ChatterBot Foxtrot reevaluating
ChatterBot Juliett reevaluating
ChatterBot Oscar reevaluating
ChatterBot Foxtrot reevaluating
ChatterBot Juliett reevaluating
ChatterBot Oscar reevaluating
ChatterBot Victor reevaluating
ChatterBot Juliett reevaluating
ChatterBot Oscar reevaluating
ChatterBot Victor reevaluating
ChatterBot Foxtrot reevaluating
2024-10-14 23:32:20.901536 Victor: We should group up
ChatterBot Oscar reevaluating
2024-10-14 23:32:20.917269 Romeo: Yes
2024-10-14 23:32:20.917462 Oscar: No
ChatterBot Foxtrot reevaluating
ChatterBot Juliett reevaluating
2024-10-14 23:32:20.957842 Foxtrot: No
2024-10-14 23:32:20.958070 Juliett: No
ChatterBot Oscar reevaluating
ChatterBot Victor reevaluating
ChatterBot Foxtrot reevaluating
ChatterBot Juliett reevaluating
ChatterBot Victor reevaluating
ChatterBot Foxtrot reevaluating
ChatterBot Juliett reevaluating
ChatterBot Oscar reevaluating
ChatterBot Victor reevaluating
ChatterBot Juliett reevaluating
ChatterBot Oscar reevaluating
ChatterBot Victor reevaluating
ChatterBot Foxtrot reevaluating
ChatterBot Bravo round 2
ChatterBot Whiskey round 2
ChatterBot Papa round 2
ChatterBot Juliett round 2
ChatterBot Foxtrot round 2
2024-10-14 23:32:21.192862 Golf: We should drop Victor
ChatterBot Papa reevaluating
ChatterBot Oscar reevaluating
2024-10-14 23:32:21.224218 Charlie: No
2024-10-14 23:32:21.224429 Bravo: No
2024-10-14 23:32:21.224546 Whiskey: No
2024-10-14 23:32:21.224680 Papa: Yes
2024-10-14 23:32:21.224790 Oscar: Yes
ChatterBot Papa reevaluating
ChatterBot Oscar reevaluating
ChatterBot Papa reevaluating
ChatterBot Oscar reevaluating
ChatterBot Papa reevaluating
ChatterBot Oscar reevaluating
ChatterBot Bravo reevaluating
ChatterBot Oscar reevaluating
ChatterBot Bravo reevaluating
ChatterBot Papa reevaluating
2024-10-14 23:32:21.331110 Foxtrot: We should group up
2024-10-14 23:32:21.338227 Victor: Yes
2024-10-14 23:32:21.338399 Romeo: Yes
2024-10-14 23:32:21.353083 Charlie: We should drop Oscar
ChatterBot Bravo reevaluating
ChatterBot Papa reevaluating
2024-10-14 23:32:21.382380 Golf: No
2024-10-14 23:32:21.382567 Bravo: Yes
2024-10-14 23:32:21.382724 Whiskey: Yes
2024-10-14 23:32:21.382874 Papa: No
2024-10-14 23:32:21.383029 Victor: No
ChatterBot Bravo reevaluating
ChatterBot Papa reevaluating
ChatterBot Golf reevaluating
ChatterBot Papa reevaluating
ChatterBot Golf reevaluating
ChatterBot Bravo reevaluating
ChatterBot Papa reevaluating
ChatterBot Golf reevaluating
ChatterBot Bravo reevaluating
ChatterBot Golf reevaluating
ChatterBot Bravo reevaluating
ChatterBot Papa reevaluating
2024-10-14 23:32:21.652112 Juliett: We should drop Papa and Bravo
2024-10-14 23:32:21.677723 Romeo: Yes
2024-10-14 23:32:21.678159 Oscar: No
2024-10-14 23:32:21.678442 Victor: Yes
2024-10-14 23:32:21.679158 Foxtrot: Yes
2024-10-14 23:32:21.782635 Romeo: Oscar, Victor and Foxtrot, sending you 1
2024-10-14 23:32:21.783267 Victor: Oscar, Romeo and Foxtrot, sending you 2
chatterbot Romeo submitting transactions
2024-10-14 23:32:22.041754 Romeo: Juliett, sending you 2
2024-10-14 23:32:22.042861 Victor: Juliett, sending you 1
chatterbot Oscar submitting transactions
2024-10-14 23:32:22.124489 Charlie: Golf, sending you 4
2024-10-14 23:32:22.124999 Bravo: Charlie, Victor and Whiskey, sending you 2
2024-10-14 23:32:22.125798 Golf: Charlie, sending you 5
2024-10-14 23:32:22.126294 Oscar: Bravo and Whiskey, sending you 2
2024-10-14 23:32:22.127216 Papa: Charlie, Golf and Bravo, sending you 2
2024-10-14 23:32:22.127629 Juliett: Oscar, Victor and Romeo, sending you 2
2024-10-14 23:32:22.128031 Foxtrot: Victor, sending you 1
2024-10-14 23:32:22.128725 Whiskey: Charlie, Golf, Victor and Papa, sending you 3
chatterbot Whiskey submitting transactions
2024-10-14 23:32:22.129349 Charlie: Victor, sending you 2
2024-10-14 23:32:22.130379 Bravo: Golf, sending you 4
2024-10-14 23:32:22.130792 Golf: Bravo, sending you 4
2024-10-14 23:32:22.131168 Papa: Victor and Whiskey, sending you 1
2024-10-14 23:32:22.132134 Oscar: Papa, sending you 1
2024-10-14 23:32:22.132468 Foxtrot: Romeo, sending you 12
2024-10-14 23:32:22.262951 Juliett: Foxtrot, sending you 1
2024-10-14 23:32:22.263989 Whiskey: Bravo, sending you 1
2024-10-14 23:32:22.264470 Charlie: Bravo, sending you 1
2024-10-14 23:32:22.265516 Golf: Whiskey and Papa, sending you 3
chatterbot Foxtrot submitting transactions
2024-10-14 23:32:22.287576 Charlie: Whiskey, sending you 3
chatterbot Victor submitting transactions
chatterbot Charlie submitting transactions
chatterbot Juliett submitting transactions
chatterbot Bravo submitting transactions
chatterbot Papa submitting transactions
chatterbot Golf submitting transactions
ChatterBot Charlie round 3
ChatterBot Oscar round 3
ChatterBot Golf round 3
ChatterBot Victor round 3
ChatterBot Romeo round 3
ChatterBot Bravo round 3
2024-10-14 23:32:23.111242 Oscar: We would work well together
ChatterBot Romeo reevaluating
ChatterBot Victor reevaluating
2024-10-14 23:32:23.137081 Romeo: Yes
2024-10-14 23:32:23.137326 Victor: No
2024-10-14 23:32:23.138009 Foxtrot: No
2024-10-14 23:32:23.138183 Juliett: Yes
ChatterBot Victor reevaluating
ChatterBot Romeo reevaluating
ChatterBot Oscar reevaluating
ChatterBot Romeo reevaluating
ChatterBot Oscar reevaluating
ChatterBot Victor reevaluating
ChatterBot Romeo reevaluating
ChatterBot Oscar reevaluating
ChatterBot Victor reevaluating
ChatterBot Whiskey round 3
2024-10-14 23:32:23.246670 Charlie: We should replace Victor with Oscar
ChatterBot Golf reevaluating
ChatterBot Bravo reevaluating
ChatterBot Whiskey reevaluating
ChatterBot Papa reevaluating
2024-10-14 23:32:23.272714 Golf: Yes
2024-10-14 23:32:23.272920 Bravo: No
2024-10-14 23:32:23.273080 Whiskey: Yes
2024-10-14 23:32:23.273248 Papa: Yes
ChatterBot Bravo reevaluating
ChatterBot Whiskey reevaluating
ChatterBot Papa reevaluating
ChatterBot Golf reevaluating
ChatterBot Whiskey reevaluating
ChatterBot Papa reevaluating
ChatterBot Golf reevaluating
ChatterBot Bravo reevaluating
ChatterBot Papa reevaluating
ChatterBot Golf reevaluating
ChatterBot Bravo reevaluating
ChatterBot Whiskey reevaluating
ChatterBot Papa round 3
ChatterBot Juliett round 3
ChatterBot Foxtrot round 3
2024-10-14 23:32:23.409421 Charlie: Oscar we want you to join our group
ChatterBot Oscar reevaluating
2024-10-14 23:32:23.416852 Oscar: No
ChatterBot Golf reevaluating
ChatterBot Bravo reevaluating
ChatterBot Whiskey reevaluating
ChatterBot Papa reevaluating
2024-10-14 23:32:23.450768 Foxtrot: We should add Juliett
2024-10-14 23:32:23.456878 Victor: No
2024-10-14 23:32:23.457094 Romeo: Yes
ChatterBot Foxtrot reevaluating
ChatterBot Foxtrot reevaluating
2024-10-14 23:32:23.475662 Foxtrot: We should replace Victor with Juliett
2024-10-14 23:32:23.480905 Romeo: No
ChatterBot Foxtrot reevaluating
2024-10-14 23:32:23.491606 Juliett: Victor, sending you 2
2024-10-14 23:32:23.492084 Romeo: Oscar, Juliett and Foxtrot, sending you 1
2024-10-14 23:32:23.492473 Oscar: Victor, Romeo and Foxtrot, sending you 2
2024-10-14 23:32:23.501352 Charlie: Golf, sending you 4
2024-10-14 23:32:23.501874 Victor: Charlie and Papa, sending you 1
2024-10-14 23:32:23.502808 Whiskey: Charlie, sending you 4
2024-10-14 23:32:23.503216 Oscar: Juliett, sending you 1
2024-10-14 23:32:23.503630 Juliett: Romeo, sending you 4
2024-10-14 23:32:23.504422 Romeo: Victor, sending you 2
2024-10-14 23:32:23.504894 Foxtrot: Juliett we want you to join our group
2024-10-14 23:32:23.510737 Juliett: Yes
ChatterBot Foxtrot reevaluating
2024-10-14 23:32:23.522521 Papa: Charlie, Oscar, Golf and Whiskey, sending you 2
2024-10-14 23:32:23.523433 Golf: Charlie, sending you 5
2024-10-14 23:32:23.523842 Whiskey: Oscar, Golf and Bravo, sending you 3
2024-10-14 23:32:23.524647 Charlie: Bravo, sending you 2
2024-10-14 23:32:23.525011 Victor: Bravo, sending you 2
2024-10-14 23:32:23.527746 Golf: Oscar, sending you 1
2024-10-14 23:32:23.528709 Bravo: Charlie, Whiskey and Papa, sending you 2
2024-10-14 23:32:23.529191 Victor: Whiskey, sending you 3
2024-10-14 23:32:23.530088 Whiskey: Papa, sending you 2
2024-10-14 23:32:23.530547 Charlie: Whiskey, sending you 3
2024-10-14 23:32:23.756228 Golf: Bravo, sending you 4
2024-10-14 23:32:23.757263 Bravo: Golf, sending you 4
2024-10-14 23:32:23.758401 Charlie: Papa, sending you 1
2024-10-14 23:32:24.882582 Golf: Whiskey, sending you 3
chatterbot Victor submitting transactions
chatterbot Bravo submitting transactions
chatterbot Oscar submitting transactions
chatterbot Golf submitting transactions
chatterbot Juliett submitting transactions
chatterbot Romeo submitting transactions
chatterbot Charlie submitting transactions
chatterbot Papa submitting transactions
chatterbot Whiskey submitting transactions
2024-10-14 23:32:24.939807 Golf: Papa, sending you 2
2024-10-14 23:32:24.941043 Foxtrot: Romeo, sending you 6
2024-10-14 23:32:24.946205 Foxtrot: Juliett, sending you 11
chatterbot Foxtrot submitting transactions
ChatterBot Charlie round 4
ChatterBot Oscar round 4
ChatterBot Golf round 4
ChatterBot Victor round 4
ChatterBot Romeo round 4
ChatterBot Bravo round 4
ChatterBot Whiskey round 4
2024-10-14 23:32:25.574487 Charlie: We should replace Oscar with Victor
ChatterBot Golf reevaluating
ChatterBot Bravo reevaluating
ChatterBot Whiskey reevaluating
ChatterBot Papa reevaluating
2024-10-14 23:32:25.589445 Golf: Yes
2024-10-14 23:32:25.589645 Bravo: Yes
2024-10-14 23:32:25.589815 Whiskey: Yes
2024-10-14 23:32:25.590427 Papa: Yes
ChatterBot Bravo reevaluating
ChatterBot Whiskey reevaluating
ChatterBot Papa reevaluating
ChatterBot Golf reevaluating
ChatterBot Whiskey reevaluating
ChatterBot Papa reevaluating
ChatterBot Golf reevaluating
ChatterBot Bravo reevaluating
ChatterBot Papa reevaluating
ChatterBot Golf reevaluating
ChatterBot Bravo reevaluating
ChatterBot Whiskey reevaluating
ChatterBot Papa round 4
ChatterBot Juliett round 4
ChatterBot Foxtrot round 4
2024-10-14 23:32:25.666852 Charlie: Victor we want you to join our group
2024-10-14 23:32:25.670555 Victor: Yes
ChatterBot Golf reevaluating
ChatterBot Bravo reevaluating
ChatterBot Whiskey reevaluating
ChatterBot Papa reevaluating
2024-10-14 23:32:25.700450 Foxtrot: We should add Oscar
2024-10-14 23:32:25.706072 Romeo: Yes
2024-10-14 23:32:25.706251 Juliett: Yes
2024-10-14 23:32:25.748289 Foxtrot: Oscar we want you to join our group
2024-10-14 23:32:25.774590 Oscar: No
2024-10-14 23:32:25.840150 Victor: Charlie and Papa, sending you 1
2024-10-14 23:32:25.841801 Oscar: Golf and Bravo, sending you 1
2024-10-14 23:32:25.847590 Oscar: Whiskey and Papa, sending you 2
2024-10-14 23:32:25.848364 Golf: Charlie and Bravo, sending you 5
2024-10-14 23:32:25.850277 Whiskey: Charlie, Golf, Victor and Bravo, sending you 2
2024-10-14 23:32:25.851945 Papa: Charlie, Golf, Bravo and Whiskey, sending you 2
2024-10-14 23:32:25.853382 Victor: Bravo, sending you 2
2024-10-14 23:32:25.854128 Charlie: Golf, sending you 4
2024-10-14 23:32:25.855551 Romeo: Oscar, sending you 2
2024-10-14 23:32:25.856866 Juliett: Oscar, Victor and Romeo, sending you 1
2024-10-14 23:32:25.857665 Golf: Whiskey, sending you 3
2024-10-14 23:32:25.858891 Whiskey: Papa, sending you 1
2024-10-14 23:32:25.859558 Victor: Whiskey, sending you 3
2024-10-14 23:32:25.860573 Charlie: Victor and Papa, sending you 1
2024-10-14 23:32:25.861232 Romeo: Victor, Juliett and Foxtrot, sending you 1
2024-10-14 23:32:25.868263 Juliett: Foxtrot, sending you 2
2024-10-14 23:32:25.869605 Bravo: Charlie, Victor and Whiskey, sending you 2
2024-10-14 23:32:25.870208 Golf: Papa, sending you 2
2024-10-14 23:32:25.871352 Foxtrot: Oscar, sending you 5
2024-10-14 23:32:25.871907 Charlie: Bravo, sending you 2
2024-10-14 23:32:25.873048 Bravo: Golf, sending you 3
2024-10-14 23:32:25.876763 Foxtrot: Romeo and Juliett, sending you 6
2024-10-14 23:32:25.878135 Charlie: Whiskey, sending you 3
chatterbot Charlie submitting transactions
chatterbot Victor submitting transactions
chatterbot Juliett submitting transactions
chatterbot Romeo submitting transactions
chatterbot Papa submitting transactions
chatterbot Oscar submitting transactions
chatterbot Whiskey submitting transactions
chatterbot Bravo submitting transactions
chatterbot Foxtrot submitting transactions
chatterbot Golf submitting transactions
ChatterBot Charlie round 5
ChatterBot Oscar round 5
ChatterBot Golf round 5
ChatterBot Victor round 5
ChatterBot Romeo round 5
ChatterBot Bravo round 5
ChatterBot Whiskey round 5
ChatterBot Papa round 5
ChatterBot Juliett round 5
ChatterBot Foxtrot round 5
2024-10-14 23:32:27.275202 Foxtrot: We should drop Oscar
2024-10-14 23:32:27.285849 Romeo: No
2024-10-14 23:32:27.286598 Juliett: No
ChatterBot Foxtrot reevaluating
ChatterBot Foxtrot reevaluating
2024-10-14 23:32:27.308119 Victor: Charlie and Papa, sending you 1
2024-10-14 23:32:27.311796 Victor: Bravo, sending you 3
2024-10-14 23:32:27.312599 Papa: Charlie, Golf, Bravo and Whiskey, sending you 2
2024-10-14 23:32:27.313323 Bravo: Charlie, Victor and Whiskey, sending you 2
2024-10-14 23:32:27.314641 Romeo: Oscar, sending you 2
2024-10-14 23:32:27.315273 Oscar: Victor, Juliett and Foxtrot, sending you 1
2024-10-14 23:32:27.316479 Charlie: Golf, sending you 4
2024-10-14 23:32:27.317006 Whiskey: Charlie, sending you 4
2024-10-14 23:32:27.317520 Golf: Charlie, sending you 6
2024-10-14 23:32:27.318982 Victor: Whiskey, sending you 2
2024-10-14 23:32:27.320356 Bravo: Golf, sending you 3
2024-10-14 23:32:27.321014 Romeo: Victor, Juliett and Foxtrot, sending you 1
2024-10-14 23:32:27.321587 Oscar: Romeo, sending you 3
2024-10-14 23:32:27.323170 Charlie: Victor and Papa, sending you 1
2024-10-14 23:32:27.323702 Whiskey: Golf, Victor and Bravo, sending you 3
2024-10-14 23:32:27.324188 Juliett: Romeo and Foxtrot, sending you 2
2024-10-14 23:32:27.325229 Golf: Bravo, sending you 4
2024-10-14 23:32:27.326006 Bravo: Papa, sending you 1
2024-10-14 23:32:27.327721 Charlie: Bravo, sending you 2
2024-10-14 23:32:27.329510 Whiskey: Papa, sending you 2
2024-10-14 23:32:27.330361 Golf: Whiskey, sending you 3
2024-10-14 23:32:27.331594 Charlie: Whiskey, sending you 3
2024-10-14 23:32:27.334767 Golf: Papa, sending you 2
chatterbot Victor submitting transactions
chatterbot Golf submitting transactions
chatterbot Juliett submitting transactions
chatterbot Foxtrot submitting transactions
chatterbot Whiskey submitting transactions
chatterbot Romeo submitting transactions
chatterbot Papa submitting transactions
chatterbot Oscar submitting transactions
chatterbot Charlie submitting transactions
chatterbot Bravo submitting transactions
ChatterBot Charlie round 6
ChatterBot Oscar round 6
ChatterBot Golf round 6
ChatterBot Victor round 6
ChatterBot Romeo round 6
2024-10-14 23:32:28.470450 Golf: We should add Oscar
ChatterBot Victor reevaluating
2024-10-14 23:32:28.487976 Charlie: No
2024-10-14 23:32:28.488164 Bravo: No
2024-10-14 23:32:28.488345 Whiskey: No
2024-10-14 23:32:28.488477 Papa: No
2024-10-14 23:32:28.488596 Victor: No
ChatterBot Victor reevaluating
ChatterBot Victor reevaluating
ChatterBot Victor reevaluating
ChatterBot Victor reevaluating
ChatterBot Golf reevaluating
ChatterBot Bravo round 6
ChatterBot Whiskey round 6
ChatterBot Papa round 6
ChatterBot Juliett round 6
ChatterBot Foxtrot round 6
2024-10-14 23:32:28.570355 Golf: We should add Juliett
ChatterBot Bravo reevaluating
ChatterBot Whiskey reevaluating
ChatterBot Papa reevaluating
ChatterBot Victor reevaluating
2024-10-14 23:32:28.584032 Charlie: No
2024-10-14 23:32:28.584189 Bravo: No
2024-10-14 23:32:28.584311 Whiskey: No
2024-10-14 23:32:28.584430 Papa: Yes
2024-10-14 23:32:28.584538 Victor: No
ChatterBot Golf reevaluating
ChatterBot Bravo reevaluating
ChatterBot Whiskey reevaluating
ChatterBot Papa reevaluating
ChatterBot Victor reevaluating
ChatterBot Golf reevaluating
ChatterBot Whiskey reevaluating
ChatterBot Papa reevaluating
ChatterBot Victor reevaluating
ChatterBot Golf reevaluating
ChatterBot Bravo reevaluating
ChatterBot Papa reevaluating
ChatterBot Victor reevaluating
ChatterBot Golf reevaluating
ChatterBot Bravo reevaluating
ChatterBot Whiskey reevaluating
ChatterBot Victor reevaluating
ChatterBot Golf reevaluating
ChatterBot Bravo reevaluating
ChatterBot Whiskey reevaluating
ChatterBot Papa reevaluating
2024-10-14 23:32:28.652833 Papa: We should add Oscar
ChatterBot Golf reevaluating
ChatterBot Bravo reevaluating
ChatterBot Whiskey reevaluating
ChatterBot Victor reevaluating
2024-10-14 23:32:28.664701 Charlie: No
2024-10-14 23:32:28.664823 Golf: Yes
2024-10-14 23:32:28.664919 Bravo: No
2024-10-14 23:32:28.665009 Whiskey: No
2024-10-14 23:32:28.665102 Victor: No
ChatterBot Golf reevaluating
ChatterBot Bravo reevaluating
ChatterBot Whiskey reevaluating
ChatterBot Papa reevaluating
ChatterBot Victor reevaluating
ChatterBot Bravo reevaluating
ChatterBot Whiskey reevaluating
ChatterBot Papa reevaluating
ChatterBot Victor reevaluating
ChatterBot Golf reevaluating
ChatterBot Whiskey reevaluating
ChatterBot Papa reevaluating
ChatterBot Victor reevaluating
ChatterBot Golf reevaluating
ChatterBot Bravo reevaluating
ChatterBot Papa reevaluating
ChatterBot Victor reevaluating
ChatterBot Golf reevaluating
ChatterBot Bravo reevaluating
ChatterBot Whiskey reevaluating
ChatterBot Papa reevaluating
2024-10-14 23:32:28.748242 Charlie: Golf and Whiskey, sending you 3
2024-10-14 23:32:28.750671 Golf: Oscar we want you to join our group
2024-10-14 23:32:28.755223 Oscar: No
2024-10-14 23:32:28.777608 Oscar: Victor, Juliett and Foxtrot, sending you 1
2024-10-14 23:32:28.778127 Charlie: Victor and Papa, sending you 1
2024-10-14 23:32:28.779052 Bravo: Charlie, Victor and Whiskey, sending you 2
2024-10-14 23:32:28.779820 Papa: Oscar we want you to join our group
2024-10-14 23:32:28.783774 Oscar: No
2024-10-14 23:32:28.805704 Oscar: Romeo, sending you 3
2024-10-14 23:32:28.806193 Bravo: Golf, sending you 3
2024-10-14 23:32:28.806801 Charlie: Bravo, sending you 2
2024-10-14 23:32:28.809666 Whiskey: Charlie, sending you 4
2024-10-14 23:32:28.810525 Romeo: Oscar, Juliett and Foxtrot, sending you 1
2024-10-14 23:32:28.810852 Juliett: Oscar, sending you 1
2024-10-14 23:32:28.811160 Victor: Charlie and Papa, sending you 1
2024-10-14 23:32:28.811532 Bravo: Papa, sending you 1
2024-10-14 23:32:28.812670 Whiskey: Golf, Victor and Bravo, sending you 3
2024-10-14 23:32:28.813719 Juliett: Romeo and Foxtrot, sending you 2
2024-10-14 23:32:28.815679 Romeo: Victor, sending you 2
2024-10-14 23:32:28.816065 Victor: Bravo, sending you 2
2024-10-14 23:32:28.816969 Papa: Charlie, Oscar, Victor and Bravo, sending you 1
2024-10-14 23:32:28.817703 Whiskey: Papa, sending you 2
2024-10-14 23:32:28.819654 Papa: Golf and Whiskey, sending you 2
2024-10-14 23:32:28.821680 Victor: Whiskey, sending you 3
2024-10-14 23:32:28.822264 Golf: Charlie, sending you 5
2024-10-14 23:32:28.827655 Golf: Oscar, sending you 1
2024-10-14 23:32:28.832655 Golf: Bravo, sending you 4
2024-10-14 23:32:28.836676 Golf: Whiskey, sending you 3
2024-10-14 23:32:28.840661 Golf: Papa, sending you 2
chatterbot Charlie submitting transactions
chatterbot Juliett submitting transactions
chatterbot Foxtrot submitting transactions
chatterbot Bravo submitting transactions
chatterbot Oscar submitting transactions
chatterbot Victor submitting transactions
chatterbot Whiskey submitting transactions
chatterbot Golf submitting transactions
chatterbot Romeo submitting transactions
chatterbot Papa submitting transactions
ChatterBot Charlie round 7
ChatterBot Oscar round 7
ChatterBot Golf round 7
ChatterBot Victor round 7
ChatterBot Romeo round 7
ChatterBot Bravo round 7
ChatterBot Whiskey round 7
ChatterBot Papa round 7
ChatterBot Juliett round 7
ChatterBot Foxtrot round 7
2024-10-14 23:32:30.013694 Charlie: Golf and Whiskey, sending you 3
2024-10-14 23:32:30.019955 Charlie: Victor and Papa, sending you 1
2024-10-14 23:32:30.020813 Romeo: Oscar, Juliett and Foxtrot, sending you 1
2024-10-14 23:32:30.021682 Golf: Charlie, sending you 6
2024-10-14 23:32:30.023670 Romeo: Victor, sending you 2
2024-10-14 23:32:30.024894 Juliett: Oscar, sending you 1
2024-10-14 23:32:30.025305 Charlie: Bravo, sending you 2
2024-10-14 23:32:30.025831 Foxtrot: Oscar, sending you 1
2024-10-14 23:32:30.026109 Oscar: Victor, Juliett and Foxtrot, sending you 1
2024-10-14 23:32:30.027695 Golf: Bravo, sending you 4
2024-10-14 23:32:30.028935 Whiskey: Charlie, sending you 4
2024-10-14 23:32:30.029591 Juliett: Romeo and Foxtrot, sending you 2
2024-10-14 23:32:30.030329 Oscar: Romeo, sending you 3
2024-10-14 23:32:30.030701 Foxtrot: Romeo and Juliett, sending you 2
2024-10-14 23:32:30.031077 Bravo: Charlie, Victor and Whiskey, sending you 2
2024-10-14 23:32:30.031600 Papa: Charlie, Oscar, Victor and Bravo, sending you 1
2024-10-14 23:32:30.032007 Golf: Whiskey, sending you 3
2024-10-14 23:32:30.032752 Whiskey: Golf, Victor and Bravo, sending you 3
2024-10-14 23:32:30.033675 Victor: Charlie and Papa, sending you 1
2024-10-14 23:32:30.034437 Bravo: Golf, sending you 3
2024-10-14 23:32:30.035524 Papa: Golf and Whiskey, sending you 2
2024-10-14 23:32:30.036680 Golf: Papa, sending you 2
2024-10-14 23:32:30.037671 Whiskey: Papa, sending you 2
2024-10-14 23:32:30.038331 Victor: Bravo, sending you 2
2024-10-14 23:32:30.038935 Bravo: Papa, sending you 1
2024-10-14 23:32:30.042292 Victor: Whiskey, sending you 3
chatterbot Golf submitting transactions
chatterbot Papa submitting transactions
chatterbot Charlie submitting transactions
chatterbot Oscar submitting transactions
chatterbot Juliett submitting transactions
chatterbot Whiskey submitting transactions
chatterbot Victor submitting transactions
chatterbot Romeo submitting transactions
chatterbot Foxtrot submitting transactions
chatterbot Bravo submitting transactions
ChatterBot Charlie round 8
ChatterBot Oscar round 8
ChatterBot Golf round 8
ChatterBot Victor round 8
ChatterBot Romeo round 8
ChatterBot Bravo round 8
ChatterBot Whiskey round 8
ChatterBot Papa round 8
ChatterBot Juliett round 8
ChatterBot Foxtrot round 8
2024-10-14 23:32:31.202140 Papa: We should replace Oscar with Romeo
ChatterBot Golf reevaluating
2024-10-14 23:32:31.216671 Charlie: No
2024-10-14 23:32:31.216885 Golf: Yes
2024-10-14 23:32:31.217022 Bravo: No
2024-10-14 23:32:31.217133 Whiskey: No
2024-10-14 23:32:31.217244 Victor: No
ChatterBot Golf reevaluating
ChatterBot Papa reevaluating
ChatterBot Papa reevaluating
ChatterBot Golf reevaluating
ChatterBot Papa reevaluating
ChatterBot Golf reevaluating
ChatterBot Papa reevaluating
ChatterBot Golf reevaluating
ChatterBot Papa reevaluating
2024-10-14 23:32:31.329815 Golf: Romeo we want you to join our group
2024-10-14 23:32:31.333740 Romeo: No
ChatterBot Golf reevaluating
ChatterBot Papa reevaluating
2024-10-14 23:32:31.364021 Papa: We should replace Oscar with Juliett
ChatterBot Golf reevaluating
2024-10-14 23:32:31.386837 Charlie: No
2024-10-14 23:32:31.387034 Golf: No
2024-10-14 23:32:31.387192 Bravo: No
2024-10-14 23:32:31.387346 Whiskey: No
2024-10-14 23:32:31.387504 Victor: No
ChatterBot Golf reevaluating
ChatterBot Papa reevaluating
ChatterBot Papa reevaluating
ChatterBot Golf reevaluating
ChatterBot Papa reevaluating
ChatterBot Golf reevaluating
ChatterBot Papa reevaluating
ChatterBot Golf reevaluating
ChatterBot Papa reevaluating
2024-10-14 23:32:31.460724 Foxtrot: Oscar and Romeo, sending you 4
2024-10-14 23:32:31.461544 Oscar: Romeo, sending you 3
2024-10-14 23:32:31.463995 Charlie: Golf and Whiskey, sending you 3
2024-10-14 23:32:31.465055 Foxtrot: Juliett, sending you 6
2024-10-14 23:32:31.465423 Whiskey: Charlie, sending you 4
2024-10-14 23:32:31.466570 Bravo: Charlie, Victor and Whiskey, sending you 2
2024-10-14 23:32:31.467110 Oscar: Juliett and Foxtrot, sending you 2
2024-10-14 23:32:31.467441 Juliett: Oscar, sending you 1
2024-10-14 23:32:31.467788 Romeo: Oscar, Victor, Juliett and Foxtrot, sending you 1
2024-10-14 23:32:31.468143 Victor: Charlie and Papa, sending you 1
2024-10-14 23:32:31.469094 Charlie: Victor and Papa, sending you 1
2024-10-14 23:32:31.469556 Whiskey: Golf, Victor and Bravo, sending you 3
2024-10-14 23:32:31.470697 Bravo: Golf, sending you 3
2024-10-14 23:32:31.472061 Juliett: Romeo and Foxtrot, sending you 2
2024-10-14 23:32:31.472840 Victor: Bravo, sending you 2
2024-10-14 23:32:31.474191 Charlie: Bravo, sending you 2
2024-10-14 23:32:31.474807 Whiskey: Papa, sending you 2
2024-10-14 23:32:31.475673 Bravo: Papa, sending you 1
2024-10-14 23:32:31.477725 Victor: Whiskey, sending you 3
2024-10-14 23:32:31.483661 Papa: Charlie, Oscar, Victor and Bravo, sending you 1
2024-10-14 23:32:31.487687 Papa: Golf and Whiskey, sending you 2
2024-10-14 23:32:31.492679 Golf: Charlie, sending you 6
2024-10-14 23:32:31.498677 Golf: Bravo, sending you 4
2024-10-14 23:32:31.501671 Golf: Whiskey, sending you 3
2024-10-14 23:32:31.505668 Golf: Papa, sending you 2
chatterbot Romeo submitting transactions
chatterbot Oscar submitting transactions
chatterbot Bravo submitting transactions
chatterbot Golf submitting transactions
chatterbot Whiskey submitting transactions
chatterbot Papa submitting transactions
chatterbot Juliett submitting transactions
chatterbot Charlie submitting transactions
chatterbot Victor submitting transactions
chatterbot Foxtrot submitting transactions
ChatterBot Charlie round 9
ChatterBot Oscar round 9
ChatterBot Golf round 9
ChatterBot Victor round 9
ChatterBot Romeo round 9
ChatterBot Bravo round 9
ChatterBot Whiskey round 9
ChatterBot Papa round 9
ChatterBot Juliett round 9
ChatterBot Foxtrot round 9
2024-10-14 23:32:32.466053 Romeo: Oscar, Victor, Juliett and Foxtrot, sending you 1
2024-10-14 23:32:32.469711 Golf: Charlie, sending you 5
2024-10-14 23:32:32.473669 Papa: Charlie, Oscar, Victor and Bravo, sending you 1
2024-10-14 23:32:32.475299 Golf: Bravo and Whiskey, sending you 4
2024-10-14 23:32:32.476887 Foxtrot: Oscar and Romeo, sending you 5
2024-10-14 23:32:32.478679 Papa: Golf and Whiskey, sending you 2
2024-10-14 23:32:32.480656 Oscar: Romeo, sending you 3
2024-10-14 23:32:32.482253 Juliett: Oscar, Romeo and Foxtrot, sending you 2
2024-10-14 23:32:32.482884 Foxtrot: Juliett, sending you 7
2024-10-14 23:32:32.483154 Golf: Papa, sending you 2
2024-10-14 23:32:32.483517 Charlie: Golf and Whiskey, sending you 3
2024-10-14 23:32:32.484723 Bravo: Charlie and Victor, sending you 2
2024-10-14 23:32:32.485596 Victor: Charlie and Papa, sending you 1
2024-10-14 23:32:32.487149 Whiskey: Charlie, sending you 4
2024-10-14 23:32:32.487789 Oscar: Juliett and Foxtrot, sending you 2
2024-10-14 23:32:32.489696 Charlie: Victor and Papa, sending you 1
2024-10-14 23:32:32.490378 Bravo: Golf and Whiskey, sending you 3
2024-10-14 23:32:32.491708 Victor: Bravo, sending you 2
2024-10-14 23:32:32.492530 Whiskey: Golf, Victor and Bravo, sending you 3
2024-10-14 23:32:32.494671 Charlie: Bravo, sending you 2
2024-10-14 23:32:32.496670 Victor: Whiskey, sending you 3
2024-10-14 23:32:32.498695 Whiskey: Papa, sending you 2
chatterbot Oscar submitting transactions
chatterbot Foxtrot submitting transactions
chatterbot Golf submitting transactions
chatterbot Papa submitting transactions
chatterbot Victor submitting transactions
chatterbot Charlie submitting transactions
chatterbot Whiskey submitting transactions
chatterbot Bravo submitting transactions
chatterbot Juliett submitting transactions
chatterbot Romeo submitting transactions
ChatterBot Charlie round 10
ChatterBot Oscar round 10
ChatterBot Golf round 10
ChatterBot Victor round 10
ChatterBot Romeo round 10
ChatterBot Bravo round 10
ChatterBot Whiskey round 10
ChatterBot Papa round 10
ChatterBot Juliett round 10
ChatterBot Foxtrot round 10
2024-10-14 23:32:33.748205 Papa: Charlie, Oscar, Victor and Bravo, sending you 1
2024-10-14 23:32:33.753698 Papa: Golf and Whiskey, sending you 2
2024-10-14 23:32:33.756623 Charlie: Golf and Whiskey, sending you 3
2024-10-14 23:32:33.758595 Whiskey: Charlie, sending you 4
2024-10-14 23:32:33.760328 Juliett: Oscar and Foxtrot, sending you 2
2024-10-14 23:32:33.761124 Victor: Charlie and Papa, sending you 1
2024-10-14 23:32:33.763065 Golf: Charlie, sending you 5
2024-10-14 23:32:33.764660 Oscar: Romeo, sending you 3
2024-10-14 23:32:33.766287 Foxtrot: Oscar and Romeo, sending you 5
2024-10-14 23:32:33.767386 Romeo: Oscar, Victor, Juliett and Foxtrot, sending you 1
2024-10-14 23:32:33.768680 Charlie: Victor and Papa, sending you 1
2024-10-14 23:32:33.770856 Whiskey: Golf, Victor and Bravo, sending you 3
2024-10-14 23:32:33.773004 Juliett: Romeo, sending you 1
2024-10-14 23:32:33.774347 Victor: Bravo, sending you 2
2024-10-14 23:32:33.775826 Golf: Bravo and Whiskey, sending you 4
2024-10-14 23:32:33.776739 Bravo: Charlie and Victor, sending you 2
2024-10-14 23:32:33.778131 Oscar: Juliett, sending you 2
2024-10-14 23:32:33.778800 Foxtrot: Juliett, sending you 7
2024-10-14 23:32:33.779744 Charlie: Bravo, sending you 2
2024-10-14 23:32:33.780629 Whiskey: Papa, sending you 2
2024-10-14 23:32:33.782161 Victor: Whiskey, sending you 3
2024-10-14 23:32:33.783476 Bravo: Golf and Whiskey, sending you 3
2024-10-14 23:32:33.784904 Golf: Papa, sending you 2
2024-10-14 23:32:33.785509 Oscar: Foxtrot, sending you 1
2024-10-14 23:32:33.787687 Bravo: Papa, sending you 1
chatterbot Oscar submitting transactions
chatterbot Golf submitting transactions
chatterbot Papa submitting transactions
chatterbot Romeo submitting transactions
chatterbot Victor submitting transactions
chatterbot Bravo submitting transactions
chatterbot Whiskey submitting transactions
chatterbot Charlie submitting transactions
chatterbot Foxtrot submitting transactions
chatterbot Juliett submitting transactions
ChatterBot Charlie round 11
ChatterBot Oscar round 11
ChatterBot Golf round 11
ChatterBot Victor round 11
ChatterBot Romeo round 11
ChatterBot Bravo round 11
ChatterBot Whiskey round 11
ChatterBot Papa round 11
ChatterBot Juliett round 11
ChatterBot Foxtrot round 11
2024-10-14 23:32:34.823132 Papa: We should replace Oscar with Romeo
2024-10-14 23:32:34.844021 Charlie: No
2024-10-14 23:32:34.844262 Golf: Yes
2024-10-14 23:32:34.844506 Bravo: No
2024-10-14 23:32:34.844715 Whiskey: No
2024-10-14 23:32:34.844999 Victor: No
ChatterBot Papa reevaluating
ChatterBot Papa reevaluating
ChatterBot Papa reevaluating
ChatterBot Papa reevaluating
2024-10-14 23:32:34.966318 Papa: We should replace Oscar with Juliett
2024-10-14 23:32:34.979958 Charlie: No
2024-10-14 23:32:34.980183 Golf: No
2024-10-14 23:32:34.980836 Bravo: No
2024-10-14 23:32:34.980967 Whiskey: No
2024-10-14 23:32:34.981112 Victor: No
ChatterBot Papa reevaluating
ChatterBot Papa reevaluating
ChatterBot Papa reevaluating
ChatterBot Papa reevaluating
ChatterBot Papa reevaluating
2024-10-14 23:32:35.157223 Charlie: Golf and Whiskey, sending you 3
2024-10-14 23:32:35.158995 Victor: Charlie and Papa, sending you 1
2024-10-14 23:32:35.162164 Papa: Juliett we want you to join our group
2024-10-14 23:32:35.192249 Juliett: No
ChatterBot Papa reevaluating
2024-10-14 23:32:35.275693 Charlie: Victor and Papa, sending you 1
2024-10-14 23:32:35.281259 Oscar: Romeo and Juliett, sending you 2
2024-10-14 23:32:35.283675 Victor: Bravo, sending you 2
2024-10-14 23:32:35.285145 Bravo: Golf, sending you 1
2024-10-14 23:32:35.288285 Whiskey: Charlie, sending you 4
2024-10-14 23:32:35.290970 Romeo: Oscar, Victor, Juliett and Foxtrot, sending you 1
2024-10-14 23:32:35.293093 Foxtrot: Oscar and Romeo, sending you 5
2024-10-14 23:32:35.294083 Charlie: Bravo, sending you 2
2024-10-14 23:32:35.296821 Oscar: Foxtrot, sending you 1
2024-10-14 23:32:35.299757 Juliett: Oscar and Foxtrot, sending you 2
2024-10-14 23:32:35.302009 Golf: Charlie, sending you 5
2024-10-14 23:32:35.303400 Victor: Whiskey, sending you 3
chatterbot Juliett submitting transactions
2024-10-14 23:32:35.305922 Whiskey: Golf, Victor and Bravo, sending you 3
2024-10-14 23:32:35.308634 Foxtrot: Juliett, sending you 7
2024-10-14 23:32:35.310062 Juliett: Romeo, sending you 1
2024-10-14 23:32:35.311348 Golf: Bravo and Whiskey, sending you 4
2024-10-14 23:32:35.312980 Whiskey: Papa, sending you 2
2024-10-14 23:32:35.317665 Golf: Papa, sending you 2
2024-10-14 23:32:35.320702 Papa: Charlie, Oscar, Victor and Bravo, sending you 1
2024-10-14 23:32:35.329249 Papa: Golf and Whiskey, sending you 2
chatterbot Romeo submitting transactions
chatterbot Foxtrot submitting transactions
chatterbot Victor submitting transactions
chatterbot Whiskey submitting transactions
chatterbot Charlie submitting transactions
chatterbot Oscar submitting transactions
chatterbot Bravo submitting transactions
chatterbot Papa submitting transactions
chatterbot Golf submitting transactions
ChatterBot Charlie round 12
ChatterBot Oscar round 12
ChatterBot Golf round 12
ChatterBot Victor round 12
ChatterBot Romeo round 12
ChatterBot Bravo round 12
ChatterBot Whiskey round 12
ChatterBot Papa round 12
ChatterBot Juliett round 12
ChatterBot Foxtrot round 12
2024-10-14 23:32:36.262048 Romeo: We should replace Victor with Charlie
ChatterBot Oscar reevaluating
ChatterBot Juliett reevaluating
2024-10-14 23:32:36.272396 Foxtrot: No
2024-10-14 23:32:36.272562 Oscar: No
2024-10-14 23:32:36.272686 Juliett: No
ChatterBot Oscar reevaluating
ChatterBot Romeo reevaluating
ChatterBot Juliett reevaluating
ChatterBot Romeo reevaluating
ChatterBot Juliett reevaluating
ChatterBot Oscar reevaluating
ChatterBot Romeo reevaluating
2024-10-14 23:32:36.322248 Juliett: We should replace Victor with Whiskey
ChatterBot Oscar reevaluating
ChatterBot Romeo reevaluating
2024-10-14 23:32:36.331384 Foxtrot: No
2024-10-14 23:32:36.331514 Oscar: No
2024-10-14 23:32:36.331618 Romeo: Yes
ChatterBot Oscar reevaluating
ChatterBot Romeo reevaluating
ChatterBot Juliett reevaluating
ChatterBot Romeo reevaluating
ChatterBot Juliett reevaluating
ChatterBot Oscar reevaluating
ChatterBot Juliett reevaluating
2024-10-14 23:32:36.366804 Romeo: Whiskey we want you to join our group
2024-10-14 23:32:36.370316 Whiskey: No
ChatterBot Romeo reevaluating
ChatterBot Juliett reevaluating
2024-10-14 23:32:36.381862 Romeo: We should replace Victor with Papa
ChatterBot Oscar reevaluating
ChatterBot Juliett reevaluating
2024-10-14 23:32:36.389595 Foxtrot: No
2024-10-14 23:32:36.389738 Oscar: Yes
2024-10-14 23:32:36.389853 Juliett: No
ChatterBot Oscar reevaluating
ChatterBot Romeo reevaluating
ChatterBot Juliett reevaluating
ChatterBot Romeo reevaluating
ChatterBot Juliett reevaluating
ChatterBot Oscar reevaluating
ChatterBot Romeo reevaluating
2024-10-14 23:32:36.413521 Foxtrot: I was attacked by Bravo
