ChatterBot Oscar round 1
ChatterBot Bravo round 1
ChatterBot Papa round 1
ChatterBot Tango round 1
ChatterBot Yankee round 1
ChatterBot Sierra round 1
ChatterBot Romeo round 1
ChatterBot Hotel round 1
ChatterBot November round 1
ChatterBot Quebec round 1
randomSelections Oscar: {Oscar, Sierra, Quebec, Papa, November, Hotel} 
2024-10-14 23:32:19.083842 Oscar: Let's form a team
ChatterBot Sierra reevaluating
ChatterBot Quebec reevaluating
ChatterBot Papa reevaluating
ChatterBot November reevaluating
ChatterBot Hotel reevaluating
2024-10-14 23:32:19.159363 Sierra: Yes
2024-10-14 23:32:19.159607 Quebec: Yes
2024-10-14 23:32:19.159791 Papa: Yes
2024-10-14 23:32:19.160032 November: Yes
2024-10-14 23:32:19.160344 Hotel: Yes
ChatterBot Quebec reevaluating
ChatterBot Papa reevaluating
ChatterBot November reevaluating
ChatterBot Hotel reevaluating
ChatterBot Sierra reevaluating
ChatterBot Papa reevaluating
ChatterBot November reevaluating
ChatterBot Hotel reevaluating
ChatterBot Sierra reevaluating
ChatterBot Quebec reevaluating
ChatterBot November reevaluating
ChatterBot Hotel reevaluating
ChatterBot Sierra reevaluating
ChatterBot Quebec reevaluating
ChatterBot Papa reevaluating
ChatterBot Hotel reevaluating
ChatterBot Sierra reevaluating
ChatterBot Quebec reevaluating
ChatterBot Papa reevaluating
ChatterBot November reevaluating
randomSelections Bravo: {Bravo, Oscar, Papa, Hotel, November, Tango, Sierra} 
2024-10-14 23:32:19.248529 Bravo: Friends?
ChatterBot Papa reevaluating
ChatterBot Hotel reevaluating
ChatterBot November reevaluating
ChatterBot Tango reevaluating
ChatterBot Sierra reevaluating
2024-10-14 23:32:19.258319 Oscar: No
2024-10-14 23:32:19.259075 Papa: No
2024-10-14 23:32:19.259459 Hotel: No
2024-10-14 23:32:19.259717 November: No
2024-10-14 23:32:19.260491 Tango: Yes
2024-10-14 23:32:19.260736 Sierra: No
ChatterBot Papa reevaluating
ChatterBot Hotel reevaluating
ChatterBot November reevaluating
ChatterBot Tango reevaluating
ChatterBot Sierra reevaluating
ChatterBot Hotel reevaluating
ChatterBot November reevaluating
ChatterBot Tango reevaluating
ChatterBot Sierra reevaluating
ChatterBot Papa reevaluating
ChatterBot November reevaluating
ChatterBot Tango reevaluating
ChatterBot Sierra reevaluating
ChatterBot Papa reevaluating
ChatterBot Hotel reevaluating
ChatterBot Tango reevaluating
ChatterBot Sierra reevaluating
ChatterBot Papa reevaluating
ChatterBot Hotel reevaluating
ChatterBot November reevaluating
ChatterBot Sierra reevaluating
ChatterBot Papa reevaluating
ChatterBot Hotel reevaluating
ChatterBot November reevaluating
ChatterBot Tango reevaluating
randomSelections Yankee: {Yankee, Quebec, Hotel, Tango, Oscar, November} 
2024-10-14 23:32:19.324960 Yankee: Friends?
ChatterBot Quebec reevaluating
ChatterBot Hotel reevaluating
ChatterBot Tango reevaluating
ChatterBot November reevaluating
2024-10-14 23:32:19.333134 Quebec: No
2024-10-14 23:32:19.333381 Hotel: No
2024-10-14 23:32:19.333579 Tango: No
2024-10-14 23:32:19.334498 Oscar: No
2024-10-14 23:32:19.334684 November: No
ChatterBot Hotel reevaluating
ChatterBot Tango reevaluating
ChatterBot November reevaluating
ChatterBot Quebec reevaluating
ChatterBot Tango reevaluating
ChatterBot November reevaluating
ChatterBot Quebec reevaluating
ChatterBot Hotel reevaluating
ChatterBot November reevaluating
ChatterBot Quebec reevaluating
ChatterBot Hotel reevaluating
ChatterBot Tango reevaluating
ChatterBot November reevaluating
ChatterBot Quebec reevaluating
ChatterBot Hotel reevaluating
ChatterBot Tango reevaluating
randomSelections Romeo: {Romeo, Quebec, Yankee, Bravo, Hotel, Oscar, Tango, November} 
2024-10-14 23:32:19.383139 Romeo: Friends?
ChatterBot Quebec reevaluating
ChatterBot Hotel reevaluating
ChatterBot Tango reevaluating
ChatterBot November reevaluating
2024-10-14 23:32:19.397294 Quebec: No
2024-10-14 23:32:19.398335 Yankee: No
2024-10-14 23:32:19.398601 Bravo: No
2024-10-14 23:32:19.398852 Hotel: No
2024-10-14 23:32:19.399109 Oscar: No
2024-10-14 23:32:19.399357 Tango: No
2024-10-14 23:32:19.400310 November: No
ChatterBot Hotel reevaluating
ChatterBot Tango reevaluating
ChatterBot November reevaluating
ChatterBot Quebec reevaluating
ChatterBot Hotel reevaluating
ChatterBot Tango reevaluating
ChatterBot November reevaluating
ChatterBot Quebec reevaluating
ChatterBot Hotel reevaluating
ChatterBot Tango reevaluating
ChatterBot November reevaluating
ChatterBot Quebec reevaluating
ChatterBot Tango reevaluating
ChatterBot November reevaluating
ChatterBot Quebec reevaluating
ChatterBot Hotel reevaluating
ChatterBot Tango reevaluating
ChatterBot November reevaluating
ChatterBot Quebec reevaluating
ChatterBot Hotel reevaluating
ChatterBot November reevaluating
ChatterBot Quebec reevaluating
ChatterBot Hotel reevaluating
ChatterBot Tango reevaluating
2024-10-14 23:32:19.541212 Bravo: Oscar and Sierra, sending you 4
2024-10-14 23:32:19.543322 Tango: Oscar, Bravo, Papa, Sierra and November, sending you 2
2024-10-14 23:32:19.547511 November: Oscar and Sierra, sending you 3
2024-10-14 23:32:19.547894 Hotel: Oscar, sending you 4
2024-10-14 23:32:19.548175 Bravo: Papa and November, sending you 1
2024-10-14 23:32:19.549166 Oscar: Papa and Sierra, sending you 4
2024-10-14 23:32:19.549455 Romeo: Bravo and Hotel, sending you 3
2024-10-14 23:32:19.551929 Bravo: Tango, sending you 3
2024-10-14 23:32:19.553633 November: Papa, sending you 2
2024-10-14 23:32:19.553971 Hotel: Papa and Sierra, sending you 1
2024-10-14 23:32:19.554311 Quebec: Oscar, Papa and November, sending you 1
2024-10-14 23:32:19.554685 Sierra: Oscar, Hotel and Quebec, sending you 3
2024-10-14 23:32:19.558100 Oscar: Hotel, sending you 2
2024-10-14 23:32:19.558433 Papa: Oscar and Sierra, sending you 3
2024-10-14 23:32:19.558785 Yankee: Oscar, sending you 3
2024-10-14 23:32:19.560677 Romeo: Yankee and November, sending you 2
2024-10-14 23:32:19.561190 Bravo: Hotel, sending you 2
2024-10-14 23:32:19.561571 Hotel: November, sending you 2
2024-10-14 23:32:19.563341 November: Hotel and Quebec, sending you 1
2024-10-14 23:32:19.563775 Quebec: Sierra and Hotel, sending you 3
2024-10-14 23:32:19.568107 Oscar: Quebec, sending you 3
2024-10-14 23:32:19.568566 Papa: Hotel and November, sending you 2
2024-10-14 23:32:19.568996 Sierra: Papa and November, sending you 1
2024-10-14 23:32:19.570335 Yankee: Tango and November, sending you 2
2024-10-14 23:32:19.570673 Hotel: Quebec, sending you 3
2024-10-14 23:32:19.652704 Papa: Quebec, sending you 1
2024-10-14 23:32:19.653260 Yankee: Quebec, sending you 1
chatterbot Papa submitting transactions
chatterbot Oscar submitting transactions
chatterbot Sierra submitting transactions
chatterbot Yankee submitting transactions
chatterbot Bravo submitting transactions
chatterbot November submitting transactions
chatterbot Hotel submitting transactions
chatterbot Romeo submitting transactions
chatterbot Quebec submitting transactions
chatterbot Tango submitting transactions
ChatterBot Oscar round 2
ChatterBot Bravo round 2
ChatterBot Papa round 2
ChatterBot Tango round 2
ChatterBot Yankee round 2
ChatterBot Sierra round 2
ChatterBot Romeo round 2
ChatterBot Hotel round 2
ChatterBot November round 2
ChatterBot Quebec round 2
2024-10-14 23:32:20.799893 Yankee: Group up?
ChatterBot Romeo reevaluating
ChatterBot Bravo reevaluating
ChatterBot Tango reevaluating
2024-10-14 23:32:20.811814 Romeo: Yes
2024-10-14 23:32:20.811994 Bravo: Yes
2024-10-14 23:32:20.812627 Tango: Yes
ChatterBot Bravo reevaluating
ChatterBot Tango reevaluating
ChatterBot Romeo reevaluating
ChatterBot Tango reevaluating
ChatterBot Romeo reevaluating
ChatterBot Bravo reevaluating
2024-10-14 23:32:20.848664 Bravo: Group up?
ChatterBot Romeo reevaluating
ChatterBot Tango reevaluating
2024-10-14 23:32:20.862194 Yankee: Yes
2024-10-14 23:32:20.862351 Romeo: Yes
2024-10-14 23:32:20.862454 Tango: Yes
ChatterBot Romeo reevaluating
ChatterBot Bravo reevaluating
ChatterBot Tango reevaluating
ChatterBot Bravo reevaluating
ChatterBot Tango reevaluating
ChatterBot Romeo reevaluating
ChatterBot Bravo reevaluating
2024-10-14 23:32:20.920605 Oscar: We should add Bravo and Tango
ChatterBot Papa reevaluating
ChatterBot November reevaluating
ChatterBot Hotel reevaluating
2024-10-14 23:32:20.939745 Sierra: No
2024-10-14 23:32:20.939913 Quebec: No
2024-10-14 23:32:20.940431 Papa: Yes
2024-10-14 23:32:20.940567 November: No
2024-10-14 23:32:20.940689 Hotel: No
ChatterBot Papa reevaluating
ChatterBot November reevaluating
ChatterBot Hotel reevaluating
ChatterBot Papa reevaluating
ChatterBot November reevaluating
ChatterBot Hotel reevaluating
ChatterBot November reevaluating
ChatterBot Hotel reevaluating
ChatterBot Oscar reevaluating
ChatterBot Papa reevaluating
ChatterBot Hotel reevaluating
ChatterBot Oscar reevaluating
ChatterBot Papa reevaluating
ChatterBot November reevaluating
2024-10-14 23:32:21.059071 Oscar: We should add Yankee
ChatterBot Papa reevaluating
ChatterBot November reevaluating
ChatterBot Hotel reevaluating
2024-10-14 23:32:21.078359 Sierra: No
2024-10-14 23:32:21.078948 Quebec: No
2024-10-14 23:32:21.079081 Papa: No
2024-10-14 23:32:21.079194 November: No
2024-10-14 23:32:21.079300 Hotel: No
ChatterBot Oscar reevaluating
ChatterBot Papa reevaluating
ChatterBot November reevaluating
ChatterBot Hotel reevaluating
ChatterBot Oscar reevaluating
ChatterBot Papa reevaluating
ChatterBot November reevaluating
ChatterBot Hotel reevaluating
ChatterBot Oscar reevaluating
ChatterBot November reevaluating
ChatterBot Hotel reevaluating
ChatterBot Oscar reevaluating
ChatterBot Papa reevaluating
ChatterBot Hotel reevaluating
ChatterBot Oscar reevaluating
ChatterBot Papa reevaluating
ChatterBot November reevaluating
2024-10-14 23:32:21.700873 Bravo: Tango and Romeo, sending you 4
2024-10-14 23:32:21.701870 Quebec: Oscar, Sierra and Hotel, sending you 3
2024-10-14 23:32:21.702494 Papa: Bravo and Tango we want you to join our group
2024-10-14 23:32:21.710273 Bravo: No
2024-10-14 23:32:21.710558 Tango: No
ChatterBot Oscar reevaluating
ChatterBot Oscar reevaluating
2024-10-14 23:32:21.772354 Sierra: Oscar, sending you 3
2024-10-14 23:32:21.773856 Yankee: Bravo and Tango, sending you 2
2024-10-14 23:32:21.774392 Romeo: Bravo and Tango, sending you 3
chatterbot Sierra submitting transactions
chatterbot Bravo submitting transactions
2024-10-14 23:32:21.775977 Bravo: Yankee, sending you 3
2024-10-14 23:32:21.776563 Quebec: Papa, sending you 2
2024-10-14 23:32:21.778125 Sierra: Papa, Hotel, November and Quebec, sending you 2
2024-10-14 23:32:21.779588 Yankee: Romeo, sending you 3
2024-10-14 23:32:21.780825 Tango: Bravo, sending you 6
2024-10-14 23:32:21.781363 Romeo: Yankee, sending you 4
2024-10-14 23:32:22.040961 Tango: Yankee, sending you 4
chatterbot Hotel submitting transactions
chatterbot Romeo submitting transactions
chatterbot Yankee submitting transactions
chatterbot Quebec submitting transactions
2024-10-14 23:32:22.120026 Oscar: Papa, Sierra, Hotel and November, sending you 3
2024-10-14 23:32:22.120646 Tango: Romeo, sending you 1
2024-10-14 23:32:22.121363 Hotel: Oscar and Papa, sending you 2
2024-10-14 23:32:22.121829 Papa: Oscar, sending you 3
2024-10-14 23:32:22.122721 November: Oscar, Sierra, Hotel and Quebec, sending you 2
2024-10-14 23:32:22.262003 Oscar: Quebec, sending you 1
2024-10-14 23:32:22.262462 Hotel: Sierra and Quebec, sending you 3
2024-10-14 23:32:22.262971 Papa: Bravo, Sierra, Hotel and Quebec, sending you 1
2024-10-14 23:32:22.263843 November: Papa, sending you 3
chatterbot November submitting transactions
2024-10-14 23:32:22.285178 Papa: Tango and November, sending you 2
2024-10-14 23:32:22.286239 Hotel: November, sending you 1
chatterbot Tango submitting transactions
chatterbot Papa submitting transactions
chatterbot Oscar submitting transactions
ChatterBot Oscar round 3
ChatterBot Bravo round 3
ChatterBot Papa round 3
ChatterBot Tango round 3
ChatterBot Yankee round 3
ChatterBot Sierra round 3
ChatterBot Romeo round 3
ChatterBot Hotel round 3
ChatterBot November round 3
ChatterBot Quebec round 3
2024-10-14 23:32:22.952094 Romeo: We should add Papa
ChatterBot Yankee reevaluating
ChatterBot Bravo reevaluating
2024-10-14 23:32:22.966902 Yankee: No
2024-10-14 23:32:22.967745 Bravo: Yes
2024-10-14 23:32:22.968036 Tango: No
ChatterBot Romeo reevaluating
ChatterBot Bravo reevaluating
ChatterBot Yankee reevaluating
ChatterBot Romeo reevaluating
ChatterBot Yankee reevaluating
ChatterBot Romeo reevaluating
ChatterBot Bravo reevaluating
2024-10-14 23:32:23.053 Romeo: We should add November
ChatterBot Yankee reevaluating
ChatterBot Bravo reevaluating
2024-10-14 23:32:23.062123 Yankee: No
2024-10-14 23:32:23.062328 Bravo: Yes
2024-10-14 23:32:23.062445 Tango: No
ChatterBot Romeo reevaluating
ChatterBot Bravo reevaluating
ChatterBot Yankee reevaluating
ChatterBot Romeo reevaluating
ChatterBot Yankee reevaluating
ChatterBot Romeo reevaluating
ChatterBot Bravo reevaluating
2024-10-14 23:32:23.089923 Bravo: We should add Quebec
ChatterBot Yankee reevaluating
ChatterBot Romeo reevaluating
2024-10-14 23:32:23.098819 Yankee: No
2024-10-14 23:32:23.099420 Romeo: Yes
2024-10-14 23:32:23.099521 Tango: No
ChatterBot Romeo reevaluating
ChatterBot Bravo reevaluating
ChatterBot Yankee reevaluating
ChatterBot Bravo reevaluating
ChatterBot Yankee reevaluating
ChatterBot Romeo reevaluating
ChatterBot Bravo reevaluating
2024-10-14 23:32:23.128285 Papa: We should drop Bravo and Tango
2024-10-14 23:32:23.147336 Oscar: Yes
2024-10-14 23:32:23.147552 Sierra: Yes
2024-10-14 23:32:23.147727 Quebec: Yes
2024-10-14 23:32:23.147899 November: Yes
2024-10-14 23:32:23.148058 Hotel: Yes
2024-10-14 23:32:23.260386 November: We should drop Quebec
2024-10-14 23:32:23.277547 Oscar: No
2024-10-14 23:32:23.277742 Papa: No
2024-10-14 23:32:23.277889 Sierra: No
2024-10-14 23:32:23.278030 Hotel: No
2024-10-14 23:32:23.348806 Romeo: Sierra we want you to join our group
2024-10-14 23:32:23.353504 Sierra: No
ChatterBot Romeo reevaluating
ChatterBot Bravo reevaluating
2024-10-14 23:32:23.374268 Bravo: We should add Oscar
ChatterBot Romeo reevaluating
2024-10-14 23:32:23.388192 Yankee: No
2024-10-14 23:32:23.388413 Romeo: Yes
2024-10-14 23:32:23.388554 Tango: No
ChatterBot Romeo reevaluating
ChatterBot Bravo reevaluating
ChatterBot Bravo reevaluating
ChatterBot Romeo reevaluating
ChatterBot Bravo reevaluating
2024-10-14 23:32:23.430237 Bravo: We should add Hotel
ChatterBot Romeo reevaluating
2024-10-14 23:32:23.438221 Yankee: No
2024-10-14 23:32:23.438376 Romeo: No
2024-10-14 23:32:23.438922 Tango: No
ChatterBot Romeo reevaluating
ChatterBot Bravo reevaluating
ChatterBot Bravo reevaluating
ChatterBot Romeo reevaluating
ChatterBot Bravo reevaluating
2024-10-14 23:32:23.466572 Quebec: Oscar, Papa, Sierra and November, sending you 2
2024-10-14 23:32:23.467051 Sierra: Oscar, sending you 3
2024-10-14 23:32:23.467387 Hotel: Oscar and Quebec, sending you 3
2024-10-14 23:32:23.468284 Yankee: Bravo, sending you 2
2024-10-14 23:32:23.468536 Tango: Bravo, sending you 5
2024-10-14 23:32:23.468768 Oscar: Papa, Sierra, Hotel and November, sending you 3
2024-10-14 23:32:23.469814 Romeo: Papa we want you to join our group
2024-10-14 23:32:23.472671 Papa: No
ChatterBot Bravo reevaluating
2024-10-14 23:32:23.483423 Quebec: Hotel, sending you 3
2024-10-14 23:32:23.483860 Sierra: Papa, Hotel, November and Quebec, sending you 2
2024-10-14 23:32:23.484841 Oscar: Quebec, sending you 1
2024-10-14 23:32:23.485161 Papa: Oscar, sending you 4
2024-10-14 23:32:23.485475 Hotel: Papa, sending you 1
2024-10-14 23:32:23.486179 Yankee: Tango and Romeo, sending you 3
2024-10-14 23:32:23.486481 Tango: Yankee and Romeo, sending you 3
2024-10-14 23:32:23.486753 November: Oscar, Papa and Sierra, sending you 3
2024-10-14 23:32:23.491355 Papa: Sierra and Hotel, sending you 2
2024-10-14 23:32:23.491771 Hotel: Sierra and November, sending you 2
2024-10-14 23:32:23.492112 November: Hotel, sending you 2
2024-10-14 23:32:23.492371 Bravo: Papa we want you to join our group
2024-10-14 23:32:23.495179 Papa: No
ChatterBot Romeo reevaluating
ChatterBot Bravo reevaluating
2024-10-14 23:32:23.507587 Papa: November, sending you 3
2024-10-14 23:32:23.547529 Romeo: Bravo and Yankee, sending you 4
2024-10-14 23:32:23.558189 Romeo: Tango, sending you 1
2024-10-14 23:32:23.559197 Bravo: Papa, Yankee and Romeo, sending you 3
2024-10-14 23:32:23.600033 Bravo: Tango, sending you 4
chatterbot Quebec submitting transactions
chatterbot Yankee submitting transactions
chatterbot Tango submitting transactions
chatterbot Sierra submitting transactions
chatterbot Papa submitting transactions
chatterbot Oscar submitting transactions
chatterbot November submitting transactions
chatterbot Hotel submitting transactions
chatterbot Romeo submitting transactions
chatterbot Bravo submitting transactions
ChatterBot Oscar round 4
ChatterBot Bravo round 4
ChatterBot Papa round 4
ChatterBot Tango round 4
ChatterBot Yankee round 4
ChatterBot Sierra round 4
ChatterBot Romeo round 4
ChatterBot Hotel round 4
ChatterBot November round 4
ChatterBot Quebec round 4
2024-10-14 23:32:24.739042 Bravo: We should replace Papa with Sierra
2024-10-14 23:32:24.747247 Yankee: No
2024-10-14 23:32:24.748089 Romeo: Yes
2024-10-14 23:32:24.748286 Tango: No
ChatterBot Bravo reevaluating
2024-10-14 23:32:24.843602 Oscar: Papa, Sierra, Hotel and November, sending you 3
2024-10-14 23:32:24.845470 Yankee: Bravo, sending you 2
2024-10-14 23:32:24.846788 Tango: Bravo, sending you 5
2024-10-14 23:32:24.847646 Romeo: Bravo, sending you 4
2024-10-14 23:32:24.849010 Hotel: Oscar and Quebec, sending you 3
2024-10-14 23:32:24.850749 Papa: Oscar and November, sending you 3
2024-10-14 23:32:24.852440 Sierra: Oscar, sending you 3
2024-10-14 23:32:24.854434 Quebec: Oscar and November, sending you 2
2024-10-14 23:32:24.856195 Oscar: Quebec, sending you 1
2024-10-14 23:32:24.857362 Yankee: Tango and Romeo, sending you 3
2024-10-14 23:32:24.859024 Tango: Yankee, sending you 4
2024-10-14 23:32:24.861184 Romeo: Tango and Yankee, sending you 3
2024-10-14 23:32:24.862300 Hotel: Papa, sending you 1
2024-10-14 23:32:24.863209 Papa: Sierra and Quebec, sending you 2
2024-10-14 23:32:24.864559 Sierra: Papa, Hotel, November and Quebec, sending you 2
2024-10-14 23:32:24.866137 Bravo: Papa, sending you 2
2024-10-14 23:32:24.867990 Quebec: Papa, sending you 1
2024-10-14 23:32:24.868988 November: Oscar, Papa and Sierra, sending you 3
2024-10-14 23:32:24.870267 Tango: Romeo, sending you 2
2024-10-14 23:32:24.871007 Hotel: Sierra and November, sending you 2
2024-10-14 23:32:24.872562 Papa: Hotel, sending you 1
2024-10-14 23:32:24.874268 Bravo: Tango, sending you 4
2024-10-14 23:32:24.874788 Quebec: Sierra and Hotel, sending you 3
2024-10-14 23:32:24.876295 November: Hotel, sending you 2
2024-10-14 23:32:24.883900 Bravo: Yankee and Romeo, sending you 3
chatterbot Quebec submitting transactions
chatterbot Sierra submitting transactions
chatterbot Romeo submitting transactions
chatterbot Yankee submitting transactions
chatterbot Hotel submitting transactions
chatterbot November submitting transactions
chatterbot Tango submitting transactions
chatterbot Bravo submitting transactions
chatterbot Papa submitting transactions
chatterbot Oscar submitting transactions
ChatterBot Oscar round 5
ChatterBot Bravo round 5
ChatterBot Papa round 5
ChatterBot Tango round 5
ChatterBot Yankee round 5
ChatterBot Sierra round 5
ChatterBot Romeo round 5
ChatterBot Hotel round 5
ChatterBot November round 5
ChatterBot Quebec round 5
2024-10-14 23:32:26.015525 Bravo: We should replace Papa with Sierra
2024-10-14 23:32:26.024458 Yankee: No
2024-10-14 23:32:26.024721 Romeo: Yes
2024-10-14 23:32:26.024964 Tango: No
ChatterBot Bravo reevaluating
ChatterBot Bravo reevaluating
2024-10-14 23:32:26.106068 Bravo: Sierra we want you to join our group
2024-10-14 23:32:26.111394 Sierra: No
ChatterBot Bravo reevaluating
2024-10-14 23:32:26.131131 Papa: Oscar, sending you 4
2024-10-14 23:32:26.131829 Romeo: Bravo and Yankee, sending you 4
2024-10-14 23:32:26.132815 Yankee: Bravo, sending you 2
2024-10-14 23:32:26.133160 Hotel: Oscar and Quebec, sending you 3
2024-10-14 23:32:26.133647 Oscar: Papa, Sierra, Hotel and November, sending you 3
2024-10-14 23:32:26.134112 Sierra: Oscar, sending you 3
2024-10-14 23:32:26.135061 November: Oscar, Papa and Sierra, sending you 3
2024-10-14 23:32:26.135378 Quebec: Oscar, Papa, Sierra and November, sending you 2
2024-10-14 23:32:26.135856 Romeo: Tango, sending you 2
2024-10-14 23:32:26.136718 Papa: Sierra, sending you 2
2024-10-14 23:32:26.137153 Oscar: Quebec, sending you 1
2024-10-14 23:32:26.144261 Yankee: Tango and Romeo, sending you 3
2024-10-14 23:32:26.145693 Hotel: Papa, sending you 1
2024-10-14 23:32:26.146485 Sierra: Papa, Hotel, November and Quebec, sending you 2
2024-10-14 23:32:26.147951 November: Hotel, sending you 2
2024-10-14 23:32:26.148339 Quebec: Hotel, sending you 3
2024-10-14 23:32:26.149831 Papa: Hotel and Quebec, sending you 1
2024-10-14 23:32:26.151184 Hotel: Sierra and November, sending you 2
2024-10-14 23:32:26.188935 Papa: November, sending you 3
2024-10-14 23:32:26.202333 Bravo: Tango and Yankee, sending you 4
2024-10-14 23:32:26.210359 Bravo: Sierra, sending you 2
2024-10-14 23:32:26.229849 Bravo: Romeo, sending you 3
chatterbot Tango submitting transactions
chatterbot Hotel submitting transactions
chatterbot November submitting transactions
chatterbot Quebec submitting transactions
chatterbot Papa submitting transactions
chatterbot Sierra submitting transactions
chatterbot Yankee submitting transactions
chatterbot Oscar submitting transactions
chatterbot Romeo submitting transactions
chatterbot Bravo submitting transactions
ChatterBot Oscar round 6
ChatterBot Bravo round 6
ChatterBot Papa round 6
ChatterBot Tango round 6
ChatterBot Yankee round 6
ChatterBot Sierra round 6
ChatterBot Romeo round 6
2024-10-14 23:32:27.289169 Papa: We should add Romeo
ChatterBot Oscar reevaluating
ChatterBot Sierra reevaluating
ChatterBot November reevaluating
2024-10-14 23:32:27.314870 Oscar: Yes
2024-10-14 23:32:27.315139 Sierra: No
2024-10-14 23:32:27.315343 Quebec: No
2024-10-14 23:32:27.315552 November: No
2024-10-14 23:32:27.316447 Hotel: No
ChatterBot Sierra reevaluating
ChatterBot November reevaluating
ChatterBot Oscar reevaluating
ChatterBot November reevaluating
ChatterBot Oscar reevaluating
ChatterBot Sierra reevaluating
ChatterBot Papa reevaluating
ChatterBot November reevaluating
ChatterBot Oscar reevaluating
ChatterBot Sierra reevaluating
ChatterBot Papa reevaluating
ChatterBot Oscar reevaluating
ChatterBot Sierra reevaluating
ChatterBot Papa reevaluating
ChatterBot November reevaluating
ChatterBot Hotel round 6
ChatterBot November round 6
ChatterBot Quebec round 6
2024-10-14 23:32:27.456081 Papa: We should add Bravo
ChatterBot Oscar reevaluating
ChatterBot Sierra reevaluating
ChatterBot November reevaluating
2024-10-14 23:32:27.476156 Oscar: No
2024-10-14 23:32:27.476441 Sierra: No
2024-10-14 23:32:27.476594 Quebec: No
2024-10-14 23:32:27.476756 November: No
2024-10-14 23:32:27.476928 Hotel: No
ChatterBot Sierra reevaluating
ChatterBot Papa reevaluating
ChatterBot November reevaluating
ChatterBot Oscar reevaluating
ChatterBot Papa reevaluating
ChatterBot November reevaluating
ChatterBot Oscar reevaluating
ChatterBot Sierra reevaluating
ChatterBot Papa reevaluating
ChatterBot November reevaluating
ChatterBot Oscar reevaluating
ChatterBot Sierra reevaluating
ChatterBot Papa reevaluating
ChatterBot Oscar reevaluating
ChatterBot Sierra reevaluating
ChatterBot Papa reevaluating
ChatterBot November reevaluating
2024-10-14 23:32:27.663436 Romeo: Bravo, sending you 3
2024-10-14 23:32:27.665360 Tango: Bravo, sending you 5
2024-10-14 23:32:27.665997 Papa: Oscar and November, sending you 3
2024-10-14 23:32:27.668095 Yankee: Bravo and Romeo, sending you 3
2024-10-14 23:32:27.668777 Romeo: Tango, sending you 2
2024-10-14 23:32:27.669382 Bravo: Tango, Yankee and Romeo, sending you 4
2024-10-14 23:32:27.670861 Hotel: Oscar and Quebec, sending you 3
2024-10-14 23:32:27.671877 Tango: Yankee, sending you 4
2024-10-14 23:32:27.673289 Sierra: Oscar, sending you 3
2024-10-14 23:32:27.674203 Quebec: Oscar and Papa, sending you 2
2024-10-14 23:32:27.675947 Papa: Sierra and Quebec, sending you 2
2024-10-14 23:32:27.676568 Yankee: Tango, sending you 2
2024-10-14 23:32:27.677640 Romeo: Yankee, sending you 4
2024-10-14 23:32:27.678021 November: Oscar, Papa and Sierra, sending you 3
2024-10-14 23:32:27.678454 Tango: Romeo, sending you 2
2024-10-14 23:32:27.678792 Hotel: Papa, sending you 1
2024-10-14 23:32:27.680685 Sierra: Papa, Hotel, November and Quebec, sending you 2
2024-10-14 23:32:27.682796 Quebec: Sierra and Hotel, sending you 3
2024-10-14 23:32:27.683564 Papa: Hotel, sending you 1
2024-10-14 23:32:27.685324 November: Hotel, sending you 2
2024-10-14 23:32:27.685850 Hotel: Sierra and November, sending you 2
2024-10-14 23:32:27.687491 Quebec: November, sending you 1
chatterbot Bravo submitting transactions
chatterbot Sierra submitting transactions
chatterbot Yankee submitting transactions
chatterbot Romeo submitting transactions
chatterbot Hotel submitting transactions
chatterbot Tango submitting transactions
chatterbot November submitting transactions
chatterbot Oscar submitting transactions
chatterbot Quebec submitting transactions
chatterbot Papa submitting transactions
ChatterBot Oscar round 7
ChatterBot Bravo round 7
ChatterBot Papa round 7
ChatterBot Tango round 7
ChatterBot Yankee round 7
ChatterBot Sierra round 7
ChatterBot Romeo round 7
ChatterBot Hotel round 7
ChatterBot November round 7
2024-10-14 23:32:29.255895 Bravo: We should replace Sierra with Papa
ChatterBot Romeo reevaluating
2024-10-14 23:32:29.266004 Yankee: No
2024-10-14 23:32:29.266178 Romeo: No
2024-10-14 23:32:29.266318 Tango: No
ChatterBot Romeo reevaluating
ChatterBot Bravo reevaluating
ChatterBot Yankee reevaluating
ChatterBot Bravo reevaluating
ChatterBot Yankee reevaluating
ChatterBot Romeo reevaluating
ChatterBot Bravo reevaluating
ChatterBot Quebec round 7
2024-10-14 23:32:29.325691 Sierra: We should drop November
2024-10-14 23:32:29.339117 Oscar: No
2024-10-14 23:32:29.339314 Papa: No
2024-10-14 23:32:29.339428 Hotel: No
2024-10-14 23:32:29.339553 Quebec: No
ChatterBot Sierra reevaluating
ChatterBot Papa reevaluating
ChatterBot Sierra reevaluating
ChatterBot Sierra reevaluating
ChatterBot Papa reevaluating
ChatterBot Sierra reevaluating
ChatterBot Papa reevaluating
2024-10-14 23:32:29.521116 Papa: We should add Yankee
ChatterBot Oscar reevaluating
ChatterBot Sierra reevaluating
2024-10-14 23:32:29.545883 Oscar: Yes
2024-10-14 23:32:29.546096 Sierra: No
2024-10-14 23:32:29.546373 Quebec: No
2024-10-14 23:32:29.546520 November: No
2024-10-14 23:32:29.546761 Hotel: No
ChatterBot Sierra reevaluating
ChatterBot Papa reevaluating
ChatterBot Oscar reevaluating
ChatterBot Papa reevaluating
ChatterBot November reevaluating
ChatterBot Oscar reevaluating
ChatterBot Sierra reevaluating
ChatterBot Papa reevaluating
ChatterBot November reevaluating
ChatterBot Oscar reevaluating
ChatterBot Sierra reevaluating
ChatterBot Papa reevaluating
ChatterBot Oscar reevaluating
ChatterBot Sierra reevaluating
ChatterBot Papa reevaluating
ChatterBot November reevaluating
2024-10-14 23:32:29.640128 Romeo: Quebec we want you to join our group
2024-10-14 23:32:29.646053 Quebec: No
ChatterBot Romeo reevaluating
ChatterBot Bravo reevaluating
2024-10-14 23:32:29.665583 Tango: Bravo, sending you 5
2024-10-14 23:32:29.667172 Sierra: We should drop Oscar
ChatterBot November reevaluating
2024-10-14 23:32:29.680449 Papa: No
2024-10-14 23:32:29.680807 Hotel: No
2024-10-14 23:32:29.681007 November: Yes
2024-10-14 23:32:29.681221 Quebec: No
ChatterBot Sierra reevaluating
ChatterBot November reevaluating
ChatterBot Sierra reevaluating
ChatterBot November reevaluating
ChatterBot Sierra reevaluating
ChatterBot Sierra reevaluating
ChatterBot November reevaluating
2024-10-14 23:32:29.740408 Yankee: Bravo, sending you 3
2024-10-14 23:32:29.742107 Tango: Yankee, sending you 4
chatterbot Tango submitting transactions
2024-10-14 23:32:29.743547 Romeo: Papa we want you to join our group
2024-10-14 23:32:29.747394 Papa: No
ChatterBot Bravo reevaluating
2024-10-14 23:32:29.763154 Hotel: Oscar, Papa, Sierra and November, sending you 2
2024-10-14 23:32:29.764604 November: We should replace Sierra with Quebec
ChatterBot Oscar reevaluating
ChatterBot Hotel reevaluating
2024-10-14 23:32:29.775374 Oscar: No
2024-10-14 23:32:29.775573 Papa: No
2024-10-14 23:32:29.776373 Hotel: Yes
ChatterBot November reevaluating
ChatterBot Hotel reevaluating
ChatterBot November reevaluating
ChatterBot Oscar reevaluating
ChatterBot Hotel reevaluating
ChatterBot November reevaluating
ChatterBot Oscar reevaluating
2024-10-14 23:32:29.817276 Yankee: Tango and Romeo, sending you 2
2024-10-14 23:32:29.817960 Tango: Romeo, sending you 2
2024-10-14 23:32:29.819266 Papa: Oscar and November, sending you 3
2024-10-14 23:32:29.820569 Quebec: Oscar and Papa, sending you 2
2024-10-14 23:32:29.821459 Bravo: Papa we want you to join our group
2024-10-14 23:32:29.826523 Papa: No
ChatterBot Romeo reevaluating
ChatterBot Bravo reevaluating
2024-10-14 23:32:29.848257 November: Quebec we want you to join our group
2024-10-14 23:32:29.852219 Quebec: Yes
ChatterBot Oscar reevaluating
2024-10-14 23:32:29.863797 Papa: Sierra and Quebec, sending you 2
2024-10-14 23:32:29.864922 Quebec: Sierra and Hotel, sending you 3
chatterbot Yankee submitting transactions
2024-10-14 23:32:29.868210 Quebec: November, sending you 1
2024-10-14 23:32:29.869139 Papa: Hotel, sending you 1
2024-10-14 23:32:29.870168 Sierra: Oscar and Hotel, sending you 3
2024-10-14 23:32:29.874700 Sierra: Papa and Quebec, sending you 2
2024-10-14 23:32:29.878673 November: Oscar, Papa and Hotel, sending you 3
2024-10-14 23:32:29.881715 November: Quebec, sending you 2
2024-10-14 23:32:29.883681 Romeo: Bravo, sending you 3
2024-10-14 23:32:29.886706 Romeo: Tango, sending you 2
2024-10-14 23:32:29.890945 Romeo: Yankee, sending you 4
2024-10-14 23:32:29.897675 Bravo: Papa, sending you 2
2024-10-14 23:32:29.901694 Bravo: Tango, Yankee and Romeo, sending you 4
chatterbot November submitting transactions
chatterbot Romeo submitting transactions
chatterbot Hotel submitting transactions
chatterbot Oscar submitting transactions
chatterbot Quebec submitting transactions
chatterbot Bravo submitting transactions
chatterbot Sierra submitting transactions
chatterbot Papa submitting transactions
ChatterBot Oscar round 8
ChatterBot Bravo round 8
ChatterBot Papa round 8
ChatterBot Tango round 8
ChatterBot Yankee round 8
ChatterBot Sierra round 8
ChatterBot Romeo round 8
ChatterBot Hotel round 8
ChatterBot November round 8
ChatterBot Quebec round 8
2024-10-14 23:32:30.910441 Romeo: We should replace Quebec with Papa
2024-10-14 23:32:30.920622 Yankee: No
2024-10-14 23:32:30.920948 Bravo: Yes
2024-10-14 23:32:30.921213 Tango: No
ChatterBot Romeo reevaluating
ChatterBot Yankee reevaluating
ChatterBot Romeo reevaluating
ChatterBot Yankee reevaluating
ChatterBot Romeo reevaluating
ChatterBot Bravo reevaluating
2024-10-14 23:32:30.956186 Bravo: We should replace Papa with Sierra
ChatterBot Yankee reevaluating
ChatterBot Romeo reevaluating
2024-10-14 23:32:30.972047 Yankee: No
2024-10-14 23:32:30.972485 Romeo: Yes
2024-10-14 23:32:30.972716 Tango: No
ChatterBot Romeo reevaluating
ChatterBot Bravo reevaluating
ChatterBot Yankee reevaluating
ChatterBot Bravo reevaluating
ChatterBot Yankee reevaluating
ChatterBot Romeo reevaluating
ChatterBot Bravo reevaluating
2024-10-14 23:32:31.018001 Romeo: We should replace Quebec with Sierra
ChatterBot Yankee reevaluating
ChatterBot Bravo reevaluating
2024-10-14 23:32:31.028751 Yankee: Yes
2024-10-14 23:32:31.029009 Bravo: Yes
2024-10-14 23:32:31.029270 Tango: No
ChatterBot Romeo reevaluating
ChatterBot Bravo reevaluating
ChatterBot Yankee reevaluating
ChatterBot Romeo reevaluating
ChatterBot Yankee reevaluating
ChatterBot Romeo reevaluating
ChatterBot Bravo reevaluating
chatterbot Hotel submitting transactions
2024-10-14 23:32:31.063695 Romeo: Sierra we want you to join our group
2024-10-14 23:32:31.066888 Sierra: No
ChatterBot Bravo reevaluating
ChatterBot Yankee reevaluating
2024-10-14 23:32:31.079235 Papa: Oscar and November, sending you 3
2024-10-14 23:32:31.080085 Tango: Bravo, sending you 5
2024-10-14 23:32:31.080933 Sierra: Oscar, Hotel and Quebec, sending you 3
2024-10-14 23:32:31.083672 Papa: Sierra and Quebec, sending you 2
2024-10-14 23:32:31.084628 November: Oscar, Papa and Hotel, sending you 3
2024-10-14 23:32:31.085734 Quebec: Oscar, Papa, Sierra and November, sending you 2
2024-10-14 23:32:31.086597 Tango: Yankee, sending you 4
2024-10-14 23:32:31.087159 Sierra: Papa, sending you 2
2024-10-14 23:32:31.087676 Bravo: Sierra we want you to join our group
2024-10-14 23:32:31.092760 Sierra: No
ChatterBot Yankee reevaluating
2024-10-14 23:32:31.110439 Hotel: Oscar, sending you 4
2024-10-14 23:32:31.111250 Papa: Hotel, sending you 1
2024-10-14 23:32:31.112591 November: Quebec, sending you 2
2024-10-14 23:32:31.113017 Quebec: Hotel, sending you 3
2024-10-14 23:32:31.113805 Tango: Romeo, sending you 2
2024-10-14 23:32:31.114960 Hotel: Papa, sending you 1
2024-10-14 23:32:31.119720 Romeo: Bravo, sending you 3
2024-10-14 23:32:31.120272 Hotel: Sierra, November and Quebec, sending you 2
2024-10-14 23:32:31.124669 Romeo: Tango, sending you 2
2024-10-14 23:32:31.128671 Romeo: Yankee, sending you 4
2024-10-14 23:32:31.138673 Bravo: Tango and Romeo, sending you 4
2024-10-14 23:32:31.140692 Yankee: Sending you each 2
2024-10-14 23:32:31.144166 Bravo: Yankee, sending you 5
chatterbot Sierra submitting transactions
chatterbot Quebec submitting transactions
chatterbot Romeo submitting transactions
chatterbot Yankee submitting transactions
chatterbot Oscar submitting transactions
chatterbot Papa submitting transactions
chatterbot November submitting transactions
chatterbot Bravo submitting transactions
chatterbot Tango submitting transactions
ChatterBot Oscar round 9
ChatterBot Bravo round 9
ChatterBot Papa round 9
ChatterBot Tango round 9
ChatterBot Yankee round 9
ChatterBot Sierra round 9
ChatterBot Romeo round 9
ChatterBot Hotel round 9
ChatterBot November round 9
ChatterBot Quebec round 9
chatterbot Hotel submitting transactions
2024-10-14 23:32:32.238797 Papa: Oscar and November, sending you 3
2024-10-14 23:32:32.244706 Papa: Sierra and Quebec, sending you 2
2024-10-14 23:32:32.247017 Hotel: Oscar, sending you 4
2024-10-14 23:32:32.249956 Papa: Hotel, sending you 1
2024-10-14 23:32:32.252021 Bravo: Tango and Romeo, sending you 4
2024-10-14 23:32:32.254112 Hotel: Papa, sending you 1
2024-10-14 23:32:32.257113 Tango: Bravo, sending you 5
2024-10-14 23:32:32.258870 Yankee: Same as last round
2024-10-14 23:32:32.260080 Romeo: Bravo and Yankee, sending you 3
2024-10-14 23:32:32.261672 Bravo: Yankee, sending you 5
2024-10-14 23:32:32.263793 Hotel: Sierra, November and Quebec, sending you 2
2024-10-14 23:32:32.265993 Sierra: Oscar, Hotel and Quebec, sending you 3
2024-10-14 23:32:32.267125 November: Oscar, Papa and Hotel, sending you 3
2024-10-14 23:32:32.268651 Quebec: Oscar and Papa, sending you 2
2024-10-14 23:32:32.270958 Tango: Yankee, sending you 4
2024-10-14 23:32:32.272758 Romeo: Tango, sending you 2
2024-10-14 23:32:32.274203 Sierra: Papa, sending you 2
2024-10-14 23:32:32.276839 November: Quebec, sending you 2
2024-10-14 23:32:32.278093 Quebec: Sierra and Hotel, sending you 3
2024-10-14 23:32:32.280196 Tango: Romeo, sending you 2
2024-10-14 23:32:32.283106 Quebec: November, sending you 1
chatterbot Quebec submitting transactions
chatterbot Romeo submitting transactions
chatterbot Papa submitting transactions
chatterbot November submitting transactions
chatterbot Hotel submitting transactions
chatterbot Bravo submitting transactions
chatterbot Tango submitting transactions
chatterbot Yankee submitting transactions
chatterbot Oscar submitting transactions
chatterbot Sierra submitting transactions
ChatterBot Oscar round 10
ChatterBot Bravo round 10
ChatterBot Papa round 10
ChatterBot Tango round 10
ChatterBot Yankee round 10
ChatterBot Sierra round 10
ChatterBot Romeo round 10
ChatterBot Hotel round 10
ChatterBot November round 10
ChatterBot Quebec round 10
2024-10-14 23:32:33.360088 Sierra: We should add November
ChatterBot Oscar reevaluating
2024-10-14 23:32:33.376777 Oscar: Yes
2024-10-14 23:32:33.376969 Papa: Yes
2024-10-14 23:32:33.377127 Hotel: Yes
2024-10-14 23:32:33.377278 Quebec: Yes
ChatterBot Oscar reevaluating
ChatterBot Oscar reevaluating
ChatterBot Oscar reevaluating
2024-10-14 23:32:33.442839 Sierra: November we want you to join our group
2024-10-14 23:32:33.447126 November: No
ChatterBot Oscar reevaluating
2024-10-14 23:32:33.462707 Bravo: Tango and Romeo, sending you 4
2024-10-14 23:32:33.464277 Yankee: Same as last round
2024-10-14 23:32:33.464917 Tango: Bravo, sending you 5
2024-10-14 23:32:33.466152 Romeo: Bravo and Yankee, sending you 3
2024-10-14 23:32:33.468714 Bravo: Yankee, sending you 5
2024-10-14 23:32:33.469833 Romeo: Tango, sending you 2
2024-10-14 23:32:33.470666 Tango: Yankee, sending you 4
2024-10-14 23:32:33.471661 Quebec: Oscar, sending you 1
2024-10-14 23:32:33.472610 Sierra: Oscar, sending you 3
2024-10-14 23:32:33.474708 Tango: Romeo, sending you 2
2024-10-14 23:32:33.475724 Quebec: Papa and November, sending you 2
2024-10-14 23:32:33.477398 Sierra: Papa, Hotel, November and Quebec, sending you 2
2024-10-14 23:32:33.478475 Hotel: Oscar, sending you 4
2024-10-14 23:32:33.480148 Papa: Oscar and November, sending you 3
2024-10-14 23:32:33.481762 Quebec: Sierra and Hotel, sending you 3
2024-10-14 23:32:33.482963 November: Oscar, Papa and Hotel, sending you 3
2024-10-14 23:32:33.484689 Hotel: Papa, sending you 1
2024-10-14 23:32:33.486110 Papa: Sierra and Quebec, sending you 2
2024-10-14 23:32:33.488101 November: Quebec, sending you 2
2024-10-14 23:32:33.490652 Hotel: Sierra, November and Quebec, sending you 2
2024-10-14 23:32:33.491676 Papa: Hotel, sending you 1
chatterbot Tango submitting transactions
chatterbot Hotel submitting transactions
chatterbot Papa submitting transactions
chatterbot Romeo submitting transactions
chatterbot Quebec submitting transactions
chatterbot Yankee submitting transactions
chatterbot November submitting transactions
chatterbot Oscar submitting transactions
chatterbot Bravo submitting transactions
chatterbot Sierra submitting transactions
ChatterBot Oscar round 11
ChatterBot Bravo round 11
ChatterBot Papa round 11
ChatterBot Tango round 11
ChatterBot Yankee round 11
ChatterBot Sierra round 11
ChatterBot Romeo round 11
ChatterBot Hotel round 11
ChatterBot November round 11
ChatterBot Quebec round 11
2024-10-14 23:32:34.592691 Papa: Oscar and November, sending you 3
2024-10-14 23:32:34.594420 Bravo: Tango and Romeo, sending you 4
2024-10-14 23:32:34.595389 Quebec: Oscar, Papa, Sierra and November, sending you 2
2024-10-14 23:32:34.596861 Hotel: Oscar, sending you 4
2024-10-14 23:32:34.598239 Yankee: Same as last round
2024-10-14 23:32:34.598759 Papa: Sierra and Quebec, sending you 2
2024-10-14 23:32:34.600196 Tango: Bravo, sending you 5
2024-10-14 23:32:34.600802 Bravo: Yankee, sending you 5
2024-10-14 23:32:34.601220 Quebec: Hotel, sending you 3
2024-10-14 23:32:34.602500 Hotel: Papa, sending you 1
2024-10-14 23:32:34.603869 November: Oscar, Papa and Hotel, sending you 3
2024-10-14 23:32:34.604249 Romeo: Bravo and Yankee, sending you 3
2024-10-14 23:32:34.604715 Papa: Hotel, sending you 1
2024-10-14 23:32:34.606074 Tango: Yankee, sending you 4
2024-10-14 23:32:34.607672 Hotel: Sierra, November and Quebec, sending you 2
2024-10-14 23:32:34.608530 November: Quebec, sending you 2
2024-10-14 23:32:34.609408 Romeo: Tango, sending you 2
2024-10-14 23:32:34.611039 Tango: Romeo, sending you 2
2024-10-14 23:32:34.615724 Sierra: Oscar, sending you 3
