ChatterBot Sierra round 1
ChatterBot Yankee round 1
ChatterBot Bravo round 1
ChatterBot Charlie round 1
ChatterBot India round 1
ChatterBot Zulu round 1
ChatterBot Papa round 1
ChatterBot Oscar round 1
ChatterBot Quebec round 1
randomSelections Zulu: {Zulu, Quebec, Sierra, Victor, Charlie} 
2024-10-14 23:32:19.044131 Zulu: Group up?
ChatterBot Quebec reevaluating
ChatterBot Sierra reevaluating
ChatterBot Charlie reevaluating
2024-10-14 23:32:19.131278 Quebec: Yes
2024-10-14 23:32:19.149148 Sierra: Yes
2024-10-14 23:32:19.149482 Charlie: Yes
ChatterBot Sierra reevaluating
ChatterBot Charlie reevaluating
ChatterBot Quebec reevaluating
ChatterBot Charlie reevaluating
ChatterBot Quebec reevaluating
ChatterBot Sierra reevaluating
randomSelections Bravo: {Bravo, Oscar, Charlie, Papa, India, Sierra} 
2024-10-14 23:32:19.196366 Bravo: Friends?
ChatterBot Oscar reevaluating
ChatterBot Charlie reevaluating
ChatterBot Papa reevaluating
ChatterBot India reevaluating
ChatterBot Sierra reevaluating
2024-10-14 23:32:19.211930 Oscar: Yes
2024-10-14 23:32:19.212794 Charlie: No
2024-10-14 23:32:19.213011 Papa: Yes
2024-10-14 23:32:19.213180 India: Yes
2024-10-14 23:32:19.213332 Sierra: No
ChatterBot Charlie reevaluating
ChatterBot Papa reevaluating
ChatterBot India reevaluating
ChatterBot Sierra reevaluating
ChatterBot Oscar reevaluating
ChatterBot Papa reevaluating
ChatterBot India reevaluating
ChatterBot Sierra reevaluating
ChatterBot Oscar reevaluating
ChatterBot Charlie reevaluating
ChatterBot India reevaluating
ChatterBot Sierra reevaluating
ChatterBot Oscar reevaluating
ChatterBot Charlie reevaluating
ChatterBot Papa reevaluating
ChatterBot Sierra reevaluating
ChatterBot Oscar reevaluating
ChatterBot Charlie reevaluating
ChatterBot Papa reevaluating
ChatterBot India reevaluating
randomSelections Yankee: {Yankee, Bravo, Oscar, Charlie, Zulu, Papa} 
2024-10-14 23:32:19.286259 Yankee: Friends?
ChatterBot Oscar reevaluating
ChatterBot Charlie reevaluating
ChatterBot Papa reevaluating
2024-10-14 23:32:19.298738 Bravo: No
2024-10-14 23:32:19.299196 Oscar: No
2024-10-14 23:32:19.299449 Charlie: No
2024-10-14 23:32:19.299652 Zulu: No
2024-10-14 23:32:19.300489 Papa: No
ChatterBot Oscar reevaluating
ChatterBot Charlie reevaluating
ChatterBot Papa reevaluating
ChatterBot Charlie reevaluating
ChatterBot Papa reevaluating
ChatterBot Oscar reevaluating
ChatterBot Papa reevaluating
ChatterBot Oscar reevaluating
ChatterBot Charlie reevaluating
ChatterBot Papa reevaluating
ChatterBot Oscar reevaluating
ChatterBot Charlie reevaluating
ChatterBot Victor round 1
ChatterBot Victor reevaluating
ChatterBot Victor reevaluating
ChatterBot Victor reevaluating
ChatterBot Victor reevaluating
2024-10-14 23:32:19.377833 Victor: Yes
ChatterBot Quebec reevaluating
ChatterBot Sierra reevaluating
ChatterBot Charlie reevaluating
2024-10-14 23:32:19.404275 Zulu: Sierra and Victor, sending you 1
2024-10-14 23:32:19.404892 Yankee: Bravo, sending you 2
2024-10-14 23:32:19.408327 Yankee: Charlie, sending you 4
2024-10-14 23:32:19.408798 Zulu: Charlie, sending you 2
2024-10-14 23:32:19.409343 Bravo: Sierra and Oscar, sending you 3
2024-10-14 23:32:19.410477 Quebec: Sierra and Zulu, sending you 3
2024-10-14 23:32:19.410984 Sierra: Charlie and Victor, sending you 4
2024-10-14 23:32:19.411427 India: Sierra, Bravo, Charlie, Papa and Oscar, sending you 2
2024-10-14 23:32:19.412532 Oscar: Sierra, Bravo, Charlie and India, sending you 1
2024-10-14 23:32:19.412925 Charlie: Sierra and Victor, sending you 2
2024-10-14 23:32:19.413427 Yankee: Zulu, sending you 5
2024-10-14 23:32:19.414897 Zulu: Quebec, sending you 4
2024-10-14 23:32:19.415341 Bravo: Charlie, sending you 7
2024-10-14 23:32:19.416670 Sierra: Zulu, sending you 3
2024-10-14 23:32:19.417077 Quebec: Charlie, sending you 1
2024-10-14 23:32:19.417574 Oscar: Papa, sending you 4
2024-10-14 23:32:19.419132 Charlie: Quebec, sending you 5
2024-10-14 23:32:19.419582 Victor: Sierra and Quebec, sending you 3
2024-10-14 23:32:19.420095 Yankee: Papa and Oscar, sending you 3
2024-10-14 23:32:19.421284 Bravo: India and Papa, sending you 2
2024-10-14 23:32:19.421832 Sierra: Quebec, sending you 2
2024-10-14 23:32:19.422999 Quebec: Victor, sending you 4
chatterbot Zulu submitting transactions
chatterbot Bravo submitting transactions
chatterbot India submitting transactions
chatterbot Charlie submitting transactions
chatterbot Oscar submitting transactions
chatterbot Papa submitting transactions
chatterbot Victor submitting transactions
chatterbot Yankee submitting transactions
chatterbot Sierra submitting transactions
chatterbot Quebec submitting transactions
ChatterBot Sierra round 2
ChatterBot Yankee round 2
ChatterBot Bravo round 2
ChatterBot Charlie round 2
ChatterBot India round 2
ChatterBot Zulu round 2
2024-10-14 23:32:20.637086 Bravo: We should replace Sierra with Yankee
ChatterBot India reevaluating
ChatterBot Papa reevaluating
ChatterBot Oscar reevaluating
ChatterBot Charlie reevaluating
2024-10-14 23:32:20.685792 India: Yes
2024-10-14 23:32:20.686007 Papa: No
2024-10-14 23:32:20.686631 Oscar: Yes
2024-10-14 23:32:20.686782 Charlie: Yes
ChatterBot Papa reevaluating
ChatterBot Oscar reevaluating
ChatterBot Charlie reevaluating
ChatterBot India reevaluating
ChatterBot Oscar reevaluating
ChatterBot Charlie reevaluating
ChatterBot India reevaluating
ChatterBot Papa reevaluating
ChatterBot Charlie reevaluating
ChatterBot Bravo reevaluating
ChatterBot India reevaluating
ChatterBot Papa reevaluating
ChatterBot Oscar reevaluating
2024-10-14 23:32:20.874338 Papa: Group up?
ChatterBot Bravo reevaluating
2024-10-14 23:32:20.884109 Bravo: Yes
ChatterBot Papa reevaluating
ChatterBot Papa round 2
2024-10-14 23:32:20.917964 Yankee: Friends?
ChatterBot Bravo reevaluating
ChatterBot India reevaluating
ChatterBot Papa reevaluating
ChatterBot Oscar reevaluating
ChatterBot Sierra reevaluating
ChatterBot Charlie reevaluating
ChatterBot Zulu reevaluating
ChatterBot Quebec reevaluating
ChatterBot Victor reevaluating
2024-10-14 23:32:21.017647 Bravo: No
2024-10-14 23:32:21.017838 India: No
2024-10-14 23:32:21.017981 Papa: No
2024-10-14 23:32:21.018114 Oscar: No
2024-10-14 23:32:21.018254 Sierra: Yes
2024-10-14 23:32:21.018431 Charlie: No
2024-10-14 23:32:21.019018 Zulu: No
2024-10-14 23:32:21.019178 Quebec: No
2024-10-14 23:32:21.019328 Victor: No
ChatterBot Yankee reevaluating
ChatterBot India reevaluating
ChatterBot Papa reevaluating
ChatterBot Oscar reevaluating
ChatterBot Sierra reevaluating
ChatterBot Charlie reevaluating
ChatterBot Zulu reevaluating
ChatterBot Quebec reevaluating
ChatterBot Victor reevaluating
ChatterBot Yankee reevaluating
ChatterBot Bravo reevaluating
ChatterBot Papa reevaluating
ChatterBot Oscar reevaluating
ChatterBot Sierra reevaluating
ChatterBot Charlie reevaluating
ChatterBot Zulu reevaluating
ChatterBot Quebec reevaluating
ChatterBot Victor reevaluating
ChatterBot Yankee reevaluating
ChatterBot Bravo reevaluating
ChatterBot India reevaluating
ChatterBot Oscar reevaluating
ChatterBot Sierra reevaluating
ChatterBot Charlie reevaluating
ChatterBot Zulu reevaluating
ChatterBot Quebec reevaluating
ChatterBot Victor reevaluating
ChatterBot Yankee reevaluating
ChatterBot Bravo reevaluating
ChatterBot India reevaluating
ChatterBot Papa reevaluating
ChatterBot Sierra reevaluating
ChatterBot Charlie reevaluating
ChatterBot Zulu reevaluating
ChatterBot Quebec reevaluating
ChatterBot Victor reevaluating
ChatterBot Yankee reevaluating
ChatterBot Bravo reevaluating
ChatterBot India reevaluating
ChatterBot Papa reevaluating
ChatterBot Oscar reevaluating
ChatterBot Charlie reevaluating
ChatterBot Zulu reevaluating
ChatterBot Quebec reevaluating
ChatterBot Victor reevaluating
ChatterBot Yankee reevaluating
ChatterBot Bravo reevaluating
ChatterBot India reevaluating
ChatterBot Papa reevaluating
ChatterBot Oscar reevaluating
ChatterBot Sierra reevaluating
ChatterBot Zulu reevaluating
ChatterBot Quebec reevaluating
ChatterBot Victor reevaluating
ChatterBot Yankee reevaluating
ChatterBot Bravo reevaluating
ChatterBot India reevaluating
ChatterBot Papa reevaluating
ChatterBot Oscar reevaluating
ChatterBot Sierra reevaluating
ChatterBot Charlie reevaluating
ChatterBot Quebec reevaluating
ChatterBot Victor reevaluating
ChatterBot Yankee reevaluating
ChatterBot Bravo reevaluating
ChatterBot India reevaluating
ChatterBot Papa reevaluating
ChatterBot Oscar reevaluating
ChatterBot Sierra reevaluating
ChatterBot Charlie reevaluating
ChatterBot Zulu reevaluating
ChatterBot Victor reevaluating
ChatterBot Yankee reevaluating
ChatterBot Bravo reevaluating
ChatterBot India reevaluating
ChatterBot Papa reevaluating
ChatterBot Oscar reevaluating
ChatterBot Sierra reevaluating
ChatterBot Charlie reevaluating
ChatterBot Zulu reevaluating
ChatterBot Quebec reevaluating
ChatterBot Oscar round 2
2024-10-14 23:32:21.968316 Charlie: We should add Yankee
ChatterBot Zulu reevaluating
ChatterBot Quebec reevaluating
ChatterBot Sierra reevaluating
ChatterBot Victor reevaluating
2024-10-14 23:32:22.024184 Zulu: Yes
2024-10-14 23:32:22.024390 Quebec: No
2024-10-14 23:32:22.024602 Sierra: Yes
2024-10-14 23:32:22.024812 Victor: No
ChatterBot Quebec reevaluating
ChatterBot Sierra reevaluating
ChatterBot Victor reevaluating
ChatterBot Charlie reevaluating
ChatterBot Zulu reevaluating
ChatterBot Sierra reevaluating
ChatterBot Victor reevaluating
ChatterBot Charlie reevaluating
ChatterBot Zulu reevaluating
ChatterBot Quebec reevaluating
ChatterBot Victor reevaluating
ChatterBot Charlie reevaluating
ChatterBot Zulu reevaluating
ChatterBot Quebec reevaluating
ChatterBot Sierra reevaluating
ChatterBot Charlie reevaluating
ChatterBot Quebec round 2
ChatterBot Victor round 2
2024-10-14 23:32:22.160268 Papa: We should replace Sierra with Yankee
ChatterBot Bravo reevaluating
ChatterBot India reevaluating
ChatterBot Oscar reevaluating
2024-10-14 23:32:22.175504 Bravo: Yes
2024-10-14 23:32:22.175690 India: Yes
2024-10-14 23:32:22.175803 Oscar: Yes
2024-10-14 23:32:22.176374 Charlie: Yes
ChatterBot India reevaluating
ChatterBot Oscar reevaluating
ChatterBot Bravo reevaluating
ChatterBot Oscar reevaluating
ChatterBot Bravo reevaluating
ChatterBot India reevaluating
ChatterBot Bravo reevaluating
ChatterBot India reevaluating
ChatterBot Oscar reevaluating
2024-10-14 23:32:22.247809 Quebec: We should add Yankee
ChatterBot Sierra reevaluating
ChatterBot Victor reevaluating
ChatterBot Charlie reevaluating
2024-10-14 23:32:22.263523 Zulu: Yes
2024-10-14 23:32:22.263715 Sierra: Yes
2024-10-14 23:32:22.263866 Victor: Yes
2024-10-14 23:32:22.264053 Charlie: Yes
ChatterBot Sierra reevaluating
ChatterBot Victor reevaluating
ChatterBot Charlie reevaluating
ChatterBot Victor reevaluating
ChatterBot Charlie reevaluating
ChatterBot Sierra reevaluating
ChatterBot Charlie reevaluating
ChatterBot Sierra reevaluating
ChatterBot Victor reevaluating
2024-10-14 23:32:22.328970 Papa: Yankee we want you to join our group
ChatterBot Yankee reevaluating
2024-10-14 23:32:22.333744 Yankee: No
ChatterBot Charlie reevaluating
ChatterBot Bravo reevaluating
ChatterBot India reevaluating
ChatterBot Oscar reevaluating
2024-10-14 23:32:22.354233 Zulu: Yankee we want you to join our group
ChatterBot Yankee reevaluating
2024-10-14 23:32:22.358645 Yankee: Yes
ChatterBot Charlie reevaluating
ChatterBot Victor reevaluating
2024-10-14 23:32:22.376059 Quebec: Yankee we want you to join our group
ChatterBot Yankee reevaluating
2024-10-14 23:32:22.380647 Yankee: Yes
ChatterBot Charlie reevaluating
ChatterBot Victor reevaluating
2024-10-14 23:32:22.404189 Sierra: Yankee we want you to join our group
ChatterBot Yankee reevaluating
2024-10-14 23:32:22.410703 Yankee: Yes
ChatterBot Victor reevaluating
2024-10-14 23:32:22.440774 Bravo: Yankee we want you to join our group
ChatterBot Yankee reevaluating
2024-10-14 23:32:22.447808 Yankee: No
ChatterBot Bravo reevaluating
ChatterBot Oscar reevaluating
2024-10-14 23:32:22.477205 India: Yankee we want you to join our group
ChatterBot Yankee reevaluating
2024-10-14 23:32:22.484238 Yankee: No
ChatterBot Bravo reevaluating
ChatterBot Oscar reevaluating
2024-10-14 23:32:22.513972 Charlie: Yankee we want you to join our group
ChatterBot Yankee reevaluating
2024-10-14 23:32:22.521450 Yankee: Yes
2024-10-14 23:32:22.551725 Victor: Yankee we want you to join our group
ChatterBot Yankee reevaluating
2024-10-14 23:32:22.558939 Yankee: Yes
2024-10-14 23:32:22.587433 Oscar: Yankee we want you to join our group
ChatterBot Yankee reevaluating
2024-10-14 23:32:22.594461 Yankee: No
ChatterBot Bravo reevaluating
2024-10-14 23:32:22.623167 Papa: Yankee, Bravo, India and Oscar, sending you 2
2024-10-14 23:32:22.647565 Quebec: Sierra and Victor, sending you 2
2024-10-14 23:32:22.648135 Zulu: Sierra, Yankee and Quebec, sending you 2
2024-10-14 23:32:22.648504 Papa: Charlie, sending you 1
2024-10-14 23:32:22.650211 Sierra: Yankee and Zulu, sending you 2
2024-10-14 23:32:22.650593 India: Bravo, sending you 2
2024-10-14 23:32:22.651147 Quebec: Charlie, sending you 4
2024-10-14 23:32:22.654350 Zulu: Charlie and Victor, sending you 1
2024-10-14 23:32:22.654929 Sierra: Charlie, Quebec and Victor, sending you 3
2024-10-14 23:32:22.655748 Charlie: Sierra and Yankee, sending you 3
2024-10-14 23:32:22.656151 Victor: Sierra and Quebec, sending you 2
2024-10-14 23:32:22.656538 Oscar: Yankee, Bravo and India, sending you 2
2024-10-14 23:32:22.657857 India: Oscar, sending you 3
2024-10-14 23:32:22.658390 Quebec: Zulu, sending you 3
2024-10-14 23:32:22.658857 Charlie: Zulu, sending you 2
2024-10-14 23:32:22.772071 Victor: Charlie and Zulu, sending you 1
2024-10-14 23:32:22.773835 Oscar: Charlie and Papa, sending you 1
2024-10-14 23:32:22.775393 Charlie: Quebec, sending you 1
chatterbot Papa submitting transactions
2024-10-14 23:32:22.854163 Yankee: Sierra and Charlie, sending you 4
2024-10-14 23:32:22.855394 Bravo: Yankee and India, sending you 5
2024-10-14 23:32:22.988071 Bravo: Charlie and Papa, sending you 2
2024-10-14 23:32:22.989270 Yankee: Zulu, Quebec and Victor, sending you 3
chatterbot Charlie submitting transactions
chatterbot Yankee submitting transactions
2024-10-14 23:32:23.087292 Bravo: Oscar, sending you 3
chatterbot India submitting transactions
chatterbot Zulu submitting transactions
chatterbot Quebec submitting transactions
chatterbot Yankee submitting transactions
chatterbot Sierra submitting transactions
chatterbot Bravo submitting transactions
chatterbot Oscar submitting transactions
chatterbot Victor submitting transactions
ChatterBot Sierra round 3
ChatterBot Yankee round 3
ChatterBot Bravo round 3
ChatterBot Charlie round 3
ChatterBot India round 3
ChatterBot Zulu round 3
ChatterBot Papa round 3
ChatterBot Oscar round 3
ChatterBot Quebec round 3
ChatterBot Victor round 3
2024-10-14 23:32:24.500760 Yankee: We should add Bravo
ChatterBot Charlie reevaluating
ChatterBot Zulu reevaluating
ChatterBot Quebec reevaluating
ChatterBot Victor reevaluating
2024-10-14 23:32:24.570722 Sierra: No
2024-10-14 23:32:24.570994 Charlie: No
2024-10-14 23:32:24.571210 Zulu: No
2024-10-14 23:32:24.571396 Quebec: No
2024-10-14 23:32:24.571587 Victor: No
ChatterBot Yankee reevaluating
ChatterBot Charlie reevaluating
ChatterBot Zulu reevaluating
ChatterBot Quebec reevaluating
ChatterBot Victor reevaluating
ChatterBot Yankee reevaluating
ChatterBot Zulu reevaluating
ChatterBot Quebec reevaluating
ChatterBot Victor reevaluating
ChatterBot Yankee reevaluating
ChatterBot Charlie reevaluating
ChatterBot Quebec reevaluating
ChatterBot Victor reevaluating
ChatterBot Yankee reevaluating
ChatterBot Charlie reevaluating
ChatterBot Zulu reevaluating
ChatterBot Victor reevaluating
ChatterBot Yankee reevaluating
ChatterBot Charlie reevaluating
ChatterBot Zulu reevaluating
ChatterBot Quebec reevaluating
2024-10-14 23:32:24.824842 Bravo: We should drop Charlie
ChatterBot Yankee reevaluating
2024-10-14 23:32:24.845946 Yankee: No
2024-10-14 23:32:24.846925 India: Yes
2024-10-14 23:32:24.847293 Papa: Yes
2024-10-14 23:32:24.847579 Oscar: Yes
ChatterBot Yankee reevaluating
ChatterBot Yankee reevaluating
ChatterBot Yankee reevaluating
2024-10-14 23:32:24.933971 Zulu: We should drop Charlie
ChatterBot Yankee reevaluating
2024-10-14 23:32:24.954968 Sierra: No
2024-10-14 23:32:24.955214 Yankee: No
2024-10-14 23:32:24.955368 Quebec: No
2024-10-14 23:32:24.955581 Victor: No
ChatterBot Zulu reevaluating
ChatterBot Yankee reevaluating
ChatterBot Zulu reevaluating
ChatterBot Zulu reevaluating
ChatterBot Yankee reevaluating
ChatterBot Zulu reevaluating
ChatterBot Yankee reevaluating
2024-10-14 23:32:25.036695 Charlie: Sierra, sending you 3
2024-10-14 23:32:25.037669 Victor: Sierra and Quebec, sending you 2
2024-10-14 23:32:25.038187 Sierra: Yankee and Zulu, sending you 2
2024-10-14 23:32:25.039032 Quebec: Sierra and Victor, sending you 2
2024-10-14 23:32:25.041700 Victor: Yankee and Zulu, sending you 1
2024-10-14 23:32:25.042847 Quebec: Yankee, sending you 1
2024-10-14 23:32:25.043328 Charlie: Yankee and Quebec, sending you 2
2024-10-14 23:32:25.044236 Sierra: Charlie, Quebec and Victor, sending you 3
2024-10-14 23:32:25.045067 Zulu: We should drop Victor
2024-10-14 23:32:25.061812 Sierra: No
2024-10-14 23:32:25.062039 Yankee: No
2024-10-14 23:32:25.062240 Charlie: No
2024-10-14 23:32:25.062422 Quebec: No
ChatterBot Zulu reevaluating
ChatterBot Yankee reevaluating
ChatterBot Zulu reevaluating
ChatterBot Zulu reevaluating
ChatterBot Yankee reevaluating
ChatterBot Zulu reevaluating
ChatterBot Yankee reevaluating
2024-10-14 23:32:25.118420 India: Bravo, Papa and Oscar, sending you 2
2024-10-14 23:32:25.118743 Quebec: Charlie and Zulu, sending you 3
2024-10-14 23:32:25.119054 Charlie: Zulu and Victor, sending you 1
2024-10-14 23:32:25.122675 Papa: Yankee, Bravo and India, sending you 2
2024-10-14 23:32:25.124685 Oscar: Yankee, Bravo, India and Papa, sending you 2
2024-10-14 23:32:25.125047 Bravo: Yankee, sending you 3
2024-10-14 23:32:25.127820 Papa: Oscar, sending you 3
2024-10-14 23:32:25.130667 Bravo: India and Oscar, sending you 5
2024-10-14 23:32:25.132696 Yankee: Sierra and Zulu, sending you 4
2024-10-14 23:32:25.136090 Bravo: Papa, sending you 4
2024-10-14 23:32:25.136421 Yankee: Charlie, sending you 5
2024-10-14 23:32:25.141676 Yankee: Quebec and Victor, sending you 2
2024-10-14 23:32:25.155691 Zulu: Sending you each 2
chatterbot Oscar submitting transactions
chatterbot India submitting transactions
chatterbot Papa submitting transactions
chatterbot Zulu submitting transactions
chatterbot Victor submitting transactions
chatterbot Sierra submitting transactions
chatterbot Bravo submitting transactions
chatterbot Quebec submitting transactions
chatterbot Yankee submitting transactions
chatterbot Charlie submitting transactions
ChatterBot Sierra round 4
ChatterBot Yankee round 4
ChatterBot Bravo round 4
ChatterBot Charlie round 4
ChatterBot India round 4
ChatterBot Zulu round 4
ChatterBot Papa round 4
ChatterBot Oscar round 4
ChatterBot Quebec round 4
ChatterBot Victor round 4
2024-10-14 23:32:26.473205 Sierra: Yankee, Charlie, Quebec and Victor, sending you 3
2024-10-14 23:32:26.474392 Zulu: Same as last round
2024-10-14 23:32:26.474780 Papa: Yankee, sending you 1
2024-10-14 23:32:26.475179 Oscar: Yankee, Bravo, India and Papa, sending you 2
2024-10-14 23:32:26.476128 Bravo: Yankee, sending you 3
2024-10-14 23:32:26.476484 Charlie: Sierra and Quebec, sending you 2
2024-10-14 23:32:26.477571 Yankee: Sierra and Zulu, sending you 4
2024-10-14 23:32:26.478095 India: Bravo, Papa and Oscar, sending you 2
2024-10-14 23:32:26.479027 Sierra: Zulu, sending you 1
2024-10-14 23:32:26.496538 Papa: Bravo and Oscar, sending you 3
2024-10-14 23:32:26.497390 Bravo: India and Oscar, sending you 5
2024-10-14 23:32:26.497857 Charlie: Yankee, sending you 3
2024-10-14 23:32:26.498937 Yankee: Charlie, sending you 5
2024-10-14 23:32:26.499387 Victor: Sierra and Quebec, sending you 2
2024-10-14 23:32:26.499760 Quebec: Sierra and Charlie, sending you 3
2024-10-14 23:32:26.513061 Papa: India, sending you 2
2024-10-14 23:32:26.513566 Bravo: Papa, sending you 4
2024-10-14 23:32:26.514093 Charlie: Zulu and Victor, sending you 1
2024-10-14 23:32:26.515337 Victor: Yankee and Charlie, sending you 1
2024-10-14 23:32:26.516423 Yankee: Quebec and Victor, sending you 2
2024-10-14 23:32:26.517011 Quebec: Yankee, sending you 1
2024-10-14 23:32:26.527744 Quebec: Zulu and Victor, sending you 2
chatterbot Charlie submitting transactions
chatterbot Zulu submitting transactions
chatterbot Papa submitting transactions
chatterbot Sierra submitting transactions
chatterbot Bravo submitting transactions
chatterbot Victor submitting transactions
chatterbot India submitting transactions
chatterbot Quebec submitting transactions
chatterbot Yankee submitting transactions
chatterbot Oscar submitting transactions
ChatterBot Sierra round 5
ChatterBot Yankee round 5
ChatterBot Bravo round 5
ChatterBot Charlie round 5
ChatterBot India round 5
ChatterBot Zulu round 5
ChatterBot Papa round 5
ChatterBot Oscar round 5
ChatterBot Quebec round 5
ChatterBot Victor round 5
2024-10-14 23:32:27.803037 Yankee: Sierra and Zulu, sending you 4
2024-10-14 23:32:27.804430 Sierra: Yankee, Charlie, Quebec and Victor, sending you 3
2024-10-14 23:32:27.805709 Quebec: Sierra, sending you 1
2024-10-14 23:32:27.806317 Charlie: Sierra and Quebec, sending you 2
2024-10-14 23:32:27.807314 India: Bravo, Papa and Oscar, sending you 2
2024-10-14 23:32:27.807759 Bravo: Yankee, sending you 2
2024-10-14 23:32:27.808173 Zulu: Same as last round
2024-10-14 23:32:27.809271 Papa: Yankee, India and Oscar, sending you 2
2024-10-14 23:32:27.809870 Yankee: Charlie, sending you 5
2024-10-14 23:32:27.811087 Sierra: Zulu, sending you 1
2024-10-14 23:32:27.811700 Charlie: Yankee, sending you 3
2024-10-14 23:32:27.822345 Bravo: India, Papa and Oscar, sending you 5
2024-10-14 23:32:27.822761 Papa: Bravo, sending you 3
2024-10-14 23:32:27.823690 Victor: Sierra and Quebec, sending you 2
2024-10-14 23:32:27.824169 Yankee: Quebec and Victor, sending you 2
2024-10-14 23:32:27.825089 Charlie: Zulu and Victor, sending you 1
2024-10-14 23:32:27.834407 Oscar: Yankee, Bravo, India and Papa, sending you 2
2024-10-14 23:32:27.834965 Victor: Yankee and Charlie, sending you 1
chatterbot India submitting transactions
chatterbot Sierra submitting transactions
chatterbot Victor submitting transactions
chatterbot Bravo submitting transactions
chatterbot Zulu submitting transactions
chatterbot Oscar submitting transactions
chatterbot Papa submitting transactions
chatterbot Charlie submitting transactions
chatterbot Yankee submitting transactions
chatterbot Quebec submitting transactions
ChatterBot Sierra round 6
ChatterBot Yankee round 6
ChatterBot Bravo round 6
ChatterBot Charlie round 6
ChatterBot India round 6
ChatterBot Zulu round 6
ChatterBot Papa round 6
ChatterBot Oscar round 6
ChatterBot Quebec round 6
ChatterBot Victor round 6
2024-10-14 23:32:28.882910 Zulu: We should replace Charlie with Victor
2024-10-14 23:32:28.892945 Sierra: No
2024-10-14 23:32:28.893126 Yankee: No
2024-10-14 23:32:28.893251 Quebec: No
ChatterBot Zulu reevaluating
ChatterBot Zulu reevaluating
ChatterBot Zulu reevaluating
2024-10-14 23:32:28.931173 Bravo: We should drop Yankee
ChatterBot Papa reevaluating
2024-10-14 23:32:28.940719 India: No
2024-10-14 23:32:28.940857 Papa: Yes
2024-10-14 23:32:28.940958 Oscar: No
ChatterBot Bravo reevaluating
ChatterBot Papa reevaluating
ChatterBot Bravo reevaluating
ChatterBot Bravo reevaluating
ChatterBot Papa reevaluating
2024-10-14 23:32:28.970676 Yankee: Sierra and Zulu, sending you 4
2024-10-14 23:32:28.972668 Sierra: Yankee, Charlie, Quebec and Victor, sending you 3
2024-10-14 23:32:28.975670 Yankee: Charlie, sending you 5
2024-10-14 23:32:28.976357 Sierra: Zulu, sending you 1
2024-10-14 23:32:28.979658 Quebec: Sierra, sending you 3
2024-10-14 23:32:28.980693 Yankee: Quebec, sending you 1
2024-10-14 23:32:28.982692 Oscar: Yankee, Bravo, India and Papa, sending you 2
2024-10-14 23:32:28.983659 Quebec: Yankee, Charlie, Zulu and Victor, sending you 2
2024-10-14 23:32:28.984188 Papa: Yankee, India and Oscar, sending you 2
2024-10-14 23:32:28.984946 Charlie: Sierra, Zulu and Quebec, sending you 2
2024-10-14 23:32:28.985686 Yankee: Victor, sending you 3
2024-10-14 23:32:28.988683 India: Bravo, Papa and Oscar, sending you 1
2024-10-14 23:32:28.989115 Papa: Bravo, sending you 3
2024-10-14 23:32:28.989503 Charlie: Yankee, sending you 3
2024-10-14 23:32:28.990963 Victor: Sierra, sending you 3
2024-10-14 23:32:28.993727 Zulu: Sierra and Quebec, sending you 2
2024-10-14 23:32:28.994677 Victor: Yankee, Charlie and Quebec, sending you 1
2024-10-14 23:32:28.996955 Zulu: Yankee, sending you 3
2024-10-14 23:32:28.999682 Zulu: Charlie, sending you 1
chatterbot India submitting transactions
chatterbot Bravo submitting transactions
chatterbot Oscar submitting transactions
chatterbot Yankee submitting transactions
chatterbot Papa submitting transactions
chatterbot Charlie submitting transactions
chatterbot Sierra submitting transactions
chatterbot Victor submitting transactions
chatterbot Quebec submitting transactions
chatterbot Zulu submitting transactions
ChatterBot Sierra round 7
ChatterBot Yankee round 7
ChatterBot Bravo round 7
ChatterBot Charlie round 7
ChatterBot India round 7
ChatterBot Zulu round 7
ChatterBot Papa round 7
ChatterBot Oscar round 7
ChatterBot Quebec round 7
ChatterBot Victor round 7
2024-10-14 23:32:30.196131 Papa: We should replace Yankee with Victor
ChatterBot Bravo reevaluating
ChatterBot India reevaluating
ChatterBot Oscar reevaluating
2024-10-14 23:32:30.208135 Bravo: No
2024-10-14 23:32:30.208360 India: Yes
2024-10-14 23:32:30.208513 Oscar: Yes
ChatterBot India reevaluating
ChatterBot Papa reevaluating
ChatterBot Oscar reevaluating
ChatterBot Bravo reevaluating
ChatterBot Papa reevaluating
ChatterBot Oscar reevaluating
ChatterBot Bravo reevaluating
ChatterBot India reevaluating
ChatterBot Papa reevaluating
2024-10-14 23:32:30.247024 Zulu: We should replace Charlie with Victor
2024-10-14 23:32:30.255280 Sierra: No
2024-10-14 23:32:30.255432 Yankee: No
2024-10-14 23:32:30.255552 Quebec: No
ChatterBot Zulu reevaluating
ChatterBot Zulu reevaluating
ChatterBot Zulu reevaluating
2024-10-14 23:32:30.295685 Sierra: Yankee, Charlie, Quebec and Victor, sending you 3
2024-10-14 23:32:30.296926 Yankee: Sierra, Charlie and Zulu, sending you 4
2024-10-14 23:32:30.298034 Bravo: We should drop Yankee
ChatterBot India reevaluating
ChatterBot Papa reevaluating
ChatterBot Oscar reevaluating
2024-10-14 23:32:30.313503 India: Yes
2024-10-14 23:32:30.313720 Papa: Yes
2024-10-14 23:32:30.313899 Oscar: Yes
ChatterBot Bravo reevaluating
ChatterBot Papa reevaluating
ChatterBot Oscar reevaluating
ChatterBot Bravo reevaluating
ChatterBot India reevaluating
ChatterBot Oscar reevaluating
ChatterBot Bravo reevaluating
ChatterBot India reevaluating
ChatterBot Papa reevaluating
2024-10-14 23:32:30.347636 Sierra: Zulu, sending you 1
2024-10-14 23:32:30.348636 Yankee: Quebec, sending you 3
2024-10-14 23:32:30.349385 Quebec: I was attacked by India
ChatterBot Yankee reevaluating
ChatterBot Sierra reevaluating
ChatterBot Charlie reevaluating
ChatterBot Zulu reevaluating
ChatterBot Victor reevaluating
2024-10-14 23:32:30.373822 Quebec: Ow
2024-10-14 23:32:30.381698 Zulu: Victor we want you to join our group
ChatterBot Victor reevaluating
2024-10-14 23:32:30.386407 Victor: Yes
ChatterBot Zulu reevaluating
ChatterBot Sierra reevaluating
ChatterBot Yankee reevaluating
2024-10-14 23:32:30.400683 Papa: Victor we want you to join our group
ChatterBot Victor reevaluating
2024-10-14 23:32:30.404373 Victor: No
ChatterBot India reevaluating
ChatterBot Bravo reevaluating
ChatterBot Papa reevaluating
2024-10-14 23:32:30.424689 Charlie: Sierra and Quebec, sending you 2
2024-10-14 23:32:30.430665 Charlie: Yankee, sending you 3
2024-10-14 23:32:30.434666 Charlie: Zulu and Victor, sending you 1
2024-10-14 23:32:30.441697 India: Bravo, sending you 1
2024-10-14 23:32:30.444656 India: Papa and Oscar, sending you 2
2024-10-14 23:32:30.447733 Victor: Sierra, sending you 3
2024-10-14 23:32:30.448700 Zulu: Sierra and Quebec, sending you 2
2024-10-14 23:32:30.451681 Victor: Yankee, Charlie and Quebec, sending you 1
2024-10-14 23:32:30.452669 Zulu: Yankee, sending you 3
2024-10-14 23:32:30.453737 Bravo: India, sending you 5
2024-10-14 23:32:30.456665 Zulu: Victor, sending you 1
2024-10-14 23:32:30.457007 Bravo: Papa and Oscar, sending you 6
2024-10-14 23:32:30.457703 Papa: Bravo and Oscar, sending you 3
2024-10-14 23:32:30.460672 Papa: India, sending you 2
2024-10-14 23:32:30.464674 Papa: Victor, sending you 1
chatterbot Yankee submitting transactions
chatterbot Victor submitting transactions
chatterbot Oscar submitting transactions
chatterbot Bravo submitting transactions
chatterbot Papa submitting transactions
chatterbot Zulu submitting transactions
chatterbot India submitting transactions
chatterbot Sierra submitting transactions
chatterbot Quebec submitting transactions
chatterbot Charlie submitting transactions
ChatterBot Sierra round 8
ChatterBot Yankee round 8
ChatterBot Bravo round 8
ChatterBot Charlie round 8
ChatterBot India round 8
ChatterBot Zulu round 8
ChatterBot Papa round 8
ChatterBot Oscar round 8
ChatterBot Quebec round 8
2024-10-14 23:32:31.513393 Zulu: We should replace Quebec with Charlie
2024-10-14 23:32:31.524309 Sierra: No
2024-10-14 23:32:31.524471 Yankee: No
2024-10-14 23:32:31.524610 Victor: No
ChatterBot Zulu reevaluating
ChatterBot Zulu reevaluating
ChatterBot Victor round 8
2024-10-14 23:32:31.563997 Papa: We should replace Victor with Zulu
ChatterBot India reevaluating
ChatterBot Oscar reevaluating
2024-10-14 23:32:31.572464 Bravo: No
2024-10-14 23:32:31.573026 India: Yes
2024-10-14 23:32:31.573152 Oscar: Yes
ChatterBot India reevaluating
ChatterBot Oscar reevaluating
ChatterBot Oscar reevaluating
ChatterBot India reevaluating
2024-10-14 23:32:31.606940 Papa: Zulu we want you to join our group
ChatterBot Zulu reevaluating
2024-10-14 23:32:31.610473 Zulu: No
ChatterBot India reevaluating
ChatterBot Oscar reevaluating
2024-10-14 23:32:31.621155 Oscar: We should replace Yankee with Sierra
ChatterBot Papa reevaluating
2024-10-14 23:32:31.628683 Bravo: No
2024-10-14 23:32:31.628838 India: No
2024-10-14 23:32:31.628957 Papa: No
ChatterBot Papa reevaluating
ChatterBot Oscar reevaluating
ChatterBot Papa reevaluating
ChatterBot Oscar reevaluating
ChatterBot Oscar reevaluating
2024-10-14 23:32:31.667070 Bravo: India, sending you 5
2024-10-14 23:32:31.667804 Sierra: Yankee, Charlie and Victor, sending you 3
2024-10-14 23:32:31.668931 Charlie: Sierra, sending you 2
2024-10-14 23:32:31.670095 Yankee: Sierra, Charlie and Zulu, sending you 4
2024-10-14 23:32:31.672193 Bravo: Papa and Oscar, sending you 6
2024-10-14 23:32:31.672802 Bravo: I was attacked by Quebec
ChatterBot India reevaluating
ChatterBot Papa reevaluating
ChatterBot Oscar reevaluating
2024-10-14 23:32:31.687948 Bravo: Ow
2024-10-14 23:32:31.689968 Zulu: Charlie we want you to join our group
2024-10-14 23:32:31.694777 Charlie: Yes
ChatterBot Zulu reevaluating
ChatterBot Victor reevaluating
2024-10-14 23:32:31.713482 Sierra: Zulu and Quebec, sending you 2
2024-10-14 23:32:31.715191 Charlie: Yankee, sending you 4
2024-10-14 23:32:31.716562 Yankee: Quebec, sending you 2
2024-10-14 23:32:31.719886 Yankee: Victor, sending you 3
2024-10-14 23:32:31.720909 Charlie: Zulu, Quebec and Victor, sending you 1
2024-10-14 23:32:31.722879 Victor: We should drop Quebec
ChatterBot Zulu reevaluating
ChatterBot Charlie reevaluating
2024-10-14 23:32:31.740819 Zulu: Yes
2024-10-14 23:32:31.740981 Sierra: No
2024-10-14 23:32:31.741132 Yankee: No
2024-10-14 23:32:31.741265 Charlie: Yes
ChatterBot Yankee reevaluating
ChatterBot Charlie reevaluating
ChatterBot Victor reevaluating
ChatterBot Zulu reevaluating
ChatterBot Yankee reevaluating
ChatterBot Charlie reevaluating
ChatterBot Victor reevaluating
ChatterBot Zulu reevaluating
ChatterBot Charlie reevaluating
ChatterBot Victor reevaluating
ChatterBot Zulu reevaluating
ChatterBot Sierra reevaluating
ChatterBot Yankee reevaluating
ChatterBot Victor reevaluating
2024-10-14 23:32:31.804731 Quebec: Sierra, sending you 3
2024-10-14 23:32:31.807670 Quebec: Yankee, Charlie and Zulu, sending you 2
2024-10-14 23:32:31.810898 Oscar: Bravo, India, Zulu and Papa, sending you 2
2024-10-14 23:32:31.811864 India: Bravo, sending you 1
2024-10-14 23:32:31.813690 Quebec: Victor, sending you 1
2024-10-14 23:32:31.815660 India: Papa and Oscar, sending you 2
2024-10-14 23:32:31.824925 Papa: Bravo and Oscar, sending you 3
2024-10-14 23:32:31.829696 Papa: India, sending you 2
2024-10-14 23:32:31.831737 Sierra: Sorry, I'm actually sending you 0
2024-10-14 23:32:31.833745 Charlie: Sorry, I'm actually sending you 0
2024-10-14 23:32:31.834119 Papa: Zulu, sending you 1
2024-10-14 23:32:31.835674 Sierra: Yankee, sending you 4
2024-10-14 23:32:31.837110 Charlie: Sierra, sending you 3
2024-10-14 23:32:31.837714 Zulu: Sierra and Charlie, sending you 2
2024-10-14 23:32:31.839670 Sierra: Charlie, Zulu and Victor, sending you 3
2024-10-14 23:32:31.842701 Victor: Sierra, sending you 3
2024-10-14 23:32:31.843288 Zulu: Yankee, sending you 3
2024-10-14 23:32:31.845685 Victor: Yankee, sending you 2
2024-10-14 23:32:31.848694 Zulu: Victor, sending you 1
2024-10-14 23:32:31.849149 Victor: Charlie, sending you 1
2024-10-14 23:32:31.851754 Yankee: Sorry, I'm actually sending you 0
2024-10-14 23:32:31.854679 Yankee: Sierra and Charlie, sending you 5
chatterbot Quebec submitting transactions
chatterbot Oscar submitting transactions
chatterbot Sierra submitting transactions
chatterbot Victor submitting transactions
chatterbot Papa submitting transactions
chatterbot India submitting transactions
chatterbot Bravo submitting transactions
chatterbot Yankee submitting transactions
chatterbot Zulu submitting transactions
chatterbot Charlie submitting transactions
ChatterBot Sierra round 9
ChatterBot Yankee round 9
ChatterBot Bravo round 9
ChatterBot Charlie round 9
ChatterBot India round 9
ChatterBot Zulu round 9
ChatterBot Papa round 9
ChatterBot Oscar round 9
ChatterBot Quebec round 9
ChatterBot Victor round 9
2024-10-14 23:32:33.060626 Yankee: We should add Quebec
ChatterBot Charlie reevaluating
ChatterBot Victor reevaluating
2024-10-14 23:32:33.075220 Zulu: No
2024-10-14 23:32:33.075355 Sierra: No
2024-10-14 23:32:33.075474 Charlie: Yes
2024-10-14 23:32:33.075575 Victor: Yes
ChatterBot Charlie reevaluating
ChatterBot Victor reevaluating
ChatterBot Yankee reevaluating
ChatterBot Charlie reevaluating
ChatterBot Victor reevaluating
ChatterBot Sierra reevaluating
ChatterBot Yankee reevaluating
ChatterBot Victor reevaluating
ChatterBot Zulu reevaluating
ChatterBot Sierra reevaluating
ChatterBot Yankee reevaluating
ChatterBot Charlie reevaluating
2024-10-14 23:32:33.125606 Zulu: We should replace Sierra with Quebec
ChatterBot Yankee reevaluating
ChatterBot Charlie reevaluating
ChatterBot Victor reevaluating
2024-10-14 23:32:33.136465 Yankee: No
2024-10-14 23:32:33.136582 Charlie: No
2024-10-14 23:32:33.136686 Victor: No
ChatterBot Zulu reevaluating
ChatterBot Charlie reevaluating
ChatterBot Victor reevaluating
ChatterBot Zulu reevaluating
ChatterBot Yankee reevaluating
ChatterBot Victor reevaluating
ChatterBot Zulu reevaluating
ChatterBot Yankee reevaluating
ChatterBot Charlie reevaluating
2024-10-14 23:32:33.190750 Oscar: We should replace Zulu with Sierra
ChatterBot India reevaluating
ChatterBot Papa reevaluating
2024-10-14 23:32:33.200074 Bravo: No
2024-10-14 23:32:33.200203 India: Yes
2024-10-14 23:32:33.200310 Papa: No
ChatterBot India reevaluating
ChatterBot Papa reevaluating
ChatterBot Papa reevaluating
ChatterBot Oscar reevaluating
ChatterBot India reevaluating
ChatterBot Oscar reevaluating
2024-10-14 23:32:33.228238 Sierra: Quebec we want you to join our group
2024-10-14 23:32:33.232099 Quebec: Yes
ChatterBot Yankee reevaluating
ChatterBot Sierra reevaluating
ChatterBot Zulu reevaluating
2024-10-14 23:32:33.249381 Victor: Quebec we want you to join our group
2024-10-14 23:32:33.254457 Quebec: Yes
ChatterBot Yankee reevaluating
ChatterBot Sierra reevaluating
ChatterBot Zulu reevaluating
2024-10-14 23:32:33.278975 Charlie: Quebec we want you to join our group
2024-10-14 23:32:33.282822 Quebec: Yes
ChatterBot Yankee reevaluating
ChatterBot Zulu reevaluating
2024-10-14 23:32:33.296989 Oscar: Sierra we want you to join our group
2024-10-14 23:32:33.299747 Sierra: No
ChatterBot Oscar reevaluating
ChatterBot Papa reevaluating
2024-10-14 23:32:33.311223 Papa: We should replace Zulu with Victor
ChatterBot India reevaluating
ChatterBot Oscar reevaluating
2024-10-14 23:32:33.325328 Bravo: No
2024-10-14 23:32:33.325496 India: Yes
2024-10-14 23:32:33.325660 Oscar: No
ChatterBot India reevaluating
ChatterBot Papa reevaluating
ChatterBot Oscar reevaluating
ChatterBot Papa reevaluating
ChatterBot Oscar reevaluating
ChatterBot India reevaluating
ChatterBot Papa reevaluating
2024-10-14 23:32:33.360172 Quebec: Sierra, sending you 1
2024-10-14 23:32:33.360978 Zulu: Quebec we want you to join our group
2024-10-14 23:32:33.364657 Quebec: Yes
ChatterBot Yankee reevaluating
2024-10-14 23:32:33.374710 Bravo: India, sending you 5
2024-10-14 23:32:33.378809 Charlie: Sierra and Quebec, sending you 2
2024-10-14 23:32:33.379725 Papa: Victor we want you to join our group
2024-10-14 23:32:33.382995 Victor: No
ChatterBot Papa reevaluating
2024-10-14 23:32:33.394121 Bravo: Papa and Oscar, sending you 6
2024-10-14 23:32:33.394622 Yankee: Quebec we want you to join our group
2024-10-14 23:32:33.398280 Quebec: Yes
ChatterBot Yankee reevaluating
2024-10-14 23:32:33.412246 Charlie: Yankee, sending you 3
2024-10-14 23:32:33.413038 Victor: Sierra and Yankee, sending you 2
2024-10-14 23:32:33.415674 India: Bravo, sending you 1
2024-10-14 23:32:33.417671 Charlie: Zulu and Victor, sending you 1
2024-10-14 23:32:33.418400 Victor: Charlie and Quebec, sending you 1
2024-10-14 23:32:33.419059 Zulu: Yankee, sending you 3
2024-10-14 23:32:33.419895 Oscar: Sending you each 2
2024-10-14 23:32:33.420234 Sierra: Yankee, Charlie, Quebec and Victor, sending you 3
2024-10-14 23:32:33.420851 India: Papa and Oscar, sending you 2
2024-10-14 23:32:33.424693 Zulu: Charlie and Quebec, sending you 2
2024-10-14 23:32:33.425689 Sierra: Zulu, sending you 1
2024-10-14 23:32:33.427725 Zulu: Victor, sending you 1
2024-10-14 23:32:33.442753 Yankee: Sierra, Charlie and Zulu, sending you 4
2024-10-14 23:32:33.445092 Papa: Bravo and Oscar, sending you 3
2024-10-14 23:32:33.449272 Papa: India, sending you 2
2024-10-14 23:32:33.450198 Yankee: Quebec, sending you 3
2024-10-14 23:32:33.454669 Papa: Victor, sending you 1
2024-10-14 23:32:33.455879 Yankee: Victor, sending you 2
chatterbot Victor submitting transactions
chatterbot Bravo submitting transactions
chatterbot Yankee submitting transactions
chatterbot Sierra submitting transactions
chatterbot Quebec submitting transactions
chatterbot Zulu submitting transactions
chatterbot India submitting transactions
chatterbot Papa submitting transactions
chatterbot Charlie submitting transactions
chatterbot Oscar submitting transactions
ChatterBot Sierra round 10
ChatterBot Yankee round 10
ChatterBot Bravo round 10
ChatterBot Charlie round 10
ChatterBot India round 10
ChatterBot Zulu round 10
ChatterBot Papa round 10
ChatterBot Oscar round 10
ChatterBot Quebec round 10
ChatterBot Victor round 10
2024-10-14 23:32:34.618852 Zulu: We should replace Victor with Sierra
2024-10-14 23:32:34.629199 Yankee: No
2024-10-14 23:32:34.629380 Charlie: No
2024-10-14 23:32:34.629527 Quebec: No
ChatterBot Zulu reevaluating
ChatterBot Zulu reevaluating
ChatterBot Zulu reevaluating
2024-10-14 23:32:34.666362 Oscar: We should drop Bravo
ChatterBot Papa reevaluating
2024-10-14 23:32:34.676972 India: Yes
2024-10-14 23:32:34.677131 Papa: Yes
2024-10-14 23:32:34.677252 Victor: Yes
