ChatterBot Zulu round 1
ChatterBot Victor round 1
ChatterBot Bravo round 1
ChatterBot Romeo round 1
ChatterBot India round 1
ChatterBot Papa round 1
ChatterBot Kilo round 1
ChatterBot Whiskey round 1
ChatterBot Uniform round 1
ChatterBot Alpha round 1
randomSelections Bravo: {Bravo, India, Alpha, Victor, Romeo, Zulu} 
2024-10-14 23:32:19.112862 Bravo: Group up?
ChatterBot India reevaluating
ChatterBot Alpha reevaluating
ChatterBot Victor reevaluating
ChatterBot Romeo reevaluating
ChatterBot Zulu reevaluating
2024-10-14 23:32:19.171564 India: Yes
2024-10-14 23:32:19.172786 Alpha: Yes
2024-10-14 23:32:19.173058 Victor: Yes
2024-10-14 23:32:19.173356 Romeo: Yes
2024-10-14 23:32:19.173677 Zulu: Yes
ChatterBot Alpha reevaluating
ChatterBot Victor reevaluating
ChatterBot Romeo reevaluating
ChatterBot Zulu reevaluating
ChatterBot India reevaluating
ChatterBot Victor reevaluating
ChatterBot Romeo reevaluating
ChatterBot Zulu reevaluating
ChatterBot India reevaluating
ChatterBot Alpha reevaluating
ChatterBot Romeo reevaluating
ChatterBot Zulu reevaluating
ChatterBot India reevaluating
ChatterBot Alpha reevaluating
ChatterBot Victor reevaluating
ChatterBot Zulu reevaluating
ChatterBot India reevaluating
ChatterBot Alpha reevaluating
ChatterBot Victor reevaluating
ChatterBot Romeo reevaluating
randomSelections Papa: {Papa, Victor, Romeo, Alpha, India, Zulu, Kilo, Uniform} 
2024-10-14 23:32:19.264089 Papa: We would work well together
ChatterBot Victor reevaluating
ChatterBot Romeo reevaluating
ChatterBot Alpha reevaluating
ChatterBot India reevaluating
ChatterBot Zulu reevaluating
ChatterBot Kilo reevaluating
ChatterBot Uniform reevaluating
2024-10-14 23:32:19.282854 Victor: No
2024-10-14 23:32:19.283155 Romeo: No
2024-10-14 23:32:19.283475 Alpha: No
2024-10-14 23:32:19.284497 India: No
2024-10-14 23:32:19.284758 Zulu: No
2024-10-14 23:32:19.285014 Kilo: Yes
2024-10-14 23:32:19.285257 Uniform: Yes
ChatterBot Romeo reevaluating
ChatterBot Alpha reevaluating
ChatterBot India reevaluating
ChatterBot Zulu reevaluating
ChatterBot Kilo reevaluating
ChatterBot Uniform reevaluating
ChatterBot Victor reevaluating
ChatterBot Alpha reevaluating
ChatterBot India reevaluating
ChatterBot Zulu reevaluating
ChatterBot Kilo reevaluating
ChatterBot Uniform reevaluating
ChatterBot Victor reevaluating
ChatterBot Romeo reevaluating
ChatterBot India reevaluating
ChatterBot Zulu reevaluating
ChatterBot Kilo reevaluating
ChatterBot Uniform reevaluating
ChatterBot Victor reevaluating
ChatterBot Romeo reevaluating
ChatterBot Alpha reevaluating
ChatterBot Zulu reevaluating
ChatterBot Kilo reevaluating
ChatterBot Uniform reevaluating
ChatterBot Victor reevaluating
ChatterBot Romeo reevaluating
ChatterBot Alpha reevaluating
ChatterBot India reevaluating
ChatterBot Kilo reevaluating
ChatterBot Uniform reevaluating
ChatterBot Victor reevaluating
ChatterBot Romeo reevaluating
ChatterBot Alpha reevaluating
ChatterBot India reevaluating
ChatterBot Zulu reevaluating
ChatterBot Uniform reevaluating
ChatterBot Victor reevaluating
ChatterBot Romeo reevaluating
ChatterBot Alpha reevaluating
ChatterBot India reevaluating
ChatterBot Zulu reevaluating
ChatterBot Kilo reevaluating
randomSelections Whiskey: {Whiskey, Alpha, Papa, Bravo, Victor, Kilo} 
2024-10-14 23:32:19.409046 Whiskey: We would work well together
ChatterBot Alpha reevaluating
ChatterBot Victor reevaluating
ChatterBot Kilo reevaluating
2024-10-14 23:32:19.417204 Alpha: No
2024-10-14 23:32:19.417451 Papa: No
2024-10-14 23:32:19.417640 Bravo: No
2024-10-14 23:32:19.418829 Victor: No
2024-10-14 23:32:19.418973 Kilo: No
ChatterBot Victor reevaluating
ChatterBot Kilo reevaluating
ChatterBot Alpha reevaluating
ChatterBot Victor reevaluating
ChatterBot Kilo reevaluating
ChatterBot Alpha reevaluating
ChatterBot Victor reevaluating
ChatterBot Kilo reevaluating
ChatterBot Alpha reevaluating
ChatterBot Kilo reevaluating
ChatterBot Alpha reevaluating
ChatterBot Victor reevaluating
2024-10-14 23:32:19.479171 Zulu: Victor, Romeo and India, sending you 2
2024-10-14 23:32:19.480153 Whiskey: Victor, Bravo and Papa, sending you 2
2024-10-14 23:32:19.481503 Bravo: Victor, sending you 1
2024-10-14 23:32:19.482337 Romeo: Zulu, sending you 2
2024-10-14 23:32:19.483955 India: Victor, sending you 1
2024-10-14 23:32:19.485987 Zulu: Bravo, sending you 3
2024-10-14 23:32:19.488317 Whiskey: Kilo and Alpha, sending you 1
2024-10-14 23:32:19.490793 Romeo: Victor, Bravo and Alpha, sending you 3
2024-10-14 23:32:19.492668 Victor: Bravo, India and Alpha, sending you 1
2024-10-14 23:32:19.495600 Alpha: Zulu, sending you 5
2024-10-14 23:32:19.498223 India: Bravo and Alpha, sending you 2
2024-10-14 23:32:19.498962 Papa: Zulu and India, sending you 2
2024-10-14 23:32:19.499407 Uniform: Zulu, sending you 1
2024-10-14 23:32:19.500849 Zulu: Alpha, sending you 4
2024-10-14 23:32:19.501163 Kilo: Zulu and Papa, sending you 3
2024-10-14 23:32:19.501622 Alpha: Victor, sending you 3
2024-10-14 23:32:19.504774 Papa: Romeo, sending you 3
2024-10-14 23:32:19.505109 Uniform: Romeo, sending you 2
2024-10-14 23:32:19.506105 Kilo: Victor and Alpha, sending you 1
2024-10-14 23:32:19.506541 Alpha: Bravo, sending you 1
2024-10-14 23:32:19.509735 Papa: Kilo, Uniform and Alpha, sending you 1
2024-10-14 23:32:19.510171 Kilo: Romeo, sending you 2
2024-10-14 23:32:19.511092 Alpha: Romeo, sending you 2
chatterbot Bravo submitting transactions
chatterbot Victor submitting transactions
chatterbot Zulu submitting transactions
chatterbot Whiskey submitting transactions
chatterbot Uniform submitting transactions
chatterbot Kilo submitting transactions
chatterbot Alpha submitting transactions
chatterbot Papa submitting transactions
chatterbot India submitting transactions
chatterbot Romeo submitting transactions
ChatterBot Zulu round 2
ChatterBot Victor round 2
ChatterBot Bravo round 2
ChatterBot Romeo round 2
ChatterBot India round 2
ChatterBot Papa round 2
2024-10-14 23:32:20.711860 Romeo: We would work well together
ChatterBot Zulu reevaluating
ChatterBot Alpha reevaluating
ChatterBot Papa reevaluating
ChatterBot Kilo reevaluating
2024-10-14 23:32:20.750236 Zulu: Yes
2024-10-14 23:32:20.750430 Alpha: No
2024-10-14 23:32:20.750554 Papa: No
2024-10-14 23:32:20.751095 Kilo: No
ChatterBot Alpha reevaluating
ChatterBot Papa reevaluating
ChatterBot Kilo reevaluating
ChatterBot Zulu reevaluating
ChatterBot Papa reevaluating
ChatterBot Kilo reevaluating
ChatterBot Zulu reevaluating
ChatterBot Alpha reevaluating
ChatterBot Kilo reevaluating
ChatterBot Zulu reevaluating
ChatterBot Alpha reevaluating
ChatterBot Papa reevaluating
2024-10-14 23:32:20.891307 Alpha: We would work well together
ChatterBot Kilo reevaluating
2024-10-14 23:32:20.903957 Kilo: No
ChatterBot Alpha reevaluating
ChatterBot Kilo round 2
ChatterBot Whiskey round 2
ChatterBot Uniform round 2
ChatterBot Alpha round 2
2024-10-14 23:32:20.932820 Victor: We should drop Bravo
ChatterBot India reevaluating
ChatterBot Zulu reevaluating
ChatterBot Alpha reevaluating
2024-10-14 23:32:20.961733 India: Yes
2024-10-14 23:32:20.961879 Zulu: Yes
2024-10-14 23:32:20.961978 Romeo: Yes
2024-10-14 23:32:20.962064 Alpha: Yes
ChatterBot Zulu reevaluating
ChatterBot Alpha reevaluating
ChatterBot India reevaluating
ChatterBot Alpha reevaluating
ChatterBot India reevaluating
ChatterBot Zulu reevaluating
ChatterBot Alpha reevaluating
ChatterBot India reevaluating
ChatterBot Zulu reevaluating
2024-10-14 23:32:21.103773 Uniform: We should group up
2024-10-14 23:32:21.117874 Papa: No
2024-10-14 23:32:21.118582 Kilo: No
2024-10-14 23:32:21.149303 Whiskey: We would work well together
2024-10-14 23:32:21.155761 Uniform: No
ChatterBot Whiskey reevaluating
2024-10-14 23:32:21.170566 Bravo: We should drop India and Victor
2024-10-14 23:32:21.191931 Zulu: Yes
2024-10-14 23:32:21.192122 Romeo: Yes
2024-10-14 23:32:21.192241 Alpha: No
ChatterBot Alpha reevaluating
ChatterBot Alpha reevaluating
2024-10-14 23:32:21.749600 Romeo: Zulu, Kilo and Alpha, sending you 2
chatterbot Bravo submitting transactions
chatterbot Victor submitting transactions
chatterbot Romeo submitting transactions
2024-10-14 23:32:21.761266 Romeo: Papa, sending you 5
2024-10-14 23:32:21.765289 Uniform: Papa, sending you 2
2024-10-14 23:32:21.768277 Papa: Kilo, sending you 3
2024-10-14 23:32:21.770660 Kilo: Papa, sending you 7
2024-10-14 23:32:21.771938 Zulu: Romeo and Papa, sending you 2
2024-10-14 23:32:21.772412 Bravo: Zulu, sending you 1
2024-10-14 23:32:21.773498 India: Zulu, sending you 3
2024-10-14 23:32:21.774075 Victor: Zulu, Romeo and Alpha, sending you 1
chatterbot Kilo submitting transactions
2024-10-14 23:32:21.775519 Uniform: Kilo, sending you 1
2024-10-14 23:32:21.776270 Kilo: Whiskey, sending you 6
2024-10-14 23:32:21.777212 Zulu: Kilo, sending you 3
2024-10-14 23:32:21.777714 India: Victor, sending you 2
2024-10-14 23:32:21.778879 Alpha: Zulu, sending you 5
2024-10-14 23:32:22.040021 Zulu: Alpha, sending you 6
2024-10-14 23:32:22.041127 Alpha: Romeo, sending you 4
chatterbot Papa submitting transactions
2024-10-14 23:32:22.123380 Alpha: Papa and Kilo, sending you 1
chatterbot Whiskey submitting transactions
chatterbot Zulu submitting transactions
chatterbot Uniform submitting transactions
chatterbot India submitting transactions
chatterbot Alpha submitting transactions
ChatterBot Zulu round 3
ChatterBot Victor round 3
ChatterBot Bravo round 3
ChatterBot Romeo round 3
ChatterBot India round 3
ChatterBot Papa round 3
ChatterBot Kilo round 3
ChatterBot Whiskey round 3
ChatterBot Uniform round 3
ChatterBot Alpha round 3
2024-10-14 23:32:22.815045 Romeo: We should add Whiskey
ChatterBot Zulu reevaluating
ChatterBot Alpha reevaluating
ChatterBot Papa reevaluating
ChatterBot Kilo reevaluating
2024-10-14 23:32:22.847110 Zulu: No
2024-10-14 23:32:22.847418 Alpha: Yes
2024-10-14 23:32:22.848239 Papa: Yes
2024-10-14 23:32:22.848517 Kilo: Yes
ChatterBot Alpha reevaluating
ChatterBot Papa reevaluating
ChatterBot Kilo reevaluating
ChatterBot Zulu reevaluating
ChatterBot Papa reevaluating
ChatterBot Kilo reevaluating
ChatterBot Zulu reevaluating
ChatterBot Alpha reevaluating
ChatterBot Kilo reevaluating
ChatterBot Zulu reevaluating
ChatterBot Alpha reevaluating
ChatterBot Papa reevaluating
2024-10-14 23:32:23.030177 Uniform: We should add Whiskey
ChatterBot Papa reevaluating
ChatterBot Kilo reevaluating
2024-10-14 23:32:23.046351 Papa: Yes
2024-10-14 23:32:23.046634 Kilo: Yes
ChatterBot Kilo reevaluating
ChatterBot Papa reevaluating
2024-10-14 23:32:23.084533 Whiskey: Can we be friends?
ChatterBot Kilo reevaluating
ChatterBot Papa reevaluating
ChatterBot Zulu reevaluating
ChatterBot Alpha reevaluating
2024-10-14 23:32:23.127075 Kilo: Yes
2024-10-14 23:32:23.127786 Papa: Yes
2024-10-14 23:32:23.127914 Zulu: Yes
2024-10-14 23:32:23.128026 Romeo: Yes
2024-10-14 23:32:23.128151 Alpha: Yes
ChatterBot Papa reevaluating
ChatterBot Zulu reevaluating
ChatterBot Alpha reevaluating
ChatterBot Kilo reevaluating
ChatterBot Zulu reevaluating
ChatterBot Alpha reevaluating
ChatterBot Kilo reevaluating
ChatterBot Papa reevaluating
ChatterBot Alpha reevaluating
ChatterBot Kilo reevaluating
ChatterBot Papa reevaluating
ChatterBot Zulu reevaluating
ChatterBot Alpha reevaluating
ChatterBot Kilo reevaluating
ChatterBot Papa reevaluating
ChatterBot Zulu reevaluating
2024-10-14 23:32:23.340489 Romeo: Whiskey we want you to join our group
2024-10-14 23:32:23.349368 Whiskey: Yes
ChatterBot Kilo reevaluating
ChatterBot Papa reevaluating
ChatterBot Zulu reevaluating
ChatterBot Alpha reevaluating
2024-10-14 23:32:23.390231 Victor: We should drop India
ChatterBot Zulu reevaluating
2024-10-14 23:32:23.414090 Zulu: Yes
2024-10-14 23:32:23.414251 Romeo: Yes
2024-10-14 23:32:23.414345 Alpha: Yes
ChatterBot Zulu reevaluating
ChatterBot Zulu reevaluating
2024-10-14 23:32:23.516221 India: We should drop Victor
ChatterBot Zulu reevaluating
2024-10-14 23:32:23.557275 Zulu: Yes
2024-10-14 23:32:23.557461 Romeo: Yes
2024-10-14 23:32:23.557628 Alpha: Yes
ChatterBot Zulu reevaluating
ChatterBot Zulu reevaluating
2024-10-14 23:32:23.744480 Uniform: Whiskey we want you to join our group
2024-10-14 23:32:23.753180 Whiskey: No
2024-10-14 23:32:23.775869 Papa: Whiskey we want you to join our group
2024-10-14 23:32:23.784863 Whiskey: Yes
ChatterBot Zulu reevaluating
2024-10-14 23:32:23.825045 Alpha: Whiskey we want you to join our group
2024-10-14 23:32:23.834123 Whiskey: Yes
2024-10-14 23:32:23.873058 Zulu: Whiskey we want you to join our group
2024-10-14 23:32:23.883246 Whiskey: Yes
chatterbot Bravo submitting transactions
2024-10-14 23:32:23.922562 Bravo: Zulu, sending you 1
2024-10-14 23:32:23.923729 Romeo: Zulu, sending you 3
2024-10-14 23:32:23.924258 Whiskey: Zulu, Romeo, Papa and Alpha, sending you 1
2024-10-14 23:32:23.928839 Kilo: Zulu and Papa, sending you 4
2024-10-14 23:32:23.929275 India: Zulu, sending you 5
2024-10-14 23:32:23.930088 Romeo: Papa, sending you 2
2024-10-14 23:32:23.930495 Whiskey: Kilo, sending you 2
2024-10-14 23:32:23.930980 Victor: Same as last round
2024-10-14 23:32:23.931781 Papa: Zulu, Whiskey and Alpha, sending you 1
2024-10-14 23:32:23.932484 Uniform: Papa, sending you 2
2024-10-14 23:32:23.933393 Kilo: Romeo, sending you 3
2024-10-14 23:32:23.933816 Romeo: Kilo, sending you 1
2024-10-14 23:32:23.949166 Uniform: Kilo, sending you 1
2024-10-14 23:32:23.950166 Alpha: Zulu, sending you 6
2024-10-14 23:32:23.950725 Papa: Romeo and Kilo, sending you 3
2024-10-14 23:32:23.951841 Kilo: Whiskey and Alpha, sending you 1
2024-10-14 23:32:23.952235 Romeo: Alpha, sending you 5
2024-10-14 23:32:23.957569 Alpha: Romeo, sending you 3
2024-10-14 23:32:23.959418 Zulu: Romeo, sending you 3
2024-10-14 23:32:23.970064 Alpha: Papa and Kilo, sending you 1
2024-10-14 23:32:23.971776 Zulu: Papa, sending you 1
2024-10-14 23:32:24.019353 Zulu: Kilo, sending you 2
2024-10-14 23:32:24.070147 Zulu: Alpha, sending you 7
chatterbot Uniform submitting transactions
chatterbot Victor submitting transactions
chatterbot Papa submitting transactions
chatterbot Whiskey submitting transactions
chatterbot Romeo submitting transactions
chatterbot India submitting transactions
chatterbot Alpha submitting transactions
chatterbot Kilo submitting transactions
chatterbot Zulu submitting transactions
ChatterBot Zulu round 4
ChatterBot Victor round 4
ChatterBot Bravo round 4
ChatterBot Romeo round 4
ChatterBot India round 4
ChatterBot Papa round 4
ChatterBot Kilo round 4
ChatterBot Whiskey round 4
ChatterBot Uniform round 4
ChatterBot Alpha round 4
2024-10-14 23:32:24.968437 Papa: We should add Uniform
ChatterBot Zulu reevaluating
ChatterBot Romeo reevaluating
ChatterBot Alpha reevaluating
2024-10-14 23:32:25.018216 Kilo: No
2024-10-14 23:32:25.018370 Whiskey: No
2024-10-14 23:32:25.018520 Zulu: No
2024-10-14 23:32:25.018674 Romeo: No
2024-10-14 23:32:25.018804 Alpha: No
ChatterBot Zulu reevaluating
ChatterBot Romeo reevaluating
ChatterBot Alpha reevaluating
ChatterBot Kilo reevaluating
ChatterBot Zulu reevaluating
ChatterBot Romeo reevaluating
ChatterBot Alpha reevaluating
ChatterBot Kilo reevaluating
ChatterBot Romeo reevaluating
ChatterBot Alpha reevaluating
ChatterBot Kilo reevaluating
ChatterBot Papa reevaluating
ChatterBot Zulu reevaluating
ChatterBot Alpha reevaluating
ChatterBot Kilo reevaluating
ChatterBot Papa reevaluating
ChatterBot Zulu reevaluating
ChatterBot Romeo reevaluating
2024-10-14 23:32:25.231458 Victor: We should group up
ChatterBot Papa reevaluating
ChatterBot Kilo reevaluating
ChatterBot Zulu reevaluating
ChatterBot Romeo reevaluating
ChatterBot Alpha reevaluating
2024-10-14 23:32:25.299182 Papa: Yes
2024-10-14 23:32:25.299352 Kilo: No
2024-10-14 23:32:25.299494 Whiskey: No
2024-10-14 23:32:25.299638 Zulu: No
2024-10-14 23:32:25.299794 Romeo: No
2024-10-14 23:32:25.299946 Alpha: No
ChatterBot Kilo reevaluating
ChatterBot Zulu reevaluating
ChatterBot Romeo reevaluating
ChatterBot Alpha reevaluating
ChatterBot Papa reevaluating
ChatterBot Zulu reevaluating
ChatterBot Romeo reevaluating
ChatterBot Alpha reevaluating
ChatterBot Papa reevaluating
ChatterBot Kilo reevaluating
ChatterBot Zulu reevaluating
ChatterBot Romeo reevaluating
ChatterBot Alpha reevaluating
ChatterBot Papa reevaluating
ChatterBot Kilo reevaluating
ChatterBot Romeo reevaluating
ChatterBot Alpha reevaluating
ChatterBot Papa reevaluating
ChatterBot Kilo reevaluating
ChatterBot Zulu reevaluating
ChatterBot Alpha reevaluating
ChatterBot Papa reevaluating
ChatterBot Kilo reevaluating
ChatterBot Zulu reevaluating
ChatterBot Romeo reevaluating
2024-10-14 23:32:25.562584 Papa: We should add Victor
ChatterBot Kilo reevaluating
ChatterBot Zulu reevaluating
ChatterBot Romeo reevaluating
ChatterBot Alpha reevaluating
2024-10-14 23:32:25.599740 Kilo: No
2024-10-14 23:32:25.599906 Whiskey: No
2024-10-14 23:32:25.600036 Zulu: No
2024-10-14 23:32:25.600147 Romeo: No
2024-10-14 23:32:25.600251 Alpha: No
ChatterBot Papa reevaluating
ChatterBot Zulu reevaluating
ChatterBot Romeo reevaluating
ChatterBot Alpha reevaluating
ChatterBot Kilo reevaluating
ChatterBot Papa reevaluating
ChatterBot Zulu reevaluating
ChatterBot Romeo reevaluating
ChatterBot Alpha reevaluating
ChatterBot Kilo reevaluating
ChatterBot Papa reevaluating
ChatterBot Romeo reevaluating
ChatterBot Alpha reevaluating
ChatterBot Kilo reevaluating
ChatterBot Papa reevaluating
ChatterBot Zulu reevaluating
ChatterBot Alpha reevaluating
ChatterBot Kilo reevaluating
ChatterBot Papa reevaluating
ChatterBot Zulu reevaluating
ChatterBot Romeo reevaluating
2024-10-14 23:32:26.064187 Zulu: We should drop Whiskey
ChatterBot Papa reevaluating
ChatterBot Kilo reevaluating
2024-10-14 23:32:26.104663 Romeo: No
2024-10-14 23:32:26.105139 Alpha: No
2024-10-14 23:32:26.105602 Papa: No
2024-10-14 23:32:26.106021 Kilo: No
ChatterBot Papa reevaluating
ChatterBot Kilo reevaluating
ChatterBot Papa reevaluating
ChatterBot Kilo reevaluating
ChatterBot Kilo reevaluating
ChatterBot Papa reevaluating
chatterbot Uniform submitting transactions
chatterbot Whiskey submitting transactions
2024-10-14 23:32:26.273054 India: Zulu, sending you 5
2024-10-14 23:32:26.274173 Uniform: Papa, sending you 2
2024-10-14 23:32:26.274594 Victor: Zulu, Romeo and Alpha, sending you 1
2024-10-14 23:32:26.275776 Bravo: Zulu, sending you 1
2024-10-14 23:32:26.276276 Whiskey: Zulu, Romeo and Alpha, sending you 1
2024-10-14 23:32:26.280512 Uniform: Whiskey, sending you 1
2024-10-14 23:32:26.281672 Romeo: Zulu, sending you 3
2024-10-14 23:32:26.282540 Whiskey: Papa and Kilo, sending you 2
2024-10-14 23:32:26.286715 Zulu: Romeo and Kilo, sending you 3
2024-10-14 23:32:26.287569 Romeo: Papa and Kilo, sending you 2
2024-10-14 23:32:26.287951 Alpha: Zulu, sending you 5
2024-10-14 23:32:26.290316 Zulu: Papa, sending you 1
2024-10-14 23:32:26.300098 Romeo: Alpha, sending you 4
2024-10-14 23:32:26.300585 Kilo: Zulu, sending you 3
2024-10-14 23:32:26.301401 Alpha: Romeo, sending you 3
2024-10-14 23:32:26.301770 Papa: Zulu, Whiskey and Alpha, sending you 1
2024-10-14 23:32:26.302114 Zulu: Alpha, sending you 6
2024-10-14 23:32:26.306876 Kilo: Romeo and Whiskey, sending you 2
2024-10-14 23:32:26.307314 Papa: Romeo, sending you 2
2024-10-14 23:32:26.308339 Alpha: Papa, Kilo and Whiskey, sending you 1
2024-10-14 23:32:26.312552 Kilo: Papa, sending you 5
2024-10-14 23:32:26.313884 Papa: Kilo, sending you 3
2024-10-14 23:32:26.329780 Kilo: Alpha, sending you 1
chatterbot India submitting transactions
chatterbot Alpha submitting transactions
chatterbot Victor submitting transactions
chatterbot Romeo submitting transactions
chatterbot Papa submitting transactions
chatterbot Zulu submitting transactions
chatterbot Bravo submitting transactions
chatterbot Kilo submitting transactions
ChatterBot Zulu round 5
ChatterBot Victor round 5
ChatterBot Bravo round 5
ChatterBot Romeo round 5
ChatterBot India round 5
2024-10-14 23:32:27.156526 India: Group up?
ChatterBot Papa reevaluating
2024-10-14 23:32:27.222735 Papa: Yes
2024-10-14 23:32:27.222947 Kilo: No
2024-10-14 23:32:27.223574 Whiskey: No
2024-10-14 23:32:27.223695 Zulu: No
2024-10-14 23:32:27.223805 Romeo: No
2024-10-14 23:32:27.223912 Alpha: No
ChatterBot Papa reevaluating
ChatterBot Papa reevaluating
ChatterBot Romeo reevaluating
ChatterBot Papa reevaluating
ChatterBot Romeo reevaluating
ChatterBot Papa reevaluating
ChatterBot Kilo reevaluating
ChatterBot Papa reevaluating
ChatterBot Kilo reevaluating
ChatterBot Romeo reevaluating
ChatterBot Papa round 5
ChatterBot Kilo round 5
ChatterBot Whiskey round 5
ChatterBot Uniform round 5
ChatterBot Alpha round 5
2024-10-14 23:32:27.788683 Bravo: We would work well together
2024-10-14 23:32:27.804716 Whiskey: No
2024-10-14 23:32:27.831502 Papa: We should add India
ChatterBot Kilo reevaluating
ChatterBot Romeo reevaluating
2024-10-14 23:32:28.015082 Kilo: No
2024-10-14 23:32:28.015499 Whiskey: No
2024-10-14 23:32:28.015769 Zulu: No
2024-10-14 23:32:28.016671 Romeo: No
2024-10-14 23:32:28.017046 Alpha: No
ChatterBot Papa reevaluating
ChatterBot Romeo reevaluating
ChatterBot Kilo reevaluating
ChatterBot Papa reevaluating
ChatterBot Romeo reevaluating
ChatterBot Kilo reevaluating
ChatterBot Papa reevaluating
ChatterBot Romeo reevaluating
ChatterBot Kilo reevaluating
ChatterBot Papa reevaluating
ChatterBot Kilo reevaluating
ChatterBot Papa reevaluating
ChatterBot Romeo reevaluating
2024-10-14 23:32:28.320670 Zulu: Romeo and Kilo, sending you 3
2024-10-14 23:32:28.322253 India: Zulu, sending you 3
2024-10-14 23:32:28.326305 Zulu: Papa, sending you 1
2024-10-14 23:32:28.327989 India: Papa, sending you 2
2024-10-14 23:32:28.331856 Romeo: Zulu and Alpha, sending you 3
2024-10-14 23:32:28.332478 Zulu: Alpha, sending you 6
2024-10-14 23:32:28.339771 Romeo: Papa and Kilo, sending you 2
2024-10-14 23:32:28.340682 Bravo: Sending you 1
2024-10-14 23:32:28.341743 Victor: Zulu, Romeo and Alpha, sending you 1
2024-10-14 23:32:28.342694 Kilo: Zulu and Papa, sending you 4
2024-10-14 23:32:28.344145 Alpha: Zulu, sending you 5
2024-10-14 23:32:28.345284 Whiskey: Zulu and Romeo, sending you 1
2024-10-14 23:32:28.346661 Uniform: Papa, sending you 2
2024-10-14 23:32:28.347128 Romeo: Whiskey, sending you 1
2024-10-14 23:32:28.347919 Papa: Zulu, Whiskey and Alpha, sending you 1
2024-10-14 23:32:28.349275 Kilo: Romeo and Whiskey, sending you 2
2024-10-14 23:32:28.350409 Alpha: Romeo, sending you 3
2024-10-14 23:32:28.351053 Whiskey: Papa, Kilo and Alpha, sending you 2
2024-10-14 23:32:28.352371 Uniform: Whiskey, sending you 1
2024-10-14 23:32:28.353025 Papa: Romeo, sending you 2
2024-10-14 23:32:28.354348 Alpha: Papa, Kilo and Whiskey, sending you 1
2024-10-14 23:32:28.355368 Kilo: Alpha, sending you 1
2024-10-14 23:32:28.357804 Papa: Kilo, sending you 3
chatterbot Whiskey submitting transactions
chatterbot Bravo submitting transactions
chatterbot Victor submitting transactions
chatterbot India submitting transactions
chatterbot Uniform submitting transactions
chatterbot Zulu submitting transactions
chatterbot Alpha submitting transactions
chatterbot Papa submitting transactions
chatterbot Kilo submitting transactions
chatterbot Romeo submitting transactions
ChatterBot Zulu round 6
ChatterBot Victor round 6
ChatterBot Bravo round 6
ChatterBot Romeo round 6
ChatterBot India round 6
ChatterBot Papa round 6
ChatterBot Kilo round 6
ChatterBot Whiskey round 6
2024-10-14 23:32:29.497143 Zulu: We should add Whiskey
ChatterBot Romeo reevaluating
ChatterBot Papa reevaluating
ChatterBot Kilo reevaluating
2024-10-14 23:32:29.545413 Romeo: Yes
2024-10-14 23:32:29.545847 Alpha: Yes
2024-10-14 23:32:29.546080 Papa: Yes
2024-10-14 23:32:29.546459 Kilo: Yes
ChatterBot Papa reevaluating
ChatterBot Kilo reevaluating
ChatterBot Romeo reevaluating
ChatterBot Papa reevaluating
ChatterBot Kilo reevaluating
ChatterBot Romeo reevaluating
ChatterBot Kilo reevaluating
ChatterBot Romeo reevaluating
ChatterBot Papa reevaluating
ChatterBot Uniform round 6
ChatterBot Alpha round 6
2024-10-14 23:32:29.692254 Bravo: We should replace Whiskey with India
2024-10-14 23:32:29.741053 Zulu: Whiskey we want you to join our group
2024-10-14 23:32:29.748986 Whiskey: Yes
ChatterBot Kilo reevaluating
ChatterBot Papa reevaluating
ChatterBot Romeo reevaluating
ChatterBot Alpha reevaluating
2024-10-14 23:32:29.810784 Bravo: India we want you to join our group
2024-10-14 23:32:29.817264 India: No
ChatterBot Bravo reevaluating
2024-10-14 23:32:29.824882 Victor: We should drop Whiskey
ChatterBot Alpha reevaluating
2024-10-14 23:32:29.863757 Zulu: No
2024-10-14 23:32:29.863889 Romeo: No
2024-10-14 23:32:29.864441 Papa: No
2024-10-14 23:32:29.864587 Kilo: No
2024-10-14 23:32:29.864728 Alpha: No
ChatterBot Alpha reevaluating
ChatterBot Alpha reevaluating
ChatterBot Alpha reevaluating
ChatterBot Alpha reevaluating
2024-10-14 23:32:30.040415 India: We should drop Whiskey
ChatterBot Alpha reevaluating
2024-10-14 23:32:30.072757 Zulu: No
2024-10-14 23:32:30.072894 Romeo: No
2024-10-14 23:32:30.073511 Papa: No
2024-10-14 23:32:30.073605 Kilo: No
2024-10-14 23:32:30.073710 Alpha: No
ChatterBot Alpha reevaluating
ChatterBot Alpha reevaluating
ChatterBot Alpha reevaluating
ChatterBot Alpha reevaluating
2024-10-14 23:32:30.247692 Whiskey: Zulu, sending you 1
2024-10-14 23:32:30.248477 Kilo: Zulu and Papa, sending you 4
2024-10-14 23:32:30.249889 Romeo: Zulu and Alpha, sending you 3
2024-10-14 23:32:30.252038 Papa: Zulu, Whiskey and Alpha, sending you 1
2024-10-14 23:32:30.252767 Bravo: Same as last round
2024-10-14 23:32:30.253029 Zulu: Romeo and Kilo, sending you 3
2024-10-14 23:32:30.253982 Whiskey: Romeo, Papa, Kilo and Alpha, sending you 2
2024-10-14 23:32:30.254625 Kilo: Romeo and Whiskey, sending you 2
2024-10-14 23:32:30.255676 Romeo: Papa and Kilo, sending you 2
2024-10-14 23:32:30.256740 Papa: Romeo, sending you 2
2024-10-14 23:32:30.257370 Victor: Zulu, Romeo and Alpha, sending you 1
2024-10-14 23:32:30.257879 Zulu: Papa, sending you 1
2024-10-14 23:32:30.259334 Uniform: Papa, sending you 2
2024-10-14 23:32:30.260113 Kilo: Alpha, sending you 1
2024-10-14 23:32:30.262099 Romeo: Whiskey, sending you 1
2024-10-14 23:32:30.263663 Papa: Kilo, sending you 3
2024-10-14 23:32:30.264846 India: Zulu, sending you 3
2024-10-14 23:32:30.266079 Zulu: Alpha, sending you 6
2024-10-14 23:32:30.266944 Uniform: Alpha, sending you 1
2024-10-14 23:32:30.267529 Alpha: Zulu, sending you 5
2024-10-14 23:32:30.270737 India: Papa, sending you 2
2024-10-14 23:32:30.272688 Alpha: Romeo, sending you 3
2024-10-14 23:32:30.278679 Alpha: Papa, Kilo and Whiskey, sending you 1
chatterbot Kilo submitting transactions
chatterbot Papa submitting transactions
chatterbot Bravo submitting transactions
chatterbot Victor submitting transactions
chatterbot Zulu submitting transactions
chatterbot India submitting transactions
chatterbot Romeo submitting transactions
chatterbot Whiskey submitting transactions
chatterbot Uniform submitting transactions
chatterbot Alpha submitting transactions
ChatterBot Zulu round 7
ChatterBot Victor round 7
ChatterBot Bravo round 7
ChatterBot Romeo round 7
ChatterBot India round 7
ChatterBot Papa round 7
ChatterBot Kilo round 7
ChatterBot Whiskey round 7
2024-10-14 23:32:31.386346 Victor: We should add Whiskey
ChatterBot Zulu reevaluating
ChatterBot Papa reevaluating
ChatterBot Kilo reevaluating
2024-10-14 23:32:31.409461 Zulu: No
2024-10-14 23:32:31.409674 Romeo: Yes
2024-10-14 23:32:31.409828 Papa: Yes
2024-10-14 23:32:31.410019 Kilo: Yes
2024-10-14 23:32:31.410164 Alpha: Yes
ChatterBot Papa reevaluating
ChatterBot Kilo reevaluating
ChatterBot Zulu reevaluating
ChatterBot Papa reevaluating
ChatterBot Kilo reevaluating
ChatterBot Zulu reevaluating
ChatterBot Kilo reevaluating
ChatterBot Zulu reevaluating
ChatterBot Papa reevaluating
ChatterBot Zulu reevaluating
ChatterBot Papa reevaluating
ChatterBot Kilo reevaluating
ChatterBot Uniform round 7
ChatterBot Alpha round 7
2024-10-14 23:32:31.556229 India: We should add Whiskey
ChatterBot Zulu reevaluating
ChatterBot Papa reevaluating
ChatterBot Kilo reevaluating
ChatterBot Alpha reevaluating
2024-10-14 23:32:31.581255 Zulu: Yes
2024-10-14 23:32:31.581390 Romeo: Yes
2024-10-14 23:32:31.581489 Papa: Yes
2024-10-14 23:32:31.581592 Kilo: Yes
2024-10-14 23:32:31.582099 Alpha: Yes
ChatterBot Papa reevaluating
ChatterBot Kilo reevaluating
ChatterBot Alpha reevaluating
ChatterBot Zulu reevaluating
ChatterBot Papa reevaluating
ChatterBot Kilo reevaluating
ChatterBot Alpha reevaluating
ChatterBot Zulu reevaluating
ChatterBot Kilo reevaluating
ChatterBot Alpha reevaluating
ChatterBot Zulu reevaluating
ChatterBot Papa reevaluating
ChatterBot Alpha reevaluating
ChatterBot Zulu reevaluating
ChatterBot Papa reevaluating
ChatterBot Kilo reevaluating
2024-10-14 23:32:31.732723 Bravo: We should replace Whiskey with India
2024-10-14 23:32:31.753243 Victor: Whiskey we want you to join our group
2024-10-14 23:32:31.762947 Whiskey: No
ChatterBot Papa reevaluating
ChatterBot Kilo reevaluating
ChatterBot Zulu reevaluating
ChatterBot Alpha reevaluating
2024-10-14 23:32:31.807993 Uniform: We should add Whiskey
ChatterBot Zulu reevaluating
ChatterBot Alpha reevaluating
2024-10-14 23:32:31.831487 Zulu: Yes
2024-10-14 23:32:31.831608 Romeo: Yes
2024-10-14 23:32:31.831730 Papa: Yes
2024-10-14 23:32:31.831912 Kilo: Yes
2024-10-14 23:32:31.832013 Alpha: Yes
ChatterBot Alpha reevaluating
ChatterBot Zulu reevaluating
ChatterBot Alpha reevaluating
ChatterBot Zulu reevaluating
ChatterBot Alpha reevaluating
ChatterBot Zulu reevaluating
ChatterBot Alpha reevaluating
ChatterBot Zulu reevaluating
2024-10-14 23:32:31.998544 India: Whiskey we want you to join our group
2024-10-14 23:32:32.004311 Whiskey: No
ChatterBot Zulu reevaluating
ChatterBot Alpha reevaluating
2024-10-14 23:32:32.033263 Bravo: India we want you to join our group
2024-10-14 23:32:32.037518 India: No
ChatterBot Bravo reevaluating
2024-10-14 23:32:32.042631 Bravo: We should replace Whiskey with Victor
2024-10-14 23:32:32.043010 Uniform: Whiskey we want you to join our group
2024-10-14 23:32:32.050095 Whiskey: No
ChatterBot Zulu reevaluating
2024-10-14 23:32:32.212575 Romeo: Zulu and Alpha, sending you 3
2024-10-14 23:32:32.215580 Bravo: Victor we want you to join our group
2024-10-14 23:32:32.221299 Victor: No
ChatterBot Bravo reevaluating
2024-10-14 23:32:32.229160 Romeo: Papa and Kilo, sending you 2
2024-10-14 23:32:32.231672 Kilo: Zulu and Papa, sending you 4
2024-10-14 23:32:32.233540 Alpha: Zulu, sending you 5
2024-10-14 23:32:32.235419 Romeo: Whiskey, sending you 1
2024-10-14 23:32:32.237259 Whiskey: Zulu, sending you 1
2024-10-14 23:32:32.239129 Papa: Zulu and Alpha, sending you 1
2024-10-14 23:32:32.241415 Victor: Zulu, Romeo and Alpha, sending you 1
2024-10-14 23:32:32.243018 India: Zulu, sending you 3
2024-10-14 23:32:32.244535 Kilo: Romeo and Whiskey, sending you 2
2024-10-14 23:32:32.246587 Alpha: Romeo, sending you 3
2024-10-14 23:32:32.248641 Whiskey: Romeo, Papa, Kilo and Alpha, sending you 2
2024-10-14 23:32:32.250423 Papa: Romeo and Whiskey, sending you 2
2024-10-14 23:32:32.251498 Uniform: Papa, sending you 2
2024-10-14 23:32:32.254173 India: Papa, sending you 2
2024-10-14 23:32:32.256922 Kilo: Alpha, sending you 1
2024-10-14 23:32:32.259390 Alpha: Papa, Kilo and Whiskey, sending you 1
2024-10-14 23:32:32.261204 Papa: Kilo, sending you 3
2024-10-14 23:32:32.263666 Zulu: Romeo and Kilo, sending you 3
2024-10-14 23:32:32.265755 Uniform: Alpha, sending you 1
chatterbot India submitting transactions
2024-10-14 23:32:32.268689 Bravo: Sending you 1
2024-10-14 23:32:32.270368 Zulu: Papa and Whiskey, sending you 1
2024-10-14 23:32:32.275705 Zulu: Alpha, sending you 5
chatterbot Alpha submitting transactions
chatterbot Papa submitting transactions
chatterbot Victor submitting transactions
chatterbot Kilo submitting transactions
chatterbot Uniform submitting transactions
chatterbot Romeo submitting transactions
chatterbot Whiskey submitting transactions
chatterbot Bravo submitting transactions
chatterbot Zulu submitting transactions
ChatterBot Zulu round 8
ChatterBot Victor round 8
ChatterBot Bravo round 8
ChatterBot Romeo round 8
ChatterBot India round 8
ChatterBot Papa round 8
ChatterBot Kilo round 8
2024-10-14 23:32:33.082676 Bravo: We should replace India with Whiskey
ChatterBot Whiskey round 8
ChatterBot Uniform round 8
ChatterBot Alpha round 8
2024-10-14 23:32:33.115967 Bravo: Whiskey we want you to join our group
2024-10-14 23:32:33.121241 Whiskey: No
ChatterBot Bravo reevaluating
2024-10-14 23:32:33.140714 Victor: Zulu, Romeo and Alpha, sending you 1
2024-10-14 23:32:33.148705 Kilo: Zulu and Papa, sending you 4
2024-10-14 23:32:33.152681 Kilo: Romeo and Whiskey, sending you 2
2024-10-14 23:32:33.154324 Alpha: Zulu, sending you 5
2024-10-14 23:32:33.155207 Romeo: Zulu and Alpha, sending you 3
2024-10-14 23:32:33.156793 Bravo: Same as last round
2024-10-14 23:32:33.157180 Uniform: Papa, sending you 2
2024-10-14 23:32:33.158795 Zulu: Romeo and Kilo, sending you 3
2024-10-14 23:32:33.160687 Kilo: Alpha, sending you 1
2024-10-14 23:32:33.162704 Alpha: Romeo, sending you 3
2024-10-14 23:32:33.163609 Papa: Zulu and Alpha, sending you 1
2024-10-14 23:32:33.164840 Romeo: Papa and Kilo, sending you 2
2024-10-14 23:32:33.165572 Uniform: Alpha, sending you 1
2024-10-14 23:32:33.166947 India: Zulu, sending you 3
2024-10-14 23:32:33.167451 Zulu: Papa and Whiskey, sending you 1
2024-10-14 23:32:33.168248 Alpha: Papa, Kilo and Whiskey, sending you 1
2024-10-14 23:32:33.169578 Papa: Romeo and Whiskey, sending you 2
2024-10-14 23:32:33.170327 Romeo: Whiskey, sending you 1
2024-10-14 23:32:33.171735 Whiskey: Zulu, sending you 1
2024-10-14 23:32:33.173047 Zulu: Alpha, sending you 5
2024-10-14 23:32:33.173773 India: Papa, sending you 2
2024-10-14 23:32:33.174436 Papa: Kilo, sending you 3
2024-10-14 23:32:33.175852 Whiskey: Romeo, Papa, Kilo and Alpha, sending you 2
chatterbot India submitting transactions
chatterbot Romeo submitting transactions
chatterbot Victor submitting transactions
chatterbot Zulu submitting transactions
chatterbot Alpha submitting transactions
chatterbot Whiskey submitting transactions
chatterbot Papa submitting transactions
chatterbot Bravo submitting transactions
chatterbot Uniform submitting transactions
chatterbot Kilo submitting transactions
ChatterBot Zulu round 9
ChatterBot Victor round 9
ChatterBot Bravo round 9
ChatterBot Romeo round 9
ChatterBot India round 9
ChatterBot Papa round 9
ChatterBot Kilo round 9
ChatterBot Whiskey round 9
ChatterBot Uniform round 9
ChatterBot Alpha round 9
2024-10-14 23:32:34.386814 Bravo: We should replace India with Victor
2024-10-14 23:32:34.396981 Bravo: Victor we want you to join our group
2024-10-14 23:32:34.400608 Victor: No
2024-10-14 23:32:34.407675 Zulu: Romeo and Kilo, sending you 3
2024-10-14 23:32:34.411690 Zulu: Papa and Whiskey, sending you 1
2024-10-14 23:32:34.414398 Alpha: Zulu, sending you 5
2024-10-14 23:32:34.416719 India: Zulu, sending you 3
2024-10-14 23:32:34.417511 Bravo: Sending you 1
2024-10-14 23:32:34.417862 Victor: Zulu, Romeo and Alpha, sending you 1
2024-10-14 23:32:34.419204 Zulu: Alpha, sending you 5
2024-10-14 23:32:34.420929 Romeo: Zulu and Alpha, sending you 3
2024-10-14 23:32:34.422375 Whiskey: Zulu, sending you 1
2024-10-14 23:32:34.424592 Alpha: Romeo, sending you 3
2024-10-14 23:32:34.425777 Uniform: Zulu, sending you 1
2024-10-14 23:32:34.428272 Papa: Zulu and Alpha, sending you 1
2024-10-14 23:32:34.430496 India: Papa, sending you 2
2024-10-14 23:32:34.431508 Romeo: Papa and Kilo, sending you 2
2024-10-14 23:32:34.434022 Whiskey: Romeo, Papa, Kilo and Alpha, sending you 2
2024-10-14 23:32:34.436312 Alpha: Papa, Kilo and Whiskey, sending you 1
2024-10-14 23:32:34.438569 Uniform: Papa, sending you 2
2024-10-14 23:32:34.440445 Papa: Romeo and Whiskey, sending you 2
2024-10-14 23:32:34.443058 Kilo: Zulu and Papa, sending you 4
2024-10-14 23:32:34.444848 Romeo: Whiskey, sending you 1
2024-10-14 23:32:34.448432 Papa: Kilo, sending you 3
2024-10-14 23:32:34.451289 Kilo: Romeo and Whiskey, sending you 2
2024-10-14 23:32:34.456941 Kilo: Alpha, sending you 1
chatterbot Uniform submitting transactions
chatterbot Papa submitting transactions
chatterbot India submitting transactions
chatterbot Victor submitting transactions
chatterbot Alpha submitting transactions
chatterbot Whiskey submitting transactions
chatterbot Romeo submitting transactions
chatterbot Kilo submitting transactions
chatterbot Bravo submitting transactions
chatterbot Zulu submitting transactions
ChatterBot Zulu round 10
ChatterBot Victor round 10
ChatterBot Bravo round 10
ChatterBot Romeo round 10
ChatterBot India round 10
ChatterBot Papa round 10
ChatterBot Kilo round 10
ChatterBot Whiskey round 10
ChatterBot Uniform round 10
ChatterBot Alpha round 10
2024-10-14 23:32:35.613671 Bravo: We should replace Victor with India
2024-10-14 23:32:35.643211 Bravo: India we want you to join our group
2024-10-14 23:32:35.649522 India: No
2024-10-14 23:32:35.658872 Uniform: Zulu, sending you 1
2024-10-14 23:32:35.660589 Victor: Zulu, Romeo and Alpha, sending you 1
2024-10-14 23:32:35.661563 Zulu: Romeo and Kilo, sending you 3
2024-10-14 23:32:35.663956 Uniform: Papa, sending you 2
2024-10-14 23:32:35.667029 Zulu: Papa and Whiskey, sending you 1
2024-10-14 23:32:35.669117 India: Zulu, sending you 3
2024-10-14 23:32:35.670743 Romeo: Zulu and Alpha, sending you 3
2024-10-14 23:32:35.673038 Papa: Zulu and Alpha, sending you 1
2024-10-14 23:32:35.675332 Zulu: Alpha, sending you 5
2024-10-14 23:32:35.678067 India: Papa, sending you 2
2024-10-14 23:32:35.679005 Romeo: Papa and Kilo, sending you 2
2024-10-14 23:32:35.681756 Whiskey: Zulu, sending you 1
2024-10-14 23:32:35.682985 Papa: Romeo and Whiskey, sending you 2
2024-10-14 23:32:35.684529 Alpha: Zulu, sending you 5
2024-10-14 23:32:35.685999 Kilo: Zulu and Papa, sending you 4
2024-10-14 23:32:35.687600 Bravo: Sending you 1
2024-10-14 23:32:35.687999 Romeo: Whiskey, sending you 1
2024-10-14 23:32:35.689296 Whiskey: Romeo, Papa, Kilo and Alpha, sending you 2
2024-10-14 23:32:35.690712 Papa: Kilo, sending you 3
2024-10-14 23:32:35.691589 Alpha: Romeo, sending you 3
2024-10-14 23:32:35.692941 Kilo: Romeo and Whiskey, sending you 2
2024-10-14 23:32:35.696690 Kilo: Alpha, sending you 1
2024-10-14 23:32:35.699325 Alpha: Papa, Kilo and Whiskey, sending you 1
chatterbot Uniform submitting transactions
chatterbot Whiskey submitting transactions
chatterbot India submitting transactions
chatterbot Romeo submitting transactions
chatterbot Victor submitting transactions
chatterbot Kilo submitting transactions
chatterbot Zulu submitting transactions
chatterbot Bravo submitting transactions
chatterbot Alpha submitting transactions
chatterbot Papa submitting transactions
ChatterBot Zulu round 11
ChatterBot Victor round 11
ChatterBot Bravo round 11
ChatterBot Romeo round 11
ChatterBot India round 11
ChatterBot Papa round 11
ChatterBot Kilo round 11
ChatterBot Whiskey round 11
ChatterBot Uniform round 11
ChatterBot Alpha round 11
2024-10-14 23:32:36.863867 Victor: Let's form a team
2024-10-14 23:32:36.869557 India: No
ChatterBot Victor reevaluating
2024-10-14 23:32:36.926377 Zulu: We should drop Papa
2024-10-14 23:32:36.953282 Romeo: No
2024-10-14 23:32:36.953505 Kilo: No
2024-10-14 23:32:36.953666 Whiskey: No
2024-10-14 23:32:36.953813 Alpha: No
ChatterBot Zulu reevaluating
ChatterBot Zulu reevaluating
ChatterBot Zulu reevaluating
ChatterBot Zulu reevaluating
2024-10-14 23:32:37.050662 India: Zulu, sending you 3
2024-10-14 23:32:37.055700 India: Papa, sending you 2
2024-10-14 23:32:37.057303 Romeo: Zulu and Alpha, sending you 3
2024-10-14 23:32:37.058572 Kilo: Zulu and Papa, sending you 4
2024-10-14 23:32:37.061065 Whiskey: Zulu, sending you 1
2024-10-14 23:32:37.063216 Romeo: Papa and Kilo, sending you 2
2024-10-14 23:32:37.065429 Alpha: Zulu, sending you 5
2024-10-14 23:32:37.067398 Papa: Zulu and Alpha, sending you 1
2024-10-14 23:32:37.069535 Kilo: Romeo and Whiskey, sending you 2
