ChatterBot Mike round 1
ChatterBot Bravo round 1
ChatterBot Lima round 1
ChatterBot Tango round 1
ChatterBot Romeo round 1
ChatterBot Charlie round 1
ChatterBot Juliett round 1
ChatterBot Victor round 1
ChatterBot India round 1
ChatterBot Sierra round 1
randomSelections Mike: {Mike, Sierra, Lima, Juliett, Bravo, Victor, India} 
2024-10-14 23:32:19.602228 Mike: Group up?
ChatterBot Sierra reevaluating
ChatterBot Lima reevaluating
ChatterBot Juliett reevaluating
ChatterBot Bravo reevaluating
ChatterBot Victor reevaluating
ChatterBot India reevaluating
2024-10-14 23:32:19.673289 Sierra: Yes
2024-10-14 23:32:19.673525 Lima: Yes
2024-10-14 23:32:19.674800 Juliett: Yes
2024-10-14 23:32:19.675015 Bravo: Yes
2024-10-14 23:32:19.675389 Victor: Yes
2024-10-14 23:32:19.675535 India: Yes
ChatterBot Lima reevaluating
ChatterBot Juliett reevaluating
ChatterBot Bravo reevaluating
ChatterBot Victor reevaluating
ChatterBot India reevaluating
ChatterBot Sierra reevaluating
ChatterBot Juliett reevaluating
ChatterBot Bravo reevaluating
ChatterBot Victor reevaluating
ChatterBot India reevaluating
ChatterBot Sierra reevaluating
ChatterBot Lima reevaluating
ChatterBot Bravo reevaluating
ChatterBot Victor reevaluating
ChatterBot India reevaluating
ChatterBot Sierra reevaluating
ChatterBot Lima reevaluating
ChatterBot Juliett reevaluating
ChatterBot Victor reevaluating
ChatterBot India reevaluating
ChatterBot Sierra reevaluating
ChatterBot Lima reevaluating
ChatterBot Juliett reevaluating
ChatterBot Bravo reevaluating
ChatterBot India reevaluating
ChatterBot Sierra reevaluating
ChatterBot Lima reevaluating
ChatterBot Juliett reevaluating
ChatterBot Bravo reevaluating
ChatterBot Victor reevaluating
randomSelections Romeo: {Romeo, Bravo, India, Mike, Juliett, Lima, Tango} 
2024-10-14 23:32:19.765056 Romeo: Friends?
ChatterBot Bravo reevaluating
ChatterBot India reevaluating
ChatterBot Juliett reevaluating
ChatterBot Lima reevaluating
ChatterBot Tango reevaluating
2024-10-14 23:32:19.773902 Bravo: No
2024-10-14 23:32:19.774532 India: No
2024-10-14 23:32:19.774735 Mike: No
2024-10-14 23:32:19.775060 Juliett: No
2024-10-14 23:32:19.775182 Lima: No
2024-10-14 23:32:19.775499 Tango: Yes
ChatterBot India reevaluating
ChatterBot Juliett reevaluating
ChatterBot Lima reevaluating
ChatterBot Tango reevaluating
ChatterBot Bravo reevaluating
ChatterBot Juliett reevaluating
ChatterBot Lima reevaluating
ChatterBot Tango reevaluating
ChatterBot Bravo reevaluating
ChatterBot India reevaluating
ChatterBot Juliett reevaluating
ChatterBot Lima reevaluating
ChatterBot Tango reevaluating
ChatterBot Bravo reevaluating
ChatterBot India reevaluating
ChatterBot Lima reevaluating
ChatterBot Tango reevaluating
ChatterBot Bravo reevaluating
ChatterBot India reevaluating
ChatterBot Juliett reevaluating
ChatterBot Tango reevaluating
ChatterBot Bravo reevaluating
ChatterBot India reevaluating
ChatterBot Juliett reevaluating
ChatterBot Lima reevaluating
randomSelections Charlie: {Charlie, Romeo, Sierra, Lima, Victor, Bravo, Tango} 
2024-10-14 23:32:19.855028 Charlie: We would work well together
ChatterBot Sierra reevaluating
ChatterBot Lima reevaluating
ChatterBot Victor reevaluating
ChatterBot Bravo reevaluating
ChatterBot Tango reevaluating
2024-10-14 23:32:19.865832 Romeo: No
2024-10-14 23:32:19.866078 Sierra: No
2024-10-14 23:32:19.866331 Lima: No
2024-10-14 23:32:19.866588 Victor: No
2024-10-14 23:32:19.867464 Bravo: No
2024-10-14 23:32:19.867729 Tango: No
ChatterBot Sierra reevaluating
ChatterBot Lima reevaluating
ChatterBot Victor reevaluating
ChatterBot Bravo reevaluating
ChatterBot Tango reevaluating
ChatterBot Lima reevaluating
ChatterBot Victor reevaluating
ChatterBot Bravo reevaluating
ChatterBot Tango reevaluating
ChatterBot Sierra reevaluating
ChatterBot Victor reevaluating
ChatterBot Bravo reevaluating
ChatterBot Tango reevaluating
ChatterBot Sierra reevaluating
ChatterBot Lima reevaluating
ChatterBot Bravo reevaluating
ChatterBot Tango reevaluating
ChatterBot Sierra reevaluating
ChatterBot Lima reevaluating
ChatterBot Victor reevaluating
ChatterBot Tango reevaluating
ChatterBot Sierra reevaluating
ChatterBot Lima reevaluating
ChatterBot Victor reevaluating
ChatterBot Bravo reevaluating
2024-10-14 23:32:19.951752 Romeo: Mike, sending you 6
2024-10-14 23:32:19.956750 Lima: Mike, Bravo and Sierra, sending you 2
2024-10-14 23:32:19.958627 Romeo: Bravo, Tango and Juliett, sending you 1
2024-10-14 23:32:19.958996 Charlie: Bravo, Victor and Sierra, sending you 1
2024-10-14 23:32:19.959376 Juliett: Mike, Bravo and Lima, sending you 1
2024-10-14 23:32:19.959793 Bravo: Mike and Victor, sending you 4
2024-10-14 23:32:19.961150 Victor: Mike, Lima, Juliett and Sierra, sending you 1
2024-10-14 23:32:19.961589 Tango: Mike, Lima, Romeo and India, sending you 1
2024-10-14 23:32:19.962212 Lima: Juliett and India, sending you 1
2024-10-14 23:32:19.963406 Romeo: Lima, sending you 3
2024-10-14 23:32:19.963865 Sierra: Mike and Lima, sending you 2
2024-10-14 23:32:19.964350 Charlie: Tango and Romeo, sending you 2
2024-10-14 23:32:19.965683 Mike: Bravo and Lima, sending you 1
2024-10-14 23:32:19.966165 Juliett: Victor and Sierra, sending you 2
2024-10-14 23:32:19.966595 Bravo: Lima, sending you 1
2024-10-14 23:32:19.967952 Victor: Bravo, sending you 4
2024-10-14 23:32:19.968216 Lima: Victor, sending you 3
2024-10-14 23:32:19.968537 Tango: Bravo, sending you 2
2024-10-14 23:32:19.968869 Romeo: India, sending you 2
2024-10-14 23:32:19.969231 Sierra: India, sending you 1
2024-10-14 23:32:19.970739 Mike: Juliett and India, sending you 2
2024-10-14 23:32:19.971012 Juliett: India, sending you 3
2024-10-14 23:32:19.971706 Bravo: Juliett, sending you 2
2024-10-14 23:32:19.972976 India: Mike, sending you 3
2024-10-14 23:32:19.973361 Victor: India, sending you 3
2024-10-14 23:32:19.974424 Tango: Juliett, sending you 3
2024-10-14 23:32:19.974837 Mike: Victor and Sierra, sending you 3
2024-10-14 23:32:19.976687 Bravo: India, sending you 3
2024-10-14 23:32:19.977286 India: Bravo, Lima and Victor, sending you 1
2024-10-14 23:32:19.982679 India: Juliett, sending you 2
2024-10-14 23:32:19.987668 India: Sierra, sending you 5
chatterbot Mike submitting transactions
chatterbot Romeo submitting transactions
chatterbot Victor submitting transactions
chatterbot Bravo submitting transactions
chatterbot Tango submitting transactions
chatterbot India submitting transactions
chatterbot Sierra submitting transactions
chatterbot Lima submitting transactions
chatterbot Charlie submitting transactions
chatterbot Juliett submitting transactions
ChatterBot Mike round 2
ChatterBot Bravo round 2
ChatterBot Lima round 2
ChatterBot Tango round 2
ChatterBot Romeo round 2
ChatterBot Charlie round 2
ChatterBot Juliett round 2
ChatterBot Victor round 2
ChatterBot India round 2
ChatterBot Sierra round 2
2024-10-14 23:32:21.820688 Tango: Group up?
ChatterBot Romeo reevaluating
ChatterBot Charlie reevaluating
ChatterBot Lima reevaluating
2024-10-14 23:32:21.843651 Romeo: No
2024-10-14 23:32:21.844281 Charlie: No
2024-10-14 23:32:21.844452 Lima: No
ChatterBot Tango reevaluating
ChatterBot Charlie reevaluating
ChatterBot Lima reevaluating
ChatterBot Tango reevaluating
ChatterBot Romeo reevaluating
ChatterBot Lima reevaluating
ChatterBot Tango reevaluating
ChatterBot Romeo reevaluating
ChatterBot Charlie reevaluating
2024-10-14 23:32:21.911484 Charlie: We should group up
ChatterBot Tango reevaluating
ChatterBot Romeo reevaluating
2024-10-14 23:32:21.927484 Tango: Yes
2024-10-14 23:32:21.927705 Romeo: Yes
ChatterBot Charlie reevaluating
ChatterBot Romeo reevaluating
ChatterBot Charlie reevaluating
ChatterBot Tango reevaluating
2024-10-14 23:32:21.999676 India: We should add Romeo
ChatterBot Mike reevaluating
ChatterBot Lima reevaluating
ChatterBot Juliett reevaluating
ChatterBot Victor reevaluating
2024-10-14 23:32:22.048704 Mike: No
2024-10-14 23:32:22.048917 Sierra: No
2024-10-14 23:32:22.049132 Lima: No
2024-10-14 23:32:22.049317 Juliett: No
2024-10-14 23:32:22.050054 Bravo: No
2024-10-14 23:32:22.050258 Victor: No
ChatterBot Lima reevaluating
ChatterBot Juliett reevaluating
ChatterBot Victor reevaluating
ChatterBot Mike reevaluating
ChatterBot Lima reevaluating
ChatterBot Juliett reevaluating
ChatterBot Victor reevaluating
ChatterBot Mike reevaluating
ChatterBot Juliett reevaluating
ChatterBot Victor reevaluating
ChatterBot Mike reevaluating
ChatterBot Lima reevaluating
ChatterBot Victor reevaluating
ChatterBot Mike reevaluating
ChatterBot Lima reevaluating
ChatterBot Juliett reevaluating
ChatterBot Victor reevaluating
ChatterBot Mike reevaluating
ChatterBot Lima reevaluating
ChatterBot Juliett reevaluating
ChatterBot India reevaluating
2024-10-14 23:32:22.371673 Bravo: We should drop Sierra
ChatterBot Victor reevaluating
ChatterBot Mike reevaluating
ChatterBot Lima reevaluating
ChatterBot Juliett reevaluating
ChatterBot India reevaluating
2024-10-14 23:32:22.411575 Victor: No
2024-10-14 23:32:22.411824 Mike: No
2024-10-14 23:32:22.411974 Lima: Yes
2024-10-14 23:32:22.412175 Juliett: No
2024-10-14 23:32:22.412309 India: No
ChatterBot Mike reevaluating
ChatterBot Lima reevaluating
ChatterBot Juliett reevaluating
ChatterBot India reevaluating
ChatterBot Victor reevaluating
ChatterBot Lima reevaluating
ChatterBot Juliett reevaluating
ChatterBot India reevaluating
ChatterBot Victor reevaluating
ChatterBot Mike reevaluating
ChatterBot Juliett reevaluating
ChatterBot India reevaluating
ChatterBot Victor reevaluating
ChatterBot Mike reevaluating
ChatterBot Lima reevaluating
ChatterBot India reevaluating
ChatterBot Victor reevaluating
ChatterBot Mike reevaluating
ChatterBot Lima reevaluating
ChatterBot Juliett reevaluating
2024-10-14 23:32:22.641667 Juliett: Tango we want you to join our group
ChatterBot Tango reevaluating
2024-10-14 23:32:22.666968 Tango: No
ChatterBot Lima reevaluating
ChatterBot India reevaluating
2024-10-14 23:32:22.927738 Sierra: Mike, sending you 3
2024-10-14 23:32:22.928602 Bravo: Mike, Juliett and India, sending you 2
2024-10-14 23:32:22.929657 India: Romeo we want you to join our group
ChatterBot Romeo reevaluating
2024-10-14 23:32:22.937578 Romeo: No
ChatterBot India reevaluating
ChatterBot Lima reevaluating
2024-10-14 23:32:22.981454 Charlie: Same as last round
chatterbot Tango submitting transactions
2024-10-14 23:32:22.982759 Sierra: Lima and Juliett, sending you 2
2024-10-14 23:32:22.984319 Bravo: Lima, sending you 3
2024-10-14 23:32:22.984889 Victor: Mike, Bravo and Lima, sending you 3
2024-10-14 23:32:22.986077 Mike: Bravo and India, sending you 3
2024-10-14 23:32:22.986811 Juliett: Mike, Bravo and India, sending you 2
2024-10-14 23:32:23.084740 Sierra: Victor, sending you 1
2024-10-14 23:32:23.085157 Bravo: Victor, sending you 5
2024-10-14 23:32:23.085390 Victor: Juliett, sending you 2
2024-10-14 23:32:23.086109 Mike: Lima and Sierra, sending you 2
2024-10-14 23:32:23.086494 Juliett: Tango, sending you 3
chatterbot Mike submitting transactions
2024-10-14 23:32:23.109684 Mike: Juliett and Victor, sending you 1
2024-10-14 23:32:23.110840 Sierra: India, sending you 5
2024-10-14 23:32:23.111159 India: Mike, sending you 2
2024-10-14 23:32:23.111478 Juliett: Victor, sending you 1
2024-10-14 23:32:23.143690 India: Bravo and Victor, sending you 4
2024-10-14 23:32:23.144800 Romeo: Tango, sending you 5
2024-10-14 23:32:23.145050 Lima: Mike, Juliett, Victor and India, sending you 2
chatterbot Bravo submitting transactions
2024-10-14 23:32:23.184402 Romeo: Charlie, sending you 6
2024-10-14 23:32:23.184844 India: Lima and Sierra, sending you 1
2024-10-14 23:32:23.185767 Lima: Bravo, sending you 3
2024-10-14 23:32:23.218417 India: Juliett, sending you 3
2024-10-14 23:32:23.218908 Romeo: Juliett, sending you 3
chatterbot Sierra submitting transactions
chatterbot Charlie submitting transactions
chatterbot Victor submitting transactions
chatterbot Romeo submitting transactions
chatterbot Lima submitting transactions
chatterbot Tango submitting transactions
chatterbot Juliett submitting transactions
chatterbot Romeo submitting transactions
chatterbot India submitting transactions
ChatterBot Mike round 3
ChatterBot Bravo round 3
ChatterBot Lima round 3
ChatterBot Tango round 3
ChatterBot Romeo round 3
ChatterBot Charlie round 3
ChatterBot Juliett round 3
ChatterBot Victor round 3
ChatterBot India round 3
ChatterBot Sierra round 3
2024-10-14 23:32:24.206935 Bravo: We should add Sierra
ChatterBot Lima reevaluating
2024-10-14 23:32:24.231027 Victor: Yes
2024-10-14 23:32:24.231255 Mike: Yes
2024-10-14 23:32:24.231809 Lima: Yes
2024-10-14 23:32:24.231922 Juliett: Yes
2024-10-14 23:32:24.232032 India: Yes
ChatterBot Bravo reevaluating
ChatterBot Lima reevaluating
ChatterBot Bravo reevaluating
ChatterBot Lima reevaluating
ChatterBot Bravo reevaluating
ChatterBot Bravo reevaluating
ChatterBot Lima reevaluating
ChatterBot Bravo reevaluating
ChatterBot Lima reevaluating
2024-10-14 23:32:24.351707 Juliett: We should drop Tango
ChatterBot Lima reevaluating
ChatterBot Bravo reevaluating
2024-10-14 23:32:24.380536 Mike: Yes
2024-10-14 23:32:24.380726 Sierra: Yes
2024-10-14 23:32:24.380869 Lima: Yes
2024-10-14 23:32:24.380975 Bravo: Yes
2024-10-14 23:32:24.381081 Victor: Yes
2024-10-14 23:32:24.381842 India: Yes
ChatterBot Lima reevaluating
ChatterBot Bravo reevaluating
ChatterBot Lima reevaluating
ChatterBot Bravo reevaluating
ChatterBot Bravo reevaluating
ChatterBot Lima reevaluating
ChatterBot Lima reevaluating
ChatterBot Bravo reevaluating
ChatterBot Lima reevaluating
ChatterBot Bravo reevaluating
2024-10-14 23:32:24.674729 Bravo: We should replace Juliett with Sierra
ChatterBot Lima reevaluating
2024-10-14 23:32:24.701484 Lima: Yes
2024-10-14 23:32:24.702714 Victor: No
2024-10-14 23:32:24.703087 Mike: No
2024-10-14 23:32:24.703989 India: No
ChatterBot Bravo reevaluating
ChatterBot Bravo reevaluating
ChatterBot Lima reevaluating
ChatterBot Bravo reevaluating
ChatterBot Lima reevaluating
ChatterBot Bravo reevaluating
ChatterBot Lima reevaluating
2024-10-14 23:32:24.868756 Sierra: Mike, sending you 4
2024-10-14 23:32:24.870359 India: Mike, Bravo and Juliett, sending you 3
2024-10-14 23:32:24.871945 Charlie: Same as last round
2024-10-14 23:32:24.872591 Victor: Mike, Lima and India, sending you 2
2024-10-14 23:32:24.874109 Romeo: Tango, sending you 6
2024-10-14 23:32:24.874550 Mike: Bravo, sending you 3
2024-10-14 23:32:24.875958 Sierra: Lima and Juliett, sending you 2
2024-10-14 23:32:24.877579 India: Lima, sending you 2
2024-10-14 23:32:24.885363 Victor: Bravo, sending you 4
2024-10-14 23:32:24.886815 Romeo: Charlie, sending you 5
2024-10-14 23:32:24.887186 Juliett: Mike and Sierra, sending you 1
2024-10-14 23:32:24.890192 Sierra: India, sending you 5
2024-10-14 23:32:24.893798 Mike: Lima, Victor, India and Sierra, sending you 2
2024-10-14 23:32:24.896583 India: Sierra, sending you 4
2024-10-14 23:32:24.899468 Romeo: Juliett, sending you 3
2024-10-14 23:32:24.902300 Victor: Juliett, sending you 1
2024-10-14 23:32:24.904650 Juliett: Bravo, Lima, Victor and India, sending you 2
2024-10-14 23:32:24.907065 Mike: Juliett, sending you 1
2024-10-14 23:32:24.909601 Bravo: Mike, Lima, Victor and India, sending you 3
2024-10-14 23:32:24.911457 Lima: Mike, sending you 2
2024-10-14 23:32:24.913655 Bravo: Juliett, sending you 2
2024-10-14 23:32:24.942410 Lima: Bravo, Victor and Sierra, sending you 3
chatterbot Victor submitting transactions
chatterbot Sierra submitting transactions
chatterbot Tango submitting transactions
chatterbot Charlie submitting transactions
chatterbot India submitting transactions
chatterbot Mike submitting transactions
chatterbot Juliett submitting transactions
chatterbot Romeo submitting transactions
chatterbot Lima submitting transactions
chatterbot Bravo submitting transactions
ChatterBot Mike round 4
ChatterBot Bravo round 4
ChatterBot Lima round 4
ChatterBot Tango round 4
ChatterBot Romeo round 4
ChatterBot Charlie round 4
ChatterBot Juliett round 4
2024-10-14 23:32:26.070223 Bravo: We should replace Juliett with Sierra
ChatterBot Lima reevaluating
2024-10-14 23:32:26.104646 Lima: Yes
2024-10-14 23:32:26.105231 Victor: No
2024-10-14 23:32:26.105807 Mike: No
2024-10-14 23:32:26.107212 India: No
ChatterBot Lima reevaluating
ChatterBot Lima reevaluating
ChatterBot Lima reevaluating
ChatterBot Victor round 4
ChatterBot India round 4
ChatterBot Sierra round 4
2024-10-14 23:32:26.252749 Romeo: We should replace Juliett with Victor
ChatterBot Tango reevaluating
2024-10-14 23:32:26.267197 Charlie: No
2024-10-14 23:32:26.267376 Tango: No
ChatterBot Tango reevaluating
ChatterBot Romeo reevaluating
ChatterBot Romeo reevaluating
2024-10-14 23:32:26.295596 Tango: Can we be friends?
ChatterBot Romeo reevaluating
ChatterBot Lima reevaluating
ChatterBot Victor reevaluating
2024-10-14 23:32:26.341678 Romeo: No
2024-10-14 23:32:26.341861 Charlie: No
2024-10-14 23:32:26.342006 Mike: No
2024-10-14 23:32:26.342672 Bravo: No
2024-10-14 23:32:26.342842 Lima: No
2024-10-14 23:32:26.342986 Victor: No
ChatterBot Tango reevaluating
ChatterBot Lima reevaluating
ChatterBot Victor reevaluating
ChatterBot Tango reevaluating
ChatterBot Romeo reevaluating
ChatterBot Lima reevaluating
ChatterBot Victor reevaluating
ChatterBot Tango reevaluating
ChatterBot Romeo reevaluating
ChatterBot Lima reevaluating
ChatterBot Victor reevaluating
ChatterBot Tango reevaluating
ChatterBot Romeo reevaluating
ChatterBot Lima reevaluating
ChatterBot Victor reevaluating
ChatterBot Tango reevaluating
ChatterBot Romeo reevaluating
ChatterBot Victor reevaluating
ChatterBot Tango reevaluating
ChatterBot Romeo reevaluating
ChatterBot Lima reevaluating
2024-10-14 23:32:26.577386 Bravo: Sierra we want you to join our group
ChatterBot Sierra reevaluating
2024-10-14 23:32:26.585677 Sierra: Yes
ChatterBot Lima reevaluating
ChatterBot Victor reevaluating
ChatterBot India reevaluating
2024-10-14 23:32:26.633434 Romeo: We should replace Juliett with Sierra
ChatterBot Tango reevaluating
2024-10-14 23:32:26.640418 Charlie: No
2024-10-14 23:32:26.640546 Tango: Yes
ChatterBot Tango reevaluating
ChatterBot Romeo reevaluating
ChatterBot Romeo reevaluating
2024-10-14 23:32:26.749721 Tango: We should replace Lima with Sierra
ChatterBot Romeo reevaluating
2024-10-14 23:32:26.786111 Charlie: No
2024-10-14 23:32:26.786438 Romeo: Yes
ChatterBot Romeo reevaluating
2024-10-14 23:32:26.816426 Tango: Sierra we want you to join our group
2024-10-14 23:32:26.821555 Sierra: No
ChatterBot Romeo reevaluating
chatterbot Bravo submitting transactions
2024-10-14 23:32:26.834993 Mike: Bravo, Lima, Victor and India, sending you 2
2024-10-14 23:32:26.838645 Victor: Mike, Lima and Juliett, sending you 2
2024-10-14 23:32:26.840004 Sierra: Mike and Lima, sending you 3
2024-10-14 23:32:26.840882 India: Mike, Bravo and Juliett, sending you 3
2024-10-14 23:32:26.842367 Mike: Juliett, sending you 1
2024-10-14 23:32:26.843917 Lima: Mike, Victor, India and Sierra, sending you 2
2024-10-14 23:32:26.844921 Juliett: Mike, Lima and Victor, sending you 1
2024-10-14 23:32:26.846237 Charlie: Same as last round
2024-10-14 23:32:26.846765 Bravo: Mike, Lima, Victor and India, sending you 3
2024-10-14 23:32:26.847882 Victor: Bravo, sending you 4
2024-10-14 23:32:26.848898 Sierra: Juliett and Victor, sending you 1
2024-10-14 23:32:26.850533 India: Victor, sending you 2
2024-10-14 23:32:26.851441 Mike: Sierra, sending you 3
2024-10-14 23:32:26.852814 Lima: Bravo, sending you 3
2024-10-14 23:32:26.853160 Juliett: Bravo and Sierra, sending you 2
2024-10-14 23:32:26.854420 Bravo: Sierra, sending you 2
2024-10-14 23:32:26.855167 Victor: India, sending you 1
2024-10-14 23:32:26.856607 Sierra: India, sending you 5
2024-10-14 23:32:26.857516 India: Sierra, sending you 4
2024-10-14 23:32:26.859523 Juliett: India, sending you 3
2024-10-14 23:32:26.865689 Romeo: Tango, sending you 6
2024-10-14 23:32:26.870676 Romeo: Charlie, sending you 5
2024-10-14 23:32:26.876661 Romeo: Juliett, sending you 3
chatterbot India submitting transactions
chatterbot Romeo submitting transactions
chatterbot Sierra submitting transactions
chatterbot Mike submitting transactions
chatterbot Victor submitting transactions
chatterbot Tango submitting transactions
chatterbot Lima submitting transactions
chatterbot Charlie submitting transactions
chatterbot Juliett submitting transactions
ChatterBot Mike round 5
ChatterBot Bravo round 5
ChatterBot Lima round 5
ChatterBot Tango round 5
ChatterBot Romeo round 5
ChatterBot Charlie round 5
ChatterBot Juliett round 5
ChatterBot Victor round 5
ChatterBot India round 5
ChatterBot Sierra round 5
2024-10-14 23:32:28.218767 Tango: We should replace Lima with Sierra
ChatterBot Romeo reevaluating
2024-10-14 23:32:28.231109 Charlie: No
2024-10-14 23:32:28.231590 Romeo: Yes
ChatterBot Romeo reevaluating
2024-10-14 23:32:28.256179 Romeo: We should replace Juliett with Sierra
ChatterBot Tango reevaluating
2024-10-14 23:32:28.269959 Charlie: No
2024-10-14 23:32:28.270242 Tango: No
ChatterBot Tango reevaluating
ChatterBot Romeo reevaluating
ChatterBot Romeo reevaluating
2024-10-14 23:32:28.298653 Bravo: We should replace Sierra with Juliett
2024-10-14 23:32:28.320447 Lima: No
2024-10-14 23:32:28.320638 Victor: No
2024-10-14 23:32:28.320823 Mike: No
2024-10-14 23:32:28.320997 India: No
ChatterBot Bravo reevaluating
ChatterBot Bravo reevaluating
ChatterBot Lima reevaluating
ChatterBot Bravo reevaluating
ChatterBot Lima reevaluating
2024-10-14 23:32:28.475674 Romeo: Sierra we want you to join our group
2024-10-14 23:32:28.480386 Sierra: No
ChatterBot Tango reevaluating
ChatterBot Romeo reevaluating
2024-10-14 23:32:28.496708 Tango: Sierra we want you to join our group
2024-10-14 23:32:28.502724 Sierra: No
ChatterBot Tango reevaluating
2024-10-14 23:32:28.518392 Victor: Mike, Lima and India, sending you 2
2024-10-14 23:32:28.519265 Sierra: Mike, sending you 3
2024-10-14 23:32:28.520362 Mike: Bravo, sending you 3
2024-10-14 23:32:28.521034 Lima: Mike, Victor and Sierra, sending you 2
2024-10-14 23:32:28.521462 India: Mike, sending you 2
2024-10-14 23:32:28.522126 Charlie: Same as last round
2024-10-14 23:32:28.522903 Victor: Bravo, sending you 4
2024-10-14 23:32:28.524696 Sierra: Bravo, sending you 1
2024-10-14 23:32:28.526158 Lima: Bravo, sending you 4
2024-10-14 23:32:28.526664 Mike: Lima, Victor, India and Sierra, sending you 2
2024-10-14 23:32:28.527220 Bravo: Mike, Lima and India, sending you 3
2024-10-14 23:32:28.527999 India: Bravo and Juliett, sending you 3
2024-10-14 23:32:28.528496 Juliett: Mike, Lima and Sierra, sending you 1
2024-10-14 23:32:28.529132 Victor: Juliett, sending you 1
2024-10-14 23:32:28.530149 Sierra: Lima and Juliett, sending you 2
2024-10-14 23:32:28.530734 Mike: Juliett, sending you 1
2024-10-14 23:32:28.531690 Lima: India, sending you 1
2024-10-14 23:32:28.532705 Bravo: Victor, sending you 5
2024-10-14 23:32:28.533153 India: Lima and Victor, sending you 1
2024-10-14 23:32:28.533924 Juliett: Bravo and Victor, sending you 2
2024-10-14 23:32:28.535206 Sierra: India, sending you 5
2024-10-14 23:32:28.536866 India: Sierra, sending you 5
2024-10-14 23:32:28.537770 Juliett: India, sending you 3
2024-10-14 23:32:28.545694 Romeo: Tango, sending you 6
2024-10-14 23:32:28.548687 Romeo: Charlie, sending you 5
2024-10-14 23:32:28.552345 Romeo: Sierra, sending you 3
chatterbot Sierra submitting transactions
chatterbot Lima submitting transactions
chatterbot Romeo submitting transactions
chatterbot Tango submitting transactions
chatterbot Mike submitting transactions
chatterbot Bravo submitting transactions
chatterbot Victor submitting transactions
chatterbot Juliett submitting transactions
chatterbot Charlie submitting transactions
chatterbot India submitting transactions
ChatterBot Mike round 6
ChatterBot Bravo round 6
ChatterBot Lima round 6
ChatterBot Tango round 6
ChatterBot Romeo round 6
ChatterBot Charlie round 6
ChatterBot Juliett round 6
2024-10-14 23:32:29.531287 Tango: We should replace Lima with Victor
ChatterBot Romeo reevaluating
2024-10-14 23:32:29.545530 Charlie: No
2024-10-14 23:32:29.545939 Romeo: No
ChatterBot Tango reevaluating
ChatterBot Romeo reevaluating
ChatterBot Tango reevaluating
2024-10-14 23:32:29.586520 Romeo: We should replace Sierra with Juliett
ChatterBot Tango reevaluating
2024-10-14 23:32:29.595554 Charlie: No
2024-10-14 23:32:29.595774 Tango: No
ChatterBot Tango reevaluating
ChatterBot Romeo reevaluating
ChatterBot Romeo reevaluating
ChatterBot Victor round 6
ChatterBot India round 6
ChatterBot Sierra round 6
2024-10-14 23:32:29.632769 Tango: We should replace Lima with Juliett
ChatterBot Charlie reevaluating
ChatterBot Romeo reevaluating
2024-10-14 23:32:29.641729 Charlie: Yes
2024-10-14 23:32:29.641998 Romeo: No
ChatterBot Tango reevaluating
ChatterBot Romeo reevaluating
ChatterBot Charlie reevaluating
ChatterBot Tango reevaluating
2024-10-14 23:32:29.661583 Charlie: We should add Juliett
ChatterBot Tango reevaluating
ChatterBot Romeo reevaluating
2024-10-14 23:32:29.670567 Tango: Yes
2024-10-14 23:32:29.671459 Romeo: Yes
ChatterBot Charlie reevaluating
ChatterBot Romeo reevaluating
ChatterBot Charlie reevaluating
ChatterBot Tango reevaluating
2024-10-14 23:32:29.719536 Charlie: Juliett we want you to join our group
2024-10-14 23:32:29.730023 Juliett: No
ChatterBot Tango reevaluating
ChatterBot Charlie reevaluating
2024-10-14 23:32:29.754361 Bravo: Mike, Lima, Victor and India, sending you 3
2024-10-14 23:32:29.757682 Juliett: Mike, Bravo and Lima, sending you 1
2024-10-14 23:32:29.759459 Tango: Juliett we want you to join our group
2024-10-14 23:32:29.764921 Juliett: No
ChatterBot Charlie reevaluating
2024-10-14 23:32:29.781135 Mike: Bravo, sending you 3
2024-10-14 23:32:29.782215 Lima: Mike, Victor and Sierra, sending you 2
2024-10-14 23:32:29.783160 Bravo: Sierra, sending you 2
2024-10-14 23:32:29.783575 Juliett: Victor and Sierra, sending you 2
2024-10-14 23:32:29.786666 Mike: Lima, Victor, India and Sierra, sending you 2
2024-10-14 23:32:29.788189 Lima: Bravo, sending you 4
2024-10-14 23:32:29.789105 Sierra: Mike, sending you 3
2024-10-14 23:32:29.789942 Juliett: India, sending you 3
2024-10-14 23:32:29.791179 Victor: Mike and Lima, sending you 2
2024-10-14 23:32:29.792556 India: Mike and Victor, sending you 2
2024-10-14 23:32:29.794147 Romeo: Tango, sending you 6
2024-10-14 23:32:29.794558 Mike: Juliett, sending you 1
2024-10-14 23:32:29.796040 Lima: India, sending you 1
2024-10-14 23:32:29.796520 Sierra: Bravo, sending you 1
2024-10-14 23:32:29.798249 Victor: Bravo, sending you 5
2024-10-14 23:32:29.799909 India: Bravo and Juliett, sending you 3
2024-10-14 23:32:29.801491 Romeo: Charlie, sending you 5
2024-10-14 23:32:29.803026 Sierra: Lima and Juliett, sending you 2
2024-10-14 23:32:29.803970 Victor: Juliett and India, sending you 1
2024-10-14 23:32:29.806096 India: Lima, sending you 1
2024-10-14 23:32:29.807792 Charlie: Tango, sending you 2
2024-10-14 23:32:29.808649 Romeo: Sierra, sending you 3
2024-10-14 23:32:29.809056 Sierra: India, sending you 5
2024-10-14 23:32:29.810677 Charlie: Romeo, sending you 1
2024-10-14 23:32:29.811711 India: Sierra, sending you 4
chatterbot Bravo submitting transactions
chatterbot Romeo submitting transactions
chatterbot Charlie submitting transactions
chatterbot Mike submitting transactions
chatterbot Lima submitting transactions
chatterbot India submitting transactions
chatterbot Sierra submitting transactions
chatterbot Juliett submitting transactions
chatterbot Tango submitting transactions
chatterbot Victor submitting transactions
ChatterBot Mike round 7
ChatterBot Bravo round 7
ChatterBot Lima round 7
ChatterBot Tango round 7
ChatterBot Romeo round 7
ChatterBot Charlie round 7
ChatterBot Juliett round 7
ChatterBot Victor round 7
ChatterBot India round 7
2024-10-14 23:32:30.995976 Romeo: We should replace Sierra with Juliett
ChatterBot Charlie reevaluating
2024-10-14 23:32:31.011579 Charlie: Yes
2024-10-14 23:32:31.011890 Tango: Yes
ChatterBot Charlie reevaluating
2024-10-14 23:32:31.039542 Charlie: We should add Juliett
ChatterBot Romeo reevaluating
2024-10-14 23:32:31.051631 Tango: Yes
2024-10-14 23:32:31.051842 Romeo: No
ChatterBot Charlie reevaluating
ChatterBot Romeo reevaluating
ChatterBot Charlie reevaluating
ChatterBot Tango reevaluating
ChatterBot Sierra round 7
2024-10-14 23:32:31.131661 Romeo: Juliett we want you to join our group
2024-10-14 23:32:31.136753 Juliett: No
ChatterBot Romeo reevaluating
ChatterBot Tango reevaluating
ChatterBot Charlie reevaluating
2024-10-14 23:32:31.152724 Tango: We should replace Lima with Victor
ChatterBot Charlie reevaluating
ChatterBot Romeo reevaluating
2024-10-14 23:32:31.161699 Charlie: No
2024-10-14 23:32:31.161866 Romeo: No
ChatterBot Tango reevaluating
ChatterBot Romeo reevaluating
ChatterBot Charlie reevaluating
ChatterBot Tango reevaluating
2024-10-14 23:32:31.184663 Mike: Bravo, sending you 3
2024-10-14 23:32:31.186112 Victor: Mike, Lima and Juliett, sending you 2
2024-10-14 23:32:31.186970 Juliett: Mike, Victor and Sierra, sending you 2
2024-10-14 23:32:31.187860 Bravo: Mike, Lima, Victor and India, sending you 3
2024-10-14 23:32:31.188906 Lima: Mike, Victor and Sierra, sending you 2
2024-10-14 23:32:31.189754 India: Mike, sending you 2
2024-10-14 23:32:31.190630 Mike: Lima, Victor, India and Sierra, sending you 2
2024-10-14 23:32:31.191857 Victor: Bravo, sending you 4
2024-10-14 23:32:31.192811 Juliett: Bravo, sending you 1
2024-10-14 23:32:31.193587 Bravo: Sierra, sending you 2
2024-10-14 23:32:31.194429 Lima: Bravo, sending you 4
2024-10-14 23:32:31.194876 India: Bravo and Juliett, sending you 3
2024-10-14 23:32:31.195728 Mike: Juliett, sending you 1
2024-10-14 23:32:31.197069 Juliett: India, sending you 3
2024-10-14 23:32:31.197976 Victor: India, sending you 1
2024-10-14 23:32:31.199700 Lima: India, sending you 1
2024-10-14 23:32:31.200220 India: Lima and Victor, sending you 1
2024-10-14 23:32:31.204679 Sierra: Mike, sending you 3
2024-10-14 23:32:31.206214 India: Sierra, sending you 5
2024-10-14 23:32:31.210663 Sierra: Bravo, sending you 1
2024-10-14 23:32:31.212692 Charlie: Tango, sending you 2
2024-10-14 23:32:31.216692 Sierra: Lima and Juliett, sending you 2
2024-10-14 23:32:31.218660 Charlie: Romeo, sending you 1
2024-10-14 23:32:31.219187 Romeo: Tango and Charlie, sending you 7
2024-10-14 23:32:31.223 Sierra: India, sending you 5
chatterbot Victor submitting transactions
chatterbot Sierra submitting transactions
chatterbot Tango submitting transactions
chatterbot Bravo submitting transactions
chatterbot Mike submitting transactions
chatterbot Lima submitting transactions
chatterbot Charlie submitting transactions
chatterbot Juliett submitting transactions
chatterbot Romeo submitting transactions
chatterbot India submitting transactions
ChatterBot Mike round 8
ChatterBot Bravo round 8
ChatterBot Lima round 8
ChatterBot Tango round 8
ChatterBot Romeo round 8
ChatterBot Charlie round 8
ChatterBot Juliett round 8
ChatterBot Victor round 8
ChatterBot India round 8
ChatterBot Sierra round 8
2024-10-14 23:32:32.271344 Tango: We should replace Lima with Victor
2024-10-14 23:32:32.279179 Charlie: No
2024-10-14 23:32:32.279387 Romeo: No
ChatterBot Tango reevaluating
ChatterBot Tango reevaluating
2024-10-14 23:32:32.314693 Romeo: Tango, sending you 8
2024-10-14 23:32:32.316688 Victor: Mike, Lima and Juliett, sending you 2
2024-10-14 23:32:32.318664 India: Mike, sending you 2
2024-10-14 23:32:32.319949 Romeo: Charlie, sending you 6
2024-10-14 23:32:32.320487 Charlie: Tango, sending you 2
2024-10-14 23:32:32.322683 Victor: Bravo, sending you 4
2024-10-14 23:32:32.324379 Bravo: Mike, Lima, Victor and India, sending you 3
2024-10-14 23:32:32.325161 India: Bravo and Juliett, sending you 3
2024-10-14 23:32:32.326641 Charlie: Romeo, sending you 1
2024-10-14 23:32:32.327440 Mike: Bravo, sending you 3
2024-10-14 23:32:32.328428 Lima: Mike, Victor and Sierra, sending you 2
2024-10-14 23:32:32.329238 Sierra: Mike, sending you 3
2024-10-14 23:32:32.330900 Juliett: Mike and Bravo, sending you 1
2024-10-14 23:32:32.333057 Victor: India, sending you 1
2024-10-14 23:32:32.334051 Bravo: Sierra, sending you 2
2024-10-14 23:32:32.334745 India: Lima and Victor, sending you 1
2024-10-14 23:32:32.336363 Mike: Lima, Victor, India and Sierra, sending you 2
2024-10-14 23:32:32.337283 Lima: Bravo, sending you 4
2024-10-14 23:32:32.337864 Sierra: Bravo, sending you 1
2024-10-14 23:32:32.339040 Juliett: Victor and Sierra, sending you 2
2024-10-14 23:32:32.339891 India: Sierra, sending you 5
2024-10-14 23:32:32.341338 Mike: Juliett, sending you 1
2024-10-14 23:32:32.342977 Lima: India, sending you 1
2024-10-14 23:32:32.343636 Sierra: Lima and Juliett, sending you 2
2024-10-14 23:32:32.344806 Juliett: India, sending you 4
2024-10-14 23:32:32.349686 Sierra: India, sending you 5
chatterbot Bravo submitting transactions
chatterbot Charlie submitting transactions
chatterbot Tango submitting transactions
chatterbot Lima submitting transactions
chatterbot Romeo submitting transactions
chatterbot Juliett submitting transactions
chatterbot Mike submitting transactions
chatterbot Victor submitting transactions
chatterbot Sierra submitting transactions
chatterbot India submitting transactions
ChatterBot Mike round 9
ChatterBot Bravo round 9
ChatterBot Lima round 9
ChatterBot Tango round 9
ChatterBot Romeo round 9
ChatterBot Charlie round 9
ChatterBot Juliett round 9
ChatterBot Victor round 9
ChatterBot India round 9
ChatterBot Sierra round 9
2024-10-14 23:32:33.486685 Bravo: Mike, Lima, Victor and India, sending you 3
2024-10-14 23:32:33.491679 Bravo: Sierra, sending you 2
2024-10-14 23:32:33.493158 Juliett: Mike and Bravo, sending you 1
2024-10-14 23:32:33.494672 Victor: Mike, Lima and Juliett, sending you 2
2024-10-14 23:32:33.495707 Mike: Bravo, sending you 3
2024-10-14 23:32:33.497710 Charlie: Tango, sending you 2
2024-10-14 23:32:33.498112 Juliett: Victor and Sierra, sending you 2
2024-10-14 23:32:33.499681 Lima: Mike, Victor and Sierra, sending you 2
2024-10-14 23:32:33.501063 Victor: Bravo, sending you 4
2024-10-14 23:32:33.502236 Mike: Lima, Victor, India and Sierra, sending you 2
2024-10-14 23:32:33.503493 Charlie: Romeo, sending you 1
2024-10-14 23:32:33.503864 Sierra: Mike, sending you 3
2024-10-14 23:32:33.504696 Juliett: India, sending you 4
2024-10-14 23:32:33.505934 Lima: Bravo, sending you 4
2024-10-14 23:32:33.506478 Romeo: Tango, sending you 8
2024-10-14 23:32:33.506973 Victor: India, sending you 1
2024-10-14 23:32:33.508788 Mike: Juliett, sending you 1
2024-10-14 23:32:33.510467 India: Mike, sending you 2
2024-10-14 23:32:33.511501 Sierra: Bravo and Lima, sending you 2
2024-10-14 23:32:33.512712 Lima: India, sending you 1
2024-10-14 23:32:33.513259 Romeo: Charlie, sending you 6
2024-10-14 23:32:33.515694 India: Bravo and Juliett, sending you 3
2024-10-14 23:32:33.516703 Sierra: Juliett, sending you 1
2024-10-14 23:32:33.520013 India: Lima and Victor, sending you 1
2024-10-14 23:32:33.521720 Sierra: India, sending you 5
2024-10-14 23:32:33.525664 India: Sierra, sending you 5
chatterbot Romeo submitting transactions
chatterbot Mike submitting transactions
chatterbot Charlie submitting transactions
chatterbot Sierra submitting transactions
chatterbot Victor submitting transactions
chatterbot Bravo submitting transactions
chatterbot Juliett submitting transactions
chatterbot Lima submitting transactions
chatterbot Tango submitting transactions
chatterbot India submitting transactions
ChatterBot Mike round 10
ChatterBot Bravo round 10
ChatterBot Lima round 10
ChatterBot Tango round 10
ChatterBot Romeo round 10
ChatterBot Charlie round 10
ChatterBot Juliett round 10
ChatterBot Victor round 10
ChatterBot India round 10
ChatterBot Sierra round 10
2024-10-14 23:32:34.750786 Romeo: We should replace Juliett with Mike
ChatterBot Tango reevaluating
2024-10-14 23:32:34.757592 Charlie: No
2024-10-14 23:32:34.757746 Tango: Yes
ChatterBot Tango reevaluating
ChatterBot Romeo reevaluating
ChatterBot Romeo reevaluating
2024-10-14 23:32:34.798665 Victor: Mike, Lima and Juliett, sending you 2
2024-10-14 23:32:34.800689 Juliett: I was attacked by Tango
ChatterBot Mike reevaluating
ChatterBot Sierra reevaluating
ChatterBot Lima reevaluating
ChatterBot Bravo reevaluating
ChatterBot Victor reevaluating
ChatterBot India reevaluating
2024-10-14 23:32:34.841347 Juliett: I'm keeping this round to protect myself
2024-10-14 23:32:34.844193 Juliett: Ow
2024-10-14 23:32:34.844716 Charlie: Tango, sending you 2
2024-10-14 23:32:34.845424 Romeo: Tango and Charlie, sending you 7
2024-10-14 23:32:34.849813 Charlie: Romeo, sending you 1
2024-10-14 23:32:34.869680 Sierra: Mike, Bravo, Lima and Juliett, sending you 2
2024-10-14 23:32:34.873666 Mike: Bravo, sending you 3
2024-10-14 23:32:34.874802 Sierra: India, sending you 5
2024-10-14 23:32:34.876402 Bravo: Mike, Lima, Victor and India, sending you 3
2024-10-14 23:32:34.877679 Mike: Lima, Victor, India and Sierra, sending you 2
2024-10-14 23:32:34.880673 Bravo: Sierra, sending you 2
2024-10-14 23:32:34.883661 Mike: Juliett, sending you 1
chatterbot Juliett submitting transactions
chatterbot Lima submitting transactions
chatterbot Romeo submitting transactions
chatterbot Sierra submitting transactions
chatterbot Charlie submitting transactions
chatterbot Victor submitting transactions
chatterbot Tango submitting transactions
chatterbot India submitting transactions
chatterbot Mike submitting transactions
chatterbot Bravo submitting transactions
ChatterBot Mike round 11
ChatterBot Bravo round 11
ChatterBot Lima round 11
ChatterBot Tango round 11
ChatterBot Romeo round 11
ChatterBot Charlie round 11
ChatterBot Juliett round 11
ChatterBot Victor round 11
ChatterBot India round 11
ChatterBot Sierra round 11
2024-10-14 23:32:36.140940 Romeo: Tango and Charlie, sending you 7
2024-10-14 23:32:36.141679 Juliett: India, sending you 1
2024-10-14 23:32:36.154124 Charlie: Tango, sending you 2
2024-10-14 23:32:36.155698 Bravo: Mike, Lima, Victor and India, sending you 3
2024-10-14 23:32:36.157955 Sierra: I was attacked by Tango
ChatterBot Mike reevaluating
ChatterBot Lima reevaluating
ChatterBot Juliett reevaluating
ChatterBot Bravo reevaluating
ChatterBot Victor reevaluating
ChatterBot India reevaluating
2024-10-14 23:32:36.198761 Sierra: Ow
2024-10-14 23:32:36.200455 Charlie: Romeo, sending you 1
2024-10-14 23:32:36.219902 Mike: Bravo, sending you 3
2024-10-14 23:32:36.222701 Juliett: Victor, India and Sierra, sending you 1
2024-10-14 23:32:36.225127 Mike: Lima, Victor, India and Sierra, sending you 2
2024-10-14 23:32:36.229109 Mike: Juliett, sending you 1
chatterbot Bravo submitting transactions
chatterbot India submitting transactions
chatterbot Charlie submitting transactions
chatterbot Mike submitting transactions
chatterbot Tango submitting transactions
chatterbot Lima submitting transactions
chatterbot Juliett submitting transactions
chatterbot Sierra submitting transactions
chatterbot Romeo submitting transactions
chatterbot Victor submitting transactions
ChatterBot Mike round 12
ChatterBot Bravo round 12
ChatterBot Lima round 12
ChatterBot Tango round 12
ChatterBot Romeo round 12
ChatterBot Charlie round 12
ChatterBot Juliett round 12
ChatterBot Victor round 12
ChatterBot India round 12
ChatterBot Sierra round 12
2024-10-14 23:32:37.336366 Lima: We should replace Sierra with Juliett
ChatterBot Bravo reevaluating
ChatterBot Victor reevaluating
ChatterBot India reevaluating
2024-10-14 23:32:37.359086 Bravo: Yes
2024-10-14 23:32:37.359218 Victor: No
2024-10-14 23:32:37.359331 Mike: No
2024-10-14 23:32:37.359448 India: No
ChatterBot Lima reevaluating
ChatterBot Victor reevaluating
ChatterBot India reevaluating
ChatterBot Bravo reevaluating
ChatterBot Lima reevaluating
ChatterBot India reevaluating
ChatterBot Bravo reevaluating
ChatterBot Lima reevaluating
ChatterBot Victor reevaluating
ChatterBot India reevaluating
ChatterBot Bravo reevaluating
ChatterBot Lima reevaluating
ChatterBot Victor reevaluating
