ChatterBot Quebec round 1
ChatterBot Uniform round 1
ChatterBot India round 1
ChatterBot Juliett round 1
ChatterBot Oscar round 1
ChatterBot Delta round 1
ChatterBot Echo round 1
ChatterBot Romeo round 1
ChatterBot Alpha round 1
ChatterBot Charlie round 1
randomSelections Quebec: {Quebec, Oscar, Romeo, Juliett, Charlie, Alpha} 
2024-10-14 23:32:19.017323 Quebec: Can we be friends?
ChatterBot Oscar reevaluating
ChatterBot Romeo reevaluating
ChatterBot Juliett reevaluating
ChatterBot Charlie reevaluating
ChatterBot Alpha reevaluating
2024-10-14 23:32:19.153282 Oscar: Yes
2024-10-14 23:32:19.153756 Romeo: Yes
2024-10-14 23:32:19.154157 Juliett: Yes
2024-10-14 23:32:19.154455 Charlie: Yes
2024-10-14 23:32:19.154776 Alpha: Yes
ChatterBot Romeo reevaluating
ChatterBot Juliett reevaluating
ChatterBot Charlie reevaluating
ChatterBot Alpha reevaluating
ChatterBot Oscar reevaluating
ChatterBot Juliett reevaluating
ChatterBot Charlie reevaluating
ChatterBot Alpha reevaluating
ChatterBot Oscar reevaluating
ChatterBot Romeo reevaluating
ChatterBot Charlie reevaluating
ChatterBot Alpha reevaluating
ChatterBot Oscar reevaluating
ChatterBot Romeo reevaluating
ChatterBot Juliett reevaluating
ChatterBot Alpha reevaluating
ChatterBot Oscar reevaluating
ChatterBot Romeo reevaluating
ChatterBot Juliett reevaluating
ChatterBot Charlie reevaluating
randomSelections Uniform: {Uniform, Delta, Romeo, Quebec, Oscar, India, Alpha} 
2024-10-14 23:32:19.241180 Uniform: We should group up
ChatterBot Delta reevaluating
ChatterBot Romeo reevaluating
ChatterBot Oscar reevaluating
ChatterBot India reevaluating
ChatterBot Alpha reevaluating
2024-10-14 23:32:19.258155 Delta: Yes
2024-10-14 23:32:19.258870 Romeo: No
2024-10-14 23:32:19.259153 Quebec: No
2024-10-14 23:32:19.259463 Oscar: No
2024-10-14 23:32:19.259796 India: Yes
2024-10-14 23:32:19.260510 Alpha: No
ChatterBot Romeo reevaluating
ChatterBot Oscar reevaluating
ChatterBot India reevaluating
ChatterBot Alpha reevaluating
ChatterBot Delta reevaluating
ChatterBot Oscar reevaluating
ChatterBot India reevaluating
ChatterBot Alpha reevaluating
ChatterBot Delta reevaluating
ChatterBot Romeo reevaluating
ChatterBot Oscar reevaluating
ChatterBot India reevaluating
ChatterBot Alpha reevaluating
ChatterBot Delta reevaluating
ChatterBot Romeo reevaluating
ChatterBot India reevaluating
ChatterBot Alpha reevaluating
ChatterBot Delta reevaluating
ChatterBot Romeo reevaluating
ChatterBot Oscar reevaluating
ChatterBot Alpha reevaluating
ChatterBot Delta reevaluating
ChatterBot Romeo reevaluating
ChatterBot Oscar reevaluating
ChatterBot India reevaluating
randomSelections Echo: {Echo, Quebec, Uniform, Oscar, Charlie, Delta, Juliett} 
2024-10-14 23:32:19.362748 Echo: Let's form a team
ChatterBot Oscar reevaluating
ChatterBot Charlie reevaluating
ChatterBot Delta reevaluating
ChatterBot Juliett reevaluating
2024-10-14 23:32:19.378233 Quebec: No
2024-10-14 23:32:19.378604 Uniform: No
2024-10-14 23:32:19.379880 Oscar: No
2024-10-14 23:32:19.380313 Charlie: No
2024-10-14 23:32:19.380695 Delta: No
2024-10-14 23:32:19.381063 Juliett: No
ChatterBot Oscar reevaluating
ChatterBot Charlie reevaluating
ChatterBot Delta reevaluating
ChatterBot Juliett reevaluating
ChatterBot Oscar reevaluating
ChatterBot Charlie reevaluating
ChatterBot Delta reevaluating
ChatterBot Juliett reevaluating
ChatterBot Charlie reevaluating
ChatterBot Delta reevaluating
ChatterBot Juliett reevaluating
ChatterBot Oscar reevaluating
ChatterBot Delta reevaluating
ChatterBot Juliett reevaluating
ChatterBot Oscar reevaluating
ChatterBot Charlie reevaluating
ChatterBot Juliett reevaluating
ChatterBot Oscar reevaluating
ChatterBot Charlie reevaluating
ChatterBot Delta reevaluating
2024-10-14 23:32:19.491711 Uniform: Quebec and India, sending you 1
2024-10-14 23:32:19.493295 Delta: Quebec, sending you 3
2024-10-14 23:32:19.496039 Charlie: Quebec, sending you 1
2024-10-14 23:32:19.498808 Uniform: Oscar, sending you 4
2024-10-14 23:32:19.499480 Quebec: Juliett and Romeo, sending you 3
2024-10-14 23:32:19.500982 India: Quebec, sending you 2
2024-10-14 23:32:19.501688 Delta: Uniform, sending you 4
2024-10-14 23:32:19.502681 Oscar: Alpha, sending you 1
2024-10-14 23:32:19.503202 Echo: Quebec, sending you 8
2024-10-14 23:32:19.504288 Charlie: Juliett, Oscar and Romeo, sending you 2
2024-10-14 23:32:19.504875 Juliett: Quebec, Oscar and Charlie, sending you 2
2024-10-14 23:32:19.506036 Uniform: Romeo and Alpha, sending you 2
2024-10-14 23:32:19.506648 Quebec: Oscar, sending you 4
2024-10-14 23:32:19.507808 India: Uniform, Oscar and Romeo, sending you 1
2024-10-14 23:32:19.508353 Romeo: Quebec, Juliett, Oscar and Alpha, sending you 2
2024-10-14 23:32:19.509332 Delta: India, sending you 5
2024-10-14 23:32:19.509784 Echo: Oscar, sending you 1
2024-10-14 23:32:19.510311 Juliett: Romeo and Alpha, sending you 3
2024-10-14 23:32:19.511354 Alpha: Quebec and Juliett, sending you 1
2024-10-14 23:32:19.511881 Romeo: Charlie, sending you 1
2024-10-14 23:32:19.513178 Quebec: Alpha, sending you 1
2024-10-14 23:32:19.513499 India: Delta, sending you 3
2024-10-14 23:32:19.514424 Echo: Delta, sending you 2
2024-10-14 23:32:19.514785 Delta: Romeo, sending you 1
2024-10-14 23:32:19.515926 Alpha: Oscar, sending you 6
2024-10-14 23:32:19.517872 Quebec: Charlie, sending you 2
2024-10-14 23:32:19.521084 Echo: Charlie, sending you 3
2024-10-14 23:32:19.521424 Alpha: Romeo, sending you 2
2024-10-14 23:32:19.526971 Alpha: Charlie, sending you 4
chatterbot Echo submitting transactions
chatterbot Quebec submitting transactions
chatterbot Alpha submitting transactions
chatterbot India submitting transactions
chatterbot Uniform submitting transactions
chatterbot Oscar submitting transactions
chatterbot Delta submitting transactions
chatterbot Charlie submitting transactions
chatterbot Juliett submitting transactions
chatterbot Romeo submitting transactions
ChatterBot Quebec round 2
ChatterBot Uniform round 2
2024-10-14 23:32:20.593057 Uniform: We would work well together
ChatterBot India reevaluating
ChatterBot Delta reevaluating
ChatterBot Echo reevaluating
2024-10-14 23:32:20.645123 India: No
2024-10-14 23:32:20.645765 Delta: No
2024-10-14 23:32:20.645933 Echo: No
ChatterBot Delta reevaluating
ChatterBot Echo reevaluating
ChatterBot India reevaluating
ChatterBot Echo reevaluating
ChatterBot India reevaluating
ChatterBot Delta reevaluating
ChatterBot India round 2
ChatterBot Juliett round 2
ChatterBot Oscar round 2
ChatterBot Delta round 2
ChatterBot Echo round 2
2024-10-14 23:32:20.794540 Quebec: We should add Echo
ChatterBot Oscar reevaluating
ChatterBot Romeo reevaluating
ChatterBot Juliett reevaluating
ChatterBot Charlie reevaluating
ChatterBot Alpha reevaluating
2024-10-14 23:32:20.868121 Oscar: Yes
2024-10-14 23:32:20.868382 Romeo: No
2024-10-14 23:32:20.868662 Juliett: Yes
2024-10-14 23:32:20.868915 Charlie: Yes
2024-10-14 23:32:20.869637 Alpha: No
ChatterBot Romeo reevaluating
ChatterBot Juliett reevaluating
ChatterBot Charlie reevaluating
ChatterBot Alpha reevaluating
ChatterBot Oscar reevaluating
ChatterBot Juliett reevaluating
ChatterBot Charlie reevaluating
ChatterBot Alpha reevaluating
ChatterBot Oscar reevaluating
ChatterBot Romeo reevaluating
ChatterBot Charlie reevaluating
ChatterBot Alpha reevaluating
ChatterBot Oscar reevaluating
ChatterBot Romeo reevaluating
ChatterBot Juliett reevaluating
ChatterBot Alpha reevaluating
ChatterBot Oscar reevaluating
ChatterBot Romeo reevaluating
ChatterBot Juliett reevaluating
ChatterBot Charlie reevaluating
ChatterBot Romeo round 2
ChatterBot Alpha round 2
ChatterBot Charlie round 2
2024-10-14 23:32:21.158470 Echo: Can we be friends?
ChatterBot Juliett reevaluating
ChatterBot Romeo reevaluating
ChatterBot Alpha reevaluating
ChatterBot Charlie reevaluating
2024-10-14 23:32:21.180492 Quebec: Yes
2024-10-14 23:32:21.180667 Juliett: Yes
2024-10-14 23:32:21.180774 Romeo: Yes
2024-10-14 23:32:21.180877 Alpha: Yes
2024-10-14 23:32:21.180978 Charlie: Yes
ChatterBot Echo reevaluating
ChatterBot Juliett reevaluating
ChatterBot Romeo reevaluating
ChatterBot Alpha reevaluating
ChatterBot Charlie reevaluating
ChatterBot Echo reevaluating
ChatterBot Romeo reevaluating
ChatterBot Alpha reevaluating
ChatterBot Charlie reevaluating
ChatterBot Echo reevaluating
ChatterBot Juliett reevaluating
ChatterBot Alpha reevaluating
ChatterBot Charlie reevaluating
ChatterBot Echo reevaluating
ChatterBot Juliett reevaluating
ChatterBot Romeo reevaluating
ChatterBot Charlie reevaluating
ChatterBot Echo reevaluating
ChatterBot Juliett reevaluating
ChatterBot Romeo reevaluating
ChatterBot Alpha reevaluating
2024-10-14 23:32:21.289689 Romeo: We should add Echo
ChatterBot Oscar reevaluating
ChatterBot Juliett reevaluating
ChatterBot Charlie reevaluating
ChatterBot Alpha reevaluating
2024-10-14 23:32:21.313696 Quebec: Yes
2024-10-14 23:32:21.313894 Oscar: Yes
2024-10-14 23:32:21.314037 Juliett: Yes
2024-10-14 23:32:21.314172 Charlie: Yes
2024-10-14 23:32:21.314306 Alpha: Yes
ChatterBot Oscar reevaluating
ChatterBot Romeo reevaluating
ChatterBot Juliett reevaluating
ChatterBot Charlie reevaluating
ChatterBot Alpha reevaluating
ChatterBot Romeo reevaluating
ChatterBot Juliett reevaluating
ChatterBot Charlie reevaluating
ChatterBot Alpha reevaluating
ChatterBot Oscar reevaluating
ChatterBot Romeo reevaluating
ChatterBot Charlie reevaluating
ChatterBot Alpha reevaluating
ChatterBot Oscar reevaluating
ChatterBot Romeo reevaluating
ChatterBot Juliett reevaluating
ChatterBot Alpha reevaluating
ChatterBot Oscar reevaluating
ChatterBot Romeo reevaluating
ChatterBot Juliett reevaluating
ChatterBot Charlie reevaluating
2024-10-14 23:32:21.569648 Quebec: Echo we want you to join our group
2024-10-14 23:32:21.575733 Echo: No
ChatterBot Juliett reevaluating
ChatterBot Romeo reevaluating
ChatterBot Alpha reevaluating
ChatterBot Charlie reevaluating
ChatterBot Oscar reevaluating
2024-10-14 23:32:21.624569 Alpha: We should replace Oscar with Echo
2024-10-14 23:32:21.650484 Juliett: Yes
2024-10-14 23:32:21.650904 Quebec: No
2024-10-14 23:32:21.651886 Romeo: No
2024-10-14 23:32:21.652215 Charlie: Yes
2024-10-14 23:32:21.755973 Oscar: Echo we want you to join our group
2024-10-14 23:32:21.770002 Echo: No
ChatterBot Oscar reevaluating
2024-10-14 23:32:21.804877 Uniform: India, sending you 5
2024-10-14 23:32:21.805672 Juliett: Echo we want you to join our group
2024-10-14 23:32:21.810450 Echo: Yes
2024-10-14 23:32:21.830200 Alpha: Echo we want you to join our group
2024-10-14 23:32:21.834562 Echo: Yes
2024-10-14 23:32:21.853623 Romeo: Echo we want you to join our group
2024-10-14 23:32:21.858414 Echo: No
2024-10-14 23:32:21.881030 Charlie: Echo we want you to join our group
2024-10-14 23:32:21.885167 Echo: Yes
2024-10-14 23:32:21.903521 Uniform: Delta and Echo, sending you 4
2024-10-14 23:32:21.904100 India: Uniform, sending you 1
2024-10-14 23:32:22.101442 Delta: Uniform, sending you 2
2024-10-14 23:32:22.101849 Quebec: Juliett and Romeo, sending you 2
2024-10-14 23:32:22.102600 Echo: Quebec, Juliett, Romeo and Alpha, sending you 3
2024-10-14 23:32:22.102891 India: Delta, sending you 3
chatterbot Uniform submitting transactions
chatterbot India submitting transactions
2024-10-14 23:32:22.235728 Delta: India, sending you 9
2024-10-14 23:32:22.236109 Quebec: Echo, sending you 8
2024-10-14 23:32:22.236950 Echo: Charlie, sending you 2
2024-10-14 23:32:22.237333 Juliett: Quebec, Romeo and Charlie, sending you 3
2024-10-14 23:32:22.237740 Alpha: Quebec and Romeo, sending you 3
2024-10-14 23:32:22.238543 Romeo: Quebec and Charlie, sending you 2
2024-10-14 23:32:22.238963 Charlie: Quebec, Juliett and Romeo, sending you 1
chatterbot Juliett submitting transactions
chatterbot Romeo submitting transactions
2024-10-14 23:32:22.240277 Delta: Echo, sending you 6
2024-10-14 23:32:22.240580 Quebec: Alpha and Charlie, sending you 1
2024-10-14 23:32:22.241477 Alpha: Juliett, sending you 4
2024-10-14 23:32:22.271401 Romeo: Juliett, Echo and Alpha, sending you 1
2024-10-14 23:32:22.272398 Juliett: Echo, sending you 1
2024-10-14 23:32:22.272847 Charlie: Echo and Alpha, sending you 2
2024-10-14 23:32:22.273341 Oscar: Alpha, sending you 1
2024-10-14 23:32:22.274172 Alpha: Echo and Charlie, sending you 2
2024-10-14 23:32:22.315655 Juliett: Alpha, sending you 2
chatterbot Echo submitting transactions
chatterbot Quebec submitting transactions
chatterbot Delta submitting transactions
chatterbot Alpha submitting transactions
chatterbot Oscar submitting transactions
chatterbot Charlie submitting transactions
ChatterBot Quebec round 3
ChatterBot Uniform round 3
ChatterBot India round 3
ChatterBot Juliett round 3
2024-10-14 23:32:22.823220 India: We should replace Echo with Oscar
ChatterBot Uniform reevaluating
2024-10-14 23:32:22.831529 Uniform: No
2024-10-14 23:32:22.831861 Delta: No
ChatterBot Delta reevaluating
ChatterBot Uniform reevaluating
ChatterBot Oscar round 3
ChatterBot Delta round 3
ChatterBot Echo round 3
ChatterBot Romeo round 3
ChatterBot Alpha round 3
ChatterBot Charlie round 3
2024-10-14 23:32:22.866813 India: Oscar we want you to join our group
ChatterBot Oscar reevaluating
2024-10-14 23:32:22.871879 Oscar: No
ChatterBot India reevaluating
ChatterBot Uniform reevaluating
ChatterBot Delta reevaluating
2024-10-14 23:32:22.914503 Uniform: Oscar we want you to join our group
ChatterBot Oscar reevaluating
2024-10-14 23:32:22.919128 Oscar: No
ChatterBot India reevaluating
2024-10-14 23:32:22.931895 Romeo: We should drop Oscar
2024-10-14 23:32:22.956079 Echo: Yes
2024-10-14 23:32:22.956709 Quebec: No
2024-10-14 23:32:22.956900 Juliett: Yes
2024-10-14 23:32:22.957093 Alpha: Yes
2024-10-14 23:32:22.957218 Charlie: Yes
ChatterBot Quebec reevaluating
ChatterBot Quebec reevaluating
2024-10-14 23:32:23.111336 Delta: We should drop Echo
ChatterBot India reevaluating
2024-10-14 23:32:23.120536 India: No
2024-10-14 23:32:23.120716 Uniform: Yes
ChatterBot Uniform reevaluating
ChatterBot Delta reevaluating
ChatterBot India reevaluating
ChatterBot Delta reevaluating
2024-10-14 23:32:23.179496 Echo: Quebec, sending you 6
2024-10-14 23:32:23.180756 Juliett: Quebec and Alpha, sending you 3
2024-10-14 23:32:23.181264 Alpha: Quebec, sending you 2
2024-10-14 23:32:23.211588 Echo: Juliett, Romeo, Alpha and Charlie, sending you 2
2024-10-14 23:32:23.212761 Juliett: Echo, Romeo and Charlie, sending you 2
2024-10-14 23:32:23.213178 Alpha: Juliett, Echo, Romeo and Charlie, sending you 3
2024-10-14 23:32:23.214071 Charlie: Quebec and Romeo, sending you 1
2024-10-14 23:32:23.214419 Romeo: Quebec and Charlie, sending you 2
2024-10-14 23:32:23.214789 Oscar: Alpha, sending you 1
2024-10-14 23:32:23.245519 Charlie: Juliett, Echo and Alpha, sending you 2
2024-10-14 23:32:23.246607 Romeo: Juliett, Echo and Alpha, sending you 1
2024-10-14 23:32:23.247006 Quebec: Juliett, Romeo and Alpha, sending you 3
2024-10-14 23:32:23.247392 Uniform: India and Delta, sending you 5
2024-10-14 23:32:23.263800 Quebec: Echo, sending you 6
2024-10-14 23:32:23.264237 India: Uniform and Delta, sending you 2
2024-10-14 23:32:23.265035 Uniform: Echo, sending you 4
2024-10-14 23:32:23.265265 Delta: Uniform, sending you 8
2024-10-14 23:32:23.337400 Delta: India, sending you 9
chatterbot Echo submitting transactions
chatterbot Charlie submitting transactions
chatterbot Quebec submitting transactions
chatterbot Alpha submitting transactions
chatterbot Oscar submitting transactions
chatterbot Uniform submitting transactions
chatterbot Romeo submitting transactions
chatterbot Delta submitting transactions
chatterbot India submitting transactions
chatterbot Juliett submitting transactions
ChatterBot Quebec round 4
ChatterBot Uniform round 4
ChatterBot India round 4
ChatterBot Juliett round 4
ChatterBot Oscar round 4
ChatterBot Delta round 4
ChatterBot Echo round 4
ChatterBot Romeo round 4
ChatterBot Alpha round 4
ChatterBot Charlie round 4
2024-10-14 23:32:24.211848 Uniform: We should drop Echo
2024-10-14 23:32:24.218630 India: Yes
2024-10-14 23:32:24.219269 Delta: Yes
2024-10-14 23:32:24.255817 Delta: Uniform, sending you 9
2024-10-14 23:32:24.256750 Quebec: Juliett, sending you 3
2024-10-14 23:32:24.301166 Delta: India, sending you 8
2024-10-14 23:32:24.301589 Romeo: Quebec, Juliett, Echo and Alpha, sending you 1
2024-10-14 23:32:24.302553 India: Uniform and Delta, sending you 2
2024-10-14 23:32:24.302898 Quebec: Echo, sending you 7
2024-10-14 23:32:24.303881 Uniform: India, sending you 7
2024-10-14 23:32:24.304152 Juliett: Quebec and Alpha, sending you 3
2024-10-14 23:32:24.304595 Echo: Quebec, sending you 5
2024-10-14 23:32:24.305535 Alpha: Quebec, Juliett, Echo and Charlie, sending you 3
2024-10-14 23:32:24.306041 Oscar: Alpha, sending you 1
2024-10-14 23:32:24.306904 Charlie: Juliett, Echo, Romeo and Alpha, sending you 2
2024-10-14 23:32:24.307916 Romeo: Charlie, sending you 2
2024-10-14 23:32:24.308649 Juliett: Echo, Romeo and Charlie, sending you 2
2024-10-14 23:32:24.309657 Uniform: Delta, sending you 4
2024-10-14 23:32:24.310064 Quebec: Romeo and Alpha, sending you 2
2024-10-14 23:32:24.311160 Echo: Juliett, Romeo and Charlie, sending you 2
2024-10-14 23:32:24.311767 Alpha: Romeo, sending you 2
2024-10-14 23:32:24.321482 Quebec: Charlie, sending you 1
2024-10-14 23:32:24.322448 Echo: Alpha, sending you 3
chatterbot Juliett submitting transactions
chatterbot Charlie submitting transactions
chatterbot Uniform submitting transactions
chatterbot Alpha submitting transactions
chatterbot Echo submitting transactions
chatterbot Romeo submitting transactions
chatterbot India submitting transactions
chatterbot Oscar submitting transactions
chatterbot Quebec submitting transactions
chatterbot Delta submitting transactions
ChatterBot Quebec round 5
ChatterBot Uniform round 5
ChatterBot India round 5
2024-10-14 23:32:25.297525 Uniform: We should add Oscar
2024-10-14 23:32:25.303180 India: Yes
2024-10-14 23:32:25.303338 Delta: No
ChatterBot Uniform reevaluating
ChatterBot Uniform reevaluating
ChatterBot Juliett round 5
ChatterBot Oscar round 5
ChatterBot Delta round 5
ChatterBot Echo round 5
ChatterBot Romeo round 5
ChatterBot Alpha round 5
ChatterBot Charlie round 5
2024-10-14 23:32:25.346670 India: Uniform and Delta, sending you 2
2024-10-14 23:32:25.350694 Quebec: Juliett and Alpha, sending you 3
2024-10-14 23:32:25.352667 Romeo: Sending you each 1
2024-10-14 23:32:25.353668 Juliett: Quebec and Alpha, sending you 3
2024-10-14 23:32:25.354906 Uniform: India, sending you 7
2024-10-14 23:32:25.355236 Quebec: Echo, sending you 6
2024-10-14 23:32:25.355758 Alpha: Quebec, Juliett, Echo and Charlie, sending you 3
2024-10-14 23:32:25.356680 Juliett: Echo, Romeo and Charlie, sending you 2
2024-10-14 23:32:25.357772 Echo: Quebec, sending you 5
2024-10-14 23:32:25.359680 Uniform: Delta, sending you 4
2024-10-14 23:32:25.359995 Quebec: Romeo, sending you 2
2024-10-14 23:32:25.360800 Alpha: Romeo, sending you 2
2024-10-14 23:32:25.361331 Oscar: Alpha, sending you 1
2024-10-14 23:32:25.361849 Echo: Juliett, Romeo and Charlie, sending you 2
2024-10-14 23:32:25.362660 Delta: Uniform, sending you 9
2024-10-14 23:32:25.363662 Quebec: Charlie, sending you 1
2024-10-14 23:32:25.364655 Echo: Alpha, sending you 3
2024-10-14 23:32:25.365966 Charlie: Juliett, Echo, Romeo and Alpha, sending you 2
2024-10-14 23:32:25.366700 Delta: India, sending you 8
chatterbot Oscar submitting transactions
chatterbot Romeo submitting transactions
chatterbot Delta submitting transactions
chatterbot Juliett submitting transactions
chatterbot Quebec submitting transactions
chatterbot Charlie submitting transactions
chatterbot Uniform submitting transactions
chatterbot Alpha submitting transactions
chatterbot Echo submitting transactions
chatterbot India submitting transactions
ChatterBot Quebec round 6
ChatterBot Uniform round 6
ChatterBot India round 6
ChatterBot Juliett round 6
ChatterBot Oscar round 6
ChatterBot Delta round 6
ChatterBot Echo round 6
ChatterBot Romeo round 6
ChatterBot Alpha round 6
ChatterBot Charlie round 6
2024-10-14 23:32:26.599376 Quebec: Juliett and Alpha, sending you 3
2024-10-14 23:32:26.601061 India: Uniform, sending you 2
2024-10-14 23:32:26.605986 Quebec: Echo, sending you 6
2024-10-14 23:32:26.606732 Echo: Quebec, sending you 5
2024-10-14 23:32:26.607748 India: Delta, sending you 1
2024-10-14 23:32:26.608134 Juliett: Quebec and Alpha, sending you 3
2024-10-14 23:32:26.609248 Uniform: India, sending you 7
2024-10-14 23:32:26.609581 Alpha: Quebec, Juliett, Echo and Charlie, sending you 3
2024-10-14 23:32:26.610036 Oscar: Alpha, sending you 1
2024-10-14 23:32:26.611036 Delta: Uniform, sending you 9
2024-10-14 23:32:26.611330 Quebec: Romeo, sending you 2
2024-10-14 23:32:26.612443 Echo: Juliett, Romeo and Charlie, sending you 2
2024-10-14 23:32:26.613140 Uniform: Delta, sending you 4
2024-10-14 23:32:26.613491 Juliett: Echo, Romeo and Charlie, sending you 2
2024-10-14 23:32:26.614704 Romeo: Same as last round
2024-10-14 23:32:26.615326 Alpha: Romeo, sending you 2
2024-10-14 23:32:26.616486 Quebec: Charlie, sending you 1
2024-10-14 23:32:26.617542 Delta: India, sending you 8
2024-10-14 23:32:26.617861 Echo: Alpha, sending you 3
2024-10-14 23:32:26.619777 Charlie: Quebec and Romeo, sending you 1
2024-10-14 23:32:26.623985 Charlie: Juliett, Echo and Alpha, sending you 2
chatterbot Uniform submitting transactions
chatterbot Romeo submitting transactions
chatterbot Echo submitting transactions
chatterbot Delta submitting transactions
chatterbot Juliett submitting transactions
chatterbot India submitting transactions
chatterbot Charlie submitting transactions
chatterbot Quebec submitting transactions
chatterbot Oscar submitting transactions
chatterbot Alpha submitting transactions
ChatterBot Quebec round 7
ChatterBot Uniform round 7
ChatterBot India round 7
ChatterBot Juliett round 7
ChatterBot Oscar round 7
ChatterBot Delta round 7
ChatterBot Echo round 7
ChatterBot Romeo round 7
ChatterBot Alpha round 7
ChatterBot Charlie round 7
2024-10-14 23:32:27.878114 Oscar: Friends?
ChatterBot Uniform reevaluating
2024-10-14 23:32:27.963376 India: Yes
2024-10-14 23:32:27.963592 Uniform: Yes
2024-10-14 23:32:27.965797 Delta: No
ChatterBot Uniform reevaluating
ChatterBot Oscar reevaluating
ChatterBot Oscar reevaluating
ChatterBot Uniform reevaluating
ChatterBot Oscar reevaluating
2024-10-14 23:32:28.103944 Uniform: Oscar we want you to join our group
ChatterBot Oscar reevaluating
2024-10-14 23:32:28.109229 Oscar: Yes
ChatterBot Delta reevaluating
2024-10-14 23:32:28.120979 Delta: We should add Oscar
2024-10-14 23:32:28.127819 India: Yes
2024-10-14 23:32:28.128594 Uniform: Yes
ChatterBot Delta reevaluating
ChatterBot Delta reevaluating
2024-10-14 23:32:28.153532 India: Uniform, sending you 2
2024-10-14 23:32:28.154589 Quebec: Juliett and Alpha, sending you 3
2024-10-14 23:32:28.156027 Alpha: Quebec, Juliett, Echo and Charlie, sending you 3
2024-10-14 23:32:28.157025 Charlie: Quebec and Romeo, sending you 1
2024-10-14 23:32:28.159105 Juliett: Quebec and Alpha, sending you 3
2024-10-14 23:32:28.159999 Echo: Quebec, sending you 5
2024-10-14 23:32:28.161636 India: Delta, sending you 1
2024-10-14 23:32:28.162702 Quebec: Echo, sending you 6
2024-10-14 23:32:28.163341 Alpha: Romeo, sending you 2
2024-10-14 23:32:28.164821 Charlie: Juliett, Echo and Alpha, sending you 2
2024-10-14 23:32:28.166064 Juliett: Echo, Romeo and Charlie, sending you 2
2024-10-14 23:32:28.167310 Echo: Juliett, Romeo and Charlie, sending you 2
2024-10-14 23:32:28.168310 Uniform: India, sending you 7
2024-10-14 23:32:28.169405 Oscar: Uniform, sending you 1
2024-10-14 23:32:28.170619 Quebec: Romeo, sending you 2
2024-10-14 23:32:28.171514 Romeo: Same as last round
2024-10-14 23:32:28.173136 Echo: Alpha, sending you 3
2024-10-14 23:32:28.174418 Uniform: Delta, sending you 3
2024-10-14 23:32:28.175345 Quebec: Charlie, sending you 1
2024-10-14 23:32:28.198230 Delta: Uniform, sending you 9
2024-10-14 23:32:28.208932 Delta: India, sending you 8
chatterbot Romeo submitting transactions
chatterbot Echo submitting transactions
chatterbot Juliett submitting transactions
chatterbot Quebec submitting transactions
chatterbot Delta submitting transactions
chatterbot India submitting transactions
chatterbot Oscar submitting transactions
chatterbot Alpha submitting transactions
chatterbot Charlie submitting transactions
chatterbot Uniform submitting transactions
ChatterBot Quebec round 8
ChatterBot Uniform round 8
ChatterBot India round 8
ChatterBot Juliett round 8
ChatterBot Oscar round 8
ChatterBot Delta round 8
ChatterBot Echo round 8
ChatterBot Romeo round 8
ChatterBot Alpha round 8
ChatterBot Charlie round 8
2024-10-14 23:32:29.239133 Oscar: Uniform, sending you 1
2024-10-14 23:32:29.239705 Uniform: India, sending you 5
2024-10-14 23:32:29.241670 Juliett: Quebec, sending you 2
2024-10-14 23:32:29.242411 Quebec: Juliett and Alpha, sending you 3
2024-10-14 23:32:29.244127 Uniform: Oscar, sending you 4
2024-10-14 23:32:29.245677 Juliett: Echo, Romeo, Alpha and Charlie, sending you 1
2024-10-14 23:32:29.247317 Uniform: Delta, sending you 3
2024-10-14 23:32:29.247905 Quebec: Echo, sending you 6
2024-10-14 23:32:29.249694 India: Uniform, sending you 2
2024-10-14 23:32:29.253052 Echo: Quebec, sending you 5
2024-10-14 23:32:29.254080 Quebec: Romeo, sending you 2
2024-10-14 23:32:29.254780 India: Delta, sending you 1
2024-10-14 23:32:29.255922 Romeo: Same as last round
2024-10-14 23:32:29.256705 Delta: Uniform, sending you 9
2024-10-14 23:32:29.258019 Echo: Juliett, Romeo and Charlie, sending you 2
2024-10-14 23:32:29.258902 Quebec: Charlie, sending you 1
2024-10-14 23:32:29.259696 Alpha: Quebec, Juliett, Echo and Charlie, sending you 3
2024-10-14 23:32:29.261167 Delta: India, sending you 8
2024-10-14 23:32:29.262834 Charlie: Quebec and Romeo, sending you 1
2024-10-14 23:32:29.263513 Echo: Alpha, sending you 3
2024-10-14 23:32:29.264178 Alpha: Romeo, sending you 2
2024-10-14 23:32:29.265678 Charlie: Juliett, Echo and Alpha, sending you 2
chatterbot Romeo submitting transactions
chatterbot Charlie submitting transactions
chatterbot Quebec submitting transactions
chatterbot Alpha submitting transactions
chatterbot Oscar submitting transactions
chatterbot Echo submitting transactions
chatterbot Uniform submitting transactions
chatterbot Delta submitting transactions
chatterbot Juliett submitting transactions
chatterbot India submitting transactions
ChatterBot Quebec round 9
ChatterBot Uniform round 9
ChatterBot India round 9
ChatterBot Juliett round 9
ChatterBot Oscar round 9
ChatterBot Delta round 9
ChatterBot Echo round 9
ChatterBot Romeo round 9
2024-10-14 23:32:30.485968 Quebec: We should add Uniform
ChatterBot Romeo reevaluating
2024-10-14 23:32:30.506895 Echo: No
2024-10-14 23:32:30.507104 Juliett: No
2024-10-14 23:32:30.507264 Romeo: Yes
2024-10-14 23:32:30.507425 Alpha: No
2024-10-14 23:32:30.507599 Charlie: No
ChatterBot Quebec reevaluating
ChatterBot Romeo reevaluating
ChatterBot Quebec reevaluating
ChatterBot Romeo reevaluating
ChatterBot Quebec reevaluating
ChatterBot Quebec reevaluating
ChatterBot Romeo reevaluating
ChatterBot Quebec reevaluating
ChatterBot Romeo reevaluating
2024-10-14 23:32:30.588813 Romeo: We should add India
ChatterBot Quebec reevaluating
2024-10-14 23:32:30.603657 Echo: No
2024-10-14 23:32:30.603791 Quebec: Yes
2024-10-14 23:32:30.603888 Juliett: No
2024-10-14 23:32:30.603985 Alpha: No
2024-10-14 23:32:30.604096 Charlie: No
ChatterBot Quebec reevaluating
ChatterBot Romeo reevaluating
ChatterBot Romeo reevaluating
ChatterBot Quebec reevaluating
ChatterBot Romeo reevaluating
ChatterBot Quebec reevaluating
ChatterBot Romeo reevaluating
ChatterBot Quebec reevaluating
ChatterBot Romeo reevaluating
ChatterBot Alpha round 9
ChatterBot Charlie round 9
2024-10-14 23:32:30.816051 Quebec: We should add Oscar
ChatterBot Romeo reevaluating
2024-10-14 23:32:30.836246 Echo: No
2024-10-14 23:32:30.836599 Juliett: No
2024-10-14 23:32:30.837066 Romeo: Yes
2024-10-14 23:32:30.837383 Alpha: No
2024-10-14 23:32:30.837713 Charlie: No
ChatterBot Quebec reevaluating
ChatterBot Romeo reevaluating
ChatterBot Quebec reevaluating
ChatterBot Romeo reevaluating
ChatterBot Quebec reevaluating
ChatterBot Quebec reevaluating
ChatterBot Romeo reevaluating
ChatterBot Quebec reevaluating
ChatterBot Romeo reevaluating
2024-10-14 23:32:30.939445 Quebec: Uniform we want you to join our group
2024-10-14 23:32:30.943962 Uniform: No
ChatterBot Quebec reevaluating
2024-10-14 23:32:30.966003 Juliett: Quebec and Alpha, sending you 3
2024-10-14 23:32:30.968229 Delta: I was attacked by Juliett
ChatterBot India reevaluating
ChatterBot Uniform reevaluating
2024-10-14 23:32:30.976720 Delta: I'm keeping this round to protect myself
2024-10-14 23:32:30.978512 Delta: Ow
2024-10-14 23:32:30.979053 Echo: Quebec, sending you 5
2024-10-14 23:32:30.981336 Juliett: Echo, Romeo and Charlie, sending you 2
2024-10-14 23:32:30.982424 Quebec: Oscar we want you to join our group
ChatterBot Oscar reevaluating
2024-10-14 23:32:30.987783 Oscar: No
ChatterBot Quebec reevaluating
2024-10-14 23:32:31.009206 Charlie: Quebec and Romeo, sending you 1
2024-10-14 23:32:31.009869 Echo: Juliett, Romeo and Charlie, sending you 2
2024-10-14 23:32:31.013061 Romeo: Same as last round
2024-10-14 23:32:31.014343 Charlie: Juliett, Echo and Alpha, sending you 2
2024-10-14 23:32:31.016072 Echo: Alpha, sending you 3
2024-10-14 23:32:31.016924 Alpha: Quebec, Juliett, Echo and Charlie, sending you 3
2024-10-14 23:32:31.021685 Alpha: Romeo, sending you 2
2024-10-14 23:32:31.023946 Uniform: India, sending you 5
2024-10-14 23:32:31.028674 Uniform: Oscar, sending you 4
2024-10-14 23:32:31.030262 Oscar: Sorry, I'm actually sending you 0
2024-10-14 23:32:31.031677 India: Uniform, sending you 2
2024-10-14 23:32:31.032764 Uniform: Delta, sending you 2
2024-10-14 23:32:31.036679 India: Delta, sending you 1
2024-10-14 23:32:31.040678 Quebec: Juliett and Alpha, sending you 3
2024-10-14 23:32:31.044673 Quebec: Echo, sending you 6
2024-10-14 23:32:31.047698 Quebec: Romeo, sending you 2
2024-10-14 23:32:31.052862 Quebec: Charlie, sending you 1
chatterbot Delta submitting transactions
chatterbot Romeo submitting transactions
chatterbot India submitting transactions
chatterbot Charlie submitting transactions
chatterbot Alpha submitting transactions
chatterbot Echo submitting transactions
chatterbot Quebec submitting transactions
chatterbot Juliett submitting transactions
chatterbot Uniform submitting transactions
chatterbot Oscar submitting transactions
ChatterBot Quebec round 10
ChatterBot Uniform round 10
ChatterBot India round 10
ChatterBot Juliett round 10
ChatterBot Oscar round 10
ChatterBot Delta round 10
ChatterBot Echo round 10
ChatterBot Romeo round 10
ChatterBot Alpha round 10
ChatterBot Charlie round 10
2024-10-14 23:32:32.293680 India: Uniform, sending you 2
2024-10-14 23:32:32.296682 Quebec: Juliett and Alpha, sending you 3
2024-10-14 23:32:32.298416 Echo: Quebec, sending you 5
2024-10-14 23:32:32.299686 India: Delta, sending you 1
2024-10-14 23:32:32.301059 Juliett: Quebec and Alpha, sending you 3
2024-10-14 23:32:32.301837 Uniform: India, sending you 6
2024-10-14 23:32:32.302187 Quebec: Echo, sending you 6
2024-10-14 23:32:32.302725 Echo: Juliett, Romeo and Charlie, sending you 2
2024-10-14 23:32:32.304963 Alpha: Quebec, Juliett, Echo and Charlie, sending you 3
2024-10-14 23:32:32.306202 Romeo: Same as last round
2024-10-14 23:32:32.307920 Charlie: Quebec and Romeo, sending you 1
2024-10-14 23:32:32.308872 Uniform: Oscar, sending you 4
2024-10-14 23:32:32.309838 Juliett: Echo, Romeo and Charlie, sending you 2
2024-10-14 23:32:32.310748 Quebec: Romeo, sending you 2
2024-10-14 23:32:32.311501 Echo: Alpha, sending you 3
2024-10-14 23:32:32.312892 Oscar: Uniform, sending you 1
2024-10-14 23:32:32.313332 Alpha: Romeo, sending you 2
2024-10-14 23:32:32.314159 Charlie: Juliett, Echo and Alpha, sending you 2
2024-10-14 23:32:32.314920 Uniform: Delta, sending you 3
2024-10-14 23:32:32.315848 Quebec: Charlie, sending you 1
chatterbot Uniform submitting transactions
chatterbot Quebec submitting transactions
chatterbot Echo submitting transactions
chatterbot Delta submitting transactions
chatterbot Oscar submitting transactions
chatterbot Romeo submitting transactions
chatterbot Juliett submitting transactions
chatterbot Alpha submitting transactions
chatterbot Charlie submitting transactions
chatterbot India submitting transactions
ChatterBot Quebec round 11
ChatterBot Uniform round 11
ChatterBot India round 11
ChatterBot Juliett round 11
ChatterBot Oscar round 11
ChatterBot Delta round 11
ChatterBot Echo round 11
ChatterBot Romeo round 11
ChatterBot Alpha round 11
ChatterBot Charlie round 11
2024-10-14 23:32:33.382904 Quebec: We should drop Oscar
2024-10-14 23:32:33.396224 Echo: Yes
2024-10-14 23:32:33.396417 Juliett: Yes
2024-10-14 23:32:33.396578 Romeo: Yes
2024-10-14 23:32:33.396752 Alpha: Yes
2024-10-14 23:32:33.396897 Charlie: Yes
ChatterBot Quebec reevaluating
ChatterBot Alpha reevaluating
ChatterBot Quebec reevaluating
ChatterBot Alpha reevaluating
ChatterBot Quebec reevaluating
ChatterBot Alpha reevaluating
ChatterBot Quebec reevaluating
ChatterBot Quebec reevaluating
ChatterBot Alpha reevaluating
2024-10-14 23:32:33.479214 Quebec: We should replace Oscar with India
ChatterBot Alpha reevaluating
2024-10-14 23:32:33.494006 Echo: No
2024-10-14 23:32:33.494161 Juliett: No
2024-10-14 23:32:33.494740 Romeo: No
2024-10-14 23:32:33.494859 Alpha: No
2024-10-14 23:32:33.494968 Charlie: No
ChatterBot Quebec reevaluating
ChatterBot Alpha reevaluating
ChatterBot Quebec reevaluating
ChatterBot Alpha reevaluating
ChatterBot Quebec reevaluating
ChatterBot Alpha reevaluating
ChatterBot Quebec reevaluating
ChatterBot Quebec reevaluating
ChatterBot Alpha reevaluating
2024-10-14 23:32:33.710723 India: Uniform and Delta, sending you 1
2024-10-14 23:32:33.712685 Uniform: India, sending you 6
2024-10-14 23:32:33.717315 Uniform: Oscar, sending you 4
2024-10-14 23:32:33.720698 Juliett: Quebec and Alpha, sending you 3
2024-10-14 23:32:33.724801 Uniform: Delta, sending you 3
2024-10-14 23:32:33.726663 Oscar: Uniform, sending you 1
2024-10-14 23:32:33.728519 Charlie: Quebec and Romeo, sending you 1
2024-10-14 23:32:33.731524 Juliett: Echo, Romeo and Charlie, sending you 2
2024-10-14 23:32:33.734748 Alpha: Quebec, Juliett, Echo and Charlie, sending you 3
2024-10-14 23:32:33.737088 Echo: Quebec, sending you 5
2024-10-14 23:32:33.739392 Romeo: Same as last round
2024-10-14 23:32:33.741358 Charlie: Juliett, Echo and Alpha, sending you 2
2024-10-14 23:32:33.743255 Delta: Sending you each 4
2024-10-14 23:32:33.744113 Alpha: Romeo, sending you 2
2024-10-14 23:32:33.746764 Echo: Juliett, Romeo and Charlie, sending you 2
2024-10-14 23:32:33.749972 Quebec: Juliett and Alpha, sending you 3
2024-10-14 23:32:33.751686 Echo: Alpha, sending you 3
2024-10-14 23:32:33.756227 Quebec: Echo, sending you 6
2024-10-14 23:32:33.762672 Quebec: Romeo, sending you 2
2024-10-14 23:32:33.770316 Quebec: Charlie, sending you 1
chatterbot Romeo submitting transactions
chatterbot Charlie submitting transactions
chatterbot Delta submitting transactions
chatterbot Echo submitting transactions
chatterbot Alpha submitting transactions
chatterbot Juliett submitting transactions
chatterbot Oscar submitting transactions
chatterbot India submitting transactions
chatterbot Quebec submitting transactions
chatterbot Uniform submitting transactions
ChatterBot Quebec round 12
ChatterBot Uniform round 12
ChatterBot India round 12
ChatterBot Juliett round 12
ChatterBot Oscar round 12
ChatterBot Delta round 12
ChatterBot Echo round 12
ChatterBot Romeo round 12
ChatterBot Alpha round 12
2024-10-14 23:32:34.726348 Quebec: We should add Uniform
2024-10-14 23:32:34.748867 Echo: No
2024-10-14 23:32:34.749110 Juliett: No
2024-10-14 23:32:34.749308 Romeo: No
2024-10-14 23:32:34.749497 Alpha: No
2024-10-14 23:32:34.749686 Charlie: No
ChatterBot Quebec reevaluating
ChatterBot Quebec reevaluating
ChatterBot Quebec reevaluating
ChatterBot Quebec reevaluating
ChatterBot Quebec reevaluating
ChatterBot Charlie round 12
2024-10-14 23:32:34.865672 Uniform: India, sending you 6
2024-10-14 23:32:34.869684 Echo: Quebec, sending you 5
2024-10-14 23:32:34.871043 Uniform: Oscar, sending you 4
2024-10-14 23:32:34.871531 Delta: Uniform, sending you 9
2024-10-14 23:32:34.871955 Juliett: Quebec and Alpha, sending you 3
2024-10-14 23:32:34.874466 Oscar: Uniform, sending you 1
2024-10-14 23:32:34.875682 Echo: Juliett, Romeo and Charlie, sending you 2
2024-10-14 23:32:34.877529 India: Uniform and Delta, sending you 1
2024-10-14 23:32:34.878080 Uniform: Delta, sending you 3
2024-10-14 23:32:34.878619 Delta: India, sending you 8
2024-10-14 23:32:34.879042 Quebec: Juliett and Alpha, sending you 3
2024-10-14 23:32:34.880904 Juliett: Echo, Romeo and Charlie, sending you 2
2024-10-14 23:32:34.882277 Alpha: Quebec, Juliett, Echo and Charlie, sending you 3
2024-10-14 23:32:34.884197 Echo: Alpha, sending you 3
2024-10-14 23:32:34.885448 Romeo: Same as last round
2024-10-14 23:32:34.887567 Quebec: Echo, sending you 6
2024-10-14 23:32:34.889145 Alpha: Romeo, sending you 2
2024-10-14 23:32:34.891686 Charlie: Quebec and Romeo, sending you 1
2024-10-14 23:32:34.893702 Quebec: Romeo, sending you 2
2024-10-14 23:32:34.897672 Charlie: Juliett, Echo and Alpha, sending you 2
2024-10-14 23:32:34.898680 Quebec: Charlie, sending you 1
chatterbot Quebec submitting transactions
chatterbot Delta submitting transactions
chatterbot India submitting transactions
chatterbot Alpha submitting transactions
chatterbot Juliett submitting transactions
chatterbot Oscar submitting transactions
chatterbot Romeo submitting transactions
chatterbot Uniform submitting transactions
chatterbot Charlie submitting transactions
chatterbot Echo submitting transactions
ChatterBot Quebec round 13
ChatterBot Uniform round 13
ChatterBot India round 13
ChatterBot Juliett round 13
ChatterBot Oscar round 13
ChatterBot Delta round 13
ChatterBot Echo round 13
ChatterBot Romeo round 13
ChatterBot Alpha round 13
ChatterBot Charlie round 13
2024-10-14 23:32:36.152467 Delta: We should add Oscar
2024-10-14 23:32:36.159111 India: Yes
2024-10-14 23:32:36.159282 Uniform: Yes
ChatterBot Delta reevaluating
ChatterBot Delta reevaluating
2024-10-14 23:32:36.191710 Uniform: India, sending you 6
2024-10-14 23:32:36.195692 Delta: Oscar we want you to join our group
ChatterBot Oscar reevaluating
2024-10-14 23:32:36.200671 Oscar: Yes
ChatterBot Delta reevaluating
2024-10-14 23:32:36.213692 Uniform: Oscar, sending you 4
2024-10-14 23:32:36.214194 India: Uniform and Delta, sending you 1
2024-10-14 23:32:36.214600 Juliett: Quebec and Alpha, sending you 3
2024-10-14 23:32:36.216247 Quebec: Juliett and Alpha, sending you 3
2024-10-14 23:32:36.218698 Uniform: Delta, sending you 3
2024-10-14 23:32:36.219218 Charlie: Quebec and Romeo, sending you 1
2024-10-14 23:32:36.220765 Romeo: Same as last round
2024-10-14 23:32:36.222256 Juliett: Echo, Romeo and Charlie, sending you 2
2024-10-14 23:32:36.223394 Quebec: Echo, sending you 6
2024-10-14 23:32:36.225529 Charlie: Juliett, Echo and Alpha, sending you 2
2024-10-14 23:32:36.227646 Alpha: Quebec, Juliett, Echo and Charlie, sending you 3
2024-10-14 23:32:36.229240 Quebec: Romeo, sending you 2
2024-10-14 23:32:36.232728 Alpha: Romeo, sending you 2
2024-10-14 23:32:36.234820 Oscar: Uniform, sending you 1
2024-10-14 23:32:36.235697 Quebec: Charlie, sending you 1
2024-10-14 23:32:36.243955 Delta: Uniform, sending you 9
2024-10-14 23:32:36.248186 Delta: India, sending you 8
chatterbot Alpha submitting transactions
chatterbot Juliett submitting transactions
chatterbot Quebec submitting transactions
chatterbot Romeo submitting transactions
chatterbot Uniform submitting transactions
chatterbot Charlie submitting transactions
chatterbot India submitting transactions
chatterbot Delta submitting transactions
chatterbot Echo submitting transactions
