ChatterBot Golf round 1
ChatterBot Alpha round 1
ChatterBot Oscar round 1
ChatterBot Juliett round 1
ChatterBot Kilo round 1
ChatterBot X-ray round 1
ChatterBot Papa round 1
ChatterBot Foxtrot round 1
ChatterBot Mike round 1
ChatterBot India round 1
randomSelections Golf: {Golf, India, Oscar, Foxtrot, Papa, X-ray, Juliett} 
2024-10-14 23:32:19.515153 Golf: We should group up
ChatterBot India reevaluating
ChatterBot Oscar reevaluating
ChatterBot Foxtrot reevaluating
ChatterBot Papa reevaluating
ChatterBot X-ray reevaluating
ChatterBot Juliett reevaluating
2024-10-14 23:32:19.529242 India: Yes
2024-10-14 23:32:19.529399 Oscar: Yes
2024-10-14 23:32:19.529531 Foxtrot: Yes
2024-10-14 23:32:19.529653 Papa: Yes
2024-10-14 23:32:19.529791 X-ray: Yes
2024-10-14 23:32:19.530737 Juliett: Yes
ChatterBot Oscar reevaluating
ChatterBot Foxtrot reevaluating
ChatterBot Papa reevaluating
ChatterBot X-ray reevaluating
ChatterBot Juliett reevaluating
ChatterBot India reevaluating
ChatterBot Foxtrot reevaluating
ChatterBot Papa reevaluating
ChatterBot X-ray reevaluating
ChatterBot Juliett reevaluating
ChatterBot India reevaluating
ChatterBot Oscar reevaluating
ChatterBot Papa reevaluating
ChatterBot X-ray reevaluating
ChatterBot Juliett reevaluating
ChatterBot India reevaluating
ChatterBot Oscar reevaluating
ChatterBot Foxtrot reevaluating
ChatterBot X-ray reevaluating
ChatterBot Juliett reevaluating
ChatterBot India reevaluating
ChatterBot Oscar reevaluating
ChatterBot Foxtrot reevaluating
ChatterBot Papa reevaluating
ChatterBot Juliett reevaluating
ChatterBot India reevaluating
ChatterBot Oscar reevaluating
ChatterBot Foxtrot reevaluating
ChatterBot Papa reevaluating
ChatterBot X-ray reevaluating
randomSelections Mike: {Mike, Juliett, Golf, Oscar, Foxtrot, India, X-ray, Kilo} 
2024-10-14 23:32:19.731950 Mike: Let's form a team
ChatterBot Juliett reevaluating
ChatterBot Oscar reevaluating
ChatterBot Foxtrot reevaluating
ChatterBot India reevaluating
ChatterBot X-ray reevaluating
ChatterBot Kilo reevaluating
2024-10-14 23:32:19.749222 Juliett: No
2024-10-14 23:32:19.750032 Golf: No
2024-10-14 23:32:19.750283 Oscar: No
2024-10-14 23:32:19.750630 Foxtrot: No
2024-10-14 23:32:19.750890 India: No
2024-10-14 23:32:19.751562 X-ray: No
2024-10-14 23:32:19.751814 Kilo: Yes
ChatterBot Oscar reevaluating
ChatterBot Foxtrot reevaluating
ChatterBot India reevaluating
ChatterBot X-ray reevaluating
ChatterBot Kilo reevaluating
ChatterBot Juliett reevaluating
ChatterBot Oscar reevaluating
ChatterBot Foxtrot reevaluating
ChatterBot India reevaluating
ChatterBot X-ray reevaluating
ChatterBot Kilo reevaluating
ChatterBot Juliett reevaluating
ChatterBot Foxtrot reevaluating
ChatterBot India reevaluating
ChatterBot X-ray reevaluating
ChatterBot Kilo reevaluating
ChatterBot Juliett reevaluating
ChatterBot Oscar reevaluating
ChatterBot India reevaluating
ChatterBot X-ray reevaluating
ChatterBot Kilo reevaluating
ChatterBot Juliett reevaluating
ChatterBot Oscar reevaluating
ChatterBot Foxtrot reevaluating
ChatterBot X-ray reevaluating
ChatterBot Kilo reevaluating
ChatterBot Juliett reevaluating
ChatterBot Oscar reevaluating
ChatterBot Foxtrot reevaluating
ChatterBot India reevaluating
ChatterBot Kilo reevaluating
ChatterBot Juliett reevaluating
ChatterBot Oscar reevaluating
ChatterBot Foxtrot reevaluating
ChatterBot India reevaluating
ChatterBot X-ray reevaluating
randomSelections Alpha: {Alpha, India, Mike, Kilo, Papa, X-ray} 
2024-10-14 23:32:19.836175 Alpha: Let's form a team
ChatterBot India reevaluating
ChatterBot Kilo reevaluating
ChatterBot Papa reevaluating
ChatterBot X-ray reevaluating
2024-10-14 23:32:19.846215 India: No
2024-10-14 23:32:19.846432 Mike: No
2024-10-14 23:32:19.846587 Kilo: No
2024-10-14 23:32:19.846766 Papa: No
2024-10-14 23:32:19.847022 X-ray: No
ChatterBot Kilo reevaluating
ChatterBot Papa reevaluating
ChatterBot X-ray reevaluating
ChatterBot India reevaluating
ChatterBot Kilo reevaluating
ChatterBot Papa reevaluating
ChatterBot X-ray reevaluating
ChatterBot India reevaluating
ChatterBot Papa reevaluating
ChatterBot X-ray reevaluating
ChatterBot India reevaluating
ChatterBot Kilo reevaluating
ChatterBot X-ray reevaluating
ChatterBot India reevaluating
ChatterBot Kilo reevaluating
ChatterBot Papa reevaluating
2024-10-14 23:32:19.912846 Golf: Oscar, Juliett and Foxtrot, sending you 1
2024-10-14 23:32:19.917201 Oscar: Golf and X-ray, sending you 3
2024-10-14 23:32:19.918304 Alpha: X-ray, sending you 2
2024-10-14 23:32:19.920165 Papa: Golf and Oscar, sending you 3
2024-10-14 23:32:19.921940 Golf: X-ray and India, sending you 2
2024-10-14 23:32:19.923857 Juliett: Golf, sending you 4
2024-10-14 23:32:19.927746 Mike: Golf, Oscar, X-ray, Foxtrot and India, sending you 2
2024-10-14 23:32:19.929429 X-ray: Oscar, sending you 2
2024-10-14 23:32:19.930178 Foxtrot: Oscar, Juliett, Papa and India, sending you 1
2024-10-14 23:32:19.933369 Kilo: Golf, sending you 4
2024-10-14 23:32:19.935565 India: Golf and Juliett, sending you 2
2024-10-14 23:32:19.936262 Oscar: India, sending you 2
2024-10-14 23:32:19.936911 Alpha: Papa, sending you 5
2024-10-14 23:32:19.938953 Papa: Juliett and India, sending you 2
2024-10-14 23:32:19.946573 Juliett: Oscar, sending you 1
2024-10-14 23:32:19.948722 Mike: Kilo, sending you 1
2024-10-14 23:32:19.950737 X-ray: Juliett and Papa, sending you 3
2024-10-14 23:32:19.951382 Foxtrot: X-ray, sending you 4
2024-10-14 23:32:19.951986 Kilo: Oscar, sending you 2
2024-10-14 23:32:19.953414 India: Oscar, sending you 4
2024-10-14 23:32:19.954025 Alpha: Mike, sending you 3
2024-10-14 23:32:19.955534 Papa: X-ray, sending you 1
2024-10-14 23:32:19.956121 Juliett: X-ray, Papa and India, sending you 2
2024-10-14 23:32:19.956797 X-ray: Foxtrot, sending you 1
2024-10-14 23:32:19.958657 Kilo: Juliett and India, sending you 3
2024-10-14 23:32:19.959198 India: X-ray, sending you 3
2024-10-14 23:32:19.959745 Alpha: India, sending you 1
2024-10-14 23:32:19.961709 Kilo: X-ray and Foxtrot, sending you 1
2024-10-14 23:32:19.964260 India: Foxtrot, sending you 1
chatterbot Mike submitting transactions
chatterbot Oscar submitting transactions
chatterbot Juliett submitting transactions
chatterbot Golf submitting transactions
chatterbot India submitting transactions
chatterbot X-ray submitting transactions
chatterbot Alpha submitting transactions
chatterbot Papa submitting transactions
chatterbot Kilo submitting transactions
chatterbot Foxtrot submitting transactions
ChatterBot Golf round 2
ChatterBot Alpha round 2
ChatterBot Oscar round 2
ChatterBot Juliett round 2
ChatterBot Kilo round 2
ChatterBot X-ray round 2
ChatterBot Papa round 2
ChatterBot Foxtrot round 2
2024-10-14 23:32:20.933670 Golf: We should replace Foxtrot with Kilo
ChatterBot Juliett reevaluating
ChatterBot X-ray reevaluating
ChatterBot Papa reevaluating
ChatterBot Oscar reevaluating
ChatterBot India reevaluating
2024-10-14 23:32:20.967214 Juliett: No
2024-10-14 23:32:20.967411 X-ray: No
2024-10-14 23:32:20.967529 Papa: No
2024-10-14 23:32:20.967639 Oscar: Yes
2024-10-14 23:32:20.967749 India: No
ChatterBot X-ray reevaluating
ChatterBot Papa reevaluating
ChatterBot Oscar reevaluating
ChatterBot India reevaluating
ChatterBot Juliett reevaluating
ChatterBot Papa reevaluating
ChatterBot Oscar reevaluating
ChatterBot India reevaluating
ChatterBot Juliett reevaluating
ChatterBot X-ray reevaluating
ChatterBot Oscar reevaluating
ChatterBot India reevaluating
ChatterBot Juliett reevaluating
ChatterBot X-ray reevaluating
ChatterBot Papa reevaluating
ChatterBot India reevaluating
ChatterBot Juliett reevaluating
ChatterBot X-ray reevaluating
ChatterBot Papa reevaluating
ChatterBot Oscar reevaluating
ChatterBot Mike round 2
ChatterBot India round 2
2024-10-14 23:32:21.147521 Alpha: We would work well together
ChatterBot Mike reevaluating
ChatterBot Papa reevaluating
2024-10-14 23:32:21.157785 Mike: No
2024-10-14 23:32:21.158326 Papa: No
ChatterBot Alpha reevaluating
ChatterBot Papa reevaluating
ChatterBot Alpha reevaluating
ChatterBot Mike reevaluating
2024-10-14 23:32:21.200375 Foxtrot: Friends?
ChatterBot Juliett reevaluating
ChatterBot X-ray reevaluating
ChatterBot Papa reevaluating
2024-10-14 23:32:21.217703 Juliett: No
2024-10-14 23:32:21.217865 X-ray: No
2024-10-14 23:32:21.217963 Papa: No
ChatterBot X-ray reevaluating
ChatterBot Papa reevaluating
ChatterBot Juliett reevaluating
ChatterBot Papa reevaluating
ChatterBot Juliett reevaluating
ChatterBot X-ray reevaluating
2024-10-14 23:32:21.270476 Kilo: We should group up
ChatterBot Oscar reevaluating
ChatterBot India reevaluating
ChatterBot Mike reevaluating
2024-10-14 23:32:21.292493 Golf: No
2024-10-14 23:32:21.292687 Oscar: No
2024-10-14 23:32:21.292798 India: No
2024-10-14 23:32:21.293323 Mike: No
ChatterBot Kilo reevaluating
ChatterBot Oscar reevaluating
ChatterBot India reevaluating
ChatterBot Mike reevaluating
ChatterBot Kilo reevaluating
ChatterBot India reevaluating
ChatterBot Mike reevaluating
ChatterBot Kilo reevaluating
ChatterBot Oscar reevaluating
ChatterBot Mike reevaluating
ChatterBot Kilo reevaluating
ChatterBot Oscar reevaluating
ChatterBot India reevaluating
2024-10-14 23:32:21.383001 Golf: Kilo we want you to join our group
ChatterBot Kilo reevaluating
2024-10-14 23:32:21.404322 Kilo: No
ChatterBot Juliett reevaluating
ChatterBot X-ray reevaluating
ChatterBot Papa reevaluating
ChatterBot Oscar reevaluating
ChatterBot India reevaluating
2024-10-14 23:32:21.544900 India: We should replace Foxtrot with Kilo
ChatterBot Juliett reevaluating
2024-10-14 23:32:21.572623 Golf: Yes
2024-10-14 23:32:21.572852 Juliett: No
2024-10-14 23:32:21.573535 X-ray: No
2024-10-14 23:32:21.573840 Papa: No
2024-10-14 23:32:21.574075 Oscar: Yes
ChatterBot Juliett reevaluating
ChatterBot Juliett reevaluating
ChatterBot Juliett reevaluating
ChatterBot Juliett reevaluating
2024-10-14 23:32:21.709380 Papa: We should drop Foxtrot
2024-10-14 23:32:21.735512 Golf: Yes
2024-10-14 23:32:21.735951 Juliett: Yes
2024-10-14 23:32:21.736812 X-ray: Yes
2024-10-14 23:32:21.737187 Oscar: Yes
2024-10-14 23:32:21.737397 India: Yes
2024-10-14 23:32:21.877346 Oscar: Kilo we want you to join our group
ChatterBot Kilo reevaluating
2024-10-14 23:32:21.883971 Kilo: No
2024-10-14 23:32:21.915719 India: Kilo we want you to join our group
ChatterBot Kilo reevaluating
2024-10-14 23:32:21.922915 Kilo: No
chatterbot Alpha submitting transactions
chatterbot Golf submitting transactions
2024-10-14 23:32:21.956656 Foxtrot: Juliett and Papa, sending you 2
2024-10-14 23:32:22.103418 Golf: Oscar, X-ray, Papa and India, sending you 1
2024-10-14 23:32:22.104403 Mike: Alpha, sending you 10
2024-10-14 23:32:22.104672 Foxtrot: X-ray, sending you 4
2024-10-14 23:32:22.241947 Golf: Juliett and Kilo, sending you 2
2024-10-14 23:32:22.242837 Papa: Golf, Oscar and India, sending you 1
2024-10-14 23:32:22.243272 Oscar: Golf, Juliett, Kilo, X-ray and Papa, sending you 1
2024-10-14 23:32:22.244236 India: Golf, Oscar, Juliett and Papa, sending you 2
2024-10-14 23:32:22.244741 X-ray: Golf, Oscar, Juliett and India, sending you 2
chatterbot Foxtrot submitting transactions
chatterbot Mike submitting transactions
2024-10-14 23:32:22.246150 Papa: Juliett, sending you 3
2024-10-14 23:32:22.271707 Juliett: Golf, sending you 1
2024-10-14 23:32:22.272775 Oscar: India, sending you 3
2024-10-14 23:32:22.273861 India: Kilo, sending you 4
2024-10-14 23:32:22.274375 Papa: X-ray, sending you 4
2024-10-14 23:32:22.275263 X-ray: Papa, sending you 1
2024-10-14 23:32:22.275845 Kilo: Golf, Alpha, Oscar and India, sending you 2
2024-10-14 23:32:22.276887 Alpha: Golf, sending you 5
chatterbot Juliett submitting transactions
2024-10-14 23:32:22.277461 Juliett: X-ray, sending you 4
2024-10-14 23:32:22.318106 Alpha: Oscar, Kilo and India, sending you 4
2024-10-14 23:32:22.318517 Juliett: Papa and India, sending you 3
2024-10-14 23:32:22.318916 Kilo: Mike, sending you 6
chatterbot Oscar submitting transactions
chatterbot India submitting transactions
chatterbot Kilo submitting transactions
chatterbot X-ray submitting transactions
chatterbot Papa submitting transactions
ChatterBot Golf round 3
ChatterBot Alpha round 3
ChatterBot Oscar round 3
ChatterBot Juliett round 3
ChatterBot Kilo round 3
ChatterBot X-ray round 3
ChatterBot Papa round 3
ChatterBot Foxtrot round 3
ChatterBot Mike round 3
ChatterBot India round 3
2024-10-14 23:32:23.126933 Oscar: We should add Foxtrot
ChatterBot Golf reevaluating
ChatterBot Juliett reevaluating
ChatterBot X-ray reevaluating
ChatterBot Papa reevaluating
ChatterBot Kilo reevaluating
ChatterBot India reevaluating
2024-10-14 23:32:23.153749 Golf: Yes
2024-10-14 23:32:23.153924 Juliett: Yes
2024-10-14 23:32:23.154042 X-ray: Yes
2024-10-14 23:32:23.154154 Papa: Yes
2024-10-14 23:32:23.154271 Kilo: No
2024-10-14 23:32:23.154381 India: No
ChatterBot Juliett reevaluating
ChatterBot X-ray reevaluating
ChatterBot Papa reevaluating
ChatterBot Kilo reevaluating
ChatterBot India reevaluating
ChatterBot Golf reevaluating
ChatterBot X-ray reevaluating
ChatterBot Papa reevaluating
ChatterBot Kilo reevaluating
ChatterBot India reevaluating
ChatterBot Golf reevaluating
ChatterBot Juliett reevaluating
ChatterBot Papa reevaluating
ChatterBot Kilo reevaluating
ChatterBot India reevaluating
ChatterBot Golf reevaluating
ChatterBot Juliett reevaluating
ChatterBot X-ray reevaluating
ChatterBot Kilo reevaluating
ChatterBot India reevaluating
ChatterBot Golf reevaluating
ChatterBot Juliett reevaluating
ChatterBot X-ray reevaluating
ChatterBot Papa reevaluating
ChatterBot India reevaluating
ChatterBot Golf reevaluating
ChatterBot Juliett reevaluating
ChatterBot X-ray reevaluating
ChatterBot Papa reevaluating
ChatterBot Kilo reevaluating
2024-10-14 23:32:23.345580 India: Friends?
ChatterBot Kilo reevaluating
ChatterBot Golf reevaluating
ChatterBot Alpha reevaluating
ChatterBot Mike reevaluating
2024-10-14 23:32:23.368767 Kilo: Yes
2024-10-14 23:32:23.368906 Golf: No
2024-10-14 23:32:23.369005 Oscar: No
2024-10-14 23:32:23.369093 Alpha: Yes
2024-10-14 23:32:23.369209 Mike: Yes
ChatterBot Golf reevaluating
ChatterBot India reevaluating
ChatterBot Alpha reevaluating
ChatterBot Mike reevaluating
ChatterBot Kilo reevaluating
ChatterBot India reevaluating
ChatterBot Alpha reevaluating
ChatterBot Mike reevaluating
ChatterBot Kilo reevaluating
ChatterBot Golf reevaluating
ChatterBot India reevaluating
ChatterBot Alpha reevaluating
ChatterBot Mike reevaluating
ChatterBot Kilo reevaluating
ChatterBot Golf reevaluating
ChatterBot India reevaluating
ChatterBot Mike reevaluating
ChatterBot Kilo reevaluating
ChatterBot Golf reevaluating
ChatterBot India reevaluating
ChatterBot Alpha reevaluating
2024-10-14 23:32:23.561135 Alpha: We should add Mike
ChatterBot Golf reevaluating
ChatterBot Kilo reevaluating
ChatterBot India reevaluating
2024-10-14 23:32:23.664814 Golf: Yes
2024-10-14 23:32:23.665049 Oscar: No
2024-10-14 23:32:23.665201 Kilo: Yes
2024-10-14 23:32:23.665339 India: Yes
ChatterBot Alpha reevaluating
ChatterBot Oscar reevaluating
ChatterBot Kilo reevaluating
ChatterBot India reevaluating
ChatterBot Alpha reevaluating
ChatterBot Golf reevaluating
ChatterBot Kilo reevaluating
ChatterBot India reevaluating
ChatterBot Alpha reevaluating
ChatterBot Golf reevaluating
ChatterBot Oscar reevaluating
ChatterBot India reevaluating
ChatterBot Alpha reevaluating
ChatterBot Golf reevaluating
ChatterBot Oscar reevaluating
ChatterBot Kilo reevaluating
2024-10-14 23:32:23.824868 Oscar: We would work well together
ChatterBot Kilo reevaluating
ChatterBot Golf reevaluating
ChatterBot India reevaluating
ChatterBot Alpha reevaluating
ChatterBot Mike reevaluating
2024-10-14 23:32:23.868381 Kilo: Yes
2024-10-14 23:32:23.869553 Golf: Yes
2024-10-14 23:32:23.869968 India: Yes
2024-10-14 23:32:23.870396 Alpha: Yes
2024-10-14 23:32:23.871299 Mike: Yes
ChatterBot Golf reevaluating
ChatterBot Oscar reevaluating
ChatterBot India reevaluating
ChatterBot Alpha reevaluating
ChatterBot Mike reevaluating
ChatterBot Kilo reevaluating
ChatterBot Oscar reevaluating
ChatterBot India reevaluating
ChatterBot Alpha reevaluating
ChatterBot Mike reevaluating
ChatterBot Kilo reevaluating
ChatterBot Golf reevaluating
ChatterBot Oscar reevaluating
ChatterBot Alpha reevaluating
ChatterBot Mike reevaluating
ChatterBot Kilo reevaluating
ChatterBot Golf reevaluating
ChatterBot Oscar reevaluating
ChatterBot India reevaluating
ChatterBot Mike reevaluating
ChatterBot Kilo reevaluating
ChatterBot Golf reevaluating
ChatterBot Oscar reevaluating
ChatterBot India reevaluating
ChatterBot Alpha reevaluating
2024-10-14 23:32:24.106518 Juliett: Foxtrot and Kilo we want you to join our group
2024-10-14 23:32:24.119645 Foxtrot: No
2024-10-14 23:32:24.120360 Kilo: No
ChatterBot Golf reevaluating
ChatterBot Oscar reevaluating
ChatterBot X-ray reevaluating
ChatterBot Papa reevaluating
ChatterBot Golf reevaluating
ChatterBot Oscar reevaluating
2024-10-14 23:32:24.207247 X-ray: We should add Foxtrot and Kilo
ChatterBot Golf reevaluating
ChatterBot Papa reevaluating
ChatterBot Oscar reevaluating
2024-10-14 23:32:24.233824 Golf: No
2024-10-14 23:32:24.234113 Juliett: Yes
2024-10-14 23:32:24.234291 Papa: No
2024-10-14 23:32:24.234980 Oscar: Yes
2024-10-14 23:32:24.235167 India: No
ChatterBot X-ray reevaluating
ChatterBot Papa reevaluating
ChatterBot Oscar reevaluating
ChatterBot Golf reevaluating
ChatterBot X-ray reevaluating
ChatterBot Papa reevaluating
ChatterBot Oscar reevaluating
ChatterBot Golf reevaluating
ChatterBot X-ray reevaluating
ChatterBot Oscar reevaluating
ChatterBot Golf reevaluating
ChatterBot X-ray reevaluating
ChatterBot Papa reevaluating
ChatterBot Golf reevaluating
ChatterBot X-ray reevaluating
ChatterBot Papa reevaluating
ChatterBot Oscar reevaluating
2024-10-14 23:32:24.407669 Alpha: Mike we want you to join our group
2024-10-14 23:32:24.412278 Mike: Yes
2024-10-14 23:32:24.509054 Kilo: Golf and Alpha, sending you 3
2024-10-14 23:32:24.509636 India: Golf, sending you 2
2024-10-14 23:32:24.510566 Foxtrot: Juliett and Papa, sending you 2
2024-10-14 23:32:24.510907 X-ray: Foxtrot and Kilo we want you to join our group
2024-10-14 23:32:24.520405 Foxtrot: No
2024-10-14 23:32:24.520593 Kilo: No
ChatterBot X-ray reevaluating
ChatterBot X-ray reevaluating
chatterbot X-ray submitting transactions
chatterbot Kilo submitting transactions
chatterbot Alpha submitting transactions
2024-10-14 23:32:24.689957 Kilo: Oscar and Mike, sending you 2
2024-10-14 23:32:24.691093 India: Alpha, Oscar and Kilo, sending you 3
2024-10-14 23:32:24.691677 Juliett: Golf, X-ray, Papa and India, sending you 2
2024-10-14 23:32:24.692146 Alpha: Golf, sending you 1
2024-10-14 23:32:24.693173 Foxtrot: X-ray, sending you 4
chatterbot Papa submitting transactions
chatterbot Foxtrot submitting transactions
2024-10-14 23:32:24.693891 Oscar: Golf and Mike, sending you 1
2024-10-14 23:32:24.694833 Golf: Alpha, Oscar, Kilo and India, sending you 2
2024-10-14 23:32:24.695307 Papa: Juliett and Foxtrot, sending you 3
2024-10-14 23:32:24.695748 Kilo: India, sending you 4
2024-10-14 23:32:24.696874 India: Mike, sending you 1
2024-10-14 23:32:24.697285 Juliett: Oscar, Kilo and Foxtrot, sending you 1
2024-10-14 23:32:24.697776 Alpha: Kilo, sending you 3
2024-10-14 23:32:24.698815 Oscar: Alpha, Kilo and India, sending you 2
2024-10-14 23:32:24.699241 Papa: X-ray, sending you 4
2024-10-14 23:32:24.722347 Alpha: Mike, sending you 11
2024-10-14 23:32:24.730766 X-ray: Oscar, Juliett and Papa, sending you 2
2024-10-14 23:32:24.742778 X-ray: Foxtrot, sending you 3
chatterbot Oscar submitting transactions
chatterbot Mike submitting transactions
chatterbot Papa submitting transactions
chatterbot Juliett submitting transactions
chatterbot Golf submitting transactions
chatterbot India submitting transactions
ChatterBot Golf round 4
ChatterBot Alpha round 4
ChatterBot Oscar round 4
ChatterBot Juliett round 4
ChatterBot Kilo round 4
2024-10-14 23:32:25.399189 Alpha: We should add Juliett
ChatterBot Golf reevaluating
ChatterBot Oscar reevaluating
2024-10-14 23:32:25.418847 Kilo: No
2024-10-14 23:32:25.419027 Golf: Yes
2024-10-14 23:32:25.419157 Oscar: Yes
2024-10-14 23:32:25.419283 India: No
2024-10-14 23:32:25.419399 Mike: No
ChatterBot Golf reevaluating
ChatterBot Oscar reevaluating
ChatterBot Oscar reevaluating
ChatterBot Golf reevaluating
ChatterBot Golf reevaluating
ChatterBot Oscar reevaluating
ChatterBot Golf reevaluating
ChatterBot Oscar reevaluating
2024-10-14 23:32:25.501203 Oscar: We should add X-ray
ChatterBot Golf reevaluating
2024-10-14 23:32:25.516039 Kilo: Yes
2024-10-14 23:32:25.516210 Golf: Yes
2024-10-14 23:32:25.516301 India: Yes
2024-10-14 23:32:25.516391 Alpha: Yes
2024-10-14 23:32:25.516474 Mike: Yes
ChatterBot Golf reevaluating
ChatterBot Oscar reevaluating
ChatterBot Oscar reevaluating
ChatterBot Golf reevaluating
ChatterBot Oscar reevaluating
ChatterBot Alpha reevaluating
ChatterBot Golf reevaluating
ChatterBot Oscar reevaluating
ChatterBot Golf reevaluating
ChatterBot Oscar reevaluating
ChatterBot Alpha reevaluating
ChatterBot X-ray round 4
ChatterBot Papa round 4
ChatterBot Foxtrot round 4
ChatterBot Mike round 4
ChatterBot India round 4
2024-10-14 23:32:25.635056 Papa: We should add Oscar
2024-10-14 23:32:25.646032 Foxtrot: No
2024-10-14 23:32:25.646183 Juliett: Yes
2024-10-14 23:32:25.646299 X-ray: Yes
ChatterBot X-ray reevaluating
ChatterBot Papa reevaluating
ChatterBot X-ray reevaluating
ChatterBot Papa reevaluating
ChatterBot Papa reevaluating
2024-10-14 23:32:25.709497 India: We should add Juliett
ChatterBot Alpha reevaluating
2024-10-14 23:32:25.844735 Kilo: No
2024-10-14 23:32:25.845773 Golf: No
2024-10-14 23:32:25.846016 Oscar: No
2024-10-14 23:32:25.846313 Alpha: Yes
2024-10-14 23:32:25.847382 Mike: No
ChatterBot Alpha reevaluating
ChatterBot Alpha reevaluating
ChatterBot India reevaluating
ChatterBot Alpha reevaluating
ChatterBot India reevaluating
ChatterBot India reevaluating
ChatterBot Alpha reevaluating
2024-10-14 23:32:26.018548 Oscar: X-ray we want you to join our group
ChatterBot X-ray reevaluating
2024-10-14 23:32:26.027482 X-ray: No
ChatterBot Alpha reevaluating
ChatterBot Golf reevaluating
ChatterBot India reevaluating
2024-10-14 23:32:26.079906 Papa: We should add Golf
ChatterBot X-ray reevaluating
2024-10-14 23:32:26.102880 Foxtrot: No
2024-10-14 23:32:26.103329 Juliett: Yes
2024-10-14 23:32:26.104683 X-ray: No
ChatterBot X-ray reevaluating
ChatterBot Papa reevaluating
ChatterBot X-ray reevaluating
ChatterBot Papa reevaluating
ChatterBot Papa reevaluating
chatterbot X-ray submitting transactions
2024-10-14 23:32:26.172187 Golf: X-ray we want you to join our group
2024-10-14 23:32:26.179548 X-ray: No
ChatterBot Golf reevaluating
ChatterBot India reevaluating
2024-10-14 23:32:26.230240 Alpha: X-ray we want you to join our group
2024-10-14 23:32:26.237654 X-ray: No
ChatterBot Golf reevaluating
ChatterBot India reevaluating
2024-10-14 23:32:26.286301 Foxtrot: I was attacked by Mike
ChatterBot Juliett reevaluating
ChatterBot X-ray reevaluating
ChatterBot Papa reevaluating
2024-10-14 23:32:26.308869 Foxtrot: I'm keeping this round to protect myself
2024-10-14 23:32:26.310484 Foxtrot: Ow
2024-10-14 23:32:26.311160 Kilo: Golf, Alpha, Oscar and India, sending you 3
2024-10-14 23:32:26.319609 Kilo: Mike, sending you 2
2024-10-14 23:32:26.320724 Mike: Alpha, sending you 6
2024-10-14 23:32:26.321400 Papa: Oscar we want you to join our group
2024-10-14 23:32:26.329255 Oscar: No
ChatterBot X-ray reevaluating
ChatterBot Juliett reevaluating
ChatterBot Papa reevaluating
2024-10-14 23:32:26.358883 X-ray: We should replace Oscar with India
2024-10-14 23:32:26.359337 Papa: We should add India
ChatterBot Juliett reevaluating
ChatterBot Papa reevaluating
2024-10-14 23:32:26.380344 Foxtrot: No
2024-10-14 23:32:26.387075 Juliett: No
ChatterBot Juliett reevaluating
ChatterBot X-ray reevaluating
2024-10-14 23:32:26.402745 Papa: Yes
2024-10-14 23:32:26.402988 Foxtrot: No
2024-10-14 23:32:26.403178 Juliett: Yes
2024-10-14 23:32:26.403370 X-ray: Yes
ChatterBot Juliett reevaluating
ChatterBot X-ray reevaluating
ChatterBot Papa reevaluating
ChatterBot X-ray reevaluating
ChatterBot Papa reevaluating
ChatterBot Juliett reevaluating
ChatterBot X-ray reevaluating
ChatterBot Juliett reevaluating
ChatterBot X-ray reevaluating
ChatterBot Papa reevaluating
ChatterBot X-ray reevaluating
ChatterBot Papa reevaluating
ChatterBot Juliett reevaluating
ChatterBot Papa reevaluating
2024-10-14 23:32:26.500745 Oscar: Golf, Alpha, Kilo, X-ray and Mike, sending you 1
2024-10-14 23:32:26.501379 India: Juliett we want you to join our group
ChatterBot Juliett reevaluating
2024-10-14 23:32:26.506559 Juliett: Yes
ChatterBot Alpha reevaluating
ChatterBot Mike reevaluating
ChatterBot Golf reevaluating
ChatterBot India reevaluating
2024-10-14 23:32:26.538075 Papa: We should add Alpha
ChatterBot Juliett reevaluating
ChatterBot X-ray reevaluating
2024-10-14 23:32:26.551373 Foxtrot: No
2024-10-14 23:32:26.551591 Juliett: Yes
2024-10-14 23:32:26.552126 X-ray: No
ChatterBot Juliett reevaluating
ChatterBot X-ray reevaluating
ChatterBot Papa reevaluating
ChatterBot X-ray reevaluating
ChatterBot Papa reevaluating
ChatterBot Juliett reevaluating
ChatterBot Papa reevaluating
chatterbot Mike submitting transactions
2024-10-14 23:32:26.595291 Oscar: India, sending you 3
chatterbot Foxtrot submitting transactions
2024-10-14 23:32:26.596786 Golf: Juliett we want you to join our group
2024-10-14 23:32:26.604310 Juliett: No
ChatterBot Alpha reevaluating
ChatterBot Mike reevaluating
ChatterBot Golf reevaluating
ChatterBot India reevaluating
2024-10-14 23:32:26.643687 Alpha: Juliett we want you to join our group
ChatterBot Juliett reevaluating
2024-10-14 23:32:26.673972 Juliett: Yes
ChatterBot Alpha reevaluating
ChatterBot Mike reevaluating
ChatterBot Golf reevaluating
ChatterBot India reevaluating
2024-10-14 23:32:26.812741 X-ray: Oscar, Juliett and Papa, sending you 2
2024-10-14 23:32:26.816855 X-ray: Foxtrot, sending you 3
2024-10-14 23:32:26.827166 Golf: Alpha, Oscar, Kilo and India, sending you 2
2024-10-14 23:32:26.831692 Alpha: Golf and Oscar, sending you 2
2024-10-14 23:32:26.836666 Alpha: Kilo and India, sending you 3
2024-10-14 23:32:26.840693 Alpha: Mike, sending you 7
2024-10-14 23:32:26.845904 India: Golf, sending you 2
2024-10-14 23:32:26.850329 India: Alpha, sending you 1
2024-10-14 23:32:26.856142 India: Oscar, Juliett and Kilo, sending you 3
chatterbot Oscar submitting transactions
chatterbot Kilo submitting transactions
chatterbot Juliett submitting transactions
chatterbot X-ray submitting transactions
chatterbot Alpha submitting transactions
chatterbot Mike submitting transactions
chatterbot Papa submitting transactions
chatterbot Juliett submitting transactions
chatterbot Golf submitting transactions
chatterbot Alpha submitting transactions
chatterbot India submitting transactions
ChatterBot Golf round 5
ChatterBot Alpha round 5
ChatterBot Oscar round 5
ChatterBot Juliett round 5
ChatterBot Kilo round 5
ChatterBot X-ray round 5
2024-10-14 23:32:28.136548 Golf: We should add Juliett
ChatterBot Mike reevaluating
2024-10-14 23:32:28.177501 Kilo: No
2024-10-14 23:32:28.178504 Oscar: No
2024-10-14 23:32:28.179120 India: Yes
2024-10-14 23:32:28.179584 Alpha: Yes
2024-10-14 23:32:28.180485 Mike: Yes
ChatterBot Mike reevaluating
ChatterBot Mike reevaluating
ChatterBot Mike reevaluating
ChatterBot Mike reevaluating
ChatterBot Papa round 5
2024-10-14 23:32:28.343442 Oscar: We should replace X-ray with Juliett
ChatterBot Mike reevaluating
2024-10-14 23:32:28.370629 Kilo: No
2024-10-14 23:32:28.371323 Golf: Yes
2024-10-14 23:32:28.371477 India: Yes
2024-10-14 23:32:28.371631 Alpha: Yes
2024-10-14 23:32:28.371800 Mike: Yes
ChatterBot Oscar reevaluating
ChatterBot Mike reevaluating
ChatterBot Oscar reevaluating
ChatterBot Mike reevaluating
ChatterBot Oscar reevaluating
ChatterBot Mike reevaluating
ChatterBot Oscar reevaluating
ChatterBot Mike reevaluating
ChatterBot Oscar reevaluating
ChatterBot Foxtrot round 5
ChatterBot Mike round 5
ChatterBot India round 5
2024-10-14 23:32:28.505486 Golf: Juliett we want you to join our group
ChatterBot Juliett reevaluating
2024-10-14 23:32:28.509830 Juliett: Yes
ChatterBot Mike reevaluating
ChatterBot Oscar reevaluating
2024-10-14 23:32:28.537040 Papa: We should add Alpha
ChatterBot Juliett reevaluating
2024-10-14 23:32:28.546470 Foxtrot: No
2024-10-14 23:32:28.546629 Juliett: No
2024-10-14 23:32:28.546749 X-ray: No
ChatterBot Juliett reevaluating
ChatterBot X-ray reevaluating
ChatterBot X-ray reevaluating
ChatterBot Papa reevaluating
ChatterBot Juliett reevaluating
ChatterBot Papa reevaluating
2024-10-14 23:32:28.591788 Oscar: Juliett we want you to join our group
ChatterBot Juliett reevaluating
2024-10-14 23:32:28.596341 Juliett: No
ChatterBot Oscar reevaluating
chatterbot Golf submitting transactions
2024-10-14 23:32:28.620682 Alpha: Golf and Kilo, sending you 3
2024-10-14 23:32:28.621750 Golf: Alpha, Oscar, Mike and India, sending you 1
2024-10-14 23:32:28.622666 Kilo: Golf and Alpha, sending you 3
2024-10-14 23:32:28.625676 Alpha: Oscar and India, sending you 2
2024-10-14 23:32:28.626573 Golf: Juliett and Kilo, sending you 2
2024-10-14 23:32:28.627701 Kilo: Oscar and Mike, sending you 2
2024-10-14 23:32:28.628657 Alpha: Mike, sending you 7
2024-10-14 23:32:28.630686 Papa: Juliett and X-ray, sending you 4
2024-10-14 23:32:28.631065 Kilo: India, sending you 4
2024-10-14 23:32:28.632689 X-ray: Oscar, Juliett and Foxtrot, sending you 2
2024-10-14 23:32:28.634664 Oscar: Golf, Alpha, Kilo, X-ray and Mike, sending you 1
2024-10-14 23:32:28.635681 Papa: Foxtrot, sending you 3
2024-10-14 23:32:28.636006 India: Golf, Alpha and Kilo, sending you 2
2024-10-14 23:32:28.636682 X-ray: Papa, sending you 3
2024-10-14 23:32:28.638811 India: Oscar and Juliett, sending you 3
2024-10-14 23:32:28.639671 Oscar: India, sending you 3
2024-10-14 23:32:28.640055 Foxtrot: Juliett, sending you 2
2024-10-14 23:32:28.644666 Foxtrot: X-ray and Papa, sending you 3
chatterbot India submitting transactions
chatterbot Alpha submitting transactions
chatterbot Kilo submitting transactions
chatterbot Juliett submitting transactions
chatterbot Mike submitting transactions
chatterbot Oscar submitting transactions
chatterbot Papa submitting transactions
chatterbot X-ray submitting transactions
chatterbot Foxtrot submitting transactions
ChatterBot Golf round 6
ChatterBot Alpha round 6
ChatterBot Oscar round 6
ChatterBot Juliett round 6
ChatterBot Kilo round 6
ChatterBot X-ray round 6
ChatterBot Papa round 6
ChatterBot Foxtrot round 6
ChatterBot Mike round 6
ChatterBot India round 6
2024-10-14 23:32:29.591191 Oscar: We should add Juliett
ChatterBot Alpha reevaluating
ChatterBot Mike reevaluating
ChatterBot Kilo reevaluating
ChatterBot India reevaluating
ChatterBot X-ray reevaluating
2024-10-14 23:32:29.634008 Alpha: Yes
2024-10-14 23:32:29.634283 Mike: Yes
2024-10-14 23:32:29.634564 Golf: Yes
2024-10-14 23:32:29.634794 Kilo: Yes
2024-10-14 23:32:29.635506 India: Yes
2024-10-14 23:32:29.635717 X-ray: Yes
ChatterBot Mike reevaluating
ChatterBot Kilo reevaluating
ChatterBot India reevaluating
ChatterBot X-ray reevaluating
ChatterBot Alpha reevaluating
ChatterBot Kilo reevaluating
ChatterBot India reevaluating
ChatterBot X-ray reevaluating
ChatterBot Alpha reevaluating
ChatterBot Mike reevaluating
ChatterBot Kilo reevaluating
ChatterBot India reevaluating
ChatterBot X-ray reevaluating
ChatterBot Alpha reevaluating
ChatterBot Mike reevaluating
ChatterBot India reevaluating
ChatterBot X-ray reevaluating
ChatterBot Alpha reevaluating
ChatterBot Mike reevaluating
ChatterBot Kilo reevaluating
ChatterBot X-ray reevaluating
ChatterBot Alpha reevaluating
ChatterBot Mike reevaluating
ChatterBot Kilo reevaluating
ChatterBot India reevaluating
2024-10-14 23:32:29.883961 Alpha: We should add X-ray
ChatterBot Mike reevaluating
ChatterBot Kilo reevaluating
ChatterBot India reevaluating
2024-10-14 23:32:29.908230 Juliett: Yes
2024-10-14 23:32:29.908364 Mike: Yes
2024-10-14 23:32:29.908460 Golf: Yes
2024-10-14 23:32:29.908553 Oscar: Yes
2024-10-14 23:32:29.908648 Kilo: Yes
2024-10-14 23:32:29.908744 India: Yes
ChatterBot Alpha reevaluating
ChatterBot Mike reevaluating
ChatterBot Kilo reevaluating
ChatterBot India reevaluating
ChatterBot Alpha reevaluating
ChatterBot Kilo reevaluating
ChatterBot India reevaluating
ChatterBot Alpha reevaluating
ChatterBot Mike reevaluating
ChatterBot Kilo reevaluating
ChatterBot India reevaluating
ChatterBot Alpha reevaluating
ChatterBot Mike reevaluating
ChatterBot Kilo reevaluating
ChatterBot India reevaluating
ChatterBot Alpha reevaluating
ChatterBot Mike reevaluating
ChatterBot India reevaluating
ChatterBot Alpha reevaluating
ChatterBot Mike reevaluating
ChatterBot Kilo reevaluating
2024-10-14 23:32:30.061597 Oscar: Juliett we want you to join our group
2024-10-14 23:32:30.067053 Juliett: No
ChatterBot Alpha reevaluating
ChatterBot Mike reevaluating
ChatterBot Kilo reevaluating
ChatterBot India reevaluating
ChatterBot X-ray reevaluating
2024-10-14 23:32:30.095135 Kilo: We should replace Oscar with Juliett
ChatterBot Alpha reevaluating
ChatterBot India reevaluating
2024-10-14 23:32:30.109182 Alpha: No
2024-10-14 23:32:30.109800 Mike: No
2024-10-14 23:32:30.109939 Golf: No
2024-10-14 23:32:30.110091 India: No
ChatterBot Kilo reevaluating
ChatterBot India reevaluating
ChatterBot Kilo reevaluating
ChatterBot Alpha reevaluating
ChatterBot India reevaluating
ChatterBot Kilo reevaluating
ChatterBot Alpha reevaluating
ChatterBot India reevaluating
ChatterBot Kilo reevaluating
ChatterBot Alpha reevaluating
2024-10-14 23:32:30.176666 Golf: Alpha, Oscar, Mike and India, sending you 1
2024-10-14 23:32:30.182040 Alpha: X-ray we want you to join our group
2024-10-14 23:32:30.188897 X-ray: No
ChatterBot Juliett reevaluating
2024-10-14 23:32:30.239185 India: We should drop Golf
ChatterBot Juliett reevaluating
2024-10-14 23:32:30.271188 Alpha: No
2024-10-14 23:32:30.271427 Mike: No
2024-10-14 23:32:30.271648 Oscar: No
2024-10-14 23:32:30.271843 Juliett: No
2024-10-14 23:32:30.272019 Kilo: No
ChatterBot India reevaluating
ChatterBot Juliett reevaluating
ChatterBot India reevaluating
ChatterBot Juliett reevaluating
ChatterBot India reevaluating
ChatterBot Juliett reevaluating
ChatterBot India reevaluating
ChatterBot India reevaluating
ChatterBot Juliett reevaluating
2024-10-14 23:32:30.407966 X-ray: We should drop Oscar
ChatterBot Juliett reevaluating
2024-10-14 23:32:30.427220 Foxtrot: Yes
2024-10-14 23:32:30.427445 Juliett: No
2024-10-14 23:32:30.427606 Papa: Yes
ChatterBot Juliett reevaluating
ChatterBot Juliett reevaluating
2024-10-14 23:32:30.485119 Golf: Juliett and Kilo, sending you 2
2024-10-14 23:32:30.486013 Kilo: Juliett we want you to join our group
ChatterBot Juliett reevaluating
2024-10-14 23:32:30.495053 Juliett: No
ChatterBot India reevaluating
chatterbot Juliett submitting transactions
chatterbot Papa submitting transactions
2024-10-14 23:32:30.528855 Oscar: Golf, Alpha, Juliett, Kilo, X-ray and Mike, sending you 1
2024-10-14 23:32:30.529689 Foxtrot: Juliett, sending you 2
2024-10-14 23:32:30.531609 India: We should drop Mike
ChatterBot Juliett reevaluating
2024-10-14 23:32:30.555688 Alpha: No
2024-10-14 23:32:30.555873 Golf: No
2024-10-14 23:32:30.555998 Oscar: No
2024-10-14 23:32:30.556120 Juliett: Yes
2024-10-14 23:32:30.556233 Kilo: No
ChatterBot India reevaluating
ChatterBot Juliett reevaluating
ChatterBot India reevaluating
ChatterBot Juliett reevaluating
ChatterBot India reevaluating
ChatterBot Juliett reevaluating
ChatterBot India reevaluating
ChatterBot India reevaluating
ChatterBot Juliett reevaluating
2024-10-14 23:32:30.803182 Papa: Juliett and Foxtrot, sending you 3
2024-10-14 23:32:30.804858 Oscar: India, sending you 2
2024-10-14 23:32:30.805992 Foxtrot: X-ray and Papa, sending you 3
chatterbot Mike submitting transactions
2024-10-14 23:32:30.809224 Papa: X-ray, sending you 4
2024-10-14 23:32:30.810071 Alpha: Golf and Oscar, sending you 2
2024-10-14 23:32:30.813121 X-ray: Juliett, sending you 2
2024-10-14 23:32:30.814827 Kilo: Golf, Alpha, Mike and India, sending you 3
2024-10-14 23:32:30.818137 Alpha: Kilo and India, sending you 3
2024-10-14 23:32:30.820562 X-ray: Papa, sending you 4
2024-10-14 23:32:30.821482 Kilo: Juliett, sending you 2
2024-10-14 23:32:30.824362 X-ray: Foxtrot, sending you 3
2024-10-14 23:32:30.825451 Alpha: Mike, sending you 7
chatterbot Kilo submitting transactions
2024-10-14 23:32:30.840706 India: Golf, sending you 2
2024-10-14 23:32:30.847689 India: Oscar and Kilo, sending you 3
chatterbot Oscar submitting transactions
2024-10-14 23:32:30.853673 India: Juliett, sending you 4
chatterbot Golf submitting transactions
chatterbot X-ray submitting transactions
chatterbot Alpha submitting transactions
chatterbot Foxtrot submitting transactions
chatterbot Juliett submitting transactions
chatterbot India submitting transactions
ChatterBot Golf round 7
ChatterBot Alpha round 7
ChatterBot Oscar round 7
ChatterBot Juliett round 7
ChatterBot Kilo round 7
ChatterBot X-ray round 7
2024-10-14 23:32:31.575790 Kilo: We should replace Juliett with Oscar
2024-10-14 23:32:31.592675 Alpha: No
2024-10-14 23:32:31.592895 Mike: No
2024-10-14 23:32:31.593028 Golf: No
2024-10-14 23:32:31.593500 India: No
ChatterBot Kilo reevaluating
ChatterBot India reevaluating
ChatterBot Kilo reevaluating
ChatterBot India reevaluating
ChatterBot Kilo reevaluating
ChatterBot India reevaluating
ChatterBot Kilo reevaluating
ChatterBot Papa round 7
ChatterBot Foxtrot round 7
ChatterBot Mike round 7
ChatterBot India round 7
2024-10-14 23:32:31.702916 Kilo: Oscar we want you to join our group
2024-10-14 23:32:31.708136 Oscar: Yes
ChatterBot Kilo reevaluating
2024-10-14 23:32:31.735686 Oscar: Golf, Alpha, Juliett, Kilo, X-ray and Mike, sending you 1
2024-10-14 23:32:31.737653 Golf: Alpha, Oscar, Kilo, Mike and India, sending you 1
2024-10-14 23:32:31.739305 X-ray: Juliett, sending you 2
2024-10-14 23:32:31.739877 Alpha: Golf, Oscar and India, sending you 2
2024-10-14 23:32:31.741040 Oscar: India, sending you 2
2024-10-14 23:32:31.742859 X-ray: Papa, sending you 4
2024-10-14 23:32:31.744128 Golf: Juliett, sending you 2
2024-10-14 23:32:31.744880 Alpha: Kilo, sending you 4
2024-10-14 23:32:31.746280 Papa: Juliett, sending you 2
2024-10-14 23:32:31.747716 X-ray: Foxtrot, sending you 3
2024-10-14 23:32:31.749114 Foxtrot: Juliett, sending you 2
2024-10-14 23:32:31.750824 Alpha: Mike, sending you 7
2024-10-14 23:32:31.751677 Papa: X-ray, sending you 4
2024-10-14 23:32:31.752725 Kilo: Golf, Alpha, Mike and India, sending you 3
2024-10-14 23:32:31.753618 Foxtrot: X-ray and Papa, sending you 3
2024-10-14 23:32:31.754695 Papa: Foxtrot, sending you 3
2024-10-14 23:32:31.756701 India: Golf, sending you 1
2024-10-14 23:32:31.757342 Kilo: Juliett, sending you 2
2024-10-14 23:32:31.761910 India: Alpha, sending you 2
2024-10-14 23:32:31.766700 India: Oscar, Juliett and Kilo, sending you 3
chatterbot India submitting transactions
chatterbot Mike submitting transactions
chatterbot Golf submitting transactions
chatterbot Foxtrot submitting transactions
chatterbot Kilo submitting transactions
chatterbot Juliett submitting transactions
chatterbot Papa submitting transactions
chatterbot Alpha submitting transactions
chatterbot Oscar submitting transactions
chatterbot X-ray submitting transactions
ChatterBot Golf round 8
ChatterBot Alpha round 8
ChatterBot Oscar round 8
ChatterBot Juliett round 8
ChatterBot Kilo round 8
ChatterBot X-ray round 8
ChatterBot Papa round 8
ChatterBot Foxtrot round 8
ChatterBot Mike round 8
ChatterBot India round 8
2024-10-14 23:32:32.870751 Oscar: We should replace X-ray with Papa
ChatterBot Juliett reevaluating
ChatterBot Alpha reevaluating
ChatterBot Mike reevaluating
ChatterBot Kilo reevaluating
ChatterBot India reevaluating
2024-10-14 23:32:32.907562 Juliett: No
2024-10-14 23:32:32.907793 Alpha: No
2024-10-14 23:32:32.907991 Mike: No
