ChatterBot Bravo round 1
ChatterBot Papa round 1
ChatterBot Victor round 1
ChatterBot India round 1
ChatterBot Uniform round 1
ChatterBot November round 1
ChatterBot Golf round 1
ChatterBot Quebec round 1
ChatterBot Sierra round 1
ChatterBot Oscar round 1
randomSelections Uniform: {Uniform, Oscar, Papa, Quebec, Bravo, Victor, Sierra} 
2024-10-14 23:32:19.842985 Uniform: We would work well together
ChatterBot Oscar reevaluating
ChatterBot Papa reevaluating
ChatterBot Quebec reevaluating
ChatterBot Bravo reevaluating
ChatterBot Victor reevaluating
ChatterBot Sierra reevaluating
2024-10-14 23:32:19.859651 Oscar: Yes
2024-10-14 23:32:19.860523 Papa: Yes
2024-10-14 23:32:19.860694 Quebec: Yes
2024-10-14 23:32:19.860846 Bravo: Yes
2024-10-14 23:32:19.860994 Victor: Yes
2024-10-14 23:32:19.861130 Sierra: Yes
ChatterBot Papa reevaluating
ChatterBot Quebec reevaluating
ChatterBot Bravo reevaluating
ChatterBot Victor reevaluating
ChatterBot Sierra reevaluating
ChatterBot Oscar reevaluating
ChatterBot Quebec reevaluating
ChatterBot Bravo reevaluating
ChatterBot Victor reevaluating
ChatterBot Sierra reevaluating
ChatterBot Oscar reevaluating
ChatterBot Papa reevaluating
ChatterBot Bravo reevaluating
ChatterBot Victor reevaluating
ChatterBot Sierra reevaluating
ChatterBot Oscar reevaluating
ChatterBot Papa reevaluating
ChatterBot Quebec reevaluating
ChatterBot Victor reevaluating
ChatterBot Sierra reevaluating
ChatterBot Oscar reevaluating
ChatterBot Papa reevaluating
ChatterBot Quebec reevaluating
ChatterBot Bravo reevaluating
ChatterBot Sierra reevaluating
ChatterBot Oscar reevaluating
ChatterBot Papa reevaluating
ChatterBot Quebec reevaluating
ChatterBot Bravo reevaluating
ChatterBot Victor reevaluating
randomSelections India: {India, Bravo, Papa, Sierra} 
2024-10-14 23:32:19.938487 India: We would work well together
ChatterBot Bravo reevaluating
ChatterBot Papa reevaluating
ChatterBot Sierra reevaluating
2024-10-14 23:32:19.948921 Bravo: No
2024-10-14 23:32:19.949323 Papa: No
2024-10-14 23:32:19.950634 Sierra: No
ChatterBot Papa reevaluating
ChatterBot Sierra reevaluating
ChatterBot Bravo reevaluating
ChatterBot Sierra reevaluating
ChatterBot Bravo reevaluating
ChatterBot Papa reevaluating
randomSelections Golf: {Golf, November, Sierra, Oscar, Uniform} 
2024-10-14 23:32:19.970429 Golf: We should group up
ChatterBot November reevaluating
ChatterBot Sierra reevaluating
ChatterBot Oscar reevaluating
2024-10-14 23:32:19.976805 November: Yes
2024-10-14 23:32:19.976958 Sierra: No
2024-10-14 23:32:19.977103 Oscar: No
2024-10-14 23:32:19.977240 Uniform: No
ChatterBot Sierra reevaluating
ChatterBot Oscar reevaluating
ChatterBot November reevaluating
ChatterBot Oscar reevaluating
ChatterBot November reevaluating
ChatterBot Sierra reevaluating
ChatterBot November reevaluating
ChatterBot Sierra reevaluating
ChatterBot Oscar reevaluating
2024-10-14 23:32:20.017691 Golf: Uniform, November and Sierra, sending you 3
2024-10-14 23:32:20.018465 Uniform: Bravo, Victor and Sierra, sending you 3
2024-10-14 23:32:20.018812 Papa: Bravo and Sierra, sending you 2
2024-10-14 23:32:20.019154 November: Uniform, sending you 5
2024-10-14 23:32:20.022677 India: Bravo and Papa, sending you 4
2024-10-14 23:32:20.023702 Uniform: Papa, sending you 1
2024-10-14 23:32:20.024508 Papa: Victor, sending you 1
2024-10-14 23:32:20.024803 November: Golf and Sierra, sending you 1
2024-10-14 23:32:20.025100 Bravo: Papa and Oscar, sending you 3
2024-10-14 23:32:20.026661 India: Sierra, sending you 5
2024-10-14 23:32:20.027678 Quebec: Bravo, Victor and Uniform, sending you 2
2024-10-14 23:32:20.028578 Uniform: Quebec and Oscar, sending you 2
2024-10-14 23:32:20.028930 November: Oscar, sending you 3
2024-10-14 23:32:20.029991 Papa: Uniform and Oscar, sending you 4
2024-10-14 23:32:20.030365 Bravo: Uniform and Sierra, sending you 1
2024-10-14 23:32:20.031905 Quebec: Papa, Sierra and Oscar, sending you 3
2024-10-14 23:32:20.032665 Sierra: Bravo, Papa, Quebec and Oscar, sending you 2
2024-10-14 23:32:20.033683 Papa: Quebec, sending you 3
2024-10-14 23:32:20.034669 Oscar: Bravo, Victor, Uniform and Sierra, sending you 2
2024-10-14 23:32:20.040675 Oscar: Papa and Quebec, sending you 1
chatterbot Uniform submitting transactions
chatterbot India submitting transactions
chatterbot Sierra submitting transactions
chatterbot Quebec submitting transactions
chatterbot Papa submitting transactions
chatterbot Oscar submitting transactions
chatterbot November submitting transactions
chatterbot Bravo submitting transactions
chatterbot Victor submitting transactions
chatterbot Golf submitting transactions
ChatterBot Bravo round 2
ChatterBot Papa round 2
ChatterBot Victor round 2
ChatterBot India round 2
ChatterBot Uniform round 2
ChatterBot November round 2
ChatterBot Golf round 2
ChatterBot Quebec round 2
ChatterBot Sierra round 2
ChatterBot Oscar round 2
2024-10-14 23:32:21.323923 November: Can we be friends?
ChatterBot Golf reevaluating
2024-10-14 23:32:21.328463 Golf: Yes
2024-10-14 23:32:21.340862 Bravo: We should replace Victor with India
ChatterBot Papa reevaluating
ChatterBot Uniform reevaluating
ChatterBot Quebec reevaluating
ChatterBot Sierra reevaluating
ChatterBot Oscar reevaluating
2024-10-14 23:32:21.362921 Papa: No
2024-10-14 23:32:21.363056 Uniform: Yes
2024-10-14 23:32:21.363181 Quebec: Yes
2024-10-14 23:32:21.363300 Sierra: Yes
2024-10-14 23:32:21.363402 Oscar: No
ChatterBot Uniform reevaluating
ChatterBot Quebec reevaluating
ChatterBot Sierra reevaluating
ChatterBot Oscar reevaluating
ChatterBot Papa reevaluating
ChatterBot Quebec reevaluating
ChatterBot Sierra reevaluating
ChatterBot Oscar reevaluating
ChatterBot Papa reevaluating
ChatterBot Uniform reevaluating
ChatterBot Sierra reevaluating
ChatterBot Oscar reevaluating
ChatterBot Papa reevaluating
ChatterBot Uniform reevaluating
ChatterBot Quebec reevaluating
ChatterBot Oscar reevaluating
ChatterBot Papa reevaluating
ChatterBot Uniform reevaluating
ChatterBot Quebec reevaluating
ChatterBot Sierra reevaluating
2024-10-14 23:32:21.608487 India: Can we be friends?
ChatterBot Victor reevaluating
2024-10-14 23:32:21.613593 Victor: Yes
2024-10-14 23:32:21.618499 Victor: We should add India
ChatterBot Uniform reevaluating
ChatterBot Oscar reevaluating
ChatterBot Papa reevaluating
ChatterBot Quebec reevaluating
ChatterBot Sierra reevaluating
2024-10-14 23:32:21.648739 Uniform: No
2024-10-14 23:32:21.649632 Oscar: No
2024-10-14 23:32:21.649877 Papa: Yes
2024-10-14 23:32:21.650110 Quebec: Yes
2024-10-14 23:32:21.650287 Bravo: Yes
2024-10-14 23:32:21.650450 Sierra: Yes
ChatterBot Oscar reevaluating
ChatterBot Papa reevaluating
ChatterBot Quebec reevaluating
ChatterBot Victor reevaluating
ChatterBot Sierra reevaluating
ChatterBot Uniform reevaluating
ChatterBot Papa reevaluating
ChatterBot Quebec reevaluating
ChatterBot Victor reevaluating
ChatterBot Sierra reevaluating
ChatterBot Uniform reevaluating
ChatterBot Oscar reevaluating
ChatterBot Quebec reevaluating
ChatterBot Victor reevaluating
ChatterBot Sierra reevaluating
ChatterBot Uniform reevaluating
ChatterBot Oscar reevaluating
ChatterBot Papa reevaluating
ChatterBot Victor reevaluating
ChatterBot Sierra reevaluating
ChatterBot Uniform reevaluating
ChatterBot Oscar reevaluating
ChatterBot Papa reevaluating
ChatterBot Quebec reevaluating
ChatterBot Victor reevaluating
ChatterBot Sierra reevaluating
ChatterBot Uniform reevaluating
ChatterBot Oscar reevaluating
ChatterBot Papa reevaluating
ChatterBot Quebec reevaluating
ChatterBot Victor reevaluating
2024-10-14 23:32:21.828643 Bravo: India we want you to join our group
2024-10-14 23:32:21.833060 India: No
ChatterBot Papa reevaluating
ChatterBot Uniform reevaluating
ChatterBot Quebec reevaluating
ChatterBot Sierra reevaluating
ChatterBot Oscar reevaluating
2024-10-14 23:32:21.860928 Golf: We should drop Sierra and Oscar
2024-10-14 23:32:21.868801 November: Yes
2024-10-14 23:32:21.868975 Uniform: No
ChatterBot Golf reevaluating
ChatterBot Golf reevaluating
2024-10-14 23:32:21.885730 Uniform: We should drop Victor
ChatterBot Papa reevaluating
ChatterBot Quebec reevaluating
2024-10-14 23:32:21.905592 Bravo: Yes
2024-10-14 23:32:21.905758 Papa: No
2024-10-14 23:32:21.905881 Quebec: Yes
2024-10-14 23:32:21.906538 Sierra: Yes
2024-10-14 23:32:21.906668 Oscar: Yes
ChatterBot Papa reevaluating
ChatterBot Quebec reevaluating
ChatterBot Quebec reevaluating
ChatterBot Papa reevaluating
ChatterBot Papa reevaluating
ChatterBot Quebec reevaluating
ChatterBot Papa reevaluating
ChatterBot Quebec reevaluating
2024-10-14 23:32:22.008260 Sierra: India we want you to join our group
2024-10-14 23:32:22.012645 India: No
ChatterBot Papa reevaluating
ChatterBot Quebec reevaluating
2024-10-14 23:32:22.038316 Victor: India we want you to join our group
2024-10-14 23:32:22.042908 India: No
2024-10-14 23:32:22.069597 November: Sending you 10
chatterbot November submitting transactions
2024-10-14 23:32:22.070735 Quebec: India we want you to join our group
2024-10-14 23:32:22.074890 India: No
ChatterBot Papa reevaluating
2024-10-14 23:32:22.099133 Papa: Let's form a team
2024-10-14 23:32:22.125838 Bravo: No
2024-10-14 23:32:22.126090 India: No
2024-10-14 23:32:22.126198 Uniform: No
2024-10-14 23:32:22.126311 Quebec: No
2024-10-14 23:32:22.126444 Sierra: No
2024-10-14 23:32:22.126588 Oscar: No
2024-10-14 23:32:22.127145 November: No
ChatterBot Papa reevaluating
ChatterBot Papa reevaluating
ChatterBot Quebec reevaluating
ChatterBot Papa reevaluating
ChatterBot Quebec reevaluating
ChatterBot Papa reevaluating
ChatterBot Uniform reevaluating
ChatterBot Papa reevaluating
ChatterBot Uniform reevaluating
ChatterBot Quebec reevaluating
ChatterBot Papa reevaluating
ChatterBot Uniform reevaluating
ChatterBot Quebec reevaluating
ChatterBot Papa reevaluating
ChatterBot Uniform reevaluating
ChatterBot Quebec reevaluating
2024-10-14 23:32:22.326009 India: Sending you 9
2024-10-14 23:32:22.326363 Bravo: Papa, Quebec, Sierra and Oscar, sending you 1
2024-10-14 23:32:22.348275 Bravo: India and Uniform, sending you 2
2024-10-14 23:32:22.348693 Sierra: Papa, India, Uniform and Quebec, sending you 1
2024-10-14 23:32:22.349684 Papa: India we want you to join our group
2024-10-14 23:32:22.355334 India: No
ChatterBot Papa reevaluating
ChatterBot Uniform reevaluating
2024-10-14 23:32:22.383852 Sierra: Oscar, sending you 2
chatterbot Golf submitting transactions
2024-10-14 23:32:22.389482 Oscar: Sending you each 2
2024-10-14 23:32:22.389901 Golf: Uniform, sending you 4
2024-10-14 23:32:22.390319 Victor: Bravo, Papa and India, sending you 1
2024-10-14 23:32:22.474168 Golf: November, sending you 3
2024-10-14 23:32:22.474953 Victor: Uniform, Quebec and Oscar, sending you 2
chatterbot Bravo submitting transactions
chatterbot Sierra submitting transactions
2024-10-14 23:32:22.490608 Quebec: Papa and Uniform, sending you 3
2024-10-14 23:32:22.534709 Quebec: Sierra, sending you 4
2024-10-14 23:32:22.535167 Uniform: Bravo, sending you 2
2024-10-14 23:32:22.535520 Papa: Bravo and Quebec, sending you 4
chatterbot Golf submitting transactions
2024-10-14 23:32:22.572565 Uniform: Papa, sending you 5
2024-10-14 23:32:22.572978 Quebec: Oscar, sending you 2
2024-10-14 23:32:22.573237 Papa: India, sending you 5
2024-10-14 23:32:22.590419 Uniform: Quebec and Oscar, sending you 3
2024-10-14 23:32:22.590785 Papa: Uniform and Oscar, sending you 1
2024-10-14 23:32:22.596673 Papa: Sierra, sending you 2
2024-10-14 23:32:22.597521 Uniform: Sierra, sending you 1
chatterbot Victor submitting transactions
chatterbot Papa submitting transactions
chatterbot Uniform submitting transactions
chatterbot India submitting transactions
chatterbot Oscar submitting transactions
chatterbot Quebec submitting transactions
ChatterBot Bravo round 3
ChatterBot Papa round 3
ChatterBot Victor round 3
ChatterBot India round 3
ChatterBot Uniform round 3
ChatterBot November round 3
ChatterBot Golf round 3
ChatterBot Quebec round 3
ChatterBot Sierra round 3
ChatterBot Oscar round 3
2024-10-14 23:32:23.362177 Golf: We should replace Uniform with India
2024-10-14 23:32:23.366410 November: No
ChatterBot Golf reevaluating
2024-10-14 23:32:23.416174 India: Friends?
2024-10-14 23:32:23.445609 Bravo: Yes
2024-10-14 23:32:23.445860 Papa: Yes
2024-10-14 23:32:23.445998 Uniform: No
2024-10-14 23:32:23.446555 Quebec: Yes
2024-10-14 23:32:23.446687 Sierra: Yes
2024-10-14 23:32:23.446809 Oscar: No
2024-10-14 23:32:23.726737 Sierra: Bravo, Papa, India, Uniform and Quebec, sending you 1
chatterbot Golf submitting transactions
2024-10-14 23:32:23.784913 Sierra: Oscar, sending you 2
2024-10-14 23:32:23.786410 India: Bravo, sending you 3
2024-10-14 23:32:23.787183 Uniform: Bravo, Papa, Quebec and Oscar, sending you 3
2024-10-14 23:32:23.788569 Bravo: Papa, sending you 3
2024-10-14 23:32:23.789733 Victor: Bravo, Papa, Uniform, Quebec, Sierra and Oscar, sending you 1
2024-10-14 23:32:23.790386 Oscar: Same as last round
2024-10-14 23:32:23.790881 November: Same as last round
2024-10-14 23:32:23.791796 Papa: Bravo, sending you 3
2024-10-14 23:32:23.793291 Quebec: Bravo, sending you 1
2024-10-14 23:32:23.794124 India: Papa, sending you 8
2024-10-14 23:32:23.795314 Uniform: Sierra, sending you 2
2024-10-14 23:32:23.796527 Bravo: India, Uniform, Quebec, Sierra and Oscar, sending you 1
2024-10-14 23:32:23.797202 Victor: India, sending you 3
2024-10-14 23:32:23.798580 Golf: Same as last round
chatterbot Oscar submitting transactions
2024-10-14 23:32:23.799921 Papa: India, Sierra and Oscar, sending you 2
2024-10-14 23:32:23.800737 Quebec: Papa, Uniform, Sierra and Oscar, sending you 3
2024-10-14 23:32:23.802200 India: Sierra, sending you 2
2024-10-14 23:32:23.811016 Papa: Uniform and Quebec, sending you 4
chatterbot Victor submitting transactions
chatterbot Sierra submitting transactions
chatterbot Bravo submitting transactions
chatterbot Papa submitting transactions
chatterbot November submitting transactions
chatterbot Uniform submitting transactions
chatterbot India submitting transactions
chatterbot Quebec submitting transactions
ChatterBot Bravo round 4
ChatterBot Papa round 4
ChatterBot Victor round 4
ChatterBot India round 4
ChatterBot Uniform round 4
ChatterBot November round 4
ChatterBot Golf round 4
ChatterBot Quebec round 4
ChatterBot Sierra round 4
ChatterBot Oscar round 4
2024-10-14 23:32:24.684373 Golf: We should add Victor
ChatterBot November reevaluating
2024-10-14 23:32:24.691422 November: No
ChatterBot Golf reevaluating
2024-10-14 23:32:24.711118 Golf: We should add India
ChatterBot November reevaluating
2024-10-14 23:32:24.717237 November: No
ChatterBot Golf reevaluating
2024-10-14 23:32:24.729638 Bravo: Papa and Uniform, sending you 2
2024-10-14 23:32:24.730906 Victor: Bravo, Papa, Uniform, Quebec, Sierra and Oscar, sending you 1
2024-10-14 23:32:24.731774 India: Bravo and Sierra, sending you 3
2024-10-14 23:32:24.733300 Papa: Bravo, Uniform and Quebec, sending you 3
2024-10-14 23:32:24.734980 Uniform: Bravo and Sierra, sending you 2
2024-10-14 23:32:24.735814 Quebec: Bravo, sending you 1
2024-10-14 23:32:24.737310 Bravo: India, Quebec, Sierra and Oscar, sending you 1
2024-10-14 23:32:24.738911 Victor: India, sending you 3
2024-10-14 23:32:24.739877 India: Papa, sending you 7
2024-10-14 23:32:24.741208 Papa: India, sending you 4
2024-10-14 23:32:24.742454 Sierra: Bravo, Papa, India, Uniform, Quebec and Oscar, sending you 1
2024-10-14 23:32:24.743324 Quebec: Papa, Uniform and Oscar, sending you 3
2024-10-14 23:32:24.744604 Uniform: Papa, sending you 4
2024-10-14 23:32:24.745375 Papa: Sierra and Oscar, sending you 2
2024-10-14 23:32:24.755041 Quebec: Sierra, sending you 2
2024-10-14 23:32:24.755797 Oscar: Same as last round
2024-10-14 23:32:24.757072 Uniform: Quebec and Oscar, sending you 3
2024-10-14 23:32:24.764732 November: Victor, sending you 1
2024-10-14 23:32:24.781446 November: Golf, sending you 9
2024-10-14 23:32:24.782099 Golf: Sending you 2
chatterbot November submitting transactions
chatterbot Papa submitting transactions
chatterbot Victor submitting transactions
chatterbot India submitting transactions
chatterbot Oscar submitting transactions
chatterbot Sierra submitting transactions
chatterbot Uniform submitting transactions
chatterbot Bravo submitting transactions
chatterbot Golf submitting transactions
chatterbot Quebec submitting transactions
ChatterBot Bravo round 5
ChatterBot Papa round 5
ChatterBot Victor round 5
ChatterBot India round 5
ChatterBot Uniform round 5
ChatterBot November round 5
ChatterBot Golf round 5
2024-10-14 23:32:26.339985 Papa: We should add Victor
ChatterBot Bravo reevaluating
ChatterBot India reevaluating
ChatterBot Uniform reevaluating
2024-10-14 23:32:26.376686 Bravo: Yes
2024-10-14 23:32:26.376851 India: No
2024-10-14 23:32:26.376983 Uniform: No
2024-10-14 23:32:26.377714 Quebec: No
2024-10-14 23:32:26.377838 Sierra: No
2024-10-14 23:32:26.377950 Oscar: No
ChatterBot India reevaluating
ChatterBot Uniform reevaluating
ChatterBot Bravo reevaluating
ChatterBot Uniform reevaluating
ChatterBot Bravo reevaluating
ChatterBot India reevaluating
ChatterBot Bravo reevaluating
ChatterBot India reevaluating
ChatterBot Uniform reevaluating
ChatterBot Bravo reevaluating
ChatterBot India reevaluating
ChatterBot Uniform reevaluating
ChatterBot Bravo reevaluating
ChatterBot India reevaluating
ChatterBot Uniform reevaluating
ChatterBot Quebec round 5
ChatterBot Sierra round 5
ChatterBot Oscar round 5
2024-10-14 23:32:26.777743 Papa: Victor we want you to join our group
2024-10-14 23:32:26.784422 Victor: Yes
ChatterBot Bravo reevaluating
ChatterBot India reevaluating
ChatterBot Uniform reevaluating
ChatterBot Quebec reevaluating
ChatterBot Sierra reevaluating
ChatterBot Oscar reevaluating
2024-10-14 23:32:26.836425 November: We should drop Victor
2024-10-14 23:32:26.843130 Golf: Yes
2024-10-14 23:32:26.854675 Victor: Bravo, Papa, Uniform, Quebec, Sierra and Oscar, sending you 1
2024-10-14 23:32:26.859657 Victor: India, sending you 3
2024-10-14 23:32:26.861204 Sierra: Bravo, Papa, India, Uniform, Quebec and Oscar, sending you 1
2024-10-14 23:32:26.861943 November: Sending you 10
2024-10-14 23:32:26.863003 Oscar: Bravo, sending you 1
2024-10-14 23:32:26.868663 Oscar: Papa, Uniform, Quebec and Sierra, sending you 2
2024-10-14 23:32:26.870190 India: Bravo and Sierra, sending you 2
2024-10-14 23:32:26.870767 Papa: Bravo, Sierra and Oscar, sending you 2
2024-10-14 23:32:26.871867 Bravo: Papa, sending you 2
2024-10-14 23:32:26.872338 Quebec: Bravo, sending you 1
2024-10-14 23:32:26.872806 Uniform: Bravo, Papa, Quebec and Oscar, sending you 3
2024-10-14 23:32:26.874674 India: Papa, sending you 6
2024-10-14 23:32:26.876075 Papa: Victor, sending you 1
2024-10-14 23:32:26.877032 Bravo: Victor, India, Uniform, Quebec, Sierra and Oscar, sending you 1
2024-10-14 23:32:26.878752 Uniform: Sierra, sending you 2
2024-10-14 23:32:26.879262 Quebec: Papa, Uniform and Oscar, sending you 3
2024-10-14 23:32:26.880952 India: Victor, sending you 3
2024-10-14 23:32:26.881759 Papa: India, sending you 4
2024-10-14 23:32:26.883921 Quebec: Victor and Sierra, sending you 2
2024-10-14 23:32:26.885693 Papa: Uniform and Quebec, sending you 3
chatterbot Uniform submitting transactions
chatterbot Sierra submitting transactions
chatterbot Quebec submitting transactions
chatterbot Victor submitting transactions
chatterbot Bravo submitting transactions
chatterbot November submitting transactions
chatterbot Papa submitting transactions
chatterbot India submitting transactions
chatterbot Golf submitting transactions
chatterbot Oscar submitting transactions
ChatterBot Bravo round 6
ChatterBot Papa round 6
ChatterBot Victor round 6
ChatterBot India round 6
ChatterBot Uniform round 6
ChatterBot November round 6
ChatterBot Golf round 6
ChatterBot Quebec round 6
ChatterBot Sierra round 6
ChatterBot Oscar round 6
2024-10-14 23:32:28.028720 India: We should drop Uniform and Victor
2024-10-14 23:32:28.069208 Bravo: No
2024-10-14 23:32:28.069675 Papa: No
2024-10-14 23:32:28.070005 Quebec: No
2024-10-14 23:32:28.070834 Sierra: No
2024-10-14 23:32:28.071171 Oscar: No
ChatterBot India reevaluating
ChatterBot India reevaluating
ChatterBot India reevaluating
ChatterBot India reevaluating
ChatterBot India reevaluating
2024-10-14 23:32:28.274568 Papa: I was attacked by Golf
ChatterBot Victor reevaluating
ChatterBot Bravo reevaluating
ChatterBot India reevaluating
ChatterBot Uniform reevaluating
ChatterBot Quebec reevaluating
ChatterBot Sierra reevaluating
ChatterBot Oscar reevaluating
2024-10-14 23:32:28.335372 Papa: I'm keeping this round to protect myself
2024-10-14 23:32:28.338602 Papa: Ow
2024-10-14 23:32:28.344252 November: Same as last round
2024-10-14 23:32:28.355896 India: Bravo and Sierra, sending you 2
2024-10-14 23:32:28.356942 Golf: Sending you 2
2024-10-14 23:32:28.357784 Quebec: Bravo and Sierra, sending you 2
2024-10-14 23:32:28.360079 Victor: Bravo, Papa, Uniform, Quebec, Sierra and Oscar, sending you 1
2024-10-14 23:32:28.360865 India: Papa, sending you 6
2024-10-14 23:32:28.362670 Quebec: Papa, Uniform and Oscar, sending you 3
2024-10-14 23:32:28.364 Victor: India, sending you 3
2024-10-14 23:32:28.364685 Sierra: Bravo, Papa, India, Uniform, Quebec and Oscar, sending you 1
2024-10-14 23:32:28.365214 India: Victor, sending you 3
2024-10-14 23:32:28.366694 Quebec: Victor, sending you 1
2024-10-14 23:32:28.367801 Oscar: Bravo, sending you 1
2024-10-14 23:32:28.368673 Uniform: Bravo and Sierra, sending you 2
2024-10-14 23:32:28.371680 Oscar: Papa, Uniform, Quebec and Sierra, sending you 2
2024-10-14 23:32:28.373284 Uniform: Papa, sending you 4
2024-10-14 23:32:28.376829 Uniform: Quebec and Oscar, sending you 3
chatterbot Uniform submitting transactions
chatterbot Papa submitting transactions
chatterbot India submitting transactions
chatterbot Sierra submitting transactions
chatterbot Victor submitting transactions
chatterbot November submitting transactions
chatterbot Bravo submitting transactions
chatterbot Golf submitting transactions
chatterbot Quebec submitting transactions
chatterbot Oscar submitting transactions
ChatterBot Bravo round 7
ChatterBot Papa round 7
ChatterBot Victor round 7
ChatterBot India round 7
ChatterBot Uniform round 7
ChatterBot November round 7
ChatterBot Golf round 7
ChatterBot Quebec round 7
ChatterBot Sierra round 7
2024-10-14 23:32:29.495138 Golf: We should add Uniform
ChatterBot November reevaluating
2024-10-14 23:32:29.502127 November: No
ChatterBot Golf reevaluating
ChatterBot Oscar round 7
2024-10-14 23:32:29.538706 India: We should drop Uniform
ChatterBot Bravo reevaluating
ChatterBot Oscar reevaluating
2024-10-14 23:32:29.572323 Victor: No
2024-10-14 23:32:29.572600 Bravo: No
2024-10-14 23:32:29.572774 Papa: No
2024-10-14 23:32:29.573570 Quebec: No
2024-10-14 23:32:29.573811 Sierra: No
2024-10-14 23:32:29.574024 Oscar: No
ChatterBot India reevaluating
ChatterBot Bravo reevaluating
ChatterBot Sierra reevaluating
ChatterBot Oscar reevaluating
ChatterBot India reevaluating
ChatterBot Sierra reevaluating
ChatterBot Oscar reevaluating
ChatterBot India reevaluating
ChatterBot Bravo reevaluating
ChatterBot Sierra reevaluating
ChatterBot Oscar reevaluating
ChatterBot India reevaluating
ChatterBot Bravo reevaluating
ChatterBot Sierra reevaluating
ChatterBot Oscar reevaluating
ChatterBot India reevaluating
ChatterBot Bravo reevaluating
ChatterBot Oscar reevaluating
ChatterBot India reevaluating
ChatterBot Bravo reevaluating
ChatterBot Sierra reevaluating
2024-10-14 23:32:29.846071 Oscar: We should add Victor
ChatterBot Bravo reevaluating
ChatterBot Sierra reevaluating
2024-10-14 23:32:29.870427 Bravo: Yes
2024-10-14 23:32:29.870582 Papa: Yes
2024-10-14 23:32:29.870696 Uniform: No
2024-10-14 23:32:29.870845 Quebec: Yes
2024-10-14 23:32:29.870958 Sierra: Yes
ChatterBot Uniform reevaluating
ChatterBot Sierra reevaluating
ChatterBot Oscar reevaluating
ChatterBot Bravo reevaluating
ChatterBot Uniform reevaluating
ChatterBot Sierra reevaluating
ChatterBot Oscar reevaluating
ChatterBot Bravo reevaluating
ChatterBot Sierra reevaluating
ChatterBot Oscar reevaluating
ChatterBot Bravo reevaluating
ChatterBot Uniform reevaluating
ChatterBot Sierra reevaluating
ChatterBot Oscar reevaluating
ChatterBot Bravo reevaluating
ChatterBot Uniform reevaluating
ChatterBot Oscar reevaluating
2024-10-14 23:32:30.004489 Sierra: We should drop India
ChatterBot Uniform reevaluating
2024-10-14 23:32:30.030557 Uniform: Yes
2024-10-14 23:32:30.030731 Oscar: Yes
2024-10-14 23:32:30.030913 Papa: No
2024-10-14 23:32:30.031026 Quebec: No
2024-10-14 23:32:30.031132 Bravo: No
2024-10-14 23:32:30.031251 Victor: No
ChatterBot Uniform reevaluating
ChatterBot Uniform reevaluating
ChatterBot Sierra reevaluating
ChatterBot Uniform reevaluating
ChatterBot Sierra reevaluating
ChatterBot Uniform reevaluating
ChatterBot Sierra reevaluating
ChatterBot Uniform reevaluating
ChatterBot Sierra reevaluating
2024-10-14 23:32:30.239255 Oscar: Victor we want you to join our group
2024-10-14 23:32:30.245600 Victor: Yes
ChatterBot Sierra reevaluating
chatterbot Golf submitting transactions
2024-10-14 23:32:30.284436 Victor: Bravo, Papa, Uniform, Sierra and Oscar, sending you 1
chatterbot Papa submitting transactions
2024-10-14 23:32:30.286666 November: Same as last round
2024-10-14 23:32:30.288694 Quebec: Bravo and Sierra, sending you 2
2024-10-14 23:32:30.289998 Golf: Sending you 1
2024-10-14 23:32:30.290696 Victor: India and Quebec, sending you 2
2024-10-14 23:32:30.292681 Quebec: Papa, sending you 4
chatterbot Oscar submitting transactions
2024-10-14 23:32:30.296728 Quebec: Victor, sending you 1
2024-10-14 23:32:30.299710 India: Bravo and Sierra, sending you 2
2024-10-14 23:32:30.300411 Quebec: Uniform and Oscar, sending you 3
2024-10-14 23:32:30.304694 Oscar: Bravo, Papa and Victor, sending you 1
2024-10-14 23:32:30.305232 India: Papa, sending you 5
2024-10-14 23:32:30.307663 Sierra: Bravo, Papa, Victor, India, Uniform, Quebec and Oscar, sending you 1
2024-10-14 23:32:30.308865 Oscar: Uniform, Quebec and Sierra, sending you 2
2024-10-14 23:32:30.309435 Uniform: Bravo and Sierra, sending you 2
2024-10-14 23:32:30.311021 India: Victor, sending you 4
2024-10-14 23:32:30.314692 Uniform: Papa and Oscar, sending you 3
2024-10-14 23:32:30.319671 Uniform: Quebec, sending you 4
chatterbot Bravo submitting transactions
chatterbot Victor submitting transactions
chatterbot November submitting transactions
chatterbot India submitting transactions
chatterbot Quebec submitting transactions
chatterbot Uniform submitting transactions
chatterbot Sierra submitting transactions
ChatterBot Bravo round 8
ChatterBot Papa round 8
ChatterBot Victor round 8
ChatterBot India round 8
ChatterBot Uniform round 8
ChatterBot November round 8
ChatterBot Golf round 8
2024-10-14 23:32:31.341446 India: We should replace Oscar with Uniform
2024-10-14 23:32:31.370781 Victor: No
2024-10-14 23:32:31.370969 Bravo: No
2024-10-14 23:32:31.371119 Papa: No
2024-10-14 23:32:31.371262 Quebec: No
2024-10-14 23:32:31.371420 Sierra: No
ChatterBot India reevaluating
ChatterBot India reevaluating
ChatterBot India reevaluating
ChatterBot India reevaluating
ChatterBot Quebec round 8
ChatterBot Sierra round 8
ChatterBot Oscar round 8
2024-10-14 23:32:31.498808 India: Uniform we want you to join our group
ChatterBot Uniform reevaluating
2024-10-14 23:32:31.503972 Uniform: No
ChatterBot India reevaluating
ChatterBot Sierra reevaluating
2024-10-14 23:32:31.526591 Uniform: We should add Victor
ChatterBot Sierra reevaluating
2024-10-14 23:32:31.546001 Bravo: Yes
2024-10-14 23:32:31.546157 Papa: Yes
2024-10-14 23:32:31.546275 Quebec: Yes
2024-10-14 23:32:31.546377 Sierra: Yes
2024-10-14 23:32:31.546490 Oscar: Yes
ChatterBot Uniform reevaluating
ChatterBot Sierra reevaluating
ChatterBot Uniform reevaluating
ChatterBot Sierra reevaluating
ChatterBot Uniform reevaluating
ChatterBot Sierra reevaluating
ChatterBot Uniform reevaluating
ChatterBot Uniform reevaluating
ChatterBot Sierra reevaluating
2024-10-14 23:32:31.639669 Victor: Bravo, Papa, Uniform, Quebec, Sierra and Oscar, sending you 1
2024-10-14 23:32:31.640452 Golf: Same as last round
2024-10-14 23:32:31.640768 Papa: Bravo, India, Uniform and Quebec, sending you 1
2024-10-14 23:32:31.641443 November: Same as last round
2024-10-14 23:32:31.642889 Victor: India, sending you 3
2024-10-14 23:32:31.653693 Quebec: Bravo, Victor and Sierra, sending you 2
2024-10-14 23:32:31.655514 Uniform: Bravo, Papa, Quebec and Oscar, sending you 3
2024-10-14 23:32:31.658662 Uniform: Sierra, sending you 2
2024-10-14 23:32:31.660190 Sierra: Bravo, Papa, Victor, India, Uniform, Quebec and Oscar, sending you 1
2024-10-14 23:32:31.661533 Quebec: Papa, Uniform and Oscar, sending you 3
2024-10-14 23:32:31.662815 Oscar: Bravo, Papa and Victor, sending you 1
2024-10-14 23:32:31.667703 Oscar: Uniform, Quebec and Sierra, sending you 2
2024-10-14 23:32:31.670704 India: Bravo, sending you 2
2024-10-14 23:32:31.675680 India: Papa and Victor, sending you 4
2024-10-14 23:32:31.679681 India: Sierra, sending you 3
chatterbot Papa submitting transactions
chatterbot Golf submitting transactions
chatterbot Bravo submitting transactions
chatterbot Oscar submitting transactions
chatterbot India submitting transactions
chatterbot Victor submitting transactions
chatterbot Quebec submitting transactions
chatterbot November submitting transactions
chatterbot Uniform submitting transactions
chatterbot Sierra submitting transactions
ChatterBot Bravo round 9
ChatterBot Papa round 9
ChatterBot Victor round 9
ChatterBot India round 9
ChatterBot Uniform round 9
ChatterBot November round 9
ChatterBot Golf round 9
ChatterBot Quebec round 9
ChatterBot Sierra round 9
ChatterBot Oscar round 9
2024-10-14 23:32:32.915228 Uniform: We should add Victor
ChatterBot Sierra reevaluating
2024-10-14 23:32:32.943337 Bravo: Yes
2024-10-14 23:32:32.943584 Papa: Yes
2024-10-14 23:32:32.943854 Quebec: Yes
2024-10-14 23:32:32.944044 Sierra: Yes
2024-10-14 23:32:32.944226 Oscar: Yes
ChatterBot Uniform reevaluating
ChatterBot Sierra reevaluating
ChatterBot Uniform reevaluating
ChatterBot Sierra reevaluating
ChatterBot Uniform reevaluating
ChatterBot Sierra reevaluating
ChatterBot Uniform reevaluating
ChatterBot Oscar reevaluating
ChatterBot Uniform reevaluating
ChatterBot Sierra reevaluating
2024-10-14 23:32:33.093224 Oscar: We should replace Sierra with India
ChatterBot Uniform reevaluating
2024-10-14 23:32:33.112470 Victor: No
2024-10-14 23:32:33.112993 Bravo: No
2024-10-14 23:32:33.113117 Papa: No
2024-10-14 23:32:33.113246 Uniform: No
2024-10-14 23:32:33.113340 Quebec: No
ChatterBot Oscar reevaluating
ChatterBot Uniform reevaluating
ChatterBot Oscar reevaluating
ChatterBot Uniform reevaluating
ChatterBot Oscar reevaluating
ChatterBot Uniform reevaluating
ChatterBot Oscar reevaluating
ChatterBot Oscar reevaluating
ChatterBot Uniform reevaluating
2024-10-14 23:32:33.214346 Golf: We should add Bravo
2024-10-14 23:32:33.217604 November: No
ChatterBot Golf reevaluating
2024-10-14 23:32:33.237077 Golf: We should add Papa
2024-10-14 23:32:33.241086 November: No
ChatterBot Golf reevaluating
2024-10-14 23:32:33.245119 Victor: Bravo, Papa, Uniform, Quebec, Sierra and Oscar, sending you 1
2024-10-14 23:32:33.246297 Uniform: We should drop Sierra
ChatterBot Oscar reevaluating
2024-10-14 23:32:33.260745 Bravo: No
2024-10-14 23:32:33.261291 Papa: No
2024-10-14 23:32:33.261442 Quebec: No
2024-10-14 23:32:33.261585 Oscar: Yes
ChatterBot Uniform reevaluating
ChatterBot Oscar reevaluating
ChatterBot Uniform reevaluating
ChatterBot Oscar reevaluating
ChatterBot Uniform reevaluating
ChatterBot Oscar reevaluating
ChatterBot Uniform reevaluating
2024-10-14 23:32:33.322990 Victor: India, sending you 3
2024-10-14 23:32:33.323547 India: Bravo, sending you 2
chatterbot India submitting transactions
2024-10-14 23:32:33.327972 India: Papa and Victor, sending you 4
2024-10-14 23:32:33.329138 Papa: Bravo, Quebec, Sierra and Oscar, sending you 1
2024-10-14 23:32:33.331234 Quebec: Bravo, Victor and Sierra, sending you 2
2024-10-14 23:32:33.332555 November: Same as last round
2024-10-14 23:32:33.332916 Sierra: Bravo, Papa, Victor, India, Uniform, Quebec and Oscar, sending you 1
2024-10-14 23:32:33.334231 India: Sierra, sending you 3
2024-10-14 23:32:33.334745 Papa: India and Uniform, sending you 2
2024-10-14 23:32:33.335375 Quebec: Papa, Uniform and Oscar, sending you 3
2024-10-14 23:32:33.347673 Golf: Same as last round
2024-10-14 23:32:33.348415 Oscar: Bravo, Papa and Victor, sending you 1
2024-10-14 23:32:33.349663 Uniform: Bravo, Papa, Quebec and Oscar, sending you 3
2024-10-14 23:32:33.352671 Oscar: Uniform, Quebec and Sierra, sending you 2
2024-10-14 23:32:33.354661 Uniform: Sierra, sending you 2
chatterbot Bravo submitting transactions
chatterbot Papa submitting transactions
chatterbot Uniform submitting transactions
chatterbot Oscar submitting transactions
chatterbot Victor submitting transactions
chatterbot Golf submitting transactions
chatterbot November submitting transactions
chatterbot Quebec submitting transactions
chatterbot Sierra submitting transactions
ChatterBot Bravo round 10
ChatterBot Papa round 10
ChatterBot Victor round 10
ChatterBot India round 10
ChatterBot Uniform round 10
ChatterBot November round 10
ChatterBot Golf round 10
ChatterBot Quebec round 10
ChatterBot Sierra round 10
ChatterBot Oscar round 10
2024-10-14 23:32:34.528677 Quebec: Bravo, Victor and Sierra, sending you 2
2024-10-14 23:32:34.531934 Victor: Bravo, Papa, Uniform, Quebec, Sierra and Oscar, sending you 1
2024-10-14 23:32:34.535146 November: Same as last round
2024-10-14 23:32:34.535852 Quebec: Papa, Uniform and Oscar, sending you 3
2024-10-14 23:32:34.538812 Sierra: Bravo, Papa, Victor, India, Uniform, Quebec and Oscar, sending you 1
2024-10-14 23:32:34.541733 Papa: Bravo, Victor, Sierra and Oscar, sending you 1
2024-10-14 23:32:34.542727 Victor: India, sending you 3
2024-10-14 23:32:34.544391 India: Bravo and Sierra, sending you 2
2024-10-14 23:32:34.545259 Golf: Same as last round
2024-10-14 23:32:34.546706 Papa: India, sending you 3
2024-10-14 23:32:34.548959 Uniform: Bravo, Papa, Quebec and Oscar, sending you 3
2024-10-14 23:32:34.549909 Oscar: Bravo, Papa and Victor, sending you 1
2024-10-14 23:32:34.552127 India: Papa, sending you 5
2024-10-14 23:32:34.552881 Papa: Uniform and Quebec, sending you 2
2024-10-14 23:32:34.555931 Uniform: Sierra, sending you 2
2024-10-14 23:32:34.556758 Oscar: Uniform, Quebec and Sierra, sending you 2
2024-10-14 23:32:34.557985 India: Victor, sending you 4
chatterbot Uniform submitting transactions
chatterbot India submitting transactions
chatterbot Oscar submitting transactions
chatterbot November submitting transactions
chatterbot Papa submitting transactions
chatterbot Bravo submitting transactions
chatterbot Victor submitting transactions
chatterbot Golf submitting transactions
chatterbot Sierra submitting transactions
chatterbot Quebec submitting transactions
ChatterBot Bravo round 11
ChatterBot Papa round 11
ChatterBot Victor round 11
ChatterBot India round 11
ChatterBot Uniform round 11
ChatterBot November round 11
ChatterBot Golf round 11
ChatterBot Quebec round 11
ChatterBot Sierra round 11
ChatterBot Oscar round 11
2024-10-14 23:32:35.613921 Oscar: We should replace Sierra with India
ChatterBot Uniform reevaluating
2024-10-14 23:32:35.647572 Victor: No
2024-10-14 23:32:35.647769 Bravo: No
2024-10-14 23:32:35.648441 Papa: No
2024-10-14 23:32:35.648559 Uniform: No
2024-10-14 23:32:35.648689 Quebec: No
ChatterBot Oscar reevaluating
ChatterBot Uniform reevaluating
ChatterBot Oscar reevaluating
ChatterBot Uniform reevaluating
ChatterBot Oscar reevaluating
ChatterBot Uniform reevaluating
ChatterBot Oscar reevaluating
ChatterBot Oscar reevaluating
ChatterBot Uniform reevaluating
2024-10-14 23:32:35.792247 Papa: Bravo and Quebec, sending you 2
2024-10-14 23:32:35.793211 India: Bravo and Sierra, sending you 2
2024-10-14 23:32:35.794501 Oscar: India we want you to join our group
2024-10-14 23:32:35.802927 India: No
ChatterBot Oscar reevaluating
2024-10-14 23:32:35.836714 Papa: Victor, Sierra and Oscar, sending you 1
2024-10-14 23:32:35.838171 India: Papa, sending you 5
2024-10-14 23:32:35.841756 November: Papa, sending you 1
2024-10-14 23:32:35.842232 Quebec: Bravo and Sierra, sending you 2
2024-10-14 23:32:35.842845 Papa: India and Uniform, sending you 3
2024-10-14 23:32:35.844131 India: Victor, sending you 4
2024-10-14 23:32:35.844504 Victor: Bravo, Papa, Uniform, Quebec, Sierra and Oscar, sending you 1
2024-10-14 23:32:35.845130 Uniform: Bravo, Papa, Quebec and Oscar, sending you 3
2024-10-14 23:32:35.846456 Golf: Same as last round
2024-10-14 23:32:35.846724 Sierra: Bravo, Papa, Victor, India, Uniform, Quebec and Oscar, sending you 1
2024-10-14 23:32:35.848010 November: Golf, sending you 9
2024-10-14 23:32:35.848407 Quebec: Papa, Uniform and Oscar, sending you 3
2024-10-14 23:32:35.849377 Victor: India, sending you 3
2024-10-14 23:32:35.851181 Uniform: Sierra, sending you 2
2024-10-14 23:32:35.853673 Quebec: Victor, sending you 1
2024-10-14 23:32:35.866719 Oscar: Bravo, Papa, Uniform and Quebec, sending you 2
2024-10-14 23:32:35.872683 Oscar: Victor, sending you 1
chatterbot November submitting transactions
chatterbot Bravo submitting transactions
chatterbot Golf submitting transactions
chatterbot Victor submitting transactions
chatterbot Oscar submitting transactions
chatterbot Sierra submitting transactions
chatterbot Papa submitting transactions
chatterbot Quebec submitting transactions
chatterbot Uniform submitting transactions
chatterbot India submitting transactions
ChatterBot Bravo round 12
ChatterBot Papa round 12
ChatterBot Victor round 12
ChatterBot India round 12
ChatterBot Uniform round 12
ChatterBot November round 12
ChatterBot Golf round 12
ChatterBot Quebec round 12
ChatterBot Sierra round 12
ChatterBot Oscar round 12
2024-10-14 23:32:36.779192 India: We should replace Uniform with Oscar
2024-10-14 23:32:36.819528 Victor: No
2024-10-14 23:32:36.819909 Bravo: No
2024-10-14 23:32:36.820134 Papa: No
2024-10-14 23:32:36.820481 Quebec: No
2024-10-14 23:32:36.820834 Sierra: No
ChatterBot India reevaluating
ChatterBot India reevaluating
ChatterBot India reevaluating
ChatterBot Victor reevaluating
ChatterBot India reevaluating
ChatterBot Victor reevaluating
ChatterBot Sierra reevaluating
ChatterBot India reevaluating
ChatterBot Victor reevaluating
2024-10-14 23:32:37.010305 Oscar: We should replace India with Sierra
ChatterBot Victor reevaluating
ChatterBot Uniform reevaluating
2024-10-14 23:32:37.031347 Victor: No
2024-10-14 23:32:37.031511 Bravo: No
2024-10-14 23:32:37.032191 Papa: No
2024-10-14 23:32:37.032294 Uniform: Yes
2024-10-14 23:32:37.032410 Quebec: No
ChatterBot Uniform reevaluating
ChatterBot Victor reevaluating
ChatterBot Uniform reevaluating
ChatterBot Oscar reevaluating
ChatterBot Victor reevaluating
ChatterBot Uniform reevaluating
ChatterBot Oscar reevaluating
ChatterBot Victor reevaluating
ChatterBot Oscar reevaluating
ChatterBot Victor reevaluating
ChatterBot Uniform reevaluating
2024-10-14 23:32:37.149663 Uniform: We should add Victor
ChatterBot Sierra reevaluating
ChatterBot Oscar reevaluating
2024-10-14 23:32:37.173038 Bravo: Yes
2024-10-14 23:32:37.173194 Papa: Yes
2024-10-14 23:32:37.173310 Quebec: Yes
2024-10-14 23:32:37.173416 Sierra: Yes
2024-10-14 23:32:37.173515 Oscar: Yes
ChatterBot Uniform reevaluating
ChatterBot Sierra reevaluating
ChatterBot Oscar reevaluating
ChatterBot Uniform reevaluating
ChatterBot Sierra reevaluating
ChatterBot Oscar reevaluating
ChatterBot Uniform reevaluating
ChatterBot Sierra reevaluating
ChatterBot Oscar reevaluating
ChatterBot Uniform reevaluating
ChatterBot Oscar reevaluating
ChatterBot Uniform reevaluating
ChatterBot Sierra reevaluating
2024-10-14 23:32:37.299239 November: We should drop Papa
ChatterBot Golf reevaluating
2024-10-14 23:32:37.305537 Golf: Yes
ChatterBot November reevaluating
