ChatterBot Alpha round 1
ChatterBot Papa round 1
ChatterBot Tango round 1
ChatterBot Charlie round 1
ChatterBot November round 1
ChatterBot X-ray round 1
ChatterBot Echo round 1
ChatterBot Sierra round 1
ChatterBot Kilo round 1
ChatterBot Lima round 1
randomSelections Alpha: {Alpha, Echo, Papa, November, Lima, Kilo, Sierra} 
2024-10-14 23:32:19.000270 Alpha: Let's form a team
ChatterBot Echo reevaluating
ChatterBot Papa reevaluating
ChatterBot November reevaluating
ChatterBot Lima reevaluating
ChatterBot Kilo reevaluating
ChatterBot Sierra reevaluating
2024-10-14 23:32:19.150239 Echo: Yes
2024-10-14 23:32:19.150493 Papa: Yes
2024-10-14 23:32:19.150808 November: Yes
2024-10-14 23:32:19.151416 Lima: Yes
2024-10-14 23:32:19.151736 Kilo: Yes
2024-10-14 23:32:19.151949 Sierra: Yes
ChatterBot Papa reevaluating
ChatterBot November reevaluating
ChatterBot Lima reevaluating
ChatterBot Kilo reevaluating
ChatterBot Sierra reevaluating
ChatterBot Echo reevaluating
ChatterBot November reevaluating
ChatterBot Lima reevaluating
ChatterBot Kilo reevaluating
ChatterBot Sierra reevaluating
ChatterBot Echo reevaluating
ChatterBot Papa reevaluating
ChatterBot Lima reevaluating
ChatterBot Kilo reevaluating
ChatterBot Sierra reevaluating
ChatterBot Echo reevaluating
ChatterBot Papa reevaluating
ChatterBot November reevaluating
ChatterBot Kilo reevaluating
ChatterBot Sierra reevaluating
ChatterBot Echo reevaluating
ChatterBot Papa reevaluating
ChatterBot November reevaluating
ChatterBot Lima reevaluating
ChatterBot Sierra reevaluating
ChatterBot Echo reevaluating
ChatterBot Papa reevaluating
ChatterBot November reevaluating
ChatterBot Lima reevaluating
ChatterBot Kilo reevaluating
randomSelections Tango: {Tango, Sierra, Papa, November, Charlie, Alpha, Kilo} 
2024-10-14 23:32:19.250064 Tango: We should group up
ChatterBot Sierra reevaluating
ChatterBot Papa reevaluating
ChatterBot November reevaluating
ChatterBot Charlie reevaluating
ChatterBot Kilo reevaluating
2024-10-14 23:32:19.259143 Sierra: No
2024-10-14 23:32:19.259394 Papa: No
2024-10-14 23:32:19.259651 November: No
2024-10-14 23:32:19.259916 Charlie: Yes
2024-10-14 23:32:19.260565 Alpha: No
2024-10-14 23:32:19.260761 Kilo: No
ChatterBot Papa reevaluating
ChatterBot November reevaluating
ChatterBot Charlie reevaluating
ChatterBot Kilo reevaluating
ChatterBot Sierra reevaluating
ChatterBot November reevaluating
ChatterBot Charlie reevaluating
ChatterBot Kilo reevaluating
ChatterBot Sierra reevaluating
ChatterBot Papa reevaluating
ChatterBot Charlie reevaluating
ChatterBot Kilo reevaluating
ChatterBot Sierra reevaluating
ChatterBot Papa reevaluating
ChatterBot November reevaluating
ChatterBot Kilo reevaluating
ChatterBot Sierra reevaluating
ChatterBot Papa reevaluating
ChatterBot November reevaluating
ChatterBot Charlie reevaluating
ChatterBot Kilo reevaluating
ChatterBot Sierra reevaluating
ChatterBot Papa reevaluating
ChatterBot November reevaluating
ChatterBot Charlie reevaluating
randomSelections X-ray: {X-ray, Sierra, Lima, Echo, Papa, Kilo, Alpha} 
2024-10-14 23:32:19.340248 X-ray: Can we be friends?
ChatterBot Sierra reevaluating
ChatterBot Lima reevaluating
ChatterBot Echo reevaluating
ChatterBot Papa reevaluating
ChatterBot Kilo reevaluating
2024-10-14 23:32:19.357046 Sierra: No
2024-10-14 23:32:19.358108 Lima: No
2024-10-14 23:32:19.358400 Echo: No
2024-10-14 23:32:19.358562 Papa: No
2024-10-14 23:32:19.358940 Kilo: No
2024-10-14 23:32:19.359804 Alpha: No
ChatterBot Lima reevaluating
ChatterBot Echo reevaluating
ChatterBot Papa reevaluating
ChatterBot Kilo reevaluating
ChatterBot Sierra reevaluating
ChatterBot Echo reevaluating
ChatterBot Papa reevaluating
ChatterBot Kilo reevaluating
ChatterBot Sierra reevaluating
ChatterBot Lima reevaluating
ChatterBot Papa reevaluating
ChatterBot Kilo reevaluating
ChatterBot Sierra reevaluating
ChatterBot Lima reevaluating
ChatterBot Echo reevaluating
ChatterBot Kilo reevaluating
ChatterBot Sierra reevaluating
ChatterBot Lima reevaluating
ChatterBot Echo reevaluating
ChatterBot Papa reevaluating
ChatterBot Sierra reevaluating
ChatterBot Lima reevaluating
ChatterBot Echo reevaluating
ChatterBot Papa reevaluating
ChatterBot Kilo reevaluating
2024-10-14 23:32:19.492874 Charlie: Papa and Kilo, sending you 3
2024-10-14 23:32:19.496025 Kilo: Alpha, Papa and Sierra, sending you 3
2024-10-14 23:32:19.498544 Sierra: Alpha and Echo, sending you 1
2024-10-14 23:32:19.499197 November: Alpha, sending you 4
2024-10-14 23:32:19.500617 Tango: Papa and Charlie, sending you 2
2024-10-14 23:32:19.501050 Charlie: Tango, sending you 2
2024-10-14 23:32:19.502635 Kilo: November and Echo, sending you 2
2024-10-14 23:32:19.503021 X-ray: Alpha, Papa and Kilo, sending you 1
2024-10-14 23:32:19.503388 Lima: Papa, November, Echo and Sierra, sending you 1
chatterbot Alpha submitting transactions
2024-10-14 23:32:19.504448 Sierra: Papa, November and Lima, sending you 2
2024-10-14 23:32:19.504806 Alpha: Papa, Echo and Kilo, sending you 1
2024-10-14 23:32:19.505154 November: Papa and Sierra, sending you 2
2024-10-14 23:32:19.506218 Tango: November, Sierra and Kilo, sending you 1
2024-10-14 23:32:19.506653 Papa: Alpha, sending you 3
2024-10-14 23:32:19.507687 Charlie: November and Sierra, sending you 1
2024-10-14 23:32:19.508051 X-ray: Lima, sending you 2
2024-10-14 23:32:19.508382 Alpha: November and Lima, sending you 4
2024-10-14 23:32:19.509194 Lima: Kilo, sending you 8
2024-10-14 23:32:19.514966 Echo: Alpha, sending you 1
2024-10-14 23:32:19.515908 November: Echo, sending you 3
2024-10-14 23:32:19.516354 Papa: November, Sierra and Lima, sending you 2
2024-10-14 23:32:19.516774 Alpha: Sierra, sending you 3
2024-10-14 23:32:19.519629 Echo: Papa, November and Lima, sending you 2
2024-10-14 23:32:19.520669 November: Lima, sending you 1
2024-10-14 23:32:19.522467 Papa: Echo, sending you 1
2024-10-14 23:32:19.524667 Echo: Sierra, sending you 4
2024-10-14 23:32:19.527681 Papa: Kilo, sending you 6
chatterbot X-ray submitting transactions
chatterbot Charlie submitting transactions
chatterbot Papa submitting transactions
chatterbot November submitting transactions
chatterbot Lima submitting transactions
chatterbot Sierra submitting transactions
chatterbot Tango submitting transactions
chatterbot Kilo submitting transactions
chatterbot Echo submitting transactions
ChatterBot Alpha round 2
ChatterBot Papa round 2
ChatterBot Tango round 2
ChatterBot Charlie round 2
ChatterBot November round 2
ChatterBot X-ray round 2
2024-10-14 23:32:20.628656 Tango: Can we be friends?
ChatterBot Charlie reevaluating
2024-10-14 23:32:20.637085 Charlie: Yes
ChatterBot Echo round 2
ChatterBot Sierra round 2
2024-10-14 23:32:20.650287 Charlie: We should group up
ChatterBot Tango reevaluating
ChatterBot X-ray reevaluating
2024-10-14 23:32:20.663532 Tango: Yes
2024-10-14 23:32:20.663728 X-ray: Yes
ChatterBot Charlie reevaluating
ChatterBot X-ray reevaluating
ChatterBot Charlie reevaluating
ChatterBot Tango reevaluating
2024-10-14 23:32:20.692476 X-ray: We would work well together
ChatterBot Charlie reevaluating
ChatterBot Tango reevaluating
2024-10-14 23:32:20.708066 Charlie: Yes
2024-10-14 23:32:20.708224 Tango: Yes
ChatterBot Tango reevaluating
ChatterBot X-ray reevaluating
ChatterBot Charlie reevaluating
ChatterBot X-ray reevaluating
ChatterBot Kilo round 2
2024-10-14 23:32:20.748637 Papa: We should add Tango and Charlie
ChatterBot Alpha reevaluating
ChatterBot Echo reevaluating
ChatterBot November reevaluating
ChatterBot Lima reevaluating
ChatterBot Kilo reevaluating
ChatterBot Sierra reevaluating
2024-10-14 23:32:20.817190 Alpha: No
2024-10-14 23:32:20.817418 Echo: No
2024-10-14 23:32:20.818002 November: No
2024-10-14 23:32:20.818176 Lima: No
2024-10-14 23:32:20.818344 Kilo: No
2024-10-14 23:32:20.818498 Sierra: No
ChatterBot Echo reevaluating
ChatterBot Papa reevaluating
ChatterBot November reevaluating
ChatterBot Lima reevaluating
ChatterBot Kilo reevaluating
ChatterBot Sierra reevaluating
ChatterBot Alpha reevaluating
ChatterBot Papa reevaluating
ChatterBot November reevaluating
ChatterBot Lima reevaluating
ChatterBot Kilo reevaluating
ChatterBot Sierra reevaluating
ChatterBot Alpha reevaluating
ChatterBot Echo reevaluating
ChatterBot Papa reevaluating
ChatterBot Lima reevaluating
ChatterBot Kilo reevaluating
ChatterBot Sierra reevaluating
ChatterBot Alpha reevaluating
ChatterBot Echo reevaluating
ChatterBot Papa reevaluating
ChatterBot November reevaluating
ChatterBot Kilo reevaluating
ChatterBot Sierra reevaluating
ChatterBot Alpha reevaluating
ChatterBot Echo reevaluating
ChatterBot Papa reevaluating
ChatterBot November reevaluating
ChatterBot Lima reevaluating
ChatterBot Sierra reevaluating
ChatterBot Alpha reevaluating
ChatterBot Echo reevaluating
ChatterBot Papa reevaluating
ChatterBot November reevaluating
ChatterBot Lima reevaluating
ChatterBot Kilo reevaluating
ChatterBot Lima round 2
2024-10-14 23:32:21.079652 Papa: We should add X-ray
ChatterBot Alpha reevaluating
ChatterBot Echo reevaluating
ChatterBot November reevaluating
ChatterBot Lima reevaluating
ChatterBot Kilo reevaluating
ChatterBot Sierra reevaluating
2024-10-14 23:32:21.112991 Alpha: Yes
2024-10-14 23:32:21.113170 Echo: Yes
2024-10-14 23:32:21.113311 November: Yes
2024-10-14 23:32:21.113437 Lima: Yes
2024-10-14 23:32:21.114048 Kilo: Yes
2024-10-14 23:32:21.114154 Sierra: Yes
ChatterBot Echo reevaluating
ChatterBot Papa reevaluating
ChatterBot November reevaluating
ChatterBot Lima reevaluating
ChatterBot Kilo reevaluating
ChatterBot Sierra reevaluating
ChatterBot Alpha reevaluating
ChatterBot Papa reevaluating
ChatterBot November reevaluating
ChatterBot Lima reevaluating
ChatterBot Kilo reevaluating
ChatterBot Sierra reevaluating
ChatterBot Alpha reevaluating
ChatterBot Echo reevaluating
ChatterBot Papa reevaluating
ChatterBot Lima reevaluating
ChatterBot Kilo reevaluating
ChatterBot Sierra reevaluating
ChatterBot Alpha reevaluating
ChatterBot Echo reevaluating
ChatterBot Papa reevaluating
ChatterBot November reevaluating
ChatterBot Kilo reevaluating
ChatterBot Sierra reevaluating
ChatterBot Alpha reevaluating
ChatterBot Echo reevaluating
ChatterBot Papa reevaluating
ChatterBot November reevaluating
ChatterBot Lima reevaluating
ChatterBot Sierra reevaluating
ChatterBot Alpha reevaluating
ChatterBot Echo reevaluating
ChatterBot Papa reevaluating
ChatterBot November reevaluating
ChatterBot Lima reevaluating
ChatterBot Kilo reevaluating
2024-10-14 23:32:21.375731 Alpha: We should drop Lima
ChatterBot Papa reevaluating
2024-10-14 23:32:21.507088 November: No
2024-10-14 23:32:21.508242 Echo: No
2024-10-14 23:32:21.508630 Sierra: No
2024-10-14 23:32:21.508905 Papa: No
2024-10-14 23:32:21.509055 Kilo: No
ChatterBot Alpha reevaluating
ChatterBot Papa reevaluating
ChatterBot Alpha reevaluating
ChatterBot Papa reevaluating
ChatterBot Alpha reevaluating
ChatterBot Papa reevaluating
ChatterBot Alpha reevaluating
ChatterBot Alpha reevaluating
ChatterBot Papa reevaluating
2024-10-14 23:32:21.681387 Kilo: X-ray we want you to join our group
2024-10-14 23:32:21.688177 X-ray: No
ChatterBot Alpha reevaluating
ChatterBot Papa reevaluating
ChatterBot Lima reevaluating
2024-10-14 23:32:21.752460 Tango: Sending you each 2
2024-10-14 23:32:21.758529 Charlie: Sending you each 3
chatterbot Tango submitting transactions
chatterbot X-ray submitting transactions
2024-10-14 23:32:21.764245 Papa: X-ray we want you to join our group
2024-10-14 23:32:21.776184 X-ray: No
ChatterBot Alpha reevaluating
2024-10-14 23:32:21.833225 Lima: We should drop Sierra
ChatterBot Alpha reevaluating
2024-10-14 23:32:21.870558 Alpha: No
2024-10-14 23:32:21.870833 November: No
2024-10-14 23:32:21.871038 Echo: No
2024-10-14 23:32:21.871206 Papa: No
2024-10-14 23:32:21.871355 Kilo: No
ChatterBot Lima reevaluating
ChatterBot Lima reevaluating
ChatterBot Alpha reevaluating
ChatterBot Lima reevaluating
ChatterBot Alpha reevaluating
ChatterBot Lima reevaluating
ChatterBot Alpha reevaluating
ChatterBot Lima reevaluating
ChatterBot Alpha reevaluating
2024-10-14 23:32:22.036958 November: Alpha, sending you 4
2024-10-14 23:32:22.038221 Sierra: Alpha, Papa, November, Kilo and Lima, sending you 1
2024-10-14 23:32:22.039406 X-ray: Tango, sending you 7
chatterbot Charlie submitting transactions
chatterbot November submitting transactions
2024-10-14 23:32:22.115203 November: Papa, Echo, Sierra and Kilo, sending you 2
2024-10-14 23:32:22.116240 Kilo: Alpha and X-ray, sending you 2
2024-10-14 23:32:22.117105 Sierra: Echo, sending you 3
2024-10-14 23:32:22.117655 X-ray: Charlie, sending you 6
2024-10-14 23:32:22.117995 Echo: Alpha, Papa, Sierra and Lima, sending you 1
chatterbot Echo submitting transactions
2024-10-14 23:32:22.260547 Kilo: Papa and Lima, sending you 3
2024-10-14 23:32:22.261205 Echo: November, sending you 4
2024-10-14 23:32:22.262356 Papa: Alpha and Lima, sending you 2
2024-10-14 23:32:22.282092 Kilo: November, Echo and Sierra, sending you 1
2024-10-14 23:32:22.283133 Echo: Kilo, sending you 2
2024-10-14 23:32:22.283603 Lima: Alpha, sending you 6
2024-10-14 23:32:22.284481 Papa: November, Echo and Sierra, sending you 3
2024-10-14 23:32:22.320596 Papa: Kilo, sending you 4
2024-10-14 23:32:22.321715 Lima: Papa, Echo and Sierra, sending you 2
2024-10-14 23:32:22.322493 Alpha: Papa and Kilo, sending you 3
2024-10-14 23:32:22.339319 Lima: November, sending you 1
2024-10-14 23:32:22.340296 Alpha: November, sending you 4
chatterbot Alpha submitting transactions
2024-10-14 23:32:22.360699 Alpha: Echo and Sierra, sending you 2
chatterbot Sierra submitting transactions
chatterbot Lima submitting transactions
chatterbot Papa submitting transactions
chatterbot Kilo submitting transactions
ChatterBot Alpha round 3
ChatterBot Papa round 3
ChatterBot Tango round 3
ChatterBot Charlie round 3
ChatterBot November round 3
ChatterBot X-ray round 3
2024-10-14 23:32:22.804809 Alpha: We should replace Sierra with Lima
ChatterBot November reevaluating
2024-10-14 23:32:22.826498 Papa: No
2024-10-14 23:32:22.826818 November: No
2024-10-14 23:32:22.827071 Echo: No
2024-10-14 23:32:22.827923 Kilo: No
ChatterBot November reevaluating
ChatterBot November reevaluating
ChatterBot November reevaluating
ChatterBot Echo round 3
ChatterBot Sierra round 3
ChatterBot Kilo round 3
ChatterBot Lima round 3
2024-10-14 23:32:22.922432 Alpha: Lima we want you to join our group
ChatterBot Lima reevaluating
2024-10-14 23:32:22.927906 Lima: Yes
ChatterBot November reevaluating
ChatterBot Echo reevaluating
ChatterBot Kilo reevaluating
2024-10-14 23:32:23.024057 Papa: Alpha and November, sending you 3
2024-10-14 23:32:23.025327 Lima: We should drop Sierra
2024-10-14 23:32:23.041873 Alpha: Yes
2024-10-14 23:32:23.042691 November: No
2024-10-14 23:32:23.043015 Echo: No
2024-10-14 23:32:23.043264 Papa: No
2024-10-14 23:32:23.043409 Kilo: No
2024-10-14 23:32:23.120285 November: Alpha, sending you 4
2024-10-14 23:32:23.120840 Papa: X-ray, sending you 1
2024-10-14 23:32:23.160107 Alpha: Papa, November, Kilo and Lima, sending you 3
2024-10-14 23:32:23.161088 Sierra: Alpha and Papa, sending you 2
2024-10-14 23:32:23.161847 Kilo: Alpha, Papa, November, Echo, Sierra and Lima, sending you 2
2024-10-14 23:32:23.163035 Tango: Same as last round
2024-10-14 23:32:23.163377 Echo: Alpha and Kilo, sending you 1
2024-10-14 23:32:23.164624 Charlie: Same as last round
2024-10-14 23:32:23.164985 X-ray: Tango, sending you 5
2024-10-14 23:32:23.165885 November: Papa, sending you 2
2024-10-14 23:32:23.166564 Papa: Echo, Sierra and Lima, sending you 2
2024-10-14 23:32:23.167571 Alpha: Echo, sending you 2
2024-10-14 23:32:23.168074 Sierra: November, Echo, Kilo and Lima, sending you 1
2024-10-14 23:32:23.169216 Echo: Papa, Sierra and Lima, sending you 2
2024-10-14 23:32:23.170344 Kilo: X-ray, sending you 1
2024-10-14 23:32:23.170974 X-ray: Charlie, sending you 8
2024-10-14 23:32:23.171276 November: Echo, sending you 3
2024-10-14 23:32:23.172413 Papa: Kilo, sending you 4
2024-10-14 23:32:23.173394 Lima: Alpha and Kilo, sending you 3
2024-10-14 23:32:23.173865 Echo: November, sending you 3
2024-10-14 23:32:23.174973 November: Sierra, Kilo and Lima, sending you 1
2024-10-14 23:32:23.197582 Lima: Papa, sending you 4
2024-10-14 23:32:23.230067 Lima: November, sending you 1
2024-10-14 23:32:23.259789 Lima: Echo, sending you 2
chatterbot Kilo submitting transactions
chatterbot Echo submitting transactions
chatterbot Charlie submitting transactions
chatterbot Tango submitting transactions
chatterbot November submitting transactions
chatterbot Papa submitting transactions
chatterbot Alpha submitting transactions
chatterbot Lima submitting transactions
chatterbot X-ray submitting transactions
chatterbot Sierra submitting transactions
ChatterBot Alpha round 4
ChatterBot Papa round 4
ChatterBot Tango round 4
ChatterBot Charlie round 4
ChatterBot November round 4
ChatterBot X-ray round 4
ChatterBot Echo round 4
ChatterBot Sierra round 4
ChatterBot Kilo round 4
ChatterBot Lima round 4
2024-10-14 23:32:24.315731 Tango: Same as last round
2024-10-14 23:32:24.316085 Alpha: Papa, November, Kilo and Lima, sending you 3
2024-10-14 23:32:24.331877 Charlie: Same as last round
2024-10-14 23:32:24.332201 Alpha: Echo, sending you 2
2024-10-14 23:32:24.332622 X-ray: Tango, sending you 5
2024-10-14 23:32:24.333302 Papa: Alpha, November, Kilo and Lima, sending you 3
2024-10-14 23:32:24.333706 November: Alpha and Echo, sending you 3
2024-10-14 23:32:24.354412 Kilo: Alpha, Papa, November, Echo, Sierra and Lima, sending you 2
2024-10-14 23:32:24.355530 Sierra: Alpha, November, Kilo and Lima, sending you 1
2024-10-14 23:32:24.356286 Echo: Alpha, Papa, Sierra and Kilo, sending you 2
2024-10-14 23:32:24.357471 Papa: X-ray, sending you 1
2024-10-14 23:32:24.357844 X-ray: Charlie, sending you 8
2024-10-14 23:32:24.358107 November: Papa and Kilo, sending you 2
2024-10-14 23:32:24.358988 Lima: Alpha, Papa, Echo and Kilo, sending you 3
2024-10-14 23:32:24.359416 Kilo: X-ray, sending you 1
2024-10-14 23:32:24.360209 Sierra: Papa and Echo, sending you 2
2024-10-14 23:32:24.360761 Echo: November, sending you 3
2024-10-14 23:32:24.361227 Papa: Echo and Sierra, sending you 2
2024-10-14 23:32:24.362292 November: Sierra and Lima, sending you 1
2024-10-14 23:32:24.390306 Lima: November, sending you 1
chatterbot Charlie submitting transactions
chatterbot Kilo submitting transactions
chatterbot Alpha submitting transactions
chatterbot Tango submitting transactions
chatterbot Lima submitting transactions
chatterbot Sierra submitting transactions
chatterbot November submitting transactions
chatterbot Echo submitting transactions
chatterbot Papa submitting transactions
chatterbot X-ray submitting transactions
ChatterBot Alpha round 5
ChatterBot Papa round 5
ChatterBot Tango round 5
ChatterBot Charlie round 5
ChatterBot November round 5
ChatterBot X-ray round 5
ChatterBot Echo round 5
ChatterBot Sierra round 5
ChatterBot Kilo round 5
ChatterBot Lima round 5
2024-10-14 23:32:25.613702 Tango: Same as last round
2024-10-14 23:32:25.615889 Kilo: We should drop X-ray
2024-10-14 23:32:25.634892 Alpha: Yes
2024-10-14 23:32:25.635103 Echo: Yes
2024-10-14 23:32:25.635310 Papa: Yes
2024-10-14 23:32:25.635840 November: Yes
2024-10-14 23:32:25.636010 Lima: Yes
2024-10-14 23:32:25.636189 Sierra: Yes
ChatterBot Papa reevaluating
ChatterBot Papa reevaluating
2024-10-14 23:32:25.857872 Alpha: Papa, November, Kilo and Lima, sending you 3
2024-10-14 23:32:25.860869 X-ray: Tango, sending you 5
2024-10-14 23:32:25.861316 Charlie: Tango, sending you 3
2024-10-14 23:32:25.862383 Echo: Alpha, Papa, Sierra and Lima, sending you 2
2024-10-14 23:32:25.864059 Sierra: Alpha, November, Kilo and Lima, sending you 1
2024-10-14 23:32:25.864959 Lima: Alpha, sending you 4
2024-10-14 23:32:25.866305 Alpha: Echo, sending you 2
2024-10-14 23:32:25.867422 November: Alpha and Echo, sending you 3
2024-10-14 23:32:25.868421 X-ray: Charlie, sending you 8
2024-10-14 23:32:25.869423 Charlie: X-ray, sending you 2
2024-10-14 23:32:25.869773 Sierra: Papa and Echo, sending you 2
2024-10-14 23:32:25.870394 Echo: November, sending you 3
2024-10-14 23:32:25.871684 Lima: Papa and Kilo, sending you 3
2024-10-14 23:32:25.876246 November: Papa and Kilo, sending you 2
2024-10-14 23:32:25.878413 Lima: November, sending you 1
2024-10-14 23:32:25.882471 November: Sierra and Lima, sending you 1
2024-10-14 23:32:25.884271 Kilo: Alpha, November, Echo, Sierra and Lima, sending you 2
2024-10-14 23:32:25.886016 Lima: Echo, sending you 2
2024-10-14 23:32:25.927414 Kilo: Papa, sending you 3
chatterbot Echo submitting transactions
chatterbot Charlie submitting transactions
chatterbot Papa submitting transactions
chatterbot X-ray submitting transactions
chatterbot Lima submitting transactions
chatterbot November submitting transactions
chatterbot Kilo submitting transactions
chatterbot Sierra submitting transactions
chatterbot Alpha submitting transactions
chatterbot Tango submitting transactions
ChatterBot Alpha round 6
ChatterBot Papa round 6
ChatterBot Tango round 6
ChatterBot Charlie round 6
ChatterBot November round 6
ChatterBot X-ray round 6
ChatterBot Echo round 6
ChatterBot Sierra round 6
ChatterBot Kilo round 6
ChatterBot Lima round 6
2024-10-14 23:32:26.846661 November: Alpha, Papa and Echo, sending you 3
2024-10-14 23:32:26.848689 Alpha: Papa, November, Kilo and Lima, sending you 3
2024-10-14 23:32:26.851678 Echo: Alpha, Papa, Kilo and Lima, sending you 2
2024-10-14 23:32:26.853127 November: Sierra, sending you 1
2024-10-14 23:32:26.854380 Alpha: Echo, sending you 2
2024-10-14 23:32:26.856170 Kilo: Alpha, November, Echo, Sierra and Lima, sending you 2
2024-10-14 23:32:26.857644 Echo: November, sending you 3
2024-10-14 23:32:26.859924 November: Kilo, sending you 2
2024-10-14 23:32:26.861620 Lima: Alpha, sending you 4
2024-10-14 23:32:26.863062 Charlie: Tango, sending you 3
2024-10-14 23:32:26.863759 Kilo: Papa, sending you 3
2024-10-14 23:32:26.865697 Tango: Same as last round
2024-10-14 23:32:26.866190 X-ray: Tango, sending you 6
2024-10-14 23:32:26.867256 Lima: Papa and Kilo, sending you 3
2024-10-14 23:32:26.868118 Charlie: X-ray, sending you 2
2024-10-14 23:32:26.868673 Sierra: Alpha and November, sending you 1
2024-10-14 23:32:26.870449 X-ray: Charlie, sending you 7
2024-10-14 23:32:26.872669 Lima: November, sending you 1
2024-10-14 23:32:26.873898 Sierra: Papa, Echo and Kilo, sending you 2
2024-10-14 23:32:26.876666 Lima: Echo, sending you 2
chatterbot Sierra submitting transactions
chatterbot Alpha submitting transactions
chatterbot November submitting transactions
chatterbot X-ray submitting transactions
chatterbot Papa submitting transactions
chatterbot Echo submitting transactions
chatterbot Lima submitting transactions
chatterbot Charlie submitting transactions
chatterbot Kilo submitting transactions
chatterbot Tango submitting transactions
ChatterBot Alpha round 7
ChatterBot Papa round 7
ChatterBot Tango round 7
ChatterBot Charlie round 7
ChatterBot November round 7
ChatterBot X-ray round 7
ChatterBot Echo round 7
ChatterBot Sierra round 7
ChatterBot Kilo round 7
ChatterBot Lima round 7
2024-10-14 23:32:28.189085 Charlie: Tango, sending you 3
2024-10-14 23:32:28.189567 X-ray: Tango, sending you 6
2024-10-14 23:32:28.190580 Sierra: Alpha, November, Echo and Lima, sending you 1
2024-10-14 23:32:28.192388 Echo: Alpha, Papa, Sierra and Kilo, sending you 2
2024-10-14 23:32:28.193631 Kilo: Alpha, November, Echo, Sierra and Lima, sending you 2
2024-10-14 23:32:28.194636 Tango: Charlie, sending you 2
2024-10-14 23:32:28.195535 Alpha: Papa, November, Kilo and Lima, sending you 3
2024-10-14 23:32:28.196361 November: Alpha, Papa and Echo, sending you 3
2024-10-14 23:32:28.198149 Charlie: X-ray, sending you 2
2024-10-14 23:32:28.199332 X-ray: Charlie, sending you 7
2024-10-14 23:32:28.199721 Sierra: Papa and Kilo, sending you 2
2024-10-14 23:32:28.201051 Echo: November, sending you 3
2024-10-14 23:32:28.201781 Kilo: Papa, sending you 3
2024-10-14 23:32:28.203136 Alpha: Echo, sending you 2
2024-10-14 23:32:28.204439 Tango: X-ray, sending you 1
2024-10-14 23:32:28.204842 Lima: Alpha, sending you 4
2024-10-14 23:32:28.205419 November: Kilo, sending you 2
2024-10-14 23:32:28.214841 Lima: Papa and Kilo, sending you 3
2024-10-14 23:32:28.215431 November: Lima, sending you 1
2024-10-14 23:32:28.221148 Lima: November, sending you 1
2024-10-14 23:32:28.231591 Lima: Echo, sending you 2
chatterbot November submitting transactions
chatterbot Lima submitting transactions
chatterbot X-ray submitting transactions
chatterbot Kilo submitting transactions
chatterbot Papa submitting transactions
chatterbot Tango submitting transactions
chatterbot Sierra submitting transactions
chatterbot Echo submitting transactions
chatterbot Alpha submitting transactions
chatterbot Charlie submitting transactions
ChatterBot Alpha round 8
ChatterBot Papa round 8
ChatterBot Tango round 8
ChatterBot Charlie round 8
ChatterBot November round 8
ChatterBot X-ray round 8
ChatterBot Echo round 8
ChatterBot Sierra round 8
ChatterBot Kilo round 8
ChatterBot Lima round 8
2024-10-14 23:32:29.513703 Tango: Charlie, sending you 2
2024-10-14 23:32:29.517692 Tango: X-ray, sending you 1
2024-10-14 23:32:29.521052 Charlie: Tango, sending you 3
2024-10-14 23:32:29.522123 November: Alpha, Papa and Echo, sending you 3
2024-10-14 23:32:29.523600 X-ray: Tango, sending you 6
2024-10-14 23:32:29.524017 Sierra: Alpha and November, sending you 1
2024-10-14 23:32:29.525578 Kilo: Alpha, November, Echo, Sierra and Lima, sending you 2
2024-10-14 23:32:29.527180 November: Kilo, sending you 2
2024-10-14 23:32:29.528770 Charlie: X-ray, sending you 2
2024-10-14 23:32:29.529275 Echo: Alpha, Papa, Kilo and Lima, sending you 2
2024-10-14 23:32:29.531287 X-ray: Charlie, sending you 7
2024-10-14 23:32:29.532371 Sierra: Papa, Echo and Kilo, sending you 2
2024-10-14 23:32:29.533811 Kilo: Papa, sending you 3
2024-10-14 23:32:29.536075 November: Lima, sending you 1
2024-10-14 23:32:29.536745 Alpha: Papa, November, Kilo and Lima, sending you 3
2024-10-14 23:32:29.537980 Echo: November, sending you 3
2024-10-14 23:32:29.539891 Lima: Alpha, Papa and Kilo, sending you 1
2024-10-14 23:32:29.542373 Alpha: Echo, sending you 2
chatterbot Tango submitting transactions
chatterbot Sierra submitting transactions
chatterbot Kilo submitting transactions
chatterbot Echo submitting transactions
chatterbot Papa submitting transactions
chatterbot X-ray submitting transactions
chatterbot November submitting transactions
chatterbot Charlie submitting transactions
chatterbot Lima submitting transactions
chatterbot Alpha submitting transactions
ChatterBot Alpha round 9
ChatterBot Papa round 9
ChatterBot Tango round 9
ChatterBot Charlie round 9
ChatterBot November round 9
ChatterBot X-ray round 9
ChatterBot Echo round 9
ChatterBot Sierra round 9
ChatterBot Kilo round 9
ChatterBot Lima round 9
2024-10-14 23:32:30.769643 Tango: We should add Sierra
2024-10-14 23:32:30.776367 Charlie: No
2024-10-14 23:32:30.776555 X-ray: No
ChatterBot Tango reevaluating
ChatterBot Tango reevaluating
2024-10-14 23:32:30.807693 Alpha: Papa, November, Kilo and Lima, sending you 3
2024-10-14 23:32:30.811687 November: Alpha, Papa and Echo, sending you 3
2024-10-14 23:32:30.814678 X-ray: I was attacked by Lima
ChatterBot Charlie reevaluating
ChatterBot Tango reevaluating
2024-10-14 23:32:30.825933 X-ray: I'm keeping this round to protect myself
2024-10-14 23:32:30.827609 X-ray: Ow
2024-10-14 23:32:30.828398 Alpha: Echo, sending you 2
2024-10-14 23:32:30.830406 November: Kilo, sending you 2
2024-10-14 23:32:30.832082 Echo: Alpha, Papa and Kilo, sending you 2
2024-10-14 23:32:30.834227 Sierra: Alpha, November, Echo and Lima, sending you 1
2024-10-14 23:32:30.835330 Kilo: Alpha, November, Echo, Sierra and Lima, sending you 2
2024-10-14 23:32:30.837298 November: Lima, sending you 1
2024-10-14 23:32:30.838688 Lima: Alpha, sending you 4
2024-10-14 23:32:30.839428 Echo: November, sending you 3
2024-10-14 23:32:30.841429 Sierra: Papa and Kilo, sending you 2
2024-10-14 23:32:30.844007 Kilo: Papa, sending you 3
2024-10-14 23:32:30.846652 Lima: Papa and Kilo, sending you 3
2024-10-14 23:32:30.848860 Echo: Sierra and Lima, sending you 1
2024-10-14 23:32:30.852306 Tango: Charlie, sending you 2
2024-10-14 23:32:30.853719 Lima: November, sending you 1
2024-10-14 23:32:30.856234 Tango: X-ray, sending you 1
2024-10-14 23:32:30.860679 Lima: Echo, sending you 2
chatterbot Papa submitting transactions
chatterbot November submitting transactions
chatterbot Charlie submitting transactions
chatterbot X-ray submitting transactions
chatterbot Lima submitting transactions
chatterbot Tango submitting transactions
chatterbot Echo submitting transactions
chatterbot Sierra submitting transactions
chatterbot Alpha submitting transactions
chatterbot Kilo submitting transactions
ChatterBot Alpha round 10
ChatterBot Papa round 10
ChatterBot Tango round 10
ChatterBot Charlie round 10
ChatterBot November round 10
ChatterBot X-ray round 10
ChatterBot Echo round 10
ChatterBot Sierra round 10
ChatterBot Kilo round 10
ChatterBot Lima round 10
2024-10-14 23:32:32.103446 Lima: We should replace Kilo with Sierra
ChatterBot Alpha reevaluating
ChatterBot Papa reevaluating
ChatterBot November reevaluating
2024-10-14 23:32:32.207809 Alpha: Yes
2024-10-14 23:32:32.208166 Papa: No
2024-10-14 23:32:32.208711 November: Yes
2024-10-14 23:32:32.209122 Echo: No
ChatterBot Lima reevaluating
ChatterBot Papa reevaluating
ChatterBot November reevaluating
ChatterBot Lima reevaluating
ChatterBot Alpha reevaluating
ChatterBot November reevaluating
ChatterBot Lima reevaluating
ChatterBot Alpha reevaluating
ChatterBot Papa reevaluating
ChatterBot Lima reevaluating
ChatterBot Alpha reevaluating
ChatterBot Papa reevaluating
ChatterBot November reevaluating
2024-10-14 23:32:32.292679 Tango: Charlie, sending you 2
2024-10-14 23:32:32.296657 Tango: X-ray, sending you 1
2024-10-14 23:32:32.298841 November: Sierra we want you to join our group
2024-10-14 23:32:32.302637 Sierra: Yes
ChatterBot Alpha reevaluating
ChatterBot Lima reevaluating
2024-10-14 23:32:32.317607 Lima: We should replace November with Sierra
ChatterBot Alpha reevaluating
2024-10-14 23:32:32.329886 Alpha: No
2024-10-14 23:32:32.330310 Papa: No
2024-10-14 23:32:32.330502 Echo: No
2024-10-14 23:32:32.330684 Kilo: No
ChatterBot Lima reevaluating
ChatterBot Lima reevaluating
ChatterBot Alpha reevaluating
ChatterBot Lima reevaluating
ChatterBot Alpha reevaluating
ChatterBot Lima reevaluating
ChatterBot Alpha reevaluating
2024-10-14 23:32:32.382536 Echo: Alpha, Papa and Kilo, sending you 2
2024-10-14 23:32:32.386380 Lima: We should replace Echo with Sierra
ChatterBot Alpha reevaluating
ChatterBot November reevaluating
2024-10-14 23:32:32.402447 Alpha: Yes
2024-10-14 23:32:32.402850 Papa: No
2024-10-14 23:32:32.403668 November: No
2024-10-14 23:32:32.404008 Kilo: No
ChatterBot Lima reevaluating
ChatterBot November reevaluating
ChatterBot Lima reevaluating
ChatterBot Alpha reevaluating
ChatterBot November reevaluating
ChatterBot Lima reevaluating
ChatterBot Alpha reevaluating
ChatterBot Lima reevaluating
ChatterBot Alpha reevaluating
ChatterBot November reevaluating
2024-10-14 23:32:32.474953 Echo: November, sending you 3
2024-10-14 23:32:32.475849 Sierra: Alpha, November, Echo and Lima, sending you 1
2024-10-14 23:32:32.476393 Kilo: Alpha, sending you 3
2024-10-14 23:32:32.479853 Echo: Sierra and Lima, sending you 1
2024-10-14 23:32:32.482331 Kilo: Papa, November, Echo, Sierra and Lima, sending you 2
2024-10-14 23:32:32.483285 Sierra: Papa and Kilo, sending you 2
2024-10-14 23:32:32.484832 Alpha: Sierra we want you to join our group
2024-10-14 23:32:32.489229 Sierra: Yes
ChatterBot Alpha reevaluating
ChatterBot November reevaluating
ChatterBot Lima reevaluating
2024-10-14 23:32:32.508486 November: We should replace Lima with Sierra
ChatterBot Alpha reevaluating
2024-10-14 23:32:32.521503 Alpha: Yes
2024-10-14 23:32:32.521658 Papa: No
2024-10-14 23:32:32.521784 Echo: No
2024-10-14 23:32:32.521905 Kilo: No
ChatterBot November reevaluating
ChatterBot Alpha reevaluating
ChatterBot November reevaluating
ChatterBot Alpha reevaluating
ChatterBot November reevaluating
ChatterBot Alpha reevaluating
ChatterBot November reevaluating
2024-10-14 23:32:32.570359 Lima: Sierra we want you to join our group
2024-10-14 23:32:32.573242 Sierra: Yes
ChatterBot Alpha reevaluating
ChatterBot November reevaluating
ChatterBot Lima reevaluating
2024-10-14 23:32:32.610662 November: Alpha, Papa and Echo, sending you 3
2024-10-14 23:32:32.613688 November: Sierra, sending you 1
2024-10-14 23:32:32.616665 Alpha: Papa, November, Echo and Kilo, sending you 3
2024-10-14 23:32:32.617835 Lima: Alpha and Papa, sending you 4
2024-10-14 23:32:32.618346 November: Kilo, sending you 2
2024-10-14 23:32:32.621683 Alpha: Sierra, sending you 2
2024-10-14 23:32:32.622585 Lima: November and Sierra, sending you 1
2024-10-14 23:32:32.626675 Lima: Kilo, sending you 3
chatterbot Charlie submitting transactions
chatterbot Echo submitting transactions
chatterbot Tango submitting transactions
chatterbot Sierra submitting transactions
chatterbot X-ray submitting transactions
chatterbot Kilo submitting transactions
chatterbot Alpha submitting transactions
chatterbot Lima submitting transactions
chatterbot November submitting transactions
chatterbot Papa submitting transactions
ChatterBot Alpha round 11
ChatterBot Papa round 11
ChatterBot Tango round 11
ChatterBot Charlie round 11
ChatterBot November round 11
ChatterBot X-ray round 11
ChatterBot Echo round 11
ChatterBot Sierra round 11
ChatterBot Kilo round 11
ChatterBot Lima round 11
2024-10-14 23:32:33.646326 Alpha: We should replace Echo with Lima
ChatterBot November reevaluating
2024-10-14 23:32:33.685149 Papa: No
2024-10-14 23:32:33.685508 November: Yes
2024-10-14 23:32:33.685831 Sierra: No
2024-10-14 23:32:33.686197 Kilo: No
ChatterBot November reevaluating
ChatterBot November reevaluating
ChatterBot November reevaluating
2024-10-14 23:32:33.752747 Tango: We should add Kilo
ChatterBot Charlie reevaluating
2024-10-14 23:32:33.760742 Charlie: No
2024-10-14 23:32:33.760976 X-ray: No
ChatterBot Tango reevaluating
ChatterBot Charlie reevaluating
ChatterBot Tango reevaluating
2024-10-14 23:32:33.806290 Lima: We should replace November with Echo
ChatterBot Alpha reevaluating
2024-10-14 23:32:33.819930 Alpha: No
2024-10-14 23:32:33.820234 Papa: No
2024-10-14 23:32:33.820385 Sierra: No
2024-10-14 23:32:33.821164 Kilo: No
ChatterBot Lima reevaluating
ChatterBot Lima reevaluating
ChatterBot Alpha reevaluating
ChatterBot Lima reevaluating
ChatterBot Alpha reevaluating
ChatterBot Lima reevaluating
ChatterBot Alpha reevaluating
2024-10-14 23:32:33.878830 November: Lima we want you to join our group
ChatterBot Lima reevaluating
2024-10-14 23:32:33.883145 Lima: Yes
ChatterBot Alpha reevaluating
ChatterBot November reevaluating
2024-10-14 23:32:33.908677 Kilo: Alpha, Papa and Lima, sending you 2
2024-10-14 23:32:33.911042 Echo: Alpha, Papa and Kilo, sending you 2
2024-10-14 23:32:33.913162 Sierra: Alpha, November, Echo and Lima, sending you 1
2024-10-14 23:32:33.915290 Alpha: Lima we want you to join our group
ChatterBot Lima reevaluating
2024-10-14 23:32:33.919999 Lima: Yes
ChatterBot Alpha reevaluating
2024-10-14 23:32:33.936635 Kilo: November, Echo and Sierra, sending you 1
2024-10-14 23:32:33.938147 Echo: November, sending you 3
2024-10-14 23:32:33.938953 Sierra: Papa and Kilo, sending you 2
2024-10-14 23:32:33.940196 Tango: Charlie, sending you 2
2024-10-14 23:32:33.943307 Tango: X-ray, sending you 1
2024-10-14 23:32:33.943839 Echo: Sierra and Lima, sending you 1
2024-10-14 23:32:33.955972 Lima: Alpha, Papa and Kilo, sending you 1
2024-10-14 23:32:33.956932 November: Alpha, sending you 4
2024-10-14 23:32:33.960693 November: Papa and Kilo, sending you 3
2024-10-14 23:32:33.965671 Alpha: Papa, November, Kilo and Lima, sending you 3
2024-10-14 23:32:33.968167 November: Sierra and Lima, sending you 1
2024-10-14 23:32:33.970671 Alpha: Sierra, sending you 2
chatterbot Papa submitting transactions
chatterbot Lima submitting transactions
chatterbot Sierra submitting transactions
chatterbot Alpha submitting transactions
chatterbot Tango submitting transactions
chatterbot Kilo submitting transactions
chatterbot X-ray submitting transactions
chatterbot Charlie submitting transactions
chatterbot Echo submitting transactions
chatterbot November submitting transactions
ChatterBot Alpha round 12
ChatterBot Papa round 12
ChatterBot Tango round 12
ChatterBot Charlie round 12
ChatterBot November round 12
ChatterBot X-ray round 12
ChatterBot Echo round 12
ChatterBot Sierra round 12
ChatterBot Kilo round 12
ChatterBot Lima round 12
2024-10-14 23:32:35.263588 Alpha: We should replace Kilo with Echo
ChatterBot November reevaluating
2024-10-14 23:32:35.295484 Papa: No
2024-10-14 23:32:35.295901 November: Yes
2024-10-14 23:32:35.296416 Sierra: No
2024-10-14 23:32:35.296767 Lima: No
ChatterBot November reevaluating
ChatterBot Lima reevaluating
ChatterBot Lima reevaluating
ChatterBot November reevaluating
ChatterBot Lima reevaluating
ChatterBot November reevaluating
2024-10-14 23:32:35.428006 X-ray: We should add Kilo
2024-10-14 23:32:35.438419 Charlie: No
2024-10-14 23:32:35.438888 Tango: No
ChatterBot X-ray reevaluating
2024-10-14 23:32:35.487856 Alpha: Echo we want you to join our group
2024-10-14 23:32:35.493421 Echo: Yes
ChatterBot November reevaluating
ChatterBot Lima reevaluating
2024-10-14 23:32:35.519499 Lima: We should replace November with Echo
ChatterBot Alpha reevaluating
2024-10-14 23:32:35.542482 Alpha: Yes
2024-10-14 23:32:35.543477 Papa: No
2024-10-14 23:32:35.543791 Sierra: No
2024-10-14 23:32:35.544095 Kilo: No
ChatterBot Lima reevaluating
ChatterBot Lima reevaluating
ChatterBot Alpha reevaluating
ChatterBot Lima reevaluating
ChatterBot Alpha reevaluating
ChatterBot Lima reevaluating
ChatterBot Alpha reevaluating
2024-10-14 23:32:35.649073 November: Echo we want you to join our group
2024-10-14 23:32:35.655856 Echo: Yes
ChatterBot November reevaluating
ChatterBot Alpha reevaluating
ChatterBot Lima reevaluating
2024-10-14 23:32:35.691280 Tango: I was attacked by Kilo
ChatterBot Charlie reevaluating
ChatterBot X-ray reevaluating
2024-10-14 23:32:35.703529 Tango: I'm keeping this round to protect myself
2024-10-14 23:32:35.705186 Tango: Ow
2024-10-14 23:32:35.705718 Sierra: Alpha, Papa, November, Echo and Lima, sending you 1
2024-10-14 23:32:35.707952 Echo: Alpha, Papa and Kilo, sending you 2
2024-10-14 23:32:35.709602 Lima: Echo we want you to join our group
2024-10-14 23:32:35.714829 Echo: Yes
ChatterBot Alpha reevaluating
2024-10-14 23:32:35.733025 Kilo: Sending you each 1
2024-10-14 23:32:35.734353 Sierra: Kilo, sending you 3
2024-10-14 23:32:35.735123 Echo: November, sending you 3
2024-10-14 23:32:35.738716 Echo: Sierra and Lima, sending you 1
chatterbot Papa submitting transactions
2024-10-14 23:32:35.750194 November: Alpha and Echo, sending you 4
2024-10-14 23:32:35.754689 November: Papa, sending you 3
2024-10-14 23:32:35.758660 Lima: Alpha, sending you 2
2024-10-14 23:32:35.761685 November: Sierra, sending you 1
2024-10-14 23:32:35.763659 Lima: Papa, sending you 1
2024-10-14 23:32:35.770129 Alpha: Papa, November, Echo and Lima, sending you 3
2024-10-14 23:32:35.774656 Alpha: Sierra, sending you 2
chatterbot Kilo submitting transactions
chatterbot Sierra submitting transactions
chatterbot X-ray submitting transactions
chatterbot Tango submitting transactions
chatterbot Echo submitting transactions
chatterbot Alpha submitting transactions
chatterbot Lima submitting transactions
chatterbot Charlie submitting transactions
chatterbot November submitting transactions
ChatterBot Alpha round 13
ChatterBot Papa round 13
ChatterBot Tango round 13
ChatterBot Charlie round 13
ChatterBot November round 13
ChatterBot X-ray round 13
ChatterBot Echo round 13
ChatterBot Sierra round 13
ChatterBot Kilo round 13
