ChatterBot Kilo round 1
ChatterBot November round 1
ChatterBot Bravo round 1
ChatterBot Victor round 1
ChatterBot Foxtrot round 1
ChatterBot Juliett round 1
ChatterBot Charlie round 1
ChatterBot Alpha round 1
ChatterBot Echo round 1
ChatterBot Papa round 1
randomSelections Kilo: {Kilo, Bravo, Charlie, Echo, Papa, November, Alpha} 
2024-10-14 20:52:00.206995 Kilo: We should group up
ChatterBot Bravo reevaluating
ChatterBot Charlie reevaluating
ChatterBot Echo reevaluating
ChatterBot Papa reevaluating
ChatterBot November reevaluating
ChatterBot Alpha reevaluating
2024-10-14 20:52:00.222642 Bravo: Yes
2024-10-14 20:52:00.222874 Charlie: Yes
2024-10-14 20:52:00.223123 Echo: Yes
2024-10-14 20:52:00.223417 Papa: Yes
2024-10-14 20:52:00.223625 November: Yes
2024-10-14 20:52:00.223748 Alpha: Yes
ChatterBot Charlie reevaluating
ChatterBot Echo reevaluating
ChatterBot Papa reevaluating
ChatterBot November reevaluating
ChatterBot Alpha reevaluating
ChatterBot Bravo reevaluating
ChatterBot Echo reevaluating
ChatterBot Papa reevaluating
ChatterBot November reevaluating
ChatterBot Alpha reevaluating
ChatterBot Bravo reevaluating
ChatterBot Charlie reevaluating
ChatterBot Papa reevaluating
ChatterBot November reevaluating
ChatterBot Alpha reevaluating
ChatterBot Bravo reevaluating
ChatterBot Charlie reevaluating
ChatterBot Echo reevaluating
ChatterBot November reevaluating
ChatterBot Alpha reevaluating
ChatterBot Bravo reevaluating
ChatterBot Charlie reevaluating
ChatterBot Echo reevaluating
ChatterBot Papa reevaluating
ChatterBot Alpha reevaluating
ChatterBot Bravo reevaluating
ChatterBot Charlie reevaluating
ChatterBot Echo reevaluating
ChatterBot Papa reevaluating
ChatterBot November reevaluating
randomSelections Juliett: {Juliett, Kilo, Bravo, Papa, Charlie} 
2024-10-14 20:52:00.297658 Juliett: Group up?
ChatterBot Bravo reevaluating
ChatterBot Papa reevaluating
ChatterBot Charlie reevaluating
2024-10-14 20:52:00.303715 Kilo: No
2024-10-14 20:52:00.303910 Bravo: No
2024-10-14 20:52:00.304034 Papa: No
2024-10-14 20:52:00.304139 Charlie: No
ChatterBot Bravo reevaluating
ChatterBot Papa reevaluating
ChatterBot Charlie reevaluating
ChatterBot Papa reevaluating
ChatterBot Charlie reevaluating
ChatterBot Bravo reevaluating
ChatterBot Charlie reevaluating
ChatterBot Bravo reevaluating
ChatterBot Papa reevaluating
randomSelections Victor: {Victor, Bravo, Foxtrot, Echo, Charlie} 
2024-10-14 20:52:00.329397 Victor: Can we be friends?
ChatterBot Bravo reevaluating
ChatterBot Foxtrot reevaluating
ChatterBot Echo reevaluating
ChatterBot Charlie reevaluating
2024-10-14 20:52:00.334919 Bravo: No
2024-10-14 20:52:00.335034 Foxtrot: Yes
2024-10-14 20:52:00.335150 Echo: No
2024-10-14 20:52:00.335279 Charlie: No
ChatterBot Foxtrot reevaluating
ChatterBot Echo reevaluating
ChatterBot Charlie reevaluating
ChatterBot Bravo reevaluating
ChatterBot Echo reevaluating
ChatterBot Charlie reevaluating
ChatterBot Bravo reevaluating
ChatterBot Foxtrot reevaluating
ChatterBot Charlie reevaluating
ChatterBot Bravo reevaluating
ChatterBot Foxtrot reevaluating
ChatterBot Echo reevaluating
2024-10-14 20:52:00.377675 Charlie: Kilo, Bravo, Alpha and Echo, sending you 1
2024-10-14 20:52:00.379976 Kilo: November and Charlie, sending you 1
2024-10-14 20:52:00.380726 November: Bravo, Charlie and Alpha, sending you 1
2024-10-14 20:52:00.381202 Alpha: Kilo, Charlie and Echo, sending you 2
2024-10-14 20:52:00.381709 Victor: Bravo, sending you 4
2024-10-14 20:52:00.382677 Kilo: Bravo, sending you 5
2024-10-14 20:52:00.383676 Juliett: Kilo and Charlie, sending you 4
2024-10-14 20:52:00.385699 November: Echo, sending you 4
2024-10-14 20:52:00.386005 Alpha: November, sending you 7
2024-10-14 20:52:00.386822 Victor: Foxtrot, sending you 1
2024-10-14 20:52:00.387092 Foxtrot: Bravo, sending you 4
2024-10-14 20:52:00.387303 Kilo: Echo, sending you 4
2024-10-14 20:52:00.387553 Bravo: Kilo, sending you 2
2024-10-14 20:52:00.387920 Juliett: Bravo, sending you 1
2024-10-14 20:52:00.389678 November: Papa, sending you 5
2024-10-14 20:52:00.390097 Alpha: Bravo, sending you 3
2024-10-14 20:52:00.390697 Foxtrot: Victor and Echo, sending you 2
2024-10-14 20:52:00.391083 Bravo: Charlie, Echo and Papa, sending you 3
2024-10-14 20:52:00.391931 Victor: Charlie and Echo, sending you 3
2024-10-14 20:52:00.392231 Kilo: Papa, sending you 3
2024-10-14 20:52:00.392506 Juliett: Papa, sending you 2
2024-10-14 20:52:00.392771 Echo: Kilo and November, sending you 4
2024-10-14 20:52:00.393223 Papa: Kilo, sending you 5
2024-10-14 20:52:00.393683 Alpha: Papa, sending you 1
2024-10-14 20:52:00.394519 Foxtrot: Charlie, sending you 1
2024-10-14 20:52:00.394966 Bravo: Alpha, sending you 1
2024-10-14 20:52:00.396854 Papa: November, sending you 4
2024-10-14 20:52:00.397723 Echo: Bravo, sending you 1
2024-10-14 20:52:00.400697 Papa: Bravo, Charlie and Alpha, sending you 1
2024-10-14 20:52:00.401657 Echo: Charlie and Papa, sending you 2
2024-10-14 20:52:00.404680 Papa: Echo, sending you 6
2024-10-14 20:52:00.405049 Echo: Alpha, sending you 5
chatterbot Alpha submitting transactions
chatterbot Kilo submitting transactions
chatterbot Echo submitting transactions
chatterbot November submitting transactions
chatterbot Juliett submitting transactions
chatterbot Foxtrot submitting transactions
chatterbot Victor submitting transactions
chatterbot Bravo submitting transactions
chatterbot Charlie submitting transactions
chatterbot Papa submitting transactions
ChatterBot Kilo round 2
ChatterBot November round 2
ChatterBot Bravo round 2
ChatterBot Victor round 2
ChatterBot Foxtrot round 2
ChatterBot Juliett round 2
ChatterBot Charlie round 2
ChatterBot Alpha round 2
ChatterBot Echo round 2
ChatterBot Papa round 2
2024-10-14 20:52:03.823365 Foxtrot: We should group up
ChatterBot Victor reevaluating
ChatterBot Juliett reevaluating
2024-10-14 20:52:03.834371 Victor: Yes
2024-10-14 20:52:03.834582 Juliett: Yes
ChatterBot Juliett reevaluating
ChatterBot Victor reevaluating
2024-10-14 20:52:03.855004 Juliett: Group up?
ChatterBot Victor reevaluating
2024-10-14 20:52:03.863847 Foxtrot: Yes
2024-10-14 20:52:03.864411 Victor: Yes
ChatterBot Victor reevaluating
ChatterBot Juliett reevaluating
ChatterBot Juliett reevaluating
2024-10-14 20:52:03.894839 Charlie: Let's form a team
ChatterBot Juliett reevaluating
ChatterBot Victor reevaluating
2024-10-14 20:52:03.907878 Juliett: Yes
2024-10-14 20:52:03.908063 Victor: Yes
2024-10-14 20:52:03.908170 Foxtrot: No
ChatterBot Victor reevaluating
ChatterBot Juliett reevaluating
ChatterBot Juliett reevaluating
ChatterBot Victor reevaluating
2024-10-14 20:52:03.945687 Kilo: We should drop Charlie
ChatterBot Alpha reevaluating
ChatterBot Echo reevaluating
ChatterBot Papa reevaluating
2024-10-14 20:52:03.966355 November: Yes
2024-10-14 20:52:03.966575 Bravo: Yes
2024-10-14 20:52:03.967183 Alpha: Yes
2024-10-14 20:52:03.967308 Echo: No
2024-10-14 20:52:03.967455 Papa: No
ChatterBot Alpha reevaluating
ChatterBot Echo reevaluating
ChatterBot Papa reevaluating
ChatterBot Alpha reevaluating
ChatterBot Echo reevaluating
ChatterBot Papa reevaluating
ChatterBot Echo reevaluating
ChatterBot Papa reevaluating
ChatterBot Alpha reevaluating
ChatterBot Papa reevaluating
ChatterBot Alpha reevaluating
ChatterBot Echo reevaluating
2024-10-14 20:52:04.086063 Papa: We should replace Charlie with Juliett
2024-10-14 20:52:04.105454 Kilo: No
2024-10-14 20:52:04.105686 November: No
2024-10-14 20:52:04.105833 Bravo: No
2024-10-14 20:52:04.106478 Alpha: No
2024-10-14 20:52:04.106598 Echo: No
ChatterBot Papa reevaluating
ChatterBot Papa reevaluating
ChatterBot Papa reevaluating
ChatterBot Papa reevaluating
ChatterBot Papa reevaluating
2024-10-14 20:52:04.481880 Victor: Sending you each 4
2024-10-14 20:52:04.482399 Foxtrot: Victor, sending you 5
2024-10-14 20:52:04.483580 Kilo: November, sending you 1
2024-10-14 20:52:04.484299 Charlie: Victor and Foxtrot, sending you 1
2024-10-14 20:52:04.485880 Papa: Juliett we want you to join our group
2024-10-14 20:52:04.490436 Juliett: No
chatterbot Foxtrot submitting transactions
chatterbot Victor submitting transactions
2024-10-14 20:52:04.513806 Foxtrot: Juliett, sending you 4
2024-10-14 20:52:04.514107 Kilo: Bravo, Alpha and Echo, sending you 3
2024-10-14 20:52:04.515090 Charlie: Juliett, sending you 2
2024-10-14 20:52:04.601965 Echo: Kilo, November and Papa, sending you 4
2024-10-14 20:52:04.602889 November: Kilo, Bravo, Echo and Papa, sending you 2
2024-10-14 20:52:04.603341 Alpha: Kilo, November, Bravo and Papa, sending you 3
2024-10-14 20:52:04.603689 Bravo: Kilo, sending you 6
2024-10-14 20:52:04.604555 Juliett: Victor and Charlie, sending you 4
2024-10-14 20:52:04.604946 Kilo: Papa, sending you 4
2024-10-14 20:52:04.721207 Echo: Bravo and Alpha, sending you 3
2024-10-14 20:52:04.722046 November: Alpha, sending you 4
2024-10-14 20:52:04.722438 Alpha: Echo, sending you 5
2024-10-14 20:52:04.723558 Bravo: November, Echo and Papa, sending you 1
2024-10-14 20:52:04.724137 Juliett: Foxtrot, sending you 3
2024-10-14 20:52:04.724943 Papa: Kilo, Bravo, Juliett and Echo, sending you 3
2024-10-14 20:52:04.765226 Bravo: Alpha, sending you 3
2024-10-14 20:52:04.766101 Papa: November, sending you 4
2024-10-14 20:52:04.807873 Papa: Alpha, sending you 2
chatterbot Bravo submitting transactions
chatterbot Charlie submitting transactions
chatterbot Juliett submitting transactions
chatterbot Kilo submitting transactions
chatterbot November submitting transactions
chatterbot Alpha submitting transactions
chatterbot Echo submitting transactions
chatterbot Papa submitting transactions
ChatterBot Kilo round 3
ChatterBot November round 3
ChatterBot Bravo round 3
ChatterBot Victor round 3
ChatterBot Foxtrot round 3
ChatterBot Juliett round 3
ChatterBot Charlie round 3
ChatterBot Alpha round 3
ChatterBot Echo round 3
2024-10-14 20:52:05.413505 Foxtrot: We should add Charlie and Echo
ChatterBot Juliett reevaluating
2024-10-14 20:52:05.421640 Victor: No
2024-10-14 20:52:05.421826 Juliett: No
ChatterBot Foxtrot reevaluating
ChatterBot Juliett reevaluating
ChatterBot Foxtrot reevaluating
ChatterBot Papa round 3
2024-10-14 20:52:05.464684 Foxtrot: We should add Charlie and November
ChatterBot Juliett reevaluating
2024-10-14 20:52:05.472894 Victor: No
2024-10-14 20:52:05.473064 Juliett: No
ChatterBot Foxtrot reevaluating
ChatterBot Juliett reevaluating
ChatterBot Foxtrot reevaluating
2024-10-14 20:52:05.492669 November: Kilo, sending you 2
2024-10-14 20:52:05.493171 Bravo: Kilo and Alpha, sending you 3
2024-10-14 20:52:05.494689 Victor: Same as last round
2024-10-14 20:52:05.496830 Juliett: We should drop Charlie
ChatterBot Foxtrot reevaluating
2024-10-14 20:52:05.502703 Foxtrot: No
2024-10-14 20:52:05.502861 Victor: No
ChatterBot Juliett reevaluating
ChatterBot Foxtrot reevaluating
ChatterBot Juliett reevaluating
2024-10-14 20:52:05.515498 Bravo: November, Echo and Papa, sending you 2
2024-10-14 20:52:05.515936 November: Bravo, sending you 1
2024-10-14 20:52:05.519684 November: Alpha, Echo and Papa, sending you 3
2024-10-14 20:52:05.520663 Charlie: Victor and Foxtrot, sending you 1
2024-10-14 20:52:05.521196 Kilo: November and Alpha, sending you 2
2024-10-14 20:52:05.521711 Alpha: Kilo, November, Bravo and Papa, sending you 3
2024-10-14 20:52:05.522419 Echo: Kilo, November, Alpha and Papa, sending you 4
2024-10-14 20:52:05.523653 Foxtrot: Charlie and November we want you to join our group
2024-10-14 20:52:05.530727 Charlie: No
2024-10-14 20:52:05.530911 November: No
ChatterBot Foxtrot reevaluating
ChatterBot Foxtrot reevaluating
2024-10-14 20:52:05.552026 Foxtrot: We should add Charlie and Alpha
2024-10-14 20:52:05.557029 Victor: No
2024-10-14 20:52:05.557247 Juliett: No
ChatterBot Foxtrot reevaluating
ChatterBot Foxtrot reevaluating
2024-10-14 20:52:05.567102 Charlie: Juliett, sending you 2
2024-10-14 20:52:05.567375 Alpha: Echo, sending you 5
2024-10-14 20:52:05.568112 Kilo: Bravo, sending you 4
2024-10-14 20:52:05.568387 Echo: Bravo, sending you 2
2024-10-14 20:52:05.568670 Papa: Kilo, November and Echo, sending you 4
2024-10-14 20:52:05.572672 Kilo: Echo and Papa, sending you 3
2024-10-14 20:52:05.573145 Papa: Bravo and Alpha, sending you 3
2024-10-14 20:52:05.573965 Juliett: Victor and Foxtrot, sending you 4
2024-10-14 20:52:05.577647 Juliett: Charlie, sending you 3
2024-10-14 20:52:05.595660 Foxtrot: November, Juliett and Charlie, sending you 2
2024-10-14 20:52:05.599682 Foxtrot: Victor, sending you 3
chatterbot November submitting transactions
chatterbot Papa submitting transactions
chatterbot Echo submitting transactions
chatterbot Kilo submitting transactions
chatterbot Charlie submitting transactions
chatterbot Victor submitting transactions
chatterbot Foxtrot submitting transactions
chatterbot Alpha submitting transactions
chatterbot Bravo submitting transactions
chatterbot Juliett submitting transactions
ChatterBot Kilo round 4
ChatterBot November round 4
ChatterBot Bravo round 4
ChatterBot Victor round 4
ChatterBot Foxtrot round 4
ChatterBot Juliett round 4
ChatterBot Charlie round 4
ChatterBot Alpha round 4
ChatterBot Echo round 4
ChatterBot Papa round 4
2024-10-14 20:52:06.796414 Bravo: We should drop November
2024-10-14 20:52:06.805940 Kilo: No
2024-10-14 20:52:06.806141 Alpha: No
2024-10-14 20:52:06.806262 Echo: No
2024-10-14 20:52:06.806378 Papa: No
ChatterBot Bravo reevaluating
ChatterBot Bravo reevaluating
ChatterBot Bravo reevaluating
ChatterBot Bravo reevaluating
2024-10-14 20:52:06.854122 November: Kilo, Bravo and Alpha, sending you 2
2024-10-14 20:52:06.854669 Kilo: November, sending you 2
2024-10-14 20:52:06.857674 November: Echo and Papa, sending you 3
2024-10-14 20:52:06.858740 Kilo: Bravo, Alpha, Echo and Papa, sending you 3
2024-10-14 20:52:06.859660 Foxtrot: November, Juliett and Charlie, sending you 2
2024-10-14 20:52:06.860661 Victor: Foxtrot and Juliett, sending you 4
2024-10-14 20:52:06.863652 Papa: Kilo, November and Echo, sending you 4
2024-10-14 20:52:06.864072 Victor: Charlie, sending you 5
2024-10-14 20:52:06.864657 Foxtrot: Victor, sending you 3
2024-10-14 20:52:06.868680 Papa: Bravo and Alpha, sending you 3
2024-10-14 20:52:06.870677 Juliett: Victor, sending you 5
2024-10-14 20:52:06.872681 Charlie: Victor, sending you 2
2024-10-14 20:52:06.872958 Alpha: Kilo, November, Bravo and Papa, sending you 3
2024-10-14 20:52:06.873673 Bravo: Kilo and Alpha, sending you 3
2024-10-14 20:52:06.875651 Juliett: Foxtrot and Charlie, sending you 3
2024-10-14 20:52:06.875923 Charlie: Foxtrot and Juliett, sending you 1
2024-10-14 20:52:06.876657 Echo: Kilo, Alpha and Papa, sending you 4
2024-10-14 20:52:06.877650 Alpha: Echo, sending you 5
2024-10-14 20:52:06.878650 Bravo: November, Echo and Papa, sending you 2
2024-10-14 20:52:06.880708 Echo: November and Bravo, sending you 3
chatterbot November submitting transactions
chatterbot Charlie submitting transactions
chatterbot Bravo submitting transactions
chatterbot Foxtrot submitting transactions
chatterbot Alpha submitting transactions
chatterbot Papa submitting transactions
chatterbot Juliett submitting transactions
chatterbot Victor submitting transactions
chatterbot Echo submitting transactions
chatterbot Kilo submitting transactions
ChatterBot Kilo round 5
ChatterBot November round 5
ChatterBot Bravo round 5
ChatterBot Victor round 5
ChatterBot Foxtrot round 5
ChatterBot Juliett round 5
ChatterBot Charlie round 5
2024-10-14 20:52:07.858596 Foxtrot: We should replace November with Kilo
2024-10-14 20:52:07.865925 Charlie: No
2024-10-14 20:52:07.866457 Juliett: No
2024-10-14 20:52:07.866571 Victor: No
ChatterBot Juliett reevaluating
ChatterBot Foxtrot reevaluating
ChatterBot Foxtrot reevaluating
ChatterBot Juliett reevaluating
ChatterBot Foxtrot reevaluating
ChatterBot Alpha round 5
ChatterBot Echo round 5
ChatterBot Papa round 5
2024-10-14 20:52:07.901670 Foxtrot: We should replace November with Papa
ChatterBot Juliett reevaluating
2024-10-14 20:52:07.909510 Charlie: No
2024-10-14 20:52:07.909700 Juliett: No
2024-10-14 20:52:07.909872 Victor: No
ChatterBot Juliett reevaluating
ChatterBot Foxtrot reevaluating
ChatterBot Foxtrot reevaluating
ChatterBot Juliett reevaluating
ChatterBot Foxtrot reevaluating
2024-10-14 20:52:07.946281 Juliett: We should drop Charlie
ChatterBot Foxtrot reevaluating
2024-10-14 20:52:07.952277 Foxtrot: No
2024-10-14 20:52:07.952460 Victor: No
ChatterBot Foxtrot reevaluating
ChatterBot Juliett reevaluating
2024-10-14 20:52:07.963086 Victor: Foxtrot and Juliett, sending you 4
2024-10-14 20:52:07.965674 Victor: Charlie, sending you 5
2024-10-14 20:52:07.966210 Bravo: Kilo, sending you 4
2024-10-14 20:52:07.966790 Kilo: November, sending you 2
2024-10-14 20:52:07.967757 November: Kilo, Bravo and Alpha, sending you 2
2024-10-14 20:52:07.968206 Charlie: Victor, sending you 2
2024-10-14 20:52:07.970676 Charlie: Foxtrot and Juliett, sending you 1
2024-10-14 20:52:07.971689 Bravo: November, Alpha, Echo and Papa, sending you 2
2024-10-14 20:52:07.972978 Foxtrot: We should drop November
ChatterBot Juliett reevaluating
2024-10-14 20:52:07.983464 Charlie: Yes
2024-10-14 20:52:07.983653 Juliett: Yes
2024-10-14 20:52:07.983818 Victor: Yes
ChatterBot Juliett reevaluating
ChatterBot Foxtrot reevaluating
ChatterBot Foxtrot reevaluating
ChatterBot Juliett reevaluating
ChatterBot Foxtrot reevaluating
2024-10-14 20:52:08.009877 Kilo: Bravo, Alpha, Echo and Papa, sending you 3
2024-10-14 20:52:08.010347 November: Echo and Papa, sending you 3
2024-10-14 20:52:08.013657 Papa: Kilo, November and Echo, sending you 4
2024-10-14 20:52:08.014672 Alpha: Kilo, November, Bravo and Papa, sending you 3
2024-10-14 20:52:08.015203 Echo: Kilo, November, Alpha and Papa, sending you 4
2024-10-14 20:52:08.016666 Papa: Bravo and Alpha, sending you 3
2024-10-14 20:52:08.018688 Echo: Bravo, sending you 2
2024-10-14 20:52:08.019682 Alpha: Echo, sending you 5
2024-10-14 20:52:08.028826 Juliett: Victor, sending you 5
2024-10-14 20:52:08.031684 Juliett: Foxtrot and Charlie, sending you 3
chatterbot November submitting transactions
chatterbot Foxtrot submitting transactions
chatterbot Juliett submitting transactions
chatterbot Bravo submitting transactions
chatterbot Alpha submitting transactions
chatterbot Echo submitting transactions
chatterbot Papa submitting transactions
chatterbot Victor submitting transactions
chatterbot Kilo submitting transactions
chatterbot Charlie submitting transactions
ChatterBot Kilo round 6
ChatterBot November round 6
ChatterBot Bravo round 6
ChatterBot Victor round 6
ChatterBot Foxtrot round 6
ChatterBot Juliett round 6
ChatterBot Charlie round 6
ChatterBot Alpha round 6
ChatterBot Echo round 6
ChatterBot Papa round 6
2024-10-14 20:52:08.988305 Foxtrot: We should drop November
2024-10-14 20:52:09.054868 Charlie: Yes
2024-10-14 20:52:09.055202 Juliett: Yes
2024-10-14 20:52:09.055454 Victor: Yes
ChatterBot Foxtrot reevaluating
ChatterBot Foxtrot reevaluating
ChatterBot Foxtrot reevaluating
2024-10-14 20:52:09.118865 Bravo: We should drop November
2024-10-14 20:52:09.132812 Kilo: No
2024-10-14 20:52:09.133103 Alpha: No
2024-10-14 20:52:09.133305 Echo: No
2024-10-14 20:52:09.133509 Papa: No
ChatterBot Bravo reevaluating
ChatterBot Bravo reevaluating
ChatterBot Bravo reevaluating
ChatterBot Bravo reevaluating
2024-10-14 20:52:09.175672 Victor: Foxtrot and Juliett, sending you 4
2024-10-14 20:52:09.176690 Kilo: November, sending you 2
2024-10-14 20:52:09.178471 November: Kilo, Bravo and Alpha, sending you 2
2024-10-14 20:52:09.179716 Victor: Charlie, sending you 5
2024-10-14 20:52:09.182670 Kilo: Bravo, Alpha, Echo and Papa, sending you 3
2024-10-14 20:52:09.183705 November: Echo and Papa, sending you 3
2024-10-14 20:52:09.185174 Juliett: Victor, sending you 5
2024-10-14 20:52:09.187230 Alpha: Kilo, November, Bravo and Papa, sending you 3
2024-10-14 20:52:09.189674 Juliett: Foxtrot and Charlie, sending you 3
2024-10-14 20:52:09.190207 Papa: Kilo, November and Echo, sending you 4
2024-10-14 20:52:09.190941 Charlie: Victor, sending you 2
2024-10-14 20:52:09.191379 Echo: Kilo, November, Alpha and Papa, sending you 4
2024-10-14 20:52:09.192468 Alpha: Echo, sending you 5
2024-10-14 20:52:09.193978 Papa: Bravo and Alpha, sending you 3
2024-10-14 20:52:09.195014 Charlie: Foxtrot and Juliett, sending you 1
2024-10-14 20:52:09.195786 Echo: Bravo, sending you 2
2024-10-14 20:52:09.197054 Foxtrot: November, Juliett and Charlie, sending you 2
2024-10-14 20:52:09.201699 Foxtrot: Victor, sending you 3
2024-10-14 20:52:09.202386 Bravo: Kilo, sending you 4
2024-10-14 20:52:09.205669 Bravo: Alpha and Papa, sending you 3
2024-10-14 20:52:09.211326 Bravo: Echo, sending you 2
chatterbot Echo submitting transactions
chatterbot Kilo submitting transactions
chatterbot Papa submitting transactions
chatterbot Victor submitting transactions
chatterbot Charlie submitting transactions
chatterbot Bravo submitting transactions
chatterbot November submitting transactions
chatterbot Foxtrot submitting transactions
chatterbot Juliett submitting transactions
chatterbot Alpha submitting transactions
ChatterBot Kilo round 7
ChatterBot November round 7
ChatterBot Bravo round 7
ChatterBot Victor round 7
ChatterBot Foxtrot round 7
ChatterBot Juliett round 7
ChatterBot Charlie round 7
ChatterBot Alpha round 7
ChatterBot Echo round 7
ChatterBot Papa round 7
2024-10-14 20:52:10.322872 Foxtrot: We should drop November
2024-10-14 20:52:10.335019 Charlie: Yes
2024-10-14 20:52:10.335267 Juliett: Yes
2024-10-14 20:52:10.335470 Victor: Yes
ChatterBot Foxtrot reevaluating
ChatterBot Foxtrot reevaluating
ChatterBot Foxtrot reevaluating
2024-10-14 20:52:10.377690 Victor: Foxtrot and Juliett, sending you 4
2024-10-14 20:52:10.380647 Victor: Charlie, sending you 5
2024-10-14 20:52:10.382931 November: Kilo, Bravo and Alpha, sending you 2
2024-10-14 20:52:10.383519 Alpha: Kilo, November, Bravo and Papa, sending you 3
2024-10-14 20:52:10.385704 November: Echo and Papa, sending you 3
2024-10-14 20:52:10.387089 Bravo: Kilo, sending you 4
2024-10-14 20:52:10.387727 Charlie: Victor, sending you 2
2024-10-14 20:52:10.388122 Alpha: Echo, sending you 5
2024-10-14 20:52:10.391696 Echo: Kilo, November, Alpha and Papa, sending you 4
2024-10-14 20:52:10.392667 Bravo: November, Alpha, Echo and Papa, sending you 2
2024-10-14 20:52:10.393823 Charlie: Foxtrot and Juliett, sending you 1
2024-10-14 20:52:10.394209 Juliett: Victor, sending you 5
2024-10-14 20:52:10.395659 Echo: Bravo, sending you 2
2024-10-14 20:52:10.396953 Kilo: November, sending you 2
2024-10-14 20:52:10.398680 Papa: Kilo, November and Echo, sending you 4
2024-10-14 20:52:10.399733 Juliett: Foxtrot and Charlie, sending you 3
2024-10-14 20:52:10.400677 Kilo: Bravo, Alpha, Echo and Papa, sending you 3
2024-10-14 20:52:10.402696 Papa: Bravo and Alpha, sending you 3
chatterbot Kilo submitting transactions
chatterbot Juliett submitting transactions
chatterbot Foxtrot submitting transactions
chatterbot Echo submitting transactions
chatterbot Bravo submitting transactions
chatterbot Papa submitting transactions
chatterbot Victor submitting transactions
chatterbot Alpha submitting transactions
chatterbot Charlie submitting transactions
chatterbot November submitting transactions
ChatterBot Kilo round 8
ChatterBot November round 8
ChatterBot Bravo round 8
ChatterBot Victor round 8
ChatterBot Foxtrot round 8
ChatterBot Juliett round 8
ChatterBot Charlie round 8
ChatterBot Alpha round 8
ChatterBot Echo round 8
ChatterBot Papa round 8
2024-10-14 20:52:11.519594 Foxtrot: We should replace November with Kilo
2024-10-14 20:52:11.526406 Charlie: No
2024-10-14 20:52:11.526571 Juliett: No
2024-10-14 20:52:11.526714 Victor: No
ChatterBot Foxtrot reevaluating
ChatterBot Foxtrot reevaluating
ChatterBot Foxtrot reevaluating
2024-10-14 20:52:11.560708 Bravo: We should drop November
2024-10-14 20:52:11.568372 Kilo: No
2024-10-14 20:52:11.568532 Alpha: No
2024-10-14 20:52:11.568656 Echo: No
2024-10-14 20:52:11.568764 Papa: No
ChatterBot Bravo reevaluating
ChatterBot Bravo reevaluating
ChatterBot Bravo reevaluating
ChatterBot Bravo reevaluating
2024-10-14 20:52:11.603170 Foxtrot: We should replace November with Alpha
2024-10-14 20:52:11.610155 Charlie: No
2024-10-14 20:52:11.610295 Juliett: No
2024-10-14 20:52:11.610411 Victor: No
ChatterBot Foxtrot reevaluating
ChatterBot Foxtrot reevaluating
ChatterBot Foxtrot reevaluating
2024-10-14 20:52:11.642447 Foxtrot: We should replace November with Papa
2024-10-14 20:52:11.651543 Charlie: No
2024-10-14 20:52:11.651694 Juliett: No
2024-10-14 20:52:11.651817 Victor: No
ChatterBot Foxtrot reevaluating
ChatterBot Foxtrot reevaluating
ChatterBot Foxtrot reevaluating
2024-10-14 20:52:11.673560 Kilo: November, sending you 2
2024-10-14 20:52:11.674064 November: Kilo, Bravo and Alpha, sending you 2
2024-10-14 20:52:11.677948 Alpha: Kilo, November, Bravo and Papa, sending you 3
2024-10-14 20:52:11.678719 Victor: Foxtrot and Juliett, sending you 4
2024-10-14 20:52:11.679173 November: Echo and Papa, sending you 3
2024-10-14 20:52:11.679633 Papa: Kilo, November and Echo, sending you 4
2024-10-14 20:52:11.680386 Juliett: Victor, sending you 5
2024-10-14 20:52:11.680723 Kilo: Bravo, Alpha, Echo and Papa, sending you 3
2024-10-14 20:52:11.681134 Charlie: Victor, sending you 2
2024-10-14 20:52:11.681411 Echo: Kilo, November, Alpha and Papa, sending you 4
2024-10-14 20:52:11.681891 Foxtrot: Alpha we want you to join our group
2024-10-14 20:52:11.684736 Alpha: No
ChatterBot Foxtrot reevaluating
2024-10-14 20:52:11.693417 Victor: Charlie, sending you 5
2024-10-14 20:52:11.694040 Alpha: Echo, sending you 5
2024-10-14 20:52:11.694443 Papa: Bravo and Alpha, sending you 3
2024-10-14 20:52:11.694844 Charlie: Foxtrot and Juliett, sending you 1
2024-10-14 20:52:11.695119 Juliett: Foxtrot and Charlie, sending you 3
2024-10-14 20:52:11.695391 Echo: Bravo, sending you 2
2024-10-14 20:52:11.698708 Bravo: Kilo, sending you 4
2024-10-14 20:52:11.703738 Bravo: Alpha and Papa, sending you 3
2024-10-14 20:52:11.709663 Bravo: Echo, sending you 2
2024-10-14 20:52:11.720668 Foxtrot: November, Juliett and Charlie, sending you 2
2024-10-14 20:52:11.725267 Foxtrot: Victor, sending you 3
chatterbot Juliett submitting transactions
chatterbot Kilo submitting transactions
chatterbot Alpha submitting transactions
chatterbot Victor submitting transactions
chatterbot Papa submitting transactions
chatterbot Bravo submitting transactions
chatterbot November submitting transactions
chatterbot Foxtrot submitting transactions
chatterbot Charlie submitting transactions
chatterbot Echo submitting transactions
ChatterBot Kilo round 9
ChatterBot November round 9
ChatterBot Bravo round 9
ChatterBot Victor round 9
ChatterBot Foxtrot round 9
ChatterBot Juliett round 9
ChatterBot Charlie round 9
ChatterBot Alpha round 9
ChatterBot Echo round 9
ChatterBot Papa round 9
2024-10-14 20:52:12.836326 Foxtrot: We should replace November with Kilo
2024-10-14 20:52:12.843703 Charlie: No
2024-10-14 20:52:12.843864 Juliett: No
2024-10-14 20:52:12.843995 Victor: No
ChatterBot Foxtrot reevaluating
ChatterBot Foxtrot reevaluating
ChatterBot Foxtrot reevaluating
2024-10-14 20:52:12.883689 November: Kilo, Bravo and Alpha, sending you 2
2024-10-14 20:52:12.886848 Foxtrot: Kilo we want you to join our group
2024-10-14 20:52:12.891041 Kilo: No
ChatterBot Foxtrot reevaluating
2024-10-14 20:52:12.904565 Foxtrot: We should replace November with Papa
2024-10-14 20:52:12.914062 Charlie: No
2024-10-14 20:52:12.914295 Juliett: No
2024-10-14 20:52:12.914994 Victor: No
ChatterBot Juliett reevaluating
ChatterBot Foxtrot reevaluating
ChatterBot Foxtrot reevaluating
ChatterBot Juliett reevaluating
ChatterBot Foxtrot reevaluating
2024-10-14 20:52:12.943866 November: Echo and Papa, sending you 3
2024-10-14 20:52:12.944888 Victor: Foxtrot and Juliett, sending you 4
2024-10-14 20:52:12.945877 Papa: Kilo, November and Echo, sending you 4
2024-10-14 20:52:12.946927 Charlie: Victor, sending you 2
2024-10-14 20:52:12.948664 Kilo: November, sending you 2
2024-10-14 20:52:12.950681 Victor: Charlie, sending you 5
2024-10-14 20:52:12.951096 Papa: Bravo and Alpha, sending you 3
2024-10-14 20:52:12.952004 Charlie: Foxtrot and Juliett, sending you 1
2024-10-14 20:52:12.952449 Echo: Kilo, November, Alpha and Papa, sending you 4
2024-10-14 20:52:12.952982 Alpha: Kilo, November, Bravo and Papa, sending you 3
2024-10-14 20:52:12.954673 Kilo: Bravo, Alpha, Echo and Papa, sending you 3
2024-10-14 20:52:12.956661 Alpha: Echo, sending you 5
2024-10-14 20:52:12.958066 Echo: Bravo, sending you 2
2024-10-14 20:52:12.964077 Bravo: Kilo, sending you 4
2024-10-14 20:52:12.968697 Bravo: Alpha and Papa, sending you 3
2024-10-14 20:52:12.970077 Foxtrot: November, Juliett and Charlie, sending you 2
2024-10-14 20:52:12.972681 Bravo: Echo, sending you 2
2024-10-14 20:52:12.973670 Foxtrot: Victor, sending you 3
chatterbot Echo submitting transactions
chatterbot Alpha submitting transactions
chatterbot November submitting transactions
chatterbot Juliett submitting transactions
chatterbot Bravo submitting transactions
chatterbot Charlie submitting transactions
chatterbot Victor submitting transactions
chatterbot Kilo submitting transactions
chatterbot Papa submitting transactions
chatterbot Foxtrot submitting transactions
ChatterBot Kilo round 10
ChatterBot November round 10
ChatterBot Bravo round 10
ChatterBot Victor round 10
ChatterBot Foxtrot round 10
ChatterBot Juliett round 10
ChatterBot Charlie round 10
ChatterBot Alpha round 10
2024-10-14 20:52:14.034879 Foxtrot: We should replace November with Alpha
2024-10-14 20:52:14.046355 Charlie: No
2024-10-14 20:52:14.046564 Juliett: No
2024-10-14 20:52:14.046754 Victor: No
ChatterBot Foxtrot reevaluating
ChatterBot Foxtrot reevaluating
ChatterBot Foxtrot reevaluating
ChatterBot Echo round 10
ChatterBot Papa round 10
2024-10-14 20:52:14.095227 Foxtrot: Alpha we want you to join our group
2024-10-14 20:52:14.097810 Alpha: No
ChatterBot Foxtrot reevaluating
2024-10-14 20:52:14.112678 Bravo: Kilo, sending you 4
2024-10-14 20:52:14.113894 November: Kilo, Bravo and Alpha, sending you 2
2024-10-14 20:52:14.114472 Kilo: November, sending you 2
2024-10-14 20:52:14.115235 Charlie: Victor, sending you 2
2024-10-14 20:52:14.116392 Victor: Foxtrot and Juliett, sending you 4
2024-10-14 20:52:14.117195 November: Echo and Papa, sending you 3
2024-10-14 20:52:14.118910 Bravo: Alpha and Papa, sending you 3
2024-10-14 20:52:14.119348 Kilo: Bravo, Alpha, Echo and Papa, sending you 3
2024-10-14 20:52:14.119990 Alpha: Kilo, November, Bravo and Papa, sending you 3
2024-10-14 20:52:14.120673 Victor: Charlie, sending you 5
2024-10-14 20:52:14.121709 Charlie: Foxtrot and Juliett, sending you 1
2024-10-14 20:52:14.122689 Bravo: Echo, sending you 2
2024-10-14 20:52:14.123675 Alpha: Echo, sending you 5
2024-10-14 20:52:14.125691 Foxtrot: November, Juliett and Charlie, sending you 2
2024-10-14 20:52:14.130705 Foxtrot: Victor, sending you 3
2024-10-14 20:52:14.131683 Echo: Kilo, November, Alpha and Papa, sending you 4
2024-10-14 20:52:14.133034 Papa: Kilo, November and Echo, sending you 4
2024-10-14 20:52:14.136653 Echo: Bravo, sending you 2
2024-10-14 20:52:14.137719 Papa: Bravo and Alpha, sending you 3
chatterbot Charlie submitting transactions
chatterbot Alpha submitting transactions
chatterbot Juliett submitting transactions
chatterbot Foxtrot submitting transactions
chatterbot November submitting transactions
chatterbot Echo submitting transactions
chatterbot Papa submitting transactions
chatterbot Kilo submitting transactions
chatterbot Bravo submitting transactions
chatterbot Victor submitting transactions
ChatterBot Kilo round 11
ChatterBot November round 11
ChatterBot Bravo round 11
ChatterBot Victor round 11
ChatterBot Foxtrot round 11
ChatterBot Juliett round 11
ChatterBot Charlie round 11
ChatterBot Alpha round 11
ChatterBot Echo round 11
ChatterBot Papa round 11
2024-10-14 20:52:15.163726 Foxtrot: We should replace November with Alpha
2024-10-14 20:52:15.170823 Charlie: No
2024-10-14 20:52:15.170986 Juliett: No
2024-10-14 20:52:15.171124 Victor: No
ChatterBot Foxtrot reevaluating
ChatterBot Foxtrot reevaluating
ChatterBot Foxtrot reevaluating
2024-10-14 20:52:15.206459 Foxtrot: We should replace November with Papa
2024-10-14 20:52:15.212828 Charlie: No
2024-10-14 20:52:15.212968 Juliett: No
2024-10-14 20:52:15.213082 Victor: No
ChatterBot Foxtrot reevaluating
ChatterBot Foxtrot reevaluating
ChatterBot Foxtrot reevaluating
2024-10-14 20:52:15.235655 Kilo: November, sending you 2
2024-10-14 20:52:15.236869 Bravo: Kilo, sending you 4
2024-10-14 20:52:15.237272 Victor: Foxtrot and Juliett, sending you 4
2024-10-14 20:52:15.237746 November: Kilo, Bravo and Alpha, sending you 2
2024-10-14 20:52:15.240690 Kilo: Bravo, Alpha, Echo and Papa, sending you 3
2024-10-14 20:52:15.242366 Bravo: Alpha and Papa, sending you 3
2024-10-14 20:52:15.242803 November: Echo and Papa, sending you 3
2024-10-14 20:52:15.243416 Victor: Charlie, sending you 5
2024-10-14 20:52:15.243931 Foxtrot: Alpha we want you to join our group
2024-10-14 20:52:15.247463 Alpha: No
ChatterBot Foxtrot reevaluating
ChatterBot Juliett reevaluating
2024-10-14 20:52:15.261609 Juliett: We should add Papa
ChatterBot Foxtrot reevaluating
2024-10-14 20:52:15.273578 Charlie: No
2024-10-14 20:52:15.273758 Victor: No
2024-10-14 20:52:15.273888 Foxtrot: Yes
ChatterBot Juliett reevaluating
ChatterBot Foxtrot reevaluating
ChatterBot Juliett reevaluating
ChatterBot Foxtrot reevaluating
ChatterBot Juliett reevaluating
2024-10-14 20:52:15.300094 Alpha: Kilo, November, Bravo and Papa, sending you 3
2024-10-14 20:52:15.301137 Charlie: Victor, sending you 2
2024-10-14 20:52:15.301723 Bravo: Echo, sending you 2
2024-10-14 20:52:15.304704 Alpha: Echo, sending you 5
2024-10-14 20:52:15.305520 Charlie: Foxtrot and Juliett, sending you 1
2024-10-14 20:52:15.306011 Papa: Kilo, November and Echo, sending you 4
2024-10-14 20:52:15.307009 Echo: Kilo, November, Alpha and Papa, sending you 4
2024-10-14 20:52:15.309677 Echo: Bravo, sending you 2
2024-10-14 20:52:15.311670 Papa: Bravo and Alpha, sending you 3
chatterbot Victor submitting transactions
chatterbot Papa submitting transactions
chatterbot Kilo submitting transactions
chatterbot Bravo submitting transactions
chatterbot Charlie submitting transactions
chatterbot November submitting transactions
chatterbot Alpha submitting transactions
chatterbot Juliett submitting transactions
chatterbot Foxtrot submitting transactions
chatterbot Echo submitting transactions
ChatterBot Kilo round 12
ChatterBot November round 12
ChatterBot Bravo round 12
ChatterBot Victor round 12
ChatterBot Foxtrot round 12
ChatterBot Juliett round 12
ChatterBot Charlie round 12
ChatterBot Alpha round 12
ChatterBot Echo round 12
ChatterBot Papa round 12
2024-10-14 20:52:16.313668 November: Kilo, Bravo and Alpha, sending you 2
2024-10-14 20:52:16.317668 Kilo: November, sending you 2
2024-10-14 20:52:16.318674 November: Echo and Papa, sending you 3
2024-10-14 20:52:16.319367 Victor: Foxtrot and Juliett, sending you 4
2024-10-14 20:52:16.319934 Bravo: Kilo, sending you 4
2024-10-14 20:52:16.321052 Echo: Kilo, November, Alpha and Papa, sending you 4
2024-10-14 20:52:16.321734 Kilo: Bravo, Alpha, Echo and Papa, sending you 3
2024-10-14 20:52:16.323671 Foxtrot: November, Juliett and Charlie, sending you 2
2024-10-14 20:52:16.324660 Victor: Charlie, sending you 5
2024-10-14 20:52:16.325679 Bravo: Alpha and Papa, sending you 3
2024-10-14 20:52:16.326397 Charlie: Victor, sending you 2
2024-10-14 20:52:16.326896 Alpha: Kilo, November, Bravo and Papa, sending you 3
2024-10-14 20:52:16.327790 Echo: Bravo, sending you 2
2024-10-14 20:52:16.328672 Foxtrot: Victor, sending you 3
2024-10-14 20:52:16.329067 Bravo: Echo, sending you 2
2024-10-14 20:52:16.331241 Alpha: Echo, sending you 5
2024-10-14 20:52:16.332466 Charlie: Foxtrot and Juliett, sending you 1
2024-10-14 20:52:16.333672 Papa: Kilo, November and Echo, sending you 4
2024-10-14 20:52:16.338655 Papa: Bravo and Alpha, sending you 3
chatterbot Bravo submitting transactions
chatterbot Juliett submitting transactions
chatterbot November submitting transactions
chatterbot Papa submitting transactions
chatterbot Echo submitting transactions
chatterbot Charlie submitting transactions
chatterbot Victor submitting transactions
chatterbot Foxtrot submitting transactions
chatterbot Alpha submitting transactions
chatterbot Kilo submitting transactions
ChatterBot Kilo round 13
ChatterBot November round 13
ChatterBot Bravo round 13
ChatterBot Victor round 13
ChatterBot Foxtrot round 13
ChatterBot Juliett round 13
ChatterBot Charlie round 13
ChatterBot Alpha round 13
ChatterBot Echo round 13
ChatterBot Papa round 13
2024-10-14 20:52:17.606687 Bravo: Kilo, sending you 4
2024-10-14 20:52:17.608192 Alpha: Kilo, November, Bravo and Papa, sending you 3
2024-10-14 20:52:17.609 Charlie: Victor, sending you 2
2024-10-14 20:52:17.610237 Foxtrot: November, Juliett and Charlie, sending you 2
2024-10-14 20:52:17.610911 Kilo: November, sending you 2
2024-10-14 20:52:17.612450 Alpha: Echo, sending you 5
2024-10-14 20:52:17.613477 Papa: Kilo, November and Echo, sending you 4
2024-10-14 20:52:17.614957 Bravo: Alpha and Papa, sending you 3
2024-10-14 20:52:17.615567 Charlie: Foxtrot and Juliett, sending you 1
2024-10-14 20:52:17.616961 Foxtrot: Victor, sending you 3
2024-10-14 20:52:17.617384 Echo: Kilo, November, Alpha and Papa, sending you 4
2024-10-14 20:52:17.618810 Kilo: Bravo, Alpha, Echo and Papa, sending you 3
2024-10-14 20:52:17.619765 Papa: Bravo and Alpha, sending you 3
2024-10-14 20:52:17.620978 Bravo: Echo, sending you 2
2024-10-14 20:52:17.621678 November: Kilo, Bravo and Alpha, sending you 2
2024-10-14 20:52:17.622797 Victor: Foxtrot, sending you 4
2024-10-14 20:52:17.623431 Echo: Bravo, sending you 2
2024-10-14 20:52:17.625699 November: Echo and Papa, sending you 3
2024-10-14 20:52:17.627202 Victor: Juliett, sending you 3
2024-10-14 20:52:17.631655 Victor: Charlie, sending you 6
chatterbot Kilo submitting transactions
chatterbot Foxtrot submitting transactions
chatterbot Alpha submitting transactions
chatterbot Papa submitting transactions
chatterbot Bravo submitting transactions
chatterbot November submitting transactions
chatterbot Juliett submitting transactions
chatterbot Echo submitting transactions
chatterbot Charlie submitting transactions
chatterbot Victor submitting transactions
ChatterBot Kilo round 14
ChatterBot November round 14
ChatterBot Bravo round 14
ChatterBot Victor round 14
ChatterBot Foxtrot round 14
ChatterBot Juliett round 14
ChatterBot Charlie round 14
ChatterBot Alpha round 14
ChatterBot Echo round 14
ChatterBot Papa round 14
2024-10-14 20:52:18.865962 Foxtrot: We should replace November with Papa
ChatterBot Juliett reevaluating
2024-10-14 20:52:18.875923 Charlie: No
2024-10-14 20:52:18.876238 Juliett: No
2024-10-14 20:52:18.876501 Victor: No
ChatterBot Juliett reevaluating
ChatterBot Foxtrot reevaluating
ChatterBot Foxtrot reevaluating
ChatterBot Juliett reevaluating
ChatterBot Foxtrot reevaluating
2024-10-14 20:52:18.919576 Foxtrot: We should replace November with Echo
ChatterBot Juliett reevaluating
2024-10-14 20:52:18.929241 Charlie: No
2024-10-14 20:52:18.929570 Juliett: No
2024-10-14 20:52:18.930457 Victor: No
ChatterBot Juliett reevaluating
ChatterBot Foxtrot reevaluating
ChatterBot Foxtrot reevaluating
ChatterBot Juliett reevaluating
ChatterBot Foxtrot reevaluating
2024-10-14 20:52:18.983394 Victor: Foxtrot, sending you 4
2024-10-14 20:52:18.985426 Papa: Kilo, November and Echo, sending you 4
2024-10-14 20:52:18.987810 Bravo: Kilo, sending you 4
2024-10-14 20:52:18.989634 November: Kilo, Bravo and Alpha, sending you 2
2024-10-14 20:52:18.992111 Echo: Kilo, November, Alpha and Papa, sending you 4
2024-10-14 20:52:18.994793 Kilo: November, sending you 2
2024-10-14 20:52:18.997634 Foxtrot: Papa we want you to join our group
2024-10-14 20:52:19.003765 Papa: No
ChatterBot Foxtrot reevaluating
