ChatterBot Uniform round 1
ChatterBot Alpha round 1
ChatterBot Echo round 1
randomSelections Alpha: {Alpha, Hotel, Echo, India, Quebec} 
2024-10-14 20:51:59.387189 Alpha: Friends?
ChatterBot Echo reevaluating
2024-10-14 20:51:59.395062 Echo: Yes
ChatterBot Quebec round 1
ChatterBot Quebec reevaluating
ChatterBot Quebec reevaluating
2024-10-14 20:51:59.405586 Quebec: Yes
ChatterBot Echo reevaluating
ChatterBot Oscar round 1
ChatterBot Hotel round 1
ChatterBot Hotel reevaluating
ChatterBot Hotel reevaluating
ChatterBot Hotel reevaluating
2024-10-14 20:51:59.420746 Hotel: Yes
ChatterBot Echo reevaluating
ChatterBot Quebec reevaluating
randomSelections Uniform: {Uniform, Echo, Hotel, Sierra, Alpha, Kilo} 
2024-10-14 20:51:59.433700 Uniform: Let's form a team
ChatterBot Echo reevaluating
ChatterBot Hotel reevaluating
2024-10-14 20:51:59.440235 Echo: No
2024-10-14 20:51:59.441016 Hotel: No
2024-10-14 20:51:59.441227 Alpha: No
ChatterBot Hotel reevaluating
ChatterBot Echo reevaluating
ChatterBot Echo reevaluating
ChatterBot Hotel reevaluating
ChatterBot Kilo round 1
ChatterBot Kilo reevaluating
ChatterBot Kilo reevaluating
ChatterBot Kilo reevaluating
ChatterBot Kilo reevaluating
2024-10-14 20:51:59.460084 Kilo: Yes
ChatterBot Echo reevaluating
ChatterBot Hotel reevaluating
ChatterBot Sierra round 1
ChatterBot Sierra reevaluating
ChatterBot Sierra reevaluating
ChatterBot Sierra reevaluating
ChatterBot Sierra reevaluating
ChatterBot Sierra reevaluating
2024-10-14 20:51:59.474011 Sierra: Yes
ChatterBot Echo reevaluating
ChatterBot Hotel reevaluating
ChatterBot Kilo reevaluating
ChatterBot Bravo round 1
ChatterBot India round 1
ChatterBot India reevaluating
ChatterBot India reevaluating
ChatterBot India reevaluating
ChatterBot India reevaluating
2024-10-14 20:51:59.491167 India: Yes
ChatterBot Hotel reevaluating
ChatterBot Echo reevaluating
ChatterBot Quebec reevaluating
randomSelections Oscar: {Oscar, Alpha, Hotel, Echo, Quebec, Sierra, Bravo} 
2024-10-14 20:51:59.560245 Oscar: Friends?
ChatterBot Hotel reevaluating
ChatterBot Echo reevaluating
ChatterBot Quebec reevaluating
ChatterBot Sierra reevaluating
ChatterBot Bravo reevaluating
2024-10-14 20:51:59.607948 Alpha: No
2024-10-14 20:51:59.609409 Hotel: No
2024-10-14 20:51:59.609869 Echo: No
2024-10-14 20:51:59.610521 Quebec: No
2024-10-14 20:51:59.611680 Sierra: No
2024-10-14 20:51:59.611930 Bravo: Yes
ChatterBot Hotel reevaluating
ChatterBot Echo reevaluating
ChatterBot Quebec reevaluating
ChatterBot Sierra reevaluating
ChatterBot Bravo reevaluating
ChatterBot Echo reevaluating
ChatterBot Quebec reevaluating
ChatterBot Sierra reevaluating
ChatterBot Bravo reevaluating
ChatterBot Hotel reevaluating
ChatterBot Quebec reevaluating
ChatterBot Sierra reevaluating
ChatterBot Bravo reevaluating
ChatterBot Hotel reevaluating
ChatterBot Echo reevaluating
ChatterBot Sierra reevaluating
ChatterBot Bravo reevaluating
ChatterBot Hotel reevaluating
ChatterBot Echo reevaluating
ChatterBot Quebec reevaluating
ChatterBot Bravo reevaluating
ChatterBot Hotel reevaluating
ChatterBot Echo reevaluating
ChatterBot Quebec reevaluating
ChatterBot Sierra reevaluating
2024-10-14 20:51:59.713187 Alpha: Echo and Quebec, sending you 3
2024-10-14 20:51:59.714746 Uniform: Alpha, sending you 6
2024-10-14 20:51:59.717981 Alpha: India, sending you 2
2024-10-14 20:51:59.720112 Uniform: Echo, sending you 5
2024-10-14 20:51:59.722222 Hotel: Alpha, sending you 3
2024-10-14 20:51:59.723868 Echo: Alpha, sending you 5
2024-10-14 20:51:59.724733 Quebec: Alpha, Hotel and India, sending you 4
2024-10-14 20:51:59.726415 Bravo: Alpha, sending you 2
2024-10-14 20:51:59.727538 Uniform: Hotel and Sierra, sending you 2
2024-10-14 20:51:59.729422 Hotel: Echo, sending you 1
2024-10-14 20:51:59.730949 Echo: Hotel, sending you 1
2024-10-14 20:51:59.732137 Kilo: Uniform, sending you 4
2024-10-14 20:51:59.735533 Quebec: Echo, sending you 5
2024-10-14 20:51:59.736876 Sierra: Uniform and Kilo, sending you 2
2024-10-14 20:51:59.740555 Bravo: Quebec, Oscar and Hotel, sending you 4
2024-10-14 20:51:59.744115 India: Echo and Quebec, sending you 3
2024-10-14 20:51:59.745436 Oscar: Echo, Quebec and Hotel, sending you 1
2024-10-14 20:51:59.746923 Hotel: Quebec, sending you 5
2024-10-14 20:51:59.751608 Echo: India, sending you 3
2024-10-14 20:51:59.752563 Kilo: Alpha, sending you 2
2024-10-14 20:51:59.756067 Sierra: Alpha, sending you 5
2024-10-14 20:51:59.757879 Bravo: Sierra, sending you 1
2024-10-14 20:51:59.759019 India: Hotel, sending you 5
2024-10-14 20:51:59.760697 Oscar: Sierra, sending you 3
2024-10-14 20:51:59.765553 Hotel: India, sending you 2
2024-10-14 20:51:59.767041 Kilo: Echo, sending you 6
2024-10-14 20:51:59.769376 Sierra: Echo, sending you 1
2024-10-14 20:51:59.770449 Oscar: Bravo, sending you 2
2024-10-14 20:51:59.785688 Kilo: Hotel, sending you 1
2024-10-14 20:51:59.789337 Sierra: Hotel, sending you 3
2024-10-14 20:51:59.793766 Kilo: Sierra, sending you 5
chatterbot Oscar submitting transactions
chatterbot Hotel submitting transactions
chatterbot India submitting transactions
chatterbot Alpha submitting transactions
chatterbot Uniform submitting transactions
chatterbot Kilo submitting transactions
chatterbot Sierra submitting transactions
chatterbot Echo submitting transactions
chatterbot Quebec submitting transactions
chatterbot Bravo submitting transactions
ChatterBot Uniform round 2
ChatterBot Alpha round 2
ChatterBot Echo round 2
ChatterBot Quebec round 2
ChatterBot Oscar round 2
ChatterBot Hotel round 2
ChatterBot Kilo round 2
ChatterBot Sierra round 2
2024-10-14 20:52:01.021998 Oscar: Group up?
ChatterBot Bravo reevaluating
ChatterBot Alpha reevaluating
2024-10-14 20:52:01.050713 Bravo: No
2024-10-14 20:52:01.050947 Alpha: No
ChatterBot Oscar reevaluating
ChatterBot Alpha reevaluating
ChatterBot Oscar reevaluating
ChatterBot Bravo reevaluating
2024-10-14 20:52:01.094143 Alpha: Friends?
ChatterBot Echo reevaluating
ChatterBot Uniform reevaluating
ChatterBot Kilo reevaluating
ChatterBot Sierra reevaluating
2024-10-14 20:52:01.125765 Echo: Yes
2024-10-14 20:52:01.126036 Uniform: Yes
2024-10-14 20:52:01.126698 Kilo: Yes
2024-10-14 20:52:01.126871 Sierra: No
ChatterBot Alpha reevaluating
ChatterBot Uniform reevaluating
ChatterBot Kilo reevaluating
ChatterBot Sierra reevaluating
ChatterBot Alpha reevaluating
ChatterBot Echo reevaluating
ChatterBot Kilo reevaluating
ChatterBot Sierra reevaluating
ChatterBot Alpha reevaluating
ChatterBot Echo reevaluating
ChatterBot Uniform reevaluating
ChatterBot Sierra reevaluating
ChatterBot Alpha reevaluating
ChatterBot Echo reevaluating
ChatterBot Uniform reevaluating
ChatterBot Kilo reevaluating
ChatterBot Bravo round 2
ChatterBot India round 2
2024-10-14 20:52:01.316840 India: We should add Kilo
ChatterBot Hotel reevaluating
2024-10-14 20:52:01.349212 Alpha: Yes
2024-10-14 20:52:01.349468 Hotel: Yes
2024-10-14 20:52:01.350038 Echo: Yes
2024-10-14 20:52:01.350205 Quebec: No
ChatterBot Hotel reevaluating
ChatterBot Hotel reevaluating
ChatterBot Hotel reevaluating
2024-10-14 20:52:01.453555 Hotel: Can we be friends?
2024-10-14 20:52:01.500179 Echo: Yes
2024-10-14 20:52:01.500422 Alpha: No
2024-10-14 20:52:01.500569 Quebec: No
2024-10-14 20:52:01.501163 India: No
2024-10-14 20:52:01.501320 Uniform: No
2024-10-14 20:52:01.501511 Kilo: No
2024-10-14 20:52:01.501699 Sierra: No
ChatterBot Hotel reevaluating
ChatterBot India reevaluating
ChatterBot Kilo reevaluating
ChatterBot Hotel reevaluating
ChatterBot India reevaluating
ChatterBot Kilo reevaluating
ChatterBot Hotel reevaluating
ChatterBot India reevaluating
ChatterBot Kilo reevaluating
ChatterBot Hotel reevaluating
ChatterBot Kilo reevaluating
ChatterBot Hotel reevaluating
ChatterBot India reevaluating
ChatterBot Kilo reevaluating
ChatterBot Hotel reevaluating
ChatterBot India reevaluating
ChatterBot Hotel reevaluating
ChatterBot India reevaluating
ChatterBot Kilo reevaluating
2024-10-14 20:52:01.957354 Uniform: We should drop Hotel
ChatterBot Kilo reevaluating
2024-10-14 20:52:01.975172 Alpha: Yes
2024-10-14 20:52:01.975311 Echo: No
2024-10-14 20:52:01.975410 Kilo: Yes
2024-10-14 20:52:01.975512 Sierra: Yes
ChatterBot Kilo reevaluating
ChatterBot Kilo reevaluating
ChatterBot Kilo reevaluating
chatterbot Quebec submitting transactions
2024-10-14 20:52:02.046793 Quebec: Alpha and India, sending you 4
2024-10-14 20:52:02.047136 Alpha: Uniform, sending you 3
2024-10-14 20:52:02.338113 Oscar: Alpha and Echo, sending you 2
2024-10-14 20:52:02.339056 Quebec: Echo, sending you 3
2024-10-14 20:52:02.339473 Sierra: Uniform, Oscar and Bravo, sending you 3
2024-10-14 20:52:02.340480 Alpha: Echo and Sierra, sending you 2
2024-10-14 20:52:02.340851 Echo: Uniform, Alpha, Quebec, Hotel, Sierra and India, sending you 1
2024-10-14 20:52:02.342179 India: Kilo we want you to join our group
2024-10-14 20:52:02.349178 Kilo: No
ChatterBot India reevaluating
2024-10-14 20:52:02.391061 India: We should add Uniform
2024-10-14 20:52:02.423265 Alpha: Yes
2024-10-14 20:52:02.423837 Hotel: Yes
2024-10-14 20:52:02.424044 Echo: Yes
2024-10-14 20:52:02.424194 Quebec: No
ChatterBot India reevaluating
ChatterBot India reevaluating
ChatterBot Quebec reevaluating
ChatterBot India reevaluating
ChatterBot Quebec reevaluating
ChatterBot India reevaluating
chatterbot Echo submitting transactions
chatterbot Oscar submitting transactions
chatterbot Sierra submitting transactions
2024-10-14 20:52:02.560059 Oscar: Bravo, sending you 4
2024-10-14 20:52:02.560431 Sierra: Kilo, sending you 4
2024-10-14 20:52:02.561347 Echo: Kilo, sending you 3
2024-10-14 20:52:02.561810 Alpha: Kilo, sending you 1
2024-10-14 20:52:02.562846 Hotel: Uniform, Alpha, Echo and Kilo, sending you 2
2024-10-14 20:52:02.563309 Uniform: Alpha and Echo, sending you 2
2024-10-14 20:52:02.563814 Bravo: Oscar, sending you 11
2024-10-14 20:52:02.963088 Hotel: Quebec, Sierra and India, sending you 3
2024-10-14 20:52:02.964578 Uniform: Kilo, sending you 7
2024-10-14 20:52:02.965222 Bravo: Sierra, sending you 4
2024-10-14 20:52:02.966476 India: Uniform we want you to join our group
2024-10-14 20:52:02.971433 Uniform: No
ChatterBot India reevaluating
ChatterBot Quebec reevaluating
chatterbot Kilo submitting transactions
chatterbot Bravo submitting transactions
chatterbot Alpha submitting transactions
chatterbot Uniform submitting transactions
2024-10-14 20:52:02.999516 Uniform: Sierra, sending you 4
2024-10-14 20:52:02.999834 Kilo: Uniform, Alpha and Echo, sending you 3
2024-10-14 20:52:03.044957 Kilo: Sierra, sending you 5
2024-10-14 20:52:03.103299 India: Uniform, Alpha, Echo and Hotel, sending you 2
2024-10-14 20:52:03.136835 India: Quebec, sending you 3
chatterbot Hotel submitting transactions
chatterbot India submitting transactions
chatterbot Quebec submitting transactions
ChatterBot Uniform round 3
ChatterBot Alpha round 3
ChatterBot Echo round 3
ChatterBot Quebec round 3
ChatterBot Oscar round 3
ChatterBot Hotel round 3
ChatterBot Kilo round 3
ChatterBot Sierra round 3
ChatterBot Bravo round 3
ChatterBot India round 3
2024-10-14 20:52:04.581564 India: We should add Kilo and Sierra
ChatterBot Quebec reevaluating
2024-10-14 20:52:04.609647 Alpha: Yes
2024-10-14 20:52:04.609899 Echo: Yes
2024-10-14 20:52:04.610073 Quebec: Yes
2024-10-14 20:52:04.610226 Hotel: Yes
2024-10-14 20:52:04.610373 Uniform: Yes
ChatterBot Quebec reevaluating
ChatterBot Quebec reevaluating
ChatterBot Quebec reevaluating
ChatterBot Quebec reevaluating
2024-10-14 20:52:04.748450 Oscar: We should drop Alpha and Echo
ChatterBot Bravo reevaluating
2024-10-14 20:52:04.754275 Bravo: Yes
2024-10-14 20:52:04.760686 Bravo: We would work well together
ChatterBot Oscar reevaluating
ChatterBot Quebec reevaluating
2024-10-14 20:52:04.784448 Oscar: No
2024-10-14 20:52:04.784666 Quebec: No
2024-10-14 20:52:04.784825 Hotel: No
2024-10-14 20:52:04.784981 India: No
ChatterBot Bravo reevaluating
ChatterBot Quebec reevaluating
ChatterBot Bravo reevaluating
ChatterBot Oscar reevaluating
ChatterBot Bravo reevaluating
ChatterBot Oscar reevaluating
ChatterBot Quebec reevaluating
ChatterBot Bravo reevaluating
ChatterBot Oscar reevaluating
ChatterBot Quebec reevaluating
2024-10-14 20:52:04.876873 India: Kilo and Sierra we want you to join our group
2024-10-14 20:52:04.884700 Kilo: Yes
2024-10-14 20:52:04.884868 Sierra: No
ChatterBot Quebec reevaluating
ChatterBot Quebec reevaluating
2024-10-14 20:52:04.967889 Alpha: Sending you each 2
2024-10-14 20:52:04.968435 Uniform: Alpha, Kilo and Sierra, sending you 4
2024-10-14 20:52:04.970673 Echo: Uniform, Alpha, Hotel, Kilo, Sierra and India, sending you 1
2024-10-14 20:52:04.971695 Sierra: Uniform, Alpha and Echo, sending you 3
2024-10-14 20:52:04.976502 Hotel: Uniform, Alpha, Echo, Kilo and Sierra, sending you 2
2024-10-14 20:52:04.977153 Kilo: Uniform, Echo, Hotel and Sierra, sending you 3
2024-10-14 20:52:04.978771 Uniform: Echo, sending you 3
2024-10-14 20:52:04.979241 Echo: Quebec, sending you 3
2024-10-14 20:52:04.982130 Sierra: Kilo, sending you 4
2024-10-14 20:52:04.982641 Hotel: Quebec, sending you 4
2024-10-14 20:52:04.983161 Kilo: Alpha, Quebec and India, sending you 2
2024-10-14 20:52:04.987732 Hotel: India, sending you 3
2024-10-14 20:52:04.988417 India: Uniform, Kilo and Sierra, sending you 1
2024-10-14 20:52:04.991711 Oscar: Sierra, sending you 3
2024-10-14 20:52:04.992685 India: Alpha, Echo, Quebec and Hotel, sending you 2
2024-10-14 20:52:04.998837 Oscar: Bravo, sending you 5
2024-10-14 20:52:04.999323 Quebec: Uniform, Alpha, Echo, Kilo and Sierra, sending you 2
2024-10-14 20:52:05.003669 Quebec: Hotel, sending you 4
2024-10-14 20:52:05.006945 Quebec: India, sending you 3
chatterbot Hotel submitting transactions
chatterbot Sierra submitting transactions
chatterbot Echo submitting transactions
chatterbot Kilo submitting transactions
chatterbot India submitting transactions
chatterbot Oscar submitting transactions
chatterbot Quebec submitting transactions
chatterbot Uniform submitting transactions
chatterbot Bravo submitting transactions
chatterbot Alpha submitting transactions
ChatterBot Uniform round 4
ChatterBot Alpha round 4
ChatterBot Echo round 4
ChatterBot Quebec round 4
ChatterBot Oscar round 4
ChatterBot Hotel round 4
ChatterBot Kilo round 4
ChatterBot Sierra round 4
ChatterBot Bravo round 4
ChatterBot India round 4
2024-10-14 20:52:05.917361 Oscar: We should drop Sierra
ChatterBot Bravo reevaluating
2024-10-14 20:52:05.920993 Bravo: Yes
2024-10-14 20:52:05.926945 Echo: Uniform and Kilo, sending you 2
2024-10-14 20:52:05.927706 Quebec: Uniform, Alpha, Kilo and Sierra, sending you 2
2024-10-14 20:52:05.930684 Echo: Alpha, Quebec, Hotel, Sierra and India, sending you 1
2024-10-14 20:52:05.931703 Quebec: Echo, Hotel and India, sending you 3
2024-10-14 20:52:05.936703 India: Uniform, Alpha, Kilo and Sierra, sending you 1
2024-10-14 20:52:05.937746 Kilo: Uniform, Alpha, Echo, Hotel and Sierra, sending you 3
2024-10-14 20:52:05.939938 Hotel: Uniform and Sierra, sending you 2
2024-10-14 20:52:05.940778 India: Echo and Hotel, sending you 2
2024-10-14 20:52:05.941963 Uniform: Alpha, Kilo and Sierra, sending you 4
2024-10-14 20:52:05.942695 Kilo: Quebec, sending you 2
2024-10-14 20:52:05.944069 Oscar: Sending you 8
2024-10-14 20:52:05.944678 Hotel: Echo, Kilo and India, sending you 3
2024-10-14 20:52:05.946223 Alpha: Uniform, Echo, Kilo and Sierra, sending you 2
2024-10-14 20:52:05.946698 India: Quebec, sending you 3
2024-10-14 20:52:05.947187 Uniform: Echo, sending you 3
2024-10-14 20:52:05.947489 Kilo: India, sending you 1
2024-10-14 20:52:05.947922 Sierra: Uniform, Alpha and Echo, sending you 3
2024-10-14 20:52:05.948747 Hotel: Quebec, sending you 4
2024-10-14 20:52:05.952827 Sierra: Kilo, sending you 4
chatterbot Hotel submitting transactions
chatterbot Bravo submitting transactions
chatterbot Kilo submitting transactions
chatterbot Quebec submitting transactions
chatterbot Uniform submitting transactions
chatterbot India submitting transactions
chatterbot Oscar submitting transactions
chatterbot Alpha submitting transactions
chatterbot Echo submitting transactions
chatterbot Sierra submitting transactions
ChatterBot Uniform round 5
ChatterBot Alpha round 5
ChatterBot Echo round 5
ChatterBot Quebec round 5
ChatterBot Oscar round 5
2024-10-14 20:52:07.125584 Oscar: We should add India
ChatterBot Bravo reevaluating
2024-10-14 20:52:07.130079 Bravo: Yes
ChatterBot Oscar reevaluating
ChatterBot Hotel round 5
ChatterBot Kilo round 5
ChatterBot Sierra round 5
ChatterBot Bravo round 5
ChatterBot India round 5
2024-10-14 20:52:07.155401 Bravo: India we want you to join our group
ChatterBot India reevaluating
2024-10-14 20:52:07.159021 India: No
ChatterBot Bravo reevaluating
ChatterBot Oscar reevaluating
2024-10-14 20:52:07.165671 Bravo: We should add India
ChatterBot Oscar reevaluating
2024-10-14 20:52:07.168709 Oscar: Yes
ChatterBot Bravo reevaluating
2024-10-14 20:52:07.188676 Oscar: India we want you to join our group
2024-10-14 20:52:07.193491 India: No
ChatterBot Bravo reevaluating
ChatterBot Oscar reevaluating
2024-10-14 20:52:07.201934 Alpha: Same as last round
2024-10-14 20:52:07.205682 Quebec: Uniform, Alpha, Kilo and Sierra, sending you 2
2024-10-14 20:52:07.206225 Kilo: Uniform, Alpha, Echo, Hotel and Sierra, sending you 3
2024-10-14 20:52:07.206756 Hotel: Uniform and Sierra, sending you 2
2024-10-14 20:52:07.207174 Uniform: Alpha, Kilo and Sierra, sending you 4
2024-10-14 20:52:07.207435 Echo: Uniform and Kilo, sending you 2
2024-10-14 20:52:07.207813 Sierra: Uniform, sending you 4
2024-10-14 20:52:07.208812 Quebec: Echo, Hotel and India, sending you 3
2024-10-14 20:52:07.210656 Kilo: Quebec, sending you 2
2024-10-14 20:52:07.212038 Hotel: Echo, Kilo and India, sending you 3
2024-10-14 20:52:07.212544 Uniform: Echo, sending you 3
2024-10-14 20:52:07.212888 Echo: Alpha, Quebec, Hotel, Sierra and India, sending you 1
2024-10-14 20:52:07.213317 Sierra: Alpha, Echo and Kilo, sending you 3
2024-10-14 20:52:07.213709 Kilo: India, sending you 1
2024-10-14 20:52:07.215681 Hotel: Quebec, sending you 4
2024-10-14 20:52:07.223676 India: Uniform, Alpha, Kilo and Sierra, sending you 1
2024-10-14 20:52:07.226680 Oscar: Quebec and India, sending you 2
2024-10-14 20:52:07.229678 India: Echo and Hotel, sending you 2
2024-10-14 20:52:07.230732 Bravo: Oscar, sending you 9
2024-10-14 20:52:07.231673 Oscar: Hotel, sending you 1
2024-10-14 20:52:07.233683 Bravo: India, sending you 4
2024-10-14 20:52:07.235677 India: Quebec, sending you 3
2024-10-14 20:52:07.236676 Oscar: Bravo, sending you 3
chatterbot Quebec submitting transactions
chatterbot Alpha submitting transactions
chatterbot Hotel submitting transactions
chatterbot Oscar submitting transactions
chatterbot Sierra submitting transactions
chatterbot Echo submitting transactions
chatterbot Kilo submitting transactions
chatterbot Bravo submitting transactions
chatterbot Uniform submitting transactions
chatterbot India submitting transactions
ChatterBot Uniform round 6
ChatterBot Alpha round 6
ChatterBot Echo round 6
ChatterBot Quebec round 6
ChatterBot Oscar round 6
ChatterBot Hotel round 6
ChatterBot Kilo round 6
ChatterBot Sierra round 6
ChatterBot Bravo round 6
ChatterBot India round 6
2024-10-14 20:52:08.375710 Echo: Uniform and Kilo, sending you 2
2024-10-14 20:52:08.378681 Echo: Alpha, Quebec, Hotel, Sierra and India, sending you 1
2024-10-14 20:52:08.379678 Alpha: Same as last round
2024-10-14 20:52:08.381667 Sierra: Uniform, sending you 4
2024-10-14 20:52:08.382097 Oscar: Sending you 8
2024-10-14 20:52:08.382671 Kilo: Uniform, Alpha, Echo, Hotel and Sierra, sending you 3
2024-10-14 20:52:08.384670 Uniform: Alpha, Kilo and Sierra, sending you 4
2024-10-14 20:52:08.385672 Sierra: Alpha, Echo and Kilo, sending you 3
2024-10-14 20:52:08.386062 Kilo: Quebec, sending you 2
2024-10-14 20:52:08.387677 Uniform: Echo, sending you 3
2024-10-14 20:52:08.390843 Hotel: Uniform and Sierra, sending you 2
2024-10-14 20:52:08.391423 Quebec: Uniform, Alpha, Kilo and Sierra, sending you 2
2024-10-14 20:52:08.392169 Bravo: Oscar, sending you 11
2024-10-14 20:52:08.392457 Kilo: India, sending you 1
2024-10-14 20:52:08.394657 Hotel: Echo, Kilo and India, sending you 3
2024-10-14 20:52:08.395275 Bravo: India, sending you 4
2024-10-14 20:52:08.396003 Quebec: Echo, Hotel and India, sending you 3
2024-10-14 20:52:08.398670 India: Uniform, Alpha and Sierra, sending you 1
2024-10-14 20:52:08.399682 Hotel: Quebec, sending you 4
2024-10-14 20:52:08.401668 India: Echo, Quebec, Hotel and Kilo, sending you 2
chatterbot Bravo submitting transactions
chatterbot Hotel submitting transactions
chatterbot India submitting transactions
chatterbot Sierra submitting transactions
chatterbot Oscar submitting transactions
chatterbot Uniform submitting transactions
chatterbot Kilo submitting transactions
chatterbot Quebec submitting transactions
chatterbot Alpha submitting transactions
chatterbot Echo submitting transactions
ChatterBot Uniform round 7
ChatterBot Alpha round 7
ChatterBot Echo round 7
ChatterBot Quebec round 7
ChatterBot Oscar round 7
ChatterBot Hotel round 7
ChatterBot Kilo round 7
ChatterBot Sierra round 7
ChatterBot Bravo round 7
ChatterBot India round 7
2024-10-14 20:52:09.348773 Bravo: We should add Quebec and Hotel
ChatterBot Oscar reevaluating
2024-10-14 20:52:09.355524 Oscar: Yes
2024-10-14 20:52:09.355686 India: Yes
ChatterBot Oscar reevaluating
2024-10-14 20:52:09.381932 Bravo: Quebec and Hotel we want you to join our group
2024-10-14 20:52:09.390931 Quebec: No
2024-10-14 20:52:09.391120 Hotel: No
ChatterBot Oscar reevaluating
ChatterBot Oscar reevaluating
2024-10-14 20:52:09.413372 Uniform: Alpha, Kilo and Sierra, sending you 4
2024-10-14 20:52:09.416691 Echo: Uniform and Kilo, sending you 2
2024-10-14 20:52:09.417545 Alpha: Same as last round
2024-10-14 20:52:09.418057 Sierra: Uniform, sending you 4
2024-10-14 20:52:09.419054 Quebec: Alpha, Echo and Kilo, sending you 3
2024-10-14 20:52:09.419810 Uniform: Echo, sending you 3
2024-10-14 20:52:09.420217 Hotel: Uniform and Sierra, sending you 2
2024-10-14 20:52:09.420889 Echo: Alpha, Quebec, Hotel, Sierra and India, sending you 1
2024-10-14 20:52:09.422721 Quebec: Hotel and India, sending you 4
2024-10-14 20:52:09.424280 Sierra: Alpha, Echo and Kilo, sending you 3
2024-10-14 20:52:09.424801 Hotel: Echo, Kilo and India, sending you 3
2024-10-14 20:52:09.426851 Kilo: Uniform, Alpha, Echo, Hotel and Sierra, sending you 3
2024-10-14 20:52:09.428723 Hotel: Quebec, sending you 4
2024-10-14 20:52:09.430663 India: Uniform, Alpha and Sierra, sending you 1
2024-10-14 20:52:09.432639 Kilo: Quebec, sending you 2
2024-10-14 20:52:09.434682 India: Echo, Quebec, Hotel and Kilo, sending you 2
2024-10-14 20:52:09.435743 Oscar: Quebec and Hotel, sending you 2
2024-10-14 20:52:09.437675 Kilo: India, sending you 1
2024-10-14 20:52:09.438674 Bravo: Oscar, sending you 12
2024-10-14 20:52:09.439108 Oscar: Bravo, sending you 3
2024-10-14 20:52:09.443712 Oscar: India, sending you 1
chatterbot Uniform submitting transactions
chatterbot Quebec submitting transactions
chatterbot Alpha submitting transactions
chatterbot Oscar submitting transactions
chatterbot India submitting transactions
chatterbot Hotel submitting transactions
chatterbot Echo submitting transactions
chatterbot Bravo submitting transactions
chatterbot Kilo submitting transactions
chatterbot Sierra submitting transactions
ChatterBot Uniform round 8
ChatterBot Alpha round 8
ChatterBot Echo round 8
ChatterBot Quebec round 8
ChatterBot Oscar round 8
ChatterBot Hotel round 8
ChatterBot Kilo round 8
ChatterBot Sierra round 8
ChatterBot Bravo round 8
ChatterBot India round 8
2024-10-14 20:52:10.652408 Uniform: We should group up
2024-10-14 20:52:10.745833 Quebec: Yes
2024-10-14 20:52:10.746165 Hotel: Yes
2024-10-14 20:52:10.746384 India: Yes
2024-10-14 20:52:10.746634 Echo: Yes
2024-10-14 20:52:10.747677 Kilo: Yes
2024-10-14 20:52:10.747974 Sierra: No
ChatterBot Uniform reevaluating
ChatterBot Uniform reevaluating
ChatterBot Uniform reevaluating
ChatterBot Uniform reevaluating
ChatterBot Sierra reevaluating
ChatterBot Uniform reevaluating
ChatterBot Sierra reevaluating
ChatterBot Uniform reevaluating
2024-10-14 20:52:10.957670 Alpha: Same as last round
2024-10-14 20:52:10.959671 Echo: Uniform and Kilo, sending you 2
2024-10-14 20:52:10.963676 Echo: Alpha, Quebec, Hotel, Sierra and India, sending you 1
2024-10-14 20:52:10.967669 Uniform: Echo, Kilo and Sierra, sending you 3
2024-10-14 20:52:10.968099 Kilo: Uniform, Alpha, Echo, Hotel and Sierra, sending you 3
2024-10-14 20:52:10.969678 Hotel: Uniform and Sierra, sending you 2
2024-10-14 20:52:10.970684 Uniform: Quebec, Hotel and India, sending you 2
2024-10-14 20:52:10.971787 Quebec: Alpha, Echo and Kilo, sending you 3
2024-10-14 20:52:10.972805 Oscar: Quebec and Hotel, sending you 2
2024-10-14 20:52:10.973105 Kilo: Quebec, sending you 2
2024-10-14 20:52:10.973687 Hotel: Echo, Kilo and India, sending you 3
2024-10-14 20:52:10.974686 Bravo: Oscar, sending you 14
2024-10-14 20:52:10.975669 Quebec: Hotel and India, sending you 4
2024-10-14 20:52:10.976377 Kilo: India, sending you 1
2024-10-14 20:52:10.978098 Oscar: Bravo, sending you 3
2024-10-14 20:52:10.978677 Sierra: Uniform, Alpha, Echo, Quebec, Hotel and Kilo, sending you 2
2024-10-14 20:52:10.979486 Hotel: Quebec, sending you 4
2024-10-14 20:52:10.980846 India: Uniform, Alpha and Sierra, sending you 1
2024-10-14 20:52:10.981575 Oscar: India, sending you 1
2024-10-14 20:52:10.982824 Sierra: India, sending you 1
2024-10-14 20:52:10.985689 India: Echo, Quebec, Hotel and Kilo, sending you 2
chatterbot Echo submitting transactions
chatterbot Alpha submitting transactions
chatterbot Kilo submitting transactions
chatterbot Bravo submitting transactions
chatterbot Quebec submitting transactions
chatterbot Oscar submitting transactions
chatterbot India submitting transactions
chatterbot Sierra submitting transactions
chatterbot Uniform submitting transactions
chatterbot Hotel submitting transactions
ChatterBot Uniform round 9
ChatterBot Alpha round 9
ChatterBot Echo round 9
ChatterBot Quebec round 9
ChatterBot Oscar round 9
ChatterBot Hotel round 9
ChatterBot Kilo round 9
ChatterBot Sierra round 9
ChatterBot Bravo round 9
ChatterBot India round 9
2024-10-14 20:52:12.273824 Alpha: Group up?
ChatterBot Hotel reevaluating
ChatterBot India reevaluating
ChatterBot Sierra reevaluating
2024-10-14 20:52:12.319962 Quebec: Yes
2024-10-14 20:52:12.320157 Hotel: No
2024-10-14 20:52:12.320355 India: Yes
2024-10-14 20:52:12.320579 Uniform: No
2024-10-14 20:52:12.320812 Kilo: Yes
2024-10-14 20:52:12.320992 Sierra: Yes
ChatterBot Hotel reevaluating
ChatterBot India reevaluating
ChatterBot Sierra reevaluating
ChatterBot India reevaluating
ChatterBot Sierra reevaluating
ChatterBot Hotel reevaluating
ChatterBot Sierra reevaluating
ChatterBot Hotel reevaluating
ChatterBot India reevaluating
ChatterBot Sierra reevaluating
ChatterBot Hotel reevaluating
ChatterBot India reevaluating
ChatterBot Sierra reevaluating
ChatterBot Hotel reevaluating
ChatterBot India reevaluating
2024-10-14 20:52:12.488933 India: We should add Oscar
ChatterBot Hotel reevaluating
ChatterBot Sierra reevaluating
2024-10-14 20:52:12.526486 Echo: No
2024-10-14 20:52:12.526662 Alpha: No
2024-10-14 20:52:12.526789 Quebec: No
2024-10-14 20:52:12.526900 Hotel: No
2024-10-14 20:52:12.527006 Uniform: No
2024-10-14 20:52:12.527118 Kilo: No
2024-10-14 20:52:12.527233 Sierra: No
ChatterBot Hotel reevaluating
ChatterBot India reevaluating
ChatterBot Sierra reevaluating
ChatterBot Hotel reevaluating
ChatterBot India reevaluating
ChatterBot Sierra reevaluating
ChatterBot Hotel reevaluating
ChatterBot India reevaluating
ChatterBot Sierra reevaluating
ChatterBot India reevaluating
ChatterBot Sierra reevaluating
ChatterBot Hotel reevaluating
ChatterBot India reevaluating
ChatterBot Sierra reevaluating
ChatterBot Hotel reevaluating
ChatterBot India reevaluating
ChatterBot Sierra reevaluating
ChatterBot Hotel reevaluating
ChatterBot India reevaluating
2024-10-14 20:52:12.749901 Hotel: We should drop Alpha
2024-10-14 20:52:12.780292 Uniform: Yes
2024-10-14 20:52:12.780489 Quebec: No
2024-10-14 20:52:12.780643 India: No
2024-10-14 20:52:12.780778 Echo: No
2024-10-14 20:52:12.780898 Kilo: No
2024-10-14 20:52:12.781017 Sierra: No
ChatterBot Quebec reevaluating
ChatterBot Quebec reevaluating
2024-10-14 20:52:12.915834 Sierra: We should drop Echo
ChatterBot Quebec reevaluating
2024-10-14 20:52:12.937128 Alpha: Yes
2024-10-14 20:52:12.937290 Quebec: No
2024-10-14 20:52:12.937404 Hotel: No
2024-10-14 20:52:12.937516 India: No
2024-10-14 20:52:12.937631 Uniform: No
2024-10-14 20:52:12.937736 Kilo: No
ChatterBot Quebec reevaluating
ChatterBot Quebec reevaluating
ChatterBot Quebec reevaluating
ChatterBot Quebec reevaluating
ChatterBot Quebec reevaluating
chatterbot Hotel submitting transactions
2024-10-14 20:52:13.066699 Kilo: Uniform, Alpha, Echo, Hotel and Sierra, sending you 3
2024-10-14 20:52:13.067815 Alpha: Uniform, Kilo and Sierra, sending you 2
2024-10-14 20:52:13.069169 India: Uniform, Alpha and Sierra, sending you 1
2024-10-14 20:52:13.070014 Echo: Uniform and Kilo, sending you 2
2024-10-14 20:52:13.071357 Oscar: Quebec and Hotel, sending you 2
2024-10-14 20:52:13.071811 Uniform: Echo, Kilo and Sierra, sending you 3
2024-10-14 20:52:13.072369 Bravo: Oscar, sending you 15
2024-10-14 20:52:13.072830 Alpha: Quebec and India, sending you 1
2024-10-14 20:52:13.073308 Kilo: Quebec, sending you 2
2024-10-14 20:52:13.074724 India: Echo, Quebec, Hotel and Kilo, sending you 2
2024-10-14 20:52:13.076719 Echo: Alpha, Quebec, Hotel, Sierra and India, sending you 1
2024-10-14 20:52:13.077850 Oscar: Bravo, sending you 3
2024-10-14 20:52:13.078835 Uniform: Quebec, Hotel and India, sending you 2
2024-10-14 20:52:13.079427 Kilo: India, sending you 1
2024-10-14 20:52:13.083073 Oscar: India, sending you 1
2024-10-14 20:52:13.083916 Hotel: Uniform and Sierra, sending you 2
2024-10-14 20:52:13.084505 Sierra: Uniform, sending you 3
2024-10-14 20:52:13.088701 Hotel: Echo, Kilo and India, sending you 3
2024-10-14 20:52:13.089950 Sierra: Alpha, Quebec, Hotel, Kilo and India, sending you 2
2024-10-14 20:52:13.093664 Hotel: Quebec, sending you 4
2024-10-14 20:52:13.094680 Quebec: Uniform and Sierra, sending you 2
2024-10-14 20:52:13.100697 Quebec: Alpha, sending you 1
2024-10-14 20:52:13.106679 Quebec: Echo, Hotel, Kilo and India, sending you 3
chatterbot Bravo submitting transactions
chatterbot Oscar submitting transactions
chatterbot Alpha submitting transactions
chatterbot Echo submitting transactions
chatterbot Quebec submitting transactions
chatterbot Kilo submitting transactions
chatterbot Sierra submitting transactions
chatterbot India submitting transactions
chatterbot Uniform submitting transactions
ChatterBot Uniform round 10
ChatterBot Alpha round 10
ChatterBot Echo round 10
ChatterBot Quebec round 10
ChatterBot Oscar round 10
ChatterBot Hotel round 10
ChatterBot Kilo round 10
ChatterBot Sierra round 10
ChatterBot Bravo round 10
ChatterBot India round 10
2024-10-14 20:52:14.063693 Alpha: Uniform, Quebec, Hotel and India, sending you 1
2024-10-14 20:52:14.066673 Echo: Uniform and Kilo, sending you 2
2024-10-14 20:52:14.067711 Alpha: Kilo and Sierra, sending you 2
2024-10-14 20:52:14.068801 Uniform: Echo, Kilo and Sierra, sending you 3
2024-10-14 20:52:14.071660 Hotel: Uniform, sending you 2
2024-10-14 20:52:14.072695 Echo: Alpha, Quebec, Hotel, Sierra and India, sending you 1
2024-10-14 20:52:14.074931 Uniform: Quebec, Hotel and India, sending you 2
2024-10-14 20:52:14.075398 Kilo: Uniform, Alpha, Echo, Hotel and Sierra, sending you 3
2024-10-14 20:52:14.077352 Hotel: Echo, Quebec, Kilo, Sierra and India, sending you 3
2024-10-14 20:52:14.080680 Quebec: Uniform, Alpha, Echo and Sierra, sending you 2
2024-10-14 20:52:14.082379 Oscar: Sending you 5
2024-10-14 20:52:14.082745 Kilo: Quebec, sending you 2
2024-10-14 20:52:14.083903 Sierra: Uniform, sending you 3
2024-10-14 20:52:14.085226 Quebec: Hotel, Kilo and India, sending you 3
2024-10-14 20:52:14.087056 Bravo: Oscar, sending you 15
2024-10-14 20:52:14.087433 India: Uniform, Echo, Quebec, Hotel and Kilo, sending you 2
2024-10-14 20:52:14.088317 Kilo: India, sending you 1
2024-10-14 20:52:14.089780 Sierra: Alpha, Quebec, Hotel, Kilo and India, sending you 2
2024-10-14 20:52:14.092069 India: Sierra, sending you 1
chatterbot India submitting transactions
chatterbot Bravo submitting transactions
chatterbot Sierra submitting transactions
chatterbot Oscar submitting transactions
chatterbot Echo submitting transactions
chatterbot Kilo submitting transactions
chatterbot Uniform submitting transactions
chatterbot Hotel submitting transactions
chatterbot Quebec submitting transactions
chatterbot Alpha submitting transactions
ChatterBot Uniform round 11
ChatterBot Alpha round 11
ChatterBot Echo round 11
ChatterBot Quebec round 11
ChatterBot Oscar round 11
ChatterBot Hotel round 11
ChatterBot Kilo round 11
ChatterBot Sierra round 11
ChatterBot Bravo round 11
ChatterBot India round 11
2024-10-14 20:52:15.303946 Quebec: We should drop Alpha
2024-10-14 20:52:15.323649 Uniform: Yes
2024-10-14 20:52:15.323812 Hotel: Yes
2024-10-14 20:52:15.323920 India: No
2024-10-14 20:52:15.324021 Echo: No
2024-10-14 20:52:15.324123 Kilo: No
2024-10-14 20:52:15.324222 Sierra: No
ChatterBot Quebec reevaluating
ChatterBot Echo reevaluating
ChatterBot Quebec reevaluating
ChatterBot Echo reevaluating
ChatterBot Quebec reevaluating
ChatterBot Quebec reevaluating
ChatterBot Echo reevaluating
ChatterBot Quebec reevaluating
ChatterBot Echo reevaluating
2024-10-14 20:52:15.607674 Oscar: Bravo, sending you 5
2024-10-14 20:52:15.608475 Alpha: Uniform, Quebec, Hotel and India, sending you 1
2024-10-14 20:52:15.610093 Uniform: Echo, Kilo and Sierra, sending you 3
2024-10-14 20:52:15.612695 Alpha: Kilo and Sierra, sending you 2
2024-10-14 20:52:15.614097 Uniform: Quebec, Hotel and India, sending you 2
2024-10-14 20:52:15.616186 India: Uniform, Echo, Quebec, Hotel and Sierra, sending you 2
2024-10-14 20:52:15.618303 Hotel: Uniform, sending you 2
2024-10-14 20:52:15.619999 Kilo: Uniform, Alpha, Echo, Quebec, Hotel and Sierra, sending you 3
2024-10-14 20:52:15.622983 Sierra: Uniform, sending you 3
2024-10-14 20:52:15.625715 Bravo: Oscar, sending you 15
2024-10-14 20:52:15.627043 India: Kilo, sending you 1
2024-10-14 20:52:15.631568 Hotel: Echo, Quebec, Kilo, Sierra and India, sending you 3
2024-10-14 20:52:15.633571 Sierra: Alpha, Quebec, Hotel, Kilo and India, sending you 2
2024-10-14 20:52:15.637672 Quebec: Uniform, Alpha, Echo and Sierra, sending you 2
2024-10-14 20:52:15.644710 Quebec: Hotel, Kilo and India, sending you 3
2024-10-14 20:52:15.647499 Echo: Uniform, sending you 2
2024-10-14 20:52:15.654699 Echo: Quebec, Hotel, Sierra and India, sending you 1
chatterbot India submitting transactions
2024-10-14 20:52:15.667274 Echo: Kilo, sending you 3
chatterbot Uniform submitting transactions
chatterbot Quebec submitting transactions
chatterbot Kilo submitting transactions
chatterbot Hotel submitting transactions
chatterbot Oscar submitting transactions
chatterbot Alpha submitting transactions
chatterbot Bravo submitting transactions
chatterbot Sierra submitting transactions
chatterbot Echo submitting transactions
ChatterBot Uniform round 12
ChatterBot Alpha round 12
ChatterBot Echo round 12
ChatterBot Quebec round 12
ChatterBot Oscar round 12
ChatterBot Hotel round 12
ChatterBot Kilo round 12
ChatterBot Sierra round 12
ChatterBot Bravo round 12
ChatterBot India round 12
2024-10-14 20:52:16.530025 Quebec: We should drop Alpha
ChatterBot Echo reevaluating
2024-10-14 20:52:16.553946 Uniform: Yes
2024-10-14 20:52:16.554116 Hotel: Yes
2024-10-14 20:52:16.554245 India: No
2024-10-14 20:52:16.554370 Echo: No
2024-10-14 20:52:16.554488 Kilo: No
2024-10-14 20:52:16.554604 Sierra: No
ChatterBot Echo reevaluating
ChatterBot Quebec reevaluating
ChatterBot Echo reevaluating
ChatterBot Quebec reevaluating
ChatterBot Echo reevaluating
ChatterBot Quebec reevaluating
ChatterBot Quebec reevaluating
ChatterBot Echo reevaluating
ChatterBot Quebec reevaluating
ChatterBot Echo reevaluating
2024-10-14 20:52:16.672243 Echo: We should add Alpha
ChatterBot Quebec reevaluating
2024-10-14 20:52:16.689624 Uniform: No
2024-10-14 20:52:16.689750 Quebec: No
2024-10-14 20:52:16.689839 Hotel: No
2024-10-14 20:52:16.689927 India: Yes
2024-10-14 20:52:16.690012 Kilo: Yes
2024-10-14 20:52:16.690093 Sierra: Yes
ChatterBot Quebec reevaluating
ChatterBot Echo reevaluating
ChatterBot Echo reevaluating
ChatterBot Quebec reevaluating
ChatterBot Echo reevaluating
ChatterBot Quebec reevaluating
ChatterBot Echo reevaluating
ChatterBot Quebec reevaluating
ChatterBot Hotel reevaluating
ChatterBot Echo reevaluating
ChatterBot Quebec reevaluating
ChatterBot Hotel reevaluating
ChatterBot Echo reevaluating
2024-10-14 20:52:16.820376 Bravo: We should drop Quebec and India
ChatterBot Oscar reevaluating
ChatterBot Hotel reevaluating
2024-10-14 20:52:16.828799 Oscar: Yes
2024-10-14 20:52:16.828920 Hotel: No
ChatterBot Hotel reevaluating
ChatterBot Bravo reevaluating
ChatterBot Oscar reevaluating
2024-10-14 20:52:16.843769 Alpha: Uniform, Quebec, Hotel and India, sending you 1
2024-10-14 20:52:16.844365 Echo: Alpha we want you to join our group
2024-10-14 20:52:16.849015 Alpha: No
ChatterBot Quebec reevaluating
ChatterBot Hotel reevaluating
2024-10-14 20:52:16.879239 Bravo: We should drop Oscar
ChatterBot Quebec reevaluating
ChatterBot Hotel reevaluating
2024-10-14 20:52:16.891885 Quebec: Yes
2024-10-14 20:52:16.892037 Hotel: Yes
2024-10-14 20:52:16.892147 India: Yes
ChatterBot Bravo reevaluating
ChatterBot Hotel reevaluating
ChatterBot Bravo reevaluating
ChatterBot Quebec reevaluating
ChatterBot Bravo reevaluating
ChatterBot Quebec reevaluating
ChatterBot Hotel reevaluating
2024-10-14 20:52:16.928877 Sierra: Uniform, sending you 3
2024-10-14 20:52:16.929533 Kilo: Uniform, Alpha, Echo, Quebec, Hotel and Sierra, sending you 3
2024-10-14 20:52:16.930805 Uniform: Echo, Kilo and Sierra, sending you 3
2024-10-14 20:52:16.931380 Alpha: Kilo and Sierra, sending you 2
2024-10-14 20:52:16.931921 India: Uniform, Echo, Quebec, Hotel and Sierra, sending you 2
chatterbot Kilo submitting transactions
2024-10-14 20:52:16.933123 Sierra: Alpha, Quebec, Hotel, Kilo and India, sending you 2
2024-10-14 20:52:16.934693 Uniform: Quebec, Hotel and India, sending you 2
2024-10-14 20:52:16.935697 India: Alpha, sending you 1
2024-10-14 20:52:16.946675 Oscar: Bravo, sending you 4
2024-10-14 20:52:16.952658 Quebec: Uniform, Alpha, Echo, Sierra and India, sending you 2
2024-10-14 20:52:16.954680 Echo: Uniform and Kilo, sending you 2
chatterbot Sierra submitting transactions
2024-10-14 20:52:16.957870 Hotel: Uniform, sending you 2
2024-10-14 20:52:16.959376 Quebec: Hotel, sending you 4
2024-10-14 20:52:16.960455 Echo: Alpha, Quebec, Hotel, Sierra and India, sending you 1
2024-10-14 20:52:16.962231 Hotel: Echo, Quebec, Kilo, Sierra and India, sending you 3
2024-10-14 20:52:16.964135 Quebec: Kilo, sending you 3
chatterbot India submitting transactions
chatterbot Alpha submitting transactions
chatterbot Bravo submitting transactions
chatterbot Quebec submitting transactions
chatterbot Uniform submitting transactions
chatterbot Hotel submitting transactions
chatterbot Echo submitting transactions
chatterbot Oscar submitting transactions
ChatterBot Uniform round 13
ChatterBot Alpha round 13
ChatterBot Echo round 13
ChatterBot Quebec round 13
ChatterBot Oscar round 13
ChatterBot Hotel round 13
ChatterBot Kilo round 13
ChatterBot Sierra round 13
ChatterBot Bravo round 13
ChatterBot India round 13
2024-10-14 20:52:17.763047 Quebec: We should drop Alpha
ChatterBot India reevaluating
2024-10-14 20:52:17.776252 Uniform: Yes
2024-10-14 20:52:17.776397 Hotel: Yes
2024-10-14 20:52:17.776512 India: No
2024-10-14 20:52:17.776695 Echo: No
2024-10-14 20:52:17.776834 Kilo: No
