ChatterBot Delta round 1
ChatterBot Oscar round 1
ChatterBot Papa round 1
ChatterBot Sierra round 1
ChatterBot Bravo round 1
ChatterBot Mike round 1
ChatterBot Yankee round 1
ChatterBot Hotel round 1
ChatterBot X-ray round 1
ChatterBot Golf round 1
randomSelections Mike: {Mike, X-ray, Papa, Oscar, Golf, Hotel, Delta, Sierra} 
2024-10-14 20:51:59.340025 Mike: Let's form a team
ChatterBot X-ray reevaluating
ChatterBot Papa reevaluating
ChatterBot Oscar reevaluating
ChatterBot Golf reevaluating
ChatterBot Hotel reevaluating
ChatterBot Delta reevaluating
ChatterBot Sierra reevaluating
2024-10-14 20:51:59.382760 X-ray: Yes
2024-10-14 20:51:59.383052 Papa: Yes
2024-10-14 20:51:59.383221 Oscar: Yes
2024-10-14 20:51:59.383401 Golf: Yes
2024-10-14 20:51:59.384969 Hotel: Yes
2024-10-14 20:51:59.385126 Delta: Yes
2024-10-14 20:51:59.385304 Sierra: Yes
ChatterBot Papa reevaluating
ChatterBot Oscar reevaluating
ChatterBot Golf reevaluating
ChatterBot Hotel reevaluating
ChatterBot Delta reevaluating
ChatterBot Sierra reevaluating
ChatterBot X-ray reevaluating
ChatterBot Oscar reevaluating
ChatterBot Golf reevaluating
ChatterBot Hotel reevaluating
ChatterBot Delta reevaluating
ChatterBot Sierra reevaluating
ChatterBot X-ray reevaluating
ChatterBot Papa reevaluating
ChatterBot Golf reevaluating
ChatterBot Hotel reevaluating
ChatterBot Delta reevaluating
ChatterBot Sierra reevaluating
ChatterBot X-ray reevaluating
ChatterBot Papa reevaluating
ChatterBot Oscar reevaluating
ChatterBot Hotel reevaluating
ChatterBot Delta reevaluating
ChatterBot Sierra reevaluating
ChatterBot X-ray reevaluating
ChatterBot Papa reevaluating
ChatterBot Oscar reevaluating
ChatterBot Golf reevaluating
ChatterBot Delta reevaluating
ChatterBot Sierra reevaluating
ChatterBot X-ray reevaluating
ChatterBot Papa reevaluating
ChatterBot Oscar reevaluating
ChatterBot Golf reevaluating
ChatterBot Hotel reevaluating
ChatterBot Sierra reevaluating
ChatterBot X-ray reevaluating
ChatterBot Papa reevaluating
ChatterBot Oscar reevaluating
ChatterBot Golf reevaluating
ChatterBot Hotel reevaluating
ChatterBot Delta reevaluating
randomSelections Bravo: {Bravo, Oscar, Hotel, X-ray, Mike, Golf} 
2024-10-14 20:51:59.612533 Bravo: Let's form a team
ChatterBot Oscar reevaluating
ChatterBot Hotel reevaluating
ChatterBot X-ray reevaluating
ChatterBot Golf reevaluating
2024-10-14 20:51:59.625474 Oscar: No
2024-10-14 20:51:59.626326 Hotel: No
2024-10-14 20:51:59.626548 X-ray: No
2024-10-14 20:51:59.626835 Mike: No
2024-10-14 20:51:59.627655 Golf: No
ChatterBot Hotel reevaluating
ChatterBot X-ray reevaluating
ChatterBot Golf reevaluating
ChatterBot Oscar reevaluating
ChatterBot X-ray reevaluating
ChatterBot Golf reevaluating
ChatterBot Oscar reevaluating
ChatterBot Hotel reevaluating
ChatterBot Golf reevaluating
ChatterBot Oscar reevaluating
ChatterBot Hotel reevaluating
ChatterBot X-ray reevaluating
ChatterBot Golf reevaluating
ChatterBot Oscar reevaluating
ChatterBot Hotel reevaluating
ChatterBot X-ray reevaluating
randomSelections Yankee: {Yankee, Delta, X-ray, Bravo} 
2024-10-14 20:51:59.714697 Yankee: We should group up
ChatterBot Delta reevaluating
ChatterBot X-ray reevaluating
2024-10-14 20:51:59.723751 Delta: No
2024-10-14 20:51:59.724228 X-ray: No
2024-10-14 20:51:59.724553 Bravo: No
ChatterBot X-ray reevaluating
ChatterBot Delta reevaluating
ChatterBot Delta reevaluating
ChatterBot X-ray reevaluating
2024-10-14 20:51:59.770656 Oscar: Delta and Papa, sending you 3
2024-10-14 20:51:59.772509 Mike: Delta, Papa, Sierra, X-ray and Golf, sending you 2
2024-10-14 20:51:59.775274 Bravo: Oscar and Golf, sending you 1
2024-10-14 20:51:59.776558 Papa: Delta, Oscar and Sierra, sending you 1
2024-10-14 20:51:59.779504 Sierra: Delta, Hotel and X-ray, sending you 1
2024-10-14 20:51:59.781033 Yankee: Delta, sending you 6
2024-10-14 20:51:59.783284 Oscar: Hotel, sending you 2
2024-10-14 20:51:59.784869 Hotel: Delta, sending you 4
2024-10-14 20:51:59.788582 Mike: Oscar, sending you 4
2024-10-14 20:51:59.789344 X-ray: Delta, sending you 2
2024-10-14 20:51:59.792512 Bravo: Mike, sending you 3
2024-10-14 20:51:59.793567 Papa: Mike, sending you 4
2024-10-14 20:51:59.794835 Delta: Oscar, Mike and Hotel, sending you 2
2024-10-14 20:51:59.797712 Sierra: Papa, sending you 3
2024-10-14 20:51:59.798848 Yankee: Bravo and X-ray, sending you 4
2024-10-14 20:51:59.801791 Golf: Delta, Sierra and Hotel, sending you 3
2024-10-14 20:51:59.802922 Oscar: X-ray, sending you 1
2024-10-14 20:51:59.805213 Hotel: Oscar, Papa, Sierra and Golf, sending you 1
2024-10-14 20:51:59.806434 Mike: Hotel, sending you 1
2024-10-14 20:51:59.807352 X-ray: Oscar, Mike and Golf, sending you 1
2024-10-14 20:51:59.809845 Bravo: X-ray, sending you 8
2024-10-14 20:51:59.810653 Papa: Hotel, sending you 2
2024-10-14 20:51:59.811321 Delta: Sierra and X-ray, sending you 3
2024-10-14 20:51:59.813222 Sierra: Mike, sending you 2
2024-10-14 20:51:59.813781 Golf: Papa, sending you 2
2024-10-14 20:51:59.814427 Hotel: Mike, sending you 3
2024-10-14 20:51:59.816366 X-ray: Sierra, sending you 3
2024-10-14 20:51:59.817665 Papa: X-ray, sending you 3
2024-10-14 20:51:59.820058 Delta: Golf, sending you 1
2024-10-14 20:51:59.820896 Golf: Mike and X-ray, sending you 1
2024-10-14 20:51:59.823582 Hotel: X-ray, sending you 2
chatterbot Sierra submitting transactions
chatterbot Papa submitting transactions
chatterbot Golf submitting transactions
chatterbot Delta submitting transactions
chatterbot Yankee submitting transactions
chatterbot Oscar submitting transactions
chatterbot Mike submitting transactions
chatterbot Bravo submitting transactions
chatterbot Hotel submitting transactions
chatterbot X-ray submitting transactions
ChatterBot Delta round 2
ChatterBot Oscar round 2
ChatterBot Papa round 2
ChatterBot Sierra round 2
ChatterBot Bravo round 2
ChatterBot Mike round 2
ChatterBot Yankee round 2
ChatterBot Hotel round 2
ChatterBot X-ray round 2
ChatterBot Golf round 2
2024-10-14 20:52:01.052706 Bravo: Group up?
ChatterBot Yankee reevaluating
2024-10-14 20:52:01.057516 Yankee: Yes
2024-10-14 20:52:01.067341 Papa: We should drop X-ray and Oscar
ChatterBot Delta reevaluating
ChatterBot Hotel reevaluating
ChatterBot Golf reevaluating
2024-10-14 20:52:01.090367 Sierra: No
2024-10-14 20:52:01.090560 Mike: No
2024-10-14 20:52:01.090696 Delta: No
2024-10-14 20:52:01.090910 Hotel: No
2024-10-14 20:52:01.091091 Golf: Yes
ChatterBot Papa reevaluating
ChatterBot Delta reevaluating
ChatterBot Hotel reevaluating
ChatterBot Golf reevaluating
ChatterBot Papa reevaluating
ChatterBot Delta reevaluating
ChatterBot Hotel reevaluating
ChatterBot Golf reevaluating
ChatterBot Papa reevaluating
ChatterBot Hotel reevaluating
ChatterBot Golf reevaluating
ChatterBot Papa reevaluating
ChatterBot Mike reevaluating
ChatterBot Delta reevaluating
ChatterBot Golf reevaluating
ChatterBot Papa reevaluating
ChatterBot Mike reevaluating
ChatterBot Delta reevaluating
ChatterBot Hotel reevaluating
2024-10-14 20:52:01.199498 Sierra: We should drop X-ray
ChatterBot Papa reevaluating
ChatterBot Mike reevaluating
ChatterBot Delta reevaluating
ChatterBot Oscar reevaluating
ChatterBot Hotel reevaluating
ChatterBot Golf reevaluating
2024-10-14 20:52:01.225605 Papa: Yes
2024-10-14 20:52:01.225739 Mike: Yes
2024-10-14 20:52:01.225839 Delta: Yes
2024-10-14 20:52:01.225949 Oscar: Yes
2024-10-14 20:52:01.226066 Hotel: Yes
2024-10-14 20:52:01.226160 Golf: Yes
ChatterBot Mike reevaluating
ChatterBot Delta reevaluating
ChatterBot Oscar reevaluating
ChatterBot Hotel reevaluating
ChatterBot Golf reevaluating
ChatterBot Papa reevaluating
ChatterBot Delta reevaluating
ChatterBot Oscar reevaluating
ChatterBot Hotel reevaluating
ChatterBot Golf reevaluating
ChatterBot Papa reevaluating
ChatterBot Mike reevaluating
ChatterBot Oscar reevaluating
ChatterBot Hotel reevaluating
ChatterBot Golf reevaluating
ChatterBot Papa reevaluating
ChatterBot Mike reevaluating
ChatterBot Delta reevaluating
ChatterBot Hotel reevaluating
ChatterBot Golf reevaluating
ChatterBot Papa reevaluating
ChatterBot Mike reevaluating
ChatterBot Delta reevaluating
ChatterBot Oscar reevaluating
ChatterBot Golf reevaluating
ChatterBot Papa reevaluating
ChatterBot Mike reevaluating
ChatterBot Delta reevaluating
ChatterBot Oscar reevaluating
ChatterBot Hotel reevaluating
2024-10-14 20:52:01.395981 Delta: We should replace X-ray with Yankee
ChatterBot Papa reevaluating
ChatterBot Mike reevaluating
ChatterBot Oscar reevaluating
2024-10-14 20:52:01.427688 Sierra: No
2024-10-14 20:52:01.427989 Papa: No
2024-10-14 20:52:01.428167 Mike: No
2024-10-14 20:52:01.428782 Oscar: No
2024-10-14 20:52:01.428947 Hotel: No
2024-10-14 20:52:01.429084 Golf: No
ChatterBot Papa reevaluating
ChatterBot Mike reevaluating
ChatterBot Oscar reevaluating
ChatterBot Mike reevaluating
ChatterBot Oscar reevaluating
ChatterBot Papa reevaluating
ChatterBot Oscar reevaluating
ChatterBot Papa reevaluating
ChatterBot Mike reevaluating
ChatterBot Papa reevaluating
ChatterBot Mike reevaluating
ChatterBot Oscar reevaluating
ChatterBot Papa reevaluating
ChatterBot Mike reevaluating
ChatterBot Oscar reevaluating
2024-10-14 20:52:01.701397 Yankee: We should drop Delta
ChatterBot Bravo reevaluating
2024-10-14 20:52:01.708801 Bravo: Yes
2024-10-14 20:52:01.709071 X-ray: No
ChatterBot Yankee reevaluating
ChatterBot Yankee reevaluating
ChatterBot Bravo reevaluating
2024-10-14 20:52:01.726181 Delta: Yankee we want you to join our group
ChatterBot Yankee reevaluating
2024-10-14 20:52:01.731085 Yankee: No
ChatterBot Papa reevaluating
ChatterBot Oscar reevaluating
ChatterBot Golf reevaluating
2024-10-14 20:52:01.764347 Yankee: Can we be friends?
ChatterBot Oscar reevaluating
ChatterBot Golf reevaluating
2024-10-14 20:52:01.782850 Delta: Yes
2024-10-14 20:52:01.783133 Oscar: No
2024-10-14 20:52:01.783899 Hotel: No
2024-10-14 20:52:01.784278 Golf: No
ChatterBot Yankee reevaluating
ChatterBot Oscar reevaluating
ChatterBot Golf reevaluating
ChatterBot Yankee reevaluating
ChatterBot Golf reevaluating
ChatterBot Yankee reevaluating
ChatterBot Oscar reevaluating
ChatterBot Golf reevaluating
ChatterBot Yankee reevaluating
ChatterBot Oscar reevaluating
chatterbot Sierra submitting transactions
2024-10-14 20:52:01.860285 Sierra: Delta, Mike and Golf, sending you 2
chatterbot Bravo submitting transactions
2024-10-14 20:52:01.864952 Hotel: Delta and Papa, sending you 3
2024-10-14 20:52:01.868242 X-ray: Delta, Oscar, Sierra, Mike, Hotel and Golf, sending you 1
2024-10-14 20:52:01.872183 Sierra: Oscar, Papa and Hotel, sending you 1
2024-10-14 20:52:01.875093 Hotel: Sierra, sending you 2
2024-10-14 20:52:01.877226 X-ray: Papa, sending you 2
2024-10-14 20:52:02.183722 Bravo: Yankee, sending you 7
2024-10-14 20:52:02.184377 Hotel: Mike, sending you 1
2024-10-14 20:52:02.184754 Yankee: Delta, Oscar and Hotel, sending you 4
chatterbot X-ray submitting transactions
2024-10-14 20:52:02.514666 Delta: Oscar, Papa, Mike, Yankee, Hotel and Golf, sending you 2
2024-10-14 20:52:02.515160 Bravo: X-ray, sending you 6
2024-10-14 20:52:02.515404 Papa: Delta, Mike, Hotel and Golf, sending you 2
2024-10-14 20:52:02.516438 Golf: Delta and Hotel, sending you 3
2024-10-14 20:52:02.516768 Hotel: Golf, sending you 4
2024-10-14 20:52:02.517039 Oscar: Delta, sending you 2
2024-10-14 20:52:02.517808 Yankee: Golf, sending you 2
2024-10-14 20:52:02.518071 Mike: Delta, Papa, Sierra and Hotel, sending you 3
chatterbot Mike submitting transactions
chatterbot Bravo submitting transactions
chatterbot Golf submitting transactions
2024-10-14 20:52:02.518730 Delta: Sierra, sending you 1
2024-10-14 20:52:02.519494 Papa: Sierra, sending you 4
2024-10-14 20:52:02.958118 Golf: Papa, sending you 2
2024-10-14 20:52:02.958724 Oscar: Papa and Hotel, sending you 1
2024-10-14 20:52:02.959896 Mike: Oscar, sending you 1
chatterbot Hotel submitting transactions
chatterbot Delta submitting transactions
chatterbot Yankee submitting transactions
2024-10-14 20:52:02.961844 Golf: Sierra, sending you 1
2024-10-14 20:52:03.032577 Oscar: Mike, sending you 5
2024-10-14 20:52:03.033744 Mike: Golf, sending you 2
2024-10-14 20:52:03.034336 Golf: Mike, sending you 4
chatterbot Oscar submitting transactions
chatterbot Papa submitting transactions
ChatterBot Delta round 3
ChatterBot Oscar round 3
ChatterBot Papa round 3
ChatterBot Sierra round 3
ChatterBot Bravo round 3
ChatterBot Mike round 3
ChatterBot Yankee round 3
ChatterBot Hotel round 3
ChatterBot X-ray round 3
ChatterBot Golf round 3
2024-10-14 20:52:03.232449 Papa: We should add Oscar
ChatterBot Golf reevaluating
2024-10-14 20:52:03.256651 Sierra: Yes
2024-10-14 20:52:03.256875 Mike: Yes
2024-10-14 20:52:03.257115 Delta: Yes
2024-10-14 20:52:03.257366 Hotel: No
2024-10-14 20:52:03.258099 Golf: No
ChatterBot Golf reevaluating
ChatterBot Golf reevaluating
ChatterBot Golf reevaluating
ChatterBot Papa reevaluating
ChatterBot Golf reevaluating
ChatterBot Papa reevaluating
2024-10-14 20:52:03.391047 Bravo: We should drop X-ray
2024-10-14 20:52:03.396754 Yankee: Yes
2024-10-14 20:52:03.454480 Yankee: Sending you 10
2024-10-14 20:52:03.454803 Papa: Oscar we want you to join our group
2024-10-14 20:52:03.478324 Oscar: Yes
ChatterBot Papa reevaluating
2024-10-14 20:52:03.521071 Delta: Oscar, Sierra, Mike, Yankee, Hotel and Golf, sending you 2
2024-10-14 20:52:03.539295 Mike: Delta, Sierra and Hotel, sending you 2
2024-10-14 20:52:03.540801 Bravo: Sending you 9
2024-10-14 20:52:03.541699 X-ray: Delta, sending you 2
2024-10-14 20:52:03.543140 Golf: Delta, Mike and Hotel, sending you 3
2024-10-14 20:52:03.543775 Hotel: Delta, Papa, Mike and Golf, sending you 3
2024-10-14 20:52:03.545173 Sierra: Delta, Papa, Mike and Golf, sending you 2
2024-10-14 20:52:03.546468 Delta: Papa, sending you 1
2024-10-14 20:52:03.547165 Oscar: Delta and Mike, sending you 3
2024-10-14 20:52:03.548654 Mike: Oscar, Papa and Golf, sending you 3
2024-10-14 20:52:03.550009 X-ray: Oscar, Papa, Sierra, Mike, Hotel and Golf, sending you 1
2024-10-14 20:52:03.551453 Hotel: Sierra, sending you 1
2024-10-14 20:52:03.552246 Golf: Papa and Sierra, sending you 2
2024-10-14 20:52:03.553372 Sierra: Hotel, sending you 1
2024-10-14 20:52:03.554774 Oscar: Papa, Sierra and Hotel, sending you 1
2024-10-14 20:52:03.663113 Papa: Sending you each 2
chatterbot Hotel submitting transactions
chatterbot Delta submitting transactions
chatterbot Golf submitting transactions
chatterbot Mike submitting transactions
chatterbot Oscar submitting transactions
chatterbot Sierra submitting transactions
chatterbot Papa submitting transactions
chatterbot Yankee submitting transactions
chatterbot Bravo submitting transactions
chatterbot X-ray submitting transactions
ChatterBot Delta round 4
ChatterBot Oscar round 4
ChatterBot Papa round 4
ChatterBot Sierra round 4
ChatterBot Bravo round 4
ChatterBot Mike round 4
ChatterBot Yankee round 4
ChatterBot Hotel round 4
ChatterBot X-ray round 4
ChatterBot Golf round 4
2024-10-14 20:52:04.700793 Delta: We should replace Yankee with X-ray
ChatterBot Hotel reevaluating
2024-10-14 20:52:04.730958 Sierra: No
2024-10-14 20:52:04.731189 Papa: No
2024-10-14 20:52:04.731359 Mike: No
2024-10-14 20:52:04.731537 Oscar: No
2024-10-14 20:52:04.731742 Hotel: No
2024-10-14 20:52:04.732474 Golf: No
ChatterBot Hotel reevaluating
ChatterBot Hotel reevaluating
ChatterBot Hotel reevaluating
ChatterBot Papa reevaluating
ChatterBot Hotel reevaluating
ChatterBot Papa reevaluating
ChatterBot Papa reevaluating
ChatterBot Hotel reevaluating
2024-10-14 20:52:04.912341 Delta: X-ray we want you to join our group
2024-10-14 20:52:04.915730 X-ray: Yes
ChatterBot Papa reevaluating
ChatterBot Hotel reevaluating
2024-10-14 20:52:05.035697 Sierra: Delta, Papa, Mike and Golf, sending you 2
2024-10-14 20:52:05.036781 Hotel: Oscar we want you to join our group
2024-10-14 20:52:05.041680 Oscar: Yes
ChatterBot Papa reevaluating
2024-10-14 20:52:05.061170 Sierra: Hotel, sending you 1
2024-10-14 20:52:05.064779 Oscar: Delta, sending you 3
2024-10-14 20:52:05.065849 Yankee: Same as last round
2024-10-14 20:52:05.066919 X-ray: Delta, sending you 2
2024-10-14 20:52:05.068020 Delta: Oscar, Sierra, Mike, Hotel, X-ray and Golf, sending you 2
2024-10-14 20:52:05.069345 Mike: Delta, Sierra and Hotel, sending you 2
2024-10-14 20:52:05.070509 Golf: Delta, Mike and Hotel, sending you 3
2024-10-14 20:52:05.071080 Bravo: Same as last round
2024-10-14 20:52:05.071409 Oscar: Papa and Sierra, sending you 1
2024-10-14 20:52:05.072548 X-ray: Oscar, Papa, Sierra, Mike, Hotel and Golf, sending you 1
2024-10-14 20:52:05.073428 Delta: Papa, sending you 1
2024-10-14 20:52:05.074549 Golf: Papa and Sierra, sending you 2
2024-10-14 20:52:05.075191 Mike: Oscar, Papa and Golf, sending you 3
2024-10-14 20:52:05.076376 Oscar: Mike, sending you 4
2024-10-14 20:52:05.079843 Papa: Same as last round
2024-10-14 20:52:05.082717 Hotel: Delta, Oscar, Papa and Mike, sending you 2
2024-10-14 20:52:05.087687 Hotel: Sierra, sending you 1
2024-10-14 20:52:05.092065 Hotel: Golf, sending you 4
chatterbot Yankee submitting transactions
chatterbot Oscar submitting transactions
chatterbot X-ray submitting transactions
chatterbot Mike submitting transactions
chatterbot Bravo submitting transactions
chatterbot Delta submitting transactions
chatterbot Hotel submitting transactions
chatterbot Golf submitting transactions
chatterbot Papa submitting transactions
chatterbot Sierra submitting transactions
ChatterBot Delta round 5
ChatterBot Oscar round 5
ChatterBot Papa round 5
ChatterBot Sierra round 5
ChatterBot Bravo round 5
ChatterBot Mike round 5
ChatterBot Yankee round 5
ChatterBot Hotel round 5
ChatterBot X-ray round 5
ChatterBot Golf round 5
2024-10-14 20:52:06.134783 X-ray: We should group up
2024-10-14 20:52:06.146694 Yankee: No
2024-10-14 20:52:06.147234 Bravo: No
2024-10-14 20:52:06.163227 Papa: We should drop Oscar
2024-10-14 20:52:06.186431 Sierra: No
2024-10-14 20:52:06.186848 Mike: No
2024-10-14 20:52:06.187715 Delta: No
2024-10-14 20:52:06.188048 Hotel: No
2024-10-14 20:52:06.188252 Golf: Yes
ChatterBot Papa reevaluating
ChatterBot Hotel reevaluating
ChatterBot Papa reevaluating
ChatterBot Hotel reevaluating
ChatterBot Papa reevaluating
ChatterBot Hotel reevaluating
ChatterBot Papa reevaluating
ChatterBot Papa reevaluating
ChatterBot Hotel reevaluating
2024-10-14 20:52:06.343857 Bravo: Same as last round
2024-10-14 20:52:06.347669 Delta: Oscar, Papa, Sierra, Mike, Hotel and Golf, sending you 2
2024-10-14 20:52:06.349167 Mike: Delta, Papa, Sierra and Hotel, sending you 2
2024-10-14 20:52:06.352694 Mike: Oscar, sending you 4
2024-10-14 20:52:06.353286 Sierra: Delta, Papa, Mike and Golf, sending you 2
2024-10-14 20:52:06.354246 Delta: X-ray, sending you 1
2024-10-14 20:52:06.355711 Oscar: Delta and Mike, sending you 3
2024-10-14 20:52:06.357035 Yankee: Same as last round
2024-10-14 20:52:06.357682 Mike: Golf, sending you 3
2024-10-14 20:52:06.358318 Sierra: Hotel, sending you 1
2024-10-14 20:52:06.359409 Hotel: Delta, sending you 3
2024-10-14 20:52:06.360159 X-ray: Bravo, sending you 5
2024-10-14 20:52:06.360481 Papa: Same as last round
2024-10-14 20:52:06.361664 Oscar: Papa, sending you 2
2024-10-14 20:52:06.362691 X-ray: Yankee, sending you 3
2024-10-14 20:52:06.363679 Hotel: Oscar and Sierra, sending you 1
2024-10-14 20:52:06.364963 Oscar: Hotel, sending you 1
2024-10-14 20:52:06.365669 Golf: Delta, Mike and Hotel, sending you 3
2024-10-14 20:52:06.368855 Hotel: Papa and Mike, sending you 2
2024-10-14 20:52:06.369674 Golf: Papa and Sierra, sending you 2
2024-10-14 20:52:06.373668 Hotel: Golf, sending you 4
chatterbot Sierra submitting transactions
chatterbot Yankee submitting transactions
chatterbot Mike submitting transactions
chatterbot X-ray submitting transactions
chatterbot Papa submitting transactions
chatterbot Oscar submitting transactions
chatterbot Delta submitting transactions
chatterbot Bravo submitting transactions
chatterbot Hotel submitting transactions
chatterbot Golf submitting transactions
ChatterBot Delta round 6
ChatterBot Oscar round 6
ChatterBot Papa round 6
ChatterBot Sierra round 6
ChatterBot Bravo round 6
ChatterBot Mike round 6
ChatterBot Yankee round 6
ChatterBot Hotel round 6
ChatterBot X-ray round 6
2024-10-14 20:52:07.606354 Bravo: We should add X-ray
ChatterBot Yankee reevaluating
2024-10-14 20:52:07.610466 Yankee: Yes
ChatterBot Golf round 6
2024-10-14 20:52:07.639123 Bravo: X-ray we want you to join our group
ChatterBot X-ray reevaluating
2024-10-14 20:52:07.644508 X-ray: No
ChatterBot Yankee reevaluating
2024-10-14 20:52:07.656322 Papa: We should drop Sierra
2024-10-14 20:52:07.677899 Delta: No
2024-10-14 20:52:07.678691 Oscar: No
2024-10-14 20:52:07.679308 Mike: No
2024-10-14 20:52:07.679659 Hotel: No
2024-10-14 20:52:07.679982 Golf: No
ChatterBot Papa reevaluating
ChatterBot Papa reevaluating
ChatterBot Hotel reevaluating
ChatterBot Papa reevaluating
ChatterBot Hotel reevaluating
ChatterBot Papa reevaluating
ChatterBot Papa reevaluating
ChatterBot Hotel reevaluating
2024-10-14 20:52:07.795605 Yankee: X-ray we want you to join our group
ChatterBot X-ray reevaluating
2024-10-14 20:52:07.802210 X-ray: No
2024-10-14 20:52:07.810640 Sierra: Delta, Papa, Mike and Golf, sending you 2
2024-10-14 20:52:07.811408 Delta: Oscar, Papa, Sierra, Mike, Hotel and Golf, sending you 2
2024-10-14 20:52:07.812844 Mike: Delta, Papa, Sierra and Hotel, sending you 2
2024-10-14 20:52:07.814258 Sierra: Hotel, sending you 1
2024-10-14 20:52:07.816273 Delta: X-ray, sending you 1
2024-10-14 20:52:07.817074 Mike: Oscar, sending you 4
2024-10-14 20:52:07.818255 Bravo: Yankee, sending you 7
2024-10-14 20:52:07.818669 Oscar: Delta and Papa, sending you 2
2024-10-14 20:52:07.822341 Mike: Golf, sending you 3
2024-10-14 20:52:07.823351 Bravo: X-ray, sending you 6
2024-10-14 20:52:07.824204 Oscar: Mike, sending you 4
2024-10-14 20:52:07.825067 Hotel: Delta, sending you 3
2024-10-14 20:52:07.826332 Papa: Same as last round
2024-10-14 20:52:07.827844 X-ray: Delta, sending you 2
2024-10-14 20:52:07.829688 Oscar: Hotel, sending you 1
2024-10-14 20:52:07.830513 Hotel: Oscar and Sierra, sending you 1
2024-10-14 20:52:07.831663 Yankee: Bravo, sending you 8
2024-10-14 20:52:07.832032 Golf: Delta, Mike and Hotel, sending you 3
2024-10-14 20:52:07.832578 X-ray: Oscar, Papa, Sierra, Mike, Hotel and Golf, sending you 1
2024-10-14 20:52:07.834657 Yankee: X-ray, sending you 6
2024-10-14 20:52:07.834972 Golf: Papa and Sierra, sending you 2
2024-10-14 20:52:07.835677 Hotel: Papa and Mike, sending you 2
2024-10-14 20:52:07.840014 Hotel: Golf, sending you 4
chatterbot Hotel submitting transactions
chatterbot X-ray submitting transactions
chatterbot Oscar submitting transactions
chatterbot Delta submitting transactions
chatterbot Mike submitting transactions
chatterbot Sierra submitting transactions
chatterbot Yankee submitting transactions
chatterbot Bravo submitting transactions
chatterbot Papa submitting transactions
chatterbot Golf submitting transactions
ChatterBot Delta round 7
ChatterBot Oscar round 7
ChatterBot Papa round 7
ChatterBot Sierra round 7
ChatterBot Bravo round 7
ChatterBot Mike round 7
ChatterBot Yankee round 7
ChatterBot Hotel round 7
ChatterBot X-ray round 7
ChatterBot Golf round 7
2024-10-14 20:52:09.117194 Hotel: We should drop Sierra
ChatterBot Papa reevaluating
2024-10-14 20:52:09.133727 Papa: Yes
2024-10-14 20:52:09.134446 Delta: No
2024-10-14 20:52:09.134703 Oscar: No
2024-10-14 20:52:09.135079 Mike: No
2024-10-14 20:52:09.135265 Golf: No
ChatterBot Hotel reevaluating
ChatterBot Papa reevaluating
ChatterBot Hotel reevaluating
ChatterBot Papa reevaluating
ChatterBot Hotel reevaluating
ChatterBot Golf reevaluating
ChatterBot Papa reevaluating
ChatterBot Hotel reevaluating
ChatterBot Golf reevaluating
ChatterBot Papa reevaluating
ChatterBot Hotel reevaluating
2024-10-14 20:52:09.218289 Golf: We should replace Sierra with Oscar
ChatterBot Papa reevaluating
ChatterBot Hotel reevaluating
2024-10-14 20:52:09.230406 Delta: No
2024-10-14 20:52:09.230642 Papa: Yes
2024-10-14 20:52:09.230862 Mike: No
2024-10-14 20:52:09.231127 Hotel: Yes
ChatterBot Golf reevaluating
ChatterBot Papa reevaluating
ChatterBot Hotel reevaluating
ChatterBot Golf reevaluating
ChatterBot Hotel reevaluating
ChatterBot Golf reevaluating
ChatterBot Papa reevaluating
ChatterBot Hotel reevaluating
ChatterBot Golf reevaluating
ChatterBot Papa reevaluating
2024-10-14 20:52:09.283691 Mike: Delta, Papa, Sierra and Hotel, sending you 2
2024-10-14 20:52:09.285148 Sierra: Delta, Papa, Mike and Golf, sending you 2
2024-10-14 20:52:09.285833 X-ray: Sending you each 4
2024-10-14 20:52:09.286113 Oscar: Delta and Papa, sending you 2
2024-10-14 20:52:09.286633 Yankee: Bravo, sending you 8
2024-10-14 20:52:09.286993 Delta: Oscar, Papa, Sierra, Mike, Hotel and Golf, sending you 2
2024-10-14 20:52:09.287839 Bravo: Yankee, sending you 7
2024-10-14 20:52:09.288105 Mike: Oscar, sending you 4
2024-10-14 20:52:09.288705 Sierra: Hotel, sending you 1
2024-10-14 20:52:09.289732 Oscar: Mike, sending you 4
2024-10-14 20:52:09.290809 Yankee: X-ray, sending you 6
2024-10-14 20:52:09.291101 Delta: X-ray, sending you 1
2024-10-14 20:52:09.292968 Bravo: X-ray, sending you 6
2024-10-14 20:52:09.293284 Mike: Golf, sending you 3
2024-10-14 20:52:09.294690 Oscar: Hotel, sending you 1
2024-10-14 20:52:09.302784 Hotel: Delta, Papa, Mike and Golf, sending you 3
2024-10-14 20:52:09.306730 Hotel: Oscar, sending you 1
2024-10-14 20:52:09.310672 Papa: Delta, Oscar and Golf, sending you 2
2024-10-14 20:52:09.312071 Golf: Delta, Mike and Hotel, sending you 3
2024-10-14 20:52:09.314688 Papa: Mike and Hotel, sending you 3
2024-10-14 20:52:09.315432 Golf: Papa and Sierra, sending you 2
chatterbot Yankee submitting transactions
chatterbot Oscar submitting transactions
chatterbot Bravo submitting transactions
chatterbot Mike submitting transactions
chatterbot Sierra submitting transactions
chatterbot Hotel submitting transactions
chatterbot Golf submitting transactions
chatterbot Delta submitting transactions
chatterbot X-ray submitting transactions
chatterbot Papa submitting transactions
ChatterBot Delta round 8
ChatterBot Oscar round 8
ChatterBot Papa round 8
ChatterBot Sierra round 8
ChatterBot Bravo round 8
ChatterBot Mike round 8
ChatterBot Yankee round 8
ChatterBot Hotel round 8
ChatterBot X-ray round 8
ChatterBot Golf round 8
2024-10-14 20:52:10.516678 Papa: Delta, Oscar and Golf, sending you 2
2024-10-14 20:52:10.520674 Papa: Mike and Hotel, sending you 3
2024-10-14 20:52:10.525696 Delta: Oscar, Papa, Sierra, Mike, Hotel and Golf, sending you 2
2024-10-14 20:52:10.526670 Golf: Delta, Mike and Hotel, sending you 3
2024-10-14 20:52:10.527216 Hotel: Delta, Papa, Mike and Golf, sending you 3
2024-10-14 20:52:10.531198 Delta: X-ray, sending you 1
2024-10-14 20:52:10.532249 Mike: Delta, Papa, Sierra and Hotel, sending you 2
2024-10-14 20:52:10.533836 Golf: Papa and Sierra, sending you 2
2024-10-14 20:52:10.534508 Oscar: Delta and Papa, sending you 2
2024-10-14 20:52:10.536183 Hotel: Oscar, sending you 1
2024-10-14 20:52:10.536816 Yankee: Bravo, sending you 8
2024-10-14 20:52:10.537203 Sierra: Delta, Papa, Mike and Golf, sending you 2
2024-10-14 20:52:10.538553 X-ray: Same as last round
2024-10-14 20:52:10.539056 Mike: Oscar, sending you 4
2024-10-14 20:52:10.540497 Oscar: Mike, sending you 4
2024-10-14 20:52:10.541406 Yankee: X-ray, sending you 6
2024-10-14 20:52:10.541836 Bravo: Yankee, sending you 7
2024-10-14 20:52:10.542688 Sierra: Hotel, sending you 1
2024-10-14 20:52:10.544996 Mike: Golf, sending you 3
2024-10-14 20:52:10.546631 Oscar: Hotel, sending you 1
2024-10-14 20:52:10.548671 Bravo: X-ray, sending you 6
chatterbot Papa submitting transactions
chatterbot Yankee submitting transactions
chatterbot Delta submitting transactions
chatterbot Hotel submitting transactions
chatterbot Golf submitting transactions
chatterbot Mike submitting transactions
chatterbot Sierra submitting transactions
chatterbot Bravo submitting transactions
chatterbot Oscar submitting transactions
chatterbot X-ray submitting transactions
ChatterBot Delta round 9
ChatterBot Oscar round 9
ChatterBot Papa round 9
ChatterBot Sierra round 9
ChatterBot Bravo round 9
ChatterBot Mike round 9
ChatterBot Yankee round 9
ChatterBot Hotel round 9
ChatterBot X-ray round 9
ChatterBot Golf round 9
2024-10-14 20:52:11.574693 Papa: Delta, Oscar and Golf, sending you 2
2024-10-14 20:52:11.576703 Sierra: Delta, Mike and Golf, sending you 2
2024-10-14 20:52:11.579710 Bravo: Yankee, sending you 7
2024-10-14 20:52:11.580170 Papa: Mike and Hotel, sending you 3
2024-10-14 20:52:11.581108 X-ray: Same as last round
2024-10-14 20:52:11.582655 Sierra: Oscar, Papa and Hotel, sending you 1
2024-10-14 20:52:11.583686 Bravo: X-ray, sending you 6
2024-10-14 20:52:11.584776 Oscar: Delta and Papa, sending you 2
2024-10-14 20:52:11.585688 Hotel: Delta, Papa, Mike and Golf, sending you 3
2024-10-14 20:52:11.587663 Golf: Delta, Mike and Hotel, sending you 3
2024-10-14 20:52:11.588167 Oscar: Mike, sending you 4
2024-10-14 20:52:11.588863 Yankee: Bravo, sending you 8
2024-10-14 20:52:11.589156 Hotel: Oscar, sending you 1
2024-10-14 20:52:11.589704 Delta: Oscar, Papa, Sierra, Mike, Hotel and Golf, sending you 2
2024-10-14 20:52:11.591044 Mike: Delta, Papa, Sierra and Hotel, sending you 2
2024-10-14 20:52:11.593016 Golf: Papa and Sierra, sending you 2
2024-10-14 20:52:11.593562 Oscar: Hotel, sending you 1
2024-10-14 20:52:11.594162 Yankee: X-ray, sending you 6
2024-10-14 20:52:11.594401 Delta: X-ray, sending you 1
2024-10-14 20:52:11.594956 Mike: Oscar, sending you 4
2024-10-14 20:52:11.599682 Mike: Golf, sending you 3
chatterbot Yankee submitting transactions
chatterbot Oscar submitting transactions
chatterbot Sierra submitting transactions
chatterbot Mike submitting transactions
chatterbot Golf submitting transactions
chatterbot Bravo submitting transactions
chatterbot Delta submitting transactions
chatterbot Papa submitting transactions
chatterbot X-ray submitting transactions
chatterbot Hotel submitting transactions
ChatterBot Delta round 10
ChatterBot Oscar round 10
ChatterBot Papa round 10
ChatterBot Sierra round 10
ChatterBot Bravo round 10
ChatterBot Mike round 10
ChatterBot Yankee round 10
ChatterBot Hotel round 10
ChatterBot X-ray round 10
ChatterBot Golf round 10
2024-10-14 20:52:12.836748 Golf: We should replace Sierra with Oscar
2024-10-14 20:52:12.846418 Delta: No
2024-10-14 20:52:12.846580 Papa: Yes
2024-10-14 20:52:12.846710 Mike: No
2024-10-14 20:52:12.846845 Hotel: Yes
ChatterBot Golf reevaluating
2024-10-14 20:52:12.889669 Oscar: Delta and Papa, sending you 2
2024-10-14 20:52:12.894672 Oscar: Mike, sending you 4
2024-10-14 20:52:12.896176 Mike: Delta, Sierra and Hotel, sending you 2
2024-10-14 20:52:12.897452 Papa: Delta, Oscar and Golf, sending you 2
2024-10-14 20:52:12.898140 Yankee: Bravo, sending you 8
2024-10-14 20:52:12.898680 Oscar: Hotel, sending you 1
2024-10-14 20:52:12.900675 Mike: Oscar, Papa and Golf, sending you 3
2024-10-14 20:52:12.902181 Papa: Mike and Hotel, sending you 3
2024-10-14 20:52:12.903274 Yankee: X-ray, sending you 6
2024-10-14 20:52:12.903760 X-ray: Same as last round
2024-10-14 20:52:12.904206 Hotel: Delta, Papa, Mike and Golf, sending you 3
2024-10-14 20:52:12.905686 Bravo: Yankee, sending you 7
2024-10-14 20:52:12.907694 Delta: Oscar, Papa, Sierra, Mike, Hotel and Golf, sending you 2
2024-10-14 20:52:12.909233 Golf: Delta, Mike and Hotel, sending you 3
2024-10-14 20:52:12.909962 Hotel: Oscar, sending you 1
2024-10-14 20:52:12.910992 Bravo: X-ray, sending you 6
2024-10-14 20:52:12.911410 Sierra: Delta, Mike and Golf, sending you 2
2024-10-14 20:52:12.912751 Delta: X-ray, sending you 1
2024-10-14 20:52:12.913707 Golf: Papa and Sierra, sending you 2
2024-10-14 20:52:12.915658 Sierra: Oscar, Papa and Hotel, sending you 1
chatterbot Bravo submitting transactions
chatterbot Sierra submitting transactions
chatterbot Delta submitting transactions
chatterbot Oscar submitting transactions
chatterbot Hotel submitting transactions
chatterbot X-ray submitting transactions
chatterbot Mike submitting transactions
chatterbot Papa submitting transactions
chatterbot Golf submitting transactions
chatterbot Yankee submitting transactions
ChatterBot Delta round 11
ChatterBot Oscar round 11
ChatterBot Papa round 11
ChatterBot Sierra round 11
ChatterBot Bravo round 11
ChatterBot Mike round 11
ChatterBot Yankee round 11
ChatterBot Hotel round 11
ChatterBot X-ray round 11
ChatterBot Golf round 11
2024-10-14 20:52:13.906806 Golf: We should replace Sierra with Oscar
2024-10-14 20:52:13.916831 Delta: No
2024-10-14 20:52:13.917131 Papa: Yes
2024-10-14 20:52:13.917333 Mike: No
2024-10-14 20:52:13.917488 Hotel: Yes
2024-10-14 20:52:13.967526 Golf: Oscar we want you to join our group
2024-10-14 20:52:13.971905 Oscar: Yes
2024-10-14 20:52:13.990683 Oscar: Delta and Papa, sending you 2
2024-10-14 20:52:13.992858 Papa: Delta, Oscar and Golf, sending you 2
2024-10-14 20:52:13.995531 Delta: Oscar, Papa, Sierra, Mike, Hotel and Golf, sending you 2
2024-10-14 20:52:13.998983 Sierra: Delta, Mike and Golf, sending you 2
2024-10-14 20:52:14.002494 Mike: Delta, Sierra and Hotel, sending you 2
2024-10-14 20:52:14.005232 Bravo: Yankee, sending you 7
2024-10-14 20:52:14.005902 Yankee: Bravo, sending you 8
2024-10-14 20:52:14.006416 Oscar: Sierra and Hotel, sending you 1
2024-10-14 20:52:14.008569 Papa: Mike and Hotel, sending you 3
2024-10-14 20:52:14.009866 Delta: X-ray, sending you 1
2024-10-14 20:52:14.012132 Sierra: Oscar, Papa and Hotel, sending you 1
2024-10-14 20:52:14.014203 Mike: Oscar, Papa and Golf, sending you 3
2024-10-14 20:52:14.015334 Yankee: X-ray, sending you 6
2024-10-14 20:52:14.016138 X-ray: Same as last round
2024-10-14 20:52:14.016532 Bravo: X-ray, sending you 6
2024-10-14 20:52:14.016905 Oscar: Mike, sending you 3
2024-10-14 20:52:14.017973 Hotel: Delta, Papa, Mike and Golf, sending you 3
2024-10-14 20:52:14.018977 Golf: Delta, Papa, Mike and Hotel, sending you 3
2024-10-14 20:52:14.021681 Golf: Oscar, sending you 1
2024-10-14 20:52:14.023736 Hotel: Oscar, sending you 1
chatterbot Oscar submitting transactions
chatterbot Mike submitting transactions
chatterbot Papa submitting transactions
chatterbot Delta submitting transactions
chatterbot Yankee submitting transactions
chatterbot Golf submitting transactions
chatterbot X-ray submitting transactions
chatterbot Sierra submitting transactions
chatterbot Hotel submitting transactions
chatterbot Bravo submitting transactions
ChatterBot Delta round 12
ChatterBot Oscar round 12
ChatterBot Papa round 12
ChatterBot Sierra round 12
ChatterBot Bravo round 12
ChatterBot Mike round 12
ChatterBot Yankee round 12
ChatterBot Hotel round 12
ChatterBot X-ray round 12
ChatterBot Golf round 12
2024-10-14 20:52:15.131837 Oscar: We should drop Sierra
2024-10-14 20:52:15.149368 Papa: Yes
2024-10-14 20:52:15.149514 Delta: No
2024-10-14 20:52:15.149647 Mike: No
2024-10-14 20:52:15.149770 Hotel: Yes
2024-10-14 20:52:15.149869 Golf: Yes
ChatterBot Oscar reevaluating
ChatterBot Oscar reevaluating
ChatterBot Oscar reevaluating
ChatterBot Oscar reevaluating
ChatterBot Oscar reevaluating
2024-10-14 20:52:15.214574 X-ray: We should add Sierra
2024-10-14 20:52:15.219229 Yankee: No
2024-10-14 20:52:15.219383 Bravo: No
ChatterBot X-ray reevaluating
ChatterBot X-ray reevaluating
2024-10-14 20:52:15.244931 Papa: Delta, Oscar and Golf, sending you 2
2024-10-14 20:52:15.247107 Bravo: Yankee, sending you 7
2024-10-14 20:52:15.247686 Hotel: Delta, Papa, Mike and Golf, sending you 3
2024-10-14 20:52:15.249665 Oscar: Delta and Papa, sending you 2
2024-10-14 20:52:15.250444 Papa: Mike and Hotel, sending you 3
2024-10-14 20:52:15.251038 Bravo: X-ray, sending you 6
2024-10-14 20:52:15.251816 X-ray: Same as last round
2024-10-14 20:52:15.252692 Hotel: Oscar, sending you 1
2024-10-14 20:52:15.253847 Delta: Oscar, Papa, Sierra, Mike, Hotel and Golf, sending you 2
2024-10-14 20:52:15.254830 Oscar: Sierra and Hotel, sending you 1
2024-10-14 20:52:15.256690 Mike: Delta, Sierra and Hotel, sending you 2
2024-10-14 20:52:15.258541 Golf: Delta, Papa, Mike and Hotel, sending you 3
2024-10-14 20:52:15.259441 Sierra: Delta, Mike and Golf, sending you 2
2024-10-14 20:52:15.261277 Yankee: Sending you each 7
2024-10-14 20:52:15.261804 Delta: X-ray, sending you 1
2024-10-14 20:52:15.262878 Oscar: Mike, sending you 3
2024-10-14 20:52:15.265252 Mike: Oscar, Papa and Golf, sending you 3
2024-10-14 20:52:15.267149 Golf: Oscar, sending you 1
2024-10-14 20:52:15.267998 Sierra: Oscar, Papa and Hotel, sending you 1
chatterbot Mike submitting transactions
chatterbot Delta submitting transactions
chatterbot Hotel submitting transactions
chatterbot Yankee submitting transactions
chatterbot Sierra submitting transactions
chatterbot Papa submitting transactions
chatterbot Bravo submitting transactions
chatterbot Oscar submitting transactions
chatterbot Golf submitting transactions
chatterbot X-ray submitting transactions
ChatterBot Delta round 13
ChatterBot Oscar round 13
ChatterBot Papa round 13
ChatterBot Sierra round 13
ChatterBot Bravo round 13
ChatterBot Mike round 13
ChatterBot Yankee round 13
ChatterBot Hotel round 13
ChatterBot X-ray round 13
ChatterBot Golf round 13
2024-10-14 20:52:16.471253 Oscar: We should drop Sierra
2024-10-14 20:52:16.482967 Papa: Yes
2024-10-14 20:52:16.483138 Delta: No
2024-10-14 20:52:16.483276 Mike: No
2024-10-14 20:52:16.483412 Hotel: Yes
2024-10-14 20:52:16.483530 Golf: Yes
ChatterBot Oscar reevaluating
ChatterBot Oscar reevaluating
ChatterBot Oscar reevaluating
ChatterBot Oscar reevaluating
2024-10-14 20:52:16.549675 Delta: Oscar, Papa, Sierra, Mike, Hotel and Golf, sending you 2
2024-10-14 20:52:16.550606 Bravo: Yankee, sending you 7
2024-10-14 20:52:16.551707 Golf: Delta, Papa, Mike and Hotel, sending you 3
2024-10-14 20:52:16.553657 Delta: X-ray, sending you 1
2024-10-14 20:52:16.554674 Hotel: Delta, Papa, Mike and Golf, sending you 3
2024-10-14 20:52:16.555722 Golf: Oscar, sending you 1
2024-10-14 20:52:16.556294 Bravo: X-ray, sending you 6
2024-10-14 20:52:16.556666 X-ray: Same as last round
2024-10-14 20:52:16.557657 Mike: Delta, sending you 2
2024-10-14 20:52:16.560684 Hotel: Oscar, sending you 1
2024-10-14 20:52:16.561576 Yankee: Same as last round
2024-10-14 20:52:16.562663 Sierra: Delta, Mike and Golf, sending you 2
2024-10-14 20:52:16.563672 Mike: Oscar, Papa, Hotel and Golf, sending you 3
2024-10-14 20:52:16.564503 Oscar: Delta and Papa, sending you 2
2024-10-14 20:52:16.565111 Papa: Delta, Oscar and Golf, sending you 2
2024-10-14 20:52:16.566197 Sierra: Oscar, Papa and Hotel, sending you 1
2024-10-14 20:52:16.568654 Mike: Sierra, sending you 1
2024-10-14 20:52:16.569691 Oscar: Mike, sending you 3
2024-10-14 20:52:16.570225 Papa: Mike and Hotel, sending you 3
2024-10-14 20:52:16.574670 Oscar: Hotel and Golf, sending you 1
chatterbot Oscar submitting transactions
chatterbot Delta submitting transactions
chatterbot Mike submitting transactions
chatterbot Hotel submitting transactions
chatterbot Golf submitting transactions
chatterbot Bravo submitting transactions
chatterbot Papa submitting transactions
chatterbot Yankee submitting transactions
chatterbot Sierra submitting transactions
chatterbot X-ray submitting transactions
ChatterBot Delta round 14
ChatterBot Oscar round 14
ChatterBot Papa round 14
ChatterBot Sierra round 14
ChatterBot Bravo round 14
ChatterBot Mike round 14
ChatterBot Yankee round 14
ChatterBot Hotel round 14
ChatterBot X-ray round 14
ChatterBot Golf round 14
2024-10-14 20:52:17.672064 Sierra: Delta, sending you 3
2024-10-14 20:52:17.676679 Sierra: Oscar, Papa, Hotel and Golf, sending you 1
2024-10-14 20:52:17.681665 Delta: Oscar, Papa, Sierra, Mike, Hotel and Golf, sending you 2
2024-10-14 20:52:17.682703 Sierra: Mike, sending you 2
2024-10-14 20:52:17.684534 Oscar: Delta and Papa, sending you 2
2024-10-14 20:52:17.685522 Delta: X-ray, sending you 1
2024-10-14 20:52:17.686747 X-ray: Same as last round
