ChatterBot Whiskey round 1
ChatterBot Kilo round 1
ChatterBot Alpha round 1
ChatterBot Mike round 1
ChatterBot Lima round 1
ChatterBot Hotel round 1
ChatterBot Charlie round 1
ChatterBot Yankee round 1
randomSelections Kilo: {Kilo, Whiskey, Mike, Alpha, Charlie} 
2024-10-14 20:52:00.263496 Kilo: Group up?
ChatterBot Whiskey reevaluating
ChatterBot Mike reevaluating
ChatterBot Alpha reevaluating
ChatterBot Charlie reevaluating
2024-10-14 20:52:00.281975 Whiskey: Yes
2024-10-14 20:52:00.282164 Mike: Yes
2024-10-14 20:52:00.282372 Alpha: Yes
2024-10-14 20:52:00.282539 Charlie: Yes
ChatterBot Mike reevaluating
ChatterBot Alpha reevaluating
ChatterBot Charlie reevaluating
ChatterBot Whiskey reevaluating
ChatterBot Alpha reevaluating
ChatterBot Charlie reevaluating
ChatterBot Whiskey reevaluating
ChatterBot Mike reevaluating
ChatterBot Charlie reevaluating
ChatterBot Whiskey reevaluating
ChatterBot Mike reevaluating
ChatterBot Alpha reevaluating
ChatterBot Golf round 1
ChatterBot Romeo round 1
randomSelections Yankee: {Yankee, Whiskey, Alpha, Kilo, Lima, Mike} 
2024-10-14 20:52:00.324344 Yankee: We should group up
ChatterBot Whiskey reevaluating
ChatterBot Alpha reevaluating
ChatterBot Lima reevaluating
ChatterBot Mike reevaluating
2024-10-14 20:52:00.331558 Whiskey: No
2024-10-14 20:52:00.331680 Alpha: No
2024-10-14 20:52:00.331792 Kilo: No
2024-10-14 20:52:00.331898 Lima: Yes
2024-10-14 20:52:00.332033 Mike: No
ChatterBot Alpha reevaluating
ChatterBot Lima reevaluating
ChatterBot Mike reevaluating
ChatterBot Whiskey reevaluating
ChatterBot Lima reevaluating
ChatterBot Mike reevaluating
ChatterBot Whiskey reevaluating
ChatterBot Alpha reevaluating
ChatterBot Lima reevaluating
ChatterBot Mike reevaluating
ChatterBot Whiskey reevaluating
ChatterBot Alpha reevaluating
ChatterBot Mike reevaluating
ChatterBot Whiskey reevaluating
ChatterBot Alpha reevaluating
ChatterBot Lima reevaluating
randomSelections Hotel: {Hotel, Alpha, Lima, Kilo, Romeo, Golf, Whiskey} 
2024-10-14 20:52:00.366665 Hotel: Group up?
ChatterBot Alpha reevaluating
ChatterBot Lima reevaluating
ChatterBot Romeo reevaluating
ChatterBot Golf reevaluating
ChatterBot Whiskey reevaluating
2024-10-14 20:52:00.374091 Alpha: No
2024-10-14 20:52:00.374211 Lima: No
2024-10-14 20:52:00.374315 Kilo: No
2024-10-14 20:52:00.374416 Romeo: Yes
2024-10-14 20:52:00.374501 Golf: Yes
2024-10-14 20:52:00.374577 Whiskey: No
ChatterBot Lima reevaluating
ChatterBot Romeo reevaluating
ChatterBot Golf reevaluating
ChatterBot Whiskey reevaluating
ChatterBot Alpha reevaluating
ChatterBot Romeo reevaluating
ChatterBot Golf reevaluating
ChatterBot Whiskey reevaluating
ChatterBot Alpha reevaluating
ChatterBot Lima reevaluating
ChatterBot Romeo reevaluating
ChatterBot Golf reevaluating
ChatterBot Whiskey reevaluating
ChatterBot Alpha reevaluating
ChatterBot Lima reevaluating
ChatterBot Golf reevaluating
ChatterBot Whiskey reevaluating
ChatterBot Alpha reevaluating
ChatterBot Lima reevaluating
ChatterBot Romeo reevaluating
ChatterBot Whiskey reevaluating
ChatterBot Alpha reevaluating
ChatterBot Lima reevaluating
ChatterBot Romeo reevaluating
ChatterBot Golf reevaluating
2024-10-14 20:52:00.427661 Kilo: Whiskey, sending you 1
2024-10-14 20:52:00.428039 Charlie: Whiskey and Mike, sending you 2
2024-10-14 20:52:00.430692 Kilo: Charlie, sending you 2
2024-10-14 20:52:00.431673 Alpha: Whiskey and Charlie, sending you 2
2024-10-14 20:52:00.431999 Charlie: Kilo, sending you 4
2024-10-14 20:52:00.432674 Lima: Whiskey, Kilo and Yankee, sending you 3
2024-10-14 20:52:00.433077 Yankee: Whiskey, sending you 4
2024-10-14 20:52:00.434662 Golf: Whiskey, Kilo, Hotel and Romeo, sending you 2
2024-10-14 20:52:00.434985 Charlie: Alpha, sending you 6
2024-10-14 20:52:00.435689 Alpha: Kilo, sending you 5
2024-10-14 20:52:00.436672 Mike: Whiskey, sending you 3
2024-10-14 20:52:00.437035 Hotel: Whiskey, sending you 1
2024-10-14 20:52:00.437312 Lima: Alpha, sending you 4
2024-10-14 20:52:00.437548 Yankee: Kilo, sending you 3
2024-10-14 20:52:00.437817 Whiskey: Kilo, sending you 1
2024-10-14 20:52:00.439680 Golf: Alpha, sending you 4
2024-10-14 20:52:00.440002 Alpha: Mike, sending you 4
2024-10-14 20:52:00.440223 Mike: Kilo, sending you 8
2024-10-14 20:52:00.440677 Hotel: Kilo, Alpha and Romeo, sending you 3
2024-10-14 20:52:00.440936 Romeo: Whiskey and Lima, sending you 3
2024-10-14 20:52:00.441696 Lima: Mike, sending you 5
2024-10-14 20:52:00.442001 Yankee: Mike, sending you 5
2024-10-14 20:52:00.442669 Whiskey: Alpha, sending you 2
2024-10-14 20:52:00.442905 Mike: Alpha and Charlie, sending you 2
2024-10-14 20:52:00.444655 Hotel: Golf, sending you 2
2024-10-14 20:52:00.444910 Yankee: Lima, sending you 2
2024-10-14 20:52:00.445679 Romeo: Kilo, Alpha and Golf, sending you 2
2024-10-14 20:52:00.448696 Romeo: Hotel, sending you 6
chatterbot Charlie submitting transactions
chatterbot Kilo submitting transactions
chatterbot Golf submitting transactions
chatterbot Hotel submitting transactions
chatterbot Whiskey submitting transactions
chatterbot Lima submitting transactions
chatterbot Mike submitting transactions
chatterbot Romeo submitting transactions
chatterbot Yankee submitting transactions
chatterbot Alpha submitting transactions
ChatterBot Whiskey round 2
ChatterBot Kilo round 2
ChatterBot Alpha round 2
ChatterBot Mike round 2
ChatterBot Lima round 2
ChatterBot Hotel round 2
ChatterBot Charlie round 2
2024-10-14 20:52:02.199844 Kilo: Friends?
ChatterBot Alpha reevaluating
ChatterBot Mike reevaluating
ChatterBot Charlie reevaluating
ChatterBot Lima reevaluating
ChatterBot Yankee reevaluating
2024-10-14 20:52:02.252042 Alpha: Yes
2024-10-14 20:52:02.252248 Mike: Yes
2024-10-14 20:52:02.252429 Charlie: No
2024-10-14 20:52:02.252610 Lima: No
2024-10-14 20:52:02.252818 Yankee: No
ChatterBot Mike reevaluating
ChatterBot Charlie reevaluating
ChatterBot Lima reevaluating
ChatterBot Yankee reevaluating
ChatterBot Alpha reevaluating
ChatterBot Charlie reevaluating
ChatterBot Lima reevaluating
ChatterBot Yankee reevaluating
ChatterBot Alpha reevaluating
ChatterBot Mike reevaluating
ChatterBot Lima reevaluating
ChatterBot Yankee reevaluating
ChatterBot Alpha reevaluating
ChatterBot Mike reevaluating
ChatterBot Charlie reevaluating
ChatterBot Yankee reevaluating
ChatterBot Alpha reevaluating
ChatterBot Mike reevaluating
ChatterBot Charlie reevaluating
ChatterBot Lima reevaluating
ChatterBot Yankee round 2
ChatterBot Golf round 2
ChatterBot Romeo round 2
2024-10-14 20:52:02.521848 Whiskey: We should add Lima and Yankee
ChatterBot Mike reevaluating
ChatterBot Alpha reevaluating
ChatterBot Charlie reevaluating
2024-10-14 20:52:02.552934 Kilo: Yes
2024-10-14 20:52:02.553531 Mike: Yes
2024-10-14 20:52:02.553705 Alpha: Yes
2024-10-14 20:52:02.553854 Charlie: Yes
ChatterBot Mike reevaluating
ChatterBot Alpha reevaluating
ChatterBot Charlie reevaluating
ChatterBot Kilo reevaluating
ChatterBot Alpha reevaluating
ChatterBot Charlie reevaluating
ChatterBot Kilo reevaluating
ChatterBot Mike reevaluating
ChatterBot Charlie reevaluating
ChatterBot Kilo reevaluating
ChatterBot Mike reevaluating
ChatterBot Alpha reevaluating
2024-10-14 20:52:02.776362 Hotel: We would work well together
ChatterBot Golf reevaluating
ChatterBot Romeo reevaluating
2024-10-14 20:52:02.789944 Golf: Yes
2024-10-14 20:52:02.790830 Romeo: Yes
ChatterBot Romeo reevaluating
ChatterBot Golf reevaluating
2024-10-14 20:52:02.839503 Whiskey: Lima and Yankee we want you to join our group
2024-10-14 20:52:02.854912 Lima: No
2024-10-14 20:52:02.855441 Yankee: No
ChatterBot Kilo reevaluating
ChatterBot Alpha reevaluating
ChatterBot Kilo reevaluating
ChatterBot Alpha reevaluating
2024-10-14 20:52:03.029406 Charlie: Lima and Yankee we want you to join our group
2024-10-14 20:52:03.039210 Lima: No
2024-10-14 20:52:03.039839 Yankee: No
ChatterBot Kilo reevaluating
ChatterBot Kilo reevaluating
2024-10-14 20:52:03.098243 Hotel: Golf, sending you 5
2024-10-14 20:52:03.099037 Lima: Kilo, sending you 3
2024-10-14 20:52:03.105057 Whiskey: Alpha, Mike, Lima and Yankee, sending you 1
2024-10-14 20:52:03.105907 Mike: Kilo, sending you 1
2024-10-14 20:52:03.106295 Romeo: Whiskey, Lima and Yankee, sending you 3
2024-10-14 20:52:03.106585 Yankee: Same as last round
2024-10-14 20:52:03.107324 Golf: Whiskey, sending you 1
2024-10-14 20:52:03.107542 Hotel: Romeo, sending you 7
2024-10-14 20:52:03.107801 Lima: Alpha, Mike and Charlie, sending you 2
2024-10-14 20:52:03.137881 Mike: Alpha and Charlie, sending you 3
2024-10-14 20:52:03.138230 Golf: Hotel, sending you 6
2024-10-14 20:52:03.138528 Romeo: Hotel, sending you 6
2024-10-14 20:52:03.138826 Lima: Yankee, sending you 8
2024-10-14 20:52:03.139639 Alpha: Kilo and Yankee, sending you 2
chatterbot Whiskey submitting transactions
2024-10-14 20:52:03.151436 Golf: Romeo, sending you 5
2024-10-14 20:52:03.151794 Charlie: Kilo and Alpha, sending you 5
2024-10-14 20:52:03.152191 Romeo: Golf, sending you 4
2024-10-14 20:52:03.152871 Mike: Lima and Yankee, sending you 4
2024-10-14 20:52:03.153165 Kilo: Alpha, Mike, Lima and Charlie, sending you 1
2024-10-14 20:52:03.153454 Alpha: Mike, Lima and Charlie, sending you 3
2024-10-14 20:52:03.216874 Charlie: Mike, sending you 4
chatterbot Hotel submitting transactions
chatterbot Romeo submitting transactions
chatterbot Yankee submitting transactions
chatterbot Golf submitting transactions
chatterbot Kilo submitting transactions
chatterbot Mike submitting transactions
chatterbot Lima submitting transactions
chatterbot Charlie submitting transactions
chatterbot Alpha submitting transactions
ChatterBot Whiskey round 3
ChatterBot Kilo round 3
ChatterBot Alpha round 3
ChatterBot Mike round 3
ChatterBot Lima round 3
ChatterBot Hotel round 3
ChatterBot Charlie round 3
ChatterBot Yankee round 3
ChatterBot Golf round 3
ChatterBot Romeo round 3
2024-10-14 20:52:04.424394 Whiskey: We should drop Kilo
ChatterBot Yankee reevaluating
2024-10-14 20:52:04.445305 Alpha: No
2024-10-14 20:52:04.445541 Mike: No
2024-10-14 20:52:04.445741 Charlie: No
2024-10-14 20:52:04.445919 Lima: No
2024-10-14 20:52:04.446263 Yankee: No
ChatterBot Yankee reevaluating
ChatterBot Yankee reevaluating
ChatterBot Yankee reevaluating
ChatterBot Yankee reevaluating
2024-10-14 20:52:04.746783 Charlie: Kilo, sending you 3
2024-10-14 20:52:04.747140 Kilo: Alpha, Mike, Lima and Charlie, sending you 1
2024-10-14 20:52:04.747447 Lima: Kilo and Alpha, sending you 3
2024-10-14 20:52:04.747741 Whiskey: Alpha, Mike, Lima and Yankee, sending you 1
2024-10-14 20:52:04.748544 Alpha: Kilo and Yankee, sending you 2
2024-10-14 20:52:04.748826 Golf: Hotel, sending you 7
2024-10-14 20:52:04.749083 Mike: Kilo, sending you 2
2024-10-14 20:52:04.749369 Hotel: Sending you each 6
2024-10-14 20:52:04.750359 Charlie: Alpha, sending you 5
2024-10-14 20:52:04.782812 Lima: Mike, sending you 4
2024-10-14 20:52:04.783253 Alpha: Mike, Lima and Charlie, sending you 3
2024-10-14 20:52:04.784145 Mike: Alpha, sending you 4
2024-10-14 20:52:04.784463 Golf: Romeo, sending you 5
2024-10-14 20:52:04.784850 Romeo: Hotel and Golf, sending you 7
2024-10-14 20:52:04.785670 Yankee: Alpha, sending you 2
2024-10-14 20:52:04.785985 Charlie: Mike, sending you 4
2024-10-14 20:52:04.830692 Lima: Charlie, sending you 2
2024-10-14 20:52:04.831106 Mike: Lima, Charlie and Yankee, sending you 3
2024-10-14 20:52:04.831470 Yankee: Mike, sending you 4
2024-10-14 20:52:04.831797 Charlie: Lima, sending you 2
2024-10-14 20:52:04.832094 Romeo: Charlie, sending you 5
2024-10-14 20:52:04.842260 Lima: Yankee, sending you 6
2024-10-14 20:52:04.842747 Yankee: Lima, sending you 8
chatterbot Kilo submitting transactions
chatterbot Hotel submitting transactions
chatterbot Charlie submitting transactions
chatterbot Yankee submitting transactions
chatterbot Alpha submitting transactions
chatterbot Golf submitting transactions
chatterbot Lima submitting transactions
chatterbot Mike submitting transactions
chatterbot Whiskey submitting transactions
chatterbot Romeo submitting transactions
ChatterBot Whiskey round 4
ChatterBot Kilo round 4
ChatterBot Alpha round 4
ChatterBot Mike round 4
ChatterBot Lima round 4
ChatterBot Hotel round 4
ChatterBot Charlie round 4
ChatterBot Yankee round 4
ChatterBot Golf round 4
ChatterBot Romeo round 4
2024-10-14 20:52:05.735237 Romeo: We should replace Charlie with Mike
2024-10-14 20:52:05.741763 Hotel: No
2024-10-14 20:52:05.741934 Golf: No
2024-10-14 20:52:05.762305 Yankee: We should replace Kilo with Whiskey
ChatterBot Mike reevaluating
2024-10-14 20:52:05.775679 Alpha: No
2024-10-14 20:52:05.775822 Mike: Yes
2024-10-14 20:52:05.775937 Charlie: No
2024-10-14 20:52:05.776040 Lima: No
ChatterBot Yankee reevaluating
ChatterBot Mike reevaluating
ChatterBot Yankee reevaluating
ChatterBot Alpha reevaluating
ChatterBot Yankee reevaluating
ChatterBot Alpha reevaluating
ChatterBot Mike reevaluating
ChatterBot Yankee reevaluating
ChatterBot Alpha reevaluating
ChatterBot Mike reevaluating
ChatterBot Charlie reevaluating
2024-10-14 20:52:05.828991 Charlie: We should add Whiskey
ChatterBot Alpha reevaluating
ChatterBot Mike reevaluating
ChatterBot Yankee reevaluating
2024-10-14 20:52:05.854440 Kilo: No
2024-10-14 20:52:05.854659 Alpha: Yes
2024-10-14 20:52:05.854856 Mike: Yes
2024-10-14 20:52:05.855025 Lima: No
2024-10-14 20:52:05.855210 Yankee: No
ChatterBot Alpha reevaluating
ChatterBot Mike reevaluating
ChatterBot Charlie reevaluating
ChatterBot Yankee reevaluating
ChatterBot Mike reevaluating
ChatterBot Charlie reevaluating
ChatterBot Yankee reevaluating
ChatterBot Alpha reevaluating
ChatterBot Charlie reevaluating
ChatterBot Yankee reevaluating
ChatterBot Alpha reevaluating
ChatterBot Mike reevaluating
ChatterBot Charlie reevaluating
ChatterBot Yankee reevaluating
ChatterBot Alpha reevaluating
ChatterBot Mike reevaluating
ChatterBot Charlie reevaluating
2024-10-14 20:52:06.014773 Romeo: Mike we want you to join our group
ChatterBot Mike reevaluating
2024-10-14 20:52:06.020903 Mike: No
ChatterBot Romeo reevaluating
2024-10-14 20:52:06.037785 Romeo: We should replace Charlie with Whiskey
2024-10-14 20:52:06.077968 Hotel: No
2024-10-14 20:52:06.078316 Golf: Yes
ChatterBot Romeo reevaluating
ChatterBot Romeo reevaluating
2024-10-14 20:52:06.150851 Whiskey: Alpha, Mike, Lima and Yankee, sending you 1
2024-10-14 20:52:06.183844 Kilo: Alpha, Mike, Lima and Charlie, sending you 1
2024-10-14 20:52:06.184831 Hotel: Same as last round
2024-10-14 20:52:06.186021 Yankee: Whiskey we want you to join our group
2024-10-14 20:52:06.193731 Whiskey: No
ChatterBot Alpha reevaluating
ChatterBot Charlie reevaluating
ChatterBot Yankee reevaluating
2024-10-14 20:52:06.247768 Lima: Kilo, Alpha, Mike and Charlie, sending you 3
2024-10-14 20:52:06.248659 Golf: Hotel and Romeo, sending you 6
2024-10-14 20:52:06.249748 Mike: Kilo, sending you 2
2024-10-14 20:52:06.255768 Lima: Yankee, sending you 6
2024-10-14 20:52:06.257477 Mike: Alpha, sending you 4
2024-10-14 20:52:06.259288 Romeo: Hotel and Golf, sending you 7
2024-10-14 20:52:06.267302 Mike: Lima, Charlie and Yankee, sending you 3
2024-10-14 20:52:06.268830 Romeo: Charlie, sending you 5
2024-10-14 20:52:06.269607 Yankee: Alpha, sending you 2
2024-10-14 20:52:06.271091 Charlie: Kilo, sending you 3
2024-10-14 20:52:06.272030 Alpha: Kilo and Yankee, sending you 2
2024-10-14 20:52:06.280252 Yankee: Mike, sending you 4
2024-10-14 20:52:06.282234 Charlie: Alpha, sending you 5
2024-10-14 20:52:06.283714 Alpha: Mike, Lima and Charlie, sending you 3
2024-10-14 20:52:06.291239 Yankee: Lima, sending you 8
2024-10-14 20:52:06.291998 Charlie: Mike, sending you 4
2024-10-14 20:52:06.297657 Charlie: Lima, sending you 2
chatterbot Kilo submitting transactions
chatterbot Charlie submitting transactions
chatterbot Whiskey submitting transactions
chatterbot Golf submitting transactions
chatterbot Lima submitting transactions
chatterbot Alpha submitting transactions
chatterbot Hotel submitting transactions
chatterbot Mike submitting transactions
chatterbot Yankee submitting transactions
chatterbot Romeo submitting transactions
ChatterBot Whiskey round 5
ChatterBot Kilo round 5
ChatterBot Alpha round 5
ChatterBot Mike round 5
ChatterBot Lima round 5
ChatterBot Hotel round 5
ChatterBot Charlie round 5
ChatterBot Yankee round 5
ChatterBot Golf round 5
ChatterBot Romeo round 5
2024-10-14 20:52:07.457653 Alpha: We should drop Kilo
2024-10-14 20:52:07.574848 Yankee: Yes
2024-10-14 20:52:07.575443 Mike: Yes
2024-10-14 20:52:07.576727 Charlie: No
2024-10-14 20:52:07.577031 Lima: No
ChatterBot Yankee reevaluating
ChatterBot Yankee reevaluating
ChatterBot Yankee reevaluating
2024-10-14 20:52:07.659679 Lima: Kilo, Mike and Charlie, sending you 3
2024-10-14 20:52:07.661727 Whiskey: Alpha, Mike, Lima and Yankee, sending you 1
2024-10-14 20:52:07.663691 Lima: Alpha, sending you 4
2024-10-14 20:52:07.665684 Golf: Hotel and Romeo, sending you 6
2024-10-14 20:52:07.668826 Romeo: Hotel, sending you 10
2024-10-14 20:52:07.670179 Lima: Yankee, sending you 5
2024-10-14 20:52:07.671092 Alpha: Mike, Lima and Yankee, sending you 3
2024-10-14 20:52:07.672390 Hotel: Same as last round
2024-10-14 20:52:07.673696 Romeo: Golf, sending you 9
2024-10-14 20:52:07.675742 Alpha: Charlie, sending you 4
2024-10-14 20:52:07.677225 Kilo: Alpha, Mike, Lima and Charlie, sending you 1
2024-10-14 20:52:07.678762 Charlie: Kilo, sending you 2
2024-10-14 20:52:07.679843 Mike: Alpha, Lima and Charlie, sending you 4
2024-10-14 20:52:07.682711 Charlie: Alpha, sending you 5
2024-10-14 20:52:07.683908 Mike: Yankee, sending you 3
2024-10-14 20:52:07.685766 Yankee: Alpha, sending you 3
2024-10-14 20:52:07.689018 Charlie: Mike, sending you 4
chatterbot Alpha submitting transactions
2024-10-14 20:52:07.691942 Yankee: Mike, sending you 4
2024-10-14 20:52:07.693693 Charlie: Lima, sending you 3
2024-10-14 20:52:07.696679 Yankee: Lima, sending you 7
chatterbot Whiskey submitting transactions
chatterbot Romeo submitting transactions
chatterbot Charlie submitting transactions
chatterbot Yankee submitting transactions
chatterbot Kilo submitting transactions
chatterbot Lima submitting transactions
chatterbot Golf submitting transactions
chatterbot Hotel submitting transactions
chatterbot Mike submitting transactions
ChatterBot Whiskey round 6
ChatterBot Kilo round 6
ChatterBot Alpha round 6
ChatterBot Mike round 6
ChatterBot Lima round 6
ChatterBot Hotel round 6
ChatterBot Charlie round 6
ChatterBot Yankee round 6
ChatterBot Golf round 6
ChatterBot Romeo round 6
2024-10-14 20:52:08.595085 Yankee: We should add Kilo
ChatterBot Alpha reevaluating
ChatterBot Lima reevaluating
2024-10-14 20:52:08.614947 Alpha: No
2024-10-14 20:52:08.615082 Mike: No
2024-10-14 20:52:08.615211 Charlie: Yes
2024-10-14 20:52:08.615321 Lima: Yes
ChatterBot Yankee reevaluating
ChatterBot Lima reevaluating
ChatterBot Yankee reevaluating
ChatterBot Alpha reevaluating
ChatterBot Lima reevaluating
ChatterBot Yankee reevaluating
ChatterBot Alpha reevaluating
ChatterBot Lima reevaluating
ChatterBot Yankee reevaluating
ChatterBot Alpha reevaluating
2024-10-14 20:52:08.686678 Whiskey: Alpha, Mike, Lima and Yankee, sending you 1
2024-10-14 20:52:08.689659 Charlie: Kilo, sending you 2
2024-10-14 20:52:08.690671 Hotel: Same as last round
2024-10-14 20:52:08.693691 Kilo: Alpha, Mike, Lima and Charlie, sending you 1
2024-10-14 20:52:08.694433 Charlie: Alpha, sending you 5
2024-10-14 20:52:08.695107 Romeo: Hotel, sending you 10
2024-10-14 20:52:08.696666 Alpha: Mike, Lima and Yankee, sending you 3
2024-10-14 20:52:08.697658 Romeo: Golf, sending you 9
2024-10-14 20:52:08.698670 Mike: Alpha, Charlie and Yankee, sending you 4
2024-10-14 20:52:08.699899 Charlie: Mike, sending you 4
2024-10-14 20:52:08.700686 Golf: Hotel and Romeo, sending you 6
2024-10-14 20:52:08.701655 Alpha: Charlie, sending you 4
2024-10-14 20:52:08.702675 Mike: Lima, sending you 3
2024-10-14 20:52:08.704643 Yankee: Alpha, sending you 3
2024-10-14 20:52:08.704943 Charlie: Lima, sending you 3
2024-10-14 20:52:08.705330 Lima: Kilo, sending you 2
2024-10-14 20:52:08.707671 Yankee: Mike, sending you 4
2024-10-14 20:52:08.708906 Lima: Alpha and Mike, sending you 4
2024-10-14 20:52:08.710676 Yankee: Lima, sending you 7
2024-10-14 20:52:08.713660 Lima: Charlie, sending you 3
2024-10-14 20:52:08.717665 Lima: Yankee, sending you 5
chatterbot Alpha submitting transactions
chatterbot Lima submitting transactions
chatterbot Mike submitting transactions
chatterbot Whiskey submitting transactions
chatterbot Golf submitting transactions
chatterbot Romeo submitting transactions
chatterbot Yankee submitting transactions
chatterbot Charlie submitting transactions
chatterbot Hotel submitting transactions
chatterbot Kilo submitting transactions
ChatterBot Whiskey round 7
ChatterBot Kilo round 7
ChatterBot Alpha round 7
ChatterBot Mike round 7
ChatterBot Lima round 7
ChatterBot Hotel round 7
ChatterBot Charlie round 7
ChatterBot Yankee round 7
ChatterBot Golf round 7
ChatterBot Romeo round 7
2024-10-14 20:52:09.869922 Yankee: We should add Kilo and Whiskey
2024-10-14 20:52:09.887037 Alpha: No
2024-10-14 20:52:09.887289 Mike: No
2024-10-14 20:52:09.887491 Charlie: No
2024-10-14 20:52:09.887699 Lima: No
ChatterBot Yankee reevaluating
ChatterBot Yankee reevaluating
ChatterBot Yankee reevaluating
ChatterBot Yankee reevaluating
2024-10-14 20:52:09.955665 Whiskey: Mike, Lima and Yankee, sending you 1
2024-10-14 20:52:09.956669 Kilo: Alpha, Mike, Lima and Charlie, sending you 1
2024-10-14 20:52:09.960673 Alpha: Mike, Lima and Yankee, sending you 3
2024-10-14 20:52:09.961691 Hotel: Same as last round
2024-10-14 20:52:09.964654 Mike: Alpha, Lima and Charlie, sending you 4
2024-10-14 20:52:09.965069 Lima: Kilo, sending you 2
2024-10-14 20:52:09.965718 Alpha: Charlie, sending you 4
2024-10-14 20:52:09.968679 Mike: Yankee, sending you 3
2024-10-14 20:52:09.969327 Lima: Alpha and Mike, sending you 4
2024-10-14 20:52:09.972706 Charlie: Kilo, sending you 2
2024-10-14 20:52:09.973751 Golf: Hotel and Romeo, sending you 6
2024-10-14 20:52:09.974220 Lima: Charlie, sending you 3
2024-10-14 20:52:09.977009 Romeo: Hotel, sending you 10
2024-10-14 20:52:09.977313 Charlie: Alpha, sending you 5
2024-10-14 20:52:09.977843 Lima: Yankee, sending you 5
2024-10-14 20:52:09.978455 Yankee: Alpha, sending you 3
2024-10-14 20:52:09.979681 Romeo: Golf, sending you 9
2024-10-14 20:52:09.980840 Charlie: Mike, sending you 4
2024-10-14 20:52:09.983700 Yankee: Mike, sending you 4
2024-10-14 20:52:09.985655 Charlie: Lima, sending you 3
2024-10-14 20:52:09.987665 Yankee: Lima, sending you 7
chatterbot Whiskey submitting transactions
chatterbot Romeo submitting transactions
chatterbot Mike submitting transactions
chatterbot Yankee submitting transactions
chatterbot Kilo submitting transactions
chatterbot Hotel submitting transactions
chatterbot Charlie submitting transactions
chatterbot Golf submitting transactions
chatterbot Alpha submitting transactions
chatterbot Lima submitting transactions
ChatterBot Whiskey round 8
ChatterBot Kilo round 8
ChatterBot Alpha round 8
ChatterBot Mike round 8
ChatterBot Lima round 8
ChatterBot Hotel round 8
ChatterBot Charlie round 8
ChatterBot Yankee round 8
ChatterBot Golf round 8
ChatterBot Romeo round 8
2024-10-14 20:52:11.028777 Romeo: We should replace Whiskey with Yankee
2024-10-14 20:52:11.038761 Hotel: No
2024-10-14 20:52:11.039324 Golf: No
ChatterBot Golf reevaluating
ChatterBot Romeo reevaluating
ChatterBot Romeo reevaluating
2024-10-14 20:52:11.060747 Golf: We should replace Whiskey with Kilo
ChatterBot Romeo reevaluating
2024-10-14 20:52:11.068620 Hotel: No
2024-10-14 20:52:11.068835 Romeo: No
ChatterBot Golf reevaluating
ChatterBot Romeo reevaluating
ChatterBot Golf reevaluating
2024-10-14 20:52:11.085566 Lima: We should drop Kilo
ChatterBot Yankee reevaluating
ChatterBot Charlie reevaluating
2024-10-14 20:52:11.094704 Yankee: No
2024-10-14 20:52:11.094843 Alpha: Yes
2024-10-14 20:52:11.094954 Mike: Yes
2024-10-14 20:52:11.095060 Charlie: No
ChatterBot Charlie reevaluating
ChatterBot Yankee reevaluating
ChatterBot Charlie reevaluating
ChatterBot Yankee reevaluating
ChatterBot Charlie reevaluating
ChatterBot Yankee reevaluating
ChatterBot Lima reevaluating
2024-10-14 20:52:11.134038 Romeo: We should replace Whiskey with Alpha
ChatterBot Golf reevaluating
2024-10-14 20:52:11.139017 Hotel: No
2024-10-14 20:52:11.139154 Golf: No
ChatterBot Golf reevaluating
ChatterBot Romeo reevaluating
ChatterBot Romeo reevaluating
2024-10-14 20:52:11.149461 Whiskey: Mike and Yankee, sending you 1
2024-10-14 20:52:11.149912 Alpha: Mike, Lima and Yankee, sending you 3
2024-10-14 20:52:11.150297 Yankee: Kilo and Whiskey we want you to join our group
ChatterBot Kilo reevaluating
2024-10-14 20:52:11.155904 Whiskey: Yes
2024-10-14 20:52:11.156017 Kilo: Yes
ChatterBot Kilo reevaluating
ChatterBot Charlie reevaluating
ChatterBot Lima reevaluating
ChatterBot Yankee reevaluating
ChatterBot Charlie reevaluating
ChatterBot Lima reevaluating
ChatterBot Yankee reevaluating
2024-10-14 20:52:11.188145 Kilo: We should add Whiskey
2024-10-14 20:52:11.188624 Charlie: We should add Whiskey
ChatterBot Charlie reevaluating
ChatterBot Lima reevaluating
ChatterBot Yankee reevaluating
2024-10-14 20:52:11.202964 Alpha: No
2024-10-14 20:52:11.203112 Mike: No
2024-10-14 20:52:11.203263 Charlie: Yes
2024-10-14 20:52:11.203369 Lima: No
2024-10-14 20:52:11.203488 Yankee: Yes
ChatterBot Kilo reevaluating
ChatterBot Lima reevaluating
ChatterBot Yankee reevaluating
2024-10-14 20:52:11.215938 Kilo: Yes
2024-10-14 20:52:11.216151 Alpha: No
2024-10-14 20:52:11.216253 Mike: No
2024-10-14 20:52:11.216351 Lima: No
2024-10-14 20:52:11.216442 Yankee: Yes
ChatterBot Kilo reevaluating
ChatterBot Charlie reevaluating
ChatterBot Lima reevaluating
ChatterBot Yankee reevaluating
ChatterBot Kilo reevaluating
ChatterBot Charlie reevaluating
ChatterBot Lima reevaluating
ChatterBot Yankee reevaluating
ChatterBot Kilo reevaluating
ChatterBot Lima reevaluating
ChatterBot Yankee reevaluating
ChatterBot Kilo reevaluating
ChatterBot Charlie reevaluating
ChatterBot Yankee reevaluating
ChatterBot Kilo reevaluating
ChatterBot Charlie reevaluating
ChatterBot Lima reevaluating
ChatterBot Charlie reevaluating
ChatterBot Lima reevaluating
ChatterBot Yankee reevaluating
ChatterBot Kilo reevaluating
ChatterBot Charlie reevaluating
ChatterBot Lima reevaluating
ChatterBot Yankee reevaluating
ChatterBot Kilo reevaluating
ChatterBot Charlie reevaluating
ChatterBot Lima reevaluating
ChatterBot Yankee reevaluating
ChatterBot Kilo reevaluating
ChatterBot Charlie reevaluating
ChatterBot Yankee reevaluating
ChatterBot Kilo reevaluating
ChatterBot Charlie reevaluating
ChatterBot Lima reevaluating
2024-10-14 20:52:11.346006 Mike: Alpha, Lima and Charlie, sending you 4
2024-10-14 20:52:11.346478 Alpha: Charlie, sending you 4
2024-10-14 20:52:11.348652 Mike: Yankee, sending you 3
2024-10-14 20:52:11.350685 Hotel: Same as last round
2024-10-14 20:52:11.351651 Charlie: Whiskey we want you to join our group
2024-10-14 20:52:11.354265 Whiskey: Yes
2024-10-14 20:52:11.373672 Golf: Hotel and Romeo, sending you 6
2024-10-14 20:52:11.374787 Romeo: Hotel, sending you 10
2024-10-14 20:52:11.375173 Lima: Kilo, sending you 2
2024-10-14 20:52:11.378671 Romeo: Golf, sending you 9
2024-10-14 20:52:11.379705 Lima: Alpha and Mike, sending you 4
2024-10-14 20:52:11.384649 Lima: Charlie, sending you 3
2024-10-14 20:52:11.387724 Lima: Yankee, sending you 5
2024-10-14 20:52:11.391659 Charlie: Kilo, sending you 2
2024-10-14 20:52:11.396643 Charlie: Alpha, sending you 5
2024-10-14 20:52:11.401670 Charlie: Mike, sending you 4
2024-10-14 20:52:11.402654 Yankee: Whiskey, sending you 1
2024-10-14 20:52:11.405646 Charlie: Lima, sending you 3
2024-10-14 20:52:11.406658 Yankee: Alpha, sending you 3
2024-10-14 20:52:11.410687 Yankee: Mike, sending you 4
2024-10-14 20:52:11.413665 Yankee: Lima, sending you 6
chatterbot Yankee submitting transactions
chatterbot Hotel submitting transactions
chatterbot Mike submitting transactions
chatterbot Romeo submitting transactions
chatterbot Golf submitting transactions
chatterbot Whiskey submitting transactions
chatterbot Charlie submitting transactions
chatterbot Kilo submitting transactions
chatterbot Alpha submitting transactions
chatterbot Lima submitting transactions
ChatterBot Whiskey round 9
ChatterBot Kilo round 9
ChatterBot Alpha round 9
ChatterBot Mike round 9
ChatterBot Lima round 9
ChatterBot Hotel round 9
ChatterBot Charlie round 9
2024-10-14 20:52:12.473303 Lima: We should replace Kilo with Whiskey
ChatterBot Alpha reevaluating
ChatterBot Mike reevaluating
ChatterBot Charlie reevaluating
2024-10-14 20:52:12.499756 Yankee: No
2024-10-14 20:52:12.501046 Alpha: Yes
2024-10-14 20:52:12.501492 Mike: Yes
2024-10-14 20:52:12.501942 Charlie: No
ChatterBot Alpha reevaluating
ChatterBot Mike reevaluating
ChatterBot Charlie reevaluating
ChatterBot Mike reevaluating
ChatterBot Charlie reevaluating
ChatterBot Alpha reevaluating
ChatterBot Charlie reevaluating
ChatterBot Alpha reevaluating
ChatterBot Mike reevaluating
2024-10-14 20:52:12.597232 Mike: We should add Whiskey
ChatterBot Alpha reevaluating
ChatterBot Charlie reevaluating
2024-10-14 20:52:12.619145 Yankee: Yes
2024-10-14 20:52:12.619365 Alpha: Yes
2024-10-14 20:52:12.619527 Charlie: Yes
2024-10-14 20:52:12.620151 Lima: Yes
ChatterBot Alpha reevaluating
ChatterBot Mike reevaluating
ChatterBot Charlie reevaluating
ChatterBot Mike reevaluating
ChatterBot Charlie reevaluating
ChatterBot Alpha reevaluating
ChatterBot Mike reevaluating
ChatterBot Alpha reevaluating
ChatterBot Mike reevaluating
ChatterBot Charlie reevaluating
ChatterBot Yankee round 9
ChatterBot Golf round 9
ChatterBot Romeo round 9
2024-10-14 20:52:12.732578 Lima: Whiskey we want you to join our group
2024-10-14 20:52:12.737515 Whiskey: Yes
ChatterBot Alpha reevaluating
ChatterBot Mike reevaluating
ChatterBot Charlie reevaluating
ChatterBot Yankee reevaluating
2024-10-14 20:52:12.779711 Mike: Whiskey we want you to join our group
2024-10-14 20:52:12.785232 Whiskey: Yes
ChatterBot Yankee reevaluating
2024-10-14 20:52:12.811233 Alpha: Whiskey we want you to join our group
2024-10-14 20:52:12.817084 Whiskey: Yes
ChatterBot Charlie reevaluating
ChatterBot Yankee reevaluating
2024-10-14 20:52:12.842670 Whiskey: Yankee, sending you 1
chatterbot Whiskey submitting transactions
2024-10-14 20:52:12.846669 Kilo: Alpha, Mike, Lima and Charlie, sending you 1
2024-10-14 20:52:12.847826 Hotel: Same as last round
2024-10-14 20:52:12.848350 Charlie: We should drop Kilo
ChatterBot Whiskey reevaluating
2024-10-14 20:52:12.866274 Whiskey: Yes
2024-10-14 20:52:12.866462 Alpha: Yes
2024-10-14 20:52:12.866608 Mike: Yes
2024-10-14 20:52:12.866760 Lima: Yes
2024-10-14 20:52:12.866892 Yankee: Yes
ChatterBot Charlie reevaluating
ChatterBot Whiskey reevaluating
ChatterBot Charlie reevaluating
ChatterBot Whiskey reevaluating
ChatterBot Charlie reevaluating
ChatterBot Whiskey reevaluating
ChatterBot Charlie reevaluating
ChatterBot Whiskey reevaluating
ChatterBot Charlie reevaluating
2024-10-14 20:52:12.990320 Lima: Whiskey, sending you 2
2024-10-14 20:52:12.994016 Romeo: Hotel, sending you 10
2024-10-14 20:52:12.994468 Golf: Hotel and Romeo, sending you 6
2024-10-14 20:52:12.994910 Lima: Alpha and Mike, sending you 4
2024-10-14 20:52:12.995453 Alpha: Whiskey, sending you 1
2024-10-14 20:52:12.996424 Mike: Whiskey, sending you 2
2024-10-14 20:52:12.997232 Romeo: Golf, sending you 9
2024-10-14 20:52:12.999686 Lima: Charlie, sending you 3
2024-10-14 20:52:13.000701 Alpha: Mike, Lima, Charlie and Yankee, sending you 3
2024-10-14 20:52:13.002087 Mike: Alpha, Charlie and Yankee, sending you 3
2024-10-14 20:52:13.003071 Lima: Yankee, sending you 5
2024-10-14 20:52:13.007688 Mike: Lima, sending you 4
2024-10-14 20:52:13.016693 Yankee: Whiskey, sending you 1
chatterbot Hotel submitting transactions
2024-10-14 20:52:13.019706 Yankee: Alpha, sending you 3
2024-10-14 20:52:13.024870 Whiskey: Yankee, sending you 2
2024-10-14 20:52:13.025874 Yankee: Mike, sending you 4
2024-10-14 20:52:13.027058 Charlie: Alpha and Mike, sending you 5
2024-10-14 20:52:13.029666 Yankee: Lima, sending you 6
2024-10-14 20:52:13.030714 Charlie: Lima, sending you 4
chatterbot Mike submitting transactions
chatterbot Lima submitting transactions
chatterbot Charlie submitting transactions
chatterbot Alpha submitting transactions
chatterbot Romeo submitting transactions
chatterbot Yankee submitting transactions
chatterbot Kilo submitting transactions
chatterbot Golf submitting transactions
ChatterBot Whiskey round 10
ChatterBot Kilo round 10
ChatterBot Alpha round 10
ChatterBot Mike round 10
ChatterBot Lima round 10
ChatterBot Hotel round 10
ChatterBot Charlie round 10
ChatterBot Yankee round 10
ChatterBot Golf round 10
ChatterBot Romeo round 10
2024-10-14 20:52:14.071710 Alpha: Whiskey, sending you 1
2024-10-14 20:52:14.074677 Hotel: Same as last round
2024-10-14 20:52:14.075715 Whiskey: Alpha, Mike, Lima and Yankee, sending you 1
2024-10-14 20:52:14.077705 Kilo: Alpha, Mike, Lima and Charlie, sending you 1
2024-10-14 20:52:14.078770 Alpha: Mike, Lima, Charlie and Yankee, sending you 3
2024-10-14 20:52:14.080508 Lima: Whiskey, sending you 2
2024-10-14 20:52:14.081239 Yankee: Alpha and Mike, sending you 4
2024-10-14 20:52:14.082682 Golf: Hotel and Romeo, sending you 6
2024-10-14 20:52:14.083134 Romeo: Hotel, sending you 10
2024-10-14 20:52:14.084729 Charlie: Alpha and Mike, sending you 5
2024-10-14 20:52:14.085423 Mike: Whiskey, sending you 2
2024-10-14 20:52:14.086008 Lima: Alpha and Mike, sending you 4
2024-10-14 20:52:14.087248 Yankee: Lima, sending you 6
2024-10-14 20:52:14.088125 Romeo: Golf, sending you 9
2024-10-14 20:52:14.088680 Mike: Alpha, Charlie and Yankee, sending you 3
2024-10-14 20:52:14.089690 Charlie: Lima, sending you 4
2024-10-14 20:52:14.090973 Lima: Charlie, sending you 3
2024-10-14 20:52:14.092702 Mike: Lima, sending you 4
2024-10-14 20:52:14.095677 Yankee: Whiskey did not give me 2 like they said
ChatterBot Whiskey reevaluating
ChatterBot Alpha reevaluating
ChatterBot Mike reevaluating
ChatterBot Charlie reevaluating
ChatterBot Lima reevaluating
chatterbot Whiskey submitting transactions
chatterbot Kilo submitting transactions
chatterbot Yankee submitting transactions
chatterbot Mike submitting transactions
chatterbot Golf submitting transactions
chatterbot Romeo submitting transactions
chatterbot Lima submitting transactions
chatterbot Hotel submitting transactions
chatterbot Alpha submitting transactions
chatterbot Charlie submitting transactions
ChatterBot Whiskey round 11
ChatterBot Kilo round 11
ChatterBot Alpha round 11
ChatterBot Mike round 11
ChatterBot Lima round 11
ChatterBot Hotel round 11
ChatterBot Charlie round 11
ChatterBot Yankee round 11
ChatterBot Golf round 11
ChatterBot Romeo round 11
2024-10-14 20:52:15.267740 Kilo: We would work well together
2024-10-14 20:52:15.272716 Whiskey: No
2024-10-14 20:52:15.292696 Whiskey: Alpha, Mike, Lima and Yankee, sending you 1
2024-10-14 20:52:15.300695 Alpha: Whiskey, sending you 1
2024-10-14 20:52:15.302662 Golf: Hotel and Romeo, sending you 6
chatterbot Whiskey submitting transactions
2024-10-14 20:52:15.304801 Alpha: Mike, Lima, Charlie and Yankee, sending you 3
2024-10-14 20:52:15.305670 Charlie: Alpha and Mike, sending you 5
2024-10-14 20:52:15.306555 Mike: Whiskey, sending you 2
2024-10-14 20:52:15.308689 Lima: Whiskey, sending you 2
2024-10-14 20:52:15.309632 Yankee: Alpha and Mike, sending you 4
2024-10-14 20:52:15.310076 Charlie: Lima, sending you 4
2024-10-14 20:52:15.310666 Hotel: Same as last round
2024-10-14 20:52:15.310921 Mike: Alpha, Charlie and Yankee, sending you 3
2024-10-14 20:52:15.311672 Lima: Alpha and Mike, sending you 4
2024-10-14 20:52:15.313661 Kilo: Sending you 4
2024-10-14 20:52:15.313914 Mike: Lima, sending you 4
2024-10-14 20:52:15.314685 Yankee: Lima, sending you 6
2024-10-14 20:52:15.315698 Romeo: Hotel, sending you 10
2024-10-14 20:52:15.316689 Lima: Charlie, sending you 3
2024-10-14 20:52:15.320672 Romeo: Golf, sending you 9
2024-10-14 20:52:15.322657 Lima: Yankee, sending you 5
chatterbot Romeo submitting transactions
chatterbot Yankee submitting transactions
chatterbot Mike submitting transactions
chatterbot Golf submitting transactions
chatterbot Lima submitting transactions
chatterbot Whiskey submitting transactions
chatterbot Alpha submitting transactions
chatterbot Charlie submitting transactions
chatterbot Hotel submitting transactions
chatterbot Kilo submitting transactions
ChatterBot Whiskey round 12
ChatterBot Kilo round 12
ChatterBot Alpha round 12
ChatterBot Mike round 12
ChatterBot Lima round 12
ChatterBot Hotel round 12
ChatterBot Charlie round 12
ChatterBot Yankee round 12
ChatterBot Golf round 12
ChatterBot Romeo round 12
2024-10-14 20:52:16.500788 Alpha: We should drop Whiskey
2024-10-14 20:52:16.511968 Yankee: No
2024-10-14 20:52:16.512148 Mike: No
2024-10-14 20:52:16.512274 Charlie: No
2024-10-14 20:52:16.512384 Lima: No
ChatterBot Alpha reevaluating
ChatterBot Alpha reevaluating
ChatterBot Alpha reevaluating
ChatterBot Alpha reevaluating
2024-10-14 20:52:16.552943 Golf: We should replace Whiskey with Kilo
2024-10-14 20:52:16.557417 Hotel: No
2024-10-14 20:52:16.557554 Romeo: Yes
ChatterBot Golf reevaluating
ChatterBot Romeo reevaluating
ChatterBot Golf reevaluating
2024-10-14 20:52:16.567718 Romeo: We should replace Kilo with Mike
ChatterBot Golf reevaluating
2024-10-14 20:52:16.572244 Hotel: No
2024-10-14 20:52:16.572336 Golf: No
ChatterBot Golf reevaluating
ChatterBot Romeo reevaluating
ChatterBot Romeo reevaluating
2024-10-14 20:52:16.594683 Charlie: Alpha and Mike, sending you 5
2024-10-14 20:52:16.596672 Hotel: Same as last round
2024-10-14 20:52:16.597037 Lima: Whiskey and Charlie, sending you 3
2024-10-14 20:52:16.597941 Yankee: Whiskey, sending you 1
2024-10-14 20:52:16.598407 Charlie: Lima, sending you 4
2024-10-14 20:52:16.600669 Lima: Alpha, Mike and Yankee, sending you 4
2024-10-14 20:52:16.601809 Whiskey: Alpha, Mike, Lima and Yankee, sending you 1
2024-10-14 20:52:16.602978 Yankee: Alpha and Mike, sending you 4
2024-10-14 20:52:16.603506 Kilo: Same as last round
2024-10-14 20:52:16.604664 Mike: Whiskey, sending you 2
2024-10-14 20:52:16.607660 Yankee: Lima, sending you 5
2024-10-14 20:52:16.608237 Alpha: Mike, Lima and Yankee, sending you 3
2024-10-14 20:52:16.608788 Mike: Alpha, Charlie and Yankee, sending you 3
2024-10-14 20:52:16.611663 Mike: Lima, sending you 4
2024-10-14 20:52:16.613689 Alpha: Charlie, sending you 4
2024-10-14 20:52:16.614185 Romeo: Hotel, sending you 10
2024-10-14 20:52:16.615 Golf: Hotel and Romeo, sending you 6
2024-10-14 20:52:16.618715 Romeo: Golf, sending you 9
chatterbot Whiskey submitting transactions
chatterbot Golf submitting transactions
chatterbot Kilo submitting transactions
chatterbot Lima submitting transactions
chatterbot Yankee submitting transactions
chatterbot Romeo submitting transactions
chatterbot Hotel submitting transactions
chatterbot Charlie submitting transactions
chatterbot Mike submitting transactions
chatterbot Alpha submitting transactions
ChatterBot Whiskey round 13
ChatterBot Kilo round 13
ChatterBot Alpha round 13
ChatterBot Mike round 13
ChatterBot Lima round 13
ChatterBot Hotel round 13
ChatterBot Charlie round 13
ChatterBot Yankee round 13
ChatterBot Golf round 13
ChatterBot Romeo round 13
2024-10-14 20:52:17.727577 Alpha: We should add Whiskey
2024-10-14 20:52:17.744650 Yankee: Yes
2024-10-14 20:52:17.744876 Mike: Yes
2024-10-14 20:52:17.745047 Charlie: Yes
2024-10-14 20:52:17.745202 Lima: Yes
ChatterBot Alpha reevaluating
ChatterBot Alpha reevaluating
ChatterBot Alpha reevaluating
ChatterBot Alpha reevaluating
2024-10-14 20:52:17.815675 Kilo: Alpha, Mike, Lima and Charlie, sending you 1
2024-10-14 20:52:17.818670 Mike: Whiskey, sending you 2
2024-10-14 20:52:17.821664 Alpha: Whiskey we want you to join our group
ChatterBot Whiskey reevaluating
