ChatterBot Foxtrot round 1
ChatterBot Juliett round 1
ChatterBot India round 1
ChatterBot X-ray round 1
ChatterBot Yankee round 1
ChatterBot Hotel round 1
ChatterBot Delta round 1
ChatterBot Charlie round 1
ChatterBot Papa round 1
ChatterBot Alpha round 1
randomSelections India: {India, X-ray, Hotel, Charlie, Alpha} 
2024-10-14 20:52:00.197106 India: Let's form a team
ChatterBot X-ray reevaluating
ChatterBot Hotel reevaluating
ChatterBot Charlie reevaluating
ChatterBot Alpha reevaluating
2024-10-14 20:52:00.209630 X-ray: Yes
2024-10-14 20:52:00.210654 Hotel: Yes
2024-10-14 20:52:00.210860 Charlie: Yes
2024-10-14 20:52:00.211098 Alpha: Yes
ChatterBot Hotel reevaluating
ChatterBot Charlie reevaluating
ChatterBot Alpha reevaluating
ChatterBot X-ray reevaluating
ChatterBot Charlie reevaluating
ChatterBot Alpha reevaluating
ChatterBot X-ray reevaluating
ChatterBot Hotel reevaluating
ChatterBot Alpha reevaluating
ChatterBot X-ray reevaluating
ChatterBot Hotel reevaluating
ChatterBot Charlie reevaluating
randomSelections Foxtrot: {Foxtrot, Delta, Alpha, India, Charlie, Yankee} 
2024-10-14 20:52:00.255487 Foxtrot: Can we be friends?
ChatterBot Delta reevaluating
ChatterBot Alpha reevaluating
ChatterBot Charlie reevaluating
ChatterBot Yankee reevaluating
2024-10-14 20:52:00.270052 Delta: Yes
2024-10-14 20:52:00.271073 Alpha: No
2024-10-14 20:52:00.271291 India: No
2024-10-14 20:52:00.271514 Charlie: No
2024-10-14 20:52:00.271704 Yankee: Yes
ChatterBot Alpha reevaluating
ChatterBot Charlie reevaluating
ChatterBot Yankee reevaluating
ChatterBot Delta reevaluating
ChatterBot Charlie reevaluating
ChatterBot Yankee reevaluating
ChatterBot Delta reevaluating
ChatterBot Alpha reevaluating
ChatterBot Charlie reevaluating
ChatterBot Yankee reevaluating
ChatterBot Delta reevaluating
ChatterBot Alpha reevaluating
ChatterBot Yankee reevaluating
ChatterBot Delta reevaluating
ChatterBot Alpha reevaluating
ChatterBot Charlie reevaluating
randomSelections Juliett: {Juliett, Alpha, X-ray, Charlie, Hotel, Delta} 
2024-10-14 20:52:00.331690 Juliett: We would work well together
ChatterBot Alpha reevaluating
ChatterBot X-ray reevaluating
ChatterBot Charlie reevaluating
ChatterBot Hotel reevaluating
ChatterBot Delta reevaluating
2024-10-14 20:52:00.341236 Alpha: No
2024-10-14 20:52:00.341396 X-ray: No
2024-10-14 20:52:00.341519 Charlie: No
2024-10-14 20:52:00.341660 Hotel: No
2024-10-14 20:52:00.341802 Delta: No
ChatterBot X-ray reevaluating
ChatterBot Charlie reevaluating
ChatterBot Hotel reevaluating
ChatterBot Delta reevaluating
ChatterBot Alpha reevaluating
ChatterBot Charlie reevaluating
ChatterBot Hotel reevaluating
ChatterBot Delta reevaluating
ChatterBot Alpha reevaluating
ChatterBot X-ray reevaluating
ChatterBot Hotel reevaluating
ChatterBot Delta reevaluating
ChatterBot Alpha reevaluating
ChatterBot X-ray reevaluating
ChatterBot Charlie reevaluating
ChatterBot Delta reevaluating
ChatterBot Alpha reevaluating
ChatterBot X-ray reevaluating
ChatterBot Charlie reevaluating
ChatterBot Hotel reevaluating
randomSelections Papa: {Papa, Yankee, Hotel, Alpha, Charlie, Delta} 
2024-10-14 20:52:00.391037 Papa: Friends?
ChatterBot Yankee reevaluating
ChatterBot Hotel reevaluating
ChatterBot Alpha reevaluating
ChatterBot Charlie reevaluating
ChatterBot Delta reevaluating
2024-10-14 20:52:00.399088 Yankee: No
2024-10-14 20:52:00.399261 Hotel: No
2024-10-14 20:52:00.399413 Alpha: No
2024-10-14 20:52:00.399546 Charlie: No
2024-10-14 20:52:00.400181 Delta: No
ChatterBot Hotel reevaluating
ChatterBot Alpha reevaluating
ChatterBot Charlie reevaluating
ChatterBot Delta reevaluating
ChatterBot Yankee reevaluating
ChatterBot Alpha reevaluating
ChatterBot Charlie reevaluating
ChatterBot Delta reevaluating
ChatterBot Yankee reevaluating
ChatterBot Hotel reevaluating
ChatterBot Charlie reevaluating
ChatterBot Delta reevaluating
ChatterBot Yankee reevaluating
ChatterBot Hotel reevaluating
ChatterBot Alpha reevaluating
ChatterBot Delta reevaluating
ChatterBot Yankee reevaluating
ChatterBot Hotel reevaluating
ChatterBot Alpha reevaluating
ChatterBot Charlie reevaluating
2024-10-14 20:52:00.448696 Papa: Yankee and Delta, sending you 3
2024-10-14 20:52:00.451032 India: X-ray, Charlie and Alpha, sending you 1
2024-10-14 20:52:00.452699 Papa: Hotel, Charlie and Alpha, sending you 1
2024-10-14 20:52:00.453660 Foxtrot: India, Delta, Charlie and Alpha, sending you 2
2024-10-14 20:52:00.453928 Yankee: Foxtrot, sending you 3
2024-10-14 20:52:00.454681 Juliett: X-ray, sending you 1
2024-10-14 20:52:00.455666 X-ray: India and Hotel, sending you 4
2024-10-14 20:52:00.457676 Alpha: India, X-ray and Hotel, sending you 4
2024-10-14 20:52:00.457937 Delta: India and Charlie, sending you 1
2024-10-14 20:52:00.458174 Hotel: India and X-ray, sending you 4
2024-10-14 20:52:00.458386 Juliett: Hotel, sending you 4
2024-10-14 20:52:00.458686 Charlie: India and Hotel, sending you 2
2024-10-14 20:52:00.458999 Foxtrot: Yankee, sending you 3
2024-10-14 20:52:00.459254 Yankee: India, sending you 1
2024-10-14 20:52:00.460661 X-ray: Charlie and Alpha, sending you 2
2024-10-14 20:52:00.461662 Alpha: Charlie, sending you 5
2024-10-14 20:52:00.462005 Juliett: Delta and Charlie, sending you 2
2024-10-14 20:52:00.462220 Charlie: X-ray, sending you 4
2024-10-14 20:52:00.462659 Delta: Alpha, sending you 2
2024-10-14 20:52:00.462915 Hotel: Charlie, sending you 3
2024-10-14 20:52:00.463690 Yankee: Delta, sending you 2
2024-10-14 20:52:00.464670 Juliett: Alpha, sending you 3
2024-10-14 20:52:00.464934 Charlie: Alpha, sending you 6
2024-10-14 20:52:00.465664 Hotel: Alpha, sending you 2
2024-10-14 20:52:00.468655 Yankee: Alpha, sending you 6
chatterbot Papa submitting transactions
chatterbot Yankee submitting transactions
chatterbot Charlie submitting transactions
chatterbot India submitting transactions
chatterbot Foxtrot submitting transactions
chatterbot X-ray submitting transactions
chatterbot Delta submitting transactions
chatterbot Juliett submitting transactions
chatterbot Hotel submitting transactions
chatterbot Alpha submitting transactions
ChatterBot Foxtrot round 2
ChatterBot Juliett round 2
ChatterBot India round 2
ChatterBot X-ray round 2
ChatterBot Yankee round 2
ChatterBot Hotel round 2
ChatterBot Delta round 2
ChatterBot Charlie round 2
ChatterBot Papa round 2
ChatterBot Alpha round 2
2024-10-14 20:52:01.618623 Foxtrot: Group up?
ChatterBot Yankee reevaluating
ChatterBot Delta reevaluating
2024-10-14 20:52:01.690497 Yankee: No
2024-10-14 20:52:01.690977 Delta: Yes
ChatterBot Delta reevaluating
ChatterBot Yankee reevaluating
2024-10-14 20:52:01.724901 Delta: Let's form a team
ChatterBot Yankee reevaluating
ChatterBot Papa reevaluating
2024-10-14 20:52:01.750773 Yankee: No
2024-10-14 20:52:01.751049 Foxtrot: No
2024-10-14 20:52:01.751258 Papa: Yes
ChatterBot Foxtrot reevaluating
ChatterBot Delta reevaluating
ChatterBot Papa reevaluating
ChatterBot Yankee reevaluating
ChatterBot Delta reevaluating
ChatterBot Papa reevaluating
ChatterBot Yankee reevaluating
ChatterBot Foxtrot reevaluating
ChatterBot Delta reevaluating
2024-10-14 20:52:01.860685 X-ray: We should add Juliett
ChatterBot Hotel reevaluating
ChatterBot Charlie reevaluating
ChatterBot Alpha reevaluating
2024-10-14 20:52:01.894645 India: No
2024-10-14 20:52:01.894892 Hotel: Yes
2024-10-14 20:52:01.895077 Charlie: Yes
2024-10-14 20:52:01.895247 Alpha: Yes
ChatterBot Hotel reevaluating
ChatterBot Charlie reevaluating
ChatterBot Alpha reevaluating
ChatterBot Charlie reevaluating
ChatterBot Alpha reevaluating
ChatterBot Hotel reevaluating
ChatterBot Alpha reevaluating
ChatterBot Hotel reevaluating
ChatterBot Charlie reevaluating
2024-10-14 20:52:02.068411 X-ray: Juliett we want you to join our group
2024-10-14 20:52:02.076088 Juliett: No
ChatterBot Hotel reevaluating
ChatterBot Charlie reevaluating
ChatterBot Alpha reevaluating
2024-10-14 20:52:02.465938 Yankee: Sending you each 6
2024-10-14 20:52:02.466273 Papa: Foxtrot, Yankee and Delta, sending you 3
2024-10-14 20:52:02.466590 Foxtrot: Yankee, sending you 5
2024-10-14 20:52:02.916315 Delta: Foxtrot and Yankee, sending you 1
2024-10-14 20:52:02.917219 India: Sending you each 1
2024-10-14 20:52:02.917633 Foxtrot: Delta and Papa, sending you 3
2024-10-14 20:52:02.918009 X-ray: Juliett, sending you 1
chatterbot Hotel submitting transactions
chatterbot India submitting transactions
chatterbot Juliett submitting transactions
chatterbot Delta submitting transactions
chatterbot Yankee submitting transactions
2024-10-14 20:52:03.023473 Delta: Papa, sending you 2
2024-10-14 20:52:03.024300 X-ray: India, sending you 2
2024-10-14 20:52:03.024678 Alpha: Juliett, India, X-ray and Hotel, sending you 3
2024-10-14 20:52:03.025009 Hotel: Juliett, sending you 3
2024-10-14 20:52:03.025799 Charlie: Juliett, X-ray, Hotel and Alpha, sending you 3
chatterbot Papa submitting transactions
chatterbot Foxtrot submitting transactions
2024-10-14 20:52:03.058727 X-ray: Hotel, Charlie and Alpha, sending you 3
2024-10-14 20:52:03.059100 Charlie: India, sending you 2
2024-10-14 20:52:03.059390 Alpha: Charlie, sending you 5
2024-10-14 20:52:03.060344 Hotel: India, X-ray, Charlie and Alpha, sending you 4
chatterbot X-ray submitting transactions
chatterbot Charlie submitting transactions
chatterbot Alpha submitting transactions
ChatterBot Foxtrot round 3
ChatterBot Juliett round 3
ChatterBot India round 3
ChatterBot X-ray round 3
ChatterBot Yankee round 3
2024-10-14 20:52:03.335027 Foxtrot: We should add India
ChatterBot Yankee reevaluating
2024-10-14 20:52:03.356 Yankee: No
2024-10-14 20:52:03.356310 Delta: No
2024-10-14 20:52:03.356508 Papa: No
ChatterBot Foxtrot reevaluating
ChatterBot Yankee reevaluating
ChatterBot Foxtrot reevaluating
ChatterBot Yankee reevaluating
ChatterBot Foxtrot reevaluating
ChatterBot Hotel round 3
ChatterBot Delta round 3
ChatterBot Charlie round 3
ChatterBot Papa round 3
ChatterBot Alpha round 3
2024-10-14 20:52:03.533073 Yankee: We should add Delta
ChatterBot Foxtrot reevaluating
ChatterBot Papa reevaluating
2024-10-14 20:52:03.544962 Foxtrot: Yes
2024-10-14 20:52:03.545291 Papa: Yes
ChatterBot Yankee reevaluating
ChatterBot Papa reevaluating
ChatterBot Yankee reevaluating
ChatterBot Foxtrot reevaluating
2024-10-14 20:52:03.567488 Foxtrot: We should add Juliett
ChatterBot Yankee reevaluating
ChatterBot Delta reevaluating
ChatterBot Papa reevaluating
2024-10-14 20:52:03.578869 Yankee: No
2024-10-14 20:52:03.579504 Delta: No
2024-10-14 20:52:03.579947 Papa: No
ChatterBot Foxtrot reevaluating
ChatterBot Delta reevaluating
ChatterBot Papa reevaluating
ChatterBot Yankee reevaluating
ChatterBot Foxtrot reevaluating
ChatterBot Papa reevaluating
ChatterBot Yankee reevaluating
ChatterBot Foxtrot reevaluating
ChatterBot Delta reevaluating
2024-10-14 20:52:03.618072 Hotel: We should add Yankee
ChatterBot Charlie reevaluating
ChatterBot Alpha reevaluating
2024-10-14 20:52:03.639301 X-ray: No
2024-10-14 20:52:03.639683 India: No
2024-10-14 20:52:03.640623 Charlie: No
2024-10-14 20:52:03.640911 Alpha: No
2024-10-14 20:52:03.641220 Juliett: No
ChatterBot Hotel reevaluating
ChatterBot Charlie reevaluating
ChatterBot Alpha reevaluating
ChatterBot X-ray reevaluating
ChatterBot Hotel reevaluating
ChatterBot Charlie reevaluating
ChatterBot Alpha reevaluating
ChatterBot X-ray reevaluating
ChatterBot Hotel reevaluating
ChatterBot Alpha reevaluating
ChatterBot Juliett reevaluating
ChatterBot X-ray reevaluating
ChatterBot Hotel reevaluating
ChatterBot Charlie reevaluating
ChatterBot Juliett reevaluating
ChatterBot X-ray reevaluating
ChatterBot Hotel reevaluating
ChatterBot Charlie reevaluating
ChatterBot Alpha reevaluating
2024-10-14 20:52:03.775774 Hotel: We should add Papa
ChatterBot X-ray reevaluating
ChatterBot Charlie reevaluating
ChatterBot Alpha reevaluating
ChatterBot Juliett reevaluating
2024-10-14 20:52:03.802240 X-ray: No
2024-10-14 20:52:03.802398 India: No
2024-10-14 20:52:03.802527 Charlie: No
2024-10-14 20:52:03.802704 Alpha: No
2024-10-14 20:52:03.802816 Juliett: No
ChatterBot Hotel reevaluating
ChatterBot Charlie reevaluating
ChatterBot Alpha reevaluating
ChatterBot Juliett reevaluating
ChatterBot X-ray reevaluating
ChatterBot Hotel reevaluating
ChatterBot Charlie reevaluating
ChatterBot Alpha reevaluating
ChatterBot Juliett reevaluating
ChatterBot X-ray reevaluating
ChatterBot Hotel reevaluating
ChatterBot Alpha reevaluating
ChatterBot Juliett reevaluating
ChatterBot X-ray reevaluating
ChatterBot Hotel reevaluating
ChatterBot Charlie reevaluating
ChatterBot Juliett reevaluating
ChatterBot X-ray reevaluating
ChatterBot Hotel reevaluating
ChatterBot Charlie reevaluating
ChatterBot Alpha reevaluating
2024-10-14 20:52:03.900191 Hotel: We should add Foxtrot
ChatterBot X-ray reevaluating
ChatterBot Charlie reevaluating
ChatterBot Alpha reevaluating
ChatterBot Juliett reevaluating
2024-10-14 20:52:03.916369 X-ray: No
2024-10-14 20:52:03.917096 India: No
2024-10-14 20:52:03.917200 Charlie: No
2024-10-14 20:52:03.917291 Alpha: No
2024-10-14 20:52:03.917388 Juliett: No
ChatterBot Hotel reevaluating
ChatterBot Charlie reevaluating
ChatterBot Alpha reevaluating
ChatterBot Juliett reevaluating
ChatterBot X-ray reevaluating
ChatterBot Hotel reevaluating
ChatterBot Charlie reevaluating
ChatterBot Alpha reevaluating
ChatterBot Juliett reevaluating
ChatterBot X-ray reevaluating
ChatterBot Hotel reevaluating
ChatterBot Alpha reevaluating
ChatterBot Juliett reevaluating
ChatterBot X-ray reevaluating
ChatterBot Hotel reevaluating
ChatterBot Charlie reevaluating
ChatterBot Juliett reevaluating
ChatterBot X-ray reevaluating
ChatterBot Hotel reevaluating
ChatterBot Charlie reevaluating
ChatterBot Alpha reevaluating
2024-10-14 20:52:04.004342 Hotel: We should add Delta
ChatterBot X-ray reevaluating
ChatterBot Charlie reevaluating
ChatterBot Alpha reevaluating
ChatterBot Juliett reevaluating
2024-10-14 20:52:04.020337 X-ray: No
2024-10-14 20:52:04.020476 India: No
2024-10-14 20:52:04.020580 Charlie: No
2024-10-14 20:52:04.020682 Alpha: No
2024-10-14 20:52:04.020786 Juliett: No
ChatterBot Hotel reevaluating
ChatterBot Charlie reevaluating
ChatterBot Alpha reevaluating
ChatterBot Juliett reevaluating
ChatterBot X-ray reevaluating
ChatterBot Hotel reevaluating
ChatterBot Charlie reevaluating
ChatterBot Alpha reevaluating
ChatterBot Juliett reevaluating
ChatterBot X-ray reevaluating
ChatterBot Hotel reevaluating
ChatterBot Alpha reevaluating
ChatterBot Juliett reevaluating
ChatterBot X-ray reevaluating
ChatterBot Hotel reevaluating
ChatterBot Charlie reevaluating
ChatterBot Juliett reevaluating
ChatterBot X-ray reevaluating
ChatterBot India reevaluating
ChatterBot Hotel reevaluating
ChatterBot Charlie reevaluating
ChatterBot Alpha reevaluating
2024-10-14 20:52:04.105831 India: We should add Juliett
ChatterBot X-ray reevaluating
ChatterBot Hotel reevaluating
ChatterBot Charlie reevaluating
ChatterBot Alpha reevaluating
2024-10-14 20:52:04.120441 X-ray: Yes
2024-10-14 20:52:04.120572 Hotel: Yes
2024-10-14 20:52:04.120700 Charlie: Yes
2024-10-14 20:52:04.120795 Alpha: Yes
ChatterBot India reevaluating
ChatterBot Hotel reevaluating
ChatterBot Charlie reevaluating
ChatterBot Alpha reevaluating
ChatterBot India reevaluating
ChatterBot X-ray reevaluating
ChatterBot Charlie reevaluating
ChatterBot Alpha reevaluating
ChatterBot India reevaluating
ChatterBot X-ray reevaluating
ChatterBot Hotel reevaluating
ChatterBot Alpha reevaluating
ChatterBot India reevaluating
ChatterBot X-ray reevaluating
ChatterBot Hotel reevaluating
ChatterBot Charlie reevaluating
2024-10-14 20:52:04.266796 Yankee: Delta we want you to join our group
2024-10-14 20:52:04.271961 Delta: Yes
ChatterBot Yankee reevaluating
ChatterBot Foxtrot reevaluating
2024-10-14 20:52:04.285216 Foxtrot: We should add Charlie
ChatterBot Yankee reevaluating
2024-10-14 20:52:04.294999 Yankee: No
2024-10-14 20:52:04.295207 Delta: No
2024-10-14 20:52:04.295348 Papa: No
ChatterBot Foxtrot reevaluating
ChatterBot Yankee reevaluating
ChatterBot Foxtrot reevaluating
ChatterBot Yankee reevaluating
ChatterBot Foxtrot reevaluating
2024-10-14 20:52:04.327299 Hotel: Papa we want you to join our group
2024-10-14 20:52:04.331552 Papa: No
ChatterBot India reevaluating
ChatterBot X-ray reevaluating
2024-10-14 20:52:04.351413 Foxtrot: We should add Alpha
ChatterBot Yankee reevaluating
2024-10-14 20:52:04.362084 Yankee: No
2024-10-14 20:52:04.362339 Delta: No
2024-10-14 20:52:04.362562 Papa: No
ChatterBot Foxtrot reevaluating
ChatterBot Yankee reevaluating
ChatterBot Foxtrot reevaluating
ChatterBot Yankee reevaluating
ChatterBot Foxtrot reevaluating
2024-10-14 20:52:04.394151 Papa: Foxtrot, sending you 3
2024-10-14 20:52:04.394567 Delta: Foxtrot and Yankee, sending you 1
2024-10-14 20:52:04.517476 Juliett: X-ray, sending you 2
2024-10-14 20:52:04.517969 Charlie: Juliett and India, sending you 2
2024-10-14 20:52:04.519164 Papa: Yankee, sending you 4
2024-10-14 20:52:04.519592 Alpha: Juliett, India, X-ray and Hotel, sending you 3
2024-10-14 20:52:04.520131 Delta: Papa, sending you 2
chatterbot Papa submitting transactions
2024-10-14 20:52:04.605428 Juliett: Hotel and Charlie, sending you 3
2024-10-14 20:52:04.606310 Charlie: X-ray and Hotel, sending you 3
2024-10-14 20:52:04.606729 Papa: Delta, sending you 2
2024-10-14 20:52:04.607095 Alpha: Charlie, sending you 5
2024-10-14 20:52:04.607941 Hotel: Juliett, India, Charlie and Papa, sending you 3
2024-10-14 20:52:04.608238 X-ray: Juliett, sending you 1
2024-10-14 20:52:04.608568 India: Same as last round
chatterbot Charlie submitting transactions
2024-10-14 20:52:04.609579 Juliett: Alpha, sending you 4
2024-10-14 20:52:04.609841 Charlie: Alpha, sending you 4
2024-10-14 20:52:04.726510 X-ray: India, sending you 2
2024-10-14 20:52:04.727201 Hotel: X-ray and Alpha, sending you 4
2024-10-14 20:52:04.767707 X-ray: Hotel, Charlie and Alpha, sending you 3
chatterbot X-ray submitting transactions
chatterbot Delta submitting transactions
chatterbot Juliett submitting transactions
chatterbot Foxtrot submitting transactions
chatterbot Yankee submitting transactions
chatterbot India submitting transactions
chatterbot Hotel submitting transactions
chatterbot Alpha submitting transactions
ChatterBot Foxtrot round 4
ChatterBot Juliett round 4
ChatterBot India round 4
2024-10-14 20:52:05.157070 Foxtrot: We should add Hotel
ChatterBot Yankee reevaluating
2024-10-14 20:52:05.170208 Yankee: No
2024-10-14 20:52:05.170919 Delta: No
2024-10-14 20:52:05.171357 Papa: No
ChatterBot Foxtrot reevaluating
ChatterBot Yankee reevaluating
ChatterBot Foxtrot reevaluating
ChatterBot Yankee reevaluating
ChatterBot Foxtrot reevaluating
ChatterBot X-ray round 4
ChatterBot Yankee round 4
ChatterBot Hotel round 4
ChatterBot Delta round 4
2024-10-14 20:52:05.202143 India: We should add Juliett
2024-10-14 20:52:05.212573 X-ray: Yes
2024-10-14 20:52:05.212795 Hotel: Yes
2024-10-14 20:52:05.212924 Charlie: Yes
2024-10-14 20:52:05.213130 Alpha: Yes
ChatterBot Hotel reevaluating
ChatterBot Hotel reevaluating
ChatterBot Charlie round 4
ChatterBot Papa round 4
ChatterBot Alpha round 4
2024-10-14 20:52:05.261222 Juliett: We should add India
ChatterBot Hotel reevaluating
2024-10-14 20:52:05.271276 X-ray: Yes
2024-10-14 20:52:05.271397 Hotel: Yes
2024-10-14 20:52:05.271495 Charlie: Yes
2024-10-14 20:52:05.271584 Alpha: Yes
ChatterBot Juliett reevaluating
ChatterBot Hotel reevaluating
ChatterBot Juliett reevaluating
ChatterBot Juliett reevaluating
ChatterBot Hotel reevaluating
ChatterBot Juliett reevaluating
ChatterBot Hotel reevaluating
2024-10-14 20:52:05.315536 Hotel: We should replace Papa with Yankee
ChatterBot Juliett reevaluating
2024-10-14 20:52:05.327655 X-ray: No
2024-10-14 20:52:05.327780 India: No
2024-10-14 20:52:05.327888 Charlie: No
2024-10-14 20:52:05.327983 Alpha: No
2024-10-14 20:52:05.328075 Juliett: No
ChatterBot Hotel reevaluating
ChatterBot Juliett reevaluating
ChatterBot Hotel reevaluating
ChatterBot Juliett reevaluating
ChatterBot Hotel reevaluating
ChatterBot Juliett reevaluating
ChatterBot Hotel reevaluating
ChatterBot Juliett reevaluating
ChatterBot Hotel reevaluating
2024-10-14 20:52:05.393516 Foxtrot: We should add X-ray
ChatterBot Yankee reevaluating
2024-10-14 20:52:05.400484 Yankee: Yes
2024-10-14 20:52:05.400643 Delta: Yes
2024-10-14 20:52:05.400781 Papa: Yes
ChatterBot Foxtrot reevaluating
ChatterBot Yankee reevaluating
ChatterBot Foxtrot reevaluating
ChatterBot Yankee reevaluating
ChatterBot Foxtrot reevaluating
2024-10-14 20:52:05.427332 Yankee: We should add Delta
ChatterBot Foxtrot reevaluating
2024-10-14 20:52:05.432499 Foxtrot: Yes
2024-10-14 20:52:05.432632 Papa: Yes
ChatterBot Yankee reevaluating
ChatterBot Yankee reevaluating
ChatterBot Foxtrot reevaluating
2024-10-14 20:52:05.453444 India: Juliett we want you to join our group
ChatterBot Juliett reevaluating
2024-10-14 20:52:05.456496 Juliett: Yes
ChatterBot Hotel reevaluating
2024-10-14 20:52:05.478064 Foxtrot: X-ray we want you to join our group
2024-10-14 20:52:05.480650 X-ray: No
ChatterBot Foxtrot reevaluating
ChatterBot Yankee reevaluating
2024-10-14 20:52:05.491899 Juliett: India we want you to join our group
2024-10-14 20:52:05.494680 India: Yes
ChatterBot Hotel reevaluating
2024-10-14 20:52:05.507036 Yankee: Delta we want you to join our group
2024-10-14 20:52:05.509932 Delta: Yes
ChatterBot Yankee reevaluating
ChatterBot Foxtrot reevaluating
2024-10-14 20:52:05.520659 Delta: Foxtrot, sending you 2
2024-10-14 20:52:05.521670 Alpha: Juliett, India, X-ray and Hotel, sending you 3
2024-10-14 20:52:05.523 X-ray: Juliett, sending you 1
2024-10-14 20:52:05.523590 India: X-ray, Hotel, Charlie and Alpha, sending you 1
2024-10-14 20:52:05.524067 Charlie: Juliett, X-ray, Hotel and Alpha, sending you 3
2024-10-14 20:52:05.524541 Papa: Sending you each 3
2024-10-14 20:52:05.524907 Delta: Yankee and Papa, sending you 1
2024-10-14 20:52:05.525780 Alpha: Charlie, sending you 5
2024-10-14 20:52:05.526206 X-ray: India, sending you 2
2024-10-14 20:52:05.526668 Charlie: India, sending you 2
2024-10-14 20:52:05.530657 X-ray: Hotel, Charlie and Alpha, sending you 3
2024-10-14 20:52:05.536647 Juliett: India, sending you 1
2024-10-14 20:52:05.537594 Hotel: Juliett, India, Charlie and Papa, sending you 3
2024-10-14 20:52:05.539694 Juliett: X-ray, sending you 2
2024-10-14 20:52:05.540671 Hotel: X-ray and Alpha, sending you 4
2024-10-14 20:52:05.542062 Yankee: Same as last round
2024-10-14 20:52:05.542648 Foxtrot: X-ray, sending you 2
2024-10-14 20:52:05.543656 Juliett: Hotel, Charlie and Alpha, sending you 3
2024-10-14 20:52:05.547649 Foxtrot: Yankee, Delta and Papa, sending you 3
chatterbot Juliett submitting transactions
chatterbot Delta submitting transactions
chatterbot Hotel submitting transactions
chatterbot Charlie submitting transactions
chatterbot Papa submitting transactions
chatterbot Foxtrot submitting transactions
chatterbot India submitting transactions
chatterbot Yankee submitting transactions
chatterbot Alpha submitting transactions
chatterbot X-ray submitting transactions
ChatterBot Foxtrot round 5
ChatterBot Juliett round 5
ChatterBot India round 5
ChatterBot X-ray round 5
ChatterBot Yankee round 5
ChatterBot Hotel round 5
ChatterBot Delta round 5
ChatterBot Charlie round 5
ChatterBot Papa round 5
ChatterBot Alpha round 5
2024-10-14 20:52:06.690500 Hotel: We should replace Papa with Foxtrot
2024-10-14 20:52:06.700585 X-ray: No
2024-10-14 20:52:06.700758 India: No
2024-10-14 20:52:06.700878 Charlie: No
2024-10-14 20:52:06.700985 Alpha: No
2024-10-14 20:52:06.701087 Juliett: No
ChatterBot Hotel reevaluating
ChatterBot Hotel reevaluating
ChatterBot Hotel reevaluating
ChatterBot Hotel reevaluating
ChatterBot Hotel reevaluating
2024-10-14 20:52:06.779669 Foxtrot: X-ray, sending you 2
2024-10-14 20:52:06.781688 India: X-ray, Hotel, Charlie and Alpha, sending you 1
2024-10-14 20:52:06.784458 Hotel: Foxtrot we want you to join our group
2024-10-14 20:52:06.787122 Foxtrot: No
ChatterBot Hotel reevaluating
2024-10-14 20:52:06.802397 Foxtrot: Yankee, Delta and Papa, sending you 3
2024-10-14 20:52:06.805721 Yankee: Same as last round
2024-10-14 20:52:06.806495 Charlie: Juliett, X-ray, Hotel and Alpha, sending you 3
2024-10-14 20:52:06.807418 Papa: Same as last round
2024-10-14 20:52:06.808008 Delta: Foxtrot and Yankee, sending you 1
2024-10-14 20:52:06.808551 Juliett: India, sending you 1
2024-10-14 20:52:06.809832 Alpha: Juliett, India, X-ray and Hotel, sending you 3
2024-10-14 20:52:06.810469 X-ray: Juliett, sending you 2
2024-10-14 20:52:06.811155 Charlie: India, sending you 2
2024-10-14 20:52:06.811749 Delta: Papa, sending you 2
2024-10-14 20:52:06.812690 Alpha: Charlie, sending you 5
2024-10-14 20:52:06.813687 Juliett: X-ray, sending you 2
2024-10-14 20:52:06.814291 X-ray: India, sending you 1
2024-10-14 20:52:06.816665 Juliett: Hotel, Charlie and Alpha, sending you 3
2024-10-14 20:52:06.818653 X-ray: Hotel, Charlie and Alpha, sending you 3
2024-10-14 20:52:06.819738 Hotel: Juliett, India, Charlie and Papa, sending you 3
2024-10-14 20:52:06.826076 Hotel: X-ray and Alpha, sending you 4
chatterbot Foxtrot submitting transactions
chatterbot Alpha submitting transactions
chatterbot Hotel submitting transactions
chatterbot India submitting transactions
chatterbot Papa submitting transactions
chatterbot Juliett submitting transactions
chatterbot X-ray submitting transactions
chatterbot Charlie submitting transactions
chatterbot Yankee submitting transactions
chatterbot Delta submitting transactions
ChatterBot Foxtrot round 6
ChatterBot Juliett round 6
ChatterBot India round 6
ChatterBot X-ray round 6
ChatterBot Yankee round 6
ChatterBot Hotel round 6
ChatterBot Delta round 6
ChatterBot Charlie round 6
ChatterBot Papa round 6
ChatterBot Alpha round 6
2024-10-14 20:52:07.959250 X-ray: Juliett, sending you 2
2024-10-14 20:52:07.962678 X-ray: India, sending you 1
2024-10-14 20:52:07.963662 Foxtrot: X-ray, sending you 2
2024-10-14 20:52:07.965664 India: X-ray, Hotel, Charlie and Alpha, sending you 1
2024-10-14 20:52:07.966322 Delta: Foxtrot and Yankee, sending you 1
2024-10-14 20:52:07.966740 X-ray: Hotel, Charlie and Alpha, sending you 3
2024-10-14 20:52:07.967673 Foxtrot: Yankee, Delta and Papa, sending you 3
2024-10-14 20:52:07.969991 Delta: Papa, sending you 2
2024-10-14 20:52:07.971681 Juliett: India, sending you 1
2024-10-14 20:52:07.972854 Hotel: Juliett, India, Charlie and Papa, sending you 3
2024-10-14 20:52:07.973687 Papa: Same as last round
2024-10-14 20:52:07.974673 Charlie: Juliett, X-ray, Hotel and Alpha, sending you 3
2024-10-14 20:52:07.975667 Yankee: Same as last round
2024-10-14 20:52:07.975987 Alpha: Juliett, India and X-ray, sending you 3
2024-10-14 20:52:07.976422 Hotel: X-ray and Alpha, sending you 4
2024-10-14 20:52:07.976775 Juliett: X-ray, sending you 2
2024-10-14 20:52:07.978682 Charlie: India, sending you 2
2024-10-14 20:52:07.979410 Alpha: Hotel and Charlie, sending you 4
2024-10-14 20:52:07.981651 Juliett: Hotel, Charlie and Alpha, sending you 3
chatterbot India submitting transactions
chatterbot Hotel submitting transactions
chatterbot X-ray submitting transactions
chatterbot Delta submitting transactions
chatterbot Charlie submitting transactions
chatterbot Yankee submitting transactions
chatterbot Juliett submitting transactions
chatterbot Alpha submitting transactions
chatterbot Foxtrot submitting transactions
chatterbot Papa submitting transactions
ChatterBot Foxtrot round 7
ChatterBot Juliett round 7
ChatterBot India round 7
ChatterBot X-ray round 7
ChatterBot Yankee round 7
ChatterBot Hotel round 7
ChatterBot Delta round 7
ChatterBot Charlie round 7
ChatterBot Papa round 7
ChatterBot Alpha round 7
2024-10-14 20:52:09.243905 Hotel: We should replace Papa with Yankee
2024-10-14 20:52:09.258591 X-ray: No
2024-10-14 20:52:09.258809 India: No
2024-10-14 20:52:09.258962 Charlie: No
2024-10-14 20:52:09.259108 Alpha: No
2024-10-14 20:52:09.259239 Juliett: No
ChatterBot Hotel reevaluating
ChatterBot Hotel reevaluating
ChatterBot Hotel reevaluating
ChatterBot Hotel reevaluating
ChatterBot Hotel reevaluating
2024-10-14 20:52:09.332731 Hotel: We should replace Papa with Foxtrot
2024-10-14 20:52:09.344584 X-ray: No
2024-10-14 20:52:09.344806 India: No
2024-10-14 20:52:09.344938 Charlie: No
2024-10-14 20:52:09.345051 Alpha: No
2024-10-14 20:52:09.345632 Juliett: No
ChatterBot Hotel reevaluating
ChatterBot Hotel reevaluating
ChatterBot Hotel reevaluating
ChatterBot Hotel reevaluating
ChatterBot Hotel reevaluating
2024-10-14 20:52:09.409667 Juliett: India, sending you 1
2024-10-14 20:52:09.410788 Foxtrot: X-ray, sending you 2
2024-10-14 20:52:09.411609 Yankee: Same as last round
2024-10-14 20:52:09.411970 Delta: Foxtrot and Yankee, sending you 1
2024-10-14 20:52:09.412346 India: X-ray, Hotel, Charlie and Alpha, sending you 1
2024-10-14 20:52:09.412902 X-ray: Juliett, sending you 2
2024-10-14 20:52:09.413423 Hotel: Foxtrot we want you to join our group
2024-10-14 20:52:09.416937 Foxtrot: No
ChatterBot Hotel reevaluating
2024-10-14 20:52:09.434834 Hotel: We should replace Papa with Delta
2024-10-14 20:52:09.448797 X-ray: No
2024-10-14 20:52:09.448951 India: No
2024-10-14 20:52:09.449088 Charlie: No
2024-10-14 20:52:09.449234 Alpha: No
2024-10-14 20:52:09.449364 Juliett: No
ChatterBot Hotel reevaluating
ChatterBot Hotel reevaluating
ChatterBot Hotel reevaluating
ChatterBot Hotel reevaluating
ChatterBot Hotel reevaluating
2024-10-14 20:52:09.507647 Delta: Papa, sending you 2
2024-10-14 20:52:09.508637 Juliett: X-ray, sending you 2
2024-10-14 20:52:09.509110 Foxtrot: Yankee, Delta and Papa, sending you 3
2024-10-14 20:52:09.509411 X-ray: India, sending you 1
2024-10-14 20:52:09.513108 Hotel: Yankee we want you to join our group
2024-10-14 20:52:09.517037 Yankee: No
ChatterBot Hotel reevaluating
2024-10-14 20:52:09.533469 Charlie: Juliett, X-ray, Hotel and Alpha, sending you 3
2024-10-14 20:52:09.534153 Juliett: Hotel, Charlie and Alpha, sending you 3
2024-10-14 20:52:09.534730 X-ray: Hotel, Charlie and Alpha, sending you 3
2024-10-14 20:52:09.535262 Alpha: Juliett, India and X-ray, sending you 3
2024-10-14 20:52:09.535825 Papa: Same as last round
2024-10-14 20:52:09.536694 Charlie: India, sending you 2
2024-10-14 20:52:09.539682 Alpha: Hotel and Charlie, sending you 4
2024-10-14 20:52:09.559682 Hotel: Juliett, India, Yankee and Charlie, sending you 3
2024-10-14 20:52:09.562684 Hotel: X-ray and Alpha, sending you 4
chatterbot Juliett submitting transactions
chatterbot X-ray submitting transactions
chatterbot Papa submitting transactions
chatterbot Charlie submitting transactions
chatterbot Yankee submitting transactions
chatterbot India submitting transactions
chatterbot Alpha submitting transactions
chatterbot Hotel submitting transactions
chatterbot Foxtrot submitting transactions
chatterbot Delta submitting transactions
ChatterBot Foxtrot round 8
ChatterBot Juliett round 8
ChatterBot India round 8
ChatterBot X-ray round 8
ChatterBot Yankee round 8
ChatterBot Hotel round 8
ChatterBot Delta round 8
ChatterBot Charlie round 8
ChatterBot Papa round 8
ChatterBot Alpha round 8
2024-10-14 20:52:10.523296 Hotel: We should replace Yankee with Delta
2024-10-14 20:52:10.537586 X-ray: No
2024-10-14 20:52:10.538204 India: No
2024-10-14 20:52:10.538372 Charlie: No
2024-10-14 20:52:10.538539 Alpha: No
2024-10-14 20:52:10.538713 Juliett: No
ChatterBot Hotel reevaluating
ChatterBot Hotel reevaluating
ChatterBot Hotel reevaluating
ChatterBot Hotel reevaluating
ChatterBot Hotel reevaluating
2024-10-14 20:52:10.608772 Hotel: We should replace Yankee with Foxtrot
2024-10-14 20:52:10.620688 X-ray: No
2024-10-14 20:52:10.620905 India: No
2024-10-14 20:52:10.621046 Charlie: No
2024-10-14 20:52:10.621162 Alpha: No
2024-10-14 20:52:10.621281 Juliett: No
ChatterBot Hotel reevaluating
ChatterBot Hotel reevaluating
ChatterBot Hotel reevaluating
ChatterBot Hotel reevaluating
ChatterBot Hotel reevaluating
2024-10-14 20:52:10.799586 Yankee: Same as last round
2024-10-14 20:52:10.804015 Foxtrot: X-ray, sending you 2
2024-10-14 20:52:10.805758 Papa: Same as last round
2024-10-14 20:52:10.806509 Juliett: X-ray, Hotel, Charlie and Alpha, sending you 3
2024-10-14 20:52:10.808205 X-ray: Juliett, sending you 2
2024-10-14 20:52:10.809821 India: X-ray, Hotel, Charlie and Alpha, sending you 1
2024-10-14 20:52:10.812018 Foxtrot: Yankee, Delta and Papa, sending you 3
2024-10-14 20:52:10.813013 X-ray: India, sending you 1
2024-10-14 20:52:10.815908 Charlie: Juliett, X-ray, Hotel and Alpha, sending you 3
2024-10-14 20:52:10.817981 X-ray: Hotel, Charlie and Alpha, sending you 3
2024-10-14 20:52:10.819875 Delta: Foxtrot and Yankee, sending you 1
2024-10-14 20:52:10.820717 Charlie: India, sending you 2
2024-10-14 20:52:10.824246 Alpha: Juliett, India and X-ray, sending you 3
2024-10-14 20:52:10.826167 Delta: Papa, sending you 2
2024-10-14 20:52:10.827158 Hotel: Juliett, India, Yankee and Charlie, sending you 3
2024-10-14 20:52:10.829752 Alpha: Hotel and Charlie, sending you 4
2024-10-14 20:52:10.837439 Hotel: X-ray and Alpha, sending you 4
chatterbot Alpha submitting transactions
chatterbot India submitting transactions
chatterbot Papa submitting transactions
chatterbot X-ray submitting transactions
chatterbot Yankee submitting transactions
chatterbot Juliett submitting transactions
chatterbot Charlie submitting transactions
chatterbot Foxtrot submitting transactions
chatterbot Hotel submitting transactions
chatterbot Delta submitting transactions
ChatterBot Foxtrot round 9
ChatterBot Juliett round 9
ChatterBot India round 9
ChatterBot X-ray round 9
ChatterBot Yankee round 9
ChatterBot Hotel round 9
ChatterBot Delta round 9
ChatterBot Charlie round 9
ChatterBot Papa round 9
ChatterBot Alpha round 9
2024-10-14 20:52:11.855327 Hotel: We should replace Yankee with Foxtrot
2024-10-14 20:52:11.867673 X-ray: No
2024-10-14 20:52:11.867862 India: No
2024-10-14 20:52:11.868325 Charlie: No
2024-10-14 20:52:11.868459 Alpha: No
2024-10-14 20:52:11.868589 Juliett: No
ChatterBot Hotel reevaluating
ChatterBot Hotel reevaluating
ChatterBot Hotel reevaluating
ChatterBot Hotel reevaluating
ChatterBot Hotel reevaluating
2024-10-14 20:52:11.945934 Foxtrot: Yankee and Papa, sending you 4
2024-10-14 20:52:11.948664 Foxtrot: Delta, sending you 3
2024-10-14 20:52:11.950683 Juliett: X-ray, Hotel, Charlie and Alpha, sending you 3
2024-10-14 20:52:11.952192 Charlie: Juliett, X-ray, Hotel and Alpha, sending you 3
2024-10-14 20:52:11.953277 Yankee: Same as last round
2024-10-14 20:52:11.956657 Delta: Foxtrot and Yankee, sending you 1
2024-10-14 20:52:11.957082 Papa: Same as last round
2024-10-14 20:52:11.957858 Charlie: India, sending you 2
2024-10-14 20:52:11.958691 X-ray: Juliett, sending you 2
2024-10-14 20:52:11.961670 Delta: Papa, sending you 2
2024-10-14 20:52:11.963657 X-ray: India, sending you 1
2024-10-14 20:52:11.964732 India: X-ray, Hotel, Charlie and Alpha, sending you 1
2024-10-14 20:52:11.965346 Alpha: Juliett, India and X-ray, sending you 3
2024-10-14 20:52:11.968662 X-ray: Hotel, Charlie and Alpha, sending you 3
2024-10-14 20:52:11.969700 Alpha: Hotel and Charlie, sending you 4
2024-10-14 20:52:11.974673 Hotel: Juliett, India, X-ray, Charlie and Alpha, sending you 4
chatterbot X-ray submitting transactions
chatterbot Yankee submitting transactions
chatterbot Foxtrot submitting transactions
chatterbot Papa submitting transactions
chatterbot Juliett submitting transactions
chatterbot Delta submitting transactions
chatterbot Hotel submitting transactions
chatterbot India submitting transactions
chatterbot Alpha submitting transactions
chatterbot Charlie submitting transactions
ChatterBot Foxtrot round 10
ChatterBot Juliett round 10
ChatterBot India round 10
ChatterBot X-ray round 10
ChatterBot Yankee round 10
ChatterBot Hotel round 10
ChatterBot Delta round 10
ChatterBot Charlie round 10
ChatterBot Papa round 10
ChatterBot Alpha round 10
2024-10-14 20:52:13.134651 Delta: Foxtrot and Papa, sending you 1
2024-10-14 20:52:13.135775 Hotel: Juliett, India, X-ray, Charlie and Alpha, sending you 4
2024-10-14 20:52:13.136506 India: X-ray, Hotel, Charlie and Alpha, sending you 1
2024-10-14 20:52:13.137502 X-ray: Juliett, sending you 2
2024-10-14 20:52:13.138682 Delta: Yankee, sending you 2
2024-10-14 20:52:13.143160 X-ray: India, sending you 1
2024-10-14 20:52:13.144175 Charlie: Juliett, X-ray, Hotel and Alpha, sending you 3
2024-10-14 20:52:13.145003 Foxtrot: Yankee and Papa, sending you 4
2024-10-14 20:52:13.145992 Juliett: X-ray, Hotel, Charlie and Alpha, sending you 3
2024-10-14 20:52:13.146898 X-ray: Hotel, Charlie and Alpha, sending you 3
2024-10-14 20:52:13.148814 Yankee: Same as last round
2024-10-14 20:52:13.149542 Alpha: Juliett, India and Hotel, sending you 3
2024-10-14 20:52:13.151042 Foxtrot: Delta, sending you 3
2024-10-14 20:52:13.151594 Charlie: India, sending you 2
2024-10-14 20:52:13.152684 Papa: Same as last round
2024-10-14 20:52:13.155706 Alpha: X-ray and Charlie, sending you 4
chatterbot Charlie submitting transactions
chatterbot Juliett submitting transactions
chatterbot Papa submitting transactions
chatterbot X-ray submitting transactions
chatterbot Yankee submitting transactions
chatterbot Alpha submitting transactions
chatterbot India submitting transactions
chatterbot Foxtrot submitting transactions
chatterbot Hotel submitting transactions
chatterbot Delta submitting transactions
ChatterBot Foxtrot round 11
ChatterBot Juliett round 11
ChatterBot India round 11
ChatterBot X-ray round 11
ChatterBot Yankee round 11
ChatterBot Hotel round 11
ChatterBot Delta round 11
ChatterBot Charlie round 11
ChatterBot Papa round 11
ChatterBot Alpha round 11
2024-10-14 20:52:14.275681 Foxtrot: Yankee and Papa, sending you 4
2024-10-14 20:52:14.278846 Foxtrot: Delta, sending you 3
2024-10-14 20:52:14.280671 Charlie: Juliett, X-ray, Hotel and Alpha, sending you 3
2024-10-14 20:52:14.281692 Yankee: Same as last round
2024-10-14 20:52:14.283671 Charlie: India, sending you 2
2024-10-14 20:52:14.285106 India: X-ray, Hotel, Charlie and Alpha, sending you 1
2024-10-14 20:52:14.286471 Papa: Same as last round
2024-10-14 20:52:14.287677 X-ray: Juliett, sending you 2
2024-10-14 20:52:14.291655 Juliett: X-ray, Hotel, Charlie and Alpha, sending you 3
2024-10-14 20:52:14.292271 Delta: Foxtrot and Papa, sending you 1
2024-10-14 20:52:14.292655 X-ray: India, sending you 1
2024-10-14 20:52:14.295725 Delta: Yankee, sending you 2
2024-10-14 20:52:14.296742 Alpha: Juliett, India and Charlie, sending you 3
2024-10-14 20:52:14.297900 X-ray: Hotel, Charlie and Alpha, sending you 3
2024-10-14 20:52:14.299673 Hotel: Juliett, India, X-ray, Charlie and Alpha, sending you 4
2024-10-14 20:52:14.300669 Alpha: X-ray and Hotel, sending you 4
chatterbot Delta submitting transactions
chatterbot Hotel submitting transactions
chatterbot India submitting transactions
chatterbot Foxtrot submitting transactions
chatterbot X-ray submitting transactions
chatterbot Charlie submitting transactions
chatterbot Alpha submitting transactions
chatterbot Juliett submitting transactions
chatterbot Papa submitting transactions
chatterbot Yankee submitting transactions
ChatterBot Foxtrot round 12
ChatterBot Juliett round 12
ChatterBot India round 12
ChatterBot X-ray round 12
ChatterBot Yankee round 12
ChatterBot Hotel round 12
ChatterBot Delta round 12
ChatterBot Charlie round 12
ChatterBot Papa round 12
ChatterBot Alpha round 12
2024-10-14 20:52:15.538991 Hotel: We should replace Yankee with Delta
ChatterBot Juliett reevaluating
2024-10-14 20:52:15.557989 X-ray: No
2024-10-14 20:52:15.558531 India: No
2024-10-14 20:52:15.558923 Charlie: No
2024-10-14 20:52:15.559307 Alpha: No
2024-10-14 20:52:15.559526 Juliett: No
ChatterBot Juliett reevaluating
ChatterBot Hotel reevaluating
ChatterBot Juliett reevaluating
ChatterBot Hotel reevaluating
ChatterBot Juliett reevaluating
ChatterBot Hotel reevaluating
ChatterBot Juliett reevaluating
ChatterBot Hotel reevaluating
2024-10-14 20:52:15.712663 Yankee: Same as last round
