ChatterBot Oscar round 1
ChatterBot Mike round 1
ChatterBot Foxtrot round 1
ChatterBot X-ray round 1
ChatterBot Alpha round 1
ChatterBot Uniform round 1
ChatterBot Sierra round 1
ChatterBot India round 1
ChatterBot November round 1
ChatterBot Zulu round 1
randomSelections Oscar: {Oscar, India, X-ray, Zulu, November} 
2024-10-14 20:51:59.643817 Oscar: Let's form a team
ChatterBot India reevaluating
ChatterBot X-ray reevaluating
ChatterBot Zulu reevaluating
ChatterBot November reevaluating
2024-10-14 20:51:59.658179 India: Yes
2024-10-14 20:51:59.658360 X-ray: Yes
2024-10-14 20:51:59.658564 Zulu: Yes
2024-10-14 20:51:59.658706 November: Yes
ChatterBot X-ray reevaluating
ChatterBot Zulu reevaluating
ChatterBot November reevaluating
ChatterBot India reevaluating
ChatterBot Zulu reevaluating
ChatterBot November reevaluating
ChatterBot India reevaluating
ChatterBot X-ray reevaluating
ChatterBot November reevaluating
ChatterBot India reevaluating
ChatterBot X-ray reevaluating
ChatterBot Zulu reevaluating
randomSelections Foxtrot: {Foxtrot} 
randomSelections Mike: {Mike, November, X-ray, Uniform, Foxtrot, Sierra} 
2024-10-14 20:51:59.705198 Mike: Let's form a team
ChatterBot November reevaluating
ChatterBot X-ray reevaluating
ChatterBot Uniform reevaluating
ChatterBot Sierra reevaluating
2024-10-14 20:51:59.715855 November: No
2024-10-14 20:51:59.717093 X-ray: No
2024-10-14 20:51:59.717542 Uniform: Yes
2024-10-14 20:51:59.717718 Foxtrot: No
2024-10-14 20:51:59.718802 Sierra: Yes
ChatterBot X-ray reevaluating
ChatterBot Uniform reevaluating
ChatterBot Sierra reevaluating
ChatterBot November reevaluating
ChatterBot Uniform reevaluating
ChatterBot Sierra reevaluating
ChatterBot November reevaluating
ChatterBot X-ray reevaluating
ChatterBot Sierra reevaluating
ChatterBot November reevaluating
ChatterBot X-ray reevaluating
ChatterBot Uniform reevaluating
ChatterBot Sierra reevaluating
ChatterBot November reevaluating
ChatterBot X-ray reevaluating
ChatterBot Uniform reevaluating
randomSelections Alpha: {Alpha, India, Zulu, X-ray, Foxtrot, Sierra, Mike} 
2024-10-14 20:51:59.813165 Alpha: Let's form a team
ChatterBot India reevaluating
ChatterBot Zulu reevaluating
ChatterBot X-ray reevaluating
ChatterBot Sierra reevaluating
2024-10-14 20:51:59.823547 India: No
2024-10-14 20:51:59.824013 Zulu: No
2024-10-14 20:51:59.824468 X-ray: No
2024-10-14 20:51:59.826115 Foxtrot: No
2024-10-14 20:51:59.826333 Sierra: No
2024-10-14 20:51:59.826649 Mike: No
ChatterBot Zulu reevaluating
ChatterBot X-ray reevaluating
ChatterBot Sierra reevaluating
ChatterBot India reevaluating
ChatterBot X-ray reevaluating
ChatterBot Sierra reevaluating
ChatterBot India reevaluating
ChatterBot Zulu reevaluating
ChatterBot Sierra reevaluating
ChatterBot India reevaluating
ChatterBot Zulu reevaluating
ChatterBot X-ray reevaluating
ChatterBot Sierra reevaluating
ChatterBot India reevaluating
ChatterBot Zulu reevaluating
ChatterBot X-ray reevaluating
ChatterBot India reevaluating
ChatterBot Zulu reevaluating
ChatterBot X-ray reevaluating
ChatterBot Sierra reevaluating
2024-10-14 20:52:00.036140 Mike: Foxtrot, sending you 3
2024-10-14 20:52:00.037289 Alpha: Mike and Foxtrot, sending you 2
2024-10-14 20:52:00.038932 November: Oscar, sending you 3
2024-10-14 20:52:00.040393 Uniform: Mike, sending you 3
2024-10-14 20:52:00.041998 Mike: X-ray and Uniform, sending you 2
2024-10-14 20:52:00.074327 Alpha: X-ray, sending you 4
2024-10-14 20:52:00.075369 November: X-ray and Zulu, sending you 2
2024-10-14 20:52:00.076552 India: Oscar and X-ray, sending you 3
2024-10-14 20:52:00.077066 Sierra: Mike, sending you 4
2024-10-14 20:52:00.078136 Uniform: Foxtrot and X-ray, sending you 2
2024-10-14 20:52:00.079009 Zulu: Oscar, sending you 2
2024-10-14 20:52:00.080086 Mike: Sierra, sending you 1
2024-10-14 20:52:00.080932 X-ray: India and Zulu, sending you 1
2024-10-14 20:52:00.081998 Alpha: Sierra and Zulu, sending you 1
2024-10-14 20:52:00.082649 November: India, sending you 7
2024-10-14 20:52:00.084249 India: November, sending you 2
2024-10-14 20:52:00.085294 Sierra: Foxtrot, sending you 3
2024-10-14 20:52:00.085869 Uniform: November, sending you 4
2024-10-14 20:52:00.087220 Zulu: X-ray and November, sending you 6
2024-10-14 20:52:00.088420 X-ray: November, sending you 2
2024-10-14 20:52:00.089176 Alpha: India, sending you 3
2024-10-14 20:52:00.090275 India: Zulu, sending you 1
2024-10-14 20:52:00.091001 Sierra: X-ray, sending you 2
2024-10-14 20:52:00.092409 Zulu: India, sending you 4
2024-10-14 20:52:00.097974 Sierra: Uniform and November, sending you 1
chatterbot Mike submitting transactions
chatterbot Sierra submitting transactions
chatterbot Zulu submitting transactions
chatterbot Oscar submitting transactions
chatterbot November submitting transactions
chatterbot Uniform submitting transactions
chatterbot Foxtrot submitting transactions
chatterbot Alpha submitting transactions
chatterbot India submitting transactions
chatterbot X-ray submitting transactions
ChatterBot Oscar round 2
ChatterBot Mike round 2
ChatterBot Foxtrot round 2
ChatterBot X-ray round 2
ChatterBot Alpha round 2
ChatterBot Uniform round 2
ChatterBot Sierra round 2
ChatterBot India round 2
ChatterBot November round 2
ChatterBot Zulu round 2
2024-10-14 20:52:01.480133 Oscar: We should add Alpha
ChatterBot India reevaluating
ChatterBot X-ray reevaluating
ChatterBot Zulu reevaluating
ChatterBot November reevaluating
2024-10-14 20:52:01.501024 India: Yes
2024-10-14 20:52:01.501203 X-ray: Yes
2024-10-14 20:52:01.501324 Zulu: Yes
2024-10-14 20:52:01.501451 November: Yes
ChatterBot X-ray reevaluating
ChatterBot Zulu reevaluating
ChatterBot November reevaluating
ChatterBot India reevaluating
ChatterBot Zulu reevaluating
ChatterBot November reevaluating
ChatterBot India reevaluating
ChatterBot X-ray reevaluating
ChatterBot November reevaluating
ChatterBot India reevaluating
ChatterBot X-ray reevaluating
ChatterBot Zulu reevaluating
2024-10-14 20:52:01.690603 Alpha: Group up?
ChatterBot X-ray reevaluating
ChatterBot India reevaluating
ChatterBot November reevaluating
ChatterBot Zulu reevaluating
2024-10-14 20:52:01.717320 X-ray: No
2024-10-14 20:52:01.717551 India: No
2024-10-14 20:52:01.718153 November: Yes
2024-10-14 20:52:01.718307 Zulu: No
2024-10-14 20:52:01.718433 Uniform: No
ChatterBot Alpha reevaluating
ChatterBot India reevaluating
ChatterBot November reevaluating
ChatterBot Zulu reevaluating
ChatterBot Alpha reevaluating
ChatterBot X-ray reevaluating
ChatterBot November reevaluating
ChatterBot Zulu reevaluating
ChatterBot Alpha reevaluating
ChatterBot X-ray reevaluating
ChatterBot India reevaluating
ChatterBot Zulu reevaluating
ChatterBot Uniform reevaluating
ChatterBot Alpha reevaluating
ChatterBot X-ray reevaluating
ChatterBot India reevaluating
ChatterBot November reevaluating
ChatterBot Uniform reevaluating
ChatterBot Alpha reevaluating
ChatterBot X-ray reevaluating
ChatterBot India reevaluating
ChatterBot November reevaluating
ChatterBot Zulu reevaluating
2024-10-14 20:52:01.907177 Mike: We should group up
ChatterBot Uniform reevaluating
ChatterBot Sierra reevaluating
ChatterBot Alpha reevaluating
2024-10-14 20:52:01.933779 Uniform: Yes
2024-10-14 20:52:01.933953 Sierra: Yes
2024-10-14 20:52:01.934111 Alpha: No
ChatterBot Sierra reevaluating
ChatterBot Alpha reevaluating
ChatterBot Uniform reevaluating
ChatterBot Alpha reevaluating
ChatterBot Uniform reevaluating
ChatterBot Sierra reevaluating
2024-10-14 20:52:02.022925 Foxtrot: Friends?
ChatterBot Uniform reevaluating
ChatterBot Sierra reevaluating
2024-10-14 20:52:02.049746 Mike: No
2024-10-14 20:52:02.049961 Uniform: Yes
2024-10-14 20:52:02.050159 Sierra: No
ChatterBot Uniform reevaluating
ChatterBot Sierra reevaluating
ChatterBot Sierra reevaluating
ChatterBot Uniform reevaluating
2024-10-14 20:52:02.164734 Oscar: Alpha we want you to join our group
ChatterBot Alpha reevaluating
2024-10-14 20:52:02.174848 Alpha: No
ChatterBot X-ray reevaluating
ChatterBot India reevaluating
ChatterBot November reevaluating
ChatterBot Zulu reevaluating
2024-10-14 20:52:02.222484 Zulu: We should replace Oscar with Alpha
ChatterBot India reevaluating
ChatterBot X-ray reevaluating
ChatterBot November reevaluating
2024-10-14 20:52:02.250529 India: Yes
2024-10-14 20:52:02.250790 X-ray: No
2024-10-14 20:52:02.251 November: Yes
ChatterBot X-ray reevaluating
ChatterBot November reevaluating
ChatterBot Zulu reevaluating
ChatterBot India reevaluating
ChatterBot November reevaluating
ChatterBot Zulu reevaluating
ChatterBot India reevaluating
ChatterBot X-ray reevaluating
ChatterBot Zulu reevaluating
2024-10-14 20:52:02.832866 X-ray: Alpha we want you to join our group
2024-10-14 20:52:02.842480 Alpha: No
2024-10-14 20:52:02.883759 Uniform: We should drop November and X-ray
2024-10-14 20:52:02.909335 Foxtrot: Yes
2024-10-14 20:52:02.909618 Mike: Yes
2024-10-14 20:52:02.909844 Sierra: Yes
chatterbot Oscar submitting transactions
2024-10-14 20:52:02.991078 India: Alpha we want you to join our group
2024-10-14 20:52:03.000445 Alpha: No
2024-10-14 20:52:03.035488 Mike: Alpha, sending you 2
chatterbot Mike submitting transactions
2024-10-14 20:52:03.036691 Foxtrot: Mike and Sierra, sending you 7
2024-10-14 20:52:03.037029 Oscar: X-ray and Alpha, sending you 2
2024-10-14 20:52:03.066180 Alpha: Mike, sending you 5
2024-10-14 20:52:03.066493 Sierra: Mike, sending you 7
2024-10-14 20:52:03.067173 November: X-ray, Uniform and India, sending you 3
2024-10-14 20:52:03.067501 Mike: Uniform and Sierra, sending you 3
2024-10-14 20:52:03.067737 Oscar: India, sending you 4
2024-10-14 20:52:03.068052 Foxtrot: Uniform, sending you 5
2024-10-14 20:52:03.078887 Sierra: Alpha, sending you 6
2024-10-14 20:52:03.079938 Alpha: Uniform and Sierra, sending you 4
2024-10-14 20:52:03.080392 November: Alpha, sending you 1
2024-10-14 20:52:03.080877 Oscar: November and Zulu, sending you 3
2024-10-14 20:52:03.081840 Uniform: Mike and Sierra, sending you 4
2024-10-14 20:52:03.082183 India: X-ray, Alpha and Zulu, sending you 2
2024-10-14 20:52:03.083117 X-ray: Alpha, India, November and Zulu, sending you 1
2024-10-14 20:52:03.083542 Sierra: Uniform, sending you 4
2024-10-14 20:52:03.083914 November: Zulu, sending you 4
2024-10-14 20:52:03.100831 Uniform: Foxtrot, sending you 3
2024-10-14 20:52:03.101257 India: November, sending you 3
chatterbot X-ray submitting transactions
chatterbot Uniform submitting transactions
chatterbot India submitting transactions
chatterbot Foxtrot submitting transactions
chatterbot November submitting transactions
chatterbot Sierra submitting transactions
chatterbot Alpha submitting transactions
chatterbot Zulu submitting transactions
ChatterBot Oscar round 3
ChatterBot Mike round 3
ChatterBot Foxtrot round 3
ChatterBot X-ray round 3
ChatterBot Alpha round 3
ChatterBot Uniform round 3
ChatterBot Sierra round 3
2024-10-14 20:52:04.101230 Mike: We should add Foxtrot
ChatterBot Uniform reevaluating
ChatterBot Sierra reevaluating
ChatterBot Alpha reevaluating
2024-10-14 20:52:04.120125 Uniform: Yes
2024-10-14 20:52:04.120318 Sierra: Yes
2024-10-14 20:52:04.120500 Alpha: Yes
ChatterBot Sierra reevaluating
ChatterBot Alpha reevaluating
ChatterBot Uniform reevaluating
ChatterBot Alpha reevaluating
ChatterBot Uniform reevaluating
ChatterBot Sierra reevaluating
ChatterBot India round 3
ChatterBot November round 3
ChatterBot Zulu round 3
2024-10-14 20:52:04.291975 Uniform: We should add Alpha and Zulu
ChatterBot Sierra reevaluating
2024-10-14 20:52:04.309007 Foxtrot: No
2024-10-14 20:52:04.309367 Mike: No
2024-10-14 20:52:04.309688 Sierra: No
ChatterBot Uniform reevaluating
ChatterBot Sierra reevaluating
ChatterBot Uniform reevaluating
ChatterBot Sierra reevaluating
ChatterBot Uniform reevaluating
2024-10-14 20:52:04.371122 Mike: Foxtrot we want you to join our group
2024-10-14 20:52:04.376644 Foxtrot: No
ChatterBot Alpha reevaluating
ChatterBot Uniform reevaluating
ChatterBot Sierra reevaluating
2024-10-14 20:52:04.410220 India: We should replace Alpha with Oscar
ChatterBot November reevaluating
ChatterBot Zulu reevaluating
2024-10-14 20:52:04.429236 X-ray: No
2024-10-14 20:52:04.429662 November: No
2024-10-14 20:52:04.429926 Zulu: No
ChatterBot November reevaluating
ChatterBot Zulu reevaluating
ChatterBot Zulu reevaluating
ChatterBot November reevaluating
2024-10-14 20:52:04.484529 Oscar: We should drop Alpha
ChatterBot Zulu reevaluating
ChatterBot November reevaluating
2024-10-14 20:52:04.508447 India: Yes
2024-10-14 20:52:04.508631 X-ray: No
2024-10-14 20:52:04.508786 Zulu: No
2024-10-14 20:52:04.508970 November: No
ChatterBot Zulu reevaluating
ChatterBot November reevaluating
ChatterBot Zulu reevaluating
ChatterBot November reevaluating
ChatterBot November reevaluating
ChatterBot India reevaluating
ChatterBot Zulu reevaluating
2024-10-14 20:52:04.603525 Zulu: We should add Alpha
ChatterBot India reevaluating
ChatterBot November reevaluating
2024-10-14 20:52:04.626192 Oscar: No
2024-10-14 20:52:04.626370 India: No
2024-10-14 20:52:04.626530 X-ray: Yes
2024-10-14 20:52:04.626736 November: Yes
ChatterBot India reevaluating
ChatterBot Zulu reevaluating
ChatterBot November reevaluating
ChatterBot Zulu reevaluating
ChatterBot November reevaluating
ChatterBot India reevaluating
ChatterBot Zulu reevaluating
ChatterBot November reevaluating
ChatterBot India reevaluating
ChatterBot Zulu reevaluating
2024-10-14 20:52:04.737401 Uniform: We should add Alpha and Oscar
2024-10-14 20:52:04.753517 Foxtrot: No
2024-10-14 20:52:04.753845 Mike: No
2024-10-14 20:52:04.754058 Sierra: No
ChatterBot Uniform reevaluating
ChatterBot Uniform reevaluating
ChatterBot Uniform reevaluating
2024-10-14 20:52:04.807350 Sierra: Foxtrot we want you to join our group
2024-10-14 20:52:04.813121 Foxtrot: No
ChatterBot Uniform reevaluating
2024-10-14 20:52:04.834745 Uniform: We should add Alpha and India
2024-10-14 20:52:04.850392 Foxtrot: No
2024-10-14 20:52:04.850602 Mike: No
2024-10-14 20:52:04.850822 Sierra: No
ChatterBot Uniform reevaluating
ChatterBot Uniform reevaluating
ChatterBot Uniform reevaluating
2024-10-14 20:52:04.901292 Uniform: We should add Alpha and November
2024-10-14 20:52:04.915703 Foxtrot: No
2024-10-14 20:52:04.916324 Mike: No
2024-10-14 20:52:04.916479 Sierra: No
ChatterBot Uniform reevaluating
ChatterBot Uniform reevaluating
ChatterBot Uniform reevaluating
2024-10-14 20:52:05.050572 Alpha: Foxtrot we want you to join our group
2024-10-14 20:52:05.054673 Foxtrot: No
ChatterBot Alpha reevaluating
ChatterBot Uniform reevaluating
2024-10-14 20:52:05.068011 Alpha: We should add Foxtrot and Oscar
ChatterBot Uniform reevaluating
2024-10-14 20:52:05.078121 Mike: No
2024-10-14 20:52:05.078303 Uniform: No
2024-10-14 20:52:05.078454 Sierra: No
ChatterBot Uniform reevaluating
ChatterBot Alpha reevaluating
ChatterBot Alpha reevaluating
ChatterBot Uniform reevaluating
ChatterBot Alpha reevaluating
2024-10-14 20:52:05.105623 Foxtrot: Mike and Sierra, sending you 6
2024-10-14 20:52:05.106075 X-ray: Alpha, India, November and Zulu, sending you 1
2024-10-14 20:52:05.106999 India: Oscar we want you to join our group
2024-10-14 20:52:05.109800 Oscar: Yes
ChatterBot India reevaluating
ChatterBot November reevaluating
2024-10-14 20:52:05.121313 Zulu: Alpha we want you to join our group
ChatterBot Alpha reevaluating
2024-10-14 20:52:05.124724 Alpha: Yes
ChatterBot India reevaluating
chatterbot Foxtrot submitting transactions
2024-10-14 20:52:05.138090 Mike: Sending you each 2
2024-10-14 20:52:05.138559 Foxtrot: Uniform, sending you 8
2024-10-14 20:52:05.139717 Uniform: Alpha and November we want you to join our group
ChatterBot Alpha reevaluating
2024-10-14 20:52:05.146424 Alpha: No
2024-10-14 20:52:05.146701 November: No
ChatterBot Uniform reevaluating
ChatterBot Uniform reevaluating
ChatterBot Alpha reevaluating
2024-10-14 20:52:05.173448 November: Oscar we want you to join our group
2024-10-14 20:52:05.176228 Oscar: No
ChatterBot Alpha reevaluating
2024-10-14 20:52:05.189840 Oscar: X-ray and Zulu, sending you 3
2024-10-14 20:52:05.190784 Sierra: Mike, Alpha and Uniform, sending you 4
2024-10-14 20:52:05.193653 Sierra: Foxtrot, sending you 5
2024-10-14 20:52:05.194927 Oscar: India and November, sending you 4
2024-10-14 20:52:05.200701 Uniform: Mike and Foxtrot, sending you 4
2024-10-14 20:52:05.202660 Zulu: Oscar and India, sending you 4
2024-10-14 20:52:05.204086 November: Oscar, X-ray and India, sending you 3
2024-10-14 20:52:05.206659 Uniform: Sierra, sending you 3
2024-10-14 20:52:05.208127 Zulu: X-ray, sending you 3
2024-10-14 20:52:05.210079 November: Alpha, sending you 1
2024-10-14 20:52:05.212204 India: Oscar, X-ray and Zulu, sending you 2
2024-10-14 20:52:05.213116 Zulu: Alpha, sending you 2
2024-10-14 20:52:05.213975 Alpha: Mike, sending you 4
2024-10-14 20:52:05.215679 November: Zulu, sending you 4
2024-10-14 20:52:05.216956 India: November, sending you 3
2024-10-14 20:52:05.217679 Zulu: November, sending you 5
2024-10-14 20:52:05.219153 Alpha: Uniform, sending you 3
2024-10-14 20:52:05.223698 Alpha: Sierra, sending you 6
chatterbot Mike submitting transactions
chatterbot India submitting transactions
chatterbot Alpha submitting transactions
chatterbot Sierra submitting transactions
chatterbot Zulu submitting transactions
chatterbot Oscar submitting transactions
chatterbot X-ray submitting transactions
chatterbot November submitting transactions
chatterbot Alpha submitting transactions
chatterbot Uniform submitting transactions
ChatterBot Oscar round 4
ChatterBot Mike round 4
ChatterBot Foxtrot round 4
ChatterBot X-ray round 4
ChatterBot Alpha round 4
ChatterBot Uniform round 4
ChatterBot Sierra round 4
ChatterBot India round 4
ChatterBot November round 4
ChatterBot Zulu round 4
2024-10-14 20:52:06.339584 Uniform: We should add Alpha and November
2024-10-14 20:52:06.351564 Foxtrot: No
2024-10-14 20:52:06.351813 Mike: No
2024-10-14 20:52:06.352020 Sierra: No
ChatterBot Uniform reevaluating
ChatterBot Uniform reevaluating
ChatterBot Uniform reevaluating
2024-10-14 20:52:06.398313 Oscar: India, sending you 4
2024-10-14 20:52:06.402674 Oscar: November and Zulu, sending you 5
2024-10-14 20:52:06.407673 Alpha: Mike, sending you 4
2024-10-14 20:52:06.408014 Sierra: Mike, Alpha and Uniform, sending you 4
2024-10-14 20:52:06.408733 India: Oscar, X-ray and Zulu, sending you 2
2024-10-14 20:52:06.409408 X-ray: Oscar, India, November and Zulu, sending you 1
2024-10-14 20:52:06.410024 Mike: Same as last round
2024-10-14 20:52:06.411695 India: November, sending you 3
2024-10-14 20:52:06.412711 Alpha: Uniform, sending you 3
2024-10-14 20:52:06.413055 Sierra: Foxtrot, sending you 5
2024-10-14 20:52:06.413342 Foxtrot: Mike, sending you 6
2024-10-14 20:52:06.415672 November: Oscar, X-ray, India and Zulu, sending you 3
2024-10-14 20:52:06.416715 Alpha: Sierra, sending you 6
2024-10-14 20:52:06.417095 Foxtrot: Uniform and Sierra, sending you 7
2024-10-14 20:52:06.418678 Zulu: Oscar and India, sending you 4
2024-10-14 20:52:06.419192 November: Alpha, sending you 2
2024-10-14 20:52:06.421659 Zulu: X-ray, sending you 3
2024-10-14 20:52:06.425690 Uniform: Mike, sending you 3
2024-10-14 20:52:06.426708 Zulu: Alpha, sending you 2
2024-10-14 20:52:06.429659 Uniform: Foxtrot and Sierra, sending you 4
2024-10-14 20:52:06.430678 Zulu: November, sending you 5
chatterbot Alpha submitting transactions
chatterbot India submitting transactions
chatterbot November submitting transactions
chatterbot Zulu submitting transactions
chatterbot X-ray submitting transactions
chatterbot Foxtrot submitting transactions
chatterbot Mike submitting transactions
chatterbot Oscar submitting transactions
chatterbot Sierra submitting transactions
chatterbot Uniform submitting transactions
ChatterBot Oscar round 5
ChatterBot Mike round 5
ChatterBot Foxtrot round 5
ChatterBot X-ray round 5
ChatterBot Alpha round 5
ChatterBot Uniform round 5
ChatterBot Sierra round 5
ChatterBot India round 5
ChatterBot November round 5
2024-10-14 20:52:07.572664 Alpha: We should add Foxtrot
2024-10-14 20:52:07.583505 Mike: Yes
2024-10-14 20:52:07.583791 Uniform: Yes
2024-10-14 20:52:07.583960 Sierra: Yes
ChatterBot Uniform reevaluating
ChatterBot Uniform reevaluating
ChatterBot Zulu round 5
2024-10-14 20:52:07.635861 Alpha: Foxtrot we want you to join our group
2024-10-14 20:52:07.639743 Foxtrot: No
ChatterBot Uniform reevaluating
2024-10-14 20:52:07.662980 Uniform: Alpha and November we want you to join our group
2024-10-14 20:52:07.669405 Alpha: No
2024-10-14 20:52:07.669640 November: No
2024-10-14 20:52:07.707680 Mike: Same as last round
2024-10-14 20:52:07.708897 Sierra: Mike, Alpha and Uniform, sending you 4
2024-10-14 20:52:07.709493 X-ray: Oscar, India, November and Zulu, sending you 1
2024-10-14 20:52:07.710456 Zulu: Oscar, India and November, sending you 4
2024-10-14 20:52:07.711117 Foxtrot: Mike, sending you 6
2024-10-14 20:52:07.712357 Alpha: Mike, sending you 4
2024-10-14 20:52:07.712865 India: Oscar, X-ray and Zulu, sending you 2
2024-10-14 20:52:07.713654 Oscar: X-ray, sending you 2
2024-10-14 20:52:07.714997 November: Oscar, India and Zulu, sending you 4
2024-10-14 20:52:07.716072 Sierra: Foxtrot, sending you 5
2024-10-14 20:52:07.717355 Zulu: X-ray and Alpha, sending you 3
2024-10-14 20:52:07.718302 Foxtrot: Uniform and Sierra, sending you 7
2024-10-14 20:52:07.720025 Alpha: Uniform, sending you 3
2024-10-14 20:52:07.720770 India: November, sending you 3
2024-10-14 20:52:07.721865 November: X-ray, sending you 2
2024-10-14 20:52:07.722419 Oscar: India, November and Zulu, sending you 4
2024-10-14 20:52:07.724681 Uniform: Mike, Alpha, Sierra and November, sending you 2
2024-10-14 20:52:07.725765 Alpha: Sierra, sending you 6
2024-10-14 20:52:07.728685 Uniform: Foxtrot, sending you 3
chatterbot Alpha submitting transactions
chatterbot Uniform submitting transactions
chatterbot Foxtrot submitting transactions
chatterbot November submitting transactions
chatterbot X-ray submitting transactions
chatterbot Sierra submitting transactions
chatterbot India submitting transactions
chatterbot Oscar submitting transactions
chatterbot Mike submitting transactions
chatterbot Zulu submitting transactions
ChatterBot Oscar round 6
ChatterBot Mike round 6
ChatterBot Foxtrot round 6
ChatterBot X-ray round 6
ChatterBot Alpha round 6
ChatterBot Uniform round 6
ChatterBot Sierra round 6
ChatterBot India round 6
ChatterBot November round 6
ChatterBot Zulu round 6
2024-10-14 20:52:08.872933 Uniform: We should drop Alpha and November
2024-10-14 20:52:08.878321 Foxtrot: Yes
2024-10-14 20:52:08.878467 Mike: No
2024-10-14 20:52:08.878577 Sierra: No
ChatterBot Uniform reevaluating
ChatterBot Uniform reevaluating
2024-10-14 20:52:08.898800 Foxtrot: Mike, sending you 6
2024-10-14 20:52:08.901673 Foxtrot: Uniform and Sierra, sending you 7
2024-10-14 20:52:08.902694 X-ray: Oscar, India, November and Zulu, sending you 1
2024-10-14 20:52:08.903320 Mike: Same as last round
2024-10-14 20:52:08.904281 Oscar: X-ray and India, sending you 3
2024-10-14 20:52:08.907647 Oscar: November and Zulu, sending you 4
2024-10-14 20:52:08.910075 Zulu: Oscar, India and November, sending you 4
2024-10-14 20:52:08.914028 Zulu: X-ray and Alpha, sending you 3
2024-10-14 20:52:08.914674 Alpha: Mike, sending you 4
2024-10-14 20:52:08.915029 Uniform: Mike, Alpha, Sierra and November, sending you 2
2024-10-14 20:52:08.915358 November: Oscar, India and Zulu, sending you 4
2024-10-14 20:52:08.916678 Sierra: Mike, Alpha and Uniform, sending you 4
2024-10-14 20:52:08.917821 Uniform: Foxtrot, sending you 3
2024-10-14 20:52:08.918644 India: Oscar, X-ray and Zulu, sending you 2
2024-10-14 20:52:08.919694 Alpha: Uniform, sending you 3
2024-10-14 20:52:08.920220 November: X-ray, sending you 2
2024-10-14 20:52:08.920729 Sierra: Foxtrot, sending you 5
2024-10-14 20:52:08.923654 India: November, sending you 3
2024-10-14 20:52:08.924035 Alpha: Sierra, sending you 6
chatterbot Mike submitting transactions
chatterbot November submitting transactions
chatterbot Alpha submitting transactions
chatterbot Sierra submitting transactions
chatterbot X-ray submitting transactions
chatterbot India submitting transactions
chatterbot Foxtrot submitting transactions
chatterbot Oscar submitting transactions
chatterbot Zulu submitting transactions
chatterbot Uniform submitting transactions
ChatterBot Oscar round 7
ChatterBot Mike round 7
ChatterBot Foxtrot round 7
ChatterBot X-ray round 7
ChatterBot Alpha round 7
ChatterBot Uniform round 7
ChatterBot Sierra round 7
ChatterBot India round 7
ChatterBot November round 7
ChatterBot Zulu round 7
2024-10-14 20:52:09.907705 Oscar: X-ray and India, sending you 3
2024-10-14 20:52:09.908468 Alpha: Mike, sending you 4
2024-10-14 20:52:09.909308 Zulu: We should drop Alpha
ChatterBot November reevaluating
2024-10-14 20:52:09.926441 Oscar: Yes
2024-10-14 20:52:09.926583 India: Yes
2024-10-14 20:52:09.926718 X-ray: No
2024-10-14 20:52:09.926835 November: Yes
ChatterBot November reevaluating
ChatterBot November reevaluating
ChatterBot November reevaluating
2024-10-14 20:52:09.965355 Foxtrot: Mike, sending you 6
2024-10-14 20:52:09.965805 Oscar: November and Zulu, sending you 4
2024-10-14 20:52:09.966426 Alpha: Uniform, sending you 3
2024-10-14 20:52:09.967675 Uniform: Mike, Alpha, Sierra and November, sending you 2
2024-10-14 20:52:09.969672 Foxtrot: Uniform and Sierra, sending you 7
2024-10-14 20:52:09.970116 Mike: Same as last round
2024-10-14 20:52:09.970486 X-ray: Oscar, India, November and Zulu, sending you 1
2024-10-14 20:52:09.970947 Sierra: Mike, sending you 3
2024-10-14 20:52:09.971611 India: Oscar, X-ray and Zulu, sending you 2
2024-10-14 20:52:09.972707 Alpha: Sierra, sending you 6
2024-10-14 20:52:09.973153 Uniform: Foxtrot, sending you 3
2024-10-14 20:52:09.975666 Sierra: Foxtrot and Alpha, sending you 5
2024-10-14 20:52:09.977656 India: November, sending you 3
2024-10-14 20:52:09.978687 Sierra: Uniform, sending you 4
2024-10-14 20:52:09.984981 Zulu: Oscar and November, sending you 5
2024-10-14 20:52:09.987691 Zulu: X-ray and India, sending you 4
2024-10-14 20:52:09.992667 November: Oscar, India and Zulu, sending you 4
2024-10-14 20:52:09.996665 November: X-ray, sending you 2
chatterbot November submitting transactions
chatterbot Oscar submitting transactions
chatterbot Alpha submitting transactions
chatterbot Foxtrot submitting transactions
chatterbot Zulu submitting transactions
chatterbot Sierra submitting transactions
chatterbot Mike submitting transactions
chatterbot X-ray submitting transactions
chatterbot Uniform submitting transactions
chatterbot India submitting transactions
ChatterBot Oscar round 8
ChatterBot Mike round 8
ChatterBot Foxtrot round 8
ChatterBot X-ray round 8
ChatterBot Alpha round 8
ChatterBot Uniform round 8
ChatterBot Sierra round 8
ChatterBot India round 8
ChatterBot November round 8
ChatterBot Zulu round 8
2024-10-14 20:52:11.167501 X-ray: We should drop Alpha
2024-10-14 20:52:11.178139 Oscar: Yes
2024-10-14 20:52:11.178319 India: Yes
2024-10-14 20:52:11.178470 Zulu: Yes
2024-10-14 20:52:11.178602 November: Yes
ChatterBot X-ray reevaluating
2024-10-14 20:52:11.219694 Mike: Same as last round
2024-10-14 20:52:11.220234 Uniform: Mike, Alpha, Sierra and November, sending you 2
2024-10-14 20:52:11.220665 Oscar: X-ray and India, sending you 3
2024-10-14 20:52:11.221143 Foxtrot: Mike, sending you 6
2024-10-14 20:52:11.222050 India: Oscar, X-ray and Zulu, sending you 2
2024-10-14 20:52:11.223659 Oscar: November and Zulu, sending you 4
2024-10-14 20:52:11.224670 Uniform: Foxtrot, sending you 3
2024-10-14 20:52:11.225655 Foxtrot: Uniform and Sierra, sending you 7
2024-10-14 20:52:11.226692 India: November, sending you 3
2024-10-14 20:52:11.227340 Alpha: Mike and Uniform, sending you 4
2024-10-14 20:52:11.229682 Sierra: Mike, sending you 4
2024-10-14 20:52:11.230654 Alpha: Sierra, sending you 5
2024-10-14 20:52:11.233677 Sierra: Foxtrot and Alpha, sending you 5
2024-10-14 20:52:11.234672 November: Oscar, India and Zulu, sending you 4
2024-10-14 20:52:11.238655 Sierra: Uniform, sending you 3
2024-10-14 20:52:11.239668 November: X-ray, sending you 2
2024-10-14 20:52:11.240328 Zulu: Oscar and November, sending you 4
2024-10-14 20:52:11.240979 X-ray: Oscar, India, November and Zulu, sending you 1
2024-10-14 20:52:11.245692 Zulu: X-ray and India, sending you 3
chatterbot Oscar submitting transactions
chatterbot Zulu submitting transactions
chatterbot Uniform submitting transactions
chatterbot Foxtrot submitting transactions
chatterbot X-ray submitting transactions
chatterbot Alpha submitting transactions
chatterbot Mike submitting transactions
chatterbot Sierra submitting transactions
chatterbot India submitting transactions
chatterbot November submitting transactions
ChatterBot Oscar round 9
ChatterBot Mike round 9
ChatterBot Foxtrot round 9
ChatterBot X-ray round 9
ChatterBot Alpha round 9
ChatterBot Uniform round 9
ChatterBot Sierra round 9
ChatterBot India round 9
ChatterBot November round 9
ChatterBot Zulu round 9
2024-10-14 20:52:12.363882 X-ray: We should replace Alpha with Uniform
ChatterBot November reevaluating
2024-10-14 20:52:12.377019 Oscar: No
2024-10-14 20:52:12.377659 India: No
2024-10-14 20:52:12.378094 Zulu: No
2024-10-14 20:52:12.378377 November: Yes
ChatterBot November reevaluating
ChatterBot X-ray reevaluating
ChatterBot November reevaluating
ChatterBot X-ray reevaluating
ChatterBot November reevaluating
ChatterBot X-ray reevaluating
2024-10-14 20:52:12.435709 November: We should add Uniform
ChatterBot X-ray reevaluating
2024-10-14 20:52:12.453177 Oscar: No
2024-10-14 20:52:12.453651 India: No
2024-10-14 20:52:12.453893 X-ray: Yes
2024-10-14 20:52:12.454250 Zulu: No
ChatterBot X-ray reevaluating
ChatterBot November reevaluating
ChatterBot X-ray reevaluating
ChatterBot November reevaluating
ChatterBot November reevaluating
ChatterBot X-ray reevaluating
ChatterBot November reevaluating
2024-10-14 20:52:12.544407 Alpha: We should add November
2024-10-14 20:52:12.563823 Mike: No
2024-10-14 20:52:12.564069 Foxtrot: No
2024-10-14 20:52:12.564328 Uniform: Yes
2024-10-14 20:52:12.564496 Sierra: No
ChatterBot Foxtrot reevaluating
ChatterBot Alpha reevaluating
ChatterBot Alpha reevaluating
ChatterBot Foxtrot reevaluating
ChatterBot Alpha reevaluating
ChatterBot Foxtrot reevaluating
ChatterBot Alpha reevaluating
2024-10-14 20:52:12.673169 X-ray: We should replace Alpha with Mike
ChatterBot November reevaluating
2024-10-14 20:52:12.691282 Oscar: No
2024-10-14 20:52:12.691504 India: No
2024-10-14 20:52:12.691725 Zulu: No
2024-10-14 20:52:12.691902 November: No
ChatterBot X-ray reevaluating
ChatterBot November reevaluating
ChatterBot X-ray reevaluating
ChatterBot November reevaluating
ChatterBot X-ray reevaluating
ChatterBot November reevaluating
ChatterBot X-ray reevaluating
2024-10-14 20:52:12.760970 November: We should add Mike
ChatterBot X-ray reevaluating
2024-10-14 20:52:12.778135 Oscar: No
2024-10-14 20:52:12.778348 India: No
2024-10-14 20:52:12.778531 X-ray: Yes
2024-10-14 20:52:12.778726 Zulu: No
ChatterBot X-ray reevaluating
ChatterBot November reevaluating
ChatterBot X-ray reevaluating
ChatterBot November reevaluating
ChatterBot November reevaluating
ChatterBot X-ray reevaluating
ChatterBot November reevaluating
2024-10-14 20:52:12.849706 November: We should add Sierra
ChatterBot X-ray reevaluating
2024-10-14 20:52:12.860054 Oscar: No
2024-10-14 20:52:12.860215 India: No
2024-10-14 20:52:12.860320 X-ray: Yes
2024-10-14 20:52:12.860419 Zulu: No
ChatterBot X-ray reevaluating
ChatterBot November reevaluating
ChatterBot X-ray reevaluating
ChatterBot November reevaluating
ChatterBot November reevaluating
ChatterBot X-ray reevaluating
ChatterBot November reevaluating
2024-10-14 20:52:12.910833 Oscar: X-ray and India, sending you 3
2024-10-14 20:52:12.913800 Foxtrot: Alpha we want you to join our group
ChatterBot Alpha reevaluating
2024-10-14 20:52:12.917866 Alpha: No
ChatterBot Foxtrot reevaluating
2024-10-14 20:52:12.927824 Oscar: November and Zulu, sending you 4
2024-10-14 20:52:12.928436 X-ray: Uniform we want you to join our group
ChatterBot Uniform reevaluating
2024-10-14 20:52:12.931947 Uniform: No
ChatterBot X-ray reevaluating
2024-10-14 20:52:12.945971 Uniform: We should replace November with Oscar
ChatterBot Foxtrot reevaluating
ChatterBot Alpha reevaluating
2024-10-14 20:52:12.957454 Mike: No
2024-10-14 20:52:12.957603 Foxtrot: No
2024-10-14 20:52:12.958187 Alpha: No
2024-10-14 20:52:12.958333 Sierra: No
ChatterBot Foxtrot reevaluating
ChatterBot Alpha reevaluating
ChatterBot Uniform reevaluating
ChatterBot Alpha reevaluating
ChatterBot Uniform reevaluating
ChatterBot Foxtrot reevaluating
ChatterBot Uniform reevaluating
ChatterBot Foxtrot reevaluating
ChatterBot Alpha reevaluating
ChatterBot Uniform reevaluating
2024-10-14 20:52:13.006139 Uniform: We should replace November with X-ray
ChatterBot Foxtrot reevaluating
ChatterBot Alpha reevaluating
2024-10-14 20:52:13.016460 Mike: No
2024-10-14 20:52:13.016685 Foxtrot: No
2024-10-14 20:52:13.016931 Alpha: No
2024-10-14 20:52:13.017086 Sierra: No
ChatterBot Foxtrot reevaluating
ChatterBot Alpha reevaluating
ChatterBot Uniform reevaluating
ChatterBot Alpha reevaluating
ChatterBot Uniform reevaluating
ChatterBot Foxtrot reevaluating
ChatterBot Uniform reevaluating
ChatterBot Foxtrot reevaluating
ChatterBot Alpha reevaluating
ChatterBot Uniform reevaluating
2024-10-14 20:52:13.069512 Zulu: Oscar and November, sending you 5
2024-10-14 20:52:13.070096 India: Oscar, X-ray and Zulu, sending you 2
2024-10-14 20:52:13.070677 Mike: Foxtrot, Alpha and Sierra, sending you 2
2024-10-14 20:52:13.071754 Sierra: Sending you each 4
2024-10-14 20:52:13.073057 Zulu: X-ray and India, sending you 4
2024-10-14 20:52:13.074713 Mike: Uniform, sending you 1
2024-10-14 20:52:13.075708 India: November, sending you 3
2024-10-14 20:52:13.076767 November: Oscar, India and Zulu, sending you 4
2024-10-14 20:52:13.077691 X-ray: Oscar, India, November and Zulu, sending you 1
2024-10-14 20:52:13.079835 Uniform: Oscar we want you to join our group
2024-10-14 20:52:13.084357 Oscar: No
ChatterBot Uniform reevaluating
ChatterBot Alpha reevaluating
2024-10-14 20:52:13.103292 November: X-ray, sending you 2
chatterbot Zulu submitting transactions
2024-10-14 20:52:13.107018 Uniform: X-ray we want you to join our group
ChatterBot X-ray reevaluating
2024-10-14 20:52:13.112067 X-ray: No
ChatterBot Uniform reevaluating
ChatterBot Alpha reevaluating
2024-10-14 20:52:13.127353 X-ray: We should replace Alpha with Sierra
2024-10-14 20:52:13.127586 Uniform: We should replace November with India
ChatterBot Foxtrot reevaluating
ChatterBot Alpha reevaluating
2024-10-14 20:52:13.146412 Oscar: No
2024-10-14 20:52:13.146566 India: No
2024-10-14 20:52:13.146697 Zulu: No
2024-10-14 20:52:13.146859 November: No
2024-10-14 20:52:13.146975 Mike: No
2024-10-14 20:52:13.147095 Foxtrot: No
2024-10-14 20:52:13.147201 Alpha: No
2024-10-14 20:52:13.147311 Sierra: No
ChatterBot X-ray reevaluating
ChatterBot Foxtrot reevaluating
ChatterBot Alpha reevaluating
ChatterBot Uniform reevaluating
ChatterBot X-ray reevaluating
ChatterBot Alpha reevaluating
ChatterBot Uniform reevaluating
ChatterBot X-ray reevaluating
ChatterBot Foxtrot reevaluating
ChatterBot Uniform reevaluating
ChatterBot X-ray reevaluating
ChatterBot Foxtrot reevaluating
ChatterBot Alpha reevaluating
ChatterBot Uniform reevaluating
chatterbot Foxtrot submitting transactions
2024-10-14 20:52:13.234856 Uniform: India we want you to join our group
2024-10-14 20:52:13.238816 India: No
ChatterBot Uniform reevaluating
ChatterBot Foxtrot reevaluating
ChatterBot Alpha reevaluating
2024-10-14 20:52:13.263844 Alpha: We should drop Foxtrot
ChatterBot Uniform reevaluating
2024-10-14 20:52:13.273170 Mike: No
2024-10-14 20:52:13.273364 Uniform: No
2024-10-14 20:52:13.273503 Sierra: No
ChatterBot Uniform reevaluating
ChatterBot Alpha reevaluating
ChatterBot Alpha reevaluating
ChatterBot Uniform reevaluating
ChatterBot Alpha reevaluating
chatterbot November submitting transactions
2024-10-14 20:52:13.331678 Alpha: Mike and Uniform, sending you 4
2024-10-14 20:52:13.332701 Uniform: Mike, Foxtrot, X-ray, Alpha and Sierra, sending you 2
2024-10-14 20:52:13.335675 Alpha: Sierra, sending you 5
chatterbot Sierra submitting transactions
chatterbot Uniform submitting transactions
chatterbot Oscar submitting transactions
chatterbot Mike submitting transactions
chatterbot Alpha submitting transactions
chatterbot Uniform submitting transactions
chatterbot India submitting transactions
chatterbot Foxtrot submitting transactions
chatterbot Alpha submitting transactions
chatterbot X-ray submitting transactions
ChatterBot Oscar round 10
ChatterBot Mike round 10
ChatterBot Foxtrot round 10
ChatterBot X-ray round 10
ChatterBot Alpha round 10
ChatterBot Uniform round 10
ChatterBot Sierra round 10
ChatterBot India round 10
ChatterBot November round 10
ChatterBot Zulu round 10
2024-10-14 20:52:14.273619 Foxtrot: We should replace Uniform with Alpha
2024-10-14 20:52:14.280490 Mike: No
2024-10-14 20:52:14.280654 Sierra: No
ChatterBot Foxtrot reevaluating
ChatterBot Foxtrot reevaluating
2024-10-14 20:52:14.302443 Uniform: We should replace X-ray with India
ChatterBot Foxtrot reevaluating
2024-10-14 20:52:14.311893 Mike: No
2024-10-14 20:52:14.312023 Foxtrot: No
2024-10-14 20:52:14.312123 Alpha: No
2024-10-14 20:52:14.312235 Sierra: No
ChatterBot Foxtrot reevaluating
ChatterBot Foxtrot reevaluating
ChatterBot Uniform reevaluating
ChatterBot Foxtrot reevaluating
ChatterBot Uniform reevaluating
2024-10-14 20:52:14.372665 Foxtrot: Alpha we want you to join our group
2024-10-14 20:52:14.375549 Alpha: Yes
ChatterBot Foxtrot reevaluating
2024-10-14 20:52:14.383722 Alpha: Mike and Uniform, sending you 4
2024-10-14 20:52:14.386992 Sierra: Same as last round
2024-10-14 20:52:14.387599 Alpha: Sierra, sending you 5
2024-10-14 20:52:14.388167 Mike: Sending you each 2
2024-10-14 20:52:14.388819 India: Oscar, X-ray and Zulu, sending you 2
2024-10-14 20:52:14.389573 November: Oscar, India and Zulu, sending you 4
2024-10-14 20:52:14.390554 X-ray: Oscar, India, November and Zulu, sending you 1
2024-10-14 20:52:14.391150 Oscar: X-ray and India, sending you 3
2024-10-14 20:52:14.392667 November: X-ray, sending you 2
2024-10-14 20:52:14.393696 India: November, sending you 3
2024-10-14 20:52:14.394669 Zulu: I was attacked by Mike, Uniform and Sierra
ChatterBot Oscar reevaluating
ChatterBot India reevaluating
ChatterBot X-ray reevaluating
ChatterBot November reevaluating
2024-10-14 20:52:14.407521 Zulu: I'm keeping this round to protect myself
2024-10-14 20:52:14.408944 Zulu: Ow
2024-10-14 20:52:14.412683 Uniform: Mike, Foxtrot, X-ray and Alpha, sending you 2
2024-10-14 20:52:14.416667 Uniform: Sierra, sending you 3
2024-10-14 20:52:14.432674 Foxtrot: Mike, sending you 7
2024-10-14 20:52:14.437232 Foxtrot: Alpha, sending you 4
2024-10-14 20:52:14.441776 Foxtrot: Sierra, sending you 9
chatterbot Sierra submitting transactions
chatterbot November submitting transactions
chatterbot India submitting transactions
chatterbot Mike submitting transactions
chatterbot Alpha submitting transactions
chatterbot Foxtrot submitting transactions
chatterbot X-ray submitting transactions
chatterbot Oscar submitting transactions
chatterbot Zulu submitting transactions
chatterbot Uniform submitting transactions
ChatterBot Oscar round 11
ChatterBot Mike round 11
ChatterBot Foxtrot round 11
ChatterBot X-ray round 11
ChatterBot Alpha round 11
ChatterBot Uniform round 11
ChatterBot Sierra round 11
ChatterBot India round 11
ChatterBot November round 11
ChatterBot Zulu round 11
2024-10-14 20:52:15.647108 Uniform: We should replace X-ray with Oscar
2024-10-14 20:52:15.672124 Mike: No
2024-10-14 20:52:15.672763 Foxtrot: No
2024-10-14 20:52:15.673605 Alpha: No
2024-10-14 20:52:15.674477 Sierra: No
ChatterBot Uniform reevaluating
ChatterBot Uniform reevaluating
ChatterBot Uniform reevaluating
ChatterBot Uniform reevaluating
