ChatterBot Alpha round 1
ChatterBot Sierra round 1
ChatterBot Charlie round 1
ChatterBot X-ray round 1
ChatterBot Whiskey round 1
ChatterBot Mike round 1
ChatterBot Lima round 1
ChatterBot Foxtrot round 1
ChatterBot Uniform round 1
ChatterBot Victor round 1
randomSelections Alpha: {Alpha, Foxtrot, X-ray, Sierra, Charlie, Whiskey} 
2024-10-14 20:51:59.368756 Alpha: Let's form a team
ChatterBot Foxtrot reevaluating
ChatterBot X-ray reevaluating
ChatterBot Sierra reevaluating
ChatterBot Charlie reevaluating
ChatterBot Whiskey reevaluating
2024-10-14 20:51:59.390454 Foxtrot: Yes
2024-10-14 20:51:59.390674 X-ray: Yes
2024-10-14 20:51:59.392060 Sierra: Yes
2024-10-14 20:51:59.392235 Charlie: Yes
2024-10-14 20:51:59.392385 Whiskey: Yes
ChatterBot X-ray reevaluating
ChatterBot Sierra reevaluating
ChatterBot Charlie reevaluating
ChatterBot Whiskey reevaluating
ChatterBot Foxtrot reevaluating
ChatterBot Sierra reevaluating
ChatterBot Charlie reevaluating
ChatterBot Whiskey reevaluating
ChatterBot Foxtrot reevaluating
ChatterBot X-ray reevaluating
ChatterBot Charlie reevaluating
ChatterBot Whiskey reevaluating
ChatterBot Foxtrot reevaluating
ChatterBot X-ray reevaluating
ChatterBot Sierra reevaluating
ChatterBot Whiskey reevaluating
ChatterBot Foxtrot reevaluating
ChatterBot X-ray reevaluating
ChatterBot Sierra reevaluating
ChatterBot Charlie reevaluating
randomSelections Lima: {Lima, Whiskey, Uniform, X-ray, Mike, Sierra, Alpha} 
2024-10-14 20:51:59.454633 Lima: Can we be friends?
ChatterBot Whiskey reevaluating
ChatterBot Uniform reevaluating
ChatterBot X-ray reevaluating
ChatterBot Mike reevaluating
ChatterBot Sierra reevaluating
2024-10-14 20:51:59.471511 Whiskey: No
2024-10-14 20:51:59.471718 Uniform: Yes
2024-10-14 20:51:59.471876 X-ray: No
2024-10-14 20:51:59.472059 Mike: Yes
2024-10-14 20:51:59.472201 Sierra: No
2024-10-14 20:51:59.472984 Alpha: No
ChatterBot Uniform reevaluating
ChatterBot X-ray reevaluating
ChatterBot Mike reevaluating
ChatterBot Sierra reevaluating
ChatterBot Whiskey reevaluating
ChatterBot X-ray reevaluating
ChatterBot Mike reevaluating
ChatterBot Sierra reevaluating
ChatterBot Whiskey reevaluating
ChatterBot Uniform reevaluating
ChatterBot Mike reevaluating
ChatterBot Sierra reevaluating
ChatterBot Whiskey reevaluating
ChatterBot Uniform reevaluating
ChatterBot X-ray reevaluating
ChatterBot Sierra reevaluating
ChatterBot Whiskey reevaluating
ChatterBot Uniform reevaluating
ChatterBot X-ray reevaluating
ChatterBot Mike reevaluating
ChatterBot Whiskey reevaluating
ChatterBot Uniform reevaluating
ChatterBot X-ray reevaluating
ChatterBot Mike reevaluating
ChatterBot Sierra reevaluating
randomSelections Victor: {Victor, Alpha, Sierra, Foxtrot, Whiskey, Uniform} 
2024-10-14 20:51:59.657302 Victor: We would work well together
ChatterBot Sierra reevaluating
ChatterBot Foxtrot reevaluating
ChatterBot Whiskey reevaluating
ChatterBot Uniform reevaluating
2024-10-14 20:51:59.667603 Alpha: No
2024-10-14 20:51:59.668039 Sierra: No
2024-10-14 20:51:59.669042 Foxtrot: No
2024-10-14 20:51:59.669319 Whiskey: No
2024-10-14 20:51:59.669502 Uniform: No
ChatterBot Sierra reevaluating
ChatterBot Foxtrot reevaluating
ChatterBot Whiskey reevaluating
ChatterBot Uniform reevaluating
ChatterBot Foxtrot reevaluating
ChatterBot Whiskey reevaluating
ChatterBot Uniform reevaluating
ChatterBot Sierra reevaluating
ChatterBot Whiskey reevaluating
ChatterBot Uniform reevaluating
ChatterBot Sierra reevaluating
ChatterBot Foxtrot reevaluating
ChatterBot Uniform reevaluating
ChatterBot Sierra reevaluating
ChatterBot Foxtrot reevaluating
ChatterBot Whiskey reevaluating
2024-10-14 20:51:59.741440 Charlie: Alpha and Foxtrot, sending you 2
2024-10-14 20:51:59.744118 X-ray: Alpha and Charlie, sending you 4
2024-10-14 20:51:59.746075 Alpha: Charlie, sending you 2
2024-10-14 20:51:59.751176 Charlie: Sierra, sending you 4
2024-10-14 20:51:59.752356 Victor: Alpha, Whiskey and Uniform, sending you 3
2024-10-14 20:51:59.755970 Lima: Alpha, Mike and Uniform, sending you 3
2024-10-14 20:51:59.758448 X-ray: Sierra, sending you 2
2024-10-14 20:51:59.760608 Mike: Alpha, Whiskey and Lima, sending you 4
2024-10-14 20:51:59.765450 Foxtrot: X-ray, sending you 5
2024-10-14 20:51:59.769169 Uniform: Alpha, Sierra and Lima, sending you 2
2024-10-14 20:51:59.772222 Alpha: Whiskey and Foxtrot, sending you 1
2024-10-14 20:51:59.775021 Victor: Sierra, sending you 5
2024-10-14 20:51:59.776832 Whiskey: Alpha, sending you 4
2024-10-14 20:51:59.779589 Lima: Sierra, sending you 1
2024-10-14 20:51:59.782791 X-ray: Whiskey, sending you 3
2024-10-14 20:51:59.784137 Mike: Sierra, sending you 3
2024-10-14 20:51:59.785220 Foxtrot: Whiskey, sending you 3
2024-10-14 20:51:59.789162 Sierra: Alpha and Whiskey, sending you 4
2024-10-14 20:51:59.790696 Uniform: X-ray, sending you 1
2024-10-14 20:51:59.793664 Victor: Foxtrot, sending you 2
2024-10-14 20:51:59.796603 Whiskey: Sierra, sending you 2
2024-10-14 20:51:59.797934 Lima: X-ray, sending you 2
2024-10-14 20:51:59.799130 Mike: X-ray, sending you 1
2024-10-14 20:51:59.802492 Sierra: X-ray, sending you 3
2024-10-14 20:51:59.805148 Uniform: Whiskey, sending you 7
2024-10-14 20:51:59.806803 Whiskey: Charlie and Foxtrot, sending you 1
2024-10-14 20:51:59.809508 Mike: Uniform, sending you 2
2024-10-14 20:51:59.810757 Sierra: Foxtrot, sending you 2
2024-10-14 20:51:59.812696 Uniform: Mike, sending you 3
chatterbot Mike submitting transactions
chatterbot Alpha submitting transactions
chatterbot Whiskey submitting transactions
chatterbot Victor submitting transactions
chatterbot Foxtrot submitting transactions
chatterbot Sierra submitting transactions
chatterbot Charlie submitting transactions
chatterbot Lima submitting transactions
chatterbot X-ray submitting transactions
chatterbot Uniform submitting transactions
ChatterBot Alpha round 2
ChatterBot Sierra round 2
ChatterBot Charlie round 2
ChatterBot X-ray round 2
ChatterBot Whiskey round 2
ChatterBot Mike round 2
ChatterBot Lima round 2
2024-10-14 20:52:01.046336 X-ray: We would work well together
ChatterBot Sierra reevaluating
ChatterBot Whiskey reevaluating
ChatterBot Foxtrot reevaluating
ChatterBot Victor reevaluating
ChatterBot Mike reevaluating
ChatterBot Lima reevaluating
ChatterBot Uniform reevaluating
2024-10-14 20:52:01.128314 Sierra: No
2024-10-14 20:52:01.128505 Whiskey: No
2024-10-14 20:52:01.128667 Foxtrot: No
2024-10-14 20:52:01.128819 Victor: No
2024-10-14 20:52:01.129327 Mike: No
2024-10-14 20:52:01.129486 Lima: No
2024-10-14 20:52:01.129661 Uniform: No
ChatterBot Whiskey reevaluating
ChatterBot Foxtrot reevaluating
ChatterBot Victor reevaluating
ChatterBot Mike reevaluating
ChatterBot Lima reevaluating
ChatterBot Uniform reevaluating
ChatterBot Sierra reevaluating
ChatterBot Foxtrot reevaluating
ChatterBot Victor reevaluating
ChatterBot Mike reevaluating
ChatterBot Lima reevaluating
ChatterBot Uniform reevaluating
ChatterBot Sierra reevaluating
ChatterBot Whiskey reevaluating
ChatterBot Victor reevaluating
ChatterBot Mike reevaluating
ChatterBot Lima reevaluating
ChatterBot Uniform reevaluating
ChatterBot Sierra reevaluating
ChatterBot Whiskey reevaluating
ChatterBot Foxtrot reevaluating
ChatterBot Mike reevaluating
ChatterBot Lima reevaluating
ChatterBot Uniform reevaluating
ChatterBot Sierra reevaluating
ChatterBot Whiskey reevaluating
ChatterBot Foxtrot reevaluating
ChatterBot Victor reevaluating
ChatterBot Lima reevaluating
ChatterBot Uniform reevaluating
ChatterBot Sierra reevaluating
ChatterBot Whiskey reevaluating
ChatterBot Foxtrot reevaluating
ChatterBot Victor reevaluating
ChatterBot Mike reevaluating
ChatterBot Uniform reevaluating
ChatterBot Sierra reevaluating
ChatterBot Whiskey reevaluating
ChatterBot Foxtrot reevaluating
ChatterBot Victor reevaluating
ChatterBot Mike reevaluating
ChatterBot Lima reevaluating
2024-10-14 20:52:01.727255 Whiskey: We should add Victor
ChatterBot Alpha reevaluating
ChatterBot Foxtrot reevaluating
ChatterBot Sierra reevaluating
ChatterBot Charlie reevaluating
2024-10-14 20:52:01.772484 Alpha: Yes
2024-10-14 20:52:01.772829 Foxtrot: Yes
2024-10-14 20:52:01.773491 X-ray: Yes
2024-10-14 20:52:01.773708 Sierra: Yes
2024-10-14 20:52:01.774019 Charlie: Yes
ChatterBot Foxtrot reevaluating
ChatterBot Sierra reevaluating
ChatterBot Charlie reevaluating
ChatterBot Whiskey reevaluating
ChatterBot Alpha reevaluating
ChatterBot Sierra reevaluating
ChatterBot Charlie reevaluating
ChatterBot Whiskey reevaluating
ChatterBot Alpha reevaluating
ChatterBot Foxtrot reevaluating
ChatterBot Sierra reevaluating
ChatterBot Charlie reevaluating
ChatterBot Whiskey reevaluating
ChatterBot Alpha reevaluating
ChatterBot Foxtrot reevaluating
ChatterBot Charlie reevaluating
ChatterBot Whiskey reevaluating
ChatterBot Alpha reevaluating
ChatterBot Foxtrot reevaluating
ChatterBot Sierra reevaluating
ChatterBot Whiskey reevaluating
ChatterBot Foxtrot round 2
ChatterBot Uniform round 2
ChatterBot Victor round 2
2024-10-14 20:52:02.036656 Foxtrot: We should add Victor
ChatterBot Alpha reevaluating
ChatterBot Sierra reevaluating
2024-10-14 20:52:02.064119 Alpha: Yes
2024-10-14 20:52:02.064343 X-ray: Yes
2024-10-14 20:52:02.065145 Sierra: Yes
2024-10-14 20:52:02.065323 Charlie: Yes
2024-10-14 20:52:02.065519 Whiskey: Yes
ChatterBot Sierra reevaluating
ChatterBot Alpha reevaluating
ChatterBot Sierra reevaluating
ChatterBot Alpha reevaluating
ChatterBot Whiskey reevaluating
ChatterBot Alpha reevaluating
ChatterBot Sierra reevaluating
ChatterBot Whiskey reevaluating
ChatterBot Alpha reevaluating
ChatterBot Sierra reevaluating
2024-10-14 20:52:02.224435 Victor: We would work well together
ChatterBot Sierra reevaluating
ChatterBot Whiskey reevaluating
2024-10-14 20:52:02.247811 Sierra: Yes
2024-10-14 20:52:02.247993 X-ray: Yes
2024-10-14 20:52:02.248139 Whiskey: Yes
2024-10-14 20:52:02.248286 Foxtrot: Yes
ChatterBot Whiskey reevaluating
ChatterBot Sierra reevaluating
ChatterBot Whiskey reevaluating
ChatterBot Sierra reevaluating
ChatterBot X-ray reevaluating
ChatterBot Sierra reevaluating
ChatterBot X-ray reevaluating
ChatterBot Whiskey reevaluating
2024-10-14 20:52:02.342286 Whiskey: Group up?
ChatterBot Sierra reevaluating
ChatterBot X-ray reevaluating
2024-10-14 20:52:02.365517 Victor: Yes
2024-10-14 20:52:02.366406 Sierra: Yes
2024-10-14 20:52:02.366556 X-ray: Yes
2024-10-14 20:52:02.366710 Foxtrot: Yes
ChatterBot Sierra reevaluating
ChatterBot X-ray reevaluating
ChatterBot Whiskey reevaluating
ChatterBot X-ray reevaluating
ChatterBot Whiskey reevaluating
ChatterBot Sierra reevaluating
ChatterBot Whiskey reevaluating
ChatterBot Sierra reevaluating
ChatterBot X-ray reevaluating
ChatterBot Whiskey reevaluating
2024-10-14 20:52:02.464694 Whiskey: We should replace Charlie with Victor
ChatterBot Sierra reevaluating
ChatterBot X-ray reevaluating
ChatterBot Alpha reevaluating
2024-10-14 20:52:02.488165 Sierra: No
2024-10-14 20:52:02.488360 X-ray: Yes
2024-10-14 20:52:02.488552 Foxtrot: No
2024-10-14 20:52:02.488722 Alpha: No
ChatterBot Whiskey reevaluating
ChatterBot X-ray reevaluating
ChatterBot Alpha reevaluating
ChatterBot Whiskey reevaluating
ChatterBot Sierra reevaluating
ChatterBot Alpha reevaluating
ChatterBot Whiskey reevaluating
ChatterBot Sierra reevaluating
ChatterBot X-ray reevaluating
ChatterBot Alpha reevaluating
ChatterBot Whiskey reevaluating
ChatterBot Sierra reevaluating
ChatterBot X-ray reevaluating
2024-10-14 20:52:02.588435 Charlie: Victor we want you to join our group
2024-10-14 20:52:02.594164 Victor: No
ChatterBot X-ray reevaluating
ChatterBot Whiskey reevaluating
2024-10-14 20:52:02.628192 Foxtrot: Victor we want you to join our group
2024-10-14 20:52:02.634168 Victor: No
ChatterBot X-ray reevaluating
ChatterBot Whiskey reevaluating
chatterbot Victor submitting transactions
chatterbot X-ray submitting transactions
2024-10-14 20:52:02.749465 Sierra: Victor we want you to join our group
2024-10-14 20:52:02.757725 Victor: No
ChatterBot Whiskey reevaluating
2024-10-14 20:52:02.792628 Alpha: Victor we want you to join our group
2024-10-14 20:52:02.798564 Victor: No
ChatterBot Whiskey reevaluating
2024-10-14 20:52:02.832769 Whiskey: We should replace Alpha with Victor
2024-10-14 20:52:02.854794 Sierra: No
2024-10-14 20:52:02.855051 X-ray: Yes
2024-10-14 20:52:02.855546 Foxtrot: No
2024-10-14 20:52:02.855788 Charlie: No
ChatterBot Whiskey reevaluating
ChatterBot Whiskey reevaluating
ChatterBot Whiskey reevaluating
ChatterBot X-ray reevaluating
ChatterBot Whiskey reevaluating
ChatterBot X-ray reevaluating
2024-10-14 20:52:02.950650 Lima: Mike, sending you 7
chatterbot Lima submitting transactions
chatterbot Victor submitting transactions
chatterbot Mike submitting transactions
2024-10-14 20:52:03.027783 Mike: X-ray, sending you 5
2024-10-14 20:52:03.028339 Lima: Uniform, sending you 5
2024-10-14 20:52:03.029227 Uniform: Mike, sending you 5
2024-10-14 20:52:03.029624 Victor: Sending you each 4
chatterbot Charlie submitting transactions
chatterbot Uniform submitting transactions
2024-10-14 20:52:03.062550 Mike: Lima, sending you 7
2024-10-14 20:52:03.062924 Uniform: Lima and Victor, sending you 6
2024-10-14 20:52:03.063206 Charlie: Alpha and X-ray, sending you 2
2024-10-14 20:52:03.064059 Sierra: Alpha, Charlie, X-ray, Whiskey and Foxtrot, sending you 2
2024-10-14 20:52:03.064454 Alpha: Sierra, X-ray, Whiskey and Victor, sending you 1
2024-10-14 20:52:03.064843 Foxtrot: Alpha, Charlie, X-ray and Whiskey, sending you 1
2024-10-14 20:52:03.076876 Charlie: Sierra, Whiskey, Foxtrot and Victor, sending you 1
chatterbot Alpha submitting transactions
2024-10-14 20:52:03.078276 Mike: Uniform, sending you 6
2024-10-14 20:52:03.078587 Sierra: Victor, sending you 3
2024-10-14 20:52:03.078919 Whiskey: Sending you each 2
2024-10-14 20:52:03.079958 Foxtrot: Sierra and Victor, sending you 2
2024-10-14 20:52:03.080461 X-ray: Sierra, sending you 4
2024-10-14 20:52:03.099848 X-ray: Whiskey and Victor, sending you 2
2024-10-14 20:52:03.131287 X-ray: Foxtrot, sending you 5
chatterbot Uniform submitting transactions
chatterbot Sierra submitting transactions
chatterbot X-ray submitting transactions
chatterbot Foxtrot submitting transactions
chatterbot Whiskey submitting transactions
ChatterBot Alpha round 3
ChatterBot Sierra round 3
ChatterBot Charlie round 3
ChatterBot X-ray round 3
ChatterBot Whiskey round 3
ChatterBot Mike round 3
ChatterBot Lima round 3
2024-10-14 20:52:03.941932 X-ray: We should add Charlie
ChatterBot Victor reevaluating
ChatterBot Sierra reevaluating
ChatterBot Whiskey reevaluating
2024-10-14 20:52:03.966110 Victor: No
2024-10-14 20:52:03.966348 Sierra: Yes
2024-10-14 20:52:03.966585 Whiskey: Yes
2024-10-14 20:52:03.967226 Foxtrot: Yes
ChatterBot Sierra reevaluating
ChatterBot Whiskey reevaluating
ChatterBot Victor reevaluating
ChatterBot Whiskey reevaluating
ChatterBot Victor reevaluating
ChatterBot Sierra reevaluating
ChatterBot X-ray reevaluating
ChatterBot Victor reevaluating
ChatterBot Sierra reevaluating
ChatterBot X-ray reevaluating
ChatterBot Whiskey reevaluating
2024-10-14 20:52:04.060483 Victor: We should add Uniform
ChatterBot Sierra reevaluating
ChatterBot X-ray reevaluating
ChatterBot Whiskey reevaluating
2024-10-14 20:52:04.084667 Sierra: No
2024-10-14 20:52:04.084890 X-ray: No
2024-10-14 20:52:04.085064 Whiskey: No
2024-10-14 20:52:04.085205 Foxtrot: No
ChatterBot Victor reevaluating
ChatterBot X-ray reevaluating
ChatterBot Whiskey reevaluating
ChatterBot Victor reevaluating
ChatterBot Sierra reevaluating
ChatterBot Whiskey reevaluating
ChatterBot Victor reevaluating
ChatterBot Sierra reevaluating
ChatterBot X-ray reevaluating
ChatterBot Victor reevaluating
ChatterBot Sierra reevaluating
ChatterBot X-ray reevaluating
ChatterBot Whiskey reevaluating
ChatterBot Foxtrot round 3
ChatterBot Uniform round 3
ChatterBot Victor round 3
2024-10-14 20:52:04.306264 Victor: We should add Charlie
ChatterBot X-ray reevaluating
ChatterBot Foxtrot reevaluating
2024-10-14 20:52:04.330167 Sierra: Yes
2024-10-14 20:52:04.330996 X-ray: Yes
2024-10-14 20:52:04.331215 Whiskey: Yes
2024-10-14 20:52:04.331483 Foxtrot: Yes
ChatterBot Victor reevaluating
ChatterBot X-ray reevaluating
ChatterBot Foxtrot reevaluating
ChatterBot Victor reevaluating
ChatterBot Foxtrot reevaluating
ChatterBot Victor reevaluating
ChatterBot X-ray reevaluating
ChatterBot Foxtrot reevaluating
ChatterBot Victor reevaluating
ChatterBot X-ray reevaluating
2024-10-14 20:52:04.436098 Uniform: We should replace Victor with Alpha
2024-10-14 20:52:04.442832 Lima: No
2024-10-14 20:52:04.443453 Mike: No
ChatterBot Mike reevaluating
2024-10-14 20:52:04.467042 Sierra: We should drop Alpha
ChatterBot X-ray reevaluating
ChatterBot Foxtrot reevaluating
ChatterBot Victor reevaluating
2024-10-14 20:52:04.497763 Charlie: No
2024-10-14 20:52:04.498036 X-ray: Yes
2024-10-14 20:52:04.498204 Whiskey: Yes
2024-10-14 20:52:04.498887 Foxtrot: Yes
2024-10-14 20:52:04.499045 Victor: Yes
ChatterBot X-ray reevaluating
ChatterBot Foxtrot reevaluating
ChatterBot Victor reevaluating
ChatterBot Charlie reevaluating
ChatterBot Foxtrot reevaluating
ChatterBot Victor reevaluating
ChatterBot Charlie reevaluating
ChatterBot X-ray reevaluating
ChatterBot Foxtrot reevaluating
ChatterBot Victor reevaluating
ChatterBot Charlie reevaluating
ChatterBot X-ray reevaluating
ChatterBot Victor reevaluating
ChatterBot Charlie reevaluating
ChatterBot X-ray reevaluating
ChatterBot Foxtrot reevaluating
2024-10-14 20:52:04.590571 Whiskey: Charlie we want you to join our group
ChatterBot Charlie reevaluating
2024-10-14 20:52:04.594732 Charlie: Yes
ChatterBot Foxtrot reevaluating
ChatterBot Victor reevaluating
2024-10-14 20:52:04.612978 Uniform: Alpha we want you to join our group
2024-10-14 20:52:04.616229 Alpha: No
ChatterBot Mike reevaluating
2024-10-14 20:52:04.626062 Alpha: Sierra, Charlie, X-ray and Whiskey, sending you 1
chatterbot Alpha submitting transactions
2024-10-14 20:52:04.737577 Lima: Sending you each 6
2024-10-14 20:52:04.772006 Uniform: Alpha, sending you 5
2024-10-14 20:52:04.772933 Sierra: Charlie, X-ray, Whiskey and Victor, sending you 3
2024-10-14 20:52:04.773315 Foxtrot: Sierra, X-ray, Whiskey and Victor, sending you 2
2024-10-14 20:52:04.773649 X-ray: Sierra, Foxtrot and Victor, sending you 3
2024-10-14 20:52:04.774401 Whiskey: Sierra, X-ray, Foxtrot and Victor, sending you 2
2024-10-14 20:52:04.774765 Charlie: Sierra, sending you 2
2024-10-14 20:52:04.775099 Victor: Sierra, sending you 4
2024-10-14 20:52:04.776077 Uniform: Mike and Lima, sending you 6
2024-10-14 20:52:04.826244 Sierra: Foxtrot, sending you 1
2024-10-14 20:52:04.826853 X-ray: Charlie and Whiskey, sending you 2
2024-10-14 20:52:04.827823 Victor: Charlie, X-ray, Whiskey and Foxtrot, sending you 3
2024-10-14 20:52:04.828393 Charlie: X-ray, sending you 3
2024-10-14 20:52:04.829330 Mike: X-ray, sending you 5
2024-10-14 20:52:04.839884 Charlie: Whiskey, Foxtrot and Victor, sending you 1
2024-10-14 20:52:04.840355 Mike: Lima, sending you 7
2024-10-14 20:52:04.850677 Mike: Uniform, sending you 6
chatterbot Uniform submitting transactions
chatterbot Lima submitting transactions
chatterbot Charlie submitting transactions
chatterbot Whiskey submitting transactions
chatterbot Foxtrot submitting transactions
chatterbot Victor submitting transactions
chatterbot Sierra submitting transactions
chatterbot Mike submitting transactions
chatterbot X-ray submitting transactions
ChatterBot Alpha round 4
ChatterBot Sierra round 4
ChatterBot Charlie round 4
ChatterBot X-ray round 4
ChatterBot Whiskey round 4
ChatterBot Mike round 4
ChatterBot Lima round 4
ChatterBot Foxtrot round 4
ChatterBot Uniform round 4
ChatterBot Victor round 4
2024-10-14 20:52:05.629839 Lima: Same as last round
2024-10-14 20:52:05.631674 Whiskey: Sierra, X-ray, Foxtrot and Victor, sending you 2
2024-10-14 20:52:05.634694 Sierra: Charlie, X-ray, Whiskey and Victor, sending you 3
2024-10-14 20:52:05.636677 Uniform: Alpha, sending you 5
2024-10-14 20:52:05.637689 Alpha: Sierra, Charlie, X-ray and Whiskey, sending you 1
2024-10-14 20:52:05.638092 Mike: X-ray, sending you 5
2024-10-14 20:52:05.638798 Sierra: Foxtrot, sending you 1
2024-10-14 20:52:05.639141 Victor: Sierra, sending you 4
2024-10-14 20:52:05.639679 Charlie: Sierra, X-ray and Victor, sending you 2
2024-10-14 20:52:05.640026 Foxtrot: Sierra, X-ray, Whiskey and Victor, sending you 2
2024-10-14 20:52:05.641686 Uniform: Mike and Lima, sending you 6
2024-10-14 20:52:05.641946 Mike: Lima, sending you 7
2024-10-14 20:52:05.642679 X-ray: Sierra, Foxtrot and Victor, sending you 3
2024-10-14 20:52:05.643104 Victor: Charlie, X-ray, Whiskey and Foxtrot, sending you 3
2024-10-14 20:52:05.644673 Charlie: Whiskey and Foxtrot, sending you 1
2024-10-14 20:52:05.646038 Mike: Uniform, sending you 6
2024-10-14 20:52:05.646332 X-ray: Charlie and Whiskey, sending you 2
chatterbot Mike submitting transactions
chatterbot Sierra submitting transactions
chatterbot Lima submitting transactions
chatterbot Uniform submitting transactions
chatterbot Charlie submitting transactions
chatterbot Alpha submitting transactions
chatterbot Victor submitting transactions
chatterbot Foxtrot submitting transactions
chatterbot X-ray submitting transactions
chatterbot Whiskey submitting transactions
ChatterBot Alpha round 5
ChatterBot Sierra round 5
ChatterBot Charlie round 5
ChatterBot X-ray round 5
ChatterBot Whiskey round 5
ChatterBot Mike round 5
ChatterBot Lima round 5
ChatterBot Foxtrot round 5
ChatterBot Uniform round 5
ChatterBot Victor round 5
2024-10-14 20:52:06.766377 Alpha: Can we be friends?
ChatterBot Mike reevaluating
ChatterBot Lima reevaluating
2024-10-14 20:52:06.773583 Uniform: Yes
2024-10-14 20:52:06.773740 Mike: Yes
2024-10-14 20:52:06.773855 Lima: Yes
ChatterBot Mike reevaluating
ChatterBot Lima reevaluating
ChatterBot Lima reevaluating
ChatterBot Mike reevaluating
2024-10-14 20:52:06.815435 Mike: We should replace X-ray with Alpha
ChatterBot Lima reevaluating
2024-10-14 20:52:06.819828 Lima: No
2024-10-14 20:52:06.819974 Uniform: Yes
ChatterBot Mike reevaluating
ChatterBot Lima reevaluating
ChatterBot Mike reevaluating
2024-10-14 20:52:06.831714 Charlie: Sierra, X-ray and Victor, sending you 2
2024-10-14 20:52:06.833683 Whiskey: Sierra, X-ray, Foxtrot and Victor, sending you 2
2024-10-14 20:52:06.836680 Mike: Alpha we want you to join our group
2024-10-14 20:52:06.839045 Alpha: Yes
ChatterBot Mike reevaluating
ChatterBot Lima reevaluating
2024-10-14 20:52:06.845742 Lima: We should add Alpha
ChatterBot Mike reevaluating
2024-10-14 20:52:06.850137 Mike: Yes
2024-10-14 20:52:06.850239 Uniform: Yes
ChatterBot Lima reevaluating
ChatterBot Lima reevaluating
ChatterBot Mike reevaluating
2024-10-14 20:52:06.859477 Charlie: Whiskey and Foxtrot, sending you 1
2024-10-14 20:52:06.859956 Foxtrot: Sierra and Charlie, sending you 1
2024-10-14 20:52:06.860373 Victor: Sierra, sending you 4
2024-10-14 20:52:06.860663 Alpha: Mike and Lima, sending you 1
2024-10-14 20:52:06.862683 Foxtrot: X-ray, Whiskey and Victor, sending you 2
2024-10-14 20:52:06.863688 Sierra: Charlie, X-ray, Whiskey and Victor, sending you 3
2024-10-14 20:52:06.864135 Uniform: Alpha, sending you 5
2024-10-14 20:52:06.864665 Victor: Charlie, X-ray, Whiskey and Foxtrot, sending you 3
2024-10-14 20:52:06.865064 X-ray: Sierra, Foxtrot and Victor, sending you 3
2024-10-14 20:52:06.865426 Alpha: Uniform, sending you 2
2024-10-14 20:52:06.867663 Uniform: Mike and Lima, sending you 6
2024-10-14 20:52:06.867980 X-ray: Charlie and Whiskey, sending you 2
2024-10-14 20:52:06.868719 Sierra: Foxtrot, sending you 1
2024-10-14 20:52:06.869656 Lima: Alpha we want you to join our group
2024-10-14 20:52:06.873125 Alpha: Yes
ChatterBot Lima reevaluating
2024-10-14 20:52:06.912682 Mike: Alpha, sending you 5
2024-10-14 20:52:06.917727 Mike: Lima, sending you 7
2024-10-14 20:52:06.918673 Lima: Alpha, sending you 2
2024-10-14 20:52:06.922663 Mike: Uniform, sending you 6
2024-10-14 20:52:06.923111 Lima: Mike and Uniform, sending you 5
chatterbot Uniform submitting transactions
chatterbot Sierra submitting transactions
chatterbot Whiskey submitting transactions
chatterbot Foxtrot submitting transactions
chatterbot Alpha submitting transactions
chatterbot Charlie submitting transactions
chatterbot Lima submitting transactions
chatterbot X-ray submitting transactions
chatterbot Victor submitting transactions
chatterbot Mike submitting transactions
ChatterBot Alpha round 6
ChatterBot Sierra round 6
ChatterBot Charlie round 6
ChatterBot X-ray round 6
ChatterBot Whiskey round 6
ChatterBot Mike round 6
ChatterBot Lima round 6
ChatterBot Foxtrot round 6
ChatterBot Uniform round 6
ChatterBot Victor round 6
2024-10-14 20:52:07.984651 Uniform: We should add Charlie
2024-10-14 20:52:07.993830 Mike: No
2024-10-14 20:52:07.994020 Lima: No
2024-10-14 20:52:07.994183 Alpha: No
ChatterBot Uniform reevaluating
ChatterBot Uniform reevaluating
ChatterBot Uniform reevaluating
2024-10-14 20:52:08.029714 Alpha: Mike and Lima, sending you 1
2024-10-14 20:52:08.030269 Whiskey: Sierra, X-ray, Foxtrot and Victor, sending you 2
2024-10-14 20:52:08.030820 Charlie: Sierra, X-ray and Victor, sending you 2
2024-10-14 20:52:08.031686 X-ray: Sierra, Whiskey, Foxtrot and Victor, sending you 3
2024-10-14 20:52:08.032685 Alpha: Uniform, sending you 2
2024-10-14 20:52:08.035694 Charlie: Whiskey and Foxtrot, sending you 1
2024-10-14 20:52:08.036336 X-ray: Charlie, sending you 1
2024-10-14 20:52:08.036757 Sierra: Charlie, X-ray, Whiskey and Victor, sending you 3
2024-10-14 20:52:08.040832 Sierra: Foxtrot, sending you 1
2024-10-14 20:52:08.041306 Victor: Sierra, sending you 4
2024-10-14 20:52:08.041763 Foxtrot: Sierra and Charlie, sending you 1
2024-10-14 20:52:08.042681 Lima: Alpha, sending you 2
2024-10-14 20:52:08.044694 Victor: Charlie, X-ray, Whiskey and Foxtrot, sending you 3
2024-10-14 20:52:08.046669 Foxtrot: X-ray, Whiskey and Victor, sending you 2
2024-10-14 20:52:08.047671 Lima: Mike and Uniform, sending you 5
2024-10-14 20:52:08.049067 Uniform: Alpha, sending you 5
2024-10-14 20:52:08.050659 Mike: Alpha, sending you 5
2024-10-14 20:52:08.052658 Uniform: Mike and Lima, sending you 6
2024-10-14 20:52:08.053668 Mike: Lima, sending you 7
2024-10-14 20:52:08.058656 Mike: Uniform, sending you 6
chatterbot Charlie submitting transactions
chatterbot Alpha submitting transactions
chatterbot Sierra submitting transactions
chatterbot Lima submitting transactions
chatterbot Mike submitting transactions
chatterbot X-ray submitting transactions
chatterbot Victor submitting transactions
chatterbot Foxtrot submitting transactions
chatterbot Whiskey submitting transactions
chatterbot Uniform submitting transactions
ChatterBot Alpha round 7
ChatterBot Sierra round 7
ChatterBot Charlie round 7
ChatterBot X-ray round 7
ChatterBot Whiskey round 7
ChatterBot Mike round 7
ChatterBot Lima round 7
ChatterBot Foxtrot round 7
ChatterBot Uniform round 7
ChatterBot Victor round 7
2024-10-14 20:52:09.103721 X-ray: Sierra, Whiskey, Foxtrot and Victor, sending you 3
2024-10-14 20:52:09.105381 Alpha: Mike and Lima, sending you 1
2024-10-14 20:52:09.106669 Charlie: Sierra, X-ray and Victor, sending you 2
2024-10-14 20:52:09.108105 Lima: Alpha, sending you 2
2024-10-14 20:52:09.108800 Mike: Alpha, sending you 5
2024-10-14 20:52:09.109454 Uniform: Alpha, sending you 5
2024-10-14 20:52:09.110455 Alpha: Uniform, sending you 2
2024-10-14 20:52:09.111207 X-ray: Charlie, sending you 1
2024-10-14 20:52:09.112556 Sierra: Charlie, X-ray, Whiskey and Victor, sending you 3
2024-10-14 20:52:09.113994 Whiskey: Sierra, X-ray, Foxtrot and Victor, sending you 2
2024-10-14 20:52:09.115386 Mike: Lima, sending you 7
2024-10-14 20:52:09.116033 Charlie: Whiskey and Foxtrot, sending you 1
2024-10-14 20:52:09.117207 Lima: Mike and Uniform, sending you 5
2024-10-14 20:52:09.117842 Uniform: Mike and Lima, sending you 6
2024-10-14 20:52:09.119071 Sierra: Foxtrot, sending you 1
2024-10-14 20:52:09.120108 Victor: Sierra, sending you 4
2024-10-14 20:52:09.121392 Mike: Uniform, sending you 6
2024-10-14 20:52:09.122585 Foxtrot: Sierra and Charlie, sending you 1
2024-10-14 20:52:09.124681 Victor: Charlie, X-ray, Whiskey and Foxtrot, sending you 3
2024-10-14 20:52:09.126710 Foxtrot: X-ray, Whiskey and Victor, sending you 2
chatterbot Charlie submitting transactions
chatterbot Alpha submitting transactions
chatterbot Mike submitting transactions
chatterbot Victor submitting transactions
chatterbot Lima submitting transactions
chatterbot Uniform submitting transactions
chatterbot Foxtrot submitting transactions
chatterbot Whiskey submitting transactions
chatterbot Sierra submitting transactions
chatterbot X-ray submitting transactions
ChatterBot Alpha round 8
ChatterBot Sierra round 8
ChatterBot Charlie round 8
ChatterBot X-ray round 8
ChatterBot Whiskey round 8
ChatterBot Mike round 8
ChatterBot Lima round 8
ChatterBot Foxtrot round 8
ChatterBot Uniform round 8
ChatterBot Victor round 8
2024-10-14 20:52:10.338877 Uniform: We should add Whiskey
2024-10-14 20:52:10.345252 Mike: No
2024-10-14 20:52:10.345424 Lima: No
2024-10-14 20:52:10.345554 Alpha: No
ChatterBot Uniform reevaluating
ChatterBot Uniform reevaluating
ChatterBot Uniform reevaluating
2024-10-14 20:52:10.374661 Charlie: Sierra, X-ray and Victor, sending you 2
2024-10-14 20:52:10.379770 Charlie: Whiskey and Foxtrot, sending you 1
2024-10-14 20:52:10.382948 Whiskey: Sierra, X-ray, Foxtrot and Victor, sending you 2
2024-10-14 20:52:10.383642 Alpha: Mike and Lima, sending you 1
2024-10-14 20:52:10.384075 Lima: Alpha, sending you 2
2024-10-14 20:52:10.384480 X-ray: Sierra, Whiskey, Foxtrot and Victor, sending you 3
2024-10-14 20:52:10.386687 Sierra: Charlie, X-ray, Whiskey and Victor, sending you 3
2024-10-14 20:52:10.387671 Alpha: Uniform, sending you 2
2024-10-14 20:52:10.388120 Lima: Mike and Uniform, sending you 5
2024-10-14 20:52:10.390255 X-ray: Charlie, sending you 1
2024-10-14 20:52:10.391 Mike: Alpha, sending you 5
2024-10-14 20:52:10.391679 Uniform: Alpha, sending you 5
2024-10-14 20:52:10.392673 Sierra: Foxtrot, sending you 1
2024-10-14 20:52:10.394673 Mike: Lima, sending you 7
2024-10-14 20:52:10.395678 Foxtrot: Sierra and Charlie, sending you 1
2024-10-14 20:52:10.396954 Uniform: Mike and Lima, sending you 6
2024-10-14 20:52:10.397755 Victor: Sierra, Charlie, Whiskey and Foxtrot, sending you 3
2024-10-14 20:52:10.398384 Mike: Uniform, sending you 6
2024-10-14 20:52:10.399673 Foxtrot: X-ray, Whiskey and Victor, sending you 2
2024-10-14 20:52:10.402285 Victor: X-ray, sending you 4
chatterbot Charlie submitting transactions
chatterbot Alpha submitting transactions
chatterbot Victor submitting transactions
chatterbot Lima submitting transactions
chatterbot X-ray submitting transactions
chatterbot Mike submitting transactions
chatterbot Whiskey submitting transactions
chatterbot Foxtrot submitting transactions
chatterbot Uniform submitting transactions
chatterbot Sierra submitting transactions
ChatterBot Alpha round 9
ChatterBot Sierra round 9
ChatterBot Charlie round 9
ChatterBot X-ray round 9
ChatterBot Whiskey round 9
ChatterBot Mike round 9
ChatterBot Lima round 9
ChatterBot Foxtrot round 9
ChatterBot Uniform round 9
ChatterBot Victor round 9
2024-10-14 20:52:11.618768 Sierra: Charlie, X-ray, Whiskey and Victor, sending you 3
2024-10-14 20:52:11.622173 Sierra: Foxtrot, sending you 1
2024-10-14 20:52:11.626676 Mike: Alpha, sending you 5
2024-10-14 20:52:11.630750 Mike: Lima, sending you 7
2024-10-14 20:52:11.631689 X-ray: Sierra, Whiskey, Foxtrot and Victor, sending you 3
2024-10-14 20:52:11.632738 Whiskey: Sierra, X-ray, Foxtrot and Victor, sending you 2
2024-10-14 20:52:11.634704 Charlie: Sierra, X-ray and Victor, sending you 2
2024-10-14 20:52:11.636023 Mike: Uniform, sending you 6
2024-10-14 20:52:11.636608 Uniform: Alpha, sending you 5
2024-10-14 20:52:11.637194 Lima: Alpha, sending you 2
2024-10-14 20:52:11.638051 X-ray: Charlie, sending you 1
2024-10-14 20:52:11.638890 Victor: Sierra, Charlie, Whiskey and Foxtrot, sending you 3
2024-10-14 20:52:11.639904 Foxtrot: Sierra and Charlie, sending you 1
2024-10-14 20:52:11.641684 Uniform: Mike and Lima, sending you 6
2024-10-14 20:52:11.642548 Charlie: Whiskey and Foxtrot, sending you 1
2024-10-14 20:52:11.643712 Alpha: Mike and Lima, sending you 1
2024-10-14 20:52:11.644263 Lima: Mike and Uniform, sending you 5
2024-10-14 20:52:11.644888 Victor: X-ray, sending you 4
2024-10-14 20:52:11.646046 Foxtrot: X-ray, Whiskey and Victor, sending you 2
2024-10-14 20:52:11.647674 Alpha: Uniform, sending you 2
chatterbot Foxtrot submitting transactions
chatterbot Uniform submitting transactions
chatterbot Mike submitting transactions
chatterbot X-ray submitting transactions
chatterbot Alpha submitting transactions
chatterbot Sierra submitting transactions
chatterbot Victor submitting transactions
chatterbot Whiskey submitting transactions
chatterbot Charlie submitting transactions
chatterbot Lima submitting transactions
ChatterBot Alpha round 10
ChatterBot Sierra round 10
ChatterBot Charlie round 10
ChatterBot X-ray round 10
ChatterBot Whiskey round 10
ChatterBot Mike round 10
ChatterBot Lima round 10
ChatterBot Foxtrot round 10
ChatterBot Uniform round 10
ChatterBot Victor round 10
2024-10-14 20:52:12.875701 Sierra: Charlie, X-ray, Whiskey and Victor, sending you 3
2024-10-14 20:52:12.877191 Alpha: Mike and Lima, sending you 1
2024-10-14 20:52:12.878855 Lima: Alpha, sending you 2
2024-10-14 20:52:12.879701 Sierra: Foxtrot, sending you 1
2024-10-14 20:52:12.881717 Foxtrot: Sierra and Charlie, sending you 1
2024-10-14 20:52:12.883049 Alpha: Uniform, sending you 2
2024-10-14 20:52:12.883698 Lima: Mike and Uniform, sending you 5
2024-10-14 20:52:12.884578 Mike: Alpha, sending you 5
2024-10-14 20:52:12.886679 Whiskey: Sierra, X-ray, Foxtrot and Victor, sending you 2
2024-10-14 20:52:12.887681 Foxtrot: X-ray, Whiskey and Victor, sending you 2
2024-10-14 20:52:12.888798 Mike: Lima, sending you 7
2024-10-14 20:52:12.889161 Charlie: Sierra, X-ray and Victor, sending you 2
2024-10-14 20:52:12.893684 Mike: Uniform, sending you 6
2024-10-14 20:52:12.894250 Uniform: Alpha, sending you 5
2024-10-14 20:52:12.894711 Charlie: Whiskey and Foxtrot, sending you 1
2024-10-14 20:52:12.896347 X-ray: Sierra, Whiskey and Victor, sending you 3
2024-10-14 20:52:12.898662 Uniform: Mike and Lima, sending you 6
2024-10-14 20:52:12.899591 Victor: Sierra, Charlie, Whiskey and Foxtrot, sending you 3
2024-10-14 20:52:12.900703 X-ray: Charlie and Foxtrot, sending you 2
2024-10-14 20:52:12.903058 Victor: X-ray, sending you 4
chatterbot Uniform submitting transactions
chatterbot Foxtrot submitting transactions
chatterbot X-ray submitting transactions
chatterbot Lima submitting transactions
chatterbot Sierra submitting transactions
chatterbot Mike submitting transactions
chatterbot Whiskey submitting transactions
chatterbot Alpha submitting transactions
chatterbot Victor submitting transactions
chatterbot Charlie submitting transactions
ChatterBot Alpha round 11
ChatterBot Sierra round 11
ChatterBot Charlie round 11
ChatterBot X-ray round 11
ChatterBot Whiskey round 11
ChatterBot Mike round 11
ChatterBot Lima round 11
ChatterBot Foxtrot round 11
ChatterBot Uniform round 11
ChatterBot Victor round 11
2024-10-14 20:52:14.150700 Whiskey: Sierra, X-ray, Foxtrot and Victor, sending you 2
2024-10-14 20:52:14.152341 Lima: Alpha, sending you 2
2024-10-14 20:52:14.152972 Charlie: Sierra, X-ray and Victor, sending you 2
2024-10-14 20:52:14.154700 X-ray: Sierra, Whiskey and Victor, sending you 3
2024-10-14 20:52:14.155701 Sierra: Charlie, X-ray, Whiskey and Victor, sending you 3
2024-10-14 20:52:14.157134 Lima: Mike and Uniform, sending you 5
2024-10-14 20:52:14.157706 Mike: Sending you each 6
2024-10-14 20:52:14.159072 Charlie: Whiskey and Foxtrot, sending you 1
2024-10-14 20:52:14.159995 X-ray: Charlie and Foxtrot, sending you 2
2024-10-14 20:52:14.160972 Sierra: Foxtrot, sending you 1
2024-10-14 20:52:14.162402 Foxtrot: Sierra and Charlie, sending you 1
2024-10-14 20:52:14.164706 Uniform: Alpha, sending you 5
2024-10-14 20:52:14.165369 Alpha: Mike and Lima, sending you 1
2024-10-14 20:52:14.167680 Foxtrot: X-ray, Whiskey and Victor, sending you 2
2024-10-14 20:52:14.168277 Victor: Sierra, Charlie, Whiskey and Foxtrot, sending you 3
2024-10-14 20:52:14.169313 Uniform: Mike and Lima, sending you 6
2024-10-14 20:52:14.169950 Alpha: Uniform, sending you 2
2024-10-14 20:52:14.173668 Victor: X-ray, sending you 4
chatterbot Whiskey submitting transactions
chatterbot Charlie submitting transactions
chatterbot Foxtrot submitting transactions
chatterbot Mike submitting transactions
chatterbot Uniform submitting transactions
chatterbot X-ray submitting transactions
chatterbot Alpha submitting transactions
chatterbot Sierra submitting transactions
chatterbot Victor submitting transactions
chatterbot Lima submitting transactions
ChatterBot Alpha round 12
ChatterBot Sierra round 12
ChatterBot Charlie round 12
ChatterBot X-ray round 12
ChatterBot Whiskey round 12
ChatterBot Mike round 12
ChatterBot Lima round 12
ChatterBot Foxtrot round 12
ChatterBot Uniform round 12
ChatterBot Victor round 12
2024-10-14 20:52:15.410349 Uniform: We should add Foxtrot
2024-10-14 20:52:15.453905 Mike: No
2024-10-14 20:52:15.454185 Lima: No
2024-10-14 20:52:15.454407 Alpha: No
ChatterBot Uniform reevaluating
ChatterBot Uniform reevaluating
ChatterBot Uniform reevaluating
2024-10-14 20:52:15.535723 Alpha: Mike and Lima, sending you 1
2024-10-14 20:52:15.537713 Sierra: Charlie, X-ray, Whiskey and Victor, sending you 3
2024-10-14 20:52:15.541678 Alpha: Uniform, sending you 2
2024-10-14 20:52:15.543623 Lima: Alpha, sending you 2
2024-10-14 20:52:15.545176 Charlie: Sierra, X-ray and Victor, sending you 2
2024-10-14 20:52:15.547751 Sierra: Foxtrot, sending you 1
2024-10-14 20:52:15.550146 Lima: Mike and Uniform, sending you 5
2024-10-14 20:52:15.551618 X-ray: Sierra, Whiskey and Victor, sending you 3
2024-10-14 20:52:15.553011 Mike: Same as last round
2024-10-14 20:52:15.554824 Charlie: Whiskey and Foxtrot, sending you 1
2024-10-14 20:52:15.556110 Whiskey: Sierra, X-ray, Foxtrot and Victor, sending you 2
2024-10-14 20:52:15.558218 Foxtrot: Sierra and Charlie, sending you 1
2024-10-14 20:52:15.559558 Uniform: Alpha, sending you 5
2024-10-14 20:52:15.561116 X-ray: Charlie and Foxtrot, sending you 2
2024-10-14 20:52:15.562800 Victor: Sierra, Charlie, Whiskey and Foxtrot, sending you 3
2024-10-14 20:52:15.565232 Foxtrot: X-ray, Whiskey and Victor, sending you 2
2024-10-14 20:52:15.567563 Uniform: Mike and Lima, sending you 6
2024-10-14 20:52:15.569852 Victor: X-ray, sending you 4
chatterbot Foxtrot submitting transactions
chatterbot Mike submitting transactions
chatterbot X-ray submitting transactions
chatterbot Victor submitting transactions
chatterbot Sierra submitting transactions
chatterbot Charlie submitting transactions
chatterbot Lima submitting transactions
chatterbot Whiskey submitting transactions
chatterbot Alpha submitting transactions
chatterbot Uniform submitting transactions
ChatterBot Alpha round 13
ChatterBot Sierra round 13
ChatterBot Charlie round 13
ChatterBot X-ray round 13
ChatterBot Whiskey round 13
ChatterBot Mike round 13
ChatterBot Lima round 13
ChatterBot Foxtrot round 13
ChatterBot Uniform round 13
ChatterBot Victor round 13
2024-10-14 20:52:16.791701 Sierra: Charlie, X-ray, Whiskey and Victor, sending you 3
2024-10-14 20:52:16.796690 Sierra: Foxtrot, sending you 1
2024-10-14 20:52:16.798703 Mike: Same as last round
2024-10-14 20:52:16.801727 X-ray: Sierra, Whiskey and Victor, sending you 3
2024-10-14 20:52:16.803545 Alpha: Mike and Lima, sending you 1
2024-10-14 20:52:16.804269 Lima: Alpha, sending you 2
2024-10-14 20:52:16.804824 Whiskey: Sierra, X-ray, Foxtrot and Victor, sending you 2
2024-10-14 20:52:16.806168 Uniform: Alpha, sending you 5
2024-10-14 20:52:16.806895 X-ray: Charlie and Foxtrot, sending you 2
2024-10-14 20:52:16.808066 Alpha: Uniform, sending you 2
