ChatterBot Juliett round 1
ChatterBot Hotel round 1
ChatterBot Bravo round 1
ChatterBot Victor round 1
ChatterBot India round 1
ChatterBot Quebec round 1
ChatterBot Uniform round 1
ChatterBot Alpha round 1
ChatterBot Yankee round 1
ChatterBot Romeo round 1
randomSelections Juliett: {Juliett, Alpha, Romeo, Uniform} 
2024-10-14 20:52:00.171117 Juliett: We would work well together
ChatterBot Alpha reevaluating
ChatterBot Romeo reevaluating
ChatterBot Uniform reevaluating
2024-10-14 20:52:00.180232 Alpha: Yes
2024-10-14 20:52:00.180526 Romeo: Yes
2024-10-14 20:52:00.180715 Uniform: Yes
ChatterBot Romeo reevaluating
ChatterBot Uniform reevaluating
ChatterBot Alpha reevaluating
ChatterBot Uniform reevaluating
ChatterBot Alpha reevaluating
ChatterBot Romeo reevaluating
randomSelections Victor: {Victor, Juliett, India, Quebec, Bravo} 
2024-10-14 20:52:00.204791 Victor: Friends?
ChatterBot India reevaluating
ChatterBot Quebec reevaluating
ChatterBot Bravo reevaluating
2024-10-14 20:52:00.213995 Juliett: No
2024-10-14 20:52:00.214338 India: Yes
2024-10-14 20:52:00.215641 Quebec: Yes
2024-10-14 20:52:00.215831 Bravo: Yes
ChatterBot India reevaluating
ChatterBot Quebec reevaluating
ChatterBot Bravo reevaluating
ChatterBot Quebec reevaluating
ChatterBot Bravo reevaluating
ChatterBot India reevaluating
ChatterBot Bravo reevaluating
ChatterBot India reevaluating
ChatterBot Quebec reevaluating
randomSelections Hotel: {Hotel, Yankee, Quebec, Uniform, India, Victor} 
2024-10-14 20:52:00.250191 Hotel: Let's form a team
ChatterBot Yankee reevaluating
ChatterBot Quebec reevaluating
ChatterBot Uniform reevaluating
ChatterBot India reevaluating
2024-10-14 20:52:00.259287 Yankee: Yes
2024-10-14 20:52:00.259442 Quebec: No
2024-10-14 20:52:00.259572 Uniform: No
2024-10-14 20:52:00.259888 India: No
2024-10-14 20:52:00.260815 Victor: No
ChatterBot Quebec reevaluating
ChatterBot Uniform reevaluating
ChatterBot India reevaluating
ChatterBot Yankee reevaluating
ChatterBot Uniform reevaluating
ChatterBot India reevaluating
ChatterBot Yankee reevaluating
ChatterBot Quebec reevaluating
ChatterBot India reevaluating
ChatterBot Yankee reevaluating
ChatterBot Quebec reevaluating
ChatterBot Uniform reevaluating
ChatterBot Yankee reevaluating
ChatterBot Quebec reevaluating
ChatterBot Uniform reevaluating
ChatterBot India reevaluating
2024-10-14 20:52:00.320707 Juliett: Uniform and Romeo, sending you 4
2024-10-14 20:52:00.322722 Victor: Quebec, sending you 3
2024-10-14 20:52:00.323051 Romeo: Juliett, sending you 3
2024-10-14 20:52:00.324719 Yankee: Hotel, sending you 4
2024-10-14 20:52:00.327132 Hotel: Victor, sending you 2
2024-10-14 20:52:00.327670 Quebec: Juliett, sending you 2
2024-10-14 20:52:00.327918 Romeo: Uniform, sending you 6
2024-10-14 20:52:00.328583 Yankee: Victor and India, sending you 1
2024-10-14 20:52:00.328910 Bravo: Juliett and Victor, sending you 3
2024-10-14 20:52:00.330699 Quebec: Bravo, sending you 1
2024-10-14 20:52:00.331664 Uniform: Juliett, sending you 4
2024-10-14 20:52:00.331944 Hotel: Quebec, sending you 4
2024-10-14 20:52:00.332216 Romeo: Alpha, sending you 2
2024-10-14 20:52:00.332872 Yankee: Quebec, sending you 3
2024-10-14 20:52:00.333148 Bravo: Quebec, sending you 2
2024-10-14 20:52:00.333339 India: Juliett and Bravo, sending you 3
2024-10-14 20:52:00.334674 Hotel: Uniform, sending you 7
2024-10-14 20:52:00.335759 Quebec: Victor, sending you 5
2024-10-14 20:52:00.336110 Yankee: Uniform, sending you 5
2024-10-14 20:52:00.336719 Uniform: Alpha, sending you 2
2024-10-14 20:52:00.337690 Alpha: Juliett, sending you 3
2024-10-14 20:52:00.338068 India: Victor, sending you 5
2024-10-14 20:52:00.339730 Quebec: India, sending you 4
2024-10-14 20:52:00.340748 Uniform: Romeo, sending you 7
2024-10-14 20:52:00.341077 India: Quebec, sending you 4
2024-10-14 20:52:00.342718 Alpha: Uniform, sending you 4
2024-10-14 20:52:00.347701 Alpha: Romeo, sending you 7
chatterbot Juliett submitting transactions
chatterbot India submitting transactions
chatterbot Yankee submitting transactions
chatterbot Victor submitting transactions
chatterbot Hotel submitting transactions
chatterbot Quebec submitting transactions
chatterbot Bravo submitting transactions
chatterbot Alpha submitting transactions
chatterbot Romeo submitting transactions
chatterbot Uniform submitting transactions
ChatterBot Juliett round 2
ChatterBot Hotel round 2
ChatterBot Bravo round 2
ChatterBot Victor round 2
ChatterBot India round 2
ChatterBot Quebec round 2
ChatterBot Uniform round 2
ChatterBot Alpha round 2
ChatterBot Yankee round 2
ChatterBot Romeo round 2
2024-10-14 20:52:02.524196 Quebec: Can we be friends?
ChatterBot Bravo reevaluating
ChatterBot Victor reevaluating
ChatterBot India reevaluating
ChatterBot Hotel reevaluating
ChatterBot Yankee reevaluating
2024-10-14 20:52:02.546023 Bravo: No
2024-10-14 20:52:02.546199 Victor: Yes
2024-10-14 20:52:02.546416 India: Yes
2024-10-14 20:52:02.546622 Hotel: Yes
2024-10-14 20:52:02.547324 Yankee: Yes
ChatterBot Victor reevaluating
ChatterBot India reevaluating
ChatterBot Hotel reevaluating
ChatterBot Yankee reevaluating
ChatterBot Bravo reevaluating
ChatterBot India reevaluating
ChatterBot Hotel reevaluating
ChatterBot Yankee reevaluating
ChatterBot Bravo reevaluating
ChatterBot Victor reevaluating
ChatterBot Hotel reevaluating
ChatterBot Yankee reevaluating
ChatterBot Bravo reevaluating
ChatterBot Victor reevaluating
ChatterBot India reevaluating
ChatterBot Yankee reevaluating
ChatterBot Bravo reevaluating
2024-10-14 20:52:02.644504 Victor: We should group up
ChatterBot Victor reevaluating
ChatterBot India reevaluating
ChatterBot Hotel reevaluating
ChatterBot Bravo reevaluating
ChatterBot India reevaluating
ChatterBot Hotel reevaluating
ChatterBot Yankee reevaluating
2024-10-14 20:52:02.759211 Quebec: Yes
2024-10-14 20:52:02.759460 Bravo: Yes
2024-10-14 20:52:02.760302 India: Yes
2024-10-14 20:52:02.760507 Hotel: Yes
2024-10-14 20:52:02.760705 Yankee: Yes
ChatterBot Bravo reevaluating
ChatterBot Victor reevaluating
ChatterBot India reevaluating
ChatterBot Hotel reevaluating
ChatterBot Yankee reevaluating
ChatterBot Victor reevaluating
ChatterBot India reevaluating
ChatterBot Hotel reevaluating
ChatterBot Yankee reevaluating
ChatterBot Bravo reevaluating
ChatterBot Victor reevaluating
ChatterBot Hotel reevaluating
ChatterBot Yankee reevaluating
ChatterBot Bravo reevaluating
ChatterBot Victor reevaluating
ChatterBot India reevaluating
ChatterBot Yankee reevaluating
ChatterBot Bravo reevaluating
ChatterBot Victor reevaluating
ChatterBot India reevaluating
ChatterBot Hotel reevaluating
2024-10-14 20:52:02.887912 Uniform: We should add Hotel and Yankee
ChatterBot Alpha reevaluating
2024-10-14 20:52:02.900116 Juliett: No
2024-10-14 20:52:02.900377 Alpha: Yes
2024-10-14 20:52:02.900735 Romeo: No
ChatterBot Alpha reevaluating
ChatterBot Alpha reevaluating
2024-10-14 20:52:02.950589 Hotel: We should replace Uniform with Bravo
ChatterBot Yankee reevaluating
ChatterBot Victor reevaluating
ChatterBot India reevaluating
2024-10-14 20:52:02.969362 Yankee: Yes
2024-10-14 20:52:02.969683 Victor: Yes
2024-10-14 20:52:02.969843 India: Yes
2024-10-14 20:52:02.970010 Quebec: Yes
ChatterBot Hotel reevaluating
ChatterBot Victor reevaluating
ChatterBot India reevaluating
ChatterBot Hotel reevaluating
ChatterBot Yankee reevaluating
ChatterBot India reevaluating
ChatterBot Hotel reevaluating
ChatterBot Yankee reevaluating
ChatterBot Victor reevaluating
ChatterBot Hotel reevaluating
ChatterBot Yankee reevaluating
ChatterBot Victor reevaluating
ChatterBot India reevaluating
2024-10-14 20:52:03.039302 Uniform: Hotel and Yankee we want you to join our group
ChatterBot Hotel reevaluating
ChatterBot Yankee reevaluating
2024-10-14 20:52:03.048826 Hotel: No
2024-10-14 20:52:03.048969 Yankee: No
ChatterBot Alpha reevaluating
ChatterBot Yankee reevaluating
ChatterBot Alpha reevaluating
ChatterBot Hotel reevaluating
2024-10-14 20:52:03.089975 Alpha: We should add Yankee
2024-10-14 20:52:03.100839 Juliett: No
2024-10-14 20:52:03.101071 Romeo: No
2024-10-14 20:52:03.101220 Uniform: Yes
ChatterBot Alpha reevaluating
2024-10-14 20:52:03.143878 Quebec: Hotel and India, sending you 3
2024-10-14 20:52:03.144834 Juliett: Uniform and Alpha, sending you 3
2024-10-14 20:52:03.145196 Romeo: Sending you each 5
2024-10-14 20:52:03.145524 Alpha: Hotel and Yankee we want you to join our group
2024-10-14 20:52:03.157717 Hotel: No
2024-10-14 20:52:03.157954 Yankee: No
ChatterBot Alpha reevaluating
2024-10-14 20:52:03.217853 Bravo: Hotel, Victor and Yankee, sending you 1
2024-10-14 20:52:03.218811 Yankee: Bravo we want you to join our group
2024-10-14 20:52:03.224609 Bravo: Yes
2024-10-14 20:52:03.256455 Hotel: Bravo we want you to join our group
2024-10-14 20:52:03.263396 Bravo: Yes
2024-10-14 20:52:03.294522 Quebec: Bravo, Victor and Yankee, sending you 2
2024-10-14 20:52:03.295131 Juliett: Romeo, sending you 2
2024-10-14 20:52:03.296198 Alpha: Yankee we want you to join our group
2024-10-14 20:52:03.302510 Yankee: No
ChatterBot Alpha reevaluating
2024-10-14 20:52:03.328880 Bravo: India, sending you 3
2024-10-14 20:52:03.329991 India: Hotel, sending you 1
2024-10-14 20:52:03.330609 Uniform: Juliett and Alpha, sending you 2
2024-10-14 20:52:03.331571 Victor: Hotel, Bravo, India and Quebec, sending you 1
2024-10-14 20:52:03.332895 Bravo: Quebec, sending you 2
2024-10-14 20:52:03.333404 India: Bravo and Victor, sending you 2
2024-10-14 20:52:03.344552 Uniform: Hotel, Yankee and Romeo, sending you 3
2024-10-14 20:52:03.345375 India: Quebec, sending you 7
2024-10-14 20:52:03.356277 Hotel: Bravo, Victor and India, sending you 2
2024-10-14 20:52:03.357018 Yankee: Hotel, Bravo, Victor and India, sending you 3
2024-10-14 20:52:03.357327 India: Yankee, sending you 3
2024-10-14 20:52:03.369116 Hotel: Quebec, sending you 1
2024-10-14 20:52:03.370064 Yankee: Quebec, sending you 2
2024-10-14 20:52:03.380543 Hotel: Yankee, sending you 6
2024-10-14 20:52:03.381402 Alpha: Juliett, Hotel and Yankee, sending you 2
2024-10-14 20:52:03.397045 Alpha: Uniform and Romeo, sending you 4
chatterbot Romeo submitting transactions
chatterbot Victor submitting transactions
chatterbot Quebec submitting transactions
chatterbot India submitting transactions
chatterbot Uniform submitting transactions
chatterbot Hotel submitting transactions
chatterbot Alpha submitting transactions
chatterbot Yankee submitting transactions
chatterbot Juliett submitting transactions
chatterbot Bravo submitting transactions
ChatterBot Juliett round 3
ChatterBot Hotel round 3
ChatterBot Bravo round 3
ChatterBot Victor round 3
ChatterBot India round 3
ChatterBot Quebec round 3
ChatterBot Uniform round 3
ChatterBot Alpha round 3
ChatterBot Yankee round 3
ChatterBot Romeo round 3
2024-10-14 20:52:04.604416 Uniform: We should drop Hotel and Yankee
ChatterBot Alpha reevaluating
2024-10-14 20:52:04.623220 Juliett: Yes
2024-10-14 20:52:04.623455 Alpha: No
2024-10-14 20:52:04.624129 Romeo: Yes
ChatterBot Alpha reevaluating
ChatterBot Alpha reevaluating
2024-10-14 20:52:04.747108 Victor: Hotel, India, Quebec and Yankee, sending you 1
2024-10-14 20:52:04.747516 Quebec: Hotel, Bravo, Victor and Yankee, sending you 2
2024-10-14 20:52:04.748383 India: Hotel and Victor, sending you 2
2024-10-14 20:52:04.778563 Quebec: India, sending you 4
2024-10-14 20:52:04.779523 Bravo: Hotel and Victor, sending you 1
2024-10-14 20:52:04.779885 Juliett: Uniform and Romeo, sending you 3
2024-10-14 20:52:04.780660 India: Bravo and Yankee, sending you 3
2024-10-14 20:52:04.780994 Yankee: Hotel, sending you 5
2024-10-14 20:52:04.781287 Uniform: Juliett and Alpha, sending you 4
2024-10-14 20:52:04.781539 Romeo: Juliett and Alpha, sending you 5
2024-10-14 20:52:04.781809 Hotel: Bravo, Victor and India, sending you 2
2024-10-14 20:52:04.829904 Bravo: India, Quebec and Yankee, sending you 2
2024-10-14 20:52:04.831097 India: Quebec, sending you 5
2024-10-14 20:52:04.831637 Juliett: Alpha, sending you 2
2024-10-14 20:52:04.832114 Yankee: Bravo, sending you 2
2024-10-14 20:52:04.833171 Uniform: Romeo, sending you 5
2024-10-14 20:52:04.833569 Romeo: Uniform, sending you 6
2024-10-14 20:52:04.834562 Hotel: Quebec, sending you 3
2024-10-14 20:52:04.835158 Alpha: Juliett and India, sending you 3
2024-10-14 20:52:04.843914 Yankee: Victor, sending you 1
2024-10-14 20:52:04.844331 Hotel: Yankee, sending you 4
2024-10-14 20:52:04.844711 Alpha: Uniform and Romeo, sending you 4
2024-10-14 20:52:04.852477 Yankee: India and Quebec, sending you 3
chatterbot Quebec submitting transactions
chatterbot Hotel submitting transactions
chatterbot Alpha submitting transactions
chatterbot India submitting transactions
chatterbot Romeo submitting transactions
chatterbot Juliett submitting transactions
chatterbot Uniform submitting transactions
chatterbot Victor submitting transactions
chatterbot Bravo submitting transactions
chatterbot Yankee submitting transactions
ChatterBot Juliett round 4
ChatterBot Hotel round 4
ChatterBot Bravo round 4
ChatterBot Victor round 4
ChatterBot India round 4
ChatterBot Quebec round 4
ChatterBot Uniform round 4
ChatterBot Alpha round 4
ChatterBot Yankee round 4
ChatterBot Romeo round 4
2024-10-14 20:52:05.754169 Alpha: We should replace India with Victor
2024-10-14 20:52:05.763439 Juliett: No
2024-10-14 20:52:05.763601 Romeo: No
2024-10-14 20:52:05.763737 Uniform: No
ChatterBot Alpha reevaluating
ChatterBot Alpha reevaluating
2024-10-14 20:52:05.799685 Hotel: Bravo, Victor and India, sending you 2
2024-10-14 20:52:05.805656 Hotel: Quebec, sending you 3
2024-10-14 20:52:05.807668 Victor: Hotel, India, Quebec and Yankee, sending you 1
2024-10-14 20:52:05.808693 India: Hotel, Bravo and Yankee, sending you 3
2024-10-14 20:52:05.810841 Hotel: Yankee, sending you 4
2024-10-14 20:52:05.811674 Uniform: Juliett and Alpha, sending you 4
2024-10-14 20:52:05.813680 India: Victor, sending you 2
2024-10-14 20:52:05.814698 Alpha: Juliett and India, sending you 3
2024-10-14 20:52:05.815053 Uniform: Romeo, sending you 5
2024-10-14 20:52:05.816691 Bravo: Hotel, India, Quebec and Yankee, sending you 2
2024-10-14 20:52:05.818662 Romeo: Sending you each 6
2024-10-14 20:52:05.819203 India: Quebec, sending you 4
2024-10-14 20:52:05.819698 Juliett: Uniform and Romeo, sending you 3
2024-10-14 20:52:05.820052 Alpha: Uniform and Romeo, sending you 4
2024-10-14 20:52:05.820362 Yankee: Hotel, sending you 4
2024-10-14 20:52:05.821449 Quebec: Hotel, Bravo, Victor and Yankee, sending you 2
2024-10-14 20:52:05.823742 Juliett: Alpha, sending you 2
2024-10-14 20:52:05.824685 Yankee: Bravo and Victor, sending you 2
2024-10-14 20:52:05.825921 Quebec: India, sending you 4
2024-10-14 20:52:05.828104 Yankee: India and Quebec, sending you 3
chatterbot Hotel submitting transactions
chatterbot Alpha submitting transactions
chatterbot Uniform submitting transactions
chatterbot Quebec submitting transactions
chatterbot Bravo submitting transactions
chatterbot India submitting transactions
chatterbot Juliett submitting transactions
chatterbot Victor submitting transactions
chatterbot Yankee submitting transactions
chatterbot Romeo submitting transactions
ChatterBot Juliett round 5
ChatterBot Hotel round 5
ChatterBot Bravo round 5
ChatterBot Victor round 5
ChatterBot India round 5
ChatterBot Quebec round 5
ChatterBot Uniform round 5
ChatterBot Alpha round 5
ChatterBot Yankee round 5
ChatterBot Romeo round 5
2024-10-14 20:52:07.054922 Alpha: We should replace India with Yankee
2024-10-14 20:52:07.064447 Juliett: No
2024-10-14 20:52:07.064964 Romeo: No
2024-10-14 20:52:07.065133 Uniform: No
ChatterBot Alpha reevaluating
ChatterBot Alpha reevaluating
ChatterBot Alpha reevaluating
2024-10-14 20:52:07.103357 Alpha: We should replace India with Hotel
2024-10-14 20:52:07.113457 Juliett: No
2024-10-14 20:52:07.113673 Romeo: No
2024-10-14 20:52:07.113842 Uniform: No
ChatterBot Alpha reevaluating
ChatterBot Alpha reevaluating
ChatterBot Alpha reevaluating
2024-10-14 20:52:07.146588 Juliett: Uniform and Romeo, sending you 3
2024-10-14 20:52:07.147534 Alpha: We should replace India with Bravo
2024-10-14 20:52:07.157696 Juliett: No
2024-10-14 20:52:07.157862 Romeo: No
2024-10-14 20:52:07.158006 Uniform: No
ChatterBot Alpha reevaluating
ChatterBot Alpha reevaluating
ChatterBot Alpha reevaluating
2024-10-14 20:52:07.190336 Victor: Hotel, India, Quebec and Yankee, sending you 1
2024-10-14 20:52:07.191131 Alpha: We should replace India with Quebec
2024-10-14 20:52:07.201067 Juliett: No
2024-10-14 20:52:07.201240 Romeo: No
2024-10-14 20:52:07.201380 Uniform: No
ChatterBot Alpha reevaluating
ChatterBot Alpha reevaluating
ChatterBot Alpha reevaluating
2024-10-14 20:52:07.232432 Hotel: Bravo, Victor and India, sending you 2
2024-10-14 20:52:07.233394 Juliett: Alpha, sending you 2
2024-10-14 20:52:07.233885 Quebec: Hotel, Bravo, Victor and Yankee, sending you 2
2024-10-14 20:52:07.234675 Bravo: Hotel, India, Quebec and Yankee, sending you 2
2024-10-14 20:52:07.235690 India: Hotel, Bravo and Yankee, sending you 3
2024-10-14 20:52:07.236403 Uniform: Juliett and Alpha, sending you 4
2024-10-14 20:52:07.236737 Hotel: Quebec, sending you 3
2024-10-14 20:52:07.237103 Quebec: India, sending you 4
2024-10-14 20:52:07.237705 Yankee: Hotel, sending you 4
2024-10-14 20:52:07.238669 India: Victor, sending you 2
2024-10-14 20:52:07.239706 Hotel: Yankee, sending you 4
2024-10-14 20:52:07.240819 Alpha: Bravo we want you to join our group
2024-10-14 20:52:07.244024 Bravo: No
ChatterBot Alpha reevaluating
2024-10-14 20:52:07.255109 Alpha: We should replace India with Victor
2024-10-14 20:52:07.262596 Juliett: No
2024-10-14 20:52:07.262783 Romeo: No
2024-10-14 20:52:07.263339 Uniform: No
ChatterBot Alpha reevaluating
ChatterBot Alpha reevaluating
ChatterBot Alpha reevaluating
2024-10-14 20:52:07.287532 Uniform: Romeo, sending you 5
2024-10-14 20:52:07.288012 India: Quebec, sending you 4
2024-10-14 20:52:07.288450 Yankee: Bravo and Victor, sending you 2
2024-10-14 20:52:07.288831 Romeo: Same as last round
2024-10-14 20:52:07.291675 Yankee: India and Quebec, sending you 3
2024-10-14 20:52:07.296028 Alpha: Yankee we want you to join our group
2024-10-14 20:52:07.299047 Yankee: No
ChatterBot Alpha reevaluating
chatterbot Victor submitting transactions
2024-10-14 20:52:07.326679 Alpha: Juliett and Yankee, sending you 3
2024-10-14 20:52:07.330078 Alpha: Uniform and Romeo, sending you 4
chatterbot India submitting transactions
chatterbot Uniform submitting transactions
chatterbot Hotel submitting transactions
chatterbot Bravo submitting transactions
chatterbot Juliett submitting transactions
chatterbot Alpha submitting transactions
chatterbot Quebec submitting transactions
chatterbot Yankee submitting transactions
chatterbot Romeo submitting transactions
ChatterBot Juliett round 6
ChatterBot Hotel round 6
ChatterBot Bravo round 6
ChatterBot Victor round 6
ChatterBot India round 6
ChatterBot Quebec round 6
ChatterBot Uniform round 6
ChatterBot Alpha round 6
ChatterBot Yankee round 6
ChatterBot Romeo round 6
2024-10-14 20:52:08.345359 Alpha: We should replace Yankee with Bravo
2024-10-14 20:52:08.352587 Juliett: No
2024-10-14 20:52:08.352764 Romeo: No
2024-10-14 20:52:08.352947 Uniform: No
ChatterBot Alpha reevaluating
ChatterBot Alpha reevaluating
ChatterBot Alpha reevaluating
2024-10-14 20:52:08.380414 India: We should drop Victor
ChatterBot Bravo reevaluating
2024-10-14 20:52:08.392802 Hotel: No
2024-10-14 20:52:08.392974 Bravo: Yes
2024-10-14 20:52:08.393120 Quebec: No
2024-10-14 20:52:08.393265 Yankee: No
ChatterBot India reevaluating
ChatterBot Bravo reevaluating
ChatterBot India reevaluating
ChatterBot Hotel reevaluating
ChatterBot India reevaluating
ChatterBot Hotel reevaluating
ChatterBot Bravo reevaluating
ChatterBot India reevaluating
ChatterBot Hotel reevaluating
ChatterBot Bravo reevaluating
2024-10-14 20:52:08.432801 Juliett: Uniform and Romeo, sending you 3
2024-10-14 20:52:08.435664 Juliett: Alpha, sending you 2
2024-10-14 20:52:08.442750 Uniform: Juliett and Alpha, sending you 4
2024-10-14 20:52:08.443684 Yankee: Hotel, sending you 4
2024-10-14 20:52:08.445658 Romeo: Same as last round
2024-10-14 20:52:08.446053 Uniform: Romeo, sending you 5
2024-10-14 20:52:08.447009 Bravo: Hotel, India, Quebec and Yankee, sending you 2
2024-10-14 20:52:08.447621 Quebec: Hotel, Bravo, Victor and Yankee, sending you 2
2024-10-14 20:52:08.448062 Yankee: Bravo and Victor, sending you 2
2024-10-14 20:52:08.450657 Quebec: India, sending you 4
2024-10-14 20:52:08.451122 Yankee: India and Quebec, sending you 3
2024-10-14 20:52:08.452653 Victor: Hotel, India, Quebec and Yankee, sending you 1
2024-10-14 20:52:08.453686 Hotel: Bravo and Victor, sending you 2
2024-10-14 20:52:08.456662 Hotel: India, Quebec and Yankee, sending you 3
2024-10-14 20:52:08.457657 Alpha: Juliett and Yankee, sending you 3
2024-10-14 20:52:08.460661 Alpha: Uniform and Romeo, sending you 4
2024-10-14 20:52:08.464665 India: Hotel and Bravo, sending you 3
2024-10-14 20:52:08.467674 India: Quebec, sending you 5
2024-10-14 20:52:08.471649 India: Yankee, sending you 4
chatterbot Victor submitting transactions
chatterbot Juliett submitting transactions
chatterbot Yankee submitting transactions
chatterbot Bravo submitting transactions
chatterbot Quebec submitting transactions
chatterbot India submitting transactions
chatterbot Uniform submitting transactions
chatterbot Romeo submitting transactions
chatterbot Hotel submitting transactions
chatterbot Alpha submitting transactions
ChatterBot Juliett round 7
ChatterBot Hotel round 7
ChatterBot Bravo round 7
ChatterBot Victor round 7
ChatterBot India round 7
ChatterBot Quebec round 7
ChatterBot Uniform round 7
ChatterBot Alpha round 7
ChatterBot Yankee round 7
ChatterBot Romeo round 7
2024-10-14 20:52:09.509968 Alpha: We should replace Yankee with Bravo
2024-10-14 20:52:09.515485 Juliett: No
2024-10-14 20:52:09.515630 Romeo: No
2024-10-14 20:52:09.515745 Uniform: No
ChatterBot Alpha reevaluating
ChatterBot Alpha reevaluating
ChatterBot Alpha reevaluating
2024-10-14 20:52:09.534318 Alpha: We should replace Yankee with Victor
2024-10-14 20:52:09.539519 Juliett: No
2024-10-14 20:52:09.539663 Romeo: No
2024-10-14 20:52:09.539779 Uniform: No
ChatterBot Alpha reevaluating
ChatterBot Alpha reevaluating
ChatterBot Alpha reevaluating
2024-10-14 20:52:09.556629 Hotel: Bravo and Victor, sending you 2
2024-10-14 20:52:09.557066 Juliett: Uniform and Romeo, sending you 3
2024-10-14 20:52:09.557330 Quebec: Hotel, Bravo, Victor and Yankee, sending you 2
2024-10-14 20:52:09.560683 Bravo: Hotel, India, Quebec and Yankee, sending you 2
2024-10-14 20:52:09.561444 Hotel: India, Quebec and Yankee, sending you 3
2024-10-14 20:52:09.562123 Romeo: Same as last round
2024-10-14 20:52:09.562472 Uniform: Juliett and Alpha, sending you 4
2024-10-14 20:52:09.562811 India: Hotel and Bravo, sending you 3
2024-10-14 20:52:09.563113 Juliett: Alpha, sending you 2
2024-10-14 20:52:09.563496 Quebec: India, sending you 4
2024-10-14 20:52:09.563905 Yankee: Hotel, sending you 4
2024-10-14 20:52:09.564773 Victor: Hotel, India, Quebec and Yankee, sending you 1
2024-10-14 20:52:09.565678 India: Quebec, sending you 5
2024-10-14 20:52:09.567666 Alpha: Bravo we want you to join our group
2024-10-14 20:52:09.570403 Bravo: No
ChatterBot Alpha reevaluating
ChatterBot Uniform reevaluating
2024-10-14 20:52:09.583 Uniform: We should add Bravo
ChatterBot Alpha reevaluating
ChatterBot Romeo reevaluating
2024-10-14 20:52:09.591642 Juliett: No
2024-10-14 20:52:09.591787 Alpha: No
2024-10-14 20:52:09.591903 Romeo: Yes
ChatterBot Alpha reevaluating
ChatterBot Romeo reevaluating
ChatterBot Uniform reevaluating
ChatterBot Romeo reevaluating
ChatterBot Uniform reevaluating
ChatterBot Alpha reevaluating
ChatterBot Uniform reevaluating
2024-10-14 20:52:09.613033 India: Yankee, sending you 4
2024-10-14 20:52:09.613373 Yankee: Bravo, India and Quebec, sending you 3
2024-10-14 20:52:09.617688 Yankee: Victor, sending you 1
2024-10-14 20:52:09.657660 Alpha: Juliett and Bravo, sending you 3
2024-10-14 20:52:09.660683 Alpha: Uniform and Romeo, sending you 4
chatterbot Juliett submitting transactions
chatterbot Bravo submitting transactions
chatterbot Victor submitting transactions
chatterbot Yankee submitting transactions
chatterbot Hotel submitting transactions
chatterbot Uniform submitting transactions
chatterbot India submitting transactions
chatterbot Quebec submitting transactions
chatterbot Alpha submitting transactions
chatterbot Romeo submitting transactions
ChatterBot Juliett round 8
ChatterBot Hotel round 8
ChatterBot Bravo round 8
ChatterBot Victor round 8
ChatterBot India round 8
ChatterBot Quebec round 8
ChatterBot Uniform round 8
ChatterBot Alpha round 8
ChatterBot Yankee round 8
ChatterBot Romeo round 8
2024-10-14 20:52:10.850666 Hotel: Bravo and Victor, sending you 2
2024-10-14 20:52:10.852620 Juliett: Uniform and Romeo, sending you 3
2024-10-14 20:52:10.854691 Hotel: India, Quebec and Yankee, sending you 3
2024-10-14 20:52:10.856390 Yankee: Hotel, Bravo, India and Quebec, sending you 3
2024-10-14 20:52:10.858045 Juliett: Alpha, sending you 2
2024-10-14 20:52:10.858989 India: Hotel and Bravo, sending you 3
2024-10-14 20:52:10.861690 Bravo: Hotel, India, Quebec and Yankee, sending you 2
2024-10-14 20:52:10.862706 Yankee: Victor, sending you 2
2024-10-14 20:52:10.864197 India: Quebec, sending you 5
2024-10-14 20:52:10.865526 Victor: Hotel, India, Quebec and Yankee, sending you 1
2024-10-14 20:52:10.867129 Uniform: Juliett and Alpha, sending you 4
2024-10-14 20:52:10.868394 Alpha: Juliett and Bravo, sending you 3
2024-10-14 20:52:10.869970 India: Yankee, sending you 4
2024-10-14 20:52:10.870687 Uniform: Romeo, sending you 5
2024-10-14 20:52:10.872169 Quebec: Hotel, Bravo, Victor and Yankee, sending you 2
2024-10-14 20:52:10.873748 Alpha: Uniform and Romeo, sending you 4
2024-10-14 20:52:10.876713 Romeo: Same as last round
2024-10-14 20:52:10.878006 Quebec: India, sending you 4
chatterbot Alpha submitting transactions
chatterbot Juliett submitting transactions
chatterbot Quebec submitting transactions
chatterbot Bravo submitting transactions
chatterbot Yankee submitting transactions
chatterbot Uniform submitting transactions
chatterbot Romeo submitting transactions
chatterbot Victor submitting transactions
chatterbot Hotel submitting transactions
chatterbot India submitting transactions
ChatterBot Juliett round 9
ChatterBot Hotel round 9
ChatterBot Bravo round 9
ChatterBot Victor round 9
ChatterBot India round 9
ChatterBot Quebec round 9
ChatterBot Uniform round 9
ChatterBot Alpha round 9
ChatterBot Yankee round 9
ChatterBot Romeo round 9
2024-10-14 20:52:12.046694 Uniform: Juliett and Alpha, sending you 4
2024-10-14 20:52:12.047966 Bravo: Hotel, India, Quebec and Yankee, sending you 2
2024-10-14 20:52:12.048611 Victor: Hotel, India, Quebec and Yankee, sending you 1
2024-10-14 20:52:12.050673 Juliett: Uniform and Romeo, sending you 3
2024-10-14 20:52:12.051699 Uniform: Romeo, sending you 5
2024-10-14 20:52:12.053853 Quebec: Hotel, Bravo, Victor and Yankee, sending you 2
2024-10-14 20:52:12.054697 Hotel: Bravo and Victor, sending you 2
2024-10-14 20:52:12.055678 Juliett: Alpha, sending you 2
2024-10-14 20:52:12.057121 Romeo: Same as last round
2024-10-14 20:52:12.057759 Yankee: Hotel, Bravo, India and Quebec, sending you 3
2024-10-14 20:52:12.058413 Quebec: India, sending you 4
2024-10-14 20:52:12.058956 Hotel: India, Quebec and Yankee, sending you 3
2024-10-14 20:52:12.059780 India: Hotel and Bravo, sending you 3
2024-10-14 20:52:12.060149 Alpha: Juliett, sending you 4
2024-10-14 20:52:12.061808 Yankee: Victor, sending you 2
2024-10-14 20:52:12.062694 Alpha: Uniform and Romeo, sending you 5
2024-10-14 20:52:12.064844 India: Quebec, sending you 5
2024-10-14 20:52:12.067673 India: Yankee, sending you 4
chatterbot India submitting transactions
chatterbot Bravo submitting transactions
chatterbot Uniform submitting transactions
chatterbot Hotel submitting transactions
chatterbot Juliett submitting transactions
chatterbot Quebec submitting transactions
chatterbot Romeo submitting transactions
chatterbot Alpha submitting transactions
chatterbot Victor submitting transactions
chatterbot Yankee submitting transactions
ChatterBot Juliett round 10
ChatterBot Hotel round 10
ChatterBot Bravo round 10
ChatterBot Victor round 10
ChatterBot India round 10
ChatterBot Quebec round 10
ChatterBot Uniform round 10
ChatterBot Alpha round 10
ChatterBot Yankee round 10
ChatterBot Romeo round 10
2024-10-14 20:52:13.292097 Alpha: We should replace Bravo with Hotel
2024-10-14 20:52:13.298987 Juliett: No
2024-10-14 20:52:13.299164 Romeo: No
2024-10-14 20:52:13.299318 Uniform: No
ChatterBot Alpha reevaluating
ChatterBot Alpha reevaluating
ChatterBot Alpha reevaluating
ChatterBot Romeo reevaluating
2024-10-14 20:52:13.324125 Romeo: We should add Victor
ChatterBot Alpha reevaluating
ChatterBot Uniform reevaluating
2024-10-14 20:52:13.330651 Juliett: No
2024-10-14 20:52:13.330765 Alpha: Yes
2024-10-14 20:52:13.330863 Uniform: Yes
ChatterBot Alpha reevaluating
ChatterBot Romeo reevaluating
ChatterBot Uniform reevaluating
ChatterBot Romeo reevaluating
ChatterBot Uniform reevaluating
ChatterBot Alpha reevaluating
ChatterBot Romeo reevaluating
2024-10-14 20:52:13.353029 Alpha: We should replace Bravo with Victor
ChatterBot Romeo reevaluating
ChatterBot Uniform reevaluating
2024-10-14 20:52:13.359796 Juliett: No
2024-10-14 20:52:13.359922 Romeo: No
2024-10-14 20:52:13.360032 Uniform: No
ChatterBot Alpha reevaluating
ChatterBot Romeo reevaluating
ChatterBot Uniform reevaluating
ChatterBot Alpha reevaluating
ChatterBot Uniform reevaluating
ChatterBot Alpha reevaluating
ChatterBot Romeo reevaluating
2024-10-14 20:52:13.381312 Bravo: Hotel, India, Quebec and Yankee, sending you 2
2024-10-14 20:52:13.381946 India: Hotel and Yankee, sending you 4
2024-10-14 20:52:13.382298 Juliett: Uniform and Romeo, sending you 3
2024-10-14 20:52:13.385746 Juliett: Alpha, sending you 2
2024-10-14 20:52:13.386347 Yankee: Hotel, Bravo, India and Quebec, sending you 3
2024-10-14 20:52:13.387061 India: Bravo, sending you 2
2024-10-14 20:52:13.388183 Victor: Hotel, India, Quebec and Yankee, sending you 1
2024-10-14 20:52:13.388842 Hotel: Bravo and Victor, sending you 2
2024-10-14 20:52:13.389371 Quebec: Hotel, Bravo, Victor and Yankee, sending you 2
2024-10-14 20:52:13.390715 Yankee: Victor, sending you 2
2024-10-14 20:52:13.391528 India: Quebec, sending you 5
2024-10-14 20:52:13.392802 Alpha: Victor we want you to join our group
2024-10-14 20:52:13.397815 Victor: No
2024-10-14 20:52:13.412052 Hotel: India, Quebec and Yankee, sending you 3
2024-10-14 20:52:13.413128 Quebec: India, sending you 4
2024-10-14 20:52:13.416677 Uniform: Juliett and Alpha, sending you 4
2024-10-14 20:52:13.417677 Romeo: Same as last round
2024-10-14 20:52:13.420662 Uniform: Romeo, sending you 5
2024-10-14 20:52:13.427660 Alpha: Juliett and Victor, sending you 3
2024-10-14 20:52:13.432666 Alpha: Uniform and Romeo, sending you 4
chatterbot Romeo submitting transactions
chatterbot Hotel submitting transactions
chatterbot Alpha submitting transactions
chatterbot Yankee submitting transactions
chatterbot India submitting transactions
chatterbot Victor submitting transactions
chatterbot Juliett submitting transactions
chatterbot Bravo submitting transactions
chatterbot Quebec submitting transactions
chatterbot Uniform submitting transactions
ChatterBot Juliett round 11
ChatterBot Hotel round 11
ChatterBot Bravo round 11
ChatterBot Victor round 11
ChatterBot India round 11
ChatterBot Quebec round 11
ChatterBot Uniform round 11
ChatterBot Alpha round 11
ChatterBot Yankee round 11
ChatterBot Romeo round 11
2024-10-14 20:52:14.501928 Hotel: We should drop Victor
ChatterBot Bravo reevaluating
ChatterBot Quebec reevaluating
2024-10-14 20:52:14.512204 India: Yes
2024-10-14 20:52:14.512377 Bravo: Yes
2024-10-14 20:52:14.512500 Quebec: Yes
2024-10-14 20:52:14.512625 Yankee: No
ChatterBot Hotel reevaluating
ChatterBot Bravo reevaluating
ChatterBot Quebec reevaluating
ChatterBot Hotel reevaluating
ChatterBot Quebec reevaluating
ChatterBot Hotel reevaluating
ChatterBot Bravo reevaluating
ChatterBot Hotel reevaluating
ChatterBot Bravo reevaluating
ChatterBot Quebec reevaluating
2024-10-14 20:52:14.562715 India: Hotel and Yankee, sending you 4
2024-10-14 20:52:14.563991 Alpha: Juliett and Victor, sending you 3
2024-10-14 20:52:14.564511 Victor: Hotel, India, Quebec and Yankee, sending you 1
2024-10-14 20:52:14.566658 India: Bravo, sending you 2
2024-10-14 20:52:14.567897 Alpha: Uniform and Romeo, sending you 4
2024-10-14 20:52:14.568668 Quebec: Hotel, Bravo, Victor and Yankee, sending you 2
2024-10-14 20:52:14.569665 Juliett: Uniform and Romeo, sending you 3
2024-10-14 20:52:14.570254 Uniform: Juliett and Alpha, sending you 4
2024-10-14 20:52:14.570726 Romeo: Same as last round
2024-10-14 20:52:14.571258 India: Quebec, sending you 5
2024-10-14 20:52:14.572186 Quebec: India, sending you 4
2024-10-14 20:52:14.572790 Juliett: Alpha, sending you 2
2024-10-14 20:52:14.574667 Uniform: Romeo, sending you 5
2024-10-14 20:52:14.577689 Hotel: Bravo, India and Quebec, sending you 3
2024-10-14 20:52:14.580686 Hotel: Yankee, sending you 4
2024-10-14 20:52:14.583682 Bravo: Same as last round
2024-10-14 20:52:14.589712 Yankee: Hotel and India, sending you 4
2024-10-14 20:52:14.593667 Yankee: Bravo and Quebec, sending you 3
chatterbot Alpha submitting transactions
chatterbot India submitting transactions
chatterbot Bravo submitting transactions
chatterbot Yankee submitting transactions
chatterbot Uniform submitting transactions
chatterbot Victor submitting transactions
chatterbot Romeo submitting transactions
chatterbot Hotel submitting transactions
chatterbot Quebec submitting transactions
chatterbot Juliett submitting transactions
ChatterBot Juliett round 12
ChatterBot Hotel round 12
ChatterBot Bravo round 12
ChatterBot Victor round 12
ChatterBot India round 12
ChatterBot Quebec round 12
ChatterBot Uniform round 12
ChatterBot Alpha round 12
ChatterBot Yankee round 12
ChatterBot Romeo round 12
2024-10-14 20:52:15.771175 Alpha: We should replace Victor with India
2024-10-14 20:52:15.784742 Juliett: No
2024-10-14 20:52:15.785022 Romeo: No
2024-10-14 20:52:15.785252 Uniform: No
ChatterBot Alpha reevaluating
ChatterBot Alpha reevaluating
ChatterBot Alpha reevaluating
2024-10-14 20:52:15.829169 Quebec: We should drop Victor
2024-10-14 20:52:15.841793 India: Yes
2024-10-14 20:52:15.842034 Hotel: Yes
2024-10-14 20:52:15.842190 Bravo: Yes
2024-10-14 20:52:15.842309 Yankee: Yes
ChatterBot Yankee reevaluating
ChatterBot Yankee reevaluating
ChatterBot Yankee reevaluating
2024-10-14 20:52:15.894385 Alpha: We should replace Victor with Quebec
2024-10-14 20:52:15.902647 Juliett: No
2024-10-14 20:52:15.903177 Romeo: No
2024-10-14 20:52:15.903319 Uniform: No
ChatterBot Alpha reevaluating
ChatterBot Alpha reevaluating
ChatterBot Alpha reevaluating
ChatterBot Romeo reevaluating
2024-10-14 20:52:15.932415 Romeo: We should add Quebec
ChatterBot Alpha reevaluating
2024-10-14 20:52:15.940962 Juliett: No
2024-10-14 20:52:15.941109 Alpha: No
2024-10-14 20:52:15.941290 Uniform: No
ChatterBot Alpha reevaluating
ChatterBot Romeo reevaluating
ChatterBot Romeo reevaluating
ChatterBot Alpha reevaluating
ChatterBot Romeo reevaluating
2024-10-14 20:52:15.969666 Victor: Hotel, India, Quebec and Yankee, sending you 1
2024-10-14 20:52:15.970560 Bravo: Same as last round
2024-10-14 20:52:15.970978 Uniform: Juliett and Alpha, sending you 4
2024-10-14 20:52:15.971550 Juliett: Uniform and Romeo, sending you 3
2024-10-14 20:52:15.972013 Hotel: Bravo, India and Quebec, sending you 3
2024-10-14 20:52:15.973340 India: Hotel, Quebec and Yankee, sending you 4
2024-10-14 20:52:15.973931 Alpha: India we want you to join our group
2024-10-14 20:52:15.976676 India: No
ChatterBot Alpha reevaluating
ChatterBot Romeo reevaluating
2024-10-14 20:52:15.986852 Uniform: Romeo, sending you 5
2024-10-14 20:52:15.987427 Juliett: Alpha, sending you 2
2024-10-14 20:52:15.987887 Hotel: Yankee, sending you 4
2024-10-14 20:52:15.988455 India: Bravo, sending you 3
2024-10-14 20:52:15.991674 Yankee: Hotel and India, sending you 4
2024-10-14 20:52:15.992708 Quebec: Sending you each 3
2024-10-14 20:52:15.994671 Yankee: Bravo and Quebec, sending you 3
2024-10-14 20:52:16.006656 Romeo: Same as last round
chatterbot India submitting transactions
2024-10-14 20:52:16.014665 Alpha: Juliett and Victor, sending you 3
2024-10-14 20:52:16.017656 Alpha: Uniform and Romeo, sending you 4
chatterbot Quebec submitting transactions
chatterbot Hotel submitting transactions
chatterbot Uniform submitting transactions
chatterbot Alpha submitting transactions
chatterbot Juliett submitting transactions
chatterbot Victor submitting transactions
chatterbot Yankee submitting transactions
chatterbot Romeo submitting transactions
chatterbot Bravo submitting transactions
ChatterBot Juliett round 13
ChatterBot Hotel round 13
ChatterBot Bravo round 13
ChatterBot Victor round 13
ChatterBot India round 13
ChatterBot Quebec round 13
ChatterBot Uniform round 13
ChatterBot Alpha round 13
ChatterBot Yankee round 13
ChatterBot Romeo round 13
2024-10-14 20:52:17.127937 Alpha: We should replace Victor with Hotel
2024-10-14 20:52:17.139067 Juliett: No
2024-10-14 20:52:17.139316 Romeo: No
2024-10-14 20:52:17.139455 Uniform: No
ChatterBot Alpha reevaluating
ChatterBot Alpha reevaluating
2024-10-14 20:52:17.185470 Alpha: We should replace Victor with India
2024-10-14 20:52:17.197131 Juliett: No
2024-10-14 20:52:17.197780 Romeo: No
2024-10-14 20:52:17.198502 Uniform: No
ChatterBot Alpha reevaluating
ChatterBot Alpha reevaluating
ChatterBot Alpha reevaluating
2024-10-14 20:52:17.229417 Alpha: We should replace Victor with Quebec
2024-10-14 20:52:17.239262 Juliett: No
2024-10-14 20:52:17.239634 Romeo: No
2024-10-14 20:52:17.239828 Uniform: No
ChatterBot Alpha reevaluating
ChatterBot Alpha reevaluating
ChatterBot Alpha reevaluating
2024-10-14 20:52:17.269897 Victor: Hotel, India, Quebec and Yankee, sending you 1
2024-10-14 20:52:17.271882 India: Hotel, Quebec and Yankee, sending you 4
2024-10-14 20:52:17.273677 Juliett: Uniform and Romeo, sending you 3
2024-10-14 20:52:17.274699 Quebec: Same as last round
2024-10-14 20:52:17.275951 Bravo: Same as last round
2024-10-14 20:52:17.276820 Hotel: Bravo, India and Quebec, sending you 3
2024-10-14 20:52:17.278069 Alpha: Quebec we want you to join our group
2024-10-14 20:52:17.281956 Quebec: No
ChatterBot Alpha reevaluating
2024-10-14 20:52:17.298099 India: Bravo, sending you 3
2024-10-14 20:52:17.303170 Romeo: Same as last round
2024-10-14 20:52:17.306086 Uniform: Juliett and Alpha, sending you 4
2024-10-14 20:52:17.308132 Yankee: Hotel and India, sending you 4
2024-10-14 20:52:17.310068 Juliett: Alpha, sending you 2
2024-10-14 20:52:17.311962 Hotel: Yankee, sending you 4
2024-10-14 20:52:17.313836 Alpha: India we want you to join our group
2024-10-14 20:52:17.321407 India: No
ChatterBot Alpha reevaluating
2024-10-14 20:52:17.337528 Uniform: Romeo, sending you 5
2024-10-14 20:52:17.338959 Yankee: Bravo and Quebec, sending you 3
2024-10-14 20:52:17.366691 Alpha: Juliett and Quebec, sending you 3
2024-10-14 20:52:17.372885 Alpha: Uniform and Romeo, sending you 4
chatterbot Quebec submitting transactions
chatterbot India submitting transactions
chatterbot Bravo submitting transactions
chatterbot Alpha submitting transactions
chatterbot Yankee submitting transactions
chatterbot Hotel submitting transactions
chatterbot Uniform submitting transactions
chatterbot Victor submitting transactions
chatterbot Romeo submitting transactions
chatterbot Juliett submitting transactions
ChatterBot Juliett round 14
ChatterBot Hotel round 14
ChatterBot Bravo round 14
ChatterBot Victor round 14
ChatterBot India round 14
ChatterBot Quebec round 14
ChatterBot Uniform round 14
ChatterBot Alpha round 14
ChatterBot Yankee round 14
