ChatterBot Oscar round 1
ChatterBot Papa round 1
ChatterBot Delta round 1
ChatterBot Golf round 1
ChatterBot Hotel round 1
ChatterBot Yankee round 1
ChatterBot Whiskey round 1
ChatterBot Bravo round 1
ChatterBot Sierra round 1
ChatterBot India round 1
randomSelections Whiskey: {Whiskey, Golf, India, Bravo, Delta, Sierra} 
2024-10-14 20:51:59.826205 Whiskey: Let's form a team
ChatterBot Golf reevaluating
ChatterBot India reevaluating
ChatterBot Bravo reevaluating
ChatterBot Delta reevaluating
ChatterBot Sierra reevaluating
2024-10-14 20:51:59.839410 Golf: Yes
2024-10-14 20:51:59.841155 India: Yes
2024-10-14 20:51:59.841328 Bravo: Yes
2024-10-14 20:51:59.841486 Delta: Yes
2024-10-14 20:51:59.841597 Sierra: Yes
ChatterBot India reevaluating
ChatterBot Bravo reevaluating
ChatterBot Delta reevaluating
ChatterBot Sierra reevaluating
ChatterBot Golf reevaluating
ChatterBot Bravo reevaluating
ChatterBot Delta reevaluating
ChatterBot Sierra reevaluating
ChatterBot Golf reevaluating
ChatterBot India reevaluating
ChatterBot Delta reevaluating
ChatterBot Sierra reevaluating
ChatterBot Golf reevaluating
ChatterBot India reevaluating
ChatterBot Bravo reevaluating
ChatterBot Sierra reevaluating
ChatterBot Golf reevaluating
ChatterBot India reevaluating
ChatterBot Bravo reevaluating
ChatterBot Delta reevaluating
randomSelections Yankee: {Yankee, Bravo, India, Sierra, Papa, Hotel} 
2024-10-14 20:51:59.891109 Yankee: Can we be friends?
ChatterBot Bravo reevaluating
ChatterBot India reevaluating
ChatterBot Sierra reevaluating
ChatterBot Papa reevaluating
ChatterBot Hotel reevaluating
2024-10-14 20:51:59.900486 Bravo: No
2024-10-14 20:51:59.900891 India: No
2024-10-14 20:51:59.902279 Sierra: No
2024-10-14 20:51:59.904381 Papa: Yes
2024-10-14 20:51:59.904648 Hotel: Yes
ChatterBot India reevaluating
ChatterBot Sierra reevaluating
ChatterBot Papa reevaluating
ChatterBot Hotel reevaluating
ChatterBot Bravo reevaluating
ChatterBot Sierra reevaluating
ChatterBot Papa reevaluating
ChatterBot Hotel reevaluating
ChatterBot Bravo reevaluating
ChatterBot India reevaluating
ChatterBot Papa reevaluating
ChatterBot Hotel reevaluating
ChatterBot Bravo reevaluating
ChatterBot India reevaluating
ChatterBot Sierra reevaluating
ChatterBot Hotel reevaluating
ChatterBot Bravo reevaluating
ChatterBot India reevaluating
ChatterBot Sierra reevaluating
ChatterBot Papa reevaluating
randomSelections Oscar: {Oscar, Sierra, Golf, Papa, Bravo} 
2024-10-14 20:51:59.978916 Oscar: Let's form a team
ChatterBot Sierra reevaluating
ChatterBot Golf reevaluating
ChatterBot Papa reevaluating
ChatterBot Bravo reevaluating
2024-10-14 20:52:00.032488 Sierra: No
2024-10-14 20:52:00.032711 Golf: No
2024-10-14 20:52:00.032821 Papa: No
2024-10-14 20:52:00.033060 Bravo: No
ChatterBot Golf reevaluating
ChatterBot Papa reevaluating
ChatterBot Bravo reevaluating
ChatterBot Sierra reevaluating
ChatterBot Papa reevaluating
ChatterBot Bravo reevaluating
ChatterBot Sierra reevaluating
ChatterBot Golf reevaluating
ChatterBot Bravo reevaluating
ChatterBot Sierra reevaluating
ChatterBot Golf reevaluating
ChatterBot Papa reevaluating
2024-10-14 20:52:00.095152 Oscar: Papa, sending you 2
2024-10-14 20:52:00.095763 Whiskey: Golf and Bravo, sending you 1
2024-10-14 20:52:00.096390 Delta: Whiskey and Sierra, sending you 2
2024-10-14 20:52:00.098166 Yankee: Papa and Sierra, sending you 1
2024-10-14 20:52:00.099329 Bravo: Delta, Golf and Sierra, sending you 3
2024-10-14 20:52:00.100080 India: Delta, sending you 2
2024-10-14 20:52:00.101541 Oscar: Golf and Bravo, sending you 5
2024-10-14 20:52:00.103057 Whiskey: Sierra, sending you 2
2024-10-14 20:52:00.103918 Delta: Bravo, sending you 4
2024-10-14 20:52:00.105349 Yankee: India, sending you 2
2024-10-14 20:52:00.106814 India: Golf, Whiskey and Bravo, sending you 3
2024-10-14 20:52:00.107681 Bravo: Whiskey and India, sending you 1
2024-10-14 20:52:00.109011 Papa: Hotel and Sierra, sending you 2
2024-10-14 20:52:00.109953 Oscar: Sierra, sending you 4
2024-10-14 20:52:00.111331 Sierra: Delta, sending you 5
2024-10-14 20:52:00.113209 Delta: India, sending you 5
2024-10-14 20:52:00.114027 Papa: Yankee and Bravo, sending you 6
2024-10-14 20:52:00.115450 Golf: Delta, sending you 4
2024-10-14 20:52:00.117165 Sierra: Whiskey and Bravo, sending you 1
2024-10-14 20:52:00.118473 Hotel: Papa, sending you 5
2024-10-14 20:52:00.119497 Papa: India, sending you 3
2024-10-14 20:52:00.133731 Golf: Whiskey and Sierra, sending you 1
2024-10-14 20:52:00.135685 Sierra: India, sending you 2
2024-10-14 20:52:00.137535 Hotel: Yankee, Bravo, Sierra and India, sending you 2
2024-10-14 20:52:00.138905 Golf: Bravo, sending you 2
2024-10-14 20:52:00.143663 Golf: India, sending you 3
chatterbot India submitting transactions
chatterbot Whiskey submitting transactions
chatterbot Papa submitting transactions
chatterbot Sierra submitting transactions
chatterbot Oscar submitting transactions
chatterbot Bravo submitting transactions
chatterbot Delta submitting transactions
chatterbot Yankee submitting transactions
chatterbot Hotel submitting transactions
chatterbot Golf submitting transactions
ChatterBot Oscar round 2
ChatterBot Papa round 2
ChatterBot Delta round 2
ChatterBot Golf round 2
ChatterBot Hotel round 2
2024-10-14 20:52:02.136193 Papa: Can we be friends?
ChatterBot Hotel reevaluating
ChatterBot Yankee reevaluating
ChatterBot Oscar reevaluating
2024-10-14 20:52:02.157155 Hotel: No
2024-10-14 20:52:02.157341 Yankee: No
2024-10-14 20:52:02.157456 Oscar: Yes
ChatterBot Yankee reevaluating
ChatterBot Oscar reevaluating
ChatterBot Hotel reevaluating
ChatterBot Oscar reevaluating
ChatterBot Hotel reevaluating
ChatterBot Yankee reevaluating
ChatterBot Yankee round 2
ChatterBot Whiskey round 2
ChatterBot Bravo round 2
2024-10-14 20:52:02.232843 Golf: We should add Oscar
ChatterBot Whiskey reevaluating
ChatterBot India reevaluating
ChatterBot Bravo reevaluating
ChatterBot Sierra reevaluating
2024-10-14 20:52:02.269544 Whiskey: Yes
2024-10-14 20:52:02.269729 India: No
2024-10-14 20:52:02.269861 Bravo: Yes
2024-10-14 20:52:02.269976 Delta: No
2024-10-14 20:52:02.270511 Sierra: No
ChatterBot India reevaluating
ChatterBot Bravo reevaluating
ChatterBot Sierra reevaluating
ChatterBot Whiskey reevaluating
ChatterBot Bravo reevaluating
ChatterBot Sierra reevaluating
ChatterBot Whiskey reevaluating
ChatterBot India reevaluating
ChatterBot Sierra reevaluating
ChatterBot Whiskey reevaluating
ChatterBot India reevaluating
ChatterBot Bravo reevaluating
ChatterBot Sierra reevaluating
ChatterBot Whiskey reevaluating
ChatterBot India reevaluating
ChatterBot Bravo reevaluating
ChatterBot Sierra round 2
ChatterBot India round 2
2024-10-14 20:52:02.470691 Delta: We should drop Whiskey
ChatterBot Bravo reevaluating
ChatterBot Sierra reevaluating
ChatterBot India reevaluating
2024-10-14 20:52:02.492877 Bravo: No
2024-10-14 20:52:02.493029 Sierra: Yes
2024-10-14 20:52:02.493140 Golf: No
2024-10-14 20:52:02.493310 India: Yes
ChatterBot Sierra reevaluating
ChatterBot India reevaluating
ChatterBot Bravo reevaluating
ChatterBot India reevaluating
ChatterBot Bravo reevaluating
ChatterBot Sierra reevaluating
ChatterBot India reevaluating
ChatterBot Bravo reevaluating
ChatterBot Sierra reevaluating
ChatterBot Golf reevaluating
2024-10-14 20:52:02.603163 Sierra: Let's form a team
ChatterBot Oscar reevaluating
ChatterBot Bravo reevaluating
2024-10-14 20:52:02.632024 Oscar: Yes
2024-10-14 20:52:02.632642 Delta: No
2024-10-14 20:52:02.632808 Bravo: Yes
ChatterBot Delta reevaluating
ChatterBot Bravo reevaluating
ChatterBot Sierra reevaluating
ChatterBot Oscar reevaluating
ChatterBot Bravo reevaluating
ChatterBot Sierra reevaluating
ChatterBot Oscar reevaluating
ChatterBot Delta reevaluating
ChatterBot Sierra reevaluating
2024-10-14 20:52:02.813177 Sierra: We should replace Whiskey with Oscar
ChatterBot Delta reevaluating
ChatterBot Bravo reevaluating
ChatterBot Golf reevaluating
ChatterBot India reevaluating
2024-10-14 20:52:02.852096 Delta: No
2024-10-14 20:52:02.852993 Bravo: Yes
2024-10-14 20:52:02.853263 Golf: Yes
2024-10-14 20:52:02.853515 India: No
ChatterBot Bravo reevaluating
ChatterBot Golf reevaluating
ChatterBot India reevaluating
ChatterBot Delta reevaluating
ChatterBot Golf reevaluating
ChatterBot India reevaluating
ChatterBot Delta reevaluating
ChatterBot Bravo reevaluating
ChatterBot Sierra reevaluating
ChatterBot India reevaluating
ChatterBot Delta reevaluating
ChatterBot Bravo reevaluating
ChatterBot Sierra reevaluating
ChatterBot Golf reevaluating
2024-10-14 20:52:03.032134 Whiskey: Oscar we want you to join our group
ChatterBot Oscar reevaluating
2024-10-14 20:52:03.043056 Oscar: No
ChatterBot Delta reevaluating
ChatterBot Golf reevaluating
2024-10-14 20:52:03.099105 Oscar: Friends?
ChatterBot Delta reevaluating
ChatterBot Golf reevaluating
ChatterBot India reevaluating
2024-10-14 20:52:03.138040 Delta: Yes
2024-10-14 20:52:03.138230 Bravo: Yes
2024-10-14 20:52:03.138439 Golf: Yes
2024-10-14 20:52:03.138652 India: Yes
ChatterBot Oscar reevaluating
ChatterBot Golf reevaluating
ChatterBot India reevaluating
ChatterBot Oscar reevaluating
ChatterBot Delta reevaluating
ChatterBot Golf reevaluating
ChatterBot India reevaluating
ChatterBot Oscar reevaluating
ChatterBot Delta reevaluating
ChatterBot India reevaluating
ChatterBot Oscar reevaluating
ChatterBot Delta reevaluating
ChatterBot Golf reevaluating
2024-10-14 20:52:03.300732 Bravo: Oscar we want you to join our group
ChatterBot Oscar reevaluating
2024-10-14 20:52:03.312033 Oscar: No
ChatterBot Delta reevaluating
chatterbot Papa submitting transactions
2024-10-14 20:52:03.359467 Papa: Oscar and Yankee, sending you 6
chatterbot Whiskey submitting transactions
chatterbot Hotel submitting transactions
2024-10-14 20:52:03.361311 Sierra: Oscar we want you to join our group
ChatterBot Oscar reevaluating
2024-10-14 20:52:03.372380 Oscar: No
2024-10-14 20:52:03.503269 Hotel: Oscar and Yankee, sending you 3
2024-10-14 20:52:03.505081 Golf: Oscar we want you to join our group
ChatterBot Oscar reevaluating
2024-10-14 20:52:03.517707 Oscar: No
2024-10-14 20:52:03.564188 Papa: Hotel, sending you 8
2024-10-14 20:52:03.564799 Yankee: Oscar and Hotel, sending you 1
2024-10-14 20:52:03.566036 India: Oscar we want you to join our group
ChatterBot Oscar reevaluating
2024-10-14 20:52:03.577940 Oscar: No
2024-10-14 20:52:03.623602 Delta: Oscar we want you to join our group
ChatterBot Oscar reevaluating
2024-10-14 20:52:03.630657 Oscar: No
2024-10-14 20:52:03.656659 Hotel: Papa, sending you 7
2024-10-14 20:52:03.657701 Yankee: Papa, sending you 2
2024-10-14 20:52:03.661509 Whiskey: Delta, Bravo, Sierra and India, sending you 1
2024-10-14 20:52:03.661935 Bravo: Oscar, Delta, Golf and India, sending you 4
2024-10-14 20:52:03.669126 Bravo: Sierra, sending you 2
2024-10-14 20:52:03.670123 Delta: Oscar, sending you 1
2024-10-14 20:52:03.679890 Sierra: Oscar, sending you 5
2024-10-14 20:52:03.681213 Delta: Golf, Bravo, Sierra and India, sending you 3
2024-10-14 20:52:03.682402 Golf: Oscar, sending you 4
2024-10-14 20:52:03.699226 Oscar: Delta, Golf, Bravo and India, sending you 4
2024-10-14 20:52:03.700296 Sierra: Delta, sending you 3
2024-10-14 20:52:03.700786 Golf: Delta, sending you 1
2024-10-14 20:52:03.701875 India: Oscar and Bravo, sending you 1
chatterbot Bravo submitting transactions
2024-10-14 20:52:03.711437 Sierra: Golf, sending you 1
2024-10-14 20:52:03.712331 Golf: Bravo and India, sending you 3
2024-10-14 20:52:03.712783 India: Delta, sending you 4
2024-10-14 20:52:03.719827 Sierra: Bravo, sending you 4
2024-10-14 20:52:03.721646 India: Golf, sending you 3
2024-10-14 20:52:03.731496 India: Sierra, sending you 2
chatterbot Sierra submitting transactions
chatterbot India submitting transactions
chatterbot Yankee submitting transactions
chatterbot Oscar submitting transactions
chatterbot Delta submitting transactions
chatterbot Golf submitting transactions
ChatterBot Oscar round 3
ChatterBot Papa round 3
ChatterBot Delta round 3
ChatterBot Golf round 3
ChatterBot Hotel round 3
ChatterBot Yankee round 3
ChatterBot Whiskey round 3
ChatterBot Bravo round 3
ChatterBot Sierra round 3
2024-10-14 20:52:04.629368 Oscar: We should replace India with Sierra
ChatterBot Delta reevaluating
ChatterBot Golf reevaluating
ChatterBot Bravo reevaluating
2024-10-14 20:52:04.649382 Delta: No
2024-10-14 20:52:04.650011 Golf: No
2024-10-14 20:52:04.650175 Bravo: No
ChatterBot Golf reevaluating
ChatterBot Bravo reevaluating
ChatterBot Delta reevaluating
ChatterBot Bravo reevaluating
ChatterBot Oscar reevaluating
ChatterBot Delta reevaluating
ChatterBot Golf reevaluating
ChatterBot India round 3
2024-10-14 20:52:04.721689 Hotel: We should drop Oscar
2024-10-14 20:52:04.729821 Papa: No
2024-10-14 20:52:04.730032 Yankee: Yes
2024-10-14 20:52:04.795842 Papa: Oscar, sending you 5
2024-10-14 20:52:04.832689 Whiskey: Delta, Bravo, Sierra and India, sending you 1
2024-10-14 20:52:04.833229 Delta: Oscar, sending you 1
2024-10-14 20:52:04.833585 Bravo: Oscar, Delta, Golf and Sierra, sending you 4
2024-10-14 20:52:04.834596 Sierra: Oscar and India, sending you 2
2024-10-14 20:52:04.834950 Hotel: Papa, sending you 8
2024-10-14 20:52:04.835181 Papa: Hotel, sending you 9
2024-10-14 20:52:04.835406 Golf: Oscar and Bravo, sending you 3
2024-10-14 20:52:04.836254 Delta: Golf, Bravo, Sierra and India, sending you 3
2024-10-14 20:52:04.845699 Bravo: India, sending you 2
2024-10-14 20:52:04.846333 Sierra: Delta and Bravo, sending you 4
2024-10-14 20:52:04.847491 Papa: Yankee, sending you 6
2024-10-14 20:52:04.847767 Golf: Delta and India, sending you 2
2024-10-14 20:52:04.848120 Hotel: Yankee, sending you 5
2024-10-14 20:52:04.848319 Oscar: Delta and India, sending you 3
2024-10-14 20:52:04.848707 Yankee: Sending you each 2
2024-10-14 20:52:04.849548 India: Oscar, Golf and Bravo, sending you 2
2024-10-14 20:52:04.849991 Sierra: Golf, sending you 1
2024-10-14 20:52:04.854272 Golf: Sierra, sending you 1
2024-10-14 20:52:04.854730 Oscar: Golf and Bravo, sending you 5
2024-10-14 20:52:04.855620 India: Delta, sending you 4
2024-10-14 20:52:04.859755 India: Sierra, sending you 1
chatterbot Papa submitting transactions
chatterbot Golf submitting transactions
chatterbot Delta submitting transactions
chatterbot Whiskey submitting transactions
chatterbot India submitting transactions
chatterbot Hotel submitting transactions
chatterbot Bravo submitting transactions
chatterbot Yankee submitting transactions
chatterbot Sierra submitting transactions
chatterbot Oscar submitting transactions
ChatterBot Oscar round 4
ChatterBot Papa round 4
ChatterBot Delta round 4
ChatterBot Golf round 4
2024-10-14 20:52:05.828207 Oscar: We should replace India with Sierra
ChatterBot Golf reevaluating
2024-10-14 20:52:05.836216 Delta: No
2024-10-14 20:52:05.836950 Golf: No
2024-10-14 20:52:05.837150 Bravo: No
ChatterBot Golf reevaluating
ChatterBot Oscar reevaluating
ChatterBot Oscar reevaluating
ChatterBot Golf reevaluating
ChatterBot Hotel round 4
ChatterBot Yankee round 4
ChatterBot Whiskey round 4
ChatterBot Bravo round 4
ChatterBot Sierra round 4
ChatterBot India round 4
2024-10-14 20:52:05.871851 Papa: We should replace Oscar with Sierra
2024-10-14 20:52:05.877403 Hotel: No
2024-10-14 20:52:05.877562 Yankee: No
ChatterBot Papa reevaluating
ChatterBot Papa reevaluating
2024-10-14 20:52:05.909004 India: We should add Whiskey
ChatterBot Bravo reevaluating
ChatterBot Oscar reevaluating
ChatterBot Golf reevaluating
2024-10-14 20:52:05.922771 Bravo: Yes
2024-10-14 20:52:05.922931 Oscar: No
2024-10-14 20:52:05.923043 Delta: No
2024-10-14 20:52:05.923151 Sierra: No
2024-10-14 20:52:05.923249 Golf: Yes
ChatterBot Oscar reevaluating
ChatterBot Golf reevaluating
ChatterBot Bravo reevaluating
ChatterBot Golf reevaluating
ChatterBot India reevaluating
ChatterBot Bravo reevaluating
ChatterBot Oscar reevaluating
ChatterBot Golf reevaluating
ChatterBot India reevaluating
ChatterBot Bravo reevaluating
ChatterBot Oscar reevaluating
ChatterBot Golf reevaluating
ChatterBot India reevaluating
ChatterBot Bravo reevaluating
ChatterBot Oscar reevaluating
ChatterBot India reevaluating
2024-10-14 20:52:05.992208 Papa: We should replace Oscar with Golf
2024-10-14 20:52:05.997764 Hotel: No
2024-10-14 20:52:05.997897 Yankee: No
ChatterBot Papa reevaluating
ChatterBot Papa reevaluating
2024-10-14 20:52:06.010 Papa: We should replace Oscar with Whiskey
2024-10-14 20:52:06.014595 Hotel: No
2024-10-14 20:52:06.014800 Yankee: No
ChatterBot Papa reevaluating
ChatterBot Papa reevaluating
2024-10-14 20:52:06.025144 Golf: Whiskey we want you to join our group
2024-10-14 20:52:06.028 Whiskey: Yes
ChatterBot Oscar reevaluating
ChatterBot Bravo reevaluating
ChatterBot India reevaluating
2024-10-14 20:52:06.163516 Oscar: Sierra we want you to join our group
2024-10-14 20:52:06.170352 Sierra: Yes
ChatterBot Oscar reevaluating
ChatterBot Bravo reevaluating
2024-10-14 20:52:06.193609 India: Whiskey we want you to join our group
2024-10-14 20:52:06.199729 Whiskey: Yes
ChatterBot Oscar reevaluating
ChatterBot Bravo reevaluating
ChatterBot India reevaluating
2024-10-14 20:52:06.235515 Hotel: Papa, sending you 8
2024-10-14 20:52:06.236866 Delta: Oscar, Bravo, Sierra and India, sending you 3
2024-10-14 20:52:06.237894 Whiskey: Delta, Golf, Bravo and India, sending you 1
2024-10-14 20:52:06.239008 Yankee: Same as last round
2024-10-14 20:52:06.239645 Sierra: Oscar and India, sending you 2
2024-10-14 20:52:06.241124 Papa: Sierra we want you to join our group
2024-10-14 20:52:06.246676 Sierra: No
ChatterBot Papa reevaluating
ChatterBot Hotel reevaluating
2024-10-14 20:52:06.264987 Hotel: We should add Whiskey
ChatterBot Papa reevaluating
2024-10-14 20:52:06.276878 Papa: Yes
2024-10-14 20:52:06.277343 Yankee: No
ChatterBot Hotel reevaluating
ChatterBot Hotel reevaluating
ChatterBot Papa reevaluating
2024-10-14 20:52:06.303865 Oscar: We should replace Delta with Sierra
ChatterBot Bravo reevaluating
ChatterBot India reevaluating
2024-10-14 20:52:06.321280 Golf: No
2024-10-14 20:52:06.322014 Bravo: No
2024-10-14 20:52:06.323041 India: No
ChatterBot Bravo reevaluating
ChatterBot India reevaluating
ChatterBot Oscar reevaluating
ChatterBot India reevaluating
ChatterBot Oscar reevaluating
ChatterBot Bravo reevaluating
2024-10-14 20:52:06.356303 Delta: Golf, sending you 1
2024-10-14 20:52:06.356949 Sierra: Delta and Bravo, sending you 4
2024-10-14 20:52:06.357399 Golf: Oscar and Bravo, sending you 3
chatterbot Whiskey submitting transactions
2024-10-14 20:52:06.361699 Sierra: Golf, sending you 1
2024-10-14 20:52:06.362678 Golf: Delta and India, sending you 2
2024-10-14 20:52:06.363665 Bravo: Whiskey we want you to join our group
2024-10-14 20:52:06.367128 Whiskey: Yes
ChatterBot Oscar reevaluating
ChatterBot Bravo reevaluating
ChatterBot India reevaluating
2024-10-14 20:52:06.382079 Golf: Sierra, sending you 1
chatterbot Delta submitting transactions
2024-10-14 20:52:06.392686 Papa: Hotel, sending you 9
2024-10-14 20:52:06.396675 Papa: Yankee, sending you 6
2024-10-14 20:52:06.399681 Papa: Sierra, sending you 5
2024-10-14 20:52:06.409658 India: Oscar, Golf and Bravo, sending you 2
2024-10-14 20:52:06.412673 India: Delta, sending you 3
2024-10-14 20:52:06.416671 Bravo: Oscar, Delta, Golf, Whiskey, Sierra and India, sending you 3
2024-10-14 20:52:06.417531 India: Whiskey and Sierra, sending you 1
2024-10-14 20:52:06.418692 Oscar: Delta, sending you 3
2024-10-14 20:52:06.421664 Oscar: Golf and Sierra, sending you 4
2024-10-14 20:52:06.426684 Oscar: Bravo, sending you 5
chatterbot Papa submitting transactions
chatterbot Bravo submitting transactions
chatterbot Golf submitting transactions
chatterbot India submitting transactions
chatterbot Oscar submitting transactions
chatterbot Yankee submitting transactions
chatterbot Sierra submitting transactions
chatterbot Hotel submitting transactions
ChatterBot Oscar round 5
ChatterBot Papa round 5
2024-10-14 20:52:07.255263 Papa: We should replace Sierra with Whiskey
ChatterBot Yankee reevaluating
2024-10-14 20:52:07.261472 Hotel: No
2024-10-14 20:52:07.261624 Yankee: Yes
ChatterBot Papa reevaluating
ChatterBot Yankee reevaluating
ChatterBot Papa reevaluating
ChatterBot Delta round 5
ChatterBot Golf round 5
ChatterBot Hotel round 5
ChatterBot Yankee round 5
ChatterBot Whiskey round 5
ChatterBot Bravo round 5
ChatterBot Sierra round 5
ChatterBot India round 5
2024-10-14 20:52:07.324104 Papa: Whiskey we want you to join our group
2024-10-14 20:52:07.328208 Whiskey: No
ChatterBot Papa reevaluating
2024-10-14 20:52:07.341673 Oscar: Delta, sending you 3
2024-10-14 20:52:07.346680 Oscar: Golf and Sierra, sending you 4
2024-10-14 20:52:07.349669 Whiskey: Delta, Golf, Bravo and India, sending you 1
2024-10-14 20:52:07.350703 India: Oscar, Golf, Whiskey, Bravo and Sierra, sending you 1
2024-10-14 20:52:07.351715 Oscar: Bravo, sending you 5
2024-10-14 20:52:07.352676 Golf: Oscar and Bravo, sending you 2
2024-10-14 20:52:07.353670 India: Delta, sending you 2
2024-10-14 20:52:07.355686 Golf: Delta, Sierra and India, sending you 1
2024-10-14 20:52:07.356661 Yankee: Same as last round
2024-10-14 20:52:07.359674 Sierra: Oscar, sending you 3
2024-10-14 20:52:07.360682 Bravo: Oscar, Delta, Golf, Whiskey, Sierra and India, sending you 3
2024-10-14 20:52:07.361263 Papa: Hotel, sending you 9
2024-10-14 20:52:07.361699 Hotel: Papa, sending you 7
2024-10-14 20:52:07.362761 Sierra: Delta and Bravo, sending you 4
2024-10-14 20:52:07.363704 Delta: Oscar, Bravo, Sierra and India, sending you 3
2024-10-14 20:52:07.364674 Papa: Yankee, sending you 6
2024-10-14 20:52:07.364958 Hotel: Yankee, sending you 5
2024-10-14 20:52:07.367665 Sierra: India, sending you 2
2024-10-14 20:52:07.368700 Delta: Golf, sending you 1
2024-10-14 20:52:07.369231 Papa: Sierra, sending you 5
chatterbot Yankee submitting transactions
chatterbot Hotel submitting transactions
chatterbot Papa submitting transactions
chatterbot Whiskey submitting transactions
chatterbot Delta submitting transactions
chatterbot Golf submitting transactions
chatterbot Sierra submitting transactions
chatterbot Bravo submitting transactions
chatterbot India submitting transactions
chatterbot Oscar submitting transactions
ChatterBot Oscar round 6
ChatterBot Papa round 6
ChatterBot Delta round 6
ChatterBot Golf round 6
ChatterBot Hotel round 6
ChatterBot Yankee round 6
ChatterBot Whiskey round 6
ChatterBot Bravo round 6
ChatterBot Sierra round 6
ChatterBot India round 6
2024-10-14 20:52:08.503351 Papa: We should replace Sierra with Delta
ChatterBot Yankee reevaluating
2024-10-14 20:52:08.513810 Hotel: No
2024-10-14 20:52:08.514012 Yankee: No
ChatterBot Papa reevaluating
ChatterBot Yankee reevaluating
ChatterBot Papa reevaluating
2024-10-14 20:52:08.536671 Yankee: We should add Whiskey
ChatterBot Hotel reevaluating
ChatterBot Papa reevaluating
2024-10-14 20:52:08.547924 Hotel: Yes
2024-10-14 20:52:08.548110 Papa: Yes
ChatterBot Papa reevaluating
ChatterBot Yankee reevaluating
ChatterBot Hotel reevaluating
ChatterBot Yankee reevaluating
2024-10-14 20:52:08.600739 Papa: We should replace Sierra with Whiskey
ChatterBot Hotel reevaluating
ChatterBot Yankee reevaluating
2024-10-14 20:52:08.607732 Hotel: Yes
2024-10-14 20:52:08.607920 Yankee: Yes
ChatterBot Papa reevaluating
ChatterBot Yankee reevaluating
ChatterBot Hotel reevaluating
ChatterBot Papa reevaluating
2024-10-14 20:52:08.625685 Papa: Whiskey we want you to join our group
2024-10-14 20:52:08.629281 Whiskey: No
ChatterBot Papa reevaluating
2024-10-14 20:52:08.641264 Oscar: Sending you each 4
2024-10-14 20:52:08.642073 Delta: Oscar, Bravo, Sierra and India, sending you 3
2024-10-14 20:52:08.642737 Hotel: Whiskey we want you to join our group
2024-10-14 20:52:08.647227 Whiskey: No
2024-10-14 20:52:08.661254 Yankee: Whiskey we want you to join our group
2024-10-14 20:52:08.666138 Whiskey: No
2024-10-14 20:52:08.680149 Delta: Golf, sending you 1
2024-10-14 20:52:08.680753 Sierra: Oscar, sending you 3
2024-10-14 20:52:08.681074 Whiskey: Delta, Golf, Bravo and India, sending you 1
2024-10-14 20:52:08.682682 Golf: Oscar and Bravo, sending you 3
2024-10-14 20:52:08.684216 Bravo: Oscar, Delta, Golf, Whiskey, Sierra and India, sending you 3
2024-10-14 20:52:08.684992 India: Oscar and Whiskey, sending you 1
2024-10-14 20:52:08.685412 Sierra: Papa, sending you 2
2024-10-14 20:52:08.686677 Golf: Delta and India, sending you 2
2024-10-14 20:52:08.689660 India: Delta, sending you 3
2024-10-14 20:52:08.690676 Sierra: Delta and Bravo, sending you 4
2024-10-14 20:52:08.691648 Golf: Sierra, sending you 1
2024-10-14 20:52:08.693682 India: Golf, Bravo and Sierra, sending you 2
2024-10-14 20:52:08.696668 Yankee: Papa, sending you 2
2024-10-14 20:52:08.700702 Yankee: Hotel and Whiskey, sending you 1
2024-10-14 20:52:08.701654 Hotel: Papa, sending you 5
2024-10-14 20:52:08.705668 Hotel: Yankee, sending you 4
2024-10-14 20:52:08.708886 Hotel: Whiskey, sending you 3
chatterbot Oscar submitting transactions
chatterbot Whiskey submitting transactions
chatterbot Papa submitting transactions
chatterbot Delta submitting transactions
chatterbot Golf submitting transactions
chatterbot Sierra submitting transactions
chatterbot Yankee submitting transactions
chatterbot India submitting transactions
chatterbot Bravo submitting transactions
chatterbot Hotel submitting transactions
ChatterBot Oscar round 7
ChatterBot Papa round 7
ChatterBot Delta round 7
ChatterBot Golf round 7
ChatterBot Hotel round 7
ChatterBot Yankee round 7
ChatterBot Whiskey round 7
ChatterBot Bravo round 7
ChatterBot Sierra round 7
2024-10-14 20:52:09.892264 Hotel: We should replace Whiskey with Delta
ChatterBot Papa reevaluating
ChatterBot Yankee reevaluating
2024-10-14 20:52:09.900341 Papa: No
2024-10-14 20:52:09.900515 Yankee: No
ChatterBot Yankee reevaluating
ChatterBot Hotel reevaluating
ChatterBot Papa reevaluating
2024-10-14 20:52:09.918257 Papa: We should replace Whiskey with Oscar
ChatterBot Hotel reevaluating
ChatterBot Yankee reevaluating
2024-10-14 20:52:09.925019 Hotel: Yes
2024-10-14 20:52:09.925212 Yankee: No
ChatterBot Papa reevaluating
ChatterBot Yankee reevaluating
ChatterBot Hotel reevaluating
ChatterBot Papa reevaluating
ChatterBot India round 7
2024-10-14 20:52:09.954701 Oscar: We should replace Delta with India
2024-10-14 20:52:09.973183 Golf: No
2024-10-14 20:52:09.973371 Bravo: No
2024-10-14 20:52:09.973517 Sierra: No
ChatterBot Oscar reevaluating
ChatterBot Sierra reevaluating
ChatterBot Oscar reevaluating
ChatterBot Sierra reevaluating
ChatterBot Oscar reevaluating
2024-10-14 20:52:10.010167 Papa: Can we be friends?
ChatterBot Hotel reevaluating
ChatterBot Yankee reevaluating
ChatterBot Oscar reevaluating
ChatterBot Sierra reevaluating
2024-10-14 20:52:10.028561 Hotel: No
2024-10-14 20:52:10.028696 Yankee: No
2024-10-14 20:52:10.028792 Oscar: No
2024-10-14 20:52:10.028881 Delta: No
2024-10-14 20:52:10.028990 Bravo: No
2024-10-14 20:52:10.029076 Sierra: No
ChatterBot Papa reevaluating
ChatterBot Yankee reevaluating
ChatterBot Oscar reevaluating
ChatterBot Sierra reevaluating
ChatterBot Papa reevaluating
ChatterBot Hotel reevaluating
ChatterBot Oscar reevaluating
ChatterBot Sierra reevaluating
ChatterBot Papa reevaluating
ChatterBot Hotel reevaluating
ChatterBot Yankee reevaluating
ChatterBot Sierra reevaluating
ChatterBot Papa reevaluating
ChatterBot Hotel reevaluating
ChatterBot Yankee reevaluating
ChatterBot Oscar reevaluating
ChatterBot Sierra reevaluating
ChatterBot Papa reevaluating
ChatterBot Hotel reevaluating
ChatterBot Yankee reevaluating
ChatterBot Oscar reevaluating
ChatterBot Sierra reevaluating
ChatterBot Papa reevaluating
ChatterBot Hotel reevaluating
ChatterBot Yankee reevaluating
ChatterBot Oscar reevaluating
2024-10-14 20:52:10.169063 Yankee: We should drop Whiskey
ChatterBot Hotel reevaluating
ChatterBot Papa reevaluating
2024-10-14 20:52:10.175816 Hotel: Yes
2024-10-14 20:52:10.175956 Papa: Yes
ChatterBot Papa reevaluating
ChatterBot Hotel reevaluating
2024-10-14 20:52:10.192675 Golf: Oscar and Bravo, sending you 3
2024-10-14 20:52:10.193728 Delta: Oscar, Bravo, Sierra and India, sending you 3
2024-10-14 20:52:10.196712 Delta: Golf, sending you 1
2024-10-14 20:52:10.197806 Papa: Delta we want you to join our group
2024-10-14 20:52:10.207780 Delta: No
ChatterBot Hotel reevaluating
2024-10-14 20:52:10.229526 Golf: Delta and India, sending you 2
2024-10-14 20:52:10.230148 Bravo: Oscar, Delta, Golf, Whiskey, Sierra and India, sending you 3
2024-10-14 20:52:10.233665 India: Oscar, Whiskey and Sierra, sending you 1
2024-10-14 20:52:10.235026 Sierra: Oscar, sending you 3
2024-10-14 20:52:10.235595 Yankee: Sending you each 2
2024-10-14 20:52:10.235867 Whiskey: Delta, Golf, Bravo and India, sending you 1
2024-10-14 20:52:10.236283 Golf: Whiskey, sending you 1
2024-10-14 20:52:10.236724 Oscar: Same as last round
2024-10-14 20:52:10.238664 India: Delta and Bravo, sending you 3
2024-10-14 20:52:10.239698 Sierra: Papa, sending you 2
2024-10-14 20:52:10.241678 India: Golf, sending you 2
2024-10-14 20:52:10.244676 Sierra: Delta and Bravo, sending you 4
2024-10-14 20:52:10.247675 Papa: Delta, sending you 5
2024-10-14 20:52:10.252811 Papa: Hotel, sending you 9
2024-10-14 20:52:10.256677 Hotel: Papa, sending you 7
2024-10-14 20:52:10.257670 Papa: Yankee, sending you 6
2024-10-14 20:52:10.261673 Hotel: Yankee, sending you 6
chatterbot Delta submitting transactions
chatterbot Oscar submitting transactions
chatterbot Bravo submitting transactions
chatterbot Golf submitting transactions
chatterbot Papa submitting transactions
chatterbot Hotel submitting transactions
chatterbot Sierra submitting transactions
chatterbot Whiskey submitting transactions
chatterbot Yankee submitting transactions
chatterbot India submitting transactions
ChatterBot Oscar round 8
ChatterBot Papa round 8
ChatterBot Delta round 8
ChatterBot Golf round 8
ChatterBot Hotel round 8
ChatterBot Yankee round 8
ChatterBot Whiskey round 8
ChatterBot Bravo round 8
ChatterBot Sierra round 8
2024-10-14 20:52:11.396773 Oscar: We should replace Delta with India
2024-10-14 20:52:11.410169 Golf: No
2024-10-14 20:52:11.410327 Bravo: No
2024-10-14 20:52:11.410446 Sierra: No
ChatterBot Oscar reevaluating
ChatterBot Sierra reevaluating
ChatterBot Oscar reevaluating
ChatterBot Sierra reevaluating
ChatterBot Oscar reevaluating
ChatterBot India round 8
2024-10-14 20:52:11.489700 Sierra: Oscar, Delta and Bravo, sending you 4
2024-10-14 20:52:11.492099 Papa: Oscar and Delta, sending you 3
2024-10-14 20:52:11.492572 Delta: Oscar, Bravo, Sierra and India, sending you 3
2024-10-14 20:52:11.493117 Whiskey: Delta, Golf, Bravo and India, sending you 1
2024-10-14 20:52:11.493695 Yankee: Same as last round
2024-10-14 20:52:11.494039 Sierra: Papa, sending you 1
2024-10-14 20:52:11.496653 Papa: Hotel, sending you 6
2024-10-14 20:52:11.497034 Delta: Golf, sending you 1
2024-10-14 20:52:11.497496 Hotel: Oscar, sending you 3
2024-10-14 20:52:11.497809 Oscar: Same as last round
2024-10-14 20:52:11.501680 Papa: Yankee and Sierra, sending you 4
2024-10-14 20:52:11.502659 Hotel: Papa, sending you 6
2024-10-14 20:52:11.504657 Golf: Oscar and Bravo, sending you 3
2024-10-14 20:52:11.505667 Bravo: Oscar, Delta, Golf, Whiskey, Sierra and India, sending you 3
2024-10-14 20:52:11.506209 Hotel: Yankee, sending you 4
2024-10-14 20:52:11.509688 Golf: Delta and India, sending you 2
2024-10-14 20:52:11.510681 India: Oscar, Whiskey and Sierra, sending you 1
2024-10-14 20:52:11.513662 Golf: Whiskey, sending you 1
2024-10-14 20:52:11.515664 India: Delta and Bravo, sending you 3
2024-10-14 20:52:11.518645 India: Golf, sending you 2
chatterbot Oscar submitting transactions
chatterbot Papa submitting transactions
chatterbot Golf submitting transactions
chatterbot Bravo submitting transactions
chatterbot Whiskey submitting transactions
chatterbot Sierra submitting transactions
chatterbot Hotel submitting transactions
chatterbot India submitting transactions
chatterbot Yankee submitting transactions
chatterbot Delta submitting transactions
ChatterBot Oscar round 9
ChatterBot Papa round 9
ChatterBot Delta round 9
ChatterBot Golf round 9
ChatterBot Hotel round 9
ChatterBot Yankee round 9
ChatterBot Whiskey round 9
ChatterBot Bravo round 9
ChatterBot Sierra round 9
ChatterBot India round 9
2024-10-14 20:52:12.686819 Bravo: We should drop Delta and Whiskey
ChatterBot Sierra reevaluating
ChatterBot Golf reevaluating
ChatterBot India reevaluating
2024-10-14 20:52:12.708795 Oscar: No
2024-10-14 20:52:12.709028 Sierra: No
2024-10-14 20:52:12.709184 Golf: Yes
2024-10-14 20:52:12.709329 India: Yes
ChatterBot Bravo reevaluating
ChatterBot Sierra reevaluating
ChatterBot Golf reevaluating
ChatterBot India reevaluating
ChatterBot Bravo reevaluating
ChatterBot Golf reevaluating
ChatterBot India reevaluating
ChatterBot Bravo reevaluating
ChatterBot Sierra reevaluating
ChatterBot India reevaluating
ChatterBot Bravo reevaluating
ChatterBot Sierra reevaluating
ChatterBot Golf reevaluating
2024-10-14 20:52:12.794664 Papa: Hotel, sending you 8
2024-10-14 20:52:12.796695 Delta: Oscar, Bravo, Sierra and India, sending you 3
2024-10-14 20:52:12.798115 Oscar: Same as last round
2024-10-14 20:52:12.799479 Papa: Yankee and Sierra, sending you 6
2024-10-14 20:52:12.800120 Hotel: Oscar, Delta, Bravo and Sierra, sending you 1
2024-10-14 20:52:12.800961 Yankee: Same as last round
2024-10-14 20:52:12.801555 Whiskey: Delta, Golf, Bravo and India, sending you 1
2024-10-14 20:52:12.803107 Delta: Golf, sending you 1
2024-10-14 20:52:12.805988 Hotel: Papa, sending you 5
2024-10-14 20:52:12.809044 Hotel: Yankee, sending you 4
2024-10-14 20:52:12.817682 Sierra: Oscar, Delta and Bravo, sending you 4
2024-10-14 20:52:12.820710 Sierra: Papa, sending you 1
2024-10-14 20:52:12.822706 India: Oscar, Whiskey and Sierra, sending you 1
2024-10-14 20:52:12.827047 Bravo: Oscar, Delta and Sierra, sending you 5
2024-10-14 20:52:12.829169 India: Delta and Bravo, sending you 3
2024-10-14 20:52:12.830114 Golf: Oscar, sending you 4
2024-10-14 20:52:12.830478 Bravo: Papa, sending you 3
2024-10-14 20:52:12.835083 India: Golf, sending you 2
2024-10-14 20:52:12.836141 Golf: Bravo and India, sending you 3
2024-10-14 20:52:12.840704 Golf: Sierra, sending you 1
chatterbot Yankee submitting transactions
chatterbot Papa submitting transactions
chatterbot Oscar submitting transactions
chatterbot Golf submitting transactions
chatterbot Bravo submitting transactions
chatterbot Whiskey submitting transactions
chatterbot Delta submitting transactions
chatterbot Hotel submitting transactions
chatterbot India submitting transactions
chatterbot Sierra submitting transactions
ChatterBot Oscar round 10
2024-10-14 20:52:14.051548 Oscar: We should replace Delta with India
ChatterBot Bravo reevaluating
2024-10-14 20:52:14.067833 Golf: Yes
2024-10-14 20:52:14.068477 Bravo: Yes
2024-10-14 20:52:14.068623 Sierra: No
ChatterBot Bravo reevaluating
ChatterBot Sierra reevaluating
ChatterBot Bravo reevaluating
ChatterBot Papa round 10
ChatterBot Delta round 10
ChatterBot Golf round 10
ChatterBot Hotel round 10
ChatterBot Yankee round 10
ChatterBot Whiskey round 10
ChatterBot Bravo round 10
ChatterBot Sierra round 10
ChatterBot India round 10
2024-10-14 20:52:14.114710 Oscar: India we want you to join our group
2024-10-14 20:52:14.120100 India: Yes
ChatterBot Bravo reevaluating
ChatterBot Sierra reevaluating
2024-10-14 20:52:14.174708 Sierra: We should replace Papa with Hotel
ChatterBot Delta reevaluating
2024-10-14 20:52:14.185654 Oscar: No
2024-10-14 20:52:14.185921 Delta: No
2024-10-14 20:52:14.186058 Bravo: No
ChatterBot Delta reevaluating
ChatterBot Sierra reevaluating
ChatterBot Sierra reevaluating
ChatterBot Delta reevaluating
ChatterBot Sierra reevaluating
2024-10-14 20:52:14.227235 Delta: We should drop Golf
ChatterBot Sierra reevaluating
ChatterBot India reevaluating
2024-10-14 20:52:14.244870 Oscar: No
2024-10-14 20:52:14.245511 Bravo: No
2024-10-14 20:52:14.245639 Sierra: Yes
2024-10-14 20:52:14.245750 India: No
ChatterBot Sierra reevaluating
ChatterBot India reevaluating
ChatterBot Delta reevaluating
ChatterBot Sierra reevaluating
ChatterBot India reevaluating
ChatterBot Delta reevaluating
ChatterBot India reevaluating
ChatterBot Delta reevaluating
ChatterBot Sierra reevaluating
2024-10-14 20:52:14.328362 Hotel: Papa, sending you 4
2024-10-14 20:52:14.328908 Oscar: Golf and Sierra, sending you 4
2024-10-14 20:52:14.330700 Whiskey: Delta, Golf, Bravo and India, sending you 1
2024-10-14 20:52:14.332178 Bravo: Oscar and Sierra, sending you 5
2024-10-14 20:52:14.332757 Golf: Oscar, sending you 3
2024-10-14 20:52:14.333305 Yankee: Same as last round
2024-10-14 20:52:14.333787 Hotel: Delta, Bravo and Sierra, sending you 2
2024-10-14 20:52:14.334450 Oscar: Bravo, sending you 5
2024-10-14 20:52:14.335593 Papa: Oscar and Delta, sending you 2
2024-10-14 20:52:14.336554 India: We should drop Delta and Whiskey
ChatterBot Sierra reevaluating
2024-10-14 20:52:14.358870 Bravo: Yes
2024-10-14 20:52:14.359026 Oscar: Yes
2024-10-14 20:52:14.359143 Sierra: No
2024-10-14 20:52:14.359268 Golf: Yes
ChatterBot Sierra reevaluating
ChatterBot Sierra reevaluating
ChatterBot Sierra reevaluating
2024-10-14 20:52:14.414135 Bravo: Golf and India, sending you 4
2024-10-14 20:52:14.414871 Golf: Bravo and India, sending you 2
2024-10-14 20:52:14.415234 Hotel: Yankee, sending you 3
2024-10-14 20:52:14.415726 Papa: Hotel, sending you 6
2024-10-14 20:52:14.416089 Oscar: India, sending you 3
2024-10-14 20:52:14.419661 Papa: Yankee, sending you 4
2024-10-14 20:52:14.423677 Papa: Bravo and Sierra, sending you 3
2024-10-14 20:52:14.425688 India: Golf and Bravo, sending you 3
2024-10-14 20:52:14.429662 India: Sierra, sending you 1
2024-10-14 20:52:14.430681 Sierra: Oscar, Delta and Bravo, sending you 4
2024-10-14 20:52:14.432693 Delta: Oscar and Bravo, sending you 4
2024-10-14 20:52:14.435670 Sierra: Papa, sending you 1
2024-10-14 20:52:14.437227 Delta: Sierra, sending you 5
chatterbot Oscar submitting transactions
chatterbot Papa submitting transactions
chatterbot Sierra submitting transactions
chatterbot Hotel submitting transactions
chatterbot India submitting transactions
chatterbot Delta submitting transactions
chatterbot Bravo submitting transactions
chatterbot Whiskey submitting transactions
chatterbot Yankee submitting transactions
chatterbot Golf submitting transactions
ChatterBot Oscar round 11
ChatterBot Papa round 11
ChatterBot Delta round 11
ChatterBot Golf round 11
ChatterBot Hotel round 11
ChatterBot Yankee round 11
ChatterBot Whiskey round 11
ChatterBot Bravo round 11
ChatterBot Sierra round 11
ChatterBot India round 11
2024-10-14 20:52:15.501394 Delta: We should add Golf and India
ChatterBot Oscar reevaluating
2024-10-14 20:52:15.522732 Oscar: Yes
2024-10-14 20:52:15.523425 Bravo: Yes
2024-10-14 20:52:15.523634 Sierra: No
ChatterBot Oscar reevaluating
ChatterBot Delta reevaluating
ChatterBot Sierra reevaluating
ChatterBot Oscar reevaluating
ChatterBot Delta reevaluating
2024-10-14 20:52:15.628224 Delta: Golf and India we want you to join our group
2024-10-14 20:52:15.641546 Golf: No
2024-10-14 20:52:15.642400 India: No
ChatterBot Delta reevaluating
ChatterBot Sierra reevaluating
ChatterBot Delta reevaluating
ChatterBot Sierra reevaluating
2024-10-14 20:52:15.715482 Delta: We should add India
ChatterBot Sierra reevaluating
2024-10-14 20:52:15.729206 Oscar: Yes
2024-10-14 20:52:15.729394 Bravo: Yes
2024-10-14 20:52:15.730452 Sierra: No
ChatterBot Delta reevaluating
ChatterBot Sierra reevaluating
ChatterBot Delta reevaluating
ChatterBot Sierra reevaluating
ChatterBot Delta reevaluating
2024-10-14 20:52:15.793507 Papa: I was attacked by Golf and India
ChatterBot Hotel reevaluating
ChatterBot Yankee reevaluating
ChatterBot Oscar reevaluating
ChatterBot Delta reevaluating
ChatterBot Bravo reevaluating
ChatterBot Sierra reevaluating
2024-10-14 20:52:15.832879 Papa: I'm keeping this round to protect myself
