ChatterBot Victor round 1
ChatterBot India round 1
ChatterBot Whiskey round 1
randomSelections India: {India, Hotel, Oscar, Whiskey, X-ray, Tango, Victor} 
2024-10-14 20:51:59.340739 India: We would work well together
ChatterBot Whiskey reevaluating
ChatterBot Victor reevaluating
2024-10-14 20:51:59.355473 Whiskey: Yes
2024-10-14 20:51:59.355728 Victor: Yes
ChatterBot Victor reevaluating
ChatterBot Whiskey reevaluating
ChatterBot Papa round 1
ChatterBot Oscar round 1
ChatterBot Oscar reevaluating
ChatterBot Oscar reevaluating
ChatterBot Oscar reevaluating
2024-10-14 20:51:59.382786 Oscar: Yes
ChatterBot Whiskey reevaluating
ChatterBot Victor reevaluating
ChatterBot X-ray round 1
ChatterBot X-ray reevaluating
ChatterBot X-ray reevaluating
ChatterBot X-ray reevaluating
ChatterBot X-ray reevaluating
2024-10-14 20:51:59.398883 X-ray: Yes
ChatterBot Oscar reevaluating
ChatterBot Whiskey reevaluating
ChatterBot Victor reevaluating
ChatterBot Tango round 1
ChatterBot Tango reevaluating
ChatterBot Tango reevaluating
ChatterBot Tango reevaluating
ChatterBot Tango reevaluating
ChatterBot Tango reevaluating
2024-10-14 20:51:59.414864 Tango: Yes
ChatterBot Oscar reevaluating
ChatterBot Whiskey reevaluating
ChatterBot X-ray reevaluating
ChatterBot Victor reevaluating
ChatterBot Alpha round 1
ChatterBot Hotel round 1
ChatterBot Hotel reevaluating
ChatterBot Hotel reevaluating
ChatterBot Hotel reevaluating
ChatterBot Hotel reevaluating
ChatterBot Hotel reevaluating
ChatterBot Hotel reevaluating
2024-10-14 20:51:59.439125 Hotel: Yes
ChatterBot Oscar reevaluating
ChatterBot Whiskey reevaluating
ChatterBot X-ray reevaluating
ChatterBot Tango reevaluating
ChatterBot Victor reevaluating
ChatterBot Zulu round 1
randomSelections Papa: {Papa, X-ray, Oscar, India, Alpha, Zulu} 
2024-10-14 20:51:59.461311 Papa: We should group up
ChatterBot X-ray reevaluating
ChatterBot Oscar reevaluating
ChatterBot Alpha reevaluating
ChatterBot Zulu reevaluating
2024-10-14 20:51:59.475784 X-ray: No
2024-10-14 20:51:59.476432 Oscar: No
2024-10-14 20:51:59.476603 India: No
2024-10-14 20:51:59.476830 Alpha: Yes
2024-10-14 20:51:59.477 Zulu: Yes
ChatterBot Oscar reevaluating
ChatterBot Alpha reevaluating
ChatterBot Zulu reevaluating
ChatterBot X-ray reevaluating
ChatterBot Alpha reevaluating
ChatterBot Zulu reevaluating
ChatterBot X-ray reevaluating
ChatterBot Oscar reevaluating
ChatterBot Alpha reevaluating
ChatterBot Zulu reevaluating
ChatterBot X-ray reevaluating
ChatterBot Oscar reevaluating
ChatterBot Zulu reevaluating
ChatterBot X-ray reevaluating
ChatterBot Oscar reevaluating
ChatterBot Alpha reevaluating
2024-10-14 20:51:59.666915 India: Victor, Whiskey and X-ray, sending you 3
2024-10-14 20:51:59.671126 Whiskey: Victor, sending you 6
2024-10-14 20:51:59.672028 India: Oscar and Hotel, sending you 2
2024-10-14 20:51:59.673463 X-ray: India, sending you 5
2024-10-14 20:51:59.674780 Alpha: India and Zulu, sending you 2
2024-10-14 20:51:59.675532 Victor: India, Whiskey and Oscar, sending you 1
2024-10-14 20:51:59.676834 Papa: India, sending you 2
2024-10-14 20:51:59.678425 Whiskey: India, sending you 1
2024-10-14 20:51:59.679286 India: Tango, sending you 1
2024-10-14 20:51:59.681280 X-ray: Whiskey, Tango and Hotel, sending you 2
2024-10-14 20:51:59.682906 Alpha: Papa and Oscar, sending you 4
2024-10-14 20:51:59.684727 Victor: X-ray and Hotel, sending you 3
2024-10-14 20:51:59.686151 Papa: Oscar, sending you 1
2024-10-14 20:51:59.686943 Whiskey: Oscar and Tango, sending you 3
2024-10-14 20:51:59.688834 Zulu: India and Papa, sending you 2
2024-10-14 20:51:59.690347 Hotel: Victor and X-ray, sending you 2
2024-10-14 20:51:59.691045 Tango: India, sending you 6
2024-10-14 20:51:59.692372 X-ray: Oscar, sending you 3
2024-10-14 20:51:59.692993 Alpha: X-ray, sending you 3
2024-10-14 20:51:59.693659 Papa: X-ray and Zulu, sending you 3
2024-10-14 20:51:59.695084 Whiskey: Hotel, sending you 4
2024-10-14 20:51:59.697646 Zulu: Oscar, sending you 1
2024-10-14 20:51:59.699029 Hotel: India, sending you 4
2024-10-14 20:51:59.699855 Tango: Whiskey and X-ray, sending you 5
2024-10-14 20:51:59.701428 Papa: Alpha, sending you 4
2024-10-14 20:51:59.709004 Zulu: X-ray and Alpha, sending you 4
2024-10-14 20:51:59.709855 Hotel: Whiskey and Tango, sending you 1
2024-10-14 20:51:59.711375 Tango: Oscar, sending you 3
2024-10-14 20:51:59.715733 Hotel: Oscar, sending you 3
chatterbot Papa submitting transactions
chatterbot India submitting transactions
chatterbot Whiskey submitting transactions
chatterbot Zulu submitting transactions
chatterbot Victor submitting transactions
chatterbot Hotel submitting transactions
chatterbot X-ray submitting transactions
chatterbot Oscar submitting transactions
chatterbot Alpha submitting transactions
chatterbot Tango submitting transactions
ChatterBot Victor round 2
ChatterBot India round 2
ChatterBot Whiskey round 2
ChatterBot Papa round 2
ChatterBot Oscar round 2
ChatterBot X-ray round 2
ChatterBot Tango round 2
ChatterBot Alpha round 2
2024-10-14 20:52:00.861483 X-ray: We should group up
ChatterBot Victor reevaluating
ChatterBot India reevaluating
ChatterBot Whiskey reevaluating
ChatterBot Tango reevaluating
ChatterBot Hotel reevaluating
ChatterBot Papa reevaluating
ChatterBot Alpha reevaluating
ChatterBot Zulu reevaluating
2024-10-14 20:52:00.907402 Victor: No
2024-10-14 20:52:00.907550 India: No
2024-10-14 20:52:00.907669 Whiskey: No
2024-10-14 20:52:00.907790 Tango: No
2024-10-14 20:52:00.907895 Hotel: No
2024-10-14 20:52:00.907996 Papa: No
2024-10-14 20:52:00.908411 Alpha: No
2024-10-14 20:52:00.908515 Zulu: No
ChatterBot India reevaluating
ChatterBot Whiskey reevaluating
ChatterBot Tango reevaluating
ChatterBot Hotel reevaluating
ChatterBot Papa reevaluating
ChatterBot Alpha reevaluating
ChatterBot Zulu reevaluating
ChatterBot Victor reevaluating
ChatterBot Whiskey reevaluating
ChatterBot Tango reevaluating
ChatterBot Hotel reevaluating
ChatterBot Papa reevaluating
ChatterBot Alpha reevaluating
ChatterBot Zulu reevaluating
ChatterBot Victor reevaluating
ChatterBot India reevaluating
ChatterBot Tango reevaluating
ChatterBot Hotel reevaluating
ChatterBot Papa reevaluating
ChatterBot Alpha reevaluating
ChatterBot Zulu reevaluating
ChatterBot Victor reevaluating
ChatterBot India reevaluating
ChatterBot Whiskey reevaluating
ChatterBot Hotel reevaluating
ChatterBot Papa reevaluating
ChatterBot Alpha reevaluating
ChatterBot Zulu reevaluating
ChatterBot Victor reevaluating
ChatterBot India reevaluating
ChatterBot Whiskey reevaluating
ChatterBot Tango reevaluating
ChatterBot Papa reevaluating
ChatterBot Alpha reevaluating
ChatterBot Zulu reevaluating
ChatterBot Victor reevaluating
ChatterBot India reevaluating
ChatterBot Whiskey reevaluating
ChatterBot Tango reevaluating
ChatterBot Hotel reevaluating
ChatterBot Alpha reevaluating
ChatterBot Zulu reevaluating
ChatterBot Victor reevaluating
ChatterBot India reevaluating
ChatterBot Whiskey reevaluating
ChatterBot Tango reevaluating
ChatterBot Hotel reevaluating
ChatterBot Papa reevaluating
ChatterBot Zulu reevaluating
ChatterBot Victor reevaluating
ChatterBot India reevaluating
ChatterBot Whiskey reevaluating
ChatterBot Tango reevaluating
ChatterBot Hotel reevaluating
ChatterBot Papa reevaluating
ChatterBot Alpha reevaluating
ChatterBot Hotel round 2
ChatterBot Zulu round 2
2024-10-14 20:52:01.323411 Papa: We should drop Oscar and India
2024-10-14 20:52:01.334811 Alpha: No
2024-10-14 20:52:01.334991 Zulu: Yes
2024-10-14 20:52:01.335127 X-ray: No
ChatterBot Alpha reevaluating
ChatterBot Alpha reevaluating
2024-10-14 20:52:01.372106 Tango: We should drop Oscar
ChatterBot Victor reevaluating
2024-10-14 20:52:01.392253 Victor: Yes
2024-10-14 20:52:01.392427 India: Yes
2024-10-14 20:52:01.392551 Whiskey: Yes
2024-10-14 20:52:01.393073 X-ray: Yes
2024-10-14 20:52:01.393171 Hotel: Yes
ChatterBot Victor reevaluating
ChatterBot Victor reevaluating
ChatterBot Victor reevaluating
ChatterBot Victor reevaluating
2024-10-14 20:52:02.048018 Oscar: Victor, sending you 2
2024-10-14 20:52:02.048454 X-ray: Victor, India, Papa, Tango, Alpha, Hotel and Zulu, sending you 2
chatterbot X-ray submitting transactions
2024-10-14 20:52:02.404415 Oscar: India, Whiskey, X-ray, Tango and Hotel, sending you 3
2024-10-14 20:52:02.405287 Alpha: Papa and Zulu, sending you 4
2024-10-14 20:52:02.405677 Zulu: Sending you each 4
2024-10-14 20:52:02.405878 Papa: X-ray, sending you 3
2024-10-14 20:52:02.406119 Tango: Victor, sending you 3
chatterbot Oscar submitting transactions
chatterbot Victor submitting transactions
chatterbot Papa submitting transactions
chatterbot India submitting transactions
chatterbot Alpha submitting transactions
chatterbot Whiskey submitting transactions
2024-10-14 20:52:02.884575 Alpha: X-ray, sending you 5
2024-10-14 20:52:02.885078 Hotel: Victor, India, Whiskey and X-ray, sending you 3
2024-10-14 20:52:02.885553 Tango: India, X-ray and Hotel, sending you 4
2024-10-14 20:52:02.886372 India: Victor and Whiskey, sending you 1
2024-10-14 20:52:02.886760 Papa: Alpha, sending you 6
2024-10-14 20:52:02.887080 Whiskey: Victor, India, X-ray and Hotel, sending you 3
chatterbot Tango submitting transactions
2024-10-14 20:52:02.888173 Hotel: Tango, sending you 1
2024-10-14 20:52:03.005302 Tango: Whiskey, sending you 5
2024-10-14 20:52:03.005705 Papa: Zulu, sending you 4
2024-10-14 20:52:03.006004 Victor: India and Hotel, sending you 2
2024-10-14 20:52:03.006780 India: X-ray, sending you 4
2024-10-14 20:52:03.007047 Whiskey: Tango, sending you 5
chatterbot Hotel submitting transactions
chatterbot Zulu submitting transactions
2024-10-14 20:52:03.021113 Victor: Whiskey, sending you 5
2024-10-14 20:52:03.021425 India: Tango, sending you 5
2024-10-14 20:52:03.021721 Whiskey: India did not give me 3 like they said
ChatterBot Tango reevaluating
ChatterBot Victor reevaluating
ChatterBot India reevaluating
ChatterBot X-ray reevaluating
ChatterBot Hotel reevaluating
2024-10-14 20:52:03.045177 Whiskey: X-ray did not give me 2 like they said
ChatterBot Tango reevaluating
ChatterBot Victor reevaluating
ChatterBot India reevaluating
ChatterBot X-ray reevaluating
ChatterBot Hotel reevaluating
ChatterBot Victor round 3
ChatterBot India round 3
ChatterBot Whiskey round 3
ChatterBot Papa round 3
ChatterBot Oscar round 3
ChatterBot X-ray round 3
ChatterBot Tango round 3
ChatterBot Alpha round 3
ChatterBot Hotel round 3
ChatterBot Zulu round 3
2024-10-14 20:52:03.103986 Victor: We should add Oscar
ChatterBot Tango reevaluating
ChatterBot India reevaluating
ChatterBot X-ray reevaluating
ChatterBot Hotel reevaluating
2024-10-14 20:52:03.132088 Tango: No
2024-10-14 20:52:03.132962 India: Yes
2024-10-14 20:52:03.133221 Whiskey: No
2024-10-14 20:52:03.133400 X-ray: No
2024-10-14 20:52:03.133578 Hotel: Yes
ChatterBot Victor reevaluating
ChatterBot India reevaluating
ChatterBot X-ray reevaluating
ChatterBot Hotel reevaluating
ChatterBot Tango reevaluating
ChatterBot Victor reevaluating
ChatterBot X-ray reevaluating
ChatterBot Hotel reevaluating
ChatterBot Tango reevaluating
ChatterBot Victor reevaluating
ChatterBot India reevaluating
ChatterBot X-ray reevaluating
ChatterBot Hotel reevaluating
ChatterBot Tango reevaluating
ChatterBot Victor reevaluating
ChatterBot India reevaluating
ChatterBot Hotel reevaluating
ChatterBot Tango reevaluating
ChatterBot Victor reevaluating
ChatterBot India reevaluating
ChatterBot X-ray reevaluating
2024-10-14 20:52:03.281532 Tango: We should replace Victor with Oscar
ChatterBot India reevaluating
ChatterBot Whiskey reevaluating
ChatterBot X-ray reevaluating
ChatterBot Hotel reevaluating
2024-10-14 20:52:03.306087 India: No
2024-10-14 20:52:03.306271 Whiskey: No
2024-10-14 20:52:03.306427 X-ray: No
2024-10-14 20:52:03.306586 Hotel: No
ChatterBot Tango reevaluating
ChatterBot Whiskey reevaluating
ChatterBot X-ray reevaluating
ChatterBot Hotel reevaluating
ChatterBot Tango reevaluating
ChatterBot India reevaluating
ChatterBot X-ray reevaluating
ChatterBot Hotel reevaluating
ChatterBot Tango reevaluating
ChatterBot India reevaluating
ChatterBot Whiskey reevaluating
ChatterBot Hotel reevaluating
ChatterBot Tango reevaluating
ChatterBot India reevaluating
ChatterBot Whiskey reevaluating
ChatterBot X-ray reevaluating
2024-10-14 20:52:03.538598 Whiskey: Oscar we want you to join our group
2024-10-14 20:52:03.544668 Oscar: Yes
2024-10-14 20:52:03.575265 Victor: Oscar we want you to join our group
2024-10-14 20:52:03.581441 Oscar: Yes
2024-10-14 20:52:03.611321 India: Oscar we want you to join our group
2024-10-14 20:52:03.617692 Oscar: Yes
2024-10-14 20:52:03.646788 Tango: Oscar we want you to join our group
2024-10-14 20:52:03.652341 Oscar: Yes
2024-10-14 20:52:03.676403 Hotel: Oscar we want you to join our group
2024-10-14 20:52:03.682769 Oscar: Yes
2024-10-14 20:52:03.718818 Zulu: Same as last round
2024-10-14 20:52:03.719738 Papa: X-ray and Zulu, sending you 4
2024-10-14 20:52:03.721248 Oscar: Victor, sending you 2
2024-10-14 20:52:03.723503 Alpha: Papa and Zulu, sending you 4
2024-10-14 20:52:03.724801 X-ray: Victor, Whiskey, Oscar and Hotel, sending you 2
2024-10-14 20:52:03.726778 Papa: Alpha, sending you 5
2024-10-14 20:52:03.727844 Oscar: India, Whiskey, Tango and Hotel, sending you 3
2024-10-14 20:52:03.729634 Alpha: X-ray, sending you 6
2024-10-14 20:52:03.731499 Whiskey: Victor, India, Oscar, Tango and Hotel, sending you 3
2024-10-14 20:52:03.733384 India: Whiskey and Oscar, sending you 2
2024-10-14 20:52:03.735364 X-ray: India and Tango, sending you 3
2024-10-14 20:52:03.737447 Oscar: X-ray, sending you 4
2024-10-14 20:52:03.740092 Victor: India, Oscar, X-ray and Tango, sending you 1
2024-10-14 20:52:03.742071 Tango: India, Oscar and X-ray, sending you 4
2024-10-14 20:52:03.743918 Hotel: Victor, India, Oscar, X-ray and Tango, sending you 2
2024-10-14 20:52:03.745776 Whiskey: X-ray, sending you 2
2024-10-14 20:52:03.746419 India: X-ray and Hotel, sending you 3
2024-10-14 20:52:03.747711 Victor: Whiskey, sending you 3
2024-10-14 20:52:03.748422 Tango: Whiskey, sending you 5
2024-10-14 20:52:03.749922 Hotel: Whiskey, sending you 3
2024-10-14 20:52:03.751261 India: Tango, sending you 4
2024-10-14 20:52:03.755658 Victor: Hotel, sending you 2
2024-10-14 20:52:03.756680 Tango: Hotel, sending you 3
chatterbot Alpha submitting transactions
chatterbot Tango submitting transactions
chatterbot Victor submitting transactions
chatterbot Hotel submitting transactions
chatterbot X-ray submitting transactions
chatterbot Whiskey submitting transactions
chatterbot India submitting transactions
chatterbot Zulu submitting transactions
chatterbot Oscar submitting transactions
chatterbot Papa submitting transactions
ChatterBot Victor round 4
ChatterBot India round 4
ChatterBot Whiskey round 4
ChatterBot Papa round 4
ChatterBot Oscar round 4
ChatterBot X-ray round 4
ChatterBot Tango round 4
ChatterBot Alpha round 4
ChatterBot Hotel round 4
ChatterBot Zulu round 4
2024-10-14 20:52:04.858214 Alpha: Papa and Zulu, sending you 4
2024-10-14 20:52:04.859381 Papa: X-ray, sending you 3
2024-10-14 20:52:04.860405 Zulu: Same as last round
2024-10-14 20:52:04.863074 Victor: India, Oscar, X-ray and Tango, sending you 1
2024-10-14 20:52:04.864432 X-ray: Victor, Whiskey, Oscar and Hotel, sending you 2
2024-10-14 20:52:04.865329 Oscar: Victor, sending you 2
2024-10-14 20:52:04.866605 Alpha: X-ray, sending you 6
2024-10-14 20:52:04.867200 Papa: Alpha and Zulu, sending you 5
2024-10-14 20:52:04.868187 Hotel: Victor, India, Oscar, X-ray and Tango, sending you 2
2024-10-14 20:52:04.869583 Whiskey: Victor, India, Oscar, Tango and Hotel, sending you 3
2024-10-14 20:52:04.870475 India: Victor, sending you 1
2024-10-14 20:52:04.871998 X-ray: India and Tango, sending you 3
2024-10-14 20:52:04.873387 Victor: Whiskey, sending you 3
2024-10-14 20:52:04.874808 Tango: India, sending you 5
2024-10-14 20:52:04.875344 Oscar: India, Whiskey, X-ray and Hotel, sending you 3
2024-10-14 20:52:04.876542 Hotel: Whiskey, sending you 3
2024-10-14 20:52:04.877471 Whiskey: X-ray, sending you 2
2024-10-14 20:52:04.878877 India: Whiskey, Oscar and Hotel, sending you 2
2024-10-14 20:52:04.880196 Victor: Hotel, sending you 2
2024-10-14 20:52:04.880924 Tango: Whiskey, Oscar and X-ray, sending you 4
2024-10-14 20:52:04.881820 Oscar: Tango, sending you 4
2024-10-14 20:52:04.890350 India: X-ray, sending you 3
2024-10-14 20:52:04.891579 Tango: Hotel, sending you 3
2024-10-14 20:52:04.899497 India: Tango, sending you 4
chatterbot Oscar submitting transactions
chatterbot Whiskey submitting transactions
chatterbot Victor submitting transactions
chatterbot Hotel submitting transactions
chatterbot Tango submitting transactions
chatterbot India submitting transactions
chatterbot Zulu submitting transactions
chatterbot X-ray submitting transactions
chatterbot Alpha submitting transactions
chatterbot Papa submitting transactions
ChatterBot Victor round 5
ChatterBot India round 5
ChatterBot Whiskey round 5
ChatterBot Papa round 5
ChatterBot Oscar round 5
ChatterBot X-ray round 5
ChatterBot Tango round 5
ChatterBot Alpha round 5
ChatterBot Hotel round 5
ChatterBot Zulu round 5
2024-10-14 20:52:06.206987 X-ray: We should add Alpha
ChatterBot Tango reevaluating
2024-10-14 20:52:06.237701 India: No
2024-10-14 20:52:06.238005 Hotel: No
2024-10-14 20:52:06.238706 Oscar: No
2024-10-14 20:52:06.239090 Whiskey: No
2024-10-14 20:52:06.239470 Tango: No
2024-10-14 20:52:06.239776 Victor: No
ChatterBot X-ray reevaluating
ChatterBot Tango reevaluating
ChatterBot X-ray reevaluating
ChatterBot Tango reevaluating
ChatterBot X-ray reevaluating
ChatterBot Tango reevaluating
ChatterBot X-ray reevaluating
ChatterBot Tango reevaluating
ChatterBot X-ray reevaluating
ChatterBot X-ray reevaluating
ChatterBot Tango reevaluating
2024-10-14 20:52:06.394564 Papa: X-ray, sending you 3
2024-10-14 20:52:06.395668 Victor: India and Oscar, sending you 1
2024-10-14 20:52:06.396677 Oscar: Victor, sending you 2
2024-10-14 20:52:06.398340 Papa: Alpha and Zulu, sending you 5
2024-10-14 20:52:06.399679 Oscar: India, Whiskey, X-ray and Hotel, sending you 3
2024-10-14 20:52:06.400682 Victor: Whiskey, sending you 3
2024-10-14 20:52:06.401336 India: Victor, sending you 1
2024-10-14 20:52:06.402261 Whiskey: Victor, India, Oscar, Tango and Hotel, sending you 3
2024-10-14 20:52:06.402821 Hotel: Victor, India, Oscar, X-ray and Tango, sending you 2
2024-10-14 20:52:06.403341 X-ray: Victor, Whiskey, Oscar and Hotel, sending you 2
2024-10-14 20:52:06.403903 Alpha: Papa, sending you 4
2024-10-14 20:52:06.404198 Tango: Sending you each 4
2024-10-14 20:52:06.404506 Victor: X-ray and Hotel, sending you 2
2024-10-14 20:52:06.405019 Oscar: Tango, sending you 4
2024-10-14 20:52:06.406137 Whiskey: X-ray, sending you 2
2024-10-14 20:52:06.406685 India: Whiskey, Oscar and Hotel, sending you 2
2024-10-14 20:52:06.407341 Hotel: Whiskey, sending you 3
2024-10-14 20:52:06.407907 X-ray: India and Tango, sending you 3
2024-10-14 20:52:06.408710 Alpha: X-ray, sending you 6
2024-10-14 20:52:06.409682 India: X-ray, sending you 3
2024-10-14 20:52:06.411705 Zulu: Same as last round
2024-10-14 20:52:06.412714 Alpha: Zulu, sending you 5
2024-10-14 20:52:06.413671 India: Tango, sending you 4
chatterbot Oscar submitting transactions
chatterbot Zulu submitting transactions
chatterbot India submitting transactions
chatterbot X-ray submitting transactions
chatterbot Tango submitting transactions
chatterbot Whiskey submitting transactions
chatterbot Victor submitting transactions
chatterbot Papa submitting transactions
chatterbot Alpha submitting transactions
chatterbot Hotel submitting transactions
ChatterBot Victor round 6
ChatterBot India round 6
ChatterBot Whiskey round 6
ChatterBot Papa round 6
ChatterBot Oscar round 6
ChatterBot X-ray round 6
ChatterBot Tango round 6
ChatterBot Alpha round 6
ChatterBot Hotel round 6
ChatterBot Zulu round 6
2024-10-14 20:52:07.548129 Papa: We should replace X-ray with Oscar
ChatterBot Alpha reevaluating
2024-10-14 20:52:07.577426 Zulu: No
2024-10-14 20:52:07.578097 Alpha: No
ChatterBot Papa reevaluating
ChatterBot Alpha reevaluating
ChatterBot Papa reevaluating
2024-10-14 20:52:07.600373 Alpha: We should replace X-ray with Victor
ChatterBot Papa reevaluating
2024-10-14 20:52:07.609774 Zulu: No
2024-10-14 20:52:07.610099 Papa: Yes
ChatterBot Papa reevaluating
ChatterBot Alpha reevaluating
ChatterBot Alpha reevaluating
2024-10-14 20:52:07.666691 Victor: India, Oscar and Tango, sending you 1
2024-10-14 20:52:07.669051 Papa: Victor we want you to join our group
2024-10-14 20:52:07.673419 Victor: No
ChatterBot Papa reevaluating
2024-10-14 20:52:07.687969 Alpha: Victor we want you to join our group
2024-10-14 20:52:07.693470 Victor: No
ChatterBot Papa reevaluating
ChatterBot Alpha reevaluating
2024-10-14 20:52:07.707194 Alpha: We should replace X-ray with Whiskey
ChatterBot Papa reevaluating
2024-10-14 20:52:07.712767 Zulu: No
2024-10-14 20:52:07.712994 Papa: No
ChatterBot Papa reevaluating
ChatterBot Alpha reevaluating
ChatterBot Alpha reevaluating
2024-10-14 20:52:07.730637 Whiskey: Victor, Oscar, X-ray, Tango and Hotel, sending you 3
2024-10-14 20:52:07.733413 India: Victor, sending you 1
2024-10-14 20:52:07.735401 Victor: Whiskey, X-ray and Hotel, sending you 2
2024-10-14 20:52:07.737732 Oscar: Victor, sending you 2
2024-10-14 20:52:07.739888 Whiskey: India, sending you 2
2024-10-14 20:52:07.741261 India: Whiskey, Oscar and Hotel, sending you 2
2024-10-14 20:52:07.744014 Papa: Oscar we want you to join our group
2024-10-14 20:52:07.747714 Oscar: No
ChatterBot Papa reevaluating
ChatterBot Alpha reevaluating
2024-10-14 20:52:07.756653 Tango: Same as last round
2024-10-14 20:52:07.757182 X-ray: Victor, Whiskey, Oscar and Hotel, sending you 2
2024-10-14 20:52:07.758797 Hotel: Victor, India, Oscar, X-ray and Tango, sending you 2
2024-10-14 20:52:07.759835 Oscar: India, Whiskey, X-ray and Hotel, sending you 3
2024-10-14 20:52:07.761491 India: X-ray, sending you 3
2024-10-14 20:52:07.763301 Zulu: Sending you each 3
2024-10-14 20:52:07.763675 X-ray: India and Tango, sending you 3
2024-10-14 20:52:07.764201 Hotel: Whiskey, sending you 3
2024-10-14 20:52:07.765069 Oscar: Tango, sending you 4
2024-10-14 20:52:07.765688 India: Tango, sending you 4
2024-10-14 20:52:07.786658 Papa: X-ray, sending you 3
2024-10-14 20:52:07.788655 Alpha: Victor, sending you 6
2024-10-14 20:52:07.790653 Papa: Alpha and Zulu, sending you 5
2024-10-14 20:52:07.793659 Alpha: Papa, sending you 4
2024-10-14 20:52:07.798662 Alpha: Zulu, sending you 5
chatterbot India submitting transactions
chatterbot Hotel submitting transactions
chatterbot Oscar submitting transactions
chatterbot Tango submitting transactions
chatterbot Victor submitting transactions
chatterbot X-ray submitting transactions
chatterbot Alpha submitting transactions
chatterbot Zulu submitting transactions
chatterbot Papa submitting transactions
chatterbot Whiskey submitting transactions
ChatterBot Victor round 7
ChatterBot India round 7
ChatterBot Whiskey round 7
ChatterBot Papa round 7
ChatterBot Oscar round 7
ChatterBot X-ray round 7
ChatterBot Tango round 7
ChatterBot Alpha round 7
ChatterBot Hotel round 7
ChatterBot Zulu round 7
2024-10-14 20:52:08.748466 Whiskey: We should drop Victor
2024-10-14 20:52:08.760281 Tango: Yes
2024-10-14 20:52:08.760514 India: No
2024-10-14 20:52:08.760659 Oscar: No
2024-10-14 20:52:08.760893 X-ray: No
2024-10-14 20:52:08.761041 Hotel: No
ChatterBot Whiskey reevaluating
ChatterBot Whiskey reevaluating
ChatterBot Whiskey reevaluating
2024-10-14 20:52:08.817678 India: Victor, sending you 1
2024-10-14 20:52:08.818819 Victor: India and Oscar, sending you 1
2024-10-14 20:52:08.819451 Papa: X-ray, sending you 3
2024-10-14 20:52:08.821714 Victor: Whiskey, sending you 3
2024-10-14 20:52:08.822683 India: Whiskey, Oscar and Hotel, sending you 2
2024-10-14 20:52:08.823697 Papa: Alpha and Zulu, sending you 5
2024-10-14 20:52:08.824345 Alpha: Victor, India, Whiskey, Oscar, X-ray, Tango and Hotel, sending you 2
2024-10-14 20:52:08.825684 Oscar: Victor, sending you 2
2024-10-14 20:52:08.826352 Victor: X-ray and Hotel, sending you 2
2024-10-14 20:52:08.826965 India: X-ray, sending you 4
2024-10-14 20:52:08.827645 X-ray: Victor, Whiskey, Oscar and Hotel, sending you 2
2024-10-14 20:52:08.828216 Alpha: Papa and Zulu, sending you 3
2024-10-14 20:52:08.828568 Tango: Same as last round
2024-10-14 20:52:08.828926 Oscar: India, Whiskey, X-ray and Hotel, sending you 3
2024-10-14 20:52:08.830676 India: Tango, sending you 3
2024-10-14 20:52:08.832674 X-ray: India and Tango, sending you 3
2024-10-14 20:52:08.833341 Oscar: Tango, sending you 4
2024-10-14 20:52:08.838672 Zulu: Same as last round
2024-10-14 20:52:08.840670 Whiskey: Victor, Oscar, X-ray, Tango and Hotel, sending you 3
2024-10-14 20:52:08.842663 Hotel: Victor, India, Oscar, X-ray and Tango, sending you 2
2024-10-14 20:52:08.844658 Whiskey: India, sending you 2
2024-10-14 20:52:08.847009 Hotel: Whiskey, sending you 3
chatterbot Victor submitting transactions
chatterbot Tango submitting transactions
chatterbot Zulu submitting transactions
chatterbot India submitting transactions
chatterbot Alpha submitting transactions
chatterbot Hotel submitting transactions
chatterbot Whiskey submitting transactions
chatterbot Papa submitting transactions
chatterbot Oscar submitting transactions
chatterbot X-ray submitting transactions
ChatterBot Victor round 8
ChatterBot India round 8
ChatterBot Whiskey round 8
ChatterBot Papa round 8
ChatterBot Oscar round 8
ChatterBot X-ray round 8
ChatterBot Tango round 8
ChatterBot Alpha round 8
ChatterBot Hotel round 8
ChatterBot Zulu round 8
2024-10-14 20:52:09.929378 Papa: We should replace X-ray with Whiskey
2024-10-14 20:52:09.936740 Zulu: No
2024-10-14 20:52:09.936939 Alpha: No
ChatterBot Papa reevaluating
ChatterBot Papa reevaluating
2024-10-14 20:52:09.968633 Papa: We should replace X-ray with Victor
2024-10-14 20:52:09.975111 Zulu: No
2024-10-14 20:52:09.975300 Alpha: No
ChatterBot Papa reevaluating
ChatterBot Papa reevaluating
2024-10-14 20:52:09.991655 X-ray: Victor, Whiskey, Oscar and Hotel, sending you 2
2024-10-14 20:52:09.992698 Tango: Same as last round
2024-10-14 20:52:09.993580 India: Victor, sending you 1
2024-10-14 20:52:09.994479 Victor: India and Oscar, sending you 1
2024-10-14 20:52:09.995196 Whiskey: Victor, Oscar, X-ray, Tango and Hotel, sending you 3
2024-10-14 20:52:09.996063 Papa: Victor we want you to join our group
2024-10-14 20:52:09.999063 Victor: No
ChatterBot Papa reevaluating
2024-10-14 20:52:10.007890 X-ray: India and Tango, sending you 3
2024-10-14 20:52:10.008696 India: Whiskey, Oscar and Hotel, sending you 2
2024-10-14 20:52:10.009627 Victor: Whiskey, sending you 3
2024-10-14 20:52:10.010463 Whiskey: India, sending you 2
2024-10-14 20:52:10.011316 Hotel: Victor, India, Whiskey, Oscar and X-ray, sending you 2
2024-10-14 20:52:10.012155 India: X-ray, sending you 4
2024-10-14 20:52:10.013220 Alpha: India, Whiskey, Oscar, X-ray, Tango and Hotel, sending you 2
2024-10-14 20:52:10.013779 Oscar: Victor, sending you 2
2024-10-14 20:52:10.014669 Victor: X-ray and Hotel, sending you 2
2024-10-14 20:52:10.015435 Zulu: Same as last round
2024-10-14 20:52:10.016688 Hotel: Tango, sending you 3
2024-10-14 20:52:10.017428 Alpha: Papa and Zulu, sending you 4
2024-10-14 20:52:10.017977 India: Tango, sending you 3
2024-10-14 20:52:10.018930 Oscar: India, Whiskey, X-ray and Hotel, sending you 3
2024-10-14 20:52:10.022659 Oscar: Tango, sending you 4
2024-10-14 20:52:10.036670 Papa: Victor, sending you 3
2024-10-14 20:52:10.039950 Papa: Alpha and Zulu, sending you 5
chatterbot Victor submitting transactions
chatterbot Zulu submitting transactions
chatterbot Papa submitting transactions
chatterbot X-ray submitting transactions
chatterbot Oscar submitting transactions
chatterbot India submitting transactions
chatterbot Whiskey submitting transactions
chatterbot Tango submitting transactions
chatterbot Alpha submitting transactions
chatterbot Hotel submitting transactions
ChatterBot Victor round 9
ChatterBot India round 9
ChatterBot Whiskey round 9
ChatterBot Papa round 9
ChatterBot Oscar round 9
ChatterBot X-ray round 9
ChatterBot Tango round 9
ChatterBot Alpha round 9
2024-10-14 20:52:11.174587 Papa: We should replace Victor with India
2024-10-14 20:52:11.179865 Zulu: No
2024-10-14 20:52:11.180017 Alpha: No
ChatterBot Papa reevaluating
ChatterBot Alpha reevaluating
ChatterBot Papa reevaluating
ChatterBot Hotel round 9
ChatterBot Zulu round 9
2024-10-14 20:52:11.209796 Papa: We should replace Victor with X-ray
ChatterBot Alpha reevaluating
2024-10-14 20:52:11.215060 Zulu: No
2024-10-14 20:52:11.215178 Alpha: No
ChatterBot Papa reevaluating
ChatterBot Alpha reevaluating
ChatterBot Papa reevaluating
2024-10-14 20:52:11.231189 Whiskey: We should drop Victor
2024-10-14 20:52:11.240502 Tango: Yes
2024-10-14 20:52:11.240650 India: No
2024-10-14 20:52:11.240769 Oscar: No
2024-10-14 20:52:11.240922 X-ray: No
2024-10-14 20:52:11.241024 Hotel: No
ChatterBot Whiskey reevaluating
ChatterBot Whiskey reevaluating
2024-10-14 20:52:11.286976 Papa: We should replace Victor with Hotel
ChatterBot Alpha reevaluating
2024-10-14 20:52:11.291089 Zulu: No
2024-10-14 20:52:11.291226 Alpha: No
ChatterBot Papa reevaluating
ChatterBot Alpha reevaluating
ChatterBot Papa reevaluating
2024-10-14 20:52:11.300799 Papa: We should replace Victor with Oscar
ChatterBot Alpha reevaluating
2024-10-14 20:52:11.304817 Zulu: No
2024-10-14 20:52:11.304922 Alpha: No
ChatterBot Papa reevaluating
ChatterBot Alpha reevaluating
ChatterBot Papa reevaluating
2024-10-14 20:52:11.313818 India: Victor, sending you 1
2024-10-14 20:52:11.316679 X-ray: Victor, Whiskey, Oscar and Hotel, sending you 2
2024-10-14 20:52:11.317685 Victor: India and Oscar, sending you 1
2024-10-14 20:52:11.318504 Oscar: Victor, sending you 2
2024-10-14 20:52:11.319191 India: Whiskey, Oscar and Hotel, sending you 2
2024-10-14 20:52:11.319843 Papa: X-ray we want you to join our group
2024-10-14 20:52:11.322736 X-ray: No
ChatterBot Papa reevaluating
2024-10-14 20:52:11.330737 Tango: Same as last round
2024-10-14 20:52:11.331205 Victor: Whiskey, sending you 3
2024-10-14 20:52:11.332752 X-ray: India and Tango, sending you 3
2024-10-14 20:52:11.333974 Oscar: India, Whiskey, X-ray and Hotel, sending you 3
2024-10-14 20:52:11.335301 India: X-ray, sending you 4
2024-10-14 20:52:11.337146 Zulu: Same as last round
2024-10-14 20:52:11.337747 Victor: X-ray and Hotel, sending you 2
2024-10-14 20:52:11.339031 Oscar: Tango, sending you 4
2024-10-14 20:52:11.340774 Hotel: Victor, India, Whiskey, Oscar and X-ray, sending you 2
2024-10-14 20:52:11.342006 Alpha: Whiskey, X-ray, Tango and Hotel, sending you 3
2024-10-14 20:52:11.342714 India: Tango, sending you 3
2024-10-14 20:52:11.345165 Hotel: Tango, sending you 3
2024-10-14 20:52:11.346676 Alpha: Papa and Zulu, sending you 4
2024-10-14 20:52:11.347343 Whiskey: India, Oscar and X-ray, sending you 3
2024-10-14 20:52:11.350680 Whiskey: Tango and Hotel, sending you 4
2024-10-14 20:52:11.365656 Papa: X-ray, sending you 3
2024-10-14 20:52:11.368652 Papa: Alpha and Zulu, sending you 5
chatterbot Victor submitting transactions
chatterbot X-ray submitting transactions
chatterbot Whiskey submitting transactions
chatterbot Papa submitting transactions
chatterbot India submitting transactions
chatterbot Tango submitting transactions
chatterbot Zulu submitting transactions
chatterbot Hotel submitting transactions
chatterbot Oscar submitting transactions
chatterbot Alpha submitting transactions
ChatterBot Victor round 10
ChatterBot India round 10
ChatterBot Whiskey round 10
ChatterBot Papa round 10
ChatterBot Oscar round 10
ChatterBot X-ray round 10
ChatterBot Tango round 10
ChatterBot Alpha round 10
ChatterBot Hotel round 10
ChatterBot Zulu round 10
2024-10-14 20:52:12.305386 Papa: We should replace X-ray with India
ChatterBot Alpha reevaluating
2024-10-14 20:52:12.313504 Zulu: No
2024-10-14 20:52:12.314046 Alpha: No
ChatterBot Papa reevaluating
ChatterBot Alpha reevaluating
ChatterBot Papa reevaluating
2024-10-14 20:52:12.340905 Papa: We should replace X-ray with Whiskey
ChatterBot Alpha reevaluating
2024-10-14 20:52:12.347045 Zulu: No
2024-10-14 20:52:12.347276 Alpha: No
ChatterBot Papa reevaluating
ChatterBot Alpha reevaluating
ChatterBot Papa reevaluating
2024-10-14 20:52:12.363086 Victor: India, sending you 1
2024-10-14 20:52:12.364859 India: Victor, sending you 1
2024-10-14 20:52:12.366769 X-ray: Victor, Whiskey, Oscar, Tango and Hotel, sending you 2
2024-10-14 20:52:12.368329 Whiskey: India, Oscar and X-ray, sending you 3
2024-10-14 20:52:12.369116 Oscar: Victor, sending you 2
2024-10-14 20:52:12.371603 Alpha: We should drop Papa and Zulu
2024-10-14 20:52:12.390602 Victor: Yes
2024-10-14 20:52:12.391001 India: Yes
2024-10-14 20:52:12.391277 Whiskey: Yes
2024-10-14 20:52:12.391518 Oscar: Yes
2024-10-14 20:52:12.391868 X-ray: Yes
2024-10-14 20:52:12.392546 Tango: Yes
2024-10-14 20:52:12.392785 Hotel: Yes
ChatterBot Alpha reevaluating
ChatterBot Whiskey reevaluating
ChatterBot Alpha reevaluating
ChatterBot Whiskey reevaluating
ChatterBot Alpha reevaluating
ChatterBot Alpha reevaluating
ChatterBot Whiskey reevaluating
ChatterBot Alpha reevaluating
ChatterBot Whiskey reevaluating
ChatterBot Alpha reevaluating
ChatterBot Whiskey reevaluating
ChatterBot Alpha reevaluating
ChatterBot Whiskey reevaluating
2024-10-14 20:52:12.564036 Victor: Whiskey, Oscar, X-ray and Hotel, sending you 2
2024-10-14 20:52:12.565440 India: Whiskey, Oscar and Hotel, sending you 2
2024-10-14 20:52:12.566993 X-ray: India, sending you 4
2024-10-14 20:52:12.568021 Oscar: India, Whiskey, X-ray and Hotel, sending you 3
2024-10-14 20:52:12.570694 India: X-ray, sending you 4
2024-10-14 20:52:12.572706 Tango: Same as last round
2024-10-14 20:52:12.573448 Zulu: Papa, sending you 3
2024-10-14 20:52:12.574201 Oscar: Tango, sending you 4
2024-10-14 20:52:12.575937 Hotel: Victor, India, Whiskey, Oscar and X-ray, sending you 2
2024-10-14 20:52:12.576953 Papa: X-ray, sending you 3
2024-10-14 20:52:12.577381 India: Tango, sending you 3
2024-10-14 20:52:12.579324 Zulu: Alpha, sending you 2
2024-10-14 20:52:12.579775 Papa: Alpha and Zulu, sending you 5
2024-10-14 20:52:12.581711 Hotel: Tango, sending you 3
2024-10-14 20:52:12.592695 Whiskey: Victor, Oscar, X-ray, Tango and Hotel, sending you 3
2024-10-14 20:52:12.593801 Alpha: X-ray, sending you 14
2024-10-14 20:52:12.599023 Whiskey: India, sending you 2
chatterbot Hotel submitting transactions
chatterbot Tango submitting transactions
chatterbot Papa submitting transactions
chatterbot X-ray submitting transactions
chatterbot Alpha submitting transactions
chatterbot India submitting transactions
chatterbot Victor submitting transactions
chatterbot Zulu submitting transactions
chatterbot Oscar submitting transactions
chatterbot Whiskey submitting transactions
ChatterBot Victor round 11
ChatterBot India round 11
ChatterBot Whiskey round 11
ChatterBot Papa round 11
ChatterBot Oscar round 11
ChatterBot X-ray round 11
ChatterBot Tango round 11
ChatterBot Alpha round 11
ChatterBot Hotel round 11
ChatterBot Zulu round 11
2024-10-14 20:52:13.864258 Papa: We should replace X-ray with Tango
2024-10-14 20:52:13.869809 Zulu: No
2024-10-14 20:52:13.870078 Alpha: No
ChatterBot Papa reevaluating
ChatterBot Alpha reevaluating
ChatterBot Papa reevaluating
2024-10-14 20:52:13.905700 Papa: We should replace X-ray with Victor
ChatterBot Alpha reevaluating
2024-10-14 20:52:13.910967 Zulu: No
2024-10-14 20:52:13.911238 Alpha: No
ChatterBot Papa reevaluating
ChatterBot Alpha reevaluating
ChatterBot Papa reevaluating
2024-10-14 20:52:13.926672 Whiskey: Victor, Oscar, X-ray, Tango and Hotel, sending you 3
2024-10-14 20:52:13.928373 Zulu: Sending you each 2
2024-10-14 20:52:13.929793 Victor: India and Oscar, sending you 1
2024-10-14 20:52:13.931289 India: Victor, sending you 1
2024-10-14 20:52:13.933305 Whiskey: India, sending you 2
2024-10-14 20:52:13.935285 Papa: Victor we want you to join our group
2024-10-14 20:52:13.939248 Victor: No
ChatterBot Papa reevaluating
2024-10-14 20:52:13.948296 Victor: Whiskey and Hotel, sending you 2
2024-10-14 20:52:13.949879 India: Whiskey, Oscar and Hotel, sending you 2
2024-10-14 20:52:13.951064 Hotel: Victor, India, Whiskey, Oscar and X-ray, sending you 2
2024-10-14 20:52:13.952510 Tango: Same as last round
2024-10-14 20:52:13.953445 X-ray: Victor, Whiskey, Oscar, Tango and Hotel, sending you 2
2024-10-14 20:52:13.954835 Oscar: Victor, sending you 2
2024-10-14 20:52:13.956012 Victor: X-ray, sending you 3
2024-10-14 20:52:13.957544 India: X-ray, sending you 4
2024-10-14 20:52:13.958694 Hotel: Tango, sending you 3
2024-10-14 20:52:13.960266 Alpha: X-ray, sending you 17
2024-10-14 20:52:13.961042 X-ray: India, sending you 4
2024-10-14 20:52:13.962606 Oscar: India, Whiskey, X-ray and Hotel, sending you 3
2024-10-14 20:52:13.963792 India: Tango, sending you 3
2024-10-14 20:52:13.968696 Oscar: Tango, sending you 4
2024-10-14 20:52:13.976664 Papa: X-ray, sending you 3
2024-10-14 20:52:13.982089 Papa: Alpha and Zulu, sending you 5
chatterbot Whiskey submitting transactions
chatterbot India submitting transactions
chatterbot X-ray submitting transactions
chatterbot Oscar submitting transactions
chatterbot Hotel submitting transactions
chatterbot Papa submitting transactions
chatterbot Victor submitting transactions
chatterbot Alpha submitting transactions
chatterbot Tango submitting transactions
chatterbot Zulu submitting transactions
ChatterBot Victor round 12
ChatterBot India round 12
ChatterBot Whiskey round 12
ChatterBot Papa round 12
ChatterBot Oscar round 12
ChatterBot X-ray round 12
ChatterBot Tango round 12
ChatterBot Alpha round 12
ChatterBot Hotel round 12
ChatterBot Zulu round 12
2024-10-14 20:52:15.123850 Whiskey: We should drop Victor
2024-10-14 20:52:15.135698 Tango: Yes
2024-10-14 20:52:15.135877 India: No
2024-10-14 20:52:15.136422 Oscar: No
2024-10-14 20:52:15.136593 X-ray: No
2024-10-14 20:52:15.136725 Hotel: No
ChatterBot Hotel reevaluating
ChatterBot Hotel reevaluating
2024-10-14 20:52:15.194694 Tango: Same as last round
2024-10-14 20:52:15.195851 Victor: India and Oscar, sending you 1
2024-10-14 20:52:15.196864 Alpha: X-ray, sending you 20
2024-10-14 20:52:15.197680 Oscar: Victor, sending you 2
2024-10-14 20:52:15.198825 X-ray: Victor, Whiskey, Oscar, Tango and Hotel, sending you 2
2024-10-14 20:52:15.199632 Papa: X-ray, sending you 3
2024-10-14 20:52:15.200376 India: Victor, sending you 1
2024-10-14 20:52:15.201647 Victor: Whiskey and Hotel, sending you 2
2024-10-14 20:52:15.202657 X-ray: India, sending you 4
2024-10-14 20:52:15.203435 Oscar: India, Whiskey, X-ray and Hotel, sending you 3
2024-10-14 20:52:15.204292 Papa: Alpha, sending you 4
2024-10-14 20:52:15.205408 India: Whiskey, Oscar and Hotel, sending you 2
2024-10-14 20:52:15.206243 Whiskey: India, Oscar and Hotel, sending you 3
2024-10-14 20:52:15.206861 Victor: X-ray, sending you 3
2024-10-14 20:52:15.207982 Papa: Zulu, sending you 6
2024-10-14 20:52:15.208665 Oscar: Tango, sending you 4
2024-10-14 20:52:15.210411 India: X-ray, sending you 4
2024-10-14 20:52:15.211438 Whiskey: X-ray and Tango, sending you 4
2024-10-14 20:52:15.212145 Zulu: Same as last round
2024-10-14 20:52:15.215664 India: Tango, sending you 3
2024-10-14 20:52:15.221662 Hotel: Victor, India, Whiskey, Oscar and X-ray, sending you 2
2024-10-14 20:52:15.226671 Hotel: Tango, sending you 3
chatterbot Papa submitting transactions
chatterbot Tango submitting transactions
chatterbot Whiskey submitting transactions
chatterbot Alpha submitting transactions
chatterbot Victor submitting transactions
chatterbot X-ray submitting transactions
chatterbot Zulu submitting transactions
chatterbot Oscar submitting transactions
chatterbot India submitting transactions
chatterbot Hotel submitting transactions
ChatterBot Victor round 13
ChatterBot India round 13
ChatterBot Whiskey round 13
ChatterBot Papa round 13
