ChatterBot X-ray round 1
ChatterBot Romeo round 1
ChatterBot Charlie round 1
ChatterBot Victor round 1
randomSelections Charlie: {Charlie, Juliett, Victor, Zulu, Delta, Papa, X-ray} 
2024-10-14 19:44:01.014133 Charlie: Let's form a team
ChatterBot Victor reevaluating
ChatterBot X-ray reevaluating
2024-10-14 19:44:01.038977 Victor: Yes
2024-10-14 19:44:01.039580 X-ray: Yes
ChatterBot X-ray reevaluating
ChatterBot Victor reevaluating
randomSelections Romeo: {Romeo, Uniform, Charlie, X-ray, Delta, Lima} 
2024-10-14 19:44:01.059087 Romeo: Can we be friends?
ChatterBot X-ray reevaluating
2024-10-14 19:44:01.064597 Charlie: No
2024-10-14 19:44:01.064886 X-ray: No
ChatterBot X-ray reevaluating
ChatterBot Zulu round 1
ChatterBot Zulu reevaluating
ChatterBot Zulu reevaluating
ChatterBot Zulu reevaluating
2024-10-14 19:44:01.085901 Zulu: Yes
ChatterBot Victor reevaluating
ChatterBot X-ray reevaluating
ChatterBot Uniform round 1
ChatterBot Uniform reevaluating
ChatterBot Uniform reevaluating
ChatterBot Uniform reevaluating
2024-10-14 19:44:01.104238 Uniform: Yes
ChatterBot X-ray reevaluating
ChatterBot Papa round 1
ChatterBot Papa reevaluating
ChatterBot Papa reevaluating
ChatterBot Papa reevaluating
ChatterBot Papa reevaluating
2024-10-14 19:44:01.122457 Papa: Yes
ChatterBot Victor reevaluating
ChatterBot Zulu reevaluating
ChatterBot X-ray reevaluating
ChatterBot Juliett round 1
ChatterBot Juliett reevaluating
ChatterBot Juliett reevaluating
ChatterBot Juliett reevaluating
ChatterBot Juliett reevaluating
ChatterBot Juliett reevaluating
2024-10-14 19:44:01.146919 Juliett: Yes
ChatterBot Victor reevaluating
ChatterBot Zulu reevaluating
ChatterBot Papa reevaluating
ChatterBot X-ray reevaluating
ChatterBot Lima round 1
ChatterBot Lima reevaluating
ChatterBot Lima reevaluating
ChatterBot Lima reevaluating
ChatterBot Lima reevaluating
2024-10-14 19:44:01.175065 Lima: Yes
ChatterBot Uniform reevaluating
ChatterBot X-ray reevaluating
ChatterBot Delta round 1
ChatterBot Delta reevaluating
ChatterBot Delta reevaluating
ChatterBot Delta reevaluating
ChatterBot Delta reevaluating
ChatterBot Delta reevaluating
ChatterBot Delta reevaluating
ChatterBot Delta reevaluating
ChatterBot Delta reevaluating
ChatterBot Delta reevaluating
ChatterBot Delta reevaluating
ChatterBot Delta reevaluating
2024-10-14 19:44:01.213338 Delta: Yes
2024-10-14 19:44:01.213620 Delta: No
ChatterBot Juliett reevaluating
ChatterBot Victor reevaluating
ChatterBot Zulu reevaluating
ChatterBot Papa reevaluating
ChatterBot X-ray reevaluating
ChatterBot Uniform reevaluating
ChatterBot Lima reevaluating
ChatterBot X-ray reevaluating
2024-10-14 19:44:01.267178 Charlie: X-ray, sending you 5
2024-10-14 19:44:01.268671 Romeo: X-ray, Lima and Delta, sending you 3
2024-10-14 19:44:01.271740 Charlie: Zulu, sending you 2
2024-10-14 19:44:01.272502 Romeo: Charlie, sending you 1
2024-10-14 19:44:01.274735 Uniform: X-ray and Romeo, sending you 1
2024-10-14 19:44:01.276993 Charlie: Papa, sending you 4
2024-10-14 19:44:01.279229 Lima: X-ray and Uniform, sending you 4
2024-10-14 19:44:01.279817 Papa: X-ray and Victor, sending you 2
2024-10-14 19:44:01.280409 Zulu: X-ray, sending you 2
2024-10-14 19:44:01.281973 Uniform: Charlie, sending you 2
2024-10-14 19:44:01.282507 Juliett: X-ray and Zulu, sending you 4
2024-10-14 19:44:01.283016 X-ray: Charlie, sending you 3
2024-10-14 19:44:01.283433 Victor: X-ray, sending you 2
2024-10-14 19:44:01.285069 Charlie: Juliett and Delta, sending you 3
2024-10-14 19:44:01.285526 Papa: Charlie, sending you 3
2024-10-14 19:44:01.285936 Lima: Romeo, sending you 3
2024-10-14 19:44:01.287200 Uniform: Lima and Delta, sending you 5
2024-10-14 19:44:01.287743 Zulu: Charlie, sending you 4
2024-10-14 19:44:01.288055 X-ray: Victor, Zulu and Delta, sending you 2
2024-10-14 19:44:01.288372 Juliett: Charlie, sending you 1
2024-10-14 19:44:01.288685 Victor: Charlie, sending you 1
2024-10-14 19:44:01.289966 Papa: Zulu and Juliett, sending you 4
2024-10-14 19:44:01.290700 Lima: Charlie, sending you 1
2024-10-14 19:44:01.291090 Delta: X-ray, sending you 4
2024-10-14 19:44:01.292733 Zulu: Victor, sending you 1
2024-10-14 19:44:01.293210 Juliett: Papa, sending you 5
2024-10-14 19:44:01.293753 X-ray: Papa and Juliett, sending you 4
2024-10-14 19:44:01.295575 Victor: Zulu, sending you 7
2024-10-14 19:44:01.296123 Lima: Delta, sending you 5
2024-10-14 19:44:01.296577 Zulu: Papa, Juliett and Delta, sending you 3
2024-10-14 19:44:01.298319 Delta: Charlie, sending you 3
2024-10-14 19:44:01.298902 Juliett: Delta, sending you 3
2024-10-14 19:44:01.299733 Victor: Papa and Delta, sending you 3
2024-10-14 19:44:01.301703 Delta: Victor, sending you 1
2024-10-14 19:44:01.304895 Delta: Zulu and Papa, sending you 2
2024-10-14 19:44:01.309779 Delta: Juliett, sending you 5
chatterbot Uniform submitting transactions
chatterbot Romeo submitting transactions
chatterbot Victor submitting transactions
chatterbot Papa submitting transactions
chatterbot Charlie submitting transactions
chatterbot Delta submitting transactions
chatterbot Zulu submitting transactions
chatterbot Lima submitting transactions
chatterbot Juliett submitting transactions
chatterbot X-ray submitting transactions
ChatterBot X-ray round 2
ChatterBot Romeo round 2
ChatterBot Charlie round 2
ChatterBot Victor round 2
ChatterBot Zulu round 2
ChatterBot Uniform round 2
ChatterBot Papa round 2
ChatterBot Juliett round 2
ChatterBot Lima round 2
ChatterBot Delta round 2
2024-10-14 19:44:02.498864 Uniform: Let's form a team
ChatterBot Lima reevaluating
2024-10-14 19:44:02.507662 Romeo: Yes
2024-10-14 19:44:02.507826 Lima: Yes
ChatterBot Lima reevaluating
2024-10-14 19:44:02.522424 Lima: Let's form a team
2024-10-14 19:44:02.529692 Uniform: Yes
2024-10-14 19:44:02.529907 Romeo: Yes
ChatterBot Lima reevaluating
ChatterBot Lima reevaluating
2024-10-14 19:44:02.551791 Romeo: We should drop Charlie and X-ray
ChatterBot Lima reevaluating
ChatterBot Delta reevaluating
2024-10-14 19:44:02.566900 Uniform: Yes
2024-10-14 19:44:02.567091 Lima: Yes
2024-10-14 19:44:02.567249 Delta: No
ChatterBot Lima reevaluating
ChatterBot Delta reevaluating
ChatterBot Delta reevaluating
ChatterBot Lima reevaluating
2024-10-14 19:44:06.366030 X-ray: Charlie, Juliett and Delta, sending you 4
2024-10-14 19:44:06.367861 Charlie: X-ray, sending you 4
2024-10-14 19:44:06.369327 Victor: X-ray and Papa, sending you 5
2024-10-14 19:44:06.370666 X-ray: Victor and Zulu, sending you 2
2024-10-14 19:44:06.372684 Charlie: Victor and Juliett, sending you 1
2024-10-14 19:44:06.374268 Romeo: Sending you each 3
2024-10-14 19:44:06.374931 Zulu: X-ray, Charlie, Victor, Papa and Juliett, sending you 3
2024-10-14 19:44:06.376110 Juliett: X-ray, Charlie, Zulu and Papa, sending you 3
2024-10-14 19:44:06.377242 Papa: X-ray, Charlie and Juliett, sending you 3
2024-10-14 19:44:06.377833 X-ray: Papa, sending you 1
2024-10-14 19:44:06.379042 Victor: Zulu and Delta, sending you 3
2024-10-14 19:44:06.380291 Uniform: Sending you each 7
2024-10-14 19:44:06.380712 Charlie: Zulu, sending you 5
2024-10-14 19:44:06.381273 Juliett: Victor, sending you 1
2024-10-14 19:44:06.382301 Zulu: Delta, sending you 1
2024-10-14 19:44:06.382815 Papa: Victor, Zulu and Delta, sending you 2
2024-10-14 19:44:06.408602 Charlie: Papa and Delta, sending you 3
2024-10-14 19:44:06.410353 Juliett: Delta, sending you 4
2024-10-14 19:44:06.412727 Lima: Romeo, sending you 6
2024-10-14 19:44:06.414904 Delta: X-ray, Charlie, Victor, Zulu and Juliett, sending you 3
2024-10-14 19:44:06.655390 Lima: Victor, sending you 3
2024-10-14 19:44:06.655911 Delta: Papa, sending you 2
chatterbot Papa submitting transactions
chatterbot Juliett submitting transactions
2024-10-14 19:44:06.661363 Lima: Uniform, sending you 8
chatterbot Uniform submitting transactions
chatterbot Victor submitting transactions
chatterbot Zulu submitting transactions
chatterbot Lima submitting transactions
chatterbot X-ray submitting transactions
chatterbot Romeo submitting transactions
chatterbot Charlie submitting transactions
chatterbot Delta submitting transactions
ChatterBot X-ray round 3
ChatterBot Romeo round 3
ChatterBot Charlie round 3
ChatterBot Victor round 3
ChatterBot Zulu round 3
ChatterBot Uniform round 3
ChatterBot Papa round 3
ChatterBot Juliett round 3
ChatterBot Lima round 3
ChatterBot Delta round 3
2024-10-14 19:44:07.349378 Romeo: We should replace Delta with Victor
ChatterBot Lima reevaluating
2024-10-14 19:44:07.356387 Uniform: No
2024-10-14 19:44:07.356533 Lima: No
ChatterBot Romeo reevaluating
ChatterBot Lima reevaluating
ChatterBot Romeo reevaluating
2024-10-14 19:44:07.393408 Lima: We should drop Victor
ChatterBot Romeo reevaluating
2024-10-14 19:44:07.402735 Uniform: Yes
2024-10-14 19:44:07.402942 Romeo: Yes
ChatterBot Romeo reevaluating
2024-10-14 19:44:07.420501 Charlie: X-ray and Zulu, sending you 4
2024-10-14 19:44:07.423670 Charlie: Victor, sending you 1
2024-10-14 19:44:07.424360 Zulu: X-ray, sending you 1
2024-10-14 19:44:07.425369 X-ray: Charlie, sending you 4
2024-10-14 19:44:07.425887 Uniform: Same as last round
2024-10-14 19:44:07.426696 Victor: X-ray and Papa, sending you 3
2024-10-14 19:44:07.428670 Charlie: Papa and Delta, sending you 3
2024-10-14 19:44:07.430087 Zulu: Charlie, Victor, Papa, Juliett and Delta, sending you 3
2024-10-14 19:44:07.430728 X-ray: Victor, Juliett and Delta, sending you 3
2024-10-14 19:44:07.431926 Victor: Charlie and Juliett, sending you 1
2024-10-14 19:44:07.432666 Charlie: Juliett, sending you 2
2024-10-14 19:44:07.434950 X-ray: Zulu and Papa, sending you 2
2024-10-14 19:44:07.435554 Victor: Zulu and Delta, sending you 4
2024-10-14 19:44:07.436703 Juliett: X-ray, sending you 5
2024-10-14 19:44:07.438657 Delta: X-ray, Charlie and Victor, sending you 3
2024-10-14 19:44:07.440677 Juliett: Charlie, sending you 2
2024-10-14 19:44:07.441880 Papa: X-ray, Zulu and Delta, sending you 2
2024-10-14 19:44:07.442676 Lima: Romeo, sending you 7
2024-10-14 19:44:07.443683 Delta: Zulu and Papa, sending you 2
2024-10-14 19:44:07.444677 Juliett: Victor, sending you 1
2024-10-14 19:44:07.445684 Lima: Uniform, sending you 10
2024-10-14 19:44:07.447290 Papa: Charlie, Victor and Juliett, sending you 3
2024-10-14 19:44:07.448023 Delta: Juliett, sending you 4
2024-10-14 19:44:07.450658 Juliett: Zulu, Papa and Delta, sending you 3
2024-10-14 19:44:07.451930 Romeo: Uniform and Delta, sending you 3
2024-10-14 19:44:07.455732 Romeo: Lima, sending you 2
chatterbot Uniform submitting transactions
chatterbot Lima submitting transactions
chatterbot Charlie submitting transactions
chatterbot Juliett submitting transactions
chatterbot Papa submitting transactions
chatterbot Zulu submitting transactions
chatterbot X-ray submitting transactions
chatterbot Delta submitting transactions
chatterbot Romeo submitting transactions
chatterbot Victor submitting transactions
ChatterBot X-ray round 4
ChatterBot Romeo round 4
ChatterBot Charlie round 4
ChatterBot Victor round 4
ChatterBot Zulu round 4
ChatterBot Uniform round 4
ChatterBot Papa round 4
ChatterBot Juliett round 4
ChatterBot Lima round 4
ChatterBot Delta round 4
2024-10-14 19:44:08.643657 Charlie: X-ray, sending you 5
2024-10-14 19:44:08.645726 X-ray: Charlie and Juliett, sending you 4
2024-10-14 19:44:08.646809 Charlie: Victor, sending you 1
2024-10-14 19:44:08.651648 X-ray: Victor and Delta, sending you 3
2024-10-14 19:44:08.652122 Charlie: Zulu, Papa and Delta, sending you 3
2024-10-14 19:44:08.652521 Delta: X-ray, Charlie, Victor, Zulu and Juliett, sending you 3
2024-10-14 19:44:08.654651 Victor: X-ray and Delta, sending you 4
2024-10-14 19:44:08.655931 X-ray: Zulu, sending you 1
2024-10-14 19:44:08.656664 Charlie: Juliett, sending you 2
2024-10-14 19:44:08.657395 Delta: Papa, sending you 2
2024-10-14 19:44:08.658594 Papa: X-ray, sending you 2
2024-10-14 19:44:08.659190 Victor: Charlie and Juliett, sending you 1
2024-10-14 19:44:08.659800 Uniform: Same as last round
2024-10-14 19:44:08.660119 X-ray: Papa, sending you 2
2024-10-14 19:44:08.661698 Zulu: X-ray, sending you 1
2024-10-14 19:44:08.662406 Lima: Romeo, sending you 7
2024-10-14 19:44:08.662726 Papa: Charlie, Victor, Zulu and Juliett, sending you 3
2024-10-14 19:44:08.663681 Victor: Zulu and Papa, sending you 3
2024-10-14 19:44:08.664362 Romeo: Uniform and Lima, sending you 2
2024-10-14 19:44:08.664719 Zulu: Charlie, Victor, Papa, Juliett and Delta, sending you 3
2024-10-14 19:44:08.665691 Lima: Uniform, sending you 10
2024-10-14 19:44:08.666688 Juliett: X-ray, Zulu and Papa, sending you 3
2024-10-14 19:44:08.667324 Papa: Delta, sending you 1
2024-10-14 19:44:08.671658 Juliett: Charlie and Victor, sending you 2
2024-10-14 19:44:08.675687 Juliett: Delta, sending you 4
chatterbot X-ray submitting transactions
chatterbot Juliett submitting transactions
chatterbot Lima submitting transactions
chatterbot Victor submitting transactions
chatterbot Papa submitting transactions
chatterbot Zulu submitting transactions
chatterbot Uniform submitting transactions
chatterbot Charlie submitting transactions
chatterbot Romeo submitting transactions
chatterbot Delta submitting transactions
ChatterBot X-ray round 5
ChatterBot Romeo round 5
ChatterBot Charlie round 5
ChatterBot Victor round 5
2024-10-14 19:44:09.833565 Romeo: We should replace Delta with Juliett
2024-10-14 19:44:09.838810 Uniform: No
2024-10-14 19:44:09.838957 Lima: No
ChatterBot Romeo reevaluating
ChatterBot Romeo reevaluating
ChatterBot Zulu round 5
ChatterBot Uniform round 5
ChatterBot Papa round 5
ChatterBot Juliett round 5
ChatterBot Lima round 5
ChatterBot Delta round 5
2024-10-14 19:44:09.879661 X-ray: Charlie, sending you 4
2024-10-14 19:44:09.884670 X-ray: Victor, Juliett and Delta, sending you 3
2024-10-14 19:44:09.885679 Victor: X-ray, Zulu and Papa, sending you 3
2024-10-14 19:44:09.886848 Charlie: X-ray, Zulu and Delta, sending you 4
2024-10-14 19:44:09.887707 X-ray: Zulu and Papa, sending you 2
2024-10-14 19:44:09.891675 Victor: Charlie and Juliett, sending you 1
2024-10-14 19:44:09.892662 Charlie: Victor, sending you 1
2024-10-14 19:44:09.893665 Papa: X-ray, sending you 2
2024-10-14 19:44:09.894675 Lima: Romeo, sending you 7
2024-10-14 19:44:09.895666 Victor: Delta, sending you 5
2024-10-14 19:44:09.896695 Papa: Charlie, Victor, Zulu and Juliett, sending you 3
2024-10-14 19:44:09.897652 Charlie: Papa, sending you 3
2024-10-14 19:44:09.898113 Juliett: X-ray, sending you 4
2024-10-14 19:44:09.898669 Zulu: X-ray, sending you 1
2024-10-14 19:44:09.899239 Uniform: Same as last round
2024-10-14 19:44:09.899661 Lima: Uniform, sending you 10
2024-10-14 19:44:09.900192 Romeo: Uniform and Lima, sending you 2
2024-10-14 19:44:09.901663 Papa: Delta, sending you 1
2024-10-14 19:44:09.902664 Charlie: Juliett, sending you 2
2024-10-14 19:44:09.903510 Juliett: Charlie and Victor, sending you 2
2024-10-14 19:44:09.904148 Zulu: Charlie, Victor, Papa, Juliett and Delta, sending you 3
2024-10-14 19:44:09.907654 Juliett: Zulu, Papa and Delta, sending you 3
2024-10-14 19:44:09.910679 Delta: X-ray, Charlie, Victor, Zulu and Juliett, sending you 3
2024-10-14 19:44:09.915677 Delta: Papa, sending you 2
chatterbot Zulu submitting transactions
chatterbot Charlie submitting transactions
chatterbot Uniform submitting transactions
chatterbot Lima submitting transactions
chatterbot Juliett submitting transactions
chatterbot Delta submitting transactions
chatterbot Papa submitting transactions
chatterbot Victor submitting transactions
chatterbot Romeo submitting transactions
chatterbot X-ray submitting transactions
ChatterBot X-ray round 6
ChatterBot Romeo round 6
ChatterBot Charlie round 6
ChatterBot Victor round 6
ChatterBot Zulu round 6
ChatterBot Uniform round 6
ChatterBot Papa round 6
ChatterBot Juliett round 6
ChatterBot Lima round 6
2024-10-14 19:44:11.088495 Romeo: We should replace Delta with Juliett
2024-10-14 19:44:11.095902 Uniform: No
2024-10-14 19:44:11.096051 Lima: No
ChatterBot Romeo reevaluating
ChatterBot Romeo reevaluating
ChatterBot Delta round 6
2024-10-14 19:44:11.126782 Romeo: Juliett we want you to join our group
2024-10-14 19:44:11.129180 Juliett: No
ChatterBot Romeo reevaluating
2024-10-14 19:44:11.136088 Romeo: We should replace Delta with Zulu
2024-10-14 19:44:11.140584 Uniform: No
2024-10-14 19:44:11.140753 Lima: No
ChatterBot Romeo reevaluating
ChatterBot Romeo reevaluating
2024-10-14 19:44:11.152673 Papa: X-ray, sending you 2
2024-10-14 19:44:11.153377 Charlie: X-ray, sending you 5
2024-10-14 19:44:11.153988 Zulu: X-ray, sending you 1
2024-10-14 19:44:11.154663 X-ray: Charlie, sending you 5
2024-10-14 19:44:11.155174 Juliett: X-ray, sending you 4
2024-10-14 19:44:11.155660 Victor: X-ray, Zulu and Papa, sending you 3
2024-10-14 19:44:11.156517 Lima: Romeo, sending you 7
2024-10-14 19:44:11.156822 Papa: Charlie, Victor, Zulu and Juliett, sending you 3
2024-10-14 19:44:11.157423 Zulu: Charlie, Victor, Papa, Juliett and Delta, sending you 3
2024-10-14 19:44:11.158709 Charlie: Victor, sending you 1
2024-10-14 19:44:11.159563 X-ray: Victor, Juliett and Delta, sending you 3
2024-10-14 19:44:11.160665 Juliett: Charlie and Victor, sending you 2
2024-10-14 19:44:11.161708 Victor: Charlie, sending you 1
2024-10-14 19:44:11.162460 Lima: Uniform, sending you 10
2024-10-14 19:44:11.162791 Delta: X-ray, Charlie, Victor, Zulu and Juliett, sending you 3
2024-10-14 19:44:11.163496 Papa: Delta, sending you 1
2024-10-14 19:44:11.164522 Charlie: Zulu and Papa, sending you 3
2024-10-14 19:44:11.165127 X-ray: Zulu, sending you 1
2024-10-14 19:44:11.165858 Victor: Juliett, sending you 2
2024-10-14 19:44:11.166465 Delta: Papa, sending you 2
2024-10-14 19:44:11.167790 Juliett: Zulu, Papa and Delta, sending you 3
2024-10-14 19:44:11.168417 Charlie: Juliett, sending you 2
2024-10-14 19:44:11.169244 X-ray: Papa, sending you 2
2024-10-14 19:44:11.170036 Uniform: Same as last round
2024-10-14 19:44:11.170672 Victor: Delta, sending you 4
2024-10-14 19:44:11.173657 Charlie: Delta, sending you 4
2024-10-14 19:44:11.177656 Romeo: Uniform and Lima, sending you 2
chatterbot Juliett submitting transactions
chatterbot Romeo submitting transactions
chatterbot Victor submitting transactions
chatterbot Zulu submitting transactions
chatterbot Charlie submitting transactions
chatterbot X-ray submitting transactions
chatterbot Delta submitting transactions
chatterbot Uniform submitting transactions
chatterbot Papa submitting transactions
chatterbot Lima submitting transactions
ChatterBot X-ray round 7
ChatterBot Romeo round 7
2024-10-14 19:44:12.375833 Romeo: We should replace Delta with Papa
2024-10-14 19:44:12.380030 Uniform: No
2024-10-14 19:44:12.380192 Lima: No
ChatterBot Charlie round 7
ChatterBot Victor round 7
ChatterBot Zulu round 7
ChatterBot Uniform round 7
ChatterBot Papa round 7
ChatterBot Juliett round 7
ChatterBot Lima round 7
ChatterBot Delta round 7
2024-10-14 19:44:12.392818 Romeo: Papa we want you to join our group
2024-10-14 19:44:12.395043 Papa: No
ChatterBot Romeo reevaluating
2024-10-14 19:44:12.426657 X-ray: Charlie and Juliett, sending you 4
2024-10-14 19:44:12.430653 Romeo: Uniform and Lima, sending you 2
2024-10-14 19:44:12.431687 X-ray: Victor and Delta, sending you 3
2024-10-14 19:44:12.435651 X-ray: Zulu, sending you 1
2024-10-14 19:44:12.437688 Uniform: Same as last round
2024-10-14 19:44:12.438715 Victor: X-ray, Zulu and Papa, sending you 3
2024-10-14 19:44:12.439478 Charlie: X-ray, sending you 6
2024-10-14 19:44:12.440111 X-ray: Papa, sending you 2
2024-10-14 19:44:12.440781 Juliett: X-ray, sending you 4
2024-10-14 19:44:12.441438 Zulu: X-ray, sending you 1
2024-10-14 19:44:12.442077 Lima: Romeo, sending you 7
2024-10-14 19:44:12.442379 Victor: Charlie, sending you 1
2024-10-14 19:44:12.443665 Charlie: Victor, sending you 1
2024-10-14 19:44:12.444356 Delta: X-ray, Charlie, Victor, Zulu and Juliett, sending you 3
2024-10-14 19:44:12.445377 Juliett: Charlie and Victor, sending you 2
2024-10-14 19:44:12.446658 Zulu: Charlie, Victor, Papa, Juliett and Delta, sending you 3
2024-10-14 19:44:12.447364 Papa: X-ray, sending you 2
2024-10-14 19:44:12.448126 Lima: Uniform, sending you 10
2024-10-14 19:44:12.448435 Victor: Juliett, sending you 2
2024-10-14 19:44:12.449207 Charlie: Zulu, Papa and Delta, sending you 3
2024-10-14 19:44:12.450 Delta: Papa, sending you 2
2024-10-14 19:44:12.450820 Juliett: Zulu, Papa and Delta, sending you 3
2024-10-14 19:44:12.451688 Papa: Charlie, Victor, Zulu and Juliett, sending you 3
2024-10-14 19:44:12.452619 Victor: Delta, sending you 4
2024-10-14 19:44:12.454665 Charlie: Juliett, sending you 2
2024-10-14 19:44:12.455702 Papa: Delta, sending you 1
chatterbot Juliett submitting transactions
chatterbot Charlie submitting transactions
chatterbot Zulu submitting transactions
chatterbot Romeo submitting transactions
chatterbot Victor submitting transactions
chatterbot Uniform submitting transactions
chatterbot Delta submitting transactions
chatterbot X-ray submitting transactions
chatterbot Lima submitting transactions
chatterbot Papa submitting transactions
ChatterBot X-ray round 8
ChatterBot Romeo round 8
ChatterBot Charlie round 8
ChatterBot Victor round 8
2024-10-14 19:44:13.548871 Romeo: We should replace Delta with Zulu
2024-10-14 19:44:13.553737 Uniform: No
2024-10-14 19:44:13.553907 Lima: No
ChatterBot Romeo reevaluating
ChatterBot Romeo reevaluating
ChatterBot Zulu round 8
ChatterBot Uniform round 8
ChatterBot Papa round 8
ChatterBot Juliett round 8
ChatterBot Lima round 8
ChatterBot Delta round 8
2024-10-14 19:44:13.576512 Romeo: We should replace Delta with Papa
2024-10-14 19:44:13.581753 Uniform: No
2024-10-14 19:44:13.581933 Lima: No
ChatterBot Romeo reevaluating
ChatterBot Romeo reevaluating
2024-10-14 19:44:13.613419 Romeo: We should drop Delta
2024-10-14 19:44:13.618803 Uniform: Yes
2024-10-14 19:44:13.619319 Lima: Yes
ChatterBot Romeo reevaluating
ChatterBot Romeo reevaluating
2024-10-14 19:44:13.629407 Victor: X-ray, Zulu and Papa, sending you 3
2024-10-14 19:44:13.632668 Victor: Charlie, sending you 1
2024-10-14 19:44:13.633837 Papa: X-ray, sending you 1
2024-10-14 19:44:13.635553 Charlie: X-ray, sending you 6
2024-10-14 19:44:13.636572 X-ray: Charlie, sending you 5
2024-10-14 19:44:13.637999 Zulu: X-ray, sending you 1
2024-10-14 19:44:13.638715 Uniform: Same as last round
2024-10-14 19:44:13.639017 Juliett: X-ray, sending you 4
2024-10-14 19:44:13.639641 Romeo: Zulu we want you to join our group
2024-10-14 19:44:13.642074 Zulu: No
ChatterBot Romeo reevaluating
2024-10-14 19:44:13.648843 Delta: X-ray, Charlie, Victor, Zulu and Juliett, sending you 3
2024-10-14 19:44:13.649962 Victor: Juliett, sending you 2
2024-10-14 19:44:13.650634 Papa: Charlie, Victor, Zulu and Juliett, sending you 3
2024-10-14 19:44:13.651269 Charlie: Victor, sending you 1
2024-10-14 19:44:13.652247 X-ray: Victor, Juliett and Delta, sending you 3
2024-10-14 19:44:13.652853 Zulu: Charlie, Victor, Papa, Juliett and Delta, sending you 3
2024-10-14 19:44:13.653455 Juliett: Charlie and Victor, sending you 2
2024-10-14 19:44:13.654121 Delta: Papa, sending you 2
2024-10-14 19:44:13.655037 Victor: Delta, sending you 4
2024-10-14 19:44:13.655624 Charlie: Zulu, Papa and Delta, sending you 3
2024-10-14 19:44:13.656188 Papa: Delta, sending you 2
2024-10-14 19:44:13.656822 X-ray: Zulu, sending you 1
2024-10-14 19:44:13.657420 Juliett: Zulu, Papa and Delta, sending you 3
2024-10-14 19:44:13.658487 Lima: Romeo, sending you 7
2024-10-14 19:44:13.659688 X-ray: Papa, sending you 2
2024-10-14 19:44:13.660672 Charlie: Juliett, sending you 2
2024-10-14 19:44:13.661817 Lima: Uniform, sending you 10
2024-10-14 19:44:13.681664 Romeo: Zulu, sending you 3
2024-10-14 19:44:13.686677 Romeo: Uniform, sending you 2
2024-10-14 19:44:13.691664 Romeo: Lima, sending you 1
chatterbot Zulu submitting transactions
chatterbot Lima submitting transactions
chatterbot Uniform submitting transactions
chatterbot Juliett submitting transactions
chatterbot Delta submitting transactions
chatterbot Romeo submitting transactions
chatterbot Victor submitting transactions
chatterbot X-ray submitting transactions
chatterbot Charlie submitting transactions
chatterbot Papa submitting transactions
ChatterBot X-ray round 9
ChatterBot Romeo round 9
2024-10-14 19:44:14.746374 Romeo: We should replace Zulu with Papa
2024-10-14 19:44:14.751749 Uniform: No
2024-10-14 19:44:14.751916 Lima: No
ChatterBot Charlie round 9
ChatterBot Victor round 9
ChatterBot Zulu round 9
ChatterBot Uniform round 9
ChatterBot Papa round 9
ChatterBot Juliett round 9
ChatterBot Lima round 9
ChatterBot Delta round 9
2024-10-14 19:44:14.766215 Romeo: Papa we want you to join our group
2024-10-14 19:44:14.768934 Papa: No
ChatterBot Romeo reevaluating
ChatterBot Lima reevaluating
2024-10-14 19:44:14.777643 Lima: We would work well together
2024-10-14 19:44:14.792774 X-ray: No
2024-10-14 19:44:14.792918 Charlie: No
2024-10-14 19:44:14.793036 Victor: No
2024-10-14 19:44:14.793136 Zulu: No
2024-10-14 19:44:14.793235 Papa: No
2024-10-14 19:44:14.793770 Juliett: No
2024-10-14 19:44:14.793879 Delta: No
ChatterBot Lima reevaluating
ChatterBot Lima reevaluating
ChatterBot Lima reevaluating
ChatterBot Lima reevaluating
ChatterBot Lima reevaluating
ChatterBot Lima reevaluating
ChatterBot Lima reevaluating
2024-10-14 19:44:14.907997 Romeo: We should drop Zulu
ChatterBot Lima reevaluating
2024-10-14 19:44:14.912475 Uniform: Yes
2024-10-14 19:44:14.912605 Lima: Yes
ChatterBot Romeo reevaluating
ChatterBot Lima reevaluating
ChatterBot Romeo reevaluating
2024-10-14 19:44:14.928679 X-ray: Charlie, sending you 5
2024-10-14 19:44:14.932671 Uniform: Same as last round
2024-10-14 19:44:14.933955 Zulu: X-ray, sending you 1
2024-10-14 19:44:14.935056 X-ray: Victor and Delta, sending you 3
2024-10-14 19:44:14.936678 Charlie: X-ray, sending you 6
2024-10-14 19:44:14.937877 Zulu: Charlie, Victor, Papa, Juliett and Delta, sending you 3
2024-10-14 19:44:14.939282 Juliett: X-ray, sending you 4
2024-10-14 19:44:14.940184 X-ray: Papa, sending you 2
2024-10-14 19:44:14.941657 Charlie: Victor, sending you 1
2024-10-14 19:44:14.943689 Victor: X-ray, Zulu and Papa, sending you 3
2024-10-14 19:44:14.944710 Juliett: Charlie and Victor, sending you 2
2024-10-14 19:44:14.945696 Delta: X-ray, Charlie, Victor, Zulu and Juliett, sending you 3
2024-10-14 19:44:14.946653 Charlie: Zulu, Papa and Delta, sending you 3
2024-10-14 19:44:14.947661 X-ray: Juliett, sending you 4
2024-10-14 19:44:14.948592 Papa: X-ray, sending you 2
2024-10-14 19:44:14.949882 Lima: X-ray and Victor, sending you 2
2024-10-14 19:44:14.950460 Victor: Charlie, sending you 1
2024-10-14 19:44:14.951296 Juliett: Zulu, Papa and Delta, sending you 3
2024-10-14 19:44:14.952070 Delta: Papa, sending you 2
2024-10-14 19:44:14.952880 Charlie: Juliett, sending you 2
2024-10-14 19:44:14.954257 Romeo: Uniform, sending you 2
2024-10-14 19:44:14.954655 Papa: Charlie, Victor, Zulu and Juliett, sending you 3
2024-10-14 19:44:14.955576 Lima: Charlie, Zulu, Papa and Juliett, sending you 3
2024-10-14 19:44:14.956183 Victor: Juliett, sending you 2
2024-10-14 19:44:14.957665 Romeo: Papa, sending you 3
2024-10-14 19:44:14.959656 Papa: Delta, sending you 1
2024-10-14 19:44:14.960658 Lima: Delta, sending you 1
2024-10-14 19:44:14.961128 Victor: Delta, sending you 4
2024-10-14 19:44:14.961848 Romeo: Lima, sending you 1
chatterbot X-ray submitting transactions
chatterbot Uniform submitting transactions
chatterbot Papa submitting transactions
chatterbot Romeo submitting transactions
chatterbot Juliett submitting transactions
chatterbot Charlie submitting transactions
chatterbot Zulu submitting transactions
chatterbot Delta submitting transactions
chatterbot Victor submitting transactions
chatterbot Lima submitting transactions
ChatterBot X-ray round 10
ChatterBot Romeo round 10
ChatterBot Charlie round 10
ChatterBot Victor round 10
ChatterBot Zulu round 10
ChatterBot Uniform round 10
ChatterBot Papa round 10
ChatterBot Juliett round 10
ChatterBot Lima round 10
ChatterBot Delta round 10
2024-10-14 19:44:16.162593 Romeo: We should drop Papa
ChatterBot Lima reevaluating
2024-10-14 19:44:16.173180 Uniform: Yes
2024-10-14 19:44:16.173382 Lima: Yes
ChatterBot Lima reevaluating
2024-10-14 19:44:16.189754 X-ray: Charlie, sending you 5
2024-10-14 19:44:16.194658 X-ray: Victor and Delta, sending you 3
2024-10-14 19:44:16.196689 Papa: X-ray, sending you 2
2024-10-14 19:44:16.200700 X-ray: Papa, sending you 2
2024-10-14 19:44:16.203670 Papa: Charlie, Victor, Zulu and Juliett, sending you 3
2024-10-14 19:44:16.205744 Victor: X-ray, Zulu and Papa, sending you 3
2024-10-14 19:44:16.206662 Delta: X-ray, Charlie, Victor, Zulu and Juliett, sending you 3
2024-10-14 19:44:16.207590 Charlie: X-ray, sending you 6
2024-10-14 19:44:16.209262 X-ray: Juliett, sending you 4
2024-10-14 19:44:16.210204 Papa: Delta, sending you 1
2024-10-14 19:44:16.211471 Delta: Papa, sending you 2
2024-10-14 19:44:16.212334 Victor: Charlie, sending you 1
2024-10-14 19:44:16.213566 Romeo: Uniform, sending you 2
2024-10-14 19:44:16.213896 Zulu: X-ray, sending you 1
2024-10-14 19:44:16.214735 Uniform: Same as last round
2024-10-14 19:44:16.215051 Juliett: X-ray, sending you 4
2024-10-14 19:44:16.216177 Charlie: Victor, sending you 1
2024-10-14 19:44:16.217167 Lima: Romeo, sending you 7
2024-10-14 19:44:16.217525 Victor: Juliett, sending you 2
2024-10-14 19:44:16.218968 Romeo: Lima, sending you 1
2024-10-14 19:44:16.219279 Zulu: Charlie, Victor, Papa, Juliett and Delta, sending you 3
2024-10-14 19:44:16.220636 Charlie: Zulu, Papa and Delta, sending you 3
2024-10-14 19:44:16.221634 Juliett: Charlie and Victor, sending you 2
2024-10-14 19:44:16.222633 Lima: Uniform, sending you 10
2024-10-14 19:44:16.222960 Victor: Delta, sending you 4
2024-10-14 19:44:16.225932 Charlie: Juliett, sending you 2
2024-10-14 19:44:16.227334 Juliett: Zulu, Papa and Delta, sending you 3
chatterbot Romeo submitting transactions
chatterbot Charlie submitting transactions
chatterbot Lima submitting transactions
chatterbot Zulu submitting transactions
chatterbot Delta submitting transactions
chatterbot Juliett submitting transactions
chatterbot Papa submitting transactions
chatterbot Victor submitting transactions
chatterbot Uniform submitting transactions
chatterbot X-ray submitting transactions
ChatterBot X-ray round 11
ChatterBot Romeo round 11
ChatterBot Charlie round 11
ChatterBot Victor round 11
ChatterBot Zulu round 11
ChatterBot Uniform round 11
ChatterBot Papa round 11
ChatterBot Juliett round 11
ChatterBot Lima round 11
ChatterBot Delta round 11
2024-10-14 19:44:17.393181 Romeo: We should add Juliett
ChatterBot Lima reevaluating
2024-10-14 19:44:17.400003 Uniform: No
2024-10-14 19:44:17.400163 Lima: Yes
ChatterBot Romeo reevaluating
ChatterBot Lima reevaluating
ChatterBot Romeo reevaluating
2024-10-14 19:44:17.428684 Romeo: Juliett we want you to join our group
2024-10-14 19:44:17.431778 Juliett: No
ChatterBot Romeo reevaluating
2024-10-14 19:44:17.444232 Victor: X-ray, sending you 4
2024-10-14 19:44:17.445795 X-ray: Charlie, sending you 5
2024-10-14 19:44:17.449703 Victor: Charlie, sending you 1
2024-10-14 19:44:17.451308 Papa: X-ray, sending you 2
2024-10-14 19:44:17.453507 X-ray: Victor and Delta, sending you 3
2024-10-14 19:44:17.454757 Uniform: Same as last round
2024-10-14 19:44:17.455463 Charlie: X-ray, sending you 6
2024-10-14 19:44:17.457775 Juliett: X-ray, sending you 4
2024-10-14 19:44:17.459046 Zulu: X-ray, sending you 1
2024-10-14 19:44:17.460486 Victor: Zulu, Papa and Delta, sending you 3
2024-10-14 19:44:17.462905 Papa: Charlie, Victor, Zulu and Juliett, sending you 3
2024-10-14 19:44:17.465091 X-ray: Papa, sending you 2
2024-10-14 19:44:17.467381 Charlie: Victor, sending you 1
2024-10-14 19:44:17.468730 Juliett: Charlie and Victor, sending you 2
2024-10-14 19:44:17.471010 Zulu: Charlie, Victor, Papa, Juliett and Delta, sending you 3
2024-10-14 19:44:17.472348 Victor: Juliett, sending you 2
2024-10-14 19:44:17.475340 Delta: X-ray, Charlie, Victor, Zulu and Juliett, sending you 3
2024-10-14 19:44:17.477502 Lima: X-ray and Victor, sending you 2
2024-10-14 19:44:17.480221 Papa: Delta, sending you 1
2024-10-14 19:44:17.482033 X-ray: Juliett, sending you 4
2024-10-14 19:44:17.484313 Charlie: Zulu, Papa and Delta, sending you 3
2024-10-14 19:44:17.485796 Juliett: Zulu, Papa and Delta, sending you 3
2024-10-14 19:44:17.488343 Romeo: Sending you each 1
2024-10-14 19:44:17.489078 Delta: Papa, sending you 2
2024-10-14 19:44:17.491456 Lima: Charlie, Zulu, Papa and Juliett, sending you 3
2024-10-14 19:44:17.492258 Charlie: Juliett, sending you 2
2024-10-14 19:44:17.496987 Lima: Delta, sending you 1
chatterbot Charlie submitting transactions
chatterbot X-ray submitting transactions
chatterbot Papa submitting transactions
chatterbot Romeo submitting transactions
chatterbot Victor submitting transactions
chatterbot Juliett submitting transactions
chatterbot Zulu submitting transactions
chatterbot Lima submitting transactions
chatterbot Uniform submitting transactions
chatterbot Delta submitting transactions
ChatterBot X-ray round 12
ChatterBot Romeo round 12
ChatterBot Charlie round 12
ChatterBot Victor round 12
ChatterBot Zulu round 12
ChatterBot Uniform round 12
ChatterBot Papa round 12
ChatterBot Juliett round 12
ChatterBot Lima round 12
ChatterBot Delta round 12
2024-10-14 19:44:18.609177 Uniform: We should drop Romeo
ChatterBot Lima reevaluating
2024-10-14 19:44:18.613909 Lima: Yes
2024-10-14 19:44:18.626677 Victor: X-ray, sending you 4
2024-10-14 19:44:18.628938 X-ray: Charlie, sending you 5
2024-10-14 19:44:18.631952 Romeo: Same as last round
2024-10-14 19:44:18.632477 Victor: Charlie, sending you 1
2024-10-14 19:44:18.634560 X-ray: Victor and Delta, sending you 3
2024-10-14 19:44:18.637018 Charlie: X-ray, sending you 6
2024-10-14 19:44:18.639529 Victor: Zulu, Papa and Delta, sending you 3
2024-10-14 19:44:18.641449 X-ray: Papa, sending you 2
2024-10-14 19:44:18.643106 Uniform: Sending you 13
2024-10-14 19:44:18.643374 Zulu: X-ray, sending you 1
2024-10-14 19:44:18.644733 Charlie: Victor, sending you 1
2024-10-14 19:44:18.645564 Lima: Charlie, sending you 3
2024-10-14 19:44:18.646833 Victor: Juliett, sending you 2
2024-10-14 19:44:18.647875 Juliett: X-ray, sending you 4
2024-10-14 19:44:18.649157 X-ray: Juliett, sending you 4
2024-10-14 19:44:18.650530 Papa: X-ray, sending you 2
2024-10-14 19:44:18.651451 Zulu: Charlie, Victor, Papa, Juliett and Delta, sending you 3
2024-10-14 19:44:18.652573 Charlie: Zulu, Papa and Delta, sending you 3
2024-10-14 19:44:18.653709 Lima: Victor, sending you 2
2024-10-14 19:44:18.654200 Juliett: Charlie and Victor, sending you 2
2024-10-14 19:44:18.655852 Papa: Charlie, Victor, Zulu and Juliett, sending you 3
2024-10-14 19:44:18.657231 Delta: X-ray, Charlie, Victor, Zulu and Juliett, sending you 3
2024-10-14 19:44:18.658239 Lima: Zulu, Papa and Juliett, sending you 4
2024-10-14 19:44:18.659010 Charlie: Juliett, sending you 2
2024-10-14 19:44:18.660738 Juliett: Zulu, Papa and Delta, sending you 3
2024-10-14 19:44:18.661872 Delta: Papa, sending you 2
2024-10-14 19:44:18.663041 Papa: Delta, sending you 1
chatterbot Uniform submitting transactions
chatterbot Charlie submitting transactions
chatterbot Papa submitting transactions
chatterbot X-ray submitting transactions
chatterbot Juliett submitting transactions
chatterbot Victor submitting transactions
chatterbot Romeo submitting transactions
chatterbot Zulu submitting transactions
chatterbot Lima submitting transactions
chatterbot Delta submitting transactions
ChatterBot X-ray round 13
ChatterBot Romeo round 13
2024-10-14 19:44:19.822157 Romeo: We should add Charlie
ChatterBot Uniform reevaluating
2024-10-14 19:44:19.828470 Uniform: No
2024-10-14 19:44:19.828710 Lima: Yes
ChatterBot Romeo reevaluating
ChatterBot Uniform reevaluating
ChatterBot Romeo reevaluating
ChatterBot Charlie round 13
ChatterBot Victor round 13
ChatterBot Zulu round 13
ChatterBot Uniform round 13
ChatterBot Papa round 13
ChatterBot Juliett round 13
ChatterBot Lima round 13
ChatterBot Delta round 13
2024-10-14 19:44:19.852022 Romeo: We should add Juliett
ChatterBot Uniform reevaluating
2024-10-14 19:44:19.857934 Uniform: No
2024-10-14 19:44:19.858107 Lima: Yes
ChatterBot Romeo reevaluating
ChatterBot Lima reevaluating
ChatterBot Uniform reevaluating
ChatterBot Romeo reevaluating
2024-10-14 19:44:19.869469 Uniform: We should add Romeo
2024-10-14 19:44:19.870207 Romeo: We should add Victor
ChatterBot Lima reevaluating
ChatterBot Uniform reevaluating
2024-10-14 19:44:19.875688 Lima: Yes
ChatterBot Lima reevaluating
2024-10-14 19:44:19.878160 Uniform: No
2024-10-14 19:44:19.878283 Lima: No
ChatterBot Uniform reevaluating
ChatterBot Romeo reevaluating
ChatterBot Lima reevaluating
ChatterBot Romeo reevaluating
ChatterBot Uniform reevaluating
2024-10-14 19:44:19.897165 Romeo: We should add X-ray
ChatterBot Uniform reevaluating
ChatterBot Lima reevaluating
2024-10-14 19:44:19.906046 Uniform: Yes
2024-10-14 19:44:19.906198 Lima: Yes
ChatterBot Romeo reevaluating
ChatterBot Lima reevaluating
ChatterBot Uniform reevaluating
ChatterBot Romeo reevaluating
2024-10-14 19:44:19.941743 Victor: We should add Lima
ChatterBot X-ray reevaluating
2024-10-14 19:44:19.956565 Charlie: No
2024-10-14 19:44:19.957156 Juliett: No
2024-10-14 19:44:19.957302 Zulu: No
2024-10-14 19:44:19.957433 Delta: No
2024-10-14 19:44:19.957559 Papa: No
2024-10-14 19:44:19.957700 X-ray: Yes
ChatterBot Victor reevaluating
ChatterBot X-ray reevaluating
ChatterBot Victor reevaluating
ChatterBot X-ray reevaluating
ChatterBot Victor reevaluating
ChatterBot X-ray reevaluating
ChatterBot Victor reevaluating
ChatterBot X-ray reevaluating
ChatterBot Victor reevaluating
ChatterBot X-ray reevaluating
ChatterBot Victor reevaluating
2024-10-14 19:44:20.076040 Romeo: X-ray we want you to join our group
ChatterBot X-ray reevaluating
2024-10-14 19:44:20.080406 X-ray: No
ChatterBot Romeo reevaluating
2024-10-14 19:44:20.090239 Uniform: Romeo we want you to join our group
ChatterBot Romeo reevaluating
2024-10-14 19:44:20.094985 Romeo: Yes
2024-10-14 19:44:20.104699 Juliett: X-ray, sending you 4
2024-10-14 19:44:20.108947 Charlie: X-ray, sending you 6
2024-10-14 19:44:20.111942 Delta: X-ray, Charlie, Victor, Zulu and Juliett, sending you 3
2024-10-14 19:44:20.114334 Papa: X-ray, sending you 2
2024-10-14 19:44:20.116635 Juliett: Charlie and Victor, sending you 2
2024-10-14 19:44:20.118686 Charlie: Victor, sending you 1
2024-10-14 19:44:20.120711 Delta: Papa, sending you 2
2024-10-14 19:44:20.123388 Victor: X-ray, sending you 4
2024-10-14 19:44:20.125662 Papa: Charlie, Victor, Zulu and Juliett, sending you 3
2024-10-14 19:44:20.128277 Lima: Romeo, sending you 7
2024-10-14 19:44:20.128840 Zulu: X-ray, sending you 1
2024-10-14 19:44:20.130427 Juliett: Zulu, Papa and Delta, sending you 3
2024-10-14 19:44:20.132537 Charlie: Zulu, Papa and Delta, sending you 3
2024-10-14 19:44:20.134275 Uniform: Sending you each 7
2024-10-14 19:44:20.135110 Victor: Charlie, sending you 1
2024-10-14 19:44:20.138209 X-ray: Charlie, sending you 5
2024-10-14 19:44:20.140361 Papa: Delta, sending you 1
2024-10-14 19:44:20.142565 Lima: Uniform, sending you 10
2024-10-14 19:44:20.143529 Zulu: Charlie, Victor, Papa, Juliett and Delta, sending you 3
2024-10-14 19:44:20.145601 Charlie: Juliett, sending you 2
2024-10-14 19:44:20.147908 Victor: Zulu, Papa and Delta, sending you 3
2024-10-14 19:44:20.151165 X-ray: Victor and Delta, sending you 3
2024-10-14 19:44:20.153825 Romeo: X-ray, sending you 4
2024-10-14 19:44:20.155693 Victor: Juliett, sending you 2
2024-10-14 19:44:20.158319 X-ray: Papa, sending you 2
2024-10-14 19:44:20.161260 Romeo: Uniform and Lima, sending you 1
2024-10-14 19:44:20.165034 X-ray: Juliett, sending you 4
chatterbot Delta submitting transactions
chatterbot Papa submitting transactions
chatterbot X-ray submitting transactions
chatterbot Juliett submitting transactions
chatterbot Lima submitting transactions
